period,mktsize,entries,exits,surviv,entryrate,exitrate,survivrate,firms,totresinv,totinninv,totimiinv,costshareinn,firmsres,firmsinn,firmsimi,hindex,div,gini,pcm,cs,totprofits,ts,maxage,minage,avgage,actfirms,inactfirms,profitablefirms,wmc,avgproxopt,price,totoutput,avgoutput,magtechshock
1,4,40,23,17,1.0,0.575,0.42500000000000004,40,0,0,0,0,0,0,0,375.462535480517,0.4989850427350427,0.0829281316748336,0.16302816802451897,118917.75586613317,2329.8324262302917,121247.58829236346,0,0,0.0,33,7,17,47.002737990534825,0.5123106060606061,56.158088235294116,975.3676470588231,29.556595365418882,0
2,4,26,25,18,0.6046511627906976,0.5813953488372093,0.41860465116279066,43,600,500,100,0.8333333333333334,7,5,2,296.496556928039,0.4978313030638612,-0.07734137897275717,0.13959378436990372,122456.25645661153,-1338.4283172635492,121117.82813934798,1,0,0.3953488372093023,43,0,12,45.22021303737721,0.5319767441860466,52.55681818181818,989.772727272727,23.017970401691326,0
3,4,17,13,22,0.4857142857142857,0.37142857142857144,0.6285714285714286,35,400,300,100,0.75,5,3,2,377.0814119359247,0.49198179271708686,0.017713354832275208,0.18267405040458468,123672.5247020745,2326.9220464677355,125999.44674854224,2,0,0.8571428571428571,35,0,17,41.954173454347995,0.5577380952380953,51.331018518518505,994.6759259259238,28.41931216931211,0
4,4,12,15,19,0.35294117647058826,0.4411764705882353,0.5588235294117647,34,600,400,200,0.6666666666666666,8,4,4,348.143385091662,0.4865010398098633,-0.010165517724043616,0.17469523293704003,125148.85381235834,1913.9491213152041,127062.80293367355,3,0,1.2941176470588236,34,0,16,41.14242514376365,0.5750612745098039,49.85119047619048,1000.5952380952386,29.42927170868349,0
5,4,7,6,20,0.2692307692307692,0.23076923076923078,0.7692307692307692,26,750,600,150,0.8,9,6,3,426.26443534971764,0.4857371794871795,-0.02652827896673715,0.20905406134577267,124191.12761488339,5387.652177640598,129578.77979252399,4,0,1.9615384615384615,26,0,19,40.18810961449141,0.5877403846153846,50.81018518518518,996.7592592592591,38.33689458689458,0
6,4,12,7,25,0.375,0.21875,0.78125,32,600,600,0,1.0,6,6,0,354.35184016125777,0.483408938172043,-0.03417650012553353,0.18353489978703366,126456.23692735427,2562.0000510151913,129018.23697836946,5,0,2.09375,32,0,15,39.637731190894634,0.5930989583333333,48.54797979797979,1005.8080808080801,31.431502525252505,0
7,4,2,4,23,0.07407407407407407,0.14814814814814814,0.8518518518518519,27,1100,700,400,0.6363636363636364,15,7,8,401.51326463556546,0.478988603988604,0.03198453495013376,0.20513677702289812,125894.45153061229,4709.658446712027,130604.10997732432,6,0,3.4074074074074074,27,0,21,39.03346184262555,0.6018518518518519,49.10714285714286,1003.571428571429,37.169312169312185,0
8,4,3,3,23,0.11538461538461539,0.11538461538461539,0.8846153846153846,26,750,500,250,0.6666666666666666,10,5,5,446.1737625399991,0.47996794871794873,0.027805888585953786,0.21921891100919644,124268.04995903824,5889.028682746533,130157.07864178477,7,0,3.8076923076923075,26,0,19,39.61138626631585,0.5885416666666667,50.733024691358025,997.0679012345678,38.34876543209876,8
9,4,2,0,25,0.08,0.0,1.0,25,900,800,100,0.8888888888888888,10,8,2,468.3798548756423,0.4801388888888889,0.010062893081761004,0.22567393007644573,123442.38281249991,6563.585069444431,130005.96788194435,8,0,4.52,25,0,21,39.92618798043326,0.58375,51.56249999999999,993.7499999999993,39.74999999999997,8
10,4,4,3,26,0.13793103448275862,0.10344827586206896,0.896551724137931,29,850,600,250,0.7058823529411765,11,6,5,417.70629488649945,0.48173234811165844,-0.006903263230055634,0.2076407311070206,124757.0625964506,4622.362075617289,129379.4246720679,9,0,4.758620689655173,29,0,17,39.810550766949376,0.5836925287356323,50.24305555555556,999.0277777777776,34.44923371647509,0
11,4,3,3,26,0.10344827586206896,0.10344827586206896,0.896551724137931,29,1000,600,400,0.6,14,6,8,408.5365769588586,0.4812192118226601,-0.0019786405749930847,0.20622074424186856,125395.42717416438,4445.960020817737,129841.38719498212,10,0,5.344827586206897,28,1,18,39.375328742887184,0.5933779761904762,49.604885057471265,1001.5804597701151,35.77073070607554,0
12,4,3,3,26,0.10344827586206896,0.10344827586206896,0.896551724137931,29,600,400,200,0.6666666666666666,8,4,4,403.75475529472936,0.4813218390804597,-0.004761693068378037,0.20558803404175818,125755.44831302021,4354.872052120491,130110.32036514071,11,0,5.931034482758621,28,1,20,39.121365133934965,0.5970982142857143,49.24568965517241,1003.0172413793103,35.82204433497537,0
13,4,2,2,26,0.07142857142857142,0.07142857142857142,0.9285714285714286,28,800,600,200,0.75,10,6,4,402.3691052151303,0.4791391093474427,-0.011114404267931643,0.20632117948265197,126043.83680555563,4543.2291666666715,130587.0659722223,12,0,6.535714285714286,28,0,22,38.857192254495146,0.6000744047619048,48.958333333333336,1004.1666666666673,35.86309523809526,0
14,4,2,0,28,0.07142857142857142,0.0,1.0,28,850,400,450,0.47058823529411764,13,4,9,397.15278646045635,0.4771274250440917,-0.03317128967686567,0.20454245865275641,126224.24734112833,4426.062310080595,130650.30965120893,13,0,6.892857142857143,28,0,24,38.8014131160042,0.6019345238095238,48.77873563218391,1004.8850574712646,35.888752052545165,0
15,4,2,2,28,0.06666666666666667,0.06666666666666667,0.9333333333333333,30,700,500,200,0.7142857142857143,9,5,4,373.9932142302941,0.4764846743295019,-0.034729261136302925,0.19609798044047186,126956.52134639847,3496.1754971673095,130452.69684356578,14,0,7.366666666666666,30,0,22,38.62835645060904,0.6034722222222222,48.05107526881721,1007.7956989247316,33.59318996415772,0
16,4,0,2,26,0.0,0.07142857142857142,0.9285714285714286,28,1000,600,400,0.6,14,6,8,398.1917762609203,0.47508818342151676,-0.017734833659491356,0.2076285690503372,126730.08323424512,4492.575389747679,131222.6586239928,15,1,8.821428571428571,28,0,22,38.252413907914764,0.6071428571428572,48.27586206896553,1006.8965517241393,35.960591133004975,0
17,4,2,2,26,0.07142857142857142,0.07142857142857142,0.9285714285714286,28,1350,900,450,0.6666666666666666,18,9,9,399.6667697276454,0.4742339065255732,-0.016079313081164726,0.21082347034243407,127200.69372192488,4567.578073391454,131768.27179531634,16,0,9.25,28,0,24,37.72966813844183,0.6119791666666667,47.808908045977006,1008.7643678160913,36.02729885057469,0
18,4,4,6,24,0.13333333333333333,0.2,0.8,30,1100,900,200,0.8181818181818182,13,9,4,378.0787645358851,0.4752873563218391,-0.03623804463336888,0.20329835281615294,127974.47681812922,3676.8864175049066,131651.3632356341,17,0,8.933333333333334,30,0,21,37.479244155154085,0.6138888888888889,47.04301075268817,1011.8279569892469,33.72759856630823,0
19,4,0,0,24,0.0,0.0,1.0,24,650,500,150,0.7692307692307693,8,5,3,451.8442173588878,0.4704861111111111,-0.025179359823399583,0.23527060972824826,126672.2222222221,6647.222222222199,133319.4444444443,18,1,11.083333333333334,24,0,23,36.96192052980131,0.6215277777777778,48.33333333333332,1006.6666666666656,41.9444444444444,0
20,4,1,0,25,0.04,0.0,1.0,25,850,500,350,0.5882352941176471,12,5,7,437.2961412349782,0.4694444444444445,-0.0307340324118206,0.23051439806808646,127172.82267011837,6122.4369247205905,133295.25959483895,19,0,11.6,25,0,24,36.80952759241608,0.6225,47.83653846153847,1008.6538461538464,40.346153846153854,0
21,4,2,1,26,0.07407407407407407,0.037037037037037035,0.962962962962963,27,700,500,200,0.7142857142857143,9,5,4,408.0341448169413,0.4697886989553656,-0.02562468336846946,0.21930625696524744,127956.26339728585,5042.104901856549,132998.3682991424,20,0,11.666666666666666,27,0,24,36.7402375349316,0.623070987654321,47.06101190476189,1011.7559523809512,37.47244268077597,0
22,4,4,2,28,0.13333333333333333,0.06666666666666667,0.9333333333333333,30,1050,800,250,0.7619047619047619,13,8,5,368.71825890962424,0.47066570881226055,-0.03487756452680357,0.20288903467313962,128894.11212640164,3505.1225213897237,132399.23464779137,21,0,11.333333333333334,30,0,19,36.77531436135009,0.6232638888888888,46.135752688172026,1015.4569892473098,33.84856630824366,0
23,4,0,0,28,0.0,0.0,1.0,28,700,600,100,0.8571428571428571,8,6,2,390.9266843547699,0.4692460317460318,-0.02319201490119882,0.21283786148204134,128472.05707491079,4444.631060906325,132916.68813581712,22,1,13.142857142857142,28,0,20,36.643754724111865,0.625,46.55172413793103,1013.7931034482756,36.20689655172413,0
24,4,1,1,28,0.034482758620689655,0.034482758620689655,0.9655172413793104,29,900,600,300,0.6666666666666666,12,6,6,380.97690019934413,0.46951970443349755,-0.026601389498111416,0.20958029475977474,128883.87586805563,4020.3559027777856,132904.23177083343,23,0,13.655172413793103,29,0,23,36.47457598139788,0.6260775862068966,46.145833333333336,1015.4166666666673,35.014367816091976,0
25,4,0,0,28,0.0,0.0,1.0,28,900,600,300,0.6666666666666666,12,6,6,392.58773110815,0.468694885361552,-0.03488536654401386,0.2157095573880395,128836.46493922579,4515.923090897073,133352.38803012285,24,1,14.428571428571429,28,0,23,36.22835880743466,0.6287202380952381,46.19252873563218,1015.2298850574712,36.25821018062397,0
26,4,0,1,27,0.0,0.03571428571428571,0.9642857142857143,28,1100,700,400,0.6363636363636364,15,7,8,430.2638872450429,0.4679783950617284,-0.04513366155348486,0.22716639219809717,127236.93065464398,5349.09127691902,132586.021931563,25,2,15.428571428571429,28,0,20,36.920571062375394,0.6123511904761905,47.77298850574713,1008.9080459770117,36.03243021346471,8
27,4,1,1,27,0.03571428571428571,0.03571428571428571,0.9642857142857143,28,600,400,200,0.6666666666666666,8,4,4,433.75226579777126,0.46629739858906527,-0.03739627719219529,0.2259704183230473,126693.91855347485,5390.754847073614,132084.67340054846,26,0,16.25,28,0,17,37.39474810903383,0.6067708333333333,48.311781609195414,1006.7528735632196,35.955459770114985,8
28,4,3,2,28,0.1,0.06666666666666667,0.9333333333333333,30,1000,600,400,0.6,14,6,8,407.07374383291847,0.4682471264367816,-0.03739577789604431,0.2166831627937832,127566.80685628415,4385.819531159696,131952.62638744386,27,0,15.733333333333333,30,0,16,37.165435958843354,0.6097222222222223,47.4462365591398,1010.2150537634425,33.673835125448086,0
29,4,0,2,26,0.0,0.07142857142857142,0.9285714285714286,28,1200,900,300,0.75,15,9,6,423.5255401590901,0.4662698412698412,-0.029490725675235474,0.2240092917226996,127309.42000264242,5183.758174791925,132493.17817743434,28,1,17.392857142857142,28,0,21,37.015648728170085,0.6130952380952381,47.70114942528736,1009.195402298851,36.04269293924468,0
30,4,0,0,26,0.0,0.0,1.0,26,650,400,250,0.6153846153846154,9,4,5,507.41201828424437,0.4641987179487179,-0.010100830156411389,0.2530028978003886,124884.28605109721,7473.557527434813,132357.84357853202,29,2,18.76923076923077,26,0,17,37.43631310792033,0.5949519230769231,50.115740740740726,999.5370370370356,38.44373219373214,8
31,4,3,3,26,0.10344827586206896,0.10344827586206896,0.896551724137931,29,800,600,200,0.75,10,6,4,442.22675888672717,0.4670566502463054,-0.020001392439055854,0.21624826136252212,124067.83632249958,5178.581795424471,129246.41811792405,30,0,17.724137931034484,28,1,19,39.91953898663589,0.5796130952380952,50.933908045977006,996.2643678160913,35.58087027914612,8
32,4,2,2,26,0.07142857142857142,0.07142857142857142,0.9285714285714286,28,650,500,150,0.7692307692307693,8,5,3,436.2443822944731,0.4676201499118166,-0.02322707125809753,0.2150428190369228,124405.47052154201,5254.2375283446845,129659.7080498867,31,0,17.142857142857142,27,1,17,39.7150954653938,0.5864197530864197,50.5952380952381,997.6190476190482,36.9488536155203,0
33,4,11,5,32,0.2972972972972973,0.13513513513513514,0.8648648648648649,37,800,500,300,0.625,11,5,6,361.5809674573208,0.47910410410410414,0.042261461646041276,0.18553743670178446,126072.89422850234,1745.810792649117,127818.70502115146,32,0,13.567567567567568,35,2,19,39.85116303637969,0.5824404761904762,48.92939814814815,1004.2824074074083,28.693783068783095,8
34,4,2,0,34,0.058823529411764705,0.0,1.0,34,700,400,300,0.5714285714285714,10,4,6,381.02503970828,0.476010101010101,0.06706089582284847,0.1946264148844092,125885.40072441583,2793.097961942653,128678.49868635848,33,0,15.558823529411764,32,2,21,39.556859167924856,0.5872395833333333,49.11616161616161,1003.5353535353531,31.360479797979785,0
35,4,3,4,33,0.08108108108108109,0.10810810810810811,0.8918918918918919,37,1250,900,350,0.72,16,9,7,373.96766813799394,0.47619494494494496,0.12342438832977987,0.18738523049275857,125089.30165816321,1961.62604255813,127050.92770072134,34,0,15.216216216216216,34,3,19,40.55818358522751,0.5744485294117647,49.910714285714285,1000.3571428571424,29.422268907563012,8
36,4,5,3,35,0.13157894736842105,0.07894736842105263,0.9210526315789473,38,1150,800,350,0.6956521739130435,15,8,7,346.823268919845,0.4756845661450924,0.1341303656201065,0.1780978648738119,126103.61571712002,1154.389880952355,127258.00559807237,35,0,14.947368421052632,34,4,20,40.19003595274779,0.5848651960784313,48.89880952380951,1004.4047619047606,29.541316526610604,0
37,4,6,7,34,0.14634146341463414,0.17073170731707318,0.8292682926829268,41,900,400,500,0.4444444444444444,14,4,10,315.5584841358417,0.4763973577235772,0.13776676829268242,0.16671014256233144,127262.39753266782,-160.5373126850002,127101.86021998282,36,0,14.21951219512195,36,5,18,39.787713913690446,0.5925925925925926,47.747747747747745,1009.0090090090091,28.028028028028032,0
38,4,1,0,35,0.02857142857142857,0.0,1.0,35,900,600,300,0.6666666666666666,12,6,6,353.1263219756817,0.47563025210084037,0.13435390717417062,0.18353628835849997,126598.21342752795,1941.0322952710628,128539.24572279901,37,0,16.485714285714284,33,2,20,39.522446825783426,0.5921717171717171,48.406862745098046,1006.3725490196084,30.496137849079044,0
39,4,3,4,34,0.07894736842105263,0.10526315789473684,0.8947368421052632,38,900,600,300,0.6666666666666666,12,6,6,332.9427698608162,0.4764402560455192,0.15096071548184575,0.17724920608775957,127572.62613378688,896.7990382427472,128469.42517202963,38,0,16.105263157894736,34,4,16,39.03168944928901,0.5998774509803921,47.44047619047619,1010.2380952380955,29.712885154061635,0
40,4,2,3,33,0.05555555555555555,0.08333333333333333,0.9166666666666666,36,1250,1000,250,0.8,15,10,5,346.3859391858763,0.47242063492063496,0.15839458309775778,0.18589528881926037,127896.48963139184,1660.3091359092746,129556.79876730112,39,0,16.583333333333332,33,3,18,38.36069380502383,0.6054292929292929,47.12009803921569,1011.5196078431378,30.652109328579932,0
41,4,3,0,36,0.08333333333333333,0.0,1.0,36,1200,900,300,0.75,15,9,6,345.3064404138933,0.46941137566137564,0.155349794238683,0.18646547782350253,128144.53125000013,1649.8263888889032,129794.35763888904,40,0,17.27777777777778,34,2,22,38.13443072702333,0.6056985294117647,46.87500000000001,1012.500000000001,29.779411764705912,0
42,4,2,4,34,0.05263157894736842,0.10526315789473684,0.8947368421052632,38,1150,700,450,0.6086956521739131,16,7,9,332.68417843828047,0.46917970602181125,0.14331886850207942,0.18244575113979256,128760.50407503863,967.316502700623,129727.82057773924,41,0,17.31578947368421,35,3,15,37.826077659938434,0.6098214285714285,46.267361111111114,1014.9305555555559,28.998015873015884,0
43,4,1,0,35,0.02857142857142857,0.0,1.0,35,1250,800,450,0.64,17,8,9,361.1103153113809,0.46813725490196073,0.1643364485981309,0.19593713863244316,128336.36435376504,2268.7169995408804,130605.08135330591,42,0,19.714285714285715,32,3,24,37.53816199376948,0.6123046875,46.68560606060607,1013.2575757575767,31.66429924242427,0
44,4,0,3,32,0.0,0.08571428571428572,0.9142857142857143,35,950,700,250,0.7368421052631579,12,7,5,360.7806342653405,0.4672619047619047,0.1607827788649705,0.19654467389081992,128496.33487654333,2271.797839506188,130768.13271604953,43,1,20.714285714285715,32,3,15,37.382990867579906,0.6139322916666667,46.527777777777786,1013.8888888888898,31.684027777777807,0
45,4,1,0,33,0.030303030303030304,0.0,1.0,33,950,700,250,0.7368421052631579,12,7,5,369.1262737449824,0.4663431186868687,0.14575815963099203,0.20081397911283624,128441.33377075184,2882.2141859266344,131323.54795667846,44,0,21.393939393939394,31,2,17,37.227708199529026,0.6159274193548387,46.58203124999999,1013.6718749999991,32.69909274193545,0
46,4,1,0,34,0.029411764705882353,0.0,1.0,34,1150,700,450,0.6086956521739131,16,7,9,356.8106952916214,0.465444890077243,0.1355179147376968,0.19642905011844697,128912.72454660237,2399.4877754820927,131312.21232208447,45,0,21.735294117647058,32,2,18,37.0586224045754,0.6181640625,46.11742424242424,1015.530303030303,31.73532196969697,0
47,4,1,6,29,0.02857142857142857,0.17142857142857143,0.8285714285714285,35,850,500,350,0.5882352941176471,12,5,7,350.0685277231283,0.4655462184873949,0.12845780394587347,0.19443565214501454,129263.69214965387,2050.230079776996,131313.92222943087,46,0,22.085714285714285,33,2,20,36.87233871615652,0.6193181818181819,45.772058823529406,1016.9117647058814,30.815508021390347,0
48,4,1,1,29,0.03333333333333333,0.03333333333333333,0.9666666666666667,30,750,500,250,0.6666666666666666,10,5,5,389.97796030962866,0.4621408045977011,0.11311243273860083,0.21349026013229452,128690.63986325813,4037.3026489628865,132727.94251222102,47,0,22.8,28,2,21,36.44387803266307,0.6272321428571428,46.33620689655173,1014.6551724137939,36.23768472906407,0
49,4,0,0,29,0.0,0.0,1.0,29,1050,900,150,0.8571428571428571,12,9,3,405.2464237695345,0.4606424466338259,0.11935405536668298,0.22132689298182254,128596.93877551012,4622.689909297042,133219.62868480716,48,1,24.103448275862068,27,2,21,36.1526799687011,0.6296296296296297,46.42857142857142,1014.2857142857135,37.56613756613754,0
50,4,0,0,29,0.0,0.0,1.0,29,800,500,300,0.625,11,5,6,420.7760604839479,0.4598727422003284,0.12731781490136873,0.21773389102224458,126417.68751771515,4838.707305838963,131256.39482355412,49,2,25.103448275862068,27,2,20,38.007423300779315,0.6072530864197531,48.586309523809504,1005.6547619047598,37.24647266313925,7
51,4,2,1,30,0.06451612903225806,0.03225806451612903,0.967741935483871,31,950,600,350,0.631578947368421,13,6,7,396.1030481402295,0.4622759856630824,0.10629741055597308,0.20820507070600475,127057.00472608027,3865.5333719135874,130922.53809799385,50,0,24.419354838709676,29,2,22,37.96766657482666,0.6073994252873562,47.95138888888889,1008.1944444444446,34.765325670498086,0
52,4,2,2,30,0.0625,0.0625,0.9375,32,700,300,400,0.42857142857142855,11,3,8,383.9646606965374,0.46343665994623656,0.11728939313281872,0.20403892931214873,127498.92509249627,3391.0163024627163,130889.94139495898,51,0,24.40625,30,2,19,37.818849259160686,0.6090277777777777,47.513440860215056,1009.94623655914,33.66487455197133,0
53,4,1,3,28,0.03225806451612903,0.0967741935483871,0.9032258064516129,31,1050,900,150,0.8571428571428571,12,9,3,397.4492507173983,0.45999103942652325,0.13515131360159605,0.21182734790982205,127617.73003472216,3944.3142361111,131562.04427083326,52,0,26.0,29,2,20,37.35609965635739,0.6131465517241379,47.39583333333333,1010.4166666666661,34.84195402298848,0
54,4,1,1,28,0.034482758620689655,0.034482758620689655,0.9655172413793104,29,800,600,200,0.75,10,6,4,408.2950525641156,0.45438218390804597,0.11899028440551462,0.2173143462966158,127563.29528752138,4616.692470934059,132179.98775845545,53,0,26.82758620689655,28,1,22,37.13820935855496,0.6156994047619048,47.449712643678154,1010.2011494252865,36.07861247947452,0
55,4,3,2,29,0.0967741935483871,0.06451612903225806,0.935483870967742,31,1000,800,200,0.8,12,8,4,376.11069867664463,0.45851254480286735,0.07946895236140006,0.2046628347344336,128450.91376170641,3462.3525841137516,131913.26634582016,53,0,24.29032258064516,30,1,20,37.040904269424566,0.61875,46.57258064516128,1013.7096774193536,33.79032258064512,0
56,4,2,2,29,0.06451612903225806,0.06451612903225806,0.935483870967742,31,1050,700,350,0.6666666666666666,14,7,7,379.7019976397943,0.45654121863799285,0.07520756861622346,0.20785862075292272,128689.46419022419,3572.729325644566,132262.19351586874,54,0,25.225806451612904,30,1,21,36.70574469024594,0.6211805555555556,46.33736559139784,1014.6505376344076,33.821684587813586,0
57,4,1,0,30,0.03333333333333333,0.0,1.0,30,750,600,150,0.8,9,6,3,389.99179356687887,0.453639846743295,0.10361346838215146,0.21358920868063092,128707.64853395059,4038.98533950617,132746.63387345677,55,0,27.033333333333335,29,1,22,36.4261109590291,0.6242816091954023,46.31944444444444,1014.7222222222221,34.990421455938694,0
58,4,0,1,29,0.0,0.03333333333333333,0.9666666666666667,30,1050,800,250,0.7619047619047619,13,8,5,390.47756837740985,0.45328065134099615,0.10377616637022835,0.21442528529455204,128813.37046682091,4059.7463348765305,132873.11680169744,56,1,28.033333333333335,29,1,22,36.3055536553108,0.6253591954022988,46.21527777777777,1015.1388888888882,35.00478927203063,0
59,4,0,1,28,0.0,0.034482758620689655,0.9655172413793104,29,850,700,150,0.8235294117647058,10,7,3,404.22007238147484,0.45217569786535305,0.09235110605535435,0.22149002104192048,128727.08839096974,4606.814597370855,133333.9029883406,57,2,29.137931034482758,28,1,23,36.04523573552315,0.6276041666666667,46.30028735632184,1014.7988505747126,36.24281609195402,0
60,4,0,0,28,0.0,0.0,1.0,28,1150,900,250,0.782608695652174,14,9,5,404.40735743066404,0.44959766313932975,0.07664901251288692,0.22240831089202356,128872.93411035147,4823.432545580668,133696.36665593216,58,3,29.464285714285715,28,0,23,35.890995707749646,0.6290922619047619,46.156609195402304,1015.3735632183912,36.26334154351397,0
61,4,2,0,30,0.06666666666666667,0.0,1.0,30,950,600,350,0.631578947368421,13,6,7,381.79624904274584,0.44978448275862065,0.06879916337016323,0.21382339967397784,129589.9908371914,3895.8125121566854,133485.8033493481,59,0,28.433333333333334,29,1,21,35.732818396762625,0.6332614942528736,45.45138888888889,1018.1944444444448,35.11015325670499,0
62,4,0,0,30,0.0,0.0,1.0,30,1250,900,350,0.72,16,9,7,381.44600535861446,0.44913793103448274,0.07177390039985454,0.21459263000849654,129766.82098765424,3899.807098765421,133666.62808641966,60,1,29.433333333333334,29,1,23,35.56150036350418,0.6350574712643677,45.27777777777777,1018.8888888888882,35.134099616858215,0
63,4,0,0,30,0.0,0.0,1.0,30,1250,1100,150,0.88,14,11,3,381.4767638713928,0.44882662835249043,0.07147527584797753,0.21558282706542667,129943.77170138876,3914.105902777759,133857.8776041665,61,2,30.433333333333334,29,1,23,35.38048290423648,0.6368534482758621,45.10416666666666,1019.5833333333322,35.158045977011454,0
64,4,0,1,29,0.0,0.03333333333333333,0.9666666666666667,30,1000,700,300,0.7,13,7,6,382.71489067025595,0.4485632183908046,0.06836232648040719,0.2167194470452166,130022.58209041508,3952.3156578795188,133974.8977482946,62,3,31.433333333333334,30,0,23,35.26868081180811,0.6347222222222222,45.026881720430104,1019.8924731182796,33.99641577060932,0
65,4,0,0,29,0.0,0.0,1.0,29,1100,700,400,0.6363636363636364,15,7,8,385.6025100702766,0.4466851395730706,0.04195942045310552,0.21910453530443313,130156.27170138882,4237.717013888879,134393.9887152777,63,4,31.586206896551722,29,0,23,35.05895263372804,0.6390086206896552,44.89583333333333,1020.4166666666661,35.18678160919538,0
66,4,0,0,29,0.0,0.0,1.0,29,900,600,300,0.6666666666666666,12,6,6,386.66062334217236,0.44612068965517243,0.04420024305441528,0.22010603570423115,130227.14361496909,4270.7417052469045,134497.88532021598,64,5,32.58620689655172,29,0,23,34.95983013561938,0.6397270114942528,44.826388888888886,1020.694444444444,35.19636015325669,0
67,4,0,0,29,0.0,0.0,1.0,29,900,400,500,0.4444444444444444,14,4,10,386.5439075294829,0.44504310344827586,0.038280761152691856,0.22107326135374852,130409.29954832209,4281.788867649116,134691.0884159712,65,6,33.58620689655172,28,1,25,34.77751207389696,0.6447172619047619,44.64798850574713,1021.4080459770114,36.47885878489326,0
68,4,0,0,29,0.0,0.0,1.0,29,850,700,150,0.8235294117647058,10,7,3,388.90331768451205,0.444376026272578,0.033217113844990154,0.2228437946861052,130482.68688482631,4349.029965979666,134831.71685080597,66,7,34.58620689655172,28,1,25,34.64263113486149,0.6454613095238095,44.57614942528736,1021.6954022988509,36.48912151067325,0
69,4,0,0,29,0.0,0.0,1.0,29,1050,700,350,0.6666666666666666,14,7,7,389.8827959862807,0.44376026272577995,0.032092768461825516,0.22382859788946055,130556.09486474436,4380.31505978333,134936.4099245277,67,8,35.58620689655172,28,1,19,34.54297296030742,0.6462053571428572,44.50431034482759,1021.9827586206898,36.4993842364532,0
70,4,0,0,29,0.0,0.0,1.0,29,550,300,250,0.5454545454545454,8,3,5,389.8827959862807,0.44376026272577995,0.032092768461825516,0.22382859788946055,130556.09486474436,4380.31505978333,134936.4099245277,68,9,36.58620689655172,28,1,19,34.54297296030742,0.6462053571428572,44.50431034482759,1021.9827586206898,36.4993842364532,0
71,4,0,0,29,0.0,0.0,1.0,29,900,600,300,0.6666666666666666,12,6,6,390.81370260389383,0.44401683087027916,0.029844670075362956,0.22478896475559454,130629.5234880764,4410.3615487514935,135039.8850368279,69,10,37.58620689655172,28,1,20,34.444542047317874,0.6469494047619048,44.43247126436782,1022.2701149425291,36.509646962233184,0
72,4,0,0,29,0.0,0.0,1.0,29,1050,800,250,0.7619047619047619,13,8,5,394.18955279167307,0.4429392446633826,0.025914139432601457,0.2275941140570902,130776.44266498218,4510.141489959047,135286.58415494123,70,11,38.58620689655172,28,1,20,34.2089244744112,0.6484375,44.28879310344828,1022.8448275862071,36.53017241379311,0
73,4,0,1,28,0.0,0.034482758620689655,0.9655172413793104,29,850,500,350,0.5882352941176471,12,5,7,397.0066055392278,0.4424774220032841,0.02633897878356528,0.22987650769515278,130886.68623662303,4592.575802615931,135479.26203923897,71,12,39.58620689655172,28,1,20,34.02485256950294,0.6495535714285714,44.18103448275862,1023.2758620689652,36.545566502463046,0
74,4,0,1,27,0.0,0.03571428571428571,0.9642857142857143,28,950,800,150,0.8421052631578947,11,8,3,423.5549865014545,0.44221230158730157,0.052032699955810724,0.22553057281242145,127580.14289700246,5208.184303420003,132788.32720042247,72,13,41.57142857142857,27,1,19,36.73543599941081,0.619212962962963,47.43303571428571,1010.2678571428564,37.417328042328016,8
75,4,4,1,30,0.12903225806451613,0.03225806451612903,0.967741935483871,31,900,700,200,0.7777777777777778,11,7,4,387.9922973258733,0.44767025089605733,0.06701953597259114,0.21276178918719443,128757.66210327775,3791.396223551848,132549.0583268296,73,0,38.0,30,1,19,36.42563898821351,0.621875,46.27016129032258,1014.919354838709,33.8306451612903,0
76,4,0,0,30,0.0,0.0,1.0,30,1100,900,200,0.8181818181818182,13,9,4,398.91385467746653,0.4449952107279693,0.07207392197125273,0.2182820755369957,128672.41753472226,4265.8420138889005,132938.25954861115,74,1,40.266666666666666,29,1,20,36.23588295687887,0.6239224137931034,46.35416666666667,1014.5833333333337,34.98563218390806,0
77,4,0,2,28,0.0,0.06666666666666667,0.9333333333333333,30,950,700,250,0.7368421052631579,12,7,5,400.04903518175183,0.44351053639846744,0.06705410456265093,0.22046409904175962,128954.40055941355,4317.616705246909,133272.01726466045,75,2,41.266666666666666,29,1,20,35.91819932540225,0.6267959770114943,46.076388888888886,1015.6944444444442,35.023946360153246,0
78,4,1,0,29,0.034482758620689655,0.0,1.0,29,1100,700,400,0.6363636363636364,15,7,8,406.1116859917341,0.44381157635467977,0.06667284549831454,0.2237570933963809,128945.88793516312,4673.286390210054,133619.17432537317,76,0,40.96551724137931,28,1,21,35.772975904182566,0.6298363095238095,46.08477011494252,1015.6609195402295,36.27360426929391,0
79,4,0,0,29,0.0,0.0,1.0,29,750,600,150,0.8,9,6,3,407.7660209522818,0.44381157635467977,0.06700510584758512,0.22508302374344924,129018.86240338879,4721.901630003957,133740.76403339274,77,1,41.96551724137931,28,1,21,35.656201385942566,0.6305803571428572,46.012931034482754,1015.9482758620687,36.283866995073886,0
80,4,0,0,29,0.0,0.0,1.0,29,850,600,250,0.7058823529411765,11,6,5,408.1564095673207,0.4425287356321839,0.0729225551158843,0.22634128166915032,129201.38888888876,4747.00402133701,133948.39291022578,78,2,42.96551724137931,27,2,21,35.459357923497265,0.6358024691358024,45.83333333333332,1016.6666666666656,37.65432098765428,0
81,4,0,0,29,0.0,0.0,1.0,29,750,600,150,0.8,9,6,3,407.52656006430175,0.4423234811165846,0.06789597154604854,0.2266431275866152,129314.88106310222,4739.849728954066,134054.73079205627,79,3,43.96551724137931,27,2,22,35.359211168007796,0.6369598765432098,45.72172619047618,1017.1130952380944,37.67085537918868,0
82,4,0,2,27,0.0,0.06896551724137931,0.9310344827586207,29,1150,900,250,0.782608695652174,14,9,5,408.1908459564874,0.4409893267651888,0.06543606395369372,0.22788711799970746,129466.28146701377,4769.3901909722035,134235.67165798598,80,4,44.96551724137931,27,2,20,35.18743602865916,0.6385030864197531,45.57291666666666,1017.7083333333323,37.69290123456786,0
83,4,1,0,28,0.03571428571428571,0.0,1.0,28,650,200,450,0.3076923076923077,11,2,9,402.91023241713367,0.4408068783068783,0.04264362259286125,0.22678090224621528,129786.34066587398,4858.448936451318,134644.7896023253,81,0,43.107142857142854,28,0,21,34.99482985523594,0.6383928571428572,45.258620689655174,1018.9655172413795,36.39162561576355,0
84,4,0,0,28,0.0,0.0,1.0,28,1050,500,550,0.47619047619047616,16,5,11,405.00916883266166,0.4408619929453263,0.04263160014499201,0.22838911317161378,129859.55253335969,4918.8618873034675,134778.41442066315,82,1,44.107142857142854,28,0,21,34.86661263039188,0.6391369047619048,45.1867816091954,1019.2528735632179,36.4018883415435,0
85,4,1,1,28,0.034482758620689655,0.034482758620689655,0.9655172413793104,29,750,500,250,0.6666666666666666,10,5,5,394.6688879633486,0.44027093596059114,0.03800140745953562,0.22486948267679155,130262.58680555543,4482.742518826774,134745.3293243822,83,0,43.55172413793103,28,1,22,34.719387755102034,0.6432291666666667,44.79166666666666,1020.8333333333323,36.4583333333333,0
86,4,1,0,29,0.034482758620689655,0.0,1.0,29,1150,900,250,0.782608695652174,14,9,5,394.22543712444497,0.4399630541871921,0.04193600007758724,0.2258933991451995,130482.68688482614,4487.918854868523,134970.60573969467,84,0,44.172413793103445,28,1,23,34.506691510804856,0.6454613095238095,44.57614942528735,1021.6954022988496,36.4891215106732,0
87,4,0,0,29,0.0,0.0,1.0,29,850,500,350,0.5882352941176471,12,5,7,395.05229520663124,0.44001436781609193,0.03954462588728114,0.22658160673464192,130519.38829435846,4512.396782930358,135031.7850772888,85,1,45.172413793103445,28,1,21,34.448233033370826,0.6458333333333333,44.540229885057464,1021.8390804597693,36.49425287356319,0
88,4,0,0,29,0.0,0.0,1.0,29,750,500,250,0.6666666666666666,10,5,5,397.666059212082,0.4393986042692939,0.03673184492937698,0.228513436610238,130592.80659598342,4586.465352094043,135179.27194807745,86,2,46.172413793103445,28,1,21,34.30676600131197,0.6465773809523809,44.46839080459769,1022.1264367816076,36.50451559934313,0
89,4,1,1,29,0.03333333333333333,0.03333333333333333,0.9666666666666667,30,1050,800,250,0.7619047619047619,13,8,5,383.7248760689285,0.44051724137931036,0.029262224634730716,0.22247589392226064,130936.92370756161,4048.750964506156,134985.67467206778,87,0,45.6,29,1,22,34.31365065363911,0.6469109195402298,44.131944444444436,1023.4722222222213,35.2921455938697,0
90,4,0,0,29,0.0,0.0,1.0,29,650,400,250,0.6153846153846154,9,4,5,383.84002032516577,0.4385775862068966,-0.0019650961493475894,0.2227481062831867,130972.46334876533,4254.494598765417,135226.95794753075,87,1,45.172413793103445,29,0,22,34.274649479873354,0.6472701149425287,44.097222222222214,1023.6111111111104,35.29693486590036,0
91,4,0,1,28,0.0,0.034482758620689655,0.9655172413793104,29,1350,1300,50,0.9629629629629629,14,13,1,382.7920866029108,0.43770525451559933,0.002525524163186077,0.2227565946742904,131079.11120756165,4235.209297839495,135314.32050540115,88,2,46.172413793103445,29,0,23,34.19331231068312,0.6483477011494253,43.99305555555555,1024.0277777777771,35.311302681992316,0
92,4,0,0,28,0.0,0.0,1.0,28,600,500,100,0.8333333333333334,7,5,2,392.09189289012033,0.4369212962962963,0.00043609022556423405,0.22768172264401856,130996.9762559453,4672.570476615146,135669.54673256044,89,3,47.285714285714285,28,0,23,34.038596491228084,0.6506696428571428,44.07327586206897,1023.7068965517241,36.560960591133004,0
93,4,1,0,29,0.034482758620689655,0.0,1.0,29,800,500,300,0.625,11,5,6,379.7323475466074,0.4376026272577997,-0.0016823137421666523,0.22220816752945394,131292.53713348752,4171.204668209861,135463.74180169738,90,0,46.62068965517241,29,0,24,34.05539933143605,0.6505028735632183,43.784722222222214,1024.8611111111102,35.34003831417621,0
94,4,0,0,29,0.0,0.0,1.0,29,750,500,250,0.6666666666666666,10,5,5,381.7072366441178,0.4375,-0.003644025433429343,0.2237792782899311,131363.71768904314,4228.496334876531,135592.2140239197,91,1,47.62068965517241,29,0,24,33.93270446642279,0.6512212643678161,43.71527777777777,1025.1388888888885,35.34961685823753,0
95,4,0,0,29,0.0,0.0,1.0,29,950,700,250,0.7368421052631579,12,7,5,382.59937154387256,0.4373973727422003,-0.0014009788172004711,0.22492943944904115,131470.52469135812,4260.108024691364,135730.6327160495,92,2,48.62068965517241,29,0,24,33.80168833513905,0.6522988505747127,43.611111111111114,1025.555555555556,35.36398467432952,0
96,4,0,1,28,0.0,0.034482758620689655,0.9655172413793104,29,750,400,350,0.5333333333333333,11,4,7,384.0474035139679,0.43662766830870275,-2.220446049250313e-16,0.22641326175240892,131577.37509645073,4306.389853395073,135883.76494984582,93,3,49.62068965517241,29,0,20,33.65639524389694,0.6533764367816092,43.50694444444445,1025.972222222223,35.378352490421484,0
97,4,0,0,28,0.0,0.0,1.0,28,850,700,150,0.8235294117647058,10,7,3,396.07353286028837,0.4334215167548501,0.008125525357242758,0.2328807971628287,131475.43640177045,4814.788115999483,136290.22451776994,94,4,51.75,28,0,24,33.45124684785654,0.6555059523809523,43.606321839080465,1025.5747126436788,36.627668308702816,0
98,4,0,0,28,0.0,0.0,1.0,28,850,500,350,0.5882352941176471,12,5,7,425.04834983880187,0.4332010582010582,0.02671485260770967,0.2314152126900143,128472.05707491077,5321.367172017436,133793.42424692822,95,5,52.75,28,0,17,35.77894699546485,0.625,46.55172413793103,1013.7931034482755,36.20689655172412,8
99,4,0,0,28,0.0,0.0,1.0,28,1200,900,300,0.75,15,9,6,422.40476074795953,0.4320160934744268,0.03183878736364898,0.2306075178746981,128581.32524524379,5262.672785374555,133843.99803061836,96,6,53.75,28,0,18,35.73363790905227,0.6261160714285714,46.44396551724138,1014.2241379310348,36.2222906403941,0
100,4,0,0,28,0.0,0.0,1.0,28,1300,900,400,0.6923076923076923,17,9,8,426.1947712485365,0.4307208994708995,0.03225610742598306,0.23374533106363823,128763.54207953493,5375.6696723477335,134139.21175188266,97,7,54.75,28,0,18,35.450287844469614,0.6279761904761905,46.264367816091955,1014.9425287356321,36.247947454844,0
101,4,0,0,28,0.0,0.0,1.0,28,800,500,300,0.625,11,5,6,427.2523514088416,0.43014219576719576,0.030052573046203346,0.234540626472686,128800.00092895376,5406.020651671308,134206.02158062506,98,8,55.75,28,0,18,35.38599905638122,0.6283482142857143,46.22844827586208,1015.0862068965529,36.25307881773403,0
102,4,1,0,29,0.034482758620689655,0.0,1.0,29,900,600,300,0.6666666666666666,12,6,6,419.2421392098897,0.4326765188834154,0.024872809496890858,0.2324888226527572,129201.388888889,5033.333333333355,134234.72222222236,99,0,54.793103448275865,29,0,20,35.17759562841532,0.6293103448275862,45.83333333333334,1016.6666666666677,35.05747126436785,0
103,4,0,0,29,0.0,0.0,1.0,29,1100,900,200,0.8181818181818182,13,9,4,420.5792155307039,0.4321633825944171,0.024866015503583805,0.2336480285368602,129272.00038580262,5073.823302469158,134345.82368827178,100,1,55.793103448275865,29,0,20,35.07124647182009,0.6300287356321839,45.7638888888889,1016.9444444444457,35.06704980842916,0
104,4,0,1,28,0.0,0.034482758620689655,0.9655172413793104,29,700,600,100,0.8571428571428571,8,6,2,426.6280975511465,0.4327278325123152,0.04017160110132023,0.2210824064363863,126477.03884677638,4995.512557618069,131472.55140439444,101,2,56.793103448275865,28,1,18,37.79876684283198,0.6045386904761905,48.52729885057472,1005.8908045977016,35.924671592775056,8
105,4,4,2,30,0.125,0.0625,0.9375,32,1200,1000,200,0.8333333333333334,14,10,4,389.9943537955544,0.4432123655913978,0.05564985841163583,0.2093895048125544,127913.92220391174,3577.1414862738793,131491.06369018563,102,0,52.28125,31,1,18,37.24001909297635,0.6105510752688172,47.102864583333336,1011.5885416666672,32.63188844086023,0
106,4,3,1,32,0.09090909090909091,0.030303030303030304,0.9696969696969697,33,950,600,350,0.631578947368421,13,6,7,374.28194344137387,0.44685132575757575,0.08393697935530597,0.20422775609518456,128560.35098459349,3023.563603203768,131583.91458779725,103,0,51.24242424242424,32,1,19,36.97527597941567,0.6145833333333333,46.46464646464647,1014.1414141414149,31.691919191919215,0
107,4,0,0,32,0.0,0.0,1.0,32,1000,700,300,0.7,13,7,6,385.2871511067956,0.4431913642473118,0.08630264509501795,0.2101271941750504,128540.34423828113,3504.9886067708203,132045.33284505195,104,1,53.84375,31,1,19,36.716743708269135,0.6169354838709677,46.48437499999999,1014.0624999999991,32.71169354838707,0
108,4,0,0,32,0.0,0.0,1.0,32,1200,900,300,0.75,15,9,6,387.556413051298,0.4425403225806452,0.08733398562812789,0.21224364911516258,128705.44645521369,3576.124233669697,132281.5706888834,105,2,54.84375,31,1,19,36.49014607126053,0.6186155913978495,46.32161458333333,1014.7135416666661,32.7326948924731,0
109,4,1,0,33,0.030303030303030304,0.0,1.0,33,1100,800,300,0.7272727272727273,14,8,6,379.9381886589629,0.4427083333333333,0.0928961748633883,0.21069299552906098,129201.3888888887,3218.6620076497156,132420.05089653842,106,0,54.15151515151515,31,2,20,36.176571038251375,0.6236559139784946,45.83333333333332,1016.6666666666652,32.795698924731134,0
110,4,0,0,33,0.0,0.0,1.0,33,950,600,350,0.631578947368421,13,6,7,385.51395722798924,0.44243213383838387,0.08891113154331709,0.2143238092461084,129300.6918165418,3369.444274902335,132670.13609144415,107,1,55.15151515151515,31,2,20,35.93343255238338,0.6246639784946236,45.73567708333333,1017.057291666666,32.80829973118277,0
111,4,0,0,33,0.0,0.0,1.0,33,800,500,300,0.625,11,5,6,385.48174155814735,0.44243213383838387,0.08542871438046129,0.21466634688480418,129366.914961073,3373.716735839825,132740.6316969128,108,2,56.15151515151515,31,2,20,35.86663786850975,0.6253360215053764,45.67057291666666,1017.3177083333322,32.81670026881717,0
112,4,1,0,34,0.029411764705882353,0.0,1.0,34,1100,700,400,0.6363636363636364,15,7,8,375.9379589896333,0.44281045751633985,0.08467862426844142,0.21173728311272336,129811.85154894891,2960.2405047954057,132772.0920537443,109,0,55.470588235294116,32,2,19,35.65594928344277,0.6272786458333333,45.23358585858585,1019.0656565656551,31.845801767676722,0
113,4,0,0,34,0.0,0.0,1.0,34,1000,700,300,0.7,13,7,6,371.9521418631864,0.44141785502079617,0.080064181404357,0.21057045745479155,130012.5027032871,2871.685769896182,132884.18847318328,110,1,56.470588235294116,33,1,19,35.5533525594809,0.6268939393939394,45.03676470588235,1019.8529411764698,30.904634581105146,0
114,4,0,0,34,0.0,0.0,1.0,34,1250,900,350,0.72,16,9,7,370.3315566812958,0.4415849673202614,0.07718955033087838,0.21083332437447094,130231.31315179242,2845.7529856305073,133077.06613742292,111,2,57.470588235294116,33,1,21,35.37226857966143,0.6291035353535354,44.82230392156862,1020.7107843137242,30.930629827688612,0
115,4,0,1,33,0.0,0.029411764705882353,0.9705882352941176,34,1000,700,300,0.7,13,7,6,392.9439265153999,0.44156639928698754,0.1621154818629229,0.21169757919704427,128051.48748378032,3268.0102004036944,131319.49768418403,112,3,58.470588235294116,33,1,22,37.02413024175646,0.6070075757575757,46.966911764705884,1012.1323529411768,30.670677361853844,8
116,4,1,0,34,0.029411764705882353,0.0,1.0,34,650,500,150,0.7692307692307693,8,5,3,381.8824279734124,0.44288472964943554,0.1609716249184936,0.207873492488036,128464.33280086228,3011.688054685528,131476.0208555478,113,0,57.61764705882353,32,2,18,36.88089010669654,0.6136067708333333,46.55934343434344,1013.7626262626272,31.6800820707071,0
117,4,0,0,34,0.0,0.0,1.0,34,1350,1100,250,0.8148148148148148,16,11,5,379.080012809546,0.4424019607843137,0.16693510011347357,0.20734567072326104,128656.40503838909,2954.214333996546,131610.61937238564,114,1,58.61764705882353,32,2,21,36.755341215515436,0.6155598958333333,46.3699494949495,1014.5202020202032,31.70375631313135,0
118,4,0,0,34,0.0,0.0,1.0,34,1000,500,500,0.5,15,5,10,392.886848270815,0.4422162804515746,0.0917599859925855,0.2038842630348278,126534.62939792199,3143.9101758726606,129678.53957379465,115,2,59.61764705882353,31,3,18,38.5877712350632,0.5964381720430108,48.47005208333333,1006.1197916666658,32.45547715053761,8
119,4,0,0,34,0.0,0.0,1.0,34,1400,1100,300,0.7857142857142857,17,11,6,397.52559153793857,0.4429404337492573,0.0954474909467149,0.20712047666922767,126698.43885633665,3273.174370659704,129971.61322699636,116,3,60.61764705882353,31,3,19,38.30186239006727,0.5981182795698925,48.30729166666666,1006.7708333333321,32.47647849462361,0
120,4,4,2,36,0.10526315789473684,0.05263157894736842,0.9473684210526316,38,700,500,200,0.7142857142857143,9,5,4,363.43522039655886,0.4506430772878141,0.10404042837696181,0.1948280340997013,127851.72994898829,1693.1643304183744,129544.89427940667,117,0,55.13157894736842,35,3,17,37.97541390096895,0.6005952380952381,47.16435185185185,1011.3425925925922,28.89550264550263,0
121,4,0,0,36,0.0,0.0,1.0,36,1250,900,350,0.72,16,9,7,378.0917245818889,0.4476521164021164,0.11277521761392739,0.20166522386172422,127648.68830497887,2452.5825403690937,130101.27084534797,118,1,59.19444444444444,33,3,19,37.81328320802006,0.6029040404040404,47.365196078431374,1010.5392156862747,30.622400475341657,0
122,4,1,0,37,0.02702702702702703,0.0,1.0,37,1500,1100,400,0.7333333333333333,19,11,8,376.50458919554103,0.44641516516516516,0.12935497189316214,0.2040798760543983,128295.24518140587,2260.749716553285,130555.99489795916,119,0,58.567567567567565,34,3,21,37.190315315315296,0.6072303921568627,46.726190476190474,1013.095238095238,29.796918767506998,0
123,4,2,1,38,0.05128205128205128,0.02564102564102564,0.9743589743589743,39,950,500,450,0.5263157894736842,14,5,9,358.02085535469325,0.44804318488529016,0.1361987605890047,0.19739291658308902,128972.51136271421,1434.9697670643773,130407.4811297786,120,0,56.51282051282051,36,3,18,36.9669253510717,0.6099537037037037,46.058558558558566,1015.7657657657669,28.215715715715746,0
124,4,1,1,38,0.02564102564102564,0.02564102564102564,0.9743589743589743,39,1250,1000,250,0.8,15,10,5,352.7112496181074,0.44559716599190285,0.1453302536105081,0.19676632656360427,129436.83556241433,1330.9685091748468,130767.80407158917,121,0,57.02564102564103,35,4,16,36.628942978465275,0.6166666666666667,45.601851851851855,1017.5925925925931,29.074074074074087,0
125,4,0,0,38,0.0,0.0,1.0,38,1050,800,250,0.7619047619047619,13,8,5,352.7112496181074,0.44551623992413464,0.12322206790862489,0.19676632656360427,129436.83556241433,1530.7656035665357,130967.60116598087,122,1,56.5,35,3,16,36.628942978465275,0.6166666666666667,45.601851851851855,1017.5925925925931,29.074074074074087,0
126,4,1,2,37,0.02564102564102564,0.05128205128205128,0.9487179487179487,39,1100,700,400,0.6363636363636364,15,7,8,346.09334314098965,0.4458502024291498,0.11573019703819543,0.1953140238224591,129889.2389010635,1190.760185861569,131079.99908692506,123,0,56.02564102564103,36,3,17,36.33773383414348,0.619212962962963,45.15765765765767,1019.3693693693715,28.315815815815874,0
127,4,0,1,36,0.0,0.02702702702702703,0.972972972972973,37,1250,800,450,0.64,17,8,9,362.3521715744097,0.4444757257257257,0.11359185272228722,0.2034307860886252,129685.96938775509,1998.3985260770928,131684.3679138322,124,1,58.86486486486486,34,3,18,36.130103630980194,0.6213235294117647,45.357142857142854,1018.5714285714284,29.957983193277308,0
128,4,1,1,36,0.02702702702702703,0.02702702702702703,0.972972972972973,37,1200,900,300,0.75,15,9,6,359.2075354627861,0.44456956956956956,0.1131437297675919,0.20323459371031868,129989.2928004535,1938.6267006802743,131927.9195011338,125,0,57.891891891891895,34,3,19,35.90186979531483,0.6243872549019608,45.05952380952381,1019.7619047619046,29.992997198879547,0
129,4,0,0,36,0.0,0.0,1.0,36,1150,800,350,0.6956521739130435,15,8,7,368.8388943903959,0.44452711640211645,0.11537896396035396,0.20814124311664278,129887.5507617263,2381.516123606314,132269.06688533264,126,1,59.416666666666664,33,3,19,35.75979802837221,0.6256313131313131,45.1593137254902,1019.3627450980396,30.889780154486047,0
130,4,1,1,36,0.02702702702702703,0.02702702702702703,0.972972972972973,37,950,600,350,0.631578947368421,13,6,7,362.2620157425288,0.4453828828828829,0.11256532950024911,0.2062439922295114,130232.206632653,2035.6363378684778,132267.84297052148,127,0,58.78378378378378,34,3,21,35.57727820542728,0.6268382352941176,44.82142857142857,1020.7142857142852,30.02100840336133,0
131,4,0,1,35,0.0,0.027777777777777776,0.9722222222222222,36,850,500,350,0.5882352941176471,12,5,7,369.5614379424011,0.4456349206349206,0.11051725518456279,0.20988871298147563,130137.51471789705,2418.761413879292,132556.27613177634,128,1,58.72222222222222,33,3,21,35.48722876130995,0.6281565656565656,44.91421568627452,1020.3431372549028,30.919489007724327,0
132,4,1,0,36,0.027777777777777776,0.0,1.0,36,900,500,400,0.5555555555555556,13,5,8,369.6775833629301,0.4455853174603175,0.11611191123913178,0.2109694263410914,130325.14537677821,2435.6569588619845,132760.80233564018,129,0,59.388888888888886,33,3,22,35.29364698351736,0.630050505050505,44.73039215686275,1021.0784313725494,30.941770647653012,0
133,4,1,0,37,0.02702702702702703,0.0,1.0,37,700,500,200,0.7142857142857143,9,5,4,361.25840608173036,0.44572697697697694,0.11758707939425195,0.20794150076607945,130657.85147392303,2040.249433106591,132698.1009070296,130,0,58.75675675675676,34,3,22,35.171169073125284,0.6311274509803921,44.40476190476191,1022.3809523809534,30.070028011204514,0
134,4,0,0,37,0.0,0.0,1.0,37,900,400,500,0.4444444444444444,14,4,10,362.47714739910606,0.4451951951951952,0.1203473555045147,0.2089717245743841,130718.71456916112,2076.5093537415105,132795.22392290263,131,1,59.75675675675676,34,3,22,35.078337213814514,0.6317401960784313,44.3452380952381,1022.6190476190486,30.07703081232496,0
135,4,0,1,36,0.0,0.02702702702702703,0.972972972972973,37,1200,800,400,0.6666666666666666,16,8,8,363.23452729305376,0.44481981981981983,0.11953161121088529,0.20990412192530009,130810.03578514747,2102.9443027211,132912.98008786858,132,2,60.75675675675676,34,3,22,34.966445556460684,0.6326593137254901,44.25595238095239,1022.976190476191,30.08753501400562,0
136,4,0,2,34,0.0,0.05555555555555555,0.9444444444444444,36,1350,1000,350,0.7407407407407407,17,10,7,368.001472777475,0.4437169312169312,0.11494085708745416,0.21299479181969005,130870.93431122444,2432.139314058953,133303.0736252834,133,3,61.19444444444444,34,2,22,34.78281946868334,0.6332720588235294,44.19642857142857,1023.2142857142852,30.094537815126035,0
137,4,0,0,34,0.0,0.0,1.0,34,1250,800,450,0.64,17,8,9,386.26831285444223,0.44041518122400475,0.12404092071611239,0.2221042798913044,130617.28395061738,3290.663580246923,133907.9475308643,134,4,64.70588235294117,32,2,22,34.573143115942024,0.6354166666666667,44.44444444444445,1022.222222222223,31.944444444444468,0
138,4,0,0,34,0.0,0.0,1.0,34,1400,1000,400,0.7142857142857143,18,10,8,388.70652894885416,0.43920825906120026,0.13272861902998923,0.22481720228926225,130843.25140610647,3371.925218089982,134215.17662419647,135,5,65.70588235294117,32,2,22,34.281284709366886,0.6376953125,44.223484848484844,1023.1060606060602,31.97206439393938,0
139,4,0,0,34,0.0,0.0,1.0,34,800,600,200,0.75,10,6,4,382.9855291015788,0.439041146761735,0.12777503700049353,0.22243887320598854,131004.77629833682,3234.5867130904912,134239.3630114273,136,6,66.70588235294117,32,2,22,34.26374157210986,0.6393229166666667,44.06565656565656,1023.737373737373,31.991792929292906,0
140,4,2,1,35,0.05555555555555555,0.027777777777777776,0.9722222222222222,36,1100,500,600,0.45454545454545453,17,5,12,361.1799848386578,0.4402612433862434,0.1202775124694897,0.2136471435740533,131705.23356401373,2314.25740863423,134019.49097264797,137,0,63.94444444444444,33,3,20,34.113837153772685,0.6439393939393939,43.382352941176464,1026.4705882352932,31.10516934046343,0
141,4,0,0,35,0.0,0.0,1.0,35,1050,700,350,0.6666666666666666,14,7,7,373.82975458701185,0.4382703081232493,0.12399001441580815,0.2204456158036326,131587.09092184462,2838.2339812263926,134425.324903071,138,1,66.77142857142857,32,3,20,33.90864714086471,0.6451822916666667,43.49747474747474,1026.0101010101002,32.06281565656563,0
142,4,1,1,35,0.027777777777777776,0.027777777777777776,0.9722222222222222,36,850,500,350,0.5882352941176471,12,5,7,362.766355755424,0.4398148148148148,0.1202952445345955,0.21547447396075167,131862.52170138876,2367.057291666648,134229.57899305542,139,0,65.88888888888889,33,3,21,33.91438471940499,0.6455176767676767,43.22916666666666,1027.0833333333321,31.123737373737338,0
143,4,0,1,34,0.0,0.02857142857142857,0.9714285714285714,35,1200,700,500,0.5833333333333334,17,7,10,354.89458115290927,0.4375700280112045,0.08730196586146954,0.21167467692377612,132019.90370290243,2370.6296856977706,134390.5333886002,140,1,64.8,33,2,21,33.957886159472146,0.6470959595959596,43.07598039215684,1027.69607843137,31.142305407011214,0
144,4,0,0,34,0.0,0.0,1.0,34,1150,900,250,0.782608695652174,14,9,5,367.5116656627266,0.43662730243612596,0.08294356208748765,0.2187595042792687,131943.58555568295,2898.1613802162915,134841.74693589925,141,2,65.70588235294117,32,2,21,33.71072467330301,0.6487630208333333,43.15025252525252,1027.398989898989,32.106218434343404,0
145,4,0,1,33,0.0,0.029411764705882353,0.9705882352941176,34,850,600,250,0.7058823529411765,11,6,5,367.96932067202357,0.4362002376708259,0.07821939586645499,0.21959459459459463,132040.89506172828,2917.399691358013,134958.2947530863,142,3,66.70588235294117,32,2,21,33.60078828828829,0.6497395833333333,43.05555555555555,1027.777777777777,32.11805555555553,0
146,4,0,1,32,0.0,0.030303030303030304,0.9696969696969697,33,1400,1000,400,0.7142857142857143,18,10,8,377.4958958893065,0.43406723484848486,0.08642202962689782,0.22422346587160005,131862.52170138882,3355.5121527777737,135218.0338541666,143,4,69.33333333333333,31,2,22,33.536173089925626,0.6505376344086021,43.229166666666664,1027.0833333333328,33.13172043010751,0
147,4,0,1,31,0.0,0.03125,0.96875,32,1100,900,200,0.8181818181818182,13,9,4,387.17938299719054,0.4321656586021505,0.0959426953789766,0.2294540967195919,131776.25529324208,3804.209843623554,135580.46513686565,144,5,72.09375,30,2,23,33.37478727582145,0.6524305555555556,43.31317204301076,1026.7473118279577,34.22491039426526,0
148,4,0,0,31,0.0,0.0,1.0,31,1150,800,350,0.6956521739130435,15,8,7,388.35379325904495,0.4314516129032258,0.07921931821154837,0.2313237812021269,131969.5312500001,4050.1736111111263,136019.7048611112,145,6,71.6774193548387,29,2,23,33.1491619356583,0.6573275862068966,43.12500000000001,1027.5000000000007,35.43103448275865,0
149,4,0,0,31,0.0,0.0,1.0,31,850,600,250,0.7058823529411765,11,6,5,388.13794838382285,0.4311827956989247,0.08058630416490487,0.23141278646993607,132005.21074459885,4047.2463348765586,136052.4570794754,146,7,72.6774193548387,29,2,23,33.118636527458676,0.6576867816091954,43.090277777777786,1027.6388888888896,35.4358237547893,0
150,4,0,0,31,0.0,0.0,1.0,31,800,400,400,0.5,12,4,8,410.08647068840503,0.42988351254480284,0.09363964607387998,0.2268029256256283,129095.50781250009,4412.374614197543,133507.88242669764,147,8,73.6774193548387,29,2,18,35.51874060407271,0.6282327586206897,45.93750000000001,1016.2500000000007,35.043103448275886,8
151,4,0,0,31,0.0,0.0,1.0,31,1500,1300,200,0.8666666666666667,17,13,4,434.8146525164963,0.42952508960573477,0.055240426889191285,0.22535684622115348,126482.86651636023,4799.320730720301,131282.18724708052,148,9,74.6774193548387,30,1,15,37.58685195082842,0.5986111111111111,48.52150537634408,1005.9139784946232,33.53046594982077,8
152,4,2,2,31,0.06060606060606061,0.06060606060606061,0.9393939393939394,33,750,500,250,0.6666666666666666,10,5,5,414.45527446225117,0.43580334595959597,0.0561378797660268,0.21821591439225943,127124.83935885962,3938.97535694805,131063.81471580768,149,0,71.0909090909091,31,2,17,37.43503873466752,0.602486559139785,47.884114583333336,1008.463541666667,32.53108198924732,0
153,4,0,0,31,0.0,0.0,1.0,31,950,700,250,0.7368421052631579,12,7,5,425.04664667116936,0.43355734767025095,0.049455771488532196,0.22342501027893769,127058.13397863913,4601.126755983342,131659.26073462248,150,1,71.87096774193549,30,1,18,37.23697951384258,0.6045138888888889,47.9502688172043,1008.1989247311826,33.60663082437275,0
154,4,1,1,31,0.03125,0.03125,0.96875,32,1050,800,250,0.7619047619047619,13,8,5,411.87883938624634,0.43466481854838707,0.04185520361990913,0.2188725317643747,127498.92509249639,4102.826374436369,131601.75146693276,151,0,70.59375,30,2,18,37.11405376630289,0.6090277777777777,47.51344086021506,1009.946236559141,33.664874551971366,0
155,4,3,1,33,0.08823529411764706,0.029411764705882353,0.9705882352941176,34,600,400,200,0.6666666666666666,8,4,4,384.21531268606907,0.44450014854426617,0.03336314585654776,0.2083070046616906,128304.38220589758,3059.30166564639,131363.68387154397,152,0,64.5,32,2,21,36.98565761050182,0.6119791666666667,46.71717171717173,1013.131313131315,31.660353535353593,0
156,4,1,4,30,0.029411764705882353,0.11764705882352941,0.8823529411764706,34,1100,1000,100,0.9090909090909091,12,10,2,388.81591292925475,0.4429032976827094,0.027558420628525315,0.21181762420772848,128496.33487654335,3192.2839506173,131688.61882716065,153,0,65.38235294117646,32,2,14,36.67237442922374,0.6139322916666667,46.527777777777786,1013.8888888888899,31.68402777777781,0
157,4,0,0,30,0.0,0.0,1.0,30,900,700,200,0.7777777777777778,11,7,4,425.4845429295979,0.4316570881226054,0.031135531135531247,0.22775937297996124,127793.20987654317,4874.807098765429,132668.0169753086,154,2,71.36666666666666,29,1,19,36.4669184981685,0.6149425287356323,47.22222222222222,1011.1111111111109,34.865900383141756,0
158,4,2,0,32,0.0625,0.0,1.0,32,600,400,200,0.6666666666666666,8,4,4,401.3987293233612,0.4353788642473118,0.028871021220159054,0.21805089474770473,128382.79714417843,3907.020581216826,132289.81772539526,155,0,67.84375,30,2,16,36.46993810786913,0.6180555555555556,46.63978494623655,1013.440860215053,33.78136200716843,0
159,4,1,0,33,0.030303030303030304,0.0,1.0,33,1000,900,100,0.9,11,9,2,387.2346687635792,0.43596117424242425,0.032775160532985126,0.21259728716062407,128804.5586480034,3375.518120659712,132180.0767686631,156,0,66.75757575757575,31,2,17,36.396870189840946,0.6196236559139785,46.22395833333333,1015.104166666666,32.74529569892471,0
160,4,0,1,32,0.0,0.030303030303030304,0.9696969696969697,33,800,500,300,0.625,11,5,6,387.7764628533862,0.4356060606060606,0.03418803418803429,0.21360567869042443,128936.76757812485,3399.728732638874,132336.49631076373,157,1,67.75757575757575,31,2,17,36.24786324786324,0.6209677419354839,46.09374999999999,1015.6249999999989,32.76209677419351,0
161,4,0,1,31,0.0,0.03125,0.96875,32,900,600,300,0.6666666666666666,12,6,6,396.0501397967918,0.43611391129032256,0.03336724229191468,0.2183042236647962,128962.36423647247,3815.112476875943,132777.4767133484,158,2,68.46875,30,2,17,36.01158969608751,0.6239583333333334,46.068548387096776,1015.7258064516132,33.85752688172044,0
162,4,0,0,31,0.0,0.0,1.0,31,1250,900,350,0.72,16,9,7,409.60139714485797,0.4344086021505376,0.04055753372073023,0.22532699883567014,128883.87586805549,4358.203124999991,133242.07899305547,159,3,71.45161290322581,29,2,18,35.74793119956231,0.6260775862068966,46.14583333333333,1015.4166666666661,35.014367816091934,0
163,4,0,1,30,0.0,0.03225806451612903,0.967741935483871,31,1150,1000,150,0.8695652173913043,13,10,3,413.11233120531324,0.43378136200716844,0.047454668095068264,0.22847641174824443,129095.50781249988,4466.1892361110995,133561.69704861098,160,4,72.45161290322581,29,2,19,35.44186483531501,0.6282327586206897,45.93749999999999,1016.2499999999991,35.04310344827583,0
164,4,1,0,31,0.03225806451612903,0.0,1.0,31,1300,1000,300,0.7692307692307693,16,10,6,406.4325749777561,0.43400537634408604,0.046457955286200336,0.2261939345848848,129342.63117283938,4313.811728395045,133656.44290123443,161,0,73.06451612903226,29,2,20,35.35863826688511,0.6307471264367817,45.694444444444436,1017.2222222222211,35.07662835249038,0
165,4,1,0,32,0.03125,0.0,1.0,32,900,500,400,0.5555555555555556,13,5,8,393.91465284891086,0.43432879704301075,0.048249736182561564,0.2216976231067253,129782.79867976051,3824.6692175395788,133607.46789730008,162,0,71.75,30,2,19,35.22759750252825,0.6322916666666667,45.26209677419354,1018.9516129032246,33.96505376344082,0
166,4,0,0,32,0.0,0.0,1.0,32,1000,700,300,0.7,13,7,6,393.4095839522128,0.43416078629032256,0.04709259614156114,0.22168587570870915,129830.95169067383,3815.348137749567,133646.2998284234,163,1,72.75,31,1,19,35.19135151824881,0.6300403225806452,45.21484375,1019.140625,32.875504032258064,0
167,4,0,0,32,0.0,0.0,1.0,32,1050,900,150,0.8571428571428571,12,9,3,387.5355916535292,0.43447580645161293,0.043762768130745755,0.2193048232536444,129996.88042534716,3675.6835937499914,133672.56401909716,164,2,73.75,31,1,20,35.17194416070819,0.6317204301075269,45.05208333333333,1019.7916666666661,32.89650537634407,0
168,4,0,0,32,0.0,0.0,1.0,32,1200,900,300,0.75,15,9,6,387.05031366648103,0.43432879704301075,0.036866543272912944,0.2194031951709993,130063.28158908409,3668.2067871093586,133731.48837619345,165,3,74.75,31,1,20,35.11669219640881,0.6323924731182795,44.98697916666666,1020.0520833333323,32.90490591397846,0
169,4,0,1,31,0.0,0.03125,0.96875,32,800,600,200,0.75,10,6,4,386.1889510879098,0.43382476478494625,0.03916220010209304,0.21928816092209116,130129.69970703113,3650.930447048598,133780.63015407973,166,4,75.75,31,1,20,35.071039646077914,0.6330645161290323,44.92187499999999,1020.3124999999991,32.913306451612875,0
170,4,0,1,30,0.0,0.03225806451612903,0.967741935483871,31,700,300,400,0.42857142857142855,11,3,8,393.3967958174954,0.43154121863799283,0.04201030489567614,0.2227682751241158,130022.5820904149,4030.093435657284,134052.67552607218,167,5,78.83870967741936,30,1,20,34.99632094535232,0.6347222222222222,45.0268817204301,1019.8924731182781,33.99641577060927,0
171,4,0,0,30,0.0,0.0,1.0,30,1200,800,400,0.6666666666666666,16,8,8,401.1834712830687,0.430411877394636,0.04668301321345836,0.22671961991447312,129943.77170138879,4426.258680555539,134370.03038194432,168,6,80.8,29,1,20,34.87816714344095,0.6368534482758621,45.10416666666666,1019.5833333333325,35.15804597701146,0
172,4,0,0,30,0.0,0.0,1.0,30,800,700,100,0.875,9,7,2,399.42556400825555,0.429573754789272,0.035952727433081755,0.22054476540090592,129030.63441221518,4307.626784888411,133338.2611971036,169,7,81.8,30,0,19,35.85598844644352,0.6246527777777777,46.0013440860215,1015.9946236559132,33.86648745519711,8
173,4,0,0,30,0.0,0.0,1.0,30,650,400,250,0.6153846153846154,9,4,5,398.3820103304393,0.42895114942528734,0.032936560419697614,0.220348674477575,129098.92265363043,4286.137667649432,133385.06032127986,170,8,82.8,30,0,19,35.81261297006568,0.6253472222222223,45.93413978494623,1016.2634408602147,33.87544802867382,0
174,4,1,2,29,0.03225806451612903,0.06451612903225806,0.935483870967742,31,1300,1100,200,0.8461538461538461,15,11,4,388.06027192824536,0.4313172043010753,0.030632370295183398,0.21701396322854238,129532.5469970703,3853.287082248263,133385.83407931856,171,0,81.09677419354838,31,0,16,35.631981751513614,0.627016129032258,45.5078125,1017.9687499999999,32.837701612903224,0
175,4,1,0,30,0.03333333333333333,0.0,1.0,30,850,400,450,0.47058823529411764,13,4,9,398.2426642812134,0.42624521072796934,0.05457266085731893,0.22276882860161829,129543.23657359234,4317.928734535788,133861.1653081281,172,0,84.43333333333334,30,0,17,35.36192896752047,0.6298611111111111,45.49731182795699,1018.0107526881721,33.9336917562724,0
176,4,0,0,30,0.0,0.0,1.0,30,1200,800,400,0.6666666666666666,16,8,8,399.9343257789707,0.42497605363984675,0.050296794618124085,0.22508553257092648,129782.79867976073,4380.9192175396065,134163.71789730035,173,1,85.43333333333334,30,0,18,35.07425361649738,0.6322916666666667,45.26209677419355,1018.9516129032263,33.96505376344088,0
177,4,1,0,31,0.03225806451612903,0.0,1.0,31,1000,600,400,0.6,14,6,8,389.3377759266972,0.4265232974910394,0.053719552337063714,0.22183198860939737,130262.58680555562,3943.229166666676,134205.8159722223,174,0,83.64516129032258,31,0,21,34.85544217687075,0.6344086021505376,44.79166666666667,1020.8333333333339,32.93010752688174,0
178,4,2,0,33,0.06060606060606061,0.0,1.0,33,950,500,450,0.5263157894736842,14,5,9,364.6678794679949,0.43189709595959597,0.07251446100904402,0.19882197827613549,128528.34093778738,2774.031508264513,131302.3724460519,175,0,79.51515151515152,32,1,17,37.251743244925905,0.6142578125,46.496212121212146,1014.0151515151549,31.68797348484859,8
179,4,0,0,33,0.0,0.0,1.0,33,600,400,200,0.6666666666666666,8,4,4,403.4175363671337,0.4318576388888889,0.09653198232480986,0.2150933073648348,127633.67776566165,3699.690401489645,131333.3681671513,176,1,80.51515151515152,32,1,16,37.18891873880628,0.6051432291666667,47.380050505050505,1010.4797979797979,31.577493686868685,8
180,4,1,1,33,0.029411764705882353,0.029411764705882353,0.9705882352941176,34,1050,800,250,0.7619047619047619,13,8,5,395.7799570704465,0.43441770647653,0.10703363914373076,0.21323961945582626,128054.14540816341,3336.252834467137,131390.39824263056,177,0,79.11764705882354,34,0,17,36.94963930055673,0.6047794117647058,46.96428571428572,1012.1428571428584,29.768907563025245,0
181,4,0,1,32,0.0,0.030303030303030304,0.9696969696969697,33,1000,600,400,0.6,14,6,8,396.0829094714253,0.43442234848484845,0.10925377733270247,0.21371919759264826,128113.51290669455,3548.714586937718,131662.22749363226,178,1,80.45454545454545,33,0,18,36.88100209821249,0.6076388888888888,46.90563725490196,1012.3774509803923,30.678104575163403,0
182,4,1,1,32,0.030303030303030304,0.030303030303030304,0.9696969696969697,33,1000,700,300,0.7,13,7,6,400.10393681824485,0.434738005050505,0.1176617147840171,0.21748666509729164,128408.33875868047,3675.3438806588706,132083.68263933936,179,0,80.93939393939394,31,2,16,36.476533059266885,0.6155913978494624,46.61458333333333,1013.541666666666,32.69489247311826,0
183,4,1,0,33,0.030303030303030304,0.0,1.0,33,650,300,350,0.46153846153846156,10,3,7,402.67476858733414,0.43477746212121215,0.1263229133849082,0.22015713137290654,128639.3928527831,3759.9675496419122,132399.36040242502,180,0,81.9090909090909,31,2,18,36.17435181619818,0.6179435483870968,46.38671874999999,1014.4531249999992,32.72429435483868,0
184,4,2,1,34,0.05714285714285714,0.02857142857142857,0.9714285714285714,35,950,600,350,0.631578947368421,13,6,7,383.74305143756783,0.4373249299719888,0.1255440276669324,0.21332300064386522,129297.68207644623,2924.642354441513,132222.32443088773,181,0,78.17142857142858,32,3,20,35.981533209186836,0.6220703125,45.73863636363636,1017.0454545454542,31.782670454545443,0
185,4,0,1,33,0.0,0.029411764705882353,0.9705882352941176,34,1200,900,300,0.75,15,9,6,396.2499082288316,0.4363302139037433,0.13047162775982457,0.21992292347966916,129234.48562622069,3441.8306138780376,132676.31624009873,182,1,81.20588235294117,31,3,20,35.72813953984719,0.623991935483871,45.80078125,1016.7968749999999,32.799899193548384,0
186,4,0,0,33,0.0,0.0,1.0,33,1200,1100,100,0.9166666666666666,13,11,2,435.11225325600947,0.43442234848484845,0.18552364737988558,0.22930226292780392,127162.04668209865,4581.254276228524,131743.30095832716,183,2,84.42424242424242,29,4,20,36.87574589185716,0.6084770114942528,47.847222222222214,1008.6111111111102,34.779693486590006,8
187,4,2,0,35,0.05714285714285714,0.0,1.0,35,1200,900,300,0.75,15,9,6,415.1601383478235,0.4391456582633053,0.1856112991025456,0.22271850515786537,127880.9950086805,3618.218315972218,131499.21332465272,184,0,80.54285714285714,31,4,20,36.63748712667353,0.6102150537634409,47.135416666666664,1011.4583333333329,32.627688172042994,0
188,4,3,3,35,0.07894736842105263,0.07894736842105263,0.9210526315789473,38,800,400,400,0.5,12,4,8,380.06904846831094,0.4424786628733997,0.16294442305223944,0.20779775134151632,128639.39285278307,2179.184129503024,130818.57698228609,185,0,75.10526315789474,31,7,20,36.74766290163866,0.6179435483870968,46.38671874999999,1014.453124999999,32.724294354838676,0
189,4,0,2,33,0.0,0.05714285714285714,0.9428571428571428,35,1200,1100,100,0.9166666666666666,13,11,2,386.12028350181413,0.4386204481792717,0.06995265942634399,0.19534487715624313,125488.75808715809,2700.927734374987,128189.68582153307,186,2,82.54285714285714,31,4,16,39.839858132986805,0.5856854838709677,49.51171874999999,1001.9531249999991,32.32106854838707,8
190,4,3,1,35,0.08333333333333333,0.027777777777777776,0.9722222222222222,36,900,800,100,0.8888888888888888,10,8,2,368.24862142635726,0.4441798941798942,0.08473025451904048,0.18897093773066082,126075.53597847145,2085.428463932234,128160.96444240368,187,0,80.27777777777777,32,4,19,39.6810305087587,0.5891927083333333,48.92676767676767,1004.2929292929282,31.384154040404006,0
191,4,1,2,34,0.027777777777777776,0.05555555555555555,0.9444444444444444,36,1100,800,300,0.7272727272727273,14,8,6,366.02144602887665,0.44667658730158727,0.09548218818869136,0.1895791182747743,126456.23692735426,2057.13893990408,128513.37586725834,188,0,79.52777777777777,32,4,16,39.34429659385723,0.5930989583333333,48.54797979797979,1005.80808080808,31.4315025252525,0
192,4,2,2,34,0.05555555555555555,0.05555555555555555,0.9444444444444444,36,1050,800,250,0.7619047619047619,13,8,5,364.26416432387924,0.44801587301587303,0.11722243115624109,0.19029045440809317,126805.71697084473,2038.1557047750139,128843.87267561974,189,0,79.44444444444444,32,4,18,39.02861351385231,0.5966796875,48.20075757575757,1007.1969696969691,31.474905303030283,0
193,4,2,1,35,0.05555555555555555,0.027777777777777776,0.9722222222222222,36,900,500,400,0.5555555555555556,13,5,8,364.77671023409545,0.4484953703703704,0.13129731685593393,0.19160376674401433,127028.36445260687,2067.3977782879283,129095.76223089479,190,0,80.27777777777777,32,4,20,38.786687959251836,0.5989583333333333,47.97979797979798,1008.080808080808,31.50252525252525,0
194,4,3,1,37,0.07894736842105263,0.02631578947368421,0.9736842105263158,38,1050,800,250,0.7619047619047619,13,8,5,345.77804407195816,0.4530731389284021,0.14329275850955692,0.18490851072160372,127753.08956916095,1234.8426870748244,128987.93225623577,191,0,76.73684210526316,34,4,20,38.522776338514674,0.6017156862745099,47.26190476190476,1010.9523809523805,29.733893557422956,0
195,4,3,1,39,0.075,0.025,0.975,40,450,300,150,0.6666666666666666,6,3,3,332.19588536143885,0.45627670940170945,0.15595020557332107,0.18044089157721838,128379.01341735259,529.994785980237,128909.00820333282,192,0,73.8,35,5,17,38.227120450738504,0.605952380952381,46.64351851851852,1013.4259259259263,28.955026455026466,0
196,4,1,2,38,0.025,0.05,0.95,40,1200,1000,200,0.8333333333333334,14,10,4,335.6627915537207,0.4549412393162393,0.16982994750057046,0.18313059648777694,128555.01570001699,630.2270876200075,129185.24278763699,193,0,74.775,35,5,19,37.959845545157116,0.6077380952380953,46.4699074074074,1014.1203703703691,28.97486772486769,0
197,4,1,2,37,0.02564102564102564,0.05128205128205128,0.9487179487179487,39,1350,1200,150,0.8888888888888888,15,12,3,358.89499829306135,0.45346941070625285,0.12445123115098311,0.1878372523533813,126882.03124999988,1349.943737139904,128231.9749871398,194,0,75.6923076923077,34,5,19,39.08533223049352,0.5928308823529411,48.12499999999999,1007.4999999999991,29.632352941176443,8
198,4,3,1,39,0.075,0.025,0.975,40,1150,1100,50,0.9565217391304348,12,11,1,372.14027826162857,0.4546340811965812,0.21117410387710356,0.19196821146552695,126290.07623269902,1441.8859332948955,127731.96216599391,195,0,74.55,33,7,18,39.36184264000651,0.5890151515151515,48.71323529411765,1005.14705882353,30.45900178253121,8
199,4,1,2,38,0.025,0.05,0.95,40,850,300,550,0.35294117647058826,14,3,11,364.6662057303528,0.45435363247863253,0.2278538396008276,0.1902515690467497,126752.42282115047,1244.4650194636604,127996.88784061413,196,0,75.075,33,7,19,39.073338809784595,0.59375,48.25367647058823,1006.9852941176466,30.514705882352928,0
200,4,4,2,40,0.09523809523809523,0.047619047619047616,0.9523809523809523,42,1150,800,350,0.6956521739130435,15,8,7,339.7326597914522,0.45637340301974444,0.24306861350469,0.18198922431624273,127822.46823827602,285.5477255713496,128108.01596384737,197,0,72.14285714285714,35,7,18,38.60461733623289,0.600297619047619,47.193287037037045,1011.2268518518529,28.892195767195798,0
201,4,0,1,39,0.0,0.025,0.975,40,1000,500,500,0.5,15,5,10,381.50973888824865,0.45345886752136755,0.3071415106195807,0.1962296698341172,126170.65741059574,1650.1380344285135,127820.79544502425,198,1,76.6,32,8,18,39.24976959490594,0.5901692708333333,48.8320707070707,1004.6717171717162,31.39599116161613,8
202,4,1,1,39,0.025,0.025,0.975,40,1150,600,550,0.5217391304347826,17,6,11,379.0519759761941,0.4539262820512821,0.3286332831325307,0.19663321253765056,126519.74288337912,1591.511707988966,128111.25459136808,199,0,77.5,32,8,17,38.9511169678715,0.59375,48.48484848484848,1006.060606060605,31.439393939393906,0
203,4,2,0,41,0.04878048780487805,0.0,1.0,41,1350,900,450,0.6666666666666666,18,9,9,364.96626513017964,0.45914634146341465,0.3100935166900909,0.19171216455688733,127030.23626730099,1072.350177816222,128102.58644511721,200,0,72.60975609756098,33,8,20,38.77998622254643,0.5965909090909092,47.97794117647059,1008.0882352941172,30.548128342245978,0
204,4,3,4,40,0.06818181818181818,0.09090909090909091,0.9090909090909091,44,950,700,250,0.7368421052631579,12,7,5,340.73292680018494,0.4625836856941508,0.2967045201514138,0.18282336610031424,127888.11404309706,-84.86171982794906,127803.2523232691,201,0,68.5909090909091,36,8,17,38.51220960439396,0.5989583333333333,47.12837837837837,1011.4864864864858,28.096846846846827,0
205,4,2,0,42,0.047619047619047616,0.0,1.0,42,1250,800,450,0.64,17,8,9,360.02551097294025,0.4573654665118079,0.3258639535861434,0.19296004515552861,127843.36911848077,805.3748582766531,128648.74397675743,202,0,72.76190476190476,34,8,19,38.07018834608595,0.6026348039215687,47.17261904761905,1011.3095238095241,29.74439775910365,0
206,4,0,0,42,0.0,0.0,1.0,42,1250,1000,250,0.8,15,10,5,361.54693367567165,0.4567605497483546,0.3257328807787516,0.19479543917050454,128054.14540816331,859.5167233560121,128913.66213151932,203,1,73.76190476190476,34,8,19,37.815857053242375,0.6047794117647058,46.964285714285715,1012.1428571428576,29.768907563025223,0
207,4,1,2,41,0.023255813953488372,0.046511627906976744,0.9534883720930233,43,1200,800,400,0.6666666666666666,16,8,8,351.89584347791197,0.45724898486526394,0.3165945648796582,0.19128193056089843,128408.33875868046,437.2721354166565,128845.61089409712,204,0,73.02325581395348,35,8,18,37.698055841041445,0.60625,46.61458333333333,1013.5416666666658,28.95833333333331,0
208,4,0,1,40,0.0,0.024390243902439025,0.975609756097561,41,1100,800,300,0.7272727272727273,14,8,6,368.4352434809159,0.4553099593495935,0.3309055874475977,0.19910483996497275,128174.66695011339,1244.8129251700668,129419.47987528346,205,3,77.3170731707317,34,7,20,37.51812446116465,0.6060049019607843,46.845238095238095,1012.6190476190477,29.78291316526611,0
209,4,0,0,40,0.0,0.0,1.0,40,1350,800,550,0.5925925925925926,19,8,11,369.06190408463937,0.455355235042735,0.3236486486486485,0.200045656290464,128295.24518140609,1469.7774943310897,129765.02267573719,206,4,77.775,34,6,20,37.37881903642774,0.6072303921568627,46.72619047619049,1013.0952380952397,29.796918767507048,0
210,4,0,0,40,0.0,0.0,1.0,40,1150,700,450,0.6086956521739131,16,7,9,368.1316005886425,0.4550747863247863,0.32183388157894743,0.19984286889097758,128355.55555555572,1450.3472222222458,129805.90277777797,207,5,78.775,34,6,20,37.34066611842106,0.607843137254902,46.66666666666668,1013.3333333333347,29.80392156862749,0
211,4,0,0,40,0.0,0.0,1.0,40,1300,700,600,0.5384615384615384,19,7,12,379.59400573918634,0.45419337606837606,0.2737628865979387,0.20231109097088457,127617.7300347219,1691.362847222183,129309.09288194409,208,6,79.775,33,7,18,37.80713058419244,0.6025883838383839,47.395833333333314,1010.416666666664,30.618686868686787,8
212,4,0,1,39,0.0,0.025,0.975,40,1700,1400,300,0.8235294117647058,20,14,6,377.7135622255322,0.45335202991452994,0.2710021196420158,0.20198637093319988,127753.08956916074,1650.8149092970166,129403.90447845776,209,7,80.775,34,6,18,37.715644135657065,0.6017156862745099,47.261904761904745,1010.9523809523789,29.73389355742291,0
213,4,0,1,38,0.0,0.02564102564102564,0.9743589743589743,39,1000,600,400,0.6,14,6,8,355.9739704398927,0.45099527665317135,0.20079809814909155,0.18535196391870312,126672.22222222248,1226.5660430839332,127898.78826530642,210,8,83.58974358974359,34,5,17,39.37465507726268,0.5906862745098039,48.33333333333335,1006.6666666666688,29.607843137254964,8
214,4,1,0,39,0.02564102564102564,0.0,1.0,39,1250,900,350,0.72,16,9,7,347.7355851602787,0.45197930724246516,0.19451142496268226,0.18254546179390413,127004.50002411274,1032.7968267747037,128037.29685088745,211,0,82.25641025641026,35,4,18,39.24065621770583,0.5919642857142857,48.00347222222223,1007.9861111111119,28.799603174603195,0
215,4,1,2,38,0.025,0.05,0.95,40,1200,800,400,0.6666666666666666,16,8,8,340.1430453887451,0.45471420940170937,0.18621401472885513,0.1799505296796893,127319.21744379538,661.3492715688935,127980.56671536427,212,0,81.175,36,4,16,39.10934129286618,0.5931712962962963,47.691441441441455,1009.234234234236,28.034284284284336,0
216,4,0,0,38,0.0,0.0,1.0,38,1150,700,450,0.6086956521739131,16,7,9,352.54669939136005,0.45079125177809387,0.19868094862347707,0.18560740152543254,127122.0255810657,1363.2901077097442,128485.31568877544,213,2,86.1842105263158,34,4,19,38.99874080195176,0.595281862745098,47.88690476190476,1008.4523809523804,29.660364145658246,0
217,4,1,0,39,0.02564102564102564,0.0,1.0,39,1300,1000,300,0.7692307692307693,16,10,6,344.527715166117,0.4526259559154296,0.20161380372244486,0.18309067250545302,127500.8104531036,985.5125814471915,128486.32303455079,214,0,84.94871794871794,35,4,18,38.81264802505921,0.5970238095238095,47.511574074074076,1009.9537037037039,28.85582010582011,0
218,4,2,1,40,0.04878048780487805,0.024390243902439025,0.975609756097561,41,1200,800,400,0.6666666666666666,16,8,8,331.15200914630145,0.4566310975609756,0.19891657638136384,0.17832748217155023,128033.53555901854,279.71250769471146,128313.24806671325,215,0,81.7560975609756,37,4,20,38.60599494402308,0.5985360360360361,46.984649122807035,1012.061403508775,27.353010905642567,0
219,4,0,0,40,0.0,0.0,1.0,40,900,500,400,0.5555555555555556,13,5,8,337.5961109980802,0.45555555555555555,0.19965776293823012,0.1815260955905299,127973.5579117972,640.6750923220811,128614.23300411928,216,1,84.7,36,4,21,38.50421999629011,0.5998263888888888,47.04391891891893,1011.8243243243264,28.10623123123129,0
220,4,1,0,41,0.024390243902439025,0.0,1.0,41,1300,800,500,0.6153846153846154,18,8,10,333.06815839283365,0.45594512195121956,0.20016893675430247,0.1806073816637199,128311.11495844898,347.2693521083681,128658.38431055735,217,0,83.60975609756098,37,4,24,38.27426046176048,0.6013513513513513,46.71052631578949,1013.1578947368439,27.382645803698484,0
221,4,0,0,41,0.0,0.0,1.0,41,1250,800,450,0.64,17,8,9,331.2783049329854,0.45541158536585363,0.1995862840497722,0.18013745004708942,128422.23087873212,308.69979224378767,128730.93067097591,218,1,84.60975609756098,37,4,16,38.20631400548102,0.6024774774774775,46.600877192982466,1013.5964912280718,27.394499762920862,0
222,4,0,1,40,0.0,0.024390243902439025,0.975609756097561,41,950,600,350,0.631578947368421,13,6,7,326.9754857560258,0.4553353658536585,0.1891944627554376,0.17854328472510309,128588.994931133,209.08981609729491,128798.0847472303,219,2,85.60975609756098,37,4,18,38.145495495495496,0.6041666666666667,46.436403508771946,1014.2543859649151,27.41228070175446,0
223,4,1,0,41,0.024390243902439025,0.0,1.0,41,1000,500,500,0.5,15,5,10,321.89849184352863,0.45439532520325204,0.17156584698541888,0.17692315604332312,128848.62075617306,95.2353395061927,128943.85609567925,217,0,81.2439024390244,38,3,19,38.010145918832634,0.6049890350877193,46.180555555555564,1015.2777777777795,26.717836257309987,0
224,4,0,2,39,0.0,0.04878048780487805,0.9512195121951219,41,700,400,300,0.5714285714285714,10,4,6,320.45605167523024,0.45442073170731706,0.16517109095341276,0.17637144013740985,128902.86138733682,61.540401965106156,128964.40178930192,218,1,82.2439024390244,38,3,19,37.991627213747144,0.6055372807017544,46.127136752136764,1015.4914529914552,26.72345928924882,0
225,4,2,0,41,0.04878048780487805,0.0,1.0,41,900,700,200,0.7777777777777778,11,7,4,323.83767804353704,0.4533028455284553,0.1875249900039988,0.1795827123695976,129201.38888888876,168.05555555554628,129369.4444444443,219,0,82.90243902439025,38,3,21,37.60245901639346,0.6085526315789473,45.83333333333333,1016.6666666666656,26.754385964912252,0
226,4,0,0,41,0.0,0.0,1.0,41,900,600,300,0.6666666666666666,12,6,6,323.09021511818855,0.45266768292682924,0.17176141515668486,0.1799102355763385,129364.36760355018,159.27227153188144,129523.63987508207,220,1,83.90243902439025,38,3,22,37.45602289434996,0.6101973684210527,45.67307692307692,1017.3076923076914,26.77125506072872,0
227,4,0,0,41,0.0,0.0,1.0,41,1200,1000,200,0.8333333333333334,14,10,4,323.93923987848,0.45241361788617884,0.17327443825619393,0.1807569572256894,129445.89548405634,186.52099769886334,129632.41648175521,221,2,84.90243902439025,38,3,15,37.351706036745405,0.6110197368421053,45.59294871794871,1017.6282051282035,26.779689608636932,0
228,4,0,0,41,0.0,0.0,1.0,41,1150,800,350,0.6956521739130435,15,8,7,323.4550885409303,0.4526930894308943,0.17308445573172015,0.1807364591512869,129500.26167223672,177.50372105338775,129677.76539329012,222,3,85.90243902439025,38,3,16,37.308876526363655,0.6115679824561404,45.53952991452991,1017.8418803418795,26.785312640575775,0
229,4,0,1,40,0.0,0.024390243902439025,0.975609756097561,41,1200,900,300,0.75,15,9,6,320.0381162647135,0.4522865853658537,0.17050907052979936,0.17932294451022807,129609.02829141992,95.96585305718338,129704.99414447711,223,4,86.90243902439025,38,3,16,37.28556814604973,0.6126644736842105,45.4326923076923,1018.2692307692291,26.7965587044534,0
230,4,0,1,39,0.0,0.025,0.975,40,1200,900,300,0.75,15,9,6,330.04879195121845,0.4505208333333333,0.17098320051690696,0.18485121122189463,129591.85157933203,554.3268120960188,130146.17839142804,224,5,89.85,37,3,16,37.04815492856631,0.6143018018018018,45.44956140350877,1018.2017543859643,27.518966334755792,0
231,4,2,0,41,0.04878048780487805,0.0,1.0,41,1150,900,250,0.782608695652174,14,9,5,325.1176030477894,0.45391260162601627,0.1675079444552301,0.18433627517222625,130071.79578493665,257.7260939440246,130329.52187888068,225,0,86.41463414634147,38,3,19,36.68743890518085,0.6173245614035088,44.97863247863247,1020.0854700854688,26.84435447593339,0
232,4,0,1,40,0.0,0.024390243902439025,0.975609756097561,41,1350,1000,350,0.7407407407407407,17,10,7,326.0308204914621,0.4533536585365854,0.16286709805873567,0.18576174655908842,130262.58680555527,293.9236111110771,130556.51041666635,226,1,87.41463414634147,38,3,19,36.471088435374135,0.6192434210526316,44.79166666666665,1020.8333333333311,26.86403508771924,0
233,4,1,0,41,0.024390243902439025,0.0,1.0,41,600,200,400,0.3333333333333333,10,2,8,325.94317326377364,0.4548018292682927,0.17095622002245148,0.18636463734459754,130398.95171305403,300.5296223244678,130699.4813353785,227,0,88.17073170731707,38,3,20,36.33542538354253,0.6206140350877193,44.658119658119645,1021.3675213675193,26.878092667566296,0
234,4,1,1,41,0.023809523809523808,0.023809523809523808,0.9761904761904762,42,1050,600,450,0.5714285714285714,15,6,9,321.7154783778978,0.4554781262098335,0.17936443267467972,0.18558181943091648,130741.54188368047,12.315538194438659,130753.85742187491,228,0,87.04761904761905,39,3,15,36.097389149181765,0.6223290598290598,44.322916666666664,1022.7083333333327,26.223290598290582,0
235,4,0,3,38,0.0,0.07317073170731707,0.926829268292683,41,1350,1000,350,0.7407407407407407,17,10,7,334.9966457084474,0.45515752032520324,0.05638517411156796,0.18284726007577437,128572.46393352811,534.0930483904496,129106.55698191856,229,1,85.3170731707317,36,5,16,37.95895329039898,0.6059027777777778,46.4527027027027,1014.1891891891892,28.17192192192192,8
236,4,0,0,38,0.0,0.0,1.0,38,950,700,250,0.7368421052631579,12,7,5,346.55778255980846,0.45068752963489805,0.08426306517909521,0.18855843568669453,128446.04768990926,1302.795493197272,129748.84318310654,230,2,91.55263157894737,34,4,16,37.79482286161673,0.6087622549019608,46.57738095238095,1013.6904761904759,29.814425770308116,0
237,4,1,1,38,0.02564102564102564,0.02564102564102564,0.9743589743589743,39,1050,700,350,0.6666666666666666,14,7,7,333.9623387834213,0.4508265856950067,0.0809134999079133,0.18341788813208426,128819.24518014818,804.1552801354445,129623.40046028362,231,0,90.17948717948718,35,4,17,37.73384353741497,0.6104166666666666,46.20949074074073,1015.1620370370359,29.004629629629598,0
238,4,1,0,39,0.02564102564102564,0.0,1.0,39,900,700,200,0.7777777777777778,11,7,4,338.88782229232925,0.44902721547458385,0.09034519011739972,0.18736996723719465,129083.74592764053,948.981910150881,130032.7278377914,232,0,91.07692307692308,35,4,19,37.33959757023537,0.6130952380952381,45.94907407407407,1016.2037037037031,29.034391534391517,0
239,4,0,1,38,0.0,0.02564102564102564,0.9743589743589743,39,950,700,250,0.7368421052631579,12,7,5,339.78689680662654,0.4494770580296896,0.09069655444157432,0.18856777564410712,129230.80800165045,982.1870445387603,130212.99504618921,233,1,92.07692307692308,35,4,19,37.1671646746348,0.6145833333333333,45.80439814814815,1016.7824074074081,29.050925925925945,0
240,4,1,1,38,0.02564102564102564,0.02564102564102564,0.9743589743589743,39,1050,600,450,0.5714285714285714,15,6,9,334.6039620765342,0.45003936122357174,0.09652131308182277,0.18666484990970109,129436.8355624143,862.0156035665354,130298.85116598084,234,0,92.15384615384616,35,4,16,37.08958902032151,0.6166666666666667,45.601851851851855,1017.5925925925928,29.07407407407408,0
241,4,0,0,38,0.0,0.0,1.0,38,1150,900,250,0.782608695652174,14,9,5,341.81729392979435,0.44828710289236606,0.09816510369813525,0.18984416935944756,129261.9118480726,1236.7913832199579,130498.70323129256,235,3,95.57894736842105,34,4,19,37.08391867634434,0.6170343137254901,45.773809523809526,1016.9047619047622,29.90896358543418,0
242,4,1,0,39,0.02564102564102564,0.0,1.0,39,1100,800,300,0.7272727272727273,14,8,6,337.0036276710147,0.45113585245164195,0.10569382884418688,0.1889926653841464,129643.02722318664,938.0340952931981,130581.06131847984,236,0,94.1025641025641,35,4,17,36.81916979202181,0.61875,45.39930555555555,1018.402777777777,29.0972222222222,0
243,4,1,1,39,0.025,0.025,0.975,40,1000,700,300,0.7,13,7,6,330.11261417504915,0.4523904914529915,0.11481720430107512,0.1867425372158123,129982.90339335172,581.7992074484343,130564.70260080016,237,0,92.725,37,3,18,36.650089605734756,0.6182432432432432,45.065789473684205,1019.7368421052626,27.560455192034123,0
244,4,0,1,38,0.0,0.02564102564102564,0.9743589743589743,39,750,400,350,0.5333333333333333,11,4,7,333.3726252934324,0.45248538011695905,0.11555026971923787,0.18855022623560433,129975.34855379009,866.0446341611747,130841.39318795125,238,1,93.84615384615384,36,3,18,36.5746364807657,0.6200810185185186,45.07319819819819,1019.7072072072057,28.325200200200157,0
245,4,1,1,38,0.02564102564102564,0.02564102564102564,0.9743589743589743,39,1200,700,500,0.5833333333333334,17,7,10,348.4375599803587,0.4534412955465587,0.06631103208120326,0.1890977783295095,128344.14439777611,1223.129971187398,129567.27436896351,239,0,93.28205128205128,36,3,20,37.8512354597318,0.603587962962963,46.677927927927925,1013.288288288288,28.146896896896887,8
246,4,0,0,38,0.0,0.0,1.0,38,1150,800,350,0.6956521739130435,15,8,7,353.8332052304382,0.45203591749644384,0.07687961337789417,0.19219376830010623,128379.01341735233,1484.9515603566258,129863.96497770895,240,1,95.10526315789474,35,3,18,37.67892492766864,0.605952380952381,46.643518518518505,1013.4259259259242,28.955026455026406,0
247,4,0,0,38,0.0,0.0,1.0,38,1000,700,300,0.7,13,7,6,355.87814394820674,0.4513839497392129,0.07710307042575049,0.1940167031194918,128525.67361378997,1547.895635073694,130073.56924886367,241,2,96.10526315789474,35,3,18,37.47729045390555,0.6074404761904761,46.498842592592574,1014.0046296296271,28.971560846560774,0
248,4,0,0,38,0.0,0.0,1.0,38,1050,700,350,0.6666666666666666,14,7,7,356.9998005212483,0.4509690611664296,0.08839283033596512,0.19520294769611585,128643.06205257612,1585.1094982424324,130228.17155081854,242,3,97.10526315789474,35,3,18,37.32898364708118,0.6086309523809523,46.38310185185184,1014.4675925925911,28.98478835978832,0
249,4,0,0,38,0.0,0.0,1.0,38,1650,1400,250,0.8484848484848485,19,14,5,355.3508376505952,0.4508357041251778,0.08417373735014344,0.19493469870631847,128772.40997331783,1551.8767500608637,130324.2867233787,243,4,98.10526315789474,36,2,18,37.23880321017789,0.6079282407407407,46.25563063063063,1014.9774774774769,28.1938188188188,0
250,4,1,0,39,0.02564102564102564,0.0,1.0,39,1300,1100,200,0.8461538461538461,15,11,4,347.79342652621295,0.45223234367971205,0.07616233875808831,0.1924595385356097,129117.79495854466,1181.2640668282245,130299.05902537289,244,0,96.56410256410257,37,2,20,37.07868072787428,0.6095157657657657,45.91557017543858,1016.3377192982433,27.46858700806063,0
251,4,0,2,37,0.0,0.05128205128205128,0.9487179487179487,39,650,500,150,0.7692307692307693,8,5,3,347.73273900085087,0.4518106162843005,0.07554851217886505,0.19269756265851057,129173.52123970815,1183.57246941364,130357.0937091218,245,1,97.56410256410257,37,2,20,37.02349171250854,0.6100788288288288,45.860745614035075,1016.5570175438578,27.474513987671834,0
252,4,1,0,38,0.02631578947368421,0.0,1.0,38,1500,1200,300,0.8,18,12,6,353.0904513081962,0.4511320531057373,0.08296862909261571,0.19611409403985341,129263.69214965387,1528.3640969745961,130792.05624662846,246,0,97.78947368421052,33,5,21,36.79551297501408,0.6193181818181819,45.772058823529406,1016.9117647058814,30.815508021390347,0
253,4,0,0,38,0.0,0.0,1.0,38,1300,1300,0,1.0,13,13,0,351.39846131514014,0.45116168800379325,0.07987317691819884,0.19548305823831502,129326.01042868117,1488.9922145328578,130815.00264321403,247,1,98.78947368421052,33,5,21,36.77510040160642,0.619949494949495,45.71078431372548,1017.1568627450971,30.822935234699912,0
254,4,0,3,35,0.0,0.07894736842105263,0.9210526315789473,38,800,600,200,0.75,10,6,4,349.33198984771496,0.45107278330962547,0.07893468916811375,0.19464122011514967,129388.34372597079,1439.8975153786985,130828.24124134949,248,2,99.78947368421052,33,5,22,36.76423351802778,0.6205808080808081,45.64950980392157,1017.4019607843138,30.83036244800951,0
255,4,0,1,34,0.0,0.02857142857142857,0.9714285714285714,35,850,600,250,0.7058823529411765,11,6,5,352.9266950300899,0.4481792717086835,0.08714560968896246,0.1969558652909853,129450.69204152236,2137.3209823144753,131588.01302383683,249,3,104.37142857142857,33,2,16,36.60936496467565,0.6212121212121212,45.58823529411764,1017.6470588235283,30.83778966131904,0
256,4,0,0,34,0.0,0.0,1.0,34,1500,1200,300,0.8,18,12,6,350.9399436105693,0.4480837789661319,0.08967968506613033,0.19646961263589008,129575.43372741248,2294.6390811226365,131870.07280853513,250,4,106.58823529411765,33,1,16,36.53306050393196,0.6224747474747474,45.4656862745098,1018.1372549019604,30.852644087938195,0
257,4,0,0,34,0.0,0.0,1.0,34,900,800,100,0.8888888888888888,10,8,2,353.3357588835778,0.44767528223410574,0.08582942379405778,0.19859906447594197,129731.44531249999,2367.7517361111118,132099.1970486111,251,5,107.58823529411765,33,1,18,36.31347989093387,0.6240530303030303,45.3125,1018.7499999999999,30.871212121212118,0
258,4,0,1,33,0.0,0.029411764705882353,0.9705882352941176,34,850,700,150,0.8235294117647058,10,7,3,352.99365908316514,0.4465983363042187,0.08679246617487935,0.19904056017591107,129856.32216275009,2367.691663062308,132224.0138258124,252,6,108.58823529411765,33,1,19,36.195317822932964,0.6253156565656566,45.18995098039217,1019.2401960784329,30.886066547831298,0
259,4,0,0,33,0.0,0.0,1.0,33,1250,1000,250,0.8,15,10,5,360.8048534431528,0.44333964646464646,0.09512222597724396,0.20304708279541464,129779.6860651976,2765.0281221304103,132544.714187328,253,7,112.63636363636364,32,1,20,36.07419454770753,0.626953125,45.26515151515152,1018.9393939393954,31.841856060606105,0
260,4,0,0,33,0.0,0.0,1.0,33,1550,1100,450,0.7096774193548387,20,11,9,365.20212038000176,0.44187973484848486,0.10737560075185448,0.2067090067490731,130004.92814827565,2895.615083920003,132900.54323219566,254,8,113.63636363636364,32,1,21,35.733151747761134,0.6292317708333333,45.04419191919192,1019.823232323232,31.869476010101,0
261,4,0,0,33,0.0,0.0,1.0,33,900,700,200,0.7777777777777778,11,7,4,364.7905485842334,0.4412089646464647,0.11082743805742679,0.20750190036638708,130198.1482278595,2899.0107833384486,133097.15901119795,255,9,114.63636363636364,32,1,21,35.547342158439534,0.6311848958333333,44.854797979797986,1020.5808080808089,31.893150252525277,0
262,4,0,0,33,0.0,0.0,1.0,33,850,600,250,0.7058823529411765,11,6,5,365.9436716930398,0.44073547979797983,0.11044903649405291,0.20867563676374615,130294.81207274777,2936.11238649119,133230.92445923894,256,10,115.63636363636364,32,1,21,35.41975843020859,0.6321614583333333,44.76010101010102,1020.9595959595966,31.904987373737395,0
263,4,1,0,34,0.029411764705882353,0.0,1.0,34,500,300,200,0.6,7,3,4,355.54634179667033,0.44145499108734404,0.10765742575653903,0.20438401357174565,130606.8447982748,2487.357176326424,133094.20197460122,257,0,113.20588235294117,33,1,17,35.3688356711825,0.6328914141414141,44.454656862745104,1022.1813725490205,30.975193107546076,0
264,4,0,0,34,0.0,0.0,1.0,34,700,400,300,0.5714285714285714,10,4,6,356.0694596169319,0.4409350861556744,0.10644979381806641,0.20534897308246683,130732.14215986633,2509.944642685499,133242.0868025518,258,1,114.20588235294117,33,1,17,35.22855502296785,0.6341540404040404,44.33210784313725,1022.6715686274504,30.990047534165164,0
265,4,0,0,34,0.0,0.0,1.0,34,1200,900,300,0.75,15,9,6,361.4845275318917,0.4404337492572787,0.11050540906017581,0.20966102596849734,130951.55709342571,2667.392349096515,133618.94944252222,259,2,115.20588235294117,33,1,18,34.86789591315454,0.6363636363636364,44.117647058823536,1023.5294117647068,31.01604278074869,0
266,4,0,0,34,0.0,0.0,1.0,34,800,600,200,0.75,10,6,4,362.03879688403873,0.43987670825906117,0.1100212649100818,0.21032490328019898,131014.28086553256,2686.4505238369966,133700.73138936955,260,3,116.20588235294117,33,1,19,34.790220253770656,0.6369949494949495,44.05637254901961,1023.7745098039222,31.02346999405825,0
267,4,0,0,34,0.0,0.0,1.0,34,1000,800,200,0.8,12,8,4,362.36344154253874,0.43941250742721333,0.10809650493363177,0.2112017883132873,131139.77346453292,2704.051927143413,133843.82539167634,261,4,117.20588235294117,33,1,19,34.654921432559625,0.6382575757575757,43.93382352941177,1024.2647058823534,31.038324420677377,0
268,4,0,0,34,0.0,0.0,1.0,34,900,600,300,0.6666666666666666,12,6,6,361.5351757283334,0.4380013368983957,0.1076086497741886,0.21140959017065208,131265.32613658212,2691.406550365246,133956.73268694736,262,5,118.20588235294117,33,1,21,34.549150920832346,0.639520202020202,43.81127450980392,1024.7549019607845,31.0531788472965,0
269,4,0,0,34,0.0,0.0,1.0,34,1350,1000,350,0.7407407407407407,17,10,7,364.53169680532955,0.437722816399287,0.10661297793183877,0.21388394788712076,131394.86524793823,2779.548672592113,134174.41392053035,263,6,119.20588235294117,31,3,22,34.34139784946237,0.6458333333333333,43.68489583333333,1025.2604166666656,33.072916666666636,0
270,4,0,0,34,0.0,0.0,1.0,34,1200,1000,200,0.8333333333333334,14,10,4,360.40848626222555,0.43672014260249553,0.10578260441984288,0.21283925697883466,131642.34459102261,2689.003628412138,134331.34821943476,264,7,120.20588235294117,33,1,16,34.19711806384842,0.6433080808080809,43.44362745098039,1026.2254901960778,31.09774212715387,0
271,4,0,0,34,0.0,0.0,1.0,34,1050,900,150,0.8571428571428571,12,9,3,363.36254348094604,0.436181669637552,0.10540415282741988,0.21511576160705892,131736.6836823577,2773.635290513263,134510.31897287094,265,8,121.20588235294117,33,1,16,34.026078349448895,0.6442550505050505,43.35171568627451,1026.5931372549016,31.108882947118232,0
272,4,0,0,34,0.0,0.0,1.0,34,750,500,250,0.6666666666666666,10,5,5,381.957760442235,0.43636734997029114,0.03516724197812615,0.21231530166846013,129294.84941188488,3078.6899870242223,132373.5393989091,266,9,122.20588235294117,33,1,17,36.02981784954011,0.6196338383838385,45.74142156862745,1017.0343137254904,30.819221628045163,7
273,4,1,0,35,0.02857142857142857,0.0,1.0,35,950,800,150,0.8421052631578947,11,8,3,375.60948540811853,0.4366596638655462,0.039901880621422636,0.21169142887287057,129837.58680555562,2753.645833333339,132591.23263888896,267,0,119.68571428571428,34,1,16,35.63811665303896,0.6228553921568627,45.208333333333336,1019.1666666666672,29.975490196078447,0
274,4,0,0,35,0.0,0.0,1.0,35,900,600,300,0.6666666666666666,12,6,6,375.54748912548115,0.4364495798319328,0.039047174217655245,0.21214965018935503,129928.59977324268,2758.871882086172,132687.47165532885,268,1,120.68571428571428,34,1,16,35.54705744978981,0.6237745098039216,45.11904761904762,1019.5238095238099,29.985994397759114,0
275,4,0,0,35,0.0,0.0,1.0,35,1000,800,200,0.8,12,8,4,373.5475671750181,0.4357843137254902,0.03510737628384675,0.21167695473251036,130050.00000000001,2715.972222222223,132765.97222222225,269,2,121.68571428571428,34,1,16,35.47453703703703,0.625,45.0,1020.0000000000001,30.000000000000004,0
276,4,0,1,34,0.0,0.02857142857142857,0.9714285714285714,35,1200,800,400,0.6666666666666666,16,8,8,374.3952845203071,0.4346638655462185,0.04190387307512822,0.2128193885217555,130171.45691609978,2747.1159297052136,132918.572845805,270,3,122.68571428571428,34,1,16,35.32941553896407,0.6262254901960784,44.88095238095238,1020.4761904761905,30.014005602240896,0
277,4,1,1,34,0.02857142857142857,0.02857142857142857,0.9714285714285714,35,700,300,400,0.42857142857142855,11,3,8,372.6780508121617,0.4355042016806723,0.034052478134111164,0.21233981964878978,130262.58680555549,2709.2013888888846,132971.78819444438,265,0,115.94285714285714,34,1,17,35.28061224489795,0.6271446078431373,44.791666666666664,1020.8333333333328,30.024509803921553,0
278,4,0,0,34,0.0,0.0,1.0,34,750,600,150,0.8,9,6,3,378.64117761592223,0.43451054664289956,0.0316861614962991,0.21539096497168028,130200.04325259512,3059.81954056132,133259.86279315644,266,1,119.94117647058823,33,1,19,35.192022894652574,0.6287878787878788,44.85294117647059,1020.5882352941173,30.92691622103386,0
279,4,1,0,35,0.02857142857142857,0.0,1.0,35,650,400,250,0.6153846153846154,9,4,5,370.3246408096903,0.4349089635854342,0.04606040435976344,0.2126579960770029,130566.58340419497,2670.404620181395,133236.98802437636,267,0,117.48571428571428,34,1,14,35.03203261502619,0.6302083333333333,44.49404761904761,1022.0238095238092,30.0595238095238,0
280,4,1,0,36,0.027777777777777776,0.0,1.0,36,900,700,200,0.7777777777777778,11,7,4,357.3550205904346,0.4380125661375662,0.043272009851969884,0.20705983565272737,130913.23329260961,2156.5002357681674,133069.73352837778,268,0,115.19444444444444,35,1,15,35.01234637713942,0.631547619047619,44.15509259259259,1023.3796296296287,29.239417989417962,0
281,4,0,1,35,0.0,0.027777777777777776,0.9722222222222222,36,1000,500,500,0.5,15,5,10,358.26755763544884,0.43703703703703706,0.04264157341471697,0.20838876281399155,131061.33355034706,2191.004774305535,133252.3383246526,269,1,116.19444444444444,35,1,16,34.839140386571714,0.6330357142857144,44.01041666666666,1023.958333333332,29.255952380952344,0
282,4,0,0,35,0.0,0.0,1.0,35,1600,1300,300,0.8125,19,13,6,366.4762877416788,0.434733893557423,0.04651950769844038,0.21312120019379155,131053.71492346922,2605.615787981836,133659.33071145107,270,2,120.4,34,1,17,34.63671859861255,0.6351102941176471,44.01785714285713,1023.9285714285701,30.115546218487356,0
283,4,0,1,34,0.0,0.02857142857142857,0.9714285714285714,35,800,700,100,0.875,9,7,2,367.5695691256231,0.4344187675070028,0.046576343229063566,0.2142661634659118,131145.15306122432,2640.9934807256127,133786.14654194994,271,3,121.4,34,1,17,34.51616496203318,0.6360294117647058,43.92857142857142,1024.285714285713,30.12605042016803,0
284,4,0,0,34,0.0,0.0,1.0,34,850,500,350,0.5882352941176471,12,5,7,373.6162781569282,0.4334707367795603,0.054396633025069585,0.2177604499885361,131139.77346453292,2999.190816032302,134138.9642805652,272,4,124.6470588235294,33,1,17,34.366774347930125,0.6382575757575757,43.93382352941177,1024.2647058823534,31.038324420677377,0
285,4,0,0,34,0.0,0.0,1.0,34,1150,1000,150,0.8695652173913043,13,10,3,375.7304006886588,0.43304367201426025,0.05098953826238106,0.21953052971054346,131233.93233672148,3061.71559616494,134295.6479328864,273,5,125.6470588235294,33,1,17,34.2172736514771,0.6392045454545454,43.841911764705884,1024.6323529411766,31.049465240641716,0
286,4,0,0,34,0.0,0.0,1.0,34,1250,600,650,0.48,19,6,13,373.6509115106117,0.4318181818181818,0.0457395289338105,0.2197529499952431,131485.1878634419,3025.9120590638163,134511.09992250573,274,6,126.6470588235294,33,1,17,34.016285298920614,0.641729797979798,43.59681372549019,1025.6127450980389,31.079174093879967,0
287,4,0,1,33,0.0,0.029411764705882353,0.9705882352941176,34,1350,1100,250,0.8148148148148148,16,11,5,371.94806516399655,0.4302213309566251,0.04891189817221431,0.2196539561130681,131642.3445910226,2992.8230728565823,134635.16766387917,275,7,127.6470588235294,33,1,16,33.901062813470276,0.6433080808080809,43.44362745098039,1026.2254901960775,31.097742127153865,0
288,4,1,1,33,0.029411764705882353,0.029411764705882353,0.9705882352941176,34,900,700,200,0.7777777777777778,11,7,4,370.6750299708514,0.4305184194890077,0.04892608128393272,0.22108682797550203,132019.90370290267,2987.296352364465,135007.20005526714,276,0,123.76470588235294,33,1,18,33.552448525319974,0.6470959595959596,43.07598039215686,1027.696078431372,31.14230540701127,0
289,4,0,0,33,0.0,0.0,1.0,33,650,400,250,0.6153846153846154,9,4,5,383.0609579492553,0.4295296717171717,0.05280970411821917,0.22840535800358866,132008.45457415044,3513.457013314952,135521.91158746538,277,1,122.39393939393939,32,1,18,33.245791866322655,0.6494140625,43.087121212121204,1027.6515151515139,32.11410984848481,0
290,4,0,0,33,0.0,0.0,1.0,33,750,500,250,0.6666666666666666,10,5,5,382.1225703510451,0.429095643939394,0.056116998507367954,0.22823623222508138,132073.33953486886,3493.6407955820787,135566.98033045096,278,2,123.39393939393939,32,1,18,33.204356549154475,0.6500651041666667,43.023989898989896,1027.9040404040402,32.122001262626256,0
291,4,0,0,33,0.0,0.0,1.0,33,1050,700,350,0.6666666666666666,14,7,7,382.4596825651975,0.42866161616161613,0.05998079542663182,0.2286333873308249,132105.78799357195,3505.0275482093525,135610.8155417813,279,3,124.39393939393939,32,1,18,33.16292065831492,0.650390625,42.992424242424235,1028.030303030302,32.12594696969694,0
292,4,0,0,33,0.0,0.0,1.0,33,1000,700,300,0.7,13,7,6,386.3864607014794,0.4278330176767677,0.06009257605524776,0.23137730411418006,132170.69686766653,3613.7935542291557,135784.4904218957,280,4,125.39393939393939,32,1,18,32.99642886378519,0.6510416666666667,42.92929292929293,1028.2828282828282,32.13383838383838,0
293,4,0,0,33,0.0,0.0,1.0,33,850,600,250,0.7058823529411765,11,6,5,387.9570876981977,0.426886047979798,0.06603562429152121,0.23294075780677168,132271.9101427333,3663.165008650487,135935.0751513838,281,5,126.39393939393939,33,0,18,32.85382416011436,0.6496212121212122,42.83088235294116,1028.6764705882333,31.172014260249494,0
294,4,0,0,33,0.0,0.0,1.0,33,900,700,200,0.7777777777777778,11,7,4,386.9920831352753,0.4268465909090909,0.06551343393448672,0.23313913301076317,132398.00347222204,3647.4559063821366,136045.4593786042,282,6,127.39393939393939,32,1,18,32.75134952766531,0.6533203125,42.70833333333332,1029.1666666666652,32.161458333333286,0
295,4,0,0,33,0.0,0.0,1.0,33,1150,700,450,0.6086956521739131,16,7,9,386.42409169550217,0.4248737373737374,0.0673573975044568,0.23461462710084025,132690.54178145068,3654.9644168962177,136345.5061983469,283,7,128.3939393939394,32,1,17,32.47089460784313,0.65625,42.424242424242415,1030.303030303029,32.19696969696965,0
296,4,0,0,33,0.0,0.0,1.0,33,1050,600,450,0.5714285714285714,15,6,9,384.52608585192513,0.4242818813131313,0.06837949506086272,0.23407057709241313,132788.12629132214,3612.099690082629,136400.22598140477,284,8,129.3939393939394,32,1,17,32.42144432194046,0.6572265625,42.329545454545446,1030.6818181818169,32.20880681818178,0
297,4,0,0,33,0.0,0.0,1.0,33,1350,1000,350,0.7407407407407407,17,10,7,381.4915301975014,0.42286142676767674,0.07329105003523617,0.23364211407148322,133015.9629757167,3548.8926512600674,136564.8556269768,285,9,130.3939393939394,32,1,18,32.2702468380253,0.6595052083333333,42.108585858585855,1031.5656565656561,32.236426767676754,0
298,4,0,0,33,0.0,0.0,1.0,33,1450,1100,350,0.7586206896551724,18,11,7,382.87685594034946,0.42104640151515155,0.07092450928067384,0.2357229799825525,133211.40699928577,3600.712937455358,136812.11993674113,286,10,131.3939393939394,32,1,18,32.037875081539475,0.6614583333333333,41.91919191919192,1032.323232323232,32.260101010101,0
299,4,0,0,33,0.0,0.0,1.0,33,900,600,300,0.6666666666666666,12,6,6,380.57438031540414,0.42069128787878785,0.06816606816606785,0.2345106788122878,133243.99495268334,3541.8501619732547,136785.84511465658,287,11,132.3939393939394,32,1,18,32.06453059394233,0.6617838541666667,41.887626262626256,1032.4494949494945,32.2640467171717,0
300,4,0,0,33,0.0,0.0,1.0,33,950,500,450,0.5263157894736842,14,5,9,380.7736682587977,0.420730744949495,0.0633177743202189,0.23525140531397032,133341.7827262525,3554.6079481685583,136896.39067442107,288,12,133.3939393939394,32,1,18,31.961083944580277,0.6627604166666667,41.792929292929294,1032.8282828282834,32.275883838383855,0
301,4,0,1,32,0.0,0.030303030303030304,0.9696969696969697,33,900,700,200,0.7777777777777778,11,7,4,381.9856114463597,0.41994160353535354,0.06493770940930399,0.23703959284976928,133504.8420601215,3599.385745077049,137104.22780519855,289,13,134.3939393939394,32,1,18,31.76593361840767,0.6643880208333333,41.63510101010102,1033.4595959595968,32.2956123737374,0
302,4,0,0,32,0.0,0.0,1.0,32,900,700,200,0.7777777777777778,11,7,4,386.8150525159326,0.41822076612903225,0.060424543163200894,0.23960791894722305,133438.58718872082,3923.210822211387,137361.7980109322,290,14,137.21875,31,1,18,31.70775572358749,0.6663306451612903,41.69921875000001,1033.203125000001,33.32913306451616,0
303,4,0,0,32,0.0,0.0,1.0,32,550,400,150,0.7272727272727273,7,4,3,385.66597294484893,0.41824176747311825,0.0602318548387093,0.23911290322580644,133472.2222222223,3895.1388888889,137367.3611111112,291,15,138.21875,31,1,18,31.703629032258053,0.6666666666666667,41.66666666666667,1033.3333333333342,33.33333333333336,0
304,4,0,1,31,0.0,0.03125,0.96875,32,750,500,250,0.6666666666666666,10,5,5,387.0333499762747,0.4176747311827957,0.059402160221690314,0.24061533010662842,133573.15275404195,3939.4529554579103,137512.60570949985,292,16,139.21875,31,1,18,31.566869253054538,0.6676747311827957,41.56901041666667,1033.723958333334,33.345934139784966,0
305,4,0,0,31,0.0,0.0,1.0,31,600,500,100,0.8333333333333334,7,5,2,394.44588969823076,0.4166218637992831,0.05385015608740873,0.24455645161290335,133472.22222222242,4329.513888888912,137801.73611111133,293,17,141.16129032258064,30,1,19,31.47681451612902,0.6694444444444445,41.66666666666668,1033.3333333333348,34.44444444444449,0
306,4,0,0,31,0.0,0.0,1.0,31,1000,600,400,0.6,14,6,8,395.58432461733594,0.41603942652329745,0.05664135389105329,0.24641540156122788,133645.88978855938,4373.643809978035,138019.5335985374,294,18,142.16129032258064,30,1,21,31.272747952684252,0.6711805555555556,41.498655913978496,1034.005376344086,34.4668458781362,0
307,4,0,0,31,0.0,0.0,1.0,31,600,400,200,0.6666666666666666,8,4,4,394.599836775777,0.4158602150537634,0.05650925401915807,0.24626486163743747,133715.38843002086,4352.814089779177,138068.20251980005,295,19,143.16129032258064,30,1,17,31.228340914013433,0.671875,41.43145161290323,1034.2741935483875,34.47580645161292,0
308,4,0,1,30,0.0,0.03225806451612903,0.967741935483871,31,900,500,400,0.5555555555555556,13,5,8,395.42248458154944,0.41478494623655915,0.05312797221256216,0.24771014717602527,133854.43990996078,4385.811040293691,138240.25095025447,296,20,144.16129032258064,30,1,17,31.06734640862449,0.6732638888888889,41.297043010752695,1034.81182795699,34.49372759856634,0
309,4,0,0,30,0.0,0.0,1.0,30,1000,600,400,0.6,14,6,8,406.61920127425157,0.4119971264367816,0.060959670560852386,0.25382172605945946,133723.49778163584,4874.908371913587,138598.40615354944,297,21,147.76666666666668,29,1,17,30.90939863927309,0.6749281609195402,41.423611111111114,1034.3055555555559,35.66570881226055,0
310,4,0,0,30,0.0,0.0,1.0,30,950,700,250,0.7368421052631579,12,7,5,467.16221492663465,0.41230842911877397,0.13872470519726288,0.26853031416996254,130604.60789133355,6314.8700032675015,136919.47789460106,298,22,148.76666666666668,27,3,14,32.518834619304116,0.6500771604938271,44.456845238095234,1022.1726190476186,37.8582451499118,8
311,4,0,0,30,0.0,0.0,1.0,30,600,300,300,0.5,9,3,6,463.5535786873289,0.410632183908046,0.14007117104462208,0.26764297864355996,130776.4426649822,6124.377601070159,136900.82026605235,299,23,149.76666666666668,28,2,14,32.43520859671302,0.6484375,44.28879310344828,1022.8448275862072,36.53017241379312,0
312,4,1,0,31,0.03225806451612903,0.0,1.0,31,550,200,350,0.36363636363636365,9,2,7,450.06061143732177,0.4158602150537634,0.13081708181317087,0.2621443087471416,131114.67013888893,5601.909722222229,136716.57986111115,300,0,145.90322580645162,29,2,15,32.434906427990235,0.6487068965517242,43.958333333333336,1024.166666666667,35.316091954023,0
313,4,0,0,31,0.0,0.0,1.0,31,700,500,200,0.7142857142857143,9,5,4,449.43866704969844,0.4156810035842294,0.1290759978130127,0.26202451932739335,131150.23389274688,5588.797260802462,136739.03115354935,301,1,146.90322580645162,29,2,16,32.414548022598865,0.649066091954023,43.92361111111111,1024.3055555555552,35.32088122605363,0
314,4,0,0,31,0.0,0.0,1.0,31,1050,800,250,0.7619047619047619,13,8,5,450.8071963229292,0.41447132616487453,0.13339511866718534,0.2637990722971366,131292.53713348752,5637.524112654304,136930.06124614182,302,2,147.90322580645162,29,2,16,32.23435311921217,0.6505028735632183,43.784722222222214,1024.8611111111102,35.34003831417621,0
315,4,0,0,31,0.0,0.0,1.0,31,600,400,200,0.6666666666666666,8,4,4,453.6416203295587,0.41339605734767026,0.13744740532959332,0.2664467846374807,131434.91753472228,5724.8697916666715,137159.78732638893,303,3,148.90322580645162,29,2,16,32.01654137884329,0.6519396551724138,43.645833333333336,1025.416666666667,35.35919540229886,0
316,4,0,0,31,0.0,0.0,1.0,31,850,700,150,0.8235294117647058,10,7,3,456.1433746697842,0.41339605734767026,0.1407823181252319,0.2684158423853673,131506.13667052484,5797.130594135826,137303.26726466065,304,4,149.90322580645162,29,2,16,31.879795757165432,0.6526580459770115,43.5763888888889,1025.6944444444457,35.3687739463602,0
317,4,1,0,32,0.03125,0.0,1.0,32,1000,700,300,0.7,13,7,6,444.97437102281236,0.4149025537634408,0.1352367870225013,0.2649053031229267,131948.81633714886,5342.768311365484,137291.58464851434,305,0,146.1875,30,2,15,31.715779260422117,0.6541666666666667,43.145161290322584,1027.41935483871,34.247311827957,0
318,4,0,1,31,0.0,0.03125,0.96875,32,1000,900,100,0.9,11,9,2,445.49873152194687,0.4145455309139785,0.13823986265533006,0.26545890900119135,131983.3420951845,5359.6822970863805,137343.02439227086,306,1,147.1875,30,2,15,31.667211685197305,0.6545138888888888,43.11155913978495,1027.5537634408608,34.25179211469536,0
319,4,0,2,29,0.0,0.06451612903225806,0.935483870967742,31,850,600,250,0.7058823529411765,11,6,5,449.05478605916846,0.4137992831541219,0.14679596069962186,0.2477340199295763,128996.49706613485,5385.949242687023,134382.44630882188,307,2,148.8709677419355,30,1,18,34.63052394813443,0.6243055555555556,46.03494623655914,1015.8602150537637,33.86200716845879,8
320,4,2,1,30,0.06451612903225806,0.03225806451612903,0.967741935483871,31,450,400,50,0.8888888888888888,5,4,1,433.6897656413871,0.4168010752688172,0.14368220876179705,0.24223160080945788,129483.95061728408,5031.335430557178,134515.28604784125,308,0,142.67741935483872,29,2,18,34.52056040756915,0.632183908045977,45.555555555555564,1017.7777777777789,35.095785440613064,0
321,4,0,0,30,0.0,0.0,1.0,30,1100,700,400,0.6363636363636364,15,7,8,445.8173094632907,0.41379310344827586,0.1545591488961069,0.2483739078134981,129384.044395726,5536.329311996303,134920.3737077223,309,1,148.33333333333334,28,2,20,34.31453890693406,0.6343005952380952,45.65373563218391,1017.3850574712644,36.33518062397373,0
322,4,1,0,31,0.03225806451612903,0.0,1.0,31,600,400,200,0.6666666666666666,8,4,4,428.93173039396015,0.41465053763440857,0.15161545596106207,0.24161667012236304,129817.03990345712,4936.529512082333,134753.56941553944,310,0,144.51612903225808,30,1,21,34.30053635804097,0.6326388888888889,45.22849462365592,1019.086021505377,33.969534050179234,0
323,4,0,0,31,0.0,0.0,1.0,31,1050,900,150,0.8571428571428571,12,9,3,427.27540530722297,0.414247311827957,0.15218731531439622,0.24174038031811357,129988.31376821034,4908.161890102919,134896.47565831325,311,1,145.51612903225808,30,1,21,34.16754536268178,0.634375,45.06048387096775,1019.7580645161302,33.991935483871,0
324,4,1,0,32,0.03125,0.0,1.0,32,1000,600,400,0.6,14,6,8,418.65730592611885,0.41450352822580644,0.1438667609525064,0.23980513808172024,130468.481273124,4524.605626372985,134993.086899497,312,0,141.9375,30,2,22,33.89712976362759,0.6392361111111111,44.59005376344086,1021.6397849462361,34.05465949820787,0
325,4,0,1,31,0.0,0.03125,0.96875,32,1300,1100,200,0.8461538461538461,15,11,4,422.57491901740843,0.41347446236559143,0.1539166228473774,0.24334045488004744,130674.53833174359,4643.95649063476,135318.49482237836,313,1,142.9375,30,2,20,33.58693746987424,0.6413194444444444,44.388440860215056,1022.4462365591401,34.081541218638,0
326,4,0,0,31,0.0,0.0,1.0,31,1150,800,350,0.6956521739130435,15,8,7,432.9761494252229,0.41088709677419355,0.1622194973970379,0.2484466161569788,130537.14889365822,5103.894416984623,135641.04331064285,314,4,148.51612903225808,30,1,20,33.461298171774295,0.6399305555555556,44.52284946236559,1021.9086021505376,34.06362007168459,0
327,4,0,0,31,0.0,0.0,1.0,31,800,600,200,0.75,10,6,4,432.58194172376886,0.4103494623655914,0.1598228902479366,0.24888186450461333,130640.18419759518,5102.516909469318,135742.7011070645,315,5,149.51612903225808,30,1,20,33.36620212113244,0.6409722222222223,44.422043010752695,1022.31182795699,34.077060931899666,0
328,4,0,0,31,0.0,0.0,1.0,31,550,300,250,0.5454545454545454,8,3,5,435.40842899637374,0.4093637992831541,0.16058233246707032,0.2511768564240643,130743.26014929471,5185.343500693721,135928.60364998842,316,6,150.51612903225808,30,1,20,33.18876768738774,0.6420138888888889,44.321236559139784,1022.7150537634408,34.090501792114694,0
329,4,0,0,31,0.0,0.0,1.0,31,800,700,100,0.875,9,7,2,435.3675173383573,0.4091397849462366,0.15704037660538228,0.25204965091231274,130880.75798141393,5196.246133946107,136077.00411536003,317,7,151.51612903225808,30,1,20,33.04955339550769,0.6434027777777778,44.18682795698924,1023.2526881720422,34.10842293906807,0
330,4,0,2,29,0.0,0.06451612903225806,0.935483870967742,31,800,600,200,0.75,10,6,4,433.9782788115251,0.40873655913978496,0.1535985361886696,0.2519190984320558,130983.92877789328,5168.835992600286,136152.76477049355,318,8,152.51612903225808,30,1,20,32.97991071428572,0.6444444444444444,44.08602150537634,1023.6559139784936,34.12186379928312,0
331,4,0,0,29,0.0,0.0,1.0,29,700,500,200,0.7142857142857143,9,5,4,449.0018621386191,0.40578817733990147,0.16400619914761738,0.25948808915803295,130813.18536134224,5947.072763905398,136760.25812524764,319,11,159.44827586206895,28,1,20,32.76977996254682,0.6488095238095238,44.25287356321839,1022.9885057471258,36.535303776683065,0
332,4,1,0,30,0.03333333333333333,0.0,1.0,30,1000,600,400,0.6,14,6,8,446.39189848498285,0.4081896551724138,0.1866838139073146,0.2631681527620567,131577.3750964507,5747.014853395074,137324.3899498458,320,0,155.1,29,1,20,32.05730224267858,0.6533764367816092,43.50694444444445,1025.9722222222229,35.37835249042148,0
333,4,0,0,30,0.0,0.0,1.0,30,1150,1000,150,0.8695652173913043,13,10,3,442.5398454990127,0.4077586206896551,0.18052510488564089,0.26138504543502833,131648.6328125,5651.953124999999,137300.5859375,321,1,156.1,29,1,20,32.08358708891596,0.6540948275862069,43.4375,1026.25,35.38793103448276,0
334,4,0,0,30,0.0,0.0,1.0,30,800,300,500,0.375,13,3,10,444.2624876709424,0.4068965517241379,0.17606294242301312,0.2633867338693888,131791.2061149692,5709.977816358031,137501.18393132722,322,2,157.1,29,1,20,31.89433134947473,0.6555316091954023,43.298611111111114,1026.8055555555559,35.40708812260537,0
335,4,1,0,31,0.03225806451612903,0.0,1.0,31,1300,1200,100,0.9230769230769231,14,12,2,434.74040249002024,0.4104838709677419,0.16687182773215548,0.26070795923617807,132225.14886113987,5296.722887038949,137521.87174817882,323,0,153.0,30,1,21,31.69813991984666,0.6569444444444444,42.8763440860215,1028.4946236559128,34.28315412186376,0
336,4,0,0,31,0.0,0.0,1.0,31,1200,700,500,0.5833333333333334,17,7,10,433.54259207657884,0.409005376344086,0.1676896957032783,0.2611829762022317,132398.00347222228,5280.260543126379,137678.26401534866,324,1,154.0,28,3,21,31.553643724696354,0.6648065476190477,42.708333333333336,1029.166666666667,36.755952380952394,0
337,4,0,1,30,0.0,0.03225806451612903,0.967741935483871,31,700,500,200,0.7142857142857143,9,5,4,435.3764448522158,0.4091397849462366,0.16854883737684867,0.2625451894714877,132434.97324613552,5331.813565200152,137766.78681133568,325,2,155.0,28,3,21,31.46897682858738,0.6651785714285714,42.672413793103445,1029.3103448275858,36.76108374384235,0
338,4,0,0,30,0.0,0.0,1.0,30,700,500,200,0.7142857142857143,9,5,4,443.40381111487926,0.4050526819923372,0.17553875916677875,0.2668707422055355,132362.27092978408,5737.987075617301,138100.25800540138,326,3,160.6,29,1,21,31.336184595312012,0.6612787356321839,42.743055555555564,1029.0277777777787,35.48371647509582,0
339,4,0,0,30,0.0,0.0,1.0,30,1500,1100,400,0.7333333333333333,19,11,8,445.8583131128429,0.4040708812260536,0.18073846726190457,0.26992503280345087,132582.9039503237,5822.642803109545,138405.54675343324,327,4,161.6,28,2,21,31.04916527157738,0.6666666666666667,42.52873563218391,1029.8850574712644,36.781609195402304,0
340,4,0,0,30,0.0,0.0,1.0,30,1000,700,300,0.7,13,7,6,446.10105158319124,0.4035201149425287,0.1843438426300188,0.27183596098936325,132827.17013888885,5850.868055555552,138678.0381944444,328,5,162.6,29,1,19,30.795270816491506,0.665948275862069,42.291666666666664,1030.833333333333,35.545977011494244,0
341,4,0,0,30,0.0,0.0,1.0,30,1200,800,400,0.6666666666666666,16,8,8,446.10105158319124,0.4035201149425287,0.1843438426300188,0.27183596098936325,132827.17013888885,5850.868055555552,138678.0381944444,329,6,163.6,29,1,19,30.795270816491506,0.665948275862069,42.291666666666664,1030.833333333333,35.545977011494244,0
342,4,0,0,30,0.0,0.0,1.0,30,650,400,250,0.6153846153846154,9,4,5,448.5432135926726,0.4024185823754789,0.13427690582959673,0.26322404376622616,131401.77037917814,5817.214749306373,137218.98512848452,330,7,164.6,28,2,21,32.1810187780269,0.6547619047619048,43.678160919540225,1025.2873563218384,36.6174055829228,8
343,4,0,0,30,0.0,0.0,1.0,30,1250,1000,250,0.8,15,10,5,449.55310434855886,0.40198754789272034,0.13657420379191199,0.26432537552224133,131475.43640177022,5821.038115999454,137296.47451776968,331,8,165.6,28,2,21,32.0800644438218,0.6555059523809523,43.60632183908045,1025.574712643677,36.62766830870275,0
344,4,1,1,30,0.03225806451612903,0.03225806451612903,0.967741935483871,31,850,700,150,0.8235294117647058,10,7,3,436.58857932112227,0.4056899641577061,0.1379199065008918,0.2598105970425051,131933.85657793196,5320.163001543194,137254.01957947516,332,0,161.2258064516129,29,2,19,31.94636902347798,0.6569683908045977,43.159722222222214,1027.3611111111102,35.426245210727934,0
345,4,0,0,30,0.0,0.0,1.0,30,900,600,300,0.6666666666666666,12,6,6,446.19365520033193,0.40124521072796937,0.15684298908480265,0.2643863897231819,131770.30692627825,5759.014978861147,137529.3219051394,333,1,167.3,28,2,19,31.86602061759492,0.6584821428571428,43.31896551724138,1026.7241379310346,36.66871921182267,0
346,4,0,0,30,0.0,0.0,1.0,30,1000,600,400,0.6,14,6,8,445.65003292760707,0.4005747126436781,0.16048311882111488,0.26457694645901453,131844.07616594,5751.263376932218,137595.3395428722,334,2,168.3,28,2,20,31.804933781010995,0.6592261904761905,43.247126436781606,1027.0114942528735,36.67898193760262,0
347,4,0,0,30,0.0,0.0,1.0,30,800,600,200,0.75,10,6,4,438.16917683216036,0.4005507662835249,0.15782874190089924,0.2608949028748358,131954.76873183373,5563.7024788611325,137518.47121069487,335,3,169.3,28,2,20,31.884526639630806,0.6603422619047619,43.13936781609195,1027.4425287356316,36.69437602627256,0
348,4,0,0,30,0.0,0.0,1.0,30,1100,800,300,0.7272727272727273,14,8,6,437.42839056516084,0.4010057471264368,0.1504378610024215,0.26172554873614484,132139.3595587264,5560.301476416964,137699.66103514336,336,4,170.3,28,2,20,31.716100708030556,0.6622023809523809,42.95977011494253,1028.1609195402302,36.72003284072251,0
349,4,0,0,30,0.0,0.0,1.0,30,950,800,150,0.8421052631578947,11,8,3,436.3283507586437,0.4009578544061303,0.14543168482816426,0.26157774997741806,132213.23201545782,5537.676294754927,137750.90831021275,337,5,171.3,28,2,21,31.669402533296093,0.6629464285714286,42.88793103448276,1028.4482758620693,36.73029556650248,0
350,4,0,0,30,0.0,0.0,1.0,30,850,500,350,0.5882352941176471,12,5,7,409.40403633476575,0.4009578544061303,0.04501005860229168,0.23893396362508304,131190.39231414034,4741.975228350097,135932.36754249042,338,6,172.3,30,0,20,33.39893291349602,0.6465277777777778,43.884408602150536,1024.4623655913977,34.14874551971325,7
351,4,0,0,30,0.0,0.0,1.0,30,800,800,0,1.0,8,8,0,413.4443783462225,0.40019157088122603,0.04065040650406493,0.24216027874564475,131328.1250000001,4859.375000000015,136187.50000000012,339,7,173.3,30,0,20,33.15548780487805,0.6479166666666667,43.75000000000001,1025.0000000000007,34.16666666666669,0
352,4,0,0,30,0.0,0.0,1.0,30,800,600,200,0.75,10,6,4,422.8826656043355,0.39968869731800766,0.006886199455858888,0.24117208842571478,130299.25724996685,5232.933057537307,135532.19030750415,340,8,174.3,28,2,21,33.96191012290083,0.6436011904761905,44.75574712643677,1020.9770114942519,36.463464696223284,8
353,4,0,0,30,0.0,0.0,1.0,30,900,700,200,0.7777777777777778,11,7,4,414.40913413465256,0.40011973180076627,-0.05648357494347689,0.22114565504318315,127668.66337510104,4581.4120490808,132250.07542418185,341,9,175.3,30,0,17,36.87519395309661,0.6107638888888889,47.34543010752687,1010.6182795698915,33.68727598566305,8
354,4,1,1,30,0.03225806451612903,0.03225806451612903,0.967741935483871,31,850,500,350,0.5882352941176471,12,5,7,409.53803507589413,0.40537634408602147,-0.040074808520873195,0.22169772963502993,128243.42727661131,4304.112243652344,132547.53952026367,342,0,170.61290322580646,31,0,18,36.40691284226765,0.6139112903225806,46.77734375,1012.8906249999999,32.673891129032256,0
355,4,3,2,31,0.09090909090909091,0.06060606060606061,0.9393939393939394,33,950,600,350,0.631578947368421,13,6,7,382.7522453552649,0.41185290404040403,-0.028084487377696865,0.2114189784304132,129045.69644187328,3278.5060133121815,132324.20245518547,343,0,160.15151515151516,33,0,20,36.26409661078278,0.6171085858585859,45.986519607843135,1016.0539215686272,30.789512774806884,0
356,4,0,0,31,0.0,0.0,1.0,31,650,300,350,0.46153846153846156,10,3,7,395.1821170282706,0.40425627240143375,0.0002646815550038095,0.21768506446472563,128936.76757812512,3990.7009548611236,132927.46853298624,344,1,171.1290322580645,31,0,20,36.05982905982905,0.6209677419354839,46.09375000000001,1015.6250000000009,32.76209677419358,0
357,4,1,0,32,0.03125,0.0,1.0,32,900,600,300,0.6666666666666666,12,6,6,382.8285715788938,0.40925319220430106,0.0017643387530403842,0.21283088772973247,129300.69181654202,3500.271097819029,132800.96291436104,345,0,166.75,31,1,21,36.00171232876713,0.6246639784946236,45.73567708333334,1017.0572916666678,32.80829973118283,0
358,4,1,0,33,0.030303030303030304,0.0,1.0,33,900,500,400,0.5555555555555556,13,5,8,369.01065472721143,0.4116161616161616,0.002479371989659862,0.20707951056298796,129669.02941476824,2969.8506884371277,132638.88010320536,346,0,162.66666666666666,33,0,20,35.97779549191834,0.6234217171717171,45.373774509803916,1018.5049019607834,30.863784907902527,0
359,4,0,0,33,0.0,0.0,1.0,33,750,700,50,0.9333333333333333,8,7,1,369.06878837591853,0.411300505050505,0.0004956358534231597,0.20777298411277986,129793.8762284937,2980.573727652808,132774.4499561465,347,1,163.66666666666666,33,0,20,35.84924333533773,0.6246843434343434,45.25122549019607,1018.9950980392144,30.87863933452165,0
360,4,3,1,35,0.08333333333333333,0.027777777777777776,0.9722222222222222,36,800,600,200,0.75,10,6,4,341.93423709459694,0.4190310846560847,0.01379457773753856,0.19721481194307167,130735.62349965706,1741.4419137374728,132477.06541339454,348,0,150.94444444444446,35,1,20,35.58642673909763,0.6297619047619047,44.3287037037037,1022.6851851851851,29.219576719576718,0
361,4,1,0,36,0.027777777777777776,0.0,1.0,36,450,200,250,0.4444444444444444,7,2,5,341.586437753286,0.4189980158730158,0.018839103869653373,0.19731640110219234,130794.81336805565,1735.5468750000055,132530.36024305565,349,0,151.77777777777777,35,1,21,35.53547182620502,0.6303571428571428,44.270833333333336,1022.9166666666674,29.2261904761905,0
362,4,0,1,35,0.0,0.027777777777777776,0.9722222222222222,36,600,300,300,0.5,9,3,6,343.8866624903532,0.41908068783068786,0.015703762366280793,0.19879752843376297,130824.41332572466,1797.754174168404,132622.16749989305,350,1,152.77777777777777,35,1,21,35.44671814307802,0.6306547619047619,44.24189814814816,1023.032407407409,29.2294973544974,0
363,4,0,2,33,0.0,0.05714285714285714,0.9428571428571428,35,700,400,300,0.5714285714285714,10,4,6,350.7281559505736,0.41904761904761906,-0.06099219421950264,0.1972817863790989,129760.92470689729,2102.1619673782607,131863.08667427555,351,2,152.88571428571427,35,0,15,36.34994225453443,0.6199404761904762,45.28356481481482,1018.8657407407408,29.110449735449738,8
364,4,0,3,30,0.0,0.09090909090909091,0.9090909090909091,33,900,700,200,0.7777777777777778,11,7,4,368.4548916722023,0.410116792929293,-0.04713075135610334,0.20611143334148027,129544.24267409161,2946.2419802479726,132490.48465433958,352,4,162.9090909090909,33,0,15,36.11901107499699,0.6221590909090908,45.49632352941176,1018.0147058823522,30.8489304812834,0
365,4,1,1,30,0.03225806451612903,0.03225806451612903,0.967741935483871,31,700,500,200,0.7142857142857143,9,5,4,382.6063809095777,0.40322580645161293,-0.026146488010002855,0.21378370833239208,129499.41211276565,3709.460279676624,133208.87239244228,353,0,173.83870967741936,31,0,16,35.804576563899175,0.6266801075268817,45.54036458333332,1017.8385416666652,32.833501344085974,0
366,4,0,0,30,0.0,0.0,1.0,30,850,600,250,0.7058823529411765,11,6,5,393.04352307926104,0.3971264367816092,-0.021300211416490855,0.2187171604899887,129338.07376575322,4167.098436235396,133505.1722019886,354,6,180.63333333333333,30,0,18,35.70378567653275,0.6277777777777778,45.69892473118279,1017.2043010752684,33.90681003584228,0
367,4,1,0,31,0.03225806451612903,0.0,1.0,31,800,400,400,0.5,12,4,8,384.3410727783184,0.39780465949820787,-0.013712458642186176,0.21694349378381053,129897.31046888555,3784.974331325945,133682.2848002115,355,0,175.7741935483871,31,0,18,35.354797334695796,0.6307123655913979,45.14973958333333,1019.401041666666,32.88390456989245,0
368,4,0,0,31,0.0,0.0,1.0,31,800,500,300,0.625,11,5,6,384.28956513346213,0.39695340501792115,-0.012911460156040944,0.21802380469374918,130096.4885287815,3798.944600423182,133895.43312920467,356,1,176.7741935483871,31,0,19,35.15329185279727,0.632728494623656,44.954427083333336,1020.182291666667,32.90910618279571,0
369,4,1,0,32,0.03125,0.0,1.0,32,650,400,250,0.6153846153846154,9,4,5,372.476002550909,0.4000546034946237,-0.009556870134684425,0.21363914164737832,130520.50053884817,3323.1508583307914,133843.65139717897,357,0,172.21875,32,0,19,35.02383747271303,0.6344401041666667,44.53914141414142,1021.8434343434351,31.932607323232347,0
370,4,0,0,32,0.0,0.0,1.0,32,700,500,200,0.7142857142857143,9,5,4,373.4549085118046,0.39904653897849457,-0.0006368099296032437,0.21491573519687868,130649.55305899907,3358.343376951334,134007.8964359504,358,1,173.21875,32,0,19,34.86785229097197,0.6357421875,44.41287878787879,1022.3484848484848,31.94839015151515,0
371,4,0,1,31,0.0,0.03125,0.96875,32,1050,700,350,0.6666666666666666,14,7,7,370.6152364358253,0.39850050403225806,0.0077652450314775745,0.213995297959132,130778.66934815331,3293.7134922456976,134072.38284039902,359,2,174.21875,32,0,19,34.809488540509406,0.6370442708333333,44.286616161616166,1022.8535353535359,31.964172979797997,0
372,4,0,0,31,0.0,0.0,1.0,31,950,800,150,0.8421052631578947,11,8,3,379.5643589389316,0.3974462365591398,0.009987474589844059,0.21906524904227104,130761.51741875551,3726.4823065863807,134487.99972534188,360,3,175.32258064516128,31,0,20,34.598053256948866,0.6394489247311828,44.30338541666667,1022.786458333334,32.993111559139805,0
373,4,0,0,31,0.0,0.0,1.0,31,850,600,250,0.7058823529411765,11,6,5,381.35968284911513,0.39632616487455197,-0.06593370366096873,0.2150780689728294,129864.1289605034,3704.988606770829,133569.11756727422,361,4,176.32258064516128,31,0,17,35.46457162323285,0.6303763440860215,45.182291666666664,1019.2708333333327,32.87970430107525,8
374,4,1,0,32,0.03125,0.0,1.0,32,1550,1300,250,0.8387096774193549,18,13,5,389.10424975422774,0.40032762096774194,-0.06414720209842639,0.20795518181123837,127729.38507550268,3540.009310274479,131269.39438577715,362,0,171.78125,32,0,18,37.452119243900384,0.6061197916666667,47.28535353535354,1010.8585858585874,31.589330808080856,8
375,4,0,0,32,0.0,0.0,1.0,32,950,600,350,0.631578947368421,13,6,7,387.6699069982745,0.400411626344086,-0.06926498127340819,0.20784711881232812,127857.05061983489,3513.2661845730267,131370.31680440792,363,1,172.78125,32,0,19,37.35720973782773,0.607421875,47.15909090909092,1011.3636363636379,31.605113636363683,0
376,4,1,1,32,0.030303030303030304,0.030303030303030304,0.9696969696969697,33,900,400,500,0.4444444444444444,14,4,10,376.0965980423635,0.40707859848484845,-0.06283422459893018,0.20390534477648148,128304.38220589745,3051.291162891555,131355.673368789,364,0,168.5151515151515,32,1,20,37.19129071119975,0.6119791666666667,46.71717171717172,1013.1313131313138,31.660353535353558,0
377,4,2,1,33,0.058823529411764705,0.029411764705882353,0.9705882352941176,34,1050,500,550,0.47619047619047616,16,5,11,370.05052660216785,0.411077688651218,-0.035302634567340285,0.20392146040417314,128952.32602845046,2743.775230680493,131696.10125913096,365,0,164.2941176470588,33,1,20,36.68205035392536,0.6161616161616161,46.07843137254901,1015.6862745098028,30.77837195484251,0
378,4,0,0,33,0.0,0.0,1.0,33,800,600,200,0.75,10,6,4,380.4037186494498,0.40845959595959597,-0.083342829143782,0.19887685893743823,126837.51179726544,3049.892230384635,129887.40402765007,366,1,170.27272727272728,32,1,18,38.58945433274839,0.5970052083333333,48.16919191919191,1007.3232323232312,31.478851010100975,8
379,4,1,4,30,0.029411764705882353,0.11764705882352941,0.8823529411764706,34,800,500,300,0.625,11,5,6,373.51376338418515,0.41020499108734404,-0.07608471530825622,0.19680923099689113,127155.67926742161,2699.1343357820556,129854.81360320367,367,0,166.23529411764707,32,2,19,38.435517860123525,0.6002604166666667,47.85353535353535,1008.5858585858579,31.51830808080806,0
380,4,3,1,32,0.09090909090909091,0.030303030303030304,0.9696969696969697,33,800,600,200,0.75,10,6,4,370.8902670104227,0.41698232323232326,-0.05363227477170518,0.19790704647676183,127665.57621671272,2869.9839302112214,130535.56014692395,368,0,158.42424242424244,32,1,20,37.97788605697152,0.60546875,47.34848484848486,1010.6060606060619,31.581439393939434,0
381,4,2,0,34,0.058823529411764705,0.0,1.0,34,450,300,150,0.6666666666666666,6,3,3,359.99760919360057,0.4204916815210933,-0.0419913666604933,0.19379793068583814,128020.48040417153,2417.4133746635953,130437.89377883512,369,0,154.7058823529412,33,1,22,37.88952127230161,0.6066919191919191,46.997549019607845,1012.0098039215691,30.666963755199063,0
382,4,0,0,34,0.0,0.0,1.0,34,1150,1000,150,0.8695652173913043,13,10,3,358.8545106606381,0.4206402257872846,-0.03522149600580926,0.19378143575674464,128144.53125000009,2397.048611111126,130541.57986111121,370,1,155.7058823529412,33,1,22,37.79149519890261,0.6079545454545454,46.87500000000001,1012.5000000000007,30.6818181818182,0
383,4,1,1,34,0.02857142857142857,0.02857142857142857,0.9714285714285714,35,1450,1100,350,0.7586206896551724,18,11,7,351.2348008796227,0.4216386554621849,-0.03667097077121739,0.1916828487311664,128566.7534722223,2031.4236111111163,130598.17708333342,371,0,152.22857142857143,34,1,19,37.55306765269788,0.6099877450980392,46.458333333333336,1014.1666666666674,29.82843137254904,0
384,4,0,0,34,0.0,0.0,1.0,34,1500,1100,400,0.7333333333333333,19,11,8,363.4778068838367,0.42080733808674986,-0.03217700373200605,0.1982715129837672,128548.11137843612,2544.8771205786234,131092.98849901475,372,3,157.7058823529412,33,1,19,37.2617069486405,0.6120580808080809,46.47671568627451,1014.0931372549015,30.73009506833035,0
385,4,2,1,35,0.05555555555555555,0.027777777777777776,0.9722222222222222,36,750,500,250,0.6666666666666666,10,5,5,346.9575189003793,0.4273809523809524,-0.020210073399139494,0.19183167606708626,129083.74592764051,1757.315243484215,130841.06117112473,373,0,149.88888888888889,35,1,21,37.13458618071374,0.6130952380952381,45.94907407407407,1016.203703703703,29.034391534391514,0
386,4,0,1,34,0.0,0.02857142857142857,0.9714285714285714,35,1050,600,450,0.5714285714285714,15,6,9,352.6518967211429,0.42443977591036414,-0.012467775955003368,0.19466567183817793,129019.90504535144,2099.8228458049834,131119.72789115642,374,1,155.05714285714285,34,1,21,37.05496640887429,0.6145833333333333,46.01190476190476,1015.9523809523806,29.880952380952372,0
387,4,2,1,35,0.05555555555555555,0.027777777777777776,0.9722222222222222,36,1050,800,250,0.7619047619047619,13,8,5,370.53150911482436,0.4242063492063492,0.021709586478046994,0.20624454931033526,129348.5179424941,2385.540310999666,131734.05825349377,375,0,151.52777777777777,35,1,18,36.265620851822334,0.6157738095238094,45.68865740740741,1017.2453703703712,29.064153439153465,8
388,4,0,1,34,0.0,0.02857142857142857,0.9714285714285714,35,1050,700,350,0.6666666666666666,14,7,7,376.93878028739186,0.4192577030812325,0.03704396632366724,0.21096730687289084,129564.7392290248,2767.594954648509,132332.33418367332,376,1,156.8,34,1,17,35.882201044589955,0.6200980392156863,45.47619047619047,1018.0952380952369,29.94397759103638,0
389,4,0,0,34,0.0,0.0,1.0,34,700,400,300,0.5714285714285714,10,4,6,377.4680614346396,0.41746509209744503,0.07526388093084879,0.2063120815577017,128627.12762188236,2910.5265022676062,131537.65412414997,377,2,161.41176470588235,34,0,13,36.82617454915308,0.6106004901960784,46.39880952380954,1014.4047619047642,29.835434173669537,8
390,4,0,1,33,0.0,0.029411764705882353,0.9705882352941176,34,1400,1300,100,0.9285714285714286,15,13,2,376.26065144597084,0.41757650029708854,0.07496947412716715,0.2065920524713325,128808.33510487538,2893.101615646272,131701.43672052165,378,3,162.41176470588235,34,0,14,36.67150424142919,0.6124387254901961,46.2202380952381,1015.1190476190484,29.856442577030833,0
391,4,2,0,35,0.05714285714285714,0.0,1.0,35,800,500,300,0.625,11,5,6,366.33693361523586,0.41785714285714287,0.08361607651144243,0.20299919797745228,129171.97312510727,2464.0929087362983,131636.06603384356,379,0,158.62857142857143,35,0,16,36.55226479183271,0.6139880952380952,45.862268518518526,1016.5509259259268,29.044312169312192,0
392,4,0,0,35,0.0,0.0,1.0,35,850,600,250,0.7058823529411765,11,6,5,367.0003373088783,0.4181372549019608,0.07960664949660501,0.2038307465079609,129261.91184807259,2487.836398866391,131749.74824693898,380,1,159.62857142857143,34,1,16,36.44369975805822,0.6170343137254901,45.773809523809526,1016.904761904762,29.90896358543418,0
393,4,0,0,35,0.0,0.0,1.0,35,950,500,450,0.5263157894736842,14,5,9,365.89414967793346,0.4170168067226891,0.08424008424008389,0.20399851906701216,129413.28125000001,2470.3125,131883.59375,381,2,160.62857142857143,34,1,18,36.317567567567565,0.6185661764705883,45.625,1017.5000000000001,29.926470588235297,0
394,4,1,2,34,0.027777777777777776,0.05555555555555555,0.9444444444444444,36,1000,800,200,0.8,12,8,4,360.27403517080535,0.41818783068783066,-0.04412508695377193,0.1999372962081823,129230.80800165045,2145.728711205427,131376.5367128559,382,0,157.13888888888889,35,1,18,36.64639062796434,0.6145833333333333,45.80439814814815,1016.7824074074081,29.050925925925945,8
395,4,0,0,34,0.0,0.0,1.0,34,650,500,150,0.7692307692307693,8,5,3,370.19618382155295,0.41252599524658345,-0.006268081002893,0.20529061102831597,129201.38888888907,2765.9722222222417,131967.3611111113,383,1,167.2058823529412,33,1,19,36.42418032786885,0.6186868686868687,45.83333333333334,1016.6666666666681,30.808080808080852,0
396,4,0,0,34,0.0,0.0,1.0,34,1150,800,350,0.6956521739130435,15,8,7,370.55045424414413,0.41263740344622696,0.00033317737796556557,0.2058117583211454,129263.69214965419,2779.7439686659295,132043.43611832013,384,2,168.2058823529412,33,1,19,36.35163091507995,0.6193181818181819,45.77205882352943,1016.911764705884,30.815508021390425,0
397,4,0,0,34,0.0,0.0,1.0,34,1150,900,250,0.782608695652174,14,9,5,428.30776584911706,0.41287878787878785,0.09409103007718911,0.22369754009742893,126796.7753940159,4115.5092602370205,130912.28465425293,385,3,169.2058823529412,31,3,18,37.42525856496445,0.5991263440860215,48.20963541666667,1007.1614583333339,32.489079301075286,8
398,4,0,1,33,0.0,0.029411764705882353,0.9705882352941176,34,950,700,250,0.7368421052631579,12,7,5,428.953821507899,0.4129344919786096,0.09760326053896207,0.22421532183683168,126829.56271701393,4080.805121527781,130910.36783854172,386,4,170.2058823529412,31,3,18,37.37504308859014,0.5994623655913979,48.177083333333336,1007.2916666666671,32.493279569892486,0
399,4,2,1,34,0.05714285714285714,0.02857142857142857,0.9714285714285714,35,1600,1200,400,0.75,20,12,8,413.43048347394347,0.4151960784313726,0.09911573983100808,0.21938975290916576,127442.37075617294,3537.7121913580363,130980.08294753097,387,0,165.68571428571428,32,3,17,37.13319578175149,0.6031901041666667,47.56944444444445,1009.7222222222231,31.55381944444447,0
400,4,2,0,36,0.05555555555555555,0.0,1.0,36,1300,1000,300,0.7692307692307693,16,10,6,406.55073499496115,0.4180390211640212,0.10953967292549982,0.21835239540555645,127927.48169273834,3201.802341647437,131129.28403438578,388,0,162.02777777777777,33,3,19,36.8073642237028,0.6057449494949495,47.08946078431372,1011.6421568627449,30.655822935234692,0
401,4,2,3,35,0.05263157894736842,0.07894736842105263,0.9210526315789473,38,1050,700,350,0.6666666666666666,14,7,7,410.22730063098857,0.4247718112849692,0.08059588443839094,0.2227294516689196,128361.76478097371,3014.5885897251123,131376.3533706988,389,0,154.44736842105263,33,5,19,36.26786290160037,0.6101641414141414,46.66053921568628,1013.3578431372553,30.707813428401675,8
402,4,0,0,35,0.0,0.0,1.0,35,1300,1100,200,0.8461538461538461,15,11,4,425.7519589773782,0.4167717086834734,0.11393320726311362,0.2308554698817409,128309.37915378153,3925.593905978738,132234.97305976026,390,1,167.85714285714286,31,4,19,35.928463565094454,0.6145833333333333,46.712239583333336,1013.1510416666672,32.682291666666686,0
403,4,3,0,38,0.07894736842105263,0.0,1.0,38,1000,700,300,0.7,13,7,6,393.1847048025442,0.42494962067330483,0.10618165230363319,0.21770499413775107,129140.88010204077,2555.243764172328,131696.1238662131,391,0,155.52631578947367,34,4,21,35.901752947606774,0.6158088235294117,45.89285714285714,1016.4285714285711,29.89495798319327,0
404,4,1,0,39,0.02564102564102564,0.0,1.0,39,1250,1100,150,0.88,14,11,3,379.97868724693933,0.42701304543409807,0.10333774127482487,0.2125047583157999,129534.44054705226,2044.0795068027346,131578.520053855,392,0,152.51282051282053,34,5,15,35.835720968307804,0.6197916666666667,45.50595238095239,1017.9761904761913,29.940476190476215,0
405,4,0,2,37,0.0,0.05128205128205128,0.9487179487179487,39,1050,800,250,0.7619047619047619,13,8,5,376.8068615050071,0.4270411605937922,0.10205457896866421,0.2113824721426449,129655.6565334467,1971.0282029478424,131626.68473639456,393,1,153.51282051282053,34,5,15,35.79290863043054,0.6210171568627452,45.38690476190476,1018.4523809523808,29.954481792717083,0
406,4,3,3,37,0.075,0.075,0.925,40,1300,1000,300,0.7692307692307693,16,10,6,362.8506417094338,0.4313701923076923,0.10593508851566047,0.20549099323544548,130026.3899605625,1436.0318072702437,131462.42176783274,394,0,150.5,35,5,18,35.77129671659856,0.6226190476190476,45.02314814814815,1019.9074074074082,29.140211640211664,0
407,4,0,0,37,0.0,0.0,1.0,37,950,600,350,0.631578947368421,13,6,7,394.0709748384945,0.4249874874874875,0.11975959588510743,0.22049925538673024,129554.63927469142,2810.7445987654382,132365.38387345686,395,1,163.1081081081081,32,5,18,35.45645748067303,0.6246744791666667,45.486111111111114,1018.0555555555561,31.81423611111113,0
408,4,0,0,37,0.0,0.0,1.0,37,750,300,450,0.4,12,3,9,397.50966010699346,0.4247997997997998,0.12333384711267148,0.2229703003075809,129651.06398581795,2907.5100755025233,132558.57406132048,396,2,164.1081081081081,32,5,18,35.27047689891728,0.6256510416666667,45.39141414141415,1018.4343434343448,31.826073232323274,0
409,4,1,0,38,0.02631578947368421,0.0,1.0,38,1200,900,300,0.75,15,9,6,386.88360804997313,0.4285947131341868,0.12093371874584946,0.21884830065151778,129981.25908604865,2457.523698817768,132438.78278486643,397,0,160.76315789473685,33,5,19,35.204477626887794,0.6265782828282829,45.067401960784316,1019.7303921568629,30.90092097445039,0
410,4,0,0,38,0.0,0.0,1.0,38,1000,900,100,0.9,11,9,2,387.2308727412533,0.4283131816026553,0.1259889920880628,0.21943082788671026,130050.00000000003,2471.875000000001,132521.87500000003,398,1,161.76315789473685,34,4,19,35.125612745098046,0.625,45.0,1020.0000000000002,30.000000000000007,0
411,4,0,0,38,0.0,0.0,1.0,38,950,700,250,0.7368421052631579,12,7,5,389.6228529779073,0.4282539118065434,0.1227056966883433,0.22130268209898238,130141.08737244898,2541.1883503401345,132682.2757227891,399,2,162.76315789473685,34,4,19,34.97185275930463,0.6259191176470589,44.910714285714285,1020.3571428571428,30.01050420168067,0
412,4,0,0,38,0.0,0.0,1.0,38,1350,900,450,0.6666666666666666,18,9,9,390.9917953651268,0.4282242769084874,0.11912221744952833,0.22313312595768753,130325.14537677822,2591.2692037599427,132916.41458053817,400,3,163.76315789473685,33,5,21,34.749559929588735,0.630050505050505,44.73039215686275,1021.0784313725495,30.941770647653016,0
413,4,0,0,38,0.0,0.0,1.0,38,1100,900,200,0.8181818181818182,13,9,4,389.27250839442087,0.42760194404931245,0.12486589216197097,0.22353876150943833,130566.58340419494,2565.1962868480605,133131.779691043,401,4,164.76315789473685,34,4,15,34.54790331974374,0.6302083333333333,44.49404761904761,1022.023809523809,30.059523809523792,0
414,4,0,0,38,0.0,0.0,1.0,38,950,500,450,0.5263157894736842,14,5,9,390.9071636994964,0.42732041251778097,0.12584746282197434,0.2246538760056141,130597.00255102033,2610.2607709750437,133207.26332199536,402,5,165.76315789473685,34,4,15,34.475211584750355,0.6305147058823529,44.46428571428571,1022.1428571428565,30.063025210084017,0
415,4,0,2,36,0.0,0.05263157894736842,0.9473684210526316,38,1050,700,350,0.6666666666666666,14,7,7,388.1195318249686,0.4269203413940256,0.11770596630059948,0.2242845418273001,130810.03578514725,2553.9859693877374,133364.021754535,403,6,166.76315789473685,34,4,15,34.33002637805965,0.6326593137254901,44.25595238095237,1022.9761904761893,30.087535014005567,0
416,4,0,0,36,0.0,0.0,1.0,36,1050,800,250,0.7619047619047619,13,8,5,397.2904390767046,0.4239417989417989,0.11668450151596232,0.22901460968556822,130714.10323245087,3186.29269334763,133900.3959257985,404,7,175.25,32,4,15,34.19300736716466,0.6363932291666667,44.34974747474748,1022.601010101011,31.956281565656592,0
417,4,1,1,36,0.02702702702702703,0.02702702702702703,0.972972972972973,37,1400,1100,300,0.7857142857142857,17,11,6,384.3257082751812,0.42686436436436437,0.10985491775437906,0.2234545088823339,131045.6483834342,2672.8423262687384,133718.49070970295,405,0,171.48648648648648,33,4,17,34.18798623578696,0.6373106060606061,44.025735294117645,1023.897058823529,31.027183600713002,0
418,4,0,1,35,0.0,0.027777777777777776,0.9722222222222222,36,900,600,300,0.6666666666666666,12,6,6,392.8133257168691,0.4242890211640212,0.11326684488313088,0.22757340993103836,130907.84940631069,3084.4695375472056,133992.31894385788,406,1,176.94444444444446,32,4,18,34.11063129755295,0.6383463541666667,44.16035353535354,1023.3585858585868,31.979955808080838,0
419,4,0,1,34,0.0,0.02857142857142857,0.9714285714285714,35,900,600,300,0.6666666666666666,12,6,6,373.16867068991706,0.4192577030812325,0.04230688071160693,0.20958886220433695,129701.96926708247,2680.142291452328,132382.1115585348,407,2,182.74285714285713,35,0,16,35.838375374010525,0.6193452380952381,45.34143518518518,1018.6342592592592,29.103835978835978,8
420,4,1,0,35,0.02857142857142857,0.0,1.0,35,1050,700,350,0.6666666666666666,14,7,7,371.30089384740415,0.4172619047619048,0.07027579162410591,0.21011767345468713,129996.88042534728,2653.5915798611163,132650.4720052084,408,0,183.65714285714284,35,0,17,35.58584439904665,0.6223214285714286,45.052083333333336,1019.7916666666671,29.136904761904773,0
421,4,1,0,36,0.027777777777777776,0.0,1.0,36,1250,900,350,0.72,16,9,7,359.42387757138255,0.4199074074074074,0.07386943216593012,0.20525546095872552,130351.21588059417,2170.539158950623,132521.7550395448,409,0,179.52777777777777,35,1,19,35.528944236654205,0.6258928571428571,44.704861111111114,1021.1805555555559,29.17658730158731,0
422,4,0,1,35,0.0,0.027777777777777776,0.9722222222222222,36,1600,1400,200,0.875,18,14,4,354.1054977408224,0.419510582010582,0.0748593968218021,0.2034551496778921,130587.7074358067,2048.3650280778397,132636.07246388454,410,1,180.52777777777777,35,1,16,35.42504152040162,0.6282738095238095,44.473379629629626,1022.1064814814811,29.203042328042315,0
423,4,0,1,34,0.0,0.02857142857142857,0.9714285714285714,35,900,600,300,0.6666666666666666,12,6,6,364.95337883160795,0.41509103641456585,0.08842602605267103,0.20990319250013525,130627.42524092973,2534.5840419501155,133162.00928287985,411,2,186.14285714285714,34,1,16,35.1075754046815,0.6308210784313726,44.43452380952381,1022.2619047619049,30.066526610644264,0
424,4,1,0,35,0.02857142857142857,0.0,1.0,35,1300,800,500,0.6153846153846154,18,8,10,361.7002051803729,0.4147058823529412,0.0775866367489404,0.2093476945134885,130870.93431122448,2467.2087585033983,133338.14306972787,412,0,187.05714285714285,34,1,17,34.94400814426992,0.6332720588235294,44.19642857142857,1023.2142857142856,30.094537815126046,0
425,4,1,0,36,0.027777777777777776,0.0,1.0,36,850,500,350,0.5882352941176471,12,5,7,353.73297226053853,0.4171957671957672,0.08041398274757938,0.20606866830371992,131120.59709630063,2076.335707090195,133196.9328033908,413,0,182.83333333333334,35,1,18,34.895303612460914,0.6336309523809525,43.9525462962963,1024.1898148148152,29.26256613756615,0
426,4,0,0,36,0.0,0.0,1.0,36,1200,1000,200,0.8333333333333334,14,10,4,356.6319353042803,0.41671626984126986,0.08562984715006405,0.20856137088402232,131268.81456832995,2162.930276920446,133431.7448452504,414,1,183.83333333333334,35,1,18,34.6712408704164,0.6351190476190476,43.807870370370374,1024.768518518519,29.279100529100543,0
427,4,1,0,37,0.02702702702702703,0.0,1.0,37,850,600,250,0.7058823529411765,11,6,5,353.2645685534077,0.41857482482482483,0.10536271242721429,0.2091142731774589,131732.43344696064,1907.2802532262172,133639.71370018687,415,0,179.83783783783784,36,1,15,34.289527570571884,0.6377314814814814,43.355855855855864,1026.5765765765777,28.51601601601605,0
428,4,0,0,37,0.0,0.0,1.0,37,1750,1500,250,0.8571428571428571,20,15,5,356.124480609418,0.41804304304304307,0.10877785680417218,0.21144891036184219,131848.06428049688,1990.86468224983,133838.92896274672,416,1,180.83783783783784,36,1,16,34.099506578947356,0.6388888888888888,43.24324324324325,1027.0270270270282,28.52852852852856,0
429,4,0,1,36,0.0,0.02702702702702703,0.972972972972973,37,1000,900,100,0.9,11,9,2,357.47404629214736,0.4181368868868869,0.10765770704373923,0.2124117769531386,131876.97991488117,2028.5195245921668,133905.49943947335,417,2,181.83783783783784,36,1,16,34.0356960128641,0.6391782407407407,43.215090090090094,1027.13963963964,28.53165665665667,0
430,4,0,0,36,0.0,0.0,1.0,36,1000,600,400,0.6,14,6,8,370.7482853251816,0.4154596560846561,0.11206896551724177,0.22021554778953548,131862.52170138882,2577.560763888884,134440.0824652777,418,3,187.77777777777777,35,1,16,33.70943204868155,0.6410714285714285,43.229166666666664,1027.0833333333328,29.34523809523808,0
431,4,0,1,35,0.0,0.027777777777777776,0.9722222222222222,36,1000,600,400,0.6,14,6,8,370.6062383953914,0.4150793650793651,0.11031316886335474,0.22064866386558607,131951.69331114966,2580.4241415894985,134532.11745273916,419,4,188.77777777777777,35,1,16,33.623056775937805,0.6419642857142858,43.14236111111111,1027.4305555555552,29.35515873015872,0
432,4,1,0,36,0.027777777777777776,0.0,1.0,36,1100,700,400,0.6363636363636364,15,7,8,366.2038129301154,0.414781746031746,0.10968861376852423,0.21940127295239895,132189.6316256216,2481.6694262260025,134671.3010518476,420,0,189.55555555555554,35,1,18,33.496178015381744,0.6443452380952381,42.91087962962963,1028.3564814814818,29.381613756613763,0
433,4,0,0,36,0.0,0.0,1.0,36,900,500,400,0.5555555555555556,13,5,8,368.05255683084044,0.4146329365079365,0.11108610861086121,0.2210304814265212,132278.91375171483,2537.118484224985,134816.0322359398,421,1,190.55555555555554,35,1,18,33.3586483648365,0.6452380952380952,42.82407407407408,1028.7037037037048,29.391534391534424,0
434,4,0,1,35,0.0,0.027777777777777776,0.9722222222222222,36,1200,900,300,0.75,15,9,6,370.2732383746662,0.4151289682539683,0.10897435897435925,0.22306704848424996,132398.00347222216,2604.687499999991,135002.69097222216,422,2,191.55555555555554,35,1,20,33.18151147098515,0.6464285714285714,42.70833333333333,1029.166666666666,29.404761904761887,0
435,4,0,0,35,0.0,0.0,1.0,35,800,400,400,0.5,12,4,8,372.89580225868303,0.4146008403361345,0.09554655870445328,0.22464698331193844,132398.0034722223,2874.13194444445,135272.13541666674,423,3,187.77142857142857,34,1,20,33.11403508771929,0.6485906862745099,42.708333333333336,1029.1666666666672,30.26960784313727,0
436,4,0,0,35,0.0,0.0,1.0,35,1250,900,350,0.72,16,9,7,372.3991063134767,0.41439075630252103,0.0984556430966419,0.22507895670896305,132520.55165816328,2870.1070011337897,135390.65865929707,424,4,188.77142857142857,34,1,20,33.003333718734346,0.6498161764705883,42.589285714285715,1029.6428571428573,30.28361344537816,0
437,4,0,0,35,0.0,0.0,1.0,35,1450,1000,450,0.6896551724137931,19,10,9,372.3808384895337,0.4135854341736695,0.09856383505563104,0.22598764209596217,132673.81660997716,2881.03741496597,135554.85402494314,425,5,189.77142857142857,34,1,16,32.84945304676065,0.6513480392156863,42.44047619047618,1030.238095238094,30.301120448179237,0
438,4,0,0,35,0.0,0.0,1.0,35,700,300,400,0.42857142857142855,11,3,8,373.6752556149962,0.41250000000000003,0.09910920488287722,0.22788927560745537,132857.85147392284,2929.138321995459,135786.9897959183,426,6,190.77142857142857,34,1,16,32.63086989992301,0.6531862745098039,42.26190476190476,1030.9523809523805,30.322128851540604,0
439,4,0,0,35,0.0,0.0,1.0,35,800,700,100,0.875,9,7,2,372.27839721106204,0.412640056022409,0.09746812476289479,0.22722362214552533,132888.53635204065,2894.3062641723145,135782.84261621296,427,7,191.77142857142857,34,1,16,32.63600238617557,0.6534926470588236,42.23214285714285,1031.0714285714273,30.325630252100805,0
440,4,1,0,36,0.027777777777777776,0.0,1.0,36,1150,900,250,0.782608695652174,14,9,5,365.899173520481,0.4144179894179894,0.10236671649227702,0.22540197705819684,133233.13185871052,2549.9785665294867,135783.11042524,428,0,187.41666666666666,35,1,18,32.45422272047832,0.6547619047619048,41.898148148148145,1032.4074074074072,29.49735449735449,0
441,4,0,1,35,0.0,0.027777777777777776,0.9722222222222222,36,250,100,150,0.4,4,1,3,368.21721390110156,0.41332671957671957,0.10449972608197644,0.22756027817544516,133352.6502486281,2620.548268175564,135973.19851680368,429,1,188.41666666666666,35,1,18,32.274391154938,0.655952380952381,41.7824074074074,1032.870370370369,29.510582010581974,0
442,4,0,0,35,0.0,0.0,1.0,35,1050,800,250,0.7619047619047619,13,8,5,376.1956345059301,0.40899859943977596,0.11311280969952575,0.23170231125251572,133226.3038548751,3023.8307823128976,136250.134637188,430,2,194.54285714285714,34,1,18,32.19533171894219,0.6568627450980392,41.90476190476189,1032.3809523809507,30.364145658263254,0
443,4,0,0,35,0.0,0.0,1.0,35,1250,1000,250,0.8,15,10,5,378.24517526715044,0.40794817927170873,0.12107620364881821,0.2337361211266237,133349.23469387754,3087.7409297052136,136436.97562358275,431,3,195.54285714285714,34,1,18,32.0188835100661,0.6580882352941176,41.785714285714285,1032.8571428571427,30.378151260504197,0
444,4,0,0,35,0.0,0.0,1.0,35,1000,600,400,0.6,14,6,8,376.88605619146693,0.4070728291316527,0.11497695852534573,0.2336693548387097,133472.2222222223,3060.7638888888987,136532.9861111112,432,4,196.54285714285714,34,1,18,31.93044354838709,0.6593137254901961,41.66666666666667,1033.3333333333342,30.39215686274512,0
445,4,0,0,35,0.0,0.0,1.0,35,1150,900,250,0.782608695652174,14,9,5,383.6717722045328,0.40675770308123255,0.08042277531537678,0.22770321891458814,131831.05656478278,3115.9710207612425,134947.027585544,433,5,197.54285714285714,33,2,16,33.40940731901352,0.6452020202020202,43.259803921568626,1026.9607843137255,31.120023767082593,8
446,4,0,0,35,0.0,0.0,1.0,35,1100,800,300,0.7272727272727273,14,8,6,384.9695302696392,0.4063725490196079,0.07489518355660119,0.22885209948369611,131893.9905925605,3155.03352076124,135049.02411332174,434,6,198.54285714285714,33,2,16,33.31245526127417,0.6458333333333333,43.1985294117647,1027.2058823529408,31.127450980392144,0
447,4,1,0,36,0.027777777777777776,0.0,1.0,36,900,500,400,0.5555555555555556,13,5,8,376.6121021318522,0.40757275132275134,0.07721977937205904,0.2263339211838294,132306.12953514734,2765.617913832193,135071.74744897953,435,0,194.0,34,2,18,33.11106611123968,0.647671568627451,42.797619047619044,1028.8095238095234,30.25910364145657,0
448,4,0,1,35,0.0,0.027777777777777776,0.9722222222222222,36,900,700,200,0.7777777777777778,11,7,4,377.4852890557132,0.40755621693121696,0.07613585245164178,0.22741186926039283,132398.00347222207,2795.6597222221985,135193.66319444426,436,1,195.0,34,2,19,32.995951417004036,0.6485906862745099,42.70833333333332,1029.1666666666654,30.269607843137216,0
449,4,0,1,34,0.0,0.02857142857142857,0.9714285714285714,35,750,500,250,0.6666666666666666,10,5,5,387.3205107694426,0.40469187675070023,0.07941461754445656,0.23275273356545928,132303.42784325714,3248.7662497596734,135552.19409301682,437,2,201.34285714285716,33,2,19,32.838371054198916,0.6499368686868687,42.8002450980392,1028.7990196078413,31.175727866904282,0
450,4,0,1,33,0.0,0.029411764705882353,0.9705882352941176,34,900,700,200,0.7777777777777778,11,7,4,394.48947246487705,0.4044674688057041,0.07933270276319693,0.23683903700599476,132268.0900705283,3635.673815171891,135903.7638857002,438,3,204.8235294117647,32,2,19,32.689691501984356,0.6520182291666667,42.834595959595944,1028.6616161616143,32.14567550505045,0
451,4,0,0,33,0.0,0.0,1.0,33,1050,600,450,0.5714285714285714,15,6,9,402.68162153501055,0.4043560606060606,0.06293824319140806,0.24173136855065197,132264.03130425335,4052.0589192708153,136316.09022352417,439,4,205.8181818181818,31,2,20,32.48312236286919,0.6545698924731183,42.83854166666666,1028.6458333333323,33.18212365591395,0
452,4,0,0,33,0.0,0.0,1.0,33,800,500,300,0.625,11,5,6,401.58422197757204,0.4042376893939394,0.06486988063604548,0.24171516422610442,132364.5040724012,4031.099277072478,136395.60334947368,440,5,206.8181818181818,31,2,20,32.409765279007964,0.6555779569892473,42.740885416666664,1029.036458333333,33.194724462365585,0
453,4,0,0,33,0.0,0.0,1.0,33,1200,900,300,0.75,15,9,6,400.43272304086287,0.4032907196969697,0.06109679793890366,0.24123629900266602,132398.00347222216,4003.2986111111018,136401.30208333326,441,6,207.8181818181818,31,2,20,32.405533063427804,0.6559139784946236,42.70833333333333,1029.166666666666,33.19892473118278,0
454,4,0,0,33,0.0,0.0,1.0,33,650,400,250,0.6153846153846154,9,4,5,401.3763031071708,0.4026594065656566,0.06164861363444718,0.2422351948370452,132465.01498752166,4033.663601345482,136498.67858886713,442,7,208.8181818181818,31,2,20,32.31353824099839,0.6565860215053764,42.643229166666664,1029.427083333333,33.20732526881719,0
455,4,0,0,33,0.0,0.0,1.0,33,750,500,250,0.6666666666666666,10,5,5,403.133865340325,0.4019491792929293,0.05833812205493638,0.24416453865558743,132599.08888075093,4091.0366482204918,136690.12552897143,443,8,209.8181818181818,31,2,20,32.132848714707116,0.6579301075268817,42.513020833333336,1029.9479166666672,33.22412634408604,0
456,4,0,0,33,0.0,0.0,1.0,33,1100,700,400,0.6363636363636364,15,7,8,401.65787259449485,0.4012784090909091,0.05717437264454439,0.243705298157028,132666.15125868062,4057.2808159722326,136723.43207465284,444,9,210.8181818181818,31,2,16,32.103134479272,0.6586021505376345,42.44791666666667,1030.208333333334,33.23252688172045,0
457,4,0,0,33,0.0,0.0,1.0,33,900,600,300,0.6666666666666666,12,6,6,390.8444483920951,0.4012784090909091,-0.0004472772000445602,0.22635567574896645,130894.72664727108,3667.1602037217917,134561.88685099286,445,10,211.8181818181818,31,2,19,34.17432773465665,0.6407930107526882,44.173177083333336,1023.3072916666669,33.00991263440861,8
458,4,0,0,33,0.0,0.0,1.0,33,850,600,250,0.7058823529411765,11,6,5,390.8471347181396,0.4006076388888889,0.001125045753145093,0.22753610026337298,131094.6676466201,3647.595045301668,134742.26269192176,446,11,212.8181818181818,31,2,20,33.971312778130965,0.6428091397849462,43.97786458333334,1024.0885416666677,33.03511424731186,0
459,4,0,0,33,0.0,0.0,1.0,33,750,400,350,0.5333333333333333,11,4,7,392.96868982489127,0.40041035353535354,0.0018951431179727862,0.22916861992975707,131161.3485548233,3708.460659450977,134869.80921427425,447,12,213.8181818181818,31,2,20,33.84933371467312,0.643481182795699,43.91276041666668,1024.3489583333346,33.043514784946275,0
460,4,1,0,34,0.029411764705882353,0.0,1.0,34,1150,1000,150,0.8695652173913043,13,10,3,379.5833915807067,0.4031491384432561,-0.0040096769857984604,0.22349461576029978,131528.39660644546,3185.3049384223236,134713.70154486777,448,0,208.5,31,3,22,33.820449352627556,0.6471774193548387,43.55468750000001,1025.7812500000011,33.08971774193552,0
461,4,0,1,33,0.0,0.029411764705882353,0.9705882352941176,34,500,300,200,0.6,7,3,4,379.85910228118695,0.4031305704099822,-0.004817991147734402,0.22424491273992792,131628.58963012707,3200.0635782877735,134828.65320841485,449,1,209.5,31,3,14,33.71201306940743,0.6481854838709677,43.45703125000001,1026.171875000001,33.102318548387125,0
462,4,0,0,33,0.0,0.0,1.0,33,1200,900,300,0.75,15,9,6,392.60917112467007,0.3999368686868687,-0.008875763133033177,0.23162120651976306,131603.8071597874,3733.77232917102,135337.5794889584,450,15,216.8181818181818,30,3,14,33.41001877565278,0.6506944444444445,43.481182795698935,1026.0752688172054,34.20250896057351,0
463,4,0,0,33,0.0,0.0,1.0,33,1050,800,250,0.7619047619047619,13,8,5,389.5938083437646,0.39985795454545453,-0.007195240071952602,0.2305974162899582,131728.8208007814,3664.1465928819575,135392.96739366336,451,16,217.8181818181818,31,2,15,33.36081515305259,0.6491935483870968,43.35937500000001,1026.5625000000011,33.11491935483875,0
464,4,0,0,33,0.0,0.0,1.0,33,500,300,200,0.6,7,3,4,388.97113669107534,0.399542297979798,-0.010868353797967245,0.23043106031623822,131762.23966810448,3650.341627332907,135412.58129543738,452,17,218.8181818181818,31,2,15,33.34297717184526,0.6495295698924731,43.32682291666667,1026.6927083333342,33.11911962365594,0
465,4,1,0,34,0.029411764705882353,0.0,1.0,34,900,500,400,0.5555555555555556,13,5,8,377.2024587696206,0.4034276589423648,-0.007566946709913314,0.22568402805003837,132138.24043783802,3168.573838128766,135306.81427596678,453,0,213.35294117647058,32,2,16,33.26527897171394,0.6507161458333333,42.96085858585859,1028.156565656566,32.12989267676769,0
466,4,0,0,34,0.0,0.0,1.0,34,1150,900,250,0.782608695652174,14,9,5,380.3793462549248,0.4025735294117647,-0.008249157033624721,0.22836776226520808,132268.09007052865,3262.4099262830437,135530.4999968117,454,1,214.35294117647058,32,2,17,33.0525551327687,0.6520182291666667,42.834595959595966,1028.661616161617,32.145675505050534,0
467,4,0,0,34,0.0,0.0,1.0,34,1250,1000,250,0.8,15,10,5,376.8022045526205,0.40261066547831253,-0.008593622118718391,0.22740444497656623,132465.01498752166,3182.685703681978,135647.70069120364,455,2,215.35294117647058,31,3,19,32.9459693060123,0.6565860215053764,42.643229166666664,1029.427083333333,33.20732526881719,0
468,4,0,0,34,0.0,0.0,1.0,34,1350,900,450,0.6666666666666666,18,9,9,397.8022348187834,0.40305629827688655,0.03721734932002896,0.21864167943799298,128848.62075617288,3451.2538580246937,132299.8746141976,456,3,216.35294117647058,32,2,17,36.083561331509344,0.6175130208333333,46.18055555555556,1015.277777777778,31.727430555555564,8
469,4,1,0,35,0.02857142857142857,0.0,1.0,35,1050,500,550,0.47619047619047616,16,5,11,385.98495028218224,0.40871848739495803,0.028805620608899574,0.2140461997019373,129201.38888888882,2974.4405864197424,132175.82947530856,457,0,211.14285714285714,32,3,18,36.0228825136612,0.62109375,45.83333333333333,1016.6666666666661,31.770833333333314,0
470,4,2,2,35,0.05405405405405406,0.05405405405405406,0.9459459459459459,37,1250,900,350,0.72,16,9,7,368.4557363251603,0.419044044044044,0.029166960894781102,0.20725340874571152,129760.9247068973,2162.231411822706,131923.15611872,458,0,200.67567567567568,35,2,17,35.898391646787076,0.6199404761904762,45.28356481481482,1018.8657407407409,29.110449735449738,0
471,4,0,0,35,0.0,0.0,1.0,35,1000,600,400,0.6,14,6,8,387.64373245859707,0.40794817927170873,0.033916961920814837,0.2166735425168983,129513.05537533645,3040.9848375624824,132554.04021289892,459,1,213.11428571428573,33,2,17,35.66247291114857,0.6218434343434344,45.52696078431373,1017.8921568627454,30.845216874628647,0
472,4,0,0,35,0.0,0.0,1.0,35,850,500,350,0.5882352941176471,12,5,7,386.27432907743355,0.4080182072829132,0.039969751134332654,0.21694001508727198,129700.23548635129,3019.974288735088,132720.20977508638,460,2,214.11428571428573,33,2,17,35.50639637471927,0.6237373737373737,45.343137254901954,1018.6274509803912,30.86749851455731,0
473,4,0,0,35,0.0,0.0,1.0,35,850,500,350,0.5882352941176471,12,5,7,384.07769308402374,0.4081582633053222,0.04485133719232581,0.21656774056812367,129856.32216274986,2974.9833297289456,132831.3054924788,461,3,215.11428571428573,33,2,18,35.40326540018437,0.6253156565656566,45.189950980392155,1019.240196078431,30.886066547831245,0
474,4,1,0,36,0.027777777777777776,0.0,1.0,36,450,300,150,0.6666666666666666,6,3,3,374.6151022403529,0.4131448412698413,0.04120159711689286,0.2127783990259818,130141.08737244898,2550.5633503401336,132691.6507227891,462,0,210.11111111111111,34,2,19,35.354684400886704,0.6259191176470589,44.910714285714285,1020.3571428571428,30.01050420168067,0
475,4,0,1,35,0.0,0.027777777777777776,0.9722222222222222,36,1200,600,600,0.5,18,6,12,372.81319655424056,0.412962962962963,-0.05244385556358577,0.20772450723444974,129388.34372597064,2594.475179777776,131982.81890574843,463,1,211.11111111111111,33,3,20,36.16698787440777,0.6205808080808081,45.64950980392156,1017.4019607843126,30.83036244800947,8
476,4,0,0,35,0.0,0.0,1.0,35,950,700,250,0.7368421052631579,12,7,5,382.4003273583499,0.40805322128851546,-0.05480180899175291,0.21257657949423794,129297.68207644622,2888.695190541773,132186.37726698798,464,6,218.11428571428573,32,3,20,36.015673494723785,0.6220703125,45.73863636363636,1017.045454545454,31.78267045454544,0
477,4,1,0,36,0.027777777777777776,0.0,1.0,36,750,500,250,0.6666666666666666,10,5,5,377.9331435989468,0.4123677248677249,-0.03873653542886191,0.21259378591892034,129762.65889321406,2608.321919454039,132370.9808126681,465,0,213.02777777777777,33,3,19,35.6552201106567,0.6243686868686869,45.28186274509803,1018.8725490196072,30.874925727866884,0
478,4,0,0,36,0.0,0.0,1.0,36,850,400,450,0.47058823529411764,13,4,9,386.1367805048475,0.4130952380952381,-0.03635514018691599,0.20951640727190007,128336.36435376506,2721.4256933125084,131057.79004707758,466,1,214.02777777777777,32,4,22,36.90420560747664,0.6123046875,46.68560606060607,1013.2575757575769,31.664299242424278,8
479,4,1,0,37,0.02702702702702703,0.0,1.0,37,1200,900,300,0.75,15,9,6,371.2814428791521,0.4177302302302302,-0.022190749068315085,0.20363926555795622,128765.68657487512,2161.661980968865,130927.34855584399,467,0,209.21621621621622,33,4,19,36.84144329067053,0.6142676767676767,46.26225490196079,1014.9509803921574,30.75609031491386,0
480,4,0,2,35,0.0,0.05405405405405406,0.9459459459459459,37,1150,800,350,0.6956521739130435,15,8,7,367.9243124898605,0.41726101101101104,-0.01552415212364533,0.20259061645205817,128921.21006644079,2086.6495158112275,131007.85958225201,468,1,210.21621621621622,33,4,19,36.767803990185435,0.6158459595959596,46.10906862745098,1015.5637254901961,30.77465834818776,0
481,4,0,0,35,0.0,0.0,1.0,35,1250,1000,250,0.8,15,10,5,378.7708108845557,0.411624649859944,-0.0035760085003480047,0.20829723436373507,128870.65463595906,2762.4884711371346,131633.1431070962,469,2,220.31428571428572,31,4,20,36.54409250235102,0.6202956989247312,46.15885416666666,1015.3645833333321,32.7536962365591,0
482,4,1,0,36,0.027777777777777776,0.0,1.0,36,750,500,250,0.6666666666666666,10,5,5,367.5591517317692,0.4159556878306878,-0.005137388040132862,0.2036626793250153,129169.29913082848,2295.4716036628924,131464.77073449138,470,0,215.16666666666666,32,4,22,36.52393077464498,0.6207682291666667,45.86489898989899,1016.540404040404,31.766887626262626,0
483,4,1,0,37,0.02702702702702703,0.0,1.0,37,1000,800,200,0.8,12,8,4,356.47731204147806,0.4187937937937938,-0.001548864057894006,0.19925306553274003,129513.05537533641,1833.693170895803,131346.7485462322,471,0,210.32432432432432,33,4,17,36.45557428365035,0.6218434343434344,45.52696078431372,1017.8921568627451,30.84521687462864,0
484,4,0,1,36,0.0,0.02702702702702703,0.972972972972973,37,600,500,100,0.8333333333333334,7,5,2,354.1858896650744,0.41935685685685686,-0.011501693051819029,0.19844440709555658,129606.62853529895,1780.9678068531384,131387.5963421521,472,1,211.32432432432432,33,4,17,36.418717655554225,0.622790404040404,45.435049019607845,1018.2598039215688,30.856357694592994,0
485,4,1,0,37,0.02702702702702703,0.0,1.0,37,750,500,250,0.6666666666666666,10,5,5,350.00811767849603,0.41747997997998,-0.01547187596496058,0.19704248466463736,129793.87622849381,1685.782060986157,131479.65828947996,473,0,212.24324324324326,33,4,19,36.33481158548807,0.6246843434343434,45.25122549019608,1018.9950980392153,30.878639334521676,0
486,4,2,1,38,0.05128205128205128,0.02564102564102564,0.9743589743589743,39,850,700,150,0.8235294117647058,10,7,3,336.3706550868124,0.42079959514170046,0.01777359575524695,0.19297053370769784,130528.56445312515,981.1957465277918,131509.76019965293,474,0,202.30769230769232,35,4,17,35.938030920829085,0.6276785714285714,44.53125000000001,1021.8750000000011,29.196428571428605,0
487,4,0,0,38,0.0,0.0,1.0,38,600,400,200,0.6666666666666666,8,4,4,343.62433166939843,0.4175408961593172,0.017021367967067658,0.19639927657506806,130384.1429280046,1360.6327947845864,131744.7757227892,475,1,208.44736842105263,34,4,21,35.89894898395307,0.6283700980392157,44.67261904761905,1021.3095238095243,30.038515406162478,0
488,4,1,0,39,0.02564102564102564,0.0,1.0,39,1050,700,350,0.6666666666666666,14,7,7,335.286707924859,0.42006860098965365,0.016995341952897425,0.19323275045767319,130706.0335889275,964.7991415895133,131670.83273051702,476,0,204.07692307692307,35,4,19,35.78629032258063,0.6294642857142857,44.35763888888889,1022.5694444444447,29.21626984126985,0
489,4,0,0,39,0.0,0.0,1.0,39,900,700,200,0.7777777777777778,11,7,4,338.54753178681875,0.42018106162843005,0.010395637544959202,0.19586126838975623,130854.01663237305,1060.0608710562387,131914.0775034293,477,1,205.07692307692307,35,4,19,35.553355957767735,0.6309523809523809,44.21296296296296,1023.1481481481477,29.23280423280422,0
490,4,0,3,36,0.0,0.07692307692307693,0.9230769230769231,39,750,500,250,0.6666666666666666,10,5,5,338.39804572582847,0.4195906432748538,0.01345407203147797,0.19622648644940968,130942.84664619755,1062.1606813700075,132005.00732756755,478,2,206.07692307692307,35,4,20,35.46743657883824,0.6318452380952381,44.1261574074074,1023.4953703703691,29.24272486772483,0
491,4,0,0,36,0.0,0.0,1.0,36,1300,1200,100,0.9230769230769231,14,12,2,361.8520190098968,0.41426917989417994,-0.018595154759453614,0.20789156095707,130585.01882779821,2250.490543056837,132835.50937085506,470,3,210.63888888888889,32,4,20,35.22982293596872,0.6350911458333333,44.476010101010104,1022.0959595959598,31.940498737373744,0
492,4,1,0,37,0.02702702702702703,0.0,1.0,37,1450,1100,350,0.7586206896551724,18,11,7,351.04185887835376,0.4160097597597598,-0.0015782205563230622,0.20443601495793745,131108.39468293445,1804.9069168108356,132913.3015997453,471,0,205.9189189189189,33,4,22,34.97654162179409,0.6379419191919191,43.96446078431372,1024.142156862745,31.034610814022574,0
493,4,0,0,37,0.0,0.0,1.0,37,1400,1300,100,0.9285714285714286,15,13,2,347.9492219308749,0.4157595095095095,0.0031549310343708115,0.20329863344263063,131233.93233672142,1732.548929498258,132966.4812662197,472,1,206.9189189189189,33,4,24,34.928911015428774,0.6392045454545454,43.84191176470588,1024.6323529411761,31.0494652406417,0
494,4,0,0,37,0.0,0.0,1.0,37,1000,800,200,0.8,12,8,4,350.574555622084,0.4157595095095095,0.0025898542957289994,0.20551009509716242,131360.4817907611,1810.36229710975,133170.84408787085,473,2,207.9189189189189,32,5,24,34.733854744016085,0.6429036458333333,43.71843434343434,1025.1262626262624,32.0351957070707,0
495,4,0,0,37,0.0,0.0,1.0,37,1000,600,400,0.6,14,6,8,353.00788298362073,0.41463338338338335,0.012675156692881773,0.20781420589557506,131522.32552800738,1885.6835399449058,133408.00906795228,474,3,208.9189189189189,32,5,25,34.50809330379124,0.64453125,43.56060606060606,1025.757575757576,32.05492424242425,0
496,4,0,1,36,0.0,0.02702702702702703,0.972972972972973,37,1250,900,350,0.72,16,9,7,353.22014950643035,0.41438313313313313,0.013408757594804088,0.2084691470616384,131619.47959710748,1898.1304522497749,133517.61004935726,475,4,209.9189189189189,32,5,18,34.404608096468564,0.6455078125,43.46590909090909,1026.136363636364,32.066761363636374,0
497,4,0,0,36,0.0,0.0,1.0,36,1000,800,200,0.8,12,8,4,359.1558210528568,0.4130291005291005,0.021420368319593264,0.2119723571311958,131619.4795971074,2254.3804522497608,133873.86004935714,476,5,214.25,32,4,18,34.25233788605882,0.6455078125,43.465909090909086,1026.136363636363,32.066761363636346,0
498,4,0,0,36,0.0,0.0,1.0,36,1100,800,300,0.7272727272727273,14,8,6,357.4848797244566,0.4128306878306878,0.02251541121635814,0.2113450608930986,131684.2689043209,2215.0270061728256,133899.29591049373,477,6,215.25,32,4,19,34.229815065403706,0.6461588541666667,43.40277777777777,1026.3888888888882,32.07465277777776,0
499,4,0,0,36,0.0,0.0,1.0,36,1100,800,300,0.7272727272727273,14,8,6,359.1859502662537,0.4121527777777778,0.023931518828223197,0.21289359676131003,131781.48275686146,2266.811422303835,134048.2941791653,478,7,216.25,32,4,19,34.08806771601901,0.6471354166666667,43.3080808080808,1026.7676767676762,32.08648989898988,0
500,4,0,0,36,0.0,0.0,1.0,36,750,700,50,0.9333333333333333,8,7,1,355.7256760546341,0.41129298941798936,0.016397695311433536,0.21192500378716045,131976.01807213548,2189.4516503417954,134165.46972247728,479,8,217.25,32,4,20,33.98075899074301,0.6490885416666667,43.118686868686865,1027.5252525252522,32.11016414141413,0
501,4,0,0,36,0.0,0.0,1.0,36,1000,800,200,0.8,12,8,4,353.8814488030026,0.4107804232804233,0.020034248911812824,0.2117308330347428,132138.24043783787,2152.2543936843094,134290.49483152217,480,9,218.25,32,4,20,33.864720209586956,0.6507161458333333,42.96085858585858,1028.156565656565,32.12989267676765,0
502,4,0,0,36,0.0,0.0,1.0,36,1450,1200,250,0.8275862068965517,17,12,5,355.3940972711754,0.41021825396825395,0.01151611847488132,0.21355096641338764,132300.56244260783,2203.767791551871,134504.3302341597,481,10,219.25,32,4,20,33.66240181639666,0.65234375,42.8030303030303,1028.7878787878783,32.1496212121212,0
503,4,0,1,35,0.0,0.027777777777777776,0.9722222222222222,36,950,500,450,0.5263157894736842,14,5,9,357.8160599255846,0.40942460317460316,0.014282501124606384,0.21556235805273036,132398.0034722223,2274.826388888894,134672.8298611112,482,11,220.25,32,4,20,33.50202429149796,0.6533203125,42.708333333333336,1029.1666666666672,32.16145833333335,0
504,4,0,1,34,0.0,0.02857142857142857,0.9714285714285714,35,800,600,200,0.75,10,6,4,366.99503351964483,0.40616246498599434,0.020589936379410645,0.22109212994963962,132398.00347222213,2717.8819444444357,135115.88541666657,483,12,227.11428571428573,31,4,22,33.265856950067494,0.6559139784946236,42.70833333333333,1029.1666666666658,33.19892473118277,0
505,4,0,0,34,0.0,0.0,1.0,34,1150,700,450,0.6086956521739131,16,7,9,378.73472028239644,0.40407754010695185,0.028412541025818472,0.22732994622126912,132259.71075052032,3218.268911145801,135477.97966166612,484,13,233.11764705882354,30,4,22,33.103303715318596,0.6572916666666666,42.84274193548387,1028.6290322580649,34.28763440860216,0
506,4,1,0,35,0.02857142857142857,0.0,1.0,35,1050,700,350,0.6666666666666666,14,7,7,371.08986072407845,0.40717787114845944,0.0427398249255484,0.22576297060961406,132766.77661471892,2853.680928548173,135620.4575432671,485,0,227.42857142857142,31,4,18,32.78913981890924,0.6596102150537635,42.350260416666664,1030.598958333333,33.24512768817203,0
507,4,0,0,35,0.0,0.0,1.0,35,750,400,350,0.5333333333333333,11,4,7,374.1009193701566,0.40710784313725495,0.04965805951027602,0.22800284670158058,132833.88137817394,2938.655429416248,135772.5368075902,486,1,228.42857142857142,31,4,18,32.64402025177887,0.6602822580645161,42.28515625000001,1030.859375000001,33.253528225806484,0
508,4,0,0,35,0.0,0.0,1.0,35,700,500,200,0.7142857142857143,9,5,4,372.492602795633,0.40658263305322134,0.05656565656565671,0.22763436837510917,132934.57031250012,2903.4288194444603,135837.99913194458,487,2,229.42857142857142,31,4,18,32.58417508417509,0.6612903225806452,42.18750000000001,1031.250000000001,33.26612903225809,0
509,4,0,0,35,0.0,0.0,1.0,35,800,500,300,0.625,11,5,6,375.3861954948179,0.4064775910364146,0.047291369377939985,0.21820836267150415,131037.09323347126,2837.9031795225224,133874.9964129938,488,3,230.42857142857142,32,3,17,34.425484030090026,0.6396484375,44.03409090909092,1023.8636363636379,31.995738636363683,8
510,4,1,0,36,0.027777777777777776,0.0,1.0,36,800,500,300,0.625,11,5,6,365.77360170219583,0.40992063492063496,0.04858455491820668,0.21494336369690856,131453.76778162256,2416.463619761642,133870.2314013842,489,0,225.0,33,3,18,34.25001991714468,0.6414141414141414,43.62745098039216,1025.4901960784323,31.07546048722522,0
511,4,0,0,36,0.0,0.0,1.0,36,1050,600,450,0.5714285714285714,15,6,9,366.00363418878067,0.40965608465608466,0.048260984999336065,0.21543251885795328,131516.61169982707,2427.1115676662916,133943.72326749336,490,1,226.0,33,3,19,34.180605336519314,0.6420454545454546,43.56617647058824,1025.7352941176478,31.08288770053478,0
512,4,0,1,35,0.0,0.027777777777777776,0.9722222222222222,36,1150,900,250,0.782608695652174,14,9,5,364.9196168411674,0.4099702380952381,0.05399336650082942,0.21568114262842467,131673.78720023547,2410.069594627069,134083.85679486254,491,2,227.0,33,3,18,34.049626865671655,0.6436237373737373,43.41299019607843,1026.3480392156862,31.101455733808674,0
513,4,0,0,35,0.0,0.0,1.0,35,750,500,250,0.6666666666666666,10,5,5,391.8817065478092,0.40787815126050425,0.0315410953011821,0.21852208256994338,129419.51600646372,3143.4281586408906,132562.9441651046,492,3,233.74285714285713,33,2,23,35.65014151511502,0.6208964646464646,45.6188725490196,1017.5245098039204,30.834076054664255,8
514,4,0,0,35,0.0,0.0,1.0,35,1350,1000,350,0.7407407407407407,17,10,7,389.68325964095817,0.4085434173669468,0.03802417344359821,0.2183329874819097,129606.62853529886,3101.1066957420117,132707.73523104086,493,4,234.74285714285713,33,2,20,35.51507903076984,0.622790404040404,45.43504901960784,1018.2598039215682,30.856357694592976,0
515,4,0,0,35,0.0,0.0,1.0,35,1250,900,350,0.72,16,9,7,391.9587084570255,0.4074229691876751,0.04121486978629885,0.22083527232578712,129825.09731833881,3177.2154940407213,133002.31281237953,494,5,235.74285714285713,33,2,21,35.23428731762064,0.625,45.2205882352941,1019.1176470588211,30.8823529411764,0
516,4,0,1,34,0.0,0.02857142857142857,0.9714285714285714,35,1150,800,350,0.6956521739130435,15,8,7,395.9055761422851,0.4074929971988796,0.039556212001511604,0.22341537193700978,129887.55076172612,3284.6411236062845,133172.1918853324,495,6,236.74285714285713,33,2,21,35.070028853089674,0.6256313131313131,45.159313725490186,1019.3627450980381,30.889780154486004,0
517,4,1,0,35,0.02857142857142857,0.0,1.0,35,1000,500,500,0.5,15,5,10,394.9471154940975,0.40360644257703077,0.04971778551699324,0.2244863229159963,130168.77710796312,3281.9566092368154,133450.73371719994,496,0,236.4,33,2,22,34.807828950002,0.6284722222222222,44.88357843137254,1020.4656862745085,30.923202614379043,0
518,4,2,0,37,0.05405405405405406,0.0,1.0,37,850,500,350,0.5882352941176471,12,5,7,378.5901808966983,0.40750125125125125,0.056029493180331125,0.21860529800164194,130779.59183673469,2502.4076573031143,133281.9994940378,497,0,224.56756756756758,34,3,21,34.60462251707013,0.6323529411764706,44.285714285714285,1022.8571428571428,30.084033613445374,0
519,4,1,1,37,0.02631578947368421,0.02631578947368421,0.9736842105263158,38,1200,1000,200,0.8333333333333334,14,10,4,366.97353971948667,0.40900604551920344,0.054430771243851206,0.21378201797088464,131120.5970963006,2023.5579293124165,133144.155025613,498,0,219.6315789473684,35,3,22,34.556282254115345,0.6336309523809525,43.9525462962963,1024.189814814815,29.262566137566143,0
520,4,0,0,37,0.0,0.0,1.0,37,950,600,350,0.631578947368421,13,6,7,374.78206598682914,0.4067192192192192,0.057941251971102226,0.2174916398679473,130972.46334876542,2417.226080246912,133389.68942901233,499,1,226.51351351351352,35,2,22,34.50644504748982,0.6321428571428571,44.09722222222222,1023.6111111111111,29.246031746031747,0
521,4,0,0,37,0.0,0.0,1.0,37,1000,700,300,0.7,13,7,6,378.89005043253985,0.4057182182182182,0.06236771294969934,0.22072403267133284,131120.5970963006,2536.0579293124174,133656.65502561303,500,2,227.51351351351352,35,2,22,34.25116303160433,0.6336309523809525,43.9525462962963,1024.189814814815,29.262566137566143,0
522,4,1,0,38,0.02631578947368421,0.0,1.0,38,950,600,350,0.631578947368421,13,6,7,377.2085144565798,0.4100729018492177,0.09023428438877268,0.22306528200580442,131694.4515306121,2335.5818848243816,134030.03341543648,501,0,222.5,34,4,19,33.713417227248115,0.6415441176470589,43.39285714285713,1026.4285714285702,30.189075630252063,0
523,4,0,0,38,0.0,0.0,1.0,38,1200,800,400,0.6666666666666666,16,8,8,378.3490561789886,0.4093764817449028,0.08749488394716076,0.2245545936773353,131832.80452942807,2375.763433427632,134208.5679628557,502,1,223.5,35,3,19,33.544296367256464,0.6407738095238096,43.25810185185185,1026.967592592592,29.341931216931197,0
524,4,0,1,37,0.0,0.02631578947368421,0.9736842105263158,38,1150,800,350,0.6956521739130435,15,8,7,338.8559131538778,0.4097321005215742,0.017288384852512717,0.19237670969474233,130122.70752779675,1219.7787579731023,131342.48628576985,503,2,224.5,37,1,15,36.28548719326526,0.6196509009009009,44.928728070175424,1020.2850877192961,27.575272641062057,8
525,4,0,0,37,0.0,0.0,1.0,37,1100,600,500,0.5454545454545454,16,6,10,345.8245008747177,0.4086586586586587,0.03144203806455459,0.1963139083912872,130118.92804967135,1599.6626694261881,131718.59071909753,504,3,231.40540540540542,36,1,17,36.11157100809419,0.6215277777777778,44.932432432432435,1020.2702702702708,28.340840840840855,0
526,4,0,1,36,0.0,0.02702702702702703,0.972972972972973,37,1250,900,350,0.72,16,9,7,345.02290712203245,0.4086586586586587,0.03552123552123554,0.19658281917418133,130262.58680555563,1588.7152777777874,131851.30208333343,505,4,232.40540540540542,36,1,18,35.986394557823125,0.622974537037037,44.79166666666667,1020.833333333334,28.356481481481502,0
527,4,0,0,36,0.0,0.0,1.0,36,1200,800,400,0.6666666666666666,16,8,8,355.35193669304465,0.4047123015873016,0.0434240362811793,0.20246796392975797,130262.58680555549,2057.8124999999955,132320.39930555547,506,5,239.63888888888889,34,2,18,35.72278911564625,0.6271446078431373,44.791666666666664,1020.8333333333328,30.024509803921553,0
528,4,2,1,37,0.05263157894736842,0.02631578947368421,0.9736842105263158,38,1150,800,350,0.6956521739130435,15,8,7,336.54451067381996,0.41137683736367947,0.047043999652405466,0.19462169824771852,130838.01442912532,1206.563108716852,132044.57753784218,507,0,227.97368421052633,36,2,15,35.620757659145106,0.6287615740740741,44.22860360360362,1023.0855855855876,28.4190440440441,0
529,4,0,0,37,0.0,0.0,1.0,37,1350,1100,250,0.8148148148148148,16,11,5,343.594181668843,0.4071884384384385,0.05498391102736999,0.19817220556304796,130735.623499657,1583.9999142661156,132319.6234139231,508,1,235.13513513513513,35,2,15,35.54398672098991,0.6297619047619047,44.3287037037037,1022.6851851851847,29.219576719576704,0
530,4,0,0,37,0.0,0.0,1.0,37,1400,1000,400,0.7142857142857143,18,10,8,357.64754240049996,0.4061561561561562,0.10739212052658198,0.19217138283050772,127945.07345183013,1751.848216459693,129696.92166828983,509,2,236.13513513513513,36,1,18,38.02616688928465,0.599537037037037,47.07207207207207,1011.7117117117111,28.103103103103088,8
531,4,0,0,37,0.0,0.0,1.0,37,1250,700,550,0.56,18,7,11,375.0876911334231,0.4060623123123123,0.12062510477396793,0.19648095300887974,126917.01630015433,2165.1467733217482,129082.16307347607,510,3,237.13513513513513,35,2,18,38.64145416953825,0.5910714285714286,48.09027777777778,1007.6388888888889,28.78968253968254,8
532,4,1,0,38,0.02631578947368421,0.0,1.0,38,600,400,200,0.6666666666666666,8,4,4,368.6916006601989,0.41232515410146986,0.12191864221460191,0.19425094781052238,127152.04081632632,1776.2190176996528,128928.25983402597,511,0,231.8684210526316,34,4,19,38.560847497639294,0.5955882352941176,47.85714285714285,1008.5714285714268,29.663865546218435,0
533,4,1,0,39,0.02564102564102564,0.0,1.0,39,700,400,300,0.5714285714285714,10,4,6,360.41541712942944,0.4175101214574899,0.1254893662046348,0.19125694033072613,127442.37075617266,1386.4390432098592,128828.80979938252,512,0,226.89743589743588,35,4,16,38.47145804676755,0.5964285714285714,47.569444444444436,1009.7222222222208,28.84920634920631,0
534,4,2,1,40,0.04878048780487805,0.024390243902439025,0.975609756097561,41,1300,900,400,0.6923076923076923,17,9,8,341.65800982480187,0.42332317073170733,0.13156830668967667,0.18385782931038455,128005.79415060395,546.8409751077161,128552.63512571166,513,0,216.78048780487805,37,4,18,38.36852584245315,0.5982545045045045,47.01206140350877,1011.9517543859643,27.350047415836872,0
535,4,1,0,41,0.024390243902439025,0.0,1.0,41,1150,700,450,0.6086956521739131,16,7,9,345.64218410821036,0.42172256097560973,0.1280582719102703,0.18704607724845035,128230.06071950332,664.4187943968433,128894.47951390017,514,0,217.70731707317074,36,5,19,38.03855348009784,0.6024305555555556,46.79054054054054,1012.8378378378382,28.134384384384393,0
536,4,0,1,40,0.0,0.024390243902439025,0.975609756097561,41,1550,1200,350,0.7741935483870968,19,12,7,367.067010051889,0.4217733739837399,0.17106827922005108,0.19090997125665202,126625.62157064452,1182.3222935147135,127807.94386415924,515,1,218.70731707317074,35,6,17,39.143475927629574,0.5880952380952381,48.37962962962962,1006.4814814814798,28.75661375661371,8
537,4,2,0,42,0.047619047619047616,0.0,1.0,42,950,700,250,0.7368421052631579,12,7,5,366.0952120756776,0.42398615950445223,0.1969696969696968,0.192597915918074,127092.01388888898,907.2702331961677,127999.28412208514,516,0,214.42857142857142,34,8,19,38.6880165289256,0.5949754901960784,47.91666666666667,1008.3333333333342,29.656862745098064,0
538,4,1,1,42,0.023255813953488372,0.023255813953488372,0.9767441860465116,43,1300,900,400,0.6923076923076923,17,9,8,357.61978308816055,0.4260797342192691,0.19399662480104718,0.18963631415671872,127413.15593117705,513.0930373370974,127926.24896851415,517,0,210.41860465116278,35,8,16,38.57199835683443,0.5961309523809524,47.598379629629626,1009.6064814814808,28.845899470899454,0
539,4,0,1,41,0.0,0.023809523809523808,0.9761904761904762,42,1350,1000,350,0.7407407407407407,17,10,7,364.81402392460734,0.42565572977158345,0.1964650891031261,0.19340968211023693,127404.47108848723,895.7875527554706,128300.2586412427,518,1,212.83333333333334,36,6,17,38.399330730619084,0.5940393518518519,47.60698198198199,1009.5720720720728,28.04366866866869,0
540,4,0,0,41,0.0,0.0,1.0,41,1150,800,350,0.6956521739130435,15,8,7,369.28083478097517,0.42278963414634146,0.19556254215530533,0.19619138189074609,127489.75326678064,1215.90450247549,128705.65776925613,519,2,218.609756097561,36,5,17,38.199013157894754,0.5949074074074074,47.52252252252254,1009.9099099099127,28.05305305305313,0
541,4,2,0,43,0.046511627906976744,0.0,1.0,43,700,400,300,0.5714285714285714,10,4,6,356.63122674511465,0.42538759689922484,0.20264868793211743,0.1919324420300983,128009.35057345337,530.4263459712392,128539.7769194246,520,0,209.3953488372093,38,5,19,37.9860817849099,0.5964912280701755,47.00854700854702,1011.9658119658138,26.63067926225826,0
542,4,1,1,43,0.022727272727272728,0.022727272727272728,0.9772727272727273,44,950,800,150,0.8421052631578947,11,8,3,347.735943508117,0.42876805849189575,0.19929564654998178,0.18844774384331478,128287.09621783963,122.22090628732448,128409.31712412696,521,0,205.61363636363637,36,8,20,37.9272732325478,0.6030092592592593,46.73423423423424,1013.0630630630644,28.14064064064068,0
543,4,3,2,44,0.06521739130434782,0.043478260869565216,0.9565217391304348,46,1550,800,750,0.5161290322580645,23,8,15,331.45334340883556,0.4349738325281804,0.2049983530961783,0.1822993388748597,128875.73964497058,-656.741042077567,128218.99860289301,522,0,197.43478260869566,38,8,19,37.740030513468,0.6052631578947368,46.15384615384616,1015.3846153846167,26.72064777327939,0
544,4,2,2,44,0.043478260869565216,0.043478260869565216,0.9565217391304348,46,950,700,250,0.7368421052631579,12,7,5,331.82397120068975,0.4350342190016103,0.21327108441994658,0.18363242804142915,129119.93805473395,-630.9818786982046,128488.95617603575,523,0,198.3695652173913,38,8,21,37.48226111636705,0.6077302631578947,45.91346153846155,1016.3461538461556,26.745951417004097,0
545,4,0,0,44,0.0,0.0,1.0,44,1650,1300,350,0.7878787878787878,20,13,7,343.77996345532864,0.4352096546863989,0.21645605635460985,0.18983701676859827,129034.2280797939,71.87644275162529,129106.10452254553,524,1,200.75,37,7,21,37.26572055543562,0.6086711711711712,45.99780701754386,1016.0087719298256,27.459696538643936,0
546,4,1,0,45,0.022222222222222223,0.0,1.0,45,1200,900,300,0.75,15,9,6,334.38168602425213,0.4380050505050505,0.22242339332543115,0.18635000988702907,129396.54659366341,-346.3247104878382,129050.22188317557,525,0,197.26666666666668,37,8,22,37.136163200057496,0.6123310810810811,45.641447368421055,1017.4342105263156,27.498221906116637,0
547,4,0,1,44,0.0,0.022222222222222223,0.9777777777777777,45,1150,900,250,0.782608695652174,14,9,5,333.8735614599885,0.438047138047138,0.21398733646929302,0.18659532035117823,129508.13140822173,-352.13178574176806,129155.99962247995,526,1,198.26666666666668,37,8,15,37.03577776580846,0.6134572072072072,45.531798245614034,1017.8728070175436,27.510075865339015,0
548,4,0,0,44,0.0,0.0,1.0,44,1000,600,400,0.6,14,6,8,340.3272460997612,0.436949436222692,0.2134653116667502,0.18968887529372888,129401.82317029883,7.79322396722506,129409.61639426605,527,2,203.54545454545453,36,8,22,36.97957019000183,0.6142939814814814,45.63626126126127,1017.4549549549562,28.26263763763767,0
549,4,0,0,44,0.0,0.0,1.0,44,1450,1100,350,0.7586206896551724,18,11,7,339.3506735061476,0.43644291754756875,0.21318382944489134,0.18983478270393414,129545.08562616675,-7.75758866974698,129537.328037497,528,3,204.54545454545453,36,8,16,36.8588679941003,0.6157407407407407,45.4954954954955,1018.0180180180184,28.27827827827829,0
550,4,0,2,42,0.0,0.045454545454545456,0.9545454545454546,44,950,700,250,0.7368421052631579,12,7,5,326.34840659130447,0.43607954545454547,0.18268559849361,0.18035442737303284,129065.65176647305,-375.92604006866947,128689.72572640437,529,4,205.54545454545453,38,6,16,37.676549959695784,0.6071820175438596,45.96688034188034,1016.1324786324784,26.740328385065222,8
551,4,1,1,42,0.023255813953488372,0.023255813953488372,0.9767441860465116,43,1100,800,300,0.7272727272727273,14,8,6,340.2468950248006,0.43664636397194534,0.2033510642299856,0.18881564677229049,129229.25954380185,193.97086122652365,129423.23040502837,530,0,210.8139534883721,37,6,18,37.15704644307847,0.6106418918918919,45.805921052631575,1016.7763157894728,27.48044096728305,0
552,4,1,0,43,0.023255813953488372,0.0,1.0,43,1150,900,250,0.782608695652174,14,9,5,338.4217678074991,0.4361387966039129,0.21822298133223827,0.18954068370690214,129591.85157933211,171.34070098492413,129763.19228031703,531,0,207.8139534883721,37,6,16,36.8350204609089,0.6143018018018018,45.449561403508774,1018.2017543859649,27.51896633475581,0
553,4,0,0,43,0.0,0.0,1.0,43,950,600,350,0.631578947368421,13,6,7,342.2132665803802,0.43595422665190103,0.22227841382780822,0.19207365759910286,129675.59880203521,275.3420523622626,129950.94085439747,532,1,208.8139534883721,37,6,16,36.65345659740914,0.6151463963963963,45.36732456140351,1018.5307017543857,27.527856804172586,0
554,4,2,1,44,0.044444444444444446,0.022222222222222223,0.9777777777777777,45,1100,800,300,0.7272727272727273,14,8,6,329.0632371176406,0.43789983164983165,0.21697745111383293,0.1869781595594205,130156.27170138896,-434.07118055555134,129722.20052083342,533,0,200.48888888888888,39,6,18,36.50129304478017,0.6164529914529915,44.895833333333336,1020.4166666666673,26.164529914529933,0
555,4,0,1,43,0.0,0.022727272727272728,0.9772727272727273,44,1300,800,500,0.6153846153846154,18,8,10,332.5700501630986,0.4362226920366455,0.21340314136125627,0.18882544465265091,130126.2932372707,-144.77842610856686,129981.51481116214,534,1,205.75,38,6,18,36.44219022687607,0.6178728070175439,44.92521367521367,1020.2991452991446,26.849977507872225,0
556,4,2,1,44,0.044444444444444446,0.022222222222222223,0.9777777777777777,45,1300,900,400,0.6923076923076923,17,9,8,329.2216399533884,0.4361952861952862,0.22756818894346353,0.1894360717206237,130644.58832137121,-397.7235371466086,130246.8647842246,535,0,201.88888888888889,38,7,17,36.00341380151185,0.6230811403508771,44.417735042735046,1022.3290598290602,26.903396311291058,0
557,4,0,0,44,0.0,0.0,1.0,44,1400,1000,400,0.7142857142857143,18,10,8,328.36145712785213,0.4370485377026075,0.22998752266391076,0.1892644591578708,130710.70545744846,-215.92845875654336,130494.77699869192,536,1,204.38636363636363,37,7,17,35.958610336693084,0.6255630630630631,44.353070175438596,1022.5877192982458,27.637505926979617,0
558,4,1,2,43,0.022222222222222223,0.044444444444444446,0.9555555555555556,45,1150,600,550,0.5217391304347826,17,6,11,320.0849960737263,0.4394149831649832,0.22602525305228038,0.18601422179348193,131027.14913662418,-612.0350966104284,130415.11404001375,537,0,200.82222222222222,38,7,18,35.85102960102961,0.6269188596491229,44.043803418803414,1023.8247863247854,26.94275753486277,0
559,4,2,1,44,0.044444444444444446,0.022222222222222223,0.9777777777777777,45,1500,1300,200,0.8666666666666667,17,13,4,330.8709388781941,0.440530303030303,0.251489314583103,0.18388279686209008,129287.27027280624,-250.6313306783644,129036.63894212787,538,0,201.6,36,9,20,37.33644299265493,0.6131365740740741,45.748873873873855,1017.0045045045017,28.25012512512505,8
560,4,0,1,43,0.0,0.022727272727272728,0.9772727272727273,44,1100,800,300,0.7272727272727273,14,8,6,347.53746352707986,0.43857910500352365,0.2507866052365435,0.18619722383669365,127828.32031249987,88.6910242167705,127917.01133671663,539,1,206.61363636363637,39,5,16,38.40131850020602,0.592948717948718,47.18749999999999,1011.249999999999,25.929487179487154,7
561,4,2,1,44,0.044444444444444446,0.022222222222222223,0.9777777777777777,45,1750,1300,450,0.7428571428571429,22,13,9,342.4608947982343,0.4413510101010101,0.25231893991318244,0.18574366004112414,128320.37278163587,-209.10493827159524,128111.26784336427,540,0,201.77777777777777,35,10,18,38.026901987662775,0.6053571428571429,46.70138888888889,1013.194444444445,28.948412698412714,0
562,4,2,3,43,0.043478260869565216,0.06521739130434782,0.9347826086956522,46,1350,1000,350,0.7407407407407407,17,10,7,336.87295702304135,0.44375000000000003,0.25867323075736137,0.1853315102792414,128886.7346020008,-516.3089187159969,128370.4256832848,541,0,198.30434782608697,36,10,16,37.59126279989649,0.6090856481481481,46.143018018018026,1015.4279279279292,28.206331331331366,0
563,4,0,2,41,0.0,0.046511627906976744,0.9534883720930233,43,950,500,450,0.5263157894736842,14,5,9,361.7093763679014,0.43897655961609455,0.2813076334847735,0.19684605008653167,128454.92118415996,692.669886582087,129147.59107074204,542,1,212.95348837209303,33,10,16,37.40177707930368,0.6111111111111112,46.568627450980394,1013.7254901960786,30.718954248366018,0
564,4,3,0,44,0.06818181818181818,0.0,1.0,44,950,600,350,0.631578947368421,13,6,7,346.12143711633973,0.44053911205074,0.2832257363667403,0.19236996002158618,129289.65627411267,149.984326774692,129439.64060088736,543,0,200.3409090909091,35,9,19,36.94627005804028,0.6151785714285714,45.74652777777778,1017.013888888889,29.057539682539687,0
565,4,0,0,44,0.0,0.0,1.0,44,1250,900,350,0.72,16,9,7,353.12703961849246,0.43944899577167024,0.2924769703172978,0.19714578154700985,129466.28146701396,343.60894097223235,129809.8904079862,544,1,201.3409090909091,35,9,15,36.58840839303993,0.6169642857142856,45.57291666666667,1017.7083333333339,29.07738095238097,0
566,4,1,1,44,0.022222222222222223,0.022222222222222223,0.9777777777777777,45,1450,1000,450,0.6896551724137931,19,10,9,345.6252781291767,0.44111952861952863,0.29250211856600705,0.19433635122651732,129745.78622118753,-31.31531024266326,129714.47091094487,545,0,197.84444444444443,36,9,16,36.495293099001515,0.6177662037037037,45.29842342342343,1018.8063063063073,28.3001751751752,0
567,4,0,0,44,0.0,0.0,1.0,44,850,800,50,0.9411764705882353,9,8,1,351.3761238901919,0.43886539816772374,0.29747979912790146,0.19690491324750997,129613.56122470846,308.6221493484229,129922.18337405688,546,1,203.29545454545453,35,9,16,36.48319693869821,0.618452380952381,45.42824074074074,1018.2870370370367,29.093915343915334,0
568,4,0,0,44,0.0,0.0,1.0,44,1600,1300,300,0.8125,19,13,6,353.69741377355894,0.43856809372797745,0.29542942689494356,0.1990207835710925,129774.47041636266,380.17891202016534,130154.64932838283,547,2,204.29545454545453,36,8,17,36.260545608605945,0.6180555555555556,45.27027027027029,1018.9189189189217,28.30330330330338,0
569,4,0,2,42,0.0,0.045454545454545456,0.9545454545454546,44,1450,900,550,0.6206896551724138,20,9,11,352.0938039143583,0.43800651867512336,0.2906851818382634,0.1989923408639579,129946.64216581473,350.68150921195064,130297.32367502668,548,3,205.29545454545453,36,8,17,36.12652786981814,0.6197916666666667,45.10135135135137,1019.5945945945967,28.32207207207213,0
570,4,0,0,42,0.0,0.0,1.0,42,1050,700,350,0.6666666666666666,14,7,7,365.4177265672269,0.43642324816105305,0.297213387854006,0.20569933917505523,129790.40745027429,1085.5431241426552,130875.95057441694,549,4,215.04761904761904,35,7,17,35.94578222020294,0.6202380952380953,45.254629629629626,1018.981481481481,29.1137566137566,0
571,4,0,1,41,0.0,0.023809523809523808,0.9761904761904762,42,1300,900,400,0.6923076923076923,17,9,8,360.95075231547844,0.4357578397212543,0.2860790894498755,0.2042605702409559,129996.88042534735,984.4943576388969,130981.37478298624,550,5,216.04761904761904,35,7,18,35.84971910112357,0.6223214285714286,45.052083333333336,1019.7916666666677,29.13690476190479,0
572,4,0,0,41,0.0,0.0,1.0,41,1400,800,600,0.5714285714285714,20,8,12,389.3636867608026,0.4338160569105691,0.26208608716073467,0.20661854034679059,127442.37075617266,1746.5301890431926,129188.90094521585,551,6,222.09756097560975,35,6,13,37.74071526822557,0.5964285714285714,47.569444444444436,1009.7222222222208,28.84920634920631,8
573,4,1,1,41,0.023809523809523808,0.023809523809523808,0.9761904761904762,42,1250,800,450,0.64,17,8,9,379.78743412147503,0.4358183313975997,0.26725056878748843,0.20334593744643548,127802.69870799844,1307.571803222128,129110.27051122057,552,0,217.78571428571428,36,6,14,37.61229906819615,0.5980902777777778,47.21283783783783,1011.1486486486478,28.08746246246244,0
574,4,1,0,42,0.023809523809523808,0.0,1.0,42,1600,1100,500,0.6875,21,11,10,380.9730500209724,0.4366047231900891,0.28214418136553876,0.20557909481924028,128116.02776763255,1361.7507710413163,129477.77853867387,553,0,218.5952380952381,36,6,16,37.26084538375973,0.6012731481481481,46.903153153153156,1012.3873873873878,28.121871871871882,0
575,4,1,0,43,0.023255813953488372,0.0,1.0,43,1450,1200,250,0.8275862068965517,17,12,5,378.23005702722156,0.43773071244001477,0.28561419711312586,0.2065065414161712,128584.361135224,1126.9003897972002,129711.2615250212,554,0,214.48837209302326,35,8,14,36.850607668606656,0.6080357142857142,46.440972222222236,1014.2361111111129,28.978174603174654,0
576,4,1,1,43,0.022727272727272728,0.022727272727272728,0.9772727272727273,44,1250,700,550,0.56,18,7,11,370.27559384637624,0.4403629316420014,0.2885053296951372,0.2038937306899609,128922.84765504794,747.3967951677729,129670.24445021572,555,0,210.5909090909091,37,7,15,36.706434895270995,0.607545045045045,46.10745614035089,1015.5701754385984,27.44784257942158,0
577,4,0,0,43,0.0,0.0,1.0,43,1600,1200,400,0.75,20,12,8,377.93907761225273,0.4382844222960502,0.2842583566716692,0.2080741515205921,128915.32368517185,1144.4277047317848,130059.75138990364,556,1,215.74418604651163,36,7,15,36.51955348562135,0.609375,46.11486486486488,1015.5405405405421,28.209459459459502,0
578,4,1,0,44,0.022727272727272728,0.0,1.0,44,1000,900,100,0.9,11,9,2,373.26901825880924,0.4388213530655391,0.28436424432002005,0.20684859941885386,129173.52123970854,843.2946916359067,130016.81593134445,557,0,211.8181818181818,37,7,16,36.374514615467604,0.6100788288288288,45.860745614035096,1016.557017543861,27.47451398767192,0
579,4,0,1,43,0.0,0.022727272727272728,0.9772727272727273,44,1400,1100,300,0.7857142857142857,17,11,6,374.6624887884539,0.43887640944326994,0.2817095873409863,0.20869982740497545,129377.95380015446,894.6192444897705,130272.57304464423,558,1,212.8181818181818,35,9,17,36.130546075085306,0.6160714285714286,45.65972222222223,1017.3611111111122,29.06746031746035,0
580,4,0,0,43,0.0,0.0,1.0,43,1200,900,300,0.75,15,9,6,377.63249065460343,0.43807678110003695,0.29960192750890413,0.21054304615948458,129413.28125000013,1174.1319444444594,130587.41319444458,559,2,218.41860465116278,34,9,18,36.018973518973525,0.6185661764705883,45.62500000000001,1017.500000000001,29.926470588235325,0
581,4,0,0,43,0.0,0.0,1.0,43,1350,1200,150,0.8888888888888888,15,12,3,376.4268391871042,0.43692321889996305,0.2962022906818109,0.21062662070545599,129554.6392746913,1153.568672839499,130708.2079475308,560,3,219.41860465116278,35,8,15,35.905525238744865,0.6178571428571429,45.48611111111111,1018.0555555555552,29.087301587301578,0
582,4,0,1,42,0.0,0.023255813953488372,0.9767441860465116,43,900,600,300,0.6666666666666666,12,6,6,374.0596205348852,0.4365771502399409,0.29343917166425415,0.2103242627084592,129745.78622118742,1106.531911979545,130852.31813316696,561,4,220.41860465116278,36,7,16,35.77106591503628,0.6177662037037037,45.29842342342342,1018.8063063063064,28.300175175175177,0
583,4,0,0,42,0.0,0.0,1.0,42,650,400,250,0.6153846153846154,9,4,5,383.5454545454546,0.4362538714672861,0.30422077922077895,0.21525510204081622,129672.49657064467,1547.0593278463573,131219.55589849103,562,7,226.57142857142858,35,7,16,35.60416666666666,0.6190476190476191,45.37037037037037,1018.5185185185181,29.10052910052909,0
584,4,0,0,42,0.0,0.0,1.0,42,800,400,400,0.5,12,4,8,382.52600148042205,0.43613288811459544,0.3054338299737074,0.21500599393554745,129731.4453124999,1525.1302083333194,131256.57552083323,563,8,227.57142857142858,35,7,16,35.57004089979549,0.6196428571428572,45.31249999999999,1018.7499999999992,29.107142857142833,0
585,4,0,1,41,0.0,0.023809523809523808,0.9761904761904762,42,1250,700,550,0.56,18,7,11,389.60122949906844,0.43539488966318235,0.3114052160373688,0.219974848040243,129908.37191358008,1722.4922839505969,131630.86419753067,564,9,228.57142857142858,35,7,17,35.20946866485012,0.6214285714285714,45.13888888888888,1019.4444444444431,29.126984126984087,0
586,4,0,1,40,0.0,0.024390243902439025,0.975609756097561,41,1650,1400,250,0.8484848484848485,19,14,5,398.7442531342906,0.4320884146341464,0.3187907133071104,0.2250789083446888,129898.25857426295,2159.236819727879,132057.49539399083,565,11,234.9268292682927,34,7,18,34.986764763128186,0.623468137254902,45.14880952380952,1019.4047619047611,29.982492997198857,0
587,4,0,0,40,0.0,0.0,1.0,40,1300,1100,200,0.8461538461538461,15,11,4,397.93935801336323,0.43155715811965817,0.31536306327340635,0.22514851656158988,129989.29280045355,2345.5711451247166,132334.86394557825,566,12,237.25,34,6,18,34.91443886683789,0.6243872549019608,45.05952380952381,1019.7619047619049,29.992997198879557,0
588,4,0,0,40,0.0,0.0,1.0,40,1100,700,400,0.6363636363636364,15,7,8,405.19415772300516,0.4310496794871795,0.27994764089892943,0.2178206923774714,127963.79145408176,2455.555555555574,130419.34700963733,567,13,238.25,34,6,19,36.80432992116721,0.6038602941176471,47.05357142857144,1011.7857142857154,29.75840336134457,8
589,4,1,2,39,0.024390243902439025,0.04878048780487805,0.9512195121951219,41,850,500,350,0.5882352941176471,12,5,7,398.0847835357338,0.43328252032520326,0.2880322447292267,0.2158265069655898,128304.38220589746,2015.5870964853773,130319.96930238284,568,0,233.41463414634146,32,9,20,36.63436773014292,0.6119791666666667,46.71717171717172,1013.131313131314,31.66035353535356,0
590,4,2,2,39,0.04878048780487805,0.04878048780487805,0.9512195121951219,41,1700,1300,400,0.7647058823529411,21,13,8,389.38096155969475,0.4348069105691057,0.2870775082579826,0.21401314503769686,128848.62075617285,1834.2399691358069,130682.86072530865,569,0,230.609756097561,32,9,19,36.29730962152303,0.6175130208333333,46.18055555555556,1015.2777777777778,31.727430555555557,0
591,4,0,0,39,0.0,0.0,1.0,39,1350,1000,350,0.7407407407407407,17,10,7,411.8514655449497,0.43224246513720194,0.30406376451162465,0.22507190517507145,128621.28434284322,2794.572891374744,131415.85723421795,570,1,242.07692307692307,30,9,20,35.96020493794445,0.6204861111111111,46.40456989247313,1014.3817204301085,33.81272401433695,0
592,4,0,0,39,0.0,0.0,1.0,39,900,600,300,0.6666666666666666,12,6,6,412.682601640279,0.4325798470535313,0.3035286126676857,0.22610694066648088,128723.56088854202,2824.394799976879,131547.9556885189,571,2,243.07692307692307,30,9,20,35.83416114790286,0.6215277777777778,46.303763440860216,1014.7849462365591,33.82616487455197,0
593,4,0,0,39,0.0,0.0,1.0,39,1550,1300,250,0.8387096774193549,18,13,5,412.7374988231363,0.43291722896986057,0.3072034545621205,0.22672046026262896,128825.87808200369,2834.2541406520986,131660.13222265578,572,3,244.07692307692307,30,9,20,35.72780131515072,0.6225694444444445,46.20295698924731,1015.1881720430106,33.83960573476702,0
594,4,1,0,40,0.025,0.0,1.0,40,1600,1300,300,0.8125,19,13,6,398.1995792387693,0.43664529914529915,0.318017230211167,0.20532415177983018,126272.75466918937,2072.28547871518,128345.04014790454,573,0,238.95,31,9,17,38.724926588072705,0.59375,48.73046874999999,1005.0781249999993,32.42187499999998,8
595,4,2,0,42,0.047619047619047616,0.0,1.0,42,1150,700,450,0.6086956521739131,16,7,9,381.73298601843146,0.44168602400309714,0.31824605298212694,0.19991137649958848,126906.72607891174,1288.8966983852085,128195.62277729696,574,0,228.52380952380952,33,9,19,38.48465499067542,0.5953282828282829,48.10049019607842,1007.5980392156846,30.533273915626808,0
596,4,2,2,42,0.045454545454545456,0.045454545454545456,0.9545454545454546,44,1400,900,500,0.6428571428571429,19,9,10,367.4985161464284,0.44500968992248063,0.3092633893677117,0.1948747450665832,127413.15593117705,564.8291484482083,127977.98507962526,575,0,219.0909090909091,35,9,13,38.32265753372312,0.5961309523809524,47.598379629629626,1009.6064814814808,28.845899470899454,0
597,4,0,0,42,0.0,0.0,1.0,42,1200,800,400,0.6666666666666666,16,8,8,384.90992165403406,0.44208526906697637,0.32646737149106864,0.20265027161171095,127122.90833153097,1386.1737372644927,128509.08206879545,576,2,230.52380952380952,33,9,20,38.18191254506419,0.5975378787878788,47.886029411764696,1008.4558823529397,30.559269162210295,0
598,4,2,1,43,0.045454545454545456,0.022727272727272728,0.9772727272727273,44,1200,700,500,0.5833333333333334,17,7,10,375.05188954645575,0.4458025017618041,0.34386797849216366,0.20149530218350137,127939.53517500419,796.7928830161063,128736.3280580203,577,0,221.0,35,9,16,37.59164187926629,0.6014880952380952,47.07754629629629,1011.6898148148141,28.90542328042326,0
599,4,2,0,45,0.044444444444444446,0.0,1.0,45,1450,800,650,0.5517241379310345,21,8,13,368.5143440457532,0.44806397306397305,0.3487954480202542,0.20035320084326577,128415.8801020408,464.9469641894764,128880.82706623028,578,0,216.9777777777778,34,11,16,37.26925260355491,0.6084558823529411,46.607142857142854,1013.5714285714284,29.810924369747895,0
600,4,1,0,46,0.021739130434782608,0.0,1.0,46,1500,1200,300,0.8,18,12,6,358.26655866571144,0.4497886473429951,0.3409697089881514,0.19662063326021834,128789.87295310352,28.220914780515102,128818.09386788403,579,0,213.2391304347826,35,11,17,37.146997339414675,0.6101190476190477,46.238425925925924,1015.046296296296,29.001322751322743,0
601,4,0,0,46,0.0,0.0,1.0,46,1300,1100,200,0.8461538461538461,15,11,4,357.4924068186114,0.44930555555555557,0.33988580265270896,0.196486428108575,128848.62075617276,12.480709876529403,128861.1014660493,580,1,214.2391304347826,35,11,17,37.10670314637482,0.6107142857142858,46.18055555555555,1015.2777777777771,29.00793650793649,0
602,4,0,0,46,0.0,0.0,1.0,46,1600,1400,200,0.875,18,14,4,360.87565205107836,0.44845008051529794,0.3438516816315611,0.19937868781349405,129054.34355977809,114.51407643177012,129168.85763620987,581,2,215.2391304347826,35,11,17,36.810974104871484,0.612797619047619,45.97800925925927,1016.0879629629641,29.031084656084687,0
603,4,0,0,46,0.0,0.0,1.0,46,1900,1600,300,0.8421052631578947,22,16,6,361.575522862819,0.44813808373590985,0.3455393621562286,0.20008618038301315,129117.79495854495,137.16684460603014,129254.96180315099,582,3,216.2391304347826,37,9,18,36.72849911892688,0.6095157657657657,45.915570175438596,1016.3377192982458,27.468587008060698,0
604,4,1,1,46,0.02127659574468085,0.02127659574468085,0.9787234042553191,47,1200,900,300,0.75,15,9,6,356.8635802481525,0.44935245143385755,0.34341998088449155,0.19934073166148364,129487.77113261927,-158.0519758664147,129329.71915675285,583,0,212.61702127659575,36,11,14,36.47147230213174,0.615162037037037,45.55180180180181,1017.7927927927941,28.272022022022057,0
605,4,0,0,46,0.0,0.0,1.0,46,1050,800,250,0.7619047619047619,13,8,5,362.1427818089047,0.4478663446054751,0.3468095000173135,0.20157523174911124,129348.51794249413,168.52642211077654,129517.04436460491,584,5,218.2391304347826,35,11,21,36.4789557022035,0.6157738095238094,45.68865740740741,1017.2453703703715,29.064153439153472,0
606,4,1,1,46,0.02127659574468085,0.02127659574468085,0.9787234042553191,47,1350,800,550,0.5925925925925926,19,8,11,356.95655324202795,0.44852374344742524,0.35575786995905845,0.20077725742886954,129759.37307633122,-136.30828716527805,129623.06478916595,585,0,214.5744680851064,37,10,15,36.19287200459176,0.615990990990991,45.28508771929825,1018.8596491228074,27.536747273589388,0
607,4,0,0,46,0.0,0.0,1.0,46,1350,900,450,0.6666666666666666,18,9,9,367.03466535229865,0.44728260869565223,0.3640193001763732,0.2063743081070383,129745.7862211874,324.24024531287847,130070.02646650028,586,1,220.1086956521739,36,10,15,35.94999263107475,0.6177662037037037,45.29842342342342,1018.8063063063063,28.300175175175173,0
608,4,0,1,45,0.0,0.021739130434782608,0.9782608695652174,46,1450,1200,250,0.8275862068965517,17,12,5,368.14738978541834,0.4471719001610306,0.36315299045130556,0.2077599858065838,129889.2389010631,363.67685252819086,130252.9157535913,587,2,221.1086956521739,36,10,15,35.77570334364412,0.619212962962963,45.15765765765765,1019.3693693693683,28.315815815815785,0
609,4,0,2,43,0.0,0.044444444444444446,0.9555555555555556,45,1150,700,450,0.6086956521739131,16,7,9,371.1488888551828,0.4460648148148148,0.3621245947957268,0.20971459665973707,129937.87140185588,645.2593182012715,130583.13072005715,588,3,222.06666666666666,35,10,15,35.64973795739205,0.6217261904761905,45.10995370370369,1019.5601851851832,29.130291005290946,0
610,4,1,0,44,0.022727272727272728,0.0,1.0,44,1200,600,600,0.5,18,6,12,393.23417063996703,0.4449105884425652,0.2800033337037444,0.21356151488165756,128372.67324334476,1400.0399261991945,129772.71316954396,589,0,227.61363636363637,36,8,16,36.68717820498573,0.6038773148148149,46.64977477477478,1013.4009009009014,28.15002502502504,8
611,4,1,0,45,0.022222222222222223,0.0,1.0,45,1050,800,250,0.7619047619047619,13,8,5,382.51095718924506,0.4455387205387205,0.27302590018951345,0.2095207076922404,128713.06911571333,846.8318540433883,129559.90096975671,590,0,223.53333333333333,38,7,17,36.61033901874077,0.6036184210526316,46.31410256410256,1014.7435897435896,26.703778677462886,0
612,4,0,0,45,0.0,0.0,1.0,45,1150,700,450,0.6086956521739131,16,7,9,377.5922099785739,0.44591750841750843,0.2625140291806962,0.2076757154882154,128875.73964497028,732.4950690335146,129608.23471400379,591,1,224.53333333333333,38,7,17,36.56881313131313,0.6052631578947368,46.153846153846146,1015.3846153846142,26.72064777327932,0
613,4,0,0,45,0.0,0.0,1.0,45,1250,900,350,0.72,16,9,7,334.87519553712417,0.445496632996633,0.20916345778224188,0.1799073163287683,127938.8211898509,-416.44818380954405,127522.37300604137,592,2,225.53333333333333,40,5,19,38.60853005190022,0.5924479166666667,47.07825203252034,1011.686991869921,25.292174796748025,7
614,4,1,0,46,0.021739130434782608,0.0,1.0,46,1050,600,450,0.5714285714285714,15,6,9,331.18511515411285,0.447091384863124,0.2110551777387113,0.17930049118636884,128247.44824715806,-705.1055712538531,127542.3426759042,593,0,221.6086956521739,40,6,20,38.38688505401158,0.5955729166666667,46.77337398373985,1012.9065040650429,25.32266260162607,0
615,4,2,1,47,0.041666666666666664,0.020833333333333332,0.9791666666666666,48,1550,1000,550,0.6451612903225806,21,10,11,321.71308147056834,0.4479074320330969,0.22629927460150823,0.17674818849329585,128832.22467287158,-1310.5976015563576,127521.62707131522,594,0,213.33333333333334,42,6,17,38.031521427889686,0.5984623015873016,46.19670542635661,1015.2131782945766,24.17174234034706,0
616,4,0,0,47,0.0,0.0,1.0,47,1700,1300,400,0.7647058823529411,21,13,8,322.0138036777934,0.4454979956830096,0.22311376904919533,0.17658495181786477,128758.45520852148,-1107.6000165254122,127650.85519199607,595,1,218.85106382978722,42,5,17,38.09890363439629,0.597718253968254,46.26937984496126,1014.922480620158,24.164820967146618,0
617,4,2,1,48,0.04081632653061224,0.02040816326530612,0.9795918367346939,49,900,500,400,0.5555555555555556,13,5,8,313.18450475928546,0.4479343820861678,0.2414992518068071,0.17456631960930608,129403.18720080622,-1692.3037417248452,127710.88345908138,596,0,210.87755102040816,41,8,19,37.66860049401977,0.6056910569105691,45.63492063492063,1017.4603174603172,24.816105303910177,0
618,4,2,1,49,0.04,0.02,0.98,50,1750,1300,450,0.7428571428571429,22,13,9,316.5787957456012,0.44774659863945576,0.2714922876788701,0.1783780628174953,129827.93578541094,-1779.8456869834688,128048.09009842748,597,0,207.5,43,7,16,37.15193892089451,0.6070736434108528,45.21780303030303,1019.128787878788,23.70066948555321,0
619,4,1,1,49,0.02,0.02,0.98,50,1200,900,300,0.75,15,9,6,313.4124111844573,0.44748299319727897,0.2754014666295377,0.1777984152548789,130093.46954093463,-1845.4184063648067,128248.05113456982,598,0,208.0,43,7,17,36.96403431418053,0.6097383720930232,44.95738636363635,1020.1704545454522,23.724894291754705,0
620,4,0,1,48,0.0,0.02040816326530612,0.9795918367346939,49,1500,900,600,0.6,21,9,12,316.49016020848927,0.4454187925170068,0.2869890694079036,0.1802112079803364,130237.8584895738,-1556.199860284854,128681.65862928896,599,1,212.75510204081633,42,7,17,36.73956553382697,0.6125992063492063,44.81589147286821,1020.7364341085259,24.303248431155378,0
621,4,0,2,46,0.0,0.041666666666666664,0.9583333333333334,48,1600,1000,600,0.625,22,10,12,327.49948024850096,0.44289302600472813,0.3007858988744938,0.1869817941104286,130342.3516167536,-1062.584823499272,129279.76679325433,600,2,218.08333333333334,39,9,19,36.352923424801915,0.6183226495726496,44.71354166666667,1021.1458333333344,26.183226495726522,0
622,4,0,0,46,0.0,0.0,1.0,46,1500,1300,200,0.8666666666666667,17,13,4,331.78513000181835,0.4410929951690821,0.23831988753656907,0.19015331407282826,130490.55103812345,-437.03663105869043,130053.51440706477,601,3,212.97826086956522,41,5,11,36.093613457617224,0.6166158536585367,44.56845238095237,1021.7261904761895,24.920150987224133,8
623,4,0,0,46,0.0,0.0,1.0,46,1450,1000,450,0.6896551724137931,19,10,9,327.8257682178282,0.44013687600644125,0.23323207391937228,0.1886233691504586,130642.63791454061,-634.3953727324471,130008.24254180817,602,4,213.97826086956522,41,5,12,36.041060164968464,0.618140243902439,44.41964285714285,1022.3214285714268,24.934668989546996,0
624,4,1,0,47,0.02127659574468085,0.0,1.0,47,1650,1100,550,0.6666666666666666,22,11,11,321.0520531177778,0.44152790625963617,0.23794591977134916,0.18627222985239184,130964.38573411669,-990.7230149506495,129973.66271916604,603,0,210.40425531914894,43,4,14,35.889555771425044,0.6184593023255813,44.10511363636363,1023.579545454545,23.804175475687092,0
625,4,0,1,46,0.0,0.02127659574468085,0.9787234042553191,47,1600,900,700,0.5625,23,9,14,322.3935352882477,0.44098828245451743,0.2284888010151389,0.18775907830599858,131109.82090973636,-946.2082651802305,130163.61264455612,604,1,211.40425531914894,43,4,15,35.70860302049623,0.6199127906976745,43.96306818181817,1024.1477272727257,23.817389006342456,0
626,4,0,2,44,0.0,0.043478260869565216,0.9565217391304348,46,950,700,250,0.7368421052631579,12,7,5,325.25926377375623,0.43989533011272147,0.22390934004888563,0.1890368196388065,131030.32889399653,-676.2343383811269,130354.0945556154,605,2,216.8695652173913,42,4,15,35.71538425137233,0.6205357142857143,44.040697674418595,1023.8372093023238,24.37707641196009,0
627,4,0,0,44,0.0,0.0,1.0,44,1100,600,500,0.5454545454545454,16,6,10,336.7126356520483,0.43757707892882314,0.23170891391314585,0.1946976509540016,130833.79937743727,10.678684149634336,130844.47806158691,606,3,227.1818181818182,40,4,15,35.620716201450286,0.6216145833333333,44.23272357723577,1023.069105691056,25.576727642276403,0
628,4,0,0,44,0.0,0.0,1.0,44,1000,600,400,0.6,14,6,8,335.2191164113906,0.4376211240310077,0.22762710028079036,0.1940955309457326,130885.78976014601,-24.916241159366393,130860.87351898664,607,4,228.1818181818182,40,4,16,35.60639917899825,0.6221354166666666,44.18191056910569,1023.2723577235768,25.58180894308942,0
629,4,0,0,44,0.0,0.0,1.0,44,1600,1100,500,0.6875,21,11,10,337.20278436765284,0.4366080866807611,0.23110458559997116,0.19630227949583148,131093.85456945293,41.04255486154938,131134.89712431448,608,5,229.1818181818182,40,4,16,35.34554761668489,0.62421875,43.97865853658538,1024.0853658536603,25.602134146341506,0
630,4,0,0,44,0.0,0.0,1.0,44,900,600,300,0.6666666666666666,12,6,6,334.70647518266543,0.4365530303030303,0.22304743867243815,0.19524544385655512,131171.92147531253,-19.1817040121403,131152.73977130037,609,6,230.1818181818182,40,4,16,35.33068783068783,0.625,43.902439024390254,1024.3902439024407,25.609756097561018,0
631,4,0,0,44,0.0,0.0,1.0,44,1000,600,400,0.6,14,6,8,331.7094729504219,0.43587033121916846,0.22422815162031795,0.19415496428932158,131302.08462431445,-89.17094239537198,131212.91368191908,610,7,231.1818181818182,40,4,16,35.276194017517774,0.6263020833333333,43.77540650406505,1024.8983739837417,25.622459349593544,0
632,4,0,0,44,0.0,0.0,1.0,44,1700,1300,400,0.7647058823529411,21,13,8,334.5798685416922,0.43529774489076817,0.23204720919064648,0.19651576526995365,131434.91753472242,-4.901931927075452,131430.01560279535,611,8,232.1818181818182,39,5,17,35.06873899498849,0.6292735042735043,43.64583333333334,1025.4166666666683,26.292735042735085,0
633,4,0,0,44,0.0,0.0,1.0,44,1150,700,450,0.6086956521739131,16,7,9,335.94230586946946,0.4347031360112756,0.23363378046755368,0.19870200972615548,131702.0887586805,48.860677083330074,131750.94943576385,612,9,233.1818181818182,39,5,16,34.76464718219334,0.6319444444444444,43.385416666666664,1026.458333333333,26.319444444444436,0
634,4,0,0,44,0.0,0.0,1.0,44,1500,1200,300,0.8,18,12,6,333.1772597540529,0.434042459478506,0.2281556307573147,0.19776006044040967,131835.77609592,-15.063476562508498,131820.7126193575,613,10,234.1818181818182,39,5,16,34.70105571897082,0.6332799145299146,43.25520833333333,1026.9791666666656,26.332799145299116,0
635,4,0,0,44,0.0,0.0,1.0,44,1350,800,550,0.5925925925925926,19,8,11,334.81327674478814,0.4331285236081748,0.22138013010707147,0.199713892887792,132023.05230034713,40.61414930555088,132063.6664496527,614,11,235.1818181818182,39,5,16,34.47065680113522,0.6351495726495726,43.072916666666664,1027.7083333333328,26.351495726495713,0
636,4,0,0,44,0.0,0.0,1.0,44,1250,800,450,0.64,17,8,9,338.98668667895095,0.43215953136011276,0.22087557433956695,0.20320677338077006,132210.46142578125,163.51725260416623,132373.9786783854,615,12,236.1818181818182,39,5,16,34.174959485465415,0.6370192307692308,42.890625,1028.4375,26.370192307692307,0
637,4,0,0,44,0.0,0.0,1.0,44,950,500,450,0.5263157894736842,14,5,9,341.20789158592027,0.43177413671599724,0.22647188777200933,0.20497379180672462,132290.82031250015,227.73437500001438,132518.55468750015,616,13,237.1818181818182,39,5,16,34.03705953827461,0.6378205128205128,42.81250000000001,1028.7500000000011,26.378205128205156,0
638,4,0,0,44,0.0,0.0,1.0,44,1400,1100,300,0.7857142857142857,17,11,6,321.2727282888748,0.4313887420718816,0.10244358478401083,0.18780868444747623,131253.64428407222,-366.35672059974365,130887.28756347248,617,14,238.1818181818182,42,2,15,35.592395587076446,0.6227678571428572,43.82267441860464,1024.7093023255795,24.397840531561418,6
639,4,0,0,44,0.0,0.0,1.0,44,950,600,350,0.631578947368421,13,6,7,325.6152561188572,0.4310143587033122,0.1042551787834809,0.19109788029462732,131404.40095308947,-242.52333941847897,131161.87761367098,618,15,239.1818181818182,41,3,16,35.3292815674891,0.6257621951219512,43.675595238095234,1025.2976190476184,25.007259001161422,0
640,4,0,2,42,0.0,0.045454545454545456,0.9545454545454546,44,1400,1100,300,0.7857142857142857,17,11,6,321.80655593218995,0.43026559196617337,0.10190255877631982,0.1900866276563201,131651.1188949731,-326.7613687579019,131324.3575262152,619,16,240.1818181818182,42,2,10,35.178650111730086,0.6267361111111112,43.43507751937984,1026.2596899224793,24.434754521963793,0
641,4,0,0,42,0.0,0.0,1.0,42,1650,1200,450,0.7272727272727273,21,12,9,333.91561408223583,0.4264663182346109,0.035714285714285365,0.18517138599105815,129201.38888888896,243.09395844601295,129444.48284733498,620,23,239.52380952380952,39,3,19,37.346311475409834,0.6068376068376069,45.833333333333336,1016.6666666666673,26.068376068376086,8
642,4,0,1,41,0.0,0.023809523809523808,0.9761904761904762,42,1500,1100,400,0.7333333333333333,19,11,8,342.2114726487531,0.42613966318234614,0.061772193850649915,0.1855455343126427,128306.84222961846,394.6355193951089,128701.47774901356,621,24,240.52380952380952,38,4,20,38.04703153010648,0.5995065789473684,46.71474358974358,1013.1410256410239,26.66160593792168,8
643,4,1,1,41,0.023809523809523808,0.023809523809523808,0.9761904761904762,42,1750,1300,450,0.7428571428571429,22,13,9,343.67790674951505,0.42952719705768483,0.07533201880478235,0.18735479683857806,128523.41666894936,434.1317618160381,128957.5484307654,622,0,240.85714285714286,38,4,18,37.78887015769324,0.6016995614035088,46.50106837606837,1013.9957264957252,26.684098065676977,0
644,4,2,1,42,0.046511627906976744,0.023255813953488372,0.9767441860465116,43,1450,1100,350,0.7586206896551724,18,11,7,335.17948717948724,0.43020948689553346,0.08896839594513994,0.1846327683615819,128936.76757812501,43.39192708333374,128980.15950520834,623,0,236.2093023255814,39,4,21,37.583333333333336,0.6041666666666667,46.09375,1015.6250000000001,26.041666666666668,0
645,4,0,0,42,0.0,0.0,1.0,42,1100,500,600,0.45454545454545453,17,5,12,336.00039612123885,0.42891018195896247,0.09442987532414282,0.18520858465676635,128963.21750217002,266.33843315971234,129229.55593532974,624,1,240.61904761904762,39,3,21,37.535573274535956,0.6044337606837606,46.06770833333333,1015.7291666666657,26.044337606837583,0
646,4,0,0,42,0.0,0.0,1.0,42,1250,1000,250,0.8,15,10,5,334.9274575156574,0.4289585753000387,0.09095257619242858,0.18523538976886364,129095.50781250003,247.52604166666774,129343.0338541667,625,2,241.61904761904762,39,3,22,37.42824928249283,0.6057692307692308,45.9375,1016.2500000000002,26.057692307692314,0
647,4,2,1,43,0.045454545454545456,0.022727272727272728,0.9772727272727273,44,1000,700,300,0.7,13,7,6,323.9219455035918,0.4334038054968288,0.10392687727318073,0.1818862554499999,129692.62390318254,-397.8991867853251,129294.72471639722,626,0,231.5909090909091,40,4,18,37.10195716518673,0.61015625,45.350609756097555,1018.597560975609,25.464939024390226,0
648,4,0,0,43,0.0,0.0,1.0,43,1250,900,350,0.72,16,9,7,330.69550024033197,0.4315245478036176,0.10265094397960262,0.18562230776980299,129678.39084201399,-23.1879340277722,129655.20290798623,627,1,237.97674418604652,39,4,18,36.943904683984435,0.6116452991452992,45.364583333333336,1018.5416666666675,26.116452991453013,0
649,4,2,1,44,0.044444444444444446,0.022222222222222223,0.9777777777777777,45,1050,800,250,0.7619047619047619,13,8,5,317.6646998864051,0.4346590909090909,0.13344391365888164,0.18135766502605677,130340.40584308289,-717.7778849291855,129622.62795815371,628,0,228.35555555555555,40,5,21,36.60595806794054,0.6166666666666667,44.71544715447155,1021.1382113821144,25.52845528455286,0
650,4,0,0,44,0.0,0.0,1.0,44,1350,800,550,0.5925925925925926,19,8,11,343.00132971486806,0.4334698731501057,0.024620811626520966,0.1828695928096517,127631.2242037402,12.558549251470367,127643.78275299167,629,1,234.4318181818182,38,6,16,38.717664058645234,0.5926535087719298,47.38247863247863,1010.4700854700853,26.591318038686456,8
651,4,1,1,44,0.022222222222222223,0.022222222222222223,0.9777777777777777,45,1500,1200,300,0.8,18,12,6,348.6934579755798,0.4361531986531986,0.06053955189757687,0.18829446730681293,128144.53124999987,-61.30777905619243,128083.22347094367,630,0,230.2,37,8,17,38.048696844993124,0.5996621621621622,46.87499999999999,1012.499999999999,27.36486486486484,0
652,4,0,1,43,0.0,0.022727272727272728,0.9772727272727273,44,1000,500,500,0.5,15,5,10,348.46092794893843,0.43712561663143057,0.06470802416894639,0.1886917967404625,128255.57503270221,138.41133810400987,128393.98637080622,631,1,235.02272727272728,37,7,17,37.941112794977265,0.6007882882882882,46.76535087719297,1012.9385964912268,27.37671882408721,0
653,4,0,0,43,0.0,0.0,1.0,43,950,700,250,0.7368421052631579,12,7,5,331.58473961857004,0.4344776670358066,0.0010812284635743907,0.17140540301912924,126375.71571980976,-182.77887813693292,126192.93684167282,632,2,241.41860465116278,40,3,13,40.2929384812344,0.5765625,48.62804878048781,1005.4878048780497,25.137195121951244,8
654,4,0,1,42,0.0,0.023255813953488372,0.9767441860465116,43,1050,600,450,0.5714285714285714,15,6,9,332.1287946597363,0.43383167220376523,0.006468869140741296,0.17196740144333028,126442.63058232552,-200.9523022171827,126241.67828010835,633,3,242.41860465116278,41,2,14,40.210511606497015,0.5757113821138211,48.56150793650794,1005.7539682539683,24.530584591560203,0
655,4,0,1,41,0.0,0.023809523809523808,0.9761904761904762,42,1050,700,350,0.6666666666666666,14,7,7,320.3759083706707,0.43544328300425866,0.014107083047576907,0.168899765231083,127177.19144397795,-195.245572493779,126981.94587148417,634,4,239.4047619047619,36,6,20,39.75335863942543,0.591724537037037,47.83220720720722,1008.6711711711727,28.018643643643685,8
656,4,2,0,43,0.046511627906976744,0.0,1.0,43,1100,900,200,0.8181818181818182,13,9,4,344.2812305411403,0.43823827980804725,0.04406308596302666,0.182036873807653,127296.3301209917,349.1669702226725,127645.49709121438,635,0,234.6046511627907,35,8,18,39.02839106166611,0.5949404761904762,47.71412037037036,1009.1435185185165,28.832671957671902,8
657,4,2,0,45,0.044444444444444446,0.0,1.0,45,1200,700,500,0.5833333333333334,17,7,10,333.85935474026763,0.44050925925925927,0.07045823854403621,0.17990984843008792,128061.27997316454,-449.10874018932566,127612.1712329752,636,0,225.13333333333333,37,8,16,38.50916747914634,0.5988175675675675,46.957236842105246,1012.1710526315767,27.35597439544802,0
658,4,0,0,45,0.0,0.0,1.0,45,1600,1200,400,0.75,20,12,8,336.95503868004545,0.4397937710437711,0.07742897693103368,0.18246135095699062,128255.57503270234,-356.72755078486364,127898.84748191747,637,1,226.13333333333333,37,8,18,38.23248177816265,0.6007882882882882,46.76535087719298,1012.9385964912278,27.376718824087238,0
659,4,0,0,45,0.0,0.0,1.0,45,1250,800,450,0.64,17,8,9,334.89604887522455,0.4393518518518518,0.08333934453821934,0.1818513092658535,128366.66690712528,-402.1020891043387,127964.56481802094,638,2,227.13333333333333,37,8,18,38.17130130563369,0.6019144144144144,46.655701754385966,1013.3771929824563,27.38857278330963,0
660,4,1,1,45,0.021739130434782608,0.021739130434782608,0.9782608695652174,46,1200,800,400,0.6666666666666666,16,8,8,328.3986573472525,0.44097222222222227,0.09312274875805082,0.17981626313769467,128698.84033203138,-747.0947265624857,127951.7456054689,639,0,223.17391304347825,39,7,15,37.997574684324015,0.6017628205128205,46.32812500000001,1014.687500000001,26.017628205128233,0
661,4,0,2,43,0.0,0.044444444444444446,0.9555555555555556,45,950,800,150,0.8421052631578947,11,8,3,330.0465239445819,0.44076178451178455,0.09086762796898551,0.18115378532625492,128794.39153928336,-498.3717537804106,128296.01978550295,640,1,219.6,38,7,16,37.85851489316913,0.6044407894736843,46.23397435897436,1015.0641025641025,26.71221322537112,0
662,4,0,0,43,0.0,0.0,1.0,43,1300,1000,300,0.7692307692307693,16,10,6,346.22923643181474,0.43736157253599117,0.09528506252243063,0.18911381034210775,128601.01814229778,305.0864631523484,128906.10460545012,641,2,230.48837209302326,36,7,16,37.64502609081826,0.6061921296296297,46.42454954954955,1014.3018018018024,28.175050050050068,0
663,4,0,1,42,0.0,0.023255813953488372,0.9767441860465116,43,950,800,150,0.8421052631578947,11,8,3,346.3862638021814,0.4369462901439645,0.0938957683143733,0.1894713934786795,128658.1360710372,313.08221227984563,128971.21828331704,642,3,231.48837209302326,36,7,18,37.5827875827876,0.6067708333333333,46.36824324324324,1014.5270270270265,28.181306306306293,0
664,4,2,0,44,0.045454545454545456,0.0,1.0,44,1650,1100,550,0.6666666666666666,22,11,11,335.67501419270974,0.44042899929527835,0.09906307577717643,0.18667394674170099,129312.88954293616,-118.57879347493127,129194.31074946123,643,0,218.47727272727272,37,7,20,37.188263619376166,0.6114864864864865,45.72368421052631,1017.1052631578937,27.48933143669983,0
665,4,0,0,44,0.0,0.0,1.0,44,1100,800,300,0.7272727272727273,14,8,6,335.15148044287304,0.4402307963354475,0.09998677650331556,0.1870439500896152,129452.33298947735,-122.77179035859234,129329.56119911876,644,1,219.47727272727272,37,7,15,37.059920805947634,0.6128941441441442,45.586622807017534,1017.6535087719284,27.504148885727794,0
666,4,0,1,43,0.0,0.022727272727272728,0.9772727272727273,44,1650,1200,450,0.7272727272727273,21,12,9,334.7098976868824,0.439988548273432,0.10488607000234906,0.18772859478959902,129647.68005540149,-121.12765466299345,129526.5524007385,645,2,220.47727272727272,37,7,15,36.87284668389319,0.6148648648648649,45.39473684210525,1018.4210526315776,27.524893314366963,0
667,4,0,0,43,0.0,0.0,1.0,43,1400,1000,400,0.7142857142857143,18,10,8,345.43318712526553,0.43807678110003695,0.10978883597502631,0.19380258960055233,129659.75265806359,357.75632050971177,130017.5089785733,646,3,226.5581395348837,36,7,16,36.5875626566416,0.6168981481481481,45.38288288288289,1018.4684684684694,28.290790790790815,0
668,4,0,0,43,0.0,0.0,1.0,43,950,500,450,0.5263157894736842,14,5,9,345.9597998045381,0.43800756736803254,0.10793247665293149,0.1945244443027756,129745.78622118763,377.3652453129084,130123.15146650054,647,4,227.5581395348837,36,7,17,36.48677277919017,0.6177662037037037,45.298423423423436,1018.8063063063081,28.300175175175227,0
669,4,1,0,44,0.022727272727272728,0.0,1.0,44,1000,900,100,0.9,11,9,2,340.463868655336,0.4400105708245243,0.11347996089931578,0.1925981738743688,129982.9033933517,50.89642967065774,130033.79982302236,648,0,223.36363636363637,37,7,18,36.38620071684588,0.6182432432432432,45.065789473684205,1019.7368421052624,27.56045519203412,0
670,4,0,1,43,0.0,0.022727272727272728,0.9772727272727273,44,850,500,350,0.5882352941176471,12,5,7,340.1600495192381,0.439988548273432,0.11499985338819885,0.19256412785017837,130010.85820877571,44.89999326715159,130055.75820204287,649,1,224.36363636363637,37,7,18,36.365601369028404,0.6185247747747749,45.03837719298245,1019.8464912280697,27.56341868183972,0
671,4,1,0,44,0.022727272727272728,0.0,1.0,44,1050,900,150,0.8571428571428571,12,9,3,333.96818965242574,0.43919573643410853,0.125876137671304,0.19081900328078535,130371.67302441754,-92.00167561544981,130279.67134880209,650,0,223.70454545454547,38,6,19,36.158114516860195,0.6203399122807017,44.68482905982906,1021.2606837606847,26.875281151596965,0
672,4,0,1,43,0.0,0.022727272727272728,0.9772727272727273,44,1950,1700,250,0.8717948717948718,22,17,5,325.3646415503699,0.438744274136716,0.13265432037828595,0.17269642559293089,127451.59718615311,-487.22959038922653,126964.36759576389,651,1,224.70454545454547,37,7,14,39.34681199551163,0.5926238738738738,47.56030701754384,1009.7587719298219,27.290777619724917,7
673,4,3,0,46,0.06521739130434782,0.0,1.0,46,1350,1100,250,0.8148148148148148,16,11,5,317.5634100292283,0.44314613526570046,0.17421347876541726,0.1717161188629235,128198.62349559844,-1055.883009503757,127142.74048609468,652,0,215.84782608695653,38,8,17,38.78156099447901,0.5984100877192983,46.821581196581185,1012.7136752136735,26.65035987404404,0
674,4,0,0,46,0.0,0.0,1.0,46,1650,1200,450,0.7272727272727273,21,12,9,314.89474411984656,0.4432669082125604,0.1659579148031376,0.171314296571623,128442.17985243625,-1110.8465282343536,127331.3333242019,653,1,216.84782608695653,38,8,12,38.6011716554244,0.6008771929824561,46.58119658119658,1013.6752136752136,26.67566351776878,0
675,4,0,0,46,0.0,0.0,1.0,46,1700,1200,500,0.7058823529411765,22,12,10,297.1108530838054,0.44252214170692433,0.093783686669062,0.15630614444843705,127092.01388888912,-1647.9166666666433,125444.09722222248,654,2,217.84782608695653,43,3,17,40.42699724517907,0.5794573643410852,47.91666666666668,1008.3333333333353,23.449612403100822,8
676,4,1,0,47,0.02127659574468085,0.0,1.0,47,1700,1300,400,0.7647058823529411,21,13,8,293.6696154186827,0.4429155103299414,0.1048619093605998,0.1559007163666885,127458.67816124347,-1913.8518005227866,125544.82636072069,655,0,214.19148936170214,42,5,16,40.13970188401626,0.5845734126984127,47.55329457364342,1009.7868217054277,24.042543373938752,0
677,4,0,1,46,0.0,0.02127659574468085,0.9787234042553191,47,1550,900,650,0.5806451612903226,22,9,13,291.24289757783794,0.44229879740980577,0.10877424936137547,0.1552699865000868,127629.96890210948,-1965.735607836043,125664.23329427344,656,1,215.19148936170214,42,5,16,40.026451221071476,0.5863095238095238,47.38372093023257,1010.4651162790717,24.058693244739803,0
678,4,4,2,48,0.08,0.04,0.96,50,1550,1200,350,0.7741935483870968,19,12,7,281.674744897959,0.4456037414965986,0.1531214285714284,0.1540408761160716,128649.4433942452,-2752.540170132294,125896.9032241129,657,0,200.9,45,5,17,39.232886904761926,0.5925925925925926,46.37681159420291,1014.4927536231908,22.544283413848685,0
679,4,0,0,48,0.0,0.0,1.0,48,1250,900,350,0.72,16,9,7,303.85031879880046,0.44399194739952713,0.192777510426692,0.15832521626477106,126701.48747821638,-1826.4101209601092,124875.07735725628,658,1,210.08333333333334,42,6,17,40.65648059031119,0.5768849206349207,48.30426356589147,1006.7829457364335,23.97102251753413,8
680,4,3,1,50,0.058823529411764705,0.0196078431372549,0.9803921568627451,51,1550,900,650,0.5806451612903226,22,9,13,287.09142022804747,0.448921568627451,0.20707018935245425,0.15217101384280013,127395.6286436898,-2884.5606829424887,124511.0679607473,659,0,198.66666666666666,44,7,13,40.37000519734628,0.5812026515151515,47.61574074074073,1009.5370370370355,22.944023569023532,0
681,4,2,1,51,0.038461538461538464,0.019230769230769232,0.9807692307692307,52,1600,1300,300,0.8125,19,13,6,303.94304988678726,0.4493856837606838,0.20002934336079337,0.15702984723348018,126353.07375064559,-2552.8163989874233,123800.25735165816,660,0,195.80769230769232,43,9,12,41.01097689240529,0.5719476744186047,48.65056818181818,1005.3977272727268,23.381342494714577,8
682,4,1,2,50,0.019230769230769232,0.038461538461538464,0.9615384615384616,52,850,500,350,0.5882352941176471,12,5,7,304.6049243990401,0.4500848416289593,0.21762959135279014,0.1581529724531475,126555.73666838168,-2690.099879972531,123865.63678840915,661,0,196.76923076923077,44,8,14,40.78670899665655,0.5726799242424243,48.44907407407409,1006.2037037037064,22.868265993266053,0
683,4,1,2,49,0.0196078431372549,0.0392156862745098,0.9607843137254902,51,1200,800,400,0.6666666666666666,16,8,8,303.74963904333873,0.4502450980392157,0.21943849064592058,0.15828303975465136,126704.13848357766,-2502.7327340632046,124201.40574951445,662,0,199.4313725490196,45,6,15,40.65630154445946,0.5729166666666667,48.301630434782616,1006.7934782608709,22.37318840579713,0
684,4,2,0,51,0.0392156862745098,0.0,1.0,51,1650,1100,550,0.6666666666666666,22,11,11,305.61676555990385,0.4533496732026144,0.22580480282000437,0.1601500950001854,126932.22869571809,-2441.476564140909,124490.75213157719,663,0,200.15686274509804,45,6,17,40.37593632958802,0.5752314814814814,48.0751811594203,1007.6992753623211,22.3933172302738,0
685,4,4,2,53,0.07272727272727272,0.03636363636363636,0.9636363636363636,55,1150,800,350,0.6956521739130435,15,8,7,285.44298174453945,0.4604517396184063,0.2433253267109059,0.15299908262975456,127846.64071525178,-3701.012704132517,124145.62801111926,664,0,186.52727272727273,45,10,18,39.95251156889084,0.5844907407407407,47.16938405797102,1011.322463768118,22.473832528180402,0
686,4,2,1,54,0.03636363636363636,0.01818181818181818,0.9818181818181818,55,1450,900,550,0.6206896551724138,20,9,11,287.9868300513988,0.457351290684624,0.24644583706356316,0.1548033152874941,127961.17297442774,-3629.7734850871584,124331.39948934058,665,0,187.47272727272727,45,10,20,39.77170993733213,0.5856481481481481,47.05615942028986,1011.7753623188414,22.4838969404187,0
687,4,0,4,50,0.0,0.07407407407407407,0.9259259259259259,54,1700,1400,300,0.8235294117647058,20,14,6,284.4928398865586,0.45745981830887494,0.18785886478194191,0.14748248448106865,126492.52409297033,-3506.4991678776296,122986.0249250927,666,1,188.6851851851852,48,6,11,41.357248520710044,0.5672743055555556,48.51190476190475,1005.9523809523794,20.957341269841237,8
688,4,4,4,50,0.07407407407407407,0.07407407407407407,0.9259259259259259,54,1800,1400,400,0.7777777777777778,22,14,8,297.496663743601,0.45604035639413,0.2456640175938427,0.1563439913716369,127049.14618908773,-3240.660575454683,123808.48561363305,667,0,189.40740740740742,48,6,14,40.461053475033744,0.5729166666666667,47.95918367346938,1008.1632653061213,21.003401360544192,0
689,4,4,3,51,0.07407407407407407,0.05555555555555555,0.9444444444444444,54,1650,1100,550,0.6666666666666666,22,11,11,299.17970303435305,0.4585881085488004,0.2591964385766532,0.15894559283953696,127489.12144204414,-3171.5395782378396,124317.5818638063,668,0,178.12962962962962,44,10,15,39.96955319213962,0.5821496212121212,47.52314814814816,1009.9074074074093,22.952441077441122,0
690,4,2,0,53,0.03773584905660377,0.0,1.0,53,1600,1300,300,0.8125,19,13,6,307.34237227090796,0.4554910498306725,0.26520476056601994,0.16390057243892345,127641.65200477792,-2754.062374454771,124887.58963032314,669,0,182.35849056603774,43,10,17,39.60783509824133,0.5850290697674418,47.37215909090909,1010.5113636363639,23.500264270613112,0
691,4,3,1,55,0.05357142857142857,0.017857142857142856,0.9821428571428571,56,1900,1400,500,0.7368421052631579,24,14,10,301.0963915191324,0.4582792207792208,0.2888617906941111,0.16352749652019657,128373.91369985283,-3468.4268953104747,124905.48680454235,670,0,173.53571428571428,45,11,14,39.02023000834223,0.5898148148148148,46.64855072463767,1013.4057971014481,22.520128824476625,0
692,4,1,2,54,0.017857142857142856,0.03571428571428571,0.9642857142857143,56,1650,1200,450,0.7272727272727273,21,12,9,306.4905664134373,0.45729843073593074,0.2922855101311692,0.1672255546571562,128557.56734404541,-3319.66367359798,125237.90367044743,671,0,174.51785714285714,45,11,15,38.696856020007154,0.5916666666666667,46.46739130434783,1014.130434782609,22.536231884057976,0
693,4,0,1,53,0.0,0.018518518518518517,0.9814814814814815,54,1750,1000,750,0.5714285714285714,25,10,15,308.8897949212485,0.4568046820405311,0.28506624623129473,0.168817728734511,128624.38303489446,-2853.84814049586,125770.5348943986,672,1,178.14814814814815,43,11,16,38.568116753796374,0.5949612403100775,46.401515151515156,1014.39393939394,23.590556730091627,0
694,4,1,2,52,0.018518518518518517,0.037037037037037035,0.962962962962963,54,1400,1000,400,0.7142857142857143,18,10,8,304.80590717635323,0.4576418006056371,0.2829583374632436,0.16765820507590393,128879.27710171195,-2943.367005356007,125935.91009635595,673,0,177.72222222222223,45,9,17,38.41287540886113,0.5949074074074074,46.150362318840585,1015.3985507246388,22.564412238325307,0
695,4,0,3,49,0.0,0.057692307692307696,0.9423076923076923,52,1850,1400,450,0.7567567567567568,23,14,9,307.7928298186502,0.45647938662644544,0.27339886793246837,0.1693709967195753,128895.62864368998,-2465.3699417009616,126430.25870198902,674,1,184.75,44,8,17,38.32045378559921,0.5963541666666667,46.13425925925926,1015.4629629629629,23.078703703703702,0
696,4,0,2,47,0.0,0.04081632653061224,0.9591836734693877,49,1450,1000,450,0.6896551724137931,19,10,9,320.6988819715348,0.4542587868480725,0.1841576737978039,0.17025492671588502,127459.90125868065,-1522.92001564643,125936.98124303421,675,2,193.6734693877551,39,10,15,39.45610687022898,0.5892094017094017,47.552083333333336,1009.7916666666674,25.892094017094035,7
697,4,2,1,48,0.04081632653061224,0.02040816326530612,0.9795918367346939,49,1050,500,550,0.47619047619047616,16,5,11,323.2133168078493,0.45266439909297057,0.21402412504176027,0.17373386531016258,127960.0273980034,-1528.3230251736156,126431.70437282979,676,0,194.44897959183675,39,10,17,38.88184649438899,0.594284188034188,47.057291666666664,1011.7708333333327,25.942841880341863,0
698,4,0,0,48,0.0,0.0,1.0,48,1450,1000,450,0.6896551724137931,19,10,9,330.96365135266205,0.45060394503546103,0.2154684584785438,0.17775920673047996,127928.27641034794,-1132.0781055957118,126796.19830475224,677,1,199.33333333333334,38,10,17,38.7182296617031,0.5956688596491229,47.088675213675224,1011.6452991453009,26.622244714350025,0
699,4,4,3,49,0.07692307692307693,0.057692307692307696,0.9423076923076923,52,1400,1000,400,0.7142857142857143,18,10,8,312.92301584989224,0.4530935771744595,0.24178655314151531,0.17223913897620116,128906.0152635058,-2332.468188510306,126573.5470749955,678,0,184.92307692307693,42,10,17,38.179667620865146,0.5992063492063492,46.12403100775194,1015.5038759689922,24.178663713547433,0
700,4,1,1,49,0.02,0.02,0.98,50,1250,1000,250,0.8,15,10,5,345.94631514240865,0.45232993197278915,0.26677685950413244,0.18199784405317984,127092.01388888861,-1103.2286596358724,125988.78522925274,679,0,193.08,38,12,17,39.19593663911843,0.587171052631579,47.91666666666665,1008.3333333333311,26.535087719298186,8
701,4,1,1,49,0.02,0.02,0.98,50,1400,1000,400,0.7142857142857143,18,10,8,344.89486792247715,0.45276360544217686,0.2729634727368986,0.18229054434962455,127280.60766171721,-1220.314326283898,126060.2933354333,680,0,193.9,38,12,20,39.029027704252705,0.5890899122807017,47.729700854700845,1009.0811965811947,26.554768331084073,0
702,4,0,0,49,0.0,0.0,1.0,49,1750,1100,650,0.6285714285714286,24,11,13,351.4789985225448,0.4524518140589569,0.2756089067514844,0.1855397742631056,127230.25504241671,-856.247475184696,126374.00756723202,681,1,198.77551020408163,37,12,20,38.91458808825125,0.5903716216216216,47.77960526315788,1008.881578947367,27.26706970128019,0
703,4,1,3,47,0.02,0.06,0.94,50,1350,900,450,0.6666666666666666,18,9,9,339.4640797500592,0.4526700680272109,0.2711764099391689,0.18080516801185192,127591.41845703124,-1337.4593098958337,126253.9591471354,682,0,195.78,39,11,16,38.84775492318795,0.5905448717948718,47.421875,1010.3124999999999,25.905448717948715,0
704,4,1,0,48,0.020833333333333332,0.0,1.0,48,1050,500,550,0.47619047619047616,16,5,11,348.96512332891007,0.4529957151300236,0.27269624423070127,0.18642343488508287,127712.2041990832,-686.5789822119987,127025.6252168712,683,0,202.0,38,10,19,38.48408378254587,0.5934758771929824,47.302350427350426,1010.7905982905983,26.59975258659469,0
705,4,1,0,49,0.02040816326530612,0.0,1.0,49,1900,1500,400,0.7894736842105263,23,15,8,344.1266815364294,0.4557291666666667,0.2785573583209777,0.18558396732358617,128091.80230034729,-984.0386284722174,127107.76367187507,684,0,198.85714285714286,39,10,20,38.218169033408785,0.5956196581196581,46.927083333333336,1012.2916666666672,25.956196581196593,0
706,4,0,1,48,0.0,0.02040816326530612,0.9795918367346939,49,1750,1400,350,0.8,21,14,7,337.33659262408355,0.4557468820861678,0.19894803282137574,0.17978928288206628,127617.73003472213,-1180.3927951388994,126437.33723958323,685,1,199.85714285714286,39,10,17,38.87457044673539,0.5908119658119658,47.39583333333333,1010.4166666666658,25.908119658119638,8
707,4,0,0,48,0.0,0.0,1.0,48,1000,600,400,0.6,14,6,8,339.60760439883893,0.45525820035460995,0.2058893468611287,0.181546166826091,127739.20323800115,-923.7590401052175,126815.44419789594,686,2,203.97916666666666,38,10,19,38.692929613189584,0.59375,47.275641025641015,1010.8974358974345,26.602564102564067,0
708,4,1,0,49,0.02040816326530612,0.0,1.0,49,1700,1300,400,0.7647058823529411,21,13,8,333.8126902739945,0.4571995464852608,0.22324980625161417,0.18062467487428457,128225.67389875073,-1238.6865138067192,126986.987384944,687,0,200.79591836734693,38,11,20,38.34256329113924,0.5986842105263157,46.79487179487179,1012.820512820512,26.653171390013473,0
709,4,0,1,48,0.0,0.02040816326530612,0.9795918367346939,49,1500,1100,400,0.7333333333333333,19,11,8,332.40263171809636,0.4568806689342404,0.22108179413991502,0.18080547843760708,128434.73442925327,-1261.591254340298,127173.14317491297,688,1,201.79591836734693,39,10,16,38.16507810091461,0.5990918803418803,46.58854166666666,1013.6458333333317,25.99091880341876,0
710,4,1,0,49,0.02040816326530612,0.0,1.0,49,1700,1400,300,0.8235294117647058,20,14,6,331.6605161261554,0.4571995464852608,0.23201035700669093,0.18172310169296982,128725.26584201382,-1261.382378472232,127463.88346354158,689,0,202.53061224489795,39,10,17,37.88792513515364,0.6020299145299146,46.30208333333333,1014.7916666666661,26.02029914529913,0
711,4,0,2,47,0.0,0.04081632653061224,0.9591836734693877,49,1350,900,450,0.6666666666666666,18,9,9,327.61049062676926,0.4566680839002268,0.23365012363825155,0.18010261997400548,128857.43408203112,-1356.9905598958483,127500.44352213528,690,1,203.53061224489795,39,10,17,37.85619934338769,0.6033653846153846,46.17187499999999,1015.312499999999,26.03365384615382,0
712,4,1,2,46,0.020833333333333332,0.041666666666666664,0.9583333333333334,48,750,400,350,0.5333333333333333,11,4,7,326.6057434360688,0.4552951388888889,0.2309189831435705,0.17978991489318066,128910.32036675327,-1179.4297960069653,127730.8905707463,691,0,205.375,39,9,18,37.82791824802543,0.6038995726495726,46.11979166666666,1015.5208333333317,26.038995726495685,0
713,4,1,0,47,0.02127659574468085,0.0,1.0,47,1100,700,400,0.6363636363636364,15,7,8,332.72147528125396,0.4534189022510022,0.23389784339846775,0.18378725468850676,129046.45568940423,-812.6945766409063,128233.76111276333,692,0,209.74468085106383,40,7,20,37.53417350136696,0.6036458333333333,45.98577235772357,1016.0569105691039,25.401422764227597,0
714,4,0,0,47,0.0,0.0,1.0,47,1550,1200,350,0.7741935483870968,19,12,7,331.05672346443856,0.4533610854147394,0.22955135805186422,0.18346880721147107,129176.1751720363,-847.0717395754664,128329.10343246083,693,1,210.74468085106383,41,6,20,37.444597605803345,0.6034044715447154,45.85813492063492,1016.5674603174594,24.79432830042584,0
715,4,1,1,47,0.020833333333333332,0.020833333333333332,0.9791666666666666,48,1200,800,400,0.6666666666666666,16,8,8,319.83186308036403,0.4534112736406619,0.22439849562985326,0.1786148657235414,129478.90216561165,-1317.7018376795147,128161.20032793214,694,0,207.33333333333334,41,7,15,37.42273044806185,0.6064532520325203,45.56051587301587,1017.7579365079368,24.82336430507163,0
716,4,1,3,45,0.020833333333333332,0.0625,0.9375,48,1450,1000,450,0.6896551724137931,19,10,9,321.18983945802603,0.4533928043735225,0.22997029027858917,0.18018223452874832,129655.6565334467,-1271.1840986394604,128384.47243480723,695,0,208.3125,41,7,16,37.20899084356126,0.6082317073170731,45.38690476190476,1018.4523809523808,24.840301974448312,0
717,4,0,1,44,0.0,0.022222222222222223,0.9777777777777777,45,1100,700,400,0.6363636363636364,15,7,8,335.7656447284103,0.45307239057239057,0.2350125944584387,0.18774501543264627,129527.44904667976,-301.8265121630543,129225.6225345167,696,1,218.95555555555555,38,7,17,36.96801532325779,0.611842105263158,45.51282051282051,1017.9487179487174,26.788124156545194,0
718,4,0,0,44,0.0,0.0,1.0,44,1450,1200,250,0.8275862068965517,17,12,5,341.76554438698355,0.4525634249471459,0.2242372018330656,0.19114164542703346,129536.03512619267,54.19071252693152,129590.2258387196,697,2,223.72727272727272,37,7,17,36.806602757432145,0.6137387387387387,45.50438596491228,1017.9824561403508,27.513039355144617,0
719,4,0,1,43,0.0,0.022727272727272728,0.9772727272727273,44,1350,900,450,0.6666666666666666,18,9,9,341.5979009774075,0.45177061310782246,0.18340046029919477,0.18483722039188502,128225.67389875093,-25.332433306727808,128200.3414654442,698,3,224.72727272727272,38,6,20,38.1454377637131,0.5986842105263157,46.7948717948718,1012.8205128205137,26.65317139001352,8
720,4,0,1,42,0.0,0.023255813953488372,0.9767441860465116,43,1600,1100,500,0.6875,21,11,10,342.9727556532245,0.4508351790328535,0.20822820632145578,0.18662643472713733,128450.01737313424,210.971284433694,128660.98865756793,699,4,230.8139534883721,37,6,14,37.88162520281232,0.602759009009009,46.57346491228071,1013.7061403508787,27.397463252726453,0
721,4,2,0,44,0.045454545454545456,0.0,1.0,44,950,800,150,0.8421052631578947,11,8,3,337.15403869590625,0.45237623326286114,0.2243968559052183,0.1858158519351874,128957.11343277463,-104.31767751477815,128852.79575525985,700,0,221.3409090909091,38,6,16,37.512490796255406,0.6060855263157895,46.073717948717956,1015.7051282051293,26.729082321187615,0
722,4,1,1,44,0.022222222222222223,0.022222222222222223,0.9777777777777777,45,1700,1200,500,0.7058823529411765,22,12,10,331.9180026480343,0.45303030303030306,0.22336321050496144,0.18527133971156795,129459.11864144553,-405.34416603153153,129053.774475414,701,0,217.4,36,9,14,37.13529563645752,0.6148726851851851,45.57995495495496,1017.6801801801804,28.2688938938939,0
723,4,0,0,44,0.0,0.0,1.0,44,1400,1000,400,0.7142857142857143,18,10,8,342.3111377568683,0.45148431994362226,0.23181214602593414,0.19107262210678316,129459.11864144553,63.059639030926974,129522.17828047645,702,1,223.20454545454547,36,8,14,36.870873446202644,0.6148726851851851,45.57995495495496,1017.6801801801804,28.2688938938939,0
724,4,1,0,45,0.022222222222222223,0.0,1.0,45,1350,700,650,0.5185185185185185,20,7,13,334.4954296748066,0.4512415824915825,0.23059470444085828,0.18854669610838845,129843.17440221987,-313.61031759772936,129529.56408462214,703,0,219.22222222222223,37,8,15,36.680002689618064,0.6168355855855856,45.20285087719298,1019.1885964912277,27.545637743006154,0
725,4,2,1,46,0.0425531914893617,0.02127659574468085,0.9787234042553191,47,1350,1000,350,0.7407407407407407,17,10,7,316.65657285648524,0.4525709219858156,0.21595778068123406,0.1809276855908629,130371.67302441709,-1142.7142746844384,129228.95874973266,704,0,210.85106382978722,38,9,17,36.60010635701083,0.6203399122807017,44.68482905982904,1021.2606837606811,26.87528115159687,0
726,4,0,1,45,0.0,0.021739130434782608,0.9782608695652174,46,1100,600,500,0.5454545454545454,16,6,10,323.3406196049968,0.4516807568438003,0.22364147493108422,0.18461706345188497,130344.39718934883,-770.8723701512491,129573.52481919758,705,1,215.91304347826087,38,8,17,36.457025528353206,0.6200657894736843,44.711538461538446,1021.1538461538439,26.87246963562747,0
727,4,0,0,45,0.0,0.0,1.0,45,1900,1700,200,0.8947368421052632,21,17,4,320.5573445054652,0.4508417508417508,0.21449373902204139,0.18326908238344497,130395.5417209199,-640.1502821180786,129755.39143880182,706,2,218.33333333333334,39,6,17,36.47639384667687,0.6188568376068376,44.66145833333332,1021.3541666666647,26.188568376068325,0
728,4,0,0,45,0.0,0.0,1.0,45,1250,600,650,0.48,19,6,13,322.0786190808008,0.44987373737373737,0.2164014850172371,0.18486430328062392,130548.03688280776,-590.6537114151697,129957.38317139259,707,3,219.33333333333334,40,5,12,36.28347918324052,0.61875,44.512195121951216,1021.9512195121944,25.54878048780486,0
729,4,0,1,44,0.0,0.022222222222222223,0.9777777777777777,45,1350,1000,350,0.7407407407407407,17,10,7,320.7142154736836,0.44970538720538716,0.20970869498001288,0.18482396541215368,130703.86860499703,-616.2822641945927,130087.58634080243,708,4,220.33333333333334,40,5,12,36.161010070893795,0.6203125,44.359756097560975,1022.5609756097562,25.564024390243905,0
730,4,0,0,44,0.0,0.0,1.0,44,1400,1000,400,0.7142857142857143,18,10,8,323.64666354740734,0.4500308315715293,0.18417633658432409,0.1758709741915061,128395.77034517522,-489.0274628369737,127906.74288233824,709,5,221.77272727272728,41,3,14,38.426651004959545,0.5955284552845528,46.626984126984134,1013.4920634920644,24.71931862175767,8
731,4,4,0,48,0.08333333333333333,0.0,1.0,48,1550,1100,450,0.7096774193548387,20,11,9,302.7203883070486,0.45353132387706857,0.20148712579494354,0.16879764257183402,129418.09900317111,-1759.461510501887,127658.63749266922,710,0,204.20833333333334,43,5,19,37.919671940437425,0.6029554263565892,45.62026515151516,1017.518939393941,23.6632311486963,0
732,4,0,2,46,0.0,0.041666666666666664,0.9583333333333334,48,1150,500,650,0.43478260869565216,18,5,13,302.52779154945466,0.4532635195035461,0.19791098174762034,0.16917551069657732,129531.07424554211,-1762.6500342935244,127768.4242112486,711,1,205.20833333333334,44,4,13,37.81020708265114,0.6027462121212122,45.509259259259274,1017.9629629629652,23.135521885521936,0
733,4,1,0,47,0.02127659574468085,0.0,1.0,47,1650,1300,350,0.7878787878787878,20,13,7,304.47947987503755,0.4530334566759174,0.19366964889857852,0.1707180566515204,129634.99070965365,-1505.7610910238466,128129.2296186298,712,0,210.31914893617022,43,4,15,37.65536854503751,0.6051356589147288,45.40719696969698,1018.3712121212145,23.683051444679407,0
734,4,0,1,46,0.0,0.02127659574468085,0.9787234042553191,47,1700,1300,400,0.7647058823529411,21,13,8,305.59608917593675,0.45299491211840887,0.1936063878121157,0.17202480620875665,129790.40745027478,-1467.311814128908,128323.09563614588,713,1,211.31914893617022,44,3,16,37.46971073754353,0.6053503787878788,45.25462962962965,1018.9814814814849,23.158670033670113,0
735,4,0,0,46,0.0,0.0,1.0,46,1350,1000,350,0.7407407407407407,17,10,7,310.76132170644365,0.45233494363929144,0.19857766284144063,0.17488450949588588,129779.68606519765,-1133.898645546358,128645.78741965129,714,2,215.84782608695653,43,3,16,37.34897769516727,0.6065891472868217,45.26515151515152,1018.9393939393957,23.696264975334785,0
736,4,0,0,46,0.0,0.0,1.0,46,1950,1300,650,0.6666666666666666,26,13,13,308.1056854385562,0.45171095008051526,0.20334000904451122,0.17424800529424259,129972.73875114809,-1190.932047750211,128781.80670339789,715,3,216.84782608695653,43,3,16,37.221396731054966,0.6085271317829457,45.075757575757585,1019.6969696969717,23.713883016208644,0
737,4,0,0,46,0.0,0.0,1.0,46,950,700,250,0.7368421052631579,12,7,5,309.40290059378856,0.45120772946859905,0.20797811878374506,0.17532831033648033,130050.00000000016,-1152.4305555555409,128897.56944444461,716,4,217.84782608695653,44,2,17,37.110226034858385,0.6079545454545454,45.00000000000001,1020.0000000000013,23.181818181818212,0
738,4,0,1,45,0.0,0.021739130434782608,0.9782608695652174,46,1150,800,350,0.6956521739130435,15,8,7,304.7929030176495,0.45102657004830915,0.19992464977927438,0.17323994760998035,130168.08234739388,-1265.1384602194626,128902.94388717442,717,5,218.84782608695653,44,2,17,37.108512536672436,0.6091382575757576,44.88425925925927,1020.4629629629645,23.1923400673401,0
739,4,0,0,45,0.0,0.0,1.0,45,1600,1400,200,0.875,18,14,4,309.3415733119437,0.4506102693602694,0.2009631348285641,0.1757066659165102,130141.77755000307,-948.3475558137977,129193.42999418927,718,6,224.4,43,2,17,37.019044856921894,0.6102228682170543,44.91003787878789,1020.3598484848501,23.729298801973258,0
740,4,0,0,45,0.0,0.0,1.0,45,1700,1600,100,0.9411764705882353,18,16,2,308.78083689356885,0.449810606060606,0.19424189009493809,0.17582401695064864,130238.42047068704,-956.9743062729474,129281.44616441408,719,7,225.4,43,2,18,36.935727649441816,0.6111918604651163,44.815340909090914,1020.7386363636368,23.738107822410157,0
741,4,0,0,45,0.0,0.0,1.0,45,1500,1200,300,0.8,18,12,6,311.2928687873484,0.4494318181818182,0.1979882330613021,0.17770337222541055,130336.78583769004,-885.4153637336244,129451.37047395641,720,8,226.4,42,3,18,36.7722765230594,0.6135912698412698,44.718992248062015,1021.1240310077519,24.312476928756,0
742,4,1,0,46,0.021739130434782608,0.0,1.0,46,1350,1000,350,0.7407407407407407,17,10,7,308.9645957838628,0.4506743156199678,0.2019312483637754,0.17769167882188594,130625.35085406624,-1128.278254849632,129497.07259921661,721,0,222.45652173913044,43,3,15,36.54054732129073,0.6150678294573644,44.43655303030303,1022.253787878788,23.77334390415786,0
743,4,0,0,46,0.0,0.0,1.0,46,1200,1000,200,0.8333333333333334,14,10,4,311.9958588230257,0.4499899355877617,0.20385820240463204,0.17977221363772833,130697.96419450174,-1044.5552829430799,129653.40891155865,722,1,223.45652173913044,43,3,15,36.38984071124283,0.6157945736434108,44.3655303030303,1022.5378787878781,23.779950669485537,0
744,4,0,0,46,0.0,0.0,1.0,46,1350,600,750,0.4444444444444444,21,6,15,315.1862385631715,0.4497483896940419,0.20310513014503484,0.1822950814473503,130843.25140610644,-952.0015495867873,129891.24985651966,723,2,224.45652173913044,43,3,15,36.161761076144636,0.6172480620155039,44.223484848484844,1023.1060606060599,23.79316420014093,0
745,4,0,1,45,0.0,0.021739130434782608,0.9782608695652174,46,1400,700,700,0.5,21,7,14,313.9025347749049,0.44951690821256035,0.2016357456450928,0.1818265625960297,130901.38888888883,-981.9444444444498,129919.44444444438,724,3,225.45652173913044,44,2,16,36.13599348534203,0.6164772727272727,44.166666666666664,1023.3333333333328,23.257575757575747,0
746,4,0,2,43,0.0,0.044444444444444446,0.9555555555555556,45,1350,800,550,0.5925925925925926,19,8,11,319.36482612052055,0.4462121212121212,0.20907969405378757,0.18517677257031032,130940.15438475659,-636.4640725436248,130303.69031221297,725,4,231.2,43,2,16,35.95716136195411,0.6182170542635659,44.128787878787875,1023.4848484848479,23.80197322057786,0
747,4,0,0,43,0.0,0.0,1.0,43,1050,500,550,0.47619047619047616,16,5,11,330.1055059376607,0.44488279808047254,0.21209572873101945,0.19118687780724156,130896.31287989739,41.918717718576715,130938.23159761597,726,5,240.65116279069767,41,2,19,35.72659153336565,0.620680894308943,44.17162698412699,1023.3134920634926,24.958865660085184,0
748,4,0,2,41,0.0,0.046511627906976744,0.9534883720930233,43,1700,1600,100,0.9411764705882353,18,16,2,330.6980150748447,0.4434985234403839,0.21630339781768315,0.19267078485511865,131124.83071932502,72.54424918117866,131197.3749685062,727,6,241.65116279069767,41,2,20,35.480837530672865,0.6229674796747968,43.94841269841271,1024.2063492063512,24.98064266356954,0
749,4,0,0,41,0.0,0.0,1.0,41,1450,900,550,0.6206896551724138,20,9,11,341.8853113602799,0.4428099593495935,0.20955557540923286,0.19858444681139728,131008.00781250048,757.9427083333774,131765.95052083387,728,7,250.0731707317073,39,2,21,35.3123728123728,0.625,44.06250000000002,1023.7500000000039,26.2500000000001,0
750,4,0,2,39,0.0,0.04878048780487805,0.9512195121951219,41,1350,900,450,0.6666666666666666,18,9,9,340.75478618496146,0.44250508130081306,0.2121494770684076,0.1984775508157907,131114.67013888908,735.5902777777976,131850.2604166669,729,8,251.0731707317073,39,2,21,35.23359099538921,0.6260683760683761,43.95833333333334,1024.1666666666683,26.260683760683804,0
751,4,0,0,39,0.0,0.0,1.0,39,1100,800,300,0.7272727272727273,14,8,6,352.79215119587593,0.44121120107962214,0.21129127941467307,0.20483006987342636,130991.1703601107,1442.531355801775,132433.70171591247,730,9,259.53846153846155,37,2,22,35.050253499000284,0.6283783783783784,44.07894736842105,1023.6842105263149,27.66714082503554,0
752,4,0,0,39,0.0,0.0,1.0,39,1300,900,400,0.6923076923076923,17,9,8,352.85527080109574,0.4408738191632928,0.21412370737708075,0.2051657857248212,131047.29940943349,1448.1460641735712,132495.44547360705,731,10,260.53846153846155,37,2,22,34.99187906046975,0.6289414414414414,44.024122807017534,1023.9035087719284,27.673067804646713,0
753,4,0,1,38,0.0,0.02564102564102564,0.9743589743589743,39,1000,600,400,0.6,14,6,8,331.3586276365194,0.4405645524066577,0.13825187703640807,0.18672450685619518,129831.84831791231,818.0310319396863,130649.879349852,732,11,261.53846153846155,36,3,16,36.77140883977901,0.6186342592592593,45.213963963963955,1019.1441441441426,28.309559559559517,8
754,4,0,0,38,0.0,0.0,1.0,38,1450,1100,350,0.7586206896551724,18,11,7,378.011008300589,0.4407005689900427,0.19557478188742228,0.19618207135265797,126538.2684568973,2050.806050650715,128589.07450754802,733,12,265.36842105263156,35,3,18,38.958189539476194,0.587202380952381,48.46643518518518,1006.1342592592594,28.746693121693124,8
755,4,2,0,40,0.05,0.0,1.0,40,900,500,400,0.5555555555555556,13,5,8,361.44412368287936,0.44469818376068376,0.2042880258899673,0.19108559246739154,127290.80590303158,1202.9117401975793,128493.71764322916,734,0,253.05,36,4,20,38.601067589182755,0.5928819444444444,47.719594594594604,1009.121621621623,28.031156156156197,0
756,4,0,0,40,0.0,0.0,1.0,40,700,500,200,0.7142857142857143,9,5,4,360.59688353628354,0.4446848290598291,0.20198058469091684,0.1907715035567991,127319.21744379528,1182.1826049022127,128501.40004869748,735,1,254.05,36,4,18,38.59327345086661,0.5931712962962963,47.69144144144145,1009.2342342342353,28.03428428428431,0
757,4,0,0,40,0.0,0.0,1.0,40,1300,900,400,0.6923076923076923,17,9,8,363.92893588782016,0.444417735042735,0.204723399509257,0.19307614432959766,127432.89531085159,1275.3035975164566,128708.19890836804,736,2,255.05,36,4,19,38.39249200684067,0.5943287037037037,47.57882882882884,1009.6846846846863,28.04679679679684,0
758,4,0,0,40,0.0,0.0,1.0,40,1150,1000,150,0.8695652173913043,13,10,3,361.9424937721587,0.44385683760683764,0.1983340568699803,0.19277099061368028,127590.03371229602,1236.050996460437,128826.08470875646,737,3,256.05,37,3,19,38.28141957890168,0.5940315315315315,47.42324561403508,1010.307017543859,27.305595068752947,0
759,4,2,0,42,0.047619047619047616,0.0,1.0,42,1000,700,300,0.7,13,7,6,348.86288655218607,0.4481344367015099,0.20374301280690554,0.18852386624120318,128173.82979949006,547.8276209126964,128721.65742040276,738,0,244.8095238095238,35,7,21,38.01446355773992,0.6038690476190476,46.846064814814824,1012.6157407407422,28.93187830687835,0
760,4,0,1,41,0.0,0.023809523809523808,0.9761904761904762,42,1250,900,350,0.72,16,9,7,350.5785977325867,0.44843689508323653,0.20452691014719848,0.19014653311964463,128320.37278163583,597.2752700617358,128917.64805169757,739,1,245.8095238095238,35,7,22,37.82128169979438,0.6053571428571429,46.70138888888889,1013.1944444444447,28.948412698412707,0
761,4,2,0,43,0.046511627906976744,0.0,1.0,43,950,800,150,0.8421052631578947,11,8,3,381.0626994699298,0.45157345884090067,0.20449103350112363,0.19693470975900643,126365.89055309004,1045.2536308806314,127411.14418397067,740,0,225.8372093023256,38,5,12,39.05934544681755,0.5797697368421053,48.63782051282051,1005.4487179487176,26.459176788124147,8
762,4,1,3,41,0.022727272727272728,0.06818181818181818,0.9318181818181819,44,1450,1200,250,0.8275862068965517,17,12,5,385.64244184692177,0.4532461240310077,0.2217424399045238,0.2020966946060197,126934.51063368065,990.2669270833424,127924.77756076399,741,0,221.6818181818182,39,5,14,38.357539108262685,0.5838675213675213,48.07291666666667,1007.7083333333342,25.838675213675234,0
763,4,2,0,43,0.046511627906976744,0.0,1.0,43,1650,1400,250,0.8484848484848485,19,14,5,380.308921976243,0.4539728682170543,0.226592314522033,0.2006364736786327,127205.59030314088,1075.777152257821,128281.36745539871,742,0,215.13953488372093,36,7,16,38.21281722110589,0.5920138888888888,47.80405405405405,1008.7837837837831,28.021771771771753,0
764,4,3,1,45,0.06521739130434782,0.021739130434782608,0.9782608695652174,46,1200,900,300,0.75,15,9,6,372.42541043119223,0.4587962962962963,0.26169441714970776,0.19169773260508444,126200.78667534729,255.36139232560805,126456.1480676729,743,0,202.04347826086956,39,7,19,39.44683461192895,0.5763888888888888,48.802083333333336,1004.7916666666673,25.763888888888907,8
765,4,2,1,46,0.0425531914893617,0.02127659574468085,0.9787234042553191,47,1600,1300,300,0.8125,19,13,6,371.8913258090341,0.4597209374036386,0.2832499146488361,0.19405324631078025,126759.1951405413,28.129027860392057,126787.3241684017,744,0,198.68085106382978,40,7,18,38.88447371076796,0.58046875,48.24695121951219,1007.0121951219509,25.17530487804877,0
766,4,2,0,48,0.041666666666666664,0.0,1.0,48,800,500,300,0.625,11,5,6,357.03457877074106,0.46175938238770686,0.28238386533749527,0.18890305816580852,127322.68248273172,-507.40723527663573,126815.27524745508,745,0,194.35416666666666,40,8,15,38.67959755647297,0.5861979166666667,47.68800813008129,1009.2479674796738,25.231199186991844,0
767,4,0,2,46,0.0,0.041666666666666664,0.9583333333333334,48,1550,1100,450,0.7096774193548387,20,11,9,404.41448771324406,0.4619256057919621,0.2198898661855362,0.20725541360616315,126021.09854974003,592.9516022106657,126614.0501519507,746,1,195.35416666666666,45,3,13,38.82940535257856,0.5659722222222222,48.98097826086956,1004.0760869565213,22.31280193236714,8
768,4,3,6,43,0.061224489795918366,0.12244897959183673,0.8775510204081632,49,1450,1200,250,0.8275862068965517,17,12,5,400.1028587240518,0.4611500850340136,0.24930845832308757,0.2075533579631024,126519.74288337959,324.1883160473824,126843.93119942697,747,0,192.24489795918367,43,6,10,38.42165537148595,0.5736434108527132,48.4848484848485,1006.0606060606088,23.396758280479276,0
769,4,2,1,44,0.044444444444444446,0.022222222222222223,0.9777777777777777,45,1800,1500,300,0.8333333333333334,21,15,6,414.79073185813644,0.4578493265993266,0.25734193879844525,0.21497466736991136,126482.08045076951,1492.7189434229047,127974.79939419242,748,0,207.48888888888888,42,3,13,38.09122435218189,0.5746527777777778,48.52228682170544,1005.910852713181,23.95025839793288,0
770,4,3,2,45,0.06382978723404255,0.0425531914893617,0.9574468085106383,47,1350,1000,350,0.7407407407407407,17,10,7,405.2672076981443,0.4598943879124268,0.2726304111424769,0.2138971611202469,127223.34120008687,919.2251638812885,128142.56636396816,749,0,199.51063829787233,39,8,19,37.56507055584236,0.5868055555555556,47.786458333333336,1008.8541666666672,25.868055555555568,0
771,4,2,2,45,0.0425531914893617,0.0425531914893617,0.9574468085106383,47,1300,800,500,0.6153846153846154,18,8,10,406.94754820509337,0.4610699969164354,0.284300587568292,0.21703123502680688,127644.044325087,988.8861762153031,128632.93050130231,750,0,198.7872340425532,39,8,16,37.08906727828748,0.5910790598290598,47.36979166666668,1010.520833333335,25.91079059829064,0
772,4,1,1,45,0.021739130434782608,0.021739130434782608,0.9782608695652174,46,1500,1000,500,0.6666666666666666,20,10,10,406.91666609164946,0.460829307568438,0.2771853845918528,0.21777374453716106,127784.64708713406,1199.540514078929,128984.18760121298,751,0,202.04347826086956,40,6,17,36.94508660836934,0.5908854166666666,47.23069105691057,1011.0772357723584,25.27693089430896,0
773,4,1,2,44,0.021739130434782608,0.043478260869565216,0.9565217391304348,46,1300,900,400,0.6923076923076923,17,9,8,407.28924279332114,0.4627314814814815,0.2747246027378112,0.21867082647058883,127913.11905115999,1219.5274803357752,129132.64653149576,752,0,198.69565217391303,40,6,18,36.80346259460183,0.5921875,47.103658536585364,1011.5853658536582,25.289634146341456,0
774,4,2,1,45,0.043478260869565216,0.021739130434782608,0.9782608695652174,46,850,500,350,0.5882352941176471,12,5,7,406.98343912741353,0.462932769726248,0.2944612721765465,0.22130323007610658,128422.23087873198,1253.7716534044598,129676.00253213644,753,0,190.54347826086956,37,9,15,36.28795254579545,0.6024774774774775,46.60087719298246,1013.5964912280707,27.39449976292083,0
775,4,1,0,46,0.021739130434782608,0.0,1.0,46,900,400,500,0.4444444444444444,14,4,10,401.6123523732024,0.4622584541062802,0.29305419159003687,0.21975866921994316,128672.41753472219,1135.2864583333285,129807.70399305552,754,0,191.19565217391303,37,9,17,36.16743668720055,0.6050112612612613,46.354166666666664,1014.583333333333,27.421171171171164,0
776,4,2,3,45,0.041666666666666664,0.0625,0.9375,48,1500,1100,400,0.7333333333333333,19,11,8,390.28052397429576,0.46413268321513,0.30471376050420185,0.21702515118196816,129310.02995105549,494.52231833039855,129804.5522693859,755,0,184.1875,38,10,19,35.80269607843137,0.6096491228070176,45.72649572649572,1017.0940170940163,26.765632028789902,0
777,4,0,1,44,0.0,0.022222222222222223,0.9777777777777777,45,1250,1000,250,0.8,15,10,5,410.33277979167553,0.4605850168350168,0.3183567919021757,0.2267258219265334,129058.31665702868,1591.3715658225826,130649.68822285127,756,1,197.0,36,9,19,35.55058369352395,0.6108217592592593,45.9740990990991,1016.1036036036039,28.225100100100107,0
778,4,0,0,44,0.0,0.0,1.0,44,1250,700,550,0.56,18,7,11,412.5382864391031,0.4605135658914729,0.3171386817173958,0.22745081562840513,128972.51136271398,1841.219767064349,130813.73112977833,757,2,202.29545454545453,36,8,19,35.582501847745746,0.6099537037037037,46.05855855855855,1015.7657657657651,28.215715715715696,0
779,4,2,1,45,0.043478260869565216,0.021739130434782608,0.9782608695652174,46,1750,1100,650,0.6285714285714286,24,11,13,395.63437926330204,0.46211755233494367,0.30574174031674506,0.2213740458015267,129554.63927469116,1051.2538580246696,130605.89313271584,758,0,194.45652173913044,38,8,15,35.416666666666664,0.6121162280701755,45.4861111111111,1018.0555555555538,26.790935672514575,0
780,4,0,1,44,0.0,0.022222222222222223,0.9777777777777777,45,1550,1000,550,0.6451612903225806,21,10,11,401.07175720400164,0.46151094276094273,0.3019196706400502,0.22431025264349078,129536.03512619254,1390.6490458602518,130926.68417205279,759,1,199.77777777777777,37,8,17,35.29728565273589,0.6137387387387387,45.504385964912274,1017.9824561403498,27.51303935514459,0
781,4,0,0,44,0.0,0.0,1.0,44,1450,800,650,0.5517241379310345,21,8,13,402.12505641589667,0.4614715468639887,0.29333082140165834,0.22570028090919983,129675.59880203496,1629.1614968066758,131304.76029884163,760,2,203.29545454545453,37,7,17,35.12790666379588,0.6151463963963963,45.36732456140349,1018.5307017543837,27.527856804172533,0
782,4,0,0,44,0.0,0.0,1.0,44,1600,1200,400,0.75,20,12,8,398.9379942003122,0.4614715468639887,0.29297004910303825,0.22471089200592093,129815.23762119093,1557.6461026469456,131372.88372383788,761,3,204.29545454545453,37,7,18,35.06653037802166,0.6165540540540541,45.230263157894726,1019.0789473684194,27.542674253200527,0
783,4,0,2,42,0.0,0.045454545454545456,0.9545454545454546,44,1500,1200,300,0.8,18,12,6,397.5001204125202,0.46090997181113463,0.2918271769099907,0.22454168405805658,129927.00277970132,1529.199849953817,131456.20262965513,762,4,205.29545454545453,37,7,18,34.98915537391554,0.6176801801801801,45.12061403508771,1019.5175438596482,27.554528212422923,0
784,4,1,1,42,0.023255813953488372,0.023255813953488372,0.9767441860465116,43,1050,700,350,0.6666666666666666,14,7,7,394.01000323381004,0.4618401624215578,0.2750458084616052,0.2239974058534999,130176.38204082471,1658.159341774215,131834.54138259892,763,0,207.8372093023256,36,7,19,34.823990289119386,0.6221064814814814,44.87612612612613,1020.4954954954964,28.34709709709712,0
785,4,0,1,41,0.0,0.023809523809523808,0.9761904761904762,42,1600,1200,400,0.75,20,12,8,398.40280146608393,0.46030536198219124,0.279956245557925,0.22717436338917113,130292.9705215419,1981.8454270251998,132274.8159485671,764,1,213.57142857142858,34,8,20,34.59314754353235,0.6274509803921569,44.76190476190476,1020.9523809523805,30.02801120448178,0
786,4,0,1,40,0.0,0.024390243902439025,0.975609756097561,41,1650,1200,450,0.7272727272727273,21,12,9,401.6624835004217,0.4585365853658536,0.2786302115811936,0.22903834018083583,130293.86421388394,2266.8314170030562,132560.695630887,765,2,219.4390243902439,33,8,20,34.50903753050854,0.6297348484848485,44.761029411764696,1020.95588235294,30.93805704099818,0
787,4,0,1,39,0.0,0.025,0.975,40,1650,1400,250,0.8484848484848485,19,14,5,406.0867410494835,0.45731837606837605,0.28393007076886234,0.23268351616010607,130481.60750973184,2597.3701521049625,133078.9776618368,766,3,224.4,33,7,20,34.2048248770541,0.6316287878787878,44.57720588235294,1021.6911764705882,30.960338680926913,0
788,4,0,1,38,0.0,0.02564102564102564,0.9743589743589743,39,1050,900,150,0.8571428571428571,12,9,3,411.3325225808304,0.4554093567251462,0.28496042216358886,0.23587968179360136,130512.91120001923,2936.8409986543647,133449.75219867358,767,4,230.33333333333334,33,6,19,34.03893819461102,0.6319444444444444,44.54656862745098,1021.8137254901961,30.9640522875817,0
789,4,0,0,38,0.0,0.0,1.0,38,1100,1000,100,0.9090909090909091,12,10,2,418.5320263039752,0.45535502607871026,0.28198275525730554,0.24025519297194142,130552.75769054168,3328.1020431588468,133880.85973370052,768,5,235.89473684210526,32,6,19,33.81439955522609,0.634765625,44.50757575757575,1021.9696969696961,31.936553030303003,0
790,4,0,1,37,0.0,0.02631578947368421,0.9736842105263158,38,1300,800,500,0.6153846153846154,18,8,10,418.87327127147285,0.4549994073020389,0.2807591580507014,0.2414558451265237,130714.10323245075,3350.528804458726,134064.6320369095,769,6,236.89473684210526,32,6,19,33.64124171708442,0.6363932291666667,44.349747474747474,1022.6010101010099,31.95628156565656,0
791,4,0,0,37,0.0,0.0,1.0,37,1450,1000,450,0.6896551724137931,19,10,9,423.04629461179945,0.45407907907907913,0.26388425344504296,0.24416081147506866,130761.51741875538,3663.6350843641435,134425.15250311952,770,7,242.0810810810811,31,6,19,33.48623488224061,0.6394489247311828,44.303385416666664,1022.7864583333329,32.99311155913977,0
792,4,0,1,36,0.0,0.02702702702702703,0.972972972972973,37,950,700,250,0.7368421052631579,12,7,5,421.6818888048831,0.4535785785785786,0.2656482669206939,0.24421503051713878,130894.72664727093,3639.1871134440016,134533.91376071493,771,8,243.0810810810811,31,6,19,33.38542329388813,0.6407930107526882,44.17317708333333,1023.3072916666656,33.009912634408565,0
793,4,0,0,36,0.0,0.0,1.0,36,1050,800,250,0.7619047619047619,13,8,5,432.4634871993411,0.4529761904761905,0.2590391770628149,0.25081564775498705,130949.53399598206,4126.178423806204,135075.71241978827,772,9,248.25,30,6,20,33.053731669949656,0.6440972222222222,44.11962365591397,1023.521505376343,34.11738351254477,0
794,4,0,0,36,0.0,0.0,1.0,36,1550,1200,350,0.7741935483870968,19,12,7,429.6998487098557,0.4518353174603174,0.25144767877067364,0.25058922978505777,131161.3485548229,4072.0023261175884,135233.3508809405,773,10,249.25,31,5,21,32.90869560611838,0.643481182795699,43.91276041666665,1024.3489583333314,33.043514784946176,0
795,4,0,0,36,0.0,0.0,1.0,36,900,600,300,0.6666666666666666,12,6,6,430.4349203013169,0.4515376984126984,0.25019062142584825,0.25145452025620335,131228.04641723624,4097.026740180108,135325.07315741634,774,11,250.25,31,5,21,32.821964883297326,0.6441532258064516,43.84765624999999,1024.6093749999993,33.051915322580626,0
796,4,0,0,36,0.0,0.0,1.0,36,1400,1100,300,0.7857142857142857,17,11,6,426.58332838890885,0.44965277777777773,0.2539017004425812,0.2512101822734685,131534.8595213319,4022.153781728118,135557.01330306003,775,12,251.25,30,6,21,32.608588836478,0.65,43.54838709677419,1025.806451612903,34.19354838709676,0
797,4,1,0,37,0.02702702702702703,0.0,1.0,37,1300,1000,300,0.7692307692307693,16,10,6,413.304412912333,0.44894894894894893,0.2472539704829657,0.24614227338046932,131962.84188164596,3508.1649780273387,135471.0068596733,776,0,245.43243243243242,31,6,20,32.51502238837494,0.6515456989247312,43.131510416666664,1027.4739583333328,33.14432123655912,0
798,4,0,0,37,0.0,0.0,1.0,37,1100,800,300,0.7272727272727273,14,8,6,415.7692670858216,0.44872997997998,0.24726271749327244,0.2482664594837727,132063.20020887582,3581.5639919704827,135644.7642008463,777,1,246.43243243243242,31,6,20,32.349991554767335,0.6525537634408602,43.033854166666664,1027.864583333333,33.156922043010745,0
799,4,0,1,36,0.0,0.02702702702702703,0.972972972972973,37,1200,800,400,0.6666666666666666,16,8,8,437.30998113925625,0.44813563563563563,0.22406455535289949,0.24579836870930583,129731.44531249985,3946.571180555542,133678.0164930554,778,2,247.43243243243242,33,4,17,34.17476141785958,0.6240530303030303,45.31249999999999,1018.7499999999989,30.871212121212086,8
800,4,0,1,35,0.0,0.027777777777777776,0.9722222222222222,36,1400,1100,300,0.7857142857142857,17,11,6,450.76767872196314,0.44816468253968256,0.24562164394878128,0.25367469785817615,129779.68606519756,4500.097566574855,134279.7836317724,779,16,255.25,32,4,17,33.78252788104089,0.626953125,45.26515151515152,1018.939393939395,31.841856060606094,0
801,4,0,1,34,0.0,0.02857142857142857,0.9714285714285714,35,900,700,200,0.7777777777777778,11,7,4,452.44915501664497,0.4480042016806723,0.23924101441342782,0.25560439276914376,129930.49621582043,4757.388644748278,134687.8848605687,780,17,260.14285714285717,31,4,17,33.5850361856109,0.6310483870967742,45.11718750000001,1019.5312500000009,32.88810483870971,0
802,4,0,0,34,0.0,0.0,1.0,34,950,700,250,0.7368421052631579,12,7,5,462.11927119496545,0.4478609625668449,0.24666480516257128,0.26076730303144446,129885.53590010392,5204.521837784692,135090.05773788862,781,18,267.88235294117646,30,4,17,33.38470244374119,0.6333333333333333,45.16129032258063,1019.3548387096763,33.97849462365588,0
803,4,2,0,36,0.05555555555555555,0.0,1.0,36,1100,600,500,0.5454545454545454,16,6,10,426.0406790204486,0.44990079365079366,0.2188582334821889,0.23123978971455472,128348.7456100417,3819.7620389640538,132168.50764900577,782,0,253.94444444444446,30,6,18,35.880642879250104,0.6177083333333333,46.6733870967742,1013.306451612904,33.77688172043013,8
804,4,1,0,37,0.02702702702702703,0.0,1.0,37,1100,700,400,0.6363636363636364,15,7,8,412.3304157772541,0.4509196696696696,0.22366360391727214,0.2268099318523036,128880.67065860632,3228.2841036629,132108.95476226922,783,0,248.05405405405406,32,5,17,35.68194064494736,0.6178385416666667,46.1489898989899,1015.4040404040409,31.731376262626277,0
805,4,0,0,37,0.0,0.0,1.0,37,1000,500,500,0.5,15,5,10,411.3534103318126,0.450513013013013,0.22194219583253516,0.22645554273092192,128912.72454660239,3205.737775482093,132118.4623220845,784,1,249.05405405405406,32,5,17,35.673877906253885,0.6181640625,46.11742424242424,1015.5303030303031,31.735321969696972,0
806,4,1,0,38,0.02631578947368421,0.0,1.0,38,600,400,200,0.6666666666666666,8,4,4,403.6403103593815,0.4506430772878141,0.23372234837509787,0.22440102948164622,129300.69181654193,2838.839936059374,132139.5317526013,785,0,243.47368421052633,31,7,18,35.472544061793194,0.6246639784946236,45.735677083333336,1017.0572916666671,32.80829973118281,0
807,4,0,1,37,0.0,0.02631578947368421,0.9736842105263158,38,1250,900,350,0.72,16,9,7,402.74525812633107,0.44990220483641535,0.23727313693092378,0.22461758029343284,129426.12879106736,2825.1519296500487,132251.28072071742,786,1,244.47368421052633,32,6,17,35.36703271704513,0.6233723958333333,45.612373737373744,1017.550505050506,31.798453282828312,0
808,4,0,0,37,0.0,0.0,1.0,37,900,600,300,0.6666666666666666,12,6,6,416.06021898644667,0.4498561061061061,0.24571723176255245,0.23130579149488528,129300.69181654211,3359.3748304579317,132660.06664700003,787,2,233.67567567567568,31,6,18,35.15675009601845,0.6246639784946236,45.73567708333335,1017.0572916666684,32.808299731182856,0
809,4,0,1,36,0.0,0.02702702702702703,0.972972972972973,37,1050,900,150,0.8571428571428571,12,9,3,418.15242525393126,0.44941816816816815,0.24818932062341337,0.23305585242041538,129400.03289116775,3421.7875162760743,132821.82040744383,788,3,234.67567567567568,31,6,19,35.00181298524018,0.6256720430107527,45.63802083333335,1017.4479166666684,32.820900537634465,0
810,4,1,0,37,0.02702702702702703,0.0,1.0,37,1100,600,500,0.5454545454545454,16,6,10,408.798732513957,0.44894894894894893,0.233842838494001,0.23016250939958496,129797.77865939685,3212.2334798177267,133010.01213921458,789,0,225.32432432432432,31,6,19,34.83314166453702,0.6297043010752688,45.24739583333334,1019.0104166666679,32.8713037634409,0
811,4,0,0,37,0.0,0.0,1.0,37,1650,1100,550,0.6666666666666666,22,11,11,409.60481746745796,0.4484171671671671,0.23934495347148554,0.23184149339065616,130004.92814827588,3250.128972808922,133255.0571210848,790,1,226.32432432432432,32,5,20,34.60107919607116,0.6292317708333333,45.04419191919193,1019.8232323232338,31.869476010101057,0
812,4,0,0,37,0.0,0.0,1.0,37,1350,1000,350,0.7407407407407407,17,10,7,407.57799480443066,0.4476976976976977,0.23751003478726251,0.23126616559127833,130101.5202530356,3205.303349148073,133306.82360218366,791,2,227.32432432432432,32,5,20,34.55419760726073,0.6302083333333333,44.94949494949496,1020.2020202020219,31.881313131313185,0
813,4,0,0,37,0.0,0.0,1.0,37,1050,800,250,0.7619047619047619,13,8,5,409.3294460641401,0.4472597597597598,0.2378378378378383,0.23322259136212642,130262.58680555559,3264.06250000001,133526.6493055556,792,3,228.32432432432432,32,5,20,34.3452380952381,0.6318359375,44.79166666666667,1020.8333333333337,31.90104166666668,0
814,4,1,1,37,0.02631578947368421,0.02631578947368421,0.9736842105263158,38,1100,700,400,0.6363636363636364,15,7,8,405.123624404444,0.44661273115220484,0.2556362272441095,0.23442278649264509,130861.41798231333,3003.010389539927,133864.42837185325,793,0,223.28947368421052,31,7,19,33.842898956477484,0.6404569892473118,44.205729166666664,1023.177083333333,33.005712365591386,0
815,4,0,0,37,0.0,0.0,1.0,37,1100,1000,100,0.9090909090909091,12,10,2,416.7788974553345,0.44600850850850854,0.16615146100980294,0.23783849657181705,130323.35778061252,3463.205073696183,133786.5628543087,794,1,223.56756756756758,34,3,17,34.093117251564266,0.6277573529411764,44.732142857142875,1021.0714285714309,30.031512605042085,8
816,4,1,0,38,0.02631578947368421,0.0,1.0,38,1050,800,250,0.7619047619047619,13,8,5,388.2395394097447,0.44796111901375063,0.1570864020118552,0.20839364285310155,127903.5732001132,2372.8918650793407,130276.46506519253,795,0,218.6578947368421,34,4,16,37.29502569534345,0.6032475490196079,47.11309523809523,1011.5476190476177,29.75140056022405,8
817,4,1,1,38,0.02564102564102564,0.02564102564102564,0.9743589743589743,39,900,600,300,0.6666666666666666,12,6,6,381.5695697635036,0.4472278452541611,0.1525118151040945,0.20620728286172849,128175.55334787095,1982.031663768446,130157.5850116394,796,0,214.02564102564102,33,6,17,37.18471398604221,0.608270202020202,46.84436274509804,1012.6225490196074,30.68553178847295,0
818,4,0,0,38,0.0,0.0,1.0,38,1300,900,400,0.6923076923076923,17,9,8,383.89332307233593,0.44551623992413464,0.16148498968757208,0.2082696847219207,128330.72015570923,2253.0613225682346,130583.78147827747,797,1,219.57894736842104,33,5,17,36.96681986776326,0.6098484848484849,46.69117647058823,1013.2352941176462,30.704099821746855,0
819,4,1,1,38,0.02564102564102564,0.02564102564102564,0.9743589743589743,39,800,700,100,0.875,9,7,2,369.8111257427096,0.4472559604138551,0.1542673136148669,0.20250681695105138,128701.7763658478,1719.069760588117,130420.84612643592,798,0,214.92307692307693,35,4,14,36.94405630964601,0.6092261904761904,46.325231481481474,1014.6990740740732,28.991402116402092,0
820,4,0,0,38,0.0,0.0,1.0,38,1450,1000,450,0.6896551724137931,19,10,9,378.594537828542,0.4472350640113798,0.1655758354120871,0.20739973267676687,128717.71541950117,2146.3647959183686,130864.08021541954,799,1,221.52631578947367,34,4,15,36.70494095104019,0.6115196078431373,46.30952380952381,1014.7619047619049,29.845938375350144,0
821,4,1,0,39,0.02564102564102564,0.0,1.0,39,1050,700,350,0.6666666666666666,14,7,7,371.5399086267132,0.448268106162843,0.18179907524169825,0.20603576751117753,129201.38888888902,1801.6014739229213,131002.99036281195,800,0,216.82051282051282,34,5,16,36.39002732240438,0.616421568627451,45.83333333333334,1016.6666666666678,29.901960784313758,0
822,4,2,0,41,0.04878048780487805,0.0,1.0,41,1300,1000,300,0.7692307692307693,16,10,6,355.443559306895,0.4490599593495935,0.1862130852001258,0.20044359222970157,129860.54202428798,1031.6186541271202,130892.1606784151,801,0,207.1951219512195,36,5,17,36.12860457408022,0.6189236111111112,45.18581081081082,1019.2567567567583,28.312687687687728,0
823,4,0,1,40,0.0,0.024390243902439025,0.975609756097561,41,800,600,200,0.75,10,6,4,354.35286970694665,0.44895833333333335,0.1869052959648665,0.20002541770889393,129899.05698147505,1006.0207227223734,130905.07770419742,802,1,208.1951219512195,37,4,17,36.11727349324153,0.6173986486486487,45.14802631578947,1019.407894736842,27.55156472261735,0
824,4,0,0,40,0.0,0.0,1.0,40,1450,1000,450,0.6896551724137931,19,10,9,360.46188868205667,0.4490117521367521,0.18077220503756064,0.2034227566302979,129889.23890106326,1364.0240747504272,131253.26297581368,803,2,211.85,36,4,17,35.97156245396965,0.619212962962963,45.15765765765766,1019.3693693693697,28.315815815815824,0
825,4,0,1,39,0.0,0.025,0.975,40,800,400,400,0.5,12,4,8,359.0853002435265,0.4483440170940171,0.18126173384870192,0.2030929040415449,129975.34855379032,1334.447411938967,131309.79596572928,804,3,212.85,36,4,18,35.919151481685994,0.6200810185185186,45.0731981981982,1019.7072072072076,28.32520020020021,0
826,4,0,0,39,0.0,0.0,1.0,39,1550,1100,450,0.7096774193548387,20,11,9,369.9653917142528,0.4458783175888439,0.18799926665095223,0.2093619182013025,129996.88042534713,1818.8693576388785,131815.749782986,805,4,219.15384615384616,35,4,18,35.61989274770173,0.6223214285714286,45.05208333333333,1019.7916666666658,29.136904761904738,0
827,4,1,0,40,0.025,0.0,1.0,40,1200,900,300,0.75,15,9,6,364.34903036238086,0.4468349358974359,0.1828972635621704,0.2079285014369423,130325.14537677809,1497.5818720564139,131822.7272488345,806,0,214.65,33,7,20,35.42966874699953,0.630050505050505,44.73039215686274,1021.0784313725484,30.94177064765298,0
828,4,0,1,39,0.0,0.025,0.975,40,1150,800,350,0.6956521739130435,15,8,7,365.00022343387457,0.4468482905982906,0.18031621264850628,0.20846791376795576,130356.4302942377,1516.0252366878046,131872.4555309255,807,1,215.65,33,7,20,35.38129025161007,0.6303661616161615,44.69975490196078,1021.2009803921561,30.94548425430776,0
829,4,0,1,38,0.0,0.02564102564102564,0.9743589743589743,39,950,600,350,0.631578947368421,13,6,7,367.435205342336,0.4456252811515969,0.17726688439089466,0.21070665351749657,130512.91120001937,1791.0076653210454,132303.9188653404,808,2,220.53846153846155,33,6,14,35.16031022627329,0.6319444444444444,44.54656862745099,1021.8137254901973,30.964052287581737,0
830,4,0,0,38,0.0,0.0,1.0,38,950,500,450,0.5263157894736842,14,5,9,353.90081446430275,0.4462126600284495,0.07457601365171729,0.19316549909487948,128572.46393352811,1500.3799407515603,130072.84387427967,809,3,209.26315789473685,36,2,16,37.47964320082906,0.6059027777777778,46.4527027027027,1014.1891891891892,28.17192192192192,8
831,4,2,0,40,0.05,0.0,1.0,40,1300,1000,300,0.7692307692307693,16,10,6,340.9701693093254,0.44874465811965814,0.08360655737704925,0.18908345752608036,129201.38888888882,812.2983625517314,130013.68725144055,810,0,199.75,37,3,18,37.167008196721305,0.6103603603603603,45.83333333333333,1016.6666666666661,27.47747747747746,0
832,4,1,1,40,0.024390243902439025,0.024390243902439025,0.975609756097561,41,1400,1000,400,0.7142857142857143,18,10,8,330.8696566539201,0.449364837398374,0.09124459345328018,0.1852636796657967,129581.83235627145,374.93927606107275,129956.77163233253,811,0,195.85365853658536,38,3,18,37.03742567331236,0.612390350877193,45.45940170940171,1018.1623931623931,26.79374718848403,0
833,4,0,0,40,0.0,0.0,1.0,40,1600,1400,200,0.875,18,14,4,337.74478419599905,0.4479967948717949,0.09272942697113296,0.18889292629371446,129536.03512619283,750.0240458602802,130286.05917205311,812,1,201.5,37,3,18,36.90892934080137,0.6137387387387387,45.50438596491229,1017.982456140352,27.51303935514465,0
834,4,0,0,40,0.0,0.0,1.0,40,1200,800,400,0.6666666666666666,16,8,8,337.9922854186534,0.4480235042735043,0.09850914962325064,0.18983968147154107,129703.52055440134,767.7578678054766,130471.27842220681,813,2,202.5,37,3,18,36.73259777538572,0.615427927927928,45.33991228070175,1018.6403508771929,27.530820293978184,0
835,4,0,1,39,0.0,0.025,0.975,40,1200,800,400,0.6666666666666666,16,8,8,336.91132861912365,0.44806356837606837,0.09733218588640269,0.19004415721136966,129871.11418898118,751.0099261311126,130622.1241151123,814,3,203.5,37,3,18,36.59011044176707,0.6171171171171171,45.175438596491226,1019.2982456140348,27.54860123281175,0
836,4,0,0,39,0.0,0.0,1.0,39,1450,800,650,0.5517241379310345,21,8,13,341.84938659635543,0.4474527665317139,0.09984965724610695,0.1926919374416691,129843.17440221988,1077.3619046244935,130920.53630684438,815,4,209.3846153846154,37,2,18,36.49262596377981,0.6168355855855856,45.20285087719298,1019.1885964912278,27.545637743006157,0
837,4,0,0,39,0.0,0.0,1.0,39,1000,900,100,0.9,11,9,2,340.5875160341392,0.44705915429599635,0.09906659605454804,0.1921178124425579,129871.11418898105,1046.4960372422097,130917.61022622326,816,5,210.3846153846154,37,2,18,36.49643215720022,0.6171171171171171,45.17543859649122,1019.2982456140337,27.548601232811723,0
838,4,1,0,40,0.025,0.0,1.0,40,900,700,200,0.7777777777777778,11,7,4,333.61297835586134,0.4489449786324786,0.09642184064495907,0.18955012232461796,130153.54624379046,684.1824411936423,130837.7286849841,817,0,206.1,38,2,19,36.38798729626915,0.6181469298245614,44.898504273504265,1020.4059829059815,26.85278902384162,0
839,4,0,0,40,0.0,0.0,1.0,40,1350,1100,250,0.8148148148148148,16,11,5,335.6934610578926,0.4483173076923077,0.0988775510204083,0.19126720455624122,130262.58680555562,745.7510364161101,131008.33784197173,818,1,207.1,36,4,19,36.22448979591837,0.622974537037037,44.79166666666667,1020.8333333333339,28.3564814814815,0
840,4,0,0,40,0.0,0.0,1.0,40,1250,800,450,0.64,17,8,9,331.87684691738446,0.44759615384615387,0.09878703306140002,0.18991183697066044,130430.54112803933,657.3753462603812,131087.9164742997,819,2,208.1,37,3,19,36.15196078431372,0.6227477477477478,44.62719298245614,1021.4912280701749,27.607871028923647,0
841,4,1,0,41,0.024390243902439025,0.0,1.0,41,1100,600,500,0.5454545454545454,16,6,10,329.3484310343652,0.4478404471544715,0.1161459593708205,0.19031449771599554,130808.47447083422,416.3131665936112,131224.78763742783,820,0,204.0,38,3,16,35.83463881636205,0.6247258771929824,44.25747863247863,1022.9700854700852,26.920265407107507,0
842,4,0,2,39,0.0,0.04878048780487805,0.9512195121951219,41,1450,1100,350,0.7586206896551724,18,11,7,359.4161204034689,0.44763719512195127,0.10648235975737963,0.19903870602552992,129147.0854792169,1111.3882496895308,130258.47372890642,821,1,205.0,38,3,18,36.75351236773876,0.6080043859649122,45.886752136752136,1016.4529914529916,26.748762932973463,8
843,4,1,1,39,0.025,0.025,0.975,40,900,600,300,0.6666666666666666,12,6,6,364.8212846009133,0.44658119658119655,0.12520491803278655,0.20230998509687037,129201.3888888891,1427.0947476075876,130628.48363649668,822,0,210.45,36,4,19,36.56079234972677,0.6122685185185186,45.83333333333334,1016.6666666666683,28.240740740740787,0
844,4,1,1,39,0.025,0.025,0.975,40,1400,900,500,0.6428571428571429,19,9,10,367.69898041515114,0.44608707264957265,0.10640399556048852,0.2012738647351465,128686.69979100714,1511.336716784344,130198.03650779148,823,0,211.15,36,4,16,37.013041065482795,0.6070601851851851,46.34009009009009,1014.639639639639,28.184434434434415,8
845,4,1,2,38,0.025,0.05,0.95,40,800,600,200,0.75,10,6,4,361.89397620034333,0.4472622863247863,0.10649627550469631,0.19941843554692287,128950.68825263517,1333.2954611033879,130283.98371373856,824,0,210.625,37,3,18,36.890833603224294,0.6078265765765766,46.08004385964911,1015.6798245614013,27.450806069227063,0
846,4,0,0,38,0.0,0.0,1.0,38,1450,1200,250,0.8275862068965517,17,12,5,378.0427103337271,0.4449087245139877,0.12491004174063236,0.20839841871160708,128966.15655006851,2150.9430727023214,131117.09962277082,825,1,220.8421052631579,35,3,19,36.46498024916438,0.611904761904762,46.06481481481481,1015.7407407407401,29.021164021164,0
847,4,0,0,38,0.0,0.0,1.0,38,1300,1100,200,0.8461538461538461,15,11,4,374.52898231121674,0.444730915125652,0.12716700635415412,0.20707584790254915,129083.74592764051,2069.12079903977,131152.86672668028,826,2,221.8421052631579,35,3,20,36.43413059984813,0.6130952380952381,45.94907407407407,1016.203703703703,29.034391534391514,0
848,4,0,0,38,0.0,0.0,1.0,38,1100,800,300,0.7272727272727273,14,8,6,369.8789156696848,0.44378259838786155,0.12627646484251165,0.2054387712334031,129263.69214965387,1962.490024907312,131226.1821745612,827,3,222.8421052631579,33,5,20,36.36870330200049,0.6193181818181819,45.772058823529406,1016.9117647058814,30.815508021390347,0
849,4,0,0,38,0.0,0.0,1.0,38,800,500,300,0.625,11,5,6,371.1993032370449,0.4437233285917497,0.12593532022828202,0.2064982719080072,129326.01042868104,2001.144992310621,131327.15542099165,828,4,223.8421052631579,33,5,20,36.27158634538153,0.619949494949495,45.710784313725476,1017.1568627450961,30.82293523469988,0
850,4,0,2,36,0.0,0.05263157894736842,0.9473684210526316,38,1250,1000,250,0.8,15,10,5,365.58450298439266,0.4428046467520152,0.1244620792828961,0.20413990307077523,129473.8538123581,1866.726899092954,131340.58071145104,829,5,224.8421052631579,34,4,14,36.263744297578675,0.6191789215686274,45.56547619047618,1017.7380952380937,29.933473389355697,0
851,4,1,1,36,0.02702702702702703,0.02702702702702703,0.972972972972973,37,1050,900,150,0.8571428571428571,12,9,3,376.5846800525228,0.44284909909909914,0.13158836659920237,0.2104920829418743,129513.05537533626,2354.5265042291217,131867.58187956538,830,0,229.64864864864865,33,4,15,35.94389597881048,0.6218434343434344,45.526960784313715,1017.8921568627438,30.8452168746286,0
852,4,0,2,34,0.0,0.05555555555555555,0.9444444444444444,36,700,500,200,0.7142857142857143,9,5,4,396.06889567182026,0.4429728835978836,0.14662957587485903,0.214875172533767,128330.72015570932,2965.5613225682355,131296.28147827755,831,1,235.88888888888889,33,3,20,36.65840187066602,0.6098484848484849,46.69117647058823,1013.2352941176468,30.704099821746873,8
853,4,3,0,37,0.08108108108108109,0.0,1.0,37,1000,700,300,0.7,13,7,6,381.7253399198105,0.4462274774774775,0.18553175319431925,0.2108754547712351,129050.14349489793,2452.3419784580437,131502.48547335598,832,0,230.21621621621622,34,3,20,36.28563757078695,0.6148897058823529,45.982142857142854,1016.0714285714283,29.884453781512597,0
854,4,1,0,38,0.02631578947368421,0.0,1.0,38,1250,900,350,0.72,16,9,7,368.9018818420684,0.44834637268847793,0.16822722177841376,0.19831101162401893,127963.79145408164,1881.076388888895,129844.86784297053,833,0,225.1315789473684,34,4,18,37.72233007804841,0.6038602941176471,47.05357142857143,1011.7857142857144,29.75840336134454,8
855,4,3,2,39,0.07317073170731707,0.04878048780487805,0.9512195121951219,41,800,500,300,0.625,11,5,6,345.6152434282624,0.45188008130081303,0.16830743934059922,0.1895150884580566,128755.86718990449,699.9980763311667,129455.86526623565,834,0,209.58536585365854,37,4,17,37.50270095073466,0.6058558558558558,46.2719298245614,1014.9122807017536,27.430061640587937,0
856,4,1,0,40,0.025,0.0,1.0,40,1300,800,500,0.6153846153846154,18,8,10,353.6983596691192,0.4501068376068376,0.18934907961854064,0.1947284375760757,128915.32368517177,1119.4277047317707,130034.75138990354,835,0,215.75,36,4,18,37.13498928069785,0.609375,46.11486486486487,1015.5405405405414,28.209459459459485,0
857,4,1,0,41,0.024390243902439025,0.0,1.0,41,1350,1000,350,0.7407407407407407,17,10,7,351.06039386276484,0.451270325203252,0.2007639666878127,0.1956712312492342,129401.82317029893,885.8880417580024,130287.71121205694,836,0,211.46341463414635,36,5,19,36.70655783065854,0.6142939814814814,45.636261261261275,1017.454954954957,28.262637637637695,0
858,4,0,0,41,0.0,0.0,1.0,41,1250,800,450,0.64,17,8,9,350.6232001923142,0.4507367886178862,0.19588288149725086,0.19599771840063912,129516.42679419322,882.2928080107504,130398.71960220397,837,1,212.46341463414635,36,5,17,36.60111738024116,0.6154513888888888,45.52364864864867,1017.9054054054085,28.275150150150235,0
859,4,0,1,40,0.0,0.024390243902439025,0.975609756097561,41,1250,900,350,0.72,16,9,7,350.9776249349568,0.4498475609756098,0.1901236631466563,0.1973458404466478,129745.78622118777,907.5735786462559,130653.35979983403,838,2,213.46341463414635,36,5,18,36.35896798201982,0.6177662037037037,45.29842342342344,1018.8063063063092,28.300175175175255,0
860,4,2,2,40,0.047619047619047616,0.047619047619047616,0.9523809523809523,42,1400,1100,300,0.7857142857142857,17,11,6,342.6158355555676,0.45114692218350755,0.2002394977021169,0.19640341534315245,130498.9979852536,544.2590660605373,131043.25705131414,839,0,207.11904761904762,35,7,19,35.80841262649147,0.6273809523809524,44.560185185185176,1021.7592592592579,29.193121693121654,0
861,4,1,2,39,0.024390243902439025,0.04878048780487805,0.9512195121951219,41,850,600,250,0.7058823529411765,11,6,5,353.0388668727435,0.44878048780487806,0.21424208417972346,0.2027316837526758,130566.58340419496,1019.0157312925065,131585.59913548746,840,0,212.90243902439025,34,7,20,35.47369442826634,0.6302083333333333,44.49404761904761,1022.0238095238091,30.059523809523796,0
862,4,0,1,38,0.0,0.02564102564102564,0.9743589743589743,39,1400,1000,400,0.7142857142857143,18,10,8,354.60772572198977,0.4473684210526316,0.21620460303108957,0.20491890969260637,130810.03578514728,1477.2498582766268,132287.2856434239,841,1,220.10256410256412,34,5,20,35.18707087163969,0.6326593137254901,44.25595238095237,1022.9761904761896,30.087535014005574,0
863,4,0,0,38,0.0,0.0,1.0,38,1550,1400,150,0.9032258064516129,17,14,3,380.4718465281368,0.44830192034139404,0.2639684950917187,0.2029347248687591,127648.6883049789,2113.346429257982,129762.03473423689,842,2,220.47368421052633,33,5,16,37.75315304390007,0.6029040404040404,47.365196078431374,1010.5392156862749,30.622400475341664,8
864,4,1,0,39,0.02564102564102564,0.0,1.0,39,1550,1100,450,0.7096774193548387,20,11,9,371.61532302942805,0.45062977957714795,0.25711622181795124,0.1997696793439032,127963.79145408166,1710.6611394557872,129674.45259353744,843,0,215.7948717948718,34,5,17,37.65369455230028,0.6038602941176471,47.05357142857143,1011.7857142857146,29.758403361344545,0
865,4,0,0,39,0.0,0.0,1.0,39,500,200,300,0.4,8,2,6,367.6478685381069,0.45074224021592446,0.24947976041836273,0.19808252080551242,128054.14540816328,1615.7667233560114,129669.91213151929,844,1,216.7948717948718,34,5,17,37.66148161216968,0.6047794117647058,46.964285714285715,1012.1428571428573,29.768907563025216,0
866,4,0,0,39,0.0,0.0,1.0,39,550,200,350,0.36363636363636365,9,2,7,367.4362276188981,0.4505454340980657,0.25010177403450373,0.19811732678779276,128084.27047902496,1612.5602324263057,129696.83071145126,845,2,217.7948717948718,34,5,18,37.63598141832294,0.6050857843137255,46.93452380952381,1012.2619047619048,29.772408963585434,0
867,4,1,0,40,0.025,0.0,1.0,40,1300,900,400,0.6923076923076923,17,9,8,356.1032475969361,0.4513221153846154,0.2388885717547664,0.19385384373533646,128466.99948827589,1149.5031453617958,129616.50263363769,846,0,213.325,35,5,17,37.53151520340981,0.606845238095238,46.55671296296296,1013.7731481481482,28.96494708994709,0
868,4,1,0,41,0.024390243902439025,0.0,1.0,41,1500,1200,300,0.8,18,12,6,349.1616272645226,0.45142276422764227,0.2354825622138268,0.19172825297834814,128811.5153220221,795.2076600492369,129606.72298207134,847,0,209.09756097560975,37,4,18,37.355980413336205,0.6064189189189189,46.21710526315789,1015.1315789473679,27.435988620199133,0
869,4,0,1,40,0.0,0.024390243902439025,0.975609756097561,41,900,600,300,0.6666666666666666,12,6,6,350.4782753302846,0.4505081300813008,0.23403471081342886,0.19326373468212835,128978.53185595563,840.8346799014976,129819.36653585713,848,1,210.09756097560975,37,4,19,37.15232800805985,0.6081081081081081,46.05263157894736,1015.7894736842102,27.453769559032708,0
870,4,1,0,41,0.024390243902439025,0.0,1.0,41,1000,700,300,0.7,13,7,6,349.3684493415745,0.4483485772357723,0.2349060375849652,0.1937406855439641,129201.38888888899,827.9701446599004,130029.3590335489,849,0,210.9512195121951,36,5,21,36.95355191256829,0.6122685185185186,45.833333333333336,1016.6666666666675,28.240740740740765,0
871,4,1,0,42,0.023809523809523808,0.0,1.0,42,850,500,350,0.5882352941176471,12,5,7,339.23573012764916,0.44887243515292297,0.22882842677090265,0.1895921302092091,129508.13140822163,386.75710314710705,129894.88851136873,850,0,206.9047619047619,37,5,17,36.89932762397214,0.6134572072072072,45.53179824561403,1017.8728070175428,27.510075865338994,0
872,4,1,1,42,0.023255813953488372,0.023255813953488372,0.9767441860465116,43,1000,700,300,0.7,13,7,6,329.98892448874665,0.44889719453672944,0.22487933304080743,0.1860575850840804,129853.9201183431,-29.928911900078106,129823.99120644302,851,0,203.06976744186048,38,5,18,36.78393605870022,0.6151315789473684,45.192307692307686,1019.2307692307684,26.821862348178115,0
873,4,0,0,42,0.0,0.0,1.0,42,1350,1100,250,0.8148148148148148,16,11,5,333.0724811919492,0.4471060782036392,0.22094643753778698,0.18761064486048354,129815.23762119119,247.5766582025302,130062.81427939371,852,1,208.85714285714286,37,5,18,36.74458431963275,0.6165540540540541,45.23026315789474,1019.0789473684215,27.54267425320058,0
874,4,0,1,41,0.0,0.023809523809523808,0.9761904761904762,42,1400,800,600,0.5714285714285714,20,8,12,336.12302000231256,0.4463075880758807,0.22588837685611907,0.19014258430787742,129982.90339335169,338.04920744843406,130320.95260080013,853,2,209.85714285714286,37,5,18,36.49686379928315,0.6182432432432432,45.065789473684205,1019.7368421052623,27.560455192034116,0
875,4,0,1,40,0.0,0.024390243902439025,0.975609756097561,41,1350,1100,250,0.8148148148148148,16,11,5,342.09472331782837,0.44443597560975606,0.22692185627093386,0.19338229982568308,129954.9515836604,691.3806411588196,130646.33222481921,854,3,215.82926829268294,37,4,19,36.37297469261927,0.6179617117117118,45.093201754385966,1019.6271929824564,27.557491702228553,0
876,4,0,0,40,0.0,0.0,1.0,40,1350,900,450,0.6666666666666666,18,9,9,347.45303210463743,0.44264155982905984,0.20651724137931016,0.18122550235673524,126742.1392746913,830.5022004633846,127572.64147515468,855,4,222.025,35,5,17,39.517241379310356,0.5892857142857143,48.263888888888886,1006.944444444444,28.76984126984126,8
877,4,2,0,42,0.047619047619047616,0.0,1.0,42,1050,700,350,0.6666666666666666,14,7,7,337.6241976053467,0.4466463414634146,0.22540320287089766,0.1792035294379042,127451.5971861535,206.14864669899276,127657.7458328525,856,0,212.4047619047619,37,5,16,39.03733213884968,0.5926238738738738,47.56030701754386,1009.7587719298252,27.290777619725006,0
878,4,2,0,44,0.045454545454545456,0.0,1.0,44,850,400,450,0.47058823529411764,13,4,9,326.3011223142342,0.4498546511627907,0.23003293536434666,0.17573956232844282,128039.08420138928,-444.14062499996095,127594.94357638933,857,0,203.70454545454547,39,5,18,38.723068478111706,0.5950854700854701,46.979166666666686,1012.0833333333366,25.950854700854784,0
879,4,1,1,44,0.022222222222222223,0.022222222222222223,0.9777777777777777,45,1450,1100,350,0.7586206896551724,18,11,7,350.48273653414964,0.4502104377104377,0.22138577571015694,0.1868582706956023,127631.22420374007,-42.944979773925525,127588.27922396615,858,0,200.15555555555557,38,7,16,38.528670613942325,0.5926535087719298,47.38247863247862,1010.4700854700842,26.591318038686428,8
880,4,0,2,42,0.0,0.045454545454545456,0.9545454545454546,44,1500,1000,500,0.6666666666666666,20,10,10,356.63726219577,0.44866543340380555,0.22253983130271737,0.19007590347796519,127617.73003472216,302.64756944443303,127920.3776041666,859,1,205.6818181818182,37,7,19,38.387027491408915,0.5943130630630631,47.39583333333333,1010.4166666666661,27.30855855855854,0
881,4,1,1,42,0.023255813953488372,0.023255813953488372,0.9767441860465116,43,950,600,350,0.631578947368421,13,6,7,365.51043487853605,0.4507428940568476,0.25780331248996213,0.19556333041355767,127774.23327043265,740.5631137894694,128514.79638422212,860,0,211.04651162790697,36,7,20,38.0023854607559,0.5978009259259259,47.240990990990994,1011.0360360360365,28.084334334334347,0
882,4,2,0,44,0.045454545454545456,0.0,1.0,44,1450,1100,350,0.7586206896551724,18,11,7,354.299211577498,0.45323511275546163,0.2531777680852392,0.19216451661396633,128320.37278163573,293.83297641672505,128614.20575805246,861,0,206.5681818181818,35,9,24,37.727039067854705,0.6053571428571429,46.701388888888886,1013.1944444444439,28.94841269841268,0
883,4,1,3,42,0.022222222222222223,0.06666666666666667,0.9333333333333333,45,950,800,150,0.8421052631578947,11,8,3,344.5417389918746,0.45410353535353537,0.24675129220482872,0.18819208266220805,128601.0181422976,-138.31631462544422,128462.70182767216,862,0,202.95555555555555,36,9,17,37.68781688316496,0.6061921296296297,46.424549549549546,1014.3018018018009,28.175050050050025,0
884,4,1,0,43,0.023255813953488372,0.0,1.0,43,1050,800,250,0.7619047619047619,13,8,5,359.3319735637126,0.4488510520487265,0.261000501924042,0.19532402808798438,128408.33875868037,628.2443576388646,129036.58311631923,863,0,213.1860465116279,35,8,18,37.50963514902363,0.60625,46.61458333333332,1013.5416666666652,28.95833333333329,0
885,4,1,0,44,0.022727272727272728,0.0,1.0,44,1750,1500,250,0.8571428571428571,20,15,5,348.9977691242387,0.4500418428470754,0.25362486891990055,0.19186365161122768,128858.14868922967,194.24128520411557,129052.38997443378,864,0,209.3181818181818,36,8,22,37.31260167110322,0.6087962962962963,46.17117117117117,1015.3153153153146,28.203203203203184,0
886,4,0,0,44,0.0,0.0,1.0,44,1200,800,400,0.6666666666666666,16,8,8,352.0149764786238,0.4494692565186751,0.25914332950261065,0.19380165188548415,128915.32368517166,276.0249269539793,129191.34861212564,865,1,210.3181818181818,36,8,22,37.177727877578164,0.609375,46.11486486486486,1015.5405405405406,28.209459459459463,0
887,4,0,0,44,0.0,0.0,1.0,44,1300,800,500,0.6153846153846154,18,8,10,352.33044194524916,0.44932610993657507,0.262367829531595,0.19411534855859502,128943.91593874275,286.1733777696538,129230.0893165124,866,2,211.3181818181818,36,8,22,37.140573603873285,0.6096643518518519,46.08671171171171,1015.6531531531527,28.212587587587578,0
888,4,0,0,44,0.0,0.0,1.0,44,950,500,450,0.5263157894736842,14,5,9,351.1433444514551,0.44931509866102887,0.26407514130555176,0.19402121230774544,129058.31665702882,263.5937880448181,129321.91044507363,867,3,212.3181818181818,36,8,22,37.05414865713547,0.6108217592592593,45.97409909909911,1016.1036036036049,28.225100100100136,0
889,4,1,1,44,0.022222222222222223,0.022222222222222223,0.9777777777777777,45,1000,500,500,0.5,15,5,10,339.52767500562055,0.4496422558922559,0.19902588144041777,0.18591001024338116,128698.84033203128,-180.82791076020817,128518.01242127107,868,0,208.57777777777778,39,6,19,37.71526280669336,0.6017628205128205,46.328125,1014.6875000000002,26.01762820512821,8
890,4,1,3,42,0.022222222222222223,0.06666666666666667,0.9333333333333333,45,1400,800,600,0.5714285714285714,20,8,12,350.9243228755057,0.4495580808080808,0.1552228239708333,0.1820746197530928,126527.07151955937,-37.9953277808753,126489.07619177848,869,0,206.2888888888889,38,7,17,39.651030052033555,0.5814144736842105,48.477564102564095,1006.0897435897425,26.476045883940593,8
891,4,1,0,43,0.023255813953488372,0.0,1.0,43,1600,1200,400,0.75,20,12,8,359.8998115407894,0.4508351790328535,0.1678435943736436,0.18724007657459715,126638.21549590144,515.4139781673728,127153.62947406882,870,0,214.13953488372093,36,7,18,39.31085440441561,0.5862268518518519,48.367117117117125,1006.5315315315327,27.95920920920924,0
892,4,0,0,43,0.0,0.0,1.0,43,1050,400,650,0.38095238095238093,17,4,13,355.4883682669035,0.4498200442967885,0.1728843326656866,0.1857840541031244,126822.83676674697,416.8086602381421,127239.64542698511,871,1,215.13953488372093,38,5,20,39.2319862819969,0.5844298245614035,48.18376068376068,1007.2649572649568,26.506972559604126,0
893,4,2,0,45,0.044444444444444446,0.0,1.0,45,1200,900,300,0.75,15,9,6,347.1521500571761,0.45286195286195285,0.2022202398652,0.18443486266070838,127489.75326678039,-147.19018121217255,127342.56308556821,872,0,206.53333333333333,36,9,18,38.757712607790666,0.5949074074074074,47.52252252252253,1009.9099099099108,28.053053053053077,0
894,4,2,1,46,0.0425531914893617,0.02127659574468085,0.9787234042553191,47,1200,900,300,0.75,15,9,6,335.4425107045213,0.4539777983348751,0.22899929730788315,0.18126457497696039,128172.2876870768,-799.4360614322572,127372.85162564454,873,0,198.70212765957447,37,10,20,38.355779642663784,0.5999436936936937,46.84758771929825,1012.609649122807,27.36782835467046,0
895,4,0,2,44,0.0,0.043478260869565216,0.9565217391304348,46,1100,800,300,0.7272727272727273,14,8,6,330.26679526429314,0.45350241545893716,0.22517090659301853,0.179212886379174,128338.88942992073,-722.7852560403217,127616.1041738804,874,1,203.15217391304347,37,9,21,38.31689842369151,0.6016328828828829,46.68311403508772,1013.2675438596491,27.38560929350403,0
896,4,1,0,45,0.022222222222222223,0.0,1.0,45,1450,1100,350,0.7586206896551724,18,11,7,330.19042445770134,0.45551346801346804,0.24342331303083897,0.18017293426603398,128561.1934080677,-510.0649959603093,128051.1284121074,875,0,207.53333333333333,37,8,18,38.09229376148776,0.6038851351351351,46.46381578947368,1014.144736842104,27.409317211948757,0
897,4,0,1,44,0.0,0.022222222222222223,0.9777777777777777,45,900,600,300,0.6666666666666666,12,6,6,331.0258582907235,0.4551346801346801,0.246976576576577,0.18075496984587877,128588.99493113243,-486.7435172360981,128102.25141389633,876,1,208.53333333333333,37,8,18,38.04279279279279,0.6041666666666667,46.43640350877192,1014.2543859649104,27.412280701754334,0
898,4,0,0,44,0.0,0.0,1.0,44,1250,1000,250,0.8,15,10,5,329.7656102734752,0.4543362403100775,0.22984952699840644,0.18102967180299023,128800.98637488818,-305.17282485190697,128495.81355003627,877,2,212.13636363636363,36,8,19,37.858932401449586,0.6082175925925926,46.227477477477464,1015.0900900900882,28.196946946946895,0
899,4,0,2,42,0.0,0.045454545454545456,0.9545454545454546,44,1550,1100,450,0.7096774193548387,20,11,9,332.4709249587679,0.45418208245243125,0.2289283230352086,0.1831738101529092,128943.91593874259,-225.9794000081397,128717.93653873444,878,3,213.13636363636363,36,8,19,37.644833130058764,0.6096643518518519,46.0867117117117,1015.6531531531515,28.212587587587542,0
900,4,0,0,42,0.0,0.0,1.0,42,850,500,350,0.5882352941176471,12,5,7,347.23554174802473,0.4509775454897406,0.2354360796406787,0.1902208070604214,128717.71541950089,539.0731292516713,129256.78854875256,879,4,223.71428571428572,34,8,19,37.50048881589239,0.6115196078431373,46.309523809523796,1014.7619047619028,29.84593837535008,0
901,4,0,0,42,0.0,0.0,1.0,42,1000,500,500,0.5,15,5,10,346.3779487220969,0.4504936120789779,0.23313003362264428,0.1900397934880692,128778.1249999999,521.1805555555405,129299.30555555545,880,5,224.71428571428572,34,8,19,37.460659551176775,0.6121323529411764,46.24999999999999,1014.9999999999992,29.852941176470566,0
902,4,1,0,43,0.023255813953488372,0.0,1.0,43,1300,800,500,0.6153846153846154,18,8,10,338.1122866958752,0.4522425249169435,0.23054579539226183,0.18735900404100117,129171.973125107,134.92624206960204,129306.89936717661,881,0,220.46511627906978,35,8,20,37.26955956582793,0.6139880952380952,45.86226851851851,1016.5509259259246,29.044312169312132,0
903,4,2,1,44,0.044444444444444446,0.022222222222222223,0.9777777777777777,45,900,500,400,0.5555555555555556,13,5,8,322.66682946186006,0.4530092592592592,0.2380896255371392,0.18182657575528235,129831.8483179126,-621.510479037428,129210.33783887517,882,0,211.62222222222223,36,9,20,36.992863720073665,0.6186342592592593,45.21396396396397,1019.144144144145,28.309559559559585,0
904,4,0,0,44,0.0,0.0,1.0,44,1350,1000,350,0.7407407407407407,17,10,7,330.9738396965899,0.45027307963354474,0.24969022345214942,0.186310337895702,129790.40745027442,-208.55409807955456,129581.85335219487,883,1,217.4090909090909,35,9,20,36.82322429198849,0.6202380952380953,45.25462962962963,1018.981481481482,29.113756613756628,0
905,4,0,1,43,0.0,0.022727272727272728,0.9772727272727273,44,1550,1000,550,0.6451612903225806,21,10,11,329.5203634391333,0.44967847075405215,0.24871486524149167,0.18591196930227094,129878.87577428429,-240.45313035834812,129638.42264392594,884,2,218.4090909090909,35,9,20,36.770584951364455,0.6211309523809524,45.16782407407408,1019.328703703705,29.123677248677286,0
906,4,0,0,43,0.0,0.0,1.0,43,1250,800,450,0.64,17,8,9,342.45454849075077,0.45076596530084906,0.16687215179838222,0.18520412231473685,128204.8061933104,188.90470427494023,128393.71089758535,885,3,221.30232558139534,34,9,22,38.145057011872595,0.6063112745098039,46.815476190476176,1012.7380952380931,29.78641456582627,8
907,4,2,0,45,0.044444444444444446,0.0,1.0,45,900,700,200,0.7777777777777778,11,7,4,329.10490513055083,0.4515993265993266,0.19369972034347271,0.18131931211804708,128943.91593874247,-512.7849555637099,128431.13098317877,886,0,212.42222222222222,36,9,18,37.73030084636139,0.6096643518518519,46.08671171171169,1015.6531531531506,28.212587587587517,0
908,4,0,1,44,0.0,0.022222222222222223,0.9777777777777777,45,1550,1000,550,0.6451612903225806,21,10,11,328.73125371523207,0.4513257575757576,0.1998965950217899,0.18203241079961227,129144.15048494421,-509.2563002191523,128634.89418472507,887,1,213.42222222222222,36,9,19,37.53623790531061,0.6116898148148149,45.88963963963963,1016.4414414414399,28.23448448448444,0
909,4,0,0,44,0.0,0.0,1.0,44,1800,1500,300,0.8333333333333334,21,15,6,332.107730278192,0.45046027131782945,0.1914534989031338,0.18497294915740992,129373.18019032561,-206.83335362387493,129166.34683670173,888,2,217.13636363636363,36,8,19,37.21773300863405,0.6140046296296297,45.66441441441442,1017.3423423423435,28.25950950950954,0
910,4,1,0,45,0.022222222222222223,0.0,1.0,45,1550,1200,350,0.7741935483870968,19,12,7,325.4001112407525,0.45128367003367004,0.19995455578277666,0.18289730390428519,129731.44531250015,-557.0746527777621,129174.37065972238,889,0,213.2888888888889,37,8,15,37.024965916837075,0.6157094594594594,45.31250000000001,1018.7500000000011,27.533783783783814,0
911,4,1,0,46,0.021739130434782608,0.0,1.0,46,1450,1100,350,0.7586206896551724,18,11,7,318.7776215567883,0.45092592592592595,0.204513578987632,0.1807416110821979,130071.79578493682,-907.2044616115136,129164.59132332531,890,0,209.6304347826087,38,8,17,36.84912198017035,0.6173245614035088,44.97863247863248,1020.0854700854702,26.844354475933425,0
912,4,1,0,47,0.02127659574468085,0.0,1.0,47,1700,1200,500,0.7058823529411765,22,12,10,328.10212163795575,0.45021970397779837,0.2329353698392589,0.18892522888539326,130671.89554569362,-825.1149417415436,129846.78060395208,891,0,206.14893617021278,38,9,13,36.00444096133753,0.6233552631578947,44.39102564102564,1022.4358974358975,26.90620782726046,0
913,4,0,1,46,0.0,0.02127659574468085,0.9787234042553191,47,1550,900,650,0.5806451612903226,22,9,13,328.5096356178669,0.44979571384520506,0.22667039940276257,0.1899642675529404,130835.79881656809,-803.8358809993351,130031.96293556875,892,1,207.14893617021278,38,9,14,35.828503550543026,0.625,44.23076923076923,1023.0769230769233,26.92307692307693,0
914,4,0,0,46,0.0,0.0,1.0,46,1150,800,350,0.6956521739130435,15,8,7,335.19591170783934,0.4492753623188406,0.22429420678400702,0.193063735433947,130682.67549871116,-439.14028835796125,130243.5352103532,893,2,212.6086956521739,37,9,14,35.81222073279714,0.6252815315315315,44.38048245614035,1022.4780701754388,27.634542437174023,0
915,4,1,0,47,0.02127659574468085,0.0,1.0,47,1300,1000,300,0.7692307692307693,16,10,6,329.04820847189455,0.4498535306814678,0.21741660374006133,0.19081609183781792,130945.12473518887,-782.54825955146,130162.57647563741,894,0,209.06382978723406,38,9,16,35.70437543493388,0.6260964912280702,44.123931623931625,1023.5042735042739,26.934322986954577,0
916,4,1,0,48,0.020833333333333332,0.0,1.0,48,1600,1400,200,0.875,18,14,4,327.1204418215177,0.4504746601654846,0.22482128213356178,0.19173974988021106,131356.22409058546,-1005.020189021277,130351.20390156418,895,0,205.6875,37,11,17,35.33922968588442,0.6320382882882882,43.72258771929824,1025.109649122806,27.70566619250827,0
917,4,0,0,48,0.0,0.0,1.0,48,1350,900,450,0.6666666666666666,18,9,9,329.4095588556971,0.4500775709219858,0.2259012259880966,0.19364975512113977,131468.6505102531,-938.5939664127476,130530.05654384034,896,1,206.6875,37,11,18,35.1673037171674,0.6331644144144144,43.612938596491226,1025.5482456140346,27.717520151730664,0
918,4,1,0,49,0.02040816326530612,0.0,1.0,49,1250,1000,250,0.8,15,10,5,308.0631210644758,0.4499362244897959,0.18633998476277025,0.1787333960461635,130963.79469892246,-1666.0260574130652,129297.76864150939,897,0,203.44897959183675,40,9,14,36.222531109346065,0.6229166666666667,44.105691056910565,1023.5772357723566,25.589430894308915,7
919,4,1,1,49,0.02,0.02,0.98,50,1650,1200,450,0.7272727272727273,21,12,9,306.4094543457026,0.45063775510204085,0.21353124999999928,0.16905349205280185,128999.74804736744,-2078.52458464159,126921.22346272584,898,0,200.36,41,9,17,38.24991861979164,0.6016260162601625,46.031746031746046,1015.8730158730186,24.777390631049236,8
920,4,2,1,50,0.0392156862745098,0.0196078431372549,0.9803921568627451,51,1950,1400,550,0.717948717948718,25,14,11,303.9042854766235,0.45109477124183006,0.253366395563839,0.17033227392393843,129620.41348364021,-2321.560171413939,127298.85331222627,899,0,197.07843137254903,42,9,13,37.68476226726298,0.6063988095238095,45.421511627906995,1018.3139534883753,24.245570321151792,0
921,4,1,2,49,0.0196078431372549,0.0392156862745098,0.9607843137254902,51,1600,1000,600,0.625,22,10,12,305.628033921322,0.45080065359477123,0.2533580948545264,0.1720548396529243,129793.15020131026,-2266.314937503729,127526.83526380653,900,0,198.05882352941177,42,9,14,37.466123050589594,0.6081349206349207,45.25193798449614,1018.9922480620174,24.261720191952797,0
922,4,1,1,49,0.02,0.02,0.98,50,1400,900,500,0.6428571428571429,19,9,10,310.3611273909103,0.4488605442176871,0.2596613138686126,0.17512139395615628,129883.08930342985,-1937.867594954636,127945.22170847522,901,0,201.9,41,9,15,37.25456204379561,0.6105182926829269,45.16369047619048,1019.3452380952392,24.862078977932665,0
923,4,0,0,49,0.0,0.0,1.0,49,1450,900,550,0.6206896551724138,20,9,11,312.3852387265454,0.44828869047619047,0.2649067985856959,0.1771978336914369,130089.53788834796,-1672.3897301844934,128417.14815816346,902,1,206.3673469387755,42,7,17,36.99420592705167,0.6111111111111112,44.961240310077514,1020.1550387596892,24.289405684754506,0
924,4,1,0,50,0.02,0.0,1.0,50,1750,1400,350,0.8,21,14,7,316.08632175156305,0.44870748299319724,0.25646674356016885,0.1660889945203673,127043.1652244461,-1948.146238957952,125095.01898548815,903,0,203.22,42,8,14,39.998638344226585,0.5803571428571428,47.96511627906979,1008.1395348837245,24.003322259136297,8
925,4,1,1,50,0.0196078431372549,0.0196078431372549,0.9803921568627451,51,1900,1500,400,0.7894736842105263,23,15,8,314.9435133438343,0.45016339869281047,0.2619519511230115,0.16637199477831216,127259.16950936936,-2184.1100099001233,125075.05949946924,904,0,200.2156862745098,43,8,15,39.806526669795126,0.5811531007751938,47.750946969696976,1008.9962121212129,23.465028188865418,0
926,4,0,0,50,0.0,0.0,1.0,50,1200,700,500,0.5833333333333334,17,7,10,321.10441175148753,0.4488180272108844,0.2761305808929426,0.16984776274208943,127311.94907344806,-1823.9142967670255,125488.03477668104,905,1,205.16,42,8,17,39.597135541686676,0.5830853174603174,47.69864341085271,1009.2054263565888,24.028700627537827,0
927,4,0,2,48,0.0,0.04,0.96,50,1050,500,550,0.47619047619047616,16,5,11,322.83719113914225,0.44900510204081634,0.2797428023032622,0.17128123888339436,127434.21744486521,-1771.899037016997,125662.31840784822,906,2,206.16,42,8,13,39.4283829174664,0.5843253968253967,47.577519379844965,1009.6899224806211,24.040236249538598,0
928,4,0,0,48,0.0,0.0,1.0,48,1550,1200,350,0.7741935483870968,19,12,7,331.1528743190174,0.4456541814420804,0.20471104693620168,0.16190054352052438,124059.31614543949,-1319.4182378448008,122739.89790759468,907,4,212.4375,41,7,14,42.69484830379075,0.5513211382113821,50.94246031746031,996.2301587301573,24.29829655439408,8
929,4,3,0,51,0.058823529411764705,0.0,1.0,51,1150,800,350,0.6956521739130435,15,8,7,316.41989975827005,0.4506045751633987,0.23016686289044874,0.15750938921546376,124814.88340192057,-2301.2174211248202,122513.66598079575,908,0,200.88235294117646,44,7,16,42.28054731900171,0.5549242424242424,50.18518518518519,999.2592592592603,22.710437710437734,0
930,4,5,2,54,0.08928571428571429,0.03571428571428571,0.9642857142857143,56,1350,900,450,0.6666666666666666,18,9,9,305.275737792894,0.4568722943722943,0.2818911051669668,0.1560489187167404,125915.78686108819,-3512.0558790304394,122403.73098205775,909,0,183.85714285714286,48,8,18,41.42608517608518,0.5614149305555556,49.085884353741505,1003.6564625850358,20.909509637188247,0
931,4,3,3,54,0.05263157894736842,0.05263157894736842,0.9473684210526316,57,1500,1300,200,0.8666666666666667,17,13,4,321.609519943846,0.46095708020050125,0.28318584070796504,0.166640796138709,126472.11192177467,-3055.5519701924745,123416.5599515822,910,0,179.4561403508772,43,14,15,40.444753028306046,0.5731589147286822,48.532196969696976,1005.871212121213,23.39235377026077,8
932,4,0,3,51,0.0,0.05555555555555555,0.9444444444444444,54,2300,1800,500,0.782608695652174,28,18,10,333.8983298041772,0.45787473794549266,0.2911841720356456,0.1731534695318167,126506.44961991484,-2351.9415524908213,124154.50806742402,911,1,190.35185185185185,42,12,15,40.100454311950166,0.5749007936507937,48.49806201550388,1006.0077519379859,23.952565522332996,0
933,4,2,1,52,0.03773584905660377,0.018867924528301886,0.9811320754716981,53,1550,1100,450,0.7096774193548387,20,11,9,341.21483275166963,0.4561562651185293,0.30925457899400133,0.17800725612225654,126750.27041644129,-1950.185535725019,124800.08488071627,912,0,194.50943396226415,42,11,17,39.6659289196818,0.5773809523809523,48.25581395348837,1006.9767441860463,23.975636766334436,0
934,4,0,1,51,0.0,0.019230769230769232,0.9807692307692307,52,1800,1400,400,0.7777777777777778,22,14,8,344.20503710451004,0.45600804424333835,0.30673039052322304,0.18019311117697925,126892.02648652029,-1664.625062988184,125227.40142353211,913,1,198.75,41,11,18,39.44507351975844,0.5802845528455285,48.11507936507935,1007.5396825396805,24.57413859852879,0
935,4,1,1,51,0.019230769230769232,0.019230769230769232,0.9807692307692307,52,2050,1500,550,0.7317073170731707,26,15,11,326.7727604768389,0.45657365510306686,0.1812324114894328,0.1685211312582051,126279.29823133675,-2058.3975086707237,124220.90072266603,914,0,197.8846153846154,39,13,15,40.51294175562235,0.577190170940171,48.72395833333333,1005.1041666666662,25.771901709401696,8
936,4,1,1,51,0.019230769230769232,0.019230769230769232,0.9807692307692307,52,1150,700,450,0.6086956521739131,16,7,9,320.32037547189094,0.4575870412267471,0.19431235431235483,0.16620396840522633,126529.03777513381,-2294.034222354415,124235.0035527794,915,0,198.48076923076923,40,12,16,40.41877104377106,0.578125,48.47560975609756,1006.0975609756094,25.152439024390237,0
937,4,3,1,53,0.05555555555555555,0.018518518518518517,0.9814814814814815,54,2150,1500,650,0.6976744186046512,28,15,13,311.83199543936894,0.4584134055439087,0.22272313610327266,0.16468946062299522,127249.61480034741,-2860.15073105664,124389.46406929077,916,0,192.0185185185185,39,15,19,39.89477940670384,0.5870726495726496,47.76041666666668,1008.9583333333348,25.870726495726533,0
938,4,1,3,51,0.018518518518518517,0.05555555555555555,0.9444444444444444,54,1350,900,450,0.6666666666666666,18,9,9,310.8633900929771,0.4597673538318192,0.22470316315308758,0.16489203313260706,127425.26898877996,-2877.629779727661,124547.6392090523,917,0,192.88888888888889,40,14,15,39.73976681764804,0.5872395833333333,47.586382113821145,1009.6544715447166,25.241361788617915,0
939,4,2,2,51,0.03773584905660377,0.03773584905660377,0.9622641509433962,53,1200,700,500,0.5833333333333334,17,7,10,316.67611860498243,0.4577437106918239,0.23093202601908347,0.16779159460912452,127381.02349175354,-2532.294379340272,124848.72911241328,918,0,197.33962264150944,39,14,15,39.638259725518516,0.5884081196581197,47.630208333333336,1009.4791666666673,25.884081196581214,0
940,4,4,3,52,0.07272727272727272,0.05454545454545454,0.9454545454545454,55,1850,1300,550,0.7027027027027027,24,13,11,308.53105726428186,0.4593574635241302,0.23599272441955876,0.1655675084140322,127893.53820231768,-3108.1742882338417,124785.36391408383,919,0,191.0909090909091,41,14,16,39.32097554596574,0.5904471544715447,47.12301587301586,1011.5079365079341,24.67092528068132,0
941,4,1,2,51,0.018867924528301886,0.03773584905660377,0.9622641509433962,53,850,700,150,0.8235294117647058,10,7,3,323.5392218517935,0.45701802128688923,0.2460181328105855,0.17266103027536325,127670.36132812513,-2338.7261284722094,125331.63519965293,920,0,199.28301886792454,39,14,17,39.16932934790077,0.5913461538461539,47.34375000000001,1010.625000000001,25.913461538461565,0
942,4,1,2,50,0.019230769230769232,0.038461538461538464,0.9615384615384616,52,1750,1200,550,0.6857142857142857,23,12,11,327.8441662596435,0.45523032931121166,0.24320148331273206,0.17564631159208735,127828.32031250013,-2018.4461805555418,125809.87413194458,921,0,193.19230769230768,39,13,18,38.89918967174838,0.592948717948718,47.18750000000001,1011.250000000001,25.929487179487207,0
943,4,2,2,50,0.038461538461538464,0.038461538461538464,0.9615384615384616,52,1350,1000,350,0.7407407407407407,17,10,7,352.2893192997076,0.4574613499245852,0.33016938586221056,0.18020542632327816,125944.23678036031,-1431.3162359851324,124512.92054437519,922,0,191.98076923076923,41,11,16,40.21710482967648,0.5706300813008129,49.057539682539684,1003.7698412698414,24.482191250483936,8
944,4,0,1,49,0.0,0.02,0.98,50,1250,600,650,0.48,19,6,13,360.3895273193397,0.4574404761904762,0.3304931645569622,0.18411001460312892,125890.80909387609,-926.0541633617429,124964.75493051435,923,1,199.78,40,10,16,40.068987341772164,0.5716145833333333,49.11077235772358,1003.5569105691064,25.08892276422766,0
945,4,2,2,49,0.0392156862745098,0.0392156862745098,0.9607843137254902,51,1600,1000,600,0.625,22,10,12,347.9187839108529,0.4605392156862745,0.31793407834627296,0.1801430353058336,126442.63058232536,-1401.6467466616414,125040.98383566372,924,0,194.86274509803923,41,10,16,39.813490497797076,0.5757113821138211,48.56150793650793,1005.753968253967,24.53058459156017,0
946,4,2,2,49,0.0392156862745098,0.0392156862745098,0.9607843137254902,51,1350,1000,350,0.7407407407407407,17,10,7,347.0334580520274,0.4602614379084968,0.3225585829957165,0.18089586881201977,126717.16668438207,-1404.980690192748,125312.18599418932,925,0,182.64705882352942,41,10,18,39.553465858705295,0.5785060975609756,48.288690476190474,1006.845238095238,24.557200929152145,0
947,4,2,2,49,0.0392156862745098,0.0392156862745098,0.9607843137254902,51,1450,800,650,0.5517241379310345,21,8,13,340.74159104114494,0.4623529411764706,0.3292953075355385,0.17452343276613763,125997.35189471874,-1613.4923696845062,124383.85952503423,926,0,180.90196078431373,44,7,17,40.45217344523347,0.5669981060606061,49.004629629629626,1003.9814814814811,22.817760942760934,8
948,4,2,1,50,0.0392156862745098,0.0196078431372549,0.9803921568627451,51,1550,1300,250,0.8387096774193549,18,13,5,336.4160004638339,0.46388888888888885,0.33303917698149155,0.17355228700099623,126293.0091017889,-1702.5764781221098,124590.4326236668,927,0,180.13725490196077,41,10,17,40.25653046453482,0.5741869918699187,48.71031746031746,1005.1587301587306,24.51606658923733,0
949,4,2,1,51,0.038461538461538464,0.019230769230769232,0.9807692307692307,52,1550,900,650,0.5806451612903226,22,9,13,338.2024980183395,0.4663225867269985,0.3482914020341137,0.17646935053616428,126758.0322041439,-1826.0233729338672,124932.00883121004,928,0,177.57692307692307,43,9,19,39.73379411949095,0.5760658914728682,48.24810606060607,1007.0075757575773,23.418780831571567,0
950,4,1,0,52,0.019230769230769232,0.0,1.0,52,1450,1000,450,0.6896551724137931,19,10,9,340.50966157695524,0.46608691553544496,0.361272442079827,0.17882916958940273,127022.00038580268,-1749.5563271604742,125272.4440586422,929,0,178.40384615384616,44,8,20,39.404794709286314,0.5774147727272727,47.98611111111112,1008.0555555555572,22.910353535353575,0
951,4,2,2,52,0.037037037037037035,0.037037037037037035,0.962962962962963,54,1450,900,550,0.6206896551724138,20,9,11,330.28744095345934,0.4689902166317261,0.3713848346677724,0.17614177348439436,127642.79120212885,-2368.1413769211513,125274.6498252077,930,0,172.75925925925927,41,13,17,39.02701420250016,0.5879065040650406,47.37103174603174,1010.5158730158719,24.646728610143217,0
952,4,1,1,52,0.018867924528301886,0.018867924528301886,0.9811320754716981,53,1450,900,550,0.6206896551724138,20,9,11,335.6724684382407,0.4676765844218675,0.3739737441442781,0.17945972997826193,127743.06047650531,-2024.0343127992046,125719.0261637061,931,0,176.83018867924528,41,12,18,38.78843637553155,0.5889227642276422,47.27182539682539,1010.9126984126975,24.656407278358476,0
953,4,0,0,52,0.0,0.0,1.0,52,1300,900,400,0.6923076923076923,17,9,8,340.47538779774214,0.46661324786324787,0.3709567817341679,0.1818010089561526,127692.92091836713,-1704.7406462585209,125988.18027210861,932,1,181.0,41,11,18,38.71834511189635,0.5884146341463414,47.32142857142856,1010.714285714284,24.65156794425083,0
954,4,1,1,52,0.018867924528301886,0.018867924528301886,0.9811320754716981,53,1350,900,450,0.6666666666666666,18,9,9,336.77348937909744,0.4670567247218191,0.370900535934344,0.18108078146738066,127972.89544648751,-1980.4242909080028,125992.47115557951,933,0,178.56603773584905,42,11,19,38.525705484262275,0.589781746031746,47.04457364341085,1011.821705426356,24.09099298634181,0
955,4,1,4,49,0.018867924528301886,0.07547169811320754,0.9245283018867925,53,1450,800,650,0.5517241379310345,21,8,13,336.90917869753207,0.4671927914852443,0.36590303427902593,0.18205081301382522,128170.8997938371,-1963.264420860435,126207.63537297667,934,0,179.41509433962264,39,14,21,38.32006737989919,0.5964209401709402,46.84895833333335,1012.604166666669,25.96420940170946,0
956,4,0,0,49,0.0,0.0,1.0,49,1650,1100,550,0.6666666666666666,22,11,11,344.7892433434049,0.4665532879818594,0.34115329620334167,0.18606949911789808,128119.42087309479,-965.1603639140668,127154.26050918072,935,1,187.6326530612245,41,8,22,38.17317899722358,0.5927337398373984,46.899801587301596,1012.4007936507951,24.692702284165733,0
957,4,2,3,48,0.0392156862745098,0.058823529411764705,0.9411764705882353,51,1550,800,750,0.5161290322580645,23,8,15,331.89120220558016,0.4663235294117647,0.34375000000000044,0.1816667633125283,128685.30636525892,-1658.088411423363,127027.21795383556,936,0,181.23529411764707,40,11,18,37.92275974893163,0.6,46.341463414634156,1014.6341463414645,25.365853658536615,0
958,4,0,2,46,0.0,0.041666666666666664,0.9583333333333334,48,1100,600,500,0.5454545454545454,16,6,10,344.2429129220805,0.46667220744680854,0.33338600927096596,0.1877904442216312,128550.50131492416,-749.4801939513711,127801.02112097279,937,1,190.91666666666666,38,10,19,37.74691845764855,0.6019736842105263,46.474358974358964,1014.1025641025622,26.686909581646372,0
959,4,1,0,47,0.02127659574468085,0.0,1.0,47,1600,1200,400,0.75,20,12,8,352.3571152706946,0.46519426456984275,0.3466503613527281,0.19321193477165555,128755.86718990438,-326.39081255773806,128429.47637734664,938,0,195.29787234042553,37,10,21,37.3316407375396,0.6058558558558558,46.27192982456139,1014.9122807017528,27.430061640587915,0
960,4,0,1,46,0.0,0.02127659574468085,0.9787234042553191,47,1150,800,350,0.6956521739130435,15,8,7,353.2042301568322,0.4650979031760715,0.35490383083480515,0.19443184866171384,128910.32036675328,-293.66590711807635,128616.6544596352,939,1,196.29787234042553,39,8,21,37.15263531302355,0.6038995726495726,46.11979166666666,1015.5208333333318,26.03899572649569,0
961,4,2,0,48,0.041666666666666664,0.0,1.0,48,1500,1100,400,0.7333333333333333,19,11,8,342.07514826698167,0.4651023197399527,0.3592801868139355,0.19200980480795346,129678.39084201399,-727.3925781249951,128950.99826388899,940,0,192.41666666666666,39,9,20,36.65413854230585,0.6116452991452992,45.364583333333336,1018.5416666666675,26.116452991453013,0
962,4,0,0,48,0.0,0.0,1.0,48,1250,900,350,0.72,16,9,7,337.5038394491342,0.46476987293144206,0.35110012266176005,0.1900863593166886,129811.04736328125,-837.6546223958337,128973.39274088542,941,1,193.41666666666666,39,9,21,36.635937340284165,0.6129807692307692,45.234375,1019.0625,26.129807692307693,0
963,4,0,1,47,0.0,0.020833333333333332,0.9791666666666666,48,1050,400,650,0.38095238095238093,17,4,13,336.9030290768797,0.46476063829787234,0.3490980323727859,0.18992695214232858,129847.94439693629,-850.7668426531889,128997.1775542831,942,2,194.41666666666666,40,8,22,36.61381992222554,0.61171875,45.198170731707314,1019.2073170731702,25.480182926829254,0
964,4,2,0,49,0.04081632653061224,0.0,1.0,49,1550,1000,550,0.6451612903225806,21,10,11,329.16271046492693,0.4662521258503401,0.34089280509798714,0.18795170585897386,130346.55044100105,-1216.3113025390453,129130.239138462,943,0,188.71428571428572,37,12,24,36.30621622105301,0.6219031531531531,44.709429824561404,1021.1622807017541,27.598980559506867,0
965,4,0,1,48,0.0,0.02040816326530612,0.9795918367346939,49,850,400,450,0.47058823529411764,13,4,9,329.8802542143687,0.46589781746031744,0.3439244310863039,0.1887693150037505,130430.5411280394,-1194.7079870729403,129235.83314096647,944,1,189.71428571428572,37,12,24,36.20294833261772,0.6227477477477478,44.627192982456144,1021.4912280701755,27.60787102892366,0
966,4,1,2,47,0.02040816326530612,0.04081632653061224,0.9591836734693877,49,750,200,550,0.26666666666666666,13,2,11,328.8245415900409,0.46690759637188206,0.3471510186577038,0.1896689238967417,130738.73842191834,-1201.9788540704812,129536.75956784787,945,0,187.75510204081633,37,12,15,35.91845806082698,0.6258445945945945,44.32565789473684,1022.6973684210532,27.64046941678522,0
967,4,0,0,47,0.0,0.0,1.0,47,1700,1200,500,0.7058823529411765,22,12,10,340.7375027510265,0.4645390070921986,0.35197467909266744,0.19558461970054175,130550.14209733382,-503.33411959256216,130046.80797774126,946,1,196.6595744680851,36,11,15,35.80463728191002,0.6258680555555556,44.51013513513514,1021.9594594594595,28.387762762762762,0
968,4,1,0,48,0.020833333333333332,0.0,1.0,48,1100,800,300,0.7272727272727273,14,8,6,331.3341499339782,0.4646590573286052,0.35105015002143136,0.19181205255483152,130878.94833025543,-927.0669821483566,129951.88134810707,947,0,193.54166666666666,37,11,16,35.71269109872839,0.6272522522522522,44.18859649122807,1023.2456140350874,27.655286865813174,0
969,4,0,1,47,0.0,0.020833333333333332,0.9791666666666666,48,1550,1300,250,0.8387096774193549,18,13,5,331.4806257352685,0.46449283392434987,0.35422320217096415,0.19236316627314393,130972.46334876528,-917.0331790123618,130055.43016975292,948,1,194.54166666666666,38,10,17,35.6145409317051,0.6263706140350878,44.097222222222214,1023.61111111111,26.937134502923946,0
970,4,0,2,45,0.0,0.0425531914893617,0.9574468085106383,47,1100,700,400,0.6363636363636364,15,7,8,361.6614268904257,0.46353684859697813,0.340031096210206,0.20141024722025053,129368.65790435538,6.238244246110128,129374.89614860149,949,2,198.82978723404256,37,10,15,36.47068333692607,0.6120495495495495,45.668859649122815,1017.3245614035103,27.49525841631109,8
971,4,0,0,45,0.0,0.0,1.0,45,1400,1000,400,0.7142857142857143,18,10,8,374.1870654994089,0.4617003367003367,0.34567114348584926,0.20781337278620785,129260.2304633917,673.5012645747719,129933.73172796647,950,3,207.73333333333332,35,10,17,36.26270961377951,0.6148809523809524,45.77546296296297,1016.8981481481486,29.054232804232818,0
972,4,0,0,45,0.0,0.0,1.0,45,1300,900,400,0.6923076923076923,17,9,8,370.1379188547138,0.46136363636363636,0.3396800806560678,0.20660508787461737,129459.11864144579,583.545750142066,130042.66439158785,951,4,208.73333333333332,36,9,15,36.162904356165384,0.6148726851851851,45.57995495495497,1017.6801801801826,28.26889389389396,0
973,4,0,0,45,0.0,0.0,1.0,45,1400,900,500,0.6428571428571429,19,9,10,370.37534441377323,0.4606691919191919,0.3312983853129836,0.20749280447269774,129602.412801315,600.3076556286247,130202.72045694363,952,5,209.73333333333332,36,9,15,36.01088439135886,0.6163194444444444,45.4391891891892,1018.2432432432446,28.284534534534572,0
974,4,0,0,45,0.0,0.0,1.0,45,1200,700,500,0.5833333333333334,17,7,10,369.993593710815,0.46047979797979793,0.3295462972930947,0.20766589075406405,129675.59880203521,595.8281634733743,130271.42696550858,953,6,210.73333333333332,37,8,15,35.94607869523093,0.6151463963963963,45.36732456140351,1018.5307017543857,27.527856804172586,0
975,4,1,1,45,0.021739130434782608,0.021739130434782608,0.9782608695652174,46,1400,800,600,0.5714285714285714,20,8,12,362.6096889894055,0.4611413043478261,0.33230464390643855,0.20516357329009346,129990.0710082001,227.13184399884142,130217.20285219894,954,0,207.1304347826087,38,8,16,35.81434433385716,0.6165021929824561,45.05876068376069,1019.764957264958,26.83591992802521,0
976,4,0,1,44,0.0,0.022222222222222223,0.9777777777777777,45,1500,1200,300,0.8,18,12,6,366.5333808831331,0.46014309764309763,0.34234789568624646,0.20749403381582604,130010.85820877584,530.6638821560557,130541.5220909319,955,1,212.15555555555557,37,8,16,35.693182632691816,0.6185247747747749,45.03837719298246,1019.8464912280707,27.56341868183975,0
977,4,0,2,42,0.0,0.045454545454545456,0.9545454545454546,44,1550,1200,350,0.7741935483870968,19,12,7,369.32069265927646,0.45967670894996476,0.3438927592508001,0.20998519382627429,130180.80210387894,815.6928007889495,130996.4949046679,956,2,216.72727272727272,38,6,18,35.44938232830821,0.618421052631579,44.87179487179487,1020.5128205128199,26.85560053981105,0
978,4,1,0,43,0.023255813953488372,0.0,1.0,43,1300,900,400,0.6923076923076923,17,9,8,358.8146523157388,0.45844868955334067,0.31800822671612305,0.2063682297063315,130626.62459843421,774.2007419271999,131400.82534036142,957,0,216.74418604651163,37,6,15,35.265271371876,0.6247184684684685,44.43530701754386,1022.2587719298251,27.62861545756284,0
979,4,0,2,41,0.0,0.046511627906976744,0.9534883720930233,43,1150,600,550,0.5217391304347826,17,6,11,357.4481811843683,0.45803340716131413,0.3150370970758769,0.2058804378964938,130682.67549871115,742.4569338642616,131425.13243257542,958,1,217.74418604651163,37,6,15,35.24340929401251,0.6252815315315315,44.38048245614035,1022.4780701754387,27.63454243717402,0
980,4,1,0,42,0.023809523809523808,0.0,1.0,42,1400,1100,300,0.7857142857142857,17,11,6,368.27057263530713,0.45735336817653893,0.3162141756063801,0.21249258835285018,130751.61944038642,1230.3947528609817,131982.0141932474,959,0,221.02380952380952,36,6,16,34.89686559494972,0.6278935185185186,44.31306306306307,1022.7477477477485,28.40965965965968,0
981,4,0,0,42,0.0,0.0,1.0,42,850,500,350,0.5882352941176471,12,5,7,367.74870536627304,0.45688153310104535,0.3200318648260536,0.21282577942407374,130866.81909950495,1225.2206598490438,132092.039759354,960,1,222.02380952380952,36,6,16,34.79345513243819,0.6290509259259259,44.200450450450454,1023.1981981981986,28.422172172172182,0
982,4,0,0,42,0.0,0.0,1.0,42,1150,900,250,0.782608695652174,14,9,5,363.26581717451563,0.45636130468447544,0.26207518796992546,0.19925088124468213,128767.28121119131,955.350326904801,129722.6315380961,961,2,223.02380952380952,38,4,15,37.04320175438596,0.6041666666666667,46.260683760683754,1014.9572649572636,26.709401709401675,8
983,4,1,1,42,0.023255813953488372,0.023255813953488372,0.9767441860465116,43,1600,1200,400,0.75,20,12,8,353.17485156810733,0.45722591362126247,0.24591050909186207,0.19545814105218517,129121.97401258687,520.5268012152819,129642.50081380215,962,0,218.8139534883721,39,4,17,36.93769003450514,0.6060363247863247,45.911458333333336,1016.3541666666672,26.06036324786326,0
984,4,0,0,42,0.0,0.0,1.0,42,1150,800,350,0.6956521739130435,15,8,7,357.6228648076297,0.4560709446380178,0.24567793682502992,0.19763806317172353,129065.65176647292,831.3656265979818,129897.0173930709,963,1,224.66666666666666,38,4,17,36.882075141064725,0.6071820175438596,45.966880341880334,1016.1324786324774,26.740328385065194,0
985,4,0,0,42,0.0,0.0,1.0,42,800,600,200,0.75,10,6,4,359.4161204034692,0.455744289585753,0.2473347547974416,0.19903870602552984,129147.08547921675,883.5088848710488,130030.5943640878,964,2,225.66666666666666,38,4,18,36.75351236773878,0.6080043859649122,45.88675213675213,1016.4529914529903,26.74876293297343,0
986,4,0,0,42,0.0,0.0,1.0,42,1350,800,550,0.5925925925925926,19,8,11,355.9717699239651,0.45586527293844364,0.24609855017430604,0.19754573513481752,129230.01284646134,800.4701085987895,130030.48295506013,965,3,226.66666666666666,36,6,18,36.75656218850369,0.6125578703703703,45.80518018018018,1016.7792792792793,28.24386886886887,0
987,4,0,0,42,0.0,0.0,1.0,42,1050,600,450,0.5714285714285714,15,6,9,354.0347945334909,0.45539343786295006,0.24727262181586163,0.19675619873427425,129287.27027280664,754.438433365802,130041.70870617245,966,4,227.66666666666666,36,6,19,36.747499354076695,0.6131365740740741,45.748873873873876,1017.0045045045049,28.250125125125138,0
988,4,0,0,42,0.0,0.0,1.0,42,1550,1000,550,0.6451612903225806,21,10,11,348.9546608377841,0.4545949477351916,0.24078576814761288,0.19502384807689005,129508.13140822148,638.4932142582019,130146.62462247968,967,5,228.66666666666666,37,5,14,36.65201174189377,0.6134572072072072,45.53179824561402,1017.8728070175416,27.510075865338962,0
989,4,0,0,42,0.0,0.0,1.0,42,1050,800,250,0.7619047619047619,13,8,5,361.95909353018226,0.4548248161053039,0.2936629435809317,0.18399754921253547,125686.24630896027,730.5437730840029,126416.79008204427,968,6,229.66666666666666,37,5,17,40.24091033351557,0.5746058558558558,49.31469298245613,1002.741228070174,27.101114272166864,7
990,4,2,0,44,0.045454545454545456,0.0,1.0,44,1050,900,150,0.8571428571428571,12,9,3,353.99765777018354,0.4571551268498943,0.3082359192348565,0.1828275499241179,126339.03704616848,145.25260865491154,126484.2896548234,969,0,220.1818181818182,38,6,16,39.76731314204746,0.5794956140350878,48.664529914529915,1005.3418803418805,26.45636527215475,0
991,4,2,1,45,0.043478260869565216,0.021739130434782608,0.9782608695652174,46,1200,1000,200,0.8333333333333334,14,10,4,343.0851598140421,0.4601851851851852,0.316167861606262,0.17969832855553244,126912.74957242711,-491.6238061008669,126421.12576632625,970,0,211.56521739130434,40,6,18,39.45200874096486,0.58203125,48.09451219512195,1007.6219512195121,25.190548780487802,0
992,4,0,0,45,0.0,0.0,1.0,45,1200,800,400,0.6666666666666666,16,8,8,352.4751855710129,0.4598695286195286,0.31693657684974696,0.18471532747638,126934.51063368047,-51.74696180555972,126882.76367187491,971,1,216.33333333333334,39,6,18,39.19311212183863,0.5838675213675213,48.072916666666664,1007.7083333333327,25.8386752136752,0
993,4,3,4,44,0.0625,0.08333333333333333,0.9166666666666666,48,1550,1100,450,0.7096774193548387,20,11,9,332.3205089334977,0.46365248226950356,0.3093166821321789,0.1770003633248761,127591.41845703124,-1119.4580078125002,126471.96044921874,972,0,203.75,39,9,17,39.02818589545313,0.5905448717948718,47.421875,1010.3124999999999,25.905448717948715,0
994,4,2,3,43,0.043478260869565216,0.06521739130434782,0.9347826086956522,46,1500,1000,500,0.6666666666666666,20,10,10,341.3346558409107,0.46143317230273756,0.31634642708811445,0.1822100457508244,127681.91599122553,-483.54742960538783,127198.36856162014,973,0,211.97826086956522,40,6,18,38.707893413775764,0.58984375,47.332317073170735,1010.6707317073176,25.26676829268294,0
995,4,2,1,44,0.044444444444444446,0.022222222222222223,0.9777777777777777,45,1500,1000,500,0.6666666666666666,20,10,10,337.39045298548155,0.4627104377104377,0.3077534436184233,0.18114264126307875,127913.11905115994,-368.6669641086712,127544.45208705126,974,0,214.95555555555555,40,5,20,38.571177416114125,0.5921875,47.103658536585364,1011.5853658536579,25.28963414634145,0
996,4,0,0,44,0.0,0.0,1.0,44,950,400,550,0.42105263157894735,15,4,11,344.48160705454666,0.46151559196617337,0.311673596284227,0.18456001331597888,127828.32031249997,6.90104166666498,127835.22135416664,975,1,220.75,39,5,21,38.47857437165224,0.592948717948718,47.1875,1011.2499999999998,25.929487179487175,0
997,4,0,1,43,0.0,0.022727272727272728,0.9772727272727273,44,1550,1100,450,0.7096774193548387,20,11,9,351.27484306333156,0.4613834566596195,0.3146844149160155,0.18906565652965476,128012.72922092032,193.5302734375194,128206.25949435783,976,2,221.75,39,5,21,38.11813775947848,0.5948183760683761,47.00520833333334,1011.9791666666681,25.948183760683797,0
998,4,0,0,43,0.0,0.0,1.0,43,1350,800,550,0.5925925925925926,19,8,11,355.02799315987426,0.46087117017349577,0.3004421525476648,0.1919811794393794,128200.04712988617,503.0567247855146,128703.10385467169,977,3,205.4418604651163,37,6,21,37.831582936336076,0.6002252252252251,46.82017543859649,1012.7192982456144,27.370791844476063,0
999,4,0,0,43,0.0,0.0,1.0,43,1350,1100,250,0.8148148148148148,16,11,5,353.79335736130656,0.4608250276854928,0.3004402469813252,0.19171242396839355,128283.34349270926,477.15895756386044,128760.50245027312,978,4,206.4418604651163,37,6,22,37.77769509687194,0.6010698198198199,46.737938596491226,1013.0482456140348,27.379682313892832,0
1000,4,2,1,44,0.044444444444444446,0.022222222222222223,0.9777777777777777,45,750,300,450,0.4,12,3,9,347.63445101906643,0.4617003367003367,0.32205128205128175,0.19149355352745187,128936.76757812501,-35.427517361109324,128901.3400607639,979,0,198.22222222222223,39,6,19,37.26709401709401,0.6041666666666667,46.09375,1015.6250000000001,26.041666666666668,0
1001,4,1,0,45,0.022222222222222223,0.0,1.0,45,1350,700,650,0.5185185185185185,20,7,13,346.11595752390366,0.4616161616161616,0.3300786899434027,0.19155152566992203,129121.9740125867,-61.76486545139784,129060.20914713529,980,0,199.04444444444445,39,6,21,37.11704844385229,0.6060363247863247,45.91145833333333,1016.3541666666657,26.060363247863222,0
1002,4,2,4,43,0.0425531914893617,0.0851063829787234,0.9148936170212766,47,1100,700,400,0.6363636363636364,15,7,8,333.3082248385147,0.46164816527906255,0.3261711949000452,0.1868878823035718,129636.22708013731,-758.1626132438739,128878.06446689344,981,0,191.53191489361703,38,9,16,36.92015491677157,0.6129385964912281,45.4059829059829,1018.3760683760681,26.799370220422844,0
1003,4,0,1,42,0.0,0.023255813953488372,0.9767441860465116,43,1400,1200,200,0.8571428571428571,16,12,4,357.85554505091034,0.45676448874123293,0.3411887394047317,0.19859936389082697,129231.64859693882,649.2524092970577,129880.90100623587,982,1,209.06976744186048,34,9,22,36.70701127892908,0.6167279411764706,45.80357142857143,1016.7857142857147,29.90546218487396,0
1004,4,0,0,42,0.0,0.0,1.0,42,1050,400,650,0.38095238095238093,17,4,13,363.15921149298254,0.4565548780487805,0.32790812432937977,0.20186592740658152,129294.84941188474,990.923112504792,130285.77252438954,983,2,213.04761904761904,33,9,23,36.50778708278106,0.6196338383838385,45.741421568627445,1017.0343137254894,30.81922162804513,0
1005,4,1,1,42,0.023255813953488372,0.023255813953488372,0.9767441860465116,43,1400,1000,400,0.7142857142857143,18,10,8,354.7130831853982,0.45704134366925064,0.328299783888111,0.1989882246984315,129655.65653344667,598.111536281174,130253.76806972784,984,0,209.06976744186048,34,9,20,36.35544515877653,0.6210171568627452,45.38690476190476,1018.4523809523806,29.954481792717075,0
1006,4,0,1,41,0.0,0.023809523809523808,0.9761904761904762,42,1550,1200,350,0.7741935483870968,19,12,7,345.8479959683607,0.4568452380952381,0.2670981232960101,0.18729095266317938,128258.57688347156,573.0151328245206,128831.59201629608,985,1,209.47619047619048,36,6,20,38.004215304798954,0.6027199074074074,46.7623873873874,1012.9504504504524,28.13751251251257,8
1007,4,0,1,40,0.0,0.024390243902439025,0.975609756097561,41,1750,1400,350,0.8,21,14,7,349.776207755001,0.45510670731707314,0.27084424338989876,0.1899901039145649,128379.0134173524,780.7848936899725,129159.79831104237,986,2,215.1951219512195,35,6,17,37.78171158824426,0.605952380952381,46.64351851851851,1013.4259259259247,28.95502645502642,0
1008,4,0,0,40,0.0,0.0,1.0,40,1600,1100,500,0.6875,21,11,10,356.008859704551,0.45544871794871794,0.26505167958656317,0.1935542421152328,128415.8801020408,1143.438208616774,129559.31831065757,987,3,216.55,34,6,17,37.58613264427217,0.6084558823529411,46.607142857142854,1013.5714285714284,29.810924369747895,0
1009,4,1,0,41,0.024390243902439025,0.0,1.0,41,1350,900,450,0.6666666666666666,18,9,9,349.98414073633194,0.45622459349593497,0.2686065578206265,0.19212893085245397,128800.98637488835,815.6605084814548,129616.6468833698,988,0,212.2439024390244,36,5,19,37.34584165372385,0.6082175925925926,46.22747747747748,1015.0900900900897,28.196946946946937,0
1010,4,1,1,41,0.023809523809523808,0.023809523809523808,0.9761904761904762,42,1200,900,300,0.75,15,9,6,345.00134372480494,0.45549022454510263,0.27498048399687725,0.19131892697466465,129201.38888888895,516.7947508319172,129718.18363972087,989,0,208.16666666666666,34,8,20,37.06454918032787,0.616421568627451,45.833333333333336,1016.6666666666672,29.90196078431374,0
1011,4,0,0,41,0.0,0.0,1.0,41,900,600,300,0.6666666666666666,12,6,6,350.06702968600695,0.45416666666666666,0.28152568759730157,0.19356647523814507,129086.9247626005,837.8152645889229,129924.74002718941,990,1,214.1219512195122,36,5,20,37.05235113770686,0.6111111111111112,45.94594594594595,1016.2162162162166,28.22822822822824,0
1012,4,0,0,41,0.0,0.0,1.0,41,700,600,100,0.8571428571428571,8,6,2,350.1449910941937,0.45391260162601627,0.2818968568549092,0.19403062213672753,129172.7681017168,845.8395473176124,130018.60764903441,991,2,215.1219512195122,36,5,20,36.9629537313984,0.6119791666666667,45.8614864864865,1016.5540540540559,28.237612612612665,0
1013,4,0,0,41,0.0,0.0,1.0,41,1550,1100,450,0.7096774193548387,20,11,9,347.9325670062564,0.4535569105691057,0.2794300282930251,0.19338893428330836,129292.1786422903,796.998262568971,130089.17690485927,992,3,216.1219512195122,34,7,21,36.89765500019508,0.6173406862745099,45.74404761904762,1017.0238095238099,29.912464985994408,0
1014,4,1,1,41,0.023809523809523808,0.023809523809523808,0.9761904761904762,42,650,500,150,0.7692307692307693,8,5,3,339.28539792667794,0.4536875725900116,0.2760113025544424,0.18998686477154608,129584.09857521014,393.198490012015,129977.29706522216,993,0,211.95238095238096,35,7,16,36.820909590390656,0.6181547619047619,45.45717592592593,1018.171296296297,29.090608465608486,0
1015,4,0,0,41,0.0,0.0,1.0,41,1150,900,250,0.782608695652174,14,9,5,344.77982491527104,0.4536331300813008,0.2780579068653175,0.19296839415414904,129564.73922902491,734.26162131519,130299.0008503401,994,1,217.29268292682926,34,7,18,36.700723027751806,0.6200980392156863,45.476190476190474,1018.0952380952378,29.943977591036408,0
1016,4,1,0,42,0.023809523809523808,0.0,1.0,42,1300,900,400,0.6923076923076923,17,9,8,336.5878642094053,0.4552845528455285,0.273174134518672,0.1897562568647904,129849.38298396782,341.14529749657265,130190.5282814644,995,0,213.0952380952381,35,7,19,36.620391399803154,0.6208333333333333,45.19675925925926,1019.2129629629635,29.120370370370384,0
1017,4,1,0,43,0.023255813953488372,0.0,1.0,43,1250,900,350,0.72,16,9,7,334.69387755102014,0.4556570690291621,0.2769814902705263,0.19069767441860466,130262.58680555568,119.61805555556501,130382.20486111124,996,0,209.11627906976744,37,6,20,36.25,0.6210585585585586,44.79166666666667,1020.8333333333344,27.59009009009012,0
1018,4,3,3,43,0.06521739130434782,0.06521739130434782,0.9347826086956522,46,1100,800,300,0.7272727272727273,14,8,6,320.16802616221753,0.45779991948470206,0.27926897778092274,0.1860988485599313,131034.66932508688,-809.3777126736057,130225.29161241328,997,0,196.41304347826087,39,7,17,35.841324142842616,0.625267094017094,44.036458333333336,1023.8541666666673,26.252670940170958,0
1019,4,1,0,44,0.022727272727272728,0.0,1.0,44,1100,500,600,0.45454545454545453,17,5,12,352.0199018543193,0.4565495066948555,0.2839066843273699,0.193392669868782,128830.99500868037,270.2148437499818,129101.20985243036,998,0,206.0909090909091,39,5,18,37.26357822012448,0.6030982905982907,46.19791666666666,1015.2083333333319,26.03098290598287,8
1020,4,0,1,43,0.0,0.022727272727272728,0.9772727272727273,44,1350,1000,350,0.7407407407407407,17,10,7,349.172375731071,0.45573467230443976,0.27959158946446117,0.19285545599551915,129042.58355034732,211.6210937500072,129254.20464409732,999,1,207.0909090909091,39,5,18,37.120241268539395,0.6052350427350428,45.989583333333336,1016.0416666666675,26.05235042735045,0
1021,4,0,2,41,0.0,0.046511627906976744,0.9534883720930233,43,1000,700,300,0.7,13,7,6,356.830394451931,0.4550110741971207,0.29869866246664745,0.19692978646798676,129011.37689248672,607.0361010665567,129618.41299355327,1000,2,212.7674418604651,38,5,18,36.95753146142252,0.6066337719298245,46.02029914529915,1015.9188034188038,26.734705353126415,0
1022,4,0,0,41,0.0,0.0,1.0,41,1400,1000,400,0.7142857142857143,18,10,8,363.59241500963947,0.4553353658536585,0.28038912819811057,0.2012022743119014,129117.79495854497,1189.2501779393647,130307.04513648433,1001,3,216.1951219512195,37,4,18,36.67725302981262,0.6095157657657657,45.915570175438596,1016.3377192982459,27.4685870080607,0
1023,4,0,1,40,0.0,0.024390243902439025,0.975609756097561,41,1250,900,350,0.72,16,9,7,362.9723619559565,0.4558689024390244,0.2807010912703758,0.20216352144945243,129373.1801903258,1191.8048090800476,130564.98499940585,1002,4,217.1951219512195,36,5,18,36.43273559146927,0.6140046296296297,45.66441441441443,1017.3423423423451,28.259509509509584,0
1024,4,0,1,39,0.0,0.025,0.975,40,1350,1100,250,0.8148148148148148,16,11,5,334.9245876325938,0.455849358974359,0.20170491448365424,0.18136186052461323,128255.57503270234,591.189115881803,128846.76414858415,1003,5,221.85,37,3,20,38.283899834018904,0.6007882882882882,46.76535087719298,1012.9385964912278,27.376718824087238,8
1025,4,0,0,39,0.0,0.0,1.0,39,1050,800,250,0.7619047619047619,13,8,5,346.21794105634433,0.4557186234817814,0.2075976366456791,0.18709084891698602,128173.0379027676,1075.1610563265915,129248.19895909418,1004,6,227.66666666666666,36,3,21,38.082230501186245,0.6018518518518519,46.846846846846844,1012.6126126126123,28.12812812812812,0
1026,4,0,1,38,0.0,0.02564102564102564,0.9743589743589743,39,1100,700,400,0.6363636363636364,15,7,8,347.92879469599677,0.45470647773279355,0.2126390111721821,0.18895662181468154,128372.6732433446,1132.909894691978,129505.58313803659,1005,7,228.66666666666666,36,3,19,37.83499092491758,0.6038773148148149,46.64977477477477,1013.4009009009001,28.150025025025002,0
1027,4,0,2,36,0.0,0.05263157894736842,0.9473684210526316,38,1050,500,550,0.47619047619047616,16,5,11,357.3039380857671,0.45295459933617827,0.2016281711472927,0.1942216378533246,128408.33875868034,1576.1610243055316,129984.49978298588,1006,8,213.92105263157896,35,3,19,37.56102261048304,0.60625,46.61458333333332,1013.5416666666649,28.958333333333282,0
1028,4,1,0,37,0.02702702702702703,0.0,1.0,37,800,500,300,0.625,11,5,6,360.74911955303776,0.45314064064064064,0.22270955784342417,0.19642835691263863,128476.2188208616,1869.5365646258433,130345.75538548744,1007,0,219.9189189189189,34,3,20,37.40434671989981,0.6090686274509804,46.547619047619044,1013.8095238095232,29.81792717086833,0
1029,4,0,0,37,0.0,0.0,1.0,37,1000,600,400,0.6,14,6,8,362.2836673172383,0.45314064064064064,0.2278758044513236,0.19801277288070457,128627.1276218819,1919.9015022675487,130547.02912414944,1008,1,220.9189189189189,34,3,20,37.21125259163634,0.6106004901960784,46.39880952380951,1014.4047619047603,29.835434173669423,0
1030,4,0,0,37,0.0,0.0,1.0,37,1100,800,300,0.7272727272727273,14,8,6,396.3242614754712,0.45264014014014015,0.27358517018459416,0.20307814343176092,126014.78273158865,2598.874772870827,128613.65750445948,1009,2,221.9189189189189,35,2,20,39.039024975984624,0.5818452380952381,48.98726851851852,1004.050925925926,28.687169312169313,8
1031,4,1,1,37,0.02631578947368421,0.02631578947368421,0.9736842105263158,38,1550,900,650,0.5806451612903226,22,9,13,386.52598862339164,0.4555921052631579,0.2650547246326249,0.20023041556585155,126462.58680555566,2176.221975737321,128638.80878129299,1010,0,217.05263157894737,34,4,18,38.82214857774095,0.5885416666666667,48.54166666666667,1005.8333333333343,29.58333333333336,0
1032,4,1,0,38,0.02631578947368421,0.0,1.0,38,1150,700,450,0.6086956521739131,16,7,9,390.13952421062515,0.454910502607871,0.2708033830585683,0.20329081677444633,126702.18431122476,2286.305980725657,128988.49029195041,1011,0,218.02631578947367,34,4,19,38.483898939734345,0.5909926470588236,48.303571428571445,1006.7857142857165,29.611344537815192,0
1033,4,2,0,40,0.05,0.0,1.0,40,1000,800,200,0.8,12,8,4,414.1791767286775,0.45886752136752135,0.3318452016178448,0.20693740985482417,124969.36462238076,2493.4949991025715,127462.85962148334,1012,0,208.075,33,7,17,39.67742676798625,0.5754419191919191,50.030637254901954,999.8774509803917,30.299316696375506,8
1034,4,4,4,40,0.09090909090909091,0.09090909090909091,0.9090909090909091,44,1250,1000,250,0.8,15,10,5,383.77438404986106,0.4660081923890063,0.3190305545077323,0.19678643948088642,126043.83680555574,879.0860185986347,126922.92282415438,1013,0,190.0681818181818,34,10,18,39.32399723374827,0.5842524509803921,48.95833333333334,1004.1666666666681,29.53431372549024,0
1035,4,4,0,44,0.09090909090909091,0.0,1.0,44,1000,600,400,0.6,14,6,8,361.491105719261,0.4657659443269908,0.29343364173166253,0.18036965222976648,124913.2095148534,235.34312307099134,125148.5526379244,1014,0,187.97727272727272,35,9,18,41.05266585620008,0.5705357142857144,50.08680555555556,999.6527777777777,28.561507936507933,8
1036,4,5,2,47,0.10204081632653061,0.04081632653061224,0.9591836734693877,49,1150,900,250,0.782608695652174,14,9,5,328.7397727365719,0.4688208616780045,0.3089690905067104,0.1693387898335265,126231.6515541675,-1495.4031721409647,124736.24838202653,1015,0,169.69387755102042,38,11,20,40.51248316677296,0.5783991228070176,48.771367521367516,1004.9145299145293,26.445119208277088,0
1037,4,2,1,48,0.04081632653061224,0.02040816326530612,0.9795918367346939,49,900,500,400,0.5555555555555556,13,5,8,320.6190340847792,0.4689625850340136,0.2810461676872871,0.16213006676274508,125469.18945312525,-1699.6808069549184,123769.50864617033,1016,0,170.53061224489795,39,10,17,41.50074513065782,0.5689102564102564,49.531250000000014,1001.8750000000019,25.689102564102615,8
1038,4,5,5,48,0.09433962264150944,0.09433962264150944,0.9056603773584906,53,1500,1100,400,0.7333333333333333,19,11,8,294.97942560877334,0.471501572327044,0.30417832271888634,0.15329258675078866,126592.34063995963,-3128.9469462553557,123463.39369370427,1017,0,158.54716981132074,41,12,14,40.99139064143009,0.5772357723577235,48.41269841269841,1006.3492063492058,24.54510259388307,0
1039,4,2,1,49,0.04,0.02,0.98,50,1000,600,400,0.6,14,6,8,313.803232367493,0.4706547619047619,0.31597874601487774,0.16206851902185,126339.03704616835,-2070.880360143193,124268.15668602516,1018,0,168.82,38,12,15,40.77754162238752,0.5794956140350878,48.66452991452991,1005.3418803418795,26.456365272154724,0
1040,4,1,0,50,0.02,0.0,1.0,50,1100,700,400,0.6363636363636364,15,7,8,319.8242980548305,0.47042517006802725,0.3268776550552257,0.16582960300023564,126500.2008912263,-1908.432409233717,124591.76848199258,1019,0,169.8,38,12,16,40.460829085244974,0.581140350877193,48.50427350427349,1005.9829059829041,26.47323436797116,0
1041,4,0,2,48,0.0,0.04,0.96,50,1600,1200,400,0.75,20,12,8,323.59153119120344,0.4701445578231293,0.3328910050719389,0.1681666370542342,126593.58859592004,-1807.0773654513976,124786.51123046865,1020,1,170.8,39,11,16,40.270266190525476,0.5803952991452992,48.41145833333333,1006.3541666666658,25.80395299145297,0
1042,4,3,0,51,0.058823529411764705,0.0,1.0,51,1500,1000,500,0.6666666666666666,20,10,10,331.29428840866603,0.4715359477124183,0.3122037820787169,0.17146905220147274,126426.8127437372,-1760.270148403416,124666.54259533378,1021,0,168.2156862745098,40,11,17,40.24774319590408,0.5770833333333334,48.577235772357724,1005.6910569105692,25.14227642276423,8
1043,4,0,3,48,0.0,0.058823529411764705,0.9411764705882353,51,1750,1300,450,0.7428571428571429,22,13,9,306.64257543239506,0.47165032679738567,0.2036325181758103,0.160687642566434,126932.22869571776,-2415.4348974742716,124516.79379824348,1022,1,169.2156862745098,45,6,14,40.35009363295881,0.5752314814814814,48.07518115942029,1007.6992753623184,22.39331723027374,8
1044,4,2,4,46,0.04,0.08,0.92,50,1050,800,250,0.7619047619047619,13,8,5,322.07835846937667,0.47178571428571425,0.25167758186397937,0.1697624911210072,127168.88018251378,-1807.9291349748119,125360.95104753897,1023,0,173.42,40,10,16,39.71893366918557,0.5846354166666667,47.84044715447155,1008.6382113821144,25.21595528455286,0
1045,4,1,0,47,0.02127659574468085,0.0,1.0,47,1550,1100,450,0.7096774193548387,20,11,9,339.5035082665322,0.4684898242368178,0.27763016449303324,0.17896441214652856,127172.82267011817,-764.8761094674744,126407.9465606507,1024,0,185.0212765957447,38,9,18,39.27550047664441,0.5879934210526316,47.83653846153845,1008.6538461538447,26.54352226720644,0
1046,4,0,2,45,0.0,0.0425531914893617,0.9574468085106383,47,1700,1200,500,0.7058823529411765,22,12,10,340.52735139587924,0.46756475485661425,0.27524551184801904,0.1804292270299323,127381.02349175338,-724.6554904513994,126656.36800130198,1025,1,186.0212765957447,39,8,13,39.03632666047537,0.5884081196581197,47.63020833333333,1009.4791666666658,25.884081196581175,0
1047,4,1,1,45,0.021739130434782608,0.021739130434782608,0.9782608695652174,46,1700,1300,400,0.7647058823529411,21,13,8,348.85531618517956,0.4677536231884058,0.2877789839739471,0.1852460926169836,127469.34125940497,-306.3285302067726,127163.0127291982,1026,0,190.69565217391303,38,8,15,38.73562914374385,0.5910087719298245,47.542735042735025,1009.8290598290566,26.57444894286991,0
1048,4,3,0,48,0.0625,0.0,1.0,48,1700,1100,600,0.6470588235294118,23,11,12,335.76066678281364,0.46727245862884165,0.301549842672558,0.1807299848553111,128015.943097693,-1003.4563173375825,127012.48678035542,1027,0,183.6875,40,8,18,38.50735589475797,0.5932291666666667,47.002032520325194,1011.9918699186978,25.299796747967445,0
1049,4,3,2,49,0.058823529411764705,0.0392156862745098,0.9607843137254902,51,1650,1200,450,0.7272727272727273,21,12,9,317.8060769439145,0.46782679738562094,0.3132700416970948,0.17440918112724288,128788.44024720753,-2013.8565627271942,126774.58368448034,1028,0,173.8235294117647,40,11,16,38.175185222266734,0.6010416666666667,46.23983739837399,1015.0406504065055,25.376016260162636,0
1050,4,0,0,49,0.0,0.0,1.0,49,1550,1300,250,0.8387096774193549,18,13,5,334.33440546860356,0.46658871882086167,0.3182839342415571,0.18250928758559232,128577.58881446772,-1202.4176574256812,127375.17115704203,1029,1,181.89795918367346,38,11,16,37.970522139120064,0.6022478070175439,46.44764957264957,1014.2094017094008,26.689721097615813,0
1051,4,1,2,48,0.02,0.04,0.96,50,1400,1100,300,0.7857142857142857,17,11,6,329.9424672394093,0.46606292517006803,0.3240385601476772,0.18186936111088087,128963.2175021702,-1489.9115668402746,127473.30593532992,1030,0,179.24,39,11,18,37.6894036509076,0.6044337606837606,46.067708333333336,1015.7291666666672,26.04433760683762,0
1052,4,3,2,49,0.058823529411764705,0.0392156862745098,0.9607843137254902,51,1450,1100,350,0.7586206896551724,18,11,7,321.3240253948557,0.46816993464052287,0.331027236012015,0.18036201609132615,129678.39084201398,-1866.0237630208285,127812.36707899315,1031,0,169.31372549019608,39,12,18,37.18253562419035,0.6116452991452992,45.364583333333336,1018.5416666666674,26.11645299145301,0
1053,4,0,0,49,0.0,0.0,1.0,49,1450,800,650,0.5517241379310345,21,8,13,327.48410895832137,0.46758078231292516,0.3205749309059618,0.1837496180517759,129663.42872242288,-1307.4575160713223,128355.97120635155,1032,1,174.81632653061226,38,11,19,37.04084933039617,0.6132127192982456,45.37927350427349,1018.4829059829041,26.802181736392214,0
1054,4,1,0,50,0.02,0.0,1.0,50,1400,900,500,0.6428571428571429,19,9,10,322.0125182457763,0.46700680272108847,0.3259448416751787,0.18222558113445925,129996.88042534703,-1627.8754340278006,128369.00499131923,1033,0,172.3,39,11,20,36.84244126659857,0.6148504273504274,45.05208333333332,1019.791666666665,26.148504273504233,0
1055,4,0,1,49,0.0,0.02,0.98,50,1400,900,500,0.6428571428571429,19,9,10,321.52269360632204,0.46677721088435375,0.31931794976516303,0.18244456901392328,130103.13042534712,-1633.77821180556,128469.35221354156,1034,1,173.3,39,11,21,36.74741338234294,0.6159188034188035,44.947916666666664,1020.2083333333325,26.159188034188013,0
1056,4,0,0,49,0.0,0.0,1.0,49,1900,1400,500,0.7368421052631579,24,14,10,325.72857047342757,0.46527777777777773,0.31534737210523245,0.1850833570973141,130156.27170138883,-1320.8767361111209,128835.39496527771,1035,2,177.08163265306123,39,10,21,36.58636178031848,0.6164529914529915,44.89583333333333,1020.4166666666662,26.1645299145299,0
1057,4,1,2,48,0.02,0.04,0.96,50,1600,1200,400,0.75,20,12,8,318.27820804056176,0.46494047619047624,0.31510672530301376,0.1830541476596025,130626.6245984341,-1684.748191751319,128941.87640668277,1036,0,174.52,37,13,16,36.30123976545459,0.6247184684684685,44.435307017543856,1022.2587719298242,27.628615457562816,0
1058,4,0,1,47,0.0,0.020833333333333332,0.9791666666666666,48,1500,1100,400,0.7333333333333333,19,11,8,322.42925072086587,0.4631999852245863,0.3131436387041411,0.18530736591984653,130598.60365689443,-1178.2380155432397,129420.36564135119,1037,1,181.41666666666666,37,11,18,36.22344990345419,0.6244369369369369,44.46271929824562,1022.1491228070175,27.625651967757232,0
1059,4,0,1,46,0.0,0.02127659574468085,0.9787234042553191,47,1100,700,400,0.6363636363636364,15,7,8,323.75361204190045,0.4625346901017577,0.3070365198024776,0.18633819004189384,130654.64854570641,-940.0171206525015,129714.63142505391,1038,2,183.29787234042553,37,10,18,36.13300800800803,0.625,44.40789473684211,1022.3684210526319,27.63157894736843,0
1060,4,1,0,47,0.02127659574468085,0.0,1.0,47,1650,1200,450,0.7272727272727273,21,12,9,317.8494073874362,0.46239978415047794,0.30654403058253576,0.18475114282738697,131034.66932508696,-1070.1416015624804,129964.52772352447,1039,0,182.04255319148936,39,8,20,35.900672330179425,0.625267094017094,44.03645833333334,1023.8541666666679,26.252670940170972,0
1061,4,1,1,47,0.020833333333333332,0.020833333333333332,0.9791666666666666,48,1350,1000,350,0.7407407407407407,17,10,7,311.26026201080197,0.4630984042553192,0.30490560487752694,0.1824433974632595,131356.2240905856,-1421.8207540421095,129934.40333654349,1040,0,179.22916666666666,37,11,22,35.74569026990408,0.6320382882882882,43.72258771929825,1025.1096491228072,27.705666192508303,0
1062,4,0,1,46,0.0,0.02127659574468085,0.9787234042553191,47,1450,1000,450,0.6896551724137931,19,10,9,313.6360631899003,0.46284304656182546,0.30185089084933425,0.18370112272551314,131328.12500000012,-1162.1527777777642,130165.97222222235,1041,1,183.82978723404256,39,8,23,35.71307588075882,0.6282051282051282,43.75000000000001,1025.000000000001,26.282051282051306,0
1063,4,0,1,45,0.0,0.021739130434782608,0.9782608695652174,46,1550,800,750,0.5161290322580645,23,8,15,319.8604969627837,0.4618357487922706,0.29920635271346896,0.18721638486715242,131301.43364800356,-800.371636284711,130501.06201171885,1042,2,188.19565217391303,39,7,23,35.5804494020395,0.6279380341880342,43.77604166666667,1024.8958333333342,26.279380341880362,0
1064,4,0,0,45,0.0,0.0,1.0,45,900,500,400,0.5555555555555556,13,5,8,322.16413563066897,0.46069023569023565,0.29193853175027584,0.18883463974991377,131356.2240905856,-536.3416958823857,130819.88239470322,1043,3,190.7111111111111,37,8,23,35.46624861839055,0.6320382882882882,43.72258771929825,1025.1096491228072,27.705666192508303,0
1065,4,0,0,45,0.0,0.0,1.0,45,1350,900,450,0.6666666666666666,18,9,9,322.9807774098629,0.45999579124579126,0.2919371824694188,0.19012498123311408,131519.83486969452,-504.32429779386644,131015.51057190065,1044,4,191.7111111111111,38,7,23,35.28061313057666,0.6318530701754386,43.56303418803418,1025.7478632478621,26.993364822312163,0
1066,4,0,0,45,0.0,0.0,1.0,45,2000,1600,400,0.8,24,16,8,324.5278072222977,0.4598484848484849,0.29199805677007484,0.19172288537376303,131656.85609796163,-454.7378369493989,131202.11826101222,1045,5,192.7111111111111,38,7,18,35.10306058713303,0.6332236842105263,43.42948717948717,1026.2820512820495,27.007422402159197,0
1067,4,0,1,44,0.0,0.022222222222222223,0.9777777777777777,45,1150,1000,150,0.8695652173913043,13,10,3,324.5376343594786,0.45942760942760946,0.2900750297691308,0.1924201853071527,131793.94866544288,-445.5807354445335,131348.36792999835,1046,6,193.7111111111111,38,7,18,34.96492734020046,0.6345942982456141,43.29594017094016,1026.816239316238,27.02147998200626,0
1068,4,1,0,45,0.022222222222222223,0.0,1.0,45,2000,1500,500,0.75,25,15,10,319.60573576042754,0.45900673400673403,0.28215692896543976,0.1911823401185102,132130.12695312488,-554.0907118055718,131576.03624131932,1047,0,181.77777777777777,39,6,19,34.75388382303275,0.6362179487179487,42.96874999999999,1028.124999999999,26.362179487179464,0
1069,4,1,1,45,0.021739130434782608,0.021739130434782608,0.9782608695652174,46,1600,1100,500,0.6875,21,11,10,312.13931113985774,0.45922906602254426,0.2779527274860023,0.18859476748932957,132507.98000447432,-927.2675454516544,131580.71245902267,1048,0,178.80434782608697,38,8,21,34.56707654525959,0.6417214912280702,42.60149572649572,1029.5940170940164,27.094579397210957,0
1070,4,0,1,44,0.0,0.022222222222222223,0.9777777777777777,45,1350,1100,250,0.8148148148148148,16,11,5,320.94566688857003,0.4573863636363636,0.2896652937556221,0.19363996919986443,132454.4330947981,-497.86472760853167,131956.56836718955,1049,1,183.6,37,8,23,34.394084647067174,0.6430180180180181,42.65350877192981,1029.3859649122783,27.82124229492644,0
1071,4,0,0,44,0.0,0.0,1.0,44,1250,800,450,0.64,17,8,9,326.90038274549187,0.45686883368569414,0.2887024919949881,0.19739255608053421,132484.9405993832,-138.12444200957222,132346.81615737363,1050,2,187.1818181818182,36,8,23,34.21023845985561,0.6452546296296297,42.623873873873876,1029.504504504505,28.59734734734736,0
1072,4,0,0,44,0.0,0.0,1.0,44,1150,800,350,0.6956521739130435,15,8,7,328.6824476921096,0.45629624735729385,0.28912719320045754,0.19892792747480756,132571.9062601453,-85.18827104130489,132486.71798910399,1051,3,188.1818181818182,36,8,24,34.077136868963,0.6461226851851851,42.539414414414416,1029.8423423423426,28.606731731731738,0
1073,4,0,0,44,0.0,0.0,1.0,44,1350,900,450,0.6666666666666666,18,9,9,332.15219152934174,0.455613548273432,0.291238342123298,0.20227471783553336,132803.95418645005,22.224885358338724,132826.17907180838,1052,4,189.1818181818182,36,8,17,33.75509851050657,0.6484375,42.31418918918919,1030.7432432432438,28.631756756756772,0
1074,4,0,0,44,0.0,0.0,1.0,44,1400,800,600,0.5714285714285714,20,8,12,358.3069144473567,0.45489781536293167,0.3471018082734707,0.20230559631104592,129908.37191358017,509.4135802469058,130417.78549382708,1053,5,190.1818181818182,38,6,18,36.00703905540417,0.6156798245614035,45.138888888888886,1019.4444444444438,26.82748538011694,7
1075,4,1,0,45,0.022222222222222223,0.0,1.0,45,1500,1100,400,0.7333333333333333,19,11,8,351.66727724936464,0.45532407407407405,0.350016857916827,0.2006498011147569,130317.12420784935,166.13590291474992,130483.26011076411,1054,0,186.93333333333334,38,7,19,35.76152732726449,0.6197916666666667,44.738247863247864,1021.0470085470084,26.869658119658116,0
1076,4,0,0,45,0.0,0.0,1.0,45,1750,1000,750,0.5714285714285714,25,10,15,357.3095626793699,0.4547138047138047,0.35683814303638606,0.20487461975212812,130508.09500328744,326.35807034847,130834.45307363592,1055,1,187.93333333333334,38,7,17,35.42385508155584,0.6217105263157895,44.55128205128206,1021.7948717948727,26.88933873144402,0
1077,4,0,0,45,0.0,0.0,1.0,45,1350,900,450,0.6666666666666666,18,9,9,351.33790385206737,0.45433501683501687,0.29004035963106434,0.19990059532452625,130208.06081753585,187.82587752939224,130395.88669506524,1056,2,188.93333333333334,38,7,18,35.880526187236136,0.6186951754385965,44.845085470085465,1020.6196581196571,26.858412055780448,8
1078,4,0,0,45,0.0,0.0,1.0,45,1500,1100,400,0.7333333333333333,19,11,8,348.96023555009265,0.4543771043771044,0.2844728716365239,0.19926772140857918,130348.82010388751,97.33382197430839,130446.15392586181,1057,3,189.93333333333334,36,9,18,35.7985038964858,0.6238425925925926,44.7072072072072,1021.1711711711699,28.365865865865832,0
1079,4,0,2,43,0.0,0.044444444444444446,0.9555555555555556,45,1300,1000,300,0.7692307692307693,16,10,6,349.47139150272415,0.4541877104377104,0.2811651226287992,0.20041377830239285,130514.55886667038,122.22089969989187,130636.77976637028,1058,4,190.93333333333334,37,8,16,35.61753317594877,0.6235923423423424,44.54495614035087,1021.8201754385955,27.616761498340416,0
1080,4,0,0,43,0.0,0.0,1.0,43,1400,1100,300,0.7857142857142857,17,11,6,364.96002547866743,0.4536037283130306,0.3012640701520479,0.20871295278004476,130406.3248214429,918.6191258826224,131324.94394732552,1059,5,198.7906976744186,36,7,19,35.331679529584704,0.6244212962962963,44.65090090090089,1021.3963963963951,28.372122122122086,0
1081,4,0,1,42,0.0,0.023255813953488372,0.9767441860465116,43,1150,800,350,0.6956521739130435,15,8,7,362.4216859202047,0.45346530084902176,0.29856025672901176,0.2077228020438418,130492.605675777,858.6700298271086,131351.27570560412,1060,6,199.7906976744186,36,7,16,35.30897534810242,0.6252893518518519,44.566441441441434,1021.7342342342332,28.38150650650648,0
1082,4,0,0,42,0.0,0.0,1.0,42,1100,700,400,0.6363636363636364,15,7,8,372.0559874778229,0.45207849399922573,0.30845553721148566,0.2129550029493686,130439.87509645055,1306.1873070987508,131746.0624035493,1061,7,205.26190476190476,35,7,20,35.11641740312712,0.6267857142857143,44.61805555555555,1021.5277777777771,29.18650793650792,0
1083,4,0,0,42,0.0,0.0,1.0,42,1400,800,600,0.5714285714285714,20,8,12,373.2506177808621,0.45085656213704994,0.3035075892218748,0.2148264666783186,130654.64854570646,1353.3856571252788,132008.03420283174,1062,8,206.26190476190476,37,5,18,34.86790361790362,0.625,44.40789473684211,1022.3684210526322,27.63157894736844,0
1084,4,0,1,41,0.0,0.023809523809523808,0.9761904761904762,42,1250,900,350,0.72,16,9,7,368.37296216369566,0.4500096786682153,0.30814691993677945,0.21308358270740985,130848.09570312499,1240.1801215277774,132088.27582465275,1063,9,207.26190476190476,39,3,18,34.79646032715673,0.6233974358974359,44.21875,1023.1249999999999,26.233974358974358,0
1085,4,0,0,41,0.0,0.0,1.0,41,1150,800,350,0.6956521739130435,15,8,7,362.8254331334398,0.44890752032520326,0.2780082222590934,0.19965100037128847,128895.01006319249,1163.281911261155,130058.29197445365,1064,10,212.34146341463415,37,4,16,36.92399578879172,0.6072635135135135,46.13486842105263,1015.4605263157893,27.444879089615927,7
1086,4,1,1,41,0.023809523809523808,0.023809523809523808,0.9761904761904762,42,2000,1500,500,0.75,25,15,10,356.4847898595718,0.4487998451413086,0.2777059077188446,0.19824657738233722,129312.88954293616,819.9793446060155,130132.86888754218,1065,0,208.26190476190476,37,5,18,36.65912031047865,0.6114864864864865,45.72368421052631,1017.1052631578937,27.48933143669983,0
1087,4,1,1,41,0.023809523809523808,0.023809523809523808,0.9761904761904762,42,1050,500,550,0.47619047619047616,16,5,11,327.46269715211787,0.4500701703445606,0.20755339917317395,0.17558775657639442,127861.72251966437,-26.01109623899447,127835.71142342538,1066,0,208.61904761904762,40,2,15,38.87472367363346,0.5916666666666667,47.154471544715456,1011.3821138211395,25.284552845528488,8
1088,4,0,0,41,0.0,0.0,1.0,41,1650,1200,450,0.7272727272727273,21,12,9,332.41313644199664,0.44974593495934956,0.21731865613700907,0.17797762357652874,127801.98703342037,296.61187065974707,128098.59890408012,1067,1,214.6829268292683,39,2,15,38.81058772020191,0.5926816239316239,47.21354166666668,1011.1458333333353,25.926816239316288,0
1089,4,1,0,42,0.023809523809523808,0.0,1.0,42,1100,800,300,0.7272727272727273,14,8,6,325.86748737755147,0.4511348238482385,0.20747411592623388,0.17585546637351956,128118.80845561517,-50.04916055256979,128068.7592950626,1068,0,210.54761904761904,40,2,17,38.652713645185024,0.5942708333333333,46.900406504065046,1012.3983739837408,25.30995934959352,0
1090,4,3,3,42,0.06666666666666667,0.06666666666666667,0.9333333333333333,45,1200,700,500,0.5833333333333334,17,7,10,303.1606336259192,0.4547348484848485,0.1990050384513391,0.1663492738204036,128783.04268260625,-1191.6076540516628,127591.43502855458,1069,0,197.44444444444446,42,3,15,38.55230708035003,0.5979662698412698,46.24515503875969,1015.0193798449615,24.1671280915467,0
1091,4,0,0,42,0.0,0.0,1.0,42,600,300,300,0.5,9,3,6,321.25203519218474,0.45147357723577236,0.1985709879716251,0.1742787811664464,128329.16802300366,-154.79871961803542,128174.36930338563,1070,1,212.52380952380952,39,3,18,38.55516003563963,0.5980235042735043,46.69270833333334,1013.2291666666682,25.98023504273508,0
1092,4,1,0,43,0.023255813953488372,0.0,1.0,43,1250,800,450,0.64,17,8,9,325.50106038918517,0.4519656699889258,0.2233840152932376,0.1785630750049199,128773.09032698743,-216.84450979464646,128556.24581719277,1071,0,208.5581395348837,41,2,16,37.995532368944055,0.599339430894309,46.25496031746032,1014.9801587301599,24.755613627564877,0
1093,4,0,0,43,0.0,0.0,1.0,43,1150,800,350,0.6956521739130435,15,8,7,323.3489449865108,0.45150424510889625,0.22293974196536825,0.17862674727895622,129050.14349489818,-254.35445011335628,128795.78904478482,1072,1,209.5581395348837,41,2,16,37.768502245655135,0.6021341463414633,45.98214285714287,1016.0714285714303,24.782229965156837,0
1094,4,0,1,42,0.0,0.023255813953488372,0.9767441860465116,43,1400,900,500,0.6428571428571429,19,9,10,321.1502284332166,0.45051218161683276,0.21845215402211182,0.1780923994038749,129201.3888888891,-301.38888888886925,128900.00000000022,1073,2,210.5581395348837,41,2,17,37.67076502732241,0.6036585365853658,45.83333333333334,1016.6666666666683,24.796747967479714,0
1095,4,0,0,42,0.0,0.0,1.0,42,950,600,350,0.631578947368421,13,6,7,326.8610588551462,0.45121951219512196,0.21506635441061617,0.18125931445603585,129201.3888888891,46.18055555557555,129247.56944444467,1074,3,214.35714285714286,40,2,18,37.52561475409836,0.6052083333333333,45.83333333333334,1016.6666666666683,25.416666666666707,0
1096,4,0,0,42,0.0,0.0,1.0,42,1150,800,350,0.6956521739130435,15,8,7,325.28277068784314,0.45056620209059234,0.21731956213681736,0.1815708843739166,129459.81744497339,22.20962224867344,129482.02706722206,1075,4,215.35714285714286,40,2,14,37.303400239664455,0.6078125,45.57926829268293,1017.6829268292696,25.44207317073174,0
1097,4,0,0,42,0.0,0.0,1.0,42,1200,800,400,0.6666666666666666,16,8,8,325.33702982332363,0.4499128919860627,0.11646898743511769,0.1810060217621817,129330.57089240872,28.589649844678547,129359.1605422534,1076,5,216.35714285714286,40,2,18,37.43318513337995,0.6065104166666666,45.706300813008134,1017.1747967479683,25.42936991869921,8
1098,4,0,0,42,0.0,0.0,1.0,42,1100,800,300,0.7272727272727273,14,8,6,344.96996813671893,0.4493079752226094,0.10192565582292401,0.18678813637374225,128252.7271554714,487.9652985774064,128740.6924540488,1077,6,217.35714285714286,38,4,16,38.032424498119035,0.5989583333333333,46.768162393162385,1012.9273504273492,26.655982905982874,8
1099,4,0,0,42,0.0,0.0,1.0,42,1350,1000,350,0.7407407407407407,17,10,7,359.02264772000154,0.4493321718931475,0.05571667596207486,0.1903393280195044,127404.47108848736,833.2687192029982,128237.73980769036,1078,7,218.35714285714286,36,6,16,38.54550102249489,0.5940393518518519,47.606981981981995,1009.5720720720739,28.04366866866872,8
1100,4,0,1,41,0.0,0.023809523809523808,0.9761904761904762,42,1800,1300,500,0.7222222222222222,23,13,10,364.02360837049696,0.44860627177700346,0.07064327304101625,0.19427942086571356,127673.1316967722,895.2068184441453,128568.33851521634,1079,8,219.35714285714286,37,5,17,38.143625004520615,0.5948761261261262,47.34100877192983,1010.6359649122817,27.314485538169777,0
1101,4,1,0,42,0.023809523809523808,0.0,1.0,42,1000,600,400,0.6,14,6,8,362.36333888965675,0.4510622338366241,0.07175907994691144,0.19392642762051823,127783.9710896624,860.8452841259013,128644.8163737883,1080,0,216.97619047619048,37,5,18,38.071950800708514,0.5960022522522522,47.231359649122815,1011.0745614035104,27.326339497392173,0
1102,4,4,2,44,0.08695652173913043,0.043478260869565216,0.9565217391304348,46,2050,1900,150,0.926829268292683,22,19,3,338.6928089576067,0.4539452495974235,0.10225707062374823,0.18669268401049322,128963.21750217023,-463.2011847996454,128500.01631737058,1081,0,199.02173913043478,39,7,19,37.46720421837076,0.6044337606837606,46.067708333333336,1015.7291666666674,26.044337606837626,0
1103,4,0,2,42,0.0,0.045454545454545456,0.9545454545454546,44,1350,1100,250,0.8148148148148148,16,11,5,342.9607536394303,0.45491983791402396,0.08241863311278541,0.18914564069627032,128984.24373584615,47.306687851541,129031.55042369768,1082,1,204.0681818181818,38,6,19,37.33741761323796,0.606359649122807,46.04700854700854,1015.8119658119646,26.731893837156964,0
1104,4,2,4,40,0.045454545454545456,0.09090909090909091,0.9090909090909091,44,850,400,450,0.47058823529411764,13,4,9,323.1418403235181,0.45545939041578576,0.09922848113032123,0.18162799990597733,129731.44531249991,-371.0813940481553,129360.36391845175,1083,0,203.27272727272728,39,5,16,37.08248125426037,0.6121794871794872,45.31249999999999,1018.7499999999993,26.121794871794854,8
1105,4,0,2,38,0.0,0.05,0.95,40,750,500,250,0.6666666666666666,10,5,5,349.19082917051196,0.45,0.11948491747296486,0.1937865719686005,129230.80800165024,1025.2426000942874,130256.05060174453,1084,3,224.5,35,5,22,36.928120849933585,0.6145833333333333,45.80439814814814,1016.7824074074063,29.050925925925892,0
1106,4,2,0,40,0.05,0.0,1.0,40,1000,500,500,0.5,15,5,10,334.72154336367726,0.4530982905982906,0.13923599602253955,0.18875792454732987,129860.54202428782,693.4242096826629,130553.96623397048,1085,0,221.4,36,4,19,36.65663094317387,0.6189236111111112,45.185810810810814,1019.2567567567569,28.312687687687692,0
1107,4,0,1,39,0.0,0.025,0.975,40,950,600,350,0.631578947368421,13,6,7,334.3123377857573,0.453125,0.14022027161311712,0.18936002772517863,130032.77084094247,694.311921719037,130727.0827626615,1086,1,222.4,36,4,20,36.49249199514189,0.6206597222222222,45.0168918918919,1019.9324324324339,28.331456456456497,0
1108,4,0,0,39,0.0,0.0,1.0,39,1200,900,300,0.75,15,9,6,336.1314008343818,0.45197930724246516,0.13216399784749178,0.19079190588249045,130114.93866008666,947.1433202589224,131062.08198034558,1087,2,224.74358974358975,35,4,20,36.362852145963316,0.6235119047619048,44.936342592592595,1020.2546296296302,29.150132275132293,0
1109,4,0,0,39,0.0,0.0,1.0,39,1000,600,400,0.6,14,6,8,336.53321030456146,0.45223234367971205,0.13033630768067828,0.19160015375570874,130233.05047850225,965.5493130572763,131198.59979155954,1088,3,225.74358974358975,35,4,21,36.232967645613655,0.624702380952381,44.820601851851855,1020.7175925925927,29.16335978835979,0
1110,4,0,0,39,0.0,0.0,1.0,39,1100,700,400,0.6363636363636364,15,7,8,337.23653203288825,0.4515575798470535,0.12648487807146025,0.19273155172656772,130380.76560356647,993.8314471879239,131374.59705075438,1089,4,226.74358974358975,35,4,21,36.06546539740103,0.6261904761904762,44.675925925925924,1021.2962962962958,29.179894179894166,0
1111,4,0,0,39,0.0,0.0,1.0,39,900,500,400,0.5555555555555556,13,5,8,335.6314268826645,0.4510233918128655,0.13260836731611536,0.19239962574806246,130498.99798525377,959.9129801097351,131458.9109653635,1090,5,227.74358974358975,35,4,17,35.986822232291196,0.6273809523809524,44.56018518518518,1021.7592592592592,29.193121693121693,0
1112,4,0,1,38,0.0,0.02564102564102564,0.9743589743589743,39,950,500,450,0.5263157894736842,14,5,9,334.60518406844864,0.4499831309041835,0.13697659973412768,0.19269245085141284,130676.44702717755,945.0033221879173,131621.45034936548,1091,6,228.74358974358975,35,4,18,35.83361633084296,0.6291666666666667,44.38657407407407,1022.453703703703,29.212962962962944,0
1113,4,0,0,38,0.0,0.0,1.0,38,1050,900,150,0.8571428571428571,12,9,3,343.6884892216781,0.45126541014698907,0.13478452740679003,0.19767267628576984,130627.42524092944,1379.0284863945287,132006.45372732397,1092,7,232.23684210526315,34,4,18,35.65103256861149,0.6308210784313726,44.434523809523796,1022.2619047619027,30.066526610644196,0
1114,4,0,0,38,0.0,0.0,1.0,38,1550,1300,250,0.8387096774193549,18,13,5,346.06620553873677,0.45093942626837363,0.12881015387631045,0.1998253251336577,130779.5918367347,1451.6794217687043,132231.2712585034,1093,8,233.23684210526315,34,4,18,35.43630702979515,0.6323529411764706,44.285714285714285,1022.8571428571429,30.084033613445378,0
1115,4,1,1,38,0.02564102564102564,0.02564102564102564,0.9743589743589743,39,900,700,200,0.7777777777777778,11,7,4,339.83037642864326,0.45032051282051283,0.13545786717896569,0.19796965115319695,131120.59709630048,1111.7523737568467,132232.34947005732,1094,0,228.23076923076923,35,4,19,35.25127603872377,0.6336309523809525,43.95254629629629,1024.189814814814,29.262566137566118,0
1116,4,1,0,39,0.02564102564102564,0.0,1.0,39,1450,1200,250,0.8275862068965517,17,12,5,336.62551827826945,0.44888663967611336,0.14010027022565108,0.19670928800775694,131239.16437596444,1035.6903452931983,132274.85472125764,1095,0,228.97435897435898,35,4,20,35.21369874618772,0.6348214285714286,43.83680555555555,1024.6527777777771,29.275793650793634,0
1117,4,0,1,38,0.0,0.02564102564102564,0.9743589743589743,39,900,600,300,0.6666666666666666,12,6,6,336.62551827826945,0.44902721547458385,0.14010027022565108,0.19670928800775694,131239.16437596444,1035.6903452931983,132274.85472125764,1096,1,229.97435897435898,35,4,20,35.21369874618772,0.6348214285714286,43.83680555555555,1024.6527777777771,29.275793650793634,0
1118,4,1,1,38,0.02564102564102564,0.02564102564102564,0.9743589743589743,39,1550,1200,350,0.7741935483870968,19,12,7,333.52755650695985,0.4498144399460189,0.14861896202905345,0.19580653565905634,131417.11576485346,966.2459008487757,132383.36166570222,1097,0,229.69230769230768,35,4,21,35.11365560447003,0.6366071428571429,43.66319444444445,1025.3472222222229,29.29563492063494,0
1119,4,1,2,37,0.02564102564102564,0.05128205128205128,0.9487179487179487,39,1100,700,400,0.6363636363636364,15,7,8,329.9085733747647,0.4492240215924426,0.1471149509038543,0.19504194857916105,131684.268904321,888.7538580246926,132573.0227623457,1098,0,228.56410256410257,35,4,16,34.9374154262517,0.6392857142857142,43.40277777777778,1026.3888888888891,29.325396825396833,0
1120,4,0,1,36,0.0,0.02702702702702703,0.972972972972973,37,1650,1000,650,0.6060606060606061,23,10,13,338.9338624661324,0.445508008008008,0.13353977890682067,0.20059208620765012,131725.00177154213,1529.2127267573896,133254.21449829952,1099,2,232.59459459459458,34,3,17,34.664801499864694,0.6418504901960784,43.36309523809525,1026.5476190476204,30.192577030812366,0
1121,4,0,0,36,0.0,0.0,1.0,36,1000,700,300,0.7,13,7,6,347.44957006014704,0.4433862433862434,0.1411310116086235,0.20535569154931077,131673.78720023562,1950.0001501826378,133623.78735041825,1100,5,240.0,33,3,17,34.4978855721393,0.6436237373737373,43.41299019607844,1026.3480392156873,31.101455733808706,0
1122,4,0,1,35,0.0,0.027777777777777776,0.9722222222222222,36,1250,900,350,0.72,16,9,7,344.9921620743143,0.4423941798941799,0.1427203065134104,0.20491703120799643,131862.52170138893,1898.3072916666765,133760.82899305562,1101,6,241.0,33,3,17,34.370774171737665,0.6455176767676767,43.22916666666667,1027.0833333333337,31.123737373737384,0
1123,4,1,1,35,0.027777777777777776,0.027777777777777776,0.9722222222222222,36,1250,900,350,0.72,16,9,7,350.9152022198237,0.440244708994709,0.15789525966543505,0.20982377985902362,132114.37795859764,2072.1887314975015,134186.56669009515,1102,0,241.52777777777777,33,3,18,33.964988874319545,0.6480429292929293,42.98406862745098,1028.063725490196,31.153446226975635,0
1124,4,0,0,35,0.0,0.0,1.0,35,1300,1100,200,0.8461538461538461,15,11,4,380.10109825739744,0.43925070028011204,0.088436592183875,0.21274233981922608,129565.6861199272,2895.8719202941347,132461.55804022134,1103,1,249.22857142857143,31,4,17,35.800747111736385,0.6273521505376345,45.475260416666664,1018.0989583333325,32.8419018817204,8
1125,4,1,0,36,0.027777777777777776,0.0,1.0,36,1200,800,400,0.6666666666666666,16,8,8,368.8519613449348,0.44136904761904766,0.09577761267954443,0.2086028319202867,129972.73875114789,2388.1399219467453,132360.87867309464,1104,0,243.27777777777777,32,4,18,35.67282689450221,0.62890625,45.07575757575758,1019.69696969697,31.86553030303031,0
1126,4,0,0,36,0.0,0.0,1.0,36,1250,800,450,0.64,17,8,9,366.5598053935798,0.44216269841269845,0.10085541943577048,0.20818396587359778,130137.5147178969,2340.636413879276,132478.1511317762,1105,1,244.27777777777777,33,3,18,35.56379614060375,0.6281565656565656,44.91421568627451,1020.3431372549015,30.919489007724287,0
1127,4,1,1,36,0.02702702702702703,0.02702702702702703,0.972972972972973,37,1050,800,250,0.7619047619047619,13,8,5,356.30430907072895,0.443724974974975,0.10608594205716515,0.20465412793731969,130575.52984429075,1904.9848615917092,132480.51470588247,1106,0,238.64864864864865,33,4,18,35.38119504396483,0.6325757575757576,44.485294117647065,1022.0588235294125,30.971479500891288,0
1128,4,0,0,36,0.0,0.0,1.0,36,1300,800,500,0.6153846153846154,18,8,10,364.4422064397115,0.44315476190476194,0.10814610484795195,0.20899031068048946,130512.91120001934,2312.8826653210454,132825.79386534038,1107,1,244.83333333333334,33,3,18,35.23676741025027,0.6319444444444444,44.54656862745099,1021.813725490197,30.96405228758173,0
1129,4,0,1,35,0.0,0.027777777777777776,0.9722222222222222,36,1450,1100,350,0.7586206896551724,18,11,7,368.7326053596659,0.44265873015873014,0.1126095527318256,0.21213568233864377,130638.16350682439,2434.1100778546815,133072.27358467906,1108,2,245.83333333333334,33,3,18,35.00009989610804,0.6332070707070707,44.42401960784314,1022.3039215686282,30.978906714200853,0
1130,4,0,0,35,0.0,0.0,1.0,35,1200,800,400,0.6666666666666666,16,8,8,368.9405913640883,0.44184173669467786,0.10152771407402206,0.2124950859791173,130681.82615294371,2642.7660442812185,133324.59219722493,1109,3,248.94285714285715,32,3,18,34.95050218160864,0.6360677083333333,44.38131313131314,1022.4747474747486,31.952335858585894,0
1131,4,0,0,35,0.0,0.0,1.0,35,1450,1200,250,0.8275862068965517,17,12,5,369.1824417009598,0.4412114845938375,0.09801058201058166,0.21298987021209256,130746.38429752094,2653.8538797061856,133400.23817722712,1110,4,249.94285714285715,32,3,19,34.878858024691354,0.63671875,44.318181818181834,1022.727272727275,31.960227272727344,0
1132,4,0,0,35,0.0,0.0,1.0,35,1050,700,350,0.6666666666666666,14,7,7,397.40828726189517,0.44047619047619047,0.10519415746348426,0.21477186414018848,128176.493470054,3375.711024385258,131552.20449443927,1111,5,250.94285714285715,32,3,19,36.7827826267664,0.6106770833333333,46.84343434343434,1012.6262626262621,31.64457070707069,8
1133,4,0,0,35,0.0,0.0,1.0,35,1100,800,300,0.7272727272727273,14,8,6,396.49360326379383,0.43995098039215685,0.11130855932052497,0.21479190945208756,128272.40404359243,3171.8375357106333,131444.24157930305,1112,6,251.94285714285715,32,3,19,36.70748680875816,0.6116536458333333,46.74873737373737,1013.0050505050499,31.65640782828281,0
1134,4,0,0,35,0.0,0.0,1.0,35,1200,900,300,0.75,15,9,6,394.89423065440184,0.43907563025210083,0.11086679933448607,0.21481265043920791,128437.66744898816,3143.858774862804,131581.52622385096,1113,7,252.94285714285715,35,0,15,36.57846159701606,0.6065476190476191,46.58564814814814,1013.6574074074059,28.96164021164017,0
1135,4,0,0,35,0.0,0.0,1.0,35,950,500,450,0.5263157894736842,14,5,9,397.14561936606,0.43830532212885154,0.11618960683314872,0.21699402793791403,128613.7099194098,3215.674296982125,131829.38421639192,1114,8,253.94285714285715,35,0,17,36.34090217556671,0.6083333333333334,46.41203703703702,1014.351851851849,28.9814814814814,0
1136,4,1,0,36,0.027777777777777776,0.0,1.0,36,1550,1100,450,0.7096774193548387,20,11,9,390.9520704629872,0.43999669312169315,0.1145013487048745,0.21570511484077076,129001.10995708527,2886.650205949173,131887.76016303443,1115,0,247.86111111111111,36,0,18,36.101411521265206,0.6102430555555556,46.030405405405396,1015.8783783783767,28.2188438438438,0
1137,4,0,0,36,0.0,0.0,1.0,36,1400,1000,400,0.7142857142857143,18,10,8,391.3373285963125,0.4394675925925926,0.11080640196983715,0.21654318765062644,129115.53603857226,2905.5457907231453,132021.0818292954,1116,1,248.86111111111111,36,0,19,35.97460757156049,0.611400462962963,45.91779279279279,1016.328828828828,28.231356356356333,0
1138,4,2,1,37,0.05263157894736842,0.02631578947368421,0.9736842105263158,38,950,700,250,0.7368421052631579,12,7,5,374.70088951613764,0.4427305595068753,0.11657030314928196,0.21027272739828606,129669.02941476817,2117.562800887401,131786.59221565558,1117,0,236.71052631578948,33,5,17,35.8329071912726,0.6234217171717171,45.37377450980391,1018.5049019607828,30.86378490790251,0
1139,4,1,0,38,0.02631578947368421,0.0,1.0,38,1250,800,450,0.64,17,8,9,373.29779725962777,0.44059684684684686,0.12188570096753226,0.21061074314321185,129878.87577428391,2096.699647419386,131975.57542170328,1118,0,237.68421052631578,35,3,18,35.65499507967148,0.6211309523809524,45.16782407407406,1019.328703703702,29.1236772486772,0
1140,4,0,0,38,0.0,0.0,1.0,38,1100,900,200,0.8181818181818182,13,9,4,371.9686449139805,0.44033013276434324,0.12114940056986212,0.2104955510813794,129996.88042534702,2070.9526909721985,132067.8331163192,1119,1,238.68421052631578,35,3,19,35.568820224719104,0.6223214285714286,45.05208333333332,1019.7916666666649,29.136904761904713,0
1141,4,0,0,38,0.0,0.0,1.0,38,1250,800,450,0.64,17,8,9,375.90520408411857,0.4395596254148886,0.12526060268181216,0.21386245226706624,130205.11379200139,2188.955974555629,132394.06976655702,1120,2,239.68421052631578,36,2,19,35.25667549376585,0.6223958333333333,44.84797297297297,1020.6081081081076,28.35022522522521,0
1142,4,0,0,38,0.0,0.0,1.0,38,950,600,350,0.631578947368421,13,6,7,373.2509958900255,0.4392040066382172,0.122529923129306,0.2133324646062978,130384.1429280046,2133.227602430072,132517.37053043468,1121,3,240.68421052631578,34,4,20,35.14249912577224,0.6283700980392157,44.67261904761905,1021.3095238095243,30.038515406162478,0
1143,4,0,0,38,0.0,0.0,1.0,38,1100,400,700,0.36363636363636365,18,4,14,375.324950557139,0.4384038643907065,0.12201402854760413,0.21536025237850795,130536.1678004534,2198.6961451247057,132734.8639455781,1122,4,241.68421052631578,34,4,16,34.9351506679093,0.6299019607843137,44.52380952380952,1021.904761904761,30.05602240896356,0
1144,4,0,0,38,0.0,0.0,1.0,38,900,700,200,0.7777777777777778,11,7,4,373.21712101829047,0.43867057847321006,0.12005736278283052,0.21482497555664054,130657.85147392277,2152.7494331065627,132810.60090702932,1123,5,242.68421052631578,34,4,16,34.865510013972994,0.6311274509803921,44.4047619047619,1022.3809523809513,30.07002801120445,0
1145,4,0,0,38,0.0,0.0,1.0,38,1100,900,200,0.8181818181818182,13,9,4,378.9220581962689,0.4379593409198672,0.123891257473292,0.218796930377846,130779.59183673494,2311.054421768734,133090.64625850366,1124,6,243.68421052631578,34,4,17,34.596135940409674,0.6323529411764706,44.2857142857143,1022.8571428571448,30.084033613445435,0
1146,4,0,2,36,0.0,0.05263157894736842,0.9473684210526316,38,1000,700,300,0.7,13,7,6,382.5446187128174,0.4371591986723566,0.12169522643818809,0.2222894406033942,131023.24263038568,2424.4472789115866,133447.68990929727,1125,7,244.68421052631578,34,4,17,34.25629844961241,0.6348039215686274,44.04761904761906,1023.8095238095253,30.112044817927217,0
1147,4,1,0,37,0.02702702702702703,0.0,1.0,37,900,600,300,0.6666666666666666,12,6,6,391.6462046191767,0.43468468468468463,0.13897189830220835,0.22775855347731883,131053.71492346968,2865.338010204116,133919.0529336738,1126,0,251.48648648648648,34,3,20,33.99241367282875,0.6351102941176471,44.01785714285716,1023.9285714285738,30.115546218487466,0
1148,4,0,0,37,0.0,0.0,1.0,37,1200,1000,200,0.8333333333333334,14,10,4,393.1696575555121,0.43427802802802806,0.1326770222940148,0.22939648246696376,131179.8740381731,2915.189230752753,134095.06326892585,1127,1,252.48648648648648,35,2,20,33.825391669491204,0.6342261904761906,43.89467592592593,1024.421296296297,29.269179894179914,0
1149,4,0,0,37,0.0,0.0,1.0,37,1200,900,300,0.75,15,9,6,393.80928893608996,0.434059059059059,0.13376470767775106,0.2304812461023846,131298.4681096752,2941.311272933825,134239.779382609,1128,2,253.48648648648648,35,2,20,33.68871165066817,0.6354166666666667,43.77893518518519,1024.8842592592603,29.282407407407437,0
1150,4,0,0,37,0.0,0.0,1.0,37,1050,800,250,0.7619047619047619,13,8,5,395.17986553053265,0.43374624624624625,0.13479226239418374,0.23165814644349408,131360.48179076108,2982.213552959086,134342.69534372017,1129,3,254.48648648648648,32,5,21,33.59070287802275,0.6429036458333333,43.71843434343434,1025.1262626262621,32.03519570707069,0
1151,4,1,0,38,0.02631578947368421,0.0,1.0,38,1300,1000,300,0.7692307692307693,16,10,6,391.4025566861003,0.436270151730678,0.1548521404932206,0.23248368728463553,131862.52170138896,2722.26562500001,134584.78732638896,1130,0,248.76315789473685,33,5,17,33.17909060175795,0.6455176767676767,43.22916666666667,1027.083333333334,31.12373737373739,0
1152,4,0,0,38,0.0,0.0,1.0,38,1200,500,700,0.4166666666666667,19,5,14,390.3290819032479,0.43631460407776196,0.15261938159419408,0.232313101850002,131938.95266439908,2699.9220521541965,134638.87471655328,1131,1,249.76315789473685,34,4,18,33.129345307068355,0.6439950980392157,43.154761904761905,1027.3809523809523,30.21708683473389,0
1153,4,0,0,38,0.0,0.0,1.0,38,1550,1200,350,0.7741935483870968,19,12,7,389.1213947477286,0.4365961356092935,0.15957446808510656,0.2327653434036414,132130.1269531251,2682.9318576389032,134813.058810764,1132,2,250.76315789473685,35,3,19,32.96711415062481,0.64375,42.96875000000001,1028.1250000000007,29.375000000000018,0
1154,4,1,0,39,0.02564102564102564,0.0,1.0,39,1100,700,400,0.6363636363636364,15,7,8,380.67820614312046,0.43586932073774176,0.17024835260759552,0.2299121214815496,132492.61289227704,2288.2238426927156,134780.83673496975,1133,0,245.30769230769232,33,6,20,32.81838967583224,0.6518308080808081,42.61642156862745,1029.5343137254904,31.198009506833042,0
1155,4,0,1,38,0.0,0.02564102564102564,0.9743589743589743,39,1000,600,400,0.6,14,6,8,378.62193565925975,0.4352226720647773,0.166878637222029,0.22884005042047098,132520.5516581634,2235.0375566893586,134755.58921485275,1134,1,246.30769230769232,34,5,20,32.843151424056735,0.6498161764705883,42.58928571428572,1029.6428571428582,30.283613445378183,0
1156,4,0,0,38,0.0,0.0,1.0,38,1050,600,450,0.5714285714285714,15,6,9,378.9680039368355,0.4358700806069227,0.15949783718341015,0.2294228272958409,132581.8470096373,2448.8555839002415,135030.70259353754,1135,2,249.76315789473685,34,4,20,32.77246368435249,0.6504289215686274,42.52976190476191,1029.8809523809534,30.29061624649863,0
1157,4,0,0,38,0.0,0.0,1.0,38,1600,1100,500,0.6875,21,11,10,377.9221714340574,0.43449205784732103,0.15907985900085087,0.23047929609992526,132857.85147392296,2441.9855442176963,135299.83701814065,1136,3,250.76315789473685,34,4,18,32.52141070053887,0.6531862745098039,42.261904761904766,1030.9523809523814,30.32212885154063,0
1158,4,0,0,38,0.0,0.0,1.0,38,1150,900,250,0.782608695652174,14,9,5,377.9457533128086,0.4336770981507823,0.16142153259172365,0.23106168390605963,132949.91673752852,2449.571286848093,135399.48802437662,1137,4,251.76315789473685,34,4,18,32.42814267574743,0.6541053921568627,42.17261904761906,1031.3095238095252,30.33263305322133,0
1159,4,0,1,37,0.0,0.02631578947368421,0.9736842105263158,38,850,300,550,0.35294117647058826,14,3,11,380.6695189413396,0.43326220957799905,0.1700673455879229,0.23349346926147133,133072.72002551024,2531.34566326531,135604.06568877553,1138,5,252.76315789473685,34,4,18,32.2343371408792,0.6553308823529411,42.05357142857143,1031.7857142857147,30.346638655462197,0
1160,4,0,1,36,0.0,0.02702702702702703,0.972972972972973,37,1300,900,400,0.6923076923076923,17,9,8,386.22779153807517,0.4326514014014014,0.16838929190473095,0.2370290090926088,133092.59059015763,2880.8114667435543,135973.4020569012,1139,6,257.8378378378378,33,4,18,32.0709619952494,0.6578282828282829,42.03431372549019,1031.862745098039,31.26856803327391,0
1161,4,0,0,36,0.0,0.0,1.0,36,1200,800,400,0.6666666666666666,16,8,8,366.7706902843612,0.4305059523809524,0.09876793934470629,0.21602618169380328,131541.75347222228,2457.0766051518754,133998.83007737415,1137,7,234.36111111111111,34,2,20,34.13552667208231,0.6400122549019608,43.54166666666667,1025.833333333334,30.171568627451,7
1162,4,0,1,35,0.0,0.027777777777777776,0.9722222222222222,36,1350,800,550,0.5925925925925926,19,8,11,362.7346061390533,0.43027447089947085,0.017975427350427342,0.2050239078177256,129950.01922337546,2244.314085928468,132194.33330930394,1138,8,235.36111111111111,33,3,20,35.851862980769226,0.6262626262626263,45.09803921568626,1019.6078431372537,30.897207367795566,8
1163,4,1,0,36,0.027777777777777776,0.0,1.0,36,850,400,450,0.47058823529411764,13,4,9,354.2269881891358,0.4337797619047619,0.02445532499158065,0.20230087248245043,130353.74858276639,2034.9631519274312,132388.71173469382,1139,0,232.83333333333334,34,2,21,35.65905028367141,0.6280637254901961,44.70238095238095,1021.1904761904758,30.03501400560223,0
1164,4,0,1,35,0.0,0.027777777777777776,0.9722222222222222,36,1300,800,500,0.6153846153846154,18,8,10,352.61219609588113,0.4334656084656085,0.024254963670979457,0.20153631114633977,130384.14292800435,1995.00779478456,132379.1507227889,1140,1,233.83333333333334,34,2,21,35.669464195516184,0.6283700980392157,44.67261904761904,1021.3095238095224,30.03851540616242,0
1165,4,0,0,35,0.0,0.0,1.0,35,700,400,300,0.5714285714285714,10,4,6,361.00476780381683,0.4323529411764706,0.03356019955083944,0.20618593078198777,130356.43029423761,2411.8585700211224,132768.28886425873,1141,2,239.74285714285713,33,2,21,35.483294331773266,0.6303661616161615,44.69975490196077,1021.2009803921554,30.94548425430774,0
1166,4,0,0,35,0.0,0.0,1.0,35,1100,800,300,0.7272727272727273,14,8,6,359.8504459405261,0.4313025210084034,0.03740982539111348,0.2061905957255096,130481.60750973175,2390.772929882725,132872.38043961447,1142,3,240.74285714285713,33,2,21,35.38580524569189,0.6316287878787878,44.577205882352935,1021.6911764705875,30.960338680926895,0
1167,4,0,0,35,0.0,0.0,1.0,35,1250,1100,150,0.88,14,11,3,359.42998088030185,0.4311624649859944,0.039305408089872484,0.20678378624161906,130638.16350682414,2391.054522299098,133029.21802912324,1143,4,241.74285714285713,33,2,18,35.23785263326142,0.6332070707070707,44.42401960784313,1022.3039215686262,30.978906714200793,0
1168,4,0,1,34,0.0,0.02857142857142857,0.9714285714285714,35,1400,1100,300,0.7857142857142857,17,11,6,356.25791284666434,0.43049719887955185,0.036164458594365456,0.2056243804023693,130763.47588667813,2317.10459919261,133080.58048587074,1144,5,242.74285714285713,33,2,18,35.19200814761562,0.634469696969697,44.30147058823529,1022.7941176470583,30.99376114081995,0
1169,4,0,0,34,0.0,0.0,1.0,34,1000,500,500,0.5,15,5,10,359.0372364604524,0.42842023172905525,0.04192171420118829,0.2080721694435278,130920.20083922036,2601.0454212322043,133521.24626045255,1145,6,247.47058823529412,33,1,19,34.96225501935896,0.6360479797979798,44.14828431372548,1023.4068627450969,31.012329174093846,0
1170,4,0,0,34,0.0,0.0,1.0,34,1150,700,450,0.6086956521739131,16,7,9,357.7321204867518,0.42725044563279857,0.044592938923235126,0.20782295789612823,131014.28086553246,2573.6033016147608,133587.88416714722,1146,7,248.47058823529412,33,1,19,34.90044689170856,0.6369949494949495,44.056372549019606,1023.7745098039214,31.023469994058225,0
1171,4,0,1,33,0.0,0.029411764705882353,0.9705882352941176,34,900,600,300,0.6666666666666666,12,6,6,355.8575838210705,0.4268976530005942,0.023171404717768462,0.20017591014129774,129762.65889321416,2435.4052527873887,132198.06414600156,1147,8,249.47058823529412,33,1,19,36.217524657204706,0.6243686868686869,45.28186274509804,1018.872549019608,30.87492572786691,7
1172,4,1,1,33,0.029411764705882353,0.029411764705882353,0.9705882352941176,34,700,600,100,0.8571428571428571,8,6,2,353.9313728520375,0.42829025549613786,0.03839191644923412,0.1998883293113442,129918.78311526813,2396.466653450591,132315.24976871873,1148,0,249.73529411764707,33,1,20,36.10798072685018,0.6259469696969697,45.12867647058823,1019.4852941176467,30.89349376114081,0
1173,4,0,0,33,0.0,0.0,1.0,33,700,300,400,0.42857142857142855,11,3,8,360.75700317026633,0.42625473484848486,0.046982082404425585,0.2036889540976734,129908.37191358022,2773.070987654316,132681.44290123455,1149,1,257.2121212121212,32,1,21,35.944595821979995,0.6282552083333333,45.138888888888886,1019.4444444444442,31.857638888888882,0
1174,4,0,0,33,0.0,0.0,1.0,33,950,700,250,0.7368421052631579,12,7,5,361.85640560099966,0.42511047979797983,0.04793886145204085,0.2054927346213404,130133.72559241392,2817.9444380675327,132951.67003048144,1150,2,258.2121212121212,32,1,24,35.68762116899725,0.6305338541666667,44.91792929292929,1020.3282828282818,31.885258838383805,0
1175,4,0,0,33,0.0,0.0,1.0,33,1150,1000,150,0.8695652173913043,13,10,3,360.82823663242414,0.42530776515151514,0.05104497086679727,0.20507832689614994,130165.93491735541,2793.508953168052,132959.44387052345,1151,3,259.2121212121212,32,1,24,35.681143281366,0.630859375,44.88636363636364,1020.4545454545457,31.889204545454554,0
1176,4,1,0,34,0.029411764705882353,0.0,1.0,34,800,600,200,0.75,10,6,4,354.1141954635221,0.4276218062982769,0.07273611914197464,0.20372555990046223,130638.16350682438,2452.1656334102368,133090.32914023462,1152,0,252.55882352941177,33,1,20,35.3737113402062,0.6332070707070707,44.42401960784314,1022.3039215686281,30.97890671420085,0
1177,4,2,0,36,0.05555555555555555,0.0,1.0,36,1450,1200,250,0.8275862068965517,17,12,5,337.76191420450795,0.43116732804232805,0.07023486901535692,0.19783197831978316,131328.125,1671.5277777777778,132999.65277777778,1153,0,239.47222222222223,35,1,22,35.09485094850948,0.6357142857142857,43.75,1025.0,29.285714285714285,0
1178,4,0,2,34,0.0,0.05555555555555555,0.9444444444444444,36,800,500,300,0.625,11,5,6,335.8394277017903,0.4301587301587302,0.07183843172668114,0.19716378330087206,131417.11576485334,1627.0097897376518,133044.12555459098,1154,1,240.47222222222223,35,1,23,35.054393836776164,0.6366071428571429,43.66319444444444,1025.347222222222,29.295634920634914,0
1179,4,0,0,34,0.0,0.0,1.0,34,1000,700,300,0.7,13,7,6,344.04145299862915,0.42806743909685085,0.0626595408037689,0.20167531565056274,131359.5300635572,2238.6247176566562,133598.15478121387,1155,2,231.55882352941177,33,1,23,34.90224646343892,0.6404671717171717,43.71936274509803,1025.122549019607,31.06431966726082,0
1180,4,0,0,34,0.0,0.0,1.0,34,1100,900,200,0.8181818181818182,13,9,4,344.3420956531739,0.42791889483065954,0.06220164652451121,0.20218317995298976,131422.3514543684,2250.8495830930233,133673.20103746143,1156,3,232.55882352941177,33,1,24,34.831157125214126,0.6410984848484849,43.65808823529411,1025.3676470588227,31.071746880570387,0
1181,4,0,0,34,0.0,0.0,1.0,34,1150,900,250,0.782608695652174,14,9,5,343.6833078701597,0.4277332144979204,0.06369563231957054,0.20279494973903084,131610.90573637543,2246.4942870530613,133857.4000234285,1157,4,233.55882352941177,33,1,21,34.657903379911644,0.6429924242424243,43.474264705882355,1026.1029411764707,31.094028520499112,0
1182,4,0,0,34,0.0,0.0,1.0,34,950,600,350,0.631578947368421,13,6,7,343.56185858340103,0.4280117349970291,0.0302352657210605,0.18902746083811814,128890.09785899647,2056.3443146866466,130946.44217368311,1158,5,234.55882352941177,33,1,20,37.418034435594166,0.615530303030303,46.139705882352935,1015.4411764705876,30.770944741532958,8
1183,4,1,1,34,0.02857142857142857,0.02857142857142857,0.9714285714285714,35,1000,800,200,0.8,12,8,4,335.59527008868605,0.4311274509803922,0.03372365339578476,0.1861028315946348,129201.38888888877,1671.874999999991,130873.26388888876,1159,0,228.82857142857142,34,1,21,37.30362021857925,0.616421568627451,45.83333333333333,1016.6666666666657,29.901960784313697,0
1184,4,0,0,34,0.0,0.0,1.0,34,1000,700,300,0.7,13,7,6,350.2457455812104,0.429794266191325,0.017102280997234764,0.18659985202433985,127602.69451530621,2138.4601757369746,129741.1546910432,1160,1,236.23529411764707,34,0,19,38.56388201563175,0.6001838235294117,47.41071428571429,1010.3571428571436,29.71638655462187,8
1185,4,0,1,33,0.0,0.029411764705882353,0.9705882352941176,34,1150,900,250,0.782608695652174,14,9,5,352.233095613638,0.4295157456922163,0.009940151284254073,0.1883604186367137,127753.08956916105,2199.773242630395,129952.86281179145,1161,2,237.23529411764707,34,0,19,38.35963259538389,0.6017156862745099,47.261904761904766,1010.9523809523813,29.73389355742298,0
1186,4,0,0,33,0.0,0.0,1.0,33,1550,1100,450,0.7096774193548387,20,11,9,354.30216659249885,0.4281881313131313,-0.0014977148835415566,0.19029046097729863,127927.48169273844,2464.996786091897,130392.47847883034,1162,3,237.72727272727272,33,0,20,38.12878558449426,0.6057449494949495,47.08946078431373,1011.6421568627457,30.655822935234717,0
1187,4,0,1,32,0.0,0.030303030303030304,0.9696969696969697,33,800,600,200,0.75,10,6,4,354.74200581395354,0.4283854166666667,0.0022463002114163633,0.19067382812500006,127958.47750865057,2478.4493944636756,130436.92690311425,1163,4,238.72727272727272,33,0,20,38.0859375,0.6060606060606061,47.05882352941177,1011.7647058823534,30.659536541889498,0
1188,4,1,1,32,0.030303030303030304,0.030303030303030304,0.9696969696969697,33,600,400,200,0.6666666666666666,8,4,4,355.46749309895165,0.43087121212121215,0.011472752213492976,0.19195244627343394,128144.53125000001,2510.2430555555557,130654.77430555558,1164,0,239.3939393939394,33,0,22,37.87722908093278,0.6079545454545454,46.875,1012.5000000000001,30.681818181818187,0
1189,4,1,1,32,0.030303030303030304,0.030303030303030304,0.9696969696969697,33,1300,1100,200,0.8461538461538461,15,11,4,351.5728761752261,0.43367266414141414,0.020426704179121957,0.19132965998167561,128454.92118415986,2432.253219915406,130887.17440407527,1165,0,239.33333333333334,33,0,18,37.65866779497097,0.6111111111111112,46.56862745098039,1013.7254901960778,30.718954248365993,0
1190,4,0,0,32,0.0,0.0,1.0,32,500,300,200,0.6,7,3,4,362.4630972137306,0.4300445228494623,0.0222313084112149,0.19667115315349462,128336.36435376483,2903.439221763074,131239.8035755279,1166,2,247.8125,32,0,22,37.50389408099689,0.6123046875,46.685606060606055,1013.2575757575751,31.66429924242422,0
1191,4,0,0,32,0.0,0.0,1.0,32,450,300,150,0.6666666666666666,6,3,3,363.2410168440951,0.429666498655914,0.025309112993646687,0.19740931903910297,128400.34060618811,2928.0540569839814,131328.3946631721,1167,3,248.8125,32,0,19,37.418763755658006,0.6129557291666667,46.62247474747475,1013.5101010101007,31.672190656565647,0
1192,4,1,1,32,0.030303030303030304,0.030303030303030304,0.9696969696969697,33,1200,800,400,0.6666666666666666,16,8,8,359.4568109747612,0.43237058080808083,0.03208814362846213,0.1974628794505913,128827.88470780439,2661.6121203382913,131489.49682814267,1168,0,242.24242424242425,33,0,21,37.078001770481244,0.6148989898989898,46.20098039215684,1015.1960784313701,30.763517528223336,0
1193,4,2,0,34,0.058823529411764705,0.0,1.0,34,700,500,200,0.7142857142857143,9,5,4,343.6309861970294,0.43731431966726086,0.04457892707644917,0.1911447360720972,129322.44897959159,2087.8401360543958,131410.28911564598,1169,0,234.85294117647058,34,0,23,36.97624063670412,0.6176470588235294,45.7142857142857,1017.1428571428551,29.91596638655456,0
1194,4,1,1,34,0.02857142857142857,0.02857142857142857,0.9714285714285714,35,650,400,250,0.6153846153846154,9,4,5,354.4931301862277,0.43942577030812324,0.1304451634111321,0.19068728182069564,127989.47707912803,2125.8547444712935,130115.33182359932,1170,0,229.11428571428573,33,2,18,38.06050926486619,0.6063762626262627,47.02818627450979,1011.8872549019592,30.66325014854422,8
1195,4,1,0,35,0.02857142857142857,0.0,1.0,35,900,700,200,0.7777777777777778,11,7,4,358.8545106606379,0.4376050420168067,0.13474426807760165,0.19378143575674425,128144.53124999988,2197.142475249889,130341.67372524977,1171,0,230.05714285714285,32,3,20,37.7914951989026,0.6103515625,46.87499999999999,1012.4999999999991,31.64062499999997,0
1196,4,1,0,36,0.027777777777777776,0.0,1.0,36,1000,800,200,0.8,12,8,4,349.2969943684342,0.4393683862433862,0.1408089963074861,0.19053609943301195,128548.11137843602,1780.293787245274,130328.4051656813,1172,0,224.63888888888889,33,3,16,37.621223564954704,0.6120580808080809,46.4767156862745,1014.0931372549007,30.730095068330325,0
1197,4,0,1,35,0.0,0.027777777777777776,0.9722222222222222,36,600,400,200,0.6666666666666666,8,4,4,347.7304330080334,0.4393683862433862,0.14133207146980298,0.18997787419191345,128610.25694744794,1744.3400675220887,130354.59701497003,1173,1,225.63888888888889,33,3,16,37.5975343320849,0.6126893939393939,46.41544117647058,1014.3382352941163,30.737522281639887,0
1198,4,0,0,35,0.0,0.0,1.0,35,800,400,400,0.5,12,4,8,358.57018556828507,0.4376750700280112,0.14782840773624195,0.19518373016459395,128464.33280086215,2212.6959302622136,130677.02873112436,1174,2,233.02857142857144,32,3,16,37.47171710881388,0.6136067708333333,46.55934343434343,1013.7626262626261,31.680082070707066,0
1199,4,2,0,37,0.05405405405405406,0.0,1.0,37,1200,700,500,0.5833333333333334,17,7,10,342.64982531577505,0.44175425425425424,0.14997784669915792,0.19001490312965724,129201.38888888896,1454.1666666666715,130655.55555555563,1175,0,221.3783783783784,34,3,20,37.12431693989069,0.616421568627451,45.833333333333336,1016.6666666666673,29.901960784313744,0
1200,4,0,1,36,0.0,0.02702702702702703,0.972972972972973,37,800,600,200,0.75,10,6,4,341.1457461063521,0.4419419419419419,0.1498098426218306,0.18947119396882034,129261.9118480725,1419.4302721088332,130681.34212018133,1176,1,222.3783783783784,34,3,21,37.100991180831954,0.6170343137254901,45.77380952380952,1016.9047619047614,29.908963585434158,0
1201,4,1,1,36,0.02702702702702703,0.02702702702702703,0.972972972972973,37,1350,1100,250,0.8148148148148148,16,11,5,336.6934899003653,0.4418793793793794,0.13164351716789002,0.1891027061016661,129701.96926708221,1333.9617358967457,131035.93100297896,1177,0,197.0,35,2,15,36.76724709313335,0.6193452380952381,45.34143518518517,1018.6342592592571,29.103835978835917,0
1202,4,1,1,36,0.02702702702702703,0.02702702702702703,0.972972972972973,37,1100,1000,100,0.9090909090909091,12,10,2,339.41630893522273,0.441285035035035,0.13481298303639133,0.1917843659660279,129937.8714018561,1420.6065404235242,131358.47794227963,1178,0,197.6216216216216,35,2,18,36.458569833882024,0.6217261904761905,45.1099537037037,1019.5601851851849,29.130291005290996,0
1203,4,0,0,36,0.0,0.0,1.0,36,850,600,250,0.7058823529411765,11,6,5,344.6261682242991,0.4404100529100529,0.13574117341640735,0.194078947368421,129807.2562358276,1746.9954648526002,131554.2517006802,1179,1,204.02777777777777,34,2,18,36.45833333333333,0.6225490196078431,45.238095238095234,1019.0476190476186,29.971988795518193,0
1204,4,2,1,37,0.05263157894736842,0.02631578947368421,0.9736842105263158,38,1150,600,550,0.5217391304347826,17,6,11,328.68185580970743,0.4430417259364628,0.12881680496721404,0.18796623153808625,130406.3248214432,972.4385703270984,131378.7633917703,1180,0,194.23684210526315,36,2,21,36.258039323778014,0.6244212962962963,44.65090090090091,1021.3963963963974,28.37212212212215,0
1205,4,0,1,36,0.0,0.02702702702702703,0.972972972972973,37,1000,700,300,0.7,13,7,6,333.8843588709569,0.4426926926926927,0.12439719656214487,0.19125225410473295,130469.43486636227,1312.3407225222838,131781.77558888454,1181,1,196.3783783783784,35,2,21,36.061350590989754,0.6270833333333333,44.58912037037037,1021.6435185185182,29.189814814814806,0
1206,4,0,0,36,0.0,0.0,1.0,36,1000,500,500,0.5,15,5,10,341.95991233116115,0.4397817460317461,0.12080856354664493,0.19544797387668425,130384.14292800447,1717.230017006796,132101.37294501127,1182,2,202.5,34,2,21,35.94144616699694,0.6283700980392157,44.672619047619044,1021.3095238095233,30.03851540616245,0
1207,4,0,1,35,0.0,0.027777777777777776,0.9722222222222222,36,1100,800,300,0.7272727272727273,14,8,6,343.36638968200924,0.4396164021164021,0.1219716686736847,0.19655950566119534,130444.94224773225,1758.0817743763946,132203.02402210864,1183,3,203.5,34,2,22,35.8439672920794,0.6289828431372548,44.61309523809523,1021.5476190476177,30.04551820728287,0
1208,4,0,0,35,0.0,0.0,1.0,35,750,500,250,0.6666666666666666,10,5,5,343.0500163077841,0.43907563025210083,0.12023559948088258,0.19715043105881086,130597.00255102031,1960.2607709750441,132557.26332199536,1184,4,205.65714285714284,34,1,19,35.69813261899215,0.6305147058823529,44.46428571428571,1022.1428571428564,30.063025210084014,0
1209,4,0,1,34,0.0,0.02857142857142857,0.9714285714285714,35,800,500,300,0.625,11,5,6,342.2232040125708,0.4387955182072829,0.1150507234325624,0.1972951223132876,130718.71456916105,1946.995464852608,132665.71003401367,1185,5,206.65714285714284,34,1,20,35.596138921226206,0.6317401960784313,44.345238095238095,1022.619047619048,30.077030812324942,0
1210,4,0,0,34,0.0,0.0,1.0,34,1000,900,100,0.9,11,9,2,353.44972228642445,0.43599598930481287,0.1291057300407572,0.2033432816078174,130638.16350682432,2434.804522299112,133072.96802912344,1186,6,213.58823529411765,33,1,20,35.390693678574266,0.6332070707070707,44.424019607843135,1022.3039215686276,30.978906714200836,0
1211,4,0,0,34,0.0,0.0,1.0,34,1100,700,400,0.6363636363636364,15,7,8,354.7723381013868,0.434863339275104,0.1330099413103365,0.20526640684743458,130857.49959450695,2484.9242178489067,133342.42381235585,1187,7,214.58823529411765,33,1,20,35.134821535513254,0.6354166666666667,44.20955882352941,1023.1617647058827,31.004901960784323,0
1212,4,0,0,34,0.0,0.0,1.0,34,950,500,450,0.5263157894736842,14,5,9,353.0941612896735,0.43432486631016043,0.13275077807038516,0.20512855517482143,131014.28086553248,2452.075523836983,133466.35638936947,1188,8,215.58823529411765,33,1,20,35.01915250179555,0.6369949494949495,44.056372549019606,1023.7745098039215,31.023469994058228,0
1213,4,0,1,33,0.0,0.029411764705882353,0.9705882352941176,34,850,300,550,0.35294117647058826,14,3,11,355.47081563732854,0.4334521687462864,0.13392750328986702,0.2073538414453892,131171.15600069682,2525.5035623317867,133696.6595630286,1189,9,216.58823529411765,33,1,21,34.799691948797694,0.6385732323232323,43.9031862745098,1024.3872549019604,31.042038027332133,0
1214,4,0,0,33,0.0,0.0,1.0,33,1150,800,350,0.6956521739130435,15,8,7,366.11189195381644,0.4317392676767677,0.14112265832576631,0.21281729977444433,131037.09323347111,2994.847623966952,134031.94085743805,1190,10,223.78787878787878,32,1,21,34.66287458379581,0.6396484375,44.034090909090914,1023.8636363636366,31.995738636363644,0
1215,4,0,0,33,0.0,0.0,1.0,33,1450,1100,350,0.7586206896551724,18,11,7,368.0170561122859,0.43122632575757575,0.1364700610541647,0.21500780492089286,131231.07854109272,3059.055039026628,134290.13358011935,1191,11,224.78787878787878,32,1,21,34.41774491682069,0.6416015625,43.84469696969697,1024.621212121212,32.019412878787875,0
1216,4,0,0,33,0.0,0.0,1.0,33,600,400,200,0.6666666666666666,8,4,4,369.2293481214107,0.43047664141414144,0.14149129585867293,0.216080361838608,131295.77219480163,3095.6504757167722,134391.4226705184,1192,12,225.78787878787878,32,1,21,34.321229107634196,0.6422526041666667,43.78156565656566,1024.8737373737379,32.02730429292931,0
1217,4,0,0,33,0.0,0.0,1.0,33,900,700,200,0.7777777777777778,11,7,4,372.4594545963284,0.43035827020202017,0.14148597994165657,0.21853545048371753,131394.86524793843,3187.855954963745,134582.72120290218,1193,13,226.78787878787878,31,2,21,34.13819744306155,0.6458333333333333,43.684895833333336,1025.2604166666672,33.072916666666686,0
1218,4,0,0,33,0.0,0.0,1.0,33,950,600,350,0.631578947368421,13,6,7,374.963561151944,0.4296875,0.14852254456214875,0.22077450932399223,131528.3966064454,3263.671196831611,134792.06780327702,1194,14,227.78787878787878,31,2,21,33.938922738427685,0.6471774193548387,43.55468750000001,1025.7812500000007,33.08971774193551,0
1219,4,0,0,33,0.0,0.0,1.0,33,1100,700,400,0.6363636363636364,15,7,8,400.6582639936363,0.42960858585858586,0.2001020094300321,0.21760804387037475,128375.34798516161,3686.9288126627553,132062.27679782436,1195,15,228.78787878787878,31,2,17,36.496343526489355,0.615255376344086,46.647135416666664,1013.4114583333328,32.69069220430106,8
1220,4,0,0,33,0.0,0.0,1.0,33,600,300,300,0.5,9,3,6,398.9634355273805,0.4293323863636364,0.19558025671562795,0.21722582580532745,128474.3330213758,3651.3122558593695,132125.64527723516,1196,16,229.78787878787878,31,2,18,36.43773011387962,0.616263440860215,46.549479166666664,1013.8020833333328,32.703293010752674,0
1221,4,0,0,33,0.0,0.0,1.0,33,1050,500,550,0.47619047619047616,16,5,11,396.498045502049,0.429095643939394,0.19529484082058257,0.21642069211040355,128573.35620456266,3595.816887749561,132169.1730923122,1197,17,230.78787878787878,31,2,18,36.39868725125177,0.617271505376344,46.451822916666664,1014.1927083333328,32.71589381720428,0
1222,4,1,0,34,0.029411764705882353,0.0,1.0,34,1150,900,250,0.782608695652174,14,9,5,395.6060224023915,0.4305555555555556,0.18230300476736683,0.2147209361333067,128348.7456100416,3422.186678364751,131770.93228840636,1198,0,224.97058823529412,30,4,19,36.65163372684265,0.6177083333333333,46.67338709677419,1013.3064516129031,33.776881720430104,8
1223,4,1,0,35,0.02857142857142857,0.0,1.0,35,1100,700,400,0.6363636363636364,15,7,8,384.18415655608567,0.43315826330532214,0.18278675001374856,0.2103968469459996,128705.44645521372,2889.31867811414,131594.76513332786,1199,0,219.5142857142857,31,4,17,36.57569292955215,0.6186155913978495,46.32161458333333,1014.7135416666663,32.732694892473106,0
1224,4,1,0,36,0.027777777777777776,0.0,1.0,36,1300,1000,300,0.7692307692307693,16,10,6,374.5006480952307,0.4354497354497355,0.18473791685638252,0.20784656920130176,129233.48263251182,2479.604600295869,131713.08723280768,1200,0,214.38888888888889,32,4,19,36.282027401796434,0.6214192708333333,45.80176767676767,1016.792929292928,31.774779040404,0
1225,4,0,0,36,0.0,0.0,1.0,36,1000,500,500,0.5,15,5,10,375.2567676709906,0.43492063492063493,0.18362435175990344,0.20877545030093222,129329.78777675741,2506.3756249362273,131836.16340169363,1201,1,215.38888888888889,32,4,19,36.164556438265485,0.6223958333333333,45.707070707070706,1017.1717171717166,31.786616161616145,0
1226,4,0,0,36,0.0,0.0,1.0,36,900,600,300,0.6666666666666666,12,6,6,376.48284096441614,0.4343584656084656,0.18867664489098424,0.21048576032282407,129522.50567544128,2552.6001811039696,132075.10585654524,1202,2,216.38888888888889,32,4,16,35.936853965103786,0.6243489583333333,45.51767676767677,1017.9292929292928,31.8102904040404,0
1227,4,1,0,37,0.02702702702702703,0.0,1.0,37,1400,900,500,0.6428571428571429,19,9,10,367.4105491863906,0.43512262262262263,0.18523908523908506,0.2076668321488295,129950.01922337565,2149.001585928495,132099.02080930414,1203,0,211.51351351351352,33,4,18,35.73267227564103,0.6262626262626263,45.09803921568628,1019.6078431372551,30.89720736779561,0
1228,4,0,0,37,0.0,0.0,1.0,37,850,700,150,0.8235294117647058,10,7,3,366.36288062438325,0.43512262262262263,0.1813795051810192,0.2075723795396012,130043.75007509133,2128.640576941564,132172.3906520329,1204,1,212.51351351351352,33,4,18,35.664098482117836,0.627209595959596,45.006127450980394,1019.9754901960786,30.908348187759955,0
1229,4,0,0,37,0.0,0.0,1.0,37,800,500,300,0.625,11,5,6,369.56143794240126,0.43440315315315314,0.1837032805084693,0.20988871298147554,130137.51471789693,2218.761413879277,132356.27613177622,1205,2,213.51351351351352,33,4,18,35.48722876130995,0.6281565656565656,44.91421568627451,1020.3431372549018,30.919489007724295,0
1230,4,0,1,36,0.0,0.02702702702702703,0.972972972972973,37,1100,900,200,0.8181818181818182,13,9,4,372.2601826092405,0.4334021521521521,0.19060137814511546,0.21193617567673476,130232.2066326529,2296.053004535129,132528.25963718802,1206,3,214.51351351351352,34,3,18,35.322146411632076,0.6268382352941176,44.82142857142856,1020.7142857142844,30.021008403361307,0
1231,4,0,1,35,0.0,0.027777777777777776,0.9722222222222222,36,1300,900,400,0.6923076923076923,17,9,8,371.7570807811974,0.43214285714285716,0.18560746508466197,0.2128723666384053,130455.99819214873,2499.5952978298737,132955.5934899786,1207,4,216.44444444444446,32,4,18,35.107681374366585,0.6337890625,44.60227272727273,1021.5909090909089,31.924715909090903,0
1232,4,0,0,35,0.0,0.0,1.0,35,900,700,200,0.7777777777777778,11,7,4,370.3937883024094,0.43119747899159666,0.15759153337671683,0.21309137807025513,130638.16350682429,2677.512855632445,133315.67636245672,1208,5,210.02857142857144,33,2,15,34.957644050187795,0.6332070707070707,44.424019607843135,1022.3039215686274,30.978906714200832,0
1233,4,0,0,35,0.0,0.0,1.0,35,800,500,300,0.625,11,5,6,369.2976165087093,0.4309873949579832,0.1585528065974997,0.21323959146793217,130779.59183673467,2659.3183106575943,133438.91014739228,1209,6,211.02857142857144,34,1,15,34.84224666356301,0.6323529411764706,44.285714285714285,1022.8571428571427,30.08403361344537,0
1234,4,0,0,35,0.0,0.0,1.0,35,1150,600,550,0.5217391304347826,17,6,11,367.8818873409798,0.43025210084033616,0.15495579339227583,0.21309384795034106,130901.38888888885,2631.2499999999955,133532.63888888885,1210,7,212.02857142857144,34,1,16,34.7550217155266,0.633578431372549,44.166666666666664,1023.3333333333329,30.098039215686264,0
1235,4,0,1,34,0.0,0.02857142857142857,0.9714285714285714,35,1600,1200,400,0.75,20,12,8,368.0977939555399,0.4297619047619048,0.1513425549227012,0.21440388093429327,131114.67013888896,2652.604166666671,133767.27430555562,1211,8,213.02857142857144,34,1,17,34.53349606726335,0.6357230392156863,43.958333333333336,1024.1666666666672,30.12254901960786,0
1236,4,1,1,34,0.02857142857142857,0.02857142857142857,0.9714285714285714,35,1200,900,300,0.75,15,9,6,363.3335180064395,0.4301820728291317,0.12004952197537722,0.2034080099459229,129575.43372741232,2422.24324778929,131997.6769752016,1212,0,206.31428571428572,33,2,16,36.217601508586114,0.6224747474747474,45.46568627450979,1018.1372549019591,30.852644087938152,8
1237,4,0,0,34,0.0,0.0,1.0,34,800,600,200,0.75,10,6,4,367.0459473046848,0.42778891859774215,0.1488820174734915,0.20588265722945626,129651.06398581747,2717.5795199469094,132368.64350576437,1213,1,213.11764705882354,32,2,16,36.0461091825771,0.6256510416666667,45.391414141414124,1018.4343434343409,31.826073232323154,0
1238,4,0,0,34,0.0,0.0,1.0,34,1000,600,400,0.6,14,6,8,365.9074161863643,0.4266934046345811,0.15076854679426033,0.20608784061689747,129811.8515489488,2699.8238381287256,132511.67538707753,1214,2,214.11764705882354,32,2,17,35.91149382563085,0.6272786458333333,45.23358585858584,1019.0656565656543,31.845801767676697,0
1239,4,1,0,35,0.02857142857142857,0.0,1.0,35,1150,1000,150,0.8695652173913043,13,10,3,359.4988141294448,0.42776610644257707,0.14547576147576202,0.20401006323296703,130106.25608239608,2354.6089544886445,132460.86503688473,1215,0,208.97142857142856,33,2,18,35.77565065065065,0.6278409090909092,44.944852941176464,1020.2205882352932,30.915775401069492,0
1240,4,0,0,35,0.0,0.0,1.0,35,950,600,350,0.631578947368421,13,6,7,359.00022315842443,0.4275560224089636,0.13493645266967413,0.20438228699155947,130231.31315179245,2350.6140967416195,132581.92724853408,1216,1,209.97142857142856,33,2,18,35.661418937847664,0.6291035353535354,44.82230392156862,1020.7107843137244,30.93062982768862,0
1241,4,0,0,35,0.0,0.0,1.0,35,950,600,350,0.631578947368421,13,6,7,363.84206853986063,0.42696078431372547,0.14581469867543984,0.20847775432417967,130481.60750973162,2494.939596549377,132976.547106281,1217,2,210.97142857142856,33,2,19,35.28385010595338,0.6316287878787878,44.57720588235293,1021.6911764705865,30.960338680926863,0
1242,4,0,0,35,0.0,0.0,1.0,35,900,700,200,0.7777777777777778,11,7,4,363.9494160067633,0.42668067226890755,0.15195614936622182,0.2090453257228927,130575.5298442905,2504.57756632063,133080.10741061115,1218,3,211.97142857142856,33,2,16,35.18585131894485,0.6325757575757576,44.48529411764705,1022.0588235294105,30.971479500891228,0
1243,4,0,0,35,0.0,0.0,1.0,35,700,300,400,0.42857142857142855,11,3,8,358.37476214748125,0.42633053221288514,0.0813181650390955,0.19484053160432033,128415.88010204089,2204.202097505677,130620.08219954657,1219,4,212.97142857142856,34,1,15,37.526182366298634,0.6084558823529411,46.60714285714286,1013.5714285714291,29.810924369747916,8
1244,4,0,0,35,0.0,0.0,1.0,35,1250,900,350,0.72,16,9,7,355.87247868989084,0.42514005602240895,0.0840209901587674,0.194508620328195,128627.12762188209,2154.970946712022,130782.09856859411,1220,5,213.97142857142856,34,1,16,37.37384109846262,0.6106004901960784,46.398809523809526,1014.4047619047619,29.83543417366947,0
1245,4,0,0,35,0.0,0.0,1.0,35,1200,600,600,0.5,18,6,12,354.25739141792997,0.4255952380952381,0.07929231220370503,0.19427661446803143,128760.50407503838,2122.8720582561505,130883.37613329453,1221,6,214.97142857142856,35,0,16,37.27869483407458,0.6098214285714285,46.2673611111111,1014.9305555555538,28.998015873015824,0
1246,4,2,0,37,0.05405405405405406,0.0,1.0,37,1050,600,450,0.5714285714285714,15,6,9,340.94501584039216,0.43018018018018017,0.08529540239078148,0.1893516377480205,129260.23046339162,1415.6333054698196,130675.86376886144,1222,0,204.2972972972973,35,2,18,37.107804082252066,0.6148809523809524,45.77546296296296,1016.898148148148,29.0542328042328,0
1247,4,0,0,37,0.0,0.0,1.0,37,1150,700,450,0.6086956521739131,16,7,9,341.75731296773165,0.42986736736736736,0.08695892888450141,0.189944434474855,129289.65627411264,1437.1371045524713,130726.79337866511,1223,1,205.2972972972973,35,2,18,37.05722942983953,0.6151785714285714,45.74652777777778,1017.0138888888888,29.05753968253968,0
1248,4,0,0,37,0.0,0.0,1.0,37,550,300,250,0.5454545454545454,8,3,5,342.2240241948667,0.4295858358358358,0.08950780548413673,0.1903458686471195,129319.08543381348,1451.2195644718852,130770.30499828537,1224,2,206.2972972972973,35,2,18,37.01543771810044,0.6154761904761905,45.717592592592595,1017.12962962963,29.06084656084657,0
1249,4,0,0,37,0.0,0.0,1.0,37,1250,1000,250,0.8,15,10,5,341.02587320855184,0.4280217717717718,0.08710236785458014,0.1907718993691407,129545.08562616697,1435.6451891080594,130980.73081527503,1225,3,207.2972972972973,36,1,16,36.81623340707965,0.6157407407407407,45.49549549549551,1018.0180180180201,28.278278278278336,0
1250,4,1,2,36,0.02631578947368421,0.05263157894736842,0.9473684210526316,38,500,400,100,0.8,6,4,2,339.58491946640754,0.43133594120436225,0.09620436633753005,0.19155227010677933,129871.11418898118,1220.454370575557,131091.56855955673,1226,0,202.81578947368422,37,1,17,36.52198078026392,0.6171171171171171,45.175438596491226,1019.2982456140348,27.54860123281175,0
1251,4,0,0,36,0.0,0.0,1.0,36,1100,700,400,0.6363636363636364,15,7,8,354.7875271258615,0.4254298941798942,0.09278820305021185,0.18706376585796053,127182.05959467123,1849.4572407679675,129031.5168354392,1227,1,214.86111111111111,34,2,20,38.880610960305305,0.5958946078431373,47.827380952380956,1008.6904761904765,29.66736694677872,8
1252,4,0,0,36,0.0,0.0,1.0,36,900,500,400,0.5555555555555556,13,5,8,354.868539840506,0.42534722222222227,0.09609131198699261,0.18724508135793594,127212.08191609995,1828.7131519274585,129040.79506802741,1228,2,215.86111111111111,34,2,20,38.84774998033198,0.5962009803921569,47.79761904761906,1008.8095238095253,29.67086834733898,0
1253,4,0,0,36,0.0,0.0,1.0,36,950,700,250,0.7368421052631579,12,7,5,353.7284878876377,0.4255787037037037,0.09232392335718598,0.1871978851630083,127332.20663265312,1808.2057823129294,129140.41241496605,1229,3,216.86111111111111,34,2,17,38.75324368954942,0.5974264705882353,47.67857142857143,1009.2857142857148,29.684873949579845,0
1254,4,0,0,36,0.0,0.0,1.0,36,1350,1000,350,0.7407407407407407,17,10,7,357.0984003876234,0.4255125661375661,0.08388325870060553,0.19010897275341085,127572.62613378669,1911.1961451246998,129483.8222789114,1230,4,217.86111111111111,34,2,18,38.42161599497211,0.5998774509803921,47.44047619047618,1010.2380952380939,29.712885154061585,0
1255,4,0,0,36,0.0,0.0,1.0,36,1400,1100,300,0.7857142857142857,17,11,6,357.6689284908421,0.4255787037037037,0.07962395980530723,0.19126728845996405,127753.08956916093,1938.6621315192674,129691.7517006802,1231,5,218.86111111111111,34,2,19,38.22224839064217,0.6017156862745099,47.26190476190476,1010.9523809523804,29.733893557422952,0
1256,4,1,0,37,0.02702702702702703,0.0,1.0,37,1100,900,200,0.8181818181818182,13,9,4,351.2245044958759,0.4286786786786787,0.08633693714292767,0.1895225626665902,128115.23604948995,1599.4420599708603,129714.6781094608,1232,0,213.9189189189189,35,2,20,38.014581189741264,0.6032738095238095,46.90393518518519,1012.3842592592598,28.925264550264565,0
1257,4,0,0,37,0.0,0.0,1.0,37,550,100,450,0.18181818181818182,10,1,9,351.4030720249285,0.42899149149149146,0.08786564342119929,0.18975765889346138,128144.53124999999,1606.0763888888882,129750.60763888888,1233,1,214.9189189189189,35,2,20,37.980109739369006,0.6035714285714286,46.875,1012.4999999999999,28.928571428571427,0
1258,4,1,1,37,0.02631578947368421,0.02631578947368421,0.9736842105263158,38,800,500,300,0.625,11,5,6,342.00246913580247,0.43179528212422946,0.08980116959064333,0.18587090713902316,128401.20525931347,1182.705847739644,129583.91110705312,1234,0,210.23684210526315,36,2,14,37.95601851851854,0.6041666666666667,46.62162162162163,1013.5135135135143,28.153153153153177,0
1259,4,1,0,38,0.02631578947368421,0.0,1.0,38,950,600,350,0.631578947368421,13,6,7,345.71156449278305,0.4329658605974396,0.11122503227766356,0.18910233664332024,128658.13607103737,1295.7211011687473,129953.85717220612,1235,0,211.21052631578948,36,2,16,37.599900099900104,0.6067708333333333,46.36824324324325,1014.527027027028,28.181306306306332,0
1260,4,0,0,38,0.0,0.0,1.0,38,950,700,250,0.7368421052631579,12,7,5,344.9022787443052,0.4328621384542437,0.1069770565323771,0.18920293599040924,128772.40997331796,1282.7795278386557,130055.18950115662,1236,1,212.21052631578948,36,2,17,37.50392950922742,0.6079282407407407,46.255630630630634,1014.9774774774779,28.19381881881883,0
1261,4,0,1,37,0.0,0.02631578947368421,0.9736842105263158,38,1400,900,500,0.6428571428571429,19,9,10,356.8623498863988,0.4328621384542437,0.09488229153226269,0.1903973084352286,127660.40322417022,1595.6726574547652,129256.07588162499,1237,2,213.21052631578948,36,2,15,38.337604932768755,0.5966435185185186,47.35360360360361,1010.5855855855864,28.071821821821842,7
1262,4,0,1,36,0.0,0.02702702702702703,0.972972972972973,37,650,300,350,0.46153846153846156,10,3,7,367.09612328872447,0.43140015015015015,0.1005550275966034,0.19579207406437735,127646.9683025764,1971.741442686909,129618.7097452633,1238,3,218.9189189189189,35,2,15,38.0928349177261,0.5985119047619047,47.36689814814815,1010.5324074074082,28.872354497354518,0
1263,4,1,0,37,0.02702702702702703,0.0,1.0,37,700,500,200,0.7142857142857143,9,5,4,362.59497614796135,0.43043043043043044,0.11525759168779759,0.19466093928336498,127910.26341735253,1875.9237825788755,129786.1871999314,1239,0,218.1891891891892,35,2,17,37.93668954996186,0.6011904761904762,47.10648148148148,1011.5740740740739,28.9021164021164,0
1264,4,1,0,38,0.02631578947368421,0.0,1.0,38,1300,1000,300,0.7692307692307693,16,10,6,357.5473788953382,0.43357337600758655,0.12291427769066954,0.19376483256279908,128287.0962178395,1573.7429997565177,129860.83921759602,1240,0,213.42105263157896,36,2,18,37.67878316288721,0.6030092592592593,46.734234234234236,1013.0630630630634,28.14064064064065,0
1265,4,2,0,40,0.05,0.0,1.0,40,1150,700,450,0.6086956521739131,16,7,9,345.03582239309816,0.4379273504273504,0.13413203577064703,0.18989956524877794,128902.8613873364,895.2209575206169,129798.08234485702,1241,0,203.7,38,2,18,37.36761353673504,0.6055372807017544,46.12713675213674,1015.4914529914518,26.72345928924873,0
1266,4,1,0,41,0.024390243902439025,0.0,1.0,41,1600,1200,400,0.75,20,12,8,342.25285514998353,0.4379827235772358,0.13110428552032571,0.1904494116822322,129337.19735051869,653.5502958579865,129990.74764637668,1242,0,199.70731707317074,38,3,20,36.99628890522705,0.6099232456140351,45.699786324786324,1017.2008547008548,26.76844354475934,0
1267,4,0,0,41,0.0,0.0,1.0,41,1250,800,450,0.64,17,8,9,342.88518599252205,0.4379319105691057,0.13449213887223954,0.19093290883162536,129364.36760355024,671.4250493096583,130035.7926528599,1243,1,200.70731707317074,38,3,20,36.952583490863276,0.6101973684210527,45.67307692307692,1017.3076923076918,26.77125506072873,0
1268,4,0,1,40,0.0,0.024390243902439025,0.975609756097561,41,1000,800,200,0.8,12,8,4,378.641558284008,0.4376016260162601,0.1771805544897158,0.20208102158099012,127673.13169677202,1471.5782434934406,129144.70994026546,1244,2,201.70731707317074,37,4,18,37.77428935662362,0.5948761261261262,47.34100877192982,1010.6359649122801,27.31448553816973,8
1269,4,0,1,39,0.0,0.025,0.975,40,850,500,350,0.5882352941176471,12,5,7,385.2056541609097,0.4353899572649573,0.18850515463917517,0.2053019145802651,127617.73003472228,1831.814236111115,129449.54427083339,1245,4,207.7,37,3,19,37.66537800687284,0.5943130630630631,47.395833333333336,1010.4166666666671,27.30855855855857,0
1270,4,0,0,39,0.0,0.0,1.0,39,1200,700,500,0.5833333333333334,17,7,10,389.2706434843474,0.4339293747188484,0.18594527896076318,0.20812880086712224,127745.77100326664,2145.535696169124,129891.30669943577,1246,5,212.84615384615384,36,3,19,37.43107385540827,0.5975115740740741,47.269144144144136,1010.9234234234223,28.081206206206176,0
1271,4,1,0,40,0.025,0.0,1.0,40,700,400,300,0.5714285714285714,10,4,6,385.7144119549977,0.4374732905982906,0.1915366699165857,0.20785345807102043,128061.27997316464,1879.0162598106904,129940.29623297532,1247,0,208.5,37,3,20,37.19701278301375,0.5988175675675675,46.95723684210525,1012.1710526315775,27.35597439544804,0
1272,4,2,2,40,0.047619047619047616,0.047619047619047616,0.9523809523809523,42,1200,1000,200,0.8333333333333334,14,10,4,325.35719131139285,0.439133275261324,0.12190303410584091,0.1783079991943601,128733.87008180121,-23.10192070786752,128710.76816109335,1248,0,199.52380952380952,42,0,14,38.039084630319245,0.5974702380952381,46.2936046511628,1014.8255813953508,24.16251384274645,8
1273,4,1,0,41,0.024390243902439025,0.0,1.0,41,1400,1000,400,0.7142857142857143,18,10,8,335.0694670265343,0.43645833333333334,0.04941483084185627,0.1760534487766541,127040.7826029483,322.5207343178527,127363.30333726614,1249,0,199.90243902439025,40,1,14,39.52263944892472,0.5833333333333333,47.96747967479676,1008.1300813008156,25.20325203252039,8
1274,4,1,2,40,0.023809523809523808,0.047619047619047616,0.9523809523809523,42,1300,900,400,0.6923076923076923,17,9,8,323.6275523141698,0.4389276035617499,0.05065667390710238,0.17122776888822722,127322.68248273207,-158.96405496064338,127163.71842777143,1250,0,196.11904761904762,40,2,11,39.522496895243876,0.5861979166666667,47.688008130081315,1009.2479674796766,25.231199186991915,0
1275,4,1,1,40,0.024390243902439025,0.024390243902439025,0.975609756097561,41,1850,1500,350,0.8108108108108109,22,15,7,332.69051776458474,0.43597560975609756,0.05038116834578754,0.176276862091667,127381.02349175335,275.69173177082337,127656.71522352418,1251,0,201.8048780487805,39,2,13,39.23410466756098,0.5884081196581197,47.63020833333333,1009.4791666666656,25.88408119658117,0
1276,4,1,0,41,0.024390243902439025,0.0,1.0,41,1050,700,350,0.6666666666666666,14,7,7,334.86123240758945,0.4345528455284553,0.06194483344689128,0.17858652092281582,127644.0443250866,348.60839843748045,127992.65272352408,1252,0,202.78048780487805,39,2,15,38.910185376078076,0.5910790598290598,47.36979166666666,1010.5208333333317,25.910790598290557,0
1277,4,0,2,39,0.0,0.04878048780487805,0.9512195121951219,41,1300,900,400,0.6923076923076923,17,9,8,335.1300129967524,0.4343241869918699,0.06810775226326493,0.1794322689552935,127801.98703341995,366.056315104147,128168.0433485241,1253,1,203.78048780487805,39,2,15,38.741908760001365,0.5926816239316239,47.21354166666666,1011.1458333333318,25.9268162393162,0
1278,4,1,0,40,0.025,0.0,1.0,40,1550,1300,250,0.8387096774193549,18,13,5,335.7303533483473,0.4341613247863248,0.07686227804244283,0.18154599200968008,128200.04712988617,609.0463081188489,128809.09343800502,1254,0,205.8,37,3,17,38.320160242529234,0.6002252252252251,46.82017543859649,1012.7192982456144,27.370791844476063,0
1279,4,0,2,38,0.0,0.05,0.95,40,900,500,400,0.5555555555555556,13,5,8,353.61855232063647,0.4337072649572649,0.06186791630340016,0.18352962873835738,126539.8007079101,953.2596568174797,127493.06036472757,1255,1,206.8,37,3,20,39.5701649229875,0.5833333333333333,48.46491228070175,1006.1403508771928,27.192982456140346,8
1280,4,1,1,38,0.02564102564102564,0.02564102564102564,0.9743589743589743,39,1350,900,450,0.6666666666666666,18,9,9,364.4805008904004,0.43120220422852,0.07914413368755646,0.19081375315777735,126893.37722435285,1450.032338081339,128343.40956243419,1256,0,210.4102564102564,36,3,21,38.93297567154727,0.5888310185185186,48.113738738738746,1007.545045045046,27.98736236236239,0
1281,4,1,1,38,0.02564102564102564,0.02564102564102564,0.9743589743589743,39,1100,900,200,0.8181818181818182,13,9,4,356.8745304282492,0.4328328834907782,0.055944055944055604,0.18774703557312256,127092.01388888898,1271.1805555555638,128363.19444444454,1257,0,179.89743589743588,37,2,22,38.920454545454525,0.5889639639639639,47.91666666666667,1008.3333333333342,27.252252252252276,0
1282,4,1,0,39,0.02564102564102564,0.0,1.0,39,1550,1000,550,0.6451612903225806,21,10,11,357.3478663412169,0.43415429599640126,0.06236179722418256,0.18908212345239167,127325.53155006879,1299.9014060356894,128625.43295610447,1258,0,180.64102564102564,35,4,20,38.66876911314986,0.5952380952380952,47.6851851851852,1009.2592592592608,28.83597883597888,0
1283,4,0,0,39,0.0,0.0,1.0,39,850,700,150,0.8235294117647058,10,7,3,357.78908815169086,0.4343229869545659,0.058744145431452344,0.18945225487376438,127354.73632812512,1313.226996527792,128667.96332465291,1259,1,181.64102564102564,35,4,20,38.62766597867216,0.5955357142857143,47.65625000000001,1009.3750000000009,28.83928571428574,0
1284,4,1,3,37,0.025,0.075,0.925,40,900,700,200,0.7777777777777778,11,7,4,366.53506866029056,0.4371527777777778,0.11232981993851565,0.18183014190402652,124671.26904432137,1139.278431825181,125810.54747614654,1260,0,178.075,37,3,18,41.177627726540756,0.5641891891891893,50.328947368421055,998.6842105263161,26.991465149359893,8
1285,4,6,1,42,0.13953488372093023,0.023255813953488372,0.9767441860465116,43,1250,1000,250,0.8,15,10,5,337.95709771831207,0.4463362864525655,0.16429230218075652,0.17271475797965993,125906.24188452213,-88.51990516313242,125817.72197935899,1261,0,165.7674418604651,37,6,18,40.61589551695255,0.5768581081081081,49.0953947368421,1003.6184210526313,27.124822190611656,0
1286,4,1,2,41,0.023255813953488372,0.046511627906976744,0.9534883720930233,43,1350,1000,350,0.7407407407407407,17,10,7,330.08025139078427,0.4489894795127353,0.1318177930261073,0.15994185646599002,123682.35260096513,-429.42199272027847,123252.93060824485,1262,0,166.74418604651163,40,3,18,43.11274008990604,0.5489583333333333,51.32113821138212,994.7154471544723,24.867886178861806,8
1287,4,6,0,47,0.1276595744680851,0.0,1.0,47,1000,800,200,0.8,12,8,4,301.69773252587,0.4584104224483503,0.19518174389395004,0.15103301543843373,125050.81817205345,-1833.233049937228,123217.58512211622,1263,0,152.3404255319149,40,7,15,42.405210661789624,0.5630208333333333,49.94918699186991,1000.2032520325185,25.005081300812964,0
1288,4,1,4,44,0.020833333333333332,0.08333333333333333,0.9166666666666666,48,1600,1000,600,0.625,22,10,12,323.4658135222007,0.4590721040189125,0.19948347107438003,0.15849670757864892,124153.56954397299,-1535.0638141757952,122618.5057297972,1264,0,150.14583333333334,42,6,16,42.788648517258125,0.550843253968254,50.84786821705428,996.6085271317852,23.728774455518696,8
1289,4,7,4,47,0.13725490196078433,0.0784313725490196,0.9215686274509804,51,1450,900,550,0.6206896551724138,20,9,11,314.8741750855465,0.4649509803921568,0.2719336186486978,0.1589130602384869,125387.89736193744,-2295.091284327857,123092.80607760958,1265,0,141.92156862745097,42,9,14,41.72834429824562,0.5634920634920635,49.6124031007752,1001.5503875968998,23.846437799926186,0
1290,4,2,1,48,0.04081632653061224,0.02040816326530612,0.9795918367346939,49,1550,1100,450,0.7096774193548387,20,11,9,331.66611102402356,0.46251417233560094,0.2804621402795884,0.167324807135808,125372.30061295354,-1483.6513251133788,123888.64928784016,1266,0,148.51020408163265,41,8,16,41.32398464586427,0.5647865853658536,49.62797619047619,1001.4880952380954,24.42653890824623,0
1291,4,1,0,49,0.02040816326530612,0.0,1.0,49,1100,700,400,0.6363636363636364,15,7,8,329.4957894858525,0.4624255952380953,0.2855485792693151,0.16662884216412766,125471.67427445542,-1531.5223253653012,123940.15194909013,1267,0,149.48979591836735,41,8,17,41.275848268805504,0.5658028455284553,49.528769841269856,1001.8849206349228,24.43621757646153,0
1292,4,0,0,49,0.0,0.0,1.0,49,1950,1400,550,0.717948717948718,25,14,11,329.27623969623295,0.4623724489795918,0.2824421930292309,0.1670184300145953,125595.94671201812,-1528.847789115644,124067.09892290247,1268,1,150.48979591836735,41,8,17,41.15325613618369,0.5670731707317074,49.404761904761905,1002.3809523809522,24.448315911730543,0
1293,4,1,5,45,0.02,0.1,0.9,50,1700,1100,600,0.6470588235294118,23,11,12,320.7407409271184,0.4635714285714286,0.27878945844193415,0.1640767079142726,125946.55261289893,-1920.7618795444946,124025.79073335443,1269,0,148.46,42,8,18,41.006411494030935,0.5691964285714286,49.05523255813954,1003.7790697674425,23.899501661129584,0
1294,4,2,1,46,0.0425531914893617,0.02127659574468085,0.9787234042553191,47,1350,700,650,0.5185185185185185,20,7,13,333.9058562138126,0.4633826703669442,0.2775482397764475,0.17090507632916394,125969.13309594675,-987.633751417234,124981.49934452951,1270,0,156.17021276595744,41,6,20,40.652794248443506,0.5708841463414633,49.032738095238095,1003.8690476190479,24.484610917537754,0
1295,4,2,1,47,0.041666666666666664,0.020833333333333332,0.9791666666666666,48,1450,1000,450,0.6896551724137931,19,10,9,327.8068733344014,0.46386487884160754,0.27555841924398616,0.16945251853555734,126375.7157198096,-1314.5900643496598,125061.12565545994,1271,0,153.25,40,8,15,40.38790344316422,0.5765625,48.6280487804878,1005.4878048780485,25.137195121951212,0
1296,4,0,0,47,0.0,0.0,1.0,47,1350,1000,350,0.7407407407407407,17,10,7,338.1251990177857,0.46257323465926614,0.28027522227880697,0.17459851769505894,126331.65283203126,-856.8169487847213,125474.83588324655,1272,1,157.51063829787233,39,8,15,40.1738377715608,0.577724358974359,48.671875,1005.3125000000001,25.77724358974359,0
1297,4,0,1,46,0.0,0.02127659574468085,0.9787234042553191,47,1000,600,400,0.6,14,6,8,337.4737528991899,0.4626503237742831,0.28028517862364377,0.17466737754656794,126426.81274373707,-866.8538072575966,125559.95893647948,1273,2,158.51063829787233,40,7,16,40.09237739153867,0.5770833333333334,48.57723577235772,1005.691056910568,25.1422764227642,0
1298,4,1,0,47,0.02127659574468085,0.0,1.0,47,2000,1600,400,0.8,24,16,8,336.4706461096214,0.4610121800801727,0.1761534907258686,0.17587411610162396,126829.56271701408,-796.2024570464625,126033.36025996762,1274,0,159.4255319148936,39,8,14,39.70398138572905,0.5827991452991452,48.17708333333334,1007.2916666666682,25.827991452991494,8
1299,4,1,1,47,0.020833333333333332,0.020833333333333332,0.9791666666666666,48,1450,900,550,0.6206896551724138,20,9,11,333.7174653099752,0.46144540484633567,0.18209915399335297,0.17634277344666036,127271.40472147882,-1105.461881981603,126165.9428394972,1275,0,157.08333333333334,40,8,15,39.32042501762513,0.5856770833333333,47.73882113821139,1009.0447154471561,25.226117886178905,0
1300,4,3,1,49,0.06,0.02,0.98,50,1250,900,350,0.72,16,9,7,324.0818663597711,0.46292517006802725,0.19246693502012624,0.17340872787681297,127776.88108436999,-1717.965980109362,126058.91510426062,1276,0,151.54,42,8,16,39.04682608140055,0.5877976190476191,47.23837209302326,1011.0465116279074,24.072535991140654,0
1301,4,0,1,48,0.0,0.02040816326530612,0.9795918367346939,49,950,500,450,0.5263157894736842,14,5,9,336.31728770012944,0.46079577664399096,0.19795377674178294,0.1799165080814706,127768.13394628672,-1205.8735473356135,126562.26039895111,1277,1,155.6326530612245,41,8,16,38.74650426847218,0.5891768292682926,47.2470238095238,1011.0119047619037,24.658826945412287,0
1302,4,1,4,45,0.02040816326530612,0.08163265306122448,0.9183673469387755,49,1400,1200,200,0.8571428571428571,16,12,4,328.76333004195067,0.46235473356009066,0.19573861138519533,0.1770981424594211,128046.43956380326,-1380.6052257977294,126665.83433800553,1278,0,154.42857142857142,42,7,17,38.653263124301894,0.5905257936507937,46.9718992248062,1012.1124031007753,24.09791435954227,0
1303,4,0,0,45,0.0,0.0,1.0,45,750,400,350,0.5333333333333333,11,4,7,350.2876752562626,0.45656565656565656,0.20433266406002315,0.18738113459299124,127766.20513048803,-49.01460570530867,127717.19052478272,1279,1,167.93333333333334,38,7,17,38.39537320793265,0.5940241228070176,47.248931623931625,1011.0042735042739,26.605375618533525,0
1304,4,1,0,46,0.021739130434782608,0.0,1.0,46,1200,1000,200,0.8333333333333334,14,10,4,342.27820564391374,0.45744766505636075,0.21469197356169412,0.18508015466620983,128198.62349559875,-423.52173734384667,127775.1017582549,1280,0,165.2608695652174,38,8,18,38.15583570700143,0.5984100877192983,46.8215811965812,1012.713675213676,26.650359874044103,0
1305,4,2,1,47,0.041666666666666664,0.020833333333333332,0.9791666666666666,48,1050,800,250,0.7619047619047619,13,8,5,332.6344436712118,0.46081744976359335,0.22790682151915598,0.18254685842791576,128788.44024720755,-1032.1057654173906,127756.33448179015,1281,0,159.33333333333334,40,8,16,37.79890034708317,0.6010416666666667,46.23983739837399,1015.0406504065056,25.37601626016264,0
1306,4,0,0,47,0.0,0.0,1.0,47,1250,600,650,0.48,19,6,13,336.204819388685,0.4600485661424607,0.2276429862317637,0.18495059703165365,128883.87586805562,-733.7239583333281,128150.15190972229,1282,1,162.87234042553192,39,8,16,37.61113390781014,0.6036324786324787,46.145833333333336,1015.4166666666672,26.0363247863248,0
1307,4,1,2,46,0.020833333333333332,0.041666666666666664,0.9583333333333334,48,1600,1000,600,0.625,22,10,12,334.3131033524824,0.459838578605201,0.23145895229313918,0.18551621386148856,129227.86593967026,-959.0955946180463,128268.77034505221,1283,0,160.45833333333334,39,9,17,37.30929634941775,0.6071047008547008,45.80729166666667,1016.7708333333344,26.071047008547037,0
1308,4,0,1,45,0.0,0.021739130434782608,0.9782608695652174,46,1150,600,550,0.5217391304347826,17,6,11,342.2995856032834,0.45775966183574884,0.2384724348283036,0.18969018969220966,129174.23575726853,-356.74252593323655,128817.49323133529,1284,1,167.7608695652174,38,8,17,37.16084252933964,0.6082785087719298,45.86004273504273,1016.5598290598284,26.751574448942854,0
1309,4,1,1,45,0.021739130434782608,0.021739130434782608,0.9782608695652174,46,1700,1300,400,0.7647058823529411,21,13,8,343.99338585017847,0.4584440418679549,0.24258808095952022,0.1918424651856764,129424.43828870414,-295.76699869368446,129128.67129001046,1285,0,168.54347826086956,37,9,18,36.86332614942529,0.6126126126126126,45.614035087719294,1017.5438596491222,27.50118539592222,0
1310,4,1,0,46,0.021739130434782608,0.0,1.0,46,1350,1100,250,0.8148148148148148,16,11,5,349.70435935256853,0.4577898550724638,0.263307904712875,0.19641798660129117,129703.5205544011,-128.42268775010785,129575.09786665099,1286,0,169.17391304347825,37,9,16,36.43433799784713,0.615427927927928,45.33991228070174,1018.6403508771909,27.530820293978135,0
1311,4,1,1,46,0.02127659574468085,0.02127659574468085,0.9787234042553191,47,1200,800,400,0.6666666666666666,16,8,8,344.9133587667911,0.4586995066296639,0.26736065445872303,0.1951510379033207,129990.07100819997,-432.937600445617,129557.13340775436,1287,0,166.5531914893617,38,9,17,36.26549676968744,0.6165021929824561,45.05876068376068,1019.7649572649569,26.83591992802518,0
1312,4,0,0,46,0.0,0.0,1.0,46,1400,1000,400,0.7142857142857143,18,10,8,353.82032604925433,0.45638083735909823,0.26852734922861154,0.20015383407895757,129982.9033933517,-1.8813481071204876,129981.02204524458,1288,1,170.93478260869566,37,9,17,36.04569892473118,0.6182432432432432,45.065789473684205,1019.7368421052624,27.56045519203412,0
1313,4,0,1,45,0.0,0.021739130434782608,0.9782608695652174,46,1250,900,350,0.72,16,9,7,356.2006524951052,0.4562097423510467,0.2700675186318715,0.20222373834453647,130122.707527797,69.95866516620427,130192.66619296321,1289,2,171.93478260869566,37,9,19,35.84307272075946,0.6196509009009009,44.92872807017544,1020.2850877192982,27.575272641062114,0
1314,4,0,0,45,0.0,0.0,1.0,45,1650,1100,550,0.6666666666666666,22,11,11,385.64150867140927,0.45309343434343435,0.2851745631142206,0.20361217632275452,127237.93730977808,878.3654537786442,128116.30276355673,1290,3,176.57777777777778,35,10,19,38.04503173874802,0.5943452380952381,47.77199074074075,1008.9120370370381,28.82605820105823,8
1315,4,0,1,44,0.0,0.022222222222222223,0.9777777777777777,45,1200,900,300,0.75,15,9,6,392.2101130930887,0.45216750841750847,0.29372778351106477,0.20767846971978335,127354.73632812525,989.9631076389169,128344.69943576417,1291,4,177.57777777777778,35,10,18,37.75907292741658,0.5955357142857143,47.656250000000014,1009.3750000000019,28.83928571428577,0
1316,4,1,0,45,0.022222222222222223,0.0,1.0,45,1000,800,200,0.8,12,8,4,388.1637330397781,0.45368265993265994,0.29122003359291493,0.20717883355154934,127676.20991941034,911.8548525377494,128588.06477194809,1292,0,172.2888888888889,35,10,20,37.53053901358988,0.5988095238095238,47.337962962962976,1010.6481481481497,28.875661375661423,0
1317,4,1,1,45,0.021739130434782608,0.021739130434782608,0.9782608695652174,46,1650,900,750,0.5454545454545454,24,9,15,376.2245975627586,0.4543075684380032,0.28749770386175055,0.2027395948687585,128061.27997316518,435.9607042551926,128497.24067742037,1293,0,169.52173913043478,37,9,21,37.437145668580506,0.5988175675675675,46.95723684210528,1012.1710526315819,27.35597439544816,0
1318,4,0,1,44,0.0,0.022222222222222223,0.9777777777777777,45,1300,1000,300,0.7692307692307693,16,10,6,385.69901920780956,0.4538299663299663,0.29662437866310554,0.20753840638331633,128002.04554216399,874.0526844412234,128876.09822660522,1294,1,173.9111111111111,36,9,21,37.258188663847484,0.6001157407407407,47.01576576576578,1011.9369369369385,28.109359359359402,0
1319,4,1,0,45,0.022222222222222223,0.0,1.0,45,1650,1200,450,0.7272727272727273,21,12,9,384.16725891478825,0.4558291245791246,0.2898051906846879,0.20851731877240984,128349.69142500429,861.6290874638078,129211.3205124681,1295,0,172.8,35,10,22,36.94043879687797,0.6056547619047619,46.6724537037037,1013.3101851851852,28.95171957671958,0
1320,4,0,0,45,0.0,0.0,1.0,45,1000,800,200,0.8,12,8,4,384.16725891478825,0.4558291245791246,0.2898051906846879,0.20851731877240984,128349.69142500429,861.5498274605613,129211.24125246485,1296,1,173.8,35,10,22,36.94043879687797,0.6056547619047619,46.6724537037037,1013.3101851851852,28.95171957671958,0
1321,4,0,1,44,0.0,0.022222222222222223,0.9777777777777777,45,1300,800,500,0.6153846153846154,18,8,10,387.7244702549519,0.4558712121212121,0.2930684024209209,0.21075749137322228,128408.33875868045,957.4110243055472,129365.749782986,1297,2,174.8,35,10,17,36.790210688592,0.60625,46.61458333333333,1013.5416666666657,28.958333333333307,0
1322,4,1,2,43,0.022222222222222223,0.044444444444444446,0.9555555555555556,45,1350,900,450,0.6666666666666666,18,9,9,368.1665282225234,0.4543981481481481,0.2602924609815047,0.19309260507034695,126967.00330884682,349.0001614071675,127316.00347025399,1298,0,175.73333333333332,41,4,15,38.764375594710756,0.5810467479674797,48.04067460317461,1007.8373015873027,24.58139759969031,8
1323,4,0,0,43,0.0,0.0,1.0,43,1150,800,350,0.6956521739130435,15,8,7,376.3268679456935,0.45265780730897015,0.27503468773821504,0.1968338096215686,126855.79562717021,947.8488498263995,127803.64447699662,1299,1,184.1627906976744,39,4,16,38.673288698169785,0.5830662393162394,48.15104166666667,1007.395833333334,25.830662393162413,0
1324,4,2,1,44,0.044444444444444446,0.022222222222222223,0.9777777777777777,45,1300,900,400,0.6923076923076923,17,9,8,364.73781396774586,0.4545664983164983,0.271955596839486,0.19300626321865058,127328.45187717023,288.7396918402892,127617.19156901052,1300,0,176.93333333333334,39,6,11,38.479310730381535,0.5878739316239316,47.68229166666667,1009.2708333333342,25.878739316239336,0
1325,4,0,0,44,0.0,0.0,1.0,44,1500,1100,400,0.7333333333333333,19,11,8,371.4475573715894,0.4532461240310077,0.27905029545935744,0.19645541024255514,127307.56104353866,657.6165169113939,127965.17756045006,1301,1,181.95454545454547,38,6,18,38.33148069729691,0.5893640350877193,47.702991452991455,1009.1880341880346,26.557579847053542,0
1326,4,2,0,46,0.043478260869565216,0.0,1.0,46,1850,1500,350,0.8108108108108109,22,15,7,357.11247609207294,0.4544685990338164,0.2874168078676611,0.191976879696149,127964.52591050306,-60.45426003040268,127904.07165047266,1302,0,175.0,40,6,15,38.01978706307754,0.5927083333333334,47.052845528455286,1011.7886178861793,25.29471544715448,0
1327,4,1,0,47,0.02127659574468085,0.0,1.0,47,1550,1200,350,0.7741935483870968,19,12,7,347.85430552728593,0.4571191797718162,0.2876139817629182,0.18844628899434732,128273.18395135185,-475.79761963776235,127797.3863317141,1303,0,172.25531914893617,40,7,16,37.938486490101674,0.5958333333333333,46.747967479674806,1013.0081300813019,25.325203252032548,0
1328,4,1,0,48,0.020833333333333332,0.0,1.0,48,1250,800,450,0.64,17,8,9,339.89397853088076,0.4584441489361702,0.2849342040896192,0.1852830055767537,128521.48216057257,-863.2644203514753,127658.2177402211,1304,0,169.64583333333334,41,7,14,37.88676499364054,0.5967987804878049,46.50297619047619,1013.9880952380954,24.731416957026717,0
1329,4,0,1,47,0.0,0.020833333333333332,0.9791666666666666,48,1850,1500,350,0.8108108108108109,22,15,7,337.3543759934896,0.4583979757683215,0.28050136892539324,0.18459728214475235,128672.41753472235,-918.3593749999897,127754.05815972236,1305,1,170.64583333333334,41,7,14,37.79731348391512,0.5983231707317074,46.35416666666667,1014.5833333333344,24.74593495934962,0
1330,4,0,1,46,0.0,0.02127659574468085,0.9787234042553191,47,1000,800,200,0.8,12,8,4,337.2630652979107,0.459027135368486,0.2603513383128444,0.18513281567211526,128798.26467624109,-712.2204900478471,128086.04418619323,1306,2,169.04255319148936,41,6,16,37.67143927547565,0.5995934959349594,46.23015873015874,1015.0793650793669,24.758033294618706,0
1331,4,2,1,47,0.041666666666666664,0.020833333333333332,0.9791666666666666,48,1150,800,350,0.6956521739130435,15,8,7,333.8968709101728,0.45956153959810875,0.2835569105691065,0.18539777501783694,129251.82370401859,-968.0142195767219,128283.80948444187,1307,0,166.39583333333334,41,7,18,37.29552845528456,0.6041666666666667,45.78373015873016,1016.8650793650789,24.80158730158729,0
1332,4,0,1,46,0.0,0.02127659574468085,0.9787234042553191,47,1300,800,500,0.6153846153846154,18,8,10,341.8572482335105,0.45831406105457906,0.2773952649686784,0.1898237306228915,129253.05394441138,-562.7813305572104,128690.27261385418,1308,1,170.7872340425532,40,7,18,37.09191151975481,0.6057291666666667,45.78252032520325,1016.8699186991869,25.42174796747967,0
1333,4,0,1,45,0.0,0.021739130434782608,0.9782608695652174,46,1700,1200,500,0.7058823529411765,22,12,10,339.3462766591788,0.4568438003220612,0.2719765312351623,0.18914866377263773,129403.18720080609,-417.5020471151606,128985.68515369092,1309,2,173.91304347826087,41,5,20,37.003136375455014,0.6056910569105691,45.634920634920626,1017.4603174603162,24.816105303910152,0
1334,4,0,0,45,0.0,0.0,1.0,45,950,600,350,0.631578947368421,13,6,7,344.26051032207386,0.45671296296296293,0.2676167327051351,0.19178586359678798,129382.261767549,-91.75930745589238,129290.5024600931,1310,3,178.13333333333333,40,5,20,36.89941064828687,0.60703125,45.65548780487804,1017.3780487804872,25.43445121951218,0
1335,4,1,0,46,0.021739130434782608,0.0,1.0,46,1300,500,800,0.38461538461538464,21,5,16,345.29476292014357,0.45680354267310785,0.28283730578722355,0.19420466676833925,129756.71315980094,-239.13729843789463,129517.57586136305,1311,0,175.2391304347826,41,5,16,36.49261603375528,0.6092479674796748,45.28769841269841,1018.8492063492062,24.849980642663564,0
1336,4,0,1,45,0.0,0.021739130434782608,0.9782608695652174,46,1500,1200,300,0.8,18,12,6,346.7246768481465,0.4565720611916264,0.27852150219168337,0.19576608677426127,129908.37191358033,-191.51234567900224,129716.85956790132,1312,1,176.2391304347826,41,5,18,36.30222524977293,0.6107723577235773,45.13888888888889,1019.444444444445,24.864498644986465,0
1337,4,2,2,45,0.0425531914893617,0.0425531914893617,0.9574468085106383,47,1250,900,350,0.72,16,9,7,344.00701084188387,0.4577744372494604,0.2917678698247248,0.1962791046337842,130317.12420784948,-432.0701156037536,129885.05409224573,1313,0,172.91489361702128,38,9,20,35.95706462976529,0.6197916666666667,44.73824786324787,1021.0470085470095,26.869658119658144,0
1338,4,1,1,45,0.021739130434782608,0.021739130434782608,0.9782608695652174,46,1200,800,400,0.6666666666666666,16,8,8,345.6713146309565,0.45536433172302737,0.29770479567083385,0.1983778726822979,130542.57079101275,-175.03558787317468,130367.53520313957,1314,0,169.04347826086956,37,9,17,35.686248211731034,0.6238738738738738,44.51754385964913,1021.9298245614045,27.619724988146068,0
1339,4,0,0,45,0.0,0.0,1.0,45,750,600,150,0.8,9,6,3,346.39200033117885,0.45511363636363633,0.2925751715968079,0.19903497100110468,130589.98243343212,47.06504766602603,130637.04748109814,1315,1,170.77777777777777,38,7,17,35.619839029998936,0.622532894736842,44.471153846153854,1022.115384615386,26.897773279352265,0
1340,4,0,0,45,0.0,0.0,1.0,45,1150,800,350,0.6956521739130435,15,8,7,346.44063554027855,0.45469276094276095,0.29165099923403637,0.20004961668652757,130781.15297866902,61.581150924099575,130842.73412959313,1316,2,171.77777777777777,38,7,18,35.42515319267459,0.6244517543859649,44.284188034188034,1022.863247863248,26.917453891138106,0
1341,4,0,2,43,0.0,0.044444444444444446,0.9555555555555556,45,1400,1000,400,0.7142857142857143,18,10,8,353.1282070697834,0.4541877104377104,0.3012283815290395,0.2046349120097673,130917.78897518072,246.15281886915648,131163.94179404987,1317,3,172.77777777777777,38,7,18,35.11587848418416,0.6258223684210527,44.15064102564102,1023.3974358974352,26.93151147098514,0
1342,4,0,1,42,0.0,0.023255813953488372,0.9767441860465116,43,1700,1200,500,0.7058823529411765,22,12,10,360.1658038690629,0.45309616094499816,0.2943678103680103,0.20972248180405512,131103.4404816865,843.7952062172819,131947.23568790377,1318,4,166.41860465116278,37,6,19,34.74794789436117,0.6295045045045045,43.96929824561403,1024.1228070175425,27.678994784257906,0
1343,4,0,0,42,0.0,0.0,1.0,42,1350,1000,350,0.7407407407407407,17,10,7,371.38818392290256,0.4510017421602788,0.29963329666299976,0.21557589986329412,130982.0694850256,1329.0385825014218,132311.108067527,1319,5,171.04761904761904,36,6,19,34.58356252291895,0.6302083333333333,44.08783783783784,1023.6486486486489,28.43468468468469,0
1344,4,0,0,42,0.0,0.0,1.0,42,1300,900,400,0.6923076923076923,17,9,8,374.06560132981565,0.4503968253968254,0.3083612500573636,0.21765723681116167,131075.36844269375,1406.15730320866,132481.5257459024,1320,6,172.04761904761904,37,5,19,34.420508084377325,0.629222972972973,43.99671052631578,1024.0131578947355,27.67603129445231,0
1345,4,0,2,40,0.0,0.047619047619047616,0.9523809523809523,42,1300,900,400,0.6923076923076923,17,9,8,375.3223444243762,0.44975561362756483,0.31029843444227057,0.2191882491438356,131215.758694983,1449.6412357648423,132665.39993074784,1321,7,173.04761904761904,37,5,19,34.246129423515995,0.6306306306306306,43.859649122807014,1024.5614035087713,27.690848743480306,0
1346,4,0,2,38,0.0,0.05,0.95,40,1150,700,450,0.6086956521739131,16,7,9,379.20116120836667,0.4494925213675214,0.2987446434457752,0.22193631949564926,131299.26960321813,1957.7670998701456,133257.03670308826,1322,8,178.175,36,4,20,34.062190968025504,0.6333912037037037,43.778153153153156,1024.8873873873877,28.469094094094103,0
1347,4,0,1,37,0.0,0.02631578947368421,0.9736842105263158,38,1050,700,350,0.6666666666666666,14,7,7,381.9634774095108,0.44902797534376476,0.27763660290027925,0.22391057567421072,131360.4817907612,2434.990794997967,133795.47258575915,1323,9,176.0,32,6,20,33.92941454202077,0.6429036458333333,43.718434343434346,1025.126262626263,32.03519570707072,0
1348,4,0,0,37,0.0,0.0,1.0,37,1150,700,450,0.6086956521739131,16,7,9,393.2844206490845,0.4499186686686687,0.27554383651944625,0.23035230352303523,131328.125,2929.8611111111113,134257.98611111112,1324,10,175.13513513513513,32,5,20,33.6720867208672,0.642578125,43.75,1025.0,32.03125,0
1349,4,0,0,37,0.0,0.0,1.0,37,1000,600,400,0.6,14,6,8,389.54621813409165,0.4495432932932933,0.27333212753862846,0.2289131147012698,131453.76778162253,2841.46361976164,134295.23140138417,1325,11,176.13513513513513,33,4,20,33.64055528999362,0.6414141414141414,43.62745098039216,1025.490196078432,31.075460487225214,0
1350,4,0,0,37,0.0,0.0,1.0,37,900,700,200,0.7777777777777778,11,7,4,384.5817857575833,0.44916791791791794,0.27285442787879566,0.22669807316408017,131572.2859977324,2720.060941043078,134292.34693877547,1326,12,177.13513513513513,34,3,18,33.64783979268198,0.6403186274509804,43.51190476190476,1025.9523809523807,30.1750700280112,0
1351,4,0,0,37,0.0,0.0,1.0,37,1300,800,500,0.6153846153846154,18,8,10,384.50429263261276,0.4483546046046046,0.27634594343792807,0.227197498751594,131663.9048327665,2725.0673185941123,134388.97215136062,1327,13,178.13513513513513,34,3,18,33.55710861075668,0.6412377450980392,43.42261904761905,1026.3095238095243,30.18557422969189,0
1352,4,0,0,37,0.0,0.0,1.0,37,850,500,350,0.5882352941176471,12,5,7,386.24154589371983,0.44747872872872874,0.2791696043869958,0.22895761741122572,131786.11288265308,2780.2543934240393,134566.36727607713,1328,14,179.13513513513513,34,3,19,33.388888888888886,0.6424632352941176,43.30357142857143,1026.7857142857144,30.199579831932777,0
1353,4,0,0,37,0.0,0.0,1.0,37,1500,900,600,0.6,21,9,12,389.2088938353166,0.4468843843843844,0.28679774665176105,0.2318331237192975,131969.53125000023,2872.7430555555843,134842.27430555582,1329,15,180.13513513513513,34,3,19,33.1271965396053,0.6443014705882353,43.125000000000014,1027.5000000000018,30.220588235294173,0
1354,4,0,1,36,0.0,0.02702702702702703,0.972972972972973,37,1350,900,450,0.6666666666666666,18,9,9,390.3693534030669,0.4460397897897898,0.2891666562347437,0.23346466315712494,132122.477324263,2915.3132086167766,135037.79053287976,1330,16,181.13513513513513,34,3,19,32.942768642890236,0.6458333333333333,42.976190476190474,1028.0952380952376,30.238095238095223,0
1355,4,0,1,35,0.0,0.027777777777777776,0.9722222222222222,36,650,400,250,0.6153846153846154,9,4,5,399.9346121541196,0.44406415343915345,0.29009327715504685,0.23853852471724368,132019.90370290275,3359.8657968089237,135379.76949971166,1331,17,185.36111111111111,33,3,19,32.80069957866286,0.6470959595959596,43.075980392156865,1027.6960784313726,31.142305407011293,0
1356,4,0,1,34,0.0,0.02857142857142857,0.9714285714285714,35,1050,600,450,0.5714285714285714,15,6,9,401.7604457533971,0.4434173669467787,0.2742557394917913,0.24002611246292704,132082.88278546714,3613.135572856596,135696.01835832372,1332,18,188.82857142857142,33,2,20,32.690053250675575,0.6477272727272727,43.01470588235294,1027.9411764705883,31.149732620320858,0
1357,4,1,0,35,0.02857142857142857,0.0,1.0,35,950,600,350,0.631578947368421,13,6,7,396.81667851181373,0.444187675070028,0.26011777119711366,0.23826031469443223,132271.9101427335,3497.540008650515,135769.45015138402,1333,0,187.94285714285715,33,2,21,32.6259828448892,0.6496212121212122,42.830882352941174,1028.676470588235,31.172014260249544,0
1358,4,0,1,34,0.0,0.02857142857142857,0.9714285714285714,35,1550,1200,350,0.7741935483870968,19,12,7,400.1663491296855,0.44268207282913163,0.2632172633643943,0.24211845278202643,132560.48489950006,3609.309129267584,136169.79402876765,1334,1,188.94285714285715,32,3,21,32.248242602582955,0.6549479166666667,42.55050505050505,1029.7979797979801,32.18118686868688,0
1359,4,1,0,35,0.02857142857142857,0.0,1.0,35,700,500,200,0.7142857142857143,9,5,4,388.0660011785326,0.4420518207282913,0.2489404858099309,0.23724881921027727,132949.91673752837,3318.6685090703027,136268.58524659867,1335,0,182.25714285714287,34,1,20,32.1672149755666,0.6541053921568627,42.17261904761905,1031.309523809524,30.332633053221297,0
1360,4,0,1,34,0.0,0.02857142857142857,0.9714285714285714,35,900,600,300,0.6666666666666666,12,6,6,386.37998044672696,0.4410014005602241,0.24737952402927021,0.23719133643854318,133103.42970521544,3285.70011337869,136389.12981859414,1336,1,183.25714285714287,34,1,20,32.056125980618376,0.6556372549019608,42.023809523809526,1031.9047619047622,30.350140056022415,0
1361,4,1,0,35,0.02857142857142857,0.0,1.0,35,800,600,200,0.75,10,6,4,387.27223425947375,0.440266106442577,0.2544807590933058,0.2385244897370849,133226.30385487527,3318.9696712018163,136545.27352607707,1337,0,184.14285714285714,34,1,21,31.909449953874553,0.6568627450980392,41.904761904761905,1032.3809523809523,30.364145658263304,0
1362,4,0,0,35,0.0,0.0,1.0,35,650,500,150,0.7692307692307693,8,5,3,409.3641754984664,0.4396358543417367,0.23873716613172657,0.23657332875617526,130812.00003251828,3807.2105038685677,134619.21053638685,1338,1,185.14285714285714,30,5,18,33.78470853589104,0.6427083333333333,44.25403225806452,1022.9838709677424,34.099462365591414,8
1363,4,0,0,35,0.0,0.0,1.0,35,1100,500,600,0.45454545454545453,17,5,12,408.9406222826529,0.44030112044817926,0.24068012911943537,0.23653921100422162,130846.37674875716,3701.6797462134455,134548.0564949706,1339,2,186.14285714285714,30,5,19,33.76056445962516,0.6430555555555555,44.22043010752689,1023.118279569893,34.10394265232977,0
1364,4,0,0,35,0.0,0.0,1.0,35,1800,1400,400,0.7777777777777778,22,14,8,409.78903050190667,0.4405812324929972,0.23542166866746728,0.23787753477915555,130983.9287778934,3735.1554370447434,134719.08421493814,1340,3,187.14285714285714,30,5,20,33.59894739145657,0.6444444444444444,44.086021505376344,1023.6559139784946,34.121863799283155,0
1365,4,0,0,35,0.0,0.0,1.0,35,950,600,350,0.631578947368421,13,6,7,408.49038572680365,0.43995098039215685,0.236747552788509,0.23754807316540372,131052.73189096998,3706.7562001387378,134759.4880911087,1341,4,188.14285714285714,30,5,20,33.562231994399234,0.6451388888888889,44.01881720430107,1023.9247311827951,34.13082437275984,0
1366,4,0,0,35,0.0,0.0,1.0,35,1000,700,300,0.7,13,7,6,410.3885953515155,0.43967086834733893,0.23522405403442503,0.23953542049152254,131194.69536675353,3768.1613498263923,134962.85671657993,1342,5,189.14285714285714,31,4,20,33.369344178952716,0.6438172043010753,43.880208333333336,1024.479166666667,33.04771505376345,0
1367,4,0,0,35,0.0,0.0,1.0,35,1350,1000,350,0.7407407407407407,17,10,7,412.452905016855,0.43925070028011204,0.23135888501742174,0.2415795586527295,131328.1250000001,3833.3333333333467,135161.45833333343,1343,6,190.14285714285714,31,4,20,33.180894308943095,0.6451612903225806,43.75000000000001,1025.0000000000007,33.06451612903228,0
1368,4,0,0,35,0.0,0.0,1.0,35,950,700,250,0.7368421052631579,12,7,5,411.7033524691814,0.43883053221288515,0.23089336506646507,0.24181430797772221,131434.91753472228,3822.439236111115,135257.3567708334,1344,7,191.14285714285714,29,6,20,33.091646349722346,0.6519396551724138,43.645833333333336,1025.416666666667,35.35919540229886,0
1369,4,0,0,35,0.0,0.0,1.0,35,1100,800,300,0.7272727272727273,14,8,6,413.0755281565569,0.4379201680672269,0.22555454563035449,0.24352665015901723,131577.37509645062,3870.278742283947,135447.65383873458,1345,8,192.14285714285714,29,6,16,32.911844005234414,0.6533764367816092,43.50694444444444,1025.9722222222222,35.378352490421456,0
1370,4,1,0,36,0.027777777777777776,0.0,1.0,36,1200,1100,100,0.9166666666666666,13,11,2,400.1173732516454,0.4375826719576719,0.22444953128406375,0.23841756184792115,131983.34209518437,3361.7656304196976,135345.10772560406,1346,0,187.77777777777777,30,6,18,32.833006322214956,0.6545138888888888,43.111559139784944,1027.55376344086,34.251792114695334,0
1371,4,0,0,36,0.0,0.0,1.0,36,800,600,200,0.75,10,6,4,391.29273814266594,0.43783068783068785,0.172126425621707,0.22434639756035424,130505.75573979598,3013.190901360548,133518.94664115654,1347,1,188.77777777777777,34,2,17,34.55813818012351,0.6295955882352942,44.55357142857143,1021.7857142857148,30.052521008403374,8
1372,4,0,0,36,0.0,0.0,1.0,36,1000,700,300,0.7,13,7,6,396.3443969962635,0.4370701058201058,0.17956926658905736,0.22849653491261104,130718.714569161,3161.9260204081634,133880.64058956917,1348,2,189.77777777777777,34,2,18,34.212504850601476,0.6317401960784313,44.345238095238095,1022.6190476190477,30.07703081232493,0
1373,4,0,0,36,0.0,0.0,1.0,36,700,200,500,0.2857142857142857,12,2,10,394.93908301765003,0.4369874338624338,0.17542583323633254,0.22786579329782616,130749.1514314059,3127.589994331064,133876.74142573695,1349,3,190.77777777777777,34,2,18,34.2174950529624,0.632046568627451,44.31547619047619,1022.7380952380953,30.080532212885156,0
1374,4,0,1,35,0.0,0.027777777777777776,0.9722222222222222,36,450,200,250,0.4444444444444444,7,2,5,399.9567487564724,0.43644179894179896,0.17770796162697455,0.23130742253116598,130840.48327664408,3266.106859410442,134106.59013605452,1350,4,191.77777777777777,34,2,18,33.99634434877047,0.6329656862745099,44.22619047619048,1023.0952380952389,30.09103641456585,0
1375,4,1,1,35,0.027777777777777776,0.027777777777777776,0.9722222222222222,36,1400,1000,400,0.7142857142857143,18,10,8,388.29628639858004,0.4353339947089947,0.16655377586527487,0.227804118654314,131390.93888168,3005.536785792732,134396.47566747273,1351,0,175.72222222222223,33,3,19,33.73625388477169,0.6407828282828283,43.68872549019607,1025.2450980392146,31.068033273915592,0
1376,4,1,1,35,0.027777777777777776,0.027777777777777776,0.9722222222222222,36,1300,1100,200,0.8461538461538461,15,11,4,380.08229895299627,0.43693783068783065,0.17597014925373156,0.2246428548857687,131673.78720023538,2809.3751501826096,134483.162350418,1352,0,175.63888888888889,33,3,18,33.66057213930348,0.6436237373737373,43.412990196078425,1026.3480392156855,31.101455733808653,0
1377,4,0,0,35,0.0,0.0,1.0,35,650,600,50,0.9230769230769231,7,6,1,386.1961025421326,0.4367997198879552,0.17286294362706323,0.22793142522584695,131619.47959710748,3166.186007805331,134785.66560491282,1353,1,178.05714285714285,32,3,18,33.55866248308109,0.6455078125,43.46590909090909,1026.136363636364,32.066761363636374,0
1378,4,0,0,35,0.0,0.0,1.0,35,1100,600,500,0.5454545454545454,16,6,10,388.59764981413645,0.43623949579831933,0.17024775962045324,0.22993441724810262,131716.66953627186,3236.957644628107,134953.62718089996,1354,2,179.05714285714285,32,3,19,33.39867773677737,0.646484375,43.371212121212125,1026.515151515152,32.0785984848485,0
1379,4,0,0,35,0.0,0.0,1.0,35,1400,900,500,0.6428571428571429,19,9,10,384.531577068042,0.43546918767507004,0.1590084507042253,0.22858122883314627,131892.24222232937,3143.346380958503,135035.58860328788,1355,3,180.05714285714285,35,0,19,33.32546948356807,0.6413690476190477,43.20023148148148,1027.199074074074,29.348544973544968,0
1380,4,0,0,35,0.0,0.0,1.0,35,350,100,250,0.2857142857142857,6,1,5,386.12612894375076,0.4353641456582633,0.15875877164746055,0.2297088150472341,131921.96609224964,3187.7036179698243,135109.66971021946,1356,4,181.05714285714285,35,0,19,33.25446898002103,0.6416666666666666,43.1712962962963,1027.3148148148148,29.35185185185185,0
1381,4,0,0,35,0.0,0.0,1.0,35,1200,1100,100,0.9166666666666666,13,11,2,387.1439006574144,0.4344187675070028,0.16123552123552165,0.23103748910200522,132040.89506172828,3223.765432098754,135264.66049382705,1357,5,182.05714285714285,35,0,19,33.10810810810811,0.6428571428571428,43.05555555555555,1027.777777777777,29.36507936507934,0
1382,4,0,0,35,0.0,0.0,1.0,35,800,500,300,0.625,11,5,6,388.909995654198,0.43375350140056024,0.16629459259497548,0.2324561629475495,132100.37964034633,3275.0316143689956,135375.41125471532,1358,6,183.05714285714285,35,0,20,33.002608271410345,0.6434523809523809,42.99768518518518,1028.009259259259,29.371693121693113,0
1383,4,0,1,34,0.0,0.02857142857142857,0.9714285714285714,35,900,600,300,0.6666666666666666,12,6,6,391.34004844619756,0.4329481792717087,0.17293334619465628,0.23464559180114106,132219.38898533946,3348.5484182098735,135567.93740354932,1359,7,184.05714285714285,35,0,20,32.819885212694125,0.6446428571428571,42.88194444444444,1028.472222222222,29.384920634920626,0
1384,4,0,0,34,0.0,0.0,1.0,34,1250,900,350,0.72,16,9,7,394.8597747873263,0.43139111705288175,0.16706358656823062,0.23787893749382846,132398.0034722223,3655.9702932098808,136053.9737654322,1360,8,184.85294117647058,32,2,21,32.54892037786774,0.6533203125,42.708333333333336,1029.1666666666672,32.16145833333335,0
1385,4,0,0,34,0.0,0.0,1.0,34,1400,1100,300,0.7857142857142857,17,11,6,395.2346075767731,0.4306112596553773,0.16080577876081414,0.23930487334835754,132587.2561034218,3680.614427143405,136267.8705305652,1361,9,185.85294117647058,33,1,21,32.34818737109312,0.6527777777777778,42.52450980392157,1029.9019607843138,31.20915032679739,0
1386,4,0,0,34,0.0,0.0,1.0,34,650,500,150,0.7692307692307693,8,5,3,395.3890384200945,0.430239898989899,0.15975283760899073,0.23980088434049882,132650.37035034603,3689.700475778543,136340.07082612457,1362,10,186.85294117647058,33,1,19,32.280513918629545,0.6534090909090908,42.463235294117645,1030.1470588235293,31.216577540106947,0
1387,4,0,0,34,0.0,0.0,1.0,34,450,200,250,0.4444444444444444,7,2,5,395.3890384200945,0.430239898989899,0.15975283760899073,0.23980088434049882,132650.37035034603,3689.700475778543,136340.07082612457,1363,11,187.85294117647058,33,1,19,32.280513918629545,0.6534090909090908,42.463235294117645,1030.1470588235293,31.216577540106947,0
1388,4,0,0,34,0.0,0.0,1.0,34,650,300,350,0.46153846153846156,10,3,7,393.9441325300695,0.42946004159239454,0.16597188221305204,0.2397301124875458,132776.6438989811,3661.3159602076034,136437.9598591887,1364,12,188.85294117647058,33,1,19,32.19034879112168,0.6546717171717171,42.3406862745098,1030.6372549019602,31.231431966726067,0
1389,4,0,0,34,0.0,0.0,1.0,34,1000,800,200,0.8,12,8,4,396.43313500729323,0.4292186571598336,0.1635598967983729,0.24185583501206345,132871.38848339568,3734.9242178488917,136606.31270124458,1365,13,189.85294117647058,33,1,19,32.03066187249892,0.6556186868686869,42.248774509803916,1031.0049019607834,31.242572786690406,0
1390,4,1,2,33,0.02857142857142857,0.05714285714285714,0.9428571428571428,35,900,700,200,0.7777777777777778,11,7,4,390.85118222059805,0.4283263305322129,0.16754219843557028,0.24132626375542263,133318.49666950112,3421.538407029477,136740.0350765306,1366,0,185.4,34,1,20,31.724303554274734,0.657781862745098,41.81547619047619,1032.7380952380952,30.374649859943975,0
1391,4,0,0,33,0.0,0.0,1.0,33,700,300,400,0.42857142857142855,11,3,8,399.8257627190601,0.4244397095959596,0.16782331207120493,0.2459994448051602,133187.44781153888,4050.354581170709,137237.8023927096,1367,1,194.0909090909091,33,0,20,31.62459436463651,0.6587752525252526,41.942401960784316,1032.230392156863,31.279708853238272,0
1392,4,0,0,33,0.0,0.0,1.0,33,1050,700,350,0.6666666666666666,14,7,7,387.10756731450834,0.4241635101010101,0.08889505038952228,0.22614324032649333,131228.04641723633,3560.4822020217207,134788.52861925805,1368,2,195.0909090909091,31,2,17,33.93180518490279,0.6441532258064516,43.84765625,1024.609375,33.05191532258065,8
1393,4,0,0,33,0.0,0.0,1.0,33,900,700,200,0.7777777777777778,11,7,4,387.30449861068297,0.4239267676767677,0.08849871009972698,0.2264551563199163,131261.40170627163,3567.626274956592,134829.02798122822,1369,3,196.0909090909091,31,2,17,33.89294790343076,0.644489247311828,43.815104166666664,1024.7395833333328,33.056115591397834,0
1394,4,0,1,32,0.0,0.030303030303030304,0.9696969696969697,33,1300,1000,300,0.7692307692307693,16,10,6,382.8440010078106,0.42396622474747475,0.08110052910052934,0.22482449723613043,131428.2417297363,3463.3027818467876,134891.54451158308,1370,4,197.0909090909091,31,2,21,33.83822751322752,0.6461693548387097,43.65234375,1025.3906249999998,33.077116935483865,0
1395,4,0,0,32,0.0,0.0,1.0,32,900,600,300,0.6666666666666666,12,6,6,392.8648857833917,0.42258904569892475,0.09174180327868853,0.22989982763609823,131293.68505390795,3916.1357165568224,135209.82077046478,1371,20,204.125,30,2,21,33.71775956284153,0.6475694444444444,43.78360215053763,1024.8655913978491,34.16218637992831,0
1396,4,1,0,33,0.030303030303030304,0.0,1.0,33,1150,1000,150,0.8695652173913043,13,10,3,380.07727602999563,0.4244397095959596,0.09879902384658323,0.22516223302002358,131762.23966810427,3415.966627332893,135178.20629543718,1372,0,198.9090909090909,31,2,16,33.57125871908688,0.6495295698924731,43.326822916666664,1026.6927083333326,33.11911962365589,0
1397,4,0,0,33,0.0,0.0,1.0,33,950,500,450,0.5263157894736842,14,5,9,383.0714144583076,0.4238873106060606,0.09632446134347283,0.22793615837677558,131929.3975830077,3507.676188151027,135437.07377115873,1373,1,199.9090909090909,31,2,18,33.32541191381497,0.6512096774193548,43.16406249999999,1027.343749999999,33.14012096774191,0
1398,4,0,0,33,0.0,0.0,1.0,33,900,500,400,0.5555555555555556,13,5,8,382.71657260988235,0.4236111111111111,0.09248741373947333,0.227925771657704,131962.8418816459,3500.8733113606577,135463.71519300656,1374,2,200.9090909090909,31,2,19,33.300727622185605,0.6515456989247312,43.13151041666666,1027.4739583333321,33.1443212365591,0
1399,4,0,1,32,0.0,0.030303030303030304,0.9696969696969697,33,900,600,300,0.6666666666666666,12,6,6,382.3043442968494,0.4237294823232323,0.08923902652522964,0.2280822516655351,132029.74319457996,3495.1088799370523,135524.85207451702,1375,3,201.9090909090909,31,2,19,33.24372334135733,0.6522177419354839,43.06640624999999,1027.734374999999,33.152721774193516,0
1400,4,1,0,33,0.030303030303030304,0.0,1.0,33,900,700,200,0.7777777777777778,11,7,4,378.45472387288453,0.424636994949495,0.0692574952256042,0.22759126545232355,132331.00891113273,3416.259087456583,135747.26799858932,1376,0,196.33333333333334,31,2,20,33.03857673162912,0.655241935483871,42.77343749999999,1028.9062499999993,33.19052419354836,0
1401,4,1,0,34,0.029411764705882353,0.0,1.0,34,400,300,100,0.75,5,3,2,369.7421064013844,0.4254122103386809,0.0736375432525953,0.2244862788865545,132690.54178145068,3012.256083562883,135702.79786501356,1377,0,191.52941176470588,32,2,17,32.900582107843135,0.65625,42.424242424242415,1030.303030303029,32.19696969696965,0
1402,4,0,0,34,0.0,0.0,1.0,34,1300,900,400,0.6923076923076923,17,9,8,369.27755629871785,0.42440953654188945,0.07183618180246132,0.22498372907632336,132820.6624324049,3009.537929803083,135830.20036220798,1378,1,192.52941176470588,32,2,17,32.78162257063532,0.6575520833333333,42.2979797979798,1030.808080808081,32.21275252525253,0
1403,4,0,1,33,0.0,0.029411764705882353,0.9705882352941176,34,750,500,250,0.6666666666666666,10,5,5,368.650659845497,0.4243352644087938,0.07288845998732474,0.22538462497140865,132950.84685236204,3002.483483828177,135953.3303361902,1379,2,193.52941176470588,32,2,17,32.66686051256936,0.6588541666666667,42.17171717171717,1031.3131313131314,32.22853535353536,0
1404,4,0,0,33,0.0,0.0,1.0,33,1100,800,300,0.7272727272727273,14,8,6,378.3661285437669,0.4204150883838384,0.08124181955957654,0.2308091683982703,132867.44011773012,3454.5077853732732,136321.9479031034,1380,3,200.3030303030303,31,2,17,32.50031573629705,0.6606182795698925,42.25260416666667,1030.9895833333342,33.257728494623684,0
1405,4,0,0,33,0.0,0.0,1.0,33,1000,500,500,0.5,15,5,10,376.6991994210656,0.41962594696969696,0.07376465998026194,0.23061909256674545,133001.71746148018,3420.328097873285,136422.04555935346,1381,4,201.3030303030303,31,2,17,32.40816712951274,0.6619623655913979,42.12239583333334,1031.5104166666679,33.274529569892515,0
1406,4,0,0,33,0.0,0.0,1.0,33,900,400,500,0.4444444444444444,14,4,10,372.8355481182213,0.41875789141414144,0.07348112129239959,0.2292837385518341,133169.65950859923,3330.0765991211047,136499.73610772032,1382,5,202.3030303030303,31,2,18,32.33897334006141,0.6636424731182795,41.95963541666667,1032.161458333334,33.29553091397852,0
1407,4,0,0,33,0.0,0.0,1.0,33,1100,700,400,0.6363636363636364,15,7,8,371.85290536014696,0.417416351010101,0.06295850757098398,0.23033979734838142,133438.5871887207,3323.9052666558164,136762.49245537652,1383,6,203.3030303030303,31,2,21,32.09422915353917,0.6663306451612903,41.69921875,1033.203125,33.32913306451613,0
1408,4,0,0,33,0.0,0.0,1.0,33,800,600,200,0.75,10,6,4,372.9375067963412,0.41654829545454547,0.0646983821586995,0.2316414654889951,133539.50500488284,3360.3780110677103,136899.88301595056,1384,7,204.3030303030303,31,2,21,31.96491559586798,0.6673387096774194,41.6015625,1033.5937500000002,33.34173387096775,0
1409,4,0,0,33,0.0,0.0,1.0,33,950,600,350,0.631578947368421,13,6,7,371.00321203087594,0.4158380681818182,0.0642389135022301,0.23106952994017155,133640.4609680176,3316.208055284289,136956.6690233019,1385,8,205.3030303030303,31,2,21,31.913618142131554,0.6683467741935484,41.50390625,1033.9843750000002,33.35433467741936,0
1410,4,0,0,33,0.0,0.0,1.0,33,1200,1000,200,0.8333333333333334,14,10,4,370.44637586237326,0.4156407828282828,0.06310905580610959,0.23093289773147313,133674.12143283416,3303.8187662760374,136977.9401991102,1386,9,206.3030303030303,31,2,22,31.894254176110135,0.6686827956989247,41.471354166666664,1034.114583333333,33.35853494623655,0
1411,4,0,0,33,0.0,0.0,1.0,33,1500,1000,500,0.6666666666666666,20,10,10,366.1709998315462,0.4154040404040404,0.059812827494679865,0.22910194997334357,133808.8056776258,3199.3808322482546,137008.18650987404,1387,10,207.3030303030303,31,2,17,31.869808708784294,0.6700268817204301,41.34114583333333,1034.635416666666,33.375336021505355,0
1412,4,0,0,33,0.0,0.0,1.0,33,800,500,300,0.625,11,5,6,367.89367509196626,0.41453598484848486,0.059203354297693744,0.23102327938239584,133943.5577392578,3255.3975423177085,137198.95528157553,1388,11,208.3030303030303,31,2,18,31.690251572327035,0.6713709677419355,41.2109375,1035.15625,33.39213709677419,0
1413,4,0,0,33,0.0,0.0,1.0,33,700,500,200,0.7142857142857143,9,5,4,368.8529567748544,0.4142597853535353,0.05865496006341098,0.23205053103430714,134010.95920138893,3286.067708333339,137297.02690972228,1389,12,209.3030303030303,31,2,18,31.597920858484233,0.6720430107526882,41.145833333333336,1035.416666666667,33.400537634408614,0
1414,4,0,2,31,0.0,0.06060606060606061,0.9393939393939394,33,700,600,100,0.8571428571428571,8,6,2,368.8529567748544,0.4142597853535353,0.05865496006341098,0.23205053103430714,134010.95920138893,3286.067708333339,137297.02690972228,1390,13,210.3030303030303,31,2,18,31.597920858484233,0.6720430107526882,41.145833333333336,1035.416666666667,33.400537634408614,0
1415,4,0,0,31,0.0,0.0,1.0,31,800,300,500,0.375,13,3,10,388.89950918271535,0.41321684587813623,0.06669812668574426,0.24370817854671242,133867.18991126536,4212.176890432082,138079.36680169744,1391,14,219.06451612903226,29,2,18,31.223297767637437,0.6763649425287357,41.284722222222214,1034.8611111111106,35.68486590038312,0
1416,4,0,0,31,0.0,0.0,1.0,31,850,700,150,0.8235294117647058,10,7,3,389.54630465771936,0.41308243727598565,0.060672688633717664,0.2445904472294845,133939.06491126533,4235.093557098751,138174.1584683641,1392,15,220.06451612903226,29,2,19,31.134414553423674,0.6770833333333333,41.21527777777777,1035.138888888888,35.694444444444414,0
1417,4,0,0,31,0.0,0.0,1.0,31,1250,1000,250,0.8,15,10,5,388.3268249553317,0.4127688172043011,0.06384120171673824,0.244540946525925,134046.91358024688,4210.802469135794,138257.71604938267,1393,16,221.06451612903226,29,2,20,31.057761087267522,0.6781609195402298,41.11111111111111,1035.5555555555552,35.708812260536384,0
1418,4,0,0,31,0.0,0.0,1.0,31,1250,900,350,0.72,16,9,7,387.60972281097173,0.41021505376344086,0.06104138574836626,0.2460135179473719,134334.72222222228,4213.888888888893,138548.61111111118,1394,17,222.06451612903226,29,2,21,30.78778135048231,0.6810344827586207,40.833333333333336,1036.666666666667,35.74712643678162,0
1419,4,0,0,31,0.0,0.0,1.0,31,900,600,300,0.6666666666666666,12,6,6,386.3396452926788,0.40994623655913975,0.06114556100512081,0.24544897464764645,134370.72000385798,4182.54726080246,138553.26726466045,1395,18,223.06451612903226,29,2,21,30.78463384684082,0.6813936781609196,40.79861111111111,1036.805555555555,35.75191570881224,0
1420,4,0,0,31,0.0,0.0,1.0,31,550,400,150,0.7272727272727273,7,4,3,385.3820326223592,0.4095430107526881,0.06124970835529697,0.24508196384655298,134406.7226080246,4159.587191358019,138566.3097993826,1396,19,224.06451612903226,29,2,21,30.77339494597733,0.6817528735632183,40.763888888888886,1036.944444444444,35.75670498084289,0
1421,4,0,1,30,0.0,0.03225806451612903,0.967741935483871,31,550,400,150,0.7272727272727273,7,4,3,383.4134899997509,0.4093637992831541,0.05689754209873921,0.24455297667020834,134514.75935570986,4114.954668209874,138629.71402391975,1397,20,225.06451612903226,29,2,22,30.716266122193954,0.6828304597701149,40.65972222222222,1037.361111111111,35.77107279693487,0
1422,4,0,1,29,0.0,0.03333333333333333,0.9666666666666667,30,800,400,400,0.5,12,4,8,393.41664618663316,0.4082854406130268,0.05588805763369353,0.2504128176521267,134439.0049048751,4578.108485268851,139017.11339014396,1398,21,229.76666666666668,28,2,23,30.5327537637388,0.6852678571428572,40.73275862068965,1037.068965517241,37.03817733990146,0
1423,4,0,0,29,0.0,0.0,1.0,29,1000,700,300,0.7,13,7,6,402.3603757193485,0.40671182266009853,0.062431316641420764,0.2552679760711276,134319.29607780612,5008.9524872448965,139328.248565051,1399,22,236.58620689655172,27,2,23,30.42097329888026,0.6875,40.848214285714285,1036.607142857143,38.392857142857146,0
1424,4,0,0,29,0.0,0.0,1.0,29,600,400,200,0.6666666666666666,8,4,4,400.82619128670615,0.406557881773399,0.06251329780654236,0.25510116229014207,134435.0137515944,4977.014907525516,139412.0286591199,1400,23,237.58620689655172,27,2,24,30.34465131295738,0.6886574074074074,40.736607142857146,1037.0535714285718,38.409391534391546,0
1425,4,0,0,29,0.0,0.0,1.0,29,1050,700,350,0.6666666666666666,14,7,7,401.35844872915607,0.40522372742200324,0.0696778278483765,0.2559807635947803,134512.1865477963,4997.520505598084,139509.70705339438,1401,24,238.58620689655172,27,2,24,30.253460766030692,0.689429012345679,40.66220238095239,1037.3511904761913,38.42041446208116,0
1426,4,0,0,29,0.0,0.0,1.0,29,650,400,250,0.6153846153846154,9,4,5,403.5168850766034,0.4049158456486042,0.07418688132274531,0.25817676665359945,134627.98726261352,5064.9332128685,139692.920475482,1402,25,239.58620689655172,27,2,24,30.081373673644965,0.6905864197530864,40.55059523809525,1037.7976190476202,38.43694885361556,0
1427,4,0,1,28,0.0,0.034482758620689655,0.9655172413793104,29,1050,900,150,0.8571428571428571,12,9,3,405.25597338595423,0.4040948275862069,0.07438155384904266,0.2603937552750636,134782.46572066334,5124.279868197295,139906.74558886065,1403,26,240.58620689655172,27,2,20,29.881413012324455,0.6921296296296297,40.40178571428572,1038.3928571428578,38.45899470899473,0
1428,4,0,0,28,0.0,0.0,1.0,28,500,400,100,0.8,6,4,2,432.6680054278992,0.40139991181657847,0.03521839745444022,0.2601275295242167,132321.43964356562,5850.250673185927,138171.69031675154,1404,27,239.03571428571428,27,1,21,31.65377012824223,0.6674382716049383,42.78273809523809,1028.8690476190466,38.10626102292765,8
1429,4,0,0,28,0.0,0.0,1.0,28,800,600,200,0.75,10,6,4,433.7134756044011,0.4012345679012346,0.019646508910312832,0.24377688456385302,129731.4453125,5653.255208333333,135384.70052083334,1405,28,240.03571428571428,27,1,19,34.26635991820041,0.6412037037037037,45.3125,1018.75,37.73148148148148,8
1430,4,1,0,29,0.034482758620689655,0.0,1.0,29,900,800,100,0.8888888888888888,10,8,2,420.71778956345975,0.40537766830870275,0.011502348558077413,0.2383619783009577,130042.67251701014,5142.253146056278,135184.92566306642,1406,0,232.72413793103448,28,1,20,34.279182513969104,0.6409970238095238,45.007183908045974,1019.9712643678159,36.42754515599343,0
1431,4,0,0,29,0.0,0.0,1.0,29,1000,700,300,0.7,13,7,6,419.15947563698774,0.4045053366174056,0.02525317267017102,0.21587638973527906,126224.24734112818,4781.617865636137,131005.86520676431,1407,1,233.72413793103448,28,1,23,38.248558288056444,0.6019345238095238,48.7787356321839,1004.8850574712635,35.88875205254512,8
1432,4,2,1,30,0.06451612903225806,0.03225806451612903,0.967741935483871,31,700,600,100,0.8571428571428571,8,6,2,410.72036656638676,0.4151881720430108,0.07517221392424811,0.2114990642069614,126218.2315779321,4171.052319815108,130389.28389774721,1408,0,219.58064516129033,29,2,22,38.466799124625666,0.5987787356321839,48.78472222222222,1004.8611111111112,34.650383141762454,8
1433,4,1,0,31,0.03225806451612903,0.0,1.0,31,400,300,100,0.75,5,3,2,407.6872325551985,0.41648745519713265,0.08494638505642205,0.21101238391223687,126427.6644483025,4108.588927469144,130536.25337577164,1409,0,220.48387096774192,29,2,22,38.326169267596555,0.600933908045977,48.57638888888889,1005.6944444444447,34.67911877394637,0
1434,4,1,0,32,0.03125,0.0,1.0,32,650,400,250,0.6153846153846154,9,4,5,398.4951149247838,0.4202368951612903,0.09173171870829999,0.20825121277868416,126821.10106659732,3707.517848884268,130528.61891548158,1410,0,214.5625,30,2,23,38.150798416510995,0.6020833333333333,48.185483870967744,1007.2580645161293,33.57526881720431,0
1435,4,0,0,32,0.0,0.0,1.0,32,800,400,400,0.5,12,4,8,399.9754251173657,0.4191238239247312,0.0893821685782874,0.20972138024685372,126956.52134639837,3755.897719389519,130712.4190657879,1411,1,215.5625,30,2,23,37.973737441095395,0.6034722222222222,48.0510752688172,1007.7956989247308,33.593189964157695,0
1436,4,1,0,33,0.030303030303030304,0.0,1.0,33,700,300,400,0.42857142857142855,11,3,8,386.9867928755515,0.4244791666666667,0.0843813218211018,0.20446974910842772,127267.13204089497,3250.2843787737074,130517.41641966868,1412,0,210.0,29,4,24,37.981044964441374,0.6095545977011494,47.74305555555555,1009.027777777777,34.79406130268197,0
1437,4,0,0,33,0.0,0.0,1.0,33,850,400,450,0.47058823529411764,13,4,9,388.8098438997897,0.42380839646464646,0.12954852787509985,0.18978539905207564,123991.9395980002,3041.8573359861243,127033.79693398632,1413,1,211.0,32,1,20,41.3291286342123,0.5677083333333333,51.01010101010101,995.959595959596,31.123737373737374,8
1438,4,8,1,40,0.1951219512195122,0.024390243902439025,0.975609756097561,41,1100,800,300,0.7272727272727273,14,8,6,333.65504767744744,0.4463922764227642,0.1775515796891518,0.16523616431085045,124599.68000082187,157.02099460477248,124756.70099542664,1414,0,170.6341463414634,38,3,18,42.07263242375603,0.5616776315789473,50.40064102564103,998.3974358974363,26.273616734143058,8
1439,4,3,1,42,0.06976744186046512,0.023255813953488372,0.9767441860465116,43,1300,700,600,0.5384615384615384,19,7,12,323.85424382133874,0.4516426725729051,0.20389652795414137,0.1634571419602193,125390.93017578151,-477.68097224787726,124913.24920353363,1415,0,163.48837209302326,39,4,15,41.50036834806728,0.5681089743589743,49.609375000000014,1001.562500000002,25.681089743589798,0
1440,4,0,0,42,0.0,0.0,1.0,42,1150,700,450,0.6086956521739131,16,7,9,337.5400959999995,0.44924748354626404,0.2043809523809521,0.1704059450726981,125400.96205210421,65.57055391193512,125466.53260601615,1416,1,168.38095238095238,38,4,15,41.14733333333334,0.5699013157894737,49.59935897435899,1001.6025641025668,26.35796221322544,0
1441,4,1,3,40,0.023255813953488372,0.06976744186046512,0.9302325581395349,43,600,300,300,0.5,9,3,6,340.04802834685995,0.4516196013289036,0.21802023714651297,0.17326256682435323,125782.47070312557,-45.58376736105396,125736.88693576452,1417,0,165.4418604651163,39,4,16,40.69098303911389,0.5721153846153846,49.21875000000003,1003.1250000000047,25.721153846153964,0
1442,4,1,1,40,0.024390243902439025,0.024390243902439025,0.975609756097561,41,950,700,250,0.7368421052631579,12,7,5,356.08854489108535,0.445020325203252,0.231457947165584,0.18101332646075502,125686.24630896073,751.086512196098,126437.33282115683,1418,0,174.26829268292684,37,4,17,40.388076362310926,0.5746058558558558,49.31469298245616,1002.7412280701778,27.101114272166967,0
1443,4,1,0,41,0.024390243902439025,0.0,1.0,41,1000,700,300,0.7,13,7,6,354.53219195713353,0.44629065040650406,0.23670392028879284,0.18142773713625276,125961.27083573815,731.465090220096,126692.73592595824,1419,0,175.0,37,4,18,40.14325050063717,0.5774211711711712,49.04057017543861,1003.8377192982475,27.130749170222906,0
1444,4,4,0,45,0.08888888888888889,0.0,1.0,45,1550,1200,350,0.7741935483870968,19,12,7,343.42301691707223,0.4537878787878788,0.27344601650085454,0.18102150641306566,127170.80213758704,-260.2442052482231,126910.55793233882,1420,0,160.35555555555555,39,6,19,39.17873678956246,0.5862713675213675,47.83854166666668,1008.6458333333353,25.862713675213726,0
1445,4,0,0,45,0.0,0.0,1.0,45,1050,700,350,0.6666666666666666,14,7,7,346.28145575744855,0.4536195286195286,0.2748984789042599,0.18288343404943597,127249.61480034761,-187.1636284721818,127062.45117187544,1421,1,161.35555555555555,39,6,19,39.02582765503476,0.5870726495726496,47.760416666666686,1008.9583333333366,25.87072649572658,0
1446,4,0,2,43,0.0,0.044444444444444446,0.9555555555555556,45,550,100,450,0.18181818181818182,10,1,9,345.9820895848062,0.45330387205387207,0.27525461051472555,0.18296258099877774,127302.1701388891,-191.14583333331336,127111.02430555578,1422,2,162.35555555555555,39,6,19,38.97949353151665,0.5876068376068376,47.70833333333334,1009.1666666666683,25.876068376068417,0
1447,4,2,5,40,0.044444444444444446,0.1111111111111111,0.8888888888888888,45,1350,1000,350,0.7407407407407407,17,10,7,355.6864127532697,0.45016835016835016,0.1482210198393179,0.18723730635095748,127117.02338632221,42.75960963089517,127159.78299595311,1423,0,162.9777777777778,41,4,14,38.92472126578127,0.5825711382113821,47.89186507936508,1008.4325396825404,24.595915602013182,8
1448,4,0,1,39,0.0,0.025,0.975,40,1450,1100,350,0.7586206896551724,18,11,7,381.9797552676511,0.4417067307692308,0.17360784971486076,0.19941885296897852,126779.9403077063,1685.4741143170113,128465.41442202331,1424,1,183.625,36,4,15,38.6091076819859,0.5876736111111112,48.22635135135135,1007.0945945945942,27.97484984984984,0
1449,4,1,1,39,0.025,0.025,0.975,40,1100,800,300,0.7272727272727273,14,8,6,382.6671949533647,0.44013087606837603,0.17718945487042004,0.2010350193205705,127035.24470416365,1722.4441502313175,128757.68885439496,1425,0,184.475,36,4,17,38.32872542448615,0.5902777777777778,47.972972972972975,1008.1081081081082,28.003003003003005,0
1450,4,3,2,40,0.07142857142857142,0.047619047619047616,0.9523809523809523,42,1050,800,250,0.7619047619047619,13,8,5,367.31693249780085,0.4430410375532327,0.18742355836743307,0.1962273008674024,127712.20419908331,982.1710177880168,128694.37521687133,1426,0,176.23809523809524,38,4,15,38.02033787830742,0.5934758771929824,47.30235042735043,1010.7905982905992,26.599752586594715,0
1451,4,1,0,41,0.024390243902439025,0.0,1.0,41,1450,1100,350,0.7586206896551724,18,11,7,370.0075824249406,0.439989837398374,0.19162969371314276,0.19774492187684234,127728.54538175219,1252.1060566712972,128980.65143842349,1427,0,181.4878048780488,37,4,17,37.93558140796182,0.5954391891891893,47.28618421052632,1010.8552631578957,27.320412517780966,0
1452,4,0,0,41,0.0,0.0,1.0,41,1450,1000,450,0.6896551724137931,19,10,9,370.6459894322287,0.4397103658536585,0.19517484126375417,0.19863265313965436,127839.40882050268,1276.632834141295,129116.04165464397,1428,1,182.4878048780488,37,4,18,37.8057347573096,0.5965653153153153,47.17653508771931,1011.2938596491246,27.332266477003365,0
1453,4,0,0,41,0.0,0.0,1.0,41,1400,1000,400,0.7142857142857143,18,10,8,370.1364785093592,0.4388719512195122,0.200216684723727,0.1993208691156003,128033.53555901833,1277.976396583586,129311.51195560192,1429,2,183.4878048780488,37,4,19,37.61962802455761,0.5985360360360361,46.98464912280703,1012.0614035087733,27.35301090564252,0
1454,4,1,0,42,0.023809523809523808,0.0,1.0,42,800,400,400,0.5,12,4,8,365.8466896054018,0.4397381920247774,0.20925468458155128,0.19849485149986448,128333.90404704517,990.1067919497544,129324.01083899493,1430,0,180.0952380952381,38,4,20,37.42069977505975,0.5997807017543859,46.688034188034194,1013.247863247864,26.664417453891158,0
1455,4,1,1,42,0.023255813953488372,0.023255813953488372,0.9767441860465116,43,900,400,500,0.4444444444444444,14,4,10,362.6804991064681,0.44003783684016246,0.22026898635970804,0.1987195400615983,128725.2658420141,737.2287326389084,129462.494574653,1431,0,176.88372093023256,39,4,18,37.100954629439535,0.6020299145299146,46.30208333333334,1014.7916666666683,26.020299145299187,0
1456,4,4,1,45,0.08695652173913043,0.021739130434782608,0.9782608695652174,46,1150,700,450,0.6086956521739131,16,7,9,342.74453932737356,0.44445450885668275,0.23608010885128117,0.19238553992784485,129678.39084201376,-308.05121527778743,129370.33962673598,1432,0,165.95652173913044,39,7,16,36.637093475148305,0.6116452991452992,45.36458333333333,1018.5416666666656,26.116452991452963,0
1457,4,0,2,43,0.0,0.044444444444444446,0.9555555555555556,45,1550,1100,450,0.7096774193548387,20,11,9,348.1675867298099,0.4425084175084175,0.23363760360927555,0.19508437796130584,129609.02829141992,25.132519723848986,129634.16081114377,1433,1,170.64444444444445,38,7,17,36.569483789738754,0.6126644736842105,45.4326923076923,1018.2692307692291,26.7965587044534,0
1458,4,0,0,43,0.0,0.0,1.0,43,1000,500,500,0.5,15,5,10,357.513521801672,0.44119139904023624,0.2387803973828444,0.19994912869919998,129536.03512619255,662.1768236380287,130198.21194983058,1434,2,177.1627906976744,37,6,17,36.405823639235955,0.6137387387387387,45.504385964912274,1017.9824561403499,27.513039355144592,0
1459,4,0,0,43,0.0,0.0,1.0,43,1150,900,250,0.782608695652174,14,9,5,360.8223330595787,0.44084533038021406,0.245227650581896,0.20237426506385028,129647.68005540138,755.9556786703254,130403.63573407171,1435,3,178.1627906976744,37,6,17,36.2080103359173,0.6148648648648649,45.394736842105246,1018.4210526315767,27.52489331436694,0
1460,4,0,0,43,0.0,0.0,1.0,43,1700,1300,400,0.7647058823529411,21,13,8,353.1070012035601,0.4397379106681432,0.2347525442904026,0.19881550044153204,129799.47973738023,566.62100956971,130366.10074694995,1436,4,179.1627906976744,38,5,17,36.25017473963792,0.6145833333333333,45.24572649572649,1019.0170940170929,26.816239316239287,0
1461,4,0,0,43,0.0,0.0,1.0,43,1100,700,400,0.6363636363636364,15,7,8,350.2556471358822,0.4392995570321152,0.23062847954,0.19817369009555386,129990.07100819987,505.9512884432566,130496.02229664313,1437,5,180.1627906976744,38,5,19,36.129299807927346,0.6165021929824561,45.058760683760674,1019.7649572649561,26.835919928025163,0
1462,4,0,0,43,0.0,0.0,1.0,43,1050,500,550,0.47619047619047616,16,5,11,355.62223907909714,0.43844592100406055,0.22886194797573833,0.20205520555886103,130153.54624379051,657.0991078603081,130810.64535165082,1438,6,181.1627906976744,38,5,20,35.82652776323595,0.6181469298245614,44.898504273504265,1020.4059829059819,26.852789023841627,0
1463,4,0,1,42,0.0,0.023255813953488372,0.9767441860465116,43,1050,600,450,0.5714285714285714,15,6,9,378.20294426749166,0.4381229235880399,0.23883259105120924,0.20633961380272509,128555.01570001725,1181.5849296830067,129736.60062970026,1439,7,182.1627906976744,35,8,15,36.88132465951456,0.6077380952380953,46.46990740740741,1014.1203703703712,28.97486772486775,8
1464,4,1,0,43,0.023255813953488372,0.0,1.0,43,700,300,400,0.42857142857142855,11,3,8,376.5351110874312,0.4393918420081211,0.25114581565099314,0.20634124087591266,128731.13854595361,1094.3587105624458,129825.49725651606,1440,0,182.97674418604652,35,8,16,36.74346107055963,0.6095238095238096,46.29629629629631,1014.8148148148168,28.994708994709054,0
1465,4,2,1,44,0.044444444444444446,0.022222222222222223,0.9777777777777777,45,900,500,400,0.5555555555555556,13,5,8,369.94241845919447,0.44223484848484845,0.27893060916806434,0.206573333468821,129473.85381235814,582.1461377760836,130055.99995013422,1441,0,175.8,34,11,14,36.152863882715344,0.6191789215686274,45.56547619047618,1017.738095238094,29.933473389355708,0
1466,4,1,0,45,0.022222222222222223,0.0,1.0,45,1550,1400,150,0.9032258064516129,17,14,3,346.00913732867537,0.4410774410774411,0.18397085610200414,0.1918777943368107,129201.38888888876,-59.02777777778704,129142.36111111098,1442,0,176.44444444444446,37,8,18,37.03893442622953,0.6103603603603603,45.83333333333333,1016.6666666666656,27.47747747747745,8
1467,4,0,2,43,0.0,0.044444444444444446,0.9555555555555556,45,1350,1000,350,0.7407407407407407,17,10,7,345.48833559767826,0.44118265993266,0.18190356394130003,0.19199546510895518,129285.00987082548,-66.70742439983303,129218.30244642565,1443,1,177.44444444444446,37,8,20,36.967093441150034,0.611204954954955,45.75109649122806,1016.9956140350864,27.486367946894227,0
1468,4,0,0,43,0.0,0.0,1.0,43,1350,800,550,0.5925925925925926,19,8,11,355.8774094225874,0.4368078626799557,0.27278930201543483,0.1931353998784343,128344.1443977761,641.0586829857801,128985.20308076187,1444,2,186.32558139534885,36,7,21,37.662767652070826,0.603587962962963,46.677927927927925,1013.2882882882878,28.146896896896884,8
1469,4,0,1,42,0.0,0.023255813953488372,0.9767441860465116,43,1300,1000,300,0.7692307692307693,16,10,6,355.1322693552361,0.4370385751199705,0.2669380964436838,0.1932829920638353,128458.27880245114,523.936013716423,128982.21481616756,1445,3,187.32558139534885,36,7,16,37.565031844775234,0.6047453703703703,46.56531531531532,1013.7387387387391,28.15940940940942,0
1470,4,0,0,42,0.0,0.0,1.0,42,1350,1000,350,0.7407407407407407,17,10,7,353.7140182738892,0.43733062330623307,0.2630781265278188,0.1935491313476225,128672.41753472215,702.64756944444,129375.06510416658,1446,4,189.5,37,5,18,37.38235797399042,0.6050112612612613,46.354166666666664,1014.5833333333327,27.421171171171153,0
1471,4,1,0,43,0.023255813953488372,0.0,1.0,43,1150,1000,150,0.8695652173913043,13,10,3,345.7283373995499,0.4402454780361757,0.261964797119987,0.19080271389044193,129011.37689248644,320.5777677331931,129331.95466021964,1447,0,186.06976744186048,38,5,19,37.23950117432608,0.6066337719298245,46.020299145299134,1015.9188034188016,26.73470535312636,0
1472,4,0,1,42,0.0,0.023255813953488372,0.9767441860465116,43,1300,1100,200,0.8461538461538461,15,11,4,347.6226974569785,0.43971483942414175,0.26762887505225486,0.19237549278116517,129119.93805473344,377.00423241286046,129496.9422871463,1448,1,187.06976744186048,38,5,19,37.080836749710926,0.6077302631578947,45.913461538461526,1016.3461538461515,26.745951417003987,0
1473,4,1,0,43,0.023255813953488372,0.0,1.0,43,900,500,400,0.5555555555555556,13,5,8,342.7295039143396,0.44112218530823183,0.2741289718033899,0.19140886012833339,129480.2306959834,275.3647287467571,129755.59542473016,1449,0,184.90697674418604,37,6,16,36.83877397112689,0.6131756756756757,45.55921052631579,1017.7631578947369,27.507112375533428,0
1474,4,0,1,42,0.0,0.023255813953488372,0.9767441860465116,43,1550,1300,250,0.8387096774193549,18,13,5,338.9083349757601,0.4405223329641934,0.2695478171746506,0.1897647727566975,129581.83235627132,183.272609394392,129765.10496566571,1450,1,185.90697674418604,38,5,17,36.832808674361665,0.612390350877193,45.4594017094017,1018.162393162392,26.793747188484,0
1475,4,0,1,41,0.0,0.023809523809523808,0.9761904761904762,42,1600,1300,300,0.8125,19,13,6,346.9651428801758,0.4391090785907859,0.2740646716414086,0.19418754380002623,129563.94184989616,590.8343192136061,130154.77616910977,1451,2,190.6904761904762,37,5,17,36.645911865015265,0.6140202702702703,45.47697368421053,1018.0921052631581,27.51600284495022,0
1476,4,0,0,41,0.0,0.0,1.0,41,1550,1000,550,0.6451612903225806,21,10,11,343.13171992422235,0.43920223577235773,0.260761135218714,0.1928636908539596,129731.44531250015,702.994791666683,130434.44010416683,1452,3,193.0,37,4,17,36.57336400817996,0.6157094594594594,45.31250000000001,1018.7500000000011,27.533783783783814,0
1477,4,1,1,41,0.023809523809523808,0.023809523809523808,0.9761904761904762,42,1400,1100,300,0.7857142857142857,17,11,6,338.2402894657494,0.4405003871467286,0.2560408875592126,0.19204487303198023,130126.29323727079,402.7910183358919,130529.08425560668,1453,0,189.38095238095238,38,4,18,36.297556719022694,0.6178728070175439,44.925213675213676,1020.2991452991453,26.849977507872243,0
1478,4,0,0,41,0.0,0.0,1.0,41,1400,1000,400,0.7142857142857143,18,10,8,346.5276247855742,0.4377540650406504,0.2527044206497946,0.19673212621292055,130122.70752779701,818.2225540550937,130940.93008185212,1454,1,194.85365853658536,37,4,18,36.0898038688877,0.6196509009009009,44.92872807017544,1020.2850877192983,27.575272641062117,0
1479,4,0,0,41,0.0,0.0,1.0,41,1100,600,500,0.5454545454545454,16,6,10,347.51167980244605,0.4373221544715447,0.2554449529021403,0.19743245984380736,130150.67737188368,845.7761041859039,130996.45347606958,1455,2,195.85365853658536,37,4,18,36.036338562934304,0.6199324324324325,44.901315789473685,1020.3947368421055,27.57823613086772,0
1480,4,1,0,42,0.023809523809523808,0.0,1.0,42,1050,700,350,0.6666666666666666,14,7,7,341.74553471457654,0.4378871467286101,0.2516061270488663,0.19570025488234233,130458.54403518383,516.7730695983322,130975.31710478217,1456,0,192.16666666666666,37,5,19,35.87159225072448,0.6230292792792793,44.59978070175438,1021.6008771929819,27.61083451872924,0
1481,4,0,0,42,0.0,0.0,1.0,42,950,600,350,0.631578947368421,13,6,7,336.3874142511268,0.43745160665892374,0.241430921220666,0.19332943746294695,130598.60365689424,386.3453177900652,130984.9489746843,1457,1,193.16666666666666,37,5,19,35.86676678824285,0.6244369369369369,44.4627192982456,1022.1491228070159,27.625651967757186,0
1482,4,0,0,42,0.0,0.0,1.0,42,1350,1100,250,0.8148148148148148,16,11,5,338.3701774950169,0.43706445993031356,0.24306960021245771,0.19475083549157618,130654.6485457062,441.92732379191597,131096.5758694981,1458,2,194.16666666666666,37,5,19,35.759420134420125,0.625,44.407894736842096,1022.3684210526301,27.631578947368382,0
1483,4,0,1,41,0.0,0.023809523809523808,0.9761904761904762,42,1050,900,150,0.8571428571428571,12,9,3,335.86601432188104,0.4365321331784746,0.2340372923757159,0.19428009379679145,130848.09570312516,389.48567708334747,131237.58138020852,1459,3,195.16666666666666,39,3,19,35.62792710242313,0.6233974358974359,44.21875000000001,1023.1250000000013,26.23397435897439,0
1484,4,0,1,40,0.0,0.024390243902439025,0.975609756097561,41,1450,900,550,0.6206896551724138,20,9,11,341.1155551786736,0.4348577235772358,0.23014854208692448,0.19725377755984158,130835.79881656796,726.0252301117584,131561.8240466797,1460,4,199.97560975609755,38,3,19,35.506082915622386,0.625,44.230769230769226,1023.0769230769223,26.923076923076902,0
1485,4,0,0,40,0.0,0.0,1.0,40,950,500,450,0.5263157894736842,14,5,9,346.58891629059514,0.4351896367521368,0.2170702957565369,0.20064316171363705,130878.9483302553,1072.2385734071838,131951.18690366248,1461,5,201.325,37,3,20,35.32245677953993,0.6272522522522522,44.18859649122806,1023.2456140350864,27.655286865813146,0
1486,4,0,0,40,0.0,0.0,1.0,40,1500,1200,300,0.8,18,12,6,342.9192908976472,0.4344951923076923,0.21099271792675123,0.19938856403500785,131047.29940943347,987.7293975069049,132035.0288069404,1462,6,202.325,37,3,20,35.24621617762547,0.6289414414414414,44.024122807017534,1023.9035087719283,27.67306780464671,0
1487,4,0,0,40,0.0,0.0,1.0,40,1200,900,300,0.75,15,9,6,341.91415779226884,0.4344150641025641,0.20837970890410995,0.19967786815068483,131215.758694983,972.9051246537306,132188.66381963674,1463,7,203.325,37,3,21,35.10184788812786,0.6306306306306306,43.859649122807014,1024.5614035087713,27.690848743480306,0
1488,4,0,0,40,0.0,0.0,1.0,40,950,600,350,0.631578947368421,13,6,7,350.0641517318651,0.4341613247863248,0.1969617862697184,0.1905246368736546,128458.27880245096,1046.1837245505105,129504.46252700148,1464,8,204.325,36,4,17,37.693475523957645,0.6047453703703703,46.56531531531531,1013.7387387387377,28.159409409409378,8
1489,4,1,0,41,0.024390243902439025,0.0,1.0,41,950,800,150,0.8421052631578947,11,8,3,367.1214760516486,0.4373221544715447,0.16008793288161072,0.20073735106629417,128643.06205257612,1289.8134843231073,129932.87553689923,1465,0,200.3170731707317,35,6,15,37.07228085187296,0.6086309523809523,46.38310185185184,1014.4675925925911,28.98478835978832,8
1490,4,0,0,41,0.0,0.0,1.0,41,950,700,250,0.7368421052631579,12,7,5,364.03275354933345,0.4371697154471545,0.1553866308420182,0.19963747441363977,128760.50407503838,1174.6081693672604,129935.11224440564,1466,1,201.3170731707317,35,6,15,37.030661991105035,0.6098214285714285,46.2673611111111,1014.9305555555538,28.998015873015824,0
1491,4,1,1,41,0.023809523809523808,0.023809523809523808,0.9761904761904762,42,900,600,300,0.6666666666666666,12,6,6,356.9200851476583,0.43742740998838564,0.16099798376455454,0.19707056353746463,129029.71172185689,810.6591388685886,129840.37086072548,1467,0,197.5,36,6,16,36.93656247690831,0.6105324074074074,46.00225225225225,1015.9909909909902,28.22197197197195,0
1492,4,2,2,41,0.046511627906976744,0.046511627906976744,0.9534883720930233,43,1150,500,650,0.43478260869565216,18,5,13,340.40106949888064,0.4389304171280915,0.14783767001181847,0.19092059984937174,129647.68005540132,226.5559241861112,129874.23597958742,1468,0,192.62790697674419,37,6,12,36.72794645420615,0.6148648648648649,45.394736842105246,1018.4210526315762,27.524893314366924,0
1493,4,0,0,41,0.0,0.0,1.0,41,1200,900,300,0.75,15,9,6,355.6396502296581,0.4364837398373984,0.14824474032477775,0.19825162746790873,129407.39300679418,1004.4799972136213,130411.87300400781,1469,2,203.02439024390245,35,6,18,36.58440924430288,0.6163690476190475,45.630787037037024,1017.4768518518499,29.07076719576714,0
1494,4,0,0,41,0.0,0.0,1.0,41,1200,800,400,0.6666666666666666,16,8,8,371.8338623060658,0.4367632113821138,0.14589667302210674,0.20107648368721875,128201.54772593529,1649.3388943677983,129850.88662030309,1470,3,204.02439024390245,36,5,17,37.40455539493681,0.6021412037037037,46.81869369369369,1012.7252252252244,28.131256256256236,8
1495,4,1,0,42,0.023809523809523808,0.0,1.0,42,750,400,350,0.5333333333333333,11,4,7,365.51373623300094,0.4384557684862563,0.15012642225031647,0.19939404507607125,128550.50131492419,997.39480604863,129547.89612097281,1471,0,200.14285714285714,38,4,16,37.20764854614413,0.6019736842105263,46.474358974358964,1014.1025641025624,26.68690958164638,0
1496,4,1,1,42,0.023255813953488372,0.023255813953488372,0.9767441860465116,43,900,500,400,0.5555555555555556,13,5,8,358.767658157502,0.4406376891842008,0.1581433520054203,0.19736270495030048,128883.87586805533,647.8732638888646,129531.74913194419,1472,0,196.46511627906978,39,4,17,37.03836684448091,0.6036324786324787,46.14583333333332,1015.4166666666648,26.036324786324737,0
1497,4,0,1,41,0.0,0.023809523809523808,0.9761904761904762,42,1200,600,600,0.5,18,6,12,338.182149582642,0.43935104529616725,0.06178383702446766,0.18829457655781548,129360.29188368062,522.1245659722274,129882.41644965285,1473,1,200.66666666666666,39,3,19,37.076336268687285,0.608440170940171,45.677083333333336,1017.2916666666672,26.084401709401725,8
1498,4,0,1,40,0.0,0.024390243902439025,0.975609756097561,41,1250,1000,250,0.8,15,10,5,343.05115010230026,0.43653455284552845,0.08308815056654506,0.19142133595339247,129445.8954840565,681.3126643655451,130127.20814842204,1474,3,206.53658536585365,38,3,14,36.86548556430446,0.6110197368421053,45.592948717948715,1017.6282051282049,26.77968960863697,0
1499,4,0,0,40,0.0,0.0,1.0,40,1450,1100,350,0.7586206896551724,18,11,7,346.99975125813427,0.4368723290598291,0.07925677094268346,0.1937584777541026,129473.07715136258,985.4251132296204,130458.5022645922,1475,4,209.625,38,2,15,36.73739414934566,0.6112938596491229,45.566239316239326,1017.7350427350441,26.782501124606423,0
1500,4,0,0,40,0.0,0.0,1.0,40,1150,800,350,0.6956521739130435,15,8,7,346.3871398818884,0.43657852564102567,0.08468622100954981,0.1938181477354384,129554.63927469144,975.212191358032,130529.85146604947,1476,5,210.625,38,2,16,36.6700773078672,0.6121162280701755,45.486111111111114,1018.0555555555562,26.79093567251464,0
1501,4,0,0,40,0.0,0.0,1.0,40,1550,1100,450,0.7096774193548387,20,11,9,345.2618092485473,0.43604433760683764,0.08190468700849318,0.1942632374515278,129772.26382725182,961.0813198553589,130733.34514710719,1477,6,211.625,38,2,17,36.47766593268324,0.6143092105263157,45.2724358974359,1018.9102564102566,26.81342780026991,0
1502,4,0,0,40,0.0,0.0,1.0,40,1450,1200,250,0.8275862068965517,17,12,5,340.26535203320253,0.4361111111111111,0.08494550408719359,0.19211905260951576,129908.3719135802,840.663580246907,130749.0354938271,1478,7,212.625,38,2,18,36.46684831970935,0.6156798245614035,45.138888888888886,1019.444444444444,26.827485380116947,0
1503,4,1,0,41,0.024390243902439025,0.0,1.0,41,1200,800,400,0.6666666666666666,16,8,8,332.08122528012575,0.4380843495934959,0.10067663578380492,0.18933845776442787,130289.17236328137,453.31759982640295,130742.48996310777,1479,0,208.41463414634146,39,2,19,36.28977060163932,0.6177884615384616,44.76562500000001,1020.9375000000009,26.177884615384638,0
1504,4,0,1,40,0.0,0.024390243902439025,0.975609756097561,41,1450,1000,450,0.6896551724137931,19,10,9,329.5551067831989,0.4378556910569105,0.09734209518313741,0.18854243740467047,130422.14084201402,396.25651041667624,130818.3973524307,1480,1,209.41463414634146,39,2,19,36.21974641376027,0.6191239316239316,44.63541666666667,1021.4583333333344,26.191239316239344,0
1505,4,0,0,40,0.0,0.0,1.0,40,1200,1000,200,0.8333333333333334,14,10,4,338.4897279333004,0.4360309829059829,0.10503032838318327,0.19381070529929478,130453.51765103391,831.4351395281114,131284.952790562,1481,2,214.975,38,2,19,35.959832322387214,0.6211622807017544,44.604700854700866,1021.5811965811985,26.883715699505224,0
1506,4,0,0,40,0.0,0.0,1.0,40,1100,700,400,0.6363636363636364,15,7,8,337.93935843264575,0.43593750000000003,0.10553842132775682,0.19390461688111932,130535.38795976709,822.6090519760492,131357.99701174314,1482,3,215.975,38,2,15,35.8910524481617,0.621984649122807,44.524572649572654,1021.9017094017104,26.89215024741343,0
1507,4,1,0,41,0.024390243902439025,0.0,1.0,41,1050,700,350,0.6666666666666666,14,7,7,336.2502519920632,0.43577235772357725,0.1177405259394606,0.1947713723803085,130901.38888888902,603.1250000000091,131504.51388888902,1483,0,211.6829268292683,39,2,17,35.56426438653635,0.6239316239316239,44.16666666666667,1023.3333333333344,26.239316239316267,0
1508,4,0,1,40,0.0,0.024390243902439025,0.975609756097561,41,900,500,400,0.5555555555555556,13,5,8,335.87260126111323,0.435010162601626,0.1121504602635035,0.19536258404714463,131061.33355034732,603.98220486112,131665.31575520843,1484,1,212.6829268292683,39,2,18,35.41242794167515,0.625534188034188,44.01041666666667,1023.9583333333342,26.255341880341902,0
1509,4,2,1,41,0.047619047619047616,0.023809523809523808,0.9761904761904762,42,1350,1000,350,0.7407407407407407,17,10,7,329.36538070686015,0.4377540650406504,0.11903769737919179,0.19360552905114178,131465.0463533674,260.5495430865793,131725.59589645398,1485,0,208.16666666666666,38,4,20,35.172066534708485,0.6313048245614035,43.61645299145298,1025.534188034186,26.987741790373313,0
1510,4,0,0,41,0.0,0.0,1.0,41,1000,900,100,0.9,11,9,2,333.8710866022806,0.43521341463414637,0.12158794434522857,0.19653564086256853,131519.83486969446,582.1340355394673,132101.96890523392,1486,1,213.7560975609756,38,3,21,35.00134534597092,0.6318530701754386,43.56303418803418,1025.7478632478617,26.99336482231215,0
1511,4,0,0,41,0.0,0.0,1.0,41,1000,600,400,0.6,14,6,8,334.0881187234246,0.4349085365853658,0.11422738837007373,0.19737087751889382,131656.85609796175,596.9982741617262,132253.85437212346,1487,2,214.7560975609756,38,3,15,34.857771184676245,0.6332236842105263,43.429487179487175,1026.2820512820504,27.00742240215922,0
1512,4,0,1,40,0.0,0.024390243902439025,0.975609756097561,41,1550,1100,450,0.7096774193548387,20,11,9,338.84860225160037,0.4347815040650407,0.11376868607395774,0.2007604850578222,131766.5244448096,729.7805263350011,132496.3049711446,1488,3,215.7560975609756,38,3,15,34.62517343045438,0.6343201754385965,43.32264957264957,1026.7094017094007,27.01866846603686,0
1513,4,0,0,40,0.0,0.0,1.0,40,900,700,200,0.7777777777777778,11,7,4,348.6575244665911,0.4317441239316239,0.11713927160098336,0.20648199883495824,131749.9269606993,1187.120676554311,132937.0476372536,1489,4,222.075,37,3,16,34.390130478123126,0.6359797297297297,43.33881578947368,1026.644736842104,27.747155049786596,0
1514,4,0,0,40,0.0,0.0,1.0,40,1000,800,200,0.8,12,8,4,347.91206366698617,0.4316105769230769,0.12086759209823827,0.20634556530977335,131806.2183195789,1171.3946839411888,132977.6130035201,1490,5,223.075,37,3,16,34.35253158925075,0.6365427927927928,43.283991228070164,1026.8640350877176,27.753082029397774,0
1515,4,0,0,40,0.0,0.0,1.0,40,850,600,250,0.7058823529411765,11,6,5,344.9707718178141,0.43023504273504276,0.12858702432938318,0.20557180194199062,131985.99810979582,1106.2623274161417,133092.26043721195,1491,6,224.075,38,2,17,34.246984820128915,0.6365131578947368,43.10897435897434,1027.5641025640998,27.0411605937921,0
1516,4,0,1,39,0.0,0.025,0.975,40,1200,800,400,0.6666666666666666,16,8,8,343.29818551541234,0.42943376068376066,0.12543654505768664,0.20501997783015372,132068.34781804707,1067.7648339907648,133136.11265203785,1492,7,225.075,38,2,18,34.2070730693275,0.6373355263157895,43.02884615384614,1027.8846153846132,27.049595141700348,0
1517,4,0,0,39,0.0,0.0,1.0,39,750,400,350,0.5333333333333333,11,4,7,347.9330133333334,0.42931848852901483,0.12906119658119675,0.20789496494582527,132087.85545792934,1391.5451148430252,133479.40057277237,1493,8,230.56410256410257,37,2,18,34.068333333333335,0.6393581081081081,43.00986842105263,1027.9605263157891,27.78271692745376,0
1518,4,0,1,38,0.0,0.02564102564102564,0.9743589743589743,39,1000,500,500,0.5,15,5,10,347.3238098739721,0.4292622582096266,0.1292177648444539,0.20757451544145072,132095.80342793468,1376.0035429907016,133471.8069709254,1494,9,231.56410256410257,38,1,18,34.07598905286495,0.637609649122807,43.00213675213674,1027.9914529914515,27.052406657669778,0
1519,4,0,0,38,0.0,0.0,1.0,38,1300,1000,300,0.7692307692307693,16,10,6,355.00338715286506,0.42671289710763394,0.1312419614825131,0.21148993903429728,131975.1645337988,1770.3260859110378,133745.49061970983,1495,10,238.05263157894737,37,1,18,34.00017340732045,0.6382319819819819,43.119517543859644,1027.5219298245606,27.77086296823137,0
1520,4,0,0,38,0.0,0.0,1.0,38,750,600,150,0.8,9,6,3,353.7855777453301,0.42644618302513043,0.1304334398355862,0.21107779886740777,132031.503984399,1742.1683835410822,133773.67236794007,1496,11,239.05263157894737,37,1,18,33.974692378818595,0.638795045045045,43.06469298245614,1027.7412280701749,27.776789947842566,0
1521,4,0,2,36,0.0,0.05263157894736842,0.9473684210526316,38,1350,900,450,0.6666666666666666,18,9,9,353.5456696794398,0.4255423186344239,0.13651771783906352,0.21172102747469887,132172.40521121875,1745.7963027085134,133918.20151392726,1497,12,240.05263157894737,37,1,18,33.83894931399729,0.6402027027027026,42.92763157894736,1028.2894736842097,27.791607396870532,0
1522,4,0,1,35,0.0,0.027777777777777776,0.9722222222222222,36,1350,1100,250,0.8148148148148148,16,11,5,359.7663091107132,0.42260251322751324,0.15219620791435284,0.21537492521156182,132159.87761488341,2309.3342764060394,134469.21189128945,1498,13,250.22222222222223,35,1,18,33.69165541047577,0.644047619047619,42.93981481481482,1028.2407407407409,29.378306878306883,0
1523,4,0,0,35,0.0,0.0,1.0,35,1050,900,150,0.8571428571428571,12,9,3,365.87974117253896,0.42118347338935574,0.14160065555859092,0.22024622740453917,132368.22601862566,2686.1704550325794,135054.39647365824,1499,14,245.94285714285715,35,0,18,33.32454635774004,0.6461309523809524,42.73726851851852,1029.0509259259259,29.401455026455025,0
1524,4,0,0,35,0.0,0.0,1.0,35,650,400,250,0.6153846153846154,9,4,5,363.62557911031627,0.4210434173669468,0.1417841883773976,0.2194088127956005,132457.56842635456,2632.992005315498,135090.56043167005,1500,15,246.94285714285715,35,0,18,33.29257551907653,0.6470238095238094,42.65046296296296,1029.3981481481478,29.41137566137565,0
1525,4,0,1,34,0.0,0.02857142857142857,0.9714285714285714,35,750,300,450,0.4,12,3,9,363.3310583556777,0.42041316526610645,0.13779019362296485,0.21992651409855934,132576.73852237663,2633.849344135814,135210.58786651245,1501,16,247.94285714285715,35,0,18,33.18020903573837,0.6482142857142856,42.53472222222223,1029.8611111111118,29.42460317460319,0
1526,4,0,0,34,0.0,0.0,1.0,34,1000,800,200,0.8,12,8,4,369.7987034069607,0.4185977421271539,0.14467923091566748,0.2240545085348056,132612.49999999997,3007.98611111111,135620.4861111111,1502,17,251.6764705882353,34,0,18,32.97768338727077,0.6507352941176471,42.5,1029.9999999999998,30.294117647058815,0
1527,4,0,0,34,0.0,0.0,1.0,34,1050,700,350,0.6666666666666666,14,7,7,369.0776912394737,0.4178735888294712,0.14165562238760354,0.22416613457386964,132704.48022959166,2995.6526360544044,135700.13286564607,1503,18,252.6764705882353,34,0,17,32.90366839976891,0.6516544117647058,42.41071428571428,1030.3571428571415,30.30462184873946,0
1528,4,0,0,34,0.0,0.0,1.0,34,1000,900,100,0.9,11,9,2,365.9832869812082,0.41729797979797983,0.1326892503363093,0.22283286207336833,132796.4923469386,2920.2593537414773,135716.7517006801,1504,19,253.6764705882353,34,0,18,32.8908235158235,0.6525735294117647,42.32142857142856,1030.7142857142844,30.31512605042013,0
1529,4,0,0,34,0.0,0.0,1.0,34,950,600,350,0.631578947368421,13,6,7,370.3187705741978,0.41726084373143196,0.14637988159252657,0.22658487487675474,132980.61224489787,3049.0433673469292,136029.6556122448,1505,20,254.6764705882353,34,0,19,32.5939231301939,0.6544117647058824,42.14285714285714,1031.4285714285706,30.33613445378149,0
1530,4,0,1,33,0.0,0.029411764705882353,0.9705882352941176,34,900,600,300,0.6666666666666666,12,6,6,369.21188736748275,0.417242275698158,0.14624418723057575,0.22609335717591778,133011.31129535142,3021.87145691609,136033.18275226752,1506,21,255.6764705882353,34,0,19,32.59160415464511,0.654718137254902,42.113095238095234,1031.5476190476186,30.339635854341722,0
1531,4,0,0,33,0.0,0.0,1.0,33,1050,800,250,0.7619047619047619,13,8,5,405.49532834856984,0.41773200757575757,0.07300679106004604,0.23282610330709022,130561.83073255749,4022.8989754674612,134584.72970802494,1507,22,260.5151515151515,31,2,18,34.13823947848981,0.6374327956989247,44.498697916666664,1022.0052083333331,32.96790994623655,8
1532,4,0,0,33,0.0,0.0,1.0,33,500,300,200,0.6,7,3,4,434.1038966339696,0.4177714646464647,0.030190924613235248,0.23042916809241237,127454.46062888103,4542.680429848462,131997.1410587295,1508,23,261.5151515151515,28,5,16,36.59884272434072,0.6145833333333333,47.55747126436782,1009.7701149425293,36.063218390804614,8
1533,4,0,0,33,0.0,0.0,1.0,33,950,700,250,0.7368421052631579,12,7,5,433.3326210176645,0.4183633207070707,0.03738221113452189,0.23105597601343694,127635.87753088248,4461.7578692693805,132097.63540015186,1509,24,262.5151515151515,28,5,16,36.43093274562775,0.6164434523809523,47.37787356321839,1010.4885057471258,36.088875205254496,0
1534,4,3,1,35,0.08333333333333333,0.027777777777777776,0.9722222222222222,36,900,500,400,0.5555555555555556,13,5,8,398.523478098304,0.4292493386243386,0.0456947832413237,0.21752623482184252,128573.35620456286,3047.900221082924,131621.25642564578,1510,0,241.55555555555554,31,5,16,36.347332776993206,0.617271505376344,46.45182291666668,1014.1927083333346,32.71589381720434,0
1535,4,0,0,35,0.0,0.0,1.0,35,1100,900,200,0.8181818181818182,13,9,4,411.24035552534133,0.4261204481792717,0.04619899649720738,0.22435346944603765,128553.12256113421,3573.246365186723,132126.36892632092,1511,1,249.45714285714286,30,5,16,36.045670421912966,0.6197916666666667,46.471774193548384,1014.1129032258062,33.80376344086021,0
1536,4,2,0,37,0.05405405405405406,0.0,1.0,37,1200,1100,100,0.9166666666666666,13,11,2,392.0882217127764,0.43205705705705705,0.05007939252132543,0.21725411376528336,129169.29913082869,2729.152159218475,131898.45129004717,1512,0,236.9189189189189,32,5,18,35.90056100691425,0.6207682291666667,45.864898989899004,1016.5404040404057,31.76688762626268,0
1537,4,0,0,37,0.0,0.0,1.0,37,1050,900,150,0.8571428571428571,12,9,3,390.5442336737574,0.4320883383383383,0.049819126302861116,0.2169271212419615,129265.58036169782,2696.7854045505583,131962.36576624837,1513,1,237.9189189189189,32,5,19,35.84140385729657,0.6217447916666667,45.77020202020202,1016.9191919191923,31.778724747474758,0
1538,4,0,0,37,0.0,0.0,1.0,37,1250,800,450,0.64,17,8,9,390.86811691470285,0.4324637137137137,0.04642210448662043,0.21817153894269425,129458.25043362928,2720.220513212942,132178.47094684222,1514,2,238.9189189189189,32,5,17,35.636373035566585,0.6236979166666667,45.58080808080808,1017.6767676767681,31.802398989899004,0
1539,4,0,1,36,0.0,0.02702702702702703,0.972972972972973,37,1300,1000,300,0.7692307692307693,16,10,6,400.56585878512317,0.4316504004004004,-0.03442175398850689,0.21452751604797216,127813.27239229032,2900.8086560305273,130714.08104832085,1515,3,239.9189189189189,34,3,18,37.076171415116555,0.602328431372549,47.202380952380956,1011.1904761904768,29.740896358543438,8
1540,4,1,0,37,0.02702702702702703,0.0,1.0,37,750,500,250,0.6666666666666666,10,5,5,399.84724697873685,0.43096221221221226,-0.015589336690253752,0.21543100721249814,128054.14540816327,2840.41950113379,130894.56490929706,1516,0,240.8108108108108,34,3,20,36.846722339841605,0.6047794117647058,46.964285714285715,1012.1428571428572,29.768907563025213,0
1541,4,0,1,36,0.0,0.02702702702702703,0.972972972972973,37,1150,800,350,0.6956521739130435,15,8,7,400.19792058948707,0.43043043043043044,-0.019280260296594243,0.21661007293203077,128237.60880730968,2864.1167649657878,131101.72557227546,1517,1,241.8108108108108,33,4,20,36.6494000806614,0.6089015151515151,46.783088235294116,1012.8676470588234,30.692959001782526,0
1542,4,3,1,38,0.07692307692307693,0.02564102564102564,0.9743589743589743,39,1500,1200,300,0.8,18,12,6,377.89114570944037,0.4360942420152947,0.012449747851409843,0.20910285653143484,129115.53603857242,1958.3235685009386,131073.85960707336,1518,0,227.84615384615384,36,3,19,36.3162511542013,0.611400462962963,45.917792792792795,1016.3288288288294,28.231356356356372,0
1543,4,0,0,38,0.0,0.0,1.0,38,700,300,400,0.42857142857142855,11,3,8,384.13255753339234,0.4335141062114746,0.01200258932264009,0.21254366652178425,129113.15164448299,2319.313030478389,131432.46467496137,1519,1,234.6315789473684,35,3,20,36.160104202254864,0.6133928571428571,45.920138888888886,1016.3194444444441,29.037698412698404,0
1544,4,0,0,38,0.0,0.0,1.0,38,900,800,100,0.8888888888888888,10,8,2,381.21760362310977,0.4334252015173068,0.011309940068101376,0.21157445637332192,129233.48263251196,2253.3061338607004,131486.78876637266,1520,2,235.6315789473684,32,6,22,36.11128357961836,0.6214192708333333,45.801767676767675,1016.7929292929291,31.774779040404034,0
1545,4,1,0,39,0.02564102564102564,0.0,1.0,39,800,600,200,0.75,10,6,4,369.159516876897,0.4346884840305893,0.023081119644131398,0.2069325365245724,129625.34722222218,1770.486111111107,131395.83333333328,1521,0,230.56410256410257,34,5,17,36.01848063284233,0.6207107843137255,45.416666666666664,1018.3333333333329,29.95098039215685,0
1546,4,0,0,39,0.0,0.0,1.0,39,950,800,150,0.8421052631578947,11,8,3,366.79471404038657,0.43488529014844807,0.020551166713101754,0.20640341600734174,129776.92920918361,1720.298327664392,131497.227536848,1522,1,231.56410256410257,34,5,17,35.92441679323908,0.6222426470588236,45.26785714285714,1018.9285714285709,29.968487394957968,0
1547,4,0,2,37,0.0,0.05128205128205128,0.9487179487179487,39,500,200,300,0.4,8,2,6,368.80309834238176,0.4344354475933423,0.0245269796776455,0.20801660922315388,129867.9209183674,1779.1383219954687,131647.05924036287,1523,2,232.56410256410257,34,5,18,35.780678190453926,0.6231617647058824,45.17857142857143,1019.2857142857148,29.97899159663867,0
1548,4,1,0,38,0.02631578947368421,0.0,1.0,38,1050,700,350,0.6666666666666666,14,7,7,370.35434050617437,0.43379563774300617,0.048322902015219604,0.21003086325595027,130080.35891439911,2035.1651077097504,132115.52402210888,1524,0,237.1315789473684,34,4,20,35.52510016726961,0.6253063725490196,44.970238095238095,1020.1190476190478,30.00350140056023,0
1549,4,0,0,38,0.0,0.0,1.0,38,850,500,350,0.5882352941176471,12,5,7,369.16551301494246,0.43379563774300617,0.05090952623597911,0.21001034791487064,130201.83000283447,2013.2050736961405,132215.03507653062,1525,1,238.1315789473684,34,4,20,35.431976359889575,0.626531862745098,44.851190476190474,1020.5952380952381,30.01750700280112,0
1550,4,1,0,39,0.02564102564102564,0.0,1.0,39,1350,1100,250,0.8148148148148148,16,11,5,358.4262421829319,0.43421052631578944,0.05492887816520464,0.20593768020282838,130587.70743580672,1561.21225030006,132148.9196861068,1526,0,233.0,35,4,16,35.31463499792397,0.6282738095238095,44.473379629629626,1022.1064814814812,29.20304232804232,0
1551,4,0,1,38,0.0,0.02564102564102564,0.9743589743589743,39,1150,900,250,0.782608695652174,14,9,5,357.19903131884405,0.43362010796221323,0.0637703362610007,0.2061768673915498,130765.21675936654,1541.84175132889,132307.05851069544,1527,1,234.0,35,4,18,35.16618101919958,0.6300595238095238,44.299768518518526,1022.8009259259269,29.222883597883627,0
1552,4,0,0,38,0.0,0.0,1.0,38,850,600,250,0.7058823529411765,11,6,5,359.1122212894906,0.43326220957799905,0.08149559418909291,0.20775864111250622,130854.01663237307,1798.2553155006822,132652.27194787376,1528,2,240.05263157894737,35,3,18,35.02733785822021,0.6309523809523809,44.21296296296296,1023.1481481481478,29.232804232804224,0
1553,4,0,1,37,0.0,0.02631578947368421,0.9736842105263158,38,1150,900,250,0.782608695652174,14,9,5,367.75814315471433,0.43243243243243246,0.07690111354335194,0.21407395069953358,131090.9636488339,2041.9538751714535,133132.91752400534,1529,3,241.05263157894737,35,3,18,34.56619198312235,0.6333333333333333,43.981481481481474,1024.074074074073,29.259259259259228,0
1554,4,0,0,37,0.0,0.0,1.0,37,900,700,200,0.7777777777777778,11,7,4,375.4182318955271,0.43086836836836834,0.08336554203313917,0.21832131254451834,131053.7149234693,2439.9907879818516,133493.70571145116,1530,4,248.35135135135135,34,3,18,34.40782079603147,0.6351102941176471,44.01785714285714,1023.9285714285708,30.115546218487374,0
1555,4,0,0,37,0.0,0.0,1.0,37,700,400,300,0.5714285714285714,10,4,6,375.4182318955271,0.43086836836836834,0.08336554203313917,0.21832131254451834,131053.7149234693,2439.9907879818516,133493.70571145116,1531,5,249.35135135135135,34,3,18,34.40782079603147,0.6351102941176471,44.01785714285714,1023.9285714285708,30.115546218487374,0
1556,4,0,0,37,0.0,0.0,1.0,37,1000,700,300,0.7,13,7,6,378.61249135250694,0.43002377377377377,0.0868445435557581,0.22087867715853,131175.6395266438,2532.947137188183,133708.586663832,1532,6,250.35135135135135,34,3,18,34.20249854735618,0.6363357843137255,43.89880952380951,1024.4047619047603,30.129551820728246,0
1557,4,1,0,38,0.02631578947368421,0.0,1.0,38,1350,1100,250,0.8148148148148148,16,11,5,371.5475552354985,0.4325065196775723,0.09040295757911077,0.21887576248250226,131548.03929077752,2175.4476330973503,133723.48692387488,1533,0,244.73684210526315,33,5,19,34.006664874766074,0.6423611111111112,43.53553921568627,1025.8578431372546,31.086601307189532,0
1558,4,0,1,37,0.0,0.02631578947368421,0.9736842105263158,38,900,600,300,0.6666666666666666,12,6,6,371.80107331128335,0.4322990753911806,0.08846531043327377,0.219205534208596,131579.47063629367,2184.277681660892,133763.74831795457,1534,1,245.73684210526315,33,5,15,33.968386685777986,0.6426767676767677,43.50490196078431,1025.9803921568623,31.090314913844313,0
1559,4,0,0,37,0.0,0.0,1.0,37,950,600,350,0.631578947368421,13,6,7,380.7564092227216,0.42874124124124124,0.10100378498114204,0.22453023086675136,131587.09092184468,2620.5256478930733,134207.61656973776,1535,2,252.94594594594594,32,5,17,33.730976700303565,0.6451822916666667,43.49747474747475,1026.010101010101,32.062815656565654,0
1560,4,0,0,37,0.0,0.0,1.0,37,1100,800,300,0.7272727272727273,14,8,6,379.0950355338213,0.4287725225225225,0.10076612045116029,0.22393055587346647,131651.87225793282,2581.714238343023,134233.58649627585,1536,3,253.94594594594594,32,5,17,33.708066765091864,0.6458333333333333,43.43434343434343,1026.2626262626259,32.07070707070706,0
1561,4,2,0,39,0.05128205128205128,0.0,1.0,39,1250,1000,250,0.8,15,10,5,359.78588686461956,0.43114597390913184,0.10285490461396041,0.2160465495758981,132275.5119756234,1718.1724773242427,133993.68445294764,1537,0,241.87179487179486,34,5,20,33.5746730702465,0.6473651960784313,42.82738095238094,1028.6904761904748,30.255602240896316,0
1562,4,1,0,40,0.025,0.0,1.0,40,1200,900,300,0.75,15,9,6,348.8503396742065,0.43231837606837603,0.09915905675644465,0.2111899432135449,132581.84700963696,1250.3011621314918,133832.14817176844,1538,0,236.8,34,6,21,33.54790390320964,0.6504289215686274,42.52976190476189,1029.8809523809505,30.290616246498544,0
1563,4,0,0,40,0.0,0.0,1.0,40,1250,1000,250,0.8,15,10,5,380.4994124264357,0.431383547008547,0.1891490726700109,0.21645796036707576,130201.83000283434,1957.5821995464676,132159.4122023808,1539,1,237.8,34,6,18,35.14279326567906,0.626531862745098,44.85119047619047,1020.595238095237,30.01750700280109,8
1564,4,0,0,40,0.0,0.0,1.0,40,850,500,350,0.5882352941176471,12,5,7,382.74631173075863,0.43141025641025643,0.18935401119402995,0.21824683307200693,130292.97052154191,1973.8307823129194,132266.80130385482,1540,2,238.8,34,6,18,34.992760805348254,0.6274509803921569,44.76190476190476,1020.9523809523806,30.028011204481782,0
1565,4,0,1,39,0.0,0.025,0.975,40,1000,700,300,0.7,13,7,6,381.27373791709476,0.43075587606837606,0.18738344988344968,0.21808857808857793,130414.54081632636,1944.7278911564397,132359.2687074828,1541,3,239.8,34,6,19,34.906759906759895,0.6286764705882353,44.64285714285713,1021.4285714285701,30.04201680672265,0
1566,4,1,1,39,0.025,0.025,0.975,40,1200,800,400,0.6666666666666666,16,8,8,382.920601322566,0.43141025641025643,0.2174335150773341,0.20618978095182158,128030.53634293082,1805.1059928171467,129835.64233574797,1542,0,240.675,36,4,19,37.29924706056898,0.6004050925925926,46.987612612612615,1012.04954954955,28.1124874874875,8
1567,4,4,1,42,0.09302325581395349,0.023255813953488372,0.9767441860465116,43,950,600,350,0.631578947368421,13,6,7,361.9116715539562,0.43950719822812845,0.25111461811941327,0.20027219603782792,129117.79495854478,745.9488529657275,129863.7438115105,1543,0,224.67441860465115,37,6,20,36.71995810407452,0.6095157657657657,45.91557017543859,1016.3377192982443,27.46858700806066,0
1568,4,0,0,42,0.0,0.0,1.0,42,1300,800,500,0.6153846153846154,18,8,10,362.15622206340004,0.4392421602787457,0.25626943956661985,0.2011494197243702,129263.69214965389,962.8112345553899,130226.50338420928,1544,1,229.5952380952381,33,9,20,36.565035751586734,0.6193181818181819,45.772058823529406,1016.9117647058815,30.81550802139035,0
1569,4,0,0,42,0.0,0.0,1.0,42,950,700,250,0.7368421052631579,12,7,5,359.7648068579089,0.43879452187379014,0.2532827370196362,0.20029561782209931,129357.17520004314,907.6318303056374,130264.80703034878,1545,2,230.5952380952381,33,9,20,36.53061378147212,0.6202651515151515,45.68014705882352,1017.2794117647051,30.8266488413547,0
1570,4,0,0,42,0.0,0.0,1.0,42,1200,700,500,0.5833333333333334,17,7,10,358.48804884258254,0.4380202284165699,0.24759496863999653,0.2003769672736535,129513.05537533638,885.7765042291364,130398.83187956552,1546,3,231.5952380952381,33,9,16,36.404406453166374,0.6218434343434344,45.52696078431372,1017.8921568627449,30.845216874628633,0
1571,4,0,0,42,0.0,0.0,1.0,42,950,700,250,0.7368421052631579,12,7,5,356.99735603250593,0.4377540650406504,0.24795186891961096,0.20042449988281613,129685.96938775493,859.5096371881873,130545.47902494311,1547,4,232.5952380952381,34,8,16,36.26646018388656,0.6213235294117647,45.35714285714285,1018.5714285714271,29.95798319327727,0
1572,4,1,2,41,0.023255813953488372,0.046511627906976744,0.9534883720930233,43,1400,900,500,0.6428571428571429,19,9,10,353.8560692108485,0.4391611295681063,0.26262690204704975,0.2011572509498421,130173.98787133487,612.5711323302451,130786.55900366511,1548,0,228.1627906976744,35,8,18,35.850842123171155,0.6241071428571429,44.87847222222222,1020.4861111111111,29.15674603174603,0
1573,4,0,0,41,0.0,0.0,1.0,41,1600,1000,600,0.625,22,10,12,370.05230085241504,0.4345020325203252,0.27716315692053617,0.20920778592745432,129958.94451530602,1418.3212868480603,131377.26580215408,1549,1,240.0487804878049,34,7,18,35.6562560809496,0.6240808823529411,45.08928571428571,1019.6428571428564,29.989495798319307,0
1574,4,0,0,41,0.0,0.0,1.0,41,1700,1100,600,0.6470588235294118,23,11,12,370.19348731910617,0.4339684959349594,0.2741807461163397,0.21076412941686223,130233.05047850216,1442.2854241683724,131675.33590267054,1550,2,241.0487804878049,35,6,19,35.374026722606494,0.624702380952381,44.82060185185185,1020.717592592592,29.163359788359774,0
1575,4,0,0,41,0.0,0.0,1.0,41,1500,1100,400,0.7333333333333333,19,11,8,371.01207830070786,0.43351117886178864,0.27595818815330975,0.21139060275272903,130262.58680555565,1465.8019600908876,131728.38876564652,1551,3,242.0487804878049,34,7,19,35.32312925170069,0.6271446078431373,44.79166666666667,1020.8333333333342,30.024509803921593,0
1576,4,0,0,41,0.0,0.0,1.0,41,1050,700,350,0.6666666666666666,14,7,7,374.18629134310225,0.43358739837398375,0.28177993114879474,0.21374676496751296,130362.29663425032,1555.9568617079096,131918.25349595823,1552,4,243.0487804878049,31,10,19,35.14081027667983,0.6354166666666667,44.69401041666667,1021.2239583333342,32.94270833333336,0
1577,4,0,0,41,0.0,0.0,1.0,41,1750,1300,450,0.7428571428571429,22,13,9,376.04346241532863,0.43335873983739837,0.28270552362717405,0.21554514606085354,130495.30241224507,1614.3810696072103,132109.6834818523,1553,5,244.0487804878049,31,10,16,34.95829085425427,0.636760752688172,44.563802083333336,1021.7447916666672,32.959509408602166,0
1578,4,0,0,41,0.0,0.0,1.0,41,1650,1100,550,0.6666666666666666,22,11,11,374.63817344045356,0.4329014227642276,0.2845307529162251,0.21541694972826092,130617.28395061738,1586.844135802481,132204.12808641986,1554,6,245.0487804878049,32,9,16,34.87035778985507,0.6354166666666667,44.44444444444445,1022.222222222223,31.944444444444468,0
1579,4,0,0,41,0.0,0.0,1.0,41,1200,900,300,0.75,15,9,6,377.907982121457,0.4325457317073171,0.29060472624978106,0.21765994589043808,130681.82615294355,1677.1410442811903,132358.96719722473,1555,7,246.0487804878049,32,9,16,34.721278916604916,0.6360677083333333,44.38131313131313,1022.4747474747473,31.952335858585855,0
1580,4,1,0,42,0.023809523809523808,0.0,1.0,42,1500,1100,400,0.7333333333333333,19,11,8,366.3128718226066,0.4341366627951994,0.2849944629014396,0.21285747957259582,131023.24263038547,1199.1000566893356,132222.34268707482,1556,0,241.16666666666666,34,8,17,34.67175387596899,0.6348039215686274,44.047619047619044,1023.8095238095236,30.112044817927167,0
1581,4,0,0,42,0.0,0.0,1.0,42,1150,700,450,0.6086956521739131,16,7,9,365.44956075742095,0.433701122725513,0.28379635011042614,0.21286137922790074,131114.67013888896,1183.1597222222283,132297.82986111118,1557,1,242.16666666666666,34,8,18,34.60130187144019,0.6357230392156863,43.958333333333336,1024.1666666666672,30.12254901960786,0
1582,4,1,0,43,0.023255813953488372,0.0,1.0,43,1100,900,200,0.8181818181818182,13,9,4,357.55226189885946,0.43450073827980806,0.2765960403690022,0.20993963335493018,131422.35145436839,798.4190275374676,132220.77048190584,1558,0,237.51162790697674,33,10,19,34.49252519819926,0.6410984848484849,43.65808823529411,1025.3676470588225,31.07174688057038,0
1583,4,0,1,42,0.0,0.023255813953488372,0.9767441860465116,43,1150,800,350,0.6956521739130435,15,8,7,363.4414940871883,0.43403931339977847,0.22494022049643503,0.20275238680295435,129436.8355624143,812.151518839509,130248.98708125381,1559,1,238.51162790697674,35,8,13,36.35596754625418,0.6166666666666667,45.601851851851855,1017.5925925925928,29.07407407407408,8
1584,4,1,1,42,0.023255813953488372,0.023255813953488372,0.9767441860465116,43,1050,900,150,0.8571428571428571,12,9,3,357.4098319410059,0.4361387966039129,0.21734895542871158,0.20125709827219496,129803.1577819378,678.584961650887,130481.7427435887,1560,0,232.62790697674419,36,7,14,36.13681990643532,0.6183449074074074,45.24211711711714,1019.0315315315353,28.306431431431534,0
1585,4,0,0,42,0.0,0.0,1.0,42,1600,1200,400,0.75,20,12,8,363.0402038488665,0.4339793844367015,0.21576214813012107,0.20451497088223083,129819.89354263114,1025.9681230709868,130845.86166570212,1561,1,239.11904761904762,35,7,14,35.976362862010234,0.6205357142857143,45.22569444444444,1019.097222222222,29.117063492063483,0
1586,4,0,1,41,0.0,0.023809523809523808,0.9761904761904762,42,1350,1300,50,0.9629629629629629,14,13,1,360.7102134737509,0.4334833526906698,0.2149451381006433,0.20397028117482321,129967.37423911181,976.1118612825812,130943.4861003944,1562,2,240.11904761904762,35,7,16,35.885830495648875,0.6220238095238095,45.08101851851852,1019.6759259259261,29.13359788359789,0
1587,4,0,0,41,0.0,0.0,1.0,41,1000,500,500,0.5,15,5,10,370.26092293456884,0.4317835365853659,0.22188540773388055,0.208677008640082,129837.58680555563,1414.7569444444507,131252.3437500001,1563,3,246.82926829268294,34,7,16,35.77439356772962,0.6228553921568627,45.208333333333336,1019.1666666666673,29.97549019607845,0
1588,4,0,1,40,0.0,0.024390243902439025,0.975609756097561,41,1250,900,350,0.72,16,9,7,370.26092293456884,0.43142784552845526,0.22188540773388055,0.208677008640082,129837.58680555563,1414.7569444444507,131252.3437500001,1564,4,247.82926829268294,34,7,16,35.77439356772962,0.6228553921568627,45.208333333333336,1019.1666666666673,29.97549019607845,0
1589,4,0,0,40,0.0,0.0,1.0,40,1050,700,350,0.6666666666666666,14,7,7,377.2487466571162,0.43056891025641025,0.23354978354978395,0.212547464579985,129825.09731833916,1795.271049596321,131620.36836793547,1565,5,254.5,33,7,17,35.60906685906687,0.625,45.22058823529412,1019.117647058824,30.882352941176485,0
1590,4,0,1,39,0.0,0.025,0.975,40,650,300,350,0.46153846153846156,10,3,7,378.98709039555246,0.42991452991452994,0.23688243779300433,0.21403894127634776,129918.7831152682,1847.5083201172697,131766.29143538547,1566,6,255.5,33,7,18,35.46938233762072,0.6259469696969697,45.12867647058824,1019.4852941176473,30.893493761140828,0
1591,4,0,0,39,0.0,0.0,1.0,39,950,600,350,0.631578947368421,13,6,7,390.4030492913705,0.42808142150247414,0.23591788991265505,0.21149248240814736,128272.40404359234,2223.644833384592,130496.04887697693,1567,7,262.43589743589746,32,7,19,36.86173085711911,0.6116536458333333,46.74873737373736,1013.0050505050492,31.656407828282788,8
1592,4,1,0,40,0.025,0.0,1.0,40,850,400,450,0.47058823529411764,13,4,9,383.25140279700616,0.4312900641025641,0.24118765849535073,0.21004003087769757,128734.59314025863,1867.5426819012,130602.13582215983,1568,0,256.85,33,7,19,36.569531658817375,0.6139520202020202,46.29289215686275,1014.8284313725496,30.752376708259078,0
1593,4,1,0,41,0.024390243902439025,0.0,1.0,41,900,500,400,0.5555555555555556,13,5,8,377.35311610176086,0.43363821138211384,0.23498649749239164,0.20846011947757465,129050.14349489791,1539.4947562358202,130589.63825113373,1569,0,251.5609756097561,34,7,20,36.39669986330794,0.6148897058823529,45.982142857142854,1016.0714285714282,29.884453781512594,0
1594,4,1,0,42,0.023809523809523808,0.0,1.0,42,1100,800,300,0.7272727272727273,14,8,6,371.1515582698594,0.4352255129694154,0.23341359015516328,0.20645305428760927,129322.44897959183,1199.7342687074845,130522.18324829932,1570,0,246.54761904761904,34,8,21,36.276431803995,0.6176470588235294,45.714285714285715,1017.1428571428571,29.915966386554622,0
1595,4,1,1,42,0.023255813953488372,0.023255813953488372,0.9767441860465116,43,1350,800,550,0.5925925925925926,19,8,11,364.80280353635004,0.43579272794389073,0.23751529292390106,0.2048902025477613,129701.96926708258,863.1284025634538,130565.09766964603,1571,0,241.7906976744186,35,8,18,36.05141934628642,0.6193452380952381,45.34143518518519,1018.63425925926,29.103835978836003,0
1596,4,1,1,42,0.023255813953488372,0.023255813953488372,0.9767441860465116,43,1300,900,400,0.6923076923076923,17,9,8,362.9382518517241,0.4344545957918051,0.24372262022017366,0.2047659951350504,129878.87577428429,827.6024251972069,130706.4781994815,1572,0,242.74418604651163,35,8,19,35.918989629461414,0.6211309523809524,45.16782407407408,1019.328703703705,29.123677248677286,0
1597,4,0,0,42,0.0,0.0,1.0,42,1150,800,350,0.6956521739130435,15,8,7,369.8046866324361,0.4320073557878436,0.2504603897874145,0.20809719348369624,129776.9292091837,1198.4233276644052,130975.3525368481,1573,1,249.45238095238096,34,8,19,35.847743116407685,0.6222426470588236,45.267857142857146,1018.9285714285716,29.968487394957986,0
1598,4,0,0,42,0.0,0.0,1.0,42,1300,1000,300,0.7692307692307693,16,10,6,369.3408994144955,0.43155971738288806,0.24987070619442453,0.2084816164592173,129898.25857426305,1195.3479308390058,131093.60650510204,1574,2,250.45238095238096,34,8,19,35.73611273307643,0.623468137254902,45.148809523809526,1019.4047619047619,29.98249299719888,0
1599,4,0,0,42,0.0,0.0,1.0,42,1600,1200,400,0.75,20,12,8,369.8921761663936,0.4313298490127759,0.24548880957940034,0.20927981380722108,129989.2928004535,1216.4044784580522,131205.69727891157,1575,3,251.45238095238096,34,8,19,35.629475056424646,0.6243872549019608,45.05952380952381,1019.7619047619046,29.992997198879547,0
1600,4,0,0,42,0.0,0.0,1.0,42,800,400,400,0.5,12,4,8,366.15204050928014,0.43062814556716994,0.2474301272434296,0.2078094693486441,130110.72137188194,1128.0612244897807,131238.78259637172,1576,4,252.45238095238096,34,8,19,35.601419681057955,0.6256127450980392,44.94047619047618,1020.238095238094,30.007002801120414,0
1601,4,0,0,42,0.0,0.0,1.0,42,1350,1100,250,0.8148148148148148,16,11,5,369.5940047781168,0.4303498838559814,0.25364612838370704,0.21041826009080858,130232.20663265316,1226.6085600907134,131458.81519274387,1577,5,253.45238095238096,34,8,19,35.390181556644116,0.6268382352941176,44.82142857142858,1020.7142857142866,30.02100840336137,0
1602,4,1,1,42,0.023255813953488372,0.023255813953488372,0.9767441860465116,43,1500,900,600,0.6,21,9,12,359.24538001485973,0.4318706164636397,0.24992360459847585,0.20593624771241445,130498.99798525377,776.2324245541809,131275.23040980793,1578,0,248.53488372093022,35,8,18,35.38362785077783,0.6273809523809524,44.56018518518518,1021.7592592592592,29.193121693121693,0
1603,4,0,0,42,0.0,0.0,1.0,42,1200,900,300,0.75,15,9,6,361.1895941558475,0.4303014905149052,0.24401258919140356,0.20832057793479553,130735.62349965704,1044.0693587105593,131779.6928583676,1579,1,253.0952380952381,35,7,19,35.09412252904784,0.6297619047619047,44.3287037037037,1022.685185185185,29.219576719576715,0
1604,4,0,0,42,0.0,0.0,1.0,42,800,400,400,0.5,12,4,8,361.1383694697314,0.4296118854045683,0.2457803349872585,0.20877057212184155,130824.41332572456,1049.143063057279,131873.55638878184,1580,2,254.0952380952381,35,7,19,35.00549176000301,0.6306547619047619,44.24189814814815,1023.0324074074082,29.229497354497376,0
1605,4,1,0,43,0.023255813953488372,0.0,1.0,43,1200,900,300,0.75,15,9,6,351.3679112022519,0.4318706164636397,0.24075163281693546,0.20456720771275808,131097.37059694837,612.68185415146,131710.05245109982,1581,0,249.1627906976744,36,7,20,34.97933619236129,0.6313657407407407,43.97522522522523,1024.0990990990997,28.447197197197212,0
1606,4,0,0,43,0.0,0.0,1.0,43,1150,800,350,0.6956521739130435,15,8,7,352.75606191181174,0.43117847914359547,0.24469071888343463,0.2064587086469067,131299.26960321816,663.3226554256996,131962.59225864385,1582,1,250.1627906976744,36,7,21,34.73977218620663,0.6333912037037037,43.778153153153156,1024.887387387388,28.469094094094107,0
1607,4,2,1,44,0.044444444444444446,0.022222222222222223,0.9777777777777777,45,1100,800,300,0.7272727272727273,14,8,6,333.7777195942125,0.4335648148148148,0.23142199320249945,0.19833137331718664,131876.97991488132,-196.4741346075591,131680.50578027376,1583,0,240.0,36,9,16,34.64418192449659,0.6391782407407407,43.2150900900901,1027.1396396396412,28.5316566566567,0
1608,4,0,1,43,0.0,0.022727272727272728,0.9772727272727273,44,950,500,450,0.5263157894736842,14,5,9,339.09706708387847,0.4309593023255814,0.23322629542462758,0.20072784828159998,131732.43344696067,134.01636433732767,131866.449811298,1584,1,246.45454545454547,36,8,16,34.653128199502696,0.6377314814814814,43.355855855855864,1026.576576576578,28.516016016016053,0
1609,4,0,0,43,0.0,0.0,1.0,43,950,500,450,0.5263157894736842,14,5,9,346.3884377271702,0.4306939830195644,0.23337634137898422,0.20478484438430317,131684.26890432113,522.7816358024852,132207.0505401236,1585,2,246.13953488372093,35,8,17,34.514546684709074,0.6392857142857142,43.402777777777786,1026.38888888889,29.325396825396858,0
1610,4,1,1,43,0.022727272727272728,0.022727272727272728,0.9772727272727273,44,1100,800,300,0.7272727272727273,14,8,6,337.1005079594061,0.4322366102889359,0.22515862027749844,0.20122409000297617,132050.54029959044,102.86084226121565,132153.40114185165,1586,0,241.52272727272728,36,8,18,34.38424454913992,0.6409143518518519,43.04617117117119,1027.8153153153178,28.550425425425495,0
1611,4,0,0,43,0.0,0.0,1.0,43,1000,600,400,0.6,14,6,8,345.5471407080566,0.4303248431155408,0.23792285084111753,0.20589043726215633,131981.4238790297,521.1607295953615,132502.58460862507,1587,1,248.02325581395348,35,8,18,34.236783810167466,0.6422619047619047,43.11342592592594,1027.546296296298,29.358465608465654,0
1612,4,0,0,43,0.0,0.0,1.0,43,1350,1000,350,0.7407407407407407,17,10,7,348.3375513652335,0.43020948689553346,0.24995681736099118,0.20886150347040933,132219.3889853396,611.3956404321113,132830.78462577172,1588,2,249.02325581395348,35,8,18,33.92555705604322,0.6446428571428571,42.88194444444445,1028.472222222223,29.38492063492066,0
1613,4,0,0,43,0.0,0.0,1.0,43,1150,900,250,0.782608695652174,14,9,5,348.0282062604944,0.4297942045035068,0.2534229732911295,0.20933496303489804,132338.45191400885,611.5028077846335,132949.95472179347,1589,3,250.02325581395348,35,8,19,33.813742032245976,0.6458333333333333,42.7662037037037,1028.9351851851848,29.398148148148135,0
1614,4,0,0,43,0.0,0.0,1.0,43,800,400,400,0.5,12,4,8,348.107905412537,0.42958656330749356,0.2574326815708201,0.20987956629380947,132427.78427479847,619.8317204646706,133047.61599526313,1590,4,251.02325581395348,35,8,19,33.721864575134,0.6467261904761905,42.679398148148145,1029.282407407407,29.40806878306877,0
1615,4,0,1,42,0.0,0.023255813953488372,0.9767441860465116,43,950,600,350,0.631578947368421,13,6,7,348.5526179990917,0.4293327796234773,0.2604630244586106,0.21031390668140582,132457.56842635458,633.6864497599427,133091.25487611452,1591,5,252.02325581395348,35,8,19,33.680477475451625,0.6470238095238094,42.65046296296296,1029.398148148148,29.411375661375658,0
1616,4,0,0,42,0.0,0.0,1.0,42,900,500,400,0.5555555555555556,13,5,8,356.32179235829364,0.4286924119241193,0.26207545923087117,0.21518651259179633,132489.9092970522,1041.8083900226793,133531.71768707488,1592,6,255.45238095238096,34,8,19,33.44800339192107,0.6495098039215687,42.61904761904762,1029.5238095238096,30.28011204481793,0
1617,4,0,0,42,0.0,0.0,1.0,42,850,600,250,0.7058823529411765,11,6,5,356.0232396140475,0.4284020518776616,0.2606549614874276,0.21518134167867917,132520.55165816328,1036.0792233560105,133556.6308815193,1593,7,256.45238095238096,34,8,20,33.42486607314911,0.6498161764705883,42.589285714285715,1029.6428571428573,30.28361344537816,0
1618,4,0,1,41,0.0,0.023809523809523808,0.9761904761904762,42,1200,900,300,0.75,15,9,6,357.32707646470857,0.4280995934959349,0.2647505643461614,0.21697992051083448,132695.9622020746,1083.1720464677487,133779.13424854234,1594,8,257.45238095238096,35,7,18,33.21491425147907,0.6494047619047619,42.418981481481474,1030.3240740740728,29.43783068783065,0
1619,4,0,1,40,0.0,0.024390243902439025,0.975609756097561,41,750,600,150,0.8,9,6,3,364.2347692211016,0.4279979674796748,0.26280685136948456,0.22068341899866736,132612.49999999988,1460.4166666666513,134072.91666666654,1595,9,260.6341463414634,34,7,20,33.12095469255663,0.6507352941176471,42.49999999999999,1029.999999999999,30.294117647058798,0
1620,4,0,0,40,0.0,0.0,1.0,40,1350,800,550,0.5925925925925926,19,8,11,365.95589323293405,0.42743055555555554,0.24581103579498187,0.22251070905247594,132745.06987997398,1715.7681240388238,134460.8380040128,1074,10,228.275,33,7,18,32.94325028739049,0.6543560606060606,42.37132352941176,1030.5147058823525,31.227718360071286,0
1621,4,0,0,40,0.0,0.0,1.0,40,1100,700,400,0.6363636363636364,15,7,8,365.95589323293405,0.42743055555555554,0.24581103579498187,0.22251070905247594,132745.06987997398,1715.7681240388238,134460.8380040128,1075,11,229.275,33,7,18,32.94325028739049,0.6543560606060606,42.37132352941176,1030.5147058823525,31.227718360071286,0
1622,4,1,0,41,0.024390243902439025,0.0,1.0,41,850,600,250,0.7058823529411765,11,6,5,353.9352961677005,0.42822662601626016,0.24234375923180185,0.21745323050870255,133134.14292800444,1224.1744614512354,134358.31738945568,1076,0,224.65853658536585,34,7,19,32.86230630214941,0.6559436274509804,41.99404761904761,1032.0238095238087,30.353641456582608,0
1623,4,0,0,41,0.0,0.0,1.0,41,900,600,300,0.6666666666666666,12,6,6,355.3455643816126,0.42787093495934964,0.2454718297182974,0.21886056351685662,133226.30385487515,1268.2752267573562,134494.57908163252,1077,1,225.65853658536585,34,7,19,32.73346210024601,0.6568627450980392,41.9047619047619,1032.3809523809514,30.364145658263276,0
1624,4,0,0,41,0.0,0.0,1.0,41,1350,1100,250,0.8148148148148148,16,11,5,356.24517694660676,0.4275660569105691,0.15366376286972505,0.21044810019890514,131654.5718262391,1201.8173696626557,132856.38919590175,1078,2,226.65853658536585,35,6,17,34.29159148152326,0.6389880952380953,43.431712962962976,1026.27314814815,29.322089947090003,8
1625,4,0,0,41,0.0,0.0,1.0,41,450,400,50,0.8888888888888888,5,4,1,354.52776852976496,0.42738821138211386,0.09139103261683501,0.19819481430622776,129519.29253472212,983.637152777769,130502.92968749988,1079,3,227.65853658536585,39,2,16,36.49884022376858,0.6100427350427351,45.52083333333333,1017.9166666666657,26.100427350427328,8
1626,4,0,0,41,0.0,0.0,1.0,41,1100,700,400,0.6363636363636364,15,7,8,353.7894918238276,0.42721036585365857,0.09270188426981418,0.19858516940604956,129678.3908420138,975.7703993055461,130654.16124131935,1080,4,228.65853658536585,39,2,16,36.35584986704848,0.6116452991452992,45.36458333333333,1018.541666666666,26.116452991452974,0
1627,4,0,0,41,0.0,0.0,1.0,41,900,500,400,0.5555555555555556,13,5,8,352.21539336548,0.4264989837398374,0.083355148178897,0.19837208942397758,129811.04736328125,944.2898220486111,130755.33718532986,1081,5,229.65853658536585,39,2,16,36.26113751746226,0.6129807692307692,45.234375,1019.0625,26.129807692307693,0
1628,4,1,0,42,0.023809523809523808,0.0,1.0,42,1400,1200,200,0.8571428571428571,16,12,4,354.57725553561914,0.4272406116918312,0.09768447402856051,0.20189194753966913,130236.65229030357,835.7909478485233,131072.44323815207,1082,0,225.16666666666666,40,2,18,35.76886698526485,0.615625,44.81707317073172,1020.7317073170746,25.518292682926862,0
1629,4,0,0,42,0.0,0.0,1.0,42,700,300,400,0.42857142857142855,11,3,8,353.76349604245763,0.42662359659310883,0.0964066447136922,0.20186114654606443,130320.07250071016,820.5072183187331,131140.5797190289,1083,1,226.16666666666666,36,6,18,35.70502922686666,0.6235532407407407,44.73536036036036,1021.0585585585584,28.36273773773773,0
1630,4,0,0,42,0.0,0.0,1.0,42,1300,700,600,0.5384615384615384,19,7,12,354.4729223121445,0.4260912698412698,0.09058433206818162,0.20286585982924055,130435.08193582093,847.1409331628876,131282.2228689838,1084,2,227.16666666666666,36,6,18,35.570315657957586,0.6247106481481481,44.622747747747745,1021.5090090090088,28.375250250250243,0
1631,4,0,0,42,0.0,0.0,1.0,42,1350,1100,250,0.8148148148148148,16,11,5,353.44129202024953,0.4259944831591173,0.09010250192879954,0.20257566914085434,130492.60567577713,824.2950298271232,131316.90070560426,1085,3,228.16666666666666,36,6,15,35.53836474521474,0.6252893518518519,44.56644144144144,1021.7342342342342,28.381506506506508,0
1632,4,0,0,42,0.0,0.0,1.0,42,1050,500,550,0.47619047619047616,16,5,11,352.6980994219107,0.42561943476577624,0.07890347150096,0.20290198647351726,130636.47050766974,815.0469726483127,131451.51748031806,1086,4,229.16666666666666,36,6,16,35.411617830652865,0.6267361111111112,44.42567567567567,1022.2972972972966,28.397147147147127,0
1633,4,0,1,41,0.0,0.023809523809523808,0.9761904761904762,42,1150,700,450,0.6086956521739131,16,7,9,353.6648474412655,0.42459107626790554,0.07852790973249024,0.20406506635715188,130751.61944038617,848.4503084165078,131600.0697488027,1087,5,230.16666666666666,36,6,17,35.27031490861042,0.6278935185185186,44.313063063063055,1022.7477477477465,28.409659659659624,0
1634,4,0,0,41,0.0,0.0,1.0,41,900,800,100,0.8888888888888888,10,8,2,355.20754862091957,0.4240599593495935,0.09412199813975053,0.20502737473305432,130765.21675936619,1089.7584179955138,131854.9751773617,1088,6,235.8780487804878,35,6,17,35.21710327788465,0.6300595238095238,44.299768518518505,1022.800925925924,29.222883597883545,0
1635,4,0,0,41,0.0,0.0,1.0,41,1550,1000,550,0.6451612903225806,21,10,11,352.38194300085667,0.4232469512195122,0.09293780791234707,0.20417831848057455,130913.23329260941,1026.2919024348034,131939.5251950442,1089,7,236.8780487804878,35,6,17,35.13958003468295,0.631547619047619,44.155092592592574,1023.3796296296271,29.239417989417916,0
1636,4,0,0,41,0.0,0.0,1.0,41,1250,900,350,0.72,16,9,7,353.7343125037033,0.42233231707317076,0.09027582192681027,0.20579053765810432,131068.54056336729,1072.6880174092876,132141.22858077657,1090,8,237.8780487804878,36,5,17,34.94789948311888,0.6310763888888888,44.00337837837837,1023.9864864864855,28.444069069069045,0
1637,4,0,0,41,0.0,0.0,1.0,41,950,700,250,0.7368421052631579,12,7,5,356.5384651086158,0.4220782520325203,0.08562863333118798,0.2078893511941005,131155.04017531034,1152.363343072789,132307.40351838313,1091,9,238.8780487804878,36,5,17,34.78864335971857,0.6319444444444444,43.91891891891891,1024.3243243243235,28.45345345345343,0
1638,4,1,1,41,0.023809523809523808,0.023809523809523808,0.9761904761904762,42,1650,1400,250,0.8484848484848485,19,14,5,347.56714067092696,0.42312717770034847,0.0765147928090304,0.2043240393900174,131468.65051025298,738.8365891427943,132207.48709939577,1092,0,234.16666666666666,37,5,18,34.70176681278733,0.6331644144144144,43.61293859649122,1025.5482456140337,27.71752015173064,0
1639,4,0,0,41,0.0,0.0,1.0,41,600,300,300,0.5,9,3,6,346.7923518933998,0.4224847560975609,0.07377044905792185,0.20401859494407928,131496.76462950138,920.4144544475205,132417.1790839489,1093,1,236.85365853658536,37,4,18,34.693268476943906,0.6334459459459459,43.58552631578947,1025.657894736842,27.720483641536273,0
1640,4,0,0,41,0.0,0.0,1.0,41,800,400,400,0.5,12,4,8,358.35017921755826,0.4219766260162601,0.011650902178412359,0.20289506588438977,130017.3097468771,1220.1073304758368,131237.41707735293,1094,2,237.85365853658536,38,3,17,35.89527027027028,0.6167763157894737,45.032051282051285,1019.8717948717951,26.838731443994607,7
1641,4,1,1,41,0.023809523809523808,0.023809523809523808,0.9761904761904762,42,1050,700,350,0.6666666666666666,14,7,7,350.3540191586837,0.4245426829268293,0.02283770651117578,0.19962031324157578,130262.58680555565,727.6041666666762,130990.19097222232,1095,0,233.16666666666666,39,3,18,35.85034013605442,0.6175213675213675,44.79166666666667,1020.8333333333342,26.175213675213698,0
1642,4,0,1,40,0.0,0.024390243902439025,0.975609756097561,41,1150,900,250,0.782608695652174,14,9,5,352.01999167013724,0.4219512195121951,0.031060228969636228,0.2005695301376365,130262.58680555565,971.0069444444541,131233.59375000012,1096,1,238.65853658536585,39,2,18,35.8078231292517,0.6175213675213675,44.79166666666667,1020.8333333333342,26.175213675213698,0
1643,4,0,0,40,0.0,0.0,1.0,40,1400,1200,200,0.8571428571428571,16,12,4,360.6830487296958,0.422769764957265,0.01602040816326511,0.20550545799715247,130262.58680555563,1396.7013888888987,131659.28819444453,1097,2,236.725,38,2,19,35.58673469387755,0.6192434210526316,44.79166666666667,1020.833333333334,26.864035087719316,0
1644,4,1,0,41,0.024390243902439025,0.0,1.0,41,950,600,350,0.631578947368421,13,6,7,350.8140830330291,0.42550813008130084,0.018735052497921734,0.2014338246274886,130562.68376981537,960.6456370078372,131523.3294068232,1098,0,231.9268292682927,38,3,17,35.5344884660952,0.6222587719298245,44.49786324786326,1022.0085470085485,26.894961763382856,0
1645,4,1,0,42,0.023809523809523808,0.0,1.0,42,900,500,400,0.5555555555555556,13,5,8,344.539464609704,0.4270954316686024,0.020048084380332565,0.19957285968901753,130901.38888888908,620.1388888889137,131521.52777777798,1099,0,227.38095238095238,39,3,18,35.35219869706841,0.6239316239316239,44.16666666666668,1023.3333333333348,26.239316239316278,0
1646,4,0,1,41,0.0,0.023809523809523808,0.9761904761904762,42,550,400,150,0.7272727272727273,7,4,3,347.2841583569084,0.42674457994579945,0.020083596937930936,0.201352835855638,130937.79047070231,694.5240721462419,131632.31454284856,1100,1,228.38095238095238,40,2,18,35.245175917651345,0.62265625,44.131097560975626,1023.4756097561004,25.58689024390251,0
1647,4,0,1,40,0.0,0.024390243902439025,0.975609756097561,41,1350,1000,350,0.7407407407407407,17,10,7,347.1321726729787,0.4264481707317073,0.039600029774458534,0.20191179037724166,131061.33355034742,899.1210937500243,131960.45464409745,1101,2,234.0,39,2,18,35.12419464225163,0.625534188034188,44.01041666666668,1023.958333333335,26.255341880341923,0
1648,4,0,0,40,0.0,0.0,1.0,40,850,700,150,0.8235294117647058,10,7,3,354.53502355758906,0.4249866452991453,0.04431545445058993,0.20603451369025913,131027.14913662421,1290.7426811673508,132317.89181779156,1102,3,240.625,38,2,18,34.96925980034087,0.6269188596491229,44.043803418803414,1023.8247863247856,26.94275753486278,0
1649,4,0,0,40,0.0,0.0,1.0,40,1050,800,250,0.7619047619047619,13,8,5,344.28904773156887,0.42454594017094016,0.09999999999999964,0.19796620244565213,130617.28395061727,1040.772928994079,131658.05687961137,1103,4,241.625,38,2,11,35.64594655797101,0.6228070175438596,44.44444444444444,1022.2222222222222,26.900584795321635,8
1650,4,1,1,40,0.024390243902439025,0.024390243902439025,0.975609756097561,41,950,600,350,0.631578947368421,13,6,7,339.0815091065659,0.42685467479674793,0.10269968348538439,0.19654724642902702,130928.03955078115,679.055447048596,131607.09499782976,1104,0,236.70731707317074,39,2,12,35.464906700593716,0.624198717948718,44.14062499999999,1023.4374999999992,26.241987179487158,0
1651,4,0,0,40,0.0,0.0,1.0,40,1150,700,450,0.6086956521739131,16,7,9,344.2457336151411,0.4243856837606838,0.1093113709930047,0.19920491787505742,130863.12601587013,1009.8145637007528,131872.9405795709,1105,1,243.4,38,2,13,35.39839372106784,0.6252741228070176,44.204059829059815,1023.1837606837585,26.925888439046275,0
1652,4,0,1,39,0.0,0.025,0.975,40,800,500,300,0.625,11,5,6,346.0617229628354,0.42373130341880344,0.11129579375848087,0.2008247951367001,130972.4633487651,1064.9112654320668,132037.37461419718,1106,2,244.4,38,2,15,35.2414066033469,0.6263706140350878,44.09722222222221,1023.6111111111085,26.937134502923907,0
1653,4,1,1,39,0.025,0.025,0.975,40,850,500,350,0.5882352941176471,12,5,7,345.327347199736,0.4236912393162393,0.13298748696558982,0.20168631301129492,131218.63928153965,1062.6769212506126,132281.31620279027,1107,0,244.325,38,2,16,35.01151372957942,0.6288377192982456,43.856837606837594,1024.5726495726474,26.962438146648616,0
1654,4,0,1,38,0.0,0.02564102564102564,0.9743589743589743,39,1000,700,300,0.7,13,7,6,352.8825387800396,0.42065901934322986,0.13643002251139347,0.2054814783170553,131103.4404816865,1452.822983995059,132556.26346568155,1108,1,251.3846153846154,37,2,16,34.93442184154176,0.6295045045045045,43.96929824561403,1024.1228070175425,27.678994784257906,0
1655,4,0,0,38,0.0,0.0,1.0,38,750,300,450,0.4,12,3,9,359.9163553970808,0.4186966571834993,0.14667110326668809,0.20970142551802998,131126.20380092924,1838.893073817052,132965.0968747463,1109,2,258.1578947368421,36,2,16,34.731308411214954,0.6316550925925926,43.94707207207207,1024.2117117117111,28.45032532532531,0
1656,4,0,0,38,0.0,0.0,1.0,38,900,500,400,0.5555555555555556,13,5,8,359.3522398758909,0.41841512565196776,0.15258414226377082,0.20984510130878387,131212.72243527306,1830.317141465781,133043.03957673884,1110,3,259.1578947368421,36,2,16,34.658258225250975,0.6325231481481481,43.86261261261261,1024.549549549549,28.459709709709696,0
1657,4,0,1,37,0.0,0.02631578947368421,0.9736842105263158,38,1250,900,350,0.72,16,9,7,360.35902795957145,0.41854848269321954,0.15100422741283515,0.21090852176592012,131299.269603218,1862.9754332034645,133162.24503642146,1111,4,260.1578947368421,36,2,17,34.544967585979556,0.6333912037037037,43.77815315315315,1024.8873873873868,28.469094094094075,0
1658,4,0,0,37,0.0,0.0,1.0,37,1200,800,400,0.6666666666666666,16,8,8,363.7976694685744,0.4188563563563564,0.1501772714236025,0.21341190438096888,131387.44882758908,2159.6895361796905,133547.13836376875,1112,5,265.2972972972973,35,2,18,34.36770903891022,0.6363095238095238,43.692129629629626,1025.2314814814808,29.292328042328023,0
1659,4,0,0,37,0.0,0.0,1.0,37,900,700,200,0.7777777777777778,11,7,4,358.6657779052957,0.41841841841841837,0.14812262335674276,0.21121958734715196,131535.8170037081,2035.4792256087226,133571.29622931682,1113,6,266.2972972972973,35,2,18,34.349378502388205,0.6377976190476191,43.54745370370371,1025.810185185186,29.308862433862455,0
1660,4,1,0,38,0.02631578947368421,0.0,1.0,38,1000,800,200,0.8,12,8,4,355.53838368295277,0.4200005926979611,0.1688358515492936,0.2115836056320668,131934.8206948505,1781.5785802694843,133716.39927511997,1114,0,260.2631578947368,36,2,15,34.027092696116036,0.6397569444444444,43.1587837837838,1027.3648648648668,28.53791291291297,0
1661,4,0,0,38,0.0,0.0,1.0,38,1000,600,400,0.6,14,6,8,357.8075417496229,0.4191115457562826,0.170284234745953,0.2135846588324927,132050.54029959044,1849.7358422612153,133900.27614185165,1115,1,261.2631578947368,36,2,15,33.852169387531504,0.6409143518518519,43.04617117117119,1027.8153153153178,28.550425425425495,0
1662,4,0,0,38,0.0,0.0,1.0,38,1000,700,300,0.7,13,7,6,360.1869135388899,0.41841512565196776,0.17369227931853248,0.21582853638039026,132195.2611395181,1923.0006188621303,134118.26175838022,1116,2,262.2631578947368,36,2,15,33.6451945539495,0.6423611111111112,42.90540540540542,1028.37837837838,28.56606606606611,0
1663,4,0,0,38,0.0,0.0,1.0,38,950,700,250,0.7368421052631579,12,7,5,360.35138266164233,0.4182965860597439,0.17505445242183604,0.21625818194687557,132253.17166829013,1931.5226544111968,134184.69432270134,1117,3,263.2631578947368,36,2,15,33.582630829866446,0.6429398148148149,42.849099099099114,1028.6036036036055,28.572322322322375,0
1664,4,0,1,37,0.0,0.02631578947368421,0.9736842105263158,38,1000,800,200,0.8,12,8,4,362.73336720811653,0.417689070649597,0.1788834434263793,0.2185247358546462,132398.00347222248,2005.0347222222551,134403.03819444473,1118,4,264.2631578947368,36,2,15,33.3755060728745,0.6443865740740741,42.70833333333335,1029.1666666666688,28.587962962963022,0
1665,4,1,1,37,0.02631578947368421,0.02631578947368421,0.9736842105263158,38,900,700,200,0.7777777777777778,11,7,4,359.25003143782817,0.4179113323850166,0.173939651961045,0.21797440557792172,132666.15125868074,1932.0638020833564,134598.21506076408,1119,0,260.39473684210526,35,3,16,33.19535726322887,0.6491071428571429,42.44791666666668,1030.2083333333348,29.434523809523853,0
1666,4,0,0,37,0.0,0.0,1.0,37,850,700,150,0.8235294117647058,10,7,3,368.1622521758253,0.4173235735735736,0.17803726056153235,0.22306301161241213,132612.50000000023,2364.5833333333617,134977.0833333336,1120,1,262.5405405405405,34,3,16,33.0198220064725,0.6507352941176471,42.500000000000014,1030.0000000000018,30.294117647058876,0
1667,4,0,1,36,0.0,0.02702702702702703,0.972972972972973,37,1300,900,400,0.6923076923076923,17,9,8,367.523686451378,0.41669794794794796,0.17986858278829065,0.2237046088755656,132785.41512613618,2360.3570548268417,135145.77218096302,1121,2,263.5405405405405,35,2,16,32.86227306756504,0.6502976190476191,42.33217592592594,1030.671296296298,29.44775132275137,0
1668,4,0,0,36,0.0,0.0,1.0,36,1000,600,400,0.6,14,6,8,371.2985660163798,0.41716269841269843,0.1691394373244044,0.22662557295756644,132888.53635204086,2668.2645975056766,135556.80094954654,1122,3,261.9166666666667,34,2,16,32.66125928491705,0.6534926470588236,42.23214285714286,1031.0714285714291,30.325630252100858,0
1669,4,0,0,36,0.0,0.0,1.0,36,450,100,350,0.2222222222222222,8,1,7,370.4371823156586,0.41653439153439153,0.1676382315595053,0.22647122868034966,132949.91673752855,2649.9185090703154,135599.83524659887,1123,4,262.9166666666667,34,2,17,32.62173419523644,0.6541053921568627,42.17261904761906,1031.3095238095254,30.332633053221336,0
1670,4,0,0,36,0.0,0.0,1.0,36,750,500,250,0.6666666666666666,10,5,5,370.4371823156586,0.4165839947089947,0.1676382315595053,0.22647122868034966,132949.91673752855,2649.9185090703154,135599.83524659887,1124,5,263.9166666666667,34,2,17,32.62173419523644,0.6541053921568627,42.17261904761906,1031.3095238095254,30.332633053221336,0
1671,4,0,0,36,0.0,0.0,1.0,36,1350,800,550,0.5925925925925926,19,8,11,367.4434506643419,0.41593915343915344,0.16639741518578366,0.22519554055567118,133042.01388888902,2577.083333333352,135619.09722222236,1125,6,264.9166666666667,34,2,17,32.60635433494885,0.6550245098039216,42.08333333333334,1031.6666666666679,30.343137254901997,0
1672,4,0,0,36,0.0,0.0,1.0,36,600,300,300,0.5,9,3,6,365.53193015167267,0.4155919312169312,0.13577511643379947,0.21166377370086448,130888.84833958095,2377.3176182237617,133266.1659578047,1126,7,265.9166666666667,33,3,21,34.82784431137724,0.6357323232323233,44.17892156862745,1023.2843137254904,31.008615567439104,8
1673,4,0,1,35,0.0,0.027777777777777776,0.9722222222222222,36,1750,1300,450,0.7428571428571429,22,13,9,364.8203721576327,0.4149636243386243,0.1344255835884718,0.21215821642513846,131053.71492346934,2362.2130102040733,133415.9279336734,1127,8,266.9166666666667,34,2,22,34.679107080572024,0.6351102941176471,44.01785714285714,1023.928571428571,30.11554621848738,0
1674,4,1,0,36,0.027777777777777776,0.0,1.0,36,850,400,450,0.47058823529411764,13,4,9,357.90564006069684,0.4154761904761905,0.15058968842138842,0.2099746553119067,131390.9388816801,2205.398605520637,133596.33748720074,1128,0,267.6666666666667,33,3,23,34.515200414375656,0.6407828282828283,43.68872549019608,1025.2450980392155,31.06803327391562,0
1675,4,0,0,36,0.0,0.0,1.0,36,750,600,150,0.8,9,6,3,356.561499430433,0.41526124338624343,0.1494395973599989,0.20935789934978474,131422.35145436847,2172.0301386485926,133594.38159301705,1129,1,268.6666666666667,33,3,23,34.517922592725384,0.6410984848484849,43.658088235294116,1025.3676470588234,31.071746880570405,0
1676,4,0,0,36,0.0,0.0,1.0,36,1000,900,100,0.9,11,9,2,357.28724214151833,0.4150132275132275,0.15113871635610798,0.21064850642315436,131579.47063629376,2202.333237216461,133781.80387351022,1130,2,269.6666666666667,33,3,19,34.34065934065935,0.6426767676767677,43.504901960784316,1025.980392156863,31.090314913844335,0
1677,4,0,0,36,0.0,0.0,1.0,36,1000,800,200,0.8,12,8,4,358.0933499082391,0.41416997354497354,0.15324492899301556,0.21176137605684778,131694.4515306124,2231.7814625850547,133926.23299319745,1131,3,270.6666666666667,34,2,19,34.20392600324752,0.6415441176470589,43.39285714285715,1026.4285714285727,30.189075630252137,0
1678,4,0,1,35,0.0,0.027777777777777776,0.9722222222222222,36,750,700,50,0.9333333333333333,8,7,1,358.5767695862213,0.41357473544973544,0.15682769726248003,0.21255839434234788,131786.1128826532,2251.0877267573887,134037.2006094106,1132,4,271.6666666666667,34,2,19,34.09903381642513,0.6424632352941176,43.30357142857144,1026.7857142857154,30.199579831932805,0
1679,4,0,0,35,0.0,0.0,1.0,35,550,200,350,0.36363636363636365,9,2,7,369.31044712930577,0.41036414565826335,0.1657920775188506,0.218096310596672,131642.34459102273,2723.378628412152,134365.72321943488,1133,19,280.3142857142857,33,2,19,33.968732584985275,0.6433080808080809,43.443627450980394,1026.2254901960787,31.0977421271539,0
1680,4,1,0,36,0.027777777777777776,0.0,1.0,36,1200,1000,200,0.8333333333333334,14,10,4,363.3806072673497,0.4103835978835979,0.17359985593372973,0.21767556765432483,132183.68055555547,2406.597222222217,134590.2777777777,1134,0,273.5,34,2,20,33.57475688816856,0.6464460784313726,42.916666666666664,1028.3333333333328,30.24509803921567,0
1681,4,0,0,36,0.0,0.0,1.0,36,600,300,300,0.5,9,3,6,364.16112531191425,0.4104001322751323,0.17674049208370346,0.2183197752650677,132214.2874858276,2429.4607426303805,134643.748228458,1135,1,274.5,34,2,20,33.523845352471355,0.6467524509803921,42.88690476190476,1028.4523809523805,30.248599439775898,0
1682,4,0,0,36,0.0,0.0,1.0,36,800,500,300,0.625,11,5,6,346.46110372785853,0.4108630952380952,0.10728305590155873,0.19906298028762032,130587.70743580697,1848.7122503000905,132436.41968610705,1136,2,275.5,35,1,17,35.62037613709281,0.6282738095238095,44.47337962962964,1022.1064814814832,29.20304232804238,8
1683,4,0,0,36,0.0,0.0,1.0,36,550,300,250,0.5454545454545454,8,3,5,345.5074432892248,0.41081349206349205,0.1057518115942031,0.1986667798913045,130617.2839506175,1825.8487654321248,132443.13271604961,1137,3,276.5,35,1,17,35.61480978260872,0.6285714285714286,44.44444444444446,1022.2222222222239,29.206349206349255,0
1684,4,0,0,36,0.0,0.0,1.0,36,750,500,250,0.6666666666666666,10,5,5,343.26219275399365,0.41064814814814815,0.10913686434284031,0.1979807268390528,130735.62349965713,1775.319358710574,132510.9428583677,1138,4,277.5,35,1,18,35.55247472461145,0.6297619047619047,44.32870370370371,1022.6851851851857,29.219576719576732,0
1685,4,0,0,36,0.0,0.0,1.0,36,1000,700,300,0.7,13,7,6,345.80265380620347,0.4100033068783069,0.10374957583983702,0.20021226341196105,130883.62328800155,1851.980854552471,132735.60414255402,1139,5,278.5,35,1,18,35.33784356973193,0.63125,44.18402777777778,1023.2638888888889,29.23611111111111,0
1686,4,0,0,36,0.0,0.0,1.0,36,1050,900,150,0.8571428571428571,12,9,3,349.54824743549085,0.4087632275132275,0.09825195901145278,0.20347387455981736,131090.963648834,1964.5233196159115,133055.48696844993,1140,6,279.5,35,1,18,35.032399035563586,0.6333333333333333,43.98148148148148,1024.074074074074,29.259259259259256,0
1687,4,1,0,37,0.02702702702702703,0.0,1.0,37,650,500,150,0.7692307692307693,8,5,3,341.86114968495764,0.4133508508508508,0.09436863709970988,0.20055233113670687,131389.14399092982,1583.7974335824997,132972.94142451233,1141,0,272.9189189189189,34,3,19,34.92824934200342,0.6384803921568627,43.6904761904762,1025.238095238096,30.154061624649884,0
1688,4,0,1,36,0.0,0.02702702702702703,0.972972972972973,37,400,300,100,0.75,5,3,2,342.4486208011855,0.4132257257257257,0.08927136908004729,0.18947960549812293,129113.15164448309,1442.9241415895137,130556.0757860726,1142,1,273.9189189189189,35,2,15,37.219209087803215,0.6133928571428571,45.92013888888889,1016.3194444444449,29.037698412698425,8
1689,4,2,0,38,0.05263157894736842,0.0,1.0,38,750,500,250,0.6666666666666666,10,5,5,333.28361788029025,0.4148737553342816,0.09557277255118968,0.18576295419792863,129401.8231702988,1025.5015573005574,130427.32472759935,1143,0,267.63157894736844,36,2,17,37.15873455082088,0.6142939814814814,45.63626126126127,1017.454954954956,28.262637637637667,0
1690,4,1,2,37,0.02564102564102564,0.05128205128205128,0.9487179487179487,39,1000,800,200,0.8,12,8,4,320.41547192993295,0.41759446693657215,0.06533769133684975,0.1767117347511487,128984.2437358464,465.7094656293466,129449.95320147574,1144,0,261.7435897435897,38,1,12,37.90996178656571,0.606359649122807,46.04700854700855,1015.8119658119665,26.731893837157013,8
1691,4,0,0,37,0.0,0.0,1.0,37,1100,700,400,0.6363636363636364,15,7,8,333.4927398072295,0.41103603603603606,0.06804275157020578,0.18320762031457505,128829.5659468591,1192.7449831588451,130022.31093001795,1145,1,276.8378378378378,36,1,15,37.735256054723614,0.6085069444444444,46.19932432432433,1015.2027027027034,28.200075075075095,0
1692,4,1,0,38,0.02631578947368421,0.0,1.0,38,850,500,350,0.5882352941176471,12,5,7,325.51733404998635,0.4123547889995258,0.05867126833477099,0.18051415797317438,129201.38888888896,811.994130955285,130013.38301984424,1146,0,270.5263157894737,36,2,19,37.559767759562845,0.6122685185185186,45.833333333333336,1016.6666666666673,28.24074074074076,0
1693,4,1,1,38,0.02564102564102564,0.02564102564102564,0.9743589743589743,39,750,400,350,0.5333333333333333,11,4,7,318.9297531287723,0.41624493927125505,0.060011381278349596,0.17811708595314463,129480.23069598334,459.01960218528427,129939.25029816863,1147,0,264.56410256410254,37,2,12,37.4443367090426,0.6131756756756757,45.55921052631579,1017.7631578947364,27.507112375533417,0
1694,4,0,0,38,0.0,0.0,1.0,38,650,600,50,0.9230769230769231,7,6,1,327.0722628153462,0.41300675675675674,0.06802031639523776,0.18243363992589293,129430.46932067188,866.6232955928704,130297.09261626475,1148,2,272.5263157894737,36,2,12,37.28765493581229,0.6145833333333333,45.6081081081081,1017.5675675675664,28.26576576576573,0
1695,4,0,1,37,0.0,0.02631578947368421,0.9736842105263158,38,1100,700,400,0.6363636363636364,15,7,8,344.2829061224492,0.4134068278805121,0.041774436090225464,0.18618513155571248,128203.13169795946,1230.2956575037183,129433.42735546318,1149,3,273.5263157894737,35,3,18,38.10047619047619,0.6041666666666667,46.817129629629626,1012.7314814814808,28.935185185185166,8
1696,4,1,0,38,0.02631578947368421,0.0,1.0,38,750,500,250,0.6666666666666666,10,5,5,342.67646217298517,0.4126511379800854,0.05218677117645609,0.18613369123986728,128379.01341735259,1198.4932270233223,129577.50664437591,1150,0,274.42105263157896,35,3,17,37.96158824425154,0.605952380952381,46.64351851851852,1013.4259259259263,28.955026455026466,0
1697,4,1,0,39,0.02564102564102564,0.0,1.0,39,1200,900,300,0.75,15,9,6,344.8458007204767,0.4148672964462438,0.08220515779661741,0.1754602973131491,125724.42618580672,887.4511048953966,126611.87729070212,1151,0,268.35897435897436,35,4,15,40.63052990959798,0.5788690476190477,49.27662037037037,1002.8935185185182,28.65410052910052,8
1698,4,1,1,39,0.025,0.025,0.975,40,1150,800,350,0.6956521739130435,15,8,7,336.63443958786473,0.41881677350427354,0.0885745563493896,0.17285879684872713,126101.95500042863,490.4574170524658,126592.4124174811,1152,0,262.625,35,5,16,40.44758776983946,0.5827380952380952,48.90046296296296,1004.3981481481478,28.69708994708994,0
1699,4,3,2,40,0.07142857142857142,0.047619047619047616,0.9523809523809523,42,1200,1000,200,0.8333333333333334,14,10,4,322.1710618176986,0.4259702864885792,0.09904990094491306,0.16788732631158368,126705.33842143719,-235.84131655896005,126469.49710487823,1153,0,251.0,37,5,15,40.19140710084948,0.5850225225225225,48.30043859649122,1006.7982456140337,27.210763394973885,0
1700,4,3,0,43,0.06976744186046512,0.0,1.0,43,1400,1000,400,0.7142857142857143,18,10,8,315.24011394569635,0.4301633444075304,0.12148015285419023,0.1659537889310331,127118.9472957299,-585.4017139674443,126533.54558176246,1154,0,246.09302325581396,38,5,18,39.94243740509234,0.5874451754385965,47.88995726495725,1008.4401709401689,26.537899235267602,0
1701,4,1,1,43,0.022727272727272728,0.022727272727272728,0.9772727272727273,44,1350,1100,250,0.8148148148148148,16,11,5,312.55542258658255,0.4322806553911205,0.1235451075283942,0.16582373897820166,127433.60595703125,-833.9870876736109,126599.61886935764,1155,0,241.47727272727272,39,5,11,39.68854241892776,0.5889423076923077,47.578125,1009.6875,25.889423076923077,0
1702,4,0,0,43,0.0,0.0,1.0,43,1200,900,300,0.75,15,9,6,321.51380184587333,0.43145533407161313,0.12044586974873694,0.17038608601467486,127388.43831041327,-408.5717775221211,126979.86653289114,1156,2,248.09302325581396,38,5,12,39.50858997424771,0.5901864035087719,47.622863247863236,1009.5085470085453,26.56601439496172,0
1703,4,2,3,42,0.044444444444444446,0.06666666666666667,0.9333333333333333,45,800,700,100,0.875,9,7,2,310.03255742055984,0.4341329966329966,0.13465956662982648,0.16634792690063782,127887.41949443117,-1070.147254445113,126817.27223998606,1157,0,238.0222222222222,40,5,14,39.28924277437288,0.5919270833333333,47.1290650406504,1011.4837398373979,25.287093495934947,0
1704,4,0,0,42,0.0,0.0,1.0,42,1000,400,600,0.4,16,4,12,334.4073205610196,0.4248088463027488,0.13721627630422395,0.17761772908690832,127479.2784799169,126.00078870421174,127605.27926862112,1158,1,255.76190476190476,37,5,14,39.09020991675714,0.5929054054054055,47.5328947368421,1009.8684210526317,27.293741109530586,0
1705,4,1,0,43,0.023255813953488372,0.0,1.0,43,1600,1300,300,0.8125,19,13,6,330.45309411418026,0.4252722406792174,0.1502014718123621,0.17772409167265188,127982.32299884928,-141.5690746219763,127840.7539242273,1159,0,250.7906976744186,38,5,16,38.6759581881533,0.596217105263158,47.0352564102564,1011.8589743589731,26.627867746288768,0
1706,4,0,0,43,0.0,0.0,1.0,43,1150,900,250,0.782608695652174,14,9,5,328.89031546586193,0.4256413805832411,0.15251669984951133,0.1771221124734569,128036.38100162527,-178.01485225364513,127858.36614937162,1160,1,251.7906976744186,38,5,17,38.660315282029636,0.596765350877193,46.9818376068376,1012.0726495726485,26.633490778227593,0
1707,4,2,1,44,0.044444444444444446,0.022222222222222223,0.9777777777777777,45,1100,800,300,0.7272727272727273,14,8,6,319.4119003867727,0.4307239057239057,0.17905092592592586,0.17483598758012808,128685.30636525869,-779.2763484037387,127906.03001685494,1161,0,241.55555555555554,40,5,17,38.23930789262819,0.6,46.34146341463414,1014.6341463414627,25.36585365853657,0
1708,4,0,0,44,0.0,0.0,1.0,44,1150,700,450,0.6086956521739131,16,7,9,322.2196517408427,0.42978109584214236,0.17186595994848886,0.17655027262425704,128725.26584201393,-504.4379340277728,128220.82790798617,1162,1,244.86363636363637,39,5,17,38.12743789776228,0.6020299145299146,46.302083333333336,1014.7916666666671,26.020299145299155,0
1709,4,2,0,46,0.043478260869565216,0.0,1.0,46,1450,1000,450,0.6896551724137931,19,10,9,313.59537750620217,0.4331320450885668,0.18244347558884644,0.17425336770592242,129280.82817925369,-1089.8681640624798,128190.9600151912,1163,0,235.17391304347825,39,7,20,37.78220919116391,0.6076388888888888,45.75520833333334,1016.9791666666684,26.076388888888935,0
1710,4,0,0,46,0.0,0.0,1.0,46,1500,1200,300,0.8,18,12,6,312.6882472926441,0.4334943639291466,0.1863067954252151,0.17456938148852172,129466.2814670138,-1103.4830729166722,128362.79839409713,1164,1,236.17391304347825,39,7,13,37.61728079153873,0.6095085470085471,45.572916666666664,1017.7083333333326,26.09508547008545,0
1711,4,1,1,46,0.02127659574468085,0.02127659574468085,0.9787234042553191,47,800,200,600,0.25,14,2,12,304.76101333621364,0.43485969781066913,0.18870370792264834,0.17173943444887116,129832.53146455341,-1486.4212293713742,128346.11023518203,1165,0,232.12765957446808,41,6,14,37.44838816963563,0.610010162601626,45.21329365079365,1019.1468253968253,24.857239643825007,0
1712,4,0,0,46,0.0,0.0,1.0,46,1400,1100,300,0.7857142857142857,17,11,6,311.3898676924932,0.4336352657004831,0.19585599181259128,0.17519611747951397,129770.27253123143,-1118.1704012162083,128652.10213001522,1166,1,238.1304347826087,40,6,15,37.34249285191832,0.6109375,45.27439024390244,1018.9024390243904,25.47256097560976,0
1713,4,0,0,46,0.0,0.0,1.0,46,1550,1100,450,0.7096774193548387,20,11,9,311.58179496356115,0.4328401771336554,0.20486227159846138,0.1760377189027223,129933.65698420578,-1103.0075861363007,128830.64939806948,1167,2,239.1304347826087,41,5,17,37.17230628263761,0.6110264227642277,45.114087301587304,1019.5436507936512,24.866918312040273,0
1714,4,1,0,47,0.02127659574468085,0.0,1.0,47,1300,900,400,0.6923076923076923,17,9,8,305.86457269060634,0.43343354918285537,0.20504592941156985,0.17438516994786885,130287.90632283017,-1429.493220899462,128858.41310193071,1168,0,235.0212765957447,41,6,19,36.96018770446666,0.6145833333333333,44.76686507936508,1020.9325396825406,24.900793650793673,0
1715,4,1,0,48,0.020833333333333332,0.0,1.0,48,1550,1300,250,0.8387096774193549,18,13,5,301.05610759033914,0.43366762706855794,0.20844983097968584,0.1732920344345702,130658.55910289362,-1732.8885546241063,128925.67054826951,1169,0,231.10416666666666,42,6,13,36.709198180267286,0.6168154761904762,44.40406976744187,1022.3837209302338,24.342469545957947,0
1716,4,0,2,46,0.0,0.041666666666666664,0.9583333333333334,48,1750,1200,550,0.6857142857142857,23,12,11,304.0965749732817,0.4336953309692671,0.20422112773883905,0.1758297721012,130831.98594585685,-1642.8882353824665,129189.0977104744,1170,1,232.10416666666666,42,6,14,36.456754751531214,0.6185515873015873,44.23449612403102,1023.0620155038778,24.358619416758994,0
1717,4,0,1,45,0.0,0.021739130434782608,0.9782608695652174,46,1200,600,600,0.5,18,6,12,335.8129554277977,0.43319243156199677,0.21790486321909652,0.18195305390665023,128279.78326576091,-522.027885468268,127757.75538029264,1171,2,242.3695652173913,38,8,18,38.23670287562398,0.5992324561403508,46.741452991452995,1013.0341880341887,26.658794421952333,8
1718,4,0,0,45,0.0,0.0,1.0,45,1450,900,550,0.6206896551724138,20,9,11,345.2608837593986,0.43017676767676766,0.23944125885054146,0.18761001461423393,128394.44739006223,-134.08392486150737,128260.36346520072,1172,3,248.57777777777778,37,8,11,37.88035540408958,0.6021959459459459,46.628289473684205,1013.4868421052624,27.3915362731152,0
1719,4,0,0,45,0.0,0.0,1.0,45,1250,800,450,0.64,17,8,9,347.5800621999257,0.4295875420875421,0.24493464052287583,0.1895295056146765,128533.39489073561,-64.87092182209904,128468.5239689135,1173,4,249.57777777777778,37,8,11,37.679768598615915,0.6036036036036037,46.49122807017544,1014.0350877192983,27.406353722143198,0
1720,4,0,0,45,0.0,0.0,1.0,45,1250,600,650,0.48,19,6,13,352.23662043649176,0.42908249158249157,0.24512657923812187,0.19260598181314598,128644.60699446018,62.66832102189014,128707.27531548207,1174,5,250.57777777777778,37,8,13,37.44820939616659,0.6047297297297297,46.38157894736844,1014.4736842105291,27.41820768136565,0
1721,4,3,1,47,0.0625,0.020833333333333332,0.9791666666666666,48,1150,700,450,0.6086956521739131,16,7,9,337.49629398373395,0.4345356826241135,0.2593611395428177,0.18841935955549077,129466.28146701427,-859.9196687922811,128606.36179822199,1175,0,235.85416666666666,39,9,12,36.9860968952576,0.6095085470085471,45.572916666666686,1017.7083333333364,26.09508547008555,0
1722,4,0,1,46,0.0,0.02127659574468085,0.9787234042553191,47,600,100,500,0.16666666666666666,11,1,10,343.25959053625013,0.43268193031144003,0.2573571969688502,0.19100961785480086,129337.19735051894,-520.7533192709191,128816.44403124801,1176,1,241.87234042553192,38,9,16,36.970687602842844,0.6099232456140351,45.69978632478634,1017.2008547008569,26.768443544759393,0
1723,4,1,2,45,0.02127659574468085,0.0425531914893617,0.9574468085106383,47,1850,1400,450,0.7567567567567568,23,14,9,341.8886634770152,0.4330866481652791,0.25600253702243814,0.19103655700560265,129500.26167223696,-545.0657233910281,128955.19594884593,1177,0,242.70212765957447,38,9,12,36.83981491200449,0.6115679824561404,45.53952991452992,1017.8418803418813,26.785312640575825,0
1724,4,0,0,45,0.0,0.0,1.0,45,1250,900,350,0.72,16,9,7,356.64348351157145,0.43129208754208753,0.254764278066969,0.19791850108334264,129230.0128464616,217.80839116146052,129447.82123762307,1178,3,254.04444444444445,36,9,16,36.73948757706649,0.6125578703703703,45.805180180180194,1016.7792792792815,28.24386886886893,0
1725,4,1,0,46,0.021739130434782608,0.0,1.0,46,1150,800,350,0.6956521739130435,15,8,7,348.1638104422969,0.4331521739130435,0.2567763662249476,0.19467751090928442,129527.44904667992,-180.64595660748472,129346.80309007243,1179,0,249.5,38,8,13,36.652497900923585,0.611842105263158,45.51282051282052,1017.9487179487188,26.788124156545233,0
1726,4,0,0,46,0.0,0.0,1.0,46,1150,700,450,0.6086956521739131,16,7,9,349.044031113519,0.4328401771336554,0.2598022222627665,0.19571104144553345,129636.22708013756,-150.24974432023578,129485.97733581733,1180,1,250.5,38,8,14,36.51953070359491,0.6129385964912281,45.40598290598292,1018.3760683760701,26.799370220422897,0
1727,4,1,0,47,0.02127659574468085,0.0,1.0,47,850,600,250,0.7058823529411765,11,6,5,342.71280130962646,0.4360931236509405,0.2621867733031966,0.1939397875619218,129996.88042534742,-489.6809895833132,129507.19943576411,1181,0,246.14893617021278,39,8,15,36.31469186244466,0.6148504273504274,45.05208333333334,1019.7916666666683,26.148504273504315,0
1728,4,0,0,47,0.0,0.0,1.0,47,1800,1400,400,0.7777777777777778,22,14,8,340.4011037079656,0.4353415047795251,0.2638680138658416,0.1934204879305821,130156.27170138908,-538.9322916666466,129617.33940972244,1182,1,247.14893617021278,39,8,16,36.21205934394991,0.6164529914529915,44.89583333333334,1020.4166666666682,26.164529914529954,0
1729,4,0,0,47,0.0,0.0,1.0,47,1100,700,400,0.6363636363636364,15,7,8,341.82013689783787,0.43516805427073696,0.26594333045938945,0.19435936629066283,130182.84640842021,-500.17632378471416,129682.6700846355,1183,2,248.14893617021278,39,8,16,36.14892739273928,0.6167200854700854,44.86979166666667,1020.5208333333339,26.16720085470087,0
1730,4,0,0,47,0.0,0.0,1.0,47,1700,1200,500,0.7058823529411765,22,12,10,341.1499858835213,0.43453206907184705,0.2634980615063365,0.19479643277334346,130346.55044100096,-506.4064032923741,129840.14403770858,1184,3,249.14893617021278,37,10,16,36.0001923834067,0.6219031531531531,44.7094298245614,1021.1622807017534,27.59898055950685,0
1731,4,0,0,47,0.0,0.0,1.0,47,1300,700,600,0.5384615384615384,19,7,12,337.4916074097771,0.43468624730188093,0.25491862736808346,0.1932392065899574,130453.51765103363,-594.6065271385856,129858.91112389504,1185,4,250.14893617021278,38,9,17,35.985323851356064,0.6211622807017544,44.60470085470085,1021.5811965811963,26.883715699505167,0
1732,4,0,1,46,0.0,0.02127659574468085,0.9787234042553191,47,1050,500,550,0.47619047619047616,16,5,11,337.8493653628746,0.4345898859081098,0.258481946254687,0.1939896175907117,130562.6837698151,-577.8960296588596,129984.78774015624,1186,5,251.14893617021278,38,9,15,35.86573977280646,0.6222587719298245,44.49786324786324,1022.0085470085464,26.8949617633828,0
1733,4,0,0,46,0.0,0.0,1.0,46,1150,900,250,0.782608695652174,14,9,5,341.720305421527,0.43486312399355875,0.2588932806324111,0.196766746262576,130671.89554569362,-269.3519888231418,130402.54355687049,1187,6,254.6304347826087,38,8,16,35.656347962382455,0.6233552631578947,44.39102564102564,1022.4358974358975,26.90620782726046,0
1734,4,1,1,46,0.02127659574468085,0.02127659574468085,0.9787234042553191,47,1400,1000,400,0.7142857142857143,18,10,8,352.2236817414152,0.4373650940487203,0.2873214806178963,0.19188305050091992,128496.33487654295,-346.46591241145353,128149.8689641315,1188,0,250.19148936170214,38,9,14,37.59988584474886,0.6014254385964912,46.527777777777764,1013.8888888888869,26.68128654970755,8
1735,4,0,0,46,0.0,0.0,1.0,46,1300,900,400,0.6923076923076923,17,9,8,353.83341471671855,0.43658413848631245,0.2823248232665472,0.19354850841877627,128658.86843450936,-95.23864964571351,128563.62978486365,1189,1,247.54347826086956,38,8,14,37.393156767761866,0.6030701754385965,46.36752136752136,1014.5299145299138,26.698155645524047,0
1736,4,0,1,45,0.0,0.021739130434782608,0.9782608695652174,46,1700,1300,400,0.7647058823529411,21,13,8,355.5835848798844,0.43615136876006444,0.2855825849045377,0.19543729364450782,128848.62075617278,-36.70910493828353,128811.91165123449,1190,2,248.54347826086956,38,8,15,37.15515275877791,0.6049890350877193,46.18055555555555,1015.2777777777773,26.717836257309926,0
1737,4,0,2,43,0.0,0.044444444444444446,0.9555555555555556,45,1450,1100,350,0.7586206896551724,18,11,7,364.55242502376063,0.43632154882154883,0.2899877636219679,0.2007422449803847,128922.8476550477,399.82735072329854,129322.675005771,1191,3,250.7111111111111,37,8,15,36.851741884402216,0.607545045045045,46.10745614035088,1015.5701754385965,27.447842579421525,0
1738,4,0,0,43,0.0,0.0,1.0,43,1400,1200,200,0.8571428571428571,16,12,4,368.51213174547865,0.434985234403839,0.28558902866102387,0.20288415165328014,128915.32368517175,901.3721491762146,129816.69583434796,1192,4,258.72093023255815,36,7,15,36.7588896281511,0.609375,46.11486486486487,1015.5405405405413,28.20945945945948,0
1739,4,1,0,44,0.022727272727272728,0.0,1.0,44,1300,1000,300,0.7692307692307693,16,10,6,358.19766522076634,0.4366411205073996,0.2880952380952382,0.19892527164474305,129258.63997443397,460.345649703766,129718.98562413774,1193,0,253.8181818181818,36,8,16,36.67081949058693,0.6128472222222222,45.77702702702703,1016.8918918918926,28.246996996997016,0
1740,4,1,0,45,0.022222222222222223,0.0,1.0,45,900,700,200,0.7777777777777778,11,7,4,350.7790886854644,0.4372685185185185,0.2910996267585413,0.19674131495836927,129647.68005540174,95.53901200370143,129743.21906740544,1194,0,249.15555555555557,37,8,15,36.463716623600334,0.6148648648648649,45.39473684210527,1018.4210526315795,27.524893314367013,0
1741,4,1,0,46,0.021739130434782608,0.0,1.0,46,1150,800,350,0.6956521739130435,15,8,7,345.15459873852,0.43916062801932365,0.29492237326433157,0.19515139160903053,129962.83512309154,-228.5459584337798,129734.28916465776,1195,0,244.7173913043478,38,8,16,36.28697785694327,0.6162280701754386,45.085470085470085,1019.6581196581197,26.833108412055783,0
1742,4,0,0,46,0.0,0.0,1.0,46,1400,1000,400,0.7142857142857143,18,10,8,348.53218515067203,0.43875805152979064,0.3041087844390715,0.19775007938227987,130099.04308431961,-131.2592455621226,129967.78383875749,1196,1,245.7173913043478,38,8,16,36.06267672007539,0.6175986842105263,44.95192307692308,1020.1923076923084,26.847165991902852,0
1743,4,2,3,45,0.041666666666666664,0.0625,0.9375,48,1050,600,450,0.5714285714285714,15,6,9,333.00078965788794,0.4430223108747045,0.293116014046247,0.19190457878222603,130703.86860499687,-895.1017086390518,129808.76689635782,1197,0,236.4375,40,8,15,35.84691578877625,0.6203125,44.35975609756097,1022.5609756097548,25.56402439024387,0
1744,4,0,1,44,0.0,0.022222222222222223,0.9777777777777777,45,1050,600,450,0.5714285714285714,15,6,9,350.6031272699363,0.43970959595959597,0.2952469533280866,0.20091758547978272,130486.54994806103,149.79849569099372,130636.34844375202,1198,1,249.15555555555557,37,8,19,35.61699577877943,0.6233108108108107,44.57236842105264,1021.7105263157902,27.613798008534868,0
1745,4,0,0,44,0.0,0.0,1.0,44,1250,800,450,0.64,17,8,9,355.59004814658493,0.4397573114869626,0.2948936873416328,0.2044136077914218,130607.69120049097,488.55904045937086,131096.25024095035,1199,2,245.47727272727272,36,8,18,35.366861297785604,0.6264467592592593,44.453828828828826,1022.1846846846842,28.394019019019005,0
1746,4,0,1,43,0.0,0.022727272727272728,0.9772727272727273,44,950,500,450,0.5263157894736842,14,5,9,355.65653724045285,0.43952607470049326,0.2925617104762668,0.20521427390201982,130751.6194403863,500.53364174985404,131252.15308213615,1200,3,246.47727272727272,36,8,19,35.219390002202154,0.6278935185185186,44.31306306306306,1022.7477477477476,28.409659659659653,0
1747,4,0,0,43,0.0,0.0,1.0,43,950,600,350,0.631578947368421,13,6,7,388.65643568701,0.43934569952011815,0.29935129313598674,0.21104364151700042,128366.66690712527,1432.5134808575149,129799.18038798278,1201,4,252.11627906976744,37,6,18,36.80931255860924,0.6019144144144144,46.655701754385966,1013.3771929824562,27.388572783309627,8
1748,4,0,1,42,0.0,0.023255813953488372,0.9767441860465116,43,950,600,350,0.631578947368421,13,6,7,394.85397079532873,0.4388612033960871,0.30441322205957055,0.21500705618219143,128477.80687326865,1545.994440597105,130023.80131386576,1202,5,253.11627906976744,37,6,17,36.53832287836182,0.6030405405405406,46.546052631578945,1013.8157894736839,27.400426742531998,0
1749,4,2,1,43,0.045454545454545456,0.022727272727272728,0.9772727272727273,44,1900,1300,600,0.6842105263157895,25,13,12,388.1180097813698,0.4396912438336857,0.3235810093786753,0.21419699100470355,129011.37689248656,1214.3277677332105,130225.70466021977,1203,0,248.20454545454547,38,6,20,36.16288954323976,0.6066337719298245,46.02029914529914,1015.9188034188026,26.734705353126383,0
1750,4,0,0,43,0.0,0.0,1.0,43,1250,900,350,0.72,16,9,7,387.92860295631203,0.4389304171280915,0.3104866313298258,0.21453353903025799,129092.79348381904,1415.7574055811172,130508.55088940015,1204,1,236.0,38,5,20,36.08446348472106,0.6074561403508771,45.94017094017094,1016.2393162393155,26.743139901034617,0
1751,4,0,0,43,0.0,0.0,1.0,43,1000,500,500,0.5,15,5,10,387.28241839538504,0.43920727205610927,0.31295030677769575,0.21508617749822068,129260.23046339152,1412.1799025322266,130672.41036592374,1205,2,237.0,35,8,20,35.92979361104786,0.6148809523809524,45.775462962962955,1016.8981481481472,29.05423280423278,0
1752,4,0,0,43,0.0,0.0,1.0,43,1050,600,450,0.5714285714285714,15,6,9,386.97341463442774,0.43897655961609455,0.3169712669377953,0.2153964117303345,129348.51794249381,1410.8875332218604,130759.40547571567,1206,3,238.0,35,8,20,35.8474845450753,0.6157738095238094,45.6886574074074,1017.2453703703688,29.064153439153397,0
1753,4,0,1,42,0.0,0.023255813953488372,0.9767441860465116,43,1100,900,200,0.8181818181818182,13,9,4,385.6456954162738,0.4384920634920635,0.3183928018852207,0.21530048252668516,129466.28146701373,1385.6228298610947,130851.90429687483,1207,4,239.0,35,8,19,35.76104571818492,0.6169642857142856,45.57291666666666,1017.708333333332,29.077380952380913,0
1754,4,0,1,41,0.0,0.023809523809523808,0.9761904761904762,42,1150,700,450,0.6086956521739131,16,7,9,384.24602553058173,0.4392179636082075,0.3059207753898021,0.21494950933146414,129545.08562616674,1555.4368557746975,131100.52248194144,1208,5,240.66666666666666,36,6,19,35.7162610619469,0.6157407407407407,45.4954954954955,1018.0180180180183,28.278278278278286,0
1755,4,0,2,39,0.0,0.04878048780487805,0.9512195121951219,41,1150,800,350,0.6956521739130435,15,8,7,384.3282206986079,0.4369918699186992,0.2916204883441875,0.21578204569949744,129688.42734203779,1768.5845051131996,131457.01184715098,1209,6,240.2439024390244,36,5,19,35.56799336650083,0.6171875,45.35472972972972,1018.5810810810794,28.293918918918873,0
1756,4,1,0,40,0.025,0.0,1.0,40,1050,800,250,0.7619047619047619,13,8,5,391.73990397086976,0.4379540598290598,0.3074324324324327,0.22084901372391005,129849.38298396753,2173.436964163209,132022.81994813075,1210,0,232.25,35,5,20,35.21509955333484,0.6208333333333333,45.196759259259245,1019.212962962961,29.120370370370313,0
1757,4,2,1,41,0.047619047619047616,0.023809523809523808,0.9761904761904762,42,800,500,300,0.625,11,5,6,377.2865202352962,0.4385283584978707,0.31086739511668715,0.2157844161423516,130410.31867551846,1441.723867241053,131852.0425427595,1211,0,222.14285714285714,35,7,22,35.01286591123701,0.6264880952380952,44.646990740740726,1021.4120370370351,29.183201058201004,0
1758,4,1,0,42,0.023809523809523808,0.0,1.0,42,1300,900,400,0.6923076923076923,17,9,8,373.7520675803407,0.4374637049941928,0.3134057971014499,0.2149074388586956,130617.283950617,1363.695987654288,131980.97993827128,1212,0,222.92857142857142,35,7,23,34.89300271739131,0.6285714285714286,44.44444444444443,1022.2222222222199,29.20634920634914,0
1759,4,0,0,42,0.0,0.0,1.0,42,900,600,300,0.6666666666666666,12,6,6,374.52051675870825,0.43707655826558267,0.3116632844085774,0.21593782937687794,130722.82745160689,1391.6761778670439,132114.50362947394,1213,1,223.92857142857142,36,6,23,34.76627023455566,0.6276041666666667,44.34121621621621,1022.6351351351341,28.406531531531503,0
1760,4,0,1,41,0.0,0.023809523809523808,0.9761904761904762,42,1050,800,250,0.7619047619047619,13,8,5,378.34237824205985,0.4363264614789005,0.3141363314726,0.21879315762756926,130838.01442912506,1500.3131087168224,132338.3275378419,1214,2,224.92857142857142,36,6,23,34.551687763713076,0.6287615740740741,44.2286036036036,1023.0855855855855,28.419044044044043,0
1761,4,0,0,41,0.0,0.0,1.0,41,1300,700,600,0.5384615384615384,19,7,12,386.68416634304174,0.4354928861788618,0.3106024023245102,0.22353834835226571,130824.41332572426,1917.545840835027,132741.9591665593,1215,3,226.82926829268294,35,6,23,34.35213730814196,0.6306547619047619,44.24189814814814,1023.0324074074059,29.229497354497312,0
1762,4,0,0,41,0.0,0.0,1.0,41,1100,700,400,0.6363636363636364,15,7,8,384.72372318744283,0.4350609756097561,0.3047291259886826,0.22326093227491747,130972.46334876528,1877.642746913564,132850.10609567884,1216,4,227.82926829268294,35,6,23,34.252035278154665,0.6321428571428571,44.097222222222214,1023.61111111111,29.24603174603171,0
1763,4,0,1,40,0.0,0.024390243902439025,0.975609756097561,41,800,500,300,0.625,11,5,6,382.64719219035504,0.4348577235772358,0.30188752085372794,0.2222268164756194,131002.08340031268,1825.5158768432507,132827.59927715594,1217,5,228.82926829268294,35,6,23,34.27513190126248,0.6324404761904762,44.068287037037024,1023.7268518518498,29.249338624338566,0
1764,4,0,0,40,0.0,0.0,1.0,40,900,600,300,0.6666666666666666,12,6,6,384.42950297478336,0.4341212606837607,0.28827568667344927,0.2236060363456872,131061.33355034693,2076.7686631944107,133138.10221354134,1218,6,217.35,35,5,23,34.169421837911145,0.6330357142857144,44.01041666666665,1023.958333333331,29.255952380952312,0
1765,4,0,0,40,0.0,0.0,1.0,40,1800,1600,200,0.8888888888888888,20,16,4,383.3435729817163,0.43392094017094013,0.28449318381706323,0.22351879101549282,131155.0401753103,2055.4883430727896,133210.5285183831,1219,7,218.35,36,4,23,34.10221525945472,0.6319444444444444,43.91891891891891,1024.3243243243232,28.453453453453424,0
1766,4,0,0,40,0.0,0.0,1.0,40,1450,900,550,0.6206896551724138,20,9,11,383.8563392485489,0.432545405982906,0.28687158945779645,0.22536841512936273,131419.6588010204,2089.4820953399603,133509.14089636036,1220,8,219.35,34,6,23,33.82096830372692,0.6387867647058824,43.660714285714285,1025.357142857143,30.157563025210084,0
1767,4,0,0,40,0.0,0.0,1.0,40,1550,1100,450,0.7096774193548387,20,11,9,385.7773813230773,0.43233173076923076,0.2846845279517518,0.22813255018981984,131694.45153061225,2160.9481292517066,133855.39965986396,1221,9,220.35,34,6,21,33.49353398283462,0.6415441176470589,43.392857142857146,1026.4285714285716,30.189075630252105,0
1768,4,0,0,40,0.0,0.0,1.0,40,1600,1000,600,0.625,22,10,12,385.06570493669807,0.4305288461538461,0.28551564310544575,0.22918048507611785,131938.95266439926,2161.0331632653206,134099.98582766458,1222,10,221.35,34,6,22,33.2645326380842,0.6439950980392157,43.15476190476191,1027.3809523809537,30.21708683473393,0
1769,4,0,0,40,0.0,0.0,1.0,40,1200,900,300,0.75,15,9,6,384.4788039206311,0.4295138888888889,0.28968033356497536,0.22957053893850138,132061.2882653062,2154.95323129253,134216.24149659876,1223,11,222.35,34,6,22,33.15598216353951,0.6452205882352942,43.03571428571429,1027.8571428571436,30.231092436974812,0
1770,4,0,1,39,0.0,0.025,0.975,40,1200,800,400,0.6666666666666666,16,8,8,394.35821444729066,0.4297142094017094,0.2625292329279705,0.22071671792887604,129564.7392290248,2265.4761904761735,131830.21541950098,1224,12,223.35,34,6,15,35.43883497037731,0.6200980392156863,45.47619047619047,1018.0952380952369,29.94397759103638,8
1771,4,1,0,40,0.025,0.0,1.0,40,1050,800,250,0.7619047619047619,13,8,5,391.77138833085854,0.42972756410256413,0.2789719626168221,0.22062915027053612,129807.25623582762,2170.9537981859326,131978.21003401355,1225,0,224.025,34,6,18,35.257252725856695,0.6225490196078431,45.238095238095234,1019.0476190476187,29.971988795518197,0
1772,4,0,1,39,0.0,0.025,0.975,40,1550,1300,250,0.8387096774193549,18,13,5,390.75862647131265,0.42824519230769226,0.28241389375364867,0.22091403536150467,129958.94451530626,2156.5157312925344,132115.46024659878,1226,1,225.025,34,6,18,35.12842965557502,0.6240808823529411,45.08928571428572,1019.6428571428582,29.98949579831936,0
1773,4,0,0,39,0.0,0.0,1.0,39,1050,700,350,0.6666666666666666,14,7,7,355.2323052855805,0.42583220872694555,0.224884730017747,0.20150591443845178,130090.2058096949,1442.4487409707108,131532.6545506656,1227,2,231.3846153846154,36,3,19,35.90076167347389,0.6212384259259259,44.96058558558559,1020.1576576576582,28.33771271271273,8
1774,4,0,1,38,0.0,0.02564102564102564,0.9743589743589743,39,850,600,250,0.7058823529411765,11,6,5,354.5328890969106,0.4255791722896986,0.2275093346560304,0.20127690866667158,130122.70752779685,1426.5558873884117,131549.26341518527,1228,3,232.3846153846154,37,2,19,35.88561257388501,0.6196509009009009,44.92872807017543,1020.2850877192969,27.575272641062078,0
1775,4,1,0,39,0.02564102564102564,0.0,1.0,39,1250,900,350,0.72,16,9,7,362.93812484449415,0.42757534862798025,0.24519029786388136,0.1993318906080814,128819.24518014843,1650.0495697245774,130469.294749873,1229,0,228.94871794871796,35,4,15,36.99846558735226,0.6104166666666666,46.20949074074075,1015.162037037038,29.004629629629658,8
1776,4,0,0,39,0.0,0.0,1.0,39,1250,700,550,0.56,18,7,11,368.3569427888308,0.42684435447593344,0.2491118576243827,0.2033853327931969,129029.71172185725,1705.7980277575216,130735.50974961478,1230,1,229.94871794871796,36,3,16,36.64606886869136,0.6105324074074074,46.00225225225227,1015.9909909909932,28.22197197197203,0
1777,4,0,0,39,0.0,0.0,1.0,39,1000,900,100,0.9,11,9,2,340.19132752952396,0.4270973909131804,0.08987325359006793,0.18558023453507114,128550.50131492423,946.3531393819625,129496.85445430619,1231,2,230.94871794871796,38,1,14,37.84963653603033,0.6019736842105263,46.474358974358964,1014.1025641025627,26.686909581646386,8
1778,4,0,1,38,0.0,0.02564102564102564,0.9743589743589743,39,700,400,300,0.5714285714285714,10,4,6,342.1716094028037,0.42684435447593344,0.09012030623405054,0.18704199374091077,128631.7723742603,1002.8281147271465,129634.60048898745,1232,3,231.94871794871796,38,1,14,37.71656134807794,0.602796052631579,46.39423076923077,1014.4230769230765,26.695344129554645,0
1779,4,0,0,38,0.0,0.0,1.0,38,1250,800,450,0.64,17,8,9,347.3050862465165,0.42555713608345186,0.10801902085810022,0.1900422213506216,128672.41753472203,1337.717013888868,130010.13454861089,1233,4,238.8684210526316,37,1,16,37.54491786447639,0.6050112612612613,46.35416666666666,1014.5833333333318,27.421171171171128,0
1780,4,1,1,38,0.02564102564102564,0.02564102564102564,0.9743589743589743,39,1000,500,500,0.5,15,5,10,342.36407768670665,0.42816576698155645,0.11349571660855728,0.18894602523058002,129011.37689248673,1033.7722121776667,130045.1491046644,1234,0,233.71794871794873,38,1,17,37.32494654187263,0.6066337719298245,46.02029914529915,1015.9188034188039,26.73470535312642,0
1781,4,0,0,38,0.0,0.0,1.0,38,650,500,150,0.7692307692307693,8,5,3,348.50457542644506,0.4278390232337601,0.1267509716854731,0.19194000544633774,128929.9859832714,1386.5380049675114,130316.52398823891,1235,1,240.26315789473685,38,0,17,37.25191107370784,0.6058114035087719,46.10042735042736,1015.5982905982919,26.726270805218206,0
1782,4,0,1,37,0.0,0.02631578947368421,0.9736842105263158,38,950,600,350,0.631578947368421,13,6,7,356.1747979527583,0.4279575628259839,0.01856642870527625,0.18670764393586167,126946.1741924938,1463.5598431057047,128409.7340355995,1236,2,241.26315789473685,35,3,17,39.08792255273536,0.5913690476190476,48.06134259259258,1007.754629629628,28.79298941798937,8
1783,4,2,0,39,0.05128205128205128,0.0,1.0,39,900,700,200,0.7777777777777778,11,7,4,342.1902439779537,0.43218623481781376,0.06138332848542549,0.18198014985957306,127530.03532503819,927.990504972516,128458.02583001071,1237,0,235.84615384615384,35,4,18,38.84174114816087,0.5973214285714286,47.482638888888864,1010.0694444444412,28.859126984126892,0
1784,4,0,0,39,0.0,0.0,1.0,39,1000,700,300,0.7,13,7,6,342.274517104806,0.43176450742240213,0.06447994032463233,0.18255337867086463,127646.96830257597,938.0608871313101,128585.02918970729,1238,1,236.84615384615384,35,4,18,38.71991085404498,0.5985119047619047,47.36689814814813,1010.5324074074047,28.87235449735442,0
1785,4,1,0,40,0.025,0.0,1.0,40,1550,1100,450,0.7096774193548387,20,11,9,336.6769295573316,0.43333333333333335,0.08041217043052606,0.18154702578229479,128087.52745566511,624.8230916727495,128712.35054733786,1239,0,231.9,36,4,20,38.41106723031852,0.6009837962962963,46.931306306306304,1012.2747747747748,28.118743743743742,0
1786,4,2,2,40,0.047619047619047616,0.047619047619047616,0.9523809523809523,42,1500,1000,500,0.6666666666666666,20,10,10,324.6805385656759,0.43593931475029035,0.1022488582758092,0.1779654031064828,128740.17373666778,-40.1142112280306,128700.05952543975,1240,0,221.8095238095238,38,4,20,38.04983857949959,0.6038925438596492,46.287393162393144,1014.8504273504245,26.706590193432223,0
1787,4,0,0,40,0.0,0.0,1.0,40,1650,1300,350,0.7878787878787878,20,13,7,338.1343502405665,0.43396100427350426,0.12998894853173448,0.1855929787195618,128794.39153928302,709.9615795528941,129504.35311883592,1241,1,233.175,38,2,20,37.653273339648464,0.6044407894736843,46.23397435897434,1015.0641025640998,26.71221322537105,0
1788,4,0,0,40,0.0,0.0,1.0,40,1250,800,450,0.64,17,8,9,339.6484753864421,0.4346287393162393,0.13505786428195687,0.18693449673121781,128902.86138733651,756.332068631743,129659.19345596826,1242,2,234.175,38,2,20,37.504383657724006,0.6055372807017544,46.12713675213675,1015.4914529914527,26.723459289248755,0
1789,4,0,0,40,0.0,0.0,1.0,40,800,500,300,0.625,11,5,6,341.6912257441382,0.43404113247863246,0.14299347986118427,0.1885746874986077,129011.3768924867,816.4111010665561,129827.78799355325,1243,3,235.175,38,2,20,37.34203561538193,0.6066337719298245,46.02029914529915,1015.9188034188037,26.73470535312641,0
1790,4,1,0,41,0.024390243902439025,0.0,1.0,41,1550,1000,550,0.6451612903225806,21,10,11,335.46258154751365,0.4369410569105691,0.14040184236245645,0.18684148962393632,129373.1801903258,480.3916765098235,129853.57186683563,1244,0,230.41463414634146,36,5,21,37.13240720242048,0.6140046296296297,45.66441441441443,1017.3423423423451,28.259509509509584,0
1791,4,0,1,40,0.0,0.024390243902439025,0.975609756097561,41,1250,900,350,0.72,16,9,7,347.4184110873884,0.43635670731707316,0.027656912508827958,0.18592833248037197,127783.9710896622,777.7824493316343,128561.75353899383,1245,1,231.41463414634146,37,4,14,38.44971170878069,0.5960022522522522,47.23135964912281,1011.0745614035087,27.326339497392127,8
1792,4,1,0,41,0.024390243902439025,0.0,1.0,41,1250,600,650,0.48,19,6,13,342.8800412138593,0.4367378048780488,0.04943432653323887,0.1849054291691132,128090.45041867567,583.9317837314727,128674.38220240714,1246,0,232.3658536585366,38,3,15,38.25109938434477,0.5973135964912281,46.92841880341881,1012.2863247863255,26.63911381016646,0
1793,4,0,0,41,0.0,0.0,1.0,41,850,500,350,0.5882352941176471,12,5,7,357.33748786202017,0.43661077235772355,0.04877530665906771,0.1851586377666994,126473.33311646245,838.7440417488864,127312.07715821134,1247,1,233.3658536585366,38,3,11,39.545052221632176,0.5808662280701755,48.530982905982924,1005.876068376071,26.470422852001867,8
1794,4,1,1,41,0.023809523809523808,0.023809523809523808,0.9761904761904762,42,1150,800,350,0.6956521739130435,15,8,7,354.4287530606628,0.43687088656600853,0.06552244472317148,0.1849412592984788,126759.19514054153,585.4206945270867,127344.61583506862,1248,0,228.78571428571428,40,2,12,39.32409930366334,0.58046875,48.246951219512205,1007.0121951219527,25.175304878048816,0
1795,4,1,1,41,0.023809523809523808,0.023809523809523808,0.9761904761904762,42,1350,900,450,0.6666666666666666,18,9,9,359.4707025334836,0.43406407278358494,0.08254016252201901,0.18899357921752497,127066.39695493774,735.3293963580079,127801.72635129574,1249,0,229.71428571428572,40,2,13,38.881329167086655,0.58359375,47.94207317073172,1008.2317073170748,25.20579268292687,0
1796,4,1,1,41,0.023809523809523808,0.023809523809523808,0.9761904761904762,42,1550,1200,350,0.7741935483870968,19,12,7,351.77150399730175,0.4336043360433604,0.09100982256487389,0.18638696802831323,127381.02349175338,561.80542484373,127942.82891659711,1250,0,230.4047619047619,39,3,13,38.75255821552645,0.5884081196581197,47.63020833333333,1009.4791666666658,25.884081196581175,0
1797,4,0,0,41,0.0,0.0,1.0,41,1250,1000,250,0.8,15,10,5,363.7620978123411,0.4312754065040651,0.09524817440999023,0.19277555032130136,127388.43831041316,1067.8171113667527,128456.2554217799,1251,2,237.02439024390245,38,3,13,38.442339577380295,0.5901864035087719,47.62286324786323,1009.5085470085444,26.566014394961694,0
1798,4,1,0,42,0.023809523809523808,0.0,1.0,42,1300,900,400,0.6923076923076923,17,9,8,358.90268285086006,0.43382210607820365,0.10118127811544975,0.19216041601948675,127801.98703341995,773.695203993036,128575.68223741298,1252,0,232.35714285714286,39,3,14,38.14096785824662,0.5926816239316239,47.21354166666666,1011.1458333333318,25.9268162393162,0
1799,4,0,3,39,0.0,0.07142857142857142,0.9285714285714286,42,1100,900,200,0.8181818181818182,13,9,4,356.6572307157844,0.4336527293844367,0.1002588844433987,0.19158490180927523,127933.68055555546,725.6944444444351,128659.3749999999,1253,1,233.35714285714286,39,3,14,38.06287753981328,0.594017094017094,47.08333333333333,1011.6666666666658,25.94017094017092,0
1800,4,1,0,40,0.025,0.0,1.0,40,1100,900,200,0.8181818181818182,13,9,4,390.6961831688109,0.43194444444444446,0.17381185960322654,0.2024998183271563,126484.64551592783,2007.1983687288193,128491.84388465664,1254,0,242.8,37,3,13,38.6944989462975,0.5827702702702703,48.51973684210525,1005.9210526315777,27.187055476529128,8
1801,4,1,0,41,0.024390243902439025,0.0,1.0,41,750,500,250,0.6666666666666666,10,5,5,384.068211855149,0.4334349593495935,0.17822166549339546,0.20019130688732958,126715.24581780977,1533.4595752063547,128248.70539301613,1255,0,237.85365853658536,38,3,14,38.62324030843237,0.5833333333333333,48.29059829059828,1006.8376068376056,26.495726495726462,0
1802,4,0,0,41,0.0,0.0,1.0,41,1350,1000,350,0.7407407407407407,17,10,7,389.36929310304197,0.43351117886178864,0.17483986464811618,0.20349078134010395,126822.83676674687,1676.183660238129,128499.020426985,1256,1,238.85365853658536,38,3,15,38.37880957431763,0.5844298245614035,48.183760683760674,1007.264957264956,26.506972559604105,0
1803,4,2,1,42,0.046511627906976744,0.023255813953488372,0.9767441860465116,43,1400,1000,400,0.7142857142857143,18,10,8,382.21172450045015,0.4361618678479144,0.1922510911023103,0.20342672546635707,127562.34039560222,1152.0204913508985,128714.36088695312,1257,0,228.69767441860466,37,6,15,37.79792593798617,0.59375,47.45065789473683,1010.1973684210504,27.30263157894731,0
1804,4,2,1,43,0.045454545454545456,0.022727272727272728,0.9772727272727273,44,1350,800,550,0.5925925925925926,19,8,11,381.532399017063,0.4375,0.21193253770290443,0.20588844038073392,128117.48940755345,976.1946179414018,129093.68402549486,1258,0,224.27272727272728,38,6,17,37.245189601801016,0.5975877192982456,46.9017094017094,1012.393162393162,26.641925326135844,0
1805,4,1,1,43,0.022727272727272728,0.022727272727272728,0.9772727272727273,44,1150,700,450,0.6086956521739131,16,7,9,373.07409501366124,0.4390305673009161,0.21632323013852117,0.20328910763649538,128505.59937913589,788.4248920804057,129294.0242712163,1259,0,221.25,37,7,13,37.06190746548429,0.603322072072072,46.51864035087719,1013.9254385964913,27.403390232337603,0
1806,4,0,1,42,0.0,0.023255813953488372,0.9767441860465116,43,1250,1100,150,0.88,14,11,3,371.40900294530303,0.4372000738279808,0.20740262757143202,0.2033046850873136,128686.69979100728,959.079772339914,129645.7795633472,1260,1,221.09302325581396,36,7,13,36.91893266740658,0.6070601851851851,46.340090090090094,1014.6396396396401,28.184434434434447,0
1807,4,0,1,41,0.0,0.023809523809523808,0.9761904761904762,42,1700,1200,500,0.7058823529411765,22,12,10,376.68066514390995,0.4370886566008518,0.2011439566945783,0.2058943829864285,128629.57552146743,1290.4548129210307,129920.03033438846,1261,2,227.3095238095238,36,6,14,36.843638987566614,0.6064814814814814,46.3963963963964,1014.4144144144145,28.178178178178182,0
1808,4,0,0,41,0.0,0.0,1.0,41,1000,500,500,0.5,15,5,10,376.8925547610333,0.43663617886178857,0.1886752622519563,0.20660314498214324,128743.83674214767,1504.5187078970982,130248.35545004476,1262,3,222.2439024390244,36,5,14,36.721408492380526,0.6076388888888888,46.28378378378379,1014.8648648648659,28.19069069069072,0
1809,4,1,2,40,0.023809523809523808,0.047619047619047616,0.9523809523809523,42,1100,800,300,0.7272727272727273,14,8,6,372.7035444726257,0.43735481997677117,0.19772413119774757,0.20595371178460453,129062.08070031145,1220.378986803612,130282.45968711506,1263,0,217.92857142857142,37,5,16,36.50262130858602,0.6089527027027026,45.970394736842096,1016.11842105263,27.46266002844946,0
1810,4,2,1,41,0.047619047619047616,0.023809523809523808,0.9761904761904762,42,1500,1100,400,0.7333333333333333,19,11,8,375.3334342857808,0.43718544328300424,0.19887859580692324,0.20907356700709837,129377.95380015433,1312.124630762456,130690.07843091678,1264,0,216.78571428571428,35,7,19,36.11348122866894,0.6160714285714286,45.65972222222222,1017.3611111111112,29.06746031746032,0
1811,4,0,1,40,0.0,0.024390243902439025,0.975609756097561,41,850,500,350,0.5882352941176471,12,5,7,380.0113057008655,0.4361788617886179,0.2005691241811216,0.21231381336298655,129495.73072059314,1641.968342764044,131137.6990633572,1265,1,220.90243902439025,35,6,14,35.874365097414895,0.6172619047619048,45.543981481481474,1017.824074074073,29.0806878306878,0
1812,4,0,0,40,0.0,0.0,1.0,40,1300,900,400,0.6923076923076923,17,9,8,382.8900621873969,0.4337072649572649,0.19447224749772563,0.2136021209867761,129436.83556241418,1912.01560356652,131348.8511659807,1266,2,227.4,35,5,14,35.86119957537155,0.6166666666666667,45.60185185185185,1017.5925925925919,29.074074074074055,0
1813,4,0,1,39,0.0,0.025,0.975,40,1250,900,350,0.72,16,9,7,382.02231150945505,0.43309294871794873,0.19319422333409175,0.21343737022961531,129495.73072059314,1894.0516760973776,131389.7823966905,1267,3,228.4,35,5,15,35.823193844287765,0.6172619047619048,45.543981481481474,1017.824074074073,29.0806878306878,0
1814,4,0,1,38,0.0,0.02564102564102564,0.9743589743589743,39,850,400,450,0.47058823529411764,13,4,9,386.66504842750504,0.4329453441295547,0.18648400511260377,0.21541326622304136,129383.00028344657,2205.5768140589425,131588.5770975055,1268,4,231.15384615384616,34,5,19,35.820120524221856,0.6182598039215687,45.6547619047619,1017.3809523809513,29.922969187675037,0
1815,4,0,0,38,0.0,0.0,1.0,38,1250,800,450,0.64,17,8,9,387.7962566964041,0.4316322901849217,0.1820682486563232,0.2164153303499283,129450.69204152223,2440.098760092239,131890.79080161446,1269,5,235.23684210526315,33,5,15,35.7222422928709,0.6212121212121212,45.58823529411763,1017.6470588235272,30.837789661319007,0
1816,4,1,0,39,0.02564102564102564,0.0,1.0,39,950,600,350,0.631578947368421,13,6,7,381.80365333092794,0.43266419253261357,0.18718764198091797,0.2149232329875632,129790.40745027429,2110.890346364875,131901.29779663915,1270,0,230.17948717948718,35,4,16,35.52835832197486,0.6202380952380953,45.254629629629626,1018.981481481481,29.1137566137566,0
1817,4,1,0,40,0.025,0.0,1.0,40,1250,800,450,0.64,17,8,9,370.4274359851726,0.43388087606837605,0.17994978479196577,0.2104352976464984,130147.65346004788,1642.0523141384624,131789.70577418635,1271,0,225.4,36,4,18,35.45483390354266,0.6218171296296297,44.90427927927928,1020.3828828828828,28.343968968968966,0
1818,4,0,1,39,0.0,0.025,0.975,40,950,700,250,0.7368421052631579,12,7,5,372.79619518434765,0.43344017094017095,0.18924867608120022,0.2122502960521938,130233.84871357834,1710.1366569271827,131943.9853705055,1272,1,226.4,36,4,18,35.30679979405706,0.6226851851851851,44.81981981981981,1020.7207207207199,28.35335335335333,0
1819,4,1,0,40,0.025,0.0,1.0,40,850,300,550,0.35294117647058826,14,3,11,379.12696901810705,0.4315838675213675,0.20795003965107117,0.21716766745767854,130469.43486636209,1892.8994484779541,132362.33431484003,1273,0,226.95,35,5,20,34.90580510554737,0.6270833333333333,44.58912037037036,1021.6435185185168,29.189814814814763,0
1820,4,0,0,40,0.0,0.0,1.0,40,900,800,100,0.8888888888888888,10,8,2,376.9928779295336,0.4315838675213675,0.20289354473386223,0.21643999428594135,130558.13426997578,1843.8973551097133,132402.03162508548,1274,1,227.95,35,5,16,34.87023405058513,0.6279761904761905,44.5023148148148,1021.990740740739,29.199735449735403,0
1821,4,1,0,41,0.024390243902439025,0.0,1.0,41,950,800,150,0.8421052631578947,11,8,3,374.2984984252806,0.43325711382113824,0.19382679521462198,0.2006515508736258,127851.72994898826,1407.6335305212522,129259.36347950951,1275,0,223.3658536585366,35,6,19,37.700751506828404,0.6005952380952381,47.16435185185185,1011.3425925925919,28.895502645502628,8
1822,4,1,1,41,0.023809523809523808,0.023809523809523808,0.9761904761904762,42,1350,1100,250,0.8148148148148148,16,11,5,364.7420950020618,0.43453590785907864,0.19482671368170124,0.1973938202450861,128232.43694540893,954.6884377143315,129187.12538312326,1276,0,219.02380952380952,35,7,20,37.55249400068563,0.6044642857142857,46.78819444444444,1012.8472222222222,28.938492063492063,0
1823,4,1,1,41,0.023809523809523808,0.023809523809523808,0.9761904761904762,42,1400,1100,300,0.7857142857142857,17,11,6,364.2116853343782,0.4352255129694154,0.2000853543837906,0.19826787767829826,128466.99948827586,957.8364786951271,129424.83596697099,1277,0,219.07142857142858,35,7,16,37.3260122921186,0.606845238095238,46.55671296296296,1013.7731481481479,28.964947089947085,0
1824,4,1,0,42,0.023809523809523808,0.0,1.0,42,1500,1100,400,0.7333333333333333,19,11,8,364.82331643496883,0.43446331784746417,0.23516162592352097,0.20070847128090982,128886.73460200061,1004.1771923950982,129890.91179439571,1278,0,219.88095238095238,36,6,19,36.88172341133416,0.6090856481481481,46.14301801801802,1015.4279279279276,28.206331331331324,0
1825,4,0,0,42,0.0,0.0,1.0,42,1150,1000,150,0.8695652173913043,13,10,3,363.82355163926354,0.4339914827719706,0.2386311276719355,0.2006516432126518,128984.24373584625,985.5011322959995,129969.74486814225,1279,1,220.88095238095238,38,4,19,36.807600617024264,0.606359649122807,46.047008547008545,1015.8119658119654,26.731893837156985,0
1826,4,0,2,40,0.0,0.047619047619047616,0.9523809523809523,42,1250,1000,250,0.8,15,10,5,365.1477090822937,0.43368902439024387,0.23911368015414292,0.20235180267431707,129174.23575726856,1033.535251844541,130207.7710091131,1280,2,221.88095238095238,38,4,20,36.58018041688562,0.6082785087719298,45.86004273504273,1016.5598290598286,26.751574448942858,0
1827,4,1,0,41,0.024390243902439025,0.0,1.0,41,850,400,450,0.47058823529411764,13,4,9,371.3456430664196,0.43328252032520326,0.2452498499952629,0.20534793675057145,129089.93632656202,1387.397083718064,130477.33341028009,1281,0,227.8780487804878,37,4,21,36.508685800604226,0.6092342342342343,45.94298245614035,1016.2280701754386,27.465623518255097,0
1828,4,0,0,41,0.0,0.0,1.0,41,1000,600,400,0.6,14,6,8,372.6330569294322,0.43277439024390246,0.2509445115525968,0.20680045089241597,129231.64859693882,1431.3411289030894,130662.98972584191,1282,1,228.8780487804878,34,7,21,36.33137220465987,0.6167279411764706,45.80357142857143,1016.7857142857147,29.90546218487396,0
1829,4,0,0,41,0.0,0.0,1.0,41,1200,800,400,0.6666666666666666,16,8,8,372.60177309317345,0.4316056910569106,0.25401010766864407,0.20773824883413936,129413.2812500001,1443.9236111111268,130857.20486111123,1283,2,229.8780487804878,34,7,22,36.146942396942414,0.6185661764705883,45.62500000000001,1017.5000000000008,29.92647058823532,0
1830,4,1,1,41,0.023809523809523808,0.023809523809523808,0.9761904761904762,42,850,700,150,0.8235294117647058,10,7,3,366.448840433697,0.4322493224932249,0.26154233134807847,0.20612454583628373,129760.92470689748,1110.1480784893865,130871.07278538687,1284,0,225.38095238095238,35,7,21,35.949510583513174,0.6199404761904762,45.283564814814824,1018.8657407407424,29.11044973544978,0
1831,4,2,0,43,0.046511627906976744,0.0,1.0,43,1250,800,450,0.64,17,8,9,353.4320330773836,0.4357465854558878,0.2591114196459563,0.2015314571590187,130292.97052154191,611.8776037292441,130904.84812527115,1285,0,214.25581395348837,34,9,24,35.74097287002487,0.6274509803921569,44.76190476190476,1020.9523809523806,30.028011204481782,0
1832,4,2,1,44,0.044444444444444446,0.022222222222222223,0.9777777777777777,45,1200,900,300,0.75,15,9,6,339.49064302638556,0.4375841750841751,0.26647146342914896,0.19696365150101391,130963.11034404833,-107.84989131269589,130855.26045273563,1286,0,205.6888888888889,37,8,19,35.41900999821461,0.6280968468468469,44.106359649122815,1023.5745614035101,27.66417733523,0
1833,4,0,0,44,0.0,0.0,1.0,44,1150,900,250,0.782608695652174,14,9,5,347.9154177129097,0.4368723572938689,0.27220122355141685,0.20141108424918558,130878.9483302554,306.9607956294212,131185.90912588482,1287,1,211.3409090909091,37,7,19,35.28852336048008,0.6272522522522522,44.18859649122807,1023.2456140350872,27.655286865813167,0
1834,4,1,0,45,0.022222222222222223,0.0,1.0,45,1000,600,400,0.6,14,6,8,340.5174081804131,0.43851010101010096,0.2692074089528709,0.19831104950288225,131109.19922017684,-71.00705858718143,131038.19216158966,1288,0,207.62222222222223,38,7,20,35.24519264204743,0.6277412280701755,43.96367521367522,1024.1452991452998,26.951192082771048,0
1835,4,0,0,45,0.0,0.0,1.0,45,1000,600,400,0.6,14,6,8,337.7433234492495,0.438236531986532,0.2608417613735101,0.19739769745287944,131246.0064308021,-134.50751972386828,131111.49891107823,1289,1,208.62222222222223,38,7,22,35.17816181837139,0.6291118421052632,43.830128205128204,1024.679487179487,26.96524966261808,0
1836,4,0,3,42,0.0,0.06666666666666667,0.9333333333333333,45,1550,1100,450,0.7096774193548387,20,11,9,362.8193759556842,0.4380681818181818,0.22621529811409147,0.20073810839492404,129110.63102324268,478.37899089616843,129589.01001413884,1290,2,209.62222222222223,34,11,20,36.704199367459296,0.6155024509803921,45.92261904761905,1016.3095238095241,29.89145658263306,7
1837,4,0,1,41,0.0,0.023809523809523808,0.9761904761904762,42,1200,800,400,0.6666666666666666,16,8,8,390.7641045940798,0.43301151761517614,0.25106205229385514,0.21408119349847446,128720.46100206609,1659.867137281905,130380.328139348,1291,5,224.5952380952381,32,10,20,36.393399278337675,0.6162109375,46.30681818181818,1014.7727272727271,31.711647727272723,0
1838,4,1,1,41,0.023809523809523808,0.023809523809523808,0.9761904761904762,42,1450,1100,350,0.7586206896551724,18,11,7,385.8921724738715,0.43256387921022066,0.26341492825274293,0.21348924525188898,129107.96215698285,1564.3504000864978,130672.31255706934,1292,0,225.42857142857142,33,9,22,36.120699184050785,0.617739898989899,45.92524509803921,1016.2990196078429,30.79693998811645,0
1839,4,0,1,40,0.0,0.024390243902439025,0.975609756097561,41,1100,800,300,0.7272727272727273,14,8,6,394.10430965642104,0.4317073170731707,0.26461187975437084,0.21837121796585315,129169.29913082845,1981.2354925517786,131150.53462338023,1293,1,219.0487804878049,32,9,22,35.84932513559392,0.6207682291666667,45.86489898989899,1016.5404040404038,31.76688762626262,0
1840,4,0,0,40,0.0,0.0,1.0,40,1200,1000,200,0.8333333333333334,14,10,4,405.28088603038776,0.4313568376068376,0.27224189340290716,0.2241997148906248,129105.1315713958,2464.768422865016,131569.8999942608,1294,2,225.35,32,8,22,35.63097900360294,0.6201171875,45.928030303030305,1016.287878787879,31.758996212121218,0
1841,4,0,1,39,0.0,0.025,0.975,40,1200,600,600,0.5,18,6,12,405.242081709811,0.4313969017094017,0.27459627329192604,0.22436029970866403,129137.21335833069,2466.3666335067774,131603.57999183747,1295,3,226.35,32,8,22,35.59912008281575,0.6204427083333333,45.89646464646464,1016.4141414141407,31.762941919191896,0
1842,4,3,1,41,0.07142857142857142,0.023809523809523808,0.9761904761904762,42,1350,1200,150,0.8888888888888888,15,12,3,373.8610245755954,0.4401374370886566,0.2545637868817656,0.21143568868855125,129972.738751148,1318.3801397816724,131291.11889092968,1296,0,213.64285714285714,32,10,23,35.54513372956908,0.62890625,45.075757575757585,1019.696969696971,31.865530303030344,0
1843,4,0,0,41,0.0,0.0,1.0,41,1100,900,200,0.8181818181818182,13,9,4,384.38342351250463,0.4377032520325203,0.2576945968769764,0.2165996440484072,129830.95169067394,1780.9731377495787,131611.92482842354,1297,1,219.85365853658536,31,10,24,35.42132468804566,0.6300403225806452,45.21484375000001,1019.1406250000009,32.87550403225809,0
1844,4,0,1,40,0.0,0.024390243902439025,0.975609756097561,41,1550,1200,350,0.7741935483870968,19,12,7,385.14652273014144,0.4377286585365854,0.2593207948428262,0.2174596520645568,129908.37191358027,1806.7515432098837,131715.12345679014,1298,2,220.85365853658536,32,9,24,35.323001816530436,0.6282552083333333,45.13888888888889,1019.4444444444446,31.857638888888893,0
1845,4,1,0,41,0.024390243902439025,0.0,1.0,41,850,400,450,0.47058823529411764,13,4,9,385.24148159063867,0.4384908536585366,0.26204264518505593,0.21823146481691322,130037.12153096632,1819.1386720742921,131856.2602030406,1299,0,221.3170731707317,32,9,25,35.189454898077095,0.6295572916666667,45.01262626262627,1019.9494949494957,31.87342171717174,0
1846,4,0,0,41,0.0,0.0,1.0,41,950,600,350,0.631578947368421,13,6,7,386.18640261883496,0.43790650406504067,0.25731487585146096,0.2191548603818543,130106.25608239631,1849.0533989331163,131955.30948132943,1300,1,222.3170731707317,33,8,25,35.09496996996999,0.6278409090909092,44.94485294117648,1020.220588235295,30.915775401069546,0
1847,4,1,0,42,0.023809523809523808,0.0,1.0,42,1250,1000,250,0.8,15,10,5,374.3341929481078,0.440754452187379,0.25233724290328063,0.21401438844642579,130395.54172092034,1362.5835672427997,131758.12528816314,1301,0,218.0,31,11,26,35.10326364099951,0.635752688172043,44.66145833333335,1021.3541666666683,32.94690860215059,0
1848,4,1,1,42,0.023255813953488372,0.023255813953488372,0.9767441860465116,43,1050,800,250,0.7619047619047619,13,8,5,365.56188181153794,0.4421373200442968,0.2508552389654666,0.21133729843232169,130826.15460399873,965.0110534410155,131791.16565743973,1302,0,213.90697674418604,33,10,21,34.890592557099495,0.6351010101010102,44.24019607843139,1023.0392156862766,31.001188354129596,0
1849,4,0,0,42,0.0,0.0,1.0,42,1400,1000,400,0.7142857142857143,18,10,8,372.9260983673633,0.43886711188540456,0.25535993602182794,0.2147905792730378,130681.82615294371,1346.9327109478827,132028.7588638916,1303,1,219.97619047619048,32,10,21,34.84862517494032,0.6360677083333333,44.38131313131314,1022.4747474747486,31.952335858585894,0
1850,4,0,0,42,0.0,0.0,1.0,42,1100,800,300,0.7272727272727273,14,8,6,375.0231329126826,0.4382742934572203,0.2554689612206278,0.21672164214397685,130810.9583843486,1411.4270865217986,132222.38547087042,1304,2,220.97619047619048,32,10,21,34.66402328643133,0.6373697916666667,44.25505050505051,1022.9797979797986,31.968118686868706,0
1851,4,0,1,41,0.0,0.023809523809523808,0.9761904761904762,42,1050,700,350,0.6666666666666666,14,7,7,374.5155525064584,0.4381533101045296,0.256686880082734,0.21679100267945298,130875.54841342728,1402.9856647280994,132278.53407815538,1305,3,221.97619047619048,32,10,21,34.611508719973685,0.6380208333333333,44.1919191919192,1023.2323232323239,31.97601010101012,0
1852,4,0,0,41,0.0,0.0,1.0,41,1300,900,400,0.6923076923076923,17,9,8,383.6498736396066,0.43526422764227646,0.26659481850310973,0.2217069383900208,130810.95838434852,1837.1215309662286,132648.07991531474,1306,4,228.2439024390244,32,9,23,34.44339874928001,0.6373697916666667,44.255050505050505,1022.9797979797979,31.968118686868685,0
1853,4,0,2,39,0.0,0.04878048780487805,0.9512195121951219,41,850,600,250,0.7058823529411765,11,6,5,383.6911066337837,0.4345782520325203,0.2630361648444066,0.22254084184759473,130951.55709342573,1848.9895713187375,132800.54666474447,1307,5,229.2439024390244,33,8,23,34.299668742017886,0.6363636363636364,44.117647058823536,1023.5294117647069,31.016042780748695,0
1854,4,1,0,40,0.025,0.0,1.0,40,600,300,300,0.5,9,3,6,382.67314827703393,0.43242521367521364,0.2603311135775064,0.22244419780490807,131037.09323347105,2028.875401744715,133065.96863521577,1308,0,231.975,32,8,24,34.23896288074979,0.6396484375,44.03409090909091,1023.8636363636361,31.99573863636363,0
1855,4,1,0,41,0.024390243902439025,0.0,1.0,41,1150,900,250,0.782608695652174,14,9,5,372.3893181451642,0.43467987804878044,0.2567647583782142,0.21794015227136115,131297.62081916112,1578.7662981859576,132876.38711734707,1309,0,227.29268292682926,34,7,25,34.23839392883417,0.6375612745098039,43.77976190476191,1024.8809523809534,30.14355742296922,0
1856,4,0,0,41,0.0,0.0,1.0,41,950,500,450,0.5263157894736842,14,5,9,372.5468350459561,0.4348577235772358,0.2572695846271438,0.21840236056076115,131362.56946250988,1587.756071688104,132950.325534198,1310,1,228.29268292682926,30,11,25,34.168633363926425,0.6482638888888889,43.71639784946235,1025.1344086021486,34.17114695340495,0
1857,4,0,0,41,0.0,0.0,1.0,41,1200,1000,200,0.8333333333333334,14,10,4,375.9535248152503,0.4346290650406504,0.25906042761874715,0.2213573892746292,131528.3966064451,1689.7128634982346,133218.10946994333,1311,2,229.29268292682926,31,10,25,33.91353558432765,0.6471774193548387,43.554687499999986,1025.7812499999984,33.08971774193543,0
1858,4,0,0,41,0.0,0.0,1.0,41,900,600,300,0.6666666666666666,12,6,6,378.2104187429175,0.43460365853658534,0.2622732660520368,0.22327163371632405,131628.5896301266,1756.6608005099395,133385.25043063654,1312,3,230.29268292682926,31,10,17,33.75430888635113,0.6481854838709677,43.45703124999998,1026.1718749999973,33.10231854838701,0
1859,4,1,1,41,0.023809523809523808,0.023809523809523808,0.9761904761904762,42,1050,800,250,0.7619047619047619,13,8,5,367.9693206720235,0.4357578397212543,0.2518661518661518,0.2195945945945945,132040.8950617282,1317.3996913579992,133358.2947530862,1313,0,225.78571428571428,32,10,20,33.600788288288285,0.6497395833333333,43.05555555555554,1027.7777777777762,32.11805555555551,0
1860,4,0,0,41,0.0,0.0,1.0,41,1050,700,350,0.6666666666666666,14,7,7,378.11195148908314,0.43351117886178864,0.2629423455557578,0.22518350258115866,131962.84188164593,1779.3455335828805,133742.1874152288,1314,1,232.1951219512195,31,10,20,33.41900582942592,0.6515456989247312,43.13151041666666,1027.4739583333323,33.14432123655911,0
1861,4,0,0,41,0.0,0.0,1.0,41,1150,800,350,0.6956521739130435,15,8,7,377.20245876962093,0.4324695121951219,0.2674929536965762,0.22568402805003837,132138.24043783787,1768.5738381287533,133906.81427596664,1315,2,233.1951219512195,32,9,21,33.26527897171394,0.6507161458333333,42.96085858585858,1028.156565656565,32.12989267676765,0
1862,4,0,0,41,0.0,0.0,1.0,41,1100,600,500,0.5454545454545454,16,6,10,376.1863358279332,0.43175813008130076,0.26947859429971954,0.22534657204449943,132183.68055555533,1745.1388888888553,133928.81944444418,1316,3,234.1951219512195,34,7,21,33.24554294975687,0.6464460784313726,42.91666666666665,1028.3333333333314,30.24509803921563,0
1863,4,1,1,41,0.023809523809523808,0.023809523809523808,0.9761904761904762,42,1500,900,600,0.6,21,9,12,365.16273788927344,0.43234610917537747,0.2599089635854346,0.22170594800420174,132690.54178145083,1291.249139118453,133981.79092056927,1317,0,229.5952380952381,32,10,17,33.01853553921568,0.65625,42.42424242424242,1030.30303030303,32.19696969696969,0
1864,4,0,0,41,0.0,0.0,1.0,41,550,400,150,0.7272727272727273,7,4,3,374.44010265754696,0.4304878048780488,0.26443120273387843,0.22638167674433357,132532.04345703125,1725.0623914930552,134257.1058485243,1318,5,236.1951219512195,31,10,23,32.93921766987018,0.657258064516129,42.578125,1029.6875,33.215725806451616,0
1865,4,0,1,40,0.0,0.024390243902439025,0.975609756097561,41,800,500,300,0.625,11,5,6,381.11655585210724,0.4301067073170732,0.2700896641217134,0.2314486037189353,132699.6888054743,1914.8096720377657,134614.49847751207,1319,6,237.1951219512195,31,10,18,32.59838767429123,0.6589381720430108,42.415364583333336,1030.3385416666674,33.23672715053766,0
1866,4,0,1,39,0.0,0.025,0.975,40,1450,1000,450,0.6896551724137931,19,10,9,360.12830420960626,0.4298611111111111,0.20805804350354773,0.2087675678550224,130931.84700963704,1430.4528061224291,132362.29981575947,1320,7,240.175,34,6,19,34.92255050211313,0.6338848039215687,44.13690476190475,1023.4523809523798,30.101540616246467,8
1867,4,1,0,40,0.025,0.0,1.0,40,1250,1000,250,0.8,15,10,5,360.6195727890613,0.4333199786324786,0.205270804277081,0.21021482413801362,131145.15306122435,1458.7018140589469,132603.8548752833,876,0,208.15,34,6,21,34.69413451108012,0.6360294117647058,43.92857142857142,1024.2857142857133,30.12605042016804,0
1868,4,0,0,40,0.0,0.0,1.0,40,1050,700,350,0.6666666666666666,14,7,7,358.61091945491575,0.43325320512820514,0.2068798011748758,0.209394713655337,131209.51753257864,1410.6331447187629,132620.1506772974,877,1,209.15,35,5,21,34.68048651905406,0.6345238095238095,43.865740740740726,1024.5370370370351,29.27248677248672,0
1869,4,0,0,40,0.0,0.0,1.0,40,1550,1300,250,0.8387096774193549,18,13,5,361.59154180950827,0.43322649572649574,0.20913146600406574,0.21146179069890256,131268.81456832986,1493.1386102537645,132761.95317858362,878,2,210.15,35,5,21,34.544179655146436,0.6351190476190476,43.80787037037037,1024.7685185185182,29.27910052910052,0
1870,4,1,2,39,0.024390243902439025,0.04878048780487805,0.9512195121951219,41,1350,1000,350,0.7407407407407407,17,10,7,354.83275956127096,0.4343241869918699,0.21954698098818604,0.20988323188844818,131703.53366457685,1146.5456588345176,132850.07932341137,879,0,206.0,36,5,19,34.27843298592064,0.6374421296296297,43.38400900900901,1026.4639639639647,28.51288788788791,0
1871,4,0,0,39,0.0,0.0,1.0,39,1150,1000,150,0.8695652173913043,13,10,3,370.0543893446139,0.43117408906882587,0.23209902987139364,0.2183092937550463,131602.82206632657,1940.04039115647,133542.86245748305,880,1,215.74358974358975,34,5,19,33.989586959043976,0.640625,43.48214285714286,1026.071428571429,30.178571428571438,0
1872,4,0,0,39,0.0,0.0,1.0,39,1550,1100,450,0.7096774193548387,20,11,9,368.5166772735273,0.4292622582096266,0.23259393982620646,0.2189780917022035,131877.8061224491,1919.8341836734853,133797.6403061226,881,2,216.74358974358975,34,5,20,33.75130389429762,0.6433823529411764,43.21428571428572,1027.1428571428582,30.210084033613477,0
1873,4,0,0,39,0.0,0.0,1.0,39,1350,1000,350,0.7407407407407407,17,10,7,370.17913321211626,0.42892487629329734,0.2378513206538686,0.22121085226897064,132091.8810232427,1979.5316043084013,134071.4126275511,882,3,217.74358974358975,34,5,20,33.492569002123155,0.6455269607843137,43.00595238095239,1027.976190476191,30.23459383753503,0
1874,4,0,0,39,0.0,0.0,1.0,39,750,500,250,0.6666666666666666,10,5,5,370.9876104873319,0.42892487629329734,0.2349497036852295,0.22187319973466735,132122.477324263,2003.160430838998,134125.63775510198,883,4,218.74358974358975,34,5,20,33.44092558283156,0.6458333333333333,42.976190476190474,1028.0952380952376,30.238095238095223,0
1875,4,0,0,39,0.0,0.0,1.0,39,1650,1300,350,0.7878787878787878,20,13,7,372.67552462661297,0.42841880341880345,0.24081557569176182,0.22396814212956806,132306.12953514734,2061.451247165527,134367.58078231287,884,5,219.74358974358975,34,5,22,33.21231582195479,0.647671568627451,42.797619047619044,1028.8095238095234,30.25910364145657,0
1876,4,0,0,39,0.0,0.0,1.0,39,900,600,300,0.6666666666666666,12,6,6,373.87926371518984,0.42805330634278005,0.2449911761652659,0.22523945887232158,132398.00347222213,2100.26927437641,134498.27274659855,885,6,220.74358974358975,31,8,23,33.08873144399462,0.6559139784946236,42.70833333333333,1029.1666666666658,33.19892473118277,0
1877,4,0,0,39,0.0,0.0,1.0,39,1400,900,500,0.6428571428571429,19,9,10,369.76658781285363,0.42780026990553305,0.24281926174107582,0.2236968061476895,132555.70461180783,2002.9341178873378,134558.63872969517,886,7,221.74358974358975,33,6,23,33.03569657661947,0.6524621212121212,42.55514705882352,1029.779411764705,31.205436720142576,0
1878,4,0,0,39,0.0,0.0,1.0,39,1050,700,350,0.6666666666666666,14,7,7,370.60756376777823,0.42771592442645073,0.23888100794704026,0.22458230522481426,132618.81134960108,2029.9069168108408,134648.71826641192,887,8,222.74358974358975,33,6,23,32.95050069403133,0.6530934343434344,42.493872549019606,1030.0245098039213,31.212863933452162,0
1879,4,0,0,39,0.0,0.0,1.0,39,1450,1200,250,0.8275862068965517,17,12,5,405.3408592792511,0.42732231219073324,0.2297451023025563,0.24127714498575456,131943.58555568298,3133.394673901412,135076.98022958438,888,9,223.74358974358975,32,7,19,32.73908279054524,0.6487630208333333,43.15025252525252,1027.3989898989892,32.10621843434341,8
1880,4,0,2,37,0.0,0.05128205128205128,0.9487179487179487,39,850,600,250,0.7058823529411765,11,6,5,402.8260295777887,0.42701304543409807,0.22956292775725307,0.24060210614767263,132073.33953486886,2840.515795582078,134913.85533045096,889,10,224.74358974358975,32,7,20,32.672327314416734,0.6500651041666667,43.023989898989896,1027.9040404040402,32.122001262626256,0
1881,4,0,0,37,0.0,0.0,1.0,37,1350,1000,350,0.7407407407407407,17,10,7,412.87668531386237,0.4248936436436436,0.22198937820374565,0.24632166872126332,132029.74319457996,3502.400546603719,135532.14374118368,890,11,224.45945945945945,31,6,20,32.45821719667216,0.6522177419354839,43.06640624999999,1027.734374999999,33.152721774193516,0
1882,4,0,0,37,0.0,0.0,1.0,37,900,600,300,0.6666666666666666,12,6,6,412.68481968576214,0.4242992992992993,0.22429676943864485,0.24649061753938276,132073.33953486872,3500.932462248732,135574.27199711744,891,12,225.45945945945945,32,5,20,32.41898005977971,0.6500651041666667,43.02398989898989,1027.904040404039,32.12200126262622,0
1883,4,0,0,37,0.0,0.0,1.0,37,1450,1100,350,0.7586206896551724,18,11,7,417.40884117524644,0.4239552052052052,0.23811440306285703,0.2413231247324439,130828.1135559083,3522.1608107728207,134350.27436668111,892,13,226.45945945945945,31,6,17,33.56256098595733,0.6401209677419355,44.23828125000001,1023.0468750000008,33.00151209677422,8
1884,4,0,0,37,0.0,0.0,1.0,37,1000,800,200,0.8,12,8,4,419.2794791048982,0.4237987987987988,0.24533705566652997,0.24324398415081974,130961.35669284407,3581.8818834092976,134543.23857625338,893,14,227.45945945945945,31,6,18,33.37904952720179,0.6414650537634409,44.10807291666667,1023.5677083333342,33.01831317204304,0
1885,4,1,0,38,0.02631578947368421,0.0,1.0,38,1050,500,550,0.47619047619047616,16,5,11,413.008250181648,0.42539414414414417,0.260433193074429,0.24277757695577623,131465.92994854902,3260.3284670198755,134726.25841556888,894,0,222.44736842105263,30,8,20,33.02670380078636,0.6493055555555556,43.615591397849464,1025.5376344086026,34.184587813620084,0
1886,4,0,0,38,0.0,0.0,1.0,38,1150,800,350,0.6956521739130435,15,8,7,411.51382621597145,0.42465327169274536,0.26077708546203704,0.2429318699931138,131628.58963012695,3233.396911621093,134861.98654174805,895,1,223.44736842105263,31,7,17,32.899933384088314,0.6481854838709677,43.45703125,1026.171875,33.102318548387096,0
1887,4,0,0,38,0.0,0.0,1.0,38,1200,700,500,0.5833333333333334,17,7,10,448.97959183673436,0.42363086770981506,0.2469387755102035,0.25581395348837216,130262.58680555565,4157.070753309471,134419.65755886512,896,2,224.44736842105263,32,6,17,33.33333333333333,0.6318359375,44.79166666666667,1020.8333333333342,31.901041666666693,8
1888,4,0,0,38,0.0,0.0,1.0,38,1300,900,400,0.6923076923076923,17,9,8,449.763592525498,0.4231418918918919,0.23972768207654127,0.2569188533268378,130362.29663425032,4126.442972819022,134488.73960706935,897,3,225.44736842105263,31,7,18,33.21127650983892,0.6354166666666667,44.69401041666667,1021.2239583333342,32.94270833333336,0
1889,4,1,0,39,0.02564102564102564,0.0,1.0,39,950,500,450,0.5263157894736842,14,5,9,435.5863630775108,0.42622582096266304,0.23272932834399374,0.25141105022440574,130763.47588667828,3591.757376970402,134355.23326364867,898,0,220.64102564102564,33,6,16,33.16359134116142,0.634469696969697,44.3014705882353,1022.7941176470595,30.993761140819984,0
1890,4,0,0,39,0.0,0.0,1.0,39,900,700,200,0.7777777777777778,11,7,4,433.71210955598923,0.42633828160143955,0.2320191885409275,0.2509398754458042,130857.49959450697,3550.8964400711284,134408.3960345781,899,1,221.64102564102564,33,6,16,33.11561763883898,0.6354166666666667,44.20955882352941,1023.1617647058828,31.004901960784327,0
1891,4,1,0,40,0.025,0.0,1.0,40,800,200,600,0.25,14,2,12,423.1695398181159,0.42883279914529915,0.2237680148768013,0.24667687808909694,131145.15306122456,3099.326814058963,134244.47987528352,900,0,217.075,34,6,17,33.092408569657515,0.6360294117647058,43.92857142857143,1024.285714285715,30.126050420168085,0
1892,4,0,0,40,0.0,0.0,1.0,40,1300,1000,300,0.7692307692307693,16,10,6,423.1149419208564,0.42855235042735046,0.22617487573429784,0.2470589357442887,131209.5175325787,3103.341478052113,134312.8590106308,901,1,218.075,35,5,17,33.02831751769845,0.6345238095238095,43.86574074074073,1024.5370370370358,29.272486772486737,0
1893,4,0,0,40,0.0,0.0,1.0,40,1100,700,400,0.6363636363636364,15,7,8,427.388988112201,0.42831196581196584,0.22568895414501933,0.24994069357631607,131268.81456832984,3220.5691658093206,134489.38373413915,902,2,219.075,35,5,17,32.858500865898655,0.6351190476190476,43.80787037037037,1024.768518518518,29.279100529100514,0
1894,4,0,1,39,0.0,0.025,0.975,40,1250,800,450,0.64,17,8,9,418.21391587035356,0.4276308760683761,0.2123700561596369,0.24596150821637303,131485.18786344188,2997.813850901952,134483.00171434385,903,3,220.075,33,7,17,32.87367566814036,0.641729797979798,43.59681372549019,1025.6127450980387,31.07917409387996,0
1895,4,0,1,38,0.0,0.02564102564102564,0.9743589743589743,39,750,500,250,0.6666666666666666,10,5,5,425.2309386024659,0.42659131803868644,0.22142455754866464,0.24990779184726705,131457.57607642084,3379.965692276305,134837.54176869715,904,4,225.0,32,7,18,32.72182549454156,0.6438802083333333,43.62373737373738,1025.505050505051,32.047032828282845,0
1896,4,0,1,37,0.0,0.02631578947368421,0.9736842105263158,38,1250,900,350,0.72,16,9,7,417.84684652214105,0.424905168326221,0.28875002444796527,0.23572869266060412,129876.19447314051,3257.0235180083705,133133.21799114888,905,5,230.97368421052633,32,6,17,34.52248234856931,0.6279296875,45.17045454545455,1019.318181818182,31.853693181818187,8
1897,4,0,0,37,0.0,0.0,1.0,37,1150,1000,150,0.8695652173913043,13,10,3,413.90633802044175,0.4219532032032032,0.2832285685273199,0.22161850713865439,127803.5359747453,3179.7387122741243,130983.27468701942,906,6,238.02702702702703,33,4,17,36.74895467216094,0.6044823232323233,47.21200980392157,1011.1519607843138,30.640968508615572,8
1898,4,0,0,37,0.0,0.0,1.0,37,1300,1000,300,0.7692307692307693,16,10,6,415.796967955652,0.4222972972972973,0.28024827152734155,0.22349087027616268,127958.47750865034,3240.949394463646,131199.42690311398,907,7,239.02702702702703,33,4,18,36.54160610465116,0.6060606060606061,47.058823529411754,1011.7647058823516,30.65953654188944,0
1899,4,0,0,37,0.0,0.0,1.0,37,550,400,150,0.7272727272727273,7,4,3,415.796967955652,0.4222972972972973,0.28024827152734155,0.22349087027616268,127958.47750865034,3240.949394463646,131199.42690311398,908,8,240.02702702702703,33,4,18,36.54160610465116,0.6060606060606061,47.058823529411754,1011.7647058823516,30.65953654188944,0
1900,4,1,0,38,0.02631578947368421,0.0,1.0,38,900,500,400,0.5555555555555556,13,5,8,437.4015331268308,0.42603129445234705,0.3275082236842104,0.2239495849609375,125982.3144944253,3432.9861111111186,129415.30060553642,909,0,234.68421052631578,33,5,17,38.04168701171875,0.5858585858585859,49.01960784313726,1003.9215686274516,30.421865715983383,8
1901,4,5,6,37,0.11627906976744186,0.13953488372093023,0.8604651162790697,43,1200,900,300,0.75,15,9,6,386.60781926199485,0.4414913252122554,0.29340028277021735,0.20467171570731008,127346.7710565247,1256.4433966027568,128603.21445312745,910,0,208.27906976744185,32,11,14,37.90863981319321,0.6022135416666667,47.664141414141405,1009.3434343434332,31.541982323232286,0
1902,4,3,0,40,0.075,0.0,1.0,40,1550,1100,450,0.7096774193548387,20,11,9,414.8957717615465,0.4340010683760684,0.33003828856205186,0.21810527247809833,127061.12320081206,2543.4245542579592,129604.54775507002,911,0,202.5,33,7,20,37.4897441351647,0.5969065656565656,47.94730392156862,1008.2107843137244,30.55184194890074,0
1903,4,2,3,39,0.047619047619047616,0.07142857142857142,0.9285714285714286,42,750,300,450,0.4,12,3,9,396.9564455938046,0.4376330816879597,0.31934155644014495,0.21164839667469806,127633.67776566165,1733.013476481066,129366.69124214271,912,0,193.8095238095238,32,10,16,37.35213878129035,0.6051432291666667,47.380050505050505,1010.4797979797979,31.577493686868685,0
1904,4,4,1,42,0.09302325581395349,0.023255813953488372,0.9767441860465116,43,1200,700,500,0.5833333333333334,17,7,10,386.5252608699884,0.43920727205610927,0.32383666236408537,0.20856667629685155,128114.39909297045,1303.8903061224369,129418.28939909289,913,0,190.1627906976744,34,9,19,37.12199161179052,0.6053921568627452,46.9047619047619,1012.3809523809517,29.775910364145638,0
1905,4,0,0,42,0.0,0.0,1.0,42,750,500,250,0.6666666666666666,10,5,5,395.3546131944335,0.43789924506387923,0.33393614259755955,0.21233912374235836,127927.48169273834,1715.3440083141045,129642.82570105244,914,1,195.6904761904762,33,9,19,37.0905259438724,0.6057449494949495,47.08946078431372,1011.6421568627449,30.655822935234692,0
1906,4,0,0,42,0.0,0.0,1.0,42,1300,1000,300,0.7692307692307693,16,10,6,400.7397273179117,0.43782665505226476,0.33149118710324643,0.21589754780943465,128051.48748378034,1863.0636353806271,129914.55111916097,915,2,196.6904761904762,33,9,19,36.82687068652378,0.6070075757575757,46.966911764705884,1012.1323529411769,30.670677361853848,0
1907,4,1,0,43,0.023255813953488372,0.0,1.0,43,1050,500,550,0.47619047619047616,16,5,11,390.5333216874834,0.4387689184200812,0.3254770702021297,0.21190195446531812,128336.36435376499,1423.992915054133,129760.35726881912,916,0,193.09302325581396,32,11,20,36.79283489096572,0.6123046875,46.68560606060606,1013.2575757575763,31.66429924242426,0
1908,4,2,1,44,0.044444444444444446,0.022222222222222223,0.9777777777777777,45,900,600,300,0.6666666666666666,12,6,6,372.1633132752494,0.44244528619528617,0.32217274692081377,0.20543607474068426,129019.90504535152,603.2950680272221,129623.20011337874,917,0,185.46666666666667,34,11,19,36.55939965627687,0.6145833333333333,46.011904761904766,1015.9523809523813,29.88095238095239,0
1909,4,0,1,43,0.0,0.022727272727272728,0.9772727272727273,44,1450,1100,350,0.7586206896551724,18,11,7,380.9098103512279,0.4408033826638478,0.32947354965166076,0.21026418638663505,129019.90504535145,1028.98951247165,130048.8945578231,918,1,190.6590909090909,34,10,19,36.33724904304349,0.6145833333333333,46.01190476190476,1015.9523809523807,29.880952380952376,0
1910,4,0,0,43,0.0,0.0,1.0,43,1600,1200,400,0.75,20,12,8,390.1784770932752,0.43814599483204136,0.33878321918461585,0.2152160921161549,128989.67013888885,1465.7986111111065,130455.46874999996,919,2,195.97674418604652,34,9,19,36.132759092152035,0.6142769607843137,46.041666666666664,1015.8333333333329,29.877450980392144,0
1911,4,1,0,44,0.022727272727272728,0.0,1.0,44,1100,700,400,0.6363636363636364,15,7,8,379.808566049262,0.43947101832276253,0.3283780232774576,0.21178982699174081,129419.51600646373,1031.2753808631105,130450.79138732684,920,0,192.5,33,11,20,35.95725942430445,0.6208964646464646,45.6188725490196,1017.5245098039205,30.83407605466426,0
1912,4,0,0,44,0.0,0.0,1.0,44,800,500,300,0.625,11,5,6,379.0097650494523,0.43919573643410853,0.32238246401401094,0.21167963004275045,129481.87183114653,1014.9787641772205,130496.85059532376,921,1,193.5,33,11,17,35.91398254063815,0.6215277777777778,45.55759803921568,1017.7696078431362,30.841503267973824,0
1913,4,1,0,45,0.022222222222222223,0.0,1.0,45,800,300,500,0.375,13,3,10,371.1939758183901,0.440530303030303,0.2817133567729009,0.21101336458998998,130173.98787133486,679.3762673744588,130853.36413870932,922,0,190.17777777777778,35,10,18,35.40851480095271,0.6241071428571429,44.87847222222222,1020.486111111111,29.156746031746028,8
1914,4,0,0,45,0.0,0.0,1.0,45,1000,800,200,0.8,12,8,4,390.3518097089169,0.4400462962962963,0.25687035240866485,0.2085247232175612,127710.61610918869,999.4396310913949,128710.05574028009,923,1,191.17777777777778,33,12,15,37.43988441642418,0.6035353535353536,47.303921568627445,1010.7843137254896,30.6298276886512,8
1915,4,0,3,42,0.0,0.06666666666666667,0.9333333333333333,45,1050,800,250,0.7619047619047619,13,8,5,394.59321055472435,0.4397516835016835,0.2584609582306274,0.2109526502829502,127741.5856431421,1081.1924800557485,128822.77812319784,924,2,192.17777777777778,33,12,15,37.30085970016568,0.6038510101010102,47.27328431372549,1010.9068627450984,30.63354129530601,0
1916,4,1,0,43,0.023255813953488372,0.0,1.0,43,1250,900,350,0.72,16,9,7,401.5877022519886,0.43403931339977847,0.29140508112662133,0.21445694172963115,127697.4786533263,1656.3474071523424,129353.82606047863,925,0,201.48837209302326,32,11,16,37.16947740995211,0.6057942708333333,47.3169191919192,1010.7323232323241,31.58538510101013,0
1917,4,1,0,44,0.022727272727272728,0.0,1.0,44,1850,1300,550,0.7027027027027027,24,13,11,396.3334051251876,0.4376211240310077,0.2924055300553663,0.21352365250677924,128051.48748378032,1350.2164131584036,129401.70389693872,926,0,197.88636363636363,33,11,17,36.93836521774226,0.6070075757575757,46.966911764705884,1012.1323529411768,30.670677361853844,0
1918,4,0,0,44,0.0,0.0,1.0,44,1300,700,600,0.5384615384615384,19,7,12,364.55085035004623,0.43794045102184637,0.21876177257856644,0.18844032117868784,126374.37120075397,414.01068782741015,126788.38188858138,927,1,198.88636363636363,37,7,14,39.46564885496183,0.5816441441441442,48.629385964912274,1005.48245614035,27.175201517306757,8
1919,4,0,1,43,0.0,0.022727272727272728,0.9772727272727273,44,1100,700,400,0.6363636363636364,15,7,8,362.9353133793249,0.4378193269908386,0.21717654557042732,0.18793581078949198,126446.46819526625,378.37771203155665,126824.8459072978,928,2,199.88636363636363,38,6,14,39.431963033779475,0.580592105263158,48.55769230769231,1005.7692307692306,26.467611336032384,0
1920,4,0,1,42,0.0,0.023255813953488372,0.9767441860465116,43,1400,1200,200,0.8571428571428571,16,12,4,373.1957058765855,0.43676172019195275,0.22857316683650963,0.1934292319611182,126484.64551592783,840.7053131732637,127325.3508291011,929,3,205.3953488372093,37,6,15,39.134601409781254,0.5827702702702703,48.51973684210525,1005.9210526315777,27.187055476529128,0
1921,4,0,0,42,0.0,0.0,1.0,42,900,600,300,0.6666666666666666,12,6,6,379.45338895954575,0.43227351916376305,0.2319295101553167,0.1960509176290986,126355.00365230089,1189.1668695722703,127544.17052187317,930,5,211.21428571428572,36,6,15,39.11103643966546,0.5833333333333333,48.648648648648646,1005.405405405405,27.927927927927914,0
1922,4,3,2,43,0.06666666666666667,0.044444444444444446,0.9555555555555556,45,1500,1000,500,0.6666666666666666,20,10,10,369.8413911387111,0.4388468013468014,0.2651167843563289,0.1957671078454186,127340.90206842462,423.47365494445336,127764.37572336907,931,0,198.06666666666666,37,8,13,38.33774669563642,0.5914977477477478,47.66995614035086,1009.3201754385941,27.278923660502542,0
1923,4,0,1,42,0.0,0.023255813953488372,0.9767441860465116,43,900,500,400,0.5555555555555556,13,5,8,383.24424716525067,0.4353082318198597,0.2677062173190423,0.20120870155283516,127009.10526556223,1135.1017861264745,128144.2070516887,932,1,208.13953488372093,37,6,17,38.3411064578121,0.5881193693693694,47.99890350877192,1008.0043859649103,27.243361782835414,0
1924,4,3,3,42,0.06666666666666667,0.06666666666666667,0.9333333333333333,45,1350,1100,250,0.8148148148148148,16,11,5,361.54533024443543,0.44252946127946124,0.25292314198118215,0.19288535131314774,127658.21468195246,230.87332871308956,127889.08801066555,933,0,194.8,38,7,14,38.221535045987935,0.5929276315789473,47.35576923076922,1010.5769230769215,26.59412955465583,0
1925,4,1,1,42,0.023255813953488372,0.023255813953488372,0.9767441860465116,43,1000,700,300,0.7,13,7,6,378.81319127738226,0.43994555186415657,0.2697083169097365,0.20125572863599261,127489.75326678,1058.9600580309718,128548.71332481097,934,0,204.32558139534885,36,7,15,37.95834262563188,0.5949074074074074,47.52252252252251,1009.9099099099075,28.053053053052984,0
1926,4,0,0,42,0.0,0.0,1.0,42,1300,900,400,0.6923076923076923,17,9,8,385.7786522678259,0.43844367015098723,0.2779014447208765,0.20530951688985258,127559.26354595332,1441.9281550068563,129001.19170096017,935,1,209.66666666666666,35,7,16,37.71100672166208,0.5976190476190476,47.4537037037037,1010.1851851851849,28.862433862433853,0
1927,4,1,1,42,0.023255813953488372,0.023255813953488372,0.9767441860465116,43,650,600,50,0.9230769230769231,7,6,1,380.467358792863,0.4401762643041713,0.2815559123633915,0.20385422923388496,127831.1673159647,1127.1173200227372,128958.28463598744,936,0,205.7674418604651,36,7,17,37.56588715664439,0.5983796296296297,47.18468468468469,1011.261261261262,28.09059059059061,0
1928,4,1,0,43,0.023255813953488372,0.0,1.0,43,900,500,400,0.5555555555555556,13,5,8,383.3604929044094,0.43971483942414175,0.2829205350752515,0.20615679653390964,127978.05574792245,1212.346106494309,129190.40185441676,937,0,206.13953488372093,37,6,18,37.34196647883254,0.597972972972973,47.03947368421053,1011.842105263158,27.3470839260313,0
1929,4,1,0,44,0.022727272727272728,0.0,1.0,44,1150,700,450,0.6086956521739131,16,7,9,374.8019721625203,0.442477096546864,0.28674360321759185,0.20311557479361644,128287.09621783947,816.6677458322326,129103.7639636717,938,0,202.4318181818182,36,8,20,37.24178338520824,0.6030092592592593,46.734234234234236,1013.0630630630632,28.140640640640644,0
1930,4,0,0,44,0.0,0.0,1.0,44,850,300,550,0.35294117647058826,14,3,11,372.2719817703689,0.4426202431289641,0.27744749416601855,0.2021771613730568,128372.67324334483,757.9098946920067,129130.58313803685,939,1,203.4318181818182,36,8,13,37.218255732118394,0.6038773148148149,46.649774774774784,1013.400900900902,28.150025025025055,0
1931,4,0,0,44,0.0,0.0,1.0,44,1450,1000,450,0.6896551724137931,19,10,9,372.39859483331946,0.44211372445384073,0.27516786771139556,0.20292102571736625,128505.59937913586,771.0609274007353,129276.66030653659,940,2,204.4318181818182,37,7,14,37.07903013589994,0.603322072072072,46.51864035087719,1013.9254385964911,27.403390232337596,0
1932,4,0,0,44,0.0,0.0,1.0,44,950,600,350,0.631578947368421,13,6,7,370.5796288722384,0.4422899048625793,0.2733339555721481,0.20277784186604525,128672.41753472234,736.6753472222309,129409.09288194457,941,3,205.4318181818182,37,7,14,36.95456878850102,0.6050112612612613,46.35416666666667,1014.5833333333343,27.421171171171196,0
1933,4,0,1,43,0.0,0.022727272727272728,0.9772727272727273,44,950,700,250,0.7368421052631579,12,7,5,368.77754690982766,0.4424660852713178,0.2706080251461118,0.2020743751717264,128728.04763244477,694.402724876898,129422.45035732166,942,4,206.4318181818182,37,7,14,36.94343147848009,0.6055743243243243,46.299342105263165,1014.8026315789488,27.4270981507824,0
1934,4,0,1,42,0.0,0.023255813953488372,0.9767441860465116,43,1000,500,500,0.5,15,5,10,316.291255393938,0.4413298265042451,0.0988747663459344,0.16695015789183615,127226.7094587805,-542.7685282159339,126683.94093056457,943,5,212.11627906976744,38,5,17,39.805720286632095,0.5885416666666667,47.783119658119645,1008.8675213675191,26.549145299145238,8
1935,4,0,1,41,0.0,0.023809523809523808,0.9761904761904762,42,650,500,150,0.7692307692307693,8,5,3,326.01947580736504,0.4402342237708092,0.10166477722733802,0.17186551048435222,127174.9495638079,-107.69792147586611,127067.25164233203,944,6,218.0,37,5,17,39.61334112403521,0.5898085585585586,47.83442982456139,1008.6622807017528,27.261142721668996,0
1936,4,2,1,42,0.046511627906976744,0.023255813953488372,0.9767441860465116,43,1600,1000,600,0.625,22,10,12,322.5974929350094,0.4393226282761167,0.13096824639655358,0.1719913803934226,127631.22420374009,-365.29741032948004,127265.9267934106,945,0,213.65116279069767,38,5,15,39.23310072601678,0.5926535087719298,47.38247863247862,1010.4700854700843,26.591318038686428,0
1937,4,1,0,43,0.023255813953488372,0.0,1.0,43,1400,1100,300,0.7857142857142857,17,11,6,319.8736756983246,0.43950719822812845,0.14054569363836533,0.1714883223277212,127854.65630425338,-420.5322265625095,127434.12407769087,946,0,214.62790697674419,39,4,16,39.073818965221285,0.593215811965812,47.16145833333333,1011.3541666666658,25.932158119658098,0
1938,4,1,1,43,0.022727272727272728,0.022727272727272728,0.9772727272727273,44,1250,900,350,0.72,16,9,7,314.89809380935986,0.4408804615926709,0.14806510740571,0.17015699666041073,128170.8997938369,-727.5173611111061,127443.38243272579,947,0,210.72727272727272,39,5,18,38.8772802866646,0.5964209401709402,46.848958333333336,1012.6041666666674,25.96420940170942,0
1939,4,1,0,44,0.022727272727272728,0.0,1.0,44,1250,800,450,0.64,17,8,9,314.49200004633974,0.4384029245947851,0.15246727889313494,0.17106325614594362,128434.73442925338,-721.6606987847272,127713.07373046865,948,0,211.5,39,5,16,38.61895403007572,0.5990918803418803,46.588541666666664,1013.6458333333326,25.990918803418783,0
1940,4,0,2,42,0.0,0.045454545454545456,0.9545454545454546,44,850,500,350,0.5882352941176471,12,5,7,314.0665178439317,0.4387662966878083,0.1534312718306967,0.1711715276983666,128513.9377170137,-727.6150173611304,127786.32269965258,949,1,212.5,39,5,16,38.54915759194576,0.5998931623931624,46.51041666666666,1013.9583333333318,25.998931623931583,0
1941,4,1,0,43,0.023255813953488372,0.0,1.0,43,1450,1000,450,0.6896551724137931,19,10,9,317.3408215171403,0.4342008121077889,0.15321702241501178,0.173185551473704,128566.75347222228,-440.1041666666618,128126.64930555562,950,0,218.0,39,4,17,38.41242125445084,0.6004273504273504,46.458333333333336,1014.1666666666671,26.004273504273517,0
1942,4,1,0,44,0.022727272727272728,0.0,1.0,44,1300,900,400,0.6923076923076923,17,9,8,318.71653685772355,0.43618965821000705,0.1553708672518077,0.17570721378339468,128969.02394614648,-579.0878651926748,128389.9360809538,951,0,214.02272727272728,40,4,18,37.96856761714189,0.6028645833333333,46.0619918699187,1015.7520325203253,25.393800813008134,0
1943,4,2,1,45,0.043478260869565216,0.021739130434782608,0.9782608695652174,46,1250,900,350,0.72,16,9,7,308.6070148597767,0.440408615136876,0.1823066306734833,0.1727164846293432,129563.26116233719,-1202.7554696278694,128360.50569270932,952,0,205.67391304347825,40,6,14,37.62290377320824,0.6088541666666667,45.47764227642276,1018.0894308943086,25.452235772357717,0
1944,4,0,1,44,0.0,0.022222222222222223,0.9777777777777777,45,950,500,450,0.5263157894736842,14,5,9,316.72351977627636,0.4378367003367003,0.18268218059394314,0.17670314475696408,129439.78000217001,-800.6754557291772,128639.10454644084,953,1,211.24444444444444,39,6,15,37.54147899819158,0.6092414529914529,45.59895833333333,1017.6041666666656,26.092414529914503,0
1945,4,0,0,44,0.0,0.0,1.0,44,1700,1400,300,0.8235294117647058,20,14,6,317.4718594508535,0.4362116807610994,0.18093580082037608,0.17776185784762832,129581.83235627142,-572.2829461611503,129009.54941011027,954,2,216.22727272727272,38,6,16,37.37845400489683,0.612390350877193,45.45940170940171,1018.1623931623928,26.793747188484023,0
1946,4,1,1,44,0.022222222222222223,0.022222222222222223,0.9777777777777777,45,1400,900,500,0.6428571428571429,19,9,10,312.8698293053935,0.4382154882154882,0.19187931951089854,0.1767291738508843,129925.63950029736,-870.037469429581,129055.60203086778,955,0,212.4,40,5,17,37.1475860579479,0.6125,45.12195121951219,1019.5121951219505,25.487804878048763,0
1947,4,0,0,44,0.0,0.0,1.0,44,1350,900,450,0.6666666666666666,18,9,9,319.7178325963032,0.4366631430584919,0.19211015262110265,0.18040091872196623,129883.08930342931,-494.81203939912695,129388.27726403018,956,1,217.6818181818182,41,3,17,37.01611922141121,0.6105182926829269,45.16369047619046,1019.3452380952349,24.86207897793256,0
1948,4,3,1,46,0.06382978723404255,0.02127659574468085,0.9787234042553191,47,900,700,200,0.7777777777777778,11,7,4,307.18336483931995,0.44091119333950046,0.2083140610545795,0.1766304347826086,130617.28395061693,-1373.6478213971109,129243.63612921981,957,0,204.72340425531914,41,6,16,36.59420289855073,0.6178861788617886,44.44444444444443,1022.2222222222193,24.932249322493153,0
1949,4,0,0,46,0.0,0.0,1.0,46,1050,700,350,0.6666666666666666,14,7,7,312.38880508695655,0.4403683574879227,0.21454255399964595,0.17938848773722518,130566.58340419475,-1042.4922052154463,129524.09119897931,958,1,210.02173913043478,41,5,18,36.51232770335856,0.6173780487804879,44.494047619047606,1022.0238095238074,24.927409988385545,0
1950,4,0,0,46,0.0,0.0,1.0,46,1700,1400,300,0.8235294117647058,20,14,6,313.6210310334592,0.44055958132045087,0.2140507162018519,0.18080568164949087,130718.71456916102,-1000.7723922902501,129717.94217687077,959,2,211.02173913043478,41,5,18,36.32736709351959,0.6189024390243902,44.345238095238095,1022.6190476190478,24.941927990708482,0
1951,4,0,1,45,0.0,0.021739130434782608,0.9782608695652174,46,1200,900,300,0.75,15,9,6,315.27437811499254,0.4401771336553945,0.21313286335885606,0.18223707326915917,130820.18455530344,-951.149533887643,129869.0350214158,960,3,212.02173913043478,41,5,18,36.18276441686062,0.6199186991869918,44.24603174603174,1023.0158730158718,24.9516066589237,0
1952,4,0,0,45,0.0,0.0,1.0,45,1100,900,200,0.8181818181818182,13,9,4,322.2960098296184,0.4383838383838384,0.21514308426073137,0.18598549558057795,130755.8331680878,-571.5833415956045,130184.2498264922,961,4,217.53333333333333,40,5,19,36.06812235029147,0.6208333333333333,44.3089430894309,1022.7642276422766,25.569105691056915,0
1953,4,0,0,45,0.0,0.0,1.0,45,1150,900,250,0.782608695652174,14,9,5,322.61801159643676,0.4378367003367003,0.20856975756171225,0.18679935358047886,130885.78976014633,-554.7773522704496,130331.01240787588,962,5,218.53333333333333,40,5,19,35.92875823484625,0.6221354166666666,44.1819105691057,1023.2723577235793,25.58180894308948,0
1954,4,1,1,45,0.021739130434782608,0.021739130434782608,0.9782608695652174,46,1300,900,400,0.6923076923076923,17,9,8,313.14425738821575,0.43916062801932365,0.21268736819507716,0.18304850223898594,131251.8711911849,-979.8460530045256,130272.02513818038,963,0,214.7608695652174,41,5,21,35.80241310872301,0.6242378048780488,43.824404761904766,1024.7023809523816,24.992740998838578,0
1955,4,0,0,45,0.0,0.0,1.0,45,600,300,300,0.5,9,3,6,317.71143025322704,0.4388678451178451,0.20753669178897272,0.1858353864659828,131276.0468305903,-658.419880692702,130617.62694989759,964,1,209.66666666666666,40,5,21,35.66107199523999,0.6260416666666666,43.800813008130085,1024.79674796748,25.619918699187004,0
1956,4,1,0,46,0.021739130434782608,0.0,1.0,46,1150,900,250,0.782608695652174,14,9,5,312.13024487234384,0.43980475040257644,0.20854377847631778,0.18384322078366286,131541.7534722223,-988.3473998611839,130553.40607236112,965,0,206.08695652173913,39,7,22,35.536826428378006,0.6303418803418803,43.54166666666667,1025.8333333333342,26.303418803418825,0
1957,4,0,1,45,0.0,0.021739130434782608,0.9782608695652174,46,1200,900,300,0.75,15,9,6,311.67078692377595,0.439573268921095,0.20800896750163256,0.1840875655139712,131648.6328125,-993.7934027777776,130654.83940972222,966,1,207.08695652173913,39,7,15,35.44119637298688,0.6314102564102564,43.4375,1026.25,26.314102564102566,0
1958,4,0,0,45,0.0,0.0,1.0,45,1450,1000,450,0.6896551724137931,19,10,9,317.8862509870538,0.43789983164983165,0.21305841924398594,0.18739482309568312,131574.6348002958,-634.8465236686488,130939.78827662717,967,4,212.66666666666666,38,7,16,35.35613870665416,0.6324013157894737,43.50961538461538,1025.9615384615379,26.998987854251,0
1959,4,0,0,45,0.0,0.0,1.0,45,950,600,350,0.631578947368421,13,6,7,316.4818698858816,0.4378577441077441,0.20891295293627676,0.18670097533071284,131602.03904594918,-670.0681203886475,130931.97092556053,968,5,213.66666666666666,38,7,16,35.364605025683744,0.6326754385964912,43.482905982905976,1026.068376068375,27.001799370220397,0
1960,4,0,0,45,0.0,0.0,1.0,45,950,800,150,0.8421052631578947,11,8,3,314.5838878710799,0.4378367003367003,0.2111393033142761,0.18593851512859919,131675.35942925335,-715.4106987847322,130959.94873046862,969,6,214.66666666666666,39,6,17,35.3395962312663,0.6316773504273504,43.41145833333333,1026.3541666666656,26.316773504273478,0
1961,4,0,1,44,0.0,0.022222222222222223,0.9777777777777777,45,1050,600,450,0.5714285714285714,15,6,9,320.4299421218709,0.43737373737373736,0.22344364443543063,0.19046170339142648,131889.2700195311,-547.7457682291806,131341.52425130192,970,7,215.66666666666666,39,6,18,34.974584220667275,0.6338141025641026,43.20312499999999,1027.1874999999989,26.338141025640997,0
1962,4,0,0,44,0.0,0.0,1.0,44,950,400,550,0.42105263157894735,15,4,11,328.776809206246,0.43443886539816773,0.22969233389152244,0.1946528872250654,131739.1030777446,-137.4476084812995,131601.6554692633,971,14,221.4090909090909,38,6,18,34.91128109064418,0.634046052631579,43.34935897435896,1026.6025641025617,27.015856950067413,0
1963,4,0,0,44,0.0,0.0,1.0,44,750,300,450,0.4,12,3,9,329.1553515299883,0.4339433579985906,0.23508175482065052,0.19543980199245048,131848.8056674152,-120.25200434657935,131728.55366306863,972,15,222.4090909090909,38,6,18,34.791211553798675,0.6351425438596492,43.242521367521356,1027.0299145299127,27.027103013945073,0
1964,4,0,1,43,0.0,0.022727272727272728,0.9772727272727273,44,1400,1100,300,0.7857142857142857,17,11,6,327.39630987723564,0.4338222339675828,0.2381697436700989,0.19487687412909893,131942.77479383664,-160.4844835069641,131782.29031032967,973,16,223.4090909090909,39,5,18,34.74190155125215,0.6343482905982907,43.15104166666666,1027.395833333332,26.34348290598287,0
1965,4,0,0,43,0.0,0.0,1.0,43,1000,600,400,0.6,14,6,8,333.54243032272893,0.43147840531561465,0.24213520102155317,0.19847425804352464,131931.11257213805,200.92478449848028,132132.03735663655,974,17,229.2325581395349,38,5,18,34.59576920410426,0.6359649122807017,43.16239316239315,1027.350427350426,27.035537561853314,0
1966,4,0,0,43,0.0,0.0,1.0,43,1200,700,500,0.5833333333333334,17,7,10,338.00090128098947,0.43104005167958653,0.24763789731627472,0.20218599367535534,132130.12695312485,332.02039930554156,132462.1473524304,975,18,230.2325581395349,39,4,18,34.28107058426207,0.6362179487179487,42.96874999999999,1028.1249999999989,26.362179487179457,0
1967,4,0,0,43,0.0,0.0,1.0,43,950,400,550,0.42105263157894735,15,4,11,355.29731381355487,0.4305324843115541,0.2517205703747014,0.2056620809422837,130874.74093967034,824.1292317708537,131698.8701714412,976,19,231.2325581395349,39,4,17,35.103943975024606,0.6236645299145299,44.19270833333334,1023.2291666666683,26.23664529914534,8
1968,4,0,1,42,0.0,0.023255813953488372,0.9767441860465116,43,1550,1000,550,0.6451612903225806,21,10,11,356.5706048093775,0.4297942045035068,0.24775587625820994,0.20771783556467657,131119.87428944407,750.6985755833176,131870.57286502738,977,20,232.2325581395349,40,3,17,34.823377654296515,0.6244791666666667,43.953252032520325,1024.1869918699183,25.604674796747958,0
1969,4,2,1,43,0.045454545454545456,0.022727272727272728,0.9772727272727273,44,1200,700,500,0.5833333333333334,17,7,10,351.1800958533942,0.4312566067653277,0.282384412340704,0.2079167924248464,131739.10307774457,453.3259059611628,132192.42898370573,978,0,227.4090909090909,38,6,19,34.336299302737004,0.634046052631579,43.34935897435896,1026.6025641025615,27.015856950067406,0
1970,4,0,0,43,0.0,0.0,1.0,43,1450,1100,350,0.7586206896551724,18,11,7,358.2110823667107,0.42887135474344773,0.3045932902642521,0.2121398079822585,131749.9269606992,838.8567876654067,132588.7837483646,979,1,233.2093023255814,37,6,19,34.14492772971626,0.6359797297297297,43.33881578947367,1026.6447368421032,27.74715504978657,0
1971,4,0,0,43,0.0,0.0,1.0,43,1200,700,500,0.5833333333333334,17,7,10,359.6121265397031,0.42889442598744926,0.3073774061492902,0.21336986174689027,131821.37573964483,880.9130506245701,132702.2887902694,980,2,234.2093023255814,38,5,19,34.036880982105686,0.6348684210526316,43.26923076923076,1026.9230769230758,27.02429149797568,0
1972,4,0,0,43,0.0,0.0,1.0,43,1250,900,350,0.72,16,9,7,361.9362206361805,0.4284330011074197,0.3031767776680059,0.21543614629659882,131942.7747938366,950.9738498263685,132893.74864366298,981,3,235.2093023255814,39,4,19,33.85474754131602,0.6343482905982907,43.15104166666666,1027.3958333333317,26.343482905982864,0
1973,4,0,0,43,0.0,0.0,1.0,43,1750,1500,250,0.8571428571428571,20,15,5,358.1546339436183,0.4279715762273902,0.2995488381521696,0.2136368572241677,132023.05230034704,856.9335937499802,132879.98589409702,982,4,236.2093023255814,39,4,19,33.87095411852152,0.6351495726495726,43.07291666666666,1027.708333333332,26.35149572649569,0
1974,4,1,1,43,0.022727272727272728,0.022727272727272728,0.9772727272727273,44,1200,600,600,0.5,18,6,12,351.30454654949597,0.4283386187455955,0.3046916170343923,0.2122919675546627,132513.92598257068,512.6756718712256,133026.6016544419,983,0,231.8181818181818,36,8,20,33.55299135951,0.6455439814814814,42.595720720720735,1029.6171171171193,28.600475475475534,0
1975,4,0,1,42,0.0,0.023255813953488372,0.9767441860465116,43,950,600,350,0.631578947368421,13,6,7,353.46569449498094,0.428110003691399,0.29492521645262815,0.21406210627926206,132595.5597515581,773.5963229070392,133369.15607446514,984,1,228.62790697674419,37,6,20,33.415287093225444,0.6444256756756757,42.51644736842105,1029.9342105263152,27.836059743954465,0
1976,4,0,0,42,0.0,0.0,1.0,42,1100,800,300,0.7272727272727273,14,8,6,358.2953978618107,0.428825493612079,0.2919574868968242,0.21752120736812935,132687.90486009675,1108.293132659701,133796.19799275644,985,2,230.54761904761904,36,6,18,33.19807264910553,0.6472800925925926,42.42680180180181,1030.292792792794,28.61924424424428,0
1977,4,0,0,42,0.0,0.0,1.0,42,1400,900,500,0.6428571428571429,19,9,10,357.31720946394955,0.4284383468834689,0.2868666531400059,0.2175997616915194,132803.95418645028,1090.6276631361472,133894.58184958642,986,3,231.54761904761904,36,6,18,33.10663170545177,0.6484375,42.31418918918921,1030.7432432432458,28.63175675675683,0
1978,4,0,0,42,0.0,0.0,1.0,42,1400,1000,400,0.7142857142857143,18,10,8,363.0870631032599,0.42713172667440963,0.29266143746004025,0.22249100903605118,133036.20501836305,1260.7449933041285,134296.95001166718,987,4,232.54761904761904,36,6,18,32.72454790233964,0.6507523148148149,42.08896396396397,1031.644144144145,28.656781781781806,0
1979,4,0,0,42,0.0,0.0,1.0,42,1050,600,450,0.5714285714285714,15,6,9,362.03952955037664,0.42649051490514905,0.28807860988131617,0.22236797914206777,133123.35139193246,1239.1831020209374,134362.5344939534,988,5,233.54761904761904,36,6,18,32.664047722973955,0.6516203703703703,42.0045045045045,1031.9819819819818,28.66616616616616,0
1980,4,0,0,42,0.0,0.0,1.0,42,1700,1100,600,0.6470588235294118,23,11,12,358.5294575785654,0.4258251064653504,0.28291591385791204,0.22159246529047139,133355.88121905664,1162.402351675974,134518.2835707326,989,6,234.54761904761904,36,6,18,32.521305785724685,0.6539351851851851,41.779279279279265,1032.8828828828807,28.69119119119113,0
1981,4,0,0,42,0.0,0.0,1.0,42,1100,700,400,0.6363636363636364,15,7,8,360.6269510926121,0.425946089818041,0.284754224270354,0.22358870967741928,133472.22222222204,1226.736111111093,134698.95833333314,990,7,235.54761904761904,36,6,18,32.350470430107535,0.6550925925925926,41.66666666666666,1033.333333333332,28.703703703703663,0
1982,4,0,0,42,0.0,0.0,1.0,42,1500,1100,400,0.7333333333333333,19,11,8,357.12304916371954,0.4243491095625242,0.2772229222735598,0.22263821863343058,133675.94103816632,1147.7519326758947,134823.6929708422,991,8,236.54761904761904,36,6,18,32.23687792660351,0.6571180555555556,41.46959459459458,1034.1216216216199,28.72560060060055,0
1983,4,0,0,42,0.0,0.0,1.0,42,1550,1100,450,0.7096774193548387,20,11,9,375.8143545938565,0.4235627177700348,0.2565602635465183,0.21139257274694703,129760.92470689742,1419.0877191435554,131180.01242604098,992,9,237.54761904761904,35,7,16,35.71095554545798,0.6199404761904762,45.283564814814824,1018.8657407407419,29.11044973544977,8
1984,4,0,0,42,0.0,0.0,1.0,42,1100,700,400,0.6363636363636364,15,7,8,375.3614194356468,0.4230666860240031,0.2564971934719831,0.21161540714150492,129849.3829839678,1348.0897419410169,131197.4727259088,993,10,238.54761904761904,35,7,16,35.63242864713452,0.6208333333333333,45.19675925925926,1019.2129629629633,29.12037037037038,0
1985,4,0,0,42,0.0,0.0,1.0,42,950,600,350,0.631578947368421,13,6,7,370.413440147506,0.42365950445218736,0.25609083983076975,0.20993271048359938,130055.90284475738,1234.8908768432766,131290.79372160067,994,11,239.54761904761904,35,7,16,35.548455879571854,0.6229166666666667,44.99421296296296,1020.0231481481482,29.14351851851852,0
1986,4,1,0,43,0.023255813953488372,0.0,1.0,43,850,400,450,0.47058823529411764,13,4,9,360.6143281687406,0.426702657807309,0.24775597295883256,0.20592258991398876,130348.82010388777,801.1304378703119,131149.9505417581,995,0,234.95348837209303,36,7,17,35.50098331127774,0.6238425925925926,44.70720720720721,1021.171171171172,28.36586586586589,0
1987,4,0,0,43,0.0,0.0,1.0,43,1550,1100,450,0.7096774193548387,20,11,9,358.02545363476986,0.4271179401993355,0.2527106156704464,0.2055079691167323,130550.14209733385,748.0547692963282,131298.19686663017,996,1,235.95348837209303,36,7,14,35.362947658402206,0.6258680555555556,44.51013513513514,1021.9594594594597,28.38776276276277,0
1988,4,0,0,43,0.0,0.0,1.0,43,1300,1000,300,0.7692307692307693,16,10,6,384.2934315348033,0.4272332964193429,0.3217548303646016,0.2097813424703788,128577.58881446782,1355.6676238015073,129933.25643826932,997,2,236.95348837209303,38,5,18,36.70379929070544,0.6022478070175439,46.447649572649574,1014.2094017094016,26.68972109761583,8
1989,4,1,0,44,0.022727272727272728,0.0,1.0,44,550,200,350,0.36363636363636365,9,2,7,378.13467429569215,0.42971502818886537,0.3193266925953908,0.20787809759504294,128857.43408203124,945.0927734374994,129802.52685546874,998,0,232.54545454545453,39,5,19,36.57375346260387,0.6033653846153846,46.171875,1015.3124999999999,26.033653846153843,0
1990,4,1,2,43,0.022222222222222223,0.044444444444444446,0.9555555555555556,45,1250,800,450,0.64,17,8,9,377.4666047273797,0.43042929292929294,0.33336532900161253,0.2094742454876157,129230.01284646119,757.8366029669742,129987.84944942816,999,0,228.35555555555555,36,9,22,36.21017462251264,0.6125578703703703,45.80518018018017,1016.7792792792782,28.243868868868837,0
1991,4,0,0,43,0.0,0.0,1.0,43,1050,700,350,0.6666666666666666,14,7,7,381.5206302319818,0.4309939091915836,0.30139980067890626,0.2004400385344479,127036.73846760533,1127.2174291392807,128163.95589674462,1000,1,223.86046511627907,37,6,21,38.35608367776086,0.5884009009009009,47.97149122807017,1008.1140350877185,27.24632527264104,7
1992,4,1,1,43,0.022727272727272728,0.022727272727272728,0.9772727272727273,44,1450,1100,350,0.7586206896551724,18,11,7,375.92764093523215,0.43276515151515155,0.3049827442069837,0.19953806322982723,127452.38803854877,782.6232050992164,128235.01124364798,1001,0,219.75,34,10,15,38.06958854043859,0.5986519607843137,47.55952380952381,1009.7619047619048,29.69887955182073,0
1993,4,2,0,45,0.044444444444444446,0.0,1.0,45,1050,800,250,0.7619047619047619,13,8,5,360.4761845344306,0.4376683501683502,0.30172081293576647,0.19424220303330106,128059.03031409785,232.4461285609931,128291.47644265884,1002,0,209.57777777777778,36,9,17,37.83795060080107,0.6006944444444444,46.95945945945946,1012.1621621621618,28.115615615615607,0
1994,4,1,1,45,0.021739130434782608,0.021739130434782608,0.9782608695652174,46,1200,900,300,0.75,15,9,6,355.812812737565,0.4397443639291465,0.30644296564535445,0.19361326979157079,128450.01737313397,-59.16760445522425,128390.84976867875,1003,0,206.0,37,9,14,37.55622408509104,0.602759009009009,46.5734649122807,1013.7061403508767,27.397463252726396,0
1995,4,0,0,45,0.0,0.0,1.0,45,1250,900,350,0.72,16,9,7,352.77420978051003,0.4406565656565657,0.29340731932884223,0.19276516330061988,128616.79945992984,74.53795879500345,128691.33741872484,1004,1,207.46666666666667,37,8,14,37.46295445537421,0.6044481981981982,46.40899122807017,1014.3640350877182,27.415244191559953,0
1996,4,1,0,46,0.021739130434782608,0.0,1.0,46,1550,1100,450,0.7096774193548387,20,11,9,343.11836182261743,0.4431058776167472,0.28953338394972583,0.18897353114054452,128929.98598327111,-352.3508839214072,128577.6350993497,1005,0,203.93478260869566,38,8,15,37.38866680692897,0.6058114035087719,46.100427350427346,1015.5982905982895,26.726270805218146,0
1997,4,0,1,45,0.0,0.021739130434782608,0.9782608695652174,46,1350,1000,350,0.7407407407407407,17,10,7,343.0907172192442,0.44278381642512077,0.28681971917597604,0.18987726193466645,129121.97401258697,-339.8898654513712,128782.0841471356,1006,1,204.93478260869566,39,7,16,37.193916333572474,0.6060363247863247,45.91145833333334,1016.354166666668,26.060363247863283,0
1998,4,1,0,46,0.021739130434782608,0.0,1.0,46,1100,800,300,0.7272727272727273,14,8,6,342.8026242180748,0.44343800322061194,0.282589944919724,0.19050295623862418,129285.00987082535,-336.1030407192923,128948.90683010606,1007,0,205.80434782608697,37,9,19,37.03537735849055,0.611204954954955,45.751096491228054,1016.9956140350854,27.486367946894198,0
1999,4,1,2,45,0.02127659574468085,0.0425531914893617,0.9574468085106383,47,1100,700,400,0.6363636363636364,15,7,8,337.52613349957215,0.44459219858156024,0.29061423811128684,0.18938414541797643,129663.42872242304,-647.0408494046424,129016.3878730184,1008,0,202.40425531914894,38,9,14,36.78515857197804,0.6132127192982456,45.3792735042735,1018.4829059829053,26.802181736392246,0
2000,4,0,0,45,0.0,0.0,1.0,45,1600,1200,400,0.75,20,12,8,352.89318354931106,0.4410563973063973,0.2995179774728254,0.19683597571306008,129430.46932067194,135.0260733706626,129565.4953940426,1009,1,212.15555555555557,36,9,15,36.63079164822193,0.6145833333333333,45.608108108108105,1017.5675675675668,28.265765765765746,0
2001,4,0,0,45,0.0,0.0,1.0,45,1200,900,300,0.75,15,9,6,354.30945503560383,0.4409090909090909,0.2954259935341914,0.1980583280189747,129516.42679419277,177.77891912181855,129694.20571331459,1010,2,213.15555555555557,36,9,15,36.507310911974045,0.6154513888888888,45.523648648648646,1017.9054054054048,28.275150150150136,0
2002,4,0,0,45,0.0,0.0,1.0,45,1500,1000,500,0.6666666666666666,20,10,10,357.6680584421824,0.4403198653198653,0.30058337324834494,0.20110770197181063,129745.78622118775,281.1846897573676,130026.97091094512,1011,3,214.15555555555557,36,9,16,36.18856158579271,0.6177662037037037,45.29842342342344,1018.8063063063091,28.300175175175255,0
2003,4,1,1,45,0.021739130434782608,0.021739130434782608,0.9782608695652174,46,1000,800,200,0.8,12,8,4,355.8764839353853,0.44159621578099834,0.31372200829937613,0.20189480527651377,130094.74068944296,59.531779008938145,130154.27246845189,1012,0,210.47826086956522,37,9,17,35.87972914875324,0.6193693693693694,44.9561403508772,1020.1754385964917,27.572309151256533,0
2004,4,0,1,44,0.0,0.022222222222222223,0.9777777777777777,45,1500,1200,300,0.8,18,12,6,368.0244591779694,0.4385311447811448,0.33121097248291664,0.2084551298796042,130032.77084094247,571.048032830148,130603.81887377262,1013,1,216.0,36,9,17,35.632889845791475,0.6206597222222222,45.0168918918919,1019.9324324324339,28.331456456456497,0
2005,4,1,0,45,0.022222222222222223,0.0,1.0,45,1600,1100,500,0.6875,21,11,10,365.3477717617656,0.4358796296296296,0.32888888888888834,0.20816326530612242,130262.58680555566,518.2291666666764,130780.81597222234,1014,0,216.73333333333332,37,8,19,35.467687074829925,0.6210585585585586,44.79166666666667,1020.8333333333343,27.590090090090115,0
2006,4,1,1,45,0.021739130434782608,0.021739130434782608,0.9782608695652174,46,1100,700,400,0.6363636363636364,15,7,8,356.32764786578514,0.43623188405797103,0.31873641595850843,0.2047895396673766,130598.60365689445,107.17865112342713,130705.78230801788,1015,0,213.0,37,9,17,35.35721948079811,0.6244369369369369,44.46271929824562,1022.1491228070178,27.625651967757236,0
2007,4,1,0,46,0.021739130434782608,0.0,1.0,46,1150,800,350,0.6956521739130435,15,8,7,356.49506162305954,0.4367149758454106,0.3311861436348722,0.20577883260024116,130766.77439212055,123.54185903353647,130890.31625115409,1016,0,213.97826086956522,37,9,18,35.182604345340195,0.6261261261261262,44.29824561403508,1022.8070175438588,27.64343290659078,0
2008,4,1,0,47,0.02127659574468085,0.0,1.0,47,1450,1100,350,0.7586206896551724,18,11,7,348.98514522021753,0.4385407030527289,0.33042473098494907,0.20284890552155652,131034.66932508697,-254.16937934025898,130780.49994574672,1017,0,210.40425531914894,39,8,19,35.10371095737106,0.625267094017094,44.03645833333334,1023.854166666668,26.252670940170976,0
2009,4,0,1,46,0.0,0.02127659574468085,0.9787234042553191,47,1350,1000,350,0.7407407407407407,17,10,7,341.84146912223554,0.43805889608387294,0.31192684651472247,0.18447291717929012,128118.16541883719,-639.7949218749611,127478.37049696223,1018,1,211.40425531914894,39,8,17,38.24906969166925,0.5958867521367521,46.901041666666686,1012.3958333333364,25.9588675213676,8
2010,4,0,0,46,0.0,0.0,1.0,46,1150,800,350,0.6956521739130435,15,8,7,345.7813249007027,0.4360205314009662,0.3149373898354868,0.1860932221283784,128009.35057345337,-347.35143180653847,127661.99914164683,1019,3,216.97826086956522,38,8,17,38.26057502815314,0.5964912280701755,47.00854700854702,1011.9658119658138,26.63067926225826,0
2011,4,1,0,47,0.02127659574468085,0.0,1.0,47,1600,1000,600,0.625,22,10,12,340.8197446261688,0.43825161887141534,0.31223022873910855,0.1849161589264636,128333.90404704506,-652.1829799474043,127681.72106709765,1020,0,213.3404255319149,38,9,18,38.05466223815547,0.5997807017543859,46.68803418803419,1013.247863247863,26.664417453891133,0
2012,4,0,1,46,0.0,0.02127659574468085,0.9787234042553191,47,1600,1200,400,0.75,20,12,8,341.5901758571759,0.43825161887141534,0.3120044131893367,0.1858375910856011,128442.17985243621,-625.0826393454633,127817.09721309075,1021,1,214.3404255319149,38,9,16,37.92465921866217,0.6008771929824561,46.58119658119658,1013.6752136752133,26.675663517768772,0
2013,4,0,0,46,0.0,0.0,1.0,46,1150,800,350,0.6956521739130435,15,8,7,379.7192816284038,0.4385567632850242,0.316682924057466,0.19787641565902392,126705.33842143732,422.49201677438975,127127.8304382117,1022,2,217.7391304347826,37,9,18,38.74292093225876,0.5850225225225225,48.300438596491226,1006.7982456140347,27.210763394973913,8
2014,4,2,2,46,0.041666666666666664,0.041666666666666664,0.9583333333333334,48,1100,600,500,0.5454545454545454,16,6,10,347.45935455951303,0.44490617612293143,0.24616695836068025,0.17627488453846107,125603.7975627116,-789.2481340412401,124814.54942867036,1023,0,209.625,37,11,20,40.68949172318239,0.5737612612612613,49.396929824561404,1002.4122807017543,27.092223802750116,8
2015,4,1,0,47,0.02127659574468085,0.0,1.0,47,1400,900,500,0.6428571428571429,19,9,10,347.89573174752553,0.44825393154486587,0.2421707431687381,0.1769663160491028,125713.73523584177,-652.9456178824289,125060.78961795934,1024,0,197.63829787234042,37,10,21,40.56509220788688,0.5748873873873874,49.28728070175438,1002.8508771929822,27.104077761972494,0
2016,4,6,3,50,0.11320754716981132,0.05660377358490566,0.9433962264150944,53,1550,1300,250,0.8387096774193549,18,13,5,309.81488965216465,0.4554910498306725,0.2641669297758309,0.16342302726791852,127199.76463766542,-2701.9966518803335,124497.76798578509,1025,0,176.1509433962264,38,15,23,39.996602061710085,0.5882675438596492,47.80982905982906,1008.7606837606849,26.546333783175918,0
2017,4,0,0,50,0.0,0.0,1.0,50,850,400,450,0.47058823529411764,13,4,9,331.0647373599203,0.4500765306122449,0.2737689614935823,0.17290566643168806,126795.93474915992,-1604.4674327927526,125191.46731636717,1026,1,187.6,38,12,23,39.874606626356915,0.5841557017543859,48.210470085470085,1007.1581196581197,26.50416104363473,0
2018,4,2,1,51,0.038461538461538464,0.019230769230769232,0.9807692307692307,52,1450,900,550,0.6206896551724138,20,9,11,318.21323385163305,0.4526536576168929,0.28981472973763145,0.16890061501669695,127451.59718615361,-2287.607174580855,125163.99001157275,1027,0,181.34615384615384,37,15,16,39.527341911897786,0.5926238738738738,47.56030701754387,1009.758771929826,27.290777619725027,0
2019,4,1,0,52,0.019230769230769232,0.0,1.0,52,1500,900,600,0.6,21,9,12,316.31841788937834,0.4537770236299648,0.2933302460637315,0.16905156489983683,127728.54538175235,-2319.421721106465,125409.12366064588,1028,0,181.3846153846154,37,15,18,39.29238077159487,0.5954391891891893,47.28618421052633,1010.855263157897,27.320412517780998,0
2020,4,2,4,50,0.037037037037037035,0.07407407407407407,0.9259259259259259,54,1350,900,450,0.6666666666666666,18,9,9,304.5832855823739,0.45736518751455857,0.2989509648236368,0.16470323335121823,128200.04712988627,-2989.1291070329144,125210.91802285335,1029,0,175.62962962962962,37,17,20,39.10874115778839,0.6002252252252251,46.8201754385965,1012.7192982456153,27.370791844476088,0
2021,4,0,2,48,0.0,0.04,0.96,50,1200,900,300,0.75,15,9,6,329.53755189706374,0.4537670068027211,0.2948240534521154,0.17656606300928607,127831.16731596476,-1574.9660133105956,126256.20130265417,1030,1,185.96,36,14,21,38.85347067557532,0.5983796296296297,47.18468468468469,1011.2612612612625,28.090590590590622,0
2022,4,1,1,48,0.02040816326530612,0.02040816326530612,0.9795918367346939,49,1600,1100,500,0.6875,21,11,10,320.58462040816346,0.4525758219954648,0.2961072886297378,0.17336930955324034,128203.13169795946,-1579.242301062955,126623.8893968965,1031,0,188.48979591836735,35,14,23,38.7004761904762,0.6041666666666667,46.817129629629626,1012.7314814814808,28.935185185185166,0
2023,4,0,0,48,0.0,0.0,1.0,48,1100,800,300,0.7272727272727273,14,8,6,319.1957795387173,0.4531434692671395,0.2843921389396713,0.17287137763136445,128261.74554183787,-1411.8784293553094,126849.86711248256,1032,1,188.85416666666666,35,13,23,38.67592169408897,0.6047619047619048,46.759259259259245,1012.9629629629608,28.94179894179888,0
2024,4,1,1,48,0.02040816326530612,0.02040816326530612,0.9795918367346939,49,1250,800,450,0.64,17,8,9,314.7468406666166,0.45415249433106575,0.29289904641101705,0.17228851970876144,128686.69979100717,-1699.253560993434,126987.44623001374,1033,0,185.9795918367347,36,13,20,38.356224565297815,0.6070601851851851,46.34009009009009,1014.6396396396392,28.184434434434422,0
2025,4,0,0,48,0.0,0.0,1.0,48,1100,900,200,0.8181818181818182,13,9,4,322.72471382998685,0.45360520094562645,0.2979452054794518,0.17581271723573885,128496.33487654301,-1306.211419753115,127190.1234567899,1034,1,190.8125,35,13,20,38.34760273972602,0.6071428571428572,46.527777777777764,1013.8888888888873,28.968253968253922,0
2026,4,0,0,48,0.0,0.0,1.0,48,2100,1500,600,0.7142857142857143,27,15,12,322.26095324726134,0.4532727541371158,0.29534761035702095,0.1764685682147869,128701.77636584779,-1304.8885727452152,127396.88779310258,1035,2,191.8125,35,13,20,38.15028420972586,0.6092261904761904,46.325231481481474,1014.6990740740731,28.99140211640209,0
2027,4,0,2,46,0.0,0.041666666666666664,0.9583333333333334,48,1200,1000,200,0.8333333333333334,14,10,4,324.14416471261956,0.45303265366430256,0.2983071135430919,0.17815743188340186,128848.6207561726,-1246.8942901234823,127601.72646604912,1036,3,192.8125,35,13,20,37.953146374829,0.6107142857142858,46.18055555555554,1015.2777777777759,29.007936507936453,0
2028,4,0,1,45,0.0,0.021739130434782608,0.9782608695652174,46,1300,900,400,0.6923076923076923,17,9,8,341.9819134274332,0.4481783413848632,0.3148321990143159,0.18705839962956264,128657.32001133788,-400.3047052154174,128257.01530612247,1037,4,201.8913043478261,34,12,20,37.69532777908158,0.610906862745098,46.36904761904762,1014.5238095238096,29.838935574229694,0
2029,4,0,0,45,0.0,0.0,1.0,45,1550,1300,250,0.8387096774193549,18,13,5,343.156434812723,0.44715909090909095,0.3133008921330087,0.18804972627737224,128731.13854595338,-165.01628943758425,128566.1222565158,1038,5,203.24444444444444,35,10,20,37.59029045012166,0.6095238095238096,46.2962962962963,1014.814814814815,28.994708994709,0
2030,4,4,5,44,0.08163265306122448,0.10204081632653061,0.8979591836734694,49,1200,600,600,0.5,18,6,12,307.7388847197203,0.45376275510204084,0.287568574636228,0.17272425982848816,129675.59880203506,-1817.040492219371,127858.5583098157,1039,0,187.57142857142858,37,12,18,37.531287006136296,0.6151463963963963,45.3673245614035,1018.5307017543846,27.527856804172558,0
2031,4,1,0,45,0.022222222222222223,0.0,1.0,45,1300,700,600,0.5384615384615384,19,7,12,336.4221277375427,0.4452651515151515,0.24200323882725439,0.17674657385251247,127036.73846760546,-452.40602877807885,126584.33243882739,1040,0,204.62222222222223,37,8,20,39.49269451091292,0.5884009009009009,47.97149122807018,1008.1140350877198,27.246325272641077,8
2032,4,0,0,45,0.0,0.0,1.0,45,1650,1100,550,0.6666666666666666,22,11,11,360.46068350828136,0.444760101010101,0.19131836499712152,0.18601313346817788,126305.47417534761,110.44068246964645,126415.91485781726,1041,1,205.62222222222223,39,6,12,39.639464594127816,0.5774572649572649,48.697916666666686,1005.2083333333366,25.774572649572733,8
2033,4,1,0,46,0.021739130434782608,0.0,1.0,46,1500,1100,400,0.7333333333333333,19,11,8,352.5434915244909,0.4459541062801932,0.19710887559767531,0.1836556135518757,126692.19655454795,-267.09813555050187,126425.09841899744,1042,0,202.1304347826087,41,5,13,39.440448035737745,0.5782520325203252,48.31349206349207,1006.7460317460334,24.554781262098377,0
2034,4,1,0,47,0.02127659574468085,0.0,1.0,47,1250,900,350,0.72,16,9,7,375.509104735469,0.44777212457600984,0.2520158898154252,0.1992198007726758,127432.89531085161,337.4988923010407,127770.39420315265,1043,0,198.80851063829786,36,11,13,38.1001840285523,0.5943287037037037,47.57882882882884,1009.6846846846865,28.046796796796848,8
2035,4,1,0,48,0.020833333333333332,0.0,1.0,48,1400,800,600,0.5714285714285714,20,8,12,372.5530623912043,0.448757018321513,0.2597354769909268,0.19937967430698172,127783.97108966221,-78.73804920744527,127705.23304045477,1044,0,195.64583333333334,37,11,14,37.8143865452048,0.5960022522522522,47.23135964912281,1011.0745614035088,27.32633949739213,0
2036,4,1,2,47,0.02040816326530612,0.04081632653061224,0.9591836734693877,49,1600,1400,200,0.875,18,14,4,349.299142718081,0.44988307823129253,0.2717078318878092,0.17899200344953786,126017.0175414566,-972.1563847832978,125044.8611566733,1045,0,192.6326530612245,38,11,17,40.21711179683621,0.5762061403508771,48.98504273504273,1004.0598290598286,26.422627080521806,7
2037,4,0,2,45,0.0,0.0425531914893617,0.9574468085106383,47,1350,1000,350,0.7407407407407407,17,10,7,360.37848675446816,0.4498342584027135,0.275069183208289,0.18466624528319284,126016.31180988342,-317.2864487150314,125699.02536116839,1046,1,195.10638297872342,37,10,17,39.939731899093594,0.5779842342342343,48.98574561403507,1004.0570175438564,27.136676149833956,0
2038,4,2,2,45,0.0425531914893617,0.0425531914893617,0.9574468085106383,47,1450,1300,150,0.896551724137931,16,13,3,358.57447311785035,0.44973789700894234,0.2825396598508192,0.1856480359081459,126439.9339161795,-332.3704572575063,126107.563458922,1047,0,195.08510638297872,36,11,16,39.548342850744596,0.5842013888888888,48.56418918918918,1005.7432432432416,27.93731231231227,0
2039,4,2,1,46,0.0425531914893617,0.02127659574468085,0.9787234042553191,47,1150,700,450,0.6086956521739131,16,7,9,361.0240279466892,0.45345744680851063,0.30579275548574425,0.18808594462956876,126694.89590942285,-252.01967169873305,126442.87623772412,1048,0,195.74468085106383,36,11,18,39.22422632363907,0.5868055555555556,48.31081081081081,1006.7567567567561,27.965465465465446,0
2040,4,0,0,46,0.0,0.0,1.0,46,1400,1100,300,0.7857142857142857,17,11,6,365.4976776169673,0.45231481481481484,0.3150250317268404,0.19091001144194752,126800.4182205931,69.0516760973803,126869.46989669048,1049,1,200.56521739130434,35,11,19,39.003006971577435,0.5898809523809524,48.20601851851851,1007.1759259259245,28.776455026454986,0
2041,4,2,1,47,0.041666666666666664,0.020833333333333332,0.9791666666666666,48,1400,1100,300,0.7857142857142857,17,11,6,352.24248487611953,0.4546671838061466,0.31632591394250387,0.18648253939425033,127347.63215495899,-628.2158233527641,126719.41633160623,1050,0,193.16666666666666,36,12,14,38.77491725240804,0.5934606481481481,47.663288288288285,1009.3468468468467,28.037412412412408,0
2042,4,0,0,47,0.0,0.0,1.0,47,1050,700,350,0.6666666666666666,14,7,7,358.14076199940433,0.4537850755473327,0.3190464336442578,0.18922855534004876,127267.13204089494,-284.0904706790242,126983.04157021592,1051,1,198.27659574468086,35,12,20,38.708706125258075,0.5946428571428571,47.74305555555555,1009.0277777777768,28.82936507936505,0
2043,4,1,1,47,0.020833333333333332,0.020833333333333332,0.9791666666666666,48,1100,900,200,0.8181818181818182,13,9,4,350.9452004939725,0.4554613622931442,0.3232371080398273,0.18697626715153914,127603.50722343959,-643.6323147471888,126959.8749086924,1052,0,195.125,36,12,17,38.54538192896417,0.5960648148148149,47.409909909909906,1010.3603603603599,28.065565565565553,0
2044,4,0,1,46,0.0,0.02127659574468085,0.9787234042553191,47,600,400,200,0.6666666666666666,8,4,4,358.8367414769827,0.45407415972864634,0.3278147187831375,0.19077692556651207,127518.18700034499,-248.35785954873126,127269.82914079625,1053,1,199.6595744680851,36,11,17,38.43353959936077,0.5951967592592593,47.49436936936937,1010.0225225225229,28.05618118118119,0
2045,4,0,0,46,0.0,0.0,1.0,46,2150,1800,350,0.8372093023255814,25,18,7,359.3676255849656,0.45376409017713365,0.31493023413608046,0.1913286035087673,127575.06397867476,-30.7304348267063,127544.33354384806,1054,2,191.82608695652175,36,10,18,38.36180470404636,0.595775462962963,47.43806306306307,1010.2477477477488,28.062437437437467,0
2046,4,0,0,46,0.0,0.0,1.0,46,1300,1000,300,0.7692307692307693,16,10,6,361.03728580234576,0.4535829307568438,0.3172760210803689,0.19289706412868174,127717.31190650097,22.14232813893574,127739.4542346399,1055,3,192.82608695652175,36,10,18,38.173787507427214,0.5972222222222222,47.29729729729729,1010.8108108108098,28.07807807807805,0
2047,4,2,2,46,0.041666666666666664,0.041666666666666664,0.9583333333333334,48,1350,1100,250,0.8148148148148148,16,11,5,345.1471034133292,0.4558307476359338,0.31621983551563737,0.18728739768893532,128338.88942992045,-740.1274715666868,127598.76195835377,1056,0,185.75,37,11,20,37.93995509144032,0.6016328828828829,46.683114035087705,1013.2675438596467,27.385609293503965,0
2048,4,0,0,46,0.0,0.0,1.0,46,1400,1000,400,0.7142857142857143,18,10,8,354.0109062078655,0.45308977455716587,0.3267780081283138,0.19198529976806272,128315.61872260756,-114.97430707736356,128200.64441553019,1057,1,193.41304347826087,36,10,20,37.739200103738305,0.6032986111111112,46.706081081081074,1013.1756756756741,28.143768768768727,0
2049,4,0,1,45,0.0,0.021739130434782608,0.9782608695652174,46,1100,800,300,0.7272727272727273,14,8,6,356.7764786583904,0.4529488727858293,0.30307247669941506,0.18928153299710807,127432.89531085132,-63.00827854882618,127369.8870323025,1058,2,194.41304347826087,36,10,15,38.57303516990111,0.5943287037037037,47.578828828828826,1009.6846846846842,28.046796796796784,7
2050,4,1,1,45,0.021739130434782608,0.021739130434782608,0.9782608695652174,46,1500,1100,400,0.7333333333333333,19,11,8,354.6867164283234,0.4536634460547504,0.3148975556804743,0.18896966863390238,127603.50722343959,-148.14620363607736,127455.36101980352,1059,0,195.34782608695653,36,10,17,38.45087494427105,0.5960648148148149,47.409909909909906,1010.3603603603599,28.065565565565553,0
2051,4,2,1,46,0.0425531914893617,0.02127659574468085,0.9787234042553191,47,1750,1000,750,0.5714285714285714,25,10,15,339.1109341243805,0.4544017884674684,0.30499684432226193,0.18443126997302406,128429.74044568214,-687.3251207288438,127742.4153249533,1060,0,183.63829787234042,36,11,15,38.00017590638077,0.6044560185185186,46.593468468468465,1013.6261261261259,28.156281281281274,0
2052,4,0,0,46,0.0,0.0,1.0,46,1600,900,700,0.5625,23,9,14,354.19103666817534,0.4539251207729469,0.24935245143385698,0.18173557558301612,126070.65892322327,-172.28702053174925,125898.37190269152,1061,1,188.6304347826087,38,8,15,40.03900709219859,0.5767543859649122,48.931623931623946,1004.2735042735063,26.42825011246069,8
2053,4,2,1,47,0.041666666666666664,0.020833333333333332,0.9791666666666666,48,1300,700,600,0.5384615384615384,19,7,12,339.8504297688002,0.45746527777777773,0.255775931724068,0.17644777688206065,126554.60048788771,-998.0729269944941,125556.52756089321,1062,0,181.72916666666666,40,8,14,39.9012725987274,0.5783854166666667,48.45020325203253,1006.1991869918717,25.15497967479679,0
2054,4,3,2,48,0.06,0.04,0.96,50,1300,800,500,0.6153846153846154,18,8,10,328.172610072236,0.4582482993197279,0.2740993371121141,0.17295942775908396,127165.30449079096,-1653.5660229252917,125511.73846786567,1063,0,175.34,42,8,17,39.56892272712718,0.5815972222222222,47.84399224806202,1008.6240310077532,24.01485788113698,0
2055,4,0,0,48,0.0,0.0,1.0,48,1100,800,300,0.7272727272727273,14,8,6,335.7011133119322,0.4561354905437352,0.284951790633609,0.17660797700323402,127092.01388888896,-1067.0138888888791,126025.00000000009,1064,1,183.14583333333334,40,8,18,39.45420110192837,0.5838541666666667,47.91666666666667,1008.333333333334,25.20833333333335,0
2056,4,2,2,48,0.04,0.04,0.96,50,1300,800,500,0.6153846153846154,18,8,10,326.4056495810543,0.45874149659863944,0.2900930455635484,0.1736997905504081,127556.54450040573,-1672.9646468060753,125883.57985359964,1065,0,176.78,42,8,15,39.2132294164668,0.5855654761904762,47.45639534883721,1010.174418604652,24.051771871539334,0
2057,4,3,1,50,0.058823529411764705,0.0196078431372549,0.9803921568627451,51,1500,1000,500,0.6666666666666666,20,10,10,322.907243733749,0.4598366013071895,0.30248901957113494,0.17343479561627134,127928.89051200925,-1938.1669141701148,125990.72359783914,1066,0,172.88235294117646,43,8,18,38.9213587007395,0.5879360465116279,47.08806818181818,1011.6477272727269,23.52669133192388,0
2058,4,0,3,47,0.0,0.06,0.94,50,1450,1000,450,0.6896551724137931,19,10,9,329.0723492021553,0.4594132653061225,0.29661302681992363,0.17672403938634249,127923.87777176837,-1580.7578045189741,126343.1199672494,1067,1,177.28,42,8,18,38.77055395913155,0.5892857142857143,47.09302325581395,1011.6279069767429,24.086378737541498,0
2059,4,0,0,47,0.0,0.0,1.0,47,1000,700,300,0.7,13,7,6,335.38481863310915,0.4579478877582485,0.28811388569950225,0.1797207501463688,127836.02812685899,-825.1473783792726,127010.88074847971,1068,2,183.61702127659575,40,7,18,38.70067497403947,0.59140625,47.17987804878049,1011.2804878048779,25.282012195121947,0
2060,4,2,1,48,0.04081632653061224,0.02040816326530612,0.9795918367346939,49,1450,900,550,0.6206896551724138,20,9,11,321.40967321255835,0.4594316893424036,0.2829809425238672,0.1744356217955933,128345.50284234053,-1549.3309721298674,126796.17187021066,1069,0,177.08163265306123,41,8,20,38.53452777233863,0.595020325203252,46.6765873015873,1013.2936507936499,24.714479287649997,0
2061,4,1,3,46,0.02040816326530612,0.061224489795918366,0.9387755102040817,49,1650,1200,450,0.7272727272727273,21,12,9,322.76353907682596,0.4601580215419501,0.2769345633196054,0.17616720021262108,128571.78411005612,-1500.3431870433299,127071.4409230128,1070,0,176.81632653061226,41,8,15,38.26981235123414,0.5973069105691057,46.45337301587302,1014.1865079365084,24.736256291134353,0
2062,4,0,1,45,0.0,0.021739130434782608,0.9782608695652174,46,1100,600,500,0.5454545454545454,16,6,10,332.4131117325541,0.45896739130434777,0.2646443561400138,0.18033364962758267,128329.16802300364,-668.3403862847024,127660.82763671894,1071,1,183.7391304347826,39,7,21,38.2724418285871,0.5980235042735043,46.69270833333334,1013.2291666666681,25.980235042735078,0
2063,4,1,2,44,0.021739130434782608,0.043478260869565216,0.9565217391304348,46,1250,900,350,0.72,16,9,7,375.8908152297426,0.4587862318840579,0.27757407073173046,0.19222930293927734,125933.75485726378,273.3765587728895,126207.13141603666,1072,0,168.91304347826087,37,9,18,39.635678391959786,0.5771396396396397,49.06798245614035,1003.7280701754386,27.127785680417258,8
2064,4,2,1,45,0.043478260869565216,0.021739130434782608,0.9782608695652174,46,1250,900,350,0.72,16,9,7,370.1791641428444,0.45880636070853464,0.2915660993802369,0.19122100033947825,126346.8101362919,154.1913136734369,126501.00144996533,1073,0,169.58695652173913,37,9,16,39.35259661177156,0.5813626126126126,48.656798245614034,1005.3728070175436,27.172238027501177,0
2065,4,0,1,44,0.0,0.022222222222222223,0.9777777777777777,45,1150,800,350,0.6956521739130435,15,8,7,374.30090866317244,0.45892255892255895,0.30030864197530893,0.1933888028093058,126355.00365230099,458.9585362389498,126813.96218853994,1074,1,174.35555555555555,36,9,16,39.24054472819594,0.5833333333333333,48.64864864864865,1005.4054054054058,27.92792792792794,0
2066,4,1,0,45,0.022222222222222223,0.0,1.0,45,1250,900,350,0.72,16,9,7,371.26040074151945,0.45991161616161613,0.29707523834383776,0.193284608167061,126666.55411746186,405.25512843923184,127071.80924590108,1075,0,174.04444444444445,36,9,17,38.995786254987514,0.5865162037037037,48.338963963963955,1006.6441441441425,27.962337337337292,0
2067,4,4,3,46,0.08163265306122448,0.061224489795918366,0.9387755102040817,49,850,400,450,0.47058823529411764,13,4,9,344.306373603437,0.46263818027210885,0.2949208760210178,0.1837563315288289,127673.13169677187,-1006.1253836904496,126667.00631308142,1076,0,160.75510204081633,37,12,16,38.641798669125905,0.5948761261261262,47.341008771929815,1010.635964912279,27.314485538169702,0
2068,4,0,1,45,0.0,0.021739130434782608,0.9782608695652174,46,1100,600,500,0.5454545454545454,16,6,10,367.15117822253137,0.4578401771336554,0.3091912858770054,0.19372597037719352,127212.0819160997,141.21315192742958,127353.29506802713,1077,1,172.02173913043478,34,12,20,38.537978915899615,0.5962009803921569,47.797619047619044,1008.8095238095232,29.670868347338917,0
2069,4,1,0,46,0.021739130434782608,0.0,1.0,46,1750,1400,350,0.8,21,14,7,360.56826758648185,0.4579810789049919,0.30731463075612386,0.1917537642429752,127530.0353250384,-3.3432195216277023,127526.69210551678,1078,0,172.3695652173913,35,11,17,38.37766414575455,0.5973214285714286,47.48263888888888,1010.0694444444431,28.859126984126945,0
2070,4,2,2,46,0.041666666666666664,0.041666666666666664,0.9583333333333334,48,1200,900,300,0.75,15,9,6,345.54068820366984,0.4590351654846336,0.3014670447805452,0.1867248718946755,128173.03790276764,-740.7231547073593,127432.31474806028,1079,0,166.14583333333334,36,12,20,38.099375370699875,0.6018518518518519,46.846846846846844,1012.6126126126127,28.12812812812813,0
2071,4,1,2,45,0.02127659574468085,0.0425531914893617,0.9574468085106383,47,2100,1500,600,0.7142857142857143,27,15,12,351.8047064927198,0.45663737280296024,0.29744467015930764,0.1910919361073357,128379.01341735237,-367.13177297669597,128011.88164437568,1080,0,170.2340425531915,35,12,15,37.73031825795647,0.605952380952381,46.64351851851851,1013.4259259259245,28.955026455026413,0
2072,4,2,1,46,0.0425531914893617,0.02127659574468085,0.9787234042553191,47,1500,900,600,0.6,21,9,12,359.0824794446172,0.45632901634289236,0.3260224048643008,0.1971235974247123,128800.9863748883,-149.96449151855967,128651.02188336974,1081,0,170.89361702127658,36,11,18,37.11495081724725,0.6082175925925926,46.22747747747747,1015.0900900900892,28.196946946946923,0
2073,4,1,0,47,0.02127659574468085,0.0,1.0,47,1500,1100,400,0.7333333333333333,19,11,8,352.49734519345816,0.4562904717853839,0.32142725903061087,0.1943771074923922,128978.53185595533,-307.0819867652019,128671.44986919012,1082,0,171.82978723404256,37,10,20,37.10105426021875,0.6081081081081081,46.05263157894735,1015.7894736842077,27.45376955903264,0
2074,4,1,3,45,0.020833333333333332,0.0625,0.9375,48,1350,800,550,0.5925925925925926,19,8,11,347.46424454668073,0.45670803782505914,0.31838938204165235,0.19311627557442643,129289.65627411255,-614.7163503567481,128674.93992375581,1083,0,169.22916666666666,35,13,21,36.91212871287128,0.6151785714285714,45.74652777777777,1017.0138888888881,29.05753968253966,0
2075,4,1,1,45,0.021739130434782608,0.021739130434782608,0.9782608695652174,46,1050,800,250,0.7619047619047619,13,8,5,357.43079817253397,0.4578804347826087,0.31717747683535236,0.19821162444113272,129201.38888888907,36.11111111113024,129237.50000000019,1084,0,172.17391304347825,36,10,22,36.74863387978142,0.6122685185185186,45.83333333333334,1016.6666666666681,28.24074074074078,0
2076,4,2,0,47,0.0425531914893617,0.0,1.0,47,1350,800,550,0.5925925925925926,19,8,11,346.7282254590772,0.45800570459451123,0.30648740373319416,0.19488517499941233,129731.4453125,-403.6892361111107,129327.75607638889,1085,0,168.25531914893617,35,12,19,36.48176550783912,0.6196428571428572,45.3125,1018.75,29.107142857142858,0
2077,4,0,1,46,0.0,0.02127659574468085,0.9787234042553191,47,1350,700,650,0.5185185185185185,20,7,13,349.36620647217273,0.45740826395312983,0.3080031320386287,0.1966636880934148,129790.4074502743,-331.1235425240119,129459.28390775029,1086,1,169.25531914893617,35,12,19,36.354687263365136,0.6202380952380953,45.254629629629626,1018.9814814814811,29.113756613756603,0
2078,4,0,2,44,0.0,0.043478260869565216,0.9565217391304348,46,1000,400,600,0.4,16,4,12,359.6053161382682,0.45630032206119164,0.3140042985402238,0.20204482535752866,129716.28578514735,129.33319160997183,129845.61897675732,1087,2,173.8695652173913,34,12,19,36.16921818394296,0.6216299019607843,45.32738095238095,1018.6904761904759,29.961484593837525,0
2079,4,0,0,44,0.0,0.0,1.0,44,900,600,300,0.6666666666666666,12,6,6,377.12226539169615,0.45450140944326994,0.3254173246108729,0.2104989930094925,129458.25043362926,964.3177354351649,130422.56816906443,1088,3,181.6818181818182,32,12,20,35.986093879239036,0.6236979166666667,45.58080808080808,1017.676767676768,31.802398989899,0
2080,4,0,1,43,0.0,0.022727272727272728,0.9772727272727273,44,1250,1000,250,0.8,15,10,5,375.4775459181669,0.45377466525722343,0.32150267247017505,0.2099237153392691,129522.50567544127,926.5585144373033,130449.06418987857,1089,4,182.6818181818182,32,12,20,35.962436946994146,0.6243489583333333,45.51767676767677,1017.9292929292927,31.810290404040398,0
2081,4,0,0,43,0.0,0.0,1.0,43,1400,900,500,0.6428571428571429,19,9,10,374.038132250075,0.4535806570690291,0.3170723905185373,0.19848592857358,127442.37075617282,933.6612654320963,128376.03202160491,1090,5,181.51162790697674,35,8,15,38.12757909215956,0.5964285714285714,47.56944444444444,1009.7222222222222,28.849206349206348,8
2082,4,0,0,43,0.0,0.0,1.0,43,1250,1000,250,0.8,15,10,5,374.1068898895644,0.45275009228497604,0.31374152131783006,0.19952367460776754,127645.4293628808,950.6069175130742,128596.03628039386,1091,6,182.51162790697674,37,6,16,37.91729962384261,0.5945945945945945,47.368421052631575,1010.5263157894728,27.311522048364132,0
2083,4,0,0,43,0.0,0.0,1.0,43,1300,1000,300,0.7692307692307693,16,10,6,372.38621629676925,0.4524501661129568,0.3118836982268669,0.19901614655303876,127728.5453817522,912.8699455601852,128641.4153273124,1092,7,183.51162790697674,37,6,18,37.87547004375021,0.5954391891891893,47.28618421052632,1010.8552631578958,27.32041251778097,0
2084,4,0,0,43,0.0,0.0,1.0,43,1800,1500,300,0.8333333333333334,21,15,6,374.4730429418115,0.4520118124769288,0.32062519694964386,0.20096066440594607,127894.85857427293,978.6353733841295,128873.49394765706,1093,8,184.51162790697674,37,6,20,37.65210027100271,0.5971283783783784,47.121710526315795,1011.5131578947374,27.338193456614526,0
2085,4,0,0,43,0.0,0.0,1.0,43,950,700,250,0.7368421052631579,12,7,5,372.1542118047612,0.4518733850129199,0.3199608832521341,0.19999224882484182,127950.32035097349,923.450124076654,128873.77047505014,1094,9,185.51162790697674,37,6,20,37.65387359560711,0.5976914414414414,47.06688596491229,1011.7324561403517,27.344120436225722,0
2086,4,1,0,44,0.022727272727272728,0.0,1.0,44,1500,1100,400,0.7333333333333333,19,11,8,367.69713964073946,0.45289376321353064,0.3218248514491291,0.19926526916916223,128287.09621783948,634.454228211427,128921.55044605091,1095,0,182.27272727272728,36,8,21,37.421724470134876,0.6030092592592593,46.734234234234236,1013.0630630630633,28.140640640640648,0
2087,4,2,1,45,0.043478260869565216,0.021739130434782608,0.9782608695652174,46,1300,1000,300,0.7692307692307693,16,10,6,350.28017255757754,0.45410628019323673,0.3197620974933797,0.19305006379738493,128957.11343277452,-165.77601084812358,128791.3374219264,1096,0,175.30434782608697,38,8,19,37.17918375933522,0.6060855263157895,46.07371794871795,1015.7051282051285,26.729082321187594,0
2088,4,2,1,46,0.0425531914893617,0.02127659574468085,0.9787234042553191,47,650,300,350,0.46153846153846156,10,3,7,342.14486667226316,0.45611702127659576,0.3133303808680248,0.19028648003595303,129315.90374157931,-550.3520539870741,128765.55168759223,1097,0,171.0212765957447,36,11,22,37.02068571006789,0.6134259259259259,45.72072072072071,1017.1171171171163,28.25325325325323,0
2089,4,0,0,46,0.0,0.0,1.0,46,1350,900,450,0.6666666666666666,18,9,9,344.35217651088834,0.4555454911433172,0.30121267534467466,0.19193225877704317,129401.82317029838,-288.0401093661511,129113.78306093223,1098,1,170.17391304347825,36,10,22,36.877190555248134,0.6142939814814814,45.63626126126125,1017.4549549549525,28.26263763763757,0
2090,4,0,0,46,0.0,0.0,1.0,46,1350,1000,350,0.7407407407407407,17,10,7,343.45605074999685,0.455817230273752,0.296641234594033,0.1918514083237617,129487.77113261884,-305.3283012742768,129182.44283134457,1099,2,171.17391304347825,36,10,17,36.81262447444124,0.615162037037037,45.55180180180179,1017.7927927927907,28.272022022021964,0
2091,4,0,3,43,0.0,0.06521739130434782,0.9347826086956522,46,1850,1400,450,0.7567567567567568,23,14,9,345.0984434836343,0.45494162640901775,0.297290540930331,0.19361478429689752,129659.75265806346,-250.9242350458585,129408.8284230176,1100,3,172.17391304347825,36,10,18,36.59608580274215,0.6168981481481481,45.38288288288288,1018.4684684684684,28.290790790790787,0
2092,4,0,0,43,0.0,0.0,1.0,43,2000,1600,400,0.8,24,16,8,357.19409902141035,0.45272702104097456,0.3013492234010442,0.19976237676468805,129534.44054705222,653.7875566893559,130188.22810374157,1101,4,183.06976744186048,34,9,18,36.415575176392636,0.6197916666666667,45.50595238095239,1017.9761904761909,29.940476190476204,0
2093,4,0,1,42,0.0,0.023255813953488372,0.9767441860465116,43,1050,700,350,0.6666666666666666,14,7,7,359.44937466684183,0.45226559616094497,0.30940509268069905,0.20148951185453232,129625.34722222218,718.7499999999959,130344.09722222218,1102,5,184.06976744186048,34,9,18,36.265684669939986,0.6207107843137255,45.416666666666664,1018.3333333333329,29.95098039215685,0
2094,4,0,1,41,0.0,0.023809523809523808,0.9761904761904762,42,950,600,350,0.631578947368421,13,6,7,361.74292174163736,0.45221157568718545,0.30340096295677843,0.20293184888522667,129655.65653344667,980.4032029478418,130636.05973639451,1103,6,186.0,34,8,18,36.176456263393725,0.6210171568627452,45.38690476190476,1018.4523809523806,29.954481792717075,0
2095,4,0,0,41,0.0,0.0,1.0,41,1400,1000,400,0.7142857142857143,18,10,8,364.71185742188044,0.4514989837398374,0.29733660198612166,0.20545667975685586,129819.89354263118,1269.3709008487626,131089.26444347994,1104,7,187.34146341463415,35,6,19,35.9337734241908,0.6205357142857143,45.22569444444444,1019.0972222222223,29.117063492063494,0
2096,4,0,0,41,0.0,0.0,1.0,41,1450,1200,250,0.8275862068965517,17,12,5,362.6201299819187,0.4503810975609756,0.29407807867659863,0.2052052643076867,129996.88042534703,1227.8971354166424,131224.77756076367,1105,8,188.34146341463415,35,6,20,35.80715866530473,0.6223214285714286,45.05208333333332,1019.791666666665,29.136904761904717,0
2097,4,1,1,41,0.023809523809523808,0.023809523809523808,0.9761904761904762,42,1600,1200,400,0.75,20,12,8,353.7651498802631,0.4511711188540457,0.28313788201847934,0.20172140461257543,130292.97052154188,819.1649837018083,131112.1355052437,1106,0,184.83333333333334,34,8,22,35.73247046019901,0.6274509803921569,44.76190476190476,1020.9523809523804,30.028011204481775,0
2098,4,1,0,42,0.023809523809523808,0.0,1.0,42,1050,800,250,0.7619047619047619,13,8,5,353.35259664905533,0.44950154858691443,0.28924162257495567,0.20307131156819208,130597.00255102044,829.3579931972799,131426.36054421772,1107,0,184.35714285714286,34,8,17,35.43486489634287,0.6305147058823529,44.464285714285715,1022.1428571428575,30.063025210084042,0
2099,4,0,2,40,0.0,0.047619047619047616,0.9523809523809523,42,1450,1200,250,0.8275862068965517,17,12,5,353.84672626934224,0.4495257452574526,0.2884125007412679,0.2036174679568143,130646.86381440746,845.7930116169257,131492.65682602438,1108,1,185.35714285714286,35,7,17,35.371735725876455,0.6288690476190476,44.41550925925925,1022.337962962962,29.209656084656057,0
2100,4,0,0,40,0.0,0.0,1.0,40,1300,900,400,0.6923076923076923,17,9,8,372.9642593315356,0.447409188034188,0.3063054955603548,0.21318821243271732,130387.71896626303,1725.9918060361447,132113.71077229918,1109,2,195.0,33,7,22,35.1461883049356,0.6306818181818181,44.669117647058826,1021.3235294117652,30.94919786096258,0
2101,4,2,0,42,0.047619047619047616,0.0,1.0,42,900,700,200,0.7777777777777778,11,7,4,360.13962848393174,0.4483159117305459,0.2493188296445339,0.20873398875395224,130924.43795146496,1048.9734981579786,131973.41144962294,1110,0,186.66666666666666,36,6,19,34.929760856807505,0.6296296296296297,44.14414414414414,1023.4234234234233,28.428428428428425,7
2102,4,0,0,42,0.0,0.0,1.0,42,1350,800,550,0.5925925925925926,19,8,11,365.9351158191439,0.44773519163763065,0.24682941133348035,0.2130482678142953,131097.37059694823,1194.6262985958883,132291.9968955441,1111,1,187.66666666666666,36,6,19,34.606379664247505,0.6313657407407407,43.97522522522522,1024.0990990990986,28.447197197197184,0
2103,4,0,2,40,0.0,0.047619047619047616,0.9523809523809523,42,1200,800,400,0.6666666666666666,16,8,8,362.7476483138398,0.44723915989159896,0.2433586163936825,0.21166872076401566,131183.87972009182,1117.3287730297966,132301.2084931216,1112,2,188.66666666666666,36,6,19,34.600463522773076,0.6322337962962963,43.89076576576577,1024.4369369369379,28.456581581581606,0
2104,4,0,1,39,0.0,0.025,0.975,40,1100,900,200,0.8181818181818182,13,9,4,367.08634222919926,0.44679487179487176,0.22733516483516492,0.21468417186926186,131270.4173768364,1637.515471552644,132907.93284838906,1113,3,189.775,36,4,19,34.40178571428571,0.6331018518518519,43.80630630630631,1024.7747747747756,28.46596596596599,0
2105,4,0,0,39,0.0,0.0,1.0,39,1100,900,200,0.8181818181818182,13,9,4,368.94883493560076,0.4458783175888439,0.2481331951838217,0.21644328109437314,131389.14399092985,1895.1870013284238,133284.33099225827,1114,4,195.2051282051282,34,5,20,34.23396617123393,0.6384803921568627,43.6904761904762,1025.2380952380963,30.15406162464989,0
2106,4,0,0,39,0.0,0.0,1.0,39,1450,1100,350,0.7586206896551724,18,11,7,364.777569033766,0.4442757534862798,0.24105955536515933,0.21519629483244565,131602.8220663266,1801.1515022675812,133403.97356859417,1115,5,196.2051282051282,34,5,16,34.124946822910616,0.640625,43.48214285714286,1026.0714285714291,30.178571428571445,0
2107,4,0,0,39,0.0,0.0,1.0,39,950,500,450,0.5263157894736842,14,5,9,365.38469326854573,0.44405083220872693,0.24049800873835148,0.21590003020343634,131663.90483276665,1821.595096371903,133485.49992913855,1116,6,197.2051282051282,34,5,16,34.04767428372578,0.6412377450980392,43.42261904761906,1026.3095238095254,30.185574229691923,0
2108,4,0,0,39,0.0,0.0,1.0,39,1150,800,350,0.6956521739130435,15,8,7,362.7793380367423,0.4427294197031039,0.23378931911276024,0.21522246010350332,131816.67375283447,1764.0731292517032,133580.74688208618,1117,7,198.2051282051282,34,5,17,33.96031378004482,0.6427696078431373,43.273809523809526,1026.904761904762,30.203081232493,0
2109,4,0,1,38,0.0,0.02564102564102564,0.9743589743589743,39,1150,800,350,0.6956521739130435,15,8,7,374.5726162121716,0.4427856500224921,0.2500764688980137,0.20821019035129357,129294.84941188488,1940.5404594435822,131235.38987132846,1118,8,199.2051282051282,33,6,20,36.21759147688477,0.6196338383838385,45.74142156862745,1017.0343137254904,30.819221628045163,8
2110,4,0,0,38,0.0,0.0,1.0,38,1000,600,400,0.6,14,6,8,380.386241239523,0.44290836889521096,0.25893364696657817,0.21145694776979693,129297.68207644632,2236.611857208454,131534.2939336548,1119,9,205.23684210526315,32,6,20,36.066883923029174,0.6220703125,45.73863636363637,1017.0454545454548,31.782670454545464,0
2111,4,0,0,38,0.0,0.0,1.0,38,1250,900,350,0.72,16,9,7,381.41013024152664,0.4429676386913229,0.26204099227965627,0.21254514726737372,129394.01113406806,2270.4373278236994,131664.44846189176,1120,10,206.23684210526315,32,6,20,35.94254157359145,0.623046875,45.6439393939394,1017.4242424242433,31.794507575757603,0
2112,4,0,1,37,0.0,0.02631578947368421,0.9736842105263158,38,650,400,250,0.6153846153846154,9,4,5,385.0196586716647,0.44256756756756754,0.258466691477484,0.21508270745338098,129490.37606175388,2371.268078512392,131861.64414026626,1121,11,207.23684210526315,32,6,17,35.75238804118595,0.6240234375,45.54924242424242,1017.8030303030301,31.806344696969692,0
2113,4,2,0,39,0.05128205128205128,0.0,1.0,39,1200,900,300,0.75,15,9,6,388.04413281736845,0.4440227170490328,0.3263275244968611,0.2083234472250491,127910.26341735251,2126.965449245541,130037.22886659806,1122,0,202.2051282051282,35,4,18,37.29309687261634,0.6011904761904762,47.10648148148148,1011.5740740740738,28.902116402116395,8
2114,4,0,0,39,0.0,0.0,1.0,39,1800,1400,400,0.7777777777777778,22,14,8,385.5995532948608,0.44362910481331536,0.32195230640234085,0.20791946320079246,128085.94419795959,2077.9765732167416,130163.92077117633,1123,1,203.2051282051282,35,4,18,37.174613156490594,0.6029761904761906,46.932870370370374,1012.2685185185189,28.921957671957685,0
2115,4,1,1,39,0.025,0.025,0.975,40,1050,800,250,0.7619047619047619,13,8,5,375.8049382716051,0.4442975427350427,0.31787222222222256,0.20424181427804625,128401.20525931333,1650.761403295187,130051.96666260851,1124,0,199.1,36,4,18,37.09953703703703,0.6041666666666667,46.62162162162162,1013.5135135135132,28.153153153153145,0
2116,4,0,0,39,0.0,0.0,1.0,39,1250,1000,250,0.8,15,10,5,373.4762606326287,0.44472559604138556,0.297941577558104,0.20376083410106416,128555.01570001709,1802.4493098422438,130357.46500985933,1125,1,197.89743589743588,35,4,18,37.001160313474855,0.6077380952380953,46.469907407407405,1014.1203703703699,28.97486772486771,0
2117,4,3,2,40,0.07142857142857142,0.047619047619047616,0.9523809523809523,42,950,700,250,0.7368421052631579,12,7,5,348.6905238462154,0.44967092528068137,0.27546638507567844,0.18740631446218234,127955.298277814,523.3599970779187,128478.65827489192,1126,0,184.6904761904762,38,4,19,38.24225624780007,0.5959429824561404,47.0619658119658,1011.7521367521342,26.62505623031932,8
2118,4,0,0,40,0.0,0.0,1.0,40,1050,600,450,0.5714285714285714,15,6,9,361.7511271460613,0.4493322649572649,0.2816681509517982,0.19423851614782212,127916.59216226335,1254.7942790763402,129171.38644133968,1127,1,193.3,36,4,19,37.95154736724923,0.5992476851851851,47.10022522522521,1011.599099099097,28.099974974974916,0
2119,4,1,0,41,0.024390243902439025,0.0,1.0,41,1650,1500,150,0.9090909090909091,18,15,3,354.17653386283644,0.4504573170731707,0.28047347453498017,0.19197721676259472,128295.24518140574,888.4417667115356,129183.68694811728,1128,0,189.5609756097561,34,7,20,37.75582647865256,0.6072303921568627,46.72619047619047,1013.0952380952369,29.79691876750697,0
2120,4,0,0,41,0.0,0.0,1.0,41,1350,800,550,0.5925925925925926,19,8,11,357.70870306243427,0.4499237804878049,0.2843189206994825,0.19462553396655793,128446.0476899095,989.2538265306346,129435.30151644013,1129,1,190.5609756097561,34,7,18,37.512233313760035,0.6087622549019608,46.57738095238096,1013.6904761904777,29.81442577030817,0
2121,4,0,0,41,0.0,0.0,1.0,41,1150,700,450,0.6086956521739131,16,7,9,354.9071463528073,0.4496951219512195,0.2759810935246989,0.19362991384453943,128555.01570001736,925.0187542867181,129480.03445430408,1130,2,191.5609756097561,35,6,18,37.4719432397474,0.6077380952380953,46.46990740740742,1014.1203703703721,28.974867724867774,0
2122,4,0,0,41,0.0,0.0,1.0,41,1250,800,450,0.64,17,8,9,355.27287632678116,0.4490853658536585,0.26648730142833554,0.19461178653985556,128715.26668137731,945.8086042123226,129661.07528558963,1131,3,192.5609756097561,36,5,18,37.299088151518504,0.607349537037037,46.31193693693694,1014.7522522522522,28.18756256256256,0
2123,4,0,0,41,0.0,0.0,1.0,41,1800,1500,300,0.8333333333333334,21,15,6,356.47265727418545,0.4486788617886179,0.2745021619941961,0.1962930886845127,128922.84765504769,991.4940173899649,129914.34167243766,1132,4,193.5609756097561,37,4,20,37.0568811631757,0.607545045045045,46.10745614035088,1015.5701754385964,27.447842579421525,0
2124,4,1,1,41,0.023809523809523808,0.023809523809523808,0.9761904761904762,42,950,500,450,0.5263157894736842,14,5,9,347.4642445466809,0.44938056523422376,0.2690744443902522,0.19311627557442657,129289.65627411264,585.608268756841,129875.26454286948,1133,0,189.92857142857142,35,7,22,36.91212871287129,0.6151785714285714,45.74652777777778,1017.0138888888888,29.05753968253968,0
2125,4,0,0,41,0.0,0.0,1.0,41,1400,900,500,0.6428571428571429,19,9,10,349.2671180379733,0.4483231707317073,0.25607120364230584,0.19469925394241117,129407.39300679442,839.5494416580951,130246.94244845251,1134,1,189.73170731707316,35,6,22,36.74650684412088,0.6163690476190475,45.63078703703704,1017.476851851852,29.0707671957672,0
2126,4,0,1,40,0.0,0.024390243902439025,0.975609756097561,41,1750,1400,350,0.8,21,14,7,349.3335700994206,0.4479166666666667,0.2591570851482077,0.1956134574261365,129584.0985752101,853.6151566786799,130437.71373188878,1135,2,190.73170731707316,35,6,19,36.565140578227435,0.6181547619047619,45.45717592592593,1018.1712962962966,29.090608465608476,0
2127,4,1,0,41,0.024390243902439025,0.0,1.0,41,900,600,300,0.6666666666666666,12,6,6,344.94423387023346,0.44931402439024387,0.24592988151094297,0.19446728063132376,129849.38298396788,758.1591863854743,130607.54217035335,1136,0,187.8780487804878,35,6,20,36.40746839276252,0.6208333333333333,45.19675925925927,1019.212962962964,29.1203703703704,0
2128,4,0,0,41,0.0,0.0,1.0,41,1100,1000,100,0.9090909090909091,12,10,2,346.41572551291165,0.4493394308943089,0.24220530475682533,0.19578326958763456,129946.6421658146,803.1120647674907,130749.7542305821,1137,1,188.8780487804878,36,5,21,36.271261320963134,0.6197916666666667,45.10135135135136,1019.5945945945957,28.322072072072103,0
2129,4,1,1,41,0.023809523809523808,0.023809523809523808,0.9761904761904762,42,1200,700,500,0.5833333333333334,17,7,10,383.38134604842475,0.44864256678281067,0.2578705900965039,0.21291104273168976,129258.63997443386,1541.6646376105798,130800.30461204443,1138,0,185.35714285714286,36,6,18,36.03059246954595,0.6128472222222222,45.777027027027025,1016.8918918918916,28.24699699699699,8
2130,4,0,0,41,0.0,0.0,1.0,41,2050,1600,450,0.7804878048780488,25,16,9,390.40150237857836,0.4479166666666667,0.27005108804783795,0.218118857173902,129495.73072059323,1911.0655649862827,131406.7962855795,1139,1,190.7560975609756,35,6,14,35.60998028959139,0.6172619047619048,45.54398148148148,1017.8240740740737,29.08068783068782,0
2131,4,0,1,40,0.0,0.024390243902439025,0.975609756097561,41,750,300,450,0.4,12,3,9,393.91602123076325,0.44761178861788614,0.2793806690481402,0.22124153815264505,129701.96926708249,2018.3367358967741,131720.30600297925,1140,2,191.7560975609756,35,6,15,35.31002632276635,0.6193452380952381,45.34143518518518,1018.6342592592594,29.10383597883598,0
2132,4,1,1,40,0.024390243902439025,0.024390243902439025,0.975609756097561,41,1100,800,300,0.7272727272727273,14,8,6,391.526834579418,0.44786585365853654,0.290829343729204,0.2211161842450079,129917.93894823904,1973.2718782972433,131891.2108265363,1141,0,192.4390243902439,36,5,17,35.15064067160056,0.6195023148148149,45.12950450450452,1019.4819819819841,28.318943943944003,0
2133,4,0,0,40,0.0,0.0,1.0,40,1600,1200,400,0.75,20,12,8,390.83730646563924,0.4472622863247863,0.28688882586500286,0.2218435838051907,130114.93866008664,2170.754431370034,132285.69309145666,1142,1,187.625,35,5,18,34.96750330875402,0.6235119047619048,44.936342592592595,1020.2546296296301,29.15013227513229,0
2134,4,0,0,40,0.0,0.0,1.0,40,1300,1100,200,0.8461538461538461,15,11,4,394.3356934610581,0.44727564102564105,0.28806122448979643,0.2246796392975796,130262.5868055555,2273.4374999999964,132536.0243055555,1143,2,188.625,35,5,18,34.727891156462576,0.625,44.791666666666664,1020.8333333333329,29.166666666666654,0
2135,4,1,0,41,0.024390243902439025,0.0,1.0,41,1100,600,500,0.5454545454545454,16,6,10,379.6877395270347,0.4470020325203252,0.2309645355589769,0.21085979630560428,129258.63997443399,1619.9244430241147,130878.5644174581,1144,0,185.0,36,5,20,36.12449243263196,0.6128472222222222,45.77702702702703,1016.8918918918927,28.24699699699702,8
2136,4,2,2,41,0.046511627906976744,0.046511627906976744,0.9534883720930233,43,1150,900,250,0.782608695652174,14,9,5,370.9694997899883,0.4478820598006645,0.2352886680628119,0.20901819601279964,129826.69850107744,1032.3490804660596,130859.04758154349,1145,0,177.34883720930233,38,5,18,35.76741971555369,0.6148574561403508,45.21901709401709,1019.1239316239311,26.819050832208713,0
2137,4,0,1,40,0.0,0.024390243902439025,0.975609756097561,41,1450,1100,350,0.7586206896551724,18,11,7,376.15922796603763,0.44608739837398376,0.25195259353455124,0.21243727328612225,129917.93894823887,1573.9663227416713,131491.90527098053,1146,1,185.34146341463415,36,5,19,35.54231562281382,0.6195023148148149,45.12950450450451,1019.4819819819826,28.31894394394396,0
2138,4,0,0,40,0.0,0.0,1.0,40,1200,800,400,0.6666666666666666,16,8,8,383.84192082316656,0.4446047008547009,0.2580343966398002,0.21688668893722082,129937.87140185613,1975.1204293124117,131912.99183116853,1147,2,189.425,35,5,19,35.32620520679608,0.6217261904761905,45.1099537037037,1019.5601851851851,29.130291005291003,0
2139,4,1,0,41,0.024390243902439025,0.0,1.0,41,1050,800,250,0.7619047619047619,13,8,5,372.9526372646525,0.44545223577235776,0.25644314933287626,0.21281941564998466,130321.66950660142,1521.1672935956676,131842.83680019708,1148,0,185.78048780487805,35,6,20,35.21357590871306,0.6255952380952381,44.73379629629629,1021.0648148148142,29.173280423280406,0
2140,4,0,0,41,0.0,0.0,1.0,41,1600,1000,600,0.625,22,10,12,376.7983052605332,0.4447916666666667,0.26479178352449706,0.21583378588804164,130469.4348663621,1632.1323891889351,132101.56725555105,1149,1,186.78048780487805,35,6,20,34.965281711415734,0.6270833333333333,44.58912037037036,1021.6435185185169,29.189814814814767,0
2141,4,0,0,41,0.0,0.0,1.0,41,1300,1000,300,0.7692307692307693,16,10,6,376.9375525400553,0.4445630081300813,0.2665771611844563,0.21624312224666314,130528.56445312487,1640.22352430554,132168.78797743042,1150,2,187.78048780487805,35,6,18,34.90167346245328,0.6276785714285714,44.53124999999999,1021.874999999999,29.19642857142854,0
2142,4,0,0,41,0.0,0.0,1.0,41,1300,1000,300,0.7692307692307693,16,10,6,377.4457720810801,0.44375000000000003,0.25920395675610086,0.21786337608625075,130765.21675936617,1671.3556402177355,132436.5723995839,1151,3,188.78048780487805,35,6,18,34.64847138923464,0.6300595238095238,44.299768518518505,1022.8009259259239,29.22288359788354,0
2143,4,0,0,41,0.0,0.0,1.0,41,1550,1000,550,0.6451612903225806,21,10,11,379.0349669880445,0.44298780487804873,0.260184074273889,0.21952139866286527,130895.62694028465,1722.8039272380213,132618.43086752266,1152,4,189.78048780487805,36,5,18,34.47553281244268,0.6293402777777778,44.172297297297284,1023.310810810809,28.42530030030025,0
2144,4,0,1,40,0.0,0.024390243902439025,0.975609756097561,41,900,300,600,0.3333333333333333,15,3,12,376.33236031516054,0.4425558943089431,0.25810034582580976,0.2186094241294007,131010.89000740592,1660.7274926953799,132671.6175001013,1153,5,190.78048780487805,36,5,19,34.42782238844276,0.6304976851851851,44.059684684684676,1023.7612612612602,28.437812812812783,0
2145,4,0,0,40,0.0,0.0,1.0,40,950,600,350,0.631578947368421,13,6,7,386.86194762193054,0.44101228632478634,0.2684969463922193,0.22415683754083257,130913.23329260951,2129.069680212596,133042.3029728221,1154,6,196.35,35,5,19,34.2574266757144,0.631547619047619,44.15509259259258,1023.3796296296279,29.239417989417937,0
2146,4,0,1,39,0.0,0.025,0.975,40,1550,1100,450,0.7096774193548387,20,11,9,386.88322997792693,0.4400507478632478,0.27496045644559963,0.22572863998250675,131179.87403817283,2150.2586751971685,133330.13271337,1155,7,197.35,35,5,20,33.98639042669379,0.6342261904761906,43.89467592592592,1024.421296296295,29.269179894179857,0
2147,4,0,0,39,0.0,0.0,1.0,39,850,700,150,0.8235294117647058,10,7,3,385.3976530346037,0.43586932073774176,0.2613681777901349,0.22538380581032863,131268.81456832966,2318.1386102537494,133586.9531785834,1156,8,181.76923076923077,35,4,20,33.93428582185077,0.6351190476190476,43.80787037037036,1024.7685185185167,29.279100529100475,0
2148,4,0,0,39,0.0,0.0,1.0,39,1000,500,500,0.5,15,5,10,391.15297050729623,0.43525078722447147,0.26444726235764104,0.22983572223395973,131450.17715419494,2483.438849433804,133933.61600362873,1157,9,182.76923076923077,34,5,21,33.60300092872069,0.639093137254902,43.63095238095238,1025.4761904761901,30.1610644257703,0
2149,4,0,0,39,0.0,0.0,1.0,39,1000,700,300,0.7,13,7,6,395.8057729903768,0.4343229869545659,0.2696775424868356,0.2338181072022434,131654.57182623894,2621.9279138803277,134276.49974011927,1158,10,183.76923076923077,35,4,18,33.27659204541184,0.6389880952380953,43.43171296296297,1026.273148148149,29.32208994708997,0
2150,4,0,0,39,0.0,0.0,1.0,39,1450,1100,350,0.7586206896551724,18,11,7,396.1676373871502,0.43378879892037786,0.274758721157097,0.2347630668845301,131773.38023244624,2640.8697434413857,134414.24997588762,1159,11,184.76923076923077,35,4,18,33.14698173824822,0.6401785714285715,43.315972222222236,1026.7361111111131,29.33531746031752,0
2151,4,0,0,39,0.0,0.0,1.0,39,1200,900,300,0.75,15,9,6,394.1519008561509,0.43336707152496623,0.26772663828901844,0.23393376697636328,131832.80452942834,2592.4301000943274,134425.23462952266,1160,12,185.76923076923077,35,4,18,33.13857113340097,0.6407738095238096,43.25810185185186,1026.967592592594,29.341931216931258,0
2152,4,0,0,39,0.0,0.0,1.0,39,1350,800,550,0.5925925925925926,19,8,11,392.6776894965837,0.43291722896986057,0.26496850362728064,0.23422069244090368,132021.60564280508,2568.3878134891775,134589.99345629427,1161,13,186.76923076923077,36,3,19,32.98542625465703,0.640625,43.07432432432433,1027.7027027027036,28.547297297297323,0
2153,4,0,0,39,0.0,0.0,1.0,39,1250,900,350,0.72,16,9,7,391.78107254269605,0.4322143499775079,0.26325647484337633,0.23458052284507305,132166.31063073233,2556.0517865839115,134722.36241731624,1162,14,187.76923076923077,36,3,20,32.862181944292345,0.6420717592592593,42.93355855855857,1028.2657657657678,28.562937937937996,0
2154,4,0,0,39,0.0,0.0,1.0,39,650,200,450,0.3076923076923077,11,2,9,391.85661322894595,0.43218623481781376,0.2703733023417716,0.2351654602649932,132253.17166829004,2564.8559877445177,134818.02765603457,1163,15,188.76923076923077,36,3,20,32.772470987519156,0.6429398148148149,42.84909909909911,1028.6036036036048,28.572322322322357,0
2155,4,0,0,39,0.0,0.0,1.0,39,1050,800,250,0.7619047619047619,13,8,5,391.3924383403313,0.4313427800269905,0.2734874376371419,0.23560896584676885,132369.0307706357,2561.647542813108,134930.6783134488,1164,16,189.76923076923077,36,3,20,32.667387101481,0.6440972222222222,42.7364864864865,1029.0540540540558,28.584834834834883,0
2156,4,0,0,39,0.0,0.0,1.0,39,800,400,400,0.5,12,4,8,388.75350751907666,0.4310335132703554,0.27268791954268345,0.2347723696246492,132489.90929705222,2501.1897308229386,134991.09902787517,1165,17,190.76923076923077,34,5,20,32.613272818378036,0.6495098039215687,42.61904761904762,1029.5238095238099,30.280112044817937,0
2157,4,0,0,39,0.0,0.0,1.0,39,1200,700,500,0.5833333333333334,17,7,10,391.733769922149,0.43038686459739095,0.2760634356010081,0.23695783984801325,132551.19756235828,2584.9560657596394,135136.15362811793,1166,18,191.76923076923077,34,5,20,32.474710982658955,0.6501225490196079,42.55952380952381,1029.7619047619048,30.287114845938376,0
2158,4,0,1,38,0.0,0.02564102564102564,0.9743589743589743,39,900,500,400,0.5555555555555556,13,5,8,389.23553719008254,0.43021817363922626,0.25177156177156146,0.21844851576994434,129672.49657064478,2333.2483868032878,132005.74495744807,1167,19,192.76923076923077,35,4,16,35.4592803030303,0.6190476190476191,45.370370370370374,1018.518518518519,29.100529100529116,8
2159,4,1,0,39,0.02564102564102564,0.0,1.0,39,800,500,300,0.625,11,5,6,390.43188204509096,0.4325798470535313,0.2463051893244852,0.22077694998827035,129967.37423911184,2348.6813057270256,132316.05554483886,1168,0,184.4102564102564,35,4,17,35.12816874763525,0.6220238095238095,45.08101851851852,1019.6759259259263,29.133597883597893,0
2160,4,0,0,39,0.0,0.0,1.0,39,1250,900,350,0.72,16,9,7,389.3865955057077,0.4327204228520018,0.24412340079779615,0.2205549965913195,130032.77084094247,2326.603588385705,132359.37442932816,1169,1,185.4102564102564,36,3,18,35.08819145412388,0.6206597222222222,45.0168918918919,1019.9324324324339,28.331456456456497,0
2161,4,0,0,39,0.0,0.0,1.0,39,900,700,200,0.7777777777777778,11,7,4,387.1959185620925,0.43266419253261357,0.23948155863049436,0.21997834054571638,130150.67737188369,2278.762215297018,132429.4395871807,1170,2,186.4102564102564,37,2,19,35.023998853786075,0.6199324324324325,44.901315789473685,1020.3947368421057,27.57823613086772,0
2162,4,2,2,39,0.04878048780487805,0.04878048780487805,0.9512195121951219,41,1400,1200,200,0.8571428571428571,16,12,4,371.46533990568435,0.4356707317073171,0.22706564951112052,0.21401683288982312,130694.03863322777,1509.8053720693006,132203.84400529708,1171,0,178.26829268292684,36,5,17,34.87357745961821,0.6273148148148149,44.369369369369366,1022.5225225225221,28.40340340340339,0
2163,4,0,0,39,0.0,0.0,1.0,39,1350,1100,250,0.8148148148148148,16,11,5,383.8571058146132,0.4318488529014845,0.24151592253087562,0.22004483961892216,130498.99798525359,2218.5935356652776,132717.59152091888,1172,4,188.4102564102564,35,4,19,34.75494638272165,0.6273809523809524,44.560185185185176,1021.7592592592578,29.19312169312165,0
2164,4,0,0,39,0.0,0.0,1.0,39,850,500,350,0.5882352941176471,12,5,7,384.4260723369571,0.431455240665767,0.2403418029408524,0.22138330658570254,130676.44702717755,2247.086655521252,132923.5336826988,1173,5,189.4102564102564,35,4,19,34.560127537544346,0.6291666666666667,44.38657407407407,1022.453703703703,29.212962962962944,0
2165,4,0,0,39,0.0,0.0,1.0,39,1350,700,650,0.5185185185185185,20,7,13,384.0840477408294,0.43131466486729647,0.2424711948305931,0.221695018281235,130765.2167593663,2244.9667513288623,133010.18351069518,1174,6,190.4102564102564,35,4,19,34.478730526951075,0.6300595238095238,44.29976851851851,1022.800925925925,29.22288359788357,0
2166,4,0,0,39,0.0,0.0,1.0,39,1050,800,250,0.7619047619047619,13,8,5,380.16245012110153,0.4308648223121907,0.24735195446492542,0.22044436369973092,130942.84664619755,2155.9106813700087,133098.75732756755,1175,7,191.4102564102564,35,4,20,34.3987947152173,0.6318452380952381,44.1261574074074,1023.4953703703691,29.24272486772483,0
2167,4,0,0,39,0.0,0.0,1.0,39,1200,1000,200,0.8333333333333334,14,10,4,385.4229945699476,0.4303587494376968,0.24754153950491742,0.2241839074924606,131061.33355034718,2302.8103298611068,133364.14388020828,1176,8,192.4102564102564,35,4,20,34.143989487962024,0.6330357142857144,44.010416666666664,1023.9583333333329,29.25595238095237,0
2168,4,0,0,39,0.0,0.0,1.0,39,1500,1200,300,0.8,18,12,6,384.1862774161194,0.4298245614035088,0.2470103821668972,0.2238093725381987,131120.59709630045,2274.946818201291,133395.54391450173,1177,9,193.4102564102564,35,4,20,34.1155544882661,0.6336309523809525,43.95254629629629,1024.1898148148139,29.26256613756611,0
2169,4,0,1,38,0.0,0.02564102564102564,0.9743589743589743,39,1100,600,500,0.5454545454545454,16,6,10,386.7202147693309,0.43027440395861444,0.24756013506860608,0.2261572510942968,131268.8145683298,2352.8608324759875,133621.6754008058,1178,10,194.4102564102564,35,4,20,33.900402831112125,0.6351190476190476,43.80787037037037,1024.7685185185178,29.279100529100507,0
2170,4,0,0,38,0.0,0.0,1.0,38,1250,900,350,0.72,16,9,7,387.99656289245837,0.4289058795637743,0.23812580231065428,0.22725512969415396,131328.12499999988,2590.985618141275,133919.11061814116,1179,11,197.07894736842104,33,5,20,33.807588075880766,0.6401515151515151,43.74999999999999,1024.999999999999,31.060606060606034,0
2171,4,0,1,37,0.0,0.02631578947368421,0.9736842105263158,38,1250,1000,250,0.8,15,10,5,384.57198349866235,0.427883475580844,0.23943855576259288,0.2261493268150836,131480.6990504535,2512.758645124714,133993.4576955782,1180,12,198.07894736842104,34,4,21,33.740810601663775,0.6393995098039216,43.601190476190474,1025.5952380952378,30.164565826330524,0
2172,4,0,0,37,0.0,0.0,1.0,37,1300,900,400,0.6923076923076923,17,9,8,390.57767751307307,0.4273335835835836,0.24483572852163715,0.22933076685978118,131422.35145436847,2866.1273608708157,134288.4788152393,1181,13,202.45945945945945,33,4,21,33.64594538066212,0.6410984848484849,43.658088235294116,1025.3676470588234,31.071746880570405,0
2173,4,0,0,37,0.0,0.0,1.0,37,1100,800,300,0.7272727272727273,14,8,6,391.1460169259177,0.42680180180180183,0.244066745679842,0.23004223581539046,131485.18786344197,2885.9815035082747,134371.16936695026,1182,14,203.45945945945945,33,4,21,33.56770522165133,0.641729797979798,43.5968137254902,1025.6127450980396,31.07917409387999,0
2174,4,0,0,37,0.0,0.0,1.0,37,1200,800,400,0.6666666666666666,16,8,8,389.3117576297618,0.4260197697697698,0.23408148446954402,0.23009781017284778,131673.78720023538,2852.430705738165,134526.21790597355,1183,15,204.45945945945945,33,4,20,33.42375621890548,0.6436237373737373,43.412990196078425,1026.3480392156855,31.101455733808653,0
2175,4,0,0,37,0.0,0.0,1.0,37,650,500,150,0.7692307692307693,8,5,3,391.3671660962122,0.42539414414414417,0.23002493958683567,0.23169489402035093,131736.68368235763,2911.482512735472,134648.1661950931,1184,16,205.45945945945945,33,4,20,33.30734451474274,0.6442550505050505,43.3517156862745,1026.593137254901,31.10888294711821,0
2176,4,0,0,37,0.0,0.0,1.0,37,1300,800,500,0.6153846153846154,18,8,10,392.0634507574468,0.42511261261261263,0.233647181015602,0.23249112907973413,131799.59518274202,2934.760819156063,134734.3560018981,1185,17,206.45945945945945,33,4,21,33.22579762899311,0.6448863636363636,43.29044117647057,1026.838235294116,31.11631016042776,0
2177,4,0,0,37,0.0,0.0,1.0,37,750,300,450,0.4,12,3,9,421.2422593357101,0.42542542542542544,0.2628656053313587,0.2294827233694541,128496.33487654325,3481.943276357386,131978.27815290063,1186,18,207.45945945945945,32,5,15,35.85045662100456,0.6139322916666667,46.52777777777778,1013.8888888888891,31.684027777777786,8
2178,4,0,1,36,0.0,0.02702702702702703,0.972972972972973,37,1050,900,150,0.8571428571428571,12,9,3,424.84582421645996,0.42486236236236236,0.26821145267747193,0.23219124841871042,128624.38303489458,3529.106404958702,132153.4894398533,1187,19,208.45945945945945,32,5,15,35.62748941996516,0.615234375,46.40151515151516,1014.3939393939409,31.69981060606065,0
2179,4,0,0,36,0.0,0.0,1.0,36,1200,900,300,0.75,15,9,6,437.2180132023865,0.423859126984127,0.2837171639341922,0.23825169130909638,128507.33651055246,4037.1444702148638,132544.48098076732,1188,20,214.16666666666666,31,5,15,35.434190531227266,0.6165994623655914,46.51692708333334,1013.932291666668,32.70749327956994,0
2180,4,1,0,37,0.02702702702702703,0.0,1.0,37,1050,700,350,0.6666666666666666,14,7,7,427.10826576041256,0.42673923923923923,0.27566828114023667,0.23474897915102402,128848.620756173,3606.4621913580436,132455.08294753105,1189,0,209.35135135135135,32,5,16,35.33971728226174,0.6175130208333333,46.180555555555564,1015.2777777777791,31.727430555555596,0
2181,4,0,0,37,0.0,0.0,1.0,37,1350,1100,250,0.8148148148148148,16,11,5,427.5411654687874,0.42633258258258255,0.2710227940805945,0.23574836711421493,128976.8442792828,3628.5820643301813,132605.42634361298,1190,1,210.35135135135135,32,5,16,35.197068572612395,0.6188151041666667,46.054292929292934,1015.7828282828289,31.743213383838402,0
2182,4,0,0,37,0.0,0.0,1.0,37,1150,700,450,0.6086956521739131,16,7,9,430.15832906044574,0.4258008008008008,0.27258716039931086,0.23796181378745898,129105.13157139583,3707.1295339761286,132812.26110537196,1191,2,211.35135135135135,32,5,16,34.99891290843583,0.6201171875,45.928030303030305,1016.2878787878792,31.758996212121225,0
2183,4,2,1,38,0.05128205128205128,0.02564102564102564,0.9743589743589743,39,1650,1200,450,0.7272727272727273,21,12,9,408.239533002771,0.4314833558254611,0.2549548092645497,0.23026000537349975,129867.92091836738,2803.4438775510253,132671.3647959184,1192,0,201.46153846153845,34,5,16,34.775753328661516,0.6231617647058824,45.17857142857143,1019.2857142857147,29.978991596638668,0
2184,4,0,1,37,0.0,0.02631578947368421,0.9736842105263158,38,1500,1100,400,0.7333333333333333,19,11,8,414.2513175332525,0.4285947131341868,0.2133346400546119,0.225736529715286,128507.33651055224,3079.43826273184,131586.77477328407,1193,1,207.76315789473685,31,7,15,36.01635739052266,0.6165994623655914,46.51692708333333,1013.9322916666661,32.707493279569874,8
2185,4,0,0,37,0.0,0.0,1.0,37,850,500,350,0.5882352941176471,12,5,7,419.36053625025147,0.4244557057057057,0.23916626064027957,0.22858785299652445,128519.04844490698,3379.1634148456505,131898.21185975263,1194,2,214.27027027027026,30,7,15,35.87481221279604,0.6194444444444445,46.505376344086024,1013.9784946236563,33.79928315412187,0
2186,4,0,0,37,0.0,0.0,1.0,37,1550,1000,550,0.6451612903225806,21,10,11,416.8629023674383,0.42436186186186187,0.2420258095933776,0.22800588312097267,128655.37200832457,3326.330356110525,131981.7023644351,1195,3,215.27027027027026,30,7,16,35.79811429076136,0.6208333333333333,46.37096774193548,1014.5161290322574,33.81720430107524,0
2187,4,1,0,38,0.02631578947368421,0.0,1.0,38,1350,1100,250,0.8148148148148148,16,11,5,408.5475522228437,0.42539414414414417,0.24421929262618414,0.22598962757613716,129102.12410820859,2948.8713582356822,132050.99546644426,1196,0,210.57894736842104,31,7,18,35.55106235319239,0.6226478494623655,45.930989583333336,1016.276041666667,32.78309811827958,0
2188,4,0,0,38,0.0,0.0,1.0,38,1100,800,300,0.7272727272727273,14,8,6,410.1921270376303,0.4246384542437174,0.24026551654424133,0.22785209901592418,129267.58660210508,3004.909261067719,132272.4958631728,1197,1,211.57894736842104,31,7,18,35.33984208279985,0.6243279569892473,45.76822916666667,1016.9270833333337,32.804099462365606,0
2189,4,0,0,38,0.0,0.0,1.0,38,1950,1600,350,0.8205128205128205,23,16,7,411.77953060040875,0.4246088193456614,0.23719235380491144,0.22950394094947182,129400.03289116758,3056.856960720491,132456.88985188806,1198,2,212.57894736842104,31,7,18,35.16391519494923,0.6256720430107527,45.638020833333336,1017.447916666667,32.820900537634415,0
2190,4,0,1,37,0.0,0.02631578947368421,0.9736842105263158,38,450,200,250,0.4444444444444444,7,2,5,416.10046850156476,0.42474217638691325,0.17794242499051638,0.22354850615686395,127939.5351750042,3047.1401052383285,130986.67528024253,1199,3,213.57894736842104,35,3,17,36.553431148228654,0.6014880952380952,47.07754629629629,1011.6898148148142,28.905423280423264,8
2191,4,1,0,38,0.02631578947368421,0.0,1.0,38,1150,700,450,0.6086956521739131,16,7,9,410.0136313501808,0.42846135609293506,0.16770065670044665,0.2215789820697544,128175.55334787101,2911.073015713033,131086.62636358404,1200,0,210.78947368421052,33,5,19,36.4646365323329,0.608270202020202,46.84436274509804,1012.6225490196078,30.685531788472964,0
2192,4,2,0,40,0.05,0.0,1.0,40,1200,800,400,0.6666666666666666,16,8,8,397.5622585505013,0.4300347222222222,0.17812215132178655,0.21915869227633133,128966.15655006841,2254.415294924529,131220.57184499293,1201,0,201.2,35,5,18,35.96931024004861,0.611904761904762,46.0648148148148,1015.7407407407393,29.02116402116398,0
2193,4,1,0,41,0.024390243902439025,0.0,1.0,41,1200,1000,200,0.8333333333333334,14,10,4,390.88971616651946,0.4308689024390244,0.17842512517068765,0.21741384972603592,129319.08543381323,1910.1144547324866,131229.19988854573,1202,0,197.26829268292684,35,6,19,35.77795478683052,0.6154761904761905,45.71759259259258,1017.129629629628,29.060846560846514,0
2194,4,0,0,41,0.0,0.0,1.0,41,1200,900,300,0.75,15,9,6,394.79085370825544,0.43091971544715446,0.18326812619662025,0.21991201546866682,129377.95380015418,2015.4465663580092,131393.40036651219,1203,1,198.26829268292684,35,6,19,35.61860068259384,0.6160714285714286,45.659722222222214,1017.3611111111101,29.067460317460288,0
2195,4,0,0,41,0.0,0.0,1.0,41,1250,800,450,0.64,17,8,9,391.9437059581837,0.43084349593495935,0.1825162564637477,0.2186528593137277,129436.83556241408,1946.390603566507,131383.2261659806,1204,2,199.26829268292684,35,6,15,35.63087655444343,0.6166666666666667,45.60185185185184,1017.5925925925911,29.074074074074034,0
2196,4,0,0,41,0.0,0.0,1.0,41,1000,700,300,0.7,13,7,6,393.54552765948716,0.43074186991869917,0.19081893217477108,0.22037046510633382,129584.09857520991,1999.4484900119835,131583.54706522188,1205,3,200.26829268292684,35,6,16,35.43975692470917,0.6181547619047619,45.45717592592592,1018.1712962962952,29.090608465608433,0
2197,4,1,1,41,0.023809523809523808,0.023809523809523808,0.9761904761904762,42,1650,1200,450,0.7272727272727273,21,12,9,385.4942650993386,0.4325154858691444,0.18952423027969756,0.2178692307246822,129946.64216581438,1618.737064767462,131565.37923058184,1206,0,196.47619047619048,36,6,17,35.275154627788815,0.6197916666666667,45.10135135135135,1019.594594594594,28.322072072072057,0
2198,4,0,0,41,0.0,0.0,1.0,41,1150,800,350,0.6956521739130435,15,8,7,391.0713943980036,0.4302337398373984,0.19162101228098338,0.22047213182258737,129849.38298396755,1956.075853052098,131805.45883701963,1207,1,202.14634146341464,35,6,17,35.23213339389808,0.6208333333333333,45.196759259259245,1019.2129629629611,29.120370370370317,0
2199,4,1,0,42,0.023809523809523808,0.0,1.0,42,850,600,250,0.7058823529411765,11,6,5,383.78527216146347,0.43136614401858303,0.18642437636851072,0.2183541145036002,130206.62607725446,1594.2770852569938,131800.90316251144,1208,0,198.3095238095238,37,5,18,35.05407534737143,0.6204954954954955,44.84649122807017,1020.6140350877187,27.584163110478883,0
2200,4,1,0,43,0.023255813953488372,0.0,1.0,43,1250,800,450,0.64,17,8,9,373.5290598414749,0.4341777408637874,0.18430373517999277,0.21424795758543244,130521.37230135537,1150.7291428491394,131672.1014442045,1209,0,194.67441860465115,36,7,16,34.99605098817132,0.6255787037037037,44.538288288288285,1021.8468468468466,28.384634634634626,0
2201,4,0,0,43,0.0,0.0,1.0,43,1300,1100,200,0.8461538461538461,15,11,4,371.79743445438515,0.43346253229974163,0.18364921626882502,0.21420816655113042,130694.03863322774,1118.3416524632662,131812.380285691,1210,1,195.67441860465115,36,7,17,34.86508810572688,0.6273148148148149,44.369369369369366,1022.5225225225219,28.403403403403384,0
2202,4,0,1,42,0.0,0.023255813953488372,0.9767441860465116,43,1400,1000,400,0.7142857142857143,18,10,8,389.47932848723275,0.43325489110372833,0.17980696716378297,0.2089065610645118,127874.24123612027,1371.9108843437496,129246.15212046402,1211,2,196.67441860465115,38,5,17,37.293801274603005,0.5951206140350878,47.14209401709402,1011.4316239316242,26.616621682411164,8
2203,4,2,0,44,0.045454545454545456,0.0,1.0,44,900,500,400,0.5555555555555556,13,5,8,386.39142572714707,0.4358152748414376,0.1985645933014355,0.20975534539473678,128355.5555555554,1120.5240065015514,129476.07956205696,1212,0,193.0909090909091,34,10,19,36.878083881578945,0.607843137254902,46.66666666666666,1013.3333333333321,29.803921568627416,0
2204,4,1,1,44,0.022222222222222223,0.022222222222222223,0.9777777777777777,45,1650,1400,250,0.8484848484848485,19,14,5,376.92205603777404,0.43817340067340066,0.1962597236091077,0.20676801528109892,128772.40997331786,707.4323056164194,129479.84227893427,1213,0,189.77777777777777,36,9,20,36.69144568955952,0.6079282407407407,46.25563063063063,1014.9774774774771,28.19381881881881,0
2205,4,2,1,45,0.043478260869565216,0.021739130434782608,0.9782608695652174,46,1700,1200,500,0.7058823529411765,22,12,10,364.4474545061645,0.44046900161030594,0.21529453653519015,0.20331357995039329,129436.83556241433,236.01172806941776,129672.84729048375,1214,0,186.3695652173913,35,11,17,36.33037609948438,0.6166666666666667,45.601851851851855,1017.5925925925931,29.074074074074087,0
2206,4,0,0,45,0.0,0.0,1.0,45,1700,1100,600,0.6470588235294118,23,11,12,369.8090913394773,0.4383838383838384,0.22073970037453172,0.2057063070575844,129322.44897959198,564.9234693877719,129887.37244897975,1215,1,191.51111111111112,34,11,21,36.31056882022472,0.6176470588235294,45.71428571428572,1017.1428571428582,29.915966386554654,0
2207,4,0,0,45,0.0,0.0,1.0,45,1100,900,200,0.8181818181818182,13,9,4,370.4832170200223,0.4378787878787879,0.2182388029521789,0.20668073883502766,129436.83556241432,590.83504801098,130027.6706104253,1216,2,192.51111111111112,35,10,17,36.17682741886564,0.6166666666666667,45.601851851851855,1017.592592592593,29.074074074074083,0
2208,4,0,0,45,0.0,0.0,1.0,45,1300,600,700,0.46153846153846156,20,6,14,368.40457840611845,0.4377104377104377,0.21993896966433368,0.20618664921644417,129563.941849896,546.3898747691476,130110.33172466514,1217,3,193.51111111111112,37,8,18,36.10022886375876,0.6140202702702703,45.47697368421052,1018.0921052631569,27.516002844950187,0
2209,4,0,1,44,0.0,0.022222222222222223,0.9777777777777777,45,1350,1100,250,0.8148148148148148,16,11,5,368.10904696300645,0.43825757575757573,0.2206147590001195,0.20675532323375637,129703.52055440134,549.0078678054766,130252.52842220681,1218,4,194.51111111111112,37,8,18,35.9656440617151,0.615427927927928,45.33991228070175,1018.6403508771929,27.530820293978184,0
2210,4,0,0,44,0.0,0.0,1.0,44,1500,900,600,0.6,21,9,12,367.4222496614138,0.43686134601832277,0.20889868229263486,0.20681132441571892,129787.30384589492,737.3486313096377,130524.65247720455,1219,5,192.9090909090909,37,7,18,35.897875641163594,0.6162725225225225,45.25767543859649,1018.9692982456143,27.53971076339498,0
2211,4,0,2,42,0.0,0.045454545454545456,0.9545454545454546,44,1300,900,400,0.6923076923076923,17,9,8,368.43732679856157,0.43588134249471455,0.2059338274115643,0.20812456042363464,129927.00277970143,773.9915166204976,130700.99429632194,1220,6,193.9090909090909,37,7,18,35.7299060729906,0.6176801801801801,45.12061403508772,1019.5175438596491,27.554528212422948,0
2212,4,0,0,42,0.0,0.0,1.0,42,1050,800,250,0.7619047619047619,13,8,5,384.7182619171645,0.4314992257065428,0.21549119316088117,0.21615909300016617,129717.10519641281,1580.9078504180025,131298.0130468308,1221,7,203.78571428571428,36,6,18,35.52882489498119,0.6174768518518519,45.326576576576585,1018.6936936936952,28.297047047047087,0
2213,4,0,0,42,0.0,0.0,1.0,42,1100,900,200,0.8181818181818182,13,9,4,384.52122684012,0.4304950638792102,0.2188208616780043,0.21684122268722317,129860.54202428799,1586.8269874604546,131447.36901174844,1222,8,204.78571428571428,36,6,18,35.38766434648105,0.6189236111111112,45.18581081081082,1019.2567567567584,28.31268768768773,0
2214,4,1,0,43,0.023255813953488372,0.0,1.0,43,1550,1200,350,0.7741935483870968,19,12,7,375.98876922299945,0.43207825765965296,0.21286665887577416,0.21377647164393399,130180.80210387909,1189.3039119000741,131370.10601577917,1223,0,201.0,38,5,19,35.2792608877722,0.618421052631579,44.871794871794876,1020.512820512821,26.85560053981108,0
2215,4,0,0,43,0.0,0.0,1.0,43,950,400,550,0.42105263157894735,15,4,11,377.3427738442313,0.43157069029162054,0.21604176554342613,0.2149976269577599,130262.58680555566,1230.729166666677,131493.31597222234,1224,1,202.0,38,5,19,35.16156462585034,0.6192434210526316,44.79166666666667,1020.8333333333343,26.864035087719323,0
2216,4,0,0,43,0.0,0.0,1.0,43,1500,1200,300,0.8,18,12,6,408.27912487875676,0.4317783314876338,0.2667057031780038,0.22030005555998766,128113.51290669457,2021.8048647154974,130135.31777141006,1225,2,203.0,33,10,17,36.57232276157044,0.6076388888888888,46.90563725490196,1012.3774509803924,30.678104575163406,8
2217,4,0,0,43,0.0,0.0,1.0,43,1300,1000,300,0.7692307692307693,16,10,6,388.8829803634102,0.4312476928755999,0.16983998795461108,0.20842655635250287,127843.36911848075,1458.1230500778815,129301.49216855863,1226,3,204.0,34,9,18,37.34059250539534,0.6026348039215687,47.17261904761905,1011.309523809524,29.744397759103645,8
2218,4,1,0,44,0.022727272727272728,0.0,1.0,44,1550,900,650,0.5806451612903226,22,9,13,380.5314230554283,0.4338112226920366,0.16488963711185933,0.20548696844993145,128144.53125000013,952.6041666666816,129097.13541666682,1227,0,200.3409090909091,36,8,19,37.242798353909464,0.6015625,46.87500000000001,1012.500000000001,28.12500000000003,0
2219,4,1,0,45,0.022222222222222223,0.0,1.0,45,1000,400,600,0.4,16,4,12,370.29301363745964,0.4355639730639731,0.17400768733112604,0.2015784031355194,128466.99948827588,514.0864786951286,128981.085966971,1228,0,196.86666666666667,35,10,15,37.17188510865014,0.606845238095238,46.55671296296296,1013.773148148148,28.96494708994709,0
2220,4,0,2,43,0.0,0.044444444444444446,0.9555555555555556,45,1750,1500,250,0.8571428571428571,20,15,5,369.4539336148615,0.4349957912457913,0.1685724067100307,0.20171494207271226,128584.36113522376,501.19960455246803,129085.56073977624,1229,1,197.86666666666667,35,10,16,37.07313420061623,0.6080357142857142,46.44097222222222,1014.2361111111111,28.9781746031746,0
2221,4,1,0,44,0.022727272727272728,0.0,1.0,44,1150,800,350,0.6956521739130435,15,8,7,367.5068671374742,0.43511055320648345,0.18596829174818996,0.2017482886953223,128800.98637488838,667.0493973703451,129468.03577225872,1230,0,202.54545454545453,36,8,19,36.901163005694855,0.6082175925925926,46.22747747747748,1015.0900900900899,28.19694694694694,0
2222,4,1,0,45,0.022222222222222223,0.0,1.0,45,1300,1000,300,0.7692307692307693,16,10,6,371.1555584422869,0.4362794612794613,0.21055688666231065,0.19341375355375018,126705.33842143732,438.2759172288979,127143.61433866622,1231,0,199.0222222222222,37,8,15,38.958469469251426,0.5850225225225225,48.300438596491226,1006.7982456140347,27.210763394973913,8
2223,4,1,1,45,0.021739130434782608,0.021739130434782608,0.9782608695652174,46,850,500,350,0.5882352941176471,12,5,7,365.0428525138779,0.4377918679549115,0.22174742341661657,0.1919169581712239,127065.0833356163,76.84009514940607,127141.92343076572,1232,0,195.67391304347825,38,8,17,38.74222916887429,0.5868969298245614,47.943376068376075,1008.2264957264966,26.53227620332886,0
2224,4,0,0,45,0.0,0.0,1.0,45,1300,700,600,0.5384615384615384,19,7,12,369.4702437644565,0.43760521885521886,0.21584816304833732,0.19450588619929643,127119.65610812952,393.3860659049072,127513.04217403443,1233,1,198.66666666666666,37,8,17,38.57451252219928,0.5892454954954955,47.88925438596492,1008.4429824561412,27.25521574205787,0
2225,4,2,0,47,0.0425531914893617,0.0,1.0,47,1500,1200,300,0.8,18,12,6,359.53731418950747,0.4431467776749923,0.22844114132877325,0.19224846469472015,127749.32861328126,-213.86990017361018,127535.45871310766,1234,0,191.17021276595744,39,8,16,38.178881160913626,0.5921474358974359,47.265625,1010.9375000000001,25.92147435897436,0
2226,4,0,0,47,0.0,0.0,1.0,47,900,400,500,0.4444444444444444,14,4,10,359.7608894172124,0.44339731729879744,0.2244956999710701,0.19274606591955293,127828.32031250001,-202.47395833333283,127625.84635416669,1235,1,192.17021276595744,39,8,16,38.09229501442109,0.592948717948718,47.1875,1011.2500000000001,25.929487179487182,0
2227,4,0,1,46,0.0,0.02127659574468085,0.9787234042553191,47,1250,900,350,0.72,16,9,7,360.84343631060625,0.44262642614862785,0.2177153945445065,0.19398257299721366,127964.52591050304,-164.96814891929023,127799.55776158375,1236,2,193.17021276595744,40,7,17,37.9254134860051,0.5927083333333334,47.052845528455286,1011.7886178861792,25.29471544715448,0
2228,4,0,1,45,0.0,0.021739130434782608,0.9782608695652174,46,950,600,350,0.631578947368421,13,6,7,366.53211483533914,0.44264291465378425,0.2150529213005432,0.1972775343836744,128012.72922092032,184.1552734375201,128196.88449435783,1237,3,183.80434782608697,39,7,17,37.73213673014241,0.5948183760683761,47.00520833333334,1011.9791666666681,25.948183760683797,0
2229,4,1,1,45,0.021739130434782608,0.021739130434782608,0.9782608695652174,46,950,500,450,0.5263157894736842,14,5,9,365.0056348619632,0.44099235104669887,0.22395551338919817,0.19782627380475287,128291.05748724687,165.66304441012662,128456.720531657,1238,0,183.97826086956522,35,11,18,37.48583818881146,0.6050595238095238,46.73032407407406,1013.078703703702,28.94510582010577,0
2230,4,1,1,45,0.021739130434782608,0.021739130434782608,0.9782608695652174,46,1350,1000,350,0.7407407407407407,17,10,7,363.5910961918289,0.4424718196457327,0.23401477749303856,0.198882342780339,128658.13607103712,155.79054561316332,128813.9266166503,1239,0,182.52173913043478,36,10,17,37.1464183964184,0.6067708333333333,46.368243243243235,1014.527027027026,28.181306306306276,0
2231,4,0,0,45,0.0,0.0,1.0,45,1150,800,350,0.6956521739130435,15,8,7,369.67536123100047,0.4394149831649832,0.2322070015220703,0.20139030873032085,128496.33487654298,500.3858024691087,128996.7206790121,1240,1,187.46666666666667,35,10,17,37.157534246575345,0.6071428571428572,46.527777777777764,1013.8888888888871,28.96825396825392,0
2232,4,0,0,45,0.0,0.0,1.0,45,1300,900,400,0.6923076923076923,17,9,8,372.02483755930314,0.4391414141414141,0.22980969647636362,0.20349555322232918,128658.13607103724,572.8044345020679,129230.9405055393,1241,2,188.46666666666667,36,9,17,36.93251193251195,0.6067708333333333,46.36824324324324,1014.5270270270269,28.1813063063063,0
2233,4,1,2,44,0.021739130434782608,0.043478260869565216,0.9565217391304348,46,1050,500,550,0.47619047619047616,16,5,11,364.90166448014156,0.4406501610305958,0.23277679939619866,0.20083325540728109,128902.86138733652,207.37373529841042,129110.23512263494,1242,0,185.34782608695653,38,8,18,36.86327371558829,0.6055372807017544,46.12713675213675,1015.4914529914528,26.72345928924876,0
2234,4,0,1,43,0.0,0.022727272727272728,0.9772727272727273,44,1250,700,550,0.56,18,7,11,365.9801453447567,0.4402087737843552,0.2108833859859114,0.2020960683411511,129034.22807979373,644.793109418275,129679.021189212,1243,1,185.1818181818182,37,7,18,36.70183106698324,0.6086711711711712,45.997807017543856,1016.0087719298241,27.459696538643893,0
2235,4,2,1,44,0.044444444444444446,0.022222222222222223,0.9777777777777777,45,1300,800,500,0.6153846153846154,18,8,10,359.54508614778365,0.44593855218855216,0.22570381844557508,0.2008385963290282,129487.77113261938,311.5547781348298,129799.32591075421,1244,0,164.35555555555555,36,9,15,36.403241867669834,0.615162037037037,45.551801801801815,1017.792792792795,28.272022022022085,0
2236,4,0,0,44,0.0,0.0,1.0,44,1250,1000,250,0.8,15,10,5,369.860410930351,0.44342406624383374,0.23161958646655423,0.20587100390543744,129348.51794249409,768.1791998885551,130116.69714238265,1245,1,169.0909090909091,35,9,19,36.282687639852846,0.6157738095238094,45.68865740740741,1017.2453703703711,29.06415343915346,0
2237,4,0,0,44,0.0,0.0,1.0,44,1300,900,400,0.6923076923076923,17,9,8,369.1321315861169,0.44322586328400276,0.22625418733087144,0.20604367344927396,129459.11864144579,757.5040834753999,130216.6227249212,1246,2,170.0909090909091,36,8,15,36.1884936003836,0.6148726851851851,45.57995495495497,1017.6801801801826,28.26889389389396,0
2238,4,3,0,47,0.06382978723404255,0.0,1.0,47,1600,1200,400,0.75,20,12,8,348.4775528120796,0.44811902559358624,0.23312054391509074,0.19913944086028684,130377.57087746545,-305.8118507020352,130071.75902676341,1247,0,160.17021276595744,36,11,20,35.78169221156321,0.6241319444444444,44.67905405405406,1021.283783783785,28.368993993994028,0
2239,4,0,1,46,0.0,0.02127659574468085,0.9787234042553191,47,1450,1000,450,0.6896551724137931,19,10,9,348.8129721337749,0.44736740672217085,0.2231293137870054,0.20090679216475923,130682.67549871113,-283.2375105801828,130399.43798813096,1248,1,161.17021276595744,37,10,19,35.46414209115281,0.6252815315315315,44.38048245614035,1022.4780701754386,27.634542437174016,0
2240,4,1,0,47,0.02127659574468085,0.0,1.0,47,1350,900,450,0.6666666666666666,18,9,9,353.2214234021677,0.44650015417823,0.2377269701142719,0.20448277439137874,130878.9483302553,-154.15031548170583,130724.7980147736,1249,0,162.0212765957447,37,10,20,35.1527896842406,0.6272522522522522,44.18859649122806,1023.2456140350864,27.655286865813146,0
2241,4,0,0,47,0.0,0.0,1.0,47,1300,900,400,0.6923076923076923,17,9,8,351.42148367223825,0.4459219858156029,0.23452347035293863,0.2038856152939926,130963.11034404807,-195.34989131272488,130767.76045273534,1250,1,163.0212765957447,37,10,20,35.113707373683276,0.6280968468468469,44.1063596491228,1023.5745614035079,27.664177335229944,0
2242,4,1,0,48,0.020833333333333332,0.0,1.0,48,1450,900,550,0.6206896551724138,20,9,11,344.35728130718417,0.4459219858156029,0.23766421645292457,0.2012632958572335,131246.006430802,-560.8964086127704,130685.11002218923,1251,0,160.60416666666666,38,10,21,35.008732144719005,0.6291118421052632,43.8301282051282,1024.6794871794862,26.965249662618056,0
2243,4,2,3,47,0.04,0.06,0.94,50,1100,700,400,0.6363636363636364,15,7,8,329.62563926537695,0.447891156462585,0.23413111342351733,0.19529607850433228,131766.5244448096,-1313.2236649864967,130453.3007798231,1252,0,155.14,38,12,16,34.861906000693715,0.6343201754385965,43.32264957264957,1026.7094017094007,27.01866846603686,0
2244,4,0,1,46,0.0,0.02127659574468085,0.9787234042553191,47,1450,1000,450,0.6896551724137931,19,10,9,325.1954626082742,0.4442260252852297,0.12371537134162391,0.1812837957479974,129408.11107806166,-972.4447730017532,128435.6663050599,1253,2,165.61702127659575,40,7,22,37.358086962311866,0.6072916666666667,45.63008130081299,1017.4796747967453,25.436991869918632,8
2245,4,0,1,45,0.0,0.021739130434782608,0.9782608695652174,46,1400,900,500,0.6428571428571429,19,9,10,327.0121240519958,0.44267310789049924,0.11451677316293862,0.1827764193362048,129511.53413973161,-729.6316263467605,128781.90251338485,1254,3,165.2608695652174,40,6,16,37.20692724973376,0.6083333333333334,45.52845528455284,1017.8861788617884,25.44715447154471,0
2246,4,1,1,45,0.021739130434782608,0.021739130434782608,0.9782608695652174,46,1650,1300,350,0.7878787878787878,20,13,7,325.6297598835493,0.44166666666666665,0.12668408995045954,0.18308402649281474,129743.78511657944,-750.3124812210888,128993.47263535835,1255,0,166.08695652173913,42,4,18,37.00661023397376,0.6076388888888888,45.30038759689922,1018.7984496124024,24.257105943152435,0
2247,4,0,1,44,0.0,0.022222222222222223,0.9777777777777777,45,1200,900,300,0.75,15,9,6,328.1618852915903,0.44027777777777777,0.1278518662729704,0.18492633283601237,129832.5314645533,-478.78234048250124,129353.7491240708,1256,1,170.06666666666666,41,4,18,36.852165060514615,0.610010162601626,45.213293650793645,1019.1468253968245,24.85723964382499,0
2248,4,0,1,43,0.0,0.022727272727272728,0.9772727272727273,44,1100,800,300,0.7272727272727273,14,8,6,331.3078784270419,0.4399555144467935,0.12325941908111848,0.18664918004867284,129822.05119307293,-197.7863292352369,129624.26486383768,1257,2,174.8181818181818,40,4,19,36.78263362584764,0.6114583333333333,45.22357723577236,1019.1056910569107,25.477642276422767,0
2249,4,0,0,43,0.0,0.0,1.0,43,1700,1300,400,0.7647058823529411,21,13,8,338.6351600026773,0.43710778885197493,0.12303566588846149,0.19059431157342852,129784.51063368049,189.9197048611067,129974.4303385416,1258,3,179.65116279069767,39,4,19,36.6340387105568,0.6127136752136753,45.260416666666664,1018.9583333333328,26.12713675213674,0
2250,4,1,1,43,0.022727272727272728,0.022727272727272728,0.9772727272727273,44,1200,800,400,0.6666666666666666,16,8,8,331.69512703040374,0.43813865398167723,0.13868274582560303,0.18898908400569536,130262.58680555566,-158.5069444444345,130104.07986111123,1259,0,176.54545454545453,40,4,21,36.32653061224491,0.6158854166666667,44.79166666666667,1020.8333333333343,25.520833333333357,0
2251,4,2,1,44,0.044444444444444446,0.022222222222222223,0.9777777777777777,45,750,400,350,0.5333333333333333,11,4,7,322.33942953588917,0.4433922558922559,0.15430344385924188,0.18588548306129843,130729.8495955617,-572.1229716107957,130157.7266239509,1260,0,172.2888888888889,40,5,16,36.09323760310045,0.6205729166666667,44.33434959349594,1022.6626016260178,25.566565040650445,0
2252,4,1,0,45,0.022222222222222223,0.0,1.0,45,1200,900,300,0.75,15,9,6,340.40167061600386,0.44292929292929295,0.21429512965614395,0.1910704670082256,129678.3908420141,-165.98839175794444,129512.40245025615,1261,0,173.26666666666668,39,6,17,36.696751210199764,0.6116452991452992,45.36458333333334,1018.5416666666683,26.116452991453034,8
2253,4,1,0,46,0.021739130434782608,0.0,1.0,46,1800,1300,500,0.7222222222222222,23,13,10,336.39625553937265,0.44308574879227053,0.21122029182821822,0.19079772177117307,130085.4190779321,-447.9504243827141,129637.4686535494,1262,0,170.47826086956522,41,5,19,36.38600521896982,0.6125508130081301,44.96527777777778,1020.1388888888889,24.881436314363143,0
2254,4,0,0,46,0.0,0.0,1.0,46,900,500,400,0.5555555555555556,13,5,8,336.6060815659085,0.4434480676328503,0.2112018669778295,0.19104067013376405,130110.72137188207,-440.7879818594126,129669.93339002266,1263,1,171.47826086956522,41,5,20,36.35501750291714,0.6128048780487805,44.94047619047619,1020.2380952380952,24.883855981416957,0
2255,4,2,2,46,0.041666666666666664,0.041666666666666664,0.9583333333333334,48,1550,1200,350,0.7741935483870968,19,12,7,332.2346442183748,0.44492464539007087,0.24175067037441655,0.1923674889381728,130885.78976014644,-902.7755098668039,129983.01425027964,1264,0,165.29166666666666,40,8,18,35.68274737643595,0.6221354166666666,44.18191056910571,1023.2723577235801,25.581808943089502,0
2256,4,0,0,46,0.0,0.0,1.0,46,1250,900,350,0.72,16,9,7,343.6805717233258,0.4428442028985507,0.24171352110554234,0.1975710281383133,130608.41064453167,-222.4853515624569,130385.92529296922,1265,1,172.2826086956522,39,7,18,35.67047538978906,0.6209935897435898,44.45312500000002,1022.1875000000034,26.209935897435987,0
2257,4,0,0,46,0.0,0.0,1.0,46,1350,1000,350,0.7407407407407407,17,10,7,346.0444396695026,0.442481884057971,0.2413758741491021,0.19947846531036487,130714.91021050377,-153.36642795135492,130561.54378255241,1266,2,173.2826086956522,39,7,19,35.5022961868867,0.6220619658119658,44.34895833333335,1022.604166666669,26.22061965811972,0
2258,4,0,2,44,0.0,0.043478260869565216,0.9565217391304348,46,1600,1300,300,0.8125,19,13,6,344.9250697166297,0.442079307568438,0.23612478623620192,0.19958078171879517,130859.79327781116,-172.63533610942193,130687.15794170173,1267,3,174.2826086956522,40,6,20,35.3843861740167,0.621875,44.20731707317075,1023.1707317073196,25.57926829268299,0
2259,4,0,2,42,0.0,0.045454545454545456,0.9545454545454546,44,1050,700,350,0.6666666666666666,14,7,7,359.98860074095177,0.43951506342494717,0.238144770589912,0.2072858549392847,130671.89554569374,608.0785667324296,131279.97411242616,1268,4,182.6818181818182,38,6,21,35.18939393939396,0.6233552631578947,44.39102564102565,1022.4358974358984,26.906207827260484,0
2260,4,0,0,42,0.0,0.0,1.0,42,1150,800,350,0.6956521739130435,15,8,7,363.0185851082216,0.43904858691444054,0.2350804372354709,0.20939235270899095,130738.73842191831,1092.1183681517398,131830.85679007004,1269,5,184.5,37,5,21,35.04420410278403,0.6258445945945945,44.32565789473684,1022.6973684210529,27.640469416785216,0
2261,4,1,1,42,0.023255813953488372,0.023255813953488372,0.9767441860465116,43,1050,700,350,0.6666666666666666,14,7,7,351.8850214434459,0.4405454042081949,0.2292625749571071,0.20449449123666105,131027.14913662428,621.2982367229198,131648.4473733472,1270,0,181.1860465116279,38,5,22,35.037088246547725,0.6269188596491229,44.04380341880342,1023.8247863247861,26.942757534862793,0
2262,4,0,0,42,0.0,0.0,1.0,42,1700,1300,400,0.7647058823529411,21,13,8,357.50918104526994,0.4381170150987224,0.23697092071650405,0.20802356646615427,131075.36844269387,972.1295254308972,132047.49796812478,1271,1,185.88095238095238,37,5,22,34.84435788985259,0.629222972972973,43.99671052631579,1024.0131578947364,27.676031294452336,0
2263,4,0,0,42,0.0,0.0,1.0,42,1300,1000,300,0.7692307692307693,16,10,6,359.7759605460688,0.43764518002322883,0.2379831213307242,0.21010916095890406,131215.758694983,1041.6551246537308,132257.41381963674,1272,2,186.88095238095238,37,5,22,34.6443350456621,0.6306306306306306,43.859649122807014,1024.5614035087713,27.690848743480306,0
2264,4,0,0,42,0.0,0.0,1.0,42,1150,600,550,0.5217391304347826,17,6,11,362.9437258889742,0.4372701316298877,0.24222949049096498,0.21242548565336494,131300.02891514683,1130.9043407586767,132430.93325590552,1273,3,187.88095238095238,37,5,22,34.477974216326075,0.6314752252252251,43.777412280701746,1024.8903508771918,27.69973921289708,0
2265,4,0,0,42,0.0,0.0,1.0,42,1400,800,600,0.5714285714285714,20,8,12,361.8883819559586,0.4365684281842819,0.24004578134571375,0.21295184866492053,131506.1366705246,1118.114614860121,132624.25128538473,1274,4,188.88095238095238,35,7,22,34.2967163168585,0.6375,43.576388888888886,1025.694444444444,29.30555555555554,0
2266,4,0,1,41,0.0,0.023809523809523808,0.9761904761904762,42,1150,600,550,0.5217391304347826,17,6,11,360.231523783191,0.43622967479674796,0.23696758811779128,0.2129688768606225,131684.26890432098,1087.3649691358046,132771.6338734568,1275,5,189.88095238095238,35,7,19,34.159336941813265,0.6392857142857142,43.40277777777778,1026.388888888889,29.325396825396826,0
2267,4,0,0,41,0.0,0.0,1.0,41,1250,1000,250,0.8,15,10,5,364.81663942275713,0.4345274390243902,0.23832406813974516,0.21551160171629494,131654.57182623885,1405.9556916580916,133060.52751789696,1276,6,194.5121951219512,35,6,19,34.07167493703245,0.6389880952380953,43.43171296296296,1026.273148148148,29.322089947089943,0
2268,4,0,1,40,0.0,0.024390243902439025,0.975609756097561,41,1600,1200,400,0.75,20,12,8,364.52156708647107,0.4334857723577236,0.23674452229702103,0.21634781704068606,131832.80452942816,1411.1801000943133,133243.98462952249,1277,7,195.5121951219512,35,6,19,33.89930594688006,0.6407738095238096,43.258101851851855,1026.9675925925926,29.34193121693122,0
2269,4,0,0,40,0.0,0.0,1.0,40,1000,700,300,0.7,13,7,6,369.1157319890778,0.4334001068376068,0.22688405797101452,0.218805717416206,131786.1128826531,1728.8655045351516,133514.97838718825,1278,8,196.875,34,6,19,33.82850241545893,0.6424632352941176,43.30357142857143,1026.7857142857147,30.199579831932784,0
2270,4,0,1,39,0.0,0.025,0.975,40,1200,1000,200,0.8333333333333334,14,10,4,369.9334961578691,0.433213141025641,0.22575318655851695,0.22017421185120065,131938.952664399,1761.7276077097379,133700.68027210873,1279,9,197.875,34,6,21,33.653196214754736,0.6439950980392157,43.1547619047619,1027.3809523809516,30.21708683473387,0
2271,4,0,0,39,0.0,0.0,1.0,39,1150,800,350,0.6956521739130435,15,8,7,371.33255088981656,0.4328047683310841,0.21198244269821775,0.2217209712574461,132061.28826530586,2007.7310090702645,134069.01927437613,1280,10,198.66666666666666,34,5,21,33.493793915527746,0.6452205882352942,43.03571428571427,1027.8571428571408,30.23109243697473,0
2272,4,0,1,38,0.0,0.02564102564102564,0.9743589743589743,39,1150,900,250,0.782608695652174,14,9,5,366.66412741108905,0.43187696806117853,0.20633337489091153,0.21964249185693363,132183.68055555542,1893.4027777777585,134077.08333333317,1281,11,199.66666666666666,34,5,21,33.49034305780658,0.6464460784313726,42.91666666666666,1028.3333333333321,30.24509803921565,0
2273,4,0,0,38,0.0,0.0,1.0,38,1150,800,350,0.6956521739130435,15,8,7,374.48643053216125,0.4287132527264106,0.21663780337825989,0.22373163670254745,132082.88278546702,2292.649461745471,134375.53224721248,1282,18,205.6315789473684,33,5,21,33.39095533301543,0.6477272727272727,43.014705882352935,1027.9411764705874,31.14973262032083,0
2274,4,0,0,38,0.0,0.0,1.0,38,1250,1100,150,0.88,14,11,3,375.68911228684345,0.42828354670459934,0.2198251259181201,0.22501123063518236,132177.37956855536,2331.5204789023446,134508.90004745772,1283,19,206.6315789473684,33,5,21,33.264683390934735,0.6486742424242424,42.92279411764706,1028.3088235294117,31.160873440285204,0
2275,4,0,0,38,0.0,0.0,1.0,38,1400,900,500,0.6428571428571429,19,9,10,372.9537744789778,0.4275871266002845,0.21668936119827142,0.2243274056236881,132338.45191400885,2271.225030006857,134609.67694401572,1284,20,207.6315789473684,35,3,22,33.1725721784777,0.6458333333333333,42.7662037037037,1028.9351851851848,29.398148148148135,0
2276,4,1,0,39,0.02564102564102564,0.0,1.0,39,1050,700,350,0.6666666666666666,14,7,7,362.9256082361936,0.4294309491677913,0.20994108372749154,0.21989022146075252,132612.49999999988,1825.721236282565,134438.22123628244,1285,0,203.28205128205127,34,5,23,33.154665587918004,0.6507352941176471,42.49999999999999,1029.999999999999,30.294117647058798,0
2277,4,0,0,39,0.0,0.0,1.0,39,750,700,50,0.9333333333333333,8,7,1,361.1644994318899,0.4294871794871795,0.2080322673581101,0.21896212840216747,132636.34366426605,1780.7077331961514,134417.0513974622,1286,1,204.28205128205127,35,4,20,33.17602996254682,0.6488095238095238,42.47685185185185,1030.0925925925922,29.43121693121692,0
2278,4,0,2,37,0.0,0.05128205128205128,0.9487179487179487,39,1050,900,150,0.8571428571428571,12,9,3,360.9864055705605,0.42884053081421497,0.20357333102981623,0.21972549156567586,132785.41512613583,1786.745943715689,134572.1610698515,1287,2,205.28205128205127,35,4,20,33.03071776155717,0.6502976190476191,42.33217592592592,1030.6712962962952,29.44775132275129,0
2279,4,1,0,38,0.02631578947368421,0.0,1.0,38,1200,1100,100,0.9166666666666666,13,11,2,364.34187792325463,0.428520625889047,0.2104716304730887,0.22256201315735039,132919.22477324243,2085.607993197259,135004.83276643968,1288,0,207.68421052631578,34,4,21,32.80973408758562,0.6537990196078431,42.20238095238094,1031.1904761904748,30.329131652661022,0
2280,4,0,0,38,0.0,0.0,1.0,38,1450,900,550,0.6206896551724138,20,9,11,379.47311228734924,0.42819464201043145,0.20023157642337486,0.21813819638792395,130606.84479827456,2314.6530946937414,132921.4978929683,1289,1,208.68421052631578,33,5,18,34.757398193661835,0.6328914141414141,44.45465686274509,1022.1813725490184,30.975193107546012,8
2281,4,2,0,40,0.05,0.0,1.0,40,1200,700,500,0.5833333333333334,17,7,10,360.16390871124344,0.43388087606837605,0.205650259652292,0.21128025850093965,131387.44882758893,1464.203425068565,132851.65225265748,1290,0,199.2,35,5,21,34.460845187024916,0.6363095238095238,43.69212962962962,1025.2314814814797,29.29232804232799,0
2282,4,0,1,39,0.0,0.025,0.975,40,800,700,100,0.875,9,7,2,362.87851318960253,0.43413461538461534,0.2080060934326342,0.21353448764184949,131506.13667052452,1544.1502700617068,133050.28694058623,1291,1,200.2,35,5,22,34.27132701421801,0.6375,43.57638888888888,1025.694444444443,29.305555555555515,0
2283,4,0,0,39,0.0,0.0,1.0,39,900,700,200,0.7777777777777778,11,7,4,367.73649598868747,0.4325798470535313,0.21203327529502802,0.21624914081519056,131480.6990504535,1870.050311791379,133350.74936224488,1292,2,203.7948717948718,34,5,22,34.172470497194816,0.6393995098039216,43.601190476190474,1025.5952380952378,30.164565826330524,0
2284,4,0,0,39,0.0,0.0,1.0,39,900,600,300,0.6666666666666666,12,6,6,366.0439897983414,0.43238304093567254,0.2127720325145217,0.21628959808440737,131663.9048327665,1838.956207483,133502.8610402495,1293,3,204.7948717948718,34,5,18,34.03075822603719,0.6412377450980392,43.42261904761905,1026.3095238095243,30.18557422969189,0
2285,4,0,0,39,0.0,0.0,1.0,39,1100,700,400,0.6363636363636364,15,7,8,365.673501367064,0.43210188933873145,0.21515027151770405,0.21624395945039943,131694.4515306122,1831.434240362803,133525.885770975,1294,4,205.7948717948718,34,5,18,34.00941390242017,0.6415441176470589,43.39285714285714,1026.4285714285709,30.189075630252084,0
2286,4,1,0,40,0.025,0.0,1.0,40,1200,700,500,0.5833333333333334,17,7,10,356.3826478017651,0.43356036324786323,0.21975343391128122,0.21301417750843013,132100.37964034613,1415.6566143689647,133516.0362547151,1295,0,201.625,35,5,19,33.83856864069652,0.6434523809523809,42.99768518518517,1028.0092592592573,29.371693121693067,0
2287,4,1,0,41,0.024390243902439025,0.0,1.0,41,1150,600,550,0.5217391304347826,17,6,11,347.21191558875574,0.4339684959349594,0.2101530859981542,0.20965728747109652,132484.94059938294,1000.0700024348423,133485.01060181778,1296,0,197.6829268292683,36,5,23,33.687468095967326,0.6452546296296297,42.62387387387386,1029.5045045045028,28.597347347347302,0
2288,4,0,1,40,0.0,0.024390243902439025,0.975609756097561,41,1250,1000,250,0.8,15,10,5,350.2902182533337,0.43384146341463414,0.21293789755830872,0.2120055622717891,132571.90626014507,1087.7283956253307,133659.6346557704,1297,1,198.6829268292683,36,5,23,33.520821942773814,0.6461226851851851,42.5394144144144,1029.8423423423408,28.60673173173169,0
2289,4,0,1,39,0.0,0.025,0.975,40,950,700,250,0.7368421052631579,12,7,5,354.23324072025736,0.43106303418803416,0.22969715698393078,0.21458962621984803,132606.53941883135,1394.728839806229,134001.26825863757,1298,2,203.725,35,5,24,33.38448608457879,0.6485119047619048,42.50578703703703,1029.976851851851,29.42791005291003,0
2290,4,0,0,39,0.0,0.0,1.0,39,1200,900,300,0.75,15,9,6,354.0562325703266,0.43100539811066124,0.20894181082902707,0.2149937641433182,132695.96220207465,1596.366490912193,134292.32869298683,1299,3,204.15384615384616,35,4,16,33.29916498165206,0.6494047619047619,42.418981481481474,1030.3240740740732,29.437830687830665,0
2291,4,0,0,39,0.0,0.0,1.0,39,1200,1000,200,0.8333333333333334,14,10,4,355.417353840789,0.43063990103463784,0.21127928675098517,0.21616366930316813,132755.5941358023,1636.7283950617061,134392.322530864,1300,4,205.15384615384616,35,4,16,33.20417789757412,0.65,42.3611111111111,1030.555555555554,29.4444444444444,0
2292,4,0,2,37,0.0,0.05128205128205128,0.9487179487179487,39,1050,600,450,0.5714285714285714,15,6,9,356.69207218757344,0.42962775528565,0.21048723417114923,0.21780463818499604,132904.73257726768,1681.2128933041815,134585.94547057187,1301,5,206.15384615384616,35,4,16,33.021499794215586,0.6514880952380953,42.21643518518518,1031.1342592592594,29.46097883597884,0
2293,4,0,0,37,0.0,0.0,1.0,37,1250,800,450,0.64,17,8,9,362.6140135833848,0.42755255255255253,0.1956021642184267,0.22103689001908944,132839.80320069205,2233.9148404459866,135073.71804113805,1302,7,206.75675675675674,33,4,18,32.934102076398794,0.6553030303030303,42.279411764705884,1030.8823529411766,31.238859180035654,0
2294,4,0,0,37,0.0,0.0,1.0,37,1250,900,350,0.72,16,9,7,359.86720207842575,0.4273335835835836,0.19200703994607693,0.21964833243137744,132888.5363520408,2164.4451530612187,135052.981505102,1303,8,207.75675675675674,34,3,18,32.955923103567706,0.6534926470588236,42.232142857142854,1031.0714285714284,30.325630252100837,0
2295,4,0,0,37,0.0,0.0,1.0,37,1400,1000,400,0.7142857142857143,18,10,8,356.6777412106135,0.4269582082082082,0.18971313801685308,0.21859754634591083,133042.013888889,2090.625000000006,135132.638888889,1304,9,208.75675675675674,34,3,18,32.884019924609575,0.6550245098039216,42.083333333333336,1031.6666666666674,30.343137254901983,0
2296,4,0,0,37,0.0,0.0,1.0,37,650,500,150,0.7692307692307693,8,5,3,356.3803360769389,0.42680180180180183,0.18639544020254672,0.21877512415827954,133103.42970521544,2087.089002267578,135190.51870748302,1305,10,209.75675675675674,34,3,18,32.83004537763421,0.6556372549019608,42.023809523809526,1031.9047619047622,30.350140056022415,0
2297,4,0,0,37,0.0,0.0,1.0,37,1350,1000,350,0.7407407407407407,17,10,7,355.91113225401375,0.42670795795795796,0.18517595298780454,0.21957134858970953,133287.76218820867,2087.719671201815,135375.48185941047,1306,11,210.75675675675674,34,3,18,32.65722273460917,0.6574754901960784,41.845238095238095,1032.619047619048,30.37114845938376,0
2298,4,0,1,36,0.0,0.02702702702702703,0.972972972972973,37,800,500,300,0.625,11,5,6,356.1986028776684,0.4257695195195195,0.18249550691639005,0.220294745343516,133379.97626133784,2101.9522392290237,135481.92850056686,1307,12,211.75675675675674,34,3,18,32.55733548461449,0.6583946078431373,41.75595238095238,1032.9761904761904,30.38165266106442,0
2299,4,0,0,36,0.0,0.0,1.0,36,1100,600,500,0.5454545454545454,16,6,10,362.9008915295566,0.4246362433862434,0.17863734641143236,0.22423231039670874,133345.61827181868,2478.2487504806004,135823.86702229927,1308,13,208.61111111111111,33,3,20,32.41872330327479,0.6603535353535354,41.78921568627452,1032.8431372549032,31.29827688651222,0
2300,4,0,1,35,0.0,0.027777777777777776,0.9722222222222222,36,950,700,250,0.7368421052631579,12,7,5,362.9008915295566,0.4243551587301588,0.17863734641143236,0.22423231039670874,133345.61827181868,2478.2487504806004,135823.86702229927,1309,14,209.61111111111111,33,3,20,32.41872330327479,0.6603535353535354,41.78921568627452,1032.8431372549032,31.29827688651222,0
2301,4,0,0,35,0.0,0.0,1.0,35,750,500,250,0.6666666666666666,10,5,5,372.13364401344387,0.42384453781512604,0.1797126778286553,0.22870830121548064,133146.2430491788,2909.6393225181246,136055.88237169693,1310,15,214.28571428571428,32,3,20,32.38061740477937,0.6608072916666667,41.98232323232324,1032.070707070708,32.25220959595963,0
2302,4,0,0,35,0.0,0.0,1.0,35,1000,800,200,0.8,12,8,4,371.7496631712552,0.42289915966386554,0.17847185829577605,0.22927366104181945,133276.5868916438,2909.1052571166274,136185.69214876043,1311,16,215.28571428571428,32,3,21,32.259568354120816,0.662109375,41.85606060606061,1032.5757575757582,32.26799242424244,0
2303,4,0,0,35,0.0,0.0,1.0,35,850,600,250,0.7058823529411765,11,6,5,370.3576616591244,0.4226190476190476,0.17819769472581193,0.2288161383966494,133341.78272625248,2876.8301703907787,136218.61289664326,1312,17,216.28571428571428,32,3,21,32.23003259983701,0.6627604166666667,41.792929292929294,1032.8282828282831,32.27588383838385,0
2304,4,0,0,35,0.0,0.0,1.0,35,950,700,250,0.7368421052631579,12,7,5,370.6231764846209,0.4224439775910364,0.1818639006757823,0.22918127035681662,133374.38662190086,2886.327766299366,136260.71438820023,1313,18,217.28571428571428,32,3,21,32.19044126634887,0.6630859375,41.76136363636364,1032.9545454545457,32.279829545454554,0
2305,4,1,0,36,0.027777777777777776,0.0,1.0,36,900,800,100,0.8888888888888888,10,8,2,358.26116800308256,0.42204034391534395,0.16819932725694464,0.2236947780702173,133733.29252117124,2382.324985970815,136115.61750714204,1314,0,212.22222222222223,32,4,19,32.15001424153647,0.6666666666666667,41.41414141414141,1034.3434343434337,32.323232323232304,0
2306,4,0,0,36,0.0,0.0,1.0,36,950,800,150,0.8421052631578947,11,8,3,355.7434110783722,0.42101521164021166,0.1656569352958719,0.22330662205363658,133929.26263901638,2328.8905468829694,136258.15318589934,1315,1,213.22222222222223,32,4,20,32.01898837114744,0.6686197916666667,41.224747474747474,1035.1010101010097,32.34690656565655,0
2307,4,0,0,36,0.0,0.0,1.0,36,1050,800,250,0.7619047619047619,13,8,5,354.2146428776401,0.42041997354497357,0.16652199074074114,0.2226492040945166,133979.23875432528,2291.4816416762847,136270.72039600156,1316,2,214.22222222222223,33,3,21,32.00856218434345,0.6666666666666667,41.1764705882353,1035.294117647059,31.37254901960785,0
2308,4,0,0,36,0.0,0.0,1.0,36,700,600,100,0.8571428571428571,8,6,2,354.68343258747683,0.42037037037037034,0.16236306729264527,0.22313628607085553,134010.95920138876,2306.2934027777674,136317.25260416654,1317,3,215.22222222222223,33,3,21,31.964704896042928,0.6669823232323233,41.14583333333333,1035.4166666666656,31.376262626262594,0
2309,4,0,0,36,0.0,0.0,1.0,36,1300,1200,100,0.9230769230769231,14,12,2,355.48760308301894,0.4200231481481482,0.15802739329889448,0.22441648311133383,134137.87853529895,2336.8705846309117,136474.74911992985,1318,4,216.22222222222223,33,3,21,31.816983122362863,0.6682449494949495,41.02328431372549,1035.9068627450981,31.39111705288176,0
2310,4,0,0,36,0.0,0.0,1.0,36,850,600,250,0.7058823529411765,11,6,5,355.16370897666496,0.4197916666666666,0.15235570796053266,0.22499022373150976,134264.85794225775,2337.200986399457,136602.0589286572,1319,5,217.22222222222223,33,3,21,31.69846970951086,0.6695075757575757,40.900735294117645,1036.397058823529,31.40597147950088,0
2311,4,0,0,36,0.0,0.0,1.0,36,1100,800,300,0.7272727272727273,14,8,6,355.02384427642124,0.419130291005291,0.157494944720187,0.22588058423060728,134423.6666786813,2344.7213811995434,136768.38805988085,1320,6,218.22222222222223,33,3,21,31.54346884109352,0.6710858585858586,40.747549019607845,1037.0098039215688,31.424539512774814,0
2312,4,0,0,36,0.0,0.0,1.0,36,850,500,350,0.5882352941176471,12,5,7,354.69367804402196,0.4182208994708995,0.15731771346065493,0.22626088806651443,134518.996975322,2342.6075607939265,136861.60453611592,1321,7,219.22222222222223,33,3,21,31.45685666469777,0.6720328282828283,40.65563725490196,1037.3774509803923,31.43568033273916,0
2313,4,0,1,35,0.0,0.027777777777777776,0.9722222222222222,36,950,700,250,0.7368421052631579,12,7,5,355.2906388193297,0.41762566137566143,0.15050689375506887,0.22745241830957097,134649.04729109278,2367.9129602588505,137016.96025135161,1322,8,220.22222222222223,32,4,21,31.311587591240887,0.67578125,40.53030303030303,1037.878787878788,32.433712121212125,0
2314,4,0,0,35,0.0,0.0,1.0,35,1050,700,350,0.6666666666666666,14,7,7,379.4935596555855,0.4166666666666667,0.12999456016284405,0.22666596252062535,132073.33953486898,3027.7833575655627,135101.12289243453,1323,9,221.8,32,3,22,33.27191581705768,0.6500651041666667,43.0239898989899,1027.904040404041,32.122001262626284,8
2315,4,0,1,34,0.0,0.02857142857142857,0.9714285714285714,35,1000,900,100,0.9,11,9,2,380.09343235039813,0.41596638655462187,0.12838553540738684,0.22800008099604896,132235.62168401192,3052.3782649729683,135287.99994898489,1324,10,222.8,32,3,22,33.09267329568705,0.6516927083333333,42.86616161616162,1028.535353535354,32.141729797979814,0
2316,4,0,0,34,0.0,0.0,1.0,34,1000,800,200,0.8,12,8,4,385.94584201249785,0.41592394533571003,0.13889798957557686,0.23168481397406804,132264.03130425353,3409.350585937509,135673.38189019103,1325,30,230.05882352941177,31,3,22,32.91350210970464,0.6545698924731183,42.83854166666667,1028.645833333334,33.182123655914,0
2317,4,0,0,34,0.0,0.0,1.0,34,850,600,250,0.7058823529411765,11,6,5,386.3263986620202,0.41648098633392755,0.1409546354608664,0.23232505344195484,132331.00891113293,3424.592420789946,135755.60133192287,1326,31,231.05882352941177,31,3,23,32.8360963469164,0.655241935483871,42.77343750000001,1028.906250000001,33.19052419354842,0
2318,4,0,0,34,0.0,0.0,1.0,34,1150,800,350,0.6956521739130435,15,8,7,388.14566872771667,0.41466131907308373,0.13846567347565686,0.23447916580869918,132501.77043588835,3486.0146128989104,135987.78504878725,1327,32,232.05882352941177,30,4,23,32.61694952132289,0.6597222222222222,42.60752688172042,1029.5698924731169,34.31899641577056,0
2319,4,1,0,35,0.02857142857142857,0.0,1.0,35,1200,1000,200,0.8333333333333334,14,10,4,378.3695541271299,0.41782212885154063,0.14441558441558433,0.23122583863324597,132934.57031249988,3059.6788194444307,135994.24913194432,1328,0,226.4,31,4,22,32.43265993265993,0.6612903225806452,42.18749999999999,1031.249999999999,33.266129032258036,0
2320,4,0,0,35,0.0,0.0,1.0,35,550,400,150,0.7272727272727273,7,4,3,378.3308617261166,0.4177170868347339,0.14900999026219974,0.23161801287436581,133001.71746147994,3063.730875651032,136065.44833713098,1329,1,227.4,31,4,22,32.3660902129092,0.6619623655913979,42.12239583333333,1031.5104166666658,33.274529569892444,0
2321,4,0,0,35,0.0,0.0,1.0,35,900,500,400,0.5555555555555556,13,5,8,379.55478611677165,0.41810224089635856,0.15129444003749937,0.232785768203506,133068.8815646701,3101.3861762152733,136170.26774088538,1330,2,228.4,31,4,22,32.26695271748275,0.6626344086021505,42.057291666666664,1031.770833333333,33.28293010752687,0
2322,4,1,1,35,0.027777777777777776,0.027777777777777776,0.9722222222222222,36,1100,900,200,0.8181818181818182,13,9,4,368.1959641010969,0.4199900793650793,0.14584776026178958,0.22808081561236,133439.60636988565,2626.384903326181,136065.99127321184,1331,0,223.02777777777777,32,4,23,32.18766548535581,0.6637369791666667,41.69823232323232,1033.2070707070702,32.287720959595944,0
2323,4,0,0,35,0.0,0.0,1.0,35,900,700,200,0.7777777777777778,11,7,4,369.48678502908245,0.41971288515406163,0.1288467421229731,0.2297067804499518,133573.1527540418,2870.702955457881,136443.85570949968,1332,1,217.02857142857144,31,4,23,32.020326867363636,0.6676747311827957,41.56901041666666,1033.7239583333326,33.34593413978492,0
2324,4,0,0,35,0.0,0.0,1.0,35,1050,700,350,0.6666666666666666,14,7,7,371.3103103027777,0.4185574229691877,0.1254841319787825,0.23210546147565436,133775.12825859908,2934.4168768988525,136709.54513549793,1333,2,218.02857142857144,31,4,20,31.770636668764404,0.6696908602150538,41.37369791666666,1034.5052083333326,33.37113575268815,0
2325,4,0,0,35,0.0,0.0,1.0,35,700,400,300,0.5714285714285714,10,4,6,369.7794414990632,0.41782212885154063,0.12290711679160182,0.23157109705225015,133842.48733520496,2898.440043131495,136740.92737833646,1334,3,219.02857142857144,31,4,20,31.742717377626793,0.6703629032258065,41.30859374999999,1034.765624999999,33.37953629032255,0
2326,4,0,1,34,0.0,0.02857142857142857,0.9714285714285714,35,1050,700,350,0.6666666666666666,14,7,7,368.86459687583687,0.41687675070028013,0.11982679627001125,0.23184524978338164,133977.25635104708,2883.8933308919227,136861.14968193902,1335,4,220.02857142857144,31,4,20,31.631372364063218,0.6717069892473118,41.178385416666664,1035.2864583333333,33.39633736559139,0
2327,4,0,0,34,0.0,0.0,1.0,34,1300,1000,300,0.7692307692307693,16,10,6,380.7701130038791,0.41302733214497916,0.13352177234530171,0.2387565040822368,133889.21407099083,3396.2022343623444,137285.41630535317,1336,8,227.38235294117646,30,4,20,31.41152597402596,0.6736111111111112,41.26344086021505,1034.9462365591394,34.498207885304645,0
2328,4,0,0,34,0.0,0.0,1.0,34,1050,700,350,0.6666666666666666,14,7,7,383.3331176694498,0.41156045751633985,0.14337853521470922,0.241274374062536,134028.35587929236,3475.501503063932,137503.85738235628,1337,9,228.38235294117646,30,4,20,31.205650744202146,0.675,41.12903225806451,1035.4838709677415,34.51612903225805,0
2329,4,0,1,33,0.0,0.029411764705882353,0.9705882352941176,34,1050,700,350,0.6666666666666666,14,7,7,383.6016014654001,0.4110219845513963,0.15159251711583854,0.24213083886108408,134132.75965790838,3490.708282749442,137623.4679406578,1338,10,229.38235294117646,30,4,20,31.09402707495351,0.6760416666666667,41.02822580645161,1035.887096774193,34.5295698924731,0
2330,4,0,1,32,0.0,0.030303030303030304,0.9696969696969697,33,750,400,350,0.5333333333333333,11,4,7,391.88849260439497,0.41094539141414144,0.1607003511509948,0.2467838345319569,134046.913580247,3906.288580246921,137953.2021604939,1339,11,234.93939393939394,29,4,22,30.96555346924176,0.6781609195402298,41.111111111111114,1035.555555555556,35.70881226053642,0
2331,4,0,0,32,0.0,0.0,1.0,32,800,400,400,0.5,12,4,8,397.1016295865614,0.41038726478494625,0.1423418423973366,0.25020179598426,134066.75254326864,4247.625181662052,138314.3777249307,1340,12,223.6875,28,4,22,30.81067332593415,0.6815476190476191,41.09195402298851,1035.6321839080463,36.986863711001654,0
2332,4,0,0,32,0.0,0.0,1.0,32,1050,900,150,0.8571428571428571,12,9,3,394.7735487672241,0.40973622311827956,0.13986040353934825,0.2493324216981139,134154.80565200615,4192.153742283947,138346.9593942901,1341,13,224.6875,29,3,22,30.782583679671085,0.6792385057471264,41.00694444444444,1035.9722222222222,35.72318007662835,0
2333,4,0,0,32,0.0,0.0,1.0,32,1050,800,250,0.7619047619047619,13,8,5,392.48629863363425,0.40925319220430106,0.13972508706134468,0.24959988974435376,134406.72260802466,4150.55941358024,138557.28202160491,1342,14,225.6875,29,3,22,30.589226716671124,0.6817528735632183,40.763888888888886,1036.9444444444443,35.75670498084291,0
2334,4,0,0,32,0.0,0.0,1.0,32,1000,600,400,0.6,14,6,8,393.4531706483216,0.4093161962365592,0.13801978706307771,0.2504616219293279,134442.73003472216,4179.38368055555,138622.11371527772,1343,15,226.6875,29,3,22,30.528073523503423,0.6821120689655172,40.729166666666664,1037.083333333333,35.761494252873554,0
2335,4,0,0,32,0.0,0.0,1.0,32,800,600,200,0.75,10,6,4,394.348478250351,0.408224126344086,0.13541666666666674,0.2517763361136855,134550.78125,4212.022569444443,138762.80381944444,1344,16,227.6875,28,4,22,30.39658634538152,0.6863839285714286,40.625,1037.5,37.05357142857143,0
2336,4,0,0,32,0.0,0.0,1.0,32,650,400,250,0.6153846153846154,9,4,5,393.23826754475965,0.4080771169354838,0.13561859595679882,0.25132449276179225,134588.05035341516,4185.034350640759,138773.08470405592,1345,17,228.6875,28,4,22,30.388050401550814,0.6867559523809523,40.58908045977011,1037.6436781609189,37.058702791461386,0
2337,4,0,1,31,0.0,0.03125,0.96875,32,700,500,200,0.7142857142857143,9,5,4,390.94341258834896,0.4075730846774193,0.13291412953224468,0.2508842894638906,134737.17837561094,4134.922463337281,138872.10083894822,1346,18,229.6875,28,4,22,30.298286281022236,0.6882440476190477,40.44540229885057,1038.218390804597,37.07922824302132,0
2338,4,0,0,31,0.0,0.0,1.0,31,1200,900,300,0.75,15,9,6,391.9211826468377,0.4056899641577061,0.11201299425700251,0.25228835524078286,134849.0785812195,4370.042071277587,139219.1206524971,1347,19,229.38709677419354,28,3,21,30.160925900308925,0.6893601190476191,40.33764367816092,1038.6494252873567,37.09462233169131,0
2339,4,0,0,31,0.0,0.0,1.0,31,1450,1100,350,0.7586206896551724,18,11,7,394.2300258740146,0.4029121863799283,0.11597213245552673,0.25587826881168096,135147.70620706165,4455.856742964725,139603.5629500264,1348,20,230.38709677419354,28,3,21,29.802289162175864,0.6923363095238095,40.05028735632184,1039.7988505747123,37.13567323481116,0
2340,4,0,0,31,0.0,0.0,1.0,31,900,600,300,0.6666666666666666,12,6,6,394.50299136168013,0.40286738351254475,0.11855284263054755,0.2568526670376407,135259.77672083498,4472.077305456474,139731.85402629146,1349,21,231.38709677419354,28,3,21,29.683183701657466,0.6934523809523809,39.94252873563219,1040.2298850574714,37.15106732348112,0
2341,4,0,0,31,0.0,0.0,1.0,31,500,200,300,0.4,8,2,6,392.1686843012251,0.40232974910394265,0.116052418241263,0.255863568622475,135334.5162009512,4414.791831813976,139749.3080327652,1350,22,232.38709677419354,28,3,22,29.669232716560813,0.6941964285714286,39.87068965517241,1040.5172413793102,37.16133004926108,0
2342,4,0,0,31,0.0,0.0,1.0,31,1000,900,100,0.9,11,9,2,392.4961426175228,0.40241935483870966,0.10795722667901297,0.25714530283965364,135484.0570914256,4435.393958911358,139919.45105033697,1351,23,233.38709677419354,28,3,22,29.511397092648814,0.6956845238095238,39.72701149425288,1041.091954022989,37.18185550082104,0
2343,4,0,0,31,0.0,0.0,1.0,31,950,500,450,0.5263157894736842,14,5,9,392.0688983297457,0.4020609318996416,0.10812928152695012,0.2571333308774361,135521.45521617788,4426.749529330174,139948.20474550806,1352,24,234.38709677419354,28,3,22,29.485189273722455,0.6960565476190477,39.691091954022994,1041.2356321839086,37.18698686371102,0
2344,4,0,0,31,0.0,0.0,1.0,31,1250,1000,250,0.8,15,10,5,392.80730371060906,0.40129928315412183,0.11320351809094165,0.2586962542421095,135671.09932372175,4458.519743361072,140129.61906708282,1353,25,235.38709677419354,28,3,23,29.316645979864848,0.6975446428571428,39.547413793103445,1041.810344827586,37.20751231527093,0
2345,4,0,0,31,0.0,0.0,1.0,31,1050,800,250,0.7619047619047619,13,8,5,392.28121594246625,0.40035842293906815,0.11449078150430902,0.2591628361062522,135783.3865933413,4453.054399524378,140236.44099286568,1354,26,236.38709677419354,28,3,23,29.218362282878406,0.6986607142857143,39.439655172413794,1042.241379310345,37.2229064039409,0
2346,4,0,0,31,0.0,0.0,1.0,31,800,700,100,0.875,9,7,2,392.19338989046355,0.40058243727598564,0.11715332361204944,0.25964920046032874,135858.270577355,4456.543136477731,140314.81371383273,1355,27,237.38709677419354,28,3,23,29.145994119808897,0.6994047619047619,39.36781609195402,1042.5287356321837,37.23316912972085,0
2347,4,0,0,31,0.0,0.0,1.0,31,600,300,300,0.5,9,3,6,393.25024173511594,0.3997759856630824,0.1180973209404046,0.2606225574677386,135895.72031064206,4488.20497258554,140383.9252832276,1356,28,238.38709677419354,28,3,21,29.081117082357267,0.6997767857142857,39.331896551724135,1042.6724137931033,37.23830049261083,0
2348,4,0,0,31,0.0,0.0,1.0,31,750,400,350,0.5333333333333333,11,4,7,394.7533183070371,0.39950716845878137,0.12195858882075883,0.2624458874458873,136008.10047562432,4537.929795877925,140546.03027150224,1357,29,239.38709677419354,28,3,21,28.92992424242424,0.7008928571428572,39.224137931034484,1043.1034482758625,37.253694581280804,0
2349,4,0,0,31,0.0,0.0,1.0,31,800,500,300,0.625,11,5,6,394.5275698620488,0.39910394265232974,0.12152521743765621,0.26284946902185335,136083.04638987992,4537.702718324769,140620.74910820468,1358,30,240.38709677419354,28,3,22,28.861137886716254,0.7016369047619048,39.152298850574724,1043.3908045977023,37.2639573070608,0
2350,4,0,0,31,0.0,0.0,1.0,31,450,100,350,0.2222222222222222,8,1,7,394.23827744935875,0.39896953405017926,0.11911899908062562,0.2629341238856465,136120.5270882877,4532.784424957058,140653.31151324476,1359,31,241.38709677419354,28,3,22,28.831348386800688,0.7020089285714286,39.116379310344826,1043.5344827586202,37.269088669950726,0
2351,4,0,0,31,0.0,0.0,1.0,31,900,600,300,0.6666666666666666,12,6,6,393.60133188279406,0.3982974910394265,0.11912650860958962,0.2631946272625518,136213.00154321,4522.723765432115,140735.7253086421,1360,32,242.38709677419354,29,2,23,28.755876352669866,0.6997126436781609,39.027777777777786,1043.8888888888898,35.99616858237551,0
2352,4,0,0,31,0.0,0.0,1.0,31,1300,1100,200,0.8461538461538461,15,11,4,389.1473240701862,0.39740143369175623,0.11351441769497006,0.26155290655333957,136394.2925347222,4415.4947916666615,140809.78732638885,1361,33,243.38709677419354,29,2,23,28.691746443292107,0.7015086206896552,38.854166666666664,1044.5833333333333,36.020114942528735,0
2353,4,0,0,31,0.0,0.0,1.0,31,1100,700,400,0.6363636363636364,15,7,8,392.07072769616224,0.39614695340501793,0.11201371771514324,0.264603787077455,136539.4121334878,4506.6213348765605,141046.03346836436,1362,34,244.38709677419354,29,2,23,28.471068660022148,0.7029454022988506,38.715277777777786,1045.1388888888898,36.039272030651375,0
2354,4,0,0,31,0.0,0.0,1.0,31,950,700,250,0.7368421052631579,12,7,5,391.5810860145077,0.39466845878136203,0.10898342115409343,0.2656401421341663,136720.92013888905,4507.465277777804,141228.38541666686,1363,35,245.38709677419354,29,2,23,28.3034528552457,0.7047413793103448,38.54166666666668,1045.8333333333346,36.06321839080464,0
2355,4,0,0,31,0.0,0.0,1.0,31,850,400,450,0.47058823529411764,13,4,9,391.34697018502874,0.3942652329749104,0.1108156370036355,0.26630684068688576,136829.88281250023,4509.59201388892,141339.47482638917,1364,36,246.38709677419354,29,2,24,28.20133081109783,0.7058189655172413,38.437500000000014,1046.2500000000018,36.07758620689661,0
2356,4,0,0,31,0.0,0.0,1.0,31,650,400,250,0.6153846153846154,9,4,5,388.60015790060004,0.39310035842293906,0.1131493888734294,0.2649866235095949,136902.54870756186,4440.070408950636,141342.6191165125,1365,37,247.38709677419354,29,2,24,28.20103406326034,0.7065373563218391,38.368055555555564,1046.5277777777787,36.08716475095789,0
2357,4,0,0,31,0.0,0.0,1.0,31,700,600,100,0.8571428571428571,8,6,2,390.2486708840695,0.39233870967741935,0.10854836569697013,0.2666640283275822,136975.23389274697,4490.88059413581,141466.11448688278,1366,38,248.38709677419354,29,2,21,28.08574919287073,0.7072557471264368,38.298611111111114,1046.8055555555559,36.09674329501917,0
2358,4,0,0,31,0.0,0.0,1.0,31,1200,700,500,0.5833333333333334,17,7,10,387.5704465661475,0.39220430107526877,0.09908445281081524,0.2656619242826141,137084.29783950624,4425.964506172851,141510.26234567908,1367,39,249.38709677419354,29,2,21,28.047634836427946,0.7083333333333333,38.19444444444445,1047.2222222222229,36.111111111111136,0
2359,4,0,0,31,0.0,0.0,1.0,31,700,500,200,0.7142857142857143,9,5,4,388.34497831867503,0.39166666666666666,0.09781367235456906,0.2664703804823591,137120.6621334876,4450.02411265432,141570.68624614194,1368,40,250.38709677419354,29,2,21,27.991286522565538,0.7086925287356323,38.15972222222222,1047.3611111111109,36.115900383141756,0
2360,4,0,0,31,0.0,0.0,1.0,31,1450,1200,250,0.8275862068965517,17,12,5,387.219426976906,0.3909050179211469,0.09735137561726415,0.2668100983142244,137266.16753472225,4430.425347222228,141696.59288194447,1369,41,251.38709677419354,29,2,22,27.87649105367794,0.7101293103448276,38.020833333333336,1047.9166666666667,36.13505747126437,0
2361,4,0,0,31,0.0,0.0,1.0,31,1000,800,200,0.8,12,8,4,389.3964211492995,0.3897849462365592,0.09381289553412331,0.2694366254130212,137411.75009645068,4501.528742283961,141913.27883873464,1370,42,252.38709677419354,29,2,22,27.6751611692498,0.711566091954023,37.88194444444445,1048.4722222222226,36.154214559386986,0
2362,4,0,0,31,0.0,0.0,1.0,31,600,300,300,0.5,9,3,6,387.91357323685713,0.3892025089605735,0.09308365226899973,0.26925765671734814,137520.9876543211,4469.251543209893,141990.239197531,1371,43,253.38709677419354,29,2,22,27.605821857344623,0.7126436781609196,37.777777777777786,1048.8888888888898,36.16858237547896,0
2363,4,0,0,31,0.0,0.0,1.0,31,900,500,400,0.5555555555555556,13,5,8,389.80413215068336,0.3882616487455197,0.09030550159048722,0.2714258265804987,137630.26861496907,4529.769483024683,142160.03809799376,1372,44,254.38709677419354,29,2,23,27.448020075005523,0.7137212643678161,37.67361111111111,1049.305555555555,36.18295019157086,0
2364,4,0,0,31,0.0,0.0,1.0,31,500,300,200,0.6,7,3,4,389.4325318921966,0.38776881720430106,0.08930835328919584,0.271739763943613,137703.14670138885,4525.217013888884,142228.36371527772,1373,45,255.38709677419354,29,2,23,27.385619293370382,0.7144396551724138,37.604166666666664,1049.583333333333,36.19252873563217,0
2365,4,0,1,30,0.0,0.03225806451612903,0.967741935483871,31,550,400,150,0.7272727272727273,7,4,3,390.018346958698,0.3873655913978495,0.09188298662387195,0.2724361059439777,137739.59297839506,4544.193672839503,142283.78665123455,1374,46,256.38709677419354,29,2,23,27.334171297521387,0.7147988505747127,37.56944444444444,1049.7222222222222,36.19731800766284,0
2366,4,0,0,30,0.0,0.0,1.0,30,900,600,300,0.6666666666666666,12,6,6,387.37717309145876,0.38328544061302683,0.06560846560846545,0.2711640211640211,137812.5,4677.083333333333,142489.58333333334,1375,47,245.13333333333333,29,1,23,27.33134920634921,0.7155172413793103,37.5,1050.0,36.206896551724135,0
2367,4,0,0,30,0.0,0.0,1.0,30,600,300,300,0.5,9,3,6,386.67106091108803,0.383022030651341,0.06693559053035303,0.27095643109812195,137848.96074459868,4660.440779320975,142509.40152391966,1376,48,246.13333333333333,29,1,24,27.313819821011318,0.7158764367816092,37.46527777777777,1050.1388888888882,36.21168582375476,0
2368,4,0,0,30,0.0,0.0,1.0,30,600,300,300,0.5,9,3,6,384.4898641761289,0.3821360153256705,0.06668429402432574,0.270286369203368,137958.3719135803,4608.719135802476,142567.09104938278,1377,49,247.13333333333333,29,1,24,27.262912039485286,0.7169540229885057,37.361111111111114,1050.5555555555559,36.226053639846754,0
2369,4,0,0,30,0.0,0.0,1.0,30,700,600,100,0.8571428571428571,8,6,2,384.39144710865713,0.3817768199233717,0.02251364665157718,0.25572756060523677,136031.8311149691,4457.8944830246855,140489.7255979938,1378,50,248.13333333333333,29,1,20,29.176513335996088,0.6979166666666667,39.201388888888886,1043.1944444444443,35.97222222222222,8
2370,4,0,0,30,0.0,0.0,1.0,30,650,600,50,0.9230769230769231,7,6,1,413.92980123309377,0.38120210727969345,0.004210951163728938,0.25490805406508565,133221.1829668209,5028.84355709875,138250.02652391966,1379,51,249.13333333333333,29,1,20,31.22659648414727,0.6698994252873562,41.909722222222214,1032.3611111111104,35.59865900383139,8
2371,4,0,0,30,0.0,0.0,1.0,30,350,200,150,0.5714285714285714,5,2,3,413.31595359584037,0.38113026819923373,0.002609631423190484,0.2547753564702716,133257.0312499999,5015.451388888875,138272.4826388888,1380,52,250.13333333333333,29,1,21,31.20628194780737,0.6702586206896552,41.87499999999999,1032.4999999999993,35.60344827586204,0
2372,4,0,0,30,0.0,0.0,1.0,30,850,700,150,0.8235294117647058,10,7,3,418.24337748910153,0.3814894636015325,-0.000847115772488527,0.2585599333654569,133364.60503472213,5155.772569444434,138520.37760416657,1381,53,251.13333333333333,29,1,21,30.97056945004707,0.6713362068965517,41.77083333333333,1032.9166666666658,35.617816091954,0
2373,4,0,0,30,0.0,0.0,1.0,30,750,500,250,0.6666666666666666,10,5,5,418.7922366878732,0.3806273946360153,-0.0015992474129822298,0.2599026716592547,133508.10426311725,5182.431520061726,138690.53578317896,1382,54,252.13333333333333,29,1,21,30.811690856963672,0.6727729885057472,41.63194444444444,1033.472222222222,35.636973180076616,0
2374,4,0,0,30,0.0,0.0,1.0,30,700,500,200,0.7142857142857143,9,5,4,419.3870322405119,0.3798850574712644,0.0008863819500402048,0.2615373402062691,133687.5868055556,5213.36805555556,138900.95486111115,1383,55,253.13333333333333,29,1,21,30.61543110394844,0.6745689655172413,41.458333333333336,1034.166666666667,35.6609195402299,0
2375,4,0,0,30,0.0,0.0,1.0,30,750,600,150,0.8,9,6,3,415.31462546732104,0.37954980842911873,0.0052348993288589,0.26000789577576,133831.25964506183,5116.415895061744,138947.67554012357,1384,56,254.13333333333333,29,1,20,30.576062639821018,0.6760057471264368,41.31944444444445,1034.722222222223,35.68007662835252,0
2376,4,0,1,29,0.0,0.03333333333333333,0.9666666666666667,30,650,500,150,0.7692307692307693,8,5,3,413.70082537904415,0.37931034482758624,0.006333870101985939,0.25950324501049155,133903.12500000012,5079.166666666684,138982.2916666668,1385,57,255.13333333333333,29,1,20,30.545491143317236,0.6767241379310345,41.25000000000001,1035.000000000001,35.68965517241382,0
2377,4,0,0,29,0.0,0.0,1.0,29,850,600,250,0.7058823529411765,11,6,5,415.5550623343198,0.3771551724137931,0.035257165670198765,0.2518270703190818,132619.89952850438,5251.514400845545,137871.41392934992,1386,58,261.82758620689657,28,1,22,31.791974705909706,0.6670386904761905,42.49281609195402,1030.0287356321835,36.786740558292266,8
2378,4,0,0,29,0.0,0.0,1.0,29,350,300,50,0.8571428571428571,4,3,1,415.47575735259454,0.3764880952380953,0.03072721065209927,0.2522757541046109,132693.90616742626,5226.220232197102,137920.12639962338,1387,59,262.82758620689657,28,1,18,31.719193046065175,0.6677827380952381,42.420977011494244,1030.3160919540223,36.797003284072225,0
2379,4,0,0,29,0.0,0.0,1.0,29,650,500,150,0.7692307692307693,8,5,3,413.0614811351385,0.3764367816091954,0.028988015402586775,0.2513053438661873,132767.93344976217,5168.26384760205,137936.1972973642,1388,60,263.82758620689657,28,1,18,31.70657326083925,0.6685267857142857,42.34913793103448,1030.6034482758619,36.807266009852206,0
2380,4,0,0,29,0.0,0.0,1.0,29,950,500,450,0.5263157894736842,14,5,9,419.7041607726864,0.3769499178981937,-0.005376876600681868,0.2308846590977509,128883.87586805549,5018.61979166666,133902.49565972216,1389,61,264.82758620689657,29,0,18,35.49146833538505,0.6260775862068966,46.14583333333333,1015.4166666666661,35.014367816091934,8
2381,4,1,0,30,0.03333333333333333,0.0,1.0,30,450,300,150,0.6666666666666666,6,3,3,408.9669377375792,0.3825670498084291,0.005962136196665968,0.22721098785765972,129274.43560906325,4574.575261758486,133849.01087082174,1390,0,256.96666666666664,28,2,19,35.363979937835566,0.6331845238095238,45.76149425287356,1016.9540229885054,36.31978653530376,0
2382,4,0,0,30,0.0,0.0,1.0,30,600,300,300,0.5,9,3,6,407.7152957323886,0.3826149425287357,0.003728813559322086,0.2269358721529333,129347.50297265162,4547.391085348132,133894.89405799974,1391,1,257.96666666666664,28,2,20,35.3210334274953,0.6339285714285714,45.689655172413794,1017.2413793103449,36.330049261083744,0
2383,4,0,0,30,0.0,0.0,1.0,30,1250,1000,250,0.8,15,10,5,408.2461303135401,0.382926245210728,0.005888998728992956,0.2274422382966308,129384.044395726,4564.107089774083,133948.15148550007,1392,2,258.96666666666664,28,2,20,35.27014781339737,0.6343005952380952,45.65373563218391,1017.3850574712644,36.33518062397373,0
2384,4,1,0,31,0.03225806451612903,0.0,1.0,31,400,100,300,0.25,7,1,6,398.8453873528698,0.3875,0.024888935760707387,0.22539830550865406,129943.77170138877,4165.494791666651,134109.26649305542,1393,0,251.58064516129033,29,2,19,34.93776392862007,0.6368534482758621,45.10416666666666,1019.5833333333323,35.15804597701146,0
2385,4,0,0,31,0.0,0.0,1.0,31,750,400,350,0.5333333333333333,11,4,7,402.18057694277155,0.38758960573476703,0.022661894200575405,0.22810936970228995,130085.41907793202,4263.565779320977,134348.984857253,1394,1,252.58064516129033,29,2,20,34.708276605400506,0.6382902298850575,44.96527777777777,1020.1388888888882,35.17720306513408,0
2386,4,1,0,32,0.03125,0.0,1.0,32,900,700,200,0.7777777777777778,11,7,4,389.2033834467368,0.39152805779569894,-0.013285647279549728,0.20620815445040822,127378.63363751149,3515.239038108358,130893.87267561984,1395,0,245.65625,32,0,19,37.81035021888682,0.6025390625,47.63257575757576,1009.469696969697,31.54592803030303,8
2387,4,0,0,32,0.0,0.0,1.0,32,1150,900,250,0.782608695652174,14,9,5,395.68029249437177,0.3912760416666667,-0.01456458567679042,0.21063459881886012,127569.89282024789,3695.3785009182648,131265.27132116616,1396,1,246.65625,32,0,19,37.45000624921884,0.6044921875,47.44318181818181,1010.2272727272723,31.56960227272726,0
2388,4,3,2,33,0.08571428571428572,0.05714285714285714,0.9428571428571428,35,850,500,350,0.5882352941176471,12,5,7,373.8869130139504,0.4053571428571428,0.015597222688089163,0.20389044334525142,128536.57171201806,2612.919723674585,131149.49143569265,1397,0,226.42857142857142,34,1,20,37.009616889723716,0.6096813725490196,46.488095238095234,1014.0476190476185,29.82492997198878,0
2389,4,1,1,33,0.029411764705882353,0.029411764705882353,0.9705882352941176,34,900,600,300,0.6666666666666666,12,6,6,381.4366695958205,0.4054330065359477,0.01912653816060872,0.2072589525333401,128392.8131608035,2994.745410419062,131387.55857122256,1398,0,234.05882352941177,33,1,20,36.9654373236598,0.610479797979798,46.62990196078431,1013.4803921568624,30.711527035056438,0
2390,4,0,0,33,0.0,0.0,1.0,33,1000,400,600,0.4,16,4,12,393.5770809677699,0.39622790404040403,0.022792410082129733,0.21355348713768468,128336.36435376508,3502.050332874215,131838.4146866393,1399,2,242.15151515151516,32,1,20,36.71573208722741,0.6123046875,46.68560606060607,1013.257575757577,31.66429924242428,0
2391,4,1,0,34,0.029411764705882353,0.0,1.0,34,600,400,200,0.6666666666666666,8,4,4,381.6468858689806,0.39986259655377304,0.027166255723846344,0.20559687077457978,128048.66850321385,2991.1286157024624,131039.7971189163,1400,0,236.0,32,2,22,37.312874251497,0.609375,46.96969696969696,1012.1212121212112,31.62878787878785,8
2392,4,1,0,35,0.02857142857142857,0.0,1.0,35,1100,900,200,0.8181818181818182,13,9,4,370.2238993591543,0.4028711484593837,0.025417551859336474,0.20132293698879458,128423.86529519888,2509.1168360726524,130932.98213127154,1401,0,230.22857142857143,33,2,17,37.21776387377583,0.6107954545454546,46.59926470588235,1013.6029411764699,30.71524064171121,0
2393,4,1,0,36,0.027777777777777776,0.0,1.0,36,1200,800,400,0.6666666666666666,16,8,8,361.88157387409996,0.4041170634920635,0.03024083196496985,0.1985458364768708,128778.12499999977,2120.486111111082,130898.61111111085,1402,0,224.80555555555554,34,2,19,37.067255062944696,0.6121323529411764,46.249999999999986,1014.9999999999982,29.852941176470534,0
2394,4,0,0,36,0.0,0.0,1.0,36,700,500,200,0.7142857142857143,9,5,4,362.445443855251,0.4039351851851852,0.034201816452315015,0.19900658723462475,128808.33510487514,2137.1988378684646,130945.5339427436,1403,1,225.80555555555554,34,2,19,37.02210625073297,0.6124387254901961,46.22023809523809,1015.1190476190463,29.856442577030776,0
2395,4,0,0,36,0.0,0.0,1.0,36,1050,900,150,0.8571428571428571,12,9,3,362.0557194867025,0.4047123015873016,0.03764491337762155,0.1992474378852625,128898.98667800438,2133.72307256234,131032.70975056672,1404,2,226.80555555555554,34,2,19,36.93947831184056,0.6133578431372548,46.13095238095237,1015.4761904761892,29.866946778711448,0
2396,4,2,1,37,0.05263157894736842,0.02631578947368421,0.9736842105263158,38,850,600,250,0.7058823529411765,11,6,5,348.39990249677913,0.4106063300142247,0.056206391592729776,0.19529572516103832,129625.34722222203,1433.000283446691,131058.34750566872,1405,0,215.81578947368422,34,4,16,36.54698581560285,0.6207107843137255,45.41666666666666,1018.3333333333318,29.95098039215682,0
2397,4,1,0,38,0.02631578947368421,0.0,1.0,38,800,600,200,0.75,10,6,4,348.56359028251154,0.4090208629682314,0.06567414797365112,0.19584101392301023,129716.28578514712,1442.8748582766207,131159.16064342373,1406,0,216.78947368421052,34,4,18,36.45042070819213,0.6216299019607843,45.32738095238094,1018.690476190474,29.96148459383747,0
2398,4,0,0,38,0.0,0.0,1.0,38,1150,1000,150,0.8695652173913043,13,10,3,343.9414695109342,0.40879860123281175,0.06447159233536937,0.19390195777933952,129849.38298396756,1332.117519718763,131181.50050368631,1407,1,217.78947368421052,35,3,18,36.433019153607376,0.6208333333333333,45.196759259259245,1019.2129629629612,29.12037037037032,0
2399,4,0,0,38,0.0,0.0,1.0,38,750,600,150,0.8,9,6,3,343.1609114330051,0.40826517306780463,0.06890864764090043,0.19375392999371188,129908.37191358008,1315.8950617283729,131224.26697530845,1408,2,218.78947368421052,35,3,18,36.39305177111715,0.6214285714285714,45.13888888888888,1019.4444444444431,29.126984126984087,0
2400,4,0,0,38,0.0,0.0,1.0,38,1400,1100,300,0.7857142857142857,17,11,6,342.7143470901486,0.407479848269322,0.06290049985965651,0.19423418269488613,130055.90284475726,1314.4047657321503,131370.30761048943,1409,3,219.78947368421052,35,3,19,36.25479878210219,0.6229166666666667,44.994212962962955,1020.0231481481472,29.143518518518494,0
2401,4,0,0,38,0.0,0.0,1.0,38,850,400,450,0.47058823529411764,13,4,9,342.1357075500082,0.406857515410147,0.06454010806937949,0.1942000168740064,130114.93866008645,1303.3933202589062,131418.33198034536,1410,4,220.78947368421052,35,3,19,36.20970410285501,0.6235119047619048,44.93634259259259,1020.2546296296285,29.150132275132243,0
2402,4,0,1,37,0.0,0.02631578947368421,0.9736842105263158,38,900,700,200,0.7777777777777778,11,7,4,343.3309006285984,0.40601292081555235,0.07037484463752608,0.19518598629211775,130176.38204082457,1338.7148973297572,131515.0969381543,1411,5,221.78947368421052,36,2,19,36.11693518722873,0.6221064814814814,44.876126126126124,1020.4954954954951,28.347097097097087,0
2403,4,0,0,37,0.0,0.0,1.0,37,1200,800,400,0.6666666666666666,16,8,8,347.3349890151877,0.4065002502502502,0.0758571638789427,0.19730059685295712,130144.46159122081,1640.745027434836,131785.20661865565,1412,6,224.35135135135135,35,2,19,36.04714912280702,0.6238095238095238,44.907407407407405,1020.37037037037,29.15343915343914,0
2404,4,0,0,37,0.0,0.0,1.0,37,1250,1000,250,0.8,15,10,5,348.7683978370741,0.4065002502502502,0.08456660951996797,0.1988721928092251,130292.9705215419,1688.4676993225219,131981.43822086442,1413,7,225.35135135135135,34,3,19,35.86000660758707,0.6274509803921569,44.76190476190476,1020.9523809523805,30.02801120448178,0
2405,4,0,0,37,0.0,0.0,1.0,37,1050,700,350,0.6666666666666666,14,7,7,347.0264055272296,0.40696946946946944,0.087540984639225,0.1986546755056143,130444.94224773247,1653.5678854875337,132098.51013322,1414,8,226.35135135135135,34,3,19,35.75049528027038,0.6289828431372548,44.61309523809524,1021.5476190476194,30.045518207282925,0
2406,4,0,0,37,0.0,0.0,1.0,37,850,500,350,0.5882352941176471,12,5,7,347.67565602353994,0.40590590590590586,0.08947529105908081,0.19996589807596343,130627.42524092959,1683.1951530612114,132310.6203939908,1415,9,227.35135135135135,34,3,16,35.5491343503746,0.6308210784313726,44.4345238095238,1022.2619047619038,30.066526610644228,0
2407,4,0,0,37,0.0,0.0,1.0,37,650,300,350,0.46153846153846156,10,3,7,374.6195496896877,0.40553053053053056,0.05274846559707136,0.20441197167850336,128560.35098459329,2429.1971066051,130989.54809119839,1416,10,228.35135135135135,32,5,18,36.966716467463485,0.6145833333333333,46.46464646464646,1014.1414141414131,31.69191919191916,8
2408,4,1,0,38,0.02631578947368421,0.0,1.0,38,1200,800,400,0.6666666666666666,16,8,8,367.4545323793594,0.40956910858226653,0.0595684832784098,0.20265007444394598,128983.4457450258,1879.1103481833757,130862.55609320918,1417,0,223.31578947368422,33,5,19,36.716205211726404,0.6164772727272727,46.04779411764705,1015.8088235294106,30.78208556149729,0
2409,4,1,0,39,0.02564102564102564,0.0,1.0,39,1250,800,450,0.64,17,8,9,355.87381343138867,0.4111279802069276,0.09201961821065852,0.18287839450268348,126133.51048752859,1198.642106965367,127332.15259449396,1418,0,218.56410256410257,34,5,16,39.931954649601025,0.585171568627451,48.869047619047635,1004.5238095238116,29.54481792717093,8
2410,4,1,1,39,0.025,0.025,0.975,40,1150,700,450,0.6086956521739131,16,7,9,349.3456531535149,0.41764155982905987,0.10088330072505469,0.18079001669153624,126421.84452428423,832.9843696416435,127254.82889392588,1419,0,214.075,35,5,14,39.79900352936663,0.5860119047619048,48.58217592592593,1005.6712962962971,28.733465608465632,0
2411,4,3,0,42,0.07142857142857142,0.0,1.0,42,900,400,500,0.4444444444444444,14,4,10,332.2778415955292,0.4271196283391405,0.11965766719604742,0.17562194817402194,127280.60766171737,58.50511816056007,127339.11277987793,1420,0,196.3095238095238,38,4,18,39.34731780483501,0.5890899122807017,47.72970085470085,1009.0811965811961,26.55476833108411,0
2412,4,4,0,46,0.08695652173913043,0.0,1.0,46,1050,600,450,0.5714285714285714,15,6,9,312.16044113702327,0.434993961352657,0.1570611198855676,0.16930932476539648,128320.37278163561,-1185.7691109193734,127134.60367071624,1421,0,180.15217391304347,41,5,19,38.7944082705049,0.5947662601626016,46.70138888888888,1013.194444444443,24.712059620596172,0
2413,4,0,3,43,0.0,0.06521739130434782,0.9347826086956522,46,1400,1200,200,0.8571428571428571,16,12,4,313.00847628567465,0.4350644122383253,0.1614925068293802,0.17030461185766893,128446.04768990923,-1159.0596655328868,127286.98802437635,1422,1,181.15217391304347,41,5,13,38.64503816793892,0.5960365853658536,46.57738095238095,1013.6904761904757,24.724157955865262,0
2414,4,1,1,43,0.022727272727272728,0.022727272727272728,0.9772727272727273,44,1400,900,500,0.6428571428571429,19,9,10,327.01600357032964,0.43212649753347426,0.16575327745540513,0.17764035168820452,128381.94580078151,-403.4098307291372,127978.53597005237,1423,0,189.79545454545453,39,5,14,38.35536797204236,0.5985576923076923,46.640625000000014,1013.437500000002,25.985576923076977,0
2415,4,0,3,40,0.0,0.06976744186046512,0.9302325581395349,43,1200,900,300,0.75,15,9,6,332.61884230706823,0.42868678479143596,0.06904108239870954,0.17580218050309218,127280.6076617174,-94.17771604082833,127186.42994567657,1424,3,195.2093023255814,38,5,20,39.338715369684124,0.5890899122807017,47.72970085470085,1009.0811965811963,26.554768331084112,8
2416,4,1,1,40,0.024390243902439025,0.024390243902439025,0.975609756097561,41,1000,400,600,0.4,16,4,12,346.2529396524235,0.4216971544715447,0.0824967334494775,0.18292608132580887,127262.39753266796,612.9958505803334,127875.3933832483,1425,0,205.4390243902439,36,5,21,39.01343936011906,0.5925925925925926,47.74774774774776,1009.0090090090104,28.028028028028064,0
2417,4,2,1,41,0.047619047619047616,0.023809523809523808,0.9761904761904762,42,1250,600,650,0.48,19,6,13,343.32086382258063,0.42538956639566394,0.11494475323455555,0.18449747294647348,127950.32035097339,385.6029018544175,128335.92325282781,1426,0,201.04761904761904,37,5,19,38.38316444492613,0.5976914414414414,47.06688596491228,1011.7324561403509,27.3441204362257,0
2418,4,0,1,40,0.0,0.024390243902439025,0.975609756097561,41,1050,800,250,0.7619047619047619,13,8,5,353.46953249351543,0.4232469512195122,0.11188951690080517,0.1898201342715466,127922.58795975671,843.3474722991525,128765.93543205586,1427,1,206.9268292682927,37,4,20,38.15485222920729,0.5974099099099099,47.09429824561403,1011.6228070175428,27.341156946420075,0
2419,4,0,0,40,0.0,0.0,1.0,40,1500,1200,300,0.8,18,12,6,353.43528256193997,0.42092681623931627,0.11491769547325115,0.19085505258344748,128144.5312499999,1058.9291897506773,129203.46043975058,1428,2,212.175,33,7,21,37.92866941015089,0.6079545454545454,46.87499999999999,1012.4999999999992,30.68181818181816,0
2420,4,0,0,40,0.0,0.0,1.0,40,1150,800,350,0.6956521739130435,15,8,7,347.0749445451347,0.42183493589743587,0.11265566091625723,0.18810817273087063,128291.0574872469,905.322332604569,129196.37981985147,1429,3,213.175,35,5,21,37.939968201378576,0.6050595238095238,46.73032407407406,1013.0787037037022,28.945105820105777,0
2421,4,1,0,41,0.024390243902439025,0.0,1.0,41,1300,1000,300,0.7692307692307693,16,10,6,338.4128802684976,0.4232469512195122,0.1133790407929598,0.1853761984254975,128715.26668137737,511.78082643454474,129227.04750781192,1430,0,208.9512195121951,36,5,18,37.726806125846174,0.607349537037037,46.31193693693694,1014.7522522522527,28.187562562562576,0
2422,4,0,0,41,0.0,0.0,1.0,41,1000,700,300,0.7,13,7,6,341.9242267962817,0.42314532520325204,0.11174556461101992,0.18811047913496465,128886.73460200061,613.8994146173216,129500.63401661793,1431,1,209.9512195121951,36,5,18,37.46303278991536,0.6090856481481481,46.14301801801802,1015.4279279279276,28.206331331331324,0
2423,4,3,2,42,0.06818181818181818,0.045454545454545456,0.9545454545454546,44,1500,1000,500,0.6666666666666666,20,10,10,319.78818323412565,0.4285698555320648,0.11470801240959494,0.17948715613666405,129675.59880203509,-505.48793302855046,129170.11086900654,1432,0,196.5681818181818,37,7,17,37.224472494348156,0.6151463963963963,45.3673245614035,1018.5307017543848,27.527856804172565,0
2424,4,0,0,42,0.0,0.0,1.0,42,1350,1100,250,0.8148148148148148,16,11,5,335.6099224955103,0.4238288811459543,0.11597122925603376,0.18722604305714008,129436.83556241434,288.05727023320213,129724.89283264754,1433,1,206.92857142857142,35,7,17,37.0639975735517,0.6166666666666667,45.601851851851855,1017.5925925925932,29.07407407407409,0
2425,4,0,1,41,0.0,0.023809523809523808,0.9761904761904762,42,1050,600,450,0.5714285714285714,15,6,9,337.8449368326166,0.4237199961285327,0.11345461436422188,0.18889677173826225,129525.18332315247,351.8854756087122,129877.06879876117,1434,2,207.92857142857142,35,7,17,36.917400985408364,0.6175595238095238,45.5150462962963,1017.9398148148151,29.08399470899472,0
2426,4,2,1,42,0.046511627906976744,0.023255813953488372,0.9767441860465116,43,650,400,250,0.6153846153846154,9,4,5,374.93147173750185,0.42930970837947585,0.21138350213987622,0.1978149338779702,127208.74592764066,1014.8003472222315,128223.54627486289,1435,0,203.09302325581396,35,8,22,38.345188924583134,0.594047619047619,47.80092592592593,1008.7962962962968,28.822751322751337,8
2427,4,0,0,42,0.0,0.0,1.0,42,1250,900,350,0.72,16,9,7,380.2360873028828,0.4278455284552845,0.20320119553248395,0.20092774787900483,127272.13718820876,1278.6918934240566,128550.82908163281,1436,1,208.52380952380952,34,8,22,38.14618727387132,0.5968137254901961,47.73809523809525,1009.0476190476202,29.677871148459417,0
2428,4,1,0,43,0.023255813953488372,0.0,1.0,43,950,400,550,0.42105263157894735,15,4,11,374.5456206164773,0.43143226282761166,0.21014116462815502,0.2000554681861588,127705.45488522378,966.3037712191372,128671.75865644292,1437,0,204.65116279069767,35,8,20,37.84459807626244,0.5991071428571428,47.30902777777778,1010.7638888888889,28.878968253968253,0
2429,4,2,0,45,0.044444444444444446,0.0,1.0,45,1250,1100,150,0.88,14,11,3,361.0533625834039,0.4354166666666666,0.21033514941390163,0.19511154226326125,128173.82979948987,257.02548975480397,128430.85528924468,1438,0,196.51111111111112,35,10,22,37.70585685983161,0.6038690476190476,46.84606481481482,1012.6157407407406,28.931878306878303,0
2430,4,2,2,45,0.0425531914893617,0.0425531914893617,0.9574468085106383,47,1300,1000,300,0.7692307692307693,16,10,6,348.00932643321954,0.4387141535615171,0.22686305187390743,0.19149818016031162,128895.01006319249,-428.66687346106823,128466.34318973141,1439,0,189.10638297872342,37,10,18,37.300125076485614,0.6072635135135135,46.13486842105263,1015.4605263157893,27.444879089615927,0
2431,4,0,0,45,0.0,0.0,1.0,45,1000,500,500,0.5,15,5,10,363.4117443679403,0.4348063973063973,0.22952315765457487,0.19885563989571542,128672.41753472204,352.2135416666468,129024.63107638869,1440,1,198.46666666666667,35,10,18,37.13637919233402,0.6089285714285715,46.35416666666666,1014.5833333333319,28.988095238095198,0
2432,4,1,0,46,0.021739130434782608,0.0,1.0,46,1250,900,350,0.72,16,9,7,339.29393502211457,0.4350442834138486,0.23399685699318984,0.17888364450802963,127179.55789448306,-540.4525945216,126639.10529996146,1441,0,195.1304347826087,35,11,21,39.273881239242705,0.59375,47.829861111111114,1008.6805555555559,28.819444444444454,8
2433,4,0,0,46,0.0,0.0,1.0,46,1250,800,450,0.64,17,8,9,342.86011117701975,0.43473228663446056,0.2325922045670601,0.18164290996399585,127376.05003652319,-465.5666646375923,126910.4833718856,1442,1,196.1304347826087,36,10,17,38.982550572661,0.59375,47.635135135135144,1009.459459459461,28.040540540540583,0
2434,4,0,1,45,0.0,0.021739130434782608,0.9782608695652174,46,1250,800,450,0.64,17,8,9,344.55745358094657,0.43476247987117556,0.22754495370168448,0.18370255680224826,127631.95363860507,-404.69181174414496,127227.26182686094,1443,2,197.1304347826087,36,10,19,38.67760689475835,0.5963541666666667,47.38175675675677,1010.4729729729751,28.068693693693753,0
2435,4,1,0,46,0.021739130434782608,0.0,1.0,46,850,600,250,0.7058823529411765,11,6,5,344.8157098059556,0.4364130434782609,0.24547716677236497,0.18488297849356944,127859.63909433097,-382.3975580309832,127477.24153629999,1444,0,197.97826086956522,36,10,20,38.43809152655606,0.5986689814814814,47.15653153153154,1011.373873873875,28.09371871871875,0
2436,4,3,0,49,0.061224489795918366,0.0,1.0,49,1400,1000,400,0.7142857142857143,18,10,8,329.06328945635903,0.4404230442176871,0.26766297633907765,0.180367696857816,128740.17373666805,-1326.9499489927935,127413.22378767525,1445,0,186.79591836734693,38,11,18,37.93864266414009,0.6038925438596492,46.28739316239316,1014.8504273504267,26.70659019343228,0
2437,4,1,1,49,0.02,0.02,0.98,50,1550,1000,550,0.6451612903225806,21,10,11,324.84547164740667,0.4405187074829932,0.2744262295081963,0.18014157973174344,129201.3888888887,-1603.4287338374143,127597.96015505129,1446,0,184.04,36,14,20,37.57684426229506,0.6122685185185186,45.83333333333332,1016.6666666666652,28.240740740740698,0
2438,4,0,0,49,0.0,0.0,1.0,49,2100,1600,500,0.7619047619047619,26,16,10,350.9720194407445,0.4403698979591837,0.32833296641572196,0.18429282481909715,127015.17083292022,-884.2457986317684,126130.92503428845,1447,1,184.57142857142858,40,9,19,39.148141613737934,0.5830729166666666,47.99288617886179,1008.0284552845529,25.200711382113823,8
2439,4,0,0,49,0.0,0.0,1.0,49,1100,700,400,0.6363636363636364,15,7,8,352.8103454467107,0.43959041950113376,0.33624610861293647,0.18585544983353514,127145.88355613998,-828.276904773886,126317.60665136609,1448,2,185.57142857142858,38,11,19,38.96760240112994,0.5877192982456141,47.863247863247864,1008.5470085470087,26.54071075123707,0
2440,4,3,0,52,0.057692307692307696,0.0,1.0,52,1400,900,500,0.6428571428571429,19,9,10,336.40747048802604,0.4435331825037707,0.3524685959012561,0.18120533336424693,128044.10450522786,-1785.0013384983786,126259.10316672949,1449,0,175.80769230769232,41,11,18,38.46222962817746,0.5919715447154472,46.97420634920634,1012.1031746031733,24.68544328300423,0
2441,4,0,1,51,0.0,0.019230769230769232,0.9807692307692307,52,1300,1000,300,0.7692307692307693,16,10,6,331.31376112592284,0.44383169934640526,0.2819981924854802,0.17201810477657944,126555.19500030071,-1936.0286803837532,124619.16631991696,1450,1,176.80769230769232,42,10,16,40.115401900359544,0.5753968253968254,48.44961240310079,1006.2015503875989,23.95717977113331,8
2442,4,2,2,51,0.03773584905660377,0.03773584905660377,0.9622641509433962,53,1150,800,350,0.6956521739130435,15,8,7,329.611930929745,0.44632922109337203,0.2991399827394021,0.1733026285732839,127068.14348205084,-2223.364773444649,124844.7787086062,1451,0,174.41509433962264,43,10,18,39.63215381484611,0.5792151162790697,47.94034090909092,1008.2386363636382,23.447410147991587,0
2443,4,0,1,50,0.0,0.0196078431372549,0.9803921568627451,51,1350,1000,350,0.7407407407407407,17,10,7,332.02523798075015,0.44624183006535945,0.2991426505526291,0.1747871848228192,127118.27392578137,-1758.7004858600067,125359.57343992135,1452,1,180.68627450980392,39,12,18,39.51995747684468,0.5857371794871795,47.89062500000001,1008.4375000000009,25.857371794871817,0
2444,4,0,2,48,0.0,0.04,0.96,50,1400,1000,400,0.7142857142857143,18,10,8,337.6098656454835,0.44520408163265307,0.3011168229009171,0.17750013127020914,127066.39695493772,-1420.2261591975466,125646.17079574018,1453,2,185.24,40,10,19,39.432348889560885,0.58359375,47.94207317073172,1008.2317073170747,25.205792682926866,0
2445,4,1,2,47,0.02040816326530612,0.04081632653061224,0.9591836734693877,49,1100,800,300,0.7272727272727273,14,8,6,366.50471027511753,0.44433815192743764,0.17698636766959797,0.18770382935142677,125994.03187200826,-546.7316356638014,125447.30023634445,1454,0,189.3673469387755,41,8,16,39.80895915678526,0.5711382113821138,49.00793650793652,1003.9682539682556,24.4870305845916,8
2446,4,0,0,47,0.0,0.0,1.0,47,1400,1100,300,0.7857142857142857,17,11,6,383.93312308174086,0.4410268270120259,0.18690721990968173,0.19624380057785565,125913.11984592039,268.4434678819683,126181.56331380235,1455,1,198.25531914893617,39,8,17,39.45521968517557,0.5734508547008548,49.08854166666668,1003.6458333333354,25.734508547008602,0
2447,4,0,1,46,0.0,0.02127659574468085,0.9787234042553191,47,1050,600,450,0.5714285714285714,15,6,9,387.81902389509565,0.4404486586493987,0.19138561650034314,0.1987340548285394,126017.68798828124,374.41134982638766,126392.09933810763,1456,2,199.25531914893617,39,8,17,39.24951153300825,0.5745192307692308,48.984375,1004.0624999999999,25.745192307692303,0
2448,4,3,1,48,0.061224489795918366,0.02040816326530612,0.9795918367346939,49,1300,1200,100,0.9230769230769231,14,12,2,373.38542550002364,0.44495819160997735,0.3014990893382523,0.18833827286239402,125364.8491753473,-306.16319444443633,125058.68598090287,1457,0,191.9591836734694,39,10,13,40.287168018861394,0.5678418803418803,49.63541666666667,1001.458333333334,25.678418803418822,8
2449,4,3,0,51,0.058823529411764705,0.0,1.0,51,1550,1200,350,0.7741935483870968,19,12,7,363.88592994465387,0.4490032679738562,0.30901114724491596,0.18670698513019765,126069.98833550369,-1021.3134765624744,125048.67485894122,1458,0,182.09803921568627,39,12,17,39.796291014071855,0.5750534188034189,48.93229166666668,1004.2708333333351,25.750534188034234,0
2450,4,4,4,51,0.07272727272727272,0.07272727272727272,0.9272727272727272,55,1550,1100,450,0.7096774193548387,20,11,9,341.0388450010629,0.4556537598204265,0.30239867659222397,0.17849175913692056,126882.0312500005,-2345.659722222177,124536.37152777832,1459,0,169.78181818181818,44,11,15,39.53508409153571,0.5759943181818181,48.12500000000002,1007.5000000000041,22.897727272727366,0
2451,4,1,0,52,0.019230769230769232,0.0,1.0,52,1800,1200,600,0.6666666666666666,24,12,12,360.96963003044294,0.45183666415284063,0.3071128111322583,0.1877512041625547,126628.33067611649,-1258.2036648939088,125370.12701122258,1460,0,180.53846153846155,42,10,17,39.29410962420976,0.576140873015873,48.37693798449614,1006.4922480620177,23.964101144333753,0
2452,4,0,0,52,0.0,0.0,1.0,52,1950,1500,450,0.7692307692307693,24,15,9,362.09823835301705,0.45197021116138764,0.31029256086998314,0.18878890088942327,126725.87777364659,-1222.5565808845452,125503.32119276204,1461,1,181.53846153846155,42,10,17,39.16530330734931,0.5771329365079365,48.28003875968993,1006.8798449612417,23.973329641934328,0
2453,4,0,1,51,0.0,0.019230769230769232,0.9807692307692307,52,1600,1100,500,0.6875,21,11,10,366.1460567084068,0.45193093262946205,0.3184397845325133,0.19147154957447646,126847.86446127018,-1111.0309251247074,125736.83353614547,1462,2,182.53846153846155,42,10,17,38.93785269975632,0.5783730158730158,48.15891472868216,1007.3643410852699,23.984865263934996,0
2454,4,4,3,52,0.07272727272727272,0.05454545454545454,0.9454545454545454,55,1500,1000,500,0.6666666666666666,20,10,10,353.3353263398287,0.4560746352413019,0.33216573531416094,0.18853973013493244,127665.57621671248,-1977.7789200327281,125687.79729667975,1463,0,172.3272727272727,43,12,15,38.42141429285358,0.5852713178294573,47.348484848484844,1010.6060606060598,23.502466525722323,0
2455,4,2,1,53,0.037037037037037035,0.018518518518518517,0.9814814814814815,54,2100,1500,600,0.7142857142857143,27,15,12,364.7354568843584,0.4535362799906825,0.3398092175340759,0.19501379619311554,127746.40346364865,-1481.2714334705204,126265.13203017812,1464,0,176.42592592592592,44,10,17,38.05050528179764,0.5847537878787878,47.26851851851851,1010.9259259259244,22.97558922558919,0
2456,4,1,1,53,0.018518518518518517,0.018518518518518517,0.9814814814814815,54,1850,1500,350,0.8108108108108109,22,15,7,356.88306774625886,0.4534416491963662,0.34444783301141957,0.19215428228899534,128027.37054183797,-1661.8398491083808,126365.53069272959,1465,0,176.87037037037038,44,10,18,37.96126867947547,0.587594696969697,46.99074074074073,1012.0370370370357,23.00084175084172,0
2457,4,2,3,52,0.03636363636363636,0.05454545454545454,0.9454545454545454,55,1200,900,300,0.75,15,9,6,343.1839483624847,0.45503647586980916,0.3379908526029993,0.18711964135305328,128530.68300118987,-2177.798626003601,126352.88437518627,1466,0,174.01818181818183,40,15,15,37.79398008953029,0.5984375,46.493902439024396,1014.0243902439033,25.350609756097583,0
2458,4,1,0,53,0.018867924528301886,0.0,1.0,53,1400,1100,300,0.7857142857142857,17,11,6,362.5410210181175,0.45286042573778423,0.3610240542174423,0.19723561969150796,128442.17985243622,-1286.8881949010176,127155.2916575352,1467,0,181.26415094339623,38,15,17,37.39372540753233,0.6008771929824561,46.58119658119658,1013.6752136752134,26.675663517768772,0
2459,4,0,1,52,0.0,0.018867924528301886,0.9811320754716981,53,1500,1100,400,0.7333333333333333,19,11,8,362.504073841213,0.4522556845670053,0.3575701322130529,0.19796422697654995,128593.1654188366,-1276.8907335069644,127316.27468532963,1468,1,182.26415094339623,39,14,17,37.24035894012529,0.6006944444444444,46.43229166666666,1014.2708333333317,26.0069444444444,0
2460,4,0,1,51,0.0,0.019230769230769232,0.9807692307692307,52,1100,600,500,0.5454545454545454,16,6,10,368.63236364199605,0.4509568250377074,0.36841486931017275,0.20136914041525336,128604.67916757951,-918.4306286069418,127686.24853897256,1469,2,186.32692307692307,38,14,17,37.07319535145004,0.6025219298245614,46.420940170940156,1014.3162393162369,26.692532613585183,0
2461,4,0,1,50,0.0,0.0196078431372549,0.9803921568627451,51,1300,900,400,0.6923076923076923,17,9,8,378.95526661796964,0.44959150326797387,0.37700476947535844,0.2069265771083953,128588.99493113253,-454.1046283471968,128134.89030278534,1470,3,190.50980392156862,37,14,17,36.827477477477494,0.6041666666666667,46.436403508771924,1014.2543859649113,27.41228070175436,0
2462,4,2,1,51,0.038461538461538464,0.019230769230769232,0.9807692307692307,52,1650,1200,450,0.7272727272727273,21,12,9,375.57108304219275,0.45098039215686275,0.3841424968474145,0.20827123695976155,129201.38888888895,-689.3197907048268,128512.06909818412,1471,0,187.21153846153845,34,18,20,36.28756830601093,0.616421568627451,45.833333333333336,1016.6666666666672,29.90196078431374,0
2463,4,3,4,50,0.05555555555555555,0.07407407407407407,0.9259259259259259,54,1700,1300,400,0.7647058823529411,21,13,8,354.75962272213906,0.4527428371767994,0.37428279107837104,0.19991124443557654,129831.84831791249,-1588.1804946838763,128243.6678232286,1472,0,181.09259259259258,36,18,17,36.175184162062614,0.6186342592592593,45.21396396396396,1019.1441441441441,28.30955955955956,0
2464,4,0,1,49,0.0,0.02,0.98,50,900,600,300,0.6666666666666666,12,6,6,382.48588849206305,0.4480612244897959,0.391497392599951,0.21245112730448773,129265.58036169763,-111.54792878278931,129154.03243291484,1473,1,195.22,32,18,20,36.046271004055974,0.6217447916666667,45.770202020202014,1016.9191919191908,31.778724747474712,0
2465,4,1,0,50,0.02,0.0,1.0,50,1400,1000,400,0.7142857142857143,18,10,8,383.2871360562041,0.4466921768707483,0.3987141825186611,0.21423842207825236,129513.05537533638,-71.86238465975413,129441.19299067663,1474,0,195.92,33,17,20,35.77333654386385,0.6218434343434344,45.52696078431372,1017.8921568627449,30.845216874628633,0
2466,4,0,1,49,0.0,0.02,0.98,50,2050,1600,450,0.7804878048780488,25,16,9,381.5101356015178,0.4466156462585034,0.39453440822525976,0.21468410589174144,129776.9292091835,-97.75722789118083,129679.17198129231,1475,1,196.92,34,16,20,35.549567706507766,0.6222426470588236,45.26785714285713,1018.92857142857,29.96848739495794,0
2467,4,0,1,48,0.0,0.02040816326530612,0.9795918367346939,49,1750,1400,350,0.8,21,14,7,389.63987984479076,0.4460034013605442,0.39732342299440826,0.21917902307372034,129762.65889321403,312.1413638984846,130074.80025711251,1476,2,200.40816326530611,33,16,21,35.35702830566913,0.6243686868686869,45.28186274509803,1018.8725490196069,30.874925727866877,0
2468,4,0,1,47,0.0,0.020833333333333332,0.9791666666666666,48,2000,1500,500,0.75,25,15,10,391.4265724590198,0.44579270094562645,0.3912361354349103,0.22129165631099001,129958.94451530586,573.8768424036004,130532.82135770946,1477,3,194.66666666666666,34,14,21,35.11140299669197,0.6240808823529411,45.0892857142857,1019.6428571428551,29.98949579831927,0
2469,4,0,0,47,0.0,0.0,1.0,47,1300,800,500,0.6153846153846154,18,8,10,373.13519605353514,0.4437827628738822,0.280872537265358,0.20635244098030397,129092.79348381919,234.167269526709,129326.96075334589,1478,4,198.72340425531914,38,9,15,36.46030452761425,0.6074561403508771,45.940170940170944,1016.2393162393168,26.743139901034652,8
2470,4,1,2,46,0.020833333333333332,0.041666666666666664,0.9583333333333334,48,1000,700,300,0.7,13,7,6,362.7997742285501,0.4441027630023641,0.2795309905921417,0.20221443307556786,129401.82317029891,-210.4725825197222,129191.35058777919,1479,0,195.5625,36,12,16,36.40795056262682,0.6142939814814814,45.636261261261275,1017.4549549549569,28.26263763763769,0
2471,4,0,2,44,0.0,0.043478260869565216,0.9565217391304348,46,1700,1100,600,0.6470588235294118,23,11,12,371.30776130182045,0.4415559581320451,0.28388484938418124,0.20683112939436038,129377.95380015453,407.8076774691639,129785.76147762369,1480,1,203.56521739130434,35,11,16,36.21587030716724,0.6160714285714286,45.659722222222236,1017.3611111111128,29.067460317460366,0
2472,4,0,1,43,0.0,0.022727272727272728,0.9772727272727273,44,1400,900,500,0.6428571428571429,19,9,10,381.22006024772395,0.43946000704721633,0.27426476847122916,0.21205365851279662,129322.44897959197,1060.0623582766614,130382.51133786862,1481,2,211.45454545454547,34,10,16,36.02040418227215,0.6176470588235294,45.71428571428572,1017.1428571428581,29.91596638655465,0
2473,4,0,2,41,0.0,0.046511627906976744,0.9534883720930233,43,1150,800,350,0.6956521739130435,15,8,7,387.4825459238661,0.4377076411960133,0.27537257763281797,0.21520649592208502,129261.91184807273,1417.3469387755272,130679.25878684827,1482,3,216.97674418604652,34,9,16,35.92298837118551,0.6170343137254901,45.77380952380953,1016.9047619047632,29.90896358543421,0
2474,4,1,0,42,0.023809523809523808,0.0,1.0,42,750,400,350,0.5333333333333333,11,4,7,396.29440326076536,0.43659262485482,0.2956659898360694,0.22080779435375006,129388.34372597086,1855.1752931564904,131243.51901912736,1483,0,221.95238095238096,33,9,17,35.56974223078777,0.6205808080808081,45.649509803921575,1017.4019607843144,30.830362448009527,0
2475,4,0,1,41,0.0,0.023809523809523808,0.9761904761904762,42,1400,900,500,0.6428571428571429,19,9,10,394.8372258790249,0.43613288811459544,0.29170107349298124,0.22034464540990728,129450.69204152244,1822.3904267589337,131273.08246828138,1484,1,222.95238095238096,33,9,17,35.543111753371875,0.6212121212121212,45.588235294117645,1017.647058823529,30.83778966131906,0
2476,4,1,1,41,0.023809523809523808,0.023809523809523808,0.9761904761904762,42,1350,1000,350,0.7407407407407407,17,10,7,394.1146317371804,0.4347415795586527,0.3054041975351087,0.22116723189518606,129669.02941476835,1820.892355103807,131489.92176987216,1485,0,223.61904761904762,33,9,18,35.33858240083425,0.6234217171717171,45.37377450980392,1018.5049019607842,30.863784907902552,0
2477,4,0,1,40,0.0,0.024390243902439025,0.975609756097561,41,1300,1000,300,0.7692307692307693,16,10,6,401.41544484181514,0.4347815040650407,0.3039232275375281,0.22627272840524668,129844.0210182635,2224.279091419255,132068.30010968275,1486,1,223.46341463414635,32,9,18,34.97403576148003,0.6276041666666667,45.20202020202021,1019.1919191919197,31.849747474747492,0
2478,4,1,0,41,0.024390243902439025,0.0,1.0,41,800,400,400,0.5,12,4,8,396.23535682776185,0.4348831300813008,0.3159744023182809,0.2248301743797976,130101.52025303549,2110.164460259169,132211.68471329464,1487,0,223.8780487804878,32,9,19,34.843492161716185,0.6302083333333333,44.949494949494955,1020.2020202020209,31.881313131313153,0
2479,4,0,0,41,0.0,0.0,1.0,41,850,600,250,0.7058823529411765,11,6,5,396.24261615414946,0.4346544715447154,0.3178641106612843,0.2250420206070565,130137.51471789693,2113.20585832372,132250.72057622066,1488,1,224.8780487804878,33,8,19,34.80662983425415,0.6281565656565656,44.91421568627451,1020.3431372549018,30.919489007724295,0
2480,4,0,0,41,0.0,0.0,1.0,41,1100,800,300,0.7272727272727273,14,8,6,396.66805497709254,0.4345528455284553,0.31856645097063163,0.22600854295206455,130262.58680555565,2134.201388888899,132396.78819444455,1489,2,225.8780487804878,33,8,19,34.66836734693877,0.6294191919191919,44.79166666666667,1020.8333333333342,30.93434343434346,0
2481,4,0,1,40,0.0,0.024390243902439025,0.975609756097561,41,750,200,550,0.26666666666666666,13,2,11,394.5101538470941,0.43414634146341463,0.3221502004884076,0.22571337656456802,130423.7529971432,2090.6989720436763,132514.45196918686,1490,3,226.8780487804878,32,9,19,34.559384013185,0.6334635416666667,44.63383838383839,1021.4646464646469,31.920770202020215,0
2482,4,0,0,40,0.0,0.0,1.0,40,1000,600,400,0.6,14,6,8,404.1508600938322,0.4321981837606838,0.3286784393726896,0.23086345198222322,130362.29663425017,2537.2068617078935,132899.50349595808,1491,4,232.95,31,9,19,34.37579688894556,0.6354166666666667,44.694010416666664,1021.2239583333329,32.94270833333332,0
2483,4,0,0,40,0.0,0.0,1.0,40,1250,800,450,0.64,17,8,9,405.4091967567265,0.43124999999999997,0.3329001019367994,0.23257685498149047,130528.56445312499,2583.49609375,133112.060546875,1492,5,233.95,31,9,19,34.17431192660551,0.6370967741935484,44.53125,1021.8749999999999,32.96370967741935,0
2484,4,0,0,40,0.0,0.0,1.0,40,1050,700,350,0.6666666666666666,14,7,7,400.9836367547457,0.4309962606837607,0.325363011081391,0.23063168733783945,130628.37600708006,2475.968254937066,133104.34426201714,1493,6,234.95,31,9,19,34.18579904895343,0.6381048387096775,44.43359375,1022.2656249999999,32.97631048387096,0
2485,4,0,0,40,0.0,0.0,1.0,40,950,800,150,0.8421052631578947,11,8,3,403.47516425275813,0.4304887820512821,0.32170994018073107,0.23326742939911096,130828.11355590807,2557.178921169692,133385.29247707778,1494,7,235.95,31,9,19,33.918931101777616,0.6401209677419355,44.23828124999999,1023.046874999999,33.001512096774164,0
2486,4,0,0,40,0.0,0.0,1.0,40,950,600,350,0.631578947368421,13,6,7,404.79195462394654,0.4304887820512821,0.3225948078391452,0.23423086741052793,130861.41798231323,2594.3298339843564,133455.74781629757,1495,8,236.95,31,9,19,33.851382879443456,0.6404569892473118,44.20572916666666,1023.1770833333322,33.005712365591364,0
2487,4,0,0,40,0.0,0.0,1.0,40,1350,800,550,0.5925925925925926,19,8,11,389.06587031669267,0.43019497863247863,0.2543317278747743,0.2172960358426449,129481.87183114653,2110.1515614862465,131592.02339263278,1496,9,237.95,33,7,15,35.65811258278144,0.6215277777777778,45.55759803921568,1017.7696078431362,30.841503267973824,8
2488,4,0,0,40,0.0,0.0,1.0,40,1150,800,350,0.6956521739130435,15,8,7,390.90271375277894,0.4293803418803419,0.258249067051884,0.21866860896594845,129544.24267409164,2127.839202470196,131672.08187656183,1497,10,238.95,33,7,15,35.547705750170536,0.6221590909090908,45.49632352941176,1018.0147058823526,30.84893048128341,0
2489,4,0,0,40,0.0,0.0,1.0,40,900,600,300,0.6666666666666666,12,6,6,388.52325909873923,0.42911324786324784,0.2603594389246058,0.2179551791206369,129655.65653344666,2074.847647392285,131730.50418083894,1498,11,239.95,34,6,15,35.49459380479251,0.6210171568627452,45.38690476190476,1018.4523809523805,29.954481792717075,0
2490,4,0,1,39,0.0,0.025,0.975,40,1350,1000,350,0.7407407407407407,17,10,7,366.1015378175328,0.42918002136752137,0.22930021672179746,0.20047546421276125,128701.7763658478,1434.3014782751939,130136.077844123,1499,12,240.95,35,5,14,37.03815919546785,0.6092261904761904,46.325231481481474,1014.6990740740732,28.991402116402092,8
2491,4,1,0,40,0.025,0.0,1.0,40,1050,700,350,0.6666666666666666,14,7,7,359.61111047499276,0.43116987179487176,0.21222567058301922,0.198556391597637,129029.71172185714,1280.1035833130622,130309.8153051702,1500,0,232.85,36,4,15,36.86821103968078,0.6105324074074074,46.00225225225226,1015.9909909909923,28.221971971972007,0
2492,4,0,0,40,0.0,0.0,1.0,40,1100,800,300,0.7272727272727273,14,8,6,361.4195716730225,0.4313568376068376,0.21400277008310242,0.19998845091042503,129115.5360385725,1332.976346278729,130448.51238485123,1501,1,233.85,36,4,15,36.73476454293629,0.611400462962963,45.9177927927928,1016.3288288288301,28.23135635635639,0
2493,4,0,0,40,0.0,0.0,1.0,40,1050,600,450,0.5714285714285714,15,6,9,364.58503928352843,0.43051549145299145,0.2166695117787638,0.2026317988731412,129289.65627411254,1427.4434159314012,130717.09969004393,1502,2,234.85,35,5,18,36.47682656196653,0.6151785714285714,45.74652777777777,1017.013888888888,29.05753968253966,0
2494,4,1,1,40,0.024390243902439025,0.024390243902439025,0.975609756097561,41,1300,900,400,0.6923076923076923,17,9,8,355.9954500653765,0.4316819105691057,0.2263032887872818,0.20016723659051966,129745.78622118739,1037.781911979545,130783.56813316693,1503,0,230.09756097560975,36,5,14,36.231163184849486,0.6177662037037037,45.29842342342342,1018.8063063063062,28.30017517517517,0
2495,4,2,1,41,0.047619047619047616,0.023809523809523808,0.9761904761904762,42,1250,1000,250,0.8,15,10,5,351.3048133360878,0.43407617111885405,0.2516706070322037,0.20046643358673735,130321.66950660116,758.5803752168933,131080.24988181805,1504,0,225.0,35,7,17,35.766171691982166,0.6255952380952381,44.733796296296276,1021.064814814812,29.173280423280346,0
2496,4,0,1,40,0.0,0.024390243902439025,0.975609756097561,41,1350,1000,350,0.7407407407407407,17,10,7,362.63413057977,0.43119918699186993,0.20790461723653686,0.19656155740342954,128295.24518140595,1192.6571882611163,129487.90236966706,1505,1,231.390243902439,34,7,17,37.541617704661185,0.6072303921568627,46.72619047619048,1013.0952380952385,29.796918767507016,8
2497,4,0,0,40,0.0,0.0,1.0,40,1700,1500,200,0.8823529411764706,19,15,4,370.204274362132,0.42864583333333334,0.2290580220812779,0.20127197904975702,128415.88010204097,1508.021541950135,129923.9016439911,1506,2,238.15,34,6,12,37.22643097643098,0.6084558823529411,46.60714285714287,1013.5714285714298,29.810924369747937,0
2498,4,1,0,41,0.024390243902439025,0.0,1.0,41,1050,900,150,0.8571428571428571,12,9,3,361.8714689133374,0.4302337398373984,0.23189082780020676,0.1988932659967292,128848.62075617298,1125.327932098782,129973.94868827176,1507,0,233.3170731707317,35,6,14,36.995554035567714,0.6107142857142858,46.180555555555564,1015.277777777779,29.00793650793654,0
2499,4,0,1,40,0.0,0.024390243902439025,0.975609756097561,41,1300,1100,200,0.8461538461538461,15,11,4,361.8886014646723,0.42980182926829263,0.22822776085554852,0.19949336472700807,128966.15655006883,1134.2764060356976,130100.43295610453,1508,1,234.3170731707317,35,6,14,36.875189911880916,0.611904761904762,46.06481481481483,1015.7407407407427,29.021164021164076,0
2500,4,2,0,42,0.047619047619047616,0.0,1.0,42,900,600,300,0.6666666666666666,12,6,6,355.38348185390424,0.43305991095625246,0.23048030958342802,0.1973703711484454,129260.23046339184,787.6044881687519,130047.8349515606,1509,0,229.5952380952381,35,7,17,36.74074284847107,0.6148809523809524,45.775462962962976,1016.8981481481499,29.054232804232853,0
2501,4,0,0,42,0.0,0.0,1.0,42,1200,1000,200,0.8333333333333334,14,10,4,356.8824331092963,0.43253968253968256,0.23027791321306657,0.19879572794871486,129377.95380015456,834.5437885802753,130212.49758873484,1510,1,230.5952380952381,35,7,17,36.582764505119464,0.6160714285714286,45.659722222222236,1017.361111111113,29.067460317460373,0
2502,4,0,0,42,0.0,0.0,1.0,42,750,500,250,0.6666666666666666,10,5,5,355.80899061212335,0.43243079752226093,0.22666569186528207,0.19864307647316887,129466.28146701434,813.0533854167215,130279.33485243106,1511,2,231.5952380952381,35,7,13,36.52017229614467,0.6169642857142856,45.57291666666669,1017.708333333337,29.07738095238106,0
2503,4,0,2,40,0.0,0.047619047619047616,0.9523809523809523,42,1250,1000,250,0.8,15,10,5,295.16248013702744,0.4322493224932249,0.05178646743387394,0.16014421977228716,128333.90404704558,-824.1293191613125,127509.77472788427,1512,3,232.5952380952381,38,4,18,39.211215380289616,0.5997807017543859,46.688034188034216,1013.2478632478674,26.664417453891247,8
2504,4,2,1,41,0.047619047619047616,0.023809523809523808,0.9761904761904762,42,1300,800,500,0.6153846153846154,18,8,10,294.46425220491614,0.43731852497096396,0.06053489889106323,0.16041709261909656,128496.33487654368,-832.4845679011878,127663.85030864249,1513,0,224.71428571428572,38,4,16,39.06392694063927,0.6014254385964912,46.5277777777778,1013.8888888888927,26.681286549707703,0
2505,4,1,0,42,0.023809523809523808,0.0,1.0,42,1200,900,300,0.75,15,9,6,296.19013850415513,0.4369918699186992,0.06373934837092765,0.16245994894858415,128767.2812111916,-772.0802286507239,127995.20098254087,1514,0,224.35714285714286,38,4,17,38.74517543859652,0.6041666666666667,46.26068376068377,1014.957264957266,26.70940170940174,0
2506,4,0,0,42,0.0,0.0,1.0,42,1350,1000,350,0.7407407407407407,17,10,7,295.9609702055348,0.43683459156020127,0.06354634877206644,0.1626672700904107,128848.62075617308,-773.1674382715867,128075.4533179015,1515,1,225.35714285714286,38,4,17,38.668490652074766,0.6049890350877193,46.180555555555564,1015.2777777777798,26.717836257309994,0
2507,4,1,1,42,0.023255813953488372,0.023255813953488372,0.9767441860465116,43,1550,1200,350,0.7741935483870968,19,12,7,294.90025641585896,0.43814599483204136,0.08136439188642086,0.16419588963268408,129360.29188368063,-970.3233506944392,128389.9685329862,1516,0,221.09302325581396,39,4,19,38.1770939995904,0.608440170940171,45.677083333333336,1017.2916666666673,26.084401709401725,0
2508,4,2,0,44,0.045454545454545456,0.0,1.0,44,1100,800,300,0.7272727272727273,14,8,6,290.1858839923127,0.43881034178999295,0.10423994633208844,0.16348224970083777,129822.05119307294,-1265.4946625685693,128556.55653050437,1517,0,216.36363636363637,40,4,14,37.83032508974873,0.6114583333333333,45.22357723577236,1019.1056910569108,25.47764227642277,0
2509,4,0,2,42,0.0,0.045454545454545456,0.9545454545454546,44,1450,1000,450,0.6896551724137931,19,10,9,292.79069350374493,0.4378964059196617,0.005447877306067328,0.1600098792664775,128622.09590143934,-1242.8236606674463,127379.2722407719,1518,1,217.36363636363637,41,3,16,38.978708231458825,0.5978150406504066,46.40376984126984,1014.3849206349212,24.74109562524198,8
2510,4,0,0,42,0.0,0.0,1.0,42,1350,1200,150,0.8888888888888888,15,12,3,300.51368982188234,0.4325154858691444,0.022073030547607342,0.16389360058353092,128540.34423828137,-674.3733723958187,127865.97086588555,1519,2,228.57142857142858,39,3,16,38.865883410374956,0.6001602564102564,46.48437500000001,1014.0625000000009,26.001602564102587,0
2511,4,1,0,43,0.023255813953488372,0.0,1.0,43,1700,1200,500,0.7058823529411765,22,12,10,293.81283938617634,0.4341777408637874,0.02841886059308707,0.16197790014698477,128969.02394614661,-1021.4489763037724,127947.57496984284,1520,0,224.2325581395349,40,3,17,38.60096715024177,0.6028645833333333,46.06199186991871,1015.7520325203263,25.39380081300816,0
2512,4,1,0,44,0.022727272727272728,0.0,1.0,44,1200,1000,200,0.8333333333333334,14,10,4,290.8161159670374,0.4362997709654686,0.032012610615448356,0.16148202310578144,129253.05394441172,-1282.016636096214,127971.0373083155,1521,0,220.11363636363637,40,4,18,38.389466320207845,0.6057291666666667,45.782520325203265,1016.8699186991896,25.42174796747974,0
2513,4,0,0,44,0.0,0.0,1.0,44,1550,1300,250,0.8387096774193549,18,13,5,295.0638353701562,0.4363438160676533,0.025954895000136702,0.1645946620368451,129433.9629705366,-1161.743691750949,128272.21927878565,1522,1,221.11363636363637,40,4,16,38.098388761277015,0.6075520833333333,45.604674796747965,1017.5813008130071,25.43953252032518,0
2514,4,0,0,44,0.0,0.0,1.0,44,700,300,400,0.42857142857142855,11,3,8,294.43879427599023,0.4363107822410148,0.025754852297692477,0.1643539624236213,129459.81744497322,-1176.401488862453,128283.41595611077,1523,2,222.11363636363637,40,4,16,38.088134944411166,0.6078125,45.579268292682926,1017.6829268292681,25.442073170731703,0
2515,4,1,0,45,0.022222222222222223,0.0,1.0,45,1050,700,350,0.6666666666666666,14,7,7,288.6815220520518,0.43813131313131315,0.05096792334479705,0.1627834224787474,129857.80915375394,-1502.4900006298972,128355.31915312404,1524,0,218.15555555555557,41,4,17,37.8325546687431,0.6102642276422765,45.188492063492056,1019.2460317460306,24.859659310878794,0
2516,4,0,0,45,0.0,0.0,1.0,45,1150,600,550,0.5217391304347826,17,6,11,284.08640281736854,0.4362373737373737,0.05644322007958369,0.16104348747756805,130064.82600392099,-1610.070289495832,128454.75571442515,1525,1,219.15555555555557,42,3,17,37.74084892815299,0.6108630952380952,44.985465116279066,1020.0581395348834,24.287098560354366,0
2517,4,0,2,43,0.0,0.044444444444444446,0.9555555555555556,45,1100,600,500,0.5454545454545454,16,6,10,303.4114456846116,0.43617424242424246,0.04021305776161843,0.1640430946119953,128193.59117728776,-1156.1204254552226,127037.47075183253,1526,2,220.15555555555557,42,3,19,39.144978152010985,0.5920138888888888,46.82655038759689,1012.6937984496102,24.1117571059431,8
2518,4,0,1,42,0.0,0.023255813953488372,0.9767441860465116,43,1450,900,550,0.6206896551724138,20,9,11,312.62890497456095,0.4323781838316722,0.04523115691237911,0.16892552848466585,128169.64408738013,-586.0929035966412,127583.5511837835,1527,3,230.65116279069767,41,2,19,38.93600388622188,0.5932418699186992,46.850198412698404,1012.5992063492048,24.697541618273288,0
2519,4,0,0,42,0.0,0.0,1.0,42,1300,900,400,0.6923076923076923,17,9,8,319.34006682773537,0.43044667053813396,0.046417463343318754,0.172887693974581,128247.44824715765,-209.09026125323783,128038.35798590441,1528,4,236.88095238095238,40,2,19,38.68683321628039,0.5955729166666667,46.77337398373983,1012.9065040650396,25.32266260162599,0
2520,4,0,0,42,0.0,0.0,1.0,42,1350,900,450,0.6666666666666666,18,9,9,322.4678757381722,0.4302047038327526,0.042512402534462534,0.1752573364979177,128401.90120174817,-118.90233574592582,128282.99886600225,1529,5,237.88095238095238,40,2,12,38.45027407333132,0.5971354166666667,46.62093495934959,1013.5162601626007,25.337906504065018,0
2521,4,0,0,42,0.0,0.0,1.0,42,1200,800,400,0.6666666666666666,16,8,8,325.2806703488584,0.4303135888501742,0.04767393576654877,0.1772433232152137,128504.92147737797,-39.96659974221001,128464.95487763576,1530,6,238.88095238095238,40,2,13,38.27407203234105,0.5981770833333333,46.519308943089435,1013.922764227643,25.348069105691074,0
2522,4,1,1,42,0.023255813953488372,0.023255813953488372,0.9767441860465116,43,1150,600,550,0.5217391304347826,17,6,11,322.89581298828125,0.4317783314876338,0.07389171511627879,0.1781494140625,128999.74804736709,-269.3042957923918,128730.4437515747,1531,0,234.30232558139534,41,2,14,37.831217447916664,0.6016260162601625,46.03174603174603,1015.8730158730158,24.777390631049165,0
2523,4,0,0,42,0.0,0.0,1.0,42,1550,1400,150,0.9032258064516129,17,14,3,331.0398026794794,0.4304950638792102,0.08354051762733472,0.18285833962372589,129046.45568940458,143.90264558134425,129190.35833498593,1532,1,240.54761904761904,40,2,14,37.5768903780756,0.6036458333333333,45.98577235772358,1016.0569105691068,25.401422764227668,0
2524,4,0,1,41,0.0,0.023809523809523808,0.9761904761904762,42,1150,900,250,0.782608695652174,14,9,5,331.36040000000014,0.4303377855207124,0.08776666666666699,0.18327455752212393,129098.08976138542,155.5989325137183,129253.68869389914,1533,2,241.54761904761904,40,2,14,37.516250000000014,0.6041666666666667,45.9349593495935,1016.260162601626,25.40650406504065,0
2525,4,0,0,41,0.0,0.0,1.0,41,1100,900,200,0.8181818181818182,13,9,4,331.5706968727287,0.42815040650406505,0.1002157657634577,0.18412426445942995,129255.70371283503,371.56337374537327,129627.26708658041,1534,3,246.78048780487805,38,3,17,37.35072144007845,0.6091008771929824,45.77991452991453,1016.8803418803411,26.76000899685108,0
2526,4,1,0,42,0.023809523809523808,0.0,1.0,42,1200,800,400,0.6666666666666666,16,8,8,325.7085956031657,0.4303256871854433,0.10271329162037324,0.18208377552826888,129519.29253472241,37.10937500001876,129556.40190972242,1535,0,241.88095238095238,39,3,12,37.23222813480693,0.6100427350427351,45.52083333333334,1017.9166666666682,26.100427350427392,0
2527,4,0,0,42,0.0,0.0,1.0,42,1150,900,250,0.782608695652174,14,9,5,325.4231424800879,0.4300353271389857,0.0991174622656672,0.18253941847549168,129651.86767578125,38.34364149305475,129690.21131727431,1536,1,242.88095238095238,39,3,12,37.10504670826088,0.6113782051282051,45.390625,1018.4375,26.11378205128205,0
2528,4,1,0,43,0.023255813953488372,0.0,1.0,43,1450,1000,450,0.6896551724137931,19,10,9,314.68530939151253,0.43057862679955705,0.09697764908153084,0.1781368381357238,130009.52695893154,-417.5823570168998,129591.94460191464,1537,0,238.2093023255814,41,2,14,37.01645590142672,0.6117886178861789,45.03968253968253,1019.8412698412684,24.874177313201667,0
2529,4,0,0,43,0.0,0.0,1.0,43,1300,900,400,0.6923076923076923,17,9,8,313.36392154776064,0.4303479143595423,0.09753517306231685,0.1783123907568229,130211.9551524312,-439.2542202066144,129772.70093222459,1538,1,239.2093023255814,41,2,16,36.84551581130119,0.6138211382113821,44.841269841269835,1020.6349206349195,24.893534649632183,0
2530,4,0,1,42,0.0,0.023255813953488372,0.9767441860465116,43,1350,1000,350,0.7407407407407407,17,10,7,312.6697663317985,0.4303248431155408,0.10274866686416839,0.1785060120512449,130340.40584308274,-449.289310390589,129891.11653269215,1539,2,240.2093023255814,40,3,17,36.73347100583863,0.6166666666666667,44.71544715447154,1021.1382113821132,25.52845528455283,0
2531,4,2,1,43,0.045454545454545456,0.022727272727272728,0.9772727272727273,44,1150,900,250,0.782608695652174,14,9,5,306.2492546252023,0.4316530126849894,0.10702964838837525,0.1766204717658132,130732.87080854492,-792.6311519740644,129940.23965657085,1540,0,233.02272727272728,42,2,13,36.50156338828879,0.6175595238095238,44.3313953488372,1022.6744186046492,24.349390919158314,0
2532,4,0,0,43,0.0,0.0,1.0,43,1100,700,400,0.6363636363636364,15,7,8,314.23950122562434,0.43120155038759694,0.11397289454325565,0.1809247094766078,130667.99433893905,-387.790926555832,130280.20341238323,1541,1,239.4418604651163,41,2,14,36.362717510835104,0.6183943089430894,44.39484126984126,1022.4206349206331,24.937088656600807,0
2533,4,0,0,43,0.0,0.0,1.0,43,850,500,350,0.5882352941176471,12,5,7,312.88917272833055,0.4309939091915836,0.11181476437898596,0.1804498540423385,130732.8708085449,-419.02004086295335,130313.85076768196,1542,2,240.4418604651163,42,1,14,36.33180152864632,0.6175595238095238,44.3313953488372,1022.6744186046491,24.34939091915831,0
2534,4,0,1,42,0.0,0.023255813953488372,0.9767441860465116,43,1050,800,250,0.7619047619047619,13,8,5,317.7185553885023,0.4305324843115541,0.11780537709481842,0.1838241219916269,130856.77059859672,-284.8751765218536,130571.89542207487,1543,3,241.4418604651163,42,1,14,36.08335700981785,0.6187996031746033,44.21027131782945,1023.1589147286811,24.360926541159074,0
2535,4,0,1,41,0.0,0.023809523809523808,0.9761904761904762,42,1350,1100,250,0.8148148148148148,16,11,5,323.5915522770828,0.42868031358885017,0.1220497898480446,0.18679893079376944,130769.44464128233,63.17751637691441,130832.62215765925,1544,4,248.04761904761904,41,1,14,36.021257678629176,0.619410569105691,44.29563492063492,1022.8174603174594,24.946767324816083,0
2536,4,0,0,41,0.0,0.0,1.0,41,1150,800,350,0.6956521739130435,15,8,7,330.97152255606323,0.4259146341463415,0.13147899937709462,0.19086340581556832,130729.84959556167,453.5714728336477,131183.4210683953,1545,5,254.8780487804878,40,1,16,35.87254463546326,0.6205729166666667,44.33434959349594,1022.6626016260176,25.56656504065044,0
2537,4,0,0,41,0.0,0.0,1.0,41,1000,600,400,0.6,14,6,8,332.9848093749154,0.42581300813008127,0.1288167291684834,0.19267190004520995,130859.79327781104,514.8646638905631,131374.65794170162,1546,6,255.8780487804878,40,1,16,35.68980929678188,0.621875,44.20731707317074,1023.1707317073187,25.57926829268297,0
2538,4,0,1,40,0.0,0.024390243902439025,0.975609756097561,41,1450,1200,250,0.8275862068965517,17,12,5,334.02510529919334,0.4253048780487805,0.12952428005066485,0.19366533307243386,130937.79047070196,547.3018499239898,131485.09232062596,1547,7,256.8780487804878,40,1,16,35.584433852977206,0.62265625,44.13109756097561,1023.4756097560976,25.586890243902438,0
2539,4,0,1,39,0.0,0.025,0.975,40,950,700,250,0.7368421052631579,12,7,5,339.7445111331249,0.4237713675213675,0.1355089058524177,0.19693155291344855,130928.03955078135,896.4165581597363,131824.45610894109,1548,8,263.475,39,1,16,35.44794317217983,0.624198717948718,44.14062500000001,1023.4375000000008,26.2419871794872,0
2540,4,0,1,38,0.0,0.02564102564102564,0.9743589743589743,39,1450,1000,450,0.6896551724137931,19,10,9,346.3431413614376,0.4236111111111111,0.13636233121115526,0.2004790028045613,130874.7409396703,1265.5137803819634,132140.25472005227,1549,9,251.92307692307693,39,0,17,35.33299823543385,0.6236645299145299,44.19270833333334,1023.229166666668,26.236645299145334,0
2541,4,0,0,38,0.0,0.0,1.0,38,800,500,300,0.625,11,5,6,348.48136122480764,0.4229196301564722,0.14159773259071318,0.20237263050037005,130999.8048159105,1530.1980604865155,132530.00287639702,1550,10,253.73684210526315,38,0,17,35.15184721352536,0.6266447368421053,44.07051282051282,1023.717948717948,26.93994601889337,0
2542,4,0,0,38,0.0,0.0,1.0,38,1650,1300,350,0.7878787878787878,20,13,7,349.3907979261416,0.42213430535798957,0.14315954204760728,0.2033339889570168,131081.8463387573,1559.7581771860575,132641.60451594339,1551,11,254.73684210526315,38,0,18,35.04564423578507,0.627467105263158,43.99038461538461,1024.038461538461,26.948380566801603,0
2543,4,1,0,39,0.02564102564102564,0.0,1.0,39,1100,800,300,0.7272727272727273,14,8,6,341.9577887506172,0.4239484930274404,0.14945955621096307,0.2008635775047993,131437.6563755569,1189.457205603022,132627.1135811599,1552,0,249.17948717948718,38,1,19,34.876840661248856,0.6310307017543859,43.643162393162385,1025.4273504273492,26.984930274403926,0
2544,4,0,0,39,0.0,0.0,1.0,39,950,600,350,0.631578947368421,13,6,7,342.8661284231668,0.42375168690958165,0.14194940142462031,0.20226574308206965,131602.03904594932,1224.3763240558121,132826.41537000512,1553,1,250.17948717948718,38,1,16,34.687803692905725,0.6326754385964912,43.48290598290598,1026.0683760683762,27.001799370220425,0
2545,4,0,0,39,0.0,0.0,1.0,39,1450,1200,250,0.8275862068965517,17,12,5,340.637372725324,0.42375168690958165,0.14704163564606865,0.20167495468377314,131739.1030777449,1175.0523915187314,132914.1554692636,1554,2,251.17948717948718,38,1,16,34.60687896763449,0.634046052631579,43.34935897435897,1026.602564102564,27.015856950067473,0
2546,4,1,1,39,0.025,0.025,0.975,40,1450,1100,350,0.7586206896551724,18,11,7,332.3968113858988,0.4236912393162393,0.15618083003952576,0.19928055279770712,132215.0340405843,789.571146473654,133004.60518705795,1555,0,245.875,40,0,19,34.33979743083003,0.6354166666666667,42.886178861788615,1028.4552845528453,25.711382113821134,0
2547,4,1,0,40,0.025,0.0,1.0,40,1150,800,350,0.6956521739130435,15,8,7,366.9578629867001,0.42409188034188033,0.11615355065305666,0.21639825823118608,131587.9662390431,1713.1071275887841,133301.0733666319,1556,0,244.65,36,4,15,34.08402846376175,0.6362847222222222,43.49662162162162,1026.0135135135135,28.500375375375377,8
2548,4,1,0,41,0.024390243902439025,0.0,1.0,41,950,500,450,0.5263157894736842,14,5,9,361.5202814677966,0.42604166666666665,0.11571960330062225,0.21521251825624238,131946.99931709756,1340.30326638966,133287.30258348724,1557,0,239.65853658536585,37,4,16,33.86117040199217,0.6379504504504505,43.146929824561404,1027.4122807017545,27.767899478425797,0
2549,4,1,1,41,0.023809523809523808,0.023809523809523808,0.9761904761904762,42,1300,900,400,0.6923076923076923,17,9,8,354.661667471118,0.42641792489353464,0.11136985914697806,0.21292321459920868,132267.29811124346,982.0281000066263,133249.3262112501,1558,0,234.92857142857142,40,2,18,33.71472205756438,0.6359375,42.835365853658544,1028.6585365853673,25.716463414634184,0
2550,4,0,0,41,0.0,0.0,1.0,41,1250,800,450,0.64,17,8,9,356.2275276398012,0.4248983739837398,0.11645569620253182,0.21384479242814836,132264.03130425353,1223.21777343751,133487.24907769103,1559,1,241.58536585365854,39,2,19,33.677742616033754,0.6375534188034189,42.83854166666667,1028.645833333334,26.375534188034205,0
2551,4,0,0,41,0.0,0.0,1.0,41,1300,1100,200,0.8461538461538461,15,11,4,358.05457984286375,0.4246189024390244,0.11582836744820169,0.21555652054035926,132371.85723610298,1279.2699451384915,133651.12718124146,1560,2,242.58536585365854,40,1,19,33.52220356837184,0.6369791666666667,42.73373983739838,1029.0650406504076,25.72662601626019,0
2552,4,0,0,41,0.0,0.0,1.0,41,850,500,350,0.5882352941176471,12,5,7,349.6518433081292,0.4240599593495935,0.13518252829587118,0.19813604454127348,130050.00000000026,899.0016070130525,130949.00160701331,1561,3,243.58536585365854,39,2,17,36.08387799564272,0.6153846153846154,45.000000000000014,1020.000000000002,26.153846153846207,8
2553,4,0,0,41,0.0,0.0,1.0,41,1400,900,500,0.6428571428571429,19,9,10,347.8213115652663,0.4239837398373984,0.1315285664850112,0.19777164186911916,130182.84640842053,856.0736762153183,131038.92008463586,1562,4,244.58536585365854,39,2,18,35.99581929842468,0.6167200854700854,44.869791666666686,1020.5208333333366,26.167200854700937,0
2554,4,0,0,41,0.0,0.0,1.0,41,1300,1000,300,0.7692307692307693,16,10,6,346.3556851311947,0.42390752032520324,0.13061224489795853,0.19734219269103004,130262.58680555595,823.43750000004,131086.024305556,1563,5,245.58536585365854,39,2,18,35.95238095238096,0.6175213675213675,44.791666666666686,1020.8333333333366,26.175213675213758,0
2555,4,1,1,41,0.023809523809523808,0.023809523809523808,0.9761904761904762,42,1400,1100,300,0.7857142857142857,17,11,6,340.37546097405817,0.42549845141308557,0.13358568057130582,0.19562145790383317,130598.60365689461,490.511984456777,131089.11564135138,1564,0,240.71428571428572,37,5,17,35.76485732675392,0.6244369369369369,44.462719298245624,1022.149122807019,27.62565196775727,0
2556,4,0,0,41,0.0,0.0,1.0,41,850,500,350,0.5882352941176471,12,5,7,349.9191546750838,0.42273882113821143,0.12989672986877543,0.20070584130984273,130521.37230135546,934.385652544446,131455.7579538999,1565,7,247.58536585365854,36,5,17,35.59919366688706,0.6255787037037037,44.53828828828829,1021.8468468468473,28.384634634634647,0
2557,4,0,2,39,0.0,0.04878048780487805,0.9512195121951219,41,1100,800,300,0.7272727272727273,14,8,6,350.93765070119935,0.42258638211382116,0.13151438774495738,0.20173914220486286,130607.69120049097,967.0312626815955,131574.72246317257,1566,8,248.58536585365854,36,5,17,35.4857515331791,0.6264467592592593,44.453828828828826,1022.1846846846842,28.394019019019005,0
2558,4,0,0,39,0.0,0.0,1.0,39,900,700,200,0.7777777777777778,11,7,4,365.405906281725,0.4195062977957715,0.1328652851696679,0.20994792182003305,130587.70743580656,1743.503916966715,132331.21135277327,1567,9,258.53846153846155,35,4,17,35.136286000075486,0.6282738095238095,44.47337962962962,1022.1064814814799,29.203042328042283,0
2559,4,0,1,38,0.0,0.02564102564102564,0.9743589743589743,39,1150,700,450,0.6086956521739131,16,7,9,364.8330483275564,0.4195344129554656,0.13103414257652157,0.2105832559157811,130765.21675936607,1741.4945291066106,132506.7112884727,1568,10,259.53846153846155,35,4,17,34.97097902757344,0.6300595238095238,44.2997685185185,1022.8009259259231,29.22288359788352,0
2560,4,0,0,38,0.0,0.0,1.0,38,1300,1100,200,0.8461538461538461,15,11,4,370.374445156574,0.41963015647226176,0.13173823278951713,0.21369287161451442,130749.15143140554,2085.22888321991,132834.38031462545,1569,11,257.8421052631579,34,4,17,34.84557482636867,0.632046568627451,44.31547619047617,1022.7380952380923,30.080532212885068,0
2561,4,0,0,38,0.0,0.0,1.0,38,900,600,300,0.6666666666666666,12,6,6,367.56683609713036,0.41872629208155526,0.13720933000827307,0.21314055944963398,130942.84664619742,2026.0495702588819,132968.8962164563,1570,12,258.8421052631579,35,3,18,34.721083531229965,0.6318452380952381,44.12615740740739,1023.495370370368,29.242724867724803,0
2562,4,1,0,39,0.02564102564102564,0.0,1.0,39,1000,700,300,0.7,13,7,6,361.06174321767617,0.41925326135852453,0.13753687012114013,0.21101450846586492,131243.84576263832,1677.4263475299883,132921.2721101683,1571,0,253.17948717948718,37,2,19,34.582998929909046,0.6309121621621622,43.83223684210525,1024.6710526315774,27.693812233285875,0
2563,4,0,0,39,0.0,0.0,1.0,39,1050,700,350,0.6666666666666666,14,7,7,359.0642500089175,0.4191408007197481,0.13101811657116436,0.2109621521935679,131446.78605109715,1639.6224330895445,133086.4084841867,1572,1,254.17948717948718,35,4,20,34.4290820165538,0.6369047619047619,43.634259259259245,1025.462962962961,29.298941798941744,0
2564,4,0,0,39,0.0,0.0,1.0,39,1450,1100,350,0.7586206896551724,18,11,7,356.9380700090735,0.4180443094916779,0.13720622589996934,0.21033025988244863,131559.08230865988,1591.6889862835694,133150.77129494346,1573,2,255.17948717948718,36,3,17,34.37019758507137,0.6359953703703703,43.52477477477477,1025.9009009008998,28.497247247247216,0
2565,4,0,0,39,0.0,0.0,1.0,39,1350,1000,350,0.7407407407407407,17,10,7,358.78734846896026,0.4175663517768781,0.1323375107247846,0.21222236737797323,131703.53366457656,1650.7123255011552,133354.24599007773,1574,3,256.1794871794872,36,3,17,34.1769519107698,0.6374421296296297,43.384009009009,1026.4639639639624,28.512887887887846,0
2566,4,0,1,38,0.0,0.02564102564102564,0.9743589743589743,39,1050,600,450,0.5714285714285714,15,6,9,356.78285626346576,0.41711650922177235,0.13309154295996395,0.2118398209064326,131848.0642804966,1608.2257933609112,133456.2900738575,1575,4,257.1794871794872,36,3,17,34.08260233918128,0.6388888888888888,43.243243243243235,1027.027027027026,28.528528528528497,0
2567,4,0,0,38,0.0,0.0,1.0,38,750,500,250,0.6666666666666666,10,5,5,366.18583423924764,0.41539236605026075,0.1349722367234587,0.2171658236210296,131803.0907064471,2052.884945130304,133855.9756515774,1576,18,264.8421052631579,35,3,17,33.88657198677487,0.6404761904761904,43.28703703703703,1026.851851851851,29.338624338624317,0
2568,4,0,0,38,0.0,0.0,1.0,38,1050,700,350,0.6666666666666666,14,7,7,367.64587471836836,0.41499229492650547,0.12905320076128124,0.21888614553151953,131951.69331114978,2102.299141589512,134053.9924527393,1577,19,265.8421052631579,35,3,17,33.69909597837107,0.6419642857142858,43.142361111111114,1027.430555555556,29.355158730158745,0
2569,4,1,0,39,0.02564102564102564,0.0,1.0,39,950,700,250,0.7368421052631579,12,7,5,354.9138724523337,0.4182411156095367,0.08988823142669267,0.19550340431696367,128936.76757812515,1378.391444830262,130315.15902295541,1578,0,260.0,35,4,18,37.08226495726496,0.6116071428571428,46.09375000000001,1015.6250000000011,29.017857142857174,8
2570,4,1,0,40,0.025,0.0,1.0,40,900,500,400,0.5555555555555556,13,5,8,352.6284135129442,0.42000534188034183,0.1136208466090125,0.19613281632606022,129319.08543381335,1120.5880540552034,130439.67348786855,1579,0,254.475,35,5,19,36.75087240175997,0.6154761904761905,45.71759259259259,1017.1296296296289,29.06084656084654,0
2571,4,0,1,39,0.0,0.025,0.975,40,850,600,250,0.7058823529411765,11,6,5,360.6686746320176,0.41961805555555554,0.13934977578475305,0.19030550117258538,127212.08191609997,1210.6833165365124,128422.76523263648,1580,1,255.475,34,6,21,38.70146919990558,0.5962009803921569,47.79761904761906,1008.8095238095254,29.670868347338985,8
2572,4,0,0,39,0.0,0.0,1.0,39,1100,800,300,0.7272727272727273,14,8,6,360.7382462735267,0.4190002249212776,0.13484607820891004,0.19048327957433908,127242.10778061245,1380.2189625850542,128622.32674319751,1581,2,254.69230769230768,34,5,21,38.66887905604719,0.5965073529411764,47.76785714285715,1008.9285714285732,29.67436974789921,0
2573,4,1,1,39,0.025,0.025,0.975,40,1300,800,500,0.6153846153846154,18,8,10,357.18636070254183,0.42077991452991453,0.1445214105793451,0.19092201189571617,127734.7032000172,1125.018754286699,128859.72195430391,1582,0,249.3,35,5,19,38.25328219219908,0.5994047619047619,47.280092592592595,1010.8796296296301,28.882275132275147,0
2574,4,1,0,40,0.025,0.0,1.0,40,1000,700,300,0.7,13,7,6,354.2274095366429,0.4236511752136752,0.13059176672384254,0.1908637520885977,128056.65569540886,1072.235484182088,129128.89117959095,1583,0,247.85,35,5,21,37.99849914236705,0.6026785714285714,46.96180555555555,1012.152777777777,28.918650793650773,0
2575,4,2,1,41,0.047619047619047616,0.023809523809523808,0.9761904761904762,42,700,300,400,0.42857142857142855,11,3,8,338.03275541867396,0.4280874951606659,0.13508989067136334,0.18410822123619625,128486.82032962026,286.58092301903446,128773.40125263929,1584,0,237.0,36,6,15,37.96928801510609,0.6050347222222222,46.53716216216217,1013.8513513513522,28.16253753753756,0
2576,4,0,0,41,0.0,0.0,1.0,41,1000,800,200,0.8,12,8,4,349.2738521752676,0.4261941056910569,0.13699530464133147,0.18999629797211134,128437.66744898829,771.983774862819,129209.6512238511,1585,1,243.78048780487805,35,6,15,37.73454746136864,0.6065476190476191,46.585648148148145,1013.657407407407,28.9616402116402,0
2577,4,1,1,41,0.023809523809523808,0.023809523809523808,0.9761904761904762,42,550,300,250,0.5454545454545454,8,3,5,344.86567104195433,0.4277124467673248,0.14342781053832998,0.18904680215511516,128743.83674214764,479.8659301193201,129223.70267226697,1586,0,238.95238095238096,36,6,16,37.533982467820685,0.6076388888888888,46.28378378378379,1014.8648648648657,28.190690690690715,0
2578,4,1,0,42,0.023809523809523808,0.0,1.0,42,750,500,250,0.6666666666666666,10,5,5,351.29030830723536,0.4280753968253968,0.16287086896843017,0.1936820648490994,128972.5113627142,661.3586559532671,129633.87001866747,1587,0,239.85714285714286,36,6,17,37.137841832963794,0.6099537037037037,46.058558558558566,1015.7657657657668,28.215715715715746,0
2579,4,0,0,42,0.0,0.0,1.0,42,800,300,500,0.375,13,3,10,344.9479976366049,0.42806329849012775,0.159216462208152,0.19087404528941526,129115.53603857252,507.62912405650957,129623.16516262903,1588,1,240.85714285714286,36,6,17,37.15327793167129,0.611400462962963,45.9177927927928,1016.3288288288302,28.231356356356393,0
2580,4,0,0,42,0.0,0.0,1.0,42,1450,1000,450,0.6896551724137931,19,10,9,343.1826976051507,0.42824477351916374,0.15747100967575145,0.19003478702969892,129144.15048494452,464.0075886697667,129608.15807361428,1589,2,241.85714285714286,36,6,17,37.169011743851094,0.6116898148148149,45.88963963963965,1016.4414414414424,28.23448448448451,0
2581,4,1,0,43,0.023255813953488372,0.0,1.0,43,1250,800,450,0.64,17,8,9,336.7395941482534,0.43004798818752304,0.162760638457762,0.18833074651038453,129536.03512619266,123.98237919359906,129660.01750538625,1590,0,237.2093023255814,37,6,15,36.93451098664369,0.6137387387387387,45.50438596491228,1017.9824561403507,27.513039355144613,0
2582,4,0,0,43,0.0,0.0,1.0,43,1000,800,200,0.8,12,8,4,336.74717263624296,0.43030177187153934,0.16047162770662537,0.1886027892099007,129591.85157933213,127.93792320714618,129719.78950253928,1591,1,238.2093023255814,37,6,16,36.877647354440384,0.6143018018018018,45.449561403508774,1018.201754385965,27.518966334755813,0
2583,4,0,0,43,0.0,0.0,1.0,43,1100,800,300,0.7272727272727273,14,8,6,337.6576547348271,0.42974806201550386,0.15646731919793755,0.1896517298964056,129703.52055440158,159.0773122499511,129862.59786665153,1592,2,239.2093023255814,37,6,17,36.74111948331541,0.615427927927928,45.33991228070177,1018.6403508771947,27.530820293978234,0
2584,4,0,2,41,0.0,0.046511627906976744,0.9534883720930233,43,1450,1200,250,0.8275862068965517,17,12,5,356.4631788004653,0.4301633444075304,0.15589935896806595,0.19236019830940848,128117.48940755372,543.9447910716262,128661.43419862534,1593,3,240.2093023255814,38,5,15,37.87968728014633,0.5975877192982456,46.90170940170941,1012.3931623931641,26.641925326135897,7
2585,4,2,1,42,0.046511627906976744,0.023255813953488372,0.9767441860465116,43,1150,800,350,0.6956521739130435,15,8,7,353.3589800553315,0.43283960871170174,0.19432275894510886,0.19276341601639124,128550.50131492449,484.8948060486599,129035.39612097315,1594,0,240.13953488372093,38,5,16,37.515802781289494,0.6019736842105263,46.47435897435898,1014.1025641025649,26.686909581646443,0
2586,4,0,0,42,0.0,0.0,1.0,42,1350,1000,350,0.7407407407407407,17,10,7,359.7159970781594,0.429744967092528,0.19284942084942092,0.19642107278470922,128588.99493113265,851.1037049861543,129440.0986361188,1595,1,246.85714285714286,37,5,16,37.31531531531532,0.6041666666666667,46.43640350877193,1014.2543859649123,27.412280701754387,0
2587,4,0,0,42,0.0,0.0,1.0,42,1100,500,600,0.45454545454545453,17,5,12,359.7731742973699,0.4298175571041425,0.19093921060213215,0.1972784657166146,128755.8671899045,864.5814096644996,129620.448599569,1596,2,247.85714285714286,37,5,17,37.14347450302506,0.6058558558558558,46.2719298245614,1014.9122807017537,27.43006164058794,0
2588,4,1,0,43,0.023255813953488372,0.0,1.0,43,1450,1100,350,0.7586206896551724,18,11,7,358.3792770357271,0.43235511258767073,0.20979369724171804,0.19832821771034725,129119.93805473362,654.7820101906532,129774.72006492427,1597,0,243.06976744186048,38,5,18,36.80752654262589,0.6077302631578947,45.91346153846153,1016.346153846153,26.745951417004026,0
2589,4,0,0,43,0.0,0.0,1.0,43,1050,800,250,0.7619047619047619,13,8,5,361.61162240976074,0.43170911775562937,0.21695985333800238,0.20111306487715291,129315.90374157963,752.4781153094858,130068.38185688911,1598,1,244.06976744186048,36,7,18,36.525686448184246,0.6134259259259259,45.720720720720735,1017.1171171171189,28.253253253253305,0
2590,4,1,0,44,0.022727272727272728,0.0,1.0,44,2050,1400,650,0.6829268292682927,27,14,13,331.74224091582676,0.43428470754052145,0.18880220498925526,0.18032692760396646,128408.33875868075,-199.0296118542314,128209.30914682652,1599,0,239.5,39,5,16,38.208718739294284,0.5988247863247863,46.61458333333334,1013.5416666666682,25.988247863247903,8
2591,4,1,0,45,0.022222222222222223,0.0,1.0,45,1000,700,300,0.7,13,7,6,326.1042791026801,0.43575336700336703,0.19995326322817575,0.17861498775865398,128711.08596280328,-605.3528199153857,128105.7331428879,1600,0,235.15555555555557,40,5,17,38.04331497245868,0.6002604166666667,46.31605691056911,1014.7357723577239,25.3683943089431,0
2592,4,3,2,46,0.0625,0.041666666666666664,0.9583333333333334,48,1200,800,400,0.6666666666666666,16,8,8,345.29667572159104,0.4378047429078014,0.23149925107657676,0.1853497030179922,127904.94163940582,-713.0429146546592,127191.89872475117,1601,0,221.39583333333334,43,5,15,38.37959495724896,0.5876937984496124,47.11174242424244,1011.5530303030336,23.524489076814735,7
2593,4,1,1,46,0.02127659574468085,0.02127659574468085,0.9787234042553191,47,1300,1000,300,0.7692307692307693,16,10,6,355.1287913427829,0.4360931236509405,0.26582610979774124,0.19176954732510298,128144.53125000013,-298.4374999999843,127846.09375000015,1602,0,226.74468085106383,42,5,16,37.88580246913582,0.5915178571428572,46.87500000000001,1012.500000000001,24.107142857142883,0
2594,4,1,0,47,0.02127659574468085,0.0,1.0,47,1200,800,400,0.6666666666666666,16,8,8,350.0070334141268,0.43748072772124574,0.25598404255319096,0.1900038181390979,128355.55555555593,-414.93055555551746,127940.62500000041,1603,0,224.40425531914894,39,8,18,37.79982182017544,0.5982905982905983,46.666666666666686,1013.3333333333363,25.98290598290606,0
2595,4,0,1,46,0.0,0.02127659574468085,0.9787234042553191,47,1500,1100,400,0.7333333333333333,19,11,8,348.57575583163776,0.43738436632747457,0.25788701393983815,0.18981395961661715,128479.16253552813,-443.0557621124661,128036.10677341567,1604,1,225.40425531914894,40,7,16,37.709878708901364,0.5979166666666667,46.54471544715449,1013.8211382113848,25.34552845528462,0
2596,4,0,0,46,0.0,0.0,1.0,46,1350,1000,350,0.7407407407407407,17,10,7,352.58626509534355,0.43623188405797103,0.26498025300564,0.19175002224977983,128427.65239771323,-143.6347412254347,128284.01765648779,1605,3,231.2826086956522,40,6,16,37.66083483724351,0.5973958333333333,46.595528455284565,1013.6178861788637,25.340447154471594,0
2597,4,1,2,45,0.02127659574468085,0.0425531914893617,0.9574468085106383,47,1150,800,350,0.6956521739130435,15,8,7,347.1207366747756,0.4373458217699661,0.26665945590654827,0.19018200404104346,128722.74900990493,-463.532907375909,128259.21610252903,1606,0,227.3404255319149,41,6,17,37.49826881089711,0.5988313008130082,46.304563492063494,1014.7817460317464,24.75077429345723,0
2598,4,0,0,45,0.0,0.0,1.0,45,1250,1000,250,0.8,15,10,5,355.8222195986832,0.4348274410774411,0.27433264887063746,0.19470272016242537,128672.41753472212,156.9010416666622,128829.31857638877,1607,1,236.0,39,6,17,37.32888432580426,0.6014957264957265,46.354166666666664,1014.5833333333325,26.014957264957243,0
2599,4,1,0,46,0.021739130434782608,0.0,1.0,46,1350,900,450,0.6666666666666666,18,9,9,349.2018667786373,0.4367351046698873,0.2813736660375561,0.1928906223233597,129046.45568940423,-187.3473544186838,128859.10833498555,1608,0,231.84782608695653,40,6,19,37.11554810962193,0.6036458333333333,45.98577235772357,1016.0569105691039,25.401422764227597,0
2600,4,0,0,46,0.0,0.0,1.0,46,950,600,350,0.631578947368421,13,6,7,349.5152000000002,0.43653381642512074,0.28243913043478286,0.1933159292035398,129098.08976138532,-175.65106748629483,128922.43869389902,1609,1,232.84782608695653,40,6,19,37.055,0.6041666666666667,45.93495934959349,1016.2601626016252,25.40650406504063,0
2601,4,1,1,46,0.02127659574468085,0.02127659574468085,0.9787234042553191,47,1450,1200,250,0.8275862068965517,17,12,5,341.3217984460443,0.43805889608387294,0.19588241615801794,0.1820320377528908,127644.04432508718,-662.0124497678955,126982.03187531928,1610,0,228.87234042553192,39,8,17,38.746971961653436,0.5910790598290598,47.369791666666686,1010.5208333333363,25.910790598290674,8
2602,4,1,1,46,0.02127659574468085,0.02127659574468085,0.9787234042553191,47,1150,900,250,0.782608695652174,14,9,5,336.42260578929756,0.4375963613937712,0.22300676166622502,0.18085439866297245,127964.52591050319,-789.9681489192767,127174.55776158391,1611,0,229.80851063829786,40,7,18,38.543131445024784,0.5927083333333334,47.05284552845529,1011.7886178861803,25.29471544715451,0
2603,4,2,2,46,0.041666666666666664,0.041666666666666664,0.9583333333333334,48,1650,1100,550,0.6666666666666666,22,11,11,327.1310369082674,0.4386543291962175,0.23354107375004451,0.1778505528451994,128415.10662073547,-1197.907054910732,127217.19956582475,1612,0,225.77083333333334,38,10,16,38.31866413688908,0.6006030701754386,46.607905982905976,1013.5683760683748,26.67285200179934,0
2604,4,1,2,45,0.02127659574468085,0.0425531914893617,0.9574468085106383,47,1400,800,600,0.5714285714285714,20,8,12,338.4803508180133,0.4360931236509405,0.23261490282766895,0.18354216206328883,128311.11495844871,-713.8417590027718,127597.27319944595,1613,0,231.5531914893617,37,10,19,38.137175324675326,0.6013513513513513,46.71052631578947,1013.1578947368419,27.382645803698427,0
2605,4,3,1,47,0.0625,0.020833333333333332,0.9791666666666666,48,1700,1500,200,0.8823529411764706,19,15,4,335.3575785711189,0.43984559692671393,0.16265740241050586,0.1850558645301614,129006.37846500822,-897.5597058710616,128108.81875913717,1614,0,227.08333333333334,37,11,21,37.507982550818504,0.6083896396396397,46.0252192982456,1015.8991228070156,27.45673304883826,8
2606,4,1,0,48,0.020833333333333332,0.0,1.0,48,950,600,350,0.631578947368421,13,6,7,341.3061005106156,0.44032579787234044,0.1775956284153004,0.18926974664679566,129201.3888888887,-780.1137128732167,128421.27517601548,1615,0,228.04166666666666,34,14,23,37.15846994535518,0.616421568627451,45.83333333333332,1016.6666666666652,29.90196078431368,0
2607,4,1,1,48,0.02040816326530612,0.02040816326530612,0.9795918367346939,49,1450,1000,450,0.6896551724137931,19,10,9,334.26131184030686,0.4417162698412698,0.18143012576179696,0.18717356844425082,129584.09857521001,-1137.009843321334,128447.08873188868,1616,0,224.3673469387755,35,14,19,36.94879409647227,0.6181547619047619,45.457175925925924,1018.171296296296,29.090608465608454,0
2608,4,1,0,49,0.02040816326530612,0.0,1.0,49,1500,1100,400,0.7333333333333333,19,11,8,332.46961518758053,0.44129109977324266,0.19362731468609296,0.18771745965206468,129908.37191358025,-1161.882716049375,128746.48919753087,1617,0,225.24489795918367,35,14,20,36.6655313351499,0.6214285714285714,45.13888888888889,1019.4444444444445,29.126984126984127,0
2609,4,0,2,47,0.0,0.04081632653061224,0.9591836734693877,49,1450,1000,450,0.6896551724137931,19,10,9,332.30963750503173,0.44113166099773243,0.19512250080555527,0.18822566522095535,130032.77084094247,-1157.7714116142965,128874.99942932816,1618,1,226.24489795918367,36,13,20,36.54355746936073,0.6206597222222222,45.0168918918919,1019.9324324324339,28.331456456456497,0
2610,4,1,0,48,0.020833333333333332,0.0,1.0,48,1350,800,550,0.5925925925925926,19,8,11,339.2488426517644,0.43984559692671393,0.20294943820224676,0.19197954737345518,129996.88042534732,-779.7417534722163,129217.1386718751,1619,0,231.6875,35,13,21,36.40300476676879,0.6223214285714286,45.052083333333336,1019.7916666666674,29.136904761904784,0
2611,4,1,0,49,0.02040816326530612,0.0,1.0,49,1450,900,550,0.6206896551724138,20,9,11,331.6552500778513,0.44208829365079366,0.20432221857230748,0.1892537267908673,130321.66950660179,-1155.3555544838505,129166.31395211794,1620,0,227.9387755102041,35,14,23,36.26775863371874,0.6255952380952381,44.73379629629631,1021.064814814817,29.173280423280488,0
2612,4,0,1,48,0.0,0.02040816326530612,0.9795918367346939,49,1250,800,450,0.64,17,8,9,334.45618231653816,0.4415568310657596,0.21162890717129823,0.1914338693337073,130439.87509645063,-1074.7154706790097,129365.15962577163,1621,1,228.9387755102041,35,14,23,36.076648538409245,0.6267857142857143,44.61805555555556,1021.5277777777778,29.186507936507937,0
2613,4,0,0,48,0.0,0.0,1.0,48,1450,1000,450,0.6896551724137931,19,10,9,344.99785373911277,0.44081523345153667,0.21530205905205957,0.1973387723387723,130414.54081632642,-601.4526643991019,129813.08815192732,1622,2,234.3125,34,14,23,35.83309052059053,0.6286764705882353,44.64285714285714,1021.4285714285705,30.042016806722664,0
2614,4,0,1,47,0.0,0.020833333333333332,0.9791666666666666,48,1550,900,650,0.5806451612903226,22,9,13,343.02096614472134,0.4405566637115839,0.21022341148488,0.19678571215670848,130528.56445312496,-645.1931423611132,129883.37131076385,1623,3,235.3125,35,13,18,35.76813625552159,0.6276785714285714,44.53125,1021.8749999999997,29.196428571428562,0
2615,4,0,0,47,0.0,0.0,1.0,47,1150,700,450,0.6086956521739131,16,7,9,350.06521831140395,0.4402366635831021,0.20854437242476154,0.20098022611766544,130558.13426997585,-259.2276448902733,130298.90662508558,1624,4,237.40425531914894,35,12,19,35.5582295205738,0.6279761904761905,44.50231481481481,1021.9907407407396,29.199735449735417,0
2616,4,0,0,47,0.0,0.0,1.0,47,1650,1100,550,0.6666666666666666,22,11,11,348.90118674415737,0.43983194572926304,0.19280154283609274,0.20138731464781967,130765.21675936643,-275.1721375600134,130490.04462180642,1625,5,238.40425531914894,35,12,19,35.37835709705404,0.6300595238095238,44.29976851851852,1022.8009259259261,29.2228835978836,0
2617,4,0,1,46,0.0,0.02127659574468085,0.9787234042553191,47,1150,800,350,0.6956521739130435,15,8,7,348.787175400173,0.43950431699044096,0.1974312138561396,0.20194023691636717,130883.62328800143,-269.8941454475433,130613.72914255389,1626,6,239.40425531914894,35,12,20,35.26149474041398,0.63125,44.18402777777777,1023.263888888888,29.236111111111086,0
2618,4,0,2,44,0.0,0.043478260869565216,0.9565217391304348,46,1300,1000,300,0.7692307692307693,16,10,6,353.14182756290825,0.43810386473429946,0.19592760180995494,0.20430456516074008,130854.0166323731,42.005315500683196,130896.02194787379,1627,7,245.02173913043478,35,11,21,35.180052790346906,0.6309523809523809,44.21296296296296,1023.148148148148,29.23280423280423,0
2619,4,1,1,44,0.022222222222222223,0.022222222222222223,0.9777777777777777,45,1200,1000,200,0.8333333333333334,14,10,4,366.42664030286454,0.4356481481481482,0.218215656624404,0.2124187340987004,130931.84700963716,595.3833616779991,131527.23037131515,1628,0,251.04444444444445,34,11,22,34.76139932534604,0.6338848039215687,44.13690476190476,1023.4523809523807,30.101540616246492,0
2620,4,1,0,45,0.022222222222222223,0.0,1.0,45,900,300,600,0.3333333333333333,15,3,12,321.1354053419098,0.43707912457912457,0.16836821319159934,0.1784722366549407,129287.27027280664,-687.4939645933814,128599.77630821326,1629,0,243.35555555555555,36,9,20,37.58397002915881,0.6131365740740741,45.748873873873876,1017.0045045045049,28.250125125125138,7
2621,4,2,1,46,0.0425531914893617,0.02127659574468085,0.9787234042553191,47,1100,800,300,0.7272727272727273,14,8,6,307.0620772352565,0.43906105457909345,0.18197833761124982,0.1732512879303124,129881.14458917745,-1423.6851897508968,128457.45939942656,1630,0,233.95744680851064,38,9,16,37.34060021660902,0.6154057017543859,45.16559829059829,1019.3376068376069,26.824673864147552,0
2622,4,0,0,46,0.0,0.0,1.0,46,1350,800,550,0.5925925925925926,19,8,11,310.07792808417213,0.4385567632850242,0.18294530154277755,0.17540904690892908,129982.90339335152,-1139.034125884914,128843.86926746661,1631,1,238.43478260869566,37,9,17,37.16084229390683,0.6182432432432432,45.0657894736842,1019.7368421052608,27.560455192034077,0
2623,4,0,0,46,0.0,0.0,1.0,46,1700,1300,400,0.7647058823529411,21,13,8,309.4930916874324,0.4381944444444445,0.18803892152601565,0.17545485874272876,130066.77685682103,-1149.0462209526338,128917.7306358684,1632,2,239.43478260869566,37,9,17,37.09096975885914,0.6190878378378378,44.98355263157893,1020.0657894736818,27.56934566145086,0
2624,4,2,1,47,0.041666666666666664,0.020833333333333332,0.9791666666666666,48,1200,1100,100,0.9166666666666666,13,11,2,295.92845096590577,0.4409629875886525,0.1911952089704383,0.16976947976465112,130528.56445312485,-1874.5768229166822,128653.98763020817,1633,0,230.41666666666666,39,9,13,36.97120285423039,0.6201923076923077,44.53124999999999,1021.8749999999989,26.20192307692305,0
2625,4,0,0,47,0.0,0.0,1.0,47,1050,800,250,0.7619047619047619,13,8,5,302.3111027468009,0.43971631205673756,0.1908929048339716,0.1728525204700605,130398.95171305402,-1515.789822119977,128883.16189093405,1634,1,236.31914893617022,38,9,19,36.93885111576011,0.6206140350877193,44.658119658119645,1021.3675213675192,26.878092667566296,0
2626,4,0,1,46,0.0,0.02127659574468085,0.9787234042553191,47,1350,1100,250,0.8148148148148148,16,11,5,302.3620541107439,0.4396777674992291,0.1870872307059206,0.17349088467722032,130535.3879597669,-1506.2103924684104,129029.1775672985,1635,2,237.31914893617022,38,9,13,36.79996515072313,0.621984649122807,44.52457264957265,1021.9017094017088,26.89215024741339,0
2627,4,0,0,46,0.0,0.0,1.0,46,1500,1000,500,0.6666666666666666,20,10,10,306.17654112634926,0.4392411433172303,0.19244822555796381,0.17592738552287007,130589.9824334321,-1203.2821745561964,129386.7002588759,1636,3,239.6086956521739,38,8,13,36.647460018814684,0.622532894736842,44.471153846153854,1022.1153846153859,26.89777327935226,0
2628,4,0,0,46,0.0,0.0,1.0,46,1050,700,350,0.6666666666666666,14,7,7,305.84801643065623,0.43902979066022546,0.19532506474035705,0.1761110419519483,130671.89554569364,-1206.8519888231403,129465.0435568705,1637,4,240.6086956521739,38,8,14,36.57327586206898,0.6233552631578947,44.39102564102564,1022.4358974358976,26.906207827260463,0
2629,4,0,0,46,0.0,0.0,1.0,46,1250,600,650,0.48,19,6,13,305.84801643065623,0.4385265700483092,0.19532506474035705,0.1761110419519483,130671.89554569364,-1206.8519888231403,129465.0435568705,1638,5,241.6086956521739,38,8,14,36.57327586206898,0.6233552631578947,44.39102564102564,1022.4358974358976,26.906207827260463,0
2630,4,0,0,46,0.0,0.0,1.0,46,750,500,250,0.6666666666666666,10,5,5,304.2927216227677,0.4381642512077295,0.1916603845559981,0.17571161138820146,130781.15297866914,-1240.8494046314406,129540.3035740377,1639,6,242.6086956521739,38,8,15,36.50294199568275,0.6244517543859649,44.28418803418804,1022.863247863249,26.91745389113813,0
2631,4,0,0,46,0.0,0.0,1.0,46,1400,1100,300,0.7857142857142857,17,11,6,304.4631294780113,0.43822463768115943,0.1929140651606316,0.17593448791502467,130808.47447083434,-1234.7285000730426,129573.74597076129,1640,7,243.6086956521739,38,8,16,36.47106179286336,0.6247258771929824,44.25747863247864,1022.9700854700861,26.92026540710753,0
2632,4,0,1,45,0.0,0.021739130434782608,0.9782608695652174,46,1250,800,450,0.64,17,8,9,319.7690981900264,0.4383554750402576,0.2077901024280422,0.1779381404948708,129337.19735051866,-917.7626652786944,128419.43468523996,1641,8,244.6086956521739,38,8,20,37.56805132514092,0.6099232456140351,45.699786324786324,1017.2008547008546,26.768443544759332,8
2633,4,0,0,45,0.0,0.0,1.0,45,1450,900,550,0.6206896551724138,20,9,11,318.57449314898633,0.43842592592592594,0.20420647419072635,0.17776344740738695,129445.89548405661,-752.3678911899974,128693.52759286662,1642,9,241.93333333333334,38,7,17,37.48818897637796,0.6110197368421053,45.59294871794872,1017.6282051282058,26.779689608636993,0
2634,4,0,1,44,0.0,0.022222222222222223,0.9777777777777777,45,1350,1000,350,0.7407407407407407,17,10,7,320.0381162647131,0.4380050505050505,0.205127129017592,0.1793229445102281,129609.0282914201,-704.0341469428045,128904.99414447728,1643,10,242.93333333333334,38,7,17,37.28556814604973,0.6126644736842105,45.43269230769231,1018.2692307692306,26.796558704453435,0
2635,4,0,0,44,0.0,0.0,1.0,44,850,500,350,0.5882352941176471,12,5,7,325.6077238954272,0.43705954897815363,0.22189848548430202,0.18257016612771856,129636.22708013754,-357.88863320912264,129278.33844692842,1644,11,249.1590909090909,38,6,17,37.116205063645275,0.6129385964912281,45.40598290598292,1018.37606837607,26.799370220422894,0
2636,4,0,1,43,0.0,0.022727272727272728,0.9772727272727273,44,850,600,250,0.7058823529411765,11,6,5,331.6152555781395,0.4368723572938689,0.18738515342514517,0.17517356956544394,127257.91229031977,-303.9370345505946,126953.97525576918,1645,12,250.1590909090909,37,7,18,39.387270883141355,0.5906531531531531,47.75219298245612,1008.9912280701727,27.270033191085748,8
2637,4,1,0,44,0.022727272727272728,0.0,1.0,44,1000,600,400,0.6,14,6,8,330.9811035525322,0.43745595489781536,0.1978354978354977,0.17552028218694882,127415.40310650873,-365.581854043406,127049.82125246532,1646,0,250.47727272727272,38,6,15,39.24206349206349,0.5904605263157895,47.59615384615384,1009.6153846153835,26.568825910931146,0
2638,4,2,0,46,0.043478260869565216,0.0,1.0,46,1100,800,300,0.7272727272727273,14,8,6,319.6553262735085,0.4410929951690821,0.20375192227037586,0.17140139046734654,127861.722519664,-1025.663874016815,126836.0586456472,1647,0,240.54347826086956,40,6,18,39.07212955519826,0.5916666666666667,47.154471544715435,1011.3821138211364,25.28455284552841,0
2639,4,0,1,45,0.0,0.021739130434782608,0.9782608695652174,46,1500,1000,500,0.6666666666666666,20,10,10,305.2171869030721,0.44026771336553944,0.06575452836382056,0.16409647281098744,127968.81028163576,-1388.0315255240203,126580.77875611174,1648,1,241.54347826086956,41,5,16,39.32809997712192,0.5912093495934959,47.04861111111111,1011.8055555555552,24.67818428184281,8
2640,4,2,2,45,0.0425531914893617,0.0425531914893617,0.9574468085106383,47,1350,900,450,0.6666666666666666,18,9,9,306.2223039541132,0.44002466851680544,0.10667227216060593,0.16713884748120114,128571.78411005599,-1525.5698459939604,127046.21426406203,1649,0,237.3404255319149,41,6,14,38.68920978838565,0.5973069105691057,46.45337301587301,1014.1865079365074,24.736256291134325,0
2641,4,1,0,46,0.021739130434782608,0.0,1.0,46,1250,700,550,0.56,18,7,11,313.2902658945857,0.4394826892109501,0.12993620866081756,0.17159645117703995,128711.08596280326,-1135.213931026496,127575.87203177677,1650,0,243.0,40,6,15,38.36838591220165,0.6002604166666667,46.31605691056911,1014.7357723577238,25.368394308943095,0
2642,4,4,1,49,0.08,0.02,0.98,50,1400,700,700,0.5,21,7,14,303.2520661157024,0.4437414965986395,0.18150909090909062,0.17019248608534324,129672.4965706448,-2135.309499314121,127537.18707133067,1651,0,224.48,44,6,16,37.648674242424235,0.6041666666666667,45.370370370370374,1018.5185185185192,23.148148148148163,0
2643,4,0,1,48,0.0,0.02040816326530612,0.9795918367346939,49,1250,800,450,0.64,17,8,9,308.39109958744075,0.4425843253968254,0.18483466276060456,0.17312393878718763,129683.21352731877,-1801.3702364554492,127881.84329086333,1652,1,230.0612244897959,43,6,16,37.50697285236147,0.6056201550387597,45.35984848484849,1018.5606060606071,23.68745595489784,0
2644,4,0,1,47,0.0,0.020833333333333332,0.9791666666666666,48,1200,800,400,0.6666666666666666,16,8,8,310.0794931289663,0.44163711583924353,0.19304577743950824,0.17401204229997674,129669.75509472087,-1558.4136132143508,128111.34148150652,1653,2,235.375,42,6,16,37.47760282878256,0.6068948412698413,45.373062015503876,1018.5077519379845,24.25018456995201,0
2645,4,0,0,47,0.0,0.0,1.0,47,950,400,550,0.42105263157894735,15,4,11,327.3143595696819,0.44148936170212766,0.07200303390916596,0.18175442423886468,129254.34570312526,-801.8513256508485,128452.49437747442,1654,3,237.7659574468085,39,8,17,37.4603052653145,0.6073717948717949,45.781250000000014,1016.875000000002,26.073717948718002,8
2646,4,0,0,47,0.0,0.0,1.0,47,1200,600,600,0.5,18,6,12,327.8786191687833,0.4409497378970089,0.0710041567140709,0.18277955095311027,129408.11107806207,-913.969446096894,128494.14163196518,1655,4,238.7659574468085,40,7,18,37.2898355306965,0.6072916666666667,45.63008130081301,1017.4796747967484,25.43699186991871,0
2647,4,0,1,46,0.0,0.02127659574468085,0.9787234042553191,47,1550,1100,450,0.7096774193548387,20,11,9,328.3685142355686,0.44029448041936475,0.0653439316362745,0.183897380890227,129589.12854658272,-889.4020796153063,128699.72646696742,1656,5,239.7659574468085,40,7,15,37.09368865821607,0.6091145833333333,45.452235772357724,1018.191056910569,25.454776422764226,0
2648,4,0,0,46,0.0,0.0,1.0,46,1450,1100,350,0.7586206896551724,18,11,7,331.8591774906852,0.43851650563607086,0.07272468512061492,0.186023814171384,129625.34722222215,-596.5277777777826,129028.81944444437,1657,6,245.8695652173913,39,7,16,36.96808510638299,0.6111111111111112,45.416666666666664,1018.3333333333327,26.111111111111093,0
2649,4,0,1,45,0.0,0.021739130434782608,0.9782608695652174,46,1550,1200,350,0.7741935483870968,19,12,7,328.96760232100036,0.43846618357487926,0.0769280796378835,0.1853307368581454,129822.05119307281,-658.550218124141,129163.50097494866,1658,7,246.8695652173913,40,6,18,36.84225834330542,0.6114583333333333,45.22357723577235,1019.1056910569098,25.477642276422745,0
2650,4,0,1,44,0.0,0.022222222222222223,0.9777777777777777,45,2050,1600,450,0.7804878048780488,25,16,9,337.56549407225145,0.4378577441077441,0.07245192786689247,0.1913125276116989,130055.18297846847,-219.57158024324696,129835.61139822521,1659,8,242.46666666666667,40,5,19,36.38682707316263,0.6138020833333333,44.99491869918699,1020.0203252032518,25.500508130081293,0
2651,4,0,1,43,0.0,0.022727272727272728,0.9772727272727273,44,1650,1500,150,0.9090909090909091,18,15,3,341.4279173291294,0.43700449260042284,0.08579644087149396,0.19360761982652955,130076.56385633688,82.35405815972626,130158.91791449662,1660,9,248.27272727272728,39,5,19,36.26665730623914,0.6156517094017093,44.973958333333336,1020.1041666666673,26.15651709401711,0
2652,4,1,0,44,0.022727272727272728,0.0,1.0,44,1050,400,650,0.38095238095238093,17,4,13,340.29358809709663,0.43697145877378435,0.09910460394297615,0.19443313859056485,130371.67302441761,73.06180094706372,130444.73482536468,1661,0,240.79545454545453,38,6,20,35.99661749834362,0.6203399122807017,44.68482905982907,1021.2606837606853,26.875281151596983,0
2653,4,0,0,44,0.0,0.0,1.0,44,700,500,200,0.7142857142857143,9,5,4,342.8149168685691,0.43700449260042284,0.10026430377821294,0.19628719970642283,130453.51765103386,144.28236175033305,130597.8000127842,1662,1,241.79545454545453,38,6,20,35.84936903018894,0.6211622807017544,44.604700854700866,1021.5811965811981,26.883715699505213,0
2654,4,0,0,44,0.0,0.0,1.0,44,1350,1100,250,0.8148148148148148,16,11,5,340.4086512534298,0.4369053911205074,0.1012211392358151,0.19555560223060056,130581.79253472242,90.23437500002319,130672.02690972245,1663,2,242.79545454545453,39,5,17,35.78101644245143,0.6207264957264957,44.47916666666668,1022.083333333335,26.207264957265,0
2655,4,0,1,43,0.0,0.022727272727272728,0.9772727272727273,44,1550,1300,250,0.8387096774193549,18,13,5,337.8804803650415,0.436255725863284,0.09868390597079824,0.19504106035886848,130768.17626953169,36.80284288198834,130804.97911241367,1664,3,243.79545454545453,39,5,18,35.65716552941576,0.6225961538461539,44.29687500000002,1022.8125000000035,26.22596153846163,0
2656,4,0,1,42,0.0,0.023255813953488372,0.9767441860465116,43,1050,700,350,0.6666666666666666,14,7,7,347.43625555407783,0.43505444813584343,0.10208850520547386,0.20062453019751186,130781.15297866927,487.62281759079474,131268.77579626007,1665,4,248.67441860465115,38,5,19,35.3996936146508,0.6244517543859649,44.28418803418805,1022.86324786325,26.917453891138155,0
2657,4,0,0,42,0.0,0.0,1.0,42,1500,1300,200,0.8666666666666667,17,13,4,353.71429162229504,0.43491095625241966,0.11765936814168332,0.20447052917199593,130822.85534972306,854.7827216066539,131677.6380713297,1666,5,254.38095238095238,37,5,20,35.19694533762058,0.6266891891891893,44.24342105263158,1023.0263157894742,27.649359886202006,0
2658,4,0,0,42,0.0,0.0,1.0,42,1250,800,450,0.64,17,8,9,358.1714378566517,0.43331397599690286,0.1255232792335268,0.20840891327995453,131075.36844269387,989.4906365420076,132064.85907923587,1667,6,255.38095238095238,37,5,21,34.82740389763358,0.629222972972973,43.99671052631579,1024.0131578947364,27.676031294452336,0
2659,4,0,1,41,0.0,0.023809523809523808,0.9761904761904762,42,1300,1000,300,0.7692307692307693,16,10,6,358.4806835302196,0.4331445993031359,0.1333389397715632,0.20919956441117052,131187.67463306006,1005.6494546398774,132193.32408769993,1668,7,256.3809523809524,37,5,21,34.70590727460844,0.6303490990990991,43.88706140350877,1024.451754385964,27.687885253674704,0
2660,4,0,0,41,0.0,0.0,1.0,41,1150,800,350,0.6956521739130435,15,8,7,366.056193378248,0.4327235772357723,0.13346667488880004,0.21359930668132898,131183.87972009156,1404.1343285853222,132588.01404867688,1669,8,262.1219512195122,36,5,21,34.51572862848557,0.6322337962962963,43.89076576576576,1024.4369369369358,28.45658158158155,0
2661,4,0,0,41,0.0,0.0,1.0,41,1450,1200,250,0.8275862068965517,17,12,5,362.01174481043597,0.4326473577235772,0.13231678995842366,0.2123736475686292,131389.14399092976,1313.0411730677147,132702.18516399746,1670,9,263.1219512195122,34,7,21,34.41177039789438,0.6384803921568627,43.69047619047619,1025.2380952380956,30.15406162464987,0
2662,4,0,0,41,0.0,0.0,1.0,41,1650,1200,450,0.7272727272727273,21,12,9,362.7475071493644,0.43119918699186993,0.13226353119580359,0.21434175867955255,131663.9048327665,1352.1506519274444,133016.05548469396,1671,10,264.1219512195122,34,7,16,34.11533851448014,0.6412377450980392,43.42261904761905,1026.3095238095243,30.18557422969189,0
2663,4,1,0,42,0.023809523809523808,0.0,1.0,42,1000,700,300,0.7,13,7,6,351.466534339664,0.43285423925667826,0.13832480502901778,0.20941744240721732,131981.42387902958,877.4107295953456,132858.83460862492,1672,0,258.8095238095238,35,7,17,34.084722535105506,0.6422619047619047,43.11342592592593,1027.546296296297,29.35846560846563,0
2664,4,0,0,42,0.0,0.0,1.0,42,700,200,500,0.2857142857142857,12,2,10,350.498273089397,0.4323824041811846,0.13734231556700371,0.2091165062805166,132031.50398439897,855.3628279855261,132886.86681238448,1673,1,259.8095238095238,37,5,17,34.05915484192184,0.638795045045045,43.06469298245614,1027.7412280701747,27.77678994784256,0
2665,4,0,0,42,0.0,0.0,1.0,42,1200,800,400,0.6666666666666666,16,8,8,351.894205232443,0.43153552071234996,0.1375548512920528,0.21041837170021593,132116.03570329328,898.1734764542921,133014.20917974756,1674,2,260.8095238095238,37,5,18,33.9381577076223,0.6396396396396397,42.98245614035088,1028.0701754385964,27.78568041725936,0
2666,4,0,0,42,0.0,0.0,1.0,42,1050,700,350,0.6666666666666666,14,7,7,354.3967040058033,0.4307612272551297,0.14197154935724687,0.2130239765334052,132313.3815813521,978.2852656586774,133291.66684701078,1675,3,261.8095238095238,37,5,19,33.675152758534935,0.6416103603603603,42.7905701754386,1028.8377192982466,27.806424845898558,0
2667,4,0,0,42,0.0,0.0,1.0,42,1000,500,500,0.5,15,5,10,352.6416432665392,0.43018050716221445,0.13954131466118702,0.21228619769444995,132369.7931695331,935.8202764312273,133305.61344596432,1676,4,262.8095238095238,37,5,19,33.66353667199433,0.6421734234234234,42.735745614035096,1029.0570175438609,27.812351825509754,0
2668,4,0,2,40,0.0,0.047619047619047616,0.9523809523809523,42,1450,1300,150,0.896551724137931,16,13,3,352.1215771130366,0.4288133952768099,0.13820335372543968,0.21297251336333706,132546.94097490152,934.533590983252,133481.47456588477,1677,5,263.8095238095238,35,7,21,33.498768311415844,0.6479166666666667,42.56365740740741,1029.7453703703711,29.42129629629632,0
2669,4,0,1,39,0.0,0.025,0.975,40,1100,800,300,0.7272727272727273,14,8,6,357.747158304894,0.42761752136752135,0.14309903582906802,0.2160628236462555,132492.61289227701,1479.7711517204937,133972.3840439975,1678,6,272.1,33,7,21,33.408597190810625,0.6518308080808081,42.61642156862745,1029.5343137254902,31.198009506833035,0
2670,4,1,1,39,0.025,0.025,0.975,40,900,700,200,0.7777777777777778,11,7,4,356.4030308953991,0.42855235042735046,0.11569805729338167,0.21017398152025782,131587.9662390432,1411.3960783032535,132999.36231734644,1679,0,270.075,36,4,18,34.35476347272528,0.6362847222222222,43.49662162162163,1026.0135135135142,28.500375375375395,6
2671,4,0,2,37,0.0,0.05128205128205128,0.9487179487179487,39,1150,900,250,0.782608695652174,14,9,5,353.594045331769,0.42881241565452094,0.10890404023357081,0.20930930631457198,131732.43344696058,1515.9608087817728,133248.39425574234,1680,1,275.5128205128205,36,3,18,34.2810717419921,0.6377314814814814,43.355855855855864,1026.5765765765775,28.516016016016042,0
2672,4,0,0,37,0.0,0.0,1.0,37,1000,800,200,0.8,12,8,4,364.96399644473144,0.425487987987988,0.13984598073662213,0.21599756632415376,131725.001771542,2214.9766156462647,133939.97838718828,1681,2,289.81081081081084,34,3,18,33.99677219838416,0.6418504901960784,43.36309523809524,1026.5476190476195,30.192577030812338,0
2673,4,0,0,37,0.0,0.0,1.0,37,900,700,200,0.7777777777777778,11,7,4,364.5745488277954,0.42520645645645644,0.13605651105651084,0.2159403096903098,131755.5555555557,2206.944444444465,133962.50000000017,1682,3,290.81081081081084,34,3,18,33.97591991341992,0.642156862745098,43.33333333333334,1026.666666666668,30.19607843137259,0
2674,4,0,1,36,0.0,0.02702702702702703,0.972972972972973,37,1000,600,400,0.6,14,6,8,361.2761783663454,0.42454954954954954,0.1347216479344433,0.21467567954165506,131877.80612244914,2128.861961451264,134006.6680839004,1683,4,291.81081081081084,34,3,19,33.937229562664186,0.6433823529411764,43.21428571428572,1027.1428571428585,30.210084033613484,0
2675,4,0,0,36,0.0,0.0,1.0,36,1450,1100,350,0.7586206896551724,18,11,7,369.349390452131,0.4224206349206349,0.13922695514987637,0.2193846379432538,131862.52170138896,2540.668402777788,134403.19010416674,1684,5,300.30555555555554,33,3,19,33.745351588911426,0.6455176767676767,43.22916666666667,1027.083333333334,31.12373737373739,0
2676,4,0,0,36,0.0,0.0,1.0,36,1200,800,400,0.6666666666666666,16,8,8,368.5885968533553,0.4225033068783069,0.13969058503942233,0.21965994204800182,131988.4197934689,2529.8852905132694,134518.30508398218,1685,6,301.30555555555554,33,3,19,33.63782051282052,0.646780303030303,43.106617647058826,1027.573529411765,31.13859180035652,0
2677,4,0,0,36,0.0,0.0,1.0,36,800,500,300,0.625,11,5,6,366.72991776636576,0.42243716931216935,0.13929962636139592,0.21873379021257056,132019.90370290267,2483.129685697798,134503.03338860045,1686,7,302.30555555555554,33,3,19,33.65380793385801,0.6470959595959596,43.07598039215686,1027.696078431372,31.14230540701127,0
2678,4,1,0,37,0.02702702702702703,0.0,1.0,37,1050,900,150,0.8571428571428571,12,9,3,359.84009057203565,0.4228603603603604,0.1487518052403547,0.21695797929468763,132428.6352040817,2130.6264172335646,134559.26162131524,1687,0,295.1081081081081,34,3,20,33.41911481224459,0.6488970588235294,42.67857142857143,1029.2857142857147,30.27310924369749,0
2679,4,0,0,37,0.0,0.0,1.0,37,1250,1000,250,0.8,15,10,5,359.95344762191075,0.4223285785785786,0.14944392884039104,0.2175567692859474,132520.55165816325,2140.2458900226775,134660.79754818592,1688,1,296.1081081081081,34,3,20,33.323698308089575,0.6498161764705883,42.589285714285715,1029.642857142857,30.28361344537815,0
2680,4,0,0,37,0.0,0.0,1.0,37,1450,1000,450,0.6896551724137931,19,10,9,351.02195880047566,0.42189064064064064,0.09914307613052387,0.20462011744710662,131145.15306122453,1822.399376417238,132967.55243764177,1689,2,297.1081081081081,34,3,21,34.93990198357353,0.6360294117647058,43.92857142857143,1024.2857142857147,30.126050420168077,7
2681,4,0,0,37,0.0,0.0,1.0,37,800,600,200,0.75,10,6,4,349.28314501407954,0.4221721721721721,0.09436533907833011,0.20393017272667355,131206.12953514734,1765.6179138321872,132971.74744897953,1690,3,298.1081081081081,34,3,21,34.92282516074056,0.6366421568627452,43.86904761904761,1024.523809523809,30.1330532212885,0
2682,4,0,0,37,0.0,0.0,1.0,37,1100,600,500,0.5454545454545454,16,6,10,348.00713860797146,0.4215778278278279,0.09668204790156021,0.20383275261324035,131328.125,1740.625,133068.75,1691,4,299.1081081081081,34,3,22,34.832317073170735,0.6378676470588236,43.75,1025.0,30.147058823529413,0
2683,4,1,0,38,0.02631578947368421,0.0,1.0,38,1300,1000,300,0.7692307692307693,16,10,6,359.32551226927495,0.4242532005689901,0.14571555259948976,0.19825537897132323,129001.10995708569,1670.6779837269949,130671.78794081269,1692,0,292.2105263157895,36,2,18,36.90462993755312,0.6102430555555556,46.03040540540542,1015.8783783783801,28.218843843843892,8
2684,4,4,2,40,0.09523809523809523,0.047619047619047616,0.9523809523809523,42,900,600,300,0.6666666666666666,12,6,6,332.3529864032854,0.43141453735965934,0.14797726122337695,0.18731230524019288,129837.58680555575,230.5372940508273,130068.12409960658,1693,0,265.2857142857143,39,3,19,36.74025620059962,0.6132478632478633,45.20833333333334,1019.1666666666682,26.132478632478673,0
2685,4,1,0,41,0.024390243902439025,0.0,1.0,41,1100,900,200,0.8181818181818182,13,9,4,343.07550234110073,0.43038617886178865,0.15615586434748763,0.19316730468296467,129799.47973738048,706.2043429030709,130505.68408028355,1694,0,272.7317073170732,38,3,20,36.505731460124416,0.6145833333333333,45.2457264957265,1019.0170940170948,26.816239316239336,0
2686,4,0,1,40,0.0,0.024390243902439025,0.975609756097561,41,1350,900,450,0.6666666666666666,18,9,9,334.79173778795865,0.429979674796748,0.10359272880425374,0.18186425555215227,128381.94580078112,396.24294704859653,128778.18874782971,1695,1,273.7317073170732,39,2,10,38.15836245588789,0.5985576923076923,46.64062499999999,1013.437499999999,25.9855769230769,8
2687,4,0,0,40,0.0,0.0,1.0,40,850,400,450,0.47058823529411764,13,4,9,341.66452516799745,0.42809829059829063,0.11468061557921416,0.1857519398434836,128415.10662073547,774.9772855942589,129190.08390632973,1696,2,281.525,38,2,12,37.9503970345385,0.6006030701754386,46.607905982905976,1013.5683760683748,26.67285200179934,0
2688,4,1,0,41,0.024390243902439025,0.0,1.0,41,1050,800,250,0.7619047619047619,13,8,5,339.07833814318656,0.4294969512195122,0.11435524332660685,0.18578746738981594,128725.26584201408,529.5898437500196,129254.8556857641,1697,0,275.6341463414634,39,2,14,37.69973653596112,0.6020299145299146,46.30208333333334,1014.7916666666682,26.020299145299184,0
2689,4,1,0,42,0.023809523809523808,0.0,1.0,42,1050,700,350,0.6666666666666666,14,7,7,334.0668133626723,0.43039827719705764,0.12824945941569244,0.18453038674033143,129046.45568940458,222.0276455813459,129268.48333498593,1698,0,270.04761904761904,40,2,16,37.49999999999999,0.6036458333333333,45.98577235772358,1016.0569105691068,25.401422764227668,0
2690,4,0,1,41,0.0,0.023809523809523808,0.9761904761904762,42,1350,800,550,0.5925925925925926,19,8,11,334.7526879479798,0.43089430894308944,0.13381616919237715,0.18551707914564342,129176.17517203632,248.41437153564422,129424.58954357197,1699,1,271.04761904761904,41,1,16,37.35066767509191,0.6034044715447154,45.85813492063492,1016.5674603174597,24.794328300425846,0
2691,4,0,0,41,0.0,0.0,1.0,41,1050,900,150,0.8571428571428571,12,9,3,340.7462685448878,0.42980182926829263,0.13871113223875864,0.1890829959396342,129227.22012566932,606.7386104501372,129833.95873611946,1700,2,278.0,40,1,16,37.146426786606696,0.60546875,45.8079268292683,1016.7682926829275,25.419207317073187,0
2692,4,0,0,41,0.0,0.0,1.0,41,1150,600,550,0.5217391304347826,17,6,11,340.23497137865166,0.4297002032520325,0.13950995368509256,0.18954325534066138,129382.26176754921,604.0740258774704,129986.33579342668,1701,3,279.0,40,1,17,37.001798022175635,0.60703125,45.65548780487806,1017.3780487804888,25.43445121951222,0
2693,4,0,1,40,0.0,0.024390243902439025,0.975609756097561,41,1200,900,300,0.75,15,9,6,335.0344428439715,0.4290904471544716,0.13058948163121142,0.18713719716019955,129485.6745013717,476.4321625685936,129962.1066639403,1702,4,280.0,40,1,14,37.02903977367283,0.6080729166666667,45.553861788617894,1017.7845528455298,25.444613821138244,0
2694,4,1,0,41,0.024390243902439025,0.0,1.0,41,1150,700,450,0.6086956521739131,16,7,9,330.8946003571919,0.4302083333333333,0.12726335811698086,0.1862256679599297,129781.9834675768,388.83151061349884,130170.8149781903,1703,0,275.0,41,0,15,36.833783630285915,0.6095020325203252,45.26289682539682,1018.9484126984123,24.852400309717375,0
2695,4,0,0,41,0.0,0.0,1.0,41,1150,700,450,0.6086956521739131,16,7,9,328.349011426323,0.4301067073170732,0.12620455904831518,0.1853909033745546,129908.37191358018,331.05709876542517,130239.4290123456,1704,1,276.0,41,0,15,36.77054950045412,0.6107723577235773,45.138888888888886,1019.4444444444439,24.864498644986437,0
2696,4,0,0,41,0.0,0.0,1.0,41,1100,800,300,0.7272727272727273,14,8,6,327.79479186972986,0.4298780487804878,0.12178274910485265,0.1854376811023088,129984.23450688145,321.6310193058699,130305.86552618732,1705,2,277.0,41,0,15,36.707830690404386,0.6115345528455285,45.06448412698413,1019.7420634920634,24.871757646147888,0
2697,4,0,1,40,0.0,0.024390243902439025,0.975609756097561,41,1150,800,350,0.6956521739130435,15,8,7,326.05315851398603,0.4297256097560975,0.1253216888874129,0.18493130882511408,130085.41907793212,282.95235339506337,130368.37143132719,1706,3,278.0,41,0,15,36.649790106648524,0.6125508130081301,44.96527777777778,1020.138888888889,24.881436314363146,0
2698,4,0,0,40,0.0,0.0,1.0,40,1250,900,350,0.72,16,9,7,328.71224266281456,0.42761752136752135,0.12230577689243005,0.18666690703250366,130132.94004891302,555.2581135567797,130688.1981624698,1707,4,285.725,40,0,17,36.53386454183268,0.6145833333333333,44.91869918699189,1020.3252032520352,25.50813008130088,0
2699,4,0,1,39,0.0,0.025,0.975,40,1550,1200,350,0.7741935483870968,19,12,7,329.184781242115,0.4277911324786325,-0.018147944383314574,0.18171508879499862,129020.64252635674,494.32639715117557,129514.96892350791,1708,5,286.725,40,0,14,37.65025340935615,0.6033854166666667,46.01117886178862,1015.955284552846,25.398882113821152,8
2700,4,0,0,39,0.0,0.0,1.0,39,1000,800,200,0.8,12,8,4,334.8228418393118,0.42583220872694555,0.0006308402002921376,0.18505364431402235,129069.04432508718,843.0528428819832,129912.09716796916,1709,11,294.94871794871796,39,0,15,37.457820775670605,0.6055021367521367,45.963541666666686,1016.1458333333363,26.055021367521444,0
2701,4,0,2,37,0.0,0.05128205128205128,0.9487179487179487,39,1050,700,350,0.6666666666666666,14,7,7,339.5573457638228,0.4265069725596042,0.00021019387757803543,0.18817377270352945,129174.91455078153,972.4582248264179,130147.37277560795,1710,12,295.94871794871796,39,0,15,37.229843392424094,0.6065705128205128,45.859375000000014,1016.5625000000022,26.065705128205185,0
2702,4,0,0,37,0.0,0.0,1.0,37,800,600,200,0.75,10,6,4,349.4880168359295,0.4231106106106106,0.023943641428800566,0.19285327432905852,129006.37846500863,1617.2366737842608,130623.6151387929,1711,13,311.6756756756757,37,0,15,37.149105054865984,0.6083896396396397,46.025219298245624,1015.8991228070189,27.45673304883835,0
2703,4,0,1,36,0.0,0.02702702702702703,0.972972972972973,37,700,400,300,0.5714285714285714,10,4,6,352.5259163688783,0.4229542042042042,0.026819956894414743,0.19480367722065586,129062.08070031182,1699.545653470323,130761.62635378215,1712,14,312.6756756756757,37,0,16,37.015192798820195,0.6089527027027026,45.97039473684212,1016.118421052633,27.46266002844954,0
2704,4,0,0,36,0.0,0.0,1.0,36,1300,1000,300,0.7692307692307693,16,10,6,356.79625063463027,0.42043650793650794,-0.046538753898980434,0.18882138657181005,127332.2066326531,1886.4810689395845,129218.68770159269,1713,20,321.97222222222223,34,2,16,38.67583746166548,0.5974264705882353,47.67857142857143,1009.2857142857147,29.684873949579842,8
2705,4,1,0,37,0.02702702702702703,0.0,1.0,37,850,600,250,0.7058823529411765,11,6,5,349.5188383160166,0.4235172672672673,-0.03465312254440045,0.18687496197515668,127745.77100326667,1529.9106961691236,129275.6816994358,1714,0,314.2432432432432,36,1,17,38.435724629608984,0.5975115740740741,47.269144144144136,1010.9234234234225,28.08120620620618,0
2706,4,1,0,38,0.02631578947368421,0.0,1.0,38,1250,900,350,0.72,16,9,7,344.9599999999999,0.42514224751066854,-0.01475488721804541,0.18655129789864022,128203.13169795948,1246.2332589565212,129449.364956916,1715,0,306.94736842105266,35,3,19,38.083333333333336,0.6041666666666667,46.817129629629626,1012.7314814814811,28.935185185185173,0
2707,4,0,0,38,0.0,0.0,1.0,38,1000,500,500,0.5,15,5,10,345.4493295188131,0.42533487434803224,-0.01438933294841438,0.18695281896222196,128232.43694540874,1259.561873070969,129491.99881847971,1716,1,307.94736842105266,35,3,19,38.041009598903,0.6044642857142857,46.788194444444436,1012.8472222222205,28.938492063492014,0
2708,4,0,2,36,0.0,0.05263157894736842,0.9473684210526316,38,1000,600,400,0.6,14,6,8,342.5104009760381,0.42555713608345186,-0.015037176134735208,0.18574840732859643,128315.61872260776,1189.886804033762,129505.50552664153,1717,2,308.94736842105266,36,2,19,38.03050090770997,0.6032986111111112,46.70608108108108,1013.1756756756758,28.143768768768773,0
2709,4,0,0,36,0.0,0.0,1.0,36,1300,900,400,0.6923076923076923,17,9,8,347.0749445451348,0.42154431216931215,0.013846046434873083,0.18810817273087077,128291.057487247,1705.3223326045845,129996.37981985159,1718,3,324.5,35,1,19,37.93996820137858,0.6050595238095238,46.73032407407407,1013.078703703703,28.945105820105802,0
2710,4,1,0,37,0.02702702702702703,0.0,1.0,37,800,500,300,0.625,11,5,6,340.6513196722984,0.4219844844844845,0.030714030714030116,0.18633441037812623,128658.13607103738,1365.5127678354147,130023.6488388728,1719,0,316.7027027027027,36,1,17,37.728243978243974,0.6067708333333333,46.36824324324325,1014.5270270270281,28.181306306306336,0
2711,4,0,0,37,0.0,0.0,1.0,37,1250,1000,250,0.8,15,10,5,337.8242227110121,0.4214214214214214,0.033849004890833756,0.1853201289893094,128772.40997331796,1300.4878611719892,130072.89783448995,1720,1,317.7027027027027,36,1,17,37.6835311956803,0.6079282407407407,46.255630630630634,1014.9774774774779,28.19381881881883,0
2712,4,2,0,39,0.05128205128205128,0.0,1.0,39,1300,900,400,0.6923076923076923,17,9,8,325.4996100305888,0.4250730994152047,0.03722789593678755,0.18089766019607675,129287.27027280664,618.0178912020168,129905.28816400866,1721,0,302.35897435897436,36,3,19,37.473009633484665,0.6131365740740741,45.748873873873876,1017.0045045045049,28.250125125125138,0
2713,4,0,1,38,0.0,0.02564102564102564,0.9743589743589743,39,1400,1200,200,0.8571428571428571,16,12,4,324.72705748568274,0.4242858749437697,0.0307442539012166,0.18086216013105175,129373.18019032553,602.194424153887,129975.37461447941,1722,1,303.35897435897436,36,3,19,37.405449782303876,0.6140046296296297,45.664414414414416,1017.3423423423428,28.259509509509524,0
2714,4,1,1,38,0.02564102564102564,0.02564102564102564,0.9743589743589743,39,1200,900,300,0.75,15,9,6,335.11588018238024,0.4270973909131804,0.054585426420166394,0.18265032597833822,128515.36502718917,848.4615950409648,129363.82662223013,1723,0,295.94871794871796,36,3,17,38.01412335258403,0.6053240740740741,46.509009009009,1013.9639639639624,28.165665665665625,8
2715,4,0,0,38,0.0,0.0,1.0,38,950,700,250,0.7368421052631579,12,7,5,339.72175268961706,0.424890350877193,0.06724951332012097,0.18502812700935387,128486.82032961994,1129.9535599788665,129616.7738895988,1724,1,304.6842105263158,36,2,17,37.92647821096671,0.6050347222222222,46.53716216216215,1013.8513513513494,28.162537537537485,0
2716,4,0,0,38,0.0,0.0,1.0,38,750,400,350,0.5333333333333333,11,4,7,342.4232834339628,0.42407539118065435,0.07195203197868127,0.18690085397613695,128572.46393352779,1205.2410518626416,129777.70498539043,1725,2,305.6842105263158,36,2,17,37.77065289806797,0.6059027777777778,46.45270270270269,1014.1891891891864,28.171921921921847,0
2717,4,0,0,38,0.0,0.0,1.0,38,1100,800,300,0.7272727272727273,14,8,6,344.72724228995986,0.4234975106685633,0.06256753836178941,0.1887636627308451,128700.23108071685,1273.2951485072008,129973.52622922405,1726,3,306.6842105263158,37,1,17,37.58194654563791,0.6052927927927928,46.3267543859649,1014.692982456138,27.4241346609767,0
2718,4,1,0,39,0.02564102564102564,0.0,1.0,39,1200,700,500,0.5833333333333334,17,7,10,337.44579499064577,0.4247638326585695,0.0775620132154673,0.18648733039837453,129065.6517664728,910.532293264633,129976.18405973744,1727,0,299.79487179487177,38,1,18,37.394639540181544,0.6071820175438596,45.96688034188033,1016.1324786324764,26.74032838506517,0
2719,4,2,3,38,0.04878048780487805,0.07317073170731707,0.926829268292683,41,1550,1100,450,0.7096774193548387,20,11,9,323.8885145963197,0.4316819105691057,0.07502963009169705,0.1814332510131247,129598.8294813369,195.18581404036138,129794.01529537726,1728,0,286.1219512195122,39,2,16,37.19789002557542,0.610844017094017,45.442708333333336,1018.2291666666674,26.10844017094019,0
2720,4,2,1,39,0.05,0.025,0.975,40,1350,1000,350,0.7407407407407407,17,10,7,334.1822759188862,0.42880608974358975,0.07612474437627825,0.1878334861199258,129731.44531250013,670.7899305555712,130402.23524305571,1729,0,294.0,39,1,17,36.801295160190875,0.6121794871794872,45.31250000000001,1018.750000000001,26.121794871794897,0
2721,4,0,0,39,0.0,0.0,1.0,39,950,600,350,0.631578947368421,13,6,7,341.0087257816019,0.42633828160143955,0.07127408889893161,0.1912055984794255,129636.22708013754,1041.4169223464335,130677.64400248397,1730,1,302.53846153846155,38,1,17,36.7241047698979,0.6129385964912281,45.40598290598292,1018.37606837607,26.799370220422894,0
2722,4,0,1,38,0.0,0.02564102564102564,0.9743589743589743,39,950,600,350,0.631578947368421,13,6,7,340.57946133406733,0.42560728744939275,0.06728450327066282,0.19162869160725682,129772.26382725194,1039.5535420775966,130811.81736932954,1731,2,303.53846153846155,38,1,17,36.596938240536865,0.6143092105263157,45.272435897435905,1018.9102564102575,26.813427800269935,0
2723,4,0,0,38,0.0,0.0,1.0,38,1300,800,500,0.6153846153846154,18,8,10,345.930716093473,0.4259275723091513,0.06187811460075188,0.1946396011435667,129772.26382725197,1378.4424309664857,131150.70625821844,1732,3,309.10526315789474,38,0,18,36.460627031561295,0.6143092105263157,45.272435897435905,1018.9102564102577,26.813427800269938,0
2724,4,0,0,38,0.0,0.0,1.0,38,950,700,250,0.7368421052631579,12,7,5,361.10315029151934,0.4262091038406828,0.06498041219553752,0.19090532918951655,127290.80590303142,1603.2180034064172,128894.02390643784,1733,4,310.10526315789474,36,2,18,38.609669679723254,0.5928819444444444,47.7195945945946,1009.1216216216217,28.031156156156158,8
2725,4,1,1,38,0.02564102564102564,0.02564102564102564,0.9743589743589743,39,1050,600,450,0.5714285714285714,15,6,9,353.7257909341673,0.4287843004948268,0.08200458113727849,0.1896957381149276,127867.1321945212,1245.980493998133,129113.11268851932,1734,0,303.12820512820514,37,2,15,38.205135154668994,0.5968468468468469,47.149122807017534,1011.4035087719283,27.33522996680887,0
2726,4,0,0,38,0.0,0.0,1.0,38,1350,700,650,0.5185185185185185,20,7,13,355.1934188740668,0.42677216690374586,0.0825580533103647,0.1908776747787425,127950.32035097315,1489.4223462988318,129439.74269727198,1735,1,309.86842105263156,37,1,15,38.08286821285356,0.5976914414414414,47.06688596491227,1011.7324561403491,27.34412043622565,0
2727,4,0,0,38,0.0,0.0,1.0,38,1050,800,250,0.7619047619047619,13,8,5,357.59364923602806,0.42690552394499764,0.0837030278839026,0.19256647505534055,128033.53555901808,1556.7958410279998,129590.33140004608,1736,2,310.86842105263156,37,1,17,37.936980859516076,0.5985360360360361,46.984649122807014,1012.0614035087713,27.353010905642467,0
2728,4,3,2,39,0.07317073170731707,0.04878048780487805,0.9512195121951219,41,1050,900,150,0.8571428571428571,12,9,3,341.0196121883656,0.43467987804878044,0.09985622593067989,0.18704886349823754,128767.28121119148,582.5298436792076,129349.81105487069,1737,0,289.0487804878049,38,3,15,37.607675438596495,0.6041666666666667,46.26068376068376,1014.9572649572651,26.709401709401714,0
2729,4,0,0,39,0.0,0.0,1.0,39,1100,900,200,0.8181818181818182,13,9,4,356.9600122916601,0.4283906882591093,0.09686609686609704,0.19518877267863102,128644.60699445977,1384.196098799624,130028.8030932594,1738,1,304.87179487179486,37,2,15,37.32841547773453,0.6047297297297297,46.38157894736842,1014.4736842105258,27.418207681365562,0
2730,4,0,1,38,0.0,0.02564102564102564,0.9743589743589743,39,1350,1100,250,0.8148148148148148,16,11,5,354.13378900532535,0.42743477282950965,0.09587200815460517,0.19432225754726107,128783.68975309703,1321.3312028701034,130105.02095596713,1739,2,305.87179487179486,37,2,16,37.25817849555291,0.6061373873873874,46.244517543859644,1015.0219298245607,27.433025130393535,0
2731,4,0,1,37,0.0,0.02631578947368421,0.9736842105263158,38,1300,1000,300,0.7692307692307693,16,10,6,362.12930588924075,0.42752785680417255,0.09250071502366897,0.19922635455785748,128886.73460200062,1734.7327479506544,130621.46734995127,1740,3,308.86842105263156,36,2,16,36.950112749990765,0.6090856481481481,46.14301801801802,1015.4279279279277,28.206331331331327,0
2732,4,0,0,37,0.0,0.0,1.0,37,800,500,300,0.625,11,5,6,359.6111104749931,0.4247372372372373,0.10351872599711243,0.19855639159763688,129029.7117218569,1880.1035833130336,130909.81530516993,1741,4,316.9189189189189,36,1,17,36.86821103968079,0.6105324074074074,46.00225225225225,1015.9909909909903,28.221971971971954,0
2733,4,1,0,38,0.02631578947368421,0.0,1.0,38,1450,1000,450,0.6896551724137931,19,10,9,366.1252879650353,0.42840208629682314,0.07010961334821575,0.1924826771205547,127064.37467538092,1710.158223464311,128774.53289884524,1742,0,309.55263157894734,37,1,16,38.715674279499744,0.5886824324324325,47.944078947368425,1008.2236842105267,27.249288762446668,8
2734,4,3,1,40,0.07317073170731707,0.024390243902439025,0.975609756097561,41,1250,900,350,0.72,16,9,7,347.94702665309023,0.43633130081300814,0.08874215362593763,0.18645238891894997,127836.02812685903,696.0331771762832,128532.06130403532,1743,0,287.8292682926829,40,1,14,38.38307707768064,0.59140625,47.17987804878049,1011.2804878048782,25.282012195121958,0
2735,4,0,0,40,0.0,0.0,1.0,40,1050,800,250,0.7619047619047619,13,8,5,356.1858062961044,0.4345352564102564,0.08163438755537245,0.1907057706407219,127801.98703342023,1104.2507595486209,128906.23779296885,1744,1,296.025,39,1,15,38.209646818447176,0.5926816239316239,47.21354166666667,1011.1458333333342,25.92681623931626,0
2736,4,2,2,40,0.047619047619047616,0.047619047619047616,0.9523809523809523,42,1300,900,400,0.6923076923076923,17,9,8,340.2009442002217,0.4392663569492838,0.08316080055210495,0.1848026234575076,128381.9458007814,336.04871961806936,128717.99452039947,1745,0,282.8809523809524,39,3,13,38.021315140302185,0.5985576923076923,46.64062500000001,1013.4375000000011,25.98557692307695,0
2737,4,2,1,41,0.047619047619047616,0.023809523809523808,0.9761904761904762,42,800,700,100,0.875,9,7,2,333.89692582082796,0.44094802555168405,0.08325999804439221,0.1827053964884757,128672.41753472232,192.66493055556475,128865.08246527788,1746,0,281.54761904761904,39,3,14,37.88501026694045,0.6014957264957265,46.35416666666667,1014.5833333333342,26.014957264957285,0
2738,4,0,0,41,0.0,0.0,1.0,41,950,700,250,0.7368421052631579,12,7,5,340.2832136971281,0.4396595528455285,0.0792027827588162,0.18588313180900634,128604.67916757966,552.4027047264076,129157.08187230607,1747,1,289.4146341463415,38,3,16,37.792070430447296,0.6025219298245614,46.42094017094016,1014.316239316238,26.69253261358521,0
2739,4,2,2,41,0.046511627906976744,0.046511627906976744,0.9534883720930233,43,1500,1200,300,0.8,18,12,6,351.8056509695289,0.4416528239202658,0.03480048959608273,0.19296499331469552,128767.28121119151,499.3652522098044,129266.64646340131,1748,0,276.90697674418607,38,5,15,37.33399122807016,0.6041666666666667,46.26068376068376,1014.9572649572654,26.70940170940172,8
2740,4,0,0,41,0.0,0.0,1.0,41,1300,1000,300,0.7692307692307693,16,10,6,359.3192753807688,0.4381859756097561,0.06253061975742358,0.19682832768730146,128715.26668137734,1049.9752708789886,129765.24195225633,1749,1,291.2439024390244,36,5,15,37.196435837679864,0.607349537037037,46.31193693693694,1014.7522522522524,28.18756256256257,0
2741,4,1,1,41,0.023809523809523808,0.023809523809523808,0.9761904761904762,42,1300,1000,300,0.7692307692307693,16,10,6,354.4891421097158,0.4404277971351142,0.05859659937329842,0.196303127082262,129145.6565962604,756.146602800863,129901.80319906127,1750,0,285.2857142857143,37,5,18,36.880169003955416,0.6097972972972974,45.88815789473684,1016.4473684210528,27.471550497866293,0
2742,4,0,0,41,0.0,0.0,1.0,41,1000,600,400,0.6,14,6,8,360.9566231386606,0.4394563008130081,0.060664716600613344,0.19929930562772316,129029.711721857,1114.825805535271,130144.53752739228,1751,1,292.5365853658537,36,5,18,36.834035321067034,0.6105324074074074,46.002252252252255,1015.9909909909911,28.221971971971975,0
2743,4,0,0,41,0.0,0.0,1.0,41,1200,900,300,0.75,15,9,6,361.5691826334078,0.43922764227642275,0.059890788339588275,0.20036126529354026,129172.76810171655,1140.9784362064722,130313.74653792301,1752,2,293.5365853658537,36,5,18,36.67262102581145,0.6119791666666667,45.861486486486484,1016.5540540540537,28.237612612612605,0
2744,4,0,0,41,0.0,0.0,1.0,41,800,500,300,0.625,11,5,6,358.25890680711564,0.43940548780487804,0.05725946388661374,0.19881898271007656,129230.80800165045,1059.620770494446,130290.42877214489,1753,3,294.5365853658537,35,6,18,36.69761430468602,0.6145833333333333,45.80439814814815,1016.7824074074081,29.050925925925945,0
2745,4,0,0,41,0.0,0.0,1.0,41,1150,900,250,0.782608695652174,14,9,5,355.57587661257963,0.43897357723577235,0.04947149073084356,0.19833232228835015,129430.46932067208,1004.4705178151215,130434.9398384872,1754,4,295.5365853658537,36,5,15,36.562546111848896,0.6145833333333333,45.60810810810811,1017.5675675675681,28.265765765765778,0
2746,4,0,0,41,0.0,0.0,1.0,41,1200,800,400,0.6666666666666666,16,8,8,356.99036764890445,0.43892276422764226,0.05252577583857465,0.19955695319594627,129516.42679419304,1047.2233635662924,130563.65015775934,1755,5,296.5365853658537,36,5,15,36.439088025961574,0.6154513888888888,45.52364864864866,1017.905405405407,28.275150150150196,0
2747,4,0,0,41,0.0,0.0,1.0,41,1600,1500,100,0.9375,17,15,2,355.88130229021937,0.4385670731707317,0.05164421793471674,0.1998104518445089,129688.42734203818,1030.7372828910204,130719.1646249292,1756,6,297.5365853658537,36,5,16,36.29238068914686,0.6171875,45.35472972972974,1018.5810810810826,28.293918918918962,0
2748,4,0,2,39,0.0,0.04878048780487805,0.9512195121951219,41,1100,800,300,0.7272727272727273,14,8,6,359.4398217392627,0.4378048780487805,0.05765799757445067,0.2025485919514529,129831.84831791275,1133.347283093932,130965.19560100668,1757,7,298.5365853658537,36,5,16,36.05593922651934,0.6186342592592593,45.21396396396398,1019.1441441441461,28.309559559559617,0
2749,4,0,0,39,0.0,0.0,1.0,39,1050,500,550,0.47619047619047616,16,5,11,387.52076073973905,0.43384502923976603,0.11890680252467334,0.20877586190146846,128051.48748378057,2125.235308743207,130176.72279252378,1758,8,313.71794871794873,33,6,18,37.1613542801792,0.6070075757575757,46.9669117647059,1012.1323529411789,30.670677361853905,8
2750,4,0,0,39,0.0,0.0,1.0,39,1250,900,350,0.72,16,9,7,391.031177496655,0.4343229869545659,0.12029123140234232,0.211156835848194,128144.53125000023,2221.701388888918,130366.23263888915,1759,9,314.71794871794873,33,6,18,36.97702331961592,0.6079545454545454,46.875000000000014,1012.5000000000018,30.681818181818237,0
2751,4,1,1,39,0.025,0.025,0.975,40,950,700,250,0.7368421052631579,12,7,5,378.26566001593727,0.43754006410256413,0.11463974854932246,0.20585615392446316,128454.92118416024,1718.0171088043376,130172.93829296458,1760,0,307.825,33,7,13,36.982188910380394,0.6111111111111112,46.56862745098041,1013.7254901960808,30.718954248366085,0
2752,4,0,1,38,0.0,0.02564102564102564,0.9743589743589743,39,1400,800,600,0.5714285714285714,20,8,12,389.85693073630864,0.43451979307242466,0.11709561466570806,0.21153494720479246,128336.36435376506,2206.564221763102,130542.92857552816,1761,11,316.71794871794873,32,7,18,36.809968847352025,0.6123046875,46.68560606060607,1013.2575757575769,31.664299242424278,0
2753,4,1,0,39,0.02564102564102564,0.0,1.0,39,1100,800,300,0.7272727272727273,14,8,6,379.79058113893757,0.4350539811066127,0.1080349315217024,0.20749350759650115,128610.25694744827,1968.9928452999106,130579.24979274819,1762,0,305.61538461538464,33,6,14,36.78453848012567,0.6126893939393939,46.4154411764706,1014.3382352941192,30.737522281639976,0
2754,4,0,0,39,0.0,0.0,1.0,39,850,600,250,0.7058823529411765,11,6,5,379.1810902773969,0.4344354475933423,0.10751329437161039,0.20748448423044097,128672.41753472232,1958.029513888898,130630.44704861123,1763,1,306.61538461538464,33,6,14,36.73639630390143,0.6133207070707071,46.35416666666667,1014.5833333333342,30.74494949494952,0
2755,4,0,0,39,0.0,0.0,1.0,39,1000,700,300,0.7,13,7,6,378.01815678312215,0.4342386414754836,0.1044097609315,0.20700994300028122,128703.50346020768,1930.4522299115797,130633.95569011926,1764,2,307.61538461538464,33,6,14,36.73409822866344,0.6136363636363636,46.32352941176471,1014.7058823529417,30.748663101604294,0
2756,4,0,1,38,0.0,0.02564102564102564,0.9743589743589743,39,850,600,250,0.7058823529411765,11,6,5,377.68573271531335,0.43426675663517766,0.10978396151059777,0.20715187008928646,128765.68657487509,1926.5925365244204,130692.2791113995,1765,3,308.61538461538464,33,6,16,36.67894228447236,0.6142676767676767,46.26225490196079,1014.9509803921571,30.756090314913852,0
2757,4,1,1,38,0.02564102564102564,0.02564102564102564,0.9743589743589743,39,1250,1000,250,0.8,15,10,5,366.6742760444921,0.43592555105713,0.10433287567875182,0.2026975397973951,129076.82742214526,1665.8304498269854,130742.65787197225,1766,0,301.61538461538464,33,6,18,36.640738060781494,0.6174242424242424,45.955882352941174,1016.1764705882347,30.793226381461658,0
2758,4,0,0,38,0.0,0.0,1.0,38,800,500,300,0.625,11,5,6,376.3383340097146,0.4346995021337126,0.10560670606018974,0.2071792758685923,128912.72454660237,2102.9599977043154,131015.68454430668,1767,1,309.92105263157896,32,6,18,36.56284968295412,0.6181640625,46.11742424242424,1015.530303030303,31.73532196969697,0
2759,4,1,1,38,0.02564102564102564,0.02564102564102564,0.9743589743589743,39,1100,700,400,0.6363636363636364,15,7,8,369.2016022266709,0.43671277552856497,0.1001356357423353,0.2052246548478996,129294.84941188476,1747.1731125047936,131042.02252438955,1768,0,302.94871794871796,33,6,19,36.354154114953616,0.6196338383838385,45.741421568627445,1017.0343137254895,30.819221628045135,0
2760,4,0,0,38,0.0,0.0,1.0,38,1000,500,500,0.5,15,5,10,377.18743030638217,0.43781116642958745,0.09808374780238815,0.20933772407010984,129233.48263251185,2149.049044740314,131382.53167725218,1769,1,309.7894736842105,32,6,19,36.2137298729252,0.6214192708333333,45.80176767676767,1016.7929292929282,31.774779040404006,0
2761,4,1,0,39,0.02564102564102564,0.0,1.0,39,900,300,600,0.3333333333333333,15,3,12,366.91105576465054,0.4378936122357175,0.1023961809834808,0.20519662772030897,129534.44054705204,1705.5236678004358,131239.9642148525,1770,0,302.8205128205128,34,5,15,36.16828441117997,0.6197916666666667,45.50595238095237,1017.9761904761896,29.940476190476165,0
2762,4,0,1,38,0.0,0.02564102564102564,0.9743589743589743,39,1250,900,350,0.72,16,9,7,367.03763517357606,0.43803418803418803,0.09966914805624527,0.20606128651870814,129685.96938775483,1719.9263038548406,131405.89569160968,1771,1,303.8205128205128,34,5,15,36.01079164718716,0.6213235294117647,45.35714285714284,1018.5714285714263,29.957983193277244,0
2763,4,0,0,38,0.0,0.0,1.0,38,1150,800,350,0.6956521739130435,15,8,7,382.19534552342225,0.43529220009483166,0.10278675026917461,0.2143079164169796,129637.82709775082,2309.394824106104,131947.22192185692,1772,2,312.7368421052632,33,5,15,35.67388688327316,0.6231060606060606,45.40441176470588,1018.3823529411761,30.86007130124776,0
2764,4,1,0,39,0.02564102564102564,0.0,1.0,39,800,400,400,0.5,12,4,8,372.7240848032406,0.4364035087719298,0.1017258670498602,0.21071826972539626,129958.94451530604,1887.765731292506,131846.71024659855,1773,0,305.6923076923077,34,5,16,35.58814944541741,0.6240808823529411,45.08928571428571,1019.6428571428565,29.98949579831931,0
2765,4,0,3,36,0.0,0.07692307692307693,0.9230769230769231,39,950,600,350,0.631578947368421,13,6,7,375.3971963371302,0.43612235717498876,0.09929574724718893,0.21255966827628506,130019.6446286847,1961.8020124716425,131981.44664115636,1774,1,306.6923076923077,34,5,16,35.45825065172562,0.6246936274509804,45.0297619047619,1019.8809523809516,29.996498599439754,0
2766,4,1,1,36,0.02702702702702703,0.02702702702702703,0.972972972972973,37,1000,800,200,0.8,12,8,4,390.81361108991143,0.4343718718718719,0.10703627161676477,0.2197543573438674,129747.52456700856,2741.4197212019294,132488.94428821048,1775,0,323.0,32,5,17,35.34256619985955,0.6266276041666667,45.29671717171718,1018.813131313132,31.837910353535374,0
2767,4,0,0,36,0.0,0.0,1.0,36,1050,600,450,0.5714285714285714,15,6,9,398.09605079157694,0.43432539682539684,0.1026162584309549,0.22394691570410422,129764.60986667218,3131.7557440863825,132896.36561075857,1776,1,331.52777777777777,31,5,17,35.13964323748669,0.6293682795698925,45.27994791666667,1018.880208333334,32.86710349462368,0
2768,4,0,1,35,0.0,0.027777777777777776,0.9722222222222222,36,1050,800,250,0.7619047619047619,13,8,5,399.1014898603793,0.4339451058201058,0.10349405116846988,0.22470275249261376,129797.77865939685,3160.497368706617,132958.27602810346,1777,2,332.52777777777777,31,5,17,35.08018144646052,0.6297043010752688,45.24739583333334,1019.0104166666679,32.8713037634409,0
2769,4,1,0,36,0.027777777777777776,0.0,1.0,36,850,700,150,0.8235294117647058,10,7,3,399.56283755105943,0.43391203703703707,0.1431660899653977,0.22898459500447405,130488.24737271713,3227.650877461489,133715.8982501786,1778,0,329.5,32,4,16,34.36470176305816,0.6341145833333333,44.57070707070707,1021.7171717171722,31.92866161616163,0
2770,4,0,0,36,0.0,0.0,1.0,36,950,800,150,0.8421052631578947,11,8,3,406.28282677403837,0.43391203703703707,0.12414849894051194,0.22625001607879985,129366.91496107321,3388.0593411862455,132754.97430225945,1779,1,330.5,31,5,20,35.33760505994283,0.6253360215053764,45.67057291666667,1017.317708333334,32.81670026881723,8
2771,4,0,0,36,0.0,0.0,1.0,36,1450,1300,150,0.896551724137931,16,13,3,407.6346962670311,0.43293650793650795,0.12664109121909628,0.22834551037307924,129598.82948133694,3365.7958984375173,132964.62537977446,1780,2,331.5,31,5,19,35.06606990622336,0.6276881720430108,45.44270833333334,1018.2291666666678,32.84610215053767,0
2772,4,0,3,33,0.0,0.08333333333333333,0.9166666666666666,36,750,400,350,0.5333333333333333,11,4,7,406.4580187699902,0.43270502645502645,0.13438822159752406,0.2288446370427298,129797.77865939672,3351.4695909288243,133149.24825032553,1781,3,332.5,31,5,19,34.89277195672544,0.6297043010752688,45.247395833333336,1019.0104166666669,32.871303763440864,0
2773,4,0,0,33,0.0,0.0,1.0,33,1050,900,150,0.8571428571428571,12,9,3,423.8711457432076,0.4253866792929293,0.1613351187819272,0.2376011651826602,129625.34722222212,4388.88888888887,134014.23611111098,1782,4,360.5151515151515,29,4,19,34.625613747954176,0.6336206896551724,45.41666666666666,1018.3333333333325,35.114942528735604,0
2774,4,0,0,33,0.0,0.0,1.0,33,1000,700,300,0.7,13,7,6,424.250997499875,0.42530776515151514,0.1657833944829461,0.23898001954264855,129817.03990345694,4415.001734304526,134232.04163776146,1783,5,361.5151515151515,30,3,19,34.419788094610034,0.6326388888888889,45.228494623655905,1019.0860215053755,33.969534050179185,0
2775,4,0,0,33,0.0,0.0,1.0,33,950,700,250,0.7368421052631579,12,7,5,425.6059176233085,0.4248342803030303,0.1711380311617563,0.2407958312459388,129988.31376821011,4464.759112325114,134453.0728805352,1784,6,362.5151515151515,30,3,19,34.21010720091385,0.634375,45.06048387096774,1019.7580645161283,33.99193548387095,0
2776,4,0,0,33,0.0,0.0,1.0,33,1050,700,350,0.6666666666666666,14,7,7,425.85105400396054,0.424636994949495,0.1704753393761438,0.24119242993586554,130030.07888793934,4474.689229329412,134504.76811726874,1785,7,363.5151515151515,31,2,19,34.16116111323887,0.6320564516129032,45.01953124999999,1019.9218749999991,32.90070564516126,0
2777,4,1,0,34,0.029411764705882353,0.0,1.0,34,1050,700,350,0.6666666666666666,14,7,7,418.02535439475054,0.4264334521687463,0.17482749522263696,0.23970479596899288,130510.82417052465,4111.989772466957,134622.8139429916,1786,0,353.79411764705884,29,5,20,33.870095374020195,0.6426005747126438,44.54861111111111,1021.8055555555552,35.23467432950191,0
2778,4,0,0,34,0.0,0.0,1.0,34,1100,900,200,0.8181818181818182,13,9,4,396.70651479366165,0.42637774806892453,0.163417813284906,0.21663789485638915,128592.36501696256,3402.6857909907203,131995.0508079533,1787,1,354.79411764705884,32,2,17,36.373915930121576,0.6149088541666667,46.43308080808081,1014.2676767676768,31.6958648989899,8
2779,4,0,1,33,0.0,0.029411764705882353,0.9705882352941176,34,750,400,350,0.5333333333333333,11,4,7,398.75686340289025,0.4266191325014854,0.16978010716481728,0.21828407045678638,128688.43102744612,3463.0790225487112,132151.51004999483,1788,2,355.79411764705884,32,2,17,36.22345279575245,0.6158854166666667,46.338383838383834,1014.6464646464641,31.707702020202003,0
2780,4,0,0,33,0.0,0.0,1.0,33,750,600,150,0.8,9,6,3,406.1153327263205,0.4273595328282828,0.16148657842051062,0.2227775523294629,128771.51701185433,3859.2174953884505,132630.73450724277,1789,3,351.6969696969697,31,2,17,35.95159824673935,0.6192876344086021,46.256510416666664,1014.9739583333329,32.741095430107514,0
2781,4,0,0,33,0.0,0.0,1.0,33,600,300,300,0.5,9,3,6,407.76774919053867,0.42747790404040403,0.1620359034749188,0.2240567399886278,128837.60452270498,3907.164001464829,132744.7685241698,1790,4,352.6969696969697,31,2,18,35.84191035013466,0.6199596774193548,46.19140624999999,1015.2343749999992,32.74949596774191,0
2782,4,0,0,33,0.0,0.0,1.0,33,1400,900,500,0.6428571428571429,19,9,10,402.86037106099747,0.42720170454545453,0.15443241542459574,0.22209991198917586,128969.83040703654,3791.3667466905185,132761.19715372706,1791,5,353.6969696969697,31,2,19,35.83100991325897,0.6213037634408602,46.06119791666666,1015.7552083333322,32.76629704301072,0
2783,4,0,0,33,0.0,0.0,1.0,33,1100,800,300,0.7272727272727273,14,8,6,398.7980568969533,0.426925505050505,0.15006697338535968,0.22059665727007213,129102.12410820845,3697.1352471245555,132799.259355333,1792,6,354.6969696969697,31,2,19,35.79876681614351,0.6226478494623655,45.93098958333333,1016.2760416666657,32.78309811827954,0
2784,4,0,0,33,0.0,0.0,1.0,33,600,300,300,0.5,9,3,6,397.88103049473193,0.42657039141414144,0.1528542760770253,0.2204582828298346,129168.29639010945,3678.7229749891294,132847.0193650986,1793,7,355.6969696969697,31,2,19,35.754371077238375,0.6233198924731183,45.86588541666666,1016.5364583333321,32.79149865591394,0
2785,4,1,1,33,0.029411764705882353,0.029411764705882353,0.9705882352941176,34,600,600,0,1.0,6,6,0,387.18020553048177,0.42946004159239454,0.14554809516858858,0.2161130510093962,129458.25043362915,3224.7344021018157,132682.98483573095,1794,0,346.20588235294116,32,2,17,35.7302005789909,0.6236979166666667,45.580808080808076,1017.6767676767671,31.802398989898972,0
2786,4,1,0,34,0.029411764705882353,0.0,1.0,34,1150,1000,150,0.8695652173913043,13,10,3,386.9986920437596,0.42626633986928103,0.15504540315816384,0.21689676520729126,129618.9184298796,3232.4703792980326,132851.38880917765,1795,0,347.1764705882353,32,2,19,35.57088241372185,0.6253255208333333,45.4229797979798,1018.3080808080807,31.822127525252522,0
2787,4,0,0,34,0.0,0.0,1.0,34,900,500,400,0.5555555555555556,13,5,8,387.46843915521606,0.4258949792038027,0.161864944267458,0.2178733683305532,129747.52456700854,3254.614165646372,133002.13873265492,1796,1,348.1764705882353,32,2,19,35.427768827198754,0.6266276041666667,45.29671717171718,1018.8131313131319,31.83791035353537,0
2788,4,0,0,34,0.0,0.0,1.0,34,800,700,100,0.875,9,7,2,380.8363483131462,0.42606209150326796,0.07463569818546434,0.210308989800954,129035.96878051756,3057.1569619647285,132093.12574248228,1797,2,349.1764705882353,31,3,20,36.322701738647524,0.6219758064516129,45.99609375,1016.0156249999999,32.77469758064516,8
2789,4,2,0,36,0.05555555555555555,0.0,1.0,36,1150,900,250,0.782608695652174,14,9,5,363.885060103935,0.43034060846560845,0.0926081843209583,0.20469150133316066,129762.6588932141,2243.7385861207204,132006.39747933482,1798,0,330.72222222222223,33,3,21,36.01305027664181,0.6243686868686869,45.28186274509804,1018.8725490196075,30.874925727866895,0
2790,4,0,0,36,0.0,0.0,1.0,36,1450,1200,250,0.8275862068965517,17,12,5,363.9400919063915,0.42923280423280424,0.09568346284279983,0.20603465611190405,130012.50270328722,2263.352436562865,132275.8551398501,1799,1,331.72222222222223,33,3,21,35.757630377313156,0.6268939393939394,45.036764705882355,1019.8529411764707,30.904634581105174,0
2791,4,0,0,36,0.0,0.0,1.0,36,1100,800,300,0.7272727272727273,14,8,6,364.93799897024667,0.42928240740740736,0.10250790600856696,0.20742926398807135,130168.77710796335,2300.7066092368455,132469.4837172002,1800,2,332.72222222222223,33,3,21,35.57341079220209,0.6284722222222222,44.883578431372555,1020.4656862745103,30.9232026143791,0
2792,4,0,0,36,0.0,0.0,1.0,36,900,700,200,0.7777777777777778,11,7,4,365.26146580254175,0.42903439153439155,0.10283674157012168,0.20795164726367846,130232.20663265316,2313.761337868491,132545.96797052165,1801,3,333.72222222222223,34,2,21,35.5007386672887,0.6268382352941176,44.82142857142858,1020.7142857142866,30.02100840336137,0
2793,4,1,0,37,0.02702702702702703,0.0,1.0,37,1350,1100,250,0.8148148148148148,16,11,5,352.5407038451116,0.4297422422422423,0.10670076914133975,0.20302115891575725,130676.44702717768,1813.753322187933,132490.20034936562,1802,0,325.6756756756757,35,2,19,35.375160365255454,0.6291666666666667,44.386574074074076,1022.453703703704,29.212962962962973,0
2794,4,0,0,37,0.0,0.0,1.0,37,1400,1000,400,0.7142857142857143,18,10,8,354.8168459950772,0.42836586586586584,0.11334545398988638,0.20606401857035184,131002.08340031301,1896.349210176628,132898.43261048963,1803,1,326.6756756756757,35,2,20,34.987398718673454,0.6324404761904762,44.068287037037045,1023.7268518518525,29.249338624338645,0
2795,4,0,0,37,0.0,0.0,1.0,37,700,400,300,0.5714285714285714,10,4,6,353.852404605489,0.42855355355355357,0.11541469136405857,0.20597934710193228,131090.9636488342,1877.3705418381617,132968.33419067238,1804,2,327.6756756756757,35,2,21,34.92220464135022,0.6333333333333333,43.981481481481495,1024.0740740740757,29.259259259259306,0
2796,4,0,0,37,0.0,0.0,1.0,37,900,700,200,0.7777777777777778,11,7,4,350.1572583404526,0.4288038038038038,0.11242583675077178,0.20430071809962744,131179.87403817312,1786.7170085305318,132966.59104670366,1805,3,328.6756756756757,35,2,21,34.92696211350883,0.6342261904761906,43.89467592592593,1024.4212962962972,29.26917989417992,0
2797,4,0,0,37,0.0,0.0,1.0,37,850,700,150,0.8235294117647058,10,7,3,354.5480966317307,0.42808433433433435,0.10348257492082213,0.20798589668634943,131387.4488275894,1916.6339806241647,133304.08280821357,1806,4,329.6756756756757,35,2,21,34.604782870474885,0.6363095238095238,43.69212962962964,1025.2314814814833,29.292328042328094,0
2798,4,0,0,37,0.0,0.0,1.0,37,1050,700,350,0.6666666666666666,14,7,7,354.2091050202795,0.4278653653653654,0.10752858715842595,0.2082711930713138,131476.4596863213,1914.0318233453552,133390.49150966664,1807,5,330.6756756756757,35,2,22,34.5235912049054,0.637202380952381,43.60532407407408,1025.5787037037048,29.30224867724871,0
2799,4,0,0,37,0.0,0.0,1.0,37,900,500,400,0.5555555555555556,13,5,8,354.4455160369613,0.4281468968968969,0.10476631866523611,0.20889661264306025,131565.50068587117,1926.5603566529662,133492.06104252415,1808,6,331.6756756756757,35,2,18,34.427647412755746,0.638095238095238,43.518518518518526,1025.9259259259268,29.312169312169335,0
2800,4,0,0,37,0.0,0.0,1.0,37,800,600,200,0.75,10,6,4,355.6171617645175,0.42742742742742745,0.10232966389935272,0.21024086603518272,131684.26890432098,1965.837191358027,133650.10609567902,1809,7,332.6756756756757,35,2,18,34.277740189445204,0.6392857142857142,43.40277777777778,1026.388888888889,29.325396825396826,0
2801,4,0,1,36,0.0,0.02702702702702703,0.972972972972973,37,850,500,350,0.5882352941176471,12,5,7,356.64270963508164,0.42670795795795796,0.1006681351625549,0.21134118083986708,131773.38023244598,1999.2030767746905,133772.58330922067,1810,8,333.6756756756757,35,2,18,34.16152350355091,0.6401785714285715,43.31597222222222,1026.736111111111,29.33531746031746,0
2802,4,0,0,36,0.0,0.0,1.0,36,1600,1100,500,0.6875,21,11,10,367.46901911363176,0.4243220899470899,0.09901771336553922,0.2178295731859155,131786.11288265287,2485.4627267573455,134271.5756094102,1811,9,333.27777777777777,34,2,20,33.870772946859894,0.6424632352941176,43.303571428571416,1026.7857142857129,30.19957983193273,0
2803,4,0,0,36,0.0,0.0,1.0,36,1100,800,300,0.7272727272727273,14,8,6,362.1125344527539,0.4244378306878307,0.0035472731757348885,0.2037686510441235,129776.92920918358,2254.1312358276555,132031.06044501124,1812,10,334.27777777777777,34,2,19,36.04368695719905,0.6222426470588236,45.26785714285714,1018.9285714285706,29.96848739495796,8
2804,4,0,0,36,0.0,0.0,1.0,36,1050,800,250,0.7619047619047619,13,8,5,367.86431628569767,0.42468584656084657,0.005864341688722741,0.2078093670627121,129928.59977324263,2359.2191043083926,132287.81887755104,1813,11,335.27777777777777,34,2,20,35.74288689086098,0.6237745098039216,45.11904761904762,1019.5238095238095,29.985994397759104,0
2805,4,1,0,37,0.02702702702702703,0.0,1.0,37,1350,1200,150,0.8888888888888888,15,12,3,367.0648628988914,0.42505005005005003,0.03138148345490288,0.21009821530127198,130439.87509645052,2175.97897376542,132615.85407021592,1814,0,327.18918918918916,35,2,21,35.24388171312033,0.6267857142857143,44.61805555555555,1021.5277777777769,29.186507936507912,0
2806,4,2,0,39,0.05128205128205128,0.0,1.0,39,1350,1000,350,0.7407407407407407,17,10,7,360.731039880498,0.42884053081421497,0.06338231057332178,0.2108212362528613,131243.84576263846,1668.745791974448,132912.5915546129,1815,0,311.35897435897436,37,2,20,34.59147048332442,0.6309121621621622,43.83223684210526,1024.6710526315785,27.693812233285904,0
2807,4,0,0,39,0.0,0.0,1.0,39,1400,1000,400,0.7142857142857143,18,10,8,362.3661776620521,0.4286999550157445,0.05977889679921322,0.21290214417014447,131446.78605109724,1726.4279886451156,133173.21403974236,1816,1,312.35897435897436,35,4,20,34.34443190368698,0.6369047619047619,43.63425925925925,1025.4629629629617,29.29894179894176,0
2808,4,0,0,39,0.0,0.0,1.0,39,1700,1200,500,0.7058823529411765,22,12,10,369.3794750875072,0.42768780926675665,0.06588100222867577,0.21799130680034765,131616.85333982637,1923.312839866902,133540.16617969327,1817,2,313.35897435897436,36,3,15,33.99272022241733,0.6365740740740741,43.46846846846847,1026.1261261261266,28.503503503503516,0
2809,4,0,1,38,0.0,0.02564102564102564,0.9743589743589743,39,1050,600,450,0.5714285714285714,15,6,9,373.4286108794272,0.42743477282950965,0.07150350289540808,0.22121823556775422,131761.3363997443,2040.6905638746825,133802.02696361896,1818,3,314.35897435897436,36,3,15,33.7428247596066,0.6380208333333333,43.3277027027027,1026.689189189189,28.519144144144136,0
2810,4,0,0,38,0.0,0.0,1.0,38,1500,1000,500,0.6666666666666666,20,10,10,371.7805981441626,0.4267573494547179,0.11967024740150056,0.21245609606612567,130377.57087746546,2094.3702570814253,132471.94113454688,1819,4,321.5,36,2,18,35.186716653802335,0.6241319444444444,44.67905405405406,1021.2837837837851,28.36899399399403,8
2811,4,1,0,39,0.02564102564102564,0.0,1.0,39,1250,900,350,0.72,16,9,7,367.11617616339436,0.4298245614035088,0.1320974622861415,0.2119096343596624,130766.77439212071,1801.3196368113308,132568.09402893204,1820,0,314.2307692307692,37,2,15,34.911020583190385,0.6261261261261262,44.29824561403509,1022.8070175438602,27.643432906590817,0
2812,4,0,0,39,0.0,0.0,1.0,39,1000,700,300,0.7,13,7,6,364.4966854918408,0.4301900584795322,0.12133601503511526,0.21101011594353963,130878.94833025543,1740.988573407199,132619.93690366263,1821,1,315.2307692307692,37,2,15,34.86435562223175,0.6272522522522522,44.18859649122807,1023.2456140350874,27.655286865813174,0
2813,4,0,0,39,0.0,0.0,1.0,39,1150,900,250,0.782608695652174,14,9,5,366.8869838063851,0.43002136752136755,0.1208394805308981,0.2125484928531965,130906.99932912065,1805.6148286011216,132712.61415772178,1822,2,316.2307692307692,37,2,15,34.77479106396657,0.6275337837837838,44.16118421052632,1023.3552631578959,27.658250355618808,0
2814,4,0,0,39,0.0,0.0,1.0,39,800,500,300,0.625,11,5,6,365.1316664297602,0.42909356725146197,0.12508647669247241,0.2126140750906459,131103.44048168667,1774.0035395506293,132877.44402123732,1823,3,317.2307692307692,37,2,18,34.62080656673805,0.6295045045045045,43.969298245614034,1024.122807017544,27.67899478425794,0
2815,4,1,0,40,0.025,0.0,1.0,40,1450,1000,450,0.6896551724137931,19,10,9,362.9841255578465,0.42984775641025647,0.1414514785506038,0.21413387849247917,131602.03904594944,1553.8902129447154,133155.92925889415,1824,0,310.275,38,2,15,34.17174267666251,0.6326754385964912,43.48290598290599,1026.0683760683771,27.00179937022045,0
2816,4,0,0,40,0.0,0.0,1.0,40,800,200,600,0.25,14,2,12,362.648570554877,0.4298878205128205,0.14495940460081203,0.2143978349120433,131684.268904321,1551.022376543212,133235.2912808642,1825,1,311.275,38,2,15,34.09731619305367,0.6334978070175439,43.40277777777778,1026.3888888888891,27.010233918128662,0
2817,4,0,0,40,0.0,0.0,1.0,40,450,100,350,0.2222222222222222,8,1,7,360.5884435762694,0.4297943376068376,0.14258064516129032,0.21364087193390566,131766.52444480974,1502.697193001684,133269.22163781142,1826,2,312.275,38,2,15,34.067160943461666,0.6343201754385965,43.322649572649574,1026.709401709402,27.018668466036896,0
2818,4,0,0,40,0.0,0.0,1.0,40,1300,900,400,0.6923076923076923,17,9,8,364.04371248699675,0.4293936965811966,0.1427323767935118,0.21693757290582016,131985.99810979632,1609.734549638409,133595.73265943473,1827,3,313.275,38,2,16,33.75701809107923,0.6365131578947368,43.108974358974365,1027.5641025641037,27.041160593792203,0
2819,4,0,0,40,0.0,0.0,1.0,40,900,600,300,0.6666666666666666,12,6,6,363.3451497440552,0.4297142094017094,0.1448160274399748,0.21699215926055612,132068.34781804748,1597.2787228796983,133665.6265409272,1828,4,314.275,38,2,16,33.6919239164328,0.6373355263157895,43.02884615384616,1027.8846153846166,27.049595141700436,0
2820,4,0,0,40,0.0,0.0,1.0,40,1000,600,400,0.6,14,6,8,366.7787162863177,0.4296607905982906,0.14931154525615753,0.2193605709647756,132123.26189139104,1692.0000776170846,133815.26196900813,1829,5,315.275,38,2,16,33.5483130693824,0.6378837719298245,42.97542735042736,1028.0982905982917,27.055218173639254,0
2821,4,0,0,40,0.0,0.0,1.0,40,1450,900,550,0.6206896551724138,20,9,11,365.354157630191,0.428926282051282,0.15122559202326524,0.21930360534061608,132260.5970121997,1664.3918018116867,133924.9888140114,1830,6,316.275,38,2,17,33.446501523334724,0.6392543859649122,42.84188034188035,1028.6324786324797,27.069275753486306,0
2822,4,0,0,40,0.0,0.0,1.0,40,1100,700,400,0.6363636363636364,15,7,8,368.3238354157238,0.4287126068376068,0.1547394102990034,0.2217309489202657,132370.51647308056,1751.0432646650552,134121.5597377456,1831,7,317.275,38,2,17,33.25936115725358,0.6403508771929824,42.73504273504273,1029.0598290598289,27.080521817363916,0
2823,4,0,0,40,0.0,0.0,1.0,40,1300,900,400,0.6923076923076923,17,9,8,368.41700261222184,0.42755074786324787,0.16233139655530193,0.22276054398849376,132535.4812714587,1765.664949959806,134301.14622141852,1832,8,318.275,38,2,18,33.09080376288303,0.6419956140350878,42.57478632478632,1029.7008547008536,27.09739091318036,0
2824,4,0,1,39,0.0,0.025,0.975,40,1600,1100,500,0.6875,21,11,10,366.4442289133606,0.4267895299145299,0.16143856920684296,0.22270665329989672,132728.07004026943,1727.4870562130002,134455.55709648243,1833,9,319.275,38,2,14,32.947770865733524,0.6439144736842105,42.387820512820504,1030.4487179487169,27.117071524966235,0
2825,4,0,1,38,0.0,0.02564102564102564,0.9743589743589743,39,1250,800,450,0.64,17,8,9,365.9243976793759,0.4258603238866397,0.14664637638472988,0.22311421446053772,132849.77709487532,1922.5949330563194,134772.37202793165,1834,10,313.0,37,2,16,32.83875771112528,0.6469594594594594,42.26973684210526,1030.9210526315787,27.86273115220483,0
2826,4,0,0,38,0.0,0.0,1.0,38,800,500,300,0.625,11,5,6,371.83981131099586,0.4233493361782836,0.15430203950242594,0.22697102082423184,132891.0244704163,2282.8346928009028,135173.85916321722,1835,11,321.2894736842105,36,2,16,32.64480486384157,0.6493055555555556,42.229729729729726,1031.0810810810806,28.641141141141127,0
2827,4,0,0,38,0.0,0.0,1.0,38,1200,800,400,0.6666666666666666,16,8,8,372.8688004301566,0.4232011616880038,0.15689474833622574,0.22795276864748829,132949.08717839463,2314.513330898465,135263.6005092931,1836,12,322.2894736842105,36,2,16,32.5598747907112,0.6498842592592593,42.17342342342342,1031.3063063063064,28.6473973973974,0
2828,4,0,0,38,0.0,0.0,1.0,38,1100,800,300,0.7272727272727273,14,8,6,372.53209480556666,0.42329006638217165,0.15378738266753977,0.22845642922413667,133065.2506391527,2314.215313286267,135379.46595243897,1837,13,323.2894736842105,36,2,16,32.451748162701016,0.6510416666666667,42.060810810810814,1031.756756756757,28.65990990990992,0
2829,4,0,0,38,0.0,0.0,1.0,38,1350,1100,250,0.8148148148148148,16,11,5,358.4632430621764,0.4225343764817449,0.05955116216938294,0.21142891881212186,131595.18771701382,1858.959130688956,133454.14684770277,1838,14,324.2894736842105,35,3,15,34.29462774957699,0.6383928571428572,43.48958333333333,1026.041666666666,29.315476190476172,8
2830,4,0,1,37,0.0,0.02631578947368421,0.9736842105263158,38,1350,1100,250,0.8148148148148148,16,11,5,356.6427096350818,0.4218527738264581,0.0657939234287952,0.21134118083986722,131773.38023244607,1799.2030767747042,133572.58330922076,1839,15,325.2894736842105,35,3,15,34.1615235035509,0.6401785714285715,43.31597222222223,1026.7361111111118,29.33531746031748,0
2831,4,0,0,37,0.0,0.0,1.0,37,850,300,550,0.35294117647058826,14,3,11,355.5288110527278,0.41954454454454454,0.07234814805792755,0.2115062819640759,131921.96609224964,1980.4119513031583,133902.3780435528,1840,16,332.1081081081081,35,2,15,34.04029592909719,0.6416666666666666,43.1712962962963,1027.3148148148148,29.35185185185185,0
2832,4,0,0,37,0.0,0.0,1.0,37,950,700,250,0.7368421052631579,12,7,5,355.4127967607356,0.4191378878878879,0.07496209884135108,0.21176877917059142,131981.42387902958,1981.5773962620133,133963.00127529158,1841,17,333.1081081081081,35,2,15,33.983348351730875,0.6422619047619047,43.11342592592593,1027.546296296297,29.35846560846563,0
2833,4,0,1,36,0.0,0.02702702702702703,0.972972972972973,37,700,300,400,0.42857142857142855,11,3,8,356.245434623813,0.4192942942942943,0.07538349159970781,0.2125980819529206,132040.8950617283,2007.7932098765323,134048.68827160486,1842,18,334.1081081081081,35,2,15,33.902027027027025,0.6428571428571428,43.05555555555555,1027.7777777777771,29.365079365079346,0
2834,4,0,0,36,0.0,0.0,1.0,36,1350,1100,250,0.8148148148148148,16,11,5,361.4609910880723,0.4177579365079365,0.0739346919870314,0.21617570076430687,132122.477324263,2351.4243197278875,134473.9016439909,1843,19,343.0833333333333,34,2,16,33.68578238381968,0.6458333333333333,42.976190476190474,1028.0952380952376,30.238095238095223,0
2835,4,0,1,35,0.0,0.027777777777777776,0.9722222222222222,36,850,500,350,0.5882352941176471,12,5,7,362.96242712620034,0.4172619047619048,0.07301311728395077,0.21777745627572007,132244.89795918364,2399.9858276643936,134644.88378684805,1844,20,344.0833333333333,34,2,17,33.523823302469125,0.6470588235294117,42.857142857142854,1028.5714285714282,30.252100840336123,0
2836,4,0,1,34,0.0,0.02857142857142857,0.9714285714285714,35,1150,900,250,0.782608695652174,14,9,5,373.7189062839956,0.41638655462184876,0.08087576825510334,0.2238312164617421,132177.37956855536,2879.4371455690107,135056.81671412438,1845,21,353.0285714285714,33,2,17,33.31533289635721,0.6486742424242424,42.92279411764706,1028.3088235294117,31.160873440285204,0
2837,4,0,0,34,0.0,0.0,1.0,34,1200,1000,200,0.8333333333333334,14,10,4,378.78054018941924,0.4150698158051099,0.09300125648098678,0.22721253905618635,132235.62168401192,3217.656042750748,135453.27772676267,1846,22,363.02941176470586,32,2,18,33.1264321957607,0.6516927083333333,42.86616161616162,1028.535353535354,32.141729797979814,0
2838,4,0,0,34,0.0,0.0,1.0,34,900,600,300,0.6666666666666666,12,6,6,382.07477585274285,0.41434566250742716,0.09871397951893335,0.2301767552088477,132398.0034722223,3317.1875000000055,135715.1909722223,1847,23,364.02941176470586,32,2,19,32.877867746288786,0.6533203125,42.708333333333336,1029.1666666666672,32.16145833333335,0
2839,4,0,0,34,0.0,0.0,1.0,34,1100,900,200,0.8181818181818182,13,9,4,383.275598732558,0.4145499108734403,0.09894687488729415,0.2316984809239443,132527.980642919,3358.948225946315,135886.9288688653,1848,24,365.02941176470586,32,2,19,32.71586960964644,0.6546223958333333,42.5820707070707,1029.6717171717162,32.17724116161613,0
2840,4,0,1,33,0.0,0.029411764705882353,0.9705882352941176,34,900,500,400,0.5555555555555556,13,5,8,383.1405782436217,0.4142713903743316,0.10180163286501442,0.2318171035723276,132560.48489949998,3357.8601673298526,135918.34506682982,1849,25,366.02941176470586,32,2,19,32.68657021415726,0.6549479166666667,42.550505050505045,1029.7979797979792,32.18118686868685,0
2841,4,0,0,33,0.0,0.0,1.0,33,1250,1000,250,0.8,15,10,5,381.0386655670808,0.41303661616161613,0.0975238349916625,0.23114457043582226,132658.021582619,3509.56710412202,136167.58868674102,1850,26,369.93939393939394,32,1,16,32.64237855946399,0.6559244791666667,42.455808080808076,1030.1767676767668,32.19302398989896,0
2842,4,0,0,33,0.0,0.0,1.0,33,1000,900,100,0.9,11,9,2,382.4441845089764,0.41283933080808083,0.09646328514253089,0.23260129910300026,132755.5941358024,3554.3209876543133,136309.91512345674,1851,27,370.93939393939394,32,1,16,32.50786163522013,0.6569010416666667,42.36111111111111,1030.555555555555,32.20486111111109,0
2843,4,0,1,32,0.0,0.030303030303030304,0.9696969696969697,33,850,600,250,0.7058823529411765,11,6,5,384.30931221089685,0.41212910353535354,0.09551170697667533,0.23414188245445966,132820.66243240476,3608.843485358625,136429.5059177634,1852,28,371.93939393939394,32,1,16,32.39425118406012,0.6575520833333333,42.29797979797979,1030.80808080808,32.2127525252525,0
2844,4,0,0,32,0.0,0.0,1.0,32,950,700,250,0.7368421052631579,12,7,5,395.6216814339814,0.41084929435483875,0.12310570844179969,0.2220932570722288,129683.21352731864,3861.0981978879695,133544.31172520661,1853,29,375.34375,32,0,16,35.28573199454568,0.6259765625,45.359848484848484,1018.5606060606061,31.83001893939394,8
2845,4,2,0,34,0.058823529411764705,0.0,1.0,34,1050,900,150,0.8571428571428571,12,9,3,374.6731018009453,0.4193961675579323,0.1120273361384887,0.21382029343873105,130325.14537677806,2967.1566145093507,133292.30199128742,1854,0,354.20588235294116,33,1,19,35.16612658025285,0.630050505050505,44.73039215686274,1021.0784313725482,30.941770647652973,0
2846,4,0,0,34,0.0,0.0,1.0,34,1350,800,550,0.5925925925925926,19,8,11,376.20744471174197,0.41880199049316696,0.11183244891046629,0.21538909746683269,130450.30757401012,3015.2753748558416,133465.58294886595,1855,1,355.20588235294116,33,1,19,34.99980006397952,0.6313131313131313,44.60784313725491,1021.5686274509815,30.956625074272164,0
2847,4,1,1,34,0.02857142857142857,0.02857142857142857,0.9714285714285714,35,900,800,100,0.8888888888888888,10,8,2,371.3179294075285,0.4205532212885154,0.11844095404304822,0.21491431671769065,130870.93431122448,2718.944869614508,133589.879180839,1856,0,346.0285714285714,34,1,18,34.697983323637764,0.6332720588235294,44.19642857142857,1023.2142857142856,30.094537815126046,0
2848,4,0,0,34,0.0,0.0,1.0,34,750,500,250,0.6666666666666666,10,5,5,376.8383297705003,0.4166109625668449,0.1225518719066816,0.21776541813839342,130810.03578514738,3058.8470804988638,133868.88286564624,1857,1,357.1470588235294,34,0,18,34.618536405601446,0.6326593137254901,44.25595238095238,1022.9761904761904,30.0875350140056,0
2849,4,0,0,34,0.0,0.0,1.0,34,1400,1200,200,0.8571428571428571,16,12,4,377.0737600270244,0.4155340166369578,0.12270578658257159,0.21893701974830382,130992.7738803854,3078.7875566893354,134071.56143707474,1858,2,358.1470588235294,34,0,18,34.427210528356014,0.6344975490196079,44.07738095238095,1023.6904761904756,30.108543417366928,0
2850,4,0,0,34,0.0,0.0,1.0,34,700,500,200,0.7142857142857143,9,5,4,375.91941590048685,0.4158125371360666,0.12257181942544526,0.21843966059082345,131023.24263038553,3050.836167800461,134074.078798186,1859,3,359.1470588235294,34,0,18,34.42587209302326,0.6348039215686274,44.04761904761905,1023.8095238095241,30.112044817927178,0
2851,4,0,0,34,0.0,0.0,1.0,34,850,500,350,0.5882352941176471,12,5,7,382.91387012334565,0.4150141117052882,0.12453429948388428,0.22338805779060256,131175.6395266439,3245.794359410419,134421.43388605432,1860,4,360.1470588235294,34,0,18,34.0923397249661,0.6363357843137255,43.89880952380952,1024.4047619047612,30.12955182072827,0
2852,4,0,0,34,0.0,0.0,1.0,34,750,200,550,0.26666666666666666,13,2,11,382.55537988350085,0.41495840760546643,0.12771976820467956,0.2237117330188297,131267.12018140583,3243.3886054421637,134510.508786848,1861,5,361.1470588235294,34,0,18,34.00881931536554,0.6372549019607843,43.8095238095238,1024.7619047619041,30.140056022408945,0
2853,4,1,0,35,0.02857142857142857,0.0,1.0,35,1000,800,200,0.8,12,8,4,376.99813630429986,0.4162464985994398,0.1331832446445631,0.22300398232237373,131705.23356401373,2930.5538637023315,134635.78742771607,1862,0,351.8,33,2,19,33.707915472779376,0.6439393939393939,43.382352941176464,1026.4705882352932,31.10516934046343,0
2854,4,1,0,36,0.027777777777777776,0.0,1.0,36,950,600,350,0.631578947368421,13,6,7,370.93270359794974,0.4162698412698413,0.13128038897893046,0.22219949332032538,132183.68055555565,2606.25000000001,134789.93055555565,1863,0,343.0,34,2,20,33.38060507833603,0.6464460784313726,42.91666666666667,1028.3333333333342,30.245098039215712,0
2855,4,0,1,35,0.0,0.027777777777777776,0.9722222222222222,36,1250,1000,250,0.8,15,10,5,355.8109548791002,0.4159722222222222,0.07241021651756796,0.20194038962343616,130110.72137188191,2103.408446712002,132214.1298185939,1864,1,344.0,34,2,20,35.86517891870868,0.6256127450980392,44.94047619047618,1020.2380952380938,30.007002801120407,8
2856,4,0,1,34,0.0,0.02857142857142857,0.9714285714285714,35,1000,600,400,0.6,14,6,8,353.6910183645302,0.41372549019607846,0.11993875868566772,0.18899876884412978,127723.00347222203,2034.8958333333132,129757.89930555534,1865,2,354.77142857142854,34,1,18,38.35359989007971,0.6014093137254901,47.29166666666666,1010.8333333333318,29.7303921568627,8
2857,4,2,0,36,0.05555555555555555,0.0,1.0,36,1250,900,350,0.72,16,9,7,345.38063327722546,0.41747685185185185,0.12958610784697733,0.1872095024961265,128295.24518140579,1662.8330498866026,129958.07823129238,1866,0,342.22222222222223,34,2,21,37.978603603603574,0.6072303921568627,46.72619047619047,1013.0952380952373,29.79691876750698,0
2858,4,0,0,36,0.0,0.0,1.0,36,800,500,300,0.625,11,5,6,345.17050497695175,0.4172949735449736,0.133420128692066,0.1875198793151746,128385.71605725608,1662.9924886621106,130048.7085459182,1867,1,343.22222222222223,34,2,17,37.89155800931908,0.6081495098039216,46.63690476190475,1013.4523809523797,29.807422969187638,0
2859,4,0,0,36,0.0,0.0,1.0,36,1350,900,450,0.6666666666666666,18,9,9,347.18372764904774,0.41767526455026455,0.1362868620469282,0.18947201638963682,128566.7534722219,1727.2569444444052,130294.01041666631,1868,2,344.22222222222223,34,2,18,37.65577923856476,0.6099877450980392,46.458333333333314,1014.166666666664,29.82843137254894,0
2860,4,0,0,36,0.0,0.0,1.0,36,1050,900,150,0.8571428571428571,12,9,3,373.2572444495892,0.41767526455026455,0.17903969589331337,0.1911308635421073,125987.30223043989,2205.1346532343155,128192.4368836742,1869,3,345.22222222222223,36,0,18,39.64642923911012,0.5795717592592593,49.01463963963964,1003.9414414414414,27.88726226226226,8
2861,4,1,0,37,0.02702702702702703,0.0,1.0,37,1300,900,400,0.6923076923076923,17,9,8,363.3089506975756,0.4192317317317317,0.1795444638186574,0.18770962452708082,126355.00365230103,1781.193440061691,128136.19709236272,1870,0,336.86486486486484,36,1,16,39.516829077060926,0.5833333333333333,48.64864864864865,1005.4054054054061,27.927927927927946,0
2862,4,3,0,40,0.075,0.0,1.0,40,900,500,400,0.5555555555555556,13,5,8,343.76624474405793,0.42994123931623934,0.19323567779106465,0.18122095618341472,127174.94956380797,747.977348388607,127922.92691219658,1871,0,312.525,37,3,20,39.165828713265924,0.5898085585585586,47.8344298245614,1008.6622807017534,27.26114272166901,0
2863,4,1,1,40,0.024390243902439025,0.024390243902439025,0.975609756097561,41,950,500,450,0.5263157894736842,14,5,9,334.16681370024486,0.43099593495934957,0.19177165681113362,0.17775181527434303,127538.80343967004,323.84711371526726,127862.6505533853,1872,0,305.8780487804878,39,2,15,39.03537606132481,0.5900106837606838,47.47395833333333,1010.1041666666658,25.900106837606817,0
2864,4,0,0,40,0.0,0.0,1.0,40,1050,800,250,0.7619047619047619,13,8,5,340.58190913484935,0.42785790598290596,0.19607267534116146,0.18097362490453792,127496.31461620645,684.5876479289963,128180.90226413545,1873,1,314.5,38,2,16,38.91687823971227,0.591282894736842,47.51602564102564,1009.9358974358975,26.577260458839408,0
2865,4,0,0,40,0.0,0.0,1.0,40,800,300,500,0.375,13,3,10,339.6006902515583,0.4277911324786325,0.19614083315711572,0.18105655740694687,127631.2242037402,668.7303674483107,128299.95457118851,1874,2,315.5,38,2,17,38.80357016987382,0.5926535087719298,47.38247863247863,1010.4700854700852,26.591318038686452,0
2866,4,1,1,40,0.024390243902439025,0.024390243902439025,0.975609756097561,41,1150,700,450,0.6086956521739131,16,7,9,348.9876470396837,0.42870934959349594,0.23383469568317738,0.1885840210890273,128172.28768707669,748.1692956206334,128920.45698269733,1875,0,308.780487804878,37,4,19,38.012881248872034,0.5999436936936937,46.84758771929824,1012.6096491228062,27.36782835467044,0
2867,4,0,0,40,0.0,0.0,1.0,40,1550,1000,550,0.6451612903225806,21,10,11,374.66872915146826,0.4270032051282051,0.16930876092314628,0.19331173852057854,126298.39932838255,1575.4947736981567,127873.89410208071,1876,1,317.375,36,4,17,39.28971543804618,0.5827546296296297,48.704954954954964,1005.1801801801811,27.921671671671696,8
2868,4,3,0,43,0.06976744186046512,0.0,1.0,43,1400,1000,400,0.7142857142857143,18,10,8,358.6215682350139,0.4354466592838686,0.17948197221597129,0.1892253530027091,127212.0819160998,536.627231547605,127748.70914764742,1877,0,296.16279069767444,34,9,20,38.753097710644326,0.5962009803921569,47.79761904761905,1008.8095238095241,29.670868347338942,0
2869,4,2,2,43,0.044444444444444446,0.044444444444444446,0.9555555555555556,45,1550,1100,450,0.7096774193548387,20,11,9,352.14339994413217,0.4391203703703704,0.19708261120739445,0.18989415118482644,128089.02739304399,21.14112034471799,128110.16851338871,1878,0,283.9555555555556,37,8,17,38.01812536106296,0.5990990990990991,46.92982456140351,1012.2807017543857,27.35893788525367,0
2870,4,1,0,44,0.022727272727272728,0.0,1.0,44,2050,1500,550,0.7317073170731707,26,15,11,366.91647145802665,0.4376541578576462,0.18616642777998016,0.19155481636013635,126779.94030770652,521.8285695340294,127301.76887724055,1879,0,291.22727272727275,36,8,16,38.98836147452384,0.5876736111111112,48.22635135135136,1007.094594594596,27.97484984984989,8
2871,4,1,1,44,0.022222222222222223,0.022222222222222223,0.9777777777777777,45,1250,900,350,0.72,16,9,7,363.54043750432805,0.440530303030303,0.20042082711656928,0.19139140978702174,127121.19187510715,243.50597890104086,127364.69785400819,1880,0,285.73333333333335,35,10,17,38.72243104173842,0.5931547619047619,47.88773148148148,1008.4490740740739,28.812830687830683,0
2872,4,1,1,44,0.022222222222222223,0.022222222222222223,0.9777777777777777,45,1350,800,550,0.5925925925925926,19,8,11,360.8674805835267,0.44196127946127944,0.21175032470013,0.19177403383507033,127500.81045310361,202.1792481138587,127702.98970121746,1881,0,286.1777777777778,35,10,18,38.40008786003514,0.5970238095238095,47.511574074074076,1009.953703703704,28.855820105820115,0
2873,4,1,2,43,0.022222222222222223,0.044444444444444446,0.9555555555555556,45,1100,1000,100,0.9090909090909091,12,10,2,367.57618234918687,0.44128787878787884,0.23814429056503017,0.19690454354290904,127822.46823827593,396.89897869513214,128219.36721697106,1882,0,287.06666666666666,35,10,19,37.90071439471978,0.600297619047619,47.19328703703704,1011.2268518518522,28.892195767195776,0
2874,4,1,0,44,0.022727272727272728,0.0,1.0,44,1450,1200,250,0.8275862068965517,17,12,5,360.64693466262634,0.44412878787878785,0.22959194579227482,0.1948959864193329,128174.66695011342,445.9706004958571,128620.63755060927,1883,0,284.40909090909093,34,10,20,37.71528920761814,0.6060049019607843,46.845238095238095,1012.6190476190479,29.782913165266116,0
2875,4,1,1,44,0.022222222222222223,0.022222222222222223,0.9777777777777777,45,1250,700,550,0.56,18,7,11,351.4465086226655,0.44490740740740736,0.23561623561623546,0.19223931974387348,128658.1360710374,43.29054561319461,128701.4266166506,1884,0,279.06666666666666,36,9,19,37.45444370444371,0.6067708333333333,46.36824324324325,1014.5270270270282,28.18130630630634,0
2876,4,1,0,45,0.022222222222222223,0.0,1.0,45,1550,900,650,0.5806451612903226,22,9,13,351.6782998405247,0.44396043771043775,0.24147261033488543,0.19361629474736594,128915.32368517178,67.34437139843811,128982.66805657023,1885,0,279.64444444444445,36,9,20,37.18627559695423,0.609375,46.11486486486487,1015.5405405405415,28.209459459459488,0
2877,4,0,1,44,0.0,0.022222222222222223,0.9777777777777777,45,1850,1500,350,0.8108108108108109,22,15,7,350.77472696881387,0.4438131313131313,0.23229922529533464,0.1935877468802351,129011.37689248659,50.786101066541676,129062.16299355312,1886,1,280.64444444444445,38,7,20,37.111333123006276,0.6066337719298245,46.02029914529914,1015.9188034188028,26.73470535312639,0
2878,4,1,1,44,0.022222222222222223,0.022222222222222223,0.9777777777777777,45,1650,1200,450,0.7272727272727273,21,12,9,339.0156335656667,0.4444234006734007,0.22854965585054066,0.18964735937089297,129545.08562616688,-216.01866964715953,129329.06695651972,1887,0,264.73333333333335,36,9,18,36.86739491150441,0.6157407407407407,45.495495495495504,1018.0180180180195,28.278278278278318,0
2879,4,0,1,43,0.0,0.022727272727272728,0.9772727272727273,44,1300,900,400,0.6923076923076923,17,9,8,349.8452577016307,0.44382047216349546,0.18926576540111673,0.18797905473633078,127945.07345183016,209.62406663419375,128154.69751846435,1888,1,271.27272727272725,36,8,18,38.2235084594835,0.599537037037037,47.07207207207207,1011.7117117117114,28.103103103103095,8
2880,4,3,2,44,0.06521739130434782,0.043478260869565216,0.9565217391304348,46,1450,1300,150,0.896551724137931,16,13,3,337.4902706011528,0.44440418679549115,0.20459792227779894,0.18410676141069782,128550.50131492436,-523.0913050624667,128027.4100098619,1889,0,260.30434782608694,38,8,17,37.91811525495152,0.6019736842105263,46.47435897435897,1014.1025641025639,26.686909581646418,0
2881,4,1,1,44,0.022222222222222223,0.022222222222222223,0.9777777777777777,45,1850,1400,450,0.7567567567567568,23,14,9,350.46031064598634,0.44242424242424244,0.21234781355810073,0.1919029416992876,128700.23108071726,20.864592951691634,128721.09567366895,1890,0,267.06666666666666,37,8,19,37.43651393991789,0.6052927927927928,46.32675438596492,1014.6929824561414,27.424134660976794,0
2882,4,0,1,43,0.0,0.022727272727272728,0.9772727272727273,44,1050,700,350,0.6666666666666666,14,7,7,358.9298362529735,0.44056113460183227,0.21350015134698874,0.19647374390275174,128686.69979100737,437.89921678437395,129124.59900779174,1891,1,273.8636363636364,36,8,19,37.235479097299304,0.6070601851851851,46.3400900900901,1014.6396396396408,28.184434434434465,0
2883,4,1,0,44,0.022727272727272728,0.0,1.0,44,1100,700,400,0.6363636363636364,15,7,8,332.69709920235834,0.44138698026779427,0.192180694112688,0.17789671337514534,127749.32861328124,-299.63378906250034,127449.69482421874,1892,0,273.22727272727275,39,5,17,38.8572256568779,0.5921474358974359,47.265625,1010.9374999999999,25.921474358974358,8
2884,4,1,0,45,0.022222222222222223,0.0,1.0,45,1100,600,500,0.5454545454545454,16,6,10,325.0483330123509,0.4436026936026936,0.19069928275831227,0.17530083622826356,128093.08824319187,-672.711039229303,127420.37720396258,1893,0,268.1333333333333,40,5,18,38.699678747113715,0.5940104166666667,46.92581300813008,1012.2967479674796,25.30741869918699,0
2885,4,1,2,44,0.021739130434782608,0.043478260869565216,0.9565217391304348,46,1300,800,500,0.6153846153846154,18,8,10,323.6497587295122,0.4439814814814815,0.08218496489546645,0.17524405268500878,128252.72715547147,-853.0796316889563,127399.6475237825,1894,0,263.2826086956522,38,8,18,38.57232007875402,0.5989583333333333,46.76816239316239,1012.9273504273498,26.65598290598289,8
2886,4,1,2,43,0.022222222222222223,0.044444444444444446,0.9555555555555556,45,1750,1400,350,0.8,21,14,7,330.13269856888417,0.44269781144781145,0.10092662700558863,0.17963959966270354,128450.01737313399,-518.8898266774472,127931.12754645654,1895,0,269.8,37,8,13,38.207026320533615,0.602759009009009,46.5734649122807,1013.7061403508768,27.3974632527264,0
2887,4,0,0,43,0.0,0.0,1.0,43,1700,1500,200,0.8823529411764706,19,15,4,340.82563393839104,0.43943798449612403,0.11556211729342447,0.1854006771448712,128437.66744898829,154.96988597393013,128592.63733496222,1896,1,282.95348837209303,35,8,16,37.948637436248745,0.6065476190476191,46.585648148148145,1013.657407407407,28.9616402116402,0
2888,4,0,2,41,0.0,0.046511627906976744,0.9534883720930233,43,750,500,250,0.6666666666666666,10,5,5,348.41165615062715,0.4395533407161314,0.09163573025912752,0.18513408575558585,127496.3146162062,284.2404257067434,127780.55504191294,1897,2,283.95348837209303,38,5,16,38.71918967523536,0.591282894736842,47.51602564102563,1009.9358974358955,26.577260458839355,8
2889,4,0,1,40,0.0,0.024390243902439025,0.975609756097561,41,1500,1000,500,0.6666666666666666,20,10,10,362.13156740867106,0.4357469512195122,0.11043602184460721,0.1923931218318105,127489.75326678029,1033.6128358087783,128523.36610258906,1898,3,298.2682926829268,36,5,17,38.37951605709188,0.5949074074074074,47.52252252252252,1009.90990990991,28.053053053053056,0
2890,4,0,0,40,0.0,0.0,1.0,40,1550,1200,350,0.7741935483870968,19,12,7,367.71527676757626,0.4332932692307692,0.1170763148848406,0.19555461428096496,127530.03532503839,1378.9484471450403,128908.98377218343,1899,5,306.65,35,5,17,38.19718975592987,0.5973214285714286,47.48263888888888,1010.069444444443,28.85912698412694,0
2891,4,2,0,42,0.047619047619047616,0.0,1.0,42,1150,900,250,0.782608695652174,14,9,5,348.5327476848368,0.4370281649245064,0.1307448821252002,0.188599706524009,128227.80957842778,538.3181603954833,128766.12773882327,1900,0,293.0,37,5,20,37.96766175886831,0.6005067567567568,46.792763157894726,1012.8289473684196,27.37375533428161,0
2892,4,0,0,42,0.0,0.0,1.0,42,1250,800,450,0.64,17,8,9,342.33459296239033,0.4359998064266357,0.12294287981368734,0.18589049989179826,128366.666907125,388.87013311785563,128755.53704024287,1901,1,294.0,37,5,20,37.98285003246052,0.6019144144144144,46.65570175438595,1013.377192982454,27.388572783309566,0
2893,4,0,0,42,0.0,0.0,1.0,42,1600,1200,400,0.75,20,12,8,340.1266200480078,0.4354795780100658,0.11608108525694538,0.18520675671165332,128477.80687326839,339.74444059707287,128817.55131386546,1902,2,295.0,37,5,16,37.92540918595428,0.6030405405405406,46.54605263157893,1013.8157894736817,27.400426742531938,0
2894,4,0,1,41,0.0,0.023809523809523808,0.9761904761904762,42,1250,800,450,0.64,17,8,9,340.89615421914357,0.43544328300425866,0.11327857631759075,0.18653531135362086,128672.41753472191,372.7864583332986,129045.20399305521,1903,3,296.0,37,5,17,37.70747775496234,0.6050112612612613,46.35416666666665,1014.5833333333309,27.421171171171103,0
2895,4,1,0,42,0.023809523809523808,0.0,1.0,42,1250,1000,250,0.8,15,10,5,334.6980708641997,0.43718544328300424,0.11411406781577305,0.1848219502161899,129034.22807979347,237.50144275157834,129271.72952254505,1904,0,293.8809523809524,37,5,19,37.49640261889342,0.6086711711711712,45.99780701754384,1016.0087719298219,27.459696538643836,0
2896,4,1,1,42,0.023255813953488372,0.023255813953488372,0.9767441860465116,43,1250,900,350,0.72,16,9,7,334.0615569040994,0.438030638612034,0.10436302901848982,0.18627647938844502,129418.71667031919,46.76359668346748,129465.48026700265,1905,0,288.0232558139535,38,5,20,37.12178881422371,0.6107456140350878,45.61965811965812,1017.5213675213671,26.776878092667555,0
2897,4,1,1,42,0.023255813953488372,0.023255813953488372,0.9767441860465116,43,1050,800,250,0.7619047619047619,13,8,5,330.86965665392006,0.43874584717607973,0.11142780448522416,0.18526367966579652,129581.83235627135,-25.060723938941607,129556.77163233241,1906,0,288.0232558139535,38,5,16,37.03742567331235,0.612390350877193,45.4594017094017,1018.1623931623923,26.79374718848401,0
2898,4,0,0,42,0.0,0.0,1.0,42,1200,900,300,0.75,15,9,6,337.3661797936487,0.4365200348432056,0.1019125598957531,0.18841353073674166,129480.23069598334,336.4501577408394,129816.68085372417,1907,1,295.85714285714283,37,5,16,36.97523881347412,0.6131756756756757,45.55921052631579,1017.7631578947364,27.507112375533417,0
2899,4,0,2,40,0.0,0.047619047619047616,0.9523809523809523,42,1250,900,350,0.72,16,9,7,336.3837717492348,0.4361086914440573,0.10567655141298604,0.18866741980717913,129647.68005540133,322.27512311476977,129969.9551785161,1908,2,296.85714285714283,37,5,16,36.83022896927936,0.6148648648648649,45.394736842105246,1018.4210526315763,27.524893314366928,0
2900,4,1,0,41,0.024390243902439025,0.0,1.0,41,1200,800,400,0.6666666666666666,16,8,8,340.21704185290434,0.4350863821138211,0.10537469734635474,0.19115548823610998,129717.1051964125,626.393961529084,130343.4991579416,1909,0,285.8048780487805,36,5,18,36.66215270100967,0.6174768518518519,45.32657657657657,1018.6936936936927,28.29704704704702,0
2901,4,0,0,41,0.0,0.0,1.0,41,1100,700,400,0.6363636363636364,15,7,8,337.06112580887924,0.4347815040650407,0.10365112600413351,0.1900772741243715,129860.54202428763,554.1880985715216,130414.73012285915,1910,1,286.8048780487805,36,5,18,36.59701506279231,0.6189236111111112,45.1858108108108,1019.2567567567554,28.31268768768765,0
2902,4,1,1,41,0.023809523809523808,0.023809523809523808,0.9761904761904762,42,1100,900,200,0.8181818181818182,13,9,4,330.5170961629028,0.43745160665892374,0.10375118343952305,0.18764256130541812,130122.70752779665,201.55588738838222,130324.26341518504,1911,0,280.95238095238096,37,5,20,36.49818645889305,0.6196509009009009,44.92872807017542,1020.2850877192953,27.575272641062035,0
2903,4,0,1,40,0.0,0.024390243902439025,0.975609756097561,41,1300,800,500,0.6153846153846154,18,8,10,334.54687239327814,0.4352388211382114,0.09575708297098395,0.1897720799630998,130090.2058096947,504.2542965262363,130594.46010622094,1912,1,287.8292682926829,36,5,20,36.42832174265001,0.6212384259259259,44.96058558558558,1020.1576576576566,28.337712712712683,0
2904,4,1,2,39,0.024390243902439025,0.04878048780487805,0.9512195121951219,41,1250,900,350,0.72,16,9,7,371.4155786069718,0.4364837398373984,0.05965766908011072,0.20413893831706492,128848.62075617285,1371.277006172844,130219.89776234569,1913,0,288.5121951219512,38,3,17,36.753305973552216,0.6049890350877193,46.18055555555556,1015.2777777777778,26.717836257309944,8
2905,4,1,1,39,0.025,0.025,0.975,40,1250,800,450,0.64,17,8,9,376.06669833402685,0.43393429487179486,0.08678629249865022,0.20751983085555434,129006.37846500843,1703.0005626731222,130709.37902768156,1914,0,296.475,37,3,18,36.47407357438386,0.6083896396396397,46.02521929824561,1015.8991228070173,27.456733048838306,0
2906,4,1,0,40,0.025,0.0,1.0,40,1250,900,350,0.72,16,9,7,385.0534837840626,0.43553685897435895,0.11188823959094285,0.2004327830039474,126659.88592128032,1825.113376647177,128484.9992979275,1915,0,297.325,33,7,18,38.65554743933124,0.5928030303030303,48.34558823529412,1006.6176470588239,30.503565062388603,8
2907,4,3,2,41,0.06976744186046512,0.046511627906976744,0.9534883720930233,43,1600,1300,300,0.8125,19,13,6,360.8166107010613,0.4405915466961978,0.12023722262943926,0.1916083340454512,127471.58893014847,599.5092305391665,128071.09816068764,1916,0,277.51162790697674,35,8,16,38.43135148042024,0.5967261904761905,47.54050925925927,1009.8379629629642,28.852513227513263,0
2908,4,1,0,42,0.023809523809523808,0.0,1.0,42,1450,1000,450,0.6896551724137931,19,10,9,361.995793250933,0.44069396051103366,0.12693958582173015,0.19307179418899817,127646.9683025765,841.5331093535899,128488.50141193009,1917,0,282.6666666666667,35,7,18,38.22168613751766,0.5985119047619047,47.36689814814816,1010.532407407409,28.872354497354543,0
2909,4,1,0,43,0.023255813953488372,0.0,1.0,43,1400,1100,300,0.7857142857142857,17,11,6,354.5037712049936,0.4434754521963824,0.13500069876138077,0.19075274778731,128002.04554216399,475.44157333011185,128477.4871154941,1918,0,277.06976744186045,36,7,19,38.04737925662143,0.6001157407407407,47.01576576576578,1011.9369369369385,28.109359359359402,0
2910,4,1,2,42,0.022727272727272728,0.045454545454545456,0.9545454545454546,44,1050,500,550,0.47619047619047616,16,5,11,367.9325982583912,0.4437323819591261,0.10585325889064245,0.19826008352196747,128059.03031409785,671.6718407596784,128730.70215485753,1919,0,271.75,36,8,22,37.649273104880585,0.6006944444444444,46.95945945945946,1012.1621621621618,28.115615615615607,8
2911,4,0,0,42,0.0,0.0,1.0,42,750,500,250,0.6666666666666666,10,5,5,378.2145328719723,0.44168602400309714,0.10728291316526639,0.20346984363365597,127993.90589569163,1281.8310657596408,129275.73696145127,1920,1,266.07142857142856,34,8,23,37.455882352941174,0.6041666666666667,47.023809523809526,1011.904761904762,29.761904761904766,0
2912,4,0,3,39,0.0,0.07142857142857142,0.9285714285714286,42,1350,1200,150,0.8888888888888888,15,12,3,367.76340535457086,0.44118999225706546,0.021033878619657553,0.19297606888345065,126987.00086805563,945.9918863378732,127932.9927543935,1921,2,267.07142857142856,39,3,17,38.753961692159294,0.5844017094017093,48.020833333333336,1007.9166666666673,25.84401709401711,8
2913,4,2,0,41,0.04878048780487805,0.0,1.0,41,1250,1100,150,0.88,14,11,3,385.4149868593666,0.43607723577235774,0.10122715005855665,0.19032348320168735,124479.70920138895,1405.8593750000039,125885.56857638895,1922,0,271.0243902439024,35,6,17,40.905532359081406,0.5660714285714286,50.520833333333336,997.9166666666672,28.511904761904777,8
2914,4,2,1,42,0.046511627906976744,0.023255813953488372,0.9767441860465116,43,1200,900,300,0.75,15,9,6,372.4001648019826,0.43920727205610927,0.12206095980945153,0.18683091271968466,125140.80539576743,721.5763800117729,125862.3817757792,1923,0,259.3720930232558,36,7,19,40.54398799474771,0.5708912037037037,49.859234234234236,1000.5630630630634,27.793418418418426,0
2915,4,3,1,44,0.06666666666666667,0.022222222222222223,0.9777777777777777,45,1350,1000,350,0.7407407407407407,17,10,7,387.35701362857355,0.44375000000000003,0.0676504825203712,0.19328657728953627,124915.55480734125,731.3466337959738,125646.90144113722,1924,0,248.6888888888889,36,9,17,40.40380571514401,0.5685763888888888,50.08445945945947,999.6621621621632,27.768393393393424,8
2916,4,3,2,45,0.06382978723404255,0.0425531914893617,0.9574468085106383,47,1400,900,500,0.6428571428571429,19,9,10,367.9657006890493,0.4487550107924761,0.10010681349061401,0.18680235432537373,125631.27747239548,-154.3712576807457,125476.90621471473,1925,0,239.0212765957447,37,10,18,40.14717543475884,0.5740427927927928,49.36951754385966,1002.5219298245624,27.095187292555742,0
2917,4,4,3,46,0.08163265306122448,0.061224489795918366,0.9387755102040817,49,1300,800,500,0.6153846153846154,18,8,10,351.5159223441393,0.4507511337868481,0.1184906819714906,0.1813363230235635,126291.69702456518,-919.938947560792,125371.75807700439,1926,0,229.9591836734694,37,12,16,39.87843623868224,0.5807995495495495,48.71162280701754,1005.1535087719292,27.166311047889977,0
2918,4,5,5,46,0.09803921568627451,0.09803921568627451,0.9019607843137255,51,1500,1000,500,0.6666666666666666,20,10,10,341.66483050564534,0.45580065359477123,0.14190606475148204,0.17916570380174085,126960.75439453126,-1524.3950737847215,125436.35932074655,1927,0,221.84313725490196,39,12,20,39.438522825150734,0.5841346153846154,48.046875,1007.8125000000001,25.841346153846157,0
2919,4,2,0,48,0.041666666666666664,0.0,1.0,48,1250,1000,250,0.8,15,10,5,362.79403122816234,0.45429779846335694,0.15847032729441635,0.1892709584155327,126751.58900454515,-403.05601209316353,126348.53299245199,1928,0,236.3125,36,12,22,39.121328189070326,0.5873842592592593,48.25450450450451,1006.9819819819825,27.971721721721735,0
2920,4,2,1,49,0.04,0.02,0.98,50,1500,1100,400,0.7333333333333333,19,11,8,345.7365493682597,0.45664965986394557,0.17342777467930892,0.18329557451723547,127404.47108848733,-1189.410483118225,126215.06060536912,1929,0,227.82,36,14,14,38.88083286856295,0.5940393518518519,47.606981981981995,1009.5720720720736,28.04366866866871,0
2921,4,1,2,48,0.02,0.04,0.96,50,1850,1500,350,0.8108108108108109,22,15,7,346.3461134538637,0.45707482993197274,0.1829253065774803,0.18426599274502736,127546.62390430988,-1164.9445053161094,126381.67939899377,1930,0,228.8,36,14,16,38.719806763285014,0.5954861111111112,47.466216216216225,1010.1351351351365,28.059309309309345,0
2922,4,0,1,47,0.0,0.020833333333333332,0.9791666666666666,48,1800,1100,700,0.6111111111111112,25,11,14,357.8789718143559,0.45683732269503546,0.18579520889832168,0.18981685803361809,127422.337372449,-479.64498299319473,126942.6923894558,1931,1,238.875,34,14,16,38.55603702393586,0.5983455882352942,47.589285714285715,1009.6428571428573,29.69537815126051,0
2923,4,0,1,46,0.0,0.02127659574468085,0.9787234042553191,47,1100,700,400,0.6363636363636364,15,7,8,354.78259348750055,0.45621338267036693,0.17621029380572395,0.18867688564079338,127530.03532503864,-350.912663966041,127179.1226610726,1932,2,243.82978723404256,35,12,16,38.52376246132692,0.5973214285714286,47.48263888888889,1010.0694444444449,28.859126984127,0
2924,4,1,1,46,0.02127659574468085,0.02127659574468085,0.9787234042553191,47,1000,600,400,0.6,14,6,8,347.1932182876074,0.4559242984890533,0.1756290574799788,0.18602596063381377,127831.16731596486,-523.5771244216928,127307.59019154318,1933,0,243.51063829787233,36,11,19,38.40710838901261,0.5983796296296297,47.1846846846847,1011.2612612612633,28.090590590590647,0
2925,4,1,1,46,0.02127659574468085,0.02127659574468085,0.9787234042553191,47,1250,700,550,0.56,18,7,11,350.43482581332205,0.4553268578476719,0.18289916702577536,0.1885633140573961,128002.04554216389,-428.72509333656836,127573.32044882732,1934,0,244.36170212765958,36,11,20,38.150317160026724,0.6001157407407407,47.01576576576577,1011.9369369369377,28.10935935935938,0
2926,4,1,1,46,0.02127659574468085,0.02127659574468085,0.9787234042553191,47,1050,800,250,0.7619047619047619,13,8,5,354.45138783044575,0.4538428923835955,0.19070133963750968,0.19140374942844077,128144.53125000003,-315.7193511078642,127828.81189889216,1935,0,245.14893617021278,35,12,21,37.90294924554185,0.6035714285714286,46.875,1012.5000000000002,28.928571428571434,0
2927,4,1,1,46,0.02127659574468085,0.02127659574468085,0.9787234042553191,47,1000,800,200,0.8,12,8,4,354.6874065156196,0.4546137835337651,0.1955025197524476,0.1923521757939139,128315.61872260782,-297.61319596622195,128018.0055266416,1936,0,245.93617021276594,36,11,23,37.7220647623282,0.6032986111111112,46.70608108108109,1013.1756756756763,28.143768768768787,0
2928,4,0,1,45,0.0,0.021739130434782608,0.9782608695652174,46,1650,1200,450,0.7272727272727273,21,12,9,350.73990074831426,0.45310990338164253,0.20195512108420344,0.19089241756567885,128458.27880245123,-188.9112085057841,128269.36759394544,1937,1,251.7826086956522,36,10,18,37.676349700066666,0.6047453703703703,46.565315315315324,1013.7387387387398,28.159409409409438,0
2929,4,0,0,45,0.0,0.0,1.0,45,1500,1100,400,0.7333333333333333,19,11,8,349.97575488933177,0.4515993265993266,0.20618490547411006,0.19074949739851968,128515.36502718946,-4.5476219462620975,128510.8174052432,1938,2,257.15555555555557,36,9,18,37.63743891603732,0.6053240740740741,46.50900900900901,1013.9639639639648,28.16566566566569,0
2930,4,1,1,45,0.021739130434782608,0.021739130434782608,0.9782608695652174,46,1150,800,350,0.6956521739130435,15,8,7,340.15630681456156,0.4528280998389694,0.20696448428769476,0.18670277706788868,128794.39153928352,-437.9550871137284,128356.43645216979,1939,0,252.54347826086956,38,8,20,37.60196295126828,0.6044407894736843,46.233974358974365,1015.0641025641038,26.71221322537115,0
2931,4,1,2,44,0.021739130434782608,0.043478260869565216,0.9565217391304348,46,1000,700,300,0.7,13,7,6,335.3595475517824,0.45322061191626406,0.21103020796663197,0.18559858794456852,129121.9740125869,-539.5426432291617,128582.43136935774,1940,0,252.3913043478261,39,7,21,37.39035649619076,0.6060363247863247,45.911458333333336,1016.3541666666674,26.06036324786327,0
2932,4,0,0,44,0.0,0.0,1.0,44,1200,800,400,0.6666666666666666,16,8,8,348.0562325350443,0.4500968992248062,0.2156269017098209,0.1916585508763126,128922.8476550476,174.48012850106184,129097.32778354867,1941,1,264.47727272727275,37,7,21,37.27056791189806,0.607545045045045,46.10745614035087,1015.5701754385957,27.447842579421504,0
2933,4,1,0,45,0.022222222222222223,0.0,1.0,45,1600,1100,500,0.6875,21,11,10,355.6573716723597,0.45109427609427605,0.2534812740134298,0.19876986039942893,129508.13140822174,212.4048986226503,129720.5363068444,1942,0,259.5777777777778,37,8,17,36.48144906459838,0.6134572072072072,45.531798245614034,1017.8728070175437,27.51007586533902,0
2934,4,1,0,46,0.021739130434782608,0.0,1.0,46,1200,600,600,0.5,18,6,12,348.72747760323625,0.4514895330112721,0.2670543854133922,0.19703412189269903,129935.60209155174,-137.57704635106506,129798.02504520067,1943,0,254.91304347826087,38,8,19,36.22354081525727,0.615953947368421,45.112179487179496,1019.5512820512831,26.8302968960864,0
2935,4,0,1,45,0.0,0.021739130434782608,0.9782608695652174,46,1450,1000,450,0.6896551724137931,19,10,9,346.8070134117403,0.451298309178744,0.26806433398298735,0.19663381021706083,130071.79578493713,-178.03779494480506,129893.75798999233,1944,1,255.91304347826087,38,8,19,36.134312596006154,0.6173245614035088,44.9786324786325,1020.0854700854727,26.844354475933493,0
2936,4,0,2,43,0.0,0.044444444444444446,0.9555555555555556,45,900,600,300,0.6666666666666666,12,6,6,354.19935677107924,0.4513257575757576,0.2631309873623353,0.20065544559589432,130038.81602993252,211.93299861498173,130250.7490285475,1945,2,261.06666666666666,37,8,19,35.97926969110584,0.6188063063063063,45.01096491228071,1019.9561403508791,27.56638217164538,0
2937,4,0,0,43,0.0,0.0,1.0,43,1400,1100,300,0.7857142857142857,17,11,6,359.8464438683764,0.45016611295681064,0.25945592162906794,0.20378964417533,130026.3899605625,757.906807270242,130784.29676783274,1946,3,271.25581395348837,35,8,20,35.84789680738386,0.6226190476190476,45.02314814814815,1019.9074074074082,29.140211640211664,0
2938,4,2,0,45,0.044444444444444446,0.0,1.0,45,1350,900,450,0.6666666666666666,18,9,9,334.2898543758839,0.45286195286195285,0.18414367675068077,0.18448997244691112,129011.37689248659,-374.5611211556815,128636.8157713309,1947,0,260.15555555555557,38,7,18,37.5300154239843,0.6066337719298245,46.02029914529914,1015.9188034188028,26.73470535312639,8
2939,4,3,1,47,0.0625,0.020833333333333332,0.9791666666666666,48,1200,600,600,0.5,18,6,12,318.5188121463412,0.455895390070922,0.20509896300727926,0.1795629661054331,129847.9443969363,-1328.0575733493674,128519.88682358694,1948,0,244.83333333333334,40,8,19,37.08225313258217,0.61171875,45.198170731707314,1019.2073170731703,25.480182926829258,0
2940,4,1,0,48,0.020833333333333332,0.0,1.0,48,1050,700,350,0.6666666666666666,14,7,7,315.9252435792628,0.45496269208037826,0.21035769866744491,0.1789546792968816,130034.82187145698,-1383.743445294777,128651.0784261622,1949,0,245.39583333333334,41,7,20,36.95925736796032,0.6120426829268293,45.014880952380956,1019.9404761904767,24.87659698025553,0
2941,4,0,1,47,0.0,0.020833333333333332,0.9791666666666666,48,1350,1000,350,0.7407407407407407,17,10,7,318.13065125687456,0.454722591607565,0.21359787716739564,0.1806722113847021,130136.026126307,-1319.9482512912623,128816.07787501573,1950,1,246.39583333333334,41,7,20,36.800660346783324,0.6130589430894309,44.9156746031746,1020.3373015873016,24.88627564847077,0
2942,4,0,1,46,0.0,0.02127659574468085,0.9787234042553191,47,1750,1300,450,0.7428571428571429,22,13,9,320.0333194502295,0.45330326857847675,0.21398176291793392,0.18234456573327015,130262.58680555545,-1062.203365142359,129200.38344041309,1951,2,252.31914893617022,38,9,22,36.62414965986396,0.6192434210526316,44.791666666666664,1020.8333333333325,26.864035087719277,0
2943,4,1,0,47,0.02127659574468085,0.0,1.0,47,1500,1200,300,0.8,18,12,6,322.12660316371284,0.4529178230033919,0.2097445607071582,0.18457140239991532,130480.80490037623,-993.7323078749329,129487.0725925013,1952,0,251.7872340425532,38,9,25,36.35016905434139,0.6214364035087719,44.577991452991455,1021.6880341880343,26.886527215474587,0
2944,4,0,0,47,0.0,0.0,1.0,47,1350,1000,350,0.7407407407407407,17,10,7,323.3547967863893,0.45253237742830715,0.21299722479185945,0.185929008152174,130617.28395061739,-952.8549382715942,129664.42901234579,1953,1,252.7872340425532,38,9,17,36.18093297101448,0.6228070175438596,44.44444444444445,1022.2222222222231,26.90058479532166,0
2945,4,1,0,48,0.020833333333333332,0.0,1.0,48,1800,1700,100,0.9444444444444444,19,17,2,317.2024422301209,0.45259862588652483,0.21678329092451198,0.18386513244312355,130928.03955078154,-1293.8612196180252,129634.17833116352,1954,0,248.5,39,9,18,36.02470313825277,0.624198717948718,44.140625000000014,1023.4375000000023,26.24198717948724,0
2946,4,1,4,45,0.02040816326530612,0.08163265306122448,0.9183673469387755,49,1400,900,500,0.6428571428571429,19,9,10,308.19606148841524,0.45296556122448983,0.21993125756551302,0.18002506905713822,131223.97898902788,-1711.4573005486018,129512.52168847928,1955,0,244.40816326530611,40,9,20,35.95723401441513,0.6255208333333333,43.85162601626017,1024.5934959349609,25.61483739837402,0
2947,4,0,0,45,0.0,0.0,1.0,45,1650,1300,350,0.7878787878787878,20,13,7,329.5901443707603,0.45056818181818187,0.23182462282237193,0.19066370967908036,130850.90033712306,-374.56657336872064,130476.33376375434,1956,1,265.6222222222222,37,8,20,35.78562051227093,0.6269707207207207,44.21600877192983,1023.1359649122816,27.652323376007608,0
2948,4,0,2,43,0.0,0.044444444444444446,0.9555555555555556,45,1050,900,150,0.8571428571428571,12,9,3,329.45968219698165,0.45044191919191917,0.2316233962089047,0.1907838474052413,130890.4560687414,-375.3743881948894,130515.08168054651,1957,2,266.6222222222222,38,7,20,35.74902554465096,0.6255482456140351,44.17735042735043,1023.290598290599,26.928699955015762,0
2949,4,0,0,43,0.0,0.0,1.0,43,1150,800,350,0.6956521739130435,15,8,7,341.71470864614037,0.44889719453672944,0.22396972288656847,0.19716982108794462,130751.61944038639,335.95030841653625,131087.56974880293,1958,3,278.48837209302326,36,7,20,35.57586434706013,0.6278935185185186,44.31306306306307,1022.7477477477482,28.409659659659674,0
2950,4,0,1,42,0.0,0.023255813953488372,0.9767441860465116,43,1300,800,500,0.6153846153846154,18,8,10,344.2011228436234,0.44887412329272797,0.21807636588874235,0.19919817848134805,130866.819099505,408.9012154046006,131275.7203149096,1959,4,279.48837209302326,36,7,21,35.39580123266563,0.6290509259259259,44.200450450450454,1023.198198198199,28.422172172172193,0
2951,4,0,0,42,0.0,0.0,1.0,42,1300,1000,300,0.7692307692307693,16,10,6,347.43825937312357,0.448158633372048,0.21329522086926556,0.2019342209208048,131031.70680084001,705.0856267146551,131736.79242755467,1960,5,276.7142857142857,35,7,21,35.14629964579093,0.6327380952380952,44.03935185185184,1023.8425925925911,29.25264550264546,0
2952,4,0,0,42,0.0,0.0,1.0,42,1100,700,400,0.6363636363636364,15,7,8,345.7886317851703,0.4476867982965544,0.2078389271857468,0.2014406585034211,131120.5970963003,668.0023737568329,131788.59947005715,1961,6,277.7142857142857,35,7,21,35.09871642746826,0.6336309523809525,43.95254629629628,1024.1898148148127,29.26256613756608,0
2953,4,1,0,43,0.023255813953488372,0.0,1.0,43,1000,700,300,0.7,13,7,6,335.87477819983775,0.44755906238464377,0.20670756311964,0.19732101485727238,131443.5782911289,229.71654086518456,131673.2948319941,1962,0,272.2325581395349,36,7,22,35.02681382238818,0.634837962962963,43.637387387387385,1025.45045045045,28.484734734734722,0
2954,4,0,1,42,0.0,0.023255813953488372,0.9767441860465116,43,1450,1100,350,0.7586206896551724,18,11,7,334.9635282099442,0.446889996308601,0.2012951377455825,0.19753091945118445,131587.96623904305,215.43388828017146,131803.40012732323,1963,1,273.2325581395349,36,7,19,34.90469395968243,0.6362847222222222,43.49662162162162,1026.013513513513,28.500375375375363,0
2955,4,0,1,41,0.0,0.023809523809523808,0.9761904761904762,42,700,400,300,0.5714285714285714,10,4,6,339.82827260595485,0.44547280294231517,0.200849070414288,0.1999454720216432,131501.3239590942,537.5735532830121,132038.8975123772,1964,2,280.26190476190476,36,6,22,34.86724125311081,0.6354166666666667,43.58108108108108,1025.6756756756756,28.49099099099099,0
2956,4,1,1,41,0.023809523809523808,0.023809523809523808,0.9761904761904762,42,1300,1000,300,0.7692307692307693,16,10,6,341.3212474600014,0.4451219512195122,0.20690907191181407,0.20189118563257077,131703.53366457688,590.642881056741,132294.1765456336,1965,0,279.57142857142856,36,6,20,34.625159992686044,0.6374421296296297,43.38400900900901,1026.463963963965,28.512887887887914,0
2957,4,0,0,41,0.0,0.0,1.0,41,1200,700,500,0.5833333333333334,17,7,10,349.34671966313545,0.4441310975609756,0.21074359694172418,0.20557175495715166,131506.13667052463,988.2474922839449,132494.38416280856,1966,1,287.3170731707317,35,6,22,34.61831415030467,0.6375,43.576388888888886,1025.6944444444441,29.305555555555546,0
2958,4,0,0,41,0.0,0.0,1.0,41,1150,800,350,0.6956521739130435,15,8,7,355.2598439133811,0.4438770325203252,0.19557216821363244,0.20358617623523315,130486.5499480612,1074.34035525891,131560.8903033201,1967,2,288.3170731707317,37,4,20,35.498050368462465,0.6233108108108107,44.572368421052644,1021.7105263157916,27.61379800853491,8
2959,4,0,0,41,0.0,0.0,1.0,41,1550,1100,450,0.7096774193548387,20,11,9,356.9923223196069,0.4424542682926829,0.2022595381499832,0.2051715430741911,130598.6036568946,1124.5397622345538,131723.14341912916,1968,3,289.3170731707317,37,4,17,35.34023457054996,0.6244369369369369,44.462719298245624,1022.1491228070189,27.625651967757268,0
2960,4,0,2,39,0.0,0.04878048780487805,0.9512195121951219,41,1300,1000,300,0.7692307692307693,16,10,6,339.84733864739223,0.44192073170731705,0.09104782082007001,0.192524966144826,130038.81602993225,638.6691097260627,130677.48513965831,1969,4,290.3170731707317,37,4,18,36.3452304163979,0.6188063063063063,45.0109649122807,1019.9561403508769,27.566382171645323,8
2961,4,0,0,39,0.0,0.0,1.0,39,1100,800,300,0.7272727272727273,14,8,6,354.5837797485765,0.4391587944219523,0.10767658593251839,0.20005248867685538,129878.87577428405,1410.588536308288,131289.46431059233,1970,5,304.7435897435897,35,4,18,36.131888459937166,0.6211309523809524,45.16782407407407,1019.3287037037031,29.123677248677232,0
2962,4,0,0,39,0.0,0.0,1.0,39,1150,700,450,0.6086956521739131,16,7,9,355.04714871892526,0.4384278002699055,0.1125305789616744,0.20095668617491166,130004.05811216618,1431.514030922811,131435.572143089,1971,6,305.7435897435897,36,3,18,35.992942064193166,0.6203703703703703,45.04504504504504,1019.8198198198195,28.32832832832832,0
2963,4,1,0,40,0.025,0.0,1.0,40,1200,900,300,0.75,15,9,6,348.62726147527417,0.4396100427350427,0.12503859726510802,0.19907758230842462,130348.82010388751,1088.8872402808015,131437.7073441683,1972,0,299.075,36,4,20,35.80700448463461,0.6238425925925926,44.7072072072072,1021.1711711711699,28.365865865865832,0
2964,4,0,0,40,0.0,0.0,1.0,40,1150,900,250,0.782608695652174,14,9,5,347.78696993509266,0.4390090811965812,0.11966549101730362,0.19933488175749164,130492.60567577691,1076.72558538265,131569.33126115956,1973,1,300.075,36,4,17,35.682795106359514,0.6252893518518519,44.56644144144143,1021.7342342342325,28.381506506506458,0
2965,4,0,0,40,0.0,0.0,1.0,40,1200,700,500,0.5833333333333334,17,7,10,347.38671462938936,0.438795405982906,0.11853719008264463,0.19940129255292255,130550.1420973336,1070.27699151852,131620.41908885213,1974,2,301.075,36,4,17,35.63475665748392,0.6258680555555556,44.51013513513512,1021.9594594594578,28.387762762762716,0
2966,4,0,0,40,0.0,0.0,1.0,40,1400,1000,400,0.7142857142857143,18,10,8,344.6385896603514,0.4392761752136752,0.11759993392798207,0.19870876398131102,130722.82745160689,1010.4261778670441,131733.25362947394,1975,3,302.075,36,4,17,35.530227948463825,0.6276041666666667,44.34121621621621,1022.6351351351341,28.406531531531503,0
2967,4,0,0,40,0.0,0.0,1.0,40,1500,1300,200,0.8666666666666667,17,13,4,344.2263308785882,0.438261217948718,0.12388326548575268,0.19966005879741436,130953.25213304497,1015.5114996753272,131968.7636327203,1976,4,303.075,36,4,19,35.30778963582353,0.6299189814814814,44.11599099099098,1023.5360360360341,28.431556556556504,0
2968,4,0,1,39,0.0,0.025,0.975,40,1150,1100,50,0.9565217391304348,12,11,1,342.5125940452478,0.43772702991452994,0.12046304443466771,0.19911282001658503,131039.71370018649,976.550452479483,132016.26415266597,1977,5,304.075,36,4,19,35.264289118639084,0.630787037037037,44.03153153153152,1023.8738738738724,28.4409409409409,0
2969,4,0,1,38,0.0,0.02564102564102564,0.9743589743589743,39,950,600,350,0.631578947368421,13,6,7,344.13356085280134,0.4344916779127306,0.1292801446491132,0.20047648979502553,131120.59709630048,1224.599595979069,132345.19669227954,1978,6,311.5897435897436,35,4,19,35.141094097261465,0.6336309523809525,43.95254629629629,1024.189814814814,29.262566137566118,0
2970,4,0,0,38,0.0,0.0,1.0,38,950,700,250,0.7368421052631579,12,7,5,347.95995141233095,0.4331584874348032,0.12746920752963042,0.20315762156407874,131206.12953514743,1530.8956916099803,132737.0252267574,1979,7,319.36842105263156,34,4,21,34.95671624448061,0.6366421568627452,43.86904761904762,1024.5238095238096,30.13305322128852,0
2971,4,0,0,38,0.0,0.0,1.0,38,1000,700,300,0.7,13,7,6,348.91899779208995,0.4325213371266003,0.13226366531964762,0.20420419116193766,131297.62081916095,1562.4468537414969,132860.06767290246,1980,8,320.36842105263156,34,4,22,34.8397510357378,0.6375612745098039,43.779761904761905,1024.880952380952,30.143557422969177,0
2972,4,1,0,39,0.02564102564102564,0.0,1.0,39,1050,600,450,0.5714285714285714,15,6,9,339.492433691227,0.43359199280251914,0.139327129066672,0.20086446927334808,131713.96933138272,1143.1791998885358,132857.14853127126,1981,0,313.12820512820514,35,4,18,34.66157871988576,0.6395833333333334,43.37384259259259,1026.5046296296284,29.32870370370367,0
2973,4,1,1,39,0.025,0.025,0.975,40,1000,600,400,0.6,14,6,8,334.1423602750897,0.43392094017094013,0.14815656842335945,0.19945829445590213,132050.54029959018,824.7358422611862,132875.27614185135,1982,0,306.275,36,4,19,34.46025528651254,0.6409143518518519,43.046171171171174,1027.8153153153157,28.550425425425438,0
2974,4,0,0,39,0.0,0.0,1.0,39,1100,800,300,0.7272727272727273,14,8,6,342.43973703433164,0.43378879892037786,0.15190575190575184,0.204359197907585,132040.89506172843,1243.209876543212,133284.10493827163,1983,1,306.64102564102564,35,4,19,34.25675675675676,0.6428571428571428,43.05555555555556,1027.777777777778,29.365079365079374,0
2975,4,1,0,40,0.025,0.0,1.0,40,1550,1300,250,0.8387096774193549,18,13,5,337.84938959018785,0.4349759615384616,0.16272344013490692,0.20401699391749636,132487.3559268906,952.6367187500165,133439.99264564062,1984,0,299.95,35,5,22,33.92601180438449,0.6473214285714286,42.621527777777786,1029.51388888889,29.414682539682573,0
2976,4,0,0,40,0.0,0.0,1.0,40,1400,1100,300,0.7857142857142857,17,11,6,340.54892059083454,0.43444177350427354,0.16183146067415755,0.20646358264703177,132636.34366426614,1033.8327331961646,133670.17639746232,1985,1,300.95,35,5,20,33.70692883895132,0.6488095238095238,42.476851851851855,1030.0925925925928,29.431216931216937,0
2977,4,0,0,40,0.0,0.0,1.0,40,1400,1000,400,0.7142857142857143,18,10,8,341.3775738769577,0.43354700854700856,0.16300943078477625,0.20812115335537726,132845.0671537423,1070.0653452932133,133915.1324990355,1986,2,301.95,35,5,21,33.476128326035706,0.6508928571428572,42.27430555555556,1030.9027777777778,29.45436507936508,0
2978,4,0,0,40,0.0,0.0,1.0,40,950,700,250,0.7368421052631579,12,7,5,343.27109478624624,0.43341346153846155,0.16368686868686888,0.2097767801471505,132934.5703125,1126.519097222222,134061.08940972222,1987,3,302.95,35,5,21,33.33754208754208,0.6517857142857143,42.1875,1031.25,29.464285714285715,0
2979,4,0,0,40,0.0,0.0,1.0,40,1150,1000,150,0.8695652173913043,13,10,3,340.44205420338227,0.43305288461538466,0.1617623962306487,0.2087139251147832,133053.9547432269,1059.432334533594,134113.3870777605,1988,4,303.95,35,5,21,33.290797247775046,0.6529761904761905,42.07175925925925,1031.712962962962,29.477513227513196,0
2980,4,0,0,40,0.0,0.0,1.0,40,1100,700,400,0.6363636363636364,15,7,8,344.2950260221803,0.43235844017094016,0.16413494054761713,0.21196457377738923,133210.52629910308,1172.744323715604,134383.27062281867,1989,5,304.95,36,4,21,33.03448056434312,0.6524884259259259,41.92004504504504,1032.3198198198193,28.675550550550536,0
2981,4,0,0,40,0.0,0.0,1.0,40,1150,900,250,0.782608695652174,14,9,5,348.98049507528947,0.4319845085470086,0.16714542679603195,0.21585961438473567,133384.961714248,1309.7499949273547,134694.71170917535,1990,6,305.95,36,4,21,32.73874414041208,0.654224537037037,41.751126126126124,1032.995495495495,28.69431931931931,0
2982,4,0,0,40,0.0,0.0,1.0,40,1150,900,250,0.782608695652174,14,9,5,350.4429750366481,0.431784188034188,0.1718197088465847,0.21762557490106163,133532.0283028977,1359.1007858302378,134891.12908872793,1991,7,306.95,35,5,21,32.55365808137364,0.6577380952380952,41.60879629629629,1033.564814814814,29.53042328042326,0
2983,4,0,1,39,0.0,0.025,0.975,40,1400,1200,200,0.8571428571428571,16,12,4,352.90172711609813,0.43154380341880344,0.17650022391401765,0.2195068402925478,133591.84777949238,1428.9587620027391,135020.8065414951,1992,8,307.95,35,5,21,32.430213464696244,0.6583333333333333,41.550925925925924,1033.7962962962956,29.537037037037017,0
2984,4,0,0,39,0.0,0.0,1.0,39,950,500,450,0.5263157894736842,14,5,9,357.09178752779997,0.4306117858749438,0.17310920029953247,0.22301392768245648,133741.45507812515,1751.5950520833483,135493.0501302085,1993,9,312.3076923076923,35,4,17,32.172079556898275,0.6598214285714286,41.40625000000001,1034.3750000000011,29.553571428571463,0
2985,4,0,0,39,0.0,0.0,1.0,39,1400,1200,200,0.8571428571428571,16,12,4,357.79924412605345,0.4299651372019793,0.17670572177393873,0.2243647153559028,133891.1461012519,1781.2301740397993,135672.37627529172,1994,10,313.3076923076923,35,4,18,32.00393275180794,0.6613095238095238,41.26157407407408,1034.9537037037053,29.570105820105866,0
2986,4,0,0,39,0.0,0.0,1.0,39,1600,1200,400,0.75,20,12,8,362.99450377482657,0.4290092217723797,0.1869740495285248,0.2289244407527079,134100.85419077938,1935.574604552472,136036.42879533186,1995,11,314.3076923076923,35,4,18,31.65961280590009,0.6633928571428571,41.05902777777778,1035.7638888888894,29.593253968253983,0
2987,4,0,0,39,0.0,0.0,1.0,39,1750,1500,250,0.8571428571428571,20,15,5,361.7506055531198,0.4283344579397211,0.1812057468893935,0.2286999591039216,134190.77932098773,1908.7191358024834,136099.4984567902,1996,12,315.3076923076923,35,4,18,31.601876675603233,0.6642857142857144,40.97222222222223,1036.1111111111118,29.603174603174622,0
2988,4,0,0,39,0.0,0.0,1.0,39,900,600,300,0.6666666666666666,12,6,6,360.51866797894695,0.4274910031488979,0.18024493252654938,0.2285271225949192,134288.02958363772,1882.6683102020957,136170.69789383982,1997,13,316.3076923076923,36,3,18,31.536560191221195,0.6631944444444444,40.87837837837838,1036.4864864864867,28.791291291291298,0
2989,4,0,0,39,0.0,0.0,1.0,39,950,500,450,0.5263157894736842,14,5,9,365.55978854911007,0.42656320287899235,0.09101212152592009,0.22411278921091926,133053.95474322693,1956.3845654807576,135010.33930870768,1998,14,317.3076923076923,35,4,19,32.64293994465634,0.6529761904761905,42.07175925925925,1031.7129629629621,29.477513227513203,8
2990,4,0,1,38,0.0,0.02564102564102564,0.9743589743589743,39,1150,900,250,0.782608695652174,14,9,5,367.55845747325964,0.4260290148448043,0.049209138840070166,0.21560903330132442,131385.84530476414,1858.395726807879,133244.24103157202,1999,15,318.3076923076923,36,3,19,34.27293863503221,0.6342592592592593,43.69369369369369,1025.2252252252247,28.478478478478465,8
2991,4,0,2,36,0.0,0.05263157894736842,0.9473684210526316,38,850,400,450,0.47058823529411764,13,4,9,369.88473315307334,0.42512743006164055,0.059641798844397576,0.21782647109207218,131535.81700370787,2130.6181144975835,133666.43511820544,2000,16,325.7105263157895,35,3,19,34.061665538380524,0.6377976190476191,43.547453703703695,1025.810185185184,29.3088624338624,0
2992,4,0,0,36,0.0,0.0,1.0,36,650,600,50,0.9230769230769231,7,6,1,381.6896241512142,0.42387566137566135,0.0693614365022448,0.2239281483624863,131390.93888168,2830.1116157247047,134221.0504974047,2001,17,335.75,33,3,19,33.90559008685951,0.6407828282828283,43.68872549019607,1025.2450980392146,31.068033273915592,0
2993,4,0,0,36,0.0,0.0,1.0,36,1300,1000,300,0.7692307692307693,16,10,6,384.99962238381113,0.42323082010582014,0.027917572152960535,0.2071416429847175,127998.08873724703,2655.843165937925,130653.93190318496,2002,18,336.75,35,1,15,37.279943002020666,0.6020833333333333,47.019675925925924,1011.9212962962958,28.912037037037024,8
2994,4,1,1,36,0.02702702702702703,0.02702702702702703,0.972972972972973,37,1150,800,350,0.6956521739130435,15,8,7,377.50857502796043,0.4256443943943944,0.02821674497975102,0.20458235788864673,128287.09621783961,2285.8957775343106,130572.99199537393,2003,0,328.6216216216216,36,1,17,37.17323440047429,0.6030092592592593,46.73423423423424,1013.0630630630643,28.140640640640676,0
2995,4,1,1,36,0.02702702702702703,0.02702702702702703,0.972972972972973,37,600,400,200,0.6666666666666666,8,4,4,369.1792016150076,0.4288038038038038,0.03942279128245585,0.20164930678874327,128601.01814229778,2095.364240930128,130696.3823832279,2004,0,326.4054054054054,36,1,13,37.06307131490324,0.6061921296296297,46.42454954954955,1014.3018018018024,28.175050050050068,0
2996,4,0,0,36,0.0,0.0,1.0,36,1400,1000,400,0.7142857142857143,18,10,8,376.374341940541,0.42574404761904766,0.035782243026220684,0.20488892859274058,128466.99948827579,2470.3364786951142,130937.3359669709,2005,1,336.44444444444446,35,1,14,37.0177579251817,0.606845238095238,46.556712962962955,1013.7731481481474,28.964947089947067,0
2997,4,0,0,36,0.0,0.0,1.0,36,1000,500,500,0.5,15,5,10,373.1944813698883,0.42673611111111115,0.029311656208404813,0.20405799308840125,128643.06205257638,2401.776164909128,131044.8382174855,2006,2,337.44444444444446,35,1,14,36.918259174748044,0.6086309523809523,46.383101851851855,1014.4675925925932,28.984788359788375,0
2998,4,0,0,36,0.0,0.0,1.0,36,1000,600,400,0.6,14,6,8,374.44277877963225,0.42612433862433857,0.032820220448498416,0.20549832101986093,128789.87295310368,2444.887581447198,131234.76053455088,2007,3,338.44444444444446,35,1,14,36.736507031546935,0.6101190476190477,46.23842592592593,1015.0462962962972,29.00132275132278,0
2999,4,1,1,36,0.02702702702702703,0.02702702702702703,0.972972972972973,37,1250,800,450,0.64,17,8,9,365.1476503017073,0.42911661661661665,0.05876845301305744,0.20352307344083453,129401.8231702988,2050.1543350783354,131451.97750537714,2008,0,330.27027027027026,36,1,16,36.34822910902047,0.6142939814814814,45.63626126126127,1017.454954954956,28.262637637637667,0
3000,4,0,0,36,0.0,0.0,1.0,36,1150,800,350,0.6956521739130435,15,8,7,371.1538572993397,0.4279927248677249,0.06854716408856532,0.20705486759998706,129436.83556241434,2408.1961591220916,131845.03172153645,2009,1,338.77777777777777,35,1,13,36.159766454352436,0.6166666666666667,45.601851851851855,1017.5925925925932,29.07407407407409,0
3001,4,0,0,36,0.0,0.0,1.0,36,950,700,250,0.7368421052631579,12,7,5,373.50413223140487,0.42723214285714284,0.07196969696969724,0.2096196660482375,129672.49657064477,2486.642661179706,132159.13923182446,2010,2,339.77777777777777,35,1,13,35.8598484848485,0.6190476190476191,45.370370370370374,1018.5185185185189,29.100529100529112,0
3002,4,0,1,35,0.0,0.027777777777777776,0.9722222222222222,36,700,500,200,0.7142857142857143,9,5,4,372.1350454595084,0.42681878306878307,0.06873603695709796,0.2093229907463292,129760.92470689732,2457.7175229338172,132218.64222983114,2011,3,340.77777777777777,35,1,14,35.804673596122534,0.6199404761904762,45.28356481481482,1018.865740740741,29.11044973544974,0
3003,4,0,0,35,0.0,0.0,1.0,35,1200,1000,200,0.8333333333333334,14,10,4,374.21128515334533,0.42538515406162464,0.06777206912657663,0.211394818341243,129928.59977324241,2724.1496598639196,132652.74943310634,2012,4,349.0285714285714,34,1,15,35.58111474388914,0.6237745098039216,45.119047619047606,1019.5238095238077,29.98599439775905,0
3004,4,1,0,36,0.027777777777777776,0.0,1.0,36,1150,900,250,0.782608695652174,14,9,5,367.01374427321974,0.4258267195767196,0.07607709750566904,0.20911248220218312,130262.58680555539,2362.0606575963525,132624.64746315175,2013,0,340.30555555555554,34,2,17,35.42517006802721,0.6271446078431373,44.79166666666666,1020.833333333332,30.02450980392153,0
3005,4,0,1,35,0.0,0.027777777777777776,0.9722222222222222,36,1450,1300,150,0.896551724137931,16,13,3,367.9883144589462,0.4253968253968254,0.0719774955003949,0.21065428461455746,130444.94224773235,2400.4428854875196,132845.38513321988,2014,1,341.30555555555554,34,2,17,35.21515557627317,0.6289828431372548,44.613095238095234,1021.5476190476185,30.045518207282896,0
3006,4,0,0,35,0.0,0.0,1.0,35,1250,1000,250,0.8,15,10,5,377.0011041730144,0.42436974789915966,0.07430832748017124,0.2163669791946844,130544.21864487203,2843.062914504022,133387.28155937605,2015,2,350.2857142857143,33,2,15,34.884153775432715,0.632260101010101,44.51593137254901,1021.9362745098028,30.96776589423645,0
3007,4,0,0,35,0.0,0.0,1.0,35,1000,900,100,0.9,11,9,2,375.87461322641485,0.4242296918767507,0.07741034000931535,0.21635463662120952,130657.85147392268,2822.1938775509925,133480.04535147367,2016,3,351.2857142857143,34,1,15,34.7975857786058,0.6311274509803921,44.40476190476189,1022.3809523809506,30.07002801120443,0
3008,4,0,2,33,0.0,0.05714285714285714,0.9428571428571428,35,1500,1200,300,0.8,18,12,6,372.8554149115639,0.42359943977591036,0.0790600279199627,0.21597474033556643,130901.38888888899,2761.458333333344,133662.84722222234,2017,4,352.2857142857143,34,1,16,34.62778230184581,0.633578431372549,44.16666666666667,1023.3333333333342,30.0980392156863,0
3009,4,0,0,33,0.0,0.0,1.0,33,1250,1000,250,0.8,15,10,5,393.05515840881327,0.4236111111111111,0.09184097364905086,0.22619528199261993,130649.55305899908,3670.496154729112,134320.0492137282,2018,5,371.969696969697,32,1,16,34.3668951463505,0.6357421875,44.41287878787879,1022.3484848484849,31.948390151515152,0
3010,4,0,0,33,0.0,0.0,1.0,33,900,500,400,0.5555555555555556,13,5,8,388.34755807182745,0.42329545454545453,0.06603626377055827,0.20833451872251094,127880.99500868074,3335.969693382716,131216.96470206344,2019,6,372.969696969697,31,2,19,37.31548232063166,0.6102150537634409,47.13541666666668,1011.4583333333348,32.62768817204306,8
3011,4,1,0,34,0.029411764705882353,0.0,1.0,34,700,500,200,0.7142857142857143,9,5,4,378.90240793246267,0.42600638740344626,0.07556056786519849,0.20530463325571316,128280.65609102199,2921.712431531091,131202.36852255306,2020,0,362.97058823529414,30,4,21,37.144531422758845,0.6170138888888889,46.74059139784946,1013.0376344086014,33.767921146953384,0
3012,4,0,0,34,0.0,0.0,1.0,34,1100,800,300,0.7272727272727273,14,8,6,378.81384972519487,0.42630347593582885,0.07593554526026836,0.20613377017513848,128450.91376170654,2931.797028558211,131382.71079026474,2021,1,363.97058823529414,30,4,17,36.9723990099885,0.61875,46.57258064516129,1013.7096774193546,33.79032258064515,0
3013,4,0,0,34,0.0,0.0,1.0,34,1000,700,300,0.7,13,7,6,378.47311469773956,0.4255978906714201,0.06884052322227596,0.20665398867649368,128587.20119377966,2933.3597092149384,131520.5609029946,2022,2,364.97058823529414,30,4,18,36.841538563477336,0.6201388888888889,46.43817204301075,1014.2473118279572,33.80824372759857,0
3014,4,0,0,34,0.0,0.0,1.0,34,1100,700,400,0.6363636363636364,15,7,8,379.7202798796356,0.4238339275103981,0.07038496584917553,0.20858380174042818,128825.87808200363,2983.5596962076406,131809.4377782113,2023,3,365.97058823529414,30,4,19,36.56576856878061,0.6225694444444445,46.202956989247305,1015.1881720430101,33.839605734767005,0
3015,4,0,0,34,0.0,0.0,1.0,34,600,300,300,0.5,9,3,6,379.15695225964816,0.42366681521093286,0.07541168684548594,0.20863297700813116,128894.11212640187,2974.219743611974,131868.33187001385,2024,4,366.97058823529414,30,4,20,36.51031325832781,0.6232638888888888,46.13575268817204,1015.4569892473116,33.84856630824372,0
3016,4,0,0,34,0.0,0.0,1.0,34,1050,700,350,0.6666666666666666,14,7,7,377.3827297754495,0.4225155971479501,0.0862453643681973,0.20857612062093545,129069.04432508686,2941.6856553819543,132010.7299804688,2025,5,367.97058823529414,31,3,20,36.376644455834615,0.6223118279569892,45.96354166666667,1016.1458333333338,32.77889784946238,0
3017,4,0,0,34,0.0,0.0,1.0,34,1200,900,300,0.75,15,9,6,374.08412701762717,0.42242275698158055,0.08119967157051078,0.20762067859848268,129234.4856262207,2868.9139472113716,132103.39957343208,2026,6,368.97058823529414,31,3,20,36.291591966534334,0.623991935483871,45.80078125,1016.796875,32.799899193548384,0
3018,4,0,0,34,0.0,0.0,1.0,34,1500,1100,400,0.7333333333333333,19,11,8,375.08119895020167,0.42242275698158055,0.08487739137636341,0.20887451228780662,129366.91496107321,2904.6195136176316,132271.53447469085,2027,7,369.97058823529414,31,3,21,36.13115427279321,0.6253360215053764,45.67057291666667,1017.317708333334,32.81670026881723,0
3019,4,1,0,35,0.02857142857142857,0.0,1.0,35,800,600,200,0.75,10,6,4,365.2831694110228,0.424859943977591,0.08515475600254985,0.20523012610084487,129715.36705438222,2476.5680797877817,132191.93513417,2028,0,360.37142857142857,32,3,16,36.0255536274996,0.6263020833333333,45.32828282828283,1018.6868686868688,31.83396464646465,0
3020,4,1,0,36,0.027777777777777776,0.0,1.0,36,1300,900,400,0.6923076923076923,17,9,8,356.639776834696,0.4269510582010582,0.09296616501227462,0.20287541403547454,130200.04325259512,2086.902873894654,132286.94612648978,2029,0,351.3333333333333,33,3,18,35.75338216458533,0.6287878787878788,44.85294117647059,1020.5882352941173,30.92691622103386,0
3021,4,0,0,36,0.0,0.0,1.0,36,1050,700,350,0.6666666666666666,14,7,7,355.950308852113,0.4257275132275132,0.09349492950779159,0.20297702379253788,130294.81207274778,2075.710738086731,132370.52281083452,2030,1,352.3333333333333,32,4,18,35.67482892241735,0.6321614583333333,44.76010101010102,1020.9595959595968,31.9049873737374,0
3022,4,0,0,36,0.0,0.0,1.0,36,1300,900,400,0.6923076923076923,17,9,8,357.6812302362329,0.4255787037037037,0.09563398854411376,0.20447233013292515,130391.51178770034,2127.7192697173937,132519.23105741772,2031,2,353.3333333333333,32,4,19,35.532564799934086,0.6331380208333333,44.66540404040405,1021.3383838383846,31.91682449494952,0
3023,4,1,0,37,0.02702702702702703,0.0,1.0,37,1400,1000,400,0.7142857142857143,18,10,8,352.4541544128324,0.42652027027027023,0.10403478835250768,0.20359410566670658,130794.81336805547,1819.8350694444352,132614.6484374999,2032,0,344.7567567567568,33,4,17,35.2575526137135,0.6347853535353536,44.27083333333333,1022.916666666666,30.997474747474726,0
3024,4,1,0,38,0.02631578947368421,0.0,1.0,38,1000,800,200,0.8,12,8,4,343.7835650382424,0.42743895211000477,0.10936869026786877,0.20008296525432753,131084.19075963716,1412.9180839002174,132497.10884353737,2033,0,336.6578947368421,34,4,18,35.186826706967366,0.6354166666666667,43.988095238095234,1024.0476190476188,30.119047619047613,0
3025,4,0,1,37,0.0,0.02631578947368421,0.9736842105263158,38,1150,800,350,0.6956521739130435,15,8,7,344.1003712059034,0.42680180180180183,0.09944476038475392,0.2010639439897631,131236.6230867347,1431.7141439909315,132668.33723072562,2034,1,337.6578947368421,34,4,19,35.02478602687734,0.6369485294117647,43.839285714285715,1024.6428571428573,30.136554621848745,0
3026,4,0,2,35,0.0,0.05405405405405406,0.9459459459459459,37,950,500,450,0.5263157894736842,14,5,9,389.7362773345087,0.4246746746746746,0.14693200123663708,0.2176704628959714,129481.87183114662,2692.7884297101136,132174.66026085673,2035,2,347.6216216216216,33,4,15,35.64105458559101,0.6215277777777778,45.557598039215684,1017.7696078431369,30.841503267973845,8
3027,4,3,0,38,0.07894736842105263,0.0,1.0,38,900,500,400,0.5555555555555556,13,5,8,371.01327070727734,0.4312470365101944,0.1513038494603114,0.2107508372780511,130144.46159122068,2057.0644718792673,132201.52606309994,2036,0,334.92105263157896,35,3,18,35.44313369630975,0.6238095238095238,44.9074074074074,1020.370370370369,29.153439153439113,0
3028,4,0,1,37,0.0,0.02631578947368421,0.9736842105263158,38,750,500,250,0.6666666666666666,10,5,5,373.6776343190337,0.43077287814129916,0.15177228786251362,0.21290934978642623,130262.58680555552,2135.3502229080887,132397.9370284636,2037,1,335.92105263157896,33,5,18,35.25510204081632,0.6294191919191919,44.791666666666664,1020.833333333333,30.934343434343425,0
3029,4,0,0,37,0.0,0.0,1.0,37,800,600,200,0.75,10,6,4,388.7326783596289,0.4295232732732733,0.15577429973136936,0.22096926517896157,130171.45691609988,2720.379818594117,132891.836734694,2038,2,345.8918918918919,34,3,18,34.96364131280137,0.6262254901960784,44.88095238095239,1020.4761904761913,30.01400560224092,0
3030,4,0,0,37,0.0,0.0,1.0,37,850,500,350,0.5882352941176471,12,5,7,387.26284575368317,0.42858483483483484,0.15768996797935664,0.22083267776899038,130294.81207274772,2691.7317175569365,132986.54379030465,2039,3,346.8918918918919,32,5,18,34.875608046829896,0.6321614583333333,44.76010101010101,1020.9595959595963,31.904987373737384,0
3031,4,0,0,37,0.0,0.0,1.0,37,1250,1000,250,0.8,15,10,5,386.52161058940993,0.42820945945945943,0.15430305545468692,0.22129424078800283,130450.30757401,2684.3725970780506,133134.68017108805,2040,4,347.8918918918919,33,4,19,34.736384357005754,0.6313131313131313,44.6078431372549,1021.5686274509806,30.95662507427214,0
3032,4,0,0,37,0.0,0.0,1.0,37,1250,1000,250,0.8,15,10,5,381.5665738393662,0.4274587087087087,0.14757065205417397,0.219458283292608,130627.42524092969,2568.6118197278925,133196.03706065757,2041,5,348.8918918918919,34,3,17,34.682999495361216,0.6308210784313726,44.43452380952381,1022.2619047619046,30.066526610644253,0
3033,4,0,0,37,0.0,0.0,1.0,37,1050,900,150,0.8571428571428571,12,9,3,379.86085153860137,0.42752127127127126,0.14609952290436734,0.2186491282180635,130657.8514739229,2526.3605442176886,133184.2120181406,2042,6,349.8918918918919,34,3,17,34.69569942555505,0.6311274509803921,44.404761904761905,1022.3809523809523,30.070028011204478,0
3034,4,0,0,37,0.0,0.0,1.0,37,1250,1100,150,0.88,14,11,3,380.4881304351812,0.4271146146146146,0.1475556785692942,0.21987454639068674,130810.0357851474,2554.333191609976,133364.36897675737,2043,7,350.8918918918919,34,3,17,34.525194926102635,0.6326593137254901,44.25595238095238,1022.9761904761905,30.087535014005603,0
3035,4,0,0,37,0.0,0.0,1.0,37,1000,800,200,0.8,12,8,4,380.7184691312953,0.4266766766766767,0.1526010252606369,0.22105321512896756,130992.77388038552,2574.273667800463,133567.04754818598,2044,8,351.8918918918919,34,3,17,34.33393417839284,0.6344975490196079,44.077380952380956,1023.6904761904765,30.108543417366956,0
3036,4,0,1,36,0.0,0.02702702702702703,0.972972972972973,37,1050,900,150,0.8571428571428571,12,9,3,382.33204739542936,0.4269894894894895,0.1544213049501899,0.22269482760615303,131114.67013888896,2625.8680555555616,133740.53819444453,2045,9,352.8918918918919,34,3,17,34.16903986981284,0.6357230392156863,43.958333333333336,1024.1666666666672,30.12254901960786,0
3037,4,0,0,36,0.0,0.0,1.0,36,1150,800,350,0.6956521739130435,15,8,7,389.22124879894386,0.42288359788359786,0.1609741994656455,0.227041201584813,131171.15600069682,3010.920228998454,134182.0762296953,2046,10,363.44444444444446,33,3,17,33.93535410934321,0.6385732323232323,43.9031862745098,1024.3872549019604,31.042038027332133,0
3038,4,0,0,36,0.0,0.0,1.0,36,1000,800,200,0.8,12,8,4,373.2130094569354,0.42248677248677247,0.07838824909362363,0.213674701018751,130450.30757401,2580.136395857367,133030.44396986737,2047,11,364.44444444444446,33,3,20,35.076275591810614,0.6313131313131313,44.6078431372549,1021.5686274509806,30.95662507427214,8
3039,4,1,0,37,0.02702702702702703,0.0,1.0,37,850,600,250,0.7058823529411765,11,6,5,363.3238251164302,0.42505005005005003,0.08042050430318537,0.20979020869626172,130779.59183673497,2103.0683106576244,132882.6601473926,2048,0,355.56756756756755,34,3,16,34.99500504345126,0.6323529411764706,44.2857142857143,1022.857142857145,30.084033613445442,0
3040,4,0,0,37,0.0,0.0,1.0,37,1200,800,400,0.6666666666666666,16,8,8,362.1127382110897,0.42423673673673673,0.10791204697624757,0.19691219314555736,128423.8652951991,1910.7360254150872,130334.60132061418,2049,1,356.56756756756755,33,4,19,37.4233012936767,0.6107954545454546,46.59926470588236,1013.6029411764717,30.715240641711265,7
3041,4,0,1,36,0.0,0.02702702702702703,0.972972972972973,37,850,400,450,0.47058823529411764,13,4,9,361.210250632071,0.42439314314314314,0.10229373681150356,0.19688100222198662,128517.04422577866,1884.3347510573017,130401.37897683597,2050,2,357.56756756756755,33,4,20,37.35093868342598,0.6117424242424243,46.50735294117648,1013.970588235295,30.726381461675608,0
3042,4,1,0,37,0.02702702702702703,0.0,1.0,37,1250,800,450,0.64,17,8,9,354.1123158454061,0.4227352352352352,0.12189889502587392,0.1947275268759168,128868.76594387753,1726.8034297052145,130595.56937358275,2051,0,358.1621621621622,34,3,21,37.171952554031336,0.6130514705882353,46.160714285714285,1015.3571428571427,29.863445378151255,0
3043,4,0,0,37,0.0,0.0,1.0,37,800,600,200,0.75,10,6,4,353.9975116559089,0.4218280780780781,0.12594455247372993,0.19540845824524755,129019.90504535154,1734.5450680272204,130754.45011337876,2052,1,359.1621621621622,34,3,21,37.02078939145378,0.6145833333333333,46.011904761904766,1015.9523809523814,29.880952380952394,0
3044,4,1,0,38,0.02631578947368421,0.0,1.0,38,1500,1100,400,0.7333333333333333,19,11,8,345.4584083407763,0.4245643669985775,0.12457207595497821,0.19275316413165508,129443.56575963722,1343.6011904761897,130787.1669501134,2053,0,350.6842105263158,34,4,20,36.80661168304476,0.6188725490196079,45.595238095238095,1017.6190476190479,29.92997198879553,0
3045,4,1,0,39,0.02564102564102564,0.0,1.0,39,950,600,350,0.631578947368421,13,6,7,340.26466686016994,0.4263101664417454,0.13100624865330746,0.19182910732206493,129849.38298396768,1036.6314086076668,130886.01439257534,2054,0,342.6666666666667,35,4,21,36.526705276705265,0.6208333333333333,45.19675925925925,1019.2129629629621,29.120370370370345,0
3046,4,1,0,40,0.025,0.0,1.0,40,1650,1300,350,0.7878787878787878,20,13,7,335.6934610578924,0.42844551282051285,0.1274489795918372,0.19126720455624133,130262.58680555574,745.6597222222457,131008.24652777798,2055,0,335.075,36,4,22,36.22448979591838,0.622974537037037,44.79166666666668,1020.8333333333348,28.356481481481524,0
3047,4,0,0,40,0.0,0.0,1.0,40,900,700,200,0.7777777777777778,11,7,4,336.65090175367413,0.4280448717948718,0.13018023124008193,0.1921044149593086,130321.6695066014,774.5815114883284,131096.25101808974,2056,1,336.075,35,5,22,36.1402365298874,0.6255952380952381,44.73379629629629,1021.0648148148141,29.173280423280403,0
3048,4,0,0,40,0.0,0.0,1.0,40,1050,500,550,0.47619047619047616,16,5,11,335.4501848145568,0.4283253205128205,0.12756715402924157,0.19156485311448773,130351.21588059411,745.2678915894982,131096.48377218362,2057,2,337.075,35,5,22,36.140980958857526,0.6258928571428571,44.70486111111111,1021.1805555555554,29.176587301587297,0
3049,4,1,0,41,0.024390243902439025,0.0,1.0,41,800,600,200,0.75,10,6,4,329.86813342286416,0.4303607723577236,0.140592468817077,0.18990949799278276,130665.25298524874,420.4606210940646,131085.7136063428,2058,0,329.8292682926829,36,5,17,35.96601130814701,0.627025462962963,44.39752252252252,1022.4099099099097,28.40027527527527,0
3050,4,1,2,40,0.023809523809523808,0.047619047619047616,0.9523809523809523,42,1200,600,600,0.5,18,6,12,345.37643357333957,0.4315234223770809,0.10573505785365378,0.19427148528729124,129760.92470689722,821.917491483433,130582.84219838065,2059,0,322.95238095238096,35,7,15,36.486259419137404,0.6199404761904762,45.28356481481481,1018.8657407407402,29.11044973544972,8
3051,4,0,0,40,0.0,0.0,1.0,40,1300,700,600,0.5384615384615384,19,7,12,361.8642699567103,0.4256143162393162,0.10601028999064543,0.20253031653598053,129564.7392290248,1376.969954648508,130941.7091836733,2060,1,339.85,34,6,15,36.265883224197076,0.6200980392156863,45.47619047619047,1018.0952380952369,29.94397759103638,0
3052,4,0,0,40,0.0,0.0,1.0,40,1100,800,300,0.7272727272727273,14,8,6,359.11401387192484,0.42538728632478634,0.10346835586865133,0.20169511398128936,129701.96926708223,1315.558958118966,131017.5282252012,2061,2,340.85,35,5,15,36.19628924743399,0.6193452380952381,45.34143518518517,1018.6342592592572,29.10383597883592,0
3053,4,0,1,39,0.0,0.025,0.975,40,950,700,250,0.7368421052631579,12,7,5,361.36855027585216,0.42513354700854705,0.10145655877342463,0.20357326200760542,129819.893542631,1382.5653452931922,131202.4588879242,2062,3,341.85,35,5,16,36.01895229982965,0.6205357142857143,45.225694444444436,1019.0972222222208,29.11706349206345,0
3054,4,2,1,40,0.04878048780487805,0.024390243902439025,0.975609756097561,41,850,500,350,0.5882352941176471,12,5,7,353.68596418159115,0.42527947154471546,0.12324539571926363,0.2015187470336971,130262.58680555539,1015.9167631172647,131278.50356867266,2063,0,334.1951219512195,34,7,19,35.76530612244897,0.6271446078431373,44.79166666666666,1020.833333333332,30.02450980392153,0
3055,4,0,0,40,0.0,0.0,1.0,40,1100,900,200,0.8181818181818182,13,9,4,359.86211516612707,0.425534188034188,0.13167876176437265,0.20488211708522094,130233.05047850216,1373.1882019461505,131606.23868044832,2064,1,341.525,35,5,19,35.637662055410665,0.624702380952381,44.82060185185185,1020.717592592592,29.163359788359774,0
3056,4,1,0,41,0.024390243902439025,0.0,1.0,41,1550,1100,450,0.7096774193548387,20,11,9,347.22647576313756,0.4270579268292683,0.1325698382634719,0.19996080097076613,130676.44702717742,874.8677822787816,131551.3148094562,2065,0,334.1707317073171,35,6,18,35.51099916987397,0.6291666666666667,44.38657407407406,1022.453703703702,29.212962962962916,0
3057,4,0,1,40,0.0,0.024390243902439025,0.975609756097561,41,1050,600,450,0.5714285714285714,15,6,9,345.51299113449784,0.42604166666666665,0.13360556229996723,0.1998910236668165,130854.01663237285,842.3525377228764,131696.3691700957,2066,1,335.1707317073171,35,6,20,35.37518853695325,0.6309523809523809,44.21296296296295,1023.148148148146,29.23280423280417,0
3058,4,1,1,40,0.024390243902439025,0.024390243902439025,0.975609756097561,41,1050,800,250,0.7619047619047619,13,8,5,338.21125729870687,0.4275660569105691,0.1355573362348279,0.19794602268009837,131299.269603218,681.3782109812418,131980.64781419924,2067,0,328.4390243902439,36,5,21,35.11244185620628,0.6333912037037037,43.77815315315315,1024.8873873873868,28.469094094094075,0
3059,4,0,2,38,0.0,0.05,0.95,40,850,400,450,0.47058823529411764,13,4,9,339.86407600474155,0.4262686965811966,0.14505823535875173,0.19891337335814477,131299.269603218,924.7809887590195,132224.05059197702,2068,1,336.7,36,4,21,35.070093030069955,0.6333912037037037,43.77815315315315,1024.8873873873868,28.469094094094075,0
3060,4,0,0,38,0.0,0.0,1.0,38,1400,1000,400,0.7142857142857143,18,10,8,339.93163652820067,0.423675320056899,0.14778456067022328,0.19957949457514598,131419.65880102038,1334.7431080418512,132754.40190906223,2069,2,340.3421052631579,34,4,21,34.94693099578157,0.6387867647058824,43.660714285714285,1025.3571428571427,30.157563025210077,0
3061,4,0,0,38,0.0,0.0,1.0,38,700,400,300,0.5714285714285714,10,4,6,341.36779243237146,0.423690137505927,0.1527525008855397,0.2012248724474814,131572.28599773248,1382.908163265316,132955.1941609978,2070,3,341.3421052631579,34,4,18,34.75622727624352,0.6403186274509804,43.511904761904766,1025.9523809523814,30.17507002801122,0
3062,4,0,0,38,0.0,0.0,1.0,38,1200,1000,200,0.8333333333333334,14,10,4,337.4988447805082,0.4233937885253675,0.15354691075514837,0.20006374819463119,131786.1128826531,1295.532171201819,133081.6450538549,2071,4,342.3421052631579,34,4,19,34.64009661835748,0.6424632352941176,43.30357142857143,1026.7857142857147,30.199579831932784,0
3063,4,1,2,37,0.02564102564102564,0.05128205128205128,0.9487179487179487,39,1050,700,350,0.6666666666666666,14,7,7,328.1265678491466,0.4238079172289699,0.14735650898677277,0.19612518005626628,132100.3796403462,869.1288365912037,132969.5084769374,2072,0,334.53846153846155,35,4,21,34.56475643623809,0.6434523809523809,42.997685185185176,1028.0092592592578,29.371693121693077,0
3064,4,0,0,37,0.0,0.0,1.0,37,850,500,350,0.5882352941176471,12,5,7,344.00470686980816,0.4207019519519519,0.1590921550353599,0.20433050661062102,131862.52170138896,1672.265625000011,133534.78732638896,2073,1,351.7027027027027,33,4,21,34.3961291413117,0.6455176767676767,43.22916666666667,1027.083333333334,31.12373737373739,0
3065,4,0,0,37,0.0,0.0,1.0,37,700,500,200,0.7142857142857143,9,5,4,344.97214210368134,0.420264014014014,0.16205899326500584,0.20524495864124626,131925.46323829782,1702.121930267213,133627.58516856504,2074,2,352.7027027027027,33,4,21,34.307899916497675,0.6461489898989898,43.16789215686275,1027.3284313725494,31.131164587046953,0
3066,4,0,0,37,0.0,0.0,1.0,37,1400,1200,200,0.8571428571428571,16,12,4,345.9873383739166,0.4201076076076076,0.17095102015831531,0.2068772474425364,132114.37795859767,1741.980398164168,133856.35835676183,2075,3,353.7027027027027,33,4,21,34.091642825922825,0.6480429292929293,42.98406862745098,1028.0637254901962,31.153446226975642,0
3067,4,0,0,37,0.0,0.0,1.0,37,500,300,200,0.6,7,3,4,345.9873383739166,0.4201076076076076,0.17095102015831531,0.2068772474425364,132114.37795859767,1741.980398164168,133856.35835676183,2076,4,354.7027027027027,33,4,21,34.091642825922825,0.6480429292929293,42.98406862745098,1028.0637254901962,31.153446226975642,0
3068,4,1,0,38,0.02631578947368421,0.0,1.0,38,1400,1100,300,0.7857142857142857,17,11,6,338.98812284177546,0.42131934566145096,0.17386334454486785,0.20507683198268092,132555.70461180795,1387.2660154748162,133942.97062728278,2077,0,346.3421052631579,33,5,22,33.8280723154429,0.6524621212121212,42.55514705882353,1029.7794117647059,31.2054367201426,0
3069,4,0,1,37,0.0,0.02631578947368421,0.9736842105263158,38,1300,800,500,0.6153846153846154,18,8,10,334.56740799250963,0.4213637980085348,0.15690895093602708,0.20342569297245217,132745.06987997398,1282.4347907054905,134027.50467067945,2078,1,347.3421052631579,33,5,18,33.75190767828121,0.6543560606060606,42.37132352941176,1030.5147058823525,31.227718360071286,0
3070,4,0,0,37,0.0,0.0,1.0,37,1350,900,450,0.6666666666666666,18,9,9,342.7588469822888,0.4214527027027027,0.15323154997134614,0.2079233778831596,132658.02158261917,1693.9421041220335,134351.9636867412,2079,2,349.4054054054054,32,5,18,33.6282530538873,0.6559244791666667,42.45580808080808,1030.1767676767681,32.193023989899004,0
3071,4,0,0,37,0.0,0.0,1.0,37,850,600,250,0.7058823529411765,11,6,5,346.0763678255727,0.4203265765765766,0.1632811155104148,0.21084831842746093,132820.6624324049,1793.2184853586416,134613.88091776354,2080,3,350.4054054054054,32,5,18,33.37952188469706,0.6575520833333333,42.2979797979798,1030.808080808081,32.21275252525253,0
3072,4,0,0,37,0.0,0.0,1.0,37,850,500,350,0.5882352941176471,12,5,7,371.0115445122109,0.4204517017017017,0.22252872982757355,0.20942464440725544,129898.2585742632,2330.8331491840863,132229.0917234473,2081,4,351.4054054054054,34,3,21,35.693536143874795,0.623468137254902,45.14880952380953,1019.4047619047632,29.982492997198918,8
3073,4,0,0,37,0.0,0.0,1.0,37,1000,700,300,0.7,13,7,6,397.3992929547577,0.41976351351351354,0.18886198547215538,0.21426358745471888,128082.49831795444,2780.4890583684196,130862.98737632285,2082,5,352.4054054054054,33,4,17,36.87953995157385,0.6073232323232323,46.93627450980391,1012.2549019607827,30.67439096850857,8
3074,4,1,1,37,0.02631578947368421,0.02631578947368421,0.9736842105263158,38,950,800,150,0.8421052631578947,11,8,3,383.0517042047659,0.42303816974869607,0.1810890997311243,0.20841439369351955,128446.04768990926,2240.2954931972736,130686.34318310654,2083,0,344.10526315789474,34,4,16,36.86998434135837,0.6087622549019608,46.57738095238095,1013.6904761904759,29.814425770308116,0
3075,4,0,0,37,0.0,0.0,1.0,37,600,300,300,0.5,9,3,6,391.7253147507837,0.4190127627627627,0.1890649420288908,0.21218882383551627,128268.64216887734,2649.214845251823,130917.85701412917,2084,7,354.4054054054054,33,4,18,36.832103395435105,0.6092171717171717,46.752450980392155,1012.9901960784313,30.69667260843731,0
3076,4,1,0,38,0.02631578947368421,0.0,1.0,38,1200,900,300,0.75,15,9,6,382.19209516005424,0.4222083926031295,0.18622412738806315,0.208894088701656,128627.12762188188,2232.0542800453263,130859.18190192721,2085,0,346.05263157894734,34,4,17,36.7063724914916,0.6106004901960784,46.39880952380951,1014.4047619047602,29.83543417366942,0
3077,4,0,1,37,0.0,0.02631578947368421,0.9736842105263158,38,1300,1100,200,0.8461538461538461,15,11,4,378.73334034366826,0.42161569464201043,0.1841241033618526,0.20779153537774214,128778.1249999999,2154.5138888888755,130932.63888888877,2086,1,347.05263157894734,34,4,17,36.63964148877942,0.6121323529411764,46.24999999999999,1014.9999999999992,29.852941176470566,0
3078,4,0,0,37,0.0,0.0,1.0,37,1500,1100,400,0.7333333333333333,19,11,8,384.5999999912506,0.4216403903903904,0.1867968681155494,0.21077912640155813,128734.5931402584,2502.2649041233926,131236.85804438178,2087,2,356.81081081081084,33,4,17,36.53531678943766,0.6139520202020202,46.292892156862735,1014.8284313725477,30.75237670825902,0
3079,4,0,0,37,0.0,0.0,1.0,37,1350,1000,350,0.7407407407407407,17,10,7,386.44068211242006,0.4206081081081081,0.18567016394939717,0.21278630781831367,128921.21006644063,2564.0800713667677,131485.2901378074,2088,3,357.81081081081084,33,4,18,36.29769015727446,0.6158459595959596,46.109068627450974,1015.5637254901948,30.77465834818772,0
3080,4,0,1,36,0.0,0.02702702702702703,0.972972972972973,37,1050,700,350,0.6666666666666666,14,7,7,389.20338656872684,0.41985735735735735,0.18765074770863466,0.21515163209519206,129076.8274221452,2647.427672049193,131724.2550941944,2089,4,358.81081081081084,33,4,19,36.06839926033124,0.6174242424242424,45.95588235294117,1016.1764705882342,30.793226381461643,0
3081,4,0,0,36,0.0,0.0,1.0,36,1050,800,250,0.7619047619047619,13,8,5,398.26426938897544,0.41879960317460313,0.187241903183482,0.21960493812435275,128976.8442792827,3073.3737309968337,132050.21801027952,2090,5,368.30555555555554,32,4,19,35.94054278019474,0.6188151041666667,46.05429292929293,1015.7828282828281,31.743213383838377,0
3082,4,0,0,36,0.0,0.0,1.0,36,1050,600,450,0.5714285714285714,15,6,9,396.66660133723263,0.4187334656084656,0.17908094981856348,0.22014859686896826,129233.48263251175,3052.521266962522,132286.00389947428,2091,6,369.30555555555554,32,4,20,35.718572788608796,0.6214192708333333,45.80176767676766,1016.7929292929274,31.77477904040398,0
3083,4,0,1,35,0.0,0.027777777777777776,0.9722222222222222,36,1250,1000,250,0.8,15,10,5,376.49595469305393,0.41878306878306876,0.11822789464009031,0.19690412661388262,126852.0479024942,2351.8565759637045,129203.9044784579,2092,7,370.30555555555554,34,2,18,38.6728905696053,0.5925245098039216,48.1547619047619,1007.3809523809514,29.628851540616218,8
3084,4,2,2,35,0.05405405405405406,0.05405405405405406,0.9459459459459459,37,1100,800,300,0.7272727272727273,14,8,6,368.0976144808091,0.4227352352352352,0.13948508111932223,0.19523676475370502,127422.33737244902,1980.9984410430861,129403.33581349211,2093,0,360.7027027027027,34,3,14,38.29810753448884,0.5983455882352942,47.589285714285715,1009.6428571428576,29.695378151260517,0
3085,4,0,0,35,0.0,0.0,1.0,35,900,700,200,0.7777777777777778,11,7,4,387.2232342499593,0.41603641456582635,0.14960024325242816,0.2038729052046425,127123.84458537395,2845.0612501275386,129968.90583550149,2094,9,382.3142857142857,32,3,21,38.12262635115397,0.5999348958333333,47.88510101010101,1008.4595959595961,31.514362373737377,0
3086,4,2,0,37,0.05405405405405406,0.0,1.0,37,900,500,400,0.5555555555555556,13,5,8,373.50088252805847,0.42398648648648646,0.15409864910369997,0.19047048439853909,125817.77459469627,1998.6099697670945,127816.38456446337,2095,0,362.5945945945946,36,1,17,39.815542335466034,0.5778356481481481,49.18355855855857,1003.2657657657676,27.868493493493546,7
3087,4,2,0,39,0.05128205128205128,0.0,1.0,39,1450,1100,350,0.7586206896551724,18,11,7,361.8284302781617,0.42976833108412055,0.15961681502006564,0.18699436339087222,126365.89055309023,1344.5543639053374,127710.44491699556,2096,0,344.94871794871796,38,1,15,39.542822229306125,0.5797697368421053,48.63782051282052,1005.4487179487193,26.459176788124193,0
3088,4,2,0,41,0.04878048780487805,0.0,1.0,41,1050,700,350,0.6666666666666666,14,7,7,357.76282465160887,0.4346290650406504,0.18064662049704894,0.1880956535966409,127066.39695493759,891.9266185802171,127958.3235735178,2097,0,329.0731707317073,40,1,18,38.924377582904945,0.58359375,47.94207317073171,1008.2317073170735,25.205792682926838,0
3089,4,0,1,40,0.0,0.024390243902439025,0.975609756097561,41,1150,800,350,0.6956521739130435,15,8,7,357.24411350565555,0.4348577235772358,0.1736713490837516,0.1884412804313072,127199.76463766521,888.2785951457324,128088.04323281095,2098,1,330.0731707317073,38,3,18,38.800483654592945,0.5882675438596492,47.809829059829056,1008.7606837606832,26.54633378317587,0
3090,4,1,0,41,0.024390243902439025,0.0,1.0,41,1100,800,300,0.7272727272727273,14,8,6,352.883884218371,0.4375762195121951,0.1822791559873933,0.18770790045340344,127538.80343967023,801.2776692708384,128340.08110894107,2099,0,330.1951219512195,39,2,15,38.56272128837096,0.5900106837606838,47.473958333333336,1010.1041666666674,25.900106837606856,0
3091,4,1,1,41,0.023809523809523808,0.023809523809523808,0.9761904761904762,42,850,600,250,0.7058823529411765,11,6,5,349.6446223314661,0.4387824235385211,0.19644591833316571,0.1873620698341637,127836.02812685903,539.4359549540623,128375.4640818131,2100,0,323.3095238095238,40,2,16,38.34015844303755,0.59140625,47.17987804878049,1011.2804878048782,25.282012195121958,0
3092,4,1,2,40,0.023809523809523808,0.047619047619047616,0.9523809523809523,42,1350,700,650,0.5185185185185185,20,7,13,352.34955887808223,0.4394599303135889,0.19454006502199217,0.18990268433039525,128067.37061273072,624.896308414322,128692.26692114504,2101,0,324.2142857142857,40,2,18,38.03505689424363,0.59375,46.95121951219513,1012.1951219512212,25.30487804878053,0
3093,4,2,0,42,0.047619047619047616,0.0,1.0,42,1250,700,550,0.56,18,7,11,370.3022855011859,0.43947202864885787,0.21290673410660266,0.18899253846187122,125851.2249562365,957.9550701370022,126809.1800263735,2102,0,324.92857142857144,37,5,19,39.86119458711249,0.576295045045045,49.15021929824561,1003.3991228070173,27.118895211000467,8
3094,4,2,1,43,0.045454545454545456,0.022727272727272728,0.9772727272727273,44,1350,900,450,0.6666666666666666,18,9,9,355.14179354949846,0.44202563424947144,0.21172168442910833,0.18387080337336667,126439.93391617986,181.26282413681392,126621.19674031666,2103,0,311.1136363636364,36,8,19,39.63465270779682,0.5842013888888888,48.5641891891892,1005.7432432432446,27.93731231231235,0
3095,4,1,1,43,0.022727272727272728,0.022727272727272728,0.9772727272727273,44,1700,1300,400,0.7647058823529411,21,13,8,354.69514205019846,0.4428845137420719,0.20930605145106562,0.1844043330135329,126609.88004474093,181.58187748561406,126791.46192222655,2104,0,312.09090909090907,36,8,21,39.47097273507141,0.5859375,48.39527027027028,1006.4189189189209,27.956081081081138,0
3096,4,1,0,44,0.022727272727272728,0.0,1.0,44,1400,900,500,0.6428571428571429,19,9,10,345.2987180826833,0.4437323819591261,0.20515870268345493,0.18104053154009941,126953.84787867422,-32.59981436596021,126921.24806430825,2105,0,308.1818181818182,37,7,22,39.35405559786747,0.5875563063063063,48.05372807017544,1007.7850877192984,27.237434803224282,0
3097,4,2,0,46,0.043478260869565216,0.0,1.0,46,1500,1300,200,0.8666666666666667,17,13,4,333.937012879413,0.4456723027375202,0.20314146691481483,0.1773983199926527,127486.19927300357,-685.5278862847131,126800.67138671885,2106,0,295.7391304347826,39,7,18,39.09500171909919,0.5894764957264957,47.52604166666667,1009.8958333333342,25.89476495726498,0
3098,4,1,0,47,0.02127659574468085,0.0,1.0,47,1150,800,350,0.6956521739130435,15,8,7,326.6623097411444,0.4463652482269504,0.2090976525841668,0.1752706182670413,127887.41949443141,-1044.8000322228627,126842.61946220855,2107,0,290.4255319148936,40,7,21,38.86872467262802,0.5919270833333333,47.12906504065042,1011.4837398373998,25.287093495934993,0
3099,4,1,1,47,0.020833333333333332,0.020833333333333332,0.9791666666666666,48,1850,1400,450,0.7567567567567568,23,14,9,322.6458074272285,0.4479166666666667,0.2086331962531418,0.17499636915848565,128320.37278163583,-1319.5939429012276,127000.77883873461,2108,0,285.3541666666667,41,7,25,38.528815398674894,0.5947662601626016,46.70138888888889,1013.1944444444447,24.71205962059621,0
3100,4,1,2,46,0.020833333333333332,0.041666666666666664,0.9583333333333334,48,1250,900,350,0.72,16,9,7,323.2208086491313,0.4466238179669031,0.20546490197997125,0.1759719469145168,128471.19005298913,-1295.0876125913016,127176.10244039782,2109,0,286.25,41,7,15,38.360631340313795,0.5962906504065041,46.55257936507938,1013.7896825396854,24.726577622919155,0
3101,4,0,0,46,0.0,0.0,1.0,46,1350,1100,250,0.8148148148148148,16,11,5,335.60455436473586,0.44373993558776165,0.19791939168803063,0.18227933639025892,128376.15258774569,-583.275703946031,127792.87688379966,2110,3,299.67391304347825,40,6,18,38.14367729643001,0.596875,46.64634146341465,1013.4146341463438,25.335365853658594,0
3102,4,0,0,46,0.0,0.0,1.0,46,900,500,400,0.5555555555555556,13,5,8,373.4299989139655,0.44378019323671497,0.2930701801402338,0.1922744304852459,126213.51662050553,259.18908147478624,126472.70570198032,2111,4,300.67391304347825,36,10,16,39.40845754417423,0.5818865740740741,48.78941441441441,1004.8423423423415,27.912287287287263,8
3103,4,2,1,47,0.041666666666666664,0.020833333333333332,0.9791666666666666,48,1400,1000,400,0.7142857142857143,18,10,8,368.05839621091707,0.44750110815602834,0.22591452034341142,0.19042650510796608,126411.62065782025,-38.80240037331936,126372.81825744694,2112,0,289.1041666666667,36,12,17,39.339072415080246,0.583912037037037,48.592342342342356,1005.6306306306328,27.934184184184247,8
3104,4,1,1,47,0.020833333333333332,0.020833333333333332,0.9791666666666666,48,1450,1200,250,0.8275862068965517,17,12,5,362.95377130089537,0.44818447104018916,0.2466959653133045,0.18978123488567625,126843.36917368826,-392.3441587796032,126451.02501490866,2113,0,289.8541666666667,37,11,18,39.02287199303364,0.5864301801801801,48.163377192982466,1007.3464912280718,27.225580844001943,0
3105,4,1,1,47,0.020833333333333332,0.020833333333333332,0.9791666666666666,48,950,400,550,0.42105263157894735,15,4,11,359.6116806803653,0.448969414893617,0.24318625200826238,0.18945926151443185,127150.37321030525,-454.56118947092517,126695.81202083432,2114,0,288.5625,35,13,19,38.791504093030355,0.593452380952381,47.8587962962963,1008.5648148148151,28.816137566137574,0
3106,4,1,0,48,0.020833333333333332,0.0,1.0,48,600,200,400,0.3333333333333333,10,2,8,356.32860259323525,0.4508348108747045,0.26091815680880326,0.18908824385787,127442.37075617281,-517.7276234567919,126924.64313271601,2115,0,289.3958333333333,35,13,19,38.574621733149925,0.5964285714285714,47.56944444444444,1009.7222222222221,28.849206349206344,0
3107,4,1,0,49,0.02040816326530612,0.0,1.0,49,1550,1100,450,0.7096774193548387,20,11,9,353.63764289895397,0.4516191893424036,0.2744226324007719,0.1893448059385635,127802.69870799857,-760.8309745556351,127041.86773344294,2116,0,284.46938775510205,36,13,20,38.27333221962356,0.5980902777777778,47.21283783783784,1011.1486486486489,28.08746246246247,0
3108,4,2,0,51,0.0392156862745098,0.0,1.0,51,2050,1600,450,0.7804878048780488,25,16,9,337.27778581701557,0.45508169934640524,0.27858042527969173,0.18304134600612215,128344.14439777611,-1541.5611557503494,126802.58324202576,2117,0,274.27450980392155,36,15,22,38.13393717122324,0.603587962962963,46.677927927927925,1013.288288288288,28.146896896896887,0
3109,4,0,3,48,0.0,0.058823529411764705,0.9411764705882353,51,1500,900,600,0.6,21,9,12,340.9415400097961,0.45529411764705885,0.2744793096087579,0.1855595975313292,128458.27880245112,-1440.6473196169102,127017.63148283421,2118,1,275.27450980392155,36,15,17,37.92467414648597,0.6047453703703703,46.56531531531532,1013.738738738739,28.159409409409417,0
3110,4,3,4,47,0.058823529411764705,0.0784313725490196,0.9215686274509804,51,1200,700,500,0.5833333333333334,17,7,10,334.6100628381475,0.4545915032679739,0.2652207630404664,0.18322375866888846,128700.23108071709,-1587.1215181594362,127113.10956255766,2119,0,274.8235294117647,37,14,17,37.83859232043802,0.6052927927927928,46.32675438596491,1014.6929824561398,27.42413466097675,0
3111,4,0,0,47,0.0,0.0,1.0,47,1850,1300,550,0.7027027027027027,24,13,11,361.32417890769494,0.449872802960222,0.2701722438729104,0.19526197368417117,128174.66695011342,-137.47874149659674,128037.18820861682,2120,3,299.1063829787234,34,13,20,37.698144447056976,0.6060049019607843,46.845238095238095,1012.6190476190479,29.782913165266116,0
3112,4,1,1,47,0.020833333333333332,0.020833333333333332,0.9791666666666666,48,2000,1500,500,0.75,25,15,10,356.3217151057031,0.4514812352245863,0.2888364510855106,0.19512007972090545,128701.77636584778,-428.1524616341021,128273.62390421367,2121,0,293.8541666666667,35,13,19,37.286248621725406,0.6092261904761904,46.325231481481474,1014.699074074073,28.991402116402085,0
3113,4,1,0,48,0.020833333333333332,0.0,1.0,48,1150,900,250,0.782608695652174,14,9,5,353.23076923076934,0.4498651743498818,0.29339743589743583,0.19457627118644064,128936.767578125,-491.1132812499996,128445.654296875,2122,0,294.2916666666667,35,13,20,37.12499999999999,0.6116071428571428,46.09375,1015.625,29.017857142857142,0
3114,4,2,0,50,0.04,0.0,1.0,50,1450,1100,350,0.7586206896551724,18,11,7,339.6564243645735,0.4523384353741497,0.29500166021029317,0.18931497804650976,129401.8231702987,-1209.296619782789,128192.5265505159,2123,0,283.48,36,14,22,36.99663346246078,0.6142939814814814,45.63626126126126,1017.4549549549552,28.262637637637642,0
3115,4,2,1,51,0.038461538461538464,0.019230769230769232,0.9807692307692307,52,1700,1200,500,0.7058823529411765,22,12,10,325.15744935769806,0.45466471845148315,0.30405670827997544,0.18413051397693567,130023.43885633661,-1944.3820529514085,128079.0568033852,2124,0,273.53846153846155,39,13,19,36.735373472236404,0.6151175213675213,45.02604166666666,1019.8958333333318,26.151175213675174,0
3116,4,0,0,51,0.0,0.0,1.0,51,1400,900,500,0.6428571428571429,19,9,10,331.89153086713145,0.4537418300653595,0.3068232007313143,0.18778332318475205,129990.07100819996,-1571.4792671122837,128418.59174108767,2125,1,279.88235294117646,38,13,19,36.597476863977654,0.6165021929824561,45.05876068376068,1019.7649572649568,26.83591992802518,0
3117,4,0,0,51,0.0,0.0,1.0,51,1500,1100,400,0.7333333333333333,19,11,8,332.57005016309876,0.4529248366013072,0.31155733497587534,0.18882544465265097,130126.29323727069,-1544.7784261085658,128581.51481116212,2126,2,280.88235294117646,38,13,19,36.44219022687608,0.6178728070175439,44.92521367521367,1020.2991452991445,26.84997750787222,0
3118,4,0,0,51,0.0,0.0,1.0,51,1800,1500,300,0.8333333333333334,21,15,6,333.02790503956675,0.45249999999999996,0.31052420968387384,0.18974845752254402,130262.58680555565,-1523.7847222222126,128738.80208333343,2127,3,281.88235294117646,38,13,19,36.292517006802726,0.6192434210526316,44.79166666666667,1020.8333333333342,26.86403508771932,0
3119,4,0,0,51,0.0,0.0,1.0,51,2100,1600,500,0.7619047619047619,26,16,10,333.83183215685744,0.45222222222222225,0.3137500974035292,0.19114371132238772,130453.51765103391,-1490.0926382496655,128963.42501278424,2128,4,282.88235294117646,38,13,20,36.078792790908444,0.6211622807017544,44.604700854700866,1021.5811965811985,26.883715699505224,0
3120,4,0,0,51,0.0,0.0,1.0,51,1650,1000,650,0.6060606060606061,23,10,13,333.87272345172767,0.45245098039215687,0.3086601136431162,0.19211233257423832,130644.58832137124,-1476.2670985827979,129168.32122278844,2129,5,283.88235294117646,38,13,16,35.88454035601072,0.6230811403508771,44.417735042735046,1022.3290598290604,26.90339631129106,0
3121,4,0,1,50,0.0,0.0196078431372549,0.9803921568627451,51,1650,1200,450,0.7272727272727273,21,12,9,333.32446188703926,0.4520751633986928,0.30710146797672433,0.19233966688635482,130753.83434007232,-1483.3097057856628,129270.52463428666,2130,6,284.88235294117646,38,13,16,35.78815418364151,0.6241776315789473,44.31089743589744,1022.7564102564103,26.914642375168693,0
3122,4,0,1,49,0.0,0.02,0.98,50,1350,900,450,0.6666666666666666,18,9,9,330.4246125576732,0.45056972789115646,0.301193118191998,0.19126464167083254,130874.74093967033,-1351.1528862847022,129523.58805338563,2131,7,289.94,39,11,17,35.740205809494725,0.6236645299145299,44.19270833333334,1023.2291666666682,26.23664529914534,0
3123,4,0,0,49,0.0,0.0,1.0,49,1250,900,350,0.72,16,9,7,333.8996428630627,0.4497413548752835,0.30504227998747213,0.19349211609106365,130917.78897518101,-1057.3194033530356,129860.46957182798,2132,8,296.2244897959184,38,11,19,35.60784006681283,0.6258223684210527,44.150641025641036,1023.3974358974376,26.9315114709852,0
3124,4,0,2,47,0.0,0.04081632653061224,0.9591836734693877,49,1650,1300,350,0.7878787878787878,20,13,7,333.3445592973696,0.4488732993197279,0.3018058287144647,0.19441044005737096,131163.9135437212,-1055.4446088099967,130108.4689349112,2133,9,297.2244897959184,38,11,19,35.37364413850647,0.6282894736842105,43.91025641025641,1024.3589743589741,26.956815114709844,0
3125,4,0,0,47,0.0,0.0,1.0,47,1600,1100,500,0.6875,21,11,10,351.1888549054008,0.4451703669441875,0.31214414144441105,0.2035461934553751,130924.43795146496,-204.15931133836906,130720.27864012659,2134,10,310.29787234042556,36,11,19,35.158771640258216,0.6296296296296297,44.14414414414414,1023.4234234234233,28.428428428428425,0
3126,4,1,0,48,0.020833333333333332,0.0,1.0,48,1450,1000,450,0.6896551724137931,19,10,9,345.90857597385997,0.44569111997635935,0.31199605765457217,0.20186282481722487,131187.67463305994,-524.2116564712474,130663.4629765887,2135,0,304.8125,37,11,20,35.02789521566948,0.6303490990990991,43.88706140350876,1024.451754385963,27.68788525367468,0
3127,4,0,0,48,0.0,0.0,1.0,48,950,600,350,0.631578947368421,13,6,7,345.89446985745127,0.4452663268321513,0.31638608151158953,0.20274805918302502,131356.98356718203,-512.7940180777989,130844.18954910424,2136,1,305.8125,36,12,20,34.85732725475117,0.6339699074074074,43.721846846846844,1025.1126126126126,28.47535035035035,0
3128,4,0,0,48,0.0,0.0,1.0,48,1000,500,500,0.5,15,5,10,341.9549580909686,0.4451832151300236,0.3146361656969301,0.2013489148836866,131530.20154867697,-604.519088345106,130925.68246033187,2137,2,306.8125,36,12,20,34.78359314963224,0.6357060185185186,43.552927927927925,1025.7882882882877,28.494119119119105,0
3129,4,0,1,47,0.0,0.020833333333333332,0.9791666666666666,48,1250,900,350,0.72,16,9,7,341.7887335267672,0.44478612588652483,0.31476782252459823,0.201861356359652,131645.7436110097,-600.9936034006938,131044.75000760901,2138,3,307.8125,36,12,17,34.6713943450748,0.6368634259259259,43.44031531531532,1026.2387387387391,28.50663163163164,0
3130,4,1,0,48,0.020833333333333332,0.0,1.0,48,1200,700,500,0.5833333333333334,17,7,10,344.36071307937664,0.4438626625295508,0.3178652968036526,0.20524438320374366,131992.67415642014,-509.3817212482602,131483.29243517187,2139,0,307.9375,36,12,18,34.25593607305935,0.6403356481481481,43.102477477477485,1027.5900900900915,28.54416916916921,0
3131,4,0,1,47,0.0,0.020833333333333332,0.9791666666666666,48,1150,600,550,0.5217391304347826,17,6,11,343.3637260722333,0.4432993498817967,0.3154682556610142,0.20547043135796625,132144.21895438983,-525.2937201831332,131618.9252342067,2140,1,308.9375,37,11,18,34.12905246880667,0.6399211711711712,42.95504385964912,1028.1798245614036,27.788643907064962,0
3132,4,0,0,47,0.0,0.0,1.0,47,1550,900,650,0.5806451612903226,22,9,13,351.06007171608314,0.44227952513105145,0.3266962906348958,0.21019865671079085,132166.31063073233,-120.33710230497843,132045.97352842736,2141,2,316.40425531914894,36,11,19,33.908982221735485,0.6420717592592593,42.93355855855857,1028.2657657657678,28.562937937937996,0
3133,4,0,0,47,0.0,0.0,1.0,47,1450,900,550,0.6206896551724138,20,9,11,353.08458342482976,0.4420482577860006,0.3189879388028596,0.2122352752258281,132313.38158135198,-56.43695656355999,132256.94462478842,2142,3,317.40425531914894,37,10,21,33.708901737184256,0.6416103603603603,42.790570175438596,1028.8377192982457,27.806424845898533,0
3134,4,0,0,47,0.0,0.0,1.0,47,1100,600,500,0.5454545454545454,16,6,10,359.7677916081909,0.4417206290471785,0.281990371585646,0.20898715613482854,131010.89000740614,26.726766510428206,131037.61677391657,2143,4,318.40425531914894,36,11,20,34.851776482235174,0.6304976851851851,44.05968468468469,1023.761261261262,28.437812812812833,8
3135,4,0,1,46,0.0,0.02127659574468085,0.9787234042553191,47,1200,900,300,0.75,15,9,6,360.68837126880146,0.4416049953746531,0.2819845052659169,0.2098361714617539,131068.54056336741,54.97968407596875,131123.52024744338,2144,5,319.40425531914894,36,11,20,34.76987792807654,0.6310763888888888,44.00337837837838,1023.9864864864865,28.44406906906907,0
3136,4,0,0,46,0.0,0.0,1.0,46,1550,1000,550,0.6451612903225806,21,10,11,361.58802818411294,0.44118357487922705,0.28221576062398124,0.21113306236713492,131209.5175325787,288.7581447187765,131498.27567729747,2145,6,324.6521739130435,35,11,22,34.60423256514536,0.6345238095238095,43.86574074074073,1024.5370370370358,29.272486772486737,0
3137,4,1,1,46,0.02127659574468085,0.02127659574468085,0.9787234042553191,47,1750,1300,450,0.7428571428571429,22,13,9,355.91550531290875,0.44364785692260256,0.28308166306337834,0.21025335014054392,131654.57182623894,-28.36572466562683,131626.2061015733,2146,0,318.72340425531917,35,12,14,34.300049810157525,0.6389880952380953,43.43171296296297,1026.273148148149,29.32208994708997,0
3138,4,0,0,46,0.0,0.0,1.0,46,1400,900,500,0.6428571428571429,19,9,10,361.4590791393242,0.4424919484702094,0.2946887924947037,0.2134094015192449,131633.36167800458,316.0147392290318,131949.3764172336,2147,1,326.1304347826087,34,12,16,34.179234338747115,0.6409313725490196,43.452380952380956,1026.1904761904766,30.182072829131666,0
3139,4,0,0,46,0.0,0.0,1.0,46,1250,1000,250,0.8,15,10,5,364.025642354276,0.44226046698872784,0.2954070981210857,0.2152694847996273,131694.4515306122,388.0314625850258,132082.48299319722,2148,2,327.1304347826087,34,12,16,34.05169914173046,0.6415441176470589,43.39285714285714,1026.4285714285709,30.189075630252084,0
3140,4,0,1,45,0.0,0.021739130434782608,0.9782608695652174,46,1400,1200,200,0.8571428571428571,16,12,4,362.15578852978877,0.44195853462157814,0.29518509374354385,0.21537162641099558,131908.377621882,354.2765022675602,132262.6541241496,2149,3,328.1304347826087,34,12,18,33.88380268088229,0.6436887254901961,43.1845238095238,1027.2619047619041,30.213585434173652,0
3141,4,0,0,45,0.0,0.0,1.0,45,1650,1400,250,0.8484848484848485,19,14,5,361.47286111670485,0.44145622895622894,0.2892646642472909,0.21583379549665493,132061.28826530612,547.3143424036257,132608.60260770976,2150,4,334.4222222222222,34,11,18,33.74715272951896,0.6452205882352942,43.035714285714285,1027.857142857143,30.23109243697479,0
3142,4,0,1,44,0.0,0.022222222222222223,0.9777777777777777,45,1200,700,500,0.5833333333333334,17,7,10,357.9920734626796,0.44116161616161614,0.28158954369444134,0.21427425769211114,132153.0771683673,461.9508219954614,132615.02799036278,2151,5,335.4222222222222,34,11,18,33.74411446875845,0.6461397058823529,42.94642857142857,1028.2142857142853,30.24159663865545,0
3143,4,0,0,44,0.0,0.0,1.0,44,850,400,450,0.47058823529411764,13,4,9,361.75463121326857,0.4406051797040169,0.2786425182270571,0.21722875387865534,132275.5119756234,770.2558106575743,133045.76778628098,2152,6,336.40909090909093,34,10,19,33.52404235620876,0.6473651960784313,42.82738095238094,1028.6904761904748,30.255602240896316,0
3144,4,0,0,44,0.0,0.0,1.0,44,2000,1300,700,0.65,27,13,14,365.4579033855406,0.4400546159267089,0.2907918668587113,0.2205243887351545,132459.2704790247,881.6574546485003,133340.9279336732,2153,7,337.40909090909093,34,10,19,33.24370687328939,0.649203431372549,42.64880952380951,1029.40476190476,30.27661064425765,0
3145,4,0,0,44,0.0,0.0,1.0,44,1350,900,450,0.6666666666666666,18,9,9,365.0912763539958,0.43908562367864695,0.29361593462717095,0.22134280378409824,132636.34366426614,884.8743998628319,133521.21806412897,2154,8,338.40909090909093,35,9,15,33.0749063670412,0.6488095238095238,42.476851851851855,1030.0925925925928,29.431216931216937,0
3146,4,0,0,44,0.0,0.0,1.0,44,1050,600,450,0.5714285714285714,15,6,9,361.6417578734483,0.43801752995066945,0.2862676847069392,0.2202996919029363,132815.2394654491,806.3073345335929,133621.5467999827,2155,9,339.40909090909093,35,9,16,32.9838498390598,0.6505952380952381,42.30324074074073,1030.787037037036,29.451058201058174,0
3147,4,0,0,44,0.0,0.0,1.0,44,1300,700,600,0.5384615384615384,19,7,12,363.18742985409654,0.43758809020436923,0.29049586776859515,0.22194787379972566,132934.5703125,856.0329861111113,133790.60329861112,2156,10,340.40909090909093,35,9,17,32.82407407407407,0.6517857142857143,42.1875,1031.25,29.464285714285715,0
3148,4,0,1,43,0.0,0.022727272727272728,0.9772727272727273,44,1100,700,400,0.6363636363636364,15,7,8,362.44971008008366,0.4371476391825229,0.28829683102899817,0.22256209470206778,133113.66705246904,849.4020061728322,133963.06905864188,2157,11,341.40909090909093,35,9,17,32.66318977119784,0.6535714285714286,42.013888888888886,1031.944444444444,29.48412698412697,0
3149,4,0,0,43,0.0,0.0,1.0,43,1200,800,400,0.6666666666666666,16,8,8,369.25766585207725,0.43549280177187155,0.28896871235919463,0.22686709463300184,133134.14292800447,1232.1605725623456,134366.3035005668,2158,12,349.16279069767444,34,9,17,32.46698004383434,0.6559436274509804,41.99404761904761,1032.023809523809,30.353641456582615,0
3150,4,0,0,43,0.0,0.0,1.0,43,900,600,300,0.6666666666666666,12,6,6,381.34110787172017,0.4356081579918789,0.2843853820598006,0.21727574750830564,130262.58680555553,1390.0687358276627,131652.6555413832,2159,13,350.16279069767444,32,11,19,35.0595238095238,0.6318359375,44.791666666666664,1020.8333333333331,31.90104166666666,8
3151,4,0,0,43,0.0,0.0,1.0,43,600,300,300,0.5,9,3,6,381.34110787172017,0.4356081579918789,0.2843853820598006,0.21727574750830564,130262.58680555553,1334.8958333333317,131597.48263888888,2160,14,351.16279069767444,32,11,19,35.0595238095238,0.6318359375,44.791666666666664,1020.8333333333331,31.90104166666666,0
3152,4,0,1,42,0.0,0.023255813953488372,0.9767441860465116,43,1150,800,350,0.6956521739130435,15,8,7,379.2681554809419,0.4356312292358804,0.2841028708822022,0.21627378739202363,130294.81207274762,1283.334608713386,131578.14668146102,2161,15,352.16279069767444,32,11,19,35.07966444059691,0.6321614583333333,44.760101010101,1020.9595959595955,31.90498737373736,0
3153,4,0,0,42,0.0,0.0,1.0,42,1350,800,550,0.5925925925925926,19,8,11,382.00872693760095,0.433701122725513,0.28601436973781236,0.21783125969316583,130293.86421388405,1554.678639225294,131848.54285310933,2162,16,360.4761904761905,33,9,19,35.010677989837156,0.6297348484848485,44.7610294117647,1020.9558823529409,30.93805704099821,0
3154,4,0,0,42,0.0,0.0,1.0,42,800,600,200,0.75,10,6,4,380.2487972711399,0.4334470576848626,0.28624275144971034,0.21752736618084773,130419.01139285372,1518.3344446847439,131937.34583753845,2163,17,361.4761904761905,33,9,19,34.92838932213559,0.6309974747474747,44.638480392156865,1021.4460784313726,30.95291146761735,0
3155,4,0,0,42,0.0,0.0,1.0,42,1500,1300,200,0.8666666666666667,17,13,4,377.9813114844726,0.4323582075106465,0.28516362806356765,0.21798576671305644,130732.14215986652,1482.8613093521817,132215.0034692187,2164,18,362.4761904761905,33,9,17,34.668339324945066,0.6341540404040404,44.33210784313726,1022.671568627452,30.99004753416521,0
3156,4,0,0,42,0.0,0.0,1.0,42,1100,900,200,0.8181818181818182,13,9,4,377.98991794097566,0.4321283391405342,0.28752516697180686,0.21869977996460216,130857.49959450708,1492.5631067378129,132350.0627012449,2165,19,363.4761904761905,33,9,17,34.54093803649139,0.6354166666666667,44.20955882352942,1023.1617647058837,31.004901960784355,0
3157,4,0,0,42,0.0,0.0,1.0,42,950,700,250,0.7368421052631579,12,7,5,376.3993940928641,0.43180168408826947,0.2840608465608465,0.21831164857386115,130951.55709342562,1458.0173490965021,132409.57444252213,2166,20,364.4761904761905,33,9,17,34.486250798212,0.6363636363636364,44.11764705882353,1023.5294117647061,31.01604278074867,0
3158,4,0,0,42,0.0,0.0,1.0,42,1650,1200,450,0.7272727272727273,21,12,9,378.11972227434813,0.4322251258226868,0.2953685583822574,0.20599059497035366,128496.33487654307,1317.39969135801,129813.73456790108,2167,21,365.4761904761905,35,7,14,36.94349315068492,0.6071428571428572,46.52777777777777,1013.8888888888878,28.968253968253936,8
3159,4,3,0,45,0.06666666666666667,0.0,1.0,45,1000,600,400,0.6,14,6,8,368.7391682597313,0.4369949494949495,0.3383456733582686,0.19709717843209837,127734.70320001694,514.6792481138309,128249.38244813077,2168,0,342.0444444444444,35,10,17,37.96131974658422,0.5994047619047619,47.28009259259258,1010.879629629628,28.882275132275083,7
3160,4,0,0,45,0.0,0.0,1.0,45,1650,1100,550,0.6666666666666666,22,11,11,369.38141792646996,0.4358796296296296,0.3396084413933391,0.19830427473448056,127910.26341735238,449.5348936899683,128359.79831104235,2169,1,343.0444444444444,35,10,19,37.76506483600305,0.6011904761904762,47.106481481481474,1011.5740740740728,28.902116402116366,0
3161,4,0,0,45,0.0,0.0,1.0,45,1500,1100,400,0.7333333333333333,19,11,8,370.1240025963207,0.4351641414141414,0.3433984520757354,0.19945211138158983,128061.27997316475,479.71070425514904,128540.9906774199,2170,2,344.0444444444444,37,8,19,37.59151680930199,0.5988175675675675,46.95723684210526,1012.1710526315784,27.355974395448065,0
3162,4,1,2,44,0.021739130434782608,0.043478260869565216,0.9565217391304348,46,1250,1000,250,0.8,15,10,5,361.36000904165826,0.43705716586151366,0.3354707538317172,0.1964264183226443,128408.33875868049,80.40884575060426,128488.74760443109,2171,0,337.54347826086956,35,11,15,37.45824768756423,0.60625,46.61458333333333,1013.5416666666661,28.958333333333314,0
3163,4,1,1,44,0.022222222222222223,0.022222222222222223,0.9777777777777777,45,700,500,200,0.7142857142857143,9,5,4,369.52830223558055,0.4378156565656566,0.33456007099417984,0.20090446776716056,128415.88010204087,490.66043083900837,128906.54053287988,2172,0,322.44444444444446,34,11,15,37.243559627280554,0.6084558823529411,46.60714285714286,1013.571428571429,29.810924369747912,0
3164,4,1,1,44,0.022222222222222223,0.022222222222222223,0.9777777777777777,45,1150,700,450,0.6086956521739131,16,7,9,368.7994199449342,0.43648989898989904,0.3426739160741674,0.20195281165879056,128701.7763658479,493.02809392146605,129194.80445976937,2173,0,323.4222222222222,35,10,17,36.96972073305197,0.6092261904761904,46.32523148148148,1014.6990740740739,28.99140211640211,0
3165,4,1,0,45,0.022222222222222223,0.0,1.0,45,1650,1300,350,0.7878787878787878,20,13,7,370.8693403810067,0.43634259259259256,0.3387439393363967,0.20459586426927073,128995.548870992,568.0988243741486,129563.64769536615,2174,0,322.44444444444446,35,10,18,36.61712904940945,0.6122023809523809,46.03587962962963,1015.856481481482,29.024470899470913,0
3166,4,0,0,45,0.0,0.0,1.0,45,1250,700,550,0.56,18,7,11,367.958524945836,0.4358585858585859,0.3383698449641037,0.20331229458581024,129058.31665702877,497.6215658225952,129555.93822285137,2175,1,323.44444444444446,36,9,18,36.62699951974585,0.6108217592592593,45.97409909909911,1016.1036036036046,28.22510010010013,0
3167,4,0,0,45,0.0,0.0,1.0,45,1600,1300,300,0.8125,19,13,6,368.5165278151033,0.4349537037037037,0.3353369763205829,0.2043591654247393,129201.38888888905,522.5694444444626,129723.95833333352,2176,2,324.44444444444446,36,9,18,36.46687158469945,0.6122685185185186,45.83333333333334,1016.666666666668,28.240740740740776,0
3168,4,1,2,44,0.021739130434782608,0.043478260869565216,0.9565217391304348,46,1500,900,600,0.6,21,9,12,359.21480113539224,0.43695652173913047,0.32934146961606947,0.20073768298742503,129504.14540816323,103.96116780045065,129608.10657596367,2177,0,318.3695652173913,34,12,16,36.39498050682262,0.6194852941176471,45.535714285714285,1017.8571428571425,29.936974789915958,0
3169,4,0,0,44,0.0,0.0,1.0,44,1300,900,400,0.6923076923076923,17,9,8,374.8635054571917,0.4357492071881606,0.3383245173089777,0.20870167396379227,129357.175200043,898.2568303056223,130255.43203034862,2178,4,328.3636363636364,33,11,19,36.146623900734866,0.6202651515151515,45.680147058823515,1017.2794117647038,30.82664884135466,0
3170,4,1,0,45,0.022222222222222223,0.0,1.0,45,1250,900,350,0.72,16,9,7,369.4591842708916,0.4377314814814815,0.34562459767503495,0.20781784020042537,129760.9247068972,588.2730784893582,130349.19778538657,2179,0,322.0444444444444,35,10,17,35.87283217842402,0.6199404761904762,45.28356481481481,1018.8657407407401,29.110449735449716,0
3171,4,2,1,46,0.0425531914893617,0.02127659574468085,0.9787234042553191,47,1250,900,350,0.72,16,9,7,353.61084769882376,0.4406799259944496,0.341085232866996,0.20210709276536995,130384.14292800422,-176.04697309097077,130208.09595491325,2180,0,309.29787234042556,34,13,19,35.64396588568987,0.6283700980392157,44.67261904761903,1021.3095238095214,30.038515406162393,0
3172,4,0,0,46,0.0,0.0,1.0,46,1300,1100,200,0.8461538461538461,15,11,4,363.0024956188457,0.43994565217391307,0.34600775335361234,0.20732692227497176,130356.4302942376,263.9419033544561,130620.37219759205,2181,1,316.89130434782606,33,13,19,35.432292291691674,0.6303661616161615,44.69975490196077,1021.2009803921553,30.945484254307736,0
3173,4,0,0,46,0.0,0.0,1.0,46,1200,800,400,0.6666666666666666,16,8,8,361.01966899877357,0.4400865539452496,0.34537910490105705,0.20682715616471745,130475.3472222219,220.8333333332942,130696.1805555552,2182,2,317.89130434782606,34,12,19,35.36228928765633,0.6292892156862745,44.583333333333314,1021.666666666664,30.04901960784306,0
3174,4,1,1,46,0.02127659574468085,0.02127659574468085,0.9787234042553191,47,1300,1100,200,0.8461538461538461,15,11,4,352.8241812321996,0.4407762873882208,0.34960495688948634,0.20418856755896578,130866.81909950473,-165.40434015098475,130701.41475935375,2183,0,312.1063829787234,36,11,19,35.17522378751192,0.6290509259259259,44.20045045045044,1023.1981981981968,28.422172172172132,0
3175,4,0,0,46,0.0,0.0,1.0,46,1250,700,550,0.56,18,7,11,363.1815276449429,0.43874798711755236,0.360098017989648,0.2094694502787668,130735.62349965665,296.15269204385027,131031.7761917005,2184,1,319.82608695652175,35,11,19,35.04319450731855,0.6297619047619047,44.32870370370368,1022.6851851851819,29.219576719576626,0
3176,4,0,0,46,0.0,0.0,1.0,46,1850,1500,350,0.8108108108108109,22,15,7,360.3936482656099,0.43794283413848634,0.35631666691255703,0.20866013387794705,130883.62328800128,233.92529899688532,131117.54858699816,2185,2,320.82608695652175,35,11,19,34.964582626399725,0.63125,44.184027777777764,1023.2638888888869,29.236111111111054,0
3177,4,0,0,46,0.0,0.0,1.0,46,1150,900,250,0.782608695652174,14,9,5,361.73836487408323,0.43748993558776167,0.3533400394918227,0.21002421482987788,130991.17036011058,276.9063558017612,131268.07671591235,2186,3,321.82608695652175,37,9,20,34.8213010568409,0.6283783783783784,44.07894736842104,1023.684210526314,27.667140825035514,0
3178,4,1,0,47,0.02127659574468085,0.0,1.0,47,1500,1000,500,0.6666666666666666,20,10,10,353.8874128576711,0.4384250693802035,0.35940104629545155,0.20759832470816209,131387.44882758896,-99.42865403269622,131288.02017355626,2187,0,315.9574468085106,35,12,21,34.621716715586665,0.6363095238095238,43.69212962962962,1025.23148148148,29.292328042328,0
3179,4,0,0,47,0.0,0.0,1.0,47,1650,1300,350,0.7878787878787878,20,13,7,353.63728834225924,0.4381167129201357,0.362407986286176,0.20809652385717775,131506.13667052452,-98.90528549384737,131407.23138503067,2188,1,316.9574468085106,35,12,21,34.50829383886255,0.6375,43.57638888888888,1025.694444444443,29.305555555555515,0
3180,4,0,0,47,0.0,0.0,1.0,47,1150,800,350,0.6956521739130435,15,8,7,351.90187124081115,0.4379239901325933,0.35672855995367403,0.20767680380481018,131616.85333982622,-136.75660457755703,131480.09673524866,2189,2,317.9574468085106,36,11,19,34.441075870646756,0.6365740740740741,43.468468468468465,1026.1261261261254,28.503503503503484,0
3181,4,0,0,47,0.0,0.0,1.0,47,1700,1300,400,0.7647058823529411,21,13,8,350.54862157794184,0.43788544557508485,0.35264761148912815,0.20734916844146262,131703.5336645767,-166.30156338771923,131537.232101189,2190,3,318.9574468085106,36,11,19,34.38837081733406,0.6374421296296297,43.384009009009006,1026.4639639639636,28.512887887887878,0
3182,4,0,1,46,0.0,0.02127659574468085,0.9787234042553191,47,1350,1100,250,0.8148148148148148,16,11,5,349.27161691972896,0.4364207523897626,0.350385087256901,0.2076959380405325,131905.8987196656,-185.80269458647626,131720.0960250791,2191,4,319.9574468085106,36,11,19,34.217185558722505,0.6394675925925926,43.18693693693694,1027.2522522522522,28.534784784784783,0
3183,4,0,0,46,0.0,0.0,1.0,46,1300,1000,300,0.7692307692307693,16,10,6,334.571311093446,0.4370772946859904,0.3093330298201684,0.18996171349241417,130126.29323727069,-491.7788471377035,129634.51439013299,2192,5,325.82608695652175,38,8,18,36.39114310645723,0.6178728070175439,44.92521367521367,1020.2991452991445,26.84997750787222,8
3184,4,0,0,46,0.0,0.0,1.0,46,1550,1200,350,0.7741935483870968,19,12,7,330.3623490212414,0.43703703703703706,0.29804791481810144,0.18822971048884676,130262.58680555546,-593.0864882387386,129669.50031731672,2193,6,326.82608695652175,36,10,19,36.360544217687085,0.622974537037037,44.791666666666664,1020.8333333333326,28.35648148148146,0
3185,4,0,1,45,0.0,0.021739130434782608,0.9782608695652174,46,1650,1100,550,0.6666666666666666,22,11,11,329.1031618615516,0.4371880032206119,0.3005002543270596,0.1884606121121127,130458.54403518375,-613.1361332333238,129845.40790195043,2194,7,327.82608695652175,37,9,19,36.19447873063576,0.6230292792792793,44.599780701754376,1021.6008771929812,27.610834518729224,0
3186,4,0,0,45,0.0,0.0,1.0,45,1100,700,400,0.6363636363636364,15,7,8,335.9968673111679,0.4371632996632997,0.2989026063100144,0.19243456946003243,130463.84222059886,-232.9115433000665,130230.93067729879,2195,8,332.0888888888889,36,9,19,36.0130529835391,0.625,44.59459459459459,1021.6216216216206,28.37837837837835,0
3187,4,0,0,45,0.0,0.0,1.0,45,1150,500,650,0.43478260869565216,18,5,13,336.08305443617235,0.4364688552188552,0.2983875114784207,0.19291294870387485,130550.14209733364,-224.8618973703688,130325.28019996326,2196,9,333.0888888888889,36,9,15,35.92355371900825,0.6258680555555556,44.51013513513512,1021.959459459458,28.387762762762723,0
3188,4,0,0,45,0.0,0.0,1.0,45,1050,800,250,0.7619047619047619,13,8,5,339.8331647038305,0.4364688552188552,0.30228977738615437,0.19564649983171037,130665.25298524857,-119.12271223928406,130546.13027300929,2197,10,334.0888888888889,36,9,15,35.711302639791484,0.627025462962963,44.397522522522515,1022.4099099099084,28.400275275275234,0
3189,4,0,2,43,0.0,0.044444444444444446,0.9555555555555556,45,1450,1200,250,0.8275862068965517,17,12,5,338.7839717409675,0.4358585858585859,0.30157130433746726,0.19541361190030931,130738.73842191818,-141.56218740382974,130597.17623451435,2198,11,335.0888888888889,37,8,15,35.663820985668835,0.6258445945945945,44.325657894736835,1022.6973684210518,27.640469416785184,0
3190,4,0,0,43,0.0,0.0,1.0,43,1350,1200,150,0.8888888888888888,15,12,3,342.1016469289198,0.43443152454780365,0.2846308846836283,0.19754032161826926,130780.4145995656,348.039044111655,131128.45364367726,1254,12,294.5581395348837,36,7,15,35.53685456347019,0.6281828703703703,44.2849099099099,1022.860360360359,28.41278778778775,0
3191,4,0,0,43,0.0,0.0,1.0,43,1250,900,350,0.72,16,9,7,314.595476357238,0.43383167220376523,0.13008822776264628,0.17287177166165077,128840.02267995251,-493.5023382245901,128346.52034172793,1255,13,295.5581395348837,40,3,16,38.20424591257925,0.6015625,46.18902439024391,1015.2439024390252,25.38109756097563,8
3192,4,0,0,43,0.0,0.0,1.0,43,1500,1100,400,0.7333333333333333,19,11,8,311.1700862818113,0.4327934662236988,0.12070409559172468,0.17165872971705248,128994.83194527088,-572.1334027364471,128422.69854253443,1256,14,296.5581395348837,40,3,16,38.13400360144056,0.603125,46.03658536585367,1015.8536585365871,25.39634146341468,0
3193,4,0,0,43,0.0,0.0,1.0,43,1650,1200,450,0.7272727272727273,21,12,9,304.7827943465404,0.43163990402362495,0.08972160338499569,0.15965336989055248,126917.01630015443,-863.5754243826989,126053.44087577173,1257,15,297.5581395348837,41,2,15,40.41250287158283,0.5805386178861789,48.090277777777786,1007.6388888888897,24.576558265582676,8
3194,4,3,2,44,0.06521739130434782,0.043478260869565216,0.9565217391304348,46,1050,700,350,0.6666666666666666,14,7,7,285.63769578370056,0.4380736714975845,0.10435027189199331,0.1518749582865878,127522.06457328977,-1914.8576994694386,125607.20687382032,1258,0,279.0869565217391,43,3,11,40.27790799424964,0.5838178294573644,47.490530303030305,1010.0378787878792,23.48925299506696,0
3195,4,1,0,45,0.022222222222222223,0.0,1.0,45,1500,1200,300,0.8,18,12,6,292.4447966447182,0.4348063973063973,0.11074858845344537,0.15549432706941993,127522.06457328974,-1541.3671516299323,125980.6974216598,1259,0,286.26666666666665,43,2,13,40.106022251390705,0.5838178294573644,47.490530303030305,1010.037878787879,23.489252995066952,0
3196,4,0,2,43,0.0,0.044444444444444446,0.9555555555555556,45,1200,700,500,0.5833333333333334,17,7,10,296.2199559890217,0.4348695286195286,0.11447609528569047,0.1580629685157424,127665.57621671293,-1436.5817263544186,126228.99449035851,1260,1,287.26666666666665,43,2,13,39.864442778610695,0.5852713178294573,47.348484848484865,1010.6060606060635,23.502466525722408,0
3197,4,2,0,45,0.044444444444444446,0.0,1.0,45,1250,800,450,0.64,17,8,9,296.5333875256142,0.4410353535353535,0.13241883859167825,0.16012802926383185,128144.53125000015,-1398.3801078971383,126746.151142103,1261,0,269.3777777777778,42,3,15,39.368998628257906,0.5915178571428572,46.87500000000001,1012.5000000000011,24.107142857142883,0
3198,4,0,0,45,0.0,0.0,1.0,45,1200,1000,200,0.8333333333333334,14,10,4,295.89339601015735,0.4404040404040404,0.13447696788044983,0.16027303429482825,128267.19867345713,-1409.3165975602453,126857.88207589688,1262,1,270.3777777777778,42,3,15,39.2604904023978,0.5927579365079365,46.75387596899225,1012.984496124031,24.118678479143597,0
3199,4,0,0,45,0.0,0.0,1.0,45,1350,1100,250,0.8148148148148148,16,11,5,295.3914328406091,0.440446127946128,0.1317823033857075,0.16049345434181472,128389.92478103789,-1414.9432313262305,126974.98154971165,1263,2,271.3777777777778,42,3,14,39.14850049399241,0.5939980158730158,46.6327519379845,1013.4689922480627,24.13021410114435,0
3200,4,0,1,44,0.0,0.022222222222222223,0.9777777777777777,45,1700,1500,200,0.8823529411764706,19,15,4,297.6156912126163,0.4397937710437711,0.13207599265135395,0.16210062348555976,128488.14791967126,-1351.982208851633,127136.16571081962,1264,3,272.3777777777778,42,3,15,38.992361973939914,0.5949900793650793,46.53585271317829,1013.8565891472865,24.139442598744917,0
3201,4,0,0,44,0.0,0.0,1.0,44,1650,1300,350,0.7878787878787878,20,13,7,298.4386865865863,0.4392838266384778,0.12012366693299081,0.1630509483918781,128610.97965867429,-1123.5016300102186,127487.47802866407,1265,4,274.45454545454544,42,2,15,38.846763151190935,0.5962301587301587,46.41472868217054,1014.3410852713173,24.15097822074565,0
3202,4,1,0,45,0.022222222222222223,0.0,1.0,45,1300,800,500,0.6153846153846154,18,8,10,313.6842896494699,0.4401515151515152,-0.06594897892607787,0.17067231478372138,128446.04768990952,-920.6239119723746,127525.42377793715,1266,0,269.3333333333333,41,4,16,38.627911528674886,0.5960365853658536,46.57738095238096,1013.690476190478,24.724157955865316,8
3203,4,0,2,43,0.0,0.044444444444444446,0.9555555555555556,45,1250,900,350,0.72,16,9,7,328.1579819208437,0.44002525252525254,-0.02618363043894978,0.17558976324933773,127776.88108437,-601.0442114018801,127175.83687296812,1267,1,270.3333333333333,42,3,13,38.943797520925195,0.5877976190476191,47.23837209302326,1011.0465116279075,24.072535991140654,8
3204,4,0,1,42,0.0,0.023255813953488372,0.9767441860465116,43,1450,1200,250,0.8275862068965517,17,12,5,335.58897891559775,0.4361618678479144,0.007858683939253153,0.17960057833411933,127784.64708713388,-23.376152587753012,127761.27093454613,1268,7,283.74418604651163,40,3,14,38.74803162796933,0.5908854166666666,47.230691056910565,1011.0772357723569,25.276930894308922,0
3205,4,1,3,40,0.023255813953488372,0.06976744186046512,0.9302325581395349,43,1350,700,650,0.5185185185185185,20,7,13,346.8712123938868,0.43618493909191586,0.040007843759775286,0.1871901959841764,128118.80845561488,288.14528389184466,128406.95373950673,1269,0,283.95348837209303,40,3,16,38.12111021883156,0.5942708333333333,46.90040650406503,1012.3983739837385,25.309959349593463,0
3206,4,1,0,41,0.024390243902439025,0.0,1.0,41,1650,1100,550,0.6666666666666666,22,11,11,324.5431098391739,0.43683943089430893,-0.012038049283120689,0.17353668765780605,127749.3286132811,92.03545956594712,127841.36407284705,1270,0,297.1463414634146,39,2,14,39.063304997424005,0.5921474358974359,47.26562499999999,1010.9374999999989,25.92147435897433,8
3207,4,0,0,41,0.0,0.0,1.0,41,950,400,550,0.42105263157894735,15,4,11,326.12383260641275,0.43600101626016263,-0.0011652670068709181,0.17518333309034695,127933.68055555517,144.44444444440603,128078.12499999958,1271,1,298.1463414634146,39,2,15,38.83511806699616,0.594017094017094,47.083333333333314,1011.6666666666636,25.940170940170862,0
3208,4,0,0,41,0.0,0.0,1.0,41,1100,900,200,0.8181818181818182,13,9,4,327.5413091957646,0.43597560975609756,-0.0007280669821623231,0.17629162431229073,128012.72922091991,185.89138454858698,128198.62060546849,1272,2,299.1463414634146,39,2,15,38.71858380511236,0.5948183760683761,47.00520833333332,1011.9791666666648,25.948183760683712,0
3209,4,2,0,43,0.046511627906976744,0.0,1.0,43,1500,1200,300,0.8,18,12,6,321.83922637391174,0.44031469176818017,0.03995416139916852,0.1762190367961651,128697.58204207587,-316.0139518770692,128381.5680901988,1273,0,286.1860465116279,41,2,13,38.16524898970147,0.5985772357723578,46.32936507936507,1014.6825396825378,24.748354626403362,0
3210,4,0,0,43,0.0,0.0,1.0,43,800,500,300,0.625,11,5,6,324.15286636300937,0.43978405315614616,0.039192331559578575,0.1778234839549568,128773.09032698709,-251.5667320168975,128521.52359497019,1274,1,287.1860465116279,41,2,13,38.02974212361125,0.599339430894309,46.25496031746031,1014.9801587301572,24.75561362756481,0
3211,4,0,0,43,0.0,0.0,1.0,43,1050,800,250,0.7619047619047619,13,8,5,323.50047070900104,0.439484126984127,0.03805166393679116,0.17814278206821096,128924.1733296327,-258.5938484190028,128665.5794812137,1275,2,288.1860465116279,41,2,14,37.89267282081339,0.6008638211382114,46.10615079365079,1015.5753968253962,24.77013162988771,0
3212,4,1,0,44,0.022727272727272728,0.0,1.0,44,1250,800,450,0.64,17,8,9,319.63842357113595,0.44039596546863985,0.05898196344268225,0.17761126518639758,129280.82817925366,-534.4828241626312,128746.34535509102,1276,0,282.6136363636364,39,5,16,37.62856789238281,0.6076388888888888,45.75520833333334,1016.9791666666682,26.07638888888893,0
3213,4,0,0,44,0.0,0.0,1.0,44,1350,700,650,0.5185185185185185,20,7,13,331.62924341724,0.4406161909795631,0.07160195236304179,0.17311013193547814,126774.66540660094,-391.56272534705437,126383.10268125388,1277,1,283.6136363636364,42,2,18,39.882212386542236,0.5776289682539683,48.23158914728681,1007.0736434108508,23.977943890734544,8
3214,4,5,0,49,0.10204081632653061,0.0,1.0,49,1250,900,350,0.72,16,9,7,303.2265524751325,0.44811153628117917,0.1580296110711079,0.15384397672168892,125606.35370658278,-2055.418657232177,123550.9350493506,1278,0,255.57142857142858,42,7,15,41.79535202191074,0.5657242063492063,49.39437984496122,1002.4224806201522,23.867201919527435,8
3215,4,7,1,55,0.125,0.017857142857142856,0.9821428571428571,56,1600,1200,400,0.75,20,12,8,281.2783669394761,0.46009199134199136,0.2230086762667962,0.1477428019524801,127027.71505073058,-4053.209804654294,122974.50524607628,1279,0,224.5,48,8,20,40.89167721074089,0.5726996527777778,47.980442176870724,1008.0782312925122,21.001629818594004,0
3216,4,5,7,53,0.08333333333333333,0.11666666666666667,0.8833333333333333,60,1600,1200,400,0.75,20,12,8,277.8930446926659,0.4630120056497175,0.27743967718026874,0.14951064429344424,127996.91753472194,-4886.060567211607,123110.85696751034,1280,0,210.45,49,11,19,39.99071824645198,0.5814200680272108,47.02083333333332,1011.9166666666644,20.65136054421764,0
3217,4,1,1,53,0.018518518518518517,0.018518518518518517,0.9814814814814815,54,1400,1000,400,0.7142857142857143,18,10,8,316.1907911117414,0.45450442580945727,0.28624894110458476,0.1683195289211602,127569.89282024764,-2732.714933425188,124837.17788682245,1281,0,234.46296296296296,43,11,20,39.457567804024485,0.5843023255813953,47.443181818181806,1010.2272727272704,23.493657505285356,0
3218,4,0,0,53,0.0,0.0,1.0,53,1000,600,400,0.6,14,6,8,317.54345720582114,0.4543420416061925,0.28872468672809215,0.1693406412715297,127641.65200477766,-2493.6457077881314,125148.00629698952,1282,1,237.62264150943398,43,10,20,39.350127292037605,0.5850290697674418,47.37215909090908,1010.5113636363617,23.500264270613062,0
3219,4,0,1,52,0.0,0.018867924528301886,0.9811320754716981,53,1600,1000,600,0.625,22,10,12,313.3809108495198,0.4542815674891147,0.28273034641585504,0.16784859869483088,127816.61629801082,-2588.942472565168,125227.67382544566,1283,2,238.62264150943398,44,9,20,39.27677563104723,0.5854640151515151,47.19907407407407,1011.2037037037024,22.981902356902328,0
3220,4,3,4,51,0.05454545454545454,0.07272727272727272,0.9272727272727272,55,1100,700,400,0.6363636363636364,15,7,8,300.28642163639324,0.4566638608305275,0.29902688382045706,0.1635232161769702,128480.33334050771,-3282.13970601777,125198.19363448994,1284,0,230.0,43,12,17,38.93260788342985,0.5935077519379846,46.54356060606062,1013.8257575757606,23.577343199436292,0
3221,4,0,0,51,0.0,0.0,1.0,51,1550,1400,150,0.9032258064516129,17,14,3,314.1025170807108,0.4562908496732026,0.28642123917477447,0.1702712339737691,128298.92223750766,-2140.1971172912754,126158.72512021639,1285,1,237.98039215686273,40,11,22,38.76705286387803,0.59609375,46.72256097560977,1013.1097560975629,25.327743902439074,0
3222,4,1,1,51,0.019230769230769232,0.019230769230769232,0.9807692307692307,52,1900,1200,700,0.631578947368421,26,12,14,307.33763733990537,0.45592948717948717,0.2949219337565052,0.16827887337861638,128697.58204207617,-2489.2778407659307,126208.30420131024,1286,0,234.3846153846154,41,11,19,38.53311171946292,0.5985772357723578,46.32936507936508,1014.6825396825404,24.748354626403426,0
3223,4,1,1,51,0.019230769230769232,0.019230769230769232,0.9807692307692307,52,1950,1200,750,0.6153846153846154,27,12,15,300.7458001889537,0.4572413901458019,0.28623427707571913,0.16574224382653074,128955.22072742034,-2643.451790757761,126311.76893666259,1287,0,233.17307692307693,42,10,20,38.43891114927175,0.5997023809523809,46.07558139534884,1015.6976744186056,24.183277962347752,0
3224,4,0,0,51,0.0,0.0,1.0,51,1500,900,600,0.6,21,9,12,306.5528604547524,0.4567320261437908,0.2800794270175375,0.16841920917590156,128832.22467287134,-2301.2226015563883,126531.00207131494,1288,1,238.58823529411765,42,9,20,38.41629283191754,0.5984623015873016,46.196705426356594,1015.2131782945746,24.171742340347016,0
3225,4,0,1,50,0.0,0.0196078431372549,0.9803921568627451,51,1300,800,500,0.6153846153846154,18,8,10,305.68310322156475,0.4563562091503268,0.2783710407239821,0.1683847602491673,128936.76757812525,-2317.2417534721926,126619.52582465306,1289,2,239.58823529411765,43,8,20,38.33226495726499,0.5981104651162791,46.093750000000014,1015.6250000000019,23.619186046511672,0
3226,4,0,1,49,0.0,0.02,0.98,50,1250,900,350,0.72,16,9,7,312.7115725353846,0.45627551020408164,0.2764095868693457,0.17204752141082272,128888.6837569591,-1939.0034040690716,126949.68035289003,1290,3,245.2,43,7,20,38.202636855357646,0.5976259689922481,46.1410984848485,1015.4356060606085,23.614781536293222,0
3227,4,0,1,48,0.0,0.02040816326530612,0.9795918367346939,49,1700,1500,200,0.8823529411764706,19,15,4,312.75213675213655,0.4564023526077097,0.2648665620094195,0.17227871939736372,128936.76757812526,-1734.9500868055263,127201.81749131973,1291,4,238.12244897959184,43,6,20,38.152777777777814,0.5981104651162791,46.093750000000014,1015.625000000002,23.619186046511675,0
3228,4,0,1,47,0.0,0.020833333333333332,0.9791666666666666,48,1200,800,400,0.6666666666666666,16,8,8,332.3059436297266,0.45596003250591016,0.2089951291825498,0.17551998499100305,127253.65713346466,-1034.6062674638556,126219.0508660008,1292,5,243.8125,38,10,19,39.37420584498095,0.5888157894736843,47.75641025641025,1008.9743589743576,26.551956815114675,8
3229,4,4,2,49,0.0784313725490196,0.0392156862745098,0.9607843137254902,51,1150,800,350,0.6956521739130435,15,8,7,318.88770343274234,0.45877450980392154,0.25078673444686506,0.1721993598536809,128144.53124999999,-2017.9343359631835,126126.5969140368,1293,0,230.2941176470588,38,13,17,38.80315500685872,0.5978618421052632,46.875,1012.4999999999999,26.64473684210526,0
3230,4,1,2,48,0.02,0.04,0.96,50,1600,1300,300,0.8125,19,13,6,324.08914401669597,0.4577210884353742,0.2628923790450093,0.17619677417114005,128415.10662073559,-1676.4116032946167,126738.69501744097,1294,0,230.06,38,12,13,38.39574329784619,0.6006030701754386,46.60790598290598,1013.5683760683758,26.672852001799363,0
3231,4,1,0,49,0.02040816326530612,0.0,1.0,49,1150,700,450,0.6086956521739131,16,7,9,330.5175836521191,0.45709325396825395,0.2829687731045698,0.1800999467313581,128505.599379136,-1305.3279614881399,127200.27141764785,1295,0,235.26530612244898,37,12,14,38.14063570166899,0.603322072072072,46.5186403508772,1013.9254385964921,27.403390232337625,0
3232,4,1,1,49,0.02,0.02,0.98,50,1850,1600,250,0.8648648648648649,21,16,5,322.8915536233885,0.4578486394557823,0.2748168901340804,0.1778929540745397,128943.2185289843,-1673.0647679952153,127270.1537609891,1296,0,231.54,40,10,15,37.888774931625655,0.6026041666666666,46.08739837398375,1015.650406504067,25.391260162601675,0
3233,4,1,2,48,0.02,0.04,0.96,50,1550,1000,550,0.6451612903225806,21,10,11,320.9768203275073,0.45651360544217684,0.2779135356689759,0.17788261102736452,129176.17517203648,-1707.4884062421208,127468.68676579437,1297,0,232.46,41,9,16,37.70077014410722,0.6034044715447154,45.858134920634924,1016.567460317461,24.794328300425878,0
3234,4,0,2,46,0.0,0.041666666666666664,0.9583333333333334,48,1400,900,500,0.6428571428571429,19,9,10,339.5051557048403,0.4557199320330969,0.22828526467856736,0.17988761421189772,127381.02349175354,-880.4186116720953,126500.60488008145,1298,1,241.52083333333334,39,9,16,39.06212379183435,0.5884081196581197,47.630208333333336,1009.4791666666673,25.884081196581214,8
3235,4,1,0,47,0.02127659574468085,0.0,1.0,47,1450,1100,350,0.7586206896551724,18,11,7,342.05524512847313,0.45534613012642616,0.23969524612035675,0.18182936714724118,127512.50000000012,-676.7361111110965,126835.76388888902,1299,0,247.14893617021278,39,8,17,38.86310506050606,0.5897435897435898,47.50000000000001,1010.0000000000009,25.89743589743592,0
3236,4,1,1,47,0.020833333333333332,0.020833333333333332,0.9791666666666666,48,1050,800,250,0.7619047619047619,13,8,5,334.93061712296185,0.4569296690307329,0.239909900857449,0.17959210676765724,127861.72251966437,-1035.0388740167725,126826.6836456476,1300,0,242.97916666666666,40,8,18,38.68590065648446,0.5916666666666667,47.154471544715456,1011.3821138211395,25.284552845528488,0
3237,4,2,1,48,0.04081632653061224,0.02040816326530612,0.9795918367346939,49,1200,1000,200,0.8333333333333334,14,10,4,329.4129695705164,0.4581207482993197,0.25049572524441843,0.1781235332891569,128198.62349559853,-1353.0048957608083,126845.61859983772,1301,0,238.89795918367346,38,11,20,38.48155571966101,0.5984100877192983,46.82158119658119,1012.7136752136742,26.650359874044057,0
3238,4,2,1,49,0.04,0.02,0.98,50,1700,1400,300,0.8235294117647058,20,14,6,320.07948757648825,0.46027210884353736,0.2571608769646605,0.17577097313917212,128814.23017259897,-1753.8414427589455,127060.38872984002,1302,0,232.64,40,10,21,38.09127540294323,0.6013020833333333,46.21443089430894,1015.1422764227641,25.378556910569102,0
3239,4,0,0,49,0.0,0.0,1.0,49,1100,800,300,0.7272727272727273,14,8,6,320.8555739166663,0.46035289115646255,0.26030611198432885,0.17686052579205253,128963.21750217,-1524.286566840287,127438.93093532971,1303,1,237.71428571428572,39,10,21,37.920149215465095,0.6044337606837606,46.06770833333333,1015.7291666666655,26.044337606837576,0
3240,4,1,0,50,0.02,0.0,1.0,50,1200,800,400,0.6666666666666666,16,8,8,316.79648457347935,0.46142857142857147,0.2628673062412423,0.1762999992434413,129340.77222077941,-1804.4004300000938,127536.37179077932,1304,0,233.94,37,13,22,37.640019223168416,0.6117680180180181,45.69627192982456,1017.2149122807012,27.49229492650544,0
3241,4,1,3,48,0.0196078431372549,0.058823529411764705,0.9411764705882353,51,1850,1400,450,0.7567567567567568,23,14,9,311.3266937925015,0.4619607843137255,0.2616557511461792,0.17510560045914084,129757.97661675357,-2120.575629340272,127637.4009874133,1305,0,230.33333333333334,39,12,17,37.35654585420712,0.6124465811965811,45.286458333333336,1018.8541666666674,26.12446581196583,0
3242,4,0,2,46,0.0,0.041666666666666664,0.9583333333333334,48,1450,1200,250,0.8275862068965517,17,12,5,325.2729195065975,0.4603557180851064,0.25814799272625555,0.1823824393374637,129636.22708013716,-1166.5691887647226,128469.65789137244,1306,1,234.3125,38,10,17,37.124728983074554,0.6129385964912281,45.405982905982896,1018.376068376067,26.799370220422816,0
3243,4,1,2,45,0.02127659574468085,0.0425531914893617,0.9574468085106383,47,800,400,400,0.5,12,4,8,323.67500329338753,0.46168670983657106,0.26390737557438815,0.18287925141674316,129935.60209155138,-988.6187130177755,128946.98337853361,1307,0,236.63829787234042,38,9,18,36.862097872786336,0.615953947368421,45.112179487179475,1019.5512820512802,26.83029689608632,0
3244,4,1,1,45,0.021739130434782608,0.021739130434782608,0.9782608695652174,46,1450,1100,350,0.7586206896551724,18,11,7,366.2898934294207,0.4598329307568438,0.3382342295385776,0.20035857012177602,128658.13607103722,273.13213831534915,128931.26820935258,1308,0,242.02173913043478,36,10,19,37.077968327968335,0.6067708333333333,46.36824324324324,1014.5270270270267,28.181306306306297,7
3245,4,1,0,46,0.021739130434782608,0.0,1.0,46,1450,900,550,0.6206896551724138,20,9,11,373.53636686301735,0.46101046698872783,0.3532855758615867,0.20579868617822566,128943.91593874287,433.04837776966747,129376.96431651253,1309,0,242.84782608695653,36,10,20,36.602126991166784,0.6096643518518519,46.086711711711715,1015.6531531531537,28.212587587587603,0
3246,4,2,0,48,0.041666666666666664,0.0,1.0,48,1450,1200,250,0.8275862068965517,17,12,5,357.2199065368496,0.4627197842789598,0.3531527177621099,0.19958016887452723,129495.73072059342,-347.53902778214785,129148.19169281128,1310,0,233.6875,35,13,18,36.454305966189075,0.6172619047619048,45.54398148148149,1017.8240740740753,29.080687830687864,0
3247,4,0,1,47,0.0,0.020833333333333332,0.9791666666666666,48,1350,1000,350,0.7407407407407407,17,10,7,354.72475325950035,0.46257203014184395,0.34722380086383264,0.19878142542529215,129613.56122470862,-404.57229509600745,129208.98892961262,1311,1,234.6875,35,13,18,36.397950291732975,0.618452380952381,45.42824074074075,1018.2870370370381,29.093915343915373,0
3248,4,0,1,46,0.0,0.02127659574468085,0.9787234042553191,47,1500,800,700,0.5333333333333333,22,8,14,360.4525526164951,0.4614168979340117,0.3610421446305665,0.20244689952634193,129701.9692670827,-49.718819658752864,129652.25044742395,1312,2,240.48936170212767,35,12,18,36.16220221186987,0.6193452380952381,45.3414351851852,1018.6342592592611,29.10383597883603,0
3249,4,0,0,46,0.0,0.0,1.0,46,1050,500,550,0.47619047619047616,16,5,11,371.16851181690816,0.4596719001610306,0.37191347043335954,0.2080586795597532,129625.3472222223,422.5694444444566,130047.91666666676,1313,3,246.65217391304347,34,12,18,35.96733496999455,0.6207107843137255,45.41666666666667,1018.333333333334,29.950980392156882,0
3250,4,0,3,43,0.0,0.06521739130434782,0.9347826086956522,46,1500,1000,500,0.6666666666666666,20,10,10,383.5797388609459,0.4594605475040258,0.3359277151547686,0.20713305898491094,128144.53125000012,630.7291666666819,128775.2604166668,1314,4,247.65217391304347,35,11,17,37.16563786008231,0.6035714285714286,46.87500000000001,1012.5000000000009,28.928571428571455,8
3251,4,0,0,43,0.0,0.0,1.0,43,1550,1200,350,0.7741935483870968,19,12,7,410.0280678243955,0.45671834625323,0.33297968307641646,0.21087892722863216,126166.92648260297,1746.3962178008605,127913.32270040383,1315,5,264.1162790697674,33,10,18,38.537346507278194,0.5877525252525253,48.8357843137255,1004.656862745099,30.444147355912094,8
3252,4,2,0,45,0.044444444444444446,0.0,1.0,45,950,600,350,0.631578947368421,13,6,7,391.02187868001766,0.4609217171717172,0.3211568432078893,0.2036591796861553,126683.87372470854,907.2332604595338,127591.10698516807,1316,0,253.33333333333334,35,10,18,38.48058940752664,0.5886904761904762,48.32175925925926,1006.7129629629633,28.763227513227523,0
3253,4,3,1,47,0.0625,0.020833333333333332,0.9791666666666666,48,1200,1000,200,0.8333333333333334,14,10,4,365.4023258501954,0.46525007387706857,0.3138656633221846,0.19440444026549558,127546.62390430986,-277.52059413641086,127269.10331017345,1317,0,238.4375,36,12,15,38.238573021181715,0.5954861111111112,47.466216216216225,1010.1351351351364,28.05930930930934,0
3254,4,1,2,46,0.020833333333333332,0.041666666666666664,0.9583333333333334,48,1050,800,250,0.7619047619047619,13,8,5,370.80178485562794,0.46492686170212766,0.3203049550553452,0.19783443622439995,127660.40322417022,-132.65892581769887,127527.74429835253,1318,0,239.41666666666666,36,12,16,37.98543013149099,0.5966435185185186,47.35360360360361,1010.5855855855864,28.071821821821842,0
3255,4,0,2,44,0.0,0.043478260869565216,0.9565217391304348,46,1150,800,350,0.6956521739130435,15,8,7,382.6149115074894,0.4651368760064412,0.31900624045742787,0.20369323331571865,127572.62613378688,562.2378117913836,128134.86394557827,1319,1,246.65217391304347,34,12,16,37.77717220520071,0.5998774509803921,47.44047619047619,1010.2380952380955,29.712885154061635,0
3256,4,1,0,45,0.022222222222222223,0.0,1.0,45,1850,1400,450,0.7567567567567568,23,14,9,387.5660093154645,0.4623106060606061,0.32057884544931214,0.20725507248784153,127753.08956916096,902.5510204081584,128655.64058956911,1320,0,252.9777777777778,34,11,17,37.466635264562726,0.6017156862745099,47.26190476190476,1010.9523809523806,29.73389355742296,0
3257,4,3,2,46,0.0625,0.041666666666666664,0.9583333333333334,48,1700,1200,500,0.7058823529411765,22,12,10,362.7354166551416,0.4642434988179669,0.31158727895037064,0.19833910960588363,128643.06205257625,-266.12349495483153,128376.93855762141,1321,0,238.10416666666666,35,13,17,37.183518729796525,0.6086309523809523,46.38310185185185,1014.4675925925922,28.984788359788347,0
3258,4,0,0,46,0.0,0.0,1.0,46,1300,900,400,0.6923076923076923,17,9,8,376.4847744682967,0.4623490338164251,0.3213597632430931,0.20449756111937992,128379.01341735241,466.548782578862,128845.56219993127,1322,1,249.45652173913044,35,11,17,37.10503273945486,0.605952380952381,46.64351851851851,1013.4259259259248,28.955026455026424,0
3259,4,1,1,46,0.02127659574468085,0.02127659574468085,0.9787234042553191,47,1300,1100,200,0.8461538461538461,15,11,4,369.87802113258573,0.46353684859697813,0.32727959311313315,0.20319624378490328,128829.5659468591,130.24498315884574,128959.81093001795,1323,0,245.12765957446808,36,11,18,36.81179515622111,0.6085069444444444,46.19932432432433,1015.2027027027034,28.200075075075095,0
3260,4,1,0,47,0.02127659574468085,0.0,1.0,47,1600,1000,600,0.625,22,10,12,396.147804111741,0.46318994757940174,0.33022683312818724,0.20840819259791601,127092.01388888895,742.7250730460296,127834.73896193499,1324,0,246.04255319148936,33,14,18,37.93044077134986,0.5972222222222222,47.91666666666667,1008.3333333333339,30.555555555555575,8
3261,4,2,1,48,0.04081632653061224,0.02040816326530612,0.9795918367346939,49,1200,500,700,0.4166666666666667,19,5,14,377.31768514438926,0.46391369047619047,0.31627003493115957,0.20132305651732982,127662.8419075962,-166.1104024943477,127496.73150510185,1325,0,236.9591836734694,34,15,18,37.81830407978955,0.600796568627451,47.35119047619047,1010.5952380952367,29.723389355742256,0
3262,4,2,0,50,0.04,0.0,1.0,50,1500,1100,400,0.7333333333333333,19,11,8,368.77707401995315,0.46419217687074826,0.3289566184649615,0.19899795290752567,128116.0277676325,-550.7492289586826,127565.27853867383,1326,0,233.18,36,14,20,37.56952169076752,0.6012731481481481,46.903153153153156,1012.3873873873874,28.121871871871875,0
3263,4,0,2,48,0.0,0.04,0.96,50,1500,900,600,0.6,21,9,12,369.48066898040423,0.46392006802721086,0.324422351731231,0.19995827670052646,128232.4369454088,-524.1155120844555,127708.32143332435,1327,1,234.18,35,15,20,37.43250771340419,0.6044642857142857,46.788194444444436,1012.8472222222209,28.938492063492028,0
3264,4,1,1,48,0.02040816326530612,0.02040816326530612,0.9795918367346939,49,1400,1100,300,0.7857142857142857,17,11,6,366.07850153318446,0.4636833900226757,0.32063383381425137,0.19987201924830506,128584.36113522378,-385.60595100308706,128198.75518422069,1328,0,238.40816326530611,35,14,20,37.15872132831224,0.6080357142857142,46.44097222222222,1014.2361111111112,28.978174603174605,0
3265,4,0,0,48,0.0,0.0,1.0,48,1550,1000,550,0.6451612903225806,21,10,11,375.7170928746288,0.4629506501182033,0.3335240162716102,0.2055109798124252,128657.32001133781,67.7508503401242,128725.07086167793,1329,1,244.22916666666666,34,14,20,36.83969920988812,0.610906862745098,46.36904761904761,1014.5238095238091,29.83893557422968,0
3266,4,0,1,47,0.0,0.020833333333333332,0.9791666666666666,48,1600,1200,400,0.75,20,12,8,375.92369516327,0.46271054964539005,0.3349531879129035,0.2064070411240957,128808.33510487534,84.42106009070238,128892.75616496603,1330,2,245.22916666666666,34,14,20,36.68005550994878,0.6124387254901961,46.220238095238095,1015.119047619048,29.856442577030826,0
3267,4,0,1,46,0.0,0.02127659574468085,0.9787234042553191,47,1050,700,350,0.6666666666666666,14,7,7,385.8685505685544,0.4613398088189948,0.3468765649276446,0.2121380850338733,128858.9894061177,544.5262939734606,129403.51570009117,1331,3,250.85106382978722,33,14,20,36.37585495876082,0.6152146464646464,46.170343137254896,1015.3186274509793,30.76723113487816,0
3268,4,0,0,46,0.0,0.0,1.0,46,1550,1200,350,0.7741935483870968,19,12,7,394.14498899430083,0.46033615136876005,0.35178897743369064,0.21680670324843804,128880.6706586061,959.5341036628724,129840.20476226897,1332,4,257.17391304347825,32,14,20,36.14357954074442,0.6178385416666667,46.14898989898989,1015.4040404040392,31.731376262626224,0
3269,4,2,0,48,0.041666666666666664,0.0,1.0,48,1200,1000,200,0.8333333333333334,14,10,4,393.0132626026215,0.46061428782505914,0.2767069055036344,0.21177477243839116,128059.030314098,513.131932305524,128572.16224640352,1333,0,247.41666666666666,36,12,17,37.01463061860258,0.6006944444444444,46.95945945945947,1012.1621621621631,28.115615615615642,8
3270,4,3,3,48,0.058823529411764705,0.058823529411764705,0.9411764705882353,51,1100,800,300,0.7272727272727273,14,8,6,368.8006916128381,0.4639705882352941,0.2800448250029408,0.2024249203358508,128794.39153928349,-700.0793312903398,128094.31220799315,1334,0,233.80392156862746,38,13,17,36.8750657825492,0.6044407894736843,46.233974358974365,1015.0641025641036,26.712213225371148,0
3271,4,0,0,48,0.0,0.0,1.0,48,1350,1000,350,0.7407407407407407,17,10,7,377.2067079543789,0.46162086288416077,0.31193273905996777,0.2066931960993354,128728.04763244456,111.41661376577235,128839.46424621034,1335,1,248.25,37,11,18,36.729583108229775,0.6055743243243243,46.29934210526316,1014.8026315789471,27.427098150782353,0
3272,4,1,2,47,0.02040816326530612,0.04081632653061224,0.9591836734693877,49,1450,900,550,0.6206896551724138,20,9,11,371.69441431400435,0.46233701814058953,0.31433721753685684,0.20527374449048685,129038.51290269561,-207.4211045364865,128831.09179815912,1336,0,244.16326530612244,38,11,20,36.55231335436382,0.606907894736842,45.993589743589745,1016.0256410256412,26.73751686909582,0
3273,4,0,0,47,0.0,0.0,1.0,47,1650,1300,350,0.7878787878787878,20,13,7,377.03836265510984,0.4604918285538082,0.3286727894170227,0.2086429005044901,129117.79495854478,336.4724001615713,129454.26735870635,1337,1,254.95744680851064,37,10,21,36.33561243571763,0.6095157657657657,45.91557017543859,1016.3377192982443,27.46858700806066,0
3274,4,1,2,46,0.020833333333333332,0.041666666666666664,0.9583333333333334,48,1600,1200,400,0.75,20,12,8,368.26373927020256,0.46045729905437355,0.31703216374268983,0.2057944425333486,129504.14540816339,-61.555625828343494,129442.58978233504,1338,0,250.625,34,14,19,36.16471734892787,0.6194852941176471,45.53571428571429,1017.8571428571438,29.936974789915993,0
3275,4,0,1,45,0.0,0.021739130434782608,0.9782608695652174,46,1650,1300,350,0.7878787878787878,20,13,7,378.30325299612764,0.4597020933977456,0.31412242281807523,0.2109170191361972,129413.28125,591.4930555555557,130004.77430555556,1339,3,259.54347826086956,34,12,22,36.001911001911,0.6185661764705883,45.625,1017.5,29.926470588235293,0
3276,4,0,0,45,0.0,0.0,1.0,45,1550,1200,350,0.7741935483870968,19,12,7,385.1744062708384,0.457996632996633,0.3225286710292128,0.21478194058205302,129419.51600646375,969.8170475297786,130389.33305399353,1340,4,265.44444444444446,33,12,22,35.82076257577581,0.6208964646464646,45.6188725490196,1017.5245098039206,30.834076054664262,0
3277,4,2,0,47,0.0425531914893617,0.0,1.0,47,1250,900,350,0.72,16,9,7,365.3967188065773,0.46043401171754544,0.3113252762950154,0.20681454284452316,130004.05811216644,100.61125314506177,130104.6693653115,1341,0,255.10638297872342,36,11,22,35.72907464664311,0.6203703703703703,45.04504504504506,1019.8198198198216,28.32832832832838,0
3278,4,1,0,48,0.020833333333333332,0.0,1.0,48,2250,1900,350,0.8444444444444444,26,19,7,358.33918177609246,0.4601525561465721,0.3066149050227249,0.2051306550247268,130444.94224773256,-250.52281839200816,130194.41942934055,1342,0,250.77083333333334,34,14,24,35.46158178922428,0.6289828431372548,44.61309523809525,1021.5476190476201,30.045518207282942,0
3279,4,1,1,48,0.02040816326530612,0.02040816326530612,0.9795918367346939,49,1250,800,450,0.64,17,8,9,349.73308106133425,0.4601934523809524,0.30971411072467503,0.20216912306705387,130822.85534972308,-649.3839450600105,130173.47140466307,1343,0,246.6326530612245,37,12,17,35.29876741693461,0.6266891891891893,44.24342105263158,1023.0263157894743,27.64935988620201,0
3280,4,0,1,47,0.0,0.020833333333333332,0.9791666666666666,48,1400,1100,300,0.7857142857142857,17,11,6,348.91002201980007,0.4602356678486998,0.2744475088326488,0.18998952082420886,128477.80687326849,-624.1612803939879,127853.6455928745,1344,1,252.75,37,11,15,37.702790395846854,0.6030405405405406,46.54605263157894,1013.8157894736826,27.400426742531963,8
3281,4,0,3,44,0.0,0.06382978723404255,0.9361702127659575,47,1250,700,550,0.56,18,7,11,355.84884041494246,0.4594703977798335,0.2880382136587145,0.19390301869870172,128505.59937913567,-254.28629482150154,128251.31308431417,1345,2,258.9574468085106,37,10,15,37.49853556108288,0.603322072072072,46.518640350877185,1013.9254385964895,27.403390232337554,0
3282,4,1,1,44,0.022222222222222223,0.022222222222222223,0.9777777777777777,45,1250,800,450,0.64,17,8,9,370.3509205776453,0.4580808080808081,0.2922442121908433,0.20041733933064595,128230.06071950305,498.0242066390409,128728.08492614208,1346,0,268.97777777777776,36,9,18,37.41290489956267,0.6024305555555556,46.790540540540526,1012.8378378378359,28.13438438438433,0
3283,4,0,1,43,0.0,0.022727272727272728,0.9772727272727273,44,1750,1400,350,0.8,21,14,7,341.6137258137726,0.45645040521494007,0.15777533157922985,0.17905635845285356,126942.00857426303,-126.97349773242766,126815.0350765306,1347,1,275.8181818181818,41,3,16,39.459047056507174,0.5807926829268293,48.06547619047619,1007.7380952380953,24.57897793263647,8
3284,4,4,2,45,0.0851063829787234,0.0425531914893617,0.9574468085106383,47,1300,1000,300,0.7692307692307693,16,10,6,319.43374914148507,0.45950894233734196,0.2433785009804208,0.16950973403347427,127442.37075617295,-1201.2546453766577,126241.1161107963,1348,0,259.1063829787234,41,6,15,39.50596056854652,0.5858739837398375,47.56944444444445,1009.7222222222232,24.62737127371276,8
3285,4,1,2,44,0.021739130434782608,0.043478260869565216,0.9565217391304348,46,1350,1100,250,0.8148148148148148,16,11,5,324.45608704180006,0.45911835748792273,0.2423298115387642,0.1719928905375264,127399.61848932525,-932.8836588670674,126466.73483045818,1349,0,265.39130434782606,40,6,15,39.42289946983425,0.5869791666666666,47.611788617886184,1009.5528455284563,25.238821138211406,0
3286,4,1,1,44,0.022222222222222223,0.022222222222222223,0.9777777777777777,45,1100,700,400,0.6363636363636364,15,7,8,335.0007655338564,0.45768097643097644,0.24960227402975455,0.17784761342197197,127459.90125868077,-460.1671006944223,126999.73415798634,1350,0,271.0444444444444,39,6,16,39.095058799257274,0.5892094017094017,47.55208333333334,1009.7916666666683,25.89209401709406,0
3287,4,1,1,44,0.022222222222222223,0.022222222222222223,0.9777777777777777,45,1100,700,400,0.6363636363636364,15,7,8,335.5446526330237,0.4567760942760943,0.2632224970229913,0.17930205446866007,127723.00347222247,-428.64583333330984,127294.35763888915,1351,0,271.4222222222222,39,6,17,38.81217367408629,0.5918803418803419,47.29166666666668,1010.8333333333353,25.91880341880347,0
3288,4,0,2,42,0.0,0.045454545454545456,0.9545454545454546,44,1550,1000,550,0.6451612903225806,21,10,11,336.8314317765504,0.4571110817477097,0.2548024264891733,0.1808164750681087,127907.33642578151,-183.35774739580506,127723.97867838571,1352,1,274.1136363636364,39,5,18,38.59122386983833,0.59375,47.109375000000014,1011.562500000002,25.937500000000053,0
3289,4,2,0,44,0.045454545454545456,0.0,1.0,44,1150,800,350,0.6956521739130435,15,8,7,334.6988143852178,0.46072278012684986,0.24332485696122008,0.1812144360290568,128250.02170138905,-214.97395833331535,128035.04774305574,1353,0,265.84090909090907,39,5,21,38.29528314822435,0.5972222222222222,46.77083333333334,1012.916666666668,25.972222222222257,0
3290,4,0,0,44,0.0,0.0,1.0,44,1100,800,300,0.7272727272727273,14,8,6,337.8344163948565,0.46056862226920364,0.24209018959250184,0.18351708749891465,128381.9458007814,-125.63205295137567,128256.31374783002,1354,1,266.84090909090907,39,5,15,38.081273340870936,0.5985576923076923,46.64062500000001,1013.4375000000011,25.98557692307695,0
3291,4,0,1,43,0.0,0.022727272727272728,0.9772727272727273,44,1400,1000,400,0.7142857142857143,18,10,8,345.02315525940696,0.45974277660324175,0.24275416448793585,0.18829290580748823,128566.75347222238,71.70138888890858,128638.45486111128,1355,2,267.84090909090907,39,5,16,37.71055875102713,0.6004273504273504,46.45833333333334,1014.166666666668,26.004273504273538,0
3292,4,1,1,43,0.022727272727272728,0.022727272727272728,0.9772727272727273,44,1650,1300,350,0.7878787878787878,20,13,7,350.07971607013116,0.4585315362931642,0.16176255674396955,0.18783522447687423,127887.4194944313,185.06107888823598,128072.48057331954,1356,0,268.77272727272725,40,4,14,38.27656652935464,0.5919270833333333,47.12906504065041,1011.483739837399,25.287093495934975,8
3293,4,1,2,42,0.022727272727272728,0.045454545454545456,0.9545454545454546,44,1050,700,350,0.6666666666666666,14,7,7,335.9046616545687,0.45941243833685697,0.18803690883982904,0.17392244432349405,126442.63058232538,-305.20799492656215,126137.42258739882,1357,0,266.84090909090907,41,3,13,40.115571776155726,0.5757113821138211,48.56150793650793,1005.7539682539671,24.53058459156017,8
3294,4,2,0,44,0.045454545454545456,0.0,1.0,44,1400,1100,300,0.7857142857142857,17,11,6,337.9546224210968,0.46030435165609584,0.22196290959213094,0.17702965961480568,126917.01630015436,-221.56153549382464,126695.45476466054,1358,0,266.79545454545456,41,3,16,39.57687227199632,0.5805386178861789,48.09027777777778,1007.6388888888891,24.576558265582662,0
3295,4,2,1,45,0.043478260869565216,0.021739130434782608,0.9782608695652174,46,2000,1600,400,0.8,24,16,8,327.2302049379386,0.46138285024154585,0.23588634856830715,0.17434999217618236,127605.49175417656,-848.6051931432607,126756.8865610333,1359,0,256.1521739130435,42,4,18,39.14237076819796,0.5860615079365079,47.407945736434115,1010.3682170542645,24.05638612033963,0
3296,4,1,1,45,0.021739130434782608,0.021739130434782608,0.9782608695652174,46,1750,1200,550,0.6857142857142857,23,12,11,328.1212936607108,0.4629428341384863,0.2511225705407494,0.1759984616254114,127874.86948650944,-808.3064794783752,127066.56300703107,1360,0,256.95652173913044,42,4,19,38.844646164654776,0.5887896825396826,47.141472868217065,1011.4341085271336,24.08176448874128,0
3297,4,0,0,45,0.0,0.0,1.0,45,1300,800,500,0.6153846153846154,18,8,10,329.65121297710357,0.4620580808080808,0.25299112558258363,0.17725118259046943,127972.89544648763,-562.7159575746564,127410.17948891297,1361,1,262.26666666666665,42,3,19,38.70586733065187,0.589781746031746,47.04457364341086,1011.8217054263569,24.09099298634183,0
3298,4,3,4,44,0.0625,0.08333333333333333,0.9166666666666666,48,1500,1100,400,0.7333333333333333,19,11,8,309.70864132660824,0.4655363475177305,0.24807784145176726,0.16941742292004142,128660.12878583034,-1630.224201520323,127029.90458431002,1362,0,246.8125,42,6,17,38.511023559375985,0.5967261904761905,46.36627906976745,1014.5348837209315,24.155592469545986,0
3299,4,1,2,43,0.022222222222222223,0.044444444444444446,0.9555555555555556,45,1300,900,400,0.6923076923076923,17,9,8,329.03819361189977,0.4616582491582492,0.25428799817289116,0.17885707395775322,128408.33875868043,-549.7504340277881,127858.58832465265,1363,0,236.75555555555556,39,6,19,38.27723535457349,0.5988247863247863,46.61458333333333,1013.5416666666656,25.988247863247835,0
3300,4,0,0,43,0.0,0.0,1.0,43,1750,1500,250,0.8571428571428571,20,15,5,336.79580552437614,0.4600406053894426,0.24467477469511278,0.18319508013178873,128434.73442925328,51.255967881924676,128485.9903971352,1364,4,244.2093023255814,39,4,19,38.053750042818486,0.5990918803418803,46.58854166666666,1013.6458333333318,25.990918803418765,0
3301,4,2,0,45,0.044444444444444446,0.0,1.0,45,1600,1100,500,0.6875,21,11,10,326.6169420045299,0.4620580808080808,0.2488727781487492,0.18011180447309216,128979.8269804246,-574.6006662760894,128405.2263141485,1365,0,234.3111111111111,42,3,21,37.756963655442135,0.5999503968253967,46.051356589147275,1015.7945736434087,24.185585086747828,0
3302,4,0,1,44,0.0,0.022222222222222223,0.9777777777777777,45,1350,700,650,0.5185185185185185,20,7,13,330.7288675645717,0.46191077441077444,0.2558780762460777,0.17388502229998654,127067.00685193045,-594.6742706876744,126472.33258124278,1366,1,235.3111111111111,41,4,19,39.605164977532866,0.5820630081300813,47.941468253968246,1008.2341269841259,24.591076267905507,7
3303,4,1,0,45,0.022222222222222223,0.0,1.0,45,1100,800,300,0.7272727272727273,14,8,6,336.66679092599344,0.463236531986532,0.26429598941250876,0.17429050221932835,126436.3945855037,-477.5141194353695,125958.88046606834,1367,0,228.22222222222223,39,6,17,40.102818056274806,0.5787927350427351,48.56770833333334,1005.7291666666686,25.7879273504274,8
3304,4,1,1,45,0.021739130434782608,0.021739130434782608,0.9782608695652174,46,1400,800,600,0.5714285714285714,20,8,12,337.5683477861478,0.46494565217391304,0.18235268807951321,0.17132738093315023,125620.80858095534,-718.8782399534051,124901.93034100193,1368,0,224.2391304347826,41,5,16,40.91982104568695,0.5673272357723578,49.37996031746031,1002.4801587301572,24.45073557878432,7
3305,4,2,1,46,0.0425531914893617,0.02127659574468085,0.9787234042553191,47,1500,1100,400,0.7333333333333333,19,11,8,332.81107418949364,0.4680658341042245,0.18998852299814595,0.17065418910567695,126043.83680555585,-1010.2430555555216,125033.59375000033,1369,0,219.53191489361703,42,5,18,40.60338865836792,0.5701884920634921,48.95833333333335,1004.1666666666691,23.90873015873022,0
3306,4,4,6,44,0.08,0.12,0.88,50,1500,900,600,0.6,21,9,12,309.92858917091525,0.4707057823129252,0.18589672083854247,0.16236510825130196,126921.08464222388,-2132.705460158654,124788.37918206523,1370,0,206.06,42,8,17,40.27871269673367,0.5791170634920635,48.086240310077514,1007.6550387596889,23.991786637135448,0
3307,4,3,0,47,0.06382978723404255,0.0,1.0,47,1700,1100,600,0.6470588235294118,23,11,12,328.11993228055286,0.4669673142152328,0.22846195083796905,0.17306717996758572,127197.07031249999,-1052.7061596733984,126144.36415282659,1371,0,219.25531914893617,39,8,21,39.537725457799795,0.5865384615384616,47.8125,1008.7499999999999,25.865384615384613,0
3308,4,0,4,43,0.0,0.0851063829787234,0.9148936170212766,47,1350,700,650,0.5185185185185185,20,7,13,330.2476838375476,0.4673720320690718,0.23223487785340713,0.17506299312925303,127399.6184893252,-985.3142144226223,126414.30427490258,1372,1,220.25531914893617,40,7,16,39.27672639420173,0.5869791666666666,47.611788617886184,1009.5528455284559,25.2388211382114,0
3309,4,1,2,42,0.022727272727272728,0.045454545454545456,0.9545454545454546,44,950,500,450,0.5263157894736842,14,5,9,335.928516636879,0.4665147110641297,0.22023700783616174,0.178739680630371,127550.26989051436,-230.4454078091819,127319.82448270518,1373,0,226.22727272727272,38,6,17,38.97915564956812,0.5918311403508771,47.46260683760684,1010.1495726495733,26.582883490778244,0
3310,4,2,1,43,0.045454545454545456,0.022727272727272728,0.9772727272727273,44,1750,1600,150,0.9142857142857143,19,16,3,336.076642732478,0.46707628611698376,0.22230758888269908,0.1801416477976015,127847.22792935956,-206.70657096937276,127640.5213583902,1374,0,226.95454545454547,38,6,19,38.67173744629901,0.5948464912280702,47.16880341880343,1011.3247863247882,26.613810166441795,0
3311,4,1,3,41,0.022727272727272728,0.06818181818181818,0.9318181818181819,44,1150,700,450,0.6086956521739131,16,7,9,347.67735270707396,0.4653254933051445,0.2417695473251027,0.18774577046181962,128144.53124999977,111.62612316455466,128256.15737316431,1375,0,227.8409090909091,35,9,20,38.07441700960218,0.6035714285714286,46.874999999999986,1012.4999999999982,28.928571428571377,0
3312,4,1,0,42,0.023809523809523808,0.0,1.0,42,1000,600,400,0.6,14,6,8,363.59633524699814,0.4630032907471932,0.2507348618459728,0.19634202103337903,128144.53125,918.5763888888887,129063.10763888889,1376,0,238.66666666666666,33,9,22,37.67146776406036,0.6079545454545454,46.875,1012.5,30.681818181818183,0
3313,4,0,0,42,0.0,0.0,1.0,42,1050,800,250,0.7619047619047619,13,8,5,368.69999042627296,0.46266453735965934,0.260147920302753,0.19987166038386872,128299.6792850105,1060.8181048154493,129360.49738982595,1377,1,239.66666666666666,33,9,22,37.38344724003064,0.6095328282828283,46.72181372549019,1013.1127450980387,30.70038621509208,0
3314,4,1,2,41,0.023255813953488372,0.046511627906976744,0.9534883720930233,43,1300,1000,300,0.7692307692307693,16,10,6,370.1013952064018,0.46313215208564046,0.21884688844145161,0.19914557708531294,128002.04554216377,892.8065891893676,128894.85213135314,1378,0,235.06976744186048,36,7,20,37.652783960234444,0.6001157407407407,47.015765765765764,1011.9369369369368,28.109359359359356,8
3315,4,1,0,42,0.023809523809523808,0.0,1.0,42,1500,1000,500,0.6666666666666666,20,10,10,380.1927212992601,0.4620838172667441,0.2366255144032925,0.2053040695016002,128144.53124999988,1344.0028711143434,129488.53412111422,1379,0,241.5,34,8,21,37.251371742112475,0.6056985294117647,46.87499999999999,1012.4999999999991,29.779411764705856,0
3316,4,0,1,41,0.0,0.023809523809523808,0.9761904761904762,42,1200,800,400,0.6666666666666666,16,8,8,380.946807645765,0.4622652922957801,0.24039758072186723,0.20664361248394547,128325.39859693874,1377.0301870748253,129702.42878401357,1380,1,242.5,34,8,21,37.04690988133005,0.6075367647058824,46.69642857142857,1013.2142857142854,29.80042016806722,0
3317,4,2,1,42,0.046511627906976744,0.023255813953488372,0.9767441860465116,43,1350,1000,350,0.7407407407407407,17,10,7,361.0885902345959,0.46223237356958286,0.22489326435280566,0.19855583999835813,128867.17547706957,706.4933441058442,129573.66882117541,1381,0,227.3953488372093,37,6,21,36.996490280777536,0.6069819819819819,46.16228070175437,1015.35087719298,27.44191559981027,0
3318,4,0,1,41,0.0,0.023809523809523808,0.9761904761904762,42,1600,1100,500,0.6875,21,11,10,363.7749093611875,0.4610675571041425,0.23473988775019916,0.20042064187712588,128943.91593874287,981.3122666585557,129925.22820540142,1382,1,233.54761904761904,36,6,21,36.84998336844438,0.6096643518518519,46.086711711711715,1015.6531531531537,28.212587587587603,0
3319,4,0,0,41,0.0,0.0,1.0,41,1100,600,500,0.5454545454545454,16,6,10,370.628756989949,0.46046747967479673,0.2339674222576602,0.20476714018972692,129054.34355977786,1366.2501875428513,130420.59374732072,1383,2,239.46341463414635,35,6,21,36.563223791623926,0.612797619047619,45.97800925925925,1016.0879629629621,29.031084656084634,0
3320,4,0,1,40,0.0,0.024390243902439025,0.975609756097561,41,1800,1200,600,0.6666666666666666,24,12,12,381.8286420166812,0.4600863821138212,0.24884670075005144,0.20574795170539134,128059.03031409773,1579.3211285609782,129638.3514426587,1384,3,240.46341463414635,36,5,20,37.297646862483305,0.6006944444444444,46.95945945945945,1012.1621621621609,28.11561561561558,8
3321,4,1,0,41,0.024390243902439025,0.0,1.0,41,1300,900,400,0.6923076923076923,17,9,8,381.28503202108266,0.45917174796747967,0.24597149743087177,0.20682708142329048,128325.39859693848,1585.7678098326892,129911.16640677117,1385,0,235.90243902439025,34,7,22,37.03834253710883,0.6075367647058824,46.696428571428555,1013.2142857142833,29.800420168067156,0
3322,4,0,0,41,0.0,0.0,1.0,41,1850,1400,450,0.7567567567567568,23,14,9,383.70530485899866,0.45945121951219514,0.24623350143328837,0.20908624961510505,128506.39349489797,1661.7169784580553,130168.11047335604,1386,1,236.90243902439025,34,7,17,36.791612852725926,0.609375,46.517857142857146,1013.9285714285716,29.821428571428577,0
3323,4,0,0,41,0.0,0.0,1.0,41,1300,1000,300,0.7692307692307693,16,10,6,385.9038359443078,0.45937500000000003,0.2479441036635459,0.2109228086004776,128627.1276218821,1727.5403911564667,130354.66801303856,1387,2,237.90243902439025,34,7,19,36.61224230332903,0.6106004901960784,46.398809523809526,1014.404761904762,29.835434173669473,0
3324,4,0,1,40,0.0,0.024390243902439025,0.975609756097561,41,1100,800,300,0.7272727272727273,14,8,6,389.9622466267062,0.4590701219512195,0.2506544596237752,0.21378959180017168,128747.9184382086,1841.3655045351488,130589.28394274374,1388,3,238.90243902439025,34,7,20,36.38563049853373,0.6118259803921569,46.279761904761905,1014.8809523809522,29.84943977591036,0
3325,4,1,2,39,0.024390243902439025,0.04878048780487805,0.9512195121951219,41,1050,700,350,0.6666666666666666,14,7,7,379.4050721449164,0.45904471544715447,0.24775894280376387,0.21007525979074548,129140.88010204076,1599.3409863945496,130740.22108843531,1389,0,238.90243902439025,34,7,21,36.25190325603185,0.6158088235294117,45.89285714285714,1016.4285714285709,29.89495798319326,0
3326,4,0,1,38,0.0,0.02564102564102564,0.9743589743589743,39,1650,1300,350,0.7878787878787878,20,13,7,388.43947301400607,0.45594354475933424,0.25157015269374794,0.21559388212406166,129235.55333347805,2240.0805633127584,131475.6338967908,1390,1,250.35897435897436,30,9,21,35.92558933685834,0.6267361111111112,45.79973118279571,1016.8010752688187,33.89336917562729,0
3327,4,2,2,38,0.05,0.05,0.95,40,1300,800,500,0.6153846153846154,18,8,10,376.283520942866,0.46060363247863245,0.24677929324240555,0.2108913548578329,129618.91842987965,1754.6926015202566,131373.6110313999,1391,0,244.825,32,8,17,35.843666046703866,0.6253255208333333,45.4229797979798,1018.3080808080812,31.822127525252537,0
3328,4,2,1,39,0.05,0.025,0.975,40,1050,700,350,0.6666666666666666,14,7,7,385.9837875394584,0.4591346153846154,0.24099910744170483,0.2043456992153671,127347.63215495898,1830.8242786705555,129178.45643362953,1392,0,245.775,36,4,17,37.923500316114385,0.5934606481481481,47.663288288288285,1009.3468468468466,28.037412412412404,7
3329,4,0,1,38,0.0,0.02564102564102564,0.9743589743589743,39,1300,900,400,0.6923076923076923,17,9,8,386.50046973126626,0.4585863697705803,0.23957102287760423,0.20480298280656747,127383.94445516106,2046.790873628246,129430.7353287893,1393,1,252.53846153846155,35,4,18,37.87309867767331,0.5958333333333333,47.62731481481481,1009.4907407407399,28.842592592592567,0
3330,4,2,1,39,0.05,0.025,0.975,40,1300,1000,300,0.7692307692307693,16,10,6,374.30542327475024,0.46018963675213675,0.2588639652677285,0.20097941525864182,127916.59216226342,1575.9748346319095,129492.56699689533,1394,0,246.975,36,4,20,37.63404950090912,0.5992476851851851,47.100225225225216,1011.5990990990975,28.09997497497493,0
3331,4,0,0,39,0.0,0.0,1.0,39,1200,700,500,0.5833333333333334,17,7,10,383.30417606090253,0.4586144849302744,0.26354270229370336,0.2062294406954133,127998.08873724681,2012.440388160118,130010.52912540693,1395,1,253.3846153846154,35,4,20,37.322834458042614,0.6020833333333333,47.01967592592591,1011.9212962962941,28.912037037036974,0
3332,4,1,0,40,0.025,0.0,1.0,40,850,500,350,0.5882352941176471,12,5,7,378.2410126432277,0.4583867521367522,0.2649306779461873,0.20517586096918466,128325.39859693863,1707.7531916187072,130033.15178855733,1396,0,248.025,34,6,21,37.115448635099675,0.6075367647058824,46.69642857142856,1013.2142857142845,29.80042016806719,0
3333,4,3,1,42,0.06976744186046512,0.023255813953488372,0.9767441860465116,43,1750,1500,250,0.8571428571428571,20,15,5,356.0550384126725,0.4594176818014027,0.262373014150419,0.19774333549265094,129260.2304633915,610.7107316949255,129870.94119508643,1397,0,231.65116279069767,35,8,20,36.72367023294635,0.6148809523809524,45.775462962962955,1016.8981481481471,29.054232804232775,0
3334,4,0,1,41,0.0,0.023809523809523808,0.9761904761904762,42,1300,1100,200,0.8461538461538461,15,11,4,362.97105036822484,0.45879307007355785,0.26726761882463146,0.20159289416419876,129261.91184807257,983.6663832199588,130245.57823129253,1398,1,238.14285714285714,34,8,20,36.546134784984,0.6170343137254901,45.773809523809526,1016.9047619047619,29.908963585434176,0
3335,4,2,1,42,0.046511627906976744,0.023255813953488372,0.9767441860465116,43,1600,1200,400,0.75,20,12,8,357.9801705411248,0.45794112218530825,0.27379852003655025,0.2018164777071156,129849.38298396778,696.7008530521268,130546.0838370199,1399,0,233.46511627906978,35,8,19,36.075308501779084,0.6208333333333333,45.19675925925926,1019.2129629629632,29.120370370370377,0
3336,4,0,0,42,0.0,0.0,1.0,42,1050,600,450,0.5714285714285714,15,6,9,367.3010644619779,0.45692992644212155,0.27897238128627655,0.20636869393310217,129716.28578514744,1128.9859693877627,130845.2717545352,1400,1,239.97619047619048,34,8,19,35.973228545829926,0.6216299019607843,45.327380952380956,1018.6904761904766,29.961484593837547,0
3337,4,0,1,41,0.0,0.023809523809523808,0.9761904761904762,42,1750,1100,650,0.6285714285714286,24,11,13,369.3843548647083,0.45615563298490125,0.2805020431990659,0.20883016497796897,129958.94451530627,1200.9601757369787,131159.90469104325,1401,2,240.97619047619048,34,8,19,35.67328273983265,0.6240808823529411,45.08928571428572,1019.6428571428584,29.989495798319364,0
3338,4,0,0,41,0.0,0.0,1.0,41,1300,1000,300,0.7692307692307693,16,10,6,378.7355986925981,0.4560721544715447,0.28451013056540386,0.2141168582707657,129958.94451530601,1644.0157312925055,131602.96024659852,1402,3,247.1951219512195,34,7,19,35.43490951546993,0.6240808823529411,45.08928571428571,1019.6428571428563,29.989495798319304,0
3339,4,0,0,41,0.0,0.0,1.0,41,1500,1100,400,0.7333333333333333,19,11,8,374.5281886275324,0.45536077235772354,0.28214342027734673,0.2129087710592492,130173.987871335,1550.765576774705,131724.7534481097,1403,4,248.1951219512195,35,6,20,35.32345185437223,0.6241071428571429,44.87847222222223,1020.4861111111121,29.15674603174606,0
3340,4,0,0,41,0.0,0.0,1.0,41,1350,1000,350,0.7407407407407407,17,10,7,371.4855756878387,0.45457317073170733,0.28305422613512543,0.21199146923982665,130323.35778061234,1482.6796589585003,131806.03743957085,1404,5,249.1951219512195,34,7,20,35.249310170611324,0.6277573529411764,44.73214285714286,1021.0714285714294,30.03151260504204,0
3341,4,0,0,41,0.0,0.0,1.0,41,1450,1100,350,0.7586206896551724,18,11,7,374.31016000978127,0.45383638211382116,0.2850995250425641,0.2142732143458263,130444.94224773262,1565.3734410431061,132010.31568877574,1405,6,250.1951219512195,34,7,20,35.0537039195121,0.6289828431372548,44.61309523809525,1021.5476190476205,30.045518207282957,0
3342,4,0,0,41,0.0,0.0,1.0,41,1300,800,500,0.6153846153846154,18,8,10,371.78630730153134,0.453150406504065,0.2843936126443789,0.21394061579116813,130646.86381440776,1514.543011616959,132161.4068260247,1406,7,251.1951219512195,35,6,17,34.913227857654995,0.6288690476190476,44.41550925925927,1022.3379629629644,29.209656084656125,0
3343,4,0,0,41,0.0,0.0,1.0,41,1650,1500,150,0.9090909090909091,18,15,3,372.13515155328014,0.4527947154471545,0.2855013703469611,0.21479806233026394,130765.21675936654,1532.4667513288923,132297.68351069544,1407,8,252.1951219512195,35,6,19,34.784264079061515,0.6300595238095238,44.299768518518526,1022.8009259259269,29.222883597883627,0
3344,4,0,1,40,0.0,0.024390243902439025,0.975609756097561,41,1550,1000,550,0.6451612903225806,21,10,11,371.09127734244936,0.4520579268292683,0.28317407056862676,0.21452425117265614,130824.41332572457,1509.5597297239465,132333.97305544853,1408,9,253.1951219512195,35,6,20,34.750938077459736,0.6306547619047619,44.24189814814815,1023.0324074074083,29.22949735449738,0
3345,4,1,0,41,0.024390243902439025,0.0,1.0,41,900,600,300,0.6666666666666666,12,6,6,359.6032890313143,0.4509654471544715,0.27094882787960217,0.20997416322593646,131209.517532579,1236.6748113854742,132446.19234396447,1409,0,252.1219512195122,35,6,22,34.65506853441782,0.6345238095238095,43.86574074074075,1024.537037037038,29.272486772486804,0
3346,4,0,1,40,0.0,0.024390243902439025,0.975609756097561,41,1100,700,400,0.6363636363636364,15,7,8,345.40860320486286,0.45088922764227646,0.23144239150870805,0.19482137421871132,129867.92091836738,782.2161683603513,130650.13708672773,1410,1,253.1219512195122,34,7,18,36.37682005761892,0.6231617647058824,45.17857142857143,1019.2857142857147,29.978991596638668,8
3347,4,0,0,40,0.0,0.0,1.0,40,1300,900,400,0.6923076923076923,17,9,8,346.1856296052641,0.45086805555555554,0.213401821153397,0.19586698171721872,129989.29280045342,1000.0850340135906,130989.37783446701,1411,2,233.1,34,6,19,36.23385088333722,0.6243872549019608,45.0595238095238,1019.7619047619039,29.992997198879525,0
3348,4,1,0,41,0.024390243902439025,0.0,1.0,41,800,600,200,0.75,10,6,4,338.24483688176036,0.4517784552845528,0.20906004583477822,0.19317338287428373,130353.74858276652,618.5834750566967,130972.33205782322,1412,0,228.390243902439,34,7,21,36.067070801274575,0.6280637254901961,44.702380952380956,1021.1904761904768,30.03501400560226,0
3349,4,0,0,41,0.0,0.0,1.0,41,1250,700,550,0.56,18,7,11,336.7118154179723,0.45114329268292686,0.20906085765204496,0.19275010594407077,130444.94224773246,584.4706632653115,131029.41291099777,1413,1,229.390243902439,34,7,22,36.01391640445948,0.6289828431372548,44.61309523809524,1021.5476190476193,30.04551820728292,0
3350,4,0,2,39,0.0,0.04878048780487805,0.9512195121951219,41,1600,1100,500,0.6875,21,11,10,335.2694625786954,0.45058434959349597,0.20012479499936542,0.1930749955945369,130676.44702717765,562.3644332990435,131238.8114604767,1414,2,230.390243902439,35,6,17,35.81663648026564,0.6291666666666667,44.386574074074076,1022.4537037037038,29.212962962962965,0
3351,4,1,1,39,0.025,0.025,0.975,40,1400,1000,400,0.7142857142857143,18,10,8,342.691697521212,0.44903846153846155,0.20584895772679612,0.1970993708382218,130627.42524092986,952.9868197279056,131580.41206065778,1415,0,236.65,34,6,19,35.67650712317068,0.6308210784313726,44.43452380952382,1022.2619047619061,30.066526610644296,0
3352,4,1,0,40,0.025,0.0,1.0,40,1250,1000,250,0.8,15,10,5,338.9128563165255,0.4477297008547008,0.21744503896708167,0.19646890261316044,130931.84700963713,874.8972505668878,131806.74426020402,1416,0,237.05,34,6,20,35.465375518591756,0.6338848039215687,44.13690476190476,1023.4523809523805,30.101540616246485,0
3353,4,0,1,39,0.0,0.025,0.975,40,700,500,200,0.7142857142857143,9,5,4,339.9816383969436,0.4467815170940171,0.21121090570863887,0.19771345989534211,131053.7149234693,911.1713435374063,131964.88626700672,1417,1,238.05,34,6,21,35.31493430996397,0.6351102941176471,44.01785714285714,1023.9285714285708,30.115546218487374,0
3354,4,0,0,39,0.0,0.0,1.0,39,1400,800,600,0.5714285714285714,20,8,12,342.2162094454091,0.44478182636077374,0.1865343643379671,0.1996454564256099,131175.63952664402,1178.0860260771017,132353.72555272112,1418,2,225.2051282051282,34,5,21,35.13461165988765,0.6363357843137255,43.898809523809526,1024.4047619047622,30.1295518207283,0
3355,4,0,0,39,0.0,0.0,1.0,39,1000,800,200,0.8,12,8,4,342.1160419802529,0.44458502024291496,0.18738474646456527,0.19990446526300343,131236.62308673482,1179.630810657612,132416.25389739242,1419,3,226.2051282051282,34,5,21,35.075616746059396,0.6369485294117647,43.83928571428572,1024.6428571428582,30.136554621848774,0
3356,4,0,1,38,0.0,0.02564102564102564,0.9743589743589743,39,800,400,400,0.5,12,4,8,342.1160419802529,0.44458502024291496,0.18738474646456527,0.19990446526300343,131236.62308673482,1179.630810657612,132416.25389739242,1420,4,227.2051282051282,34,5,21,35.075616746059396,0.6369485294117647,43.83928571428572,1024.6428571428582,30.136554621848774,0
3357,4,0,0,38,0.0,0.0,1.0,38,1150,900,250,0.782608695652174,14,9,5,344.6923155659648,0.4432491702228544,0.17104948601482173,0.20222271472825115,131390.93888168014,1457.9212812575993,132848.86016293772,1285,5,196.81578947368422,33,5,21,34.853872818551274,0.6407828282828283,43.68872549019608,1025.2450980392157,31.068033273915628,0
3358,4,0,1,37,0.0,0.02631578947368421,0.9736842105263158,38,1400,900,500,0.6428571428571429,19,9,10,336.19945438660966,0.442345305832148,0.12163865914092131,0.18496098109847842,128886.73460200077,1066.329970172893,129953.06457217367,1286,6,197.81578947368422,36,2,19,37.608360134560655,0.6090856481481481,46.143018018018026,1015.427927927929,28.20633133133136,8
3359,4,2,0,39,0.05128205128205128,0.0,1.0,39,1200,1000,200,0.8333333333333334,14,10,4,328.3838841681698,0.44337606837606836,0.12844927437487286,0.18263320454476056,129315.9037415795,693.4353694911276,130009.33911107063,1287,0,193.51282051282053,36,3,21,37.37059898139948,0.6134259259259259,45.72072072072073,1017.1171171171178,28.253253253253273,0
3360,4,0,0,39,0.0,0.0,1.0,39,1300,1000,300,0.7692307692307693,16,10,6,332.7881136116454,0.4435728744939271,0.15067706977304107,0.17075665728678183,126071.36480695965,656.7517520034876,126728.11655896314,1288,1,194.51282051282053,37,2,19,40.57564053572079,0.5785472972972974,48.93092105263157,1004.2763157894722,27.142603129445195,8
3361,4,0,0,39,0.0,0.0,1.0,39,950,800,150,0.8421052631578947,11,8,3,337.7629563229854,0.44385402609086816,0.16055093366017759,0.17377439465398728,126181.50686990216,723.8877587334421,126905.39462863561,1289,2,195.51282051282053,37,2,19,40.337384953981584,0.5796734234234234,48.821271929824555,1004.7149122807008,27.154457088667588,0
3362,4,2,0,41,0.04878048780487805,0.0,1.0,41,1250,800,450,0.64,17,8,9,328.5769380417874,0.44735772357723574,0.18040909411990258,0.1715270970295898,126777.1050347223,131.20659722223252,126908.31163194454,1290,0,186.9268292682927,39,2,17,39.956557716177095,0.5822649572649572,48.22916666666667,1007.083333333334,25.822649572649592,0
3363,4,1,0,42,0.023809523809523808,0.0,1.0,42,1000,700,300,0.7,13,7,6,317.2007429825867,0.44772309330236154,0.18277571251548919,0.1673078428672861,127197.07031250015,-330.2083333333187,126866.86197916683,1291,0,183.45238095238096,39,3,18,39.8130937629079,0.5865384615384616,47.81250000000001,1008.7500000000011,25.865384615384645,0
3364,4,0,2,40,0.0,0.047619047619047616,0.9523809523809523,42,900,800,100,0.8888888888888888,10,8,2,315.58391686014994,0.4473601432442896,0.17941948615085113,0.16667098248132028,127249.6148003473,-368.4136284722121,126881.20117187509,1292,1,184.45238095238096,39,3,18,39.800141097116104,0.5870726495726496,47.76041666666667,1008.958333333334,25.870726495726515,0
3365,4,3,0,43,0.06976744186046512,0.0,1.0,43,1200,800,400,0.6666666666666666,16,8,8,311.3900882222401,0.4504198966408269,0.20491659637505588,0.16707630986932398,127887.41949443141,-635.4250322228615,127251.99446220855,1293,0,179.58139534883722,40,3,19,39.254914766067195,0.5919270833333333,47.12906504065042,1011.4837398373998,25.287093495934993,0
3366,4,2,1,44,0.044444444444444446,0.022222222222222223,0.9777777777777777,45,950,600,350,0.631578947368421,13,6,7,309.7532149401764,0.4508207070707071,0.2301151422017329,0.1688916709657423,128530.68300118999,-1036.9251520258867,127493.7578491641,1294,0,172.55555555555554,40,5,15,38.64146956637937,0.5984375,46.4939024390244,1014.0243902439042,25.350609756097604,0
3367,4,1,1,44,0.022222222222222223,0.022222222222222223,0.9777777777777777,45,1050,600,450,0.5714285714285714,15,6,9,313.9055202017451,0.4518518518518519,0.24512984845450259,0.17204503428839898,128736.8681423096,-917.7572873289585,127819.11085498064,1295,0,173.53333333333333,40,5,17,38.32657387008479,0.6005208333333334,46.29065040650407,1014.8373983739848,25.37093495934962,0
3368,4,2,0,46,0.043478260869565216,0.0,1.0,46,1500,1100,400,0.7333333333333333,19,11,8,314.0866248228018,0.45420692431561993,0.2674844999804482,0.17451775983352466,129278.89034511536,-1078.2093785114662,128200.68096660389,1296,0,169.80434782608697,40,6,20,37.77168482062555,0.6059895833333333,45.75711382113821,1016.9715447154473,25.424288617886184,0
3369,4,0,0,46,0.0,0.0,1.0,46,1850,1300,550,0.7027027027027027,24,13,11,312.61849365412934,0.4536634460547504,0.25836295688633704,0.17484642383771157,129537.39636005361,-1100.8428556084245,128436.55350444518,1297,1,170.80434782608697,40,6,13,37.54700342750658,0.60859375,45.50304878048781,1017.9878048780494,25.449695121951233,0
3370,4,1,2,45,0.02127659574468085,0.0425531914893617,0.9574468085106383,47,1350,800,550,0.5925925925925926,19,8,11,308.8223276364639,0.4538621646623497,0.261185697388018,0.17380351381666428,129781.98346757698,-1384.085156053151,128397.89831152384,1298,0,168.14893617021278,41,6,14,37.39604631162171,0.6095020325203252,45.26289682539683,1018.9484126984138,24.85240030971741,0
3371,4,0,1,44,0.0,0.022222222222222223,0.9777777777777777,45,1300,800,500,0.6153846153846154,18,8,10,321.40597448497834,0.45281986531986534,0.2630845635448278,0.18028607071369093,129651.86767578126,-665.8230251736111,128986.04465060766,1299,1,174.86666666666667,39,6,15,37.20732757151137,0.6113782051282051,45.390625,1018.4375000000001,26.113782051282055,0
3372,4,0,0,44,0.0,0.0,1.0,44,1400,800,600,0.5714285714285714,20,8,12,328.929951164001,0.45106589147286824,0.25937072948526074,0.18475623161589672,129704.91672091997,-267.2336154514071,129437.68310546856,1300,2,179.5681818181818,39,5,16,36.96196356137301,0.6119123931623931,45.33854166666666,1018.6458333333319,26.119123931623896,0
3373,4,0,0,44,0.0,0.0,1.0,44,1250,800,450,0.64,17,8,9,330.27461343863416,0.4505373502466526,0.26341982491031835,0.1858887381275441,129784.51063368046,-227.09418402778238,129557.41644965268,1301,3,180.5681818181818,39,5,16,36.84701492537314,0.6127136752136753,45.260416666666664,1018.9583333333326,26.12713675213673,0
3374,4,1,1,44,0.022222222222222223,0.022222222222222223,0.9777777777777777,45,1150,800,350,0.6956521739130435,15,8,7,323.32992508937053,0.45130471380471376,0.27188917656951883,0.18385498911367268,130184.79100568447,-581.4722552713342,129603.31875041313,1302,0,177.53333333333333,40,5,17,36.618701453893635,0.6151041666666667,44.86788617886179,1020.528455284553,25.513211382113827,0
3375,4,0,0,44,0.0,0.0,1.0,44,1300,1000,300,0.7692307692307693,16,10,6,331.1276794063134,0.44997577519379844,0.26890054583472867,0.1884144636984479,130210.72035701305,-176.72526687156875,130033.99509014148,1303,1,182.36363636363637,40,4,19,36.393507915961365,0.6153645833333333,44.84247967479675,1020.6300813008132,25.515752032520332,0
3376,4,0,0,44,0.0,0.0,1.0,44,1600,1100,500,0.6875,21,11,10,324.14524392960556,0.44952431289640593,0.2615649027589324,0.18530487494269274,130392.29811124344,-346.79134443782084,130045.50676680561,1304,2,183.36363636363637,40,4,19,36.388059701492544,0.6171875,44.66463414634147,1021.3414634146352,25.53353658536588,0
3377,4,1,0,45,0.022222222222222223,0.0,1.0,45,1200,900,300,0.75,15,9,6,323.5687361158841,0.45044191919191917,0.27898457029566437,0.18703143536025785,130820.18455530374,-534.1356449987222,130286.04891030502,1305,0,180.26666666666668,41,4,14,35.970632919575905,0.6199186991869918,44.246031746031754,1023.0158730158741,24.951606658923758,0
3378,4,0,3,42,0.0,0.06666666666666667,0.9333333333333333,45,1650,1100,550,0.6666666666666666,22,11,11,323.4856679286102,0.449726430976431,0.28248062015503916,0.18797140163419238,131023.24263038553,-523.1717687074753,130500.07086167806,1306,1,181.26666666666668,41,4,15,35.76792635658916,0.6219512195121951,44.04761904761905,1023.8095238095241,24.970963995354246,0
3379,4,0,1,41,0.0,0.023809523809523808,0.9761904761904762,42,2000,1700,300,0.85,23,17,6,303.73124574285134,0.4490176151761518,0.19448786078983038,0.17409999684712826,130496.11363110595,-472.8505684446943,130023.26306266125,1307,2,187.73809523809524,40,2,13,36.8045885551356,0.6182291666666666,44.56300813008131,1021.7479674796758,25.543699186991894,8
3380,4,0,2,39,0.0,0.04878048780487805,0.9512195121951219,41,1300,700,600,0.5384615384615384,19,7,12,328.96744390335476,0.44918699186991873,0.13687906117733717,0.17917404205435675,128487.53390842033,281.1616694732794,128768.69557789361,1308,3,192.2439024390244,39,2,13,38.19833299085586,0.5996260683760684,46.53645833333334,1013.8541666666682,25.996260683760724,8
3381,4,0,0,39,0.0,0.0,1.0,39,1400,900,500,0.6428571428571429,19,9,10,340.0655080091243,0.44866171839856045,0.14373841937667087,0.18491562094331468,128422.23087873212,934.3942366882327,129356.62511542035,1309,4,200.3846153846154,37,2,15,37.98364705033895,0.6024774774774775,46.600877192982466,1013.5964912280718,27.394499762920862,0
3382,4,0,0,39,0.0,0.0,1.0,39,1200,500,700,0.4166666666666667,19,5,14,338.4627818153517,0.4483243364822312,0.1343492147990415,0.18455800744271078,128533.39489073574,900.7540781779153,129434.14896891365,1310,5,201.3846153846154,37,2,15,37.91089965397924,0.6036036036036037,46.491228070175445,1014.0350877192993,27.406353722143226,0
3383,4,0,0,39,0.0,0.0,1.0,39,1450,1100,350,0.7586206896551724,18,11,7,339.44406647479235,0.44767768780926676,0.13504550554793693,0.1860008783436473,128728.04763244459,939.1943915435505,129667.24202398815,1311,6,202.3846153846154,37,2,16,37.687623806951194,0.6055743243243243,46.29934210526316,1014.8026315789473,27.42709815078236,0
3384,4,0,0,39,0.0,0.0,1.0,39,1150,900,250,0.782608695652174,14,9,5,339.1964323199716,0.4476495726495726,0.13674475272747433,0.1865177531640699,128867.17547706985,942.257232994763,129809.4327100646,1312,7,203.3846153846154,37,2,17,37.552195824334056,0.6069819819819819,46.16228070175438,1015.3508771929822,27.44191559981033,0
3385,4,0,0,39,0.0,0.0,1.0,39,1350,1000,350,0.7407407407407407,17,10,7,338.3330748541466,0.4477620332883491,0.13313513648178454,0.18643541180094947,128950.68825263546,925.6565722145293,129876.34482484999,1313,8,204.3846153846154,37,2,18,37.48909190686962,0.6078265765765766,46.08004385964912,1015.6798245614037,27.450806069227127,0
3386,4,0,0,39,0.0,0.0,1.0,39,1050,700,350,0.6666666666666666,14,7,7,336.37990282551954,0.44767768780926676,0.13268248407467054,0.1857506662444138,129034.22807979374,880.9042205293872,129915.13230032312,1314,9,205.3846153846154,37,2,18,37.45368371825311,0.6086711711711712,45.997807017543856,1016.0087719298242,27.459696538643897,0
3387,4,1,1,39,0.025,0.025,0.975,40,1050,900,150,0.8571428571428571,12,9,3,326.84286950074164,0.4499332264957265,0.1340966386554625,0.18174907229246837,129310.02995105548,452.8122488859549,129762.84219994143,1315,0,201.225,38,2,19,37.415747549019606,0.6096491228070176,45.72649572649572,1017.0940170940162,26.7656320287899,0
3388,4,2,4,37,0.04878048780487805,0.0975609756097561,0.9024390243902439,41,1150,900,250,0.782608695652174,14,9,5,321.7407384845707,0.45162601626016263,0.13312478015851048,0.18047384969384098,129651.86767578128,142.8575303819448,129794.72520616322,1316,0,196.6829268292683,39,2,12,37.19880416624049,0.6113782051282051,45.390625,1018.4375000000002,26.113782051282058,0
3389,4,0,0,37,0.0,0.0,1.0,37,1100,700,400,0.6363636363636364,15,7,8,371.83145543818796,0.44588338338338335,0.2025123715264563,0.20023362506968928,128033.5355590181,2121.3791743613347,130154.91473337944,1317,12,216.94594594594594,37,0,17,37.57674250631995,0.5985360360360361,46.984649122807014,1012.0614035087715,27.353010905642474,8
3390,4,1,1,37,0.02631578947368421,0.02631578947368421,0.9736842105263158,38,1350,1000,350,0.7407407407407407,17,10,7,382.65004441584233,0.44849454717875775,0.17203456402199535,0.19721194596816488,126253.12499999999,2208.543975069251,128461.66897506923,1318,0,212.21052631578948,34,4,19,39.13591763405197,0.5863970588235294,48.75,1004.9999999999999,29.55882352941176,8
3391,4,2,0,39,0.05128205128205128,0.0,1.0,39,1100,800,300,0.7272727272727273,14,8,6,397.8935120428011,0.452204228520018,0.2194452429668965,0.19610158031231836,124397.65721183414,2127.529143582611,126525.18635541675,1319,0,207.07692307692307,37,2,14,40.67972814537992,0.5613738738738738,50.60307017543858,997.5877192982434,26.961830251303876,8
3392,4,2,1,40,0.04878048780487805,0.024390243902439025,0.975609756097561,41,1300,900,400,0.6923076923076923,17,9,8,389.4224846198157,0.45510670731707314,0.24408421637920874,0.19522476646545023,125109.67316866713,1547.013504155103,126656.68667282222,1320,0,197.9268292682927,37,4,17,40.1505187783136,0.5686936936936937,49.89035087719297,1000.4385964912268,27.038880986249374,0
3393,4,3,0,43,0.06976744186046512,0.0,1.0,43,1550,1200,350,0.7741935483870968,19,12,7,384.8500607336203,0.46043281653746765,0.26013593087106446,0.19748567612473522,126074.60359296919,1124.8115307937605,127199.41512376294,1321,0,171.34883720930233,33,10,18,39.265176937156824,0.5868055555555556,48.92769607843138,1004.2892156862756,30.433006535947747,0
3394,4,2,1,44,0.044444444444444446,0.022222222222222223,0.9777777777777777,45,1550,900,650,0.5806451612903226,22,9,13,366.6030491764098,0.4637415824915825,0.25428360502971126,0.19091222884223583,126677.74128818477,288.0892438057808,126965.83053199055,1322,0,164.6888888888889,37,8,19,39.10147315107287,0.584740990990991,48.32785087719298,1006.6885964912276,27.207799905168315,0
3395,4,2,0,46,0.043478260869565216,0.0,1.0,46,1450,1100,350,0.7586206896551724,18,11,7,360.057878488785,0.46573067632850246,0.2677252345491814,0.19010445346982066,127237.93730977795,-35.36677633063266,127202.57053344732,1323,0,162.04347826086956,35,11,21,38.690322549806886,0.5943452380952381,47.77199074074074,1008.912037037037,28.8260582010582,0
3396,4,1,1,46,0.02127659574468085,0.02127659574468085,0.9787234042553191,47,1500,1000,500,0.6666666666666666,20,10,10,351.8829253517705,0.4667553191489362,0.2726041595021311,0.18734372245286257,127575.0639786747,-421.70265704892864,127153.36132162578,1324,0,159.5744680851064,36,11,16,38.5508397428752,0.595775462962963,47.43806306306307,1010.2477477477483,28.062437437437453,0
3397,4,1,0,47,0.02127659574468085,0.0,1.0,47,1000,600,400,0.6,14,6,8,355.33568129002674,0.46623496762257166,0.2723091468746226,0.19025397032219157,127802.69870799857,-317.428196777858,127485.27051122072,1325,0,160.46808510638297,36,11,18,38.2304079890114,0.5980902777777778,47.21283783783784,1011.1486486486489,28.08746246246247,0
3398,4,0,2,45,0.0,0.0425531914893617,0.9574468085106383,47,1600,1300,300,0.8125,19,13,6,352.1404761465419,0.46596515572001235,0.27305617879073685,0.18923705145044498,127950.32035097336,-388.7026537011392,127561.61769727222,1326,1,161.46808510638297,37,10,19,38.16008724395796,0.5976914414414414,47.06688596491228,1011.7324561403507,27.344120436225694,0
3399,4,2,0,47,0.0425531914893617,0.0,1.0,47,1650,1300,350,0.7878787878787878,20,13,7,366.2088639582103,0.4654255319148936,0.2297773096260074,0.19202046768859363,126957.38965821099,-4.7212968439275755,126952.66836136706,1327,0,162.25531914893617,38,9,20,38.82358917276229,0.5858004385964912,48.050213675213676,1007.7991452991455,26.5210301394512,8
3400,4,0,2,45,0.0,0.0425531914893617,0.9574468085106383,47,1000,500,500,0.5,15,5,10,363.6217359767386,0.4653869873573851,0.22532220446546902,0.19117299198907411,127065.7565646702,-159.22580295138437,126906.53076171881,1328,1,163.25531914893617,39,8,20,38.77735733719049,0.5852029914529915,47.942708333333336,1008.2291666666672,25.85202991452993,0
3401,4,1,0,46,0.021739130434782608,0.0,1.0,46,850,400,450,0.47058823529411764,13,4,9,329.1412325702489,0.4645933977455716,0.1759350791739307,0.1727099005612654,126987.00086805575,-836.1083984374806,126150.89246961827,1329,0,166.1086956521739,39,7,18,39.72715998346426,0.5844017094017093,48.02083333333334,1007.9166666666682,25.844017094017133,8
3402,4,1,2,45,0.02127659574468085,0.0425531914893617,0.9574468085106383,47,1500,1200,300,0.8,18,12,6,329.5524289386863,0.46467391304347827,0.1828022597878043,0.17495516134346273,127459.90125868077,-999.0125868055358,126460.88867187523,1330,0,163.5531914893617,39,8,14,39.23260092153221,0.5892094017094017,47.55208333333334,1009.7916666666683,25.89209401709406,0
3403,4,0,0,45,0.0,0.0,1.0,45,1100,400,700,0.36363636363636365,18,4,14,342.11647005568204,0.46262626262626266,0.1996668839162865,0.1812154328729925,127368.57133925824,-285.0227954755297,127083.54854378272,1331,1,171.37777777777777,37,8,14,39.00897965095229,0.5917792792792793,47.64254385964912,1009.4298245614036,27.281887150308204,0
3404,4,0,2,43,0.0,0.044444444444444446,0.9555555555555556,45,1700,1400,300,0.8235294117647058,20,14,6,345.6468737844819,0.4625631313131313,0.20621411685241475,0.18383943425534932,127534.65008464154,-183.60937980915838,127351.04070483238,1332,2,172.37777777777777,37,8,15,38.749728614850206,0.5934684684684685,47.4780701754386,1010.0877192982466,27.2996680891418,0
3405,4,2,0,45,0.044444444444444446,0.0,1.0,45,1000,600,400,0.6,14,6,8,340.28941524532206,0.46060606060606063,0.219727399701392,0.1829947974291277,127978.05574792244,-290.0844490612487,127687.97129886119,1333,0,172.33333333333334,37,8,19,38.431494726195645,0.597972972972973,47.03947368421053,1011.8421052631579,27.347083926031296,0
3406,4,0,0,45,0.0,0.0,1.0,45,1600,900,700,0.5625,23,9,14,338.2267296883811,0.4598695286195286,0.22119691444937817,0.18251592023453095,128116.77781865586,-333.4962440366142,127783.28157461925,1334,1,173.33333333333334,37,8,19,38.341975342070114,0.5993806306306306,46.90241228070176,1012.3903508771939,27.361901375059293,0
3407,4,1,2,44,0.021739130434782608,0.043478260869565216,0.9565217391304348,46,1350,1000,350,0.7407407407407407,17,10,7,328.97845600688635,0.45997383252818036,0.21422659857611714,0.17913632533802543,128477.80687326877,-746.7108870036848,127731.09598626508,1335,0,170.54347826086956,37,9,14,38.207963804167576,0.6030405405405406,46.54605263157895,1013.8157894736848,27.400426742532023,0
3408,4,1,0,45,0.022222222222222223,0.0,1.0,45,1150,800,350,0.6956521739130435,15,8,7,333.7037407279402,0.45949074074074076,0.21714624301003593,0.1814904755463558,128429.74044568211,-428.5030385114911,128001.23740717061,1336,0,174.93333333333334,36,9,15,38.13719771877199,0.6044560185185186,46.593468468468465,1013.6261261261257,28.156281281281267,0
3409,4,1,0,46,0.021739130434782608,0.0,1.0,46,1150,600,550,0.5217391304347826,17,6,11,325.6827810235271,0.46031602254428344,0.21417976386135673,0.17827143350895883,128685.9673483271,-817.8392550588064,127868.1280932683,1337,0,172.1086956521739,38,8,16,38.07956898669755,0.6033442982456141,46.340811965811966,1014.636752136752,26.700967161493473,0
3410,4,2,2,46,0.041666666666666664,0.041666666666666664,0.9583333333333334,48,1250,1100,150,0.88,14,11,3,314.09567320612757,0.46197177895981084,0.2301912568306017,0.17418032786885224,129201.38888888864,-1481.6202790562024,127719.76860983243,1338,0,165.89583333333334,38,10,19,37.85006830601093,0.6085526315789473,45.83333333333332,1016.6666666666647,26.754385964912228,0
3411,4,0,1,45,0.0,0.021739130434782608,0.9782608695652174,46,1350,1000,350,0.7407407407407407,17,10,7,329.3136562210792,0.4596316425120773,0.2344808668221099,0.18186834324404538,129038.51290269545,-701.1711045365015,128337.34179815894,1339,1,173.58695652173913,38,8,20,37.628811777076756,0.606907894736842,45.99358974358974,1016.0256410256399,26.737516869095785,0
3412,4,1,1,45,0.021739130434782608,0.021739130434782608,0.9782608695652174,46,1450,1100,350,0.7586206896551724,18,11,7,323.47855792663955,0.4591485507246377,0.21443859143363797,0.17367343935284593,127913.11905115975,-924.5697418864764,126988.54930927328,1340,0,174.2173913043478,40,6,16,38.92300415243451,0.5921875,47.10365853658535,1011.5853658536563,25.289634146341406,7
3413,4,0,2,43,0.0,0.044444444444444446,0.9555555555555556,45,1200,400,800,0.3333333333333333,20,4,16,333.049830453166,0.45765993265993266,0.23200521637667793,0.17902119552803542,127960.02739800338,-476.5869140625043,127483.44048394088,1341,1,179.0,39,6,17,38.63303905418857,0.594284188034188,47.057291666666664,1011.7708333333326,25.94284188034186,0
3414,4,1,0,44,0.022727272727272728,0.0,1.0,44,900,700,200,0.7777777777777778,11,7,4,341.21627290386664,0.45691287878787884,0.2427205359482023,0.183772578022947,128039.08420138869,-62.19618055557504,127976.88802083311,1342,0,182.79545454545453,39,5,18,38.34568409496364,0.5950854700854701,46.97916666666666,1012.0833333333317,25.95085470085466,0
3415,4,0,0,44,0.0,0.0,1.0,44,800,300,500,0.375,13,3,10,343.9516333892193,0.45693490133897113,0.24532360643471773,0.18573388203017813,128144.53124999975,15.277777777748327,128159.8090277775,1343,1,183.79545454545453,35,9,18,38.168724279835374,0.6035714285714286,46.874999999999986,1012.4999999999981,28.928571428571374,0
3416,4,3,2,45,0.06382978723404255,0.0425531914893617,0.9574468085106383,47,1100,700,400,0.6363636363636364,15,7,8,322.5834224580231,0.45831406105457906,0.2539448769198407,0.17766384784970826,128929.98598327102,-1081.86477281031,127848.12121046071,1344,0,173.0,38,9,19,37.910048039834486,0.6058114035087719,46.10042735042734,1015.5982905982888,26.726270805218128,0
3417,4,1,2,44,0.021739130434782608,0.043478260869565216,0.9565217391304348,46,1000,600,400,0.6,14,6,8,329.4891930579444,0.4568438003220612,0.2618625089787472,0.18130715489659047,128895.01006319224,-706.0974290166531,128188.91263417559,1345,0,177.19565217391303,37,9,20,37.77028668610301,0.6072635135135135,46.134868421052616,1015.4605263157871,27.444879089615867,0
3418,4,0,0,44,0.0,0.0,1.0,44,1400,900,500,0.6428571428571429,19,9,10,332.61114167007054,0.4552832100070472,0.24720294819074917,0.18328239174835578,128950.68825263533,-221.91287222992977,128728.7753804054,1346,1,181.11363636363637,37,7,20,37.63438320918349,0.6078265765765766,46.080043859649116,1015.6798245614027,27.4508060692271,0
3419,4,0,1,43,0.0,0.022727272727272728,0.9772727272727273,44,1400,1100,300,0.7857142857142857,17,11,6,335.7643725058969,0.45447938689217754,0.25242303170491565,0.1855581026672622,129065.65176647295,-132.87048451312899,128932.78128195982,1347,2,182.11363636363637,38,6,20,37.43735324010793,0.6071820175438596,45.966880341880334,1016.1324786324776,26.7403283850652,0
3420,4,1,1,43,0.022727272727272728,0.022727272727272728,0.9772727272727273,44,1650,1300,350,0.7878787878787878,20,13,7,337.1103608780824,0.4539728682170543,0.25086057653595284,0.18748650119771187,129315.90374157943,-81.11112605221996,129234.79261552721,1348,0,182.86363636363637,36,8,22,37.14870276055506,0.6134259259259259,45.72072072072072,1017.1171171171172,28.253253253253256,0
3421,4,1,1,43,0.022727272727272728,0.022727272727272728,0.9772727272727273,44,1100,700,400,0.6363636363636364,15,7,8,337.3249297830521,0.4538517441860465,0.26603846492472316,0.18987041626129048,129787.30384589496,-43.90136869036064,129743.4024772046,1349,0,182.13636363636363,37,7,16,36.66458176405178,0.6162725225225225,45.25767543859649,1018.9692982456146,27.53971076339499,0
3422,4,1,1,43,0.022727272727272728,0.022727272727272728,0.9772727272727273,44,1300,1100,200,0.8461538461538461,15,11,4,338.98302927721585,0.4537526427061311,0.27301328874416986,0.1913494367450077,129899.05698147506,6.715167166819299,129905.77214864189,1350,0,183.0909090909091,37,7,18,36.50897691011435,0.6173986486486487,45.14802631578947,1019.4078947368421,27.551564722617353,0
3423,4,0,1,42,0.0,0.023255813953488372,0.9767441860465116,43,1300,1000,300,0.7692307692307693,16,10,6,323.37438358429205,0.4539267257290513,0.1898963769836659,0.17128795024608737,127368.57133925847,-354.12747191440394,127014.44386734407,1351,1,186.72093023255815,37,6,18,39.48195017742056,0.5917792792792793,47.64254385964914,1009.4298245614056,27.281887150308258,8
3424,4,1,0,43,0.023255813953488372,0.0,1.0,43,800,500,300,0.625,11,5,6,324.327771282814,0.4540651531930602,0.20676096859266302,0.17285600996941217,127617.73003472245,-322.0052083333128,127295.72482638914,1352,0,187.53488372093022,37,6,19,39.203178694158076,0.5943130630630631,47.39583333333334,1010.4166666666686,27.30855855855861,0
3425,4,0,2,41,0.0,0.046511627906976744,0.9534883720930233,43,1150,800,350,0.6956521739130435,15,8,7,324.3176624664395,0.45371908453303805,0.20571883617702147,0.17337252668121209,127739.20323800149,-314.3840401051714,127424.81919789632,1353,1,188.53488372093022,38,5,19,39.079343690551696,0.59375,47.275641025641036,1010.8974358974374,26.60256410256414,0
3426,4,0,0,41,0.0,0.0,1.0,41,1250,700,550,0.56,18,7,11,337.8388757769299,0.45365853658536587,0.2007178399543188,0.1797399001019611,127546.6239043099,418.0416057950028,127964.66551010491,1354,2,191.34146341463415,36,5,19,38.93464325529542,0.5954861111111112,47.466216216216225,1010.1351351351367,28.059309309309352,0
3427,4,1,2,40,0.023809523809523808,0.047619047619047616,0.9523809523809523,42,1000,500,500,0.5,15,5,10,333.74948773878,0.4554660278745644,0.19483030068395957,0.17910640048808876,127894.85857427289,136.96870671746245,128031.82728099036,1355,0,187.76190476190476,37,5,21,38.68191056910571,0.5971283783783784,47.121710526315795,1011.5131578947371,27.338193456614515,0
3428,4,1,1,40,0.024390243902439025,0.024390243902439025,0.975609756097561,41,1200,900,300,0.75,15,9,6,328.0798779546943,0.4559705284552846,0.18934052096230425,0.17777888518612445,128283.34349270929,217.6801996768205,128501.02369238611,1356,0,188.2439024390244,37,4,22,38.42891997690946,0.6010698198198199,46.737938596491226,1013.0482456140351,27.37968231389284,0
3429,4,2,1,41,0.047619047619047616,0.023809523809523808,0.9761904761904762,42,600,400,200,0.6666666666666666,8,4,4,320.37131075966107,0.4567847464188928,0.18576644898532413,0.17500605433557095,128604.6791675798,-159.75007305135594,128444.92909452844,1357,0,184.57142857142858,38,4,19,38.29699459307632,0.6025219298245614,46.42094017094017,1014.3162393162393,26.692532613585243,0
3430,4,1,2,40,0.023809523809523808,0.047619047619047616,0.9523809523809523,42,1050,600,450,0.5714285714285714,15,6,9,321.4699168975073,0.4545707510646535,0.19327318295739415,0.17632587820590737,128767.28121119132,-121.03856198408704,128646.24264920724,1358,0,185.54761904761904,38,4,21,38.103728070175436,0.6041666666666667,46.260683760683754,1014.9572649572638,26.70940170940168,0
3431,4,0,0,40,0.0,0.0,1.0,40,1000,600,400,0.6,14,6,8,330.8793561465662,0.4515090811965812,0.17784109322674757,0.18156195612618606,128783.68975309691,522.3728695367543,129306.06262263368,1359,1,183.65,37,3,21,37.848272478484745,0.6061373873873874,46.24451754385964,1015.0219298245598,27.43302513039351,0
3432,4,0,1,39,0.0,0.025,0.975,40,1250,1100,150,0.88,14,11,3,333.2433249941566,0.45178952991452986,0.18133772403368664,0.18350176433388063,128922.84765504742,592.5356840566021,129515.38333910402,1360,2,184.65,37,3,21,37.64665658964947,0.607545045045045,46.10745614035086,1015.5701754385941,27.44784257942146,0
3433,4,2,2,39,0.04878048780487805,0.04878048780487805,0.9512195121951219,41,1500,1000,500,0.6666666666666666,20,10,10,328.38388416816963,0.45160060975609756,0.18430404631769948,0.18263320454476023,129315.90374157931,293.65289758200174,129609.55663916131,1361,0,180.90243902439025,36,5,24,37.37059898139946,0.6134259259259259,45.72072072072071,1017.1171171171163,28.25325325325323,0
3434,4,0,0,39,0.0,0.0,1.0,39,850,600,250,0.7058823529411765,11,6,5,333.49766874680375,0.45285087719298245,0.15748986274562782,0.18536568536785597,129292.17864229027,823.7280328798213,130115.90667517009,1362,1,180.64102564102564,34,5,24,37.26467088064301,0.6173406862745099,45.74404761904762,1017.0238095238096,29.9124649859944,0
3435,4,0,0,39,0.0,0.0,1.0,39,1200,1100,100,0.9166666666666666,13,11,2,329.4787286006369,0.45259784075573545,0.1530761355582193,0.18366819931060233,129407.39300679433,727.396663880303,130134.78967067463,1363,2,181.64102564102564,35,4,24,37.24986254881887,0.6163690476190475,45.63078703703703,1017.4768518518512,29.070767195767175,0
3436,4,0,1,38,0.0,0.02564102564102564,0.9743589743589743,39,1300,600,700,0.46153846153846156,20,6,14,328.5336329084671,0.4515856950067476,0.15178095656183332,0.18413348514308583,129619.76431450054,716.890413396422,130336.65472789697,1364,3,182.64102564102564,37,2,19,37.05841050213561,0.6145833333333333,45.422149122807014,1018.3114035087714,27.52192982456139,0
3437,4,0,2,36,0.0,0.05263157894736842,0.9473684210526316,38,1000,800,200,0.8,12,8,4,334.97114777738307,0.4510431484115695,0.1522404651460556,0.18779566579980667,129631.08114448939,1084.5344077185625,130715.61555220795,1365,4,186.60526315789474,36,2,20,36.883040288989626,0.6166087962962963,45.41103603603605,1018.3558558558583,28.28766266266273,0
3438,4,0,0,36,0.0,0.0,1.0,36,1250,900,350,0.72,16,9,7,354.1254610379621,0.44995039682539684,0.16493096185349865,0.19728527966300016,129383.0002834466,1963.5629251700545,131346.56320861666,1366,8,197.75,34,2,22,36.64774943443326,0.6182598039215687,45.6547619047619,1017.3809523809515,29.922969187675044,0
3439,4,0,0,36,0.0,0.0,1.0,36,850,700,150,0.8235294117647058,10,7,3,353.85246742587486,0.4495866402116402,0.1642300194931774,0.1977410847379887,129504.14540816311,1965.0722789115484,131469.21768707465,1367,9,198.75,34,2,20,36.53143274853802,0.6194852941176471,45.53571428571428,1017.8571428571416,29.93697478991593,0
3440,4,0,0,36,0.0,0.0,1.0,36,700,300,400,0.42857142857142855,11,3,8,352.7910624585525,0.4494047619047619,0.16063564441326683,0.197604581349574,129595.04145408145,1943.994472789096,131539.03592687054,1368,10,199.75,34,2,21,36.46600607973811,0.6204044117647058,45.44642857142856,1018.2142857142842,29.947478991596594,0
3441,4,0,1,35,0.0,0.027777777777777776,0.9722222222222222,36,850,500,350,0.5882352941176471,12,5,7,354.2517520869925,0.44930555555555557,0.15993728331580437,0.19903691678321664,129716.28578514716,1990.4443027210655,131706.73008786823,1369,11,200.75,34,2,21,36.30555880176076,0.6216299019607843,45.32738095238094,1018.6904761904743,29.96148459383748,0
3442,4,0,0,35,0.0,0.0,1.0,35,950,800,150,0.8421052631578947,11,8,3,360.0985285876265,0.450140056022409,0.16167784081141456,0.20191759598941805,129637.8270977508,2336.478157439434,131974.30525519024,1370,12,206.77142857142857,33,2,21,36.23646209386282,0.6231060606060606,45.40441176470588,1018.3823529411759,30.860071301247753,0
3443,4,0,1,34,0.0,0.02857142857142857,0.9714285714285714,35,1050,700,350,0.6666666666666666,14,7,7,358.52697709359563,0.44831932773109245,0.15664124235552834,0.20199934563078198,129825.09731833906,2309.159938485194,132134.25725682426,1371,13,207.77142857142857,33,2,21,36.086059002725676,0.625,45.220588235294116,1019.1176470588232,30.88235294117646,0
3444,4,0,0,34,0.0,0.0,1.0,34,1100,700,400,0.6363636363636364,15,7,8,367.06289035357327,0.4460041592394533,0.16290742347254916,0.20639933534933672,129747.52456700853,2725.1002767574832,132472.624843766,1372,14,214.47058823529412,32,2,21,35.94750485396787,0.6266276041666667,45.29671717171718,1018.8131313131317,31.837910353535367,0
3445,4,0,0,34,0.0,0.0,1.0,34,1050,800,250,0.7619047619047619,13,8,5,365.6487057513103,0.4458370469399881,0.16200518859674684,0.20611147715255418,129844.02101826335,2695.4596469747808,132539.48066523814,1373,15,215.47058823529412,32,2,21,35.88536504790221,0.6276041666666667,45.20202020202019,1019.1919191919185,31.849747474747453,0
3446,4,1,0,35,0.02857142857142857,0.0,1.0,35,700,500,200,0.7142857142857143,9,5,4,359.88628480536863,0.44723389355742293,0.06782658204531389,0.19820464142508704,128929.21095521527,2288.4043973803,131217.61535259557,1374,0,210.28571428571428,34,1,19,36.96372054858751,0.6136642156862745,46.10119047619047,1015.5952380952369,29.870448179271676,8
3447,4,1,0,36,0.027777777777777776,0.0,1.0,36,950,600,350,0.631578947368421,13,6,7,353.3818898974253,0.44885912698412694,0.0768628045698112,0.1971404553285637,129436.83556241429,1948.1267146776472,131384.96227709192,1375,0,205.41666666666666,35,1,17,36.6118820139521,0.6166666666666667,45.601851851851855,1017.5925925925927,29.074074074074076,0
3448,4,0,0,36,0.0,0.0,1.0,36,1100,700,400,0.6363636363636364,15,7,8,349.6256204761309,0.44813161375661376,0.07226769743822947,0.19563021359465965,129554.63927469144,1859.1242283950703,131413.7635030865,1376,1,206.41666666666666,35,1,17,36.587653478854016,0.6178571428571429,45.486111111111114,1018.0555555555562,29.087301587301607,0
3449,4,0,0,36,0.0,0.0,1.0,36,1050,800,250,0.7619047619047619,13,8,5,350.4083706575333,0.4469080687830688,0.07708475346512178,0.1969536704040617,129731.44531249987,1891.796874999986,131623.24218749985,1377,2,207.41666666666666,35,1,17,36.38803680981594,0.6196428571428572,45.31249999999999,1018.749999999999,29.10714285714283,0
3450,4,0,0,36,0.0,0.0,1.0,36,1550,900,650,0.5806451612903226,22,9,13,352.24452755969514,0.4467261904761905,0.07072341445567254,0.19873270686856082,129878.87577428405,1949.8246474193993,131828.70042170346,1378,3,208.41666666666666,35,1,18,36.191500132470374,0.6211309523809524,45.16782407407407,1019.3287037037031,29.123677248677232,0
3451,4,1,1,36,0.02702702702702703,0.02702702702702703,0.972972972972973,37,1100,800,300,0.7272727272727273,14,8,6,346.35568513119546,0.44747872872872874,0.08450082735797038,0.19734219269102984,130262.58680555539,1624.003477580571,131886.59028313597,1379,0,203.75675675675674,35,2,20,35.95238095238094,0.625,44.79166666666666,1020.833333333332,29.16666666666663,0
3452,4,1,0,37,0.02702702702702703,0.0,1.0,37,1150,600,550,0.5217391304347826,17,6,11,343.7488537096202,0.4476038538538538,0.07849162866150405,0.19735386074485986,130558.1342699759,1575.8417995541731,132133.97606953006,1380,0,195.05405405405406,35,2,16,35.71961117402793,0.6279761904761905,44.50231481481481,1021.99074074074,29.199735449735428,0
3453,4,0,0,37,0.0,0.0,1.0,37,1200,1100,100,0.9166666666666666,13,11,2,345.87357914392464,0.4473536036036036,0.07455457268657795,0.19902940225265697,130646.86381440748,1637.4596782835936,132284.32349269107,1381,1,196.05405405405406,35,2,16,35.575517000641526,0.6288690476190476,44.41550925925925,1022.3379629629621,29.20965608465606,0
3454,4,0,1,36,0.0,0.02702702702702703,0.972972972972973,37,950,700,250,0.7368421052631579,12,7,5,347.559533932579,0.44675925925925924,0.08686079154510962,0.20076674254223073,130794.81336805546,1691.7968749999914,132486.61024305545,1382,2,197.05405405405406,35,2,17,35.38272233537,0.6303571428571428,44.27083333333333,1022.9166666666658,29.226190476190453,0
3455,4,2,0,38,0.05263157894736842,0.0,1.0,38,1000,800,200,0.8,12,8,4,339.3302477086007,0.44754623044096725,0.09196639355645053,0.19785563674086104,131155.04017531045,1300.974454183916,132456.01462949437,1383,0,192.73684210526315,36,2,19,35.22931325124596,0.6319444444444444,43.91891891891892,1024.3243243243244,28.453453453453456,0
3456,4,0,0,38,0.0,0.0,1.0,38,1000,600,400,0.6,14,6,8,339.8361149044565,0.44683499288762446,0.09126355127211294,0.19844858622597877,131212.72243527317,1318.164363688018,132530.8867989612,1384,1,193.73684210526315,36,2,20,35.15813915146187,0.6325231481481481,43.862612612612615,1024.54954954955,28.45970970970972,0
3457,4,0,1,37,0.0,0.02631578947368421,0.9736842105263158,38,1450,900,550,0.6206896551724138,20,9,11,345.0869124811113,0.4462274774774775,0.09488120911829179,0.20259277386813557,131417.11576485337,1470.1160716952857,132887.23183654866,1385,2,194.73684210526315,35,3,22,34.817346766000675,0.6366071428571429,43.66319444444444,1025.3472222222222,29.29563492063492,0
3458,4,1,1,37,0.02631578947368421,0.02631578947368421,0.9736842105263158,38,950,700,250,0.7368421052631579,12,7,5,385.9542916865052,0.44639046941678523,0.13358080184710985,0.2192189684589155,130141.08737244896,2498.5692338277886,132639.65660627675,1386,0,195.0,34,4,19,35.06543382724692,0.6259191176470589,44.910714285714285,1020.3571428571427,30.010504201680668,8
3459,4,0,1,36,0.0,0.02702702702702703,0.972972972972973,37,1050,600,450,0.5714285714285714,15,6,9,385.84996301557254,0.44403778778778774,0.1580603687477815,0.22003269527309832,130295.81917656783,2655.0407807572806,132950.85995732513,1387,1,201.1891891891892,31,6,19,34.91064596352508,0.634744623655914,44.75911458333333,1020.9635416666658,32.9343077956989,0
3460,4,0,0,36,0.0,0.0,1.0,36,1000,800,200,0.8,12,8,4,390.67055393586,0.4434193121693122,0.17290249433106553,0.22259136212624575,130262.58680555543,2977.951388888871,133240.5381944443,1388,2,206.72222222222223,30,6,19,34.82142857142856,0.6371527777777778,44.79166666666666,1020.8333333333323,34.02777777777774,0
3461,4,1,1,36,0.02702702702702703,0.02702702702702703,0.972972972972973,37,1150,700,450,0.6086956521739131,16,7,9,379.0543789556741,0.44350600600600604,0.16931566644978946,0.21801874939054913,130628.37600707996,2503.051588270386,133131.42759535034,1389,0,202.1081081081081,31,6,19,34.746237209697284,0.6381048387096775,44.43359374999999,1022.2656249999991,32.97631048387094,0
3462,4,0,0,36,0.0,0.0,1.0,36,1350,1000,350,0.7407407407407407,17,10,7,384.0855525237416,0.4435185185185185,0.1701144456794701,0.2210334554928738,130649.553058999,2836.1211547290986,133485.67421372808,1390,1,208.47222222222223,32,4,20,34.59614672100777,0.6357421875,44.41287878787878,1022.3484848484842,31.94839015151513,0
3463,4,1,0,37,0.02702702702702703,0.0,1.0,37,1050,900,150,0.8571428571428571,12,9,3,374.47286511373625,0.44385010010010006,0.16870867995808214,0.21790356969988697,131077.0196559014,2416.957420222972,133493.97707612437,1391,0,203.8108108108108,33,4,21,34.40840912717409,0.6376262626262627,43.99509803921568,1024.0196078431359,31.030897207367754,0
3464,4,2,2,37,0.05128205128205128,0.05128205128205128,0.9487179487179487,39,1250,900,350,0.72,16,9,7,353.60045392803755,0.4450067476383266,0.16277275732863128,0.20916365834048312,131705.23356401373,1514.6866589773035,133219.92022299103,1392,0,194.30769230769232,33,6,18,34.308341292581986,0.6439393939393939,43.382352941176464,1026.4705882352932,31.10516934046343,0
3465,4,0,0,37,0.0,0.0,1.0,37,1250,800,450,0.64,17,8,9,369.7716656761186,0.4438813813813814,0.16428116894233802,0.21711435275172505,131422.35145436839,2319.2523608708016,133741.60381523918,1393,1,196.35135135135135,33,4,22,34.17929066571052,0.6410984848484849,43.65808823529411,1025.3676470588225,31.07174688057038,0
3466,4,0,0,37,0.0,0.0,1.0,37,1250,900,350,0.72,16,9,7,367.09775977276166,0.4430055055055055,0.16675866120509641,0.21661096142194022,131610.90573637534,2262.8137314974906,133873.71946787284,1394,2,197.35135135135135,33,4,19,34.05726243082926,0.6429924242424243,43.47426470588235,1026.1029411764698,31.094028520499084,0
3467,4,0,1,36,0.0,0.02702702702702703,0.972972972972973,37,1150,900,250,0.782608695652174,14,9,5,366.45270199387176,0.44272397397397395,0.16646015643150314,0.21676608982349344,131705.23356401373,2252.7477412533503,133957.98130526708,1395,3,198.35135135135135,33,4,20,33.97852992677492,0.6439393939393939,43.382352941176464,1026.4705882352932,31.10516934046343,0
3468,4,0,0,36,0.0,0.0,1.0,36,950,700,250,0.7368421052631579,12,7,5,364.41211442960054,0.44221230158730157,0.15534144692359697,0.21645201495637734,131862.52170138896,2410.460069444455,134272.98177083343,1396,4,202.02777777777777,33,3,21,33.87212643678161,0.6455176767676767,43.22916666666667,1027.083333333334,31.12373737373739,0
3469,4,0,1,35,0.0,0.027777777777777776,0.9722222222222222,36,1300,900,400,0.6923076923076923,17,9,8,363.65603028664145,0.4417989417989418,0.15260385609222826,0.2167203847870283,131988.41979346875,2399.676957179922,134388.09675064866,1397,5,203.02777777777777,33,3,21,33.764534883720934,0.646780303030303,43.10661764705882,1027.573529411764,31.138591800356483,0
3470,4,0,0,35,0.0,0.0,1.0,35,900,600,300,0.6666666666666666,12,6,6,375.3448020814301,0.44002100840336134,0.16365360303413468,0.22323138229053463,131911.15702479333,2902.4334251606942,134813.59044995403,1398,6,209.6,32,3,22,33.54228121927239,0.6484375,43.18181818181818,1027.2727272727268,32.10227272727271,0
3471,4,0,1,34,0.0,0.02857142857142857,0.9714285714285714,35,1100,1000,100,0.9090909090909091,12,10,2,375.0512728788499,0.4392857142857143,0.16078625083036724,0.22388291997401505,132051.391366902,2905.2084835159435,134956.59985041796,1399,7,210.6,33,2,22,33.40822602440285,0.6474116161616161,43.045343137254896,1027.8186274509794,31.14601901366604,0
3472,4,0,0,34,0.0,0.0,1.0,34,1100,700,400,0.6363636363636364,15,7,8,384.0759678597514,0.43783422459893045,0.16478537360890289,0.2292066259808196,132040.89506172854,3342.7469135802653,135383.6419753088,1400,8,217.41176470588235,32,2,22,33.18693693693693,0.6497395833333333,43.055555555555564,1027.777777777779,32.11805555555559,0
3473,4,0,0,34,0.0,0.0,1.0,34,600,200,400,0.3333333333333333,10,2,8,381.80096777712276,0.43733288770053474,0.1612247256756072,0.22843536227840652,132138.24043783802,3290.1016159065457,135428.34205374456,1401,9,218.41176470588235,32,2,22,33.147079291006584,0.6507161458333333,42.96085858585859,1028.156565656566,32.12989267676769,0
3474,4,0,0,34,0.0,0.0,1.0,34,1550,1100,450,0.7096774193548387,20,11,9,383.98891342491265,0.43636734997029114,0.15806973335547547,0.23053483254773496,132268.09007052862,3357.8960373941554,135625.98610792277,1402,10,219.41176470588235,32,2,22,32.959729552800624,0.6520182291666667,42.834595959595966,1028.6616161616168,32.14567550505053,0
3475,4,0,0,34,0.0,0.0,1.0,34,1150,800,350,0.6956521739130435,15,8,7,379.9108576139854,0.43614453357100413,0.1552477976349378,0.2292681881663082,132462.9840864453,3264.825177277831,135727.80926372312,1403,11,220.41176470588235,32,2,22,32.8680138190441,0.6539713541666667,42.64520202020202,1029.4191919191921,32.169349747474755,0
3476,4,0,0,34,0.0,0.0,1.0,34,950,700,250,0.7368421052631579,12,7,5,377.7579781632826,0.43504901960784315,0.154955325270969,0.2287581163977651,132592.99314164367,3217.6122015610595,135810.60534320472,1404,12,221.41176470588235,32,2,22,32.79238690695107,0.6552734375,42.51893939393939,1029.924242424242,32.185132575757564,0
3477,4,0,1,33,0.0,0.029411764705882353,0.9705882352941176,34,700,400,300,0.5714285714285714,10,4,6,398.17298934624165,0.43425059417706474,0.08488915457123491,0.2238925331731587,129747.52456700864,3566.863075196433,133314.38764220508,1405,13,222.41176470588235,32,2,17,35.15512041971331,0.6266276041666667,45.296717171717184,1018.8131313131327,31.837910353535396,8
3478,4,0,0,33,0.0,0.0,1.0,33,1050,800,250,0.7619047619047619,13,8,5,403.0103296584998,0.43367266414141414,0.07648902821316583,0.22767466675512651,129930.49621582033,3872.666422526042,133803.16263834637,1406,14,225.6969696969697,31,2,20,34.845146871008936,0.6310483870967742,45.1171875,1019.5312500000001,32.88810483870968,0
3479,4,0,0,33,0.0,0.0,1.0,33,1200,900,300,0.75,15,9,6,401.3996321031848,0.4334359217171717,0.0739434168078541,0.22753724442086468,130063.28158908428,3841.4706759982746,133904.75226508256,1407,15,226.6969696969697,31,2,20,34.75076589226448,0.6323924731182795,44.98697916666667,1020.0520833333339,32.90490591397852,0
3480,4,0,0,33,0.0,0.0,1.0,33,750,600,150,0.8,9,6,3,403.28713979122193,0.43296243686868685,0.10340506880169609,0.21536447992186356,127697.47865332635,3699.750184930134,131397.2288382565,1408,16,227.6969696969697,32,1,18,37.126535498646696,0.6057942708333333,47.316919191919204,1010.7323232323246,31.585385101010143,8
3481,4,2,0,35,0.05714285714285714,0.0,1.0,35,900,600,300,0.6666666666666666,12,6,6,382.03172305004244,0.4379201680672269,0.10941704035874444,0.20778798595160844,128432.33471074383,2814.6075655545405,131246.94227629836,1409,0,215.62857142857143,32,3,15,36.909877927254605,0.61328125,46.59090909090909,1013.6363636363639,31.67613636363637,0
3482,4,1,0,36,0.027777777777777776,0.0,1.0,36,850,700,150,0.8235294117647058,10,7,3,375.7638357998416,0.4410548941798942,0.12529672098169353,0.2065828387260577,128858.98940611788,2484.1096273068083,131343.0990334247,1410,0,210.61111111111111,33,3,16,36.632342587004615,0.6152146464646464,46.1703431372549,1015.3186274509808,30.767231134878205,0
3483,4,1,0,37,0.02702702702702703,0.0,1.0,37,850,600,250,0.7058823529411765,11,6,5,366.2876384077345,0.44244244244244246,0.12598520308017513,0.20361952569870945,129297.68207644622,2072.9371287386202,131370.61920518483,1411,0,205.8918918918919,32,5,18,36.42535692116698,0.6220703125,45.73863636363636,1017.045454545454,31.78267045454544,0
3484,4,0,0,37,0.0,0.0,1.0,37,1250,700,550,0.56,18,7,11,367.1147231897794,0.44162912912912916,0.11397746609014203,0.20536175121464628,129544.24267409164,2111.5197580257513,131655.7624321174,1412,1,206.8918918918919,33,4,16,36.15311885558363,0.6221590909090908,45.49632352941176,1018.0147058823526,30.84893048128341,0
3485,4,0,0,37,0.0,0.0,1.0,37,900,500,400,0.5555555555555556,13,5,8,368.3412153402789,0.44125375375375375,0.11699245870825714,0.20670383799412945,129669.02941476836,2152.4895773260296,131821.51899209438,1413,2,207.8918918918919,33,4,16,35.99484117434726,0.6234217171717171,45.37377450980392,1018.5049019607843,30.863784907902556,0
3486,4,0,0,37,0.0,0.0,1.0,37,1000,900,100,0.9,11,9,2,370.73280891264267,0.4413788788788789,0.11960426684353087,0.2083774063888301,129731.44531249987,2219.1406249999854,131950.58593749985,1414,3,208.8918918918919,33,4,16,35.87039877300612,0.6240530303030303,45.31249999999999,1018.749999999999,30.87121212121209,0
3487,4,0,0,37,0.0,0.0,1.0,37,1250,1100,150,0.88,14,11,3,373.4819973698856,0.440940940940941,0.11690877983800174,0.21065565622404236,129867.92091836738,2300.666099773246,132168.58701814062,1415,4,209.8918918918919,34,3,16,35.66144981702094,0.6231617647058824,45.17857142857143,1019.2857142857147,29.978991596638668,0
3488,4,0,0,37,0.0,0.0,1.0,37,1200,900,300,0.75,15,9,6,372.56333634229543,0.44097222222222227,0.12055202529169384,0.21079111883144663,129989.29280045352,2285.848922902495,132275.141723356,1416,5,210.8918918918919,34,3,17,35.561376371702075,0.6243872549019608,45.05952380952381,1019.7619047619047,29.99299719887955,0
3489,4,1,1,37,0.02631578947368421,0.02631578947368421,0.9736842105263158,38,1150,1100,50,0.9565217391304348,12,11,1,361.8274408991817,0.44264165481270745,0.12400053999987737,0.20647997076462293,130323.35778061229,1831.2003968254044,132154.5581774377,1417,0,206.31578947368422,34,4,18,35.49585130776107,0.6277573529411764,44.73214285714286,1021.071428571429,30.03151260504203,0
3490,4,1,1,37,0.02631578947368421,0.02631578947368421,0.9736842105263158,38,700,300,400,0.42857142857142855,11,3,8,340.56689804416686,0.4434417970602181,0.08264762481227494,0.181760573206316,127673.13169677176,1096.248485110768,128769.38018188253,1418,0,207.07894736842104,37,1,18,38.73627988137862,0.5948761261261262,47.34100877192981,1010.635964912278,27.314485538169677,8
3491,4,0,0,37,0.0,0.0,1.0,37,800,500,300,0.625,11,5,6,346.4395070003558,0.4418793793793794,0.09594880802104089,0.18444562713947696,127575.06397867446,1439.408454062153,129014.47243273661,1419,1,213.64864864864865,36,1,18,38.68831977111434,0.595775462962963,47.438063063063055,1010.2477477477464,28.0624374374374,0
3492,4,2,0,39,0.05128205128205128,0.0,1.0,39,1000,700,300,0.7,13,7,6,333.05354320841565,0.4463000449842555,0.09032135850077827,0.17960627899258588,128090.45041867538,732.1956726203314,128822.64609129571,1420,0,203.64102564102564,38,1,21,38.49978012313106,0.5973135964912281,46.92841880341879,1012.2863247863231,26.639113810166396,0
3493,4,1,2,38,0.025,0.05,0.95,40,1150,800,350,0.6956521739130435,15,8,7,322.79868344881356,0.44707532051282056,0.08742884250474359,0.17537619193559245,128388.03624260347,288.709228212423,128676.74547081589,1421,0,199.525,38,2,17,38.45601412608053,0.600328947368421,46.63461538461538,1013.4615384615379,26.670040485829944,0
3494,4,0,1,37,0.0,0.02631578947368421,0.9736842105263158,38,1400,1100,300,0.7857142857142857,17,11,6,337.6159607916625,0.44516062114746324,0.09168119231174177,0.18322487425834594,128344.14439777599,1066.2063245677907,129410.35072234378,1422,2,207.97368421052633,36,2,21,38.125370452693176,0.603587962962963,46.67792792792792,1013.288288288287,28.146896896896862,0
3495,4,1,0,38,0.02631578947368421,0.0,1.0,38,1050,800,250,0.7619047619047619,13,8,5,337.9309600656802,0.44763513513513514,0.09812384932347507,0.18431667446344324,128543.91289515856,1087.7935790520128,129631.70647421057,1423,0,206.78947368421052,36,2,19,37.91365907828983,0.6056134259259259,46.48085585585585,1014.0765765765757,28.168793793793768,0
3496,4,1,2,37,0.02564102564102564,0.05128205128205128,0.9487179487179487,39,850,600,250,0.7058823529411765,11,6,5,337.23397610578684,0.44888663967611336,0.11023342996132146,0.18556885637051015,128895.01006319224,893.5553487611253,129788.56541195337,1424,0,202.46153846153845,37,2,20,37.573673649353914,0.6072635135135135,46.134868421052616,1015.4605263157871,27.444879089615867,0
3497,4,2,1,38,0.05128205128205128,0.02564102564102564,0.9743589743589743,39,1000,900,100,0.9,11,9,2,337.70896579211035,0.4478463787674314,0.12829641678492743,0.1868790688911682,129117.79495854478,920.8474001615732,130038.64235870635,1425,0,203.2051282051282,37,2,22,37.33491117344554,0.6095157657657657,45.91557017543859,1016.3377192982443,27.46858700806066,0
3498,4,1,0,39,0.02564102564102564,0.0,1.0,39,1250,800,450,0.64,17,8,9,333.81518797977066,0.4484649122807018,0.13894462223843584,0.1859025998845322,129368.65790435496,837.0445714065613,130205.70247576151,1426,0,203.33333333333334,37,2,24,37.17889990658907,0.6120495495495495,45.668859649122794,1017.3245614035069,27.495258416310996,0
3499,4,0,1,38,0.0,0.02564102564102564,0.9743589743589743,39,850,500,350,0.5882352941176471,12,5,7,330.23843734920615,0.4481275303643724,0.12932487066436282,0.18439925874493168,129473.07715136219,751.3973354517998,130224.47448681398,1427,1,204.33333333333334,38,1,19,37.163858562530606,0.6112938596491229,45.566239316239304,1017.735042735041,26.78250112460634,0
3500,4,2,1,39,0.05,0.025,0.975,40,900,600,300,0.6666666666666666,12,6,6,329.7494321571195,0.448838141025641,0.14662769325028036,0.18698530336506505,130076.56385633691,578.5346137152836,130655.0984700522,1297,0,164.5,39,1,21,36.5644890908472,0.6156517094017093,44.973958333333336,1020.1041666666675,26.156517094017115,0
3501,4,0,0,39,0.0,0.0,1.0,39,1450,1200,250,0.8275862068965517,17,12,5,337.09019426524003,0.4455128205128205,0.14306398866799097,0.19114790228369996,130076.56385633702,969.5068359375202,131046.07069227453,1298,1,169.64102564102564,39,0,21,36.37728054052214,0.6156517094017093,44.97395833333334,1020.1041666666683,26.156517094017136,0
3502,4,0,0,39,0.0,0.0,1.0,39,1500,1200,300,0.8,18,12,6,336.96578709351536,0.44523166891587945,0.14820978592792033,0.1918609963817177,130236.00396050367,977.0155164930752,131213.01947699673,1299,2,170.64102564102564,39,0,22,36.218938156954785,0.6172542735042735,44.81770833333334,1020.7291666666682,26.172542735042775,0
3503,4,1,0,40,0.025,0.0,1.0,40,1250,900,350,0.72,16,9,7,334.7550279102168,0.44497863247863245,0.17176072119792174,0.19297064644712872,130714.91021050366,751.497395833353,131466.40760633702,1300,0,167.35,39,1,16,35.79091117449323,0.6220619658119658,44.34895833333334,1022.6041666666681,26.220619658119695,0
3504,4,0,0,40,0.0,0.0,1.0,40,800,600,200,0.75,10,6,4,333.6665382895981,0.44475160256410257,0.171007333469138,0.19247579746928764,130741.54188368065,724.8155381944536,131466.35742187512,1301,1,168.35,39,1,16,35.79182793508522,0.6223290598290598,44.32291666666667,1022.7083333333342,26.22329059829062,0
3505,4,0,0,40,0.0,0.0,1.0,40,1200,1000,200,0.8333333333333334,14,10,4,330.4624827612999,0.44372329059829063,0.15739185750636153,0.19155126213155002,130928.03955078135,653.3610026041815,131581.40055338552,1302,2,169.35,39,1,16,35.685432569974566,0.624198717948718,44.14062500000001,1023.4375000000008,26.2419871794872,0
3506,4,0,0,40,0.0,0.0,1.0,40,1250,1100,150,0.88,14,11,3,330.8781163605465,0.4432825854700855,0.16003225806451638,0.19235989742253368,131041.82287535541,671.7743034900044,131713.5971788454,1303,3,170.35,40,0,17,35.55996691480564,0.6236979166666667,44.029471544715456,1023.8821138211392,25.59705284552848,0
3507,4,0,1,39,0.0,0.025,0.975,40,950,700,250,0.7368421052631579,12,7,5,365.58264005402316,0.44314903846153847,0.1406728232189971,0.19714829337005552,128090.45041867578,1388.1728108978555,129478.62322957364,1304,4,171.35,38,2,19,37.67656112576956,0.5973135964912281,46.928418803418815,1012.2863247863265,26.63911381016649,8
3508,4,1,1,39,0.025,0.025,0.975,40,1100,800,300,0.7272727272727273,14,8,6,366.99459339058393,0.4417200854700855,0.16983075592083896,0.1999763703643329,128505.59937913588,1432.1834527860815,129937.78283192196,1305,0,172.1,37,3,16,37.21601149922496,0.603322072072072,46.51864035087719,1013.9254385964912,27.4033902323376,0
3509,4,1,0,40,0.025,0.0,1.0,40,950,600,350,0.631578947368421,13,6,7,370.5601692452617,0.44497863247863245,0.1749675885911841,0.2031934198183732,128755.86718990446,1542.359187442276,130298.22637734673,1306,0,161.6,37,3,17,36.869778161913,0.6058558558558558,46.2719298245614,1014.9122807017534,27.43006164058793,0
3510,4,1,1,40,0.024390243902439025,0.024390243902439025,0.975609756097561,41,950,600,350,0.631578947368421,13,6,7,366.1375694577355,0.4458587398373984,0.17635628111589052,0.20276093340051765,129147.0854792168,1257.1199959821597,130404.20547519895,1307,0,158.6341463414634,38,3,19,36.58271144278606,0.6080043859649122,45.88675213675213,1016.4529914529907,26.748762932973438,0
3511,4,0,0,40,0.0,0.0,1.0,40,1050,600,450,0.5714285714285714,15,6,9,371.96510300478667,0.4456864316239317,0.17606796116504908,0.2059806753198547,129145.65659626023,1607.5354916897363,130753.19208794997,1308,1,156.925,37,3,19,36.43608414239483,0.6097972972972974,45.888157894736835,1016.4473684210514,27.471550497866254,0
3512,4,1,0,41,0.024390243902439025,0.0,1.0,41,1350,900,450,0.6666666666666666,18,9,9,365.59000028394985,0.4469258130081301,0.18844235339820492,0.20466248870385115,129573.74762854092,1274.1973323224292,130847.94496086334,1309,0,154.0731707317073,36,5,17,36.16188290380859,0.6160300925925926,45.467342342342356,1018.1306306306325,28.281406406406457,0
3513,4,0,0,41,0.0,0.0,1.0,41,1200,800,400,0.6666666666666666,16,8,8,364.30792790272983,0.44682418699186993,0.18885587485103272,0.2046912742737946,129717.10519641262,1251.3939615290992,130968.49915794173,1310,1,155.0731707317073,36,5,18,36.04862185864841,0.6174768518518519,45.32657657657658,1018.6936936936936,28.297047047047045,0
3514,4,0,0,41,0.0,0.0,1.0,41,1300,1100,200,0.8461538461538461,15,11,4,367.47318944543116,0.445604674796748,0.19657141009717827,0.20753180187457806,129917.93894823875,1348.2718782972129,131266.21082653597,1311,2,156.0731707317073,36,5,18,35.76369711697781,0.6195023148148149,45.1295045045045,1019.4819819819817,28.318943943943935,0
3515,4,0,0,41,0.0,0.0,1.0,41,1850,1400,450,0.7567567567567568,23,14,9,367.9720898772568,0.4452235772357724,0.19996876497800087,0.20857892303555645,130061.4867401185,1371.7994176609056,131433.2861577794,1312,3,157.0731707317073,36,5,18,35.60503606388459,0.6209490740740741,44.98873873873874,1020.0450450450451,28.334584584584587,0
3516,4,0,0,41,0.0,0.0,1.0,41,1200,800,400,0.6666666666666666,16,8,8,363.7979584619017,0.4445121951219512,0.19515962370568074,0.20712717936549463,130233.84871357834,1275.761656927183,131509.6103705055,1313,4,158.0731707317073,36,5,18,35.53641696087083,0.6226851851851851,44.81981981981981,1020.7207207207199,28.35335335335333,0
3517,4,0,0,41,0.0,0.0,1.0,41,1100,500,600,0.45454545454545453,17,5,12,362.2034688219471,0.44382621951219514,0.18864294717289876,0.20700022078269792,130380.76560356625,1244.876284254692,131625.64188782094,1314,5,159.0731707317073,35,6,18,35.42799939558778,0.6261904761904762,44.67592592592591,1021.2962962962941,29.17989417989412,0
3518,4,2,0,43,0.046511627906976744,0.0,1.0,43,800,500,300,0.625,11,5,6,353.8725230290534,0.44432908822443706,0.2131827436667164,0.20564950807685953,131027.14913662405,673.381570056225,131700.53070668026,1315,0,152.62790697674419,38,5,18,34.98621691189259,0.6269188596491229,44.04380341880341,1023.8247863247843,26.942757534862746,0
3519,4,0,1,42,0.0,0.023255813953488372,0.9767441860465116,43,1150,700,450,0.6086956521739131,16,7,9,355.4143415124526,0.4440291620524179,0.21762842129267979,0.2069867483437647,131109.19922017658,719.6179414127912,131828.81716158937,1316,1,153.62790697674419,38,5,18,34.86377703595521,0.6277412280701755,43.9636752136752,1024.1452991452975,26.951192082770987,0
3520,4,0,2,40,0.0,0.047619047619047616,0.9523809523809523,42,1300,900,400,0.6923076923076923,17,9,8,363.4536493647742,0.4405003871467286,0.2221797264632992,0.21132815552728879,131047.29940943347,1125.92384195135,132173.22325138483,1317,2,158.04761904761904,37,5,18,34.72058613550367,0.6289414414414414,44.024122807017534,1023.9035087719283,27.67306780464671,0
3521,4,0,0,40,0.0,0.0,1.0,40,1150,900,250,0.782608695652174,14,9,5,366.43444333580874,0.4383012820512821,0.2122884986078395,0.21306132203423278,131047.29940943347,1604.0488419513504,132651.34825138483,1318,3,160.925,37,3,20,34.64428500035696,0.6289414414414414,44.024122807017534,1023.9035087719283,27.67306780464671,0
3522,4,0,0,40,0.0,0.0,1.0,40,1400,900,500,0.6428571428571429,19,9,10,372.80489336053574,0.43842147435897433,0.21223415346121732,0.21804539860452815,131273.37643363295,1787.8714204836092,133061.24785411655,1319,4,161.925,38,2,20,34.25228489018627,0.6293859649122807,43.80341880341881,1024.7863247863256,26.968061178587515,0
3523,4,0,1,39,0.0,0.025,0.975,40,1150,900,250,0.782608695652174,14,9,5,368.75279777402613,0.43783386752136755,0.20265861368254723,0.21631869421737224,131387.44882758908,1689.9321123357295,133077.3809399248,1320,5,162.925,35,5,20,34.24070520057199,0.6363095238095238,43.692129629629626,1025.2314814814808,29.292328042328023,0
3524,4,0,0,39,0.0,0.0,1.0,39,1300,800,500,0.6153846153846154,18,8,10,376.1592786503727,0.4349696356275304,0.19574019947400156,0.2209875091219543,131443.5782911289,2088.7443186429628,133532.3226097719,1321,6,167.02564102564102,36,3,20,33.99406984405887,0.634837962962963,43.637387387387385,1025.45045045045,28.484734734734722,0
3525,4,0,0,39,0.0,0.0,1.0,39,1400,1100,300,0.7857142857142857,17,11,6,376.7502920766378,0.4349696356275304,0.19110084629905133,0.2224609453340851,131637.38031173035,2118.8842961295577,133756.2646078599,1322,7,168.02564102564102,37,2,18,33.78287833457989,0.6348536036036037,43.44846491228069,1026.2061403508758,27.73530109056421,0
3526,4,0,0,39,0.0,0.0,1.0,39,1200,800,400,0.6666666666666666,16,8,8,381.36522303946816,0.4347728295096716,0.24779419932212376,0.21164654775699138,129231.64859693879,2103.6695135983805,131335.31811053716,1323,8,169.02564102564102,34,5,21,36.10940366077353,0.6167279411764706,45.80357142857143,1016.7857142857144,29.905462184873954,8
3527,4,0,0,39,0.0,0.0,1.0,39,1300,900,400,0.6923076923076923,17,9,8,380.54882678253273,0.4348009446693657,0.24863752040718312,0.2116802848977841,129322.448979592,2042.7012471655507,131365.15022675754,1324,9,170.02564102564102,34,5,21,36.037472690387006,0.6176470588235294,45.71428571428572,1017.1428571428584,29.915966386554658,0
3528,4,1,0,40,0.025,0.0,1.0,40,1100,700,400,0.6363636363636364,15,7,8,373.8301786843316,0.4359642094017094,0.2539464711899073,0.2096451078549036,129643.02722318692,1692.8952064043388,131335.92242959124,1325,0,166.75,35,5,19,35.88156324582338,0.61875,45.399305555555564,1018.4027777777793,29.097222222222268,0
3529,4,0,1,39,0.0,0.025,0.975,40,1050,900,150,0.8571428571428571,12,9,3,370.43382659693077,0.4359241452991453,0.24401408450704176,0.20852298013806794,129790.40745027456,1615.7514574760153,131406.1589077506,1326,1,167.75,35,5,21,35.817999394214745,0.6202380952380953,45.25462962962964,1018.9814814814832,29.113756613756664,0
3530,4,0,0,39,0.0,0.0,1.0,39,1350,1000,350,0.7407407407407407,17,10,7,374.7361694287652,0.4334514170040486,0.24501295148287205,0.21190151814296687,129967.37423911193,1940.695194615927,131908.06943372785,1327,2,169.76923076923077,35,4,22,35.528282255013245,0.6220238095238095,45.081018518518526,1019.675925925927,29.133597883597915,0
3531,4,0,0,39,0.0,0.0,1.0,39,1000,500,500,0.5,15,5,10,381.9670513044489,0.43336707152496623,0.24534394582046049,0.2166446325738361,130085.41907793212,2137.668788580249,132223.08786651236,1328,3,170.76923076923077,35,4,22,35.223791695030634,0.6232142857142857,44.96527777777778,1020.138888888889,29.146825396825403,0
3532,4,0,0,39,0.0,0.0,1.0,39,850,400,450,0.47058823529411764,13,4,9,380.6846815392572,0.4335357624831309,0.24226348364279415,0.21624459745168112,130144.46159122081,2108.8005829903923,132253.2621742112,1329,4,171.76923076923077,35,4,22,35.196423169993956,0.6238095238095238,44.907407407407405,1020.37037037037,29.15343915343914,0
3533,4,0,1,38,0.0,0.02564102564102564,0.9743589743589743,39,1100,800,300,0.7272727272727273,14,8,6,382.5244798887906,0.43390125955915426,0.24319287319627514,0.2177845957481759,130233.0504785023,2163.4659797239433,132396.51645822622,1330,5,172.76923076923077,35,4,22,35.05936519635635,0.624702380952381,44.820601851851855,1020.7175925925931,29.163359788359802,0
3534,4,0,0,38,0.0,0.0,1.0,38,1450,1200,250,0.8275862068965517,17,12,5,381.28612777932403,0.4326102418207682,0.23514960908390492,0.21794503353311986,130387.71896626301,2343.0090439048017,132730.7280101678,1331,6,175.18421052631578,33,5,22,34.93370530357572,0.6306818181818181,44.669117647058826,1021.3235294117651,30.949197860962578,0
3535,4,0,0,38,0.0,0.0,1.0,38,750,300,450,0.4,12,3,9,382.5290302496674,0.4321360834518729,0.2362359834326695,0.2190083788572272,130450.30757401003,2380.205930411384,132830.51350442143,1332,7,176.18421052631578,33,5,22,34.83835172744721,0.6313131313131313,44.6078431372549,1021.5686274509808,30.956625074272146,0
3536,4,0,0,38,0.0,0.0,1.0,38,850,700,150,0.8235294117647058,10,7,3,388.999037261138,0.43198790896159317,0.24464031091874938,0.22379517026430448,130638.16350682439,2563.6239667435702,133201.78747356797,1333,8,177.18421052631578,33,5,19,34.48213857588109,0.6332070707070707,44.42401960784314,1022.3039215686282,30.978906714200853,0
3537,4,0,0,38,0.0,0.0,1.0,38,1050,700,350,0.6666666666666666,14,7,7,390.9292239516564,0.43179528212422946,0.24519251994576008,0.225452962949314,130732.14215986645,2621.402976018847,133353.5451358853,1334,9,178.18421052631578,33,5,19,34.33730277611344,0.6341540404040404,44.33210784313726,1022.6715686274514,30.990047534165193,0
3538,4,0,0,38,0.0,0.0,1.0,38,1000,600,400,0.6,14,6,8,390.9292239516564,0.43142484589853014,0.24519251994576008,0.225452962949314,130732.14215986645,2621.402976018847,133353.5451358853,1335,10,179.18421052631578,33,5,19,34.33730277611344,0.6341540404040404,44.33210784313726,1022.6715686274514,30.990047534165193,0
3539,4,0,1,37,0.0,0.02631578947368421,0.9736842105263158,38,1700,1300,400,0.7647058823529411,21,13,8,391.75502237561443,0.43123221906116643,0.24052184213676742,0.2274030369634126,130982.91710219627,2662.6431240388283,133645.5602262351,1336,11,180.18421052631578,33,5,22,34.06148988387405,0.6366792929292929,44.08700980392157,1023.6519607843137,31.019756387403447,0
3540,4,0,0,37,0.0,0.0,1.0,37,750,600,150,0.8,9,6,3,396.83848518601525,0.43058683683683685,0.2343209234400947,0.2300981946293161,130940.15438475671,2992.418503213966,133932.5728879707,1337,12,183.54054054054055,32,5,22,33.974833456698754,0.638671875,44.12878787878788,1023.4848484848488,31.983901515151526,0
3541,4,1,0,38,0.02631578947368421,0.0,1.0,38,1300,1100,200,0.8461538461538461,15,11,4,386.66451649330355,0.4321953532479848,0.2299814952353374,0.22610410398021,131265.32613658204,2551.128772587455,133816.4549091695,1338,0,179.68421052631578,33,5,23,33.90536554253368,0.639520202020202,43.811274509803916,1024.7549019607839,31.05317884729648,0
3542,4,1,0,39,0.02564102564102564,0.0,1.0,39,1250,800,450,0.64,17,8,9,377.12816155639734,0.433816914080072,0.23076923076923062,0.2223906705955939,131587.09092184462,2125.0695733063617,133712.16049515098,1339,0,176.05128205128204,32,7,19,33.82404216916891,0.6451822916666667,43.49747474747474,1026.0101010101002,32.06281565656563,0
3543,4,0,0,39,0.0,0.0,1.0,39,1050,800,250,0.7619047619047619,13,8,5,377.2607169473432,0.43339518668466037,0.23316331841365656,0.22303653585926914,131684.2689043209,2135.860339506159,133820.12924382705,1340,1,177.05128205128204,32,7,19,33.72237257555254,0.6461588541666667,43.40277777777777,1026.3888888888882,32.07465277777776,0
3544,4,0,2,37,0.0,0.05128205128205128,0.9487179487179487,39,1400,900,500,0.6428571428571429,19,9,10,376.0994753960164,0.43370445344129555,0.2288844011994371,0.22320917874069504,131831.05656478263,2116.3182429834505,133947.3748077661,1341,2,178.05128205128204,33,6,21,33.60381861575177,0.6452020202020202,43.25980392156862,1026.9607843137244,31.120023767082557,0
3545,4,0,1,36,0.0,0.02702702702702703,0.972972972972973,37,950,600,350,0.631578947368421,13,6,7,392.88215088342554,0.4307745245245245,0.2280986405875356,0.23152718525134697,131561.7900424533,2937.6558091905345,134499.44585164383,1342,3,184.97297297297297,31,6,22,33.44557790751787,0.647513440860215,43.522135416666664,1025.911458333333,33.09391801075268,0
3546,4,0,0,36,0.0,0.0,1.0,36,1250,1000,250,0.8,15,10,5,392.45645666372707,0.4290178571428571,0.2154487016831601,0.23188469201075684,131661.99578179247,3134.32006835937,134796.31585015185,1343,4,182.80555555555554,31,5,22,33.35500718937664,0.648521505376344,43.424479166666664,1026.302083333333,33.10651881720429,0
3547,4,0,0,36,0.0,0.0,1.0,36,1600,1100,500,0.6875,21,11,10,391.6425265561567,0.4277943121693122,0.21333150237320608,0.23283103933696464,131895.95752292217,3131.213209364155,135027.17073228632,1344,5,183.80555555555554,31,5,22,33.13910191405755,0.6508736559139785,43.196614583333336,1027.2135416666672,33.13592069892475,0
3548,4,0,0,36,0.0,0.0,1.0,36,800,300,500,0.375,13,3,10,391.8870283546581,0.42698412698412697,0.21770287773835673,0.23359308366880396,131996.2904188369,3145.5268012152974,135141.8172200522,1345,6,184.80555555555554,31,5,22,33.03133975333672,0.6518817204301075,43.09895833333334,1027.6041666666677,33.14852150537637,0
3549,4,0,1,35,0.0,0.027777777777777776,0.9722222222222222,36,550,500,50,0.9090909090909091,6,5,1,393.5970042159009,0.4259259259259259,0.22247551502870633,0.23544257161278437,132130.12695312512,3201.2044270833476,135331.33138020846,1346,7,185.80555555555554,31,5,22,32.852077001013186,0.6532258064516129,42.96875000000001,1028.125000000001,33.16532258064519,0
3550,4,0,0,35,0.0,0.0,1.0,35,1100,800,300,0.7272727272727273,14,8,6,394.6018957755382,0.42489495798319327,0.21460221004467095,0.23667125092870017,132230.5488586428,3435.6850518120946,135666.2339104549,1347,8,187.82857142857142,31,4,22,32.72473836350593,0.654233870967742,42.871093750000014,1028.5156250000018,33.17792338709683,0
3551,4,0,0,35,0.0,0.0,1.0,35,750,500,250,0.6666666666666666,10,5,5,395.13411312289674,0.42496498599439775,0.2170271247739597,0.23720056942787895,132264.03130425364,3452.40614149308,135716.43744574673,1348,9,188.82857142857142,31,4,22,32.677215189873415,0.6545698924731183,42.83854166666668,1028.6458333333348,33.182123655914026,0
3552,4,0,0,35,0.0,0.0,1.0,35,1100,800,300,0.7272727272727273,14,8,6,394.76152880112613,0.4248249299719888,0.21584262571007784,0.23720626376634046,132300.562442608,3445.434458218566,135745.99690082658,1349,10,189.82857142857142,32,3,22,32.64988340697104,0.65234375,42.80303030303031,1028.7878787878797,32.14962121212124,0
3553,4,1,0,36,0.027777777777777776,0.0,1.0,36,700,500,200,0.7142857142857143,9,5,4,383.07900707570025,0.4263723544973545,0.21425712961792853,0.23264038242440666,132699.6888054743,2966.9647454996702,135666.65355097395,1350,0,185.52777777777777,31,5,21,32.54783794599605,0.6589381720430108,42.41536458333334,1030.3385416666677,33.23672715053767,0
3554,4,0,0,36,0.0,0.0,1.0,36,950,700,250,0.7368421052631579,12,7,5,386.13177737551956,0.42508267195767196,0.21903828883990517,0.23566159148344495,132885.74667125806,3062.281910009182,135948.02858126725,1351,1,186.52777777777777,32,4,21,32.281716874846914,0.658203125,42.234848484848484,1031.0606060606062,32.220643939393945,0
3555,4,0,0,36,0.0,0.0,1.0,36,900,600,300,0.6666666666666666,12,6,6,388.29605235740917,0.4246031746031746,0.2203554086587507,0.23760228102679215,132983.40292125804,3127.3860766758503,136110.78899793388,1352,2,187.52777777777777,32,4,21,32.12755539233689,0.6591796875,42.140151515151516,1031.439393939394,32.23248106060606,0
3556,4,0,0,36,0.0,0.0,1.0,36,750,700,50,0.9333333333333333,8,7,1,388.4085768316008,0.4243551587301588,0.22122287485723624,0.238293910650739,133081.0950413224,3137.9677456382183,136219.06278696063,1353,3,188.52777777777777,32,4,21,32.02627875673031,0.66015625,42.045454545454554,1031.8181818181827,32.24431818181821,0
3557,4,1,0,37,0.02702702702702703,0.0,1.0,37,1100,900,200,0.8181818181818182,13,9,4,380.4886048863756,0.42673923923923923,0.21636371215206185,0.23529995969092138,133377.2636275711,2749.7057922433664,136126.96941981447,1354,0,184.40540540540542,33,4,22,31.93278660972041,0.6606691919191919,41.75857843137255,1032.9656862745096,31.301990493166958,0
3558,4,0,0,37,0.0,0.0,1.0,37,1200,800,400,0.6666666666666666,16,8,8,379.27195872127436,0.42595720720720726,0.21087420183437766,0.2355629934819692,133537.46588358347,2729.4370407583874,136266.90292434185,1355,1,185.40540540540542,32,5,22,31.803282026223634,0.6647135416666667,41.603535353535364,1033.5858585858598,32.29955808080812,0
3559,4,0,1,36,0.0,0.02702702702702703,0.972972972972973,37,1150,700,450,0.6086956521739131,16,7,9,389.44673206667113,0.42595720720720726,0.18232942589977452,0.22505149755540677,130810.0357851471,2792.53831736242,133602.57410250953,1356,2,186.40540540540542,34,3,18,34.29608402187827,0.6326593137254901,44.255952380952365,1022.9761904761881,30.08753501400553,8
3560,4,0,0,36,0.0,0.0,1.0,36,1400,1000,400,0.7142857142857143,18,10,8,396.4154855542412,0.422255291005291,0.20252355853697512,0.22917427101155144,130826.15460399837,3172.30272010764,133998.457324106,1357,7,192.52777777777777,33,3,18,34.10148139274877,0.6351010101010102,44.24019607843137,1023.0392156862738,31.00118835412951,0
3561,4,1,0,37,0.02702702702702703,0.0,1.0,37,1350,1100,250,0.8148148148148148,16,11,5,383.45623418130236,0.42336086086086083,0.19588078842174372,0.22406027207050003,131236.62308673456,2664.7002551020287,133901.3233418366,1358,0,188.2972972972973,34,3,19,34.01664342976647,0.6369485294117647,43.83928571428571,1024.6428571428562,30.136554621848713,0
3562,4,0,0,37,0.0,0.0,1.0,37,1050,800,250,0.7619047619047619,13,8,5,384.3856614089012,0.42383008008008005,0.17546947403970137,0.21778365281867143,130043.75007509123,2602.5386778485795,132646.2887529398,1359,1,189.2972972972973,33,4,20,35.2045286154832,0.627209595959596,45.00612745098039,1019.9754901960778,30.908348187759934,8
3563,4,0,0,37,0.0,0.0,1.0,37,1200,900,300,0.75,15,9,6,386.1663621321823,0.42292292292292294,0.17514446675767115,0.21968176659317817,130201.83000283432,2655.9134070294613,132857.7434098638,1360,2,190.2972972972973,34,3,20,34.9982017185738,0.626531862745098,44.85119047619047,1020.5952380952369,30.017507002801086,0
3564,4,0,0,37,0.0,0.0,1.0,37,1200,700,500,0.5833333333333334,17,7,10,385.9763654916774,0.42214089089089085,0.17407831448393107,0.22044832444428708,130356.4302942378,2662.91440902342,133019.34470326122,1361,3,191.2972972972973,33,4,20,34.845768830753244,0.6303661616161615,44.69975490196079,1021.2009803921569,30.945484254307786,0
3565,4,0,0,37,0.0,0.0,1.0,37,1050,800,250,0.7619047619047619,13,8,5,386.46126326942255,0.42185935935935936,0.16871711582039062,0.22143831971664438,130481.60750973182,2685.217374327185,133166.82488405902,1362,4,192.2972972972973,33,4,20,34.7061043141018,0.6316287878787878,44.57720588235294,1021.6911764705881,30.96033868092691,0
3566,4,0,0,37,0.0,0.0,1.0,37,900,800,100,0.8888888888888888,10,8,2,390.87348825975215,0.4213588588588589,0.1718063387128137,0.22450997879382437,130575.52984429053,2807.70256632063,133383.23241061118,1363,5,193.2972972972973,33,4,16,34.49790167865707,0.6325757575757576,44.48529411764705,1022.0588235294107,30.971479500891235,0
3567,4,0,1,36,0.0,0.02702702702702703,0.972972972972973,37,650,400,250,0.6153846153846154,9,4,5,392.3214031466252,0.4211711711711712,0.17606770040239184,0.22570656172752748,130638.16350682429,2850.4295222991113,133488.5930291234,1364,6,194.2972972972973,33,4,16,34.39722688404059,0.6332070707070707,44.424019607843135,1022.3039215686274,30.978906714200832,0
3568,4,1,0,37,0.02702702702702703,0.0,1.0,37,900,600,300,0.6666666666666666,12,6,6,384.2328219389841,0.4222034534534535,0.15502917598475063,0.2226737193624187,130920.20083922037,2660.7676434544255,133580.9684826748,1365,0,189.72972972972974,33,4,18,34.31762164211871,0.6360479797979798,44.14828431372548,1023.406862745097,31.01232917409385,0
3569,4,0,0,37,0.0,0.0,1.0,37,1350,900,450,0.6666666666666666,18,9,9,380.67690164660524,0.42092092092092087,0.13876366195324685,0.22173076403965764,131114.67013888882,2582.4652777777683,133697.1354166666,1366,1,190.72972972972974,34,3,18,34.211418497423374,0.6357230392156863,43.95833333333333,1024.166666666666,30.122549019607824,0
3570,4,0,0,37,0.0,0.0,1.0,37,900,700,200,0.7777777777777778,11,7,4,376.5110818915258,0.42038913913913917,0.13464841627964685,0.2200020965268407,131236.6230867347,2482.4085884353767,133719.0316751701,1367,2,191.72972972972974,34,3,18,34.19455094690368,0.6369485294117647,43.839285714285715,1024.6428571428573,30.136554621848745,0
3571,4,0,1,36,0.0,0.02702702702702703,0.972972972972973,37,500,100,400,0.2,9,1,8,376.5110818915258,0.4205455455455456,0.13464841627964685,0.2200020965268407,131236.6230867347,2482.4085884353767,133719.0316751701,1368,3,192.72972972972974,34,3,18,34.19455094690368,0.6369485294117647,43.839285714285715,1024.6428571428573,30.136554621848745,0
3572,4,0,0,36,0.0,0.0,1.0,36,1250,800,450,0.64,17,8,9,383.48426832519834,0.41878306878306876,0.14270471859917855,0.22332947946994297,131108.39468293442,2855.60136125528,133963.9960441897,1369,4,198.80555555555554,33,3,19,34.145900642176215,0.6379419191919191,43.96446078431372,1024.1421568627447,31.034610814022567,0
3573,4,0,0,36,0.0,0.0,1.0,36,800,700,100,0.875,9,7,2,382.91387012334553,0.41886574074074073,0.14754018981212513,0.22338805779060264,131175.63952664402,2845.7943594104354,134021.43388605447,1370,5,199.80555555555554,34,2,19,34.09233972496611,0.6363357843137255,43.898809523809526,1024.4047619047622,30.1295518207283,0
3574,4,2,1,37,0.05263157894736842,0.02631578947368421,0.9736842105263158,38,1200,1100,100,0.9166666666666666,13,11,2,364.24512987012986,0.424905168326221,0.1428571428571428,0.2157451923076924,131755.5555555556,1998.4410430839052,133753.9965986395,1371,0,190.23684210526315,34,4,18,33.98437500000001,0.642156862745098,43.333333333333336,1026.666666666667,30.19607843137256,0
3575,4,0,0,37,0.0,0.0,1.0,37,1100,600,500,0.5454545454545454,16,6,10,372.15118485410693,0.4203265765765766,0.14851702351702345,0.22042800949050959,131755.5555555556,2406.597222222227,134162.1527777778,1372,1,196.3783783783784,34,3,18,33.781452922077925,0.642156862745098,43.333333333333336,1026.666666666667,30.19607843137256,0
3576,4,0,1,36,0.0,0.02702702702702703,0.972972972972973,37,1050,700,350,0.6666666666666666,14,7,7,372.5651846411439,0.4199824824824825,0.14925934045285194,0.22174052023814275,131938.95266439897,2431.172052154182,134370.12471655314,1373,2,197.3783783783784,34,3,18,33.58560254924682,0.6439950980392157,43.1547619047619,1027.3809523809514,30.217086834733863,0
3577,4,1,1,36,0.02702702702702703,0.02702702702702703,0.972972972972973,37,950,600,350,0.631578947368421,13,6,7,381.43868585360553,0.4222347347347348,0.09561708948212,0.21439484756599184,129731.4453124998,2633.8585955215112,132365.3039080213,1374,0,191.27027027027026,33,4,16,35.59773346966597,0.6240530303030303,45.312499999999986,1018.7499999999984,30.87121212121207,8
3578,4,0,0,36,0.0,0.0,1.0,36,1350,1000,350,0.7407407407407407,17,10,7,379.0695716864513,0.42071759259259256,0.07879289096451991,0.21430566874550844,129958.94451530602,2652.6962868480614,132611.64080215408,1375,1,192.63888888888889,34,2,16,35.42639618602841,0.6240808823529411,45.08928571428571,1019.6428571428564,29.989495798319307,0
3579,4,0,2,34,0.0,0.05555555555555555,0.9444444444444444,36,1200,1100,100,0.9166666666666666,13,11,2,378.0285497197711,0.42061838624338627,0.07893116012499757,0.21438296773982266,130080.35891439916,2634.8178854875296,132715.17679988669,1376,2,193.63888888888889,34,2,17,35.32938499241451,0.6253063725490196,44.970238095238095,1020.1190476190482,30.00350140056024,0
3580,4,1,0,35,0.02857142857142857,0.0,1.0,35,1000,700,300,0.7,13,7,6,385.1244677075326,0.4196778711484594,0.09456991830850581,0.21837711643034743,130075.0012014609,3019.013119953852,133094.01432141475,1377,0,198.37142857142857,33,2,18,35.15387233701745,0.6275252525252526,44.975490196078425,1020.0980392156856,30.912061794414715,0
3581,4,0,0,35,0.0,0.0,1.0,35,1200,900,300,0.75,15,9,6,383.30814141800045,0.4190126050420168,0.09263071222725405,0.218045778806633,130200.04325259513,2981.347318339098,133181.39057093422,1378,1,199.37142857142857,33,2,18,35.07294668587896,0.6287878787878788,44.85294117647059,1020.5882352941175,30.926916221033864,0
3582,4,0,0,35,0.0,0.0,1.0,35,850,400,450,0.47058823529411764,13,4,9,380.84914596302576,0.4184873949579832,0.08869967672984824,0.21735547236436076,130327.04132550259,2927.003495203342,133254.04482070592,1379,2,200.37142857142857,32,3,19,35.00654342360167,0.6324869791666667,44.72853535353536,1021.0858585858593,31.908933080808104,0
3583,4,0,0,35,0.0,0.0,1.0,35,1250,1000,250,0.8,15,10,5,381.12194106296914,0.41757703081232495,0.08005507404988399,0.2185981480526302,130520.50053884821,2948.845302775238,133469.34584162344,1380,3,201.37142857142857,32,3,13,34.80296758515588,0.6344401041666667,44.53914141414142,1021.8434343434354,31.932607323232357,0
3584,4,0,0,35,0.0,0.0,1.0,35,1400,1000,400,0.7142857142857143,18,10,8,384.21836820997584,0.416421568627451,0.0871043996754044,0.22129447693914547,130681.82615294358,3042.0715998367446,133723.89775278032,1381,4,202.37142857142857,32,3,14,34.559973656046736,0.6360677083333333,44.38131313131313,1022.4747474747476,31.95233585858586,0
3585,4,0,0,35,0.0,0.0,1.0,35,1250,900,350,0.72,16,9,7,372.4550566844782,0.4157563025210084,0.07450947649661877,0.20894118097939085,129655.65653344664,2658.1809807256172,132313.83751417225,1382,5,203.37142857142857,34,1,14,35.90371127995326,0.6210171568627452,45.38690476190476,1018.4523809523804,29.954481792717072,8
3586,4,1,0,36,0.027777777777777776,0.0,1.0,36,1050,800,250,0.7619047619047619,13,8,5,360.8586849934203,0.4195932539682539,0.060513348681288104,0.1935131076836061,127865.50132461078,2218.3617840518655,130083.86310866266,1383,0,198.69444444444446,33,3,16,38.026449977785866,0.6051136363636364,47.15073529411765,1011.3970588235298,30.648395721925148,8
3587,4,1,1,36,0.02702702702702703,0.02702702702702703,0.972972972972973,37,1250,800,450,0.64,17,8,9,354.2131143344742,0.4211711711711712,0.06715132720305483,0.1914191074033696,128174.66695011339,1680.229591836732,129854.89654195012,1384,0,194.2972972972973,34,3,18,37.87816443294928,0.6060049019607843,46.845238095238095,1012.6190476190477,29.78291316526611,0
3588,4,1,1,36,0.02702702702702703,0.02702702702702703,0.972972972972973,37,1050,600,450,0.5714285714285714,15,6,9,352.1977357438044,0.42095220220220225,0.07279609535513654,0.19104875263961255,128325.39859693886,1639.1829648526164,129964.58156179148,1385,0,195.0810810810811,34,3,19,37.77513414013236,0.6075367647058824,46.69642857142858,1013.2142857142865,29.800420168067248,0
3589,4,1,2,35,0.02702702702702703,0.05405405405405406,0.9459459459459459,37,1350,1100,250,0.8148148148148148,16,11,5,346.56115473553973,0.424486986986987,0.0477824140423857,0.18985136779985515,128717.71541950128,1521.7120181406046,130239.42743764189,1386,0,189.94594594594594,34,3,15,37.51759737212574,0.6115196078431373,46.30952380952382,1014.761904761906,29.845938375350176,0
3590,4,1,0,36,0.027777777777777776,0.0,1.0,36,950,600,350,0.631578947368421,13,6,7,389.31567358214926,0.42131283068783065,0.08110031707481657,0.20590973487148354,127308.35383326127,2713.534534524597,130021.88836778587,1387,0,196.11111111111111,33,3,18,37.87985731633273,0.5994318181818181,47.70220588235294,1009.1911764705883,30.581550802139038,8
3591,4,2,0,38,0.05263157894736842,0.0,1.0,38,1100,900,200,0.8181818181818182,13,9,4,374.5594432147098,0.42801683262209583,0.08301262941080845,0.20093769025496303,127880.99500868049,1979.8068576388841,129860.80186631938,1388,0,186.73684210526315,35,3,19,37.66413491246138,0.6008928571428571,47.135416666666664,1011.4583333333328,28.898809523809508,0
3592,4,0,0,38,0.0,0.0,1.0,38,800,500,300,0.625,11,5,6,373.9922508120225,0.4280464675201517,0.08355307105438925,0.20066896038193474,127888.11404309717,1965.8327246165102,129853.94676771369,1389,1,187.73684210526315,36,2,19,37.671175684702746,0.5989583333333333,47.12837837837838,1011.4864864864867,28.09684684684685,0
3593,4,0,0,38,0.0,0.0,1.0,38,1150,800,350,0.6956521739130435,15,8,7,372.8140254675165,0.42751303935514456,0.07420900347909609,0.20060519957192227,128002.04554216375,1944.1915733300825,129946.23711549383,1390,2,188.73684210526315,36,2,19,37.58415869129758,0.6001157407407407,47.015765765765764,1011.9369369369366,28.10935935935935,0
3594,4,0,1,37,0.0,0.02631578947368421,0.9736842105263158,38,1200,800,400,0.6666666666666666,16,8,8,371.73349153158404,0.42736486486486486,0.07442036157490661,0.20016590104220186,128030.5363429308,1918.6476594838132,129949.18400241462,1391,3,189.73684210526315,36,2,19,37.58229479618709,0.6004050925925926,46.987612612612615,1012.0495495495499,28.112487487487495,0
3595,4,2,0,39,0.05128205128205128,0.0,1.0,39,1000,700,300,0.7,13,7,6,355.24669928806,0.43128654970760233,0.07686288672204178,0.19401935114963287,128596.93877551025,1336.8797869159885,129933.81856242624,1392,0,181.10256410256412,34,5,16,37.420530125195626,0.6102941176470589,46.42857142857143,1014.2857142857147,29.831932773109255,0
3596,4,1,0,40,0.025,0.0,1.0,40,1350,1000,350,0.7407407407407407,17,10,7,348.8884393298536,0.43249198717948717,0.09830827067669157,0.19261274971304776,129024.94454089529,1003.0623070987915,130028.00684799408,1393,0,177.55,35,5,17,37.14542036910458,0.6125,46.00694444444446,1015.9722222222241,29.027777777777832,0
3597,4,0,1,39,0.0,0.025,0.975,40,550,100,450,0.18181818181818182,10,1,9,348.63870569372295,0.4323050213675214,0.10099088838268822,0.19276119873998054,129083.74592764076,1000.7180212620224,130084.46394890279,1394,1,178.55,35,5,19,37.09187547456341,0.6130952380952381,45.94907407407408,1016.203703703705,29.03439153439157,0
3598,4,0,2,37,0.0,0.05128205128205128,0.9487179487179487,39,1250,1000,250,0.8,15,10,5,351.54181226148336,0.4302462887989204,0.10537191891773579,0.19509127104972412,129230.80800165056,1286.0064889832197,130516.81449063377,1395,2,182.71794871794873,35,4,19,36.86835989375832,0.6145833333333333,45.80439814814816,1016.7824074074089,29.050925925925966,0
3599,4,2,0,39,0.05128205128205128,0.0,1.0,39,1500,1100,400,0.7333333333333333,19,11,8,349.61785796232704,0.4294871794871795,0.1108019096734667,0.19543573395927502,129516.42679419299,1256.2511413440698,130772.67793553705,1396,0,183.30769230769232,36,3,17,36.62670096249586,0.6154513888888888,45.52364864864866,1017.9054054054066,28.275150150150182,0
3600,4,0,0,39,0.0,0.0,1.0,39,1000,700,300,0.7,13,7,6,347.5018455234732,0.42954340980656774,0.11082844818051107,0.1945364820667321,129573.74762854083,1205.4232864621513,130779.17091500298,1397,1,184.30769230769232,36,3,17,36.622285514139286,0.6160300925925926,45.46734234234235,1018.1306306306317,28.281406406406436,0
3601,4,0,0,39,0.0,0.0,1.0,39,1200,800,400,0.6666666666666666,16,8,8,346.84522232520203,0.4295152946468736,0.10752505279868463,0.19473712203174767,129688.42734203818,1196.3622828910204,130884.7896249292,1398,2,185.30769230769232,36,3,17,36.52248019163443,0.6171875,45.35472972972974,1018.5810810810826,28.293918918918962,0
3602,4,0,1,38,0.0,0.02564102564102564,0.9743589743589743,39,900,700,200,0.7777777777777778,11,7,4,347.7393241964529,0.42917791273054434,0.1056013599660004,0.19595522316176217,129831.84831791262,1229.5278386494715,131061.3761565621,1399,3,186.30769230769232,36,3,17,36.35405156537753,0.6186342592592593,45.21396396396397,1019.1441441441451,28.309559559559588,0
3603,4,0,0,38,0.0,0.0,1.0,38,1300,900,400,0.6923076923076923,17,9,8,357.7263731883467,0.4293207681365576,0.10749898371553601,0.20136975636510254,129790.4074502743,1685.890346364876,131476.29779663918,1400,4,189.44736842105263,35,3,18,36.14171588671816,0.6202380952380953,45.254629629629626,1018.9814814814811,29.113756613756603,0
3604,4,0,1,37,0.0,0.02631578947368421,0.9736842105263158,38,600,300,300,0.5,9,3,6,348.9526360519458,0.4282983641536273,0.11898320567774556,0.18803275136899833,128059.03031409802,1337.3072396721188,129396.33755377015,1401,5,190.44736842105263,36,2,20,38.129543094496356,0.6006944444444444,46.95945945945947,1012.1621621621633,28.11561561561565,8
3605,4,1,0,38,0.02631578947368421,0.0,1.0,38,1000,700,300,0.7,13,7,6,344.26433650869666,0.4287132527264106,0.12841684450990432,0.18685891296550758,128349.69142500423,1237.2728055061723,129586.9642305104,1402,0,190.07894736842104,35,3,22,37.95128973919667,0.6056547619047619,46.6724537037037,1013.3101851851848,28.951719576719565,0
3606,4,2,1,39,0.05,0.025,0.975,40,1000,700,300,0.7,13,7,6,328.2355457057774,0.43155715811965817,0.13751214509338294,0.18087125876696067,128950.68825263514,465.23990554783313,129415.92815818297,1403,0,181.525,37,3,18,37.74548832271763,0.6078265765765766,46.08004385964911,1015.6798245614011,27.450806069227056,0
3607,4,1,0,40,0.025,0.0,1.0,40,950,700,250,0.7368421052631579,12,7,5,325.60761291118763,0.43238514957264956,0.14426852950695945,0.1801825053178384,129117.79495854476,408.3474001615716,129526.14235870633,1404,0,182.475,37,3,19,37.642387708131054,0.6095157657657657,45.91557017543859,1016.3377192982441,27.468587008060652,0
3608,4,0,1,39,0.0,0.025,0.975,40,900,700,200,0.7777777777777778,11,7,4,326.1710261365396,0.4319845085470086,0.14197486435610718,0.18127080227932849,129287.27027280648,433.9793738474755,129721.24964665395,1405,1,183.475,36,4,21,37.45593880338095,0.6131365740740741,45.74887387387387,1017.0045045045035,28.2501251251251,0
3609,4,0,0,39,0.0,0.0,1.0,39,1550,1300,250,0.8387096774193549,18,13,5,334.92340768610586,0.42903733693207374,0.14754098360655732,0.18573025335320392,129201.38888888872,854.5138888888653,130055.90277777758,1406,2,188.94871794871796,35,4,21,37.32069672131147,0.6142857142857143,45.83333333333332,1016.6666666666653,29.04761904761901,0
3610,4,1,1,39,0.025,0.025,0.975,40,750,500,250,0.6666666666666666,10,5,5,326.1598725959436,0.43155715811965817,0.1513690673747099,0.18232276366077518,129516.42679419291,448.6122524551671,129965.03904664807,1407,0,185.2,36,4,13,37.22365121510493,0.6154513888888888,45.52364864864865,1017.905405405406,28.275150150150168,0
3611,4,0,1,38,0.0,0.02564102564102564,0.9743589743589743,39,900,700,200,0.7777777777777778,11,7,4,333.39934070286193,0.4286999550157445,0.15486129342784638,0.18571484187440784,129377.95380015431,826.9048996913584,130204.85869984567,1408,4,190.94871794871796,35,4,21,37.18003412969283,0.6160714285714286,45.65972222222222,1017.3611111111111,29.067460317460316,0
3612,4,1,0,39,0.02564102564102564,0.0,1.0,39,1500,1200,300,0.8,18,12,6,330.1117409085033,0.4317082771030139,0.14677042139728713,0.1853420668229308,129688.42734203806,762.3345051132292,130450.7618471513,1409,0,187.71794871794873,36,3,15,36.948590381426214,0.6171875,45.35472972972973,1018.5810810810817,28.293918918918937,0
3613,4,0,0,39,0.0,0.0,1.0,39,1250,1000,250,0.8,15,10,5,330.2860722770625,0.43139901034637873,0.14204584098483286,0.1858475361917205,129774.47041636254,772.5400231312622,130547.01043949381,1410,1,188.71794871794873,36,3,15,36.85690207780724,0.6180555555555556,45.27027027027028,1018.9189189189208,28.303303303303355,0
3614,4,0,2,37,0.0,0.05128205128205128,0.9487179487179487,39,1050,900,150,0.8571428571428571,12,9,3,331.7268001490886,0.430668016194332,0.14088544100694822,0.18734390029630055,129917.93894823884,819.4524338527833,130737.39138209162,1411,2,189.71794871794873,36,3,16,36.6747671121912,0.6195023148148149,45.12950450450451,1019.4819819819824,28.318943943943953,0
3615,4,0,1,36,0.0,0.02702702702702703,0.972972972972973,37,1050,600,450,0.5714285714285714,15,6,9,377.2338796988408,0.42783408408408413,0.1747628095235152,0.20163774206179122,127734.70320001684,2260.6198114248755,129995.32301144171,1412,3,197.64864864864865,35,2,15,37.74664147774978,0.5994047619047619,47.280092592592574,1010.8796296296272,28.882275132275062,8
3616,4,2,0,38,0.05263157894736842,0.0,1.0,38,1400,1100,300,0.7857142857142857,17,11,6,363.44482652180625,0.43255097202465626,0.17569702466282422,0.19682036210497567,128258.57688347128,1723.6396451036812,129982.21652857497,1413,0,190.68421052631578,36,2,17,37.55859736890865,0.6027199074074074,46.762387387387385,1012.9504504504501,28.137512512512505,0
3617,4,1,3,36,0.02564102564102564,0.07692307692307693,0.9230769230769231,39,1100,800,300,0.7272727272727273,14,8,6,356.1487905475659,0.4341824111560954,0.18294903669457807,0.1946091235295647,128616.79945992985,1361.3435143505603,129978.14297428042,1414,0,186.76923076923077,37,2,14,37.3773781212842,0.6044481981981982,46.40899122807017,1014.3640350877183,27.415244191559953,0
3618,4,0,0,36,0.0,0.0,1.0,36,1000,400,600,0.4,16,4,12,380.28701776961765,0.42534722222222227,0.19580296261462538,0.205509617099642,128174.66695011326,2548.6323696144977,130723.29931972775,1415,1,203.13888888888889,34,2,16,37.21809115134416,0.6060049019607843,46.84523809523809,1012.6190476190466,29.782913165266077,0
3619,4,2,0,38,0.05263157894736842,0.0,1.0,38,1200,1000,200,0.8333333333333334,14,10,4,373.02503980678705,0.42853544333807486,0.1684661833678951,0.19853724389023297,127562.34039560266,1916.7894207833338,129479.12981638599,1416,0,193.39473684210526,37,1,13,38.02993505553745,0.59375,47.45065789473685,1010.197368421054,27.302631578947405,8
3620,4,0,0,38,0.0,0.0,1.0,38,1200,900,300,0.75,15,9,6,376.6432415239841,0.42816500711237554,0.17137803290725273,0.20134453962146548,127739.20323800134,2022.4215154503693,129761.62475345172,1417,1,194.39473684210526,38,0,14,37.75694884802368,0.59375,47.27564102564103,1010.8974358974361,26.60256410256411,0
3621,4,1,0,39,0.02564102564102564,0.0,1.0,39,1400,1100,300,0.7857142857142857,17,11,6,369.4640044546305,0.4326360773729195,0.16806233908424528,0.19979493638367346,128201.5477259353,1675.0975987982133,129876.64532473352,1418,0,190.3846153846154,36,3,16,37.46455576559546,0.6021412037037037,46.81869369369369,1012.7252252252246,28.131256256256236,0
3622,4,1,1,39,0.025,0.025,0.975,40,1350,900,450,0.6666666666666666,18,9,9,380.8188333217679,0.4341613247863248,0.08017340048071375,0.20399841488242096,127822.46823827585,1909.2071060792603,129731.67534435511,1419,0,186.6,35,5,16,37.56593128839036,0.600297619047619,47.19328703703703,1011.2268518518515,28.89219576719576,8
3623,4,0,0,39,0.0,0.0,1.0,39,1200,900,300,0.75,15,9,6,383.535274546913,0.43347953216374274,0.08782572202510397,0.2054535679777055,127822.46823827582,2004.8850898062306,129827.35332808206,1420,1,191.71794871794873,35,4,16,37.497257830681775,0.600297619047619,47.19328703703703,1011.2268518518513,28.89219576719575,0
3624,4,3,4,38,0.07142857142857142,0.09523809523809523,0.9047619047619048,42,1000,700,300,0.7,13,7,6,360.06671543932816,0.44043989547038326,0.08588822450263556,0.19667197731728503,128601.01814229778,861.799694033694,129462.81783633147,1421,0,178.95238095238096,36,6,15,37.29414159357539,0.6061921296296297,46.42454954954955,1014.3018018018024,28.175050050050068,0
3625,4,3,2,39,0.07317073170731707,0.04878048780487805,0.9512195121951219,41,950,600,350,0.631578947368421,13,6,7,368.71080474155616,0.43622967479674796,0.1032565442191602,0.20182772483119196,128686.69979100717,1289.635327895456,129976.33511890263,1422,0,184.17073170731706,36,5,17,36.98737513873473,0.6070601851851851,46.34009009009009,1014.6396396396392,28.184434434434422,0
3626,4,1,0,40,0.025,0.0,1.0,40,1250,1000,250,0.8,15,10,5,368.49579885528203,0.4325053418803419,0.12442305558637501,0.2021456259940754,128772.40997331799,1490.4184167275457,130262.82839004554,1423,0,189.3,36,4,18,36.905257221051066,0.6079282407407407,46.255630630630634,1014.9774774774781,28.193818818818837,0
3627,4,2,1,41,0.047619047619047616,0.023809523809523808,0.9761904761904762,42,1500,900,600,0.6,21,9,12,366.0465734659524,0.4360844947735192,0.15884386718168897,0.20457617949936366,129508.13140822152,1081.9148876207555,130590.04629584229,1424,0,181.23809523809524,37,5,12,36.21707691479046,0.6134572072072072,45.53179824561402,1017.872807017542,27.510075865338973,0
3628,4,0,1,40,0.0,0.024390243902439025,0.975609756097561,41,750,500,250,0.6666666666666666,10,5,5,373.03691576392424,0.43579776422764227,0.16386874517405792,0.20776914284903134,129373.18019032528,1452.1944241538592,130825.37461447914,1425,1,186.46341463414635,36,5,20,36.17675817282857,0.6140046296296297,45.6644144144144,1017.3423423423409,28.25950950950947,0
3629,4,1,1,40,0.024390243902439025,0.024390243902439025,0.975609756097561,41,1050,600,450,0.5714285714285714,15,6,9,374.2991118352911,0.43737296747967475,0.17530437222301698,0.20953797338098223,129573.74762854057,1499.8677309065663,131073.61535944714,1426,0,186.90243902439025,36,5,13,35.9402075729086,0.6160300925925926,45.467342342342334,1018.1306306306295,28.281406406406376,0
3630,4,0,0,40,0.0,0.0,1.0,40,1600,1200,400,0.75,20,12,8,372.83403600377494,0.43766025641025647,0.1618878536529944,0.2094009158180738,129701.9692670822,1671.4617358967448,131373.43100297893,1427,1,188.9,35,5,13,35.84689713290155,0.6193452380952381,45.34143518518517,1018.634259259257,29.103835978835914,0
3631,4,0,2,38,0.0,0.05,0.95,40,1650,1200,450,0.7272727272727273,21,12,9,372.96361837550194,0.436738782051282,0.16182865902123367,0.21042220288488397,129878.87577428379,1688.0190918638157,131566.8948661476,1428,2,189.9,35,5,13,35.6635110328905,0.6211309523809524,45.167824074074055,1019.328703703701,29.123677248677172,0
3632,4,1,1,38,0.02564102564102564,0.02564102564102564,0.9743589743589743,39,850,600,250,0.7058823529411765,11,6,5,386.04735039165223,0.43612235717498876,0.1869881451803681,0.2179118959395985,129898.2585742627,2229.3757086167398,132127.63428287944,1429,0,195.3846153846154,34,5,14,35.31034684106037,0.623468137254902,45.148809523809504,1019.4047619047592,29.9824929971988,0
3633,4,0,1,37,0.0,0.02631578947368421,0.9736842105263158,38,1350,900,450,0.6666666666666666,18,9,9,392.76785312727446,0.4349958511142722,0.18651398847003264,0.22146781250573164,129856.32216274986,2600.6777741733904,132456.99993692324,1430,1,200.55263157894737,33,5,15,35.18183138952347,0.6253156565656566,45.189950980392155,1019.240196078431,30.886066547831245,0
3634,4,0,0,37,0.0,0.0,1.0,37,950,700,250,0.7368421052631579,12,7,5,400.8090256065056,0.43262012012012013,0.1879111695018325,0.224923957583772,129669.02941476816,2994.503466214891,132663.53288098305,1431,2,206.75675675675674,33,4,15,35.16812557654513,0.6234217171717171,45.37377450980391,1018.5049019607827,30.863784907902506,0
3635,4,1,0,38,0.02631578947368421,0.0,1.0,38,700,400,300,0.5714285714285714,10,4,6,390.2345251826223,0.4349810336652442,0.17853457172342635,0.22113289760348573,130049.99999999988,2549.9999999999854,132599.99999999988,1432,0,202.28947368421052,34,4,17,35.049019607843135,0.625,44.99999999999999,1019.9999999999991,29.99999999999997,0
3636,4,1,0,39,0.02564102564102564,0.0,1.0,39,800,600,200,0.75,10,6,4,381.962920413424,0.43668466036887094,0.18939278489447475,0.21865402402051964,130444.94224773237,2165.199829931964,132610.14207766432,1433,0,198.07692307692307,34,5,19,34.85826244027502,0.6289828431372548,44.613095238095234,1021.5476190476186,30.0455182072829,0
3637,4,0,1,38,0.0,0.02564102564102564,0.9743589743589743,39,1300,1100,200,0.8461538461538461,15,11,4,382.85053027274125,0.43612235717498876,0.1997300944669369,0.22036999691570375,130657.8514739228,2204.485544217674,132862.33701814048,1434,1,199.07692307692307,34,5,15,34.619284660766965,0.6311274509803921,44.4047619047619,1022.3809523809515,30.070028011204457,0
3638,4,1,0,39,0.02564102564102564,0.0,1.0,39,1000,800,200,0.8,12,8,4,383.70232919265595,0.43558816914080073,0.2055339742097948,0.2219069863446625,130840.48327664396,2240.7596371882055,133081.24291383216,1435,0,199.5897435897436,34,5,17,34.41208983011402,0.6329656862745099,44.226190476190474,1023.095238095238,30.09103641456582,0
3639,4,0,0,39,0.0,0.0,1.0,39,1750,1100,650,0.6285714285714286,24,11,13,383.1456218636208,0.43482905982905984,0.20444390318867334,0.22217421207475402,130942.84664619765,2234.035681370022,133176.88232756767,1436,1,200.5897435897436,35,4,18,34.3224631535301,0.6318452380952381,44.126157407407405,1023.4953703703699,29.242724867724853,0
3640,4,0,0,39,0.0,0.0,1.0,39,1400,1100,300,0.7857142857142857,17,11,6,383.0577420281527,0.43395748987854255,0.20457192524989165,0.22332417766463467,131150.23389274697,2247.622492283958,133397.85638503093,1437,2,201.5897435897436,35,4,19,34.114406779661024,0.6339285714285714,43.923611111111114,1024.3055555555559,29.265873015873026,0
3641,4,0,1,38,0.0,0.02564102564102564,0.9743589743589743,39,1350,1100,250,0.8148148148148148,16,11,5,385.8757107179761,0.4330859199280252,0.20597373640851924,0.22583803161980712,131298.46810967525,2332.977939600505,133631.44604927575,1438,3,202.5897435897436,35,4,19,33.89198663655187,0.6354166666666667,43.7789351851852,1024.8842592592607,29.282407407407447,0
3642,4,2,1,39,0.05,0.025,0.975,40,1250,800,450,0.64,17,8,9,375.41043693562904,0.43612446581196584,0.19973785094148155,0.22211575484870555,131713.96933138304,1889.3631044238887,133603.33243580692,1439,0,196.8,35,5,16,33.73982880444996,0.6395833333333334,43.3738425925926,1026.504629629631,29.32870370370374,0
3643,4,1,0,40,0.025,0.0,1.0,40,900,700,200,0.7777777777777778,11,7,4,375.4062384897399,0.4362847222222222,0.20818304779080243,0.2226339671043433,131803.0907064473,1895.9405006858874,133699.0312071332,1440,0,197.775,35,5,17,33.64987225728885,0.6404761904761904,43.287037037037045,1026.8518518518529,29.338624338624367,0
3644,4,0,0,40,0.0,0.0,1.0,40,1700,1400,300,0.8235294117647058,20,14,6,384.68090971701645,0.4357238247863248,0.21714913268754232,0.22920786016561562,131981.42387902958,2154.146840706457,134135.57071973605,1441,1,198.775,35,5,17,33.23148982503567,0.6422619047619047,43.11342592592593,1027.546296296297,29.35846560846563,0
3645,4,0,0,40,0.0,0.0,1.0,40,950,600,350,0.631578947368421,13,6,7,382.995932408301,0.4350293803418803,0.21872888988966466,0.2289212565040733,132100.37964034636,2118.781614368995,134219.16125471535,1442,2,199.775,35,5,17,33.154601065826,0.6434523809523809,42.99768518518518,1028.0092592592591,29.371693121693117,0
3646,4,0,0,40,0.0,0.0,1.0,40,1300,800,500,0.6153846153846154,18,8,10,382.80520169730374,0.43413461538461534,0.22233288318703592,0.22952813915534695,132219.3889853395,2122.8539737654296,134342.24295910491,1443,3,200.775,35,5,17,33.039331532748136,0.6446428571428571,42.88194444444444,1028.4722222222222,29.384920634920633,0
3647,4,0,1,39,0.0,0.025,0.975,40,1500,1000,500,0.6666666666666666,20,10,10,385.00563647515787,0.4327857905982906,0.23322121681152552,0.2321365643040094,132429.5361910083,2197.464700409034,134627.00089141732,1444,4,201.775,33,7,18,32.770642338373605,0.651199494949495,42.677696078431374,1029.2892156862747,31.190582293523477,0
3648,4,0,1,38,0.0,0.02564102564102564,0.9743589743589743,39,1000,700,300,0.7,13,7,6,389.2268734310495,0.43033063427800267,0.2307217693612884,0.23429506225194935,132367.37528344675,2504.187925170073,134871.5632086168,1445,5,207.3846153846154,34,5,18,32.72477055375598,0.6482843137254901,42.73809523809524,1029.0476190476193,30.266106442577037,0
3649,4,0,0,38,0.0,0.0,1.0,38,1150,900,250,0.782608695652174,14,9,5,393.996443215617,0.429691204362257,0.22680809485334175,0.23835508368184535,132555.70461180806,2845.2952289984755,135400.99984080653,1446,6,205.1315789473684,33,5,18,32.41191142052441,0.6524621212121212,42.555147058823536,1029.7794117647068,31.20543672014263,0
3650,4,0,0,38,0.0,0.0,1.0,38,950,700,250,0.7368421052631579,12,7,5,394.4986147094536,0.42964675201517305,0.22709853157581628,0.2390599031458512,132618.81134960108,2863.5874723663946,135482.39882196748,1447,7,206.1315789473684,33,5,18,32.33529149315883,0.6530934343434344,42.493872549019606,1030.0245098039213,31.212863933452162,0
3651,4,0,0,38,0.0,0.0,1.0,38,1400,1100,300,0.7857142857142857,17,11,6,396.2691232131956,0.4292022285443338,0.22419600207846835,0.24053678836486192,132681.93310565653,2915.5506596020846,135597.4837652586,1448,8,207.1315789473684,33,5,16,32.225997184885614,0.6537247474747474,42.43259803921569,1030.2696078431377,31.22029114676175,0
3652,4,0,0,38,0.0,0.0,1.0,38,950,500,450,0.5263157894736842,14,5,9,395.2516750768083,0.4283131816026553,0.22431316102384358,0.2405258022717769,132776.64389898113,2896.038182429825,135672.68208141095,1449,9,208.1315789473684,33,5,16,32.15665873959572,0.6546717171717171,42.3406862745098,1030.6372549019604,31.231431966726074,0
3653,4,0,0,38,0.0,0.0,1.0,38,850,500,350,0.5882352941176471,12,5,7,397.08644010590274,0.4274982219061167,0.22676997378743424,0.24225440323502226,132871.3884833957,2952.2853289600025,135823.67381235573,1450,10,209.1315789473684,33,5,16,32.013822853520345,0.6556186868686869,42.248774509803916,1031.0049019607836,31.242572786690413,0
3654,4,0,1,37,0.0,0.02631578947368421,0.9736842105263158,38,1100,700,400,0.6363636363636364,15,7,8,394.5030394259188,0.4270092460881934,0.22207425191631924,0.24169771367448195,133029.3712153978,2896.0982554786433,135925.46947087644,1451,11,210.1315789473684,33,5,17,31.921180803041086,0.6571969696969697,42.09558823529411,1031.6176470588225,31.261140819964318,0
3655,4,0,0,37,0.0,0.0,1.0,37,1150,1000,150,0.8695652173913043,13,10,3,400.4616410530729,0.4271771771771771,0.2134672695509201,0.2449335153417632,132966.16685890043,3249.5698769703945,136215.73673587083,1452,12,215.0810810810811,33,4,17,31.831234157160964,0.6565656565656566,42.15686274509804,1031.3725490196077,31.25371360665478,0
3656,4,0,1,36,0.0,0.02702702702702703,0.972972972972973,37,900,500,400,0.5555555555555556,13,5,8,402.2071642565772,0.4260197697697698,0.2179752198754572,0.24683559205833666,133092.5905901576,3306.1586889657774,136398.74927912338,1453,13,216.0810810810811,33,4,17,31.658749010292954,0.6578282828282829,42.03431372549019,1031.8627450980389,31.268568033273905,0
3657,4,1,0,37,0.02702702702702703,0.0,1.0,37,800,600,200,0.75,10,6,4,426.8111740378367,0.4279904904904905,0.25271756031152615,0.2394918940691504,129665.12891981324,3677.531156792892,133342.66007660615,1454,0,210.8918918918919,31,6,18,34.51003579647148,0.6283602150537635,45.37760416666666,1018.4895833333323,32.85450268817201,8
3658,4,2,1,38,0.05128205128205128,0.02564102564102564,0.9743589743589743,39,600,400,200,0.6666666666666666,8,4,4,407.6176313597231,0.4303025191183086,0.2447336899120256,0.23168819224112025,130168.77710796318,2811.8177203479286,132980.59482831112,1455,0,201.02564102564102,33,6,20,34.48458328329529,0.6284722222222222,44.88357843137254,1020.4656862745089,30.923202614379058,0
3659,4,0,0,38,0.0,0.0,1.0,38,1150,800,350,0.6956521739130435,15,8,7,407.3254303066581,0.42809091986723563,0.24223098256985653,0.23226749896541873,130293.86421388395,3014.4008614475015,133308.26507533144,1456,1,205.18421052631578,33,5,22,34.36449705917655,0.6297348484848485,44.761029411764696,1020.9558823529401,30.938057040998185,0
3660,4,0,1,37,0.0,0.02631578947368421,0.9736842105263158,38,1450,1100,350,0.7586206896551724,18,11,7,404.5428226892116,0.42809091986723563,0.24101600732485084,0.23142514942447343,130419.01139285362,2952.0150002402834,133371.0263930939,1457,2,206.18421052631578,33,5,22,34.30801339732054,0.6309974747474747,44.63848039215686,1021.4460784313718,30.952911467617326,0
3661,4,1,1,37,0.02631578947368421,0.02631578947368421,0.9736842105263158,38,700,500,200,0.7142857142857143,9,5,4,401.72363243470636,0.4299134660976766,0.24049882732706274,0.23224299747679536,130826.15460399826,2911.191608996516,133737.34621299477,1458,0,202.8421052631579,33,5,17,33.96572033221529,0.6351010101010102,44.24019607843136,1023.0392156862729,31.001188354129482,0
3662,4,0,2,35,0.0,0.05405405405405406,0.9459459459459459,37,950,600,350,0.631578947368421,13,6,7,403.90903686088006,0.4293355855855856,0.2264290152221189,0.23426724137931026,130951.55709342548,3178.503460207599,134130.06055363308,1459,1,204.97297297297297,33,4,17,33.78232758620689,0.6363636363636364,44.11764705882352,1023.529411764705,31.016042780748634,0
3663,4,0,0,35,0.0,0.0,1.0,35,500,300,200,0.6,7,3,4,394.4337255151477,0.4273459383753502,0.22247410592143813,0.2167902656778746,128848.62075617298,3164.4483024691517,132013.06905864214,1460,2,217.45714285714286,32,3,16,36.169060647514804,0.6175130208333333,46.180555555555564,1015.277777777779,31.727430555555593,8
3664,4,0,0,35,0.0,0.0,1.0,35,1100,800,300,0.7272727272727273,14,8,6,394.209582255328,0.42696078431372547,0.22405342047311194,0.2171932794288945,128944.78242016125,3166.2537623711896,132111.03618253244,1461,3,218.45714285714286,32,3,17,36.07631982429969,0.6184895833333333,46.08585858585859,1015.656565656566,31.73926767676769,0
3665,4,1,0,36,0.027777777777777776,0.0,1.0,36,900,500,400,0.5555555555555556,13,5,8,385.172003552628,0.42948082010582006,0.22182904284965388,0.21394312528364579,129265.58036169775,2758.1515916743188,132023.73195337207,1462,0,213.36111111111111,32,4,18,35.97798195513617,0.6217447916666667,45.77020202020202,1016.9191919191917,31.77872474747474,0
3666,4,0,0,36,0.0,0.0,1.0,36,1050,700,350,0.6666666666666666,14,7,7,382.0809924769176,0.4293154761904762,0.2219533382973442,0.21291899290311223,129394.01113406803,2687.7984389348094,132081.80957300283,1463,1,214.36111111111111,32,4,21,35.92547778605113,0.623046875,45.6439393939394,1017.4242424242431,31.794507575757596,0
3667,4,0,0,36,0.0,0.0,1.0,36,1050,700,350,0.6666666666666666,14,7,7,382.6456537840217,0.42746362433862434,0.2312633464214373,0.21445706725282382,129618.9184298796,2719.6231570758105,132338.54158695543,1464,2,215.36111111111111,32,4,17,35.68170076462081,0.6253255208333333,45.4229797979798,1018.3080808080807,31.822127525252522,0
3668,4,0,0,36,0.0,0.0,1.0,36,1150,1000,150,0.8695652173913043,13,10,3,382.682375809585,0.4273809523809524,0.23135294441690135,0.21500566908298965,129715.36705438221,2727.9569686766695,132443.32402305887,1465,3,216.36111111111111,32,4,19,35.5824450504049,0.6263020833333333,45.32828282828283,1018.6868686868687,31.833964646464647,0
3669,4,0,0,36,0.0,0.0,1.0,36,1350,1200,150,0.8888888888888888,15,12,3,379.615824684165,0.426901455026455,0.2223564476383213,0.21380874536119301,129811.85154894911,2655.7266159065457,132467.57816485566,1466,4,217.36111111111111,32,4,19,35.562249617973826,0.6272786458333333,45.23358585858586,1019.0656565656567,31.84580176767677,0
3670,4,1,0,37,0.02702702702702703,0.0,1.0,37,1000,500,500,0.5,15,5,10,368.9738954544744,0.4268330830830831,0.21461951865410134,0.20989170774213534,130200.0432525951,2208.0834294502083,132408.12668204532,1467,0,212.45945945945945,33,4,21,35.43868075568364,0.6287878787878788,44.85294117647059,1020.5882352941172,30.926916221033856,0
3671,4,1,0,38,0.02631578947368421,0.0,1.0,38,1350,1100,250,0.8148148148148148,16,11,5,360.33176397701357,0.4296022996680891,0.20915321147032473,0.2070822306229342,130597.00255102031,1811.6496598639333,132408.65221088423,1468,0,207.8421052631579,34,4,19,35.25652224551595,0.6305147058823529,44.46428571428571,1022.1428571428564,30.063025210084014,0
3672,4,1,0,39,0.02564102564102564,0.0,1.0,39,1250,800,450,0.64,17,8,9,352.9104201454795,0.43120220422852,0.2105556135406883,0.20479919657261286,130972.46334876529,1444.30941358023,132416.77276234553,1469,0,203.48717948717947,35,4,21,35.06614654002712,0.6321428571428571,44.097222222222214,1023.6111111111101,29.246031746031715,0
3673,4,0,0,39,0.0,0.0,1.0,39,1250,1000,250,0.8,15,10,5,357.2444699798908,0.4314271255060729,0.21774880486744919,0.2082749380317545,131150.23389274688,1570.5391589506107,132720.7730516975,1470,1,204.48717948717947,35,4,21,34.77542372881355,0.6339285714285714,43.92361111111111,1024.3055555555552,29.265873015873005,0
3674,4,1,1,39,0.025,0.025,0.975,40,1300,800,500,0.6153846153846154,18,8,10,347.2652022369291,0.43273237179487184,0.21530416163390775,0.20416683000462968,131472.44953991158,1131.1613556123743,132603.61089552395,1471,0,200.35,36,4,22,34.70567512170124,0.6351273148148149,43.609234234234236,1025.5630630630635,28.487862862862876,0
3675,4,0,0,39,0.0,0.0,1.0,39,1150,1000,150,0.8695652173913043,13,10,3,350.74651537745297,0.43176450742240213,0.21472731638589715,0.20655590470367866,131535.81700370798,1427.1458922753754,132962.96289598336,1472,1,204.23076923076923,35,4,22,34.55247000639361,0.6377976190476191,43.5474537037037,1025.810185185185,29.30886243386243,0
3676,4,0,0,39,0.0,0.0,1.0,39,1000,600,400,0.6,14,6,8,354.5968187781166,0.4312303193882141,0.2160416178686171,0.20947434990709926,131654.57182623885,1536.8584694358692,133191.4302956747,1473,2,205.23076923076923,35,4,18,34.33388312469457,0.6389880952380953,43.43171296296296,1026.273148148148,29.322089947089943,0
3677,4,0,0,39,0.0,0.0,1.0,39,1650,1400,250,0.8484848484848485,19,14,5,354.33102877432856,0.43052744039586144,0.21664238977133476,0.21013535342819803,131803.09070644723,1540.3849451303183,133343.47565157755,1474,3,206.23076923076923,35,4,19,34.19090021039977,0.6404761904761904,43.28703703703704,1026.8518518518522,29.33862433862435,0
3678,4,1,1,39,0.025,0.025,0.975,40,1100,800,300,0.7272727272727273,14,8,6,346.65129488026565,0.4333733974358975,0.20650114967699573,0.2078769715129,132224.21481870385,1167.1390562860222,133391.35387498987,1475,0,202.05,36,4,20,33.96405890725941,0.642650462962963,42.877252252252255,1028.4909909909911,28.569194194194196,0
3679,4,0,0,39,0.0,0.0,1.0,39,800,600,200,0.75,10,6,4,351.2919213936968,0.4314833558254611,0.20897176197648903,0.21063292938626108,132219.38898533946,1489.5206404320961,133708.90962577157,1476,1,207.12820512820514,35,4,20,33.849594868332204,0.6446428571428571,42.88194444444444,1028.472222222222,29.384920634920626,0
3680,4,0,0,39,0.0,0.0,1.0,39,1200,900,300,0.75,15,9,6,357.4882394400825,0.43137089518668464,0.21737776393646824,0.2153648661992693,132398.0034722223,1666.2663966049417,134064.26986882725,1477,2,208.12820512820514,34,5,21,33.510458839406205,0.6485906862745099,42.708333333333336,1029.1666666666672,30.26960784313727,0
3681,4,0,0,39,0.0,0.0,1.0,39,850,500,350,0.5882352941176471,12,5,7,358.28735085288656,0.43100539811066124,0.2167390118361443,0.2163735342301511,132489.9092970522,1693.891723356011,134183.8010204082,1478,3,209.12820512820514,34,5,21,33.397413660191184,0.6495098039215687,42.61904761904762,1029.5238095238096,30.28011204481793,0
3682,4,0,0,39,0.0,0.0,1.0,39,950,300,650,0.3157894736842105,16,3,13,356.67827428202474,0.43069613135402607,0.2134825131703384,0.2155772462798905,132520.55165816328,1653.440334467122,134173.9919926304,1479,4,210.12820512820514,34,5,21,33.408004778972526,0.6498161764705883,42.589285714285715,1029.6428571428573,30.28361344537816,0
3683,4,0,0,39,0.0,0.0,1.0,39,1400,1200,200,0.8571428571428571,16,12,4,358.0162545427886,0.4305555555555556,0.2136752136752138,0.2169157306935719,132612.5,1695.4861111111109,134307.98611111112,1480,5,211.12820512820514,34,5,22,33.28108144552319,0.6507352941176471,42.5,1030.0,30.294117647058822,0
3684,4,0,0,39,0.0,0.0,1.0,39,1650,1200,450,0.7272727272727273,21,12,9,362.06124563712945,0.42929037336932074,0.21281636666252068,0.22044488500184695,132796.4923469386,1816.0926870748112,134612.58503401343,1481,6,212.12820512820514,34,5,15,32.99188611688611,0.6525735294117647,42.32142857142856,1030.7142857142844,30.31512605042013,0
3685,4,1,1,39,0.025,0.025,0.975,40,750,600,150,0.8,9,6,3,350.6132194492395,0.4313701923076923,0.20510541661993997,0.21546644230385023,133143.52823055978,1336.3762163494491,134479.90444690923,1482,0,207.8,35,5,17,32.93860509887482,0.6538690476190476,41.9849537037037,1032.0601851851848,29.48743386243385,0
3686,4,0,0,39,0.0,0.0,1.0,39,1250,900,350,0.72,16,9,7,360.34051907467295,0.42808142150247414,0.20923583185194095,0.220913025242891,133053.95474322708,1788.9462234224975,134842.90096664958,1483,1,213.76923076923077,35,4,17,32.77755964400566,0.6529761904761905,42.07175925925926,1031.7129629629633,29.477513227513235,0
3687,4,0,2,37,0.0,0.05128205128205128,0.9487179487179487,39,900,700,200,0.7777777777777778,11,7,4,360.16730398931986,0.4277440395861449,0.2084411774855921,0.2211605841851775,133113.66705246916,1788.6381172839585,134902.30516975312,1484,2,214.76923076923077,35,4,19,32.7220726783311,0.6535714285714286,42.01388888888889,1031.9444444444448,29.484126984126995,0
3688,4,0,0,37,0.0,0.0,1.0,37,1100,700,400,0.6363636363636364,15,7,8,376.9901431485346,0.42370495495495497,0.22138258086902796,0.2298000785627159,132839.80320069235,2615.8592848904586,135455.6624855828,1485,3,226.78378378378378,33,4,19,32.56359961959106,0.6553030303030303,42.2794117647059,1030.8823529411789,31.23885918003572,0
3689,4,0,0,37,0.0,0.0,1.0,37,1400,900,500,0.6428571428571429,19,9,10,374.43283014055567,0.42336086086086083,0.21418879930132095,0.22929049280338648,133011.31129535165,2560.760345805009,135572.07164115665,1486,4,227.78378378378378,34,3,20,32.45696287747644,0.654718137254902,42.11309523809525,1031.5476190476204,30.339635854341775,0
3690,4,0,0,37,0.0,0.0,1.0,37,750,500,250,0.6666666666666666,10,5,5,377.2304592586404,0.4232044544544544,0.2165655154346593,0.2311937171099987,133042.01388888902,2637.5000000000196,135679.51388888905,1487,5,228.78378378378378,34,3,20,32.353931071620906,0.6550245098039216,42.08333333333334,1031.6666666666679,30.343137254901997,0
3691,4,1,0,38,0.02631578947368421,0.0,1.0,38,850,400,450,0.47058823529411764,13,4,9,378.7160279492462,0.4242532005689901,0.20967348927875284,0.22722961676954723,132244.89795918335,2467.520549886586,134712.41850906995,1488,0,223.73684210526315,34,4,19,33.11873070987656,0.6470588235294117,42.85714285714284,1028.571428571426,30.252100840336055,7
3692,4,0,0,38,0.0,0.0,1.0,38,1150,700,450,0.6086956521739131,16,7,9,380.373672274114,0.4229344476055002,0.217857229839987,0.22896587904856786,132367.37528344637,2469.81292517003,134837.1882086164,1489,1,224.73684210526315,34,4,20,32.952529693043346,0.6482843137254901,42.73809523809522,1029.0476190476163,30.26610644257695,0
3693,4,0,1,37,0.0,0.02631578947368421,0.9736842105263158,38,1150,800,350,0.6956521739130435,15,8,7,380.93219943222505,0.42203058321479375,0.22630483850361105,0.23061192843164252,132581.84700963684,2500.9389172335177,135082.78592687036,1490,2,225.73684210526315,34,4,20,32.72189149616612,0.6504289215686274,42.529761904761884,1029.8809523809496,30.290616246498516,0
3694,4,0,0,37,0.0,0.0,1.0,37,900,500,400,0.5555555555555556,13,5,8,391.4885572668561,0.4189189189189189,0.2369666416803664,0.2364410761753311,132492.6128922769,2973.8683739427015,135466.4812662196,1491,3,232.6216216216216,33,4,20,32.54014899019957,0.6518308080808081,42.616421568627445,1029.5343137254895,31.198009506833014,0
3695,4,0,1,36,0.0,0.02702702702702703,0.972972972972973,37,850,500,350,0.5882352941176471,12,5,7,393.07527067183054,0.41869994994994997,0.2379742275005312,0.2375984477830732,132524.1568747596,3018.3937668204394,135542.55064158002,1492,4,233.6216216216216,33,4,20,32.467468063159565,0.6521464646464646,42.58578431372548,1029.656862745097,31.201723113487787,0
3696,4,0,0,36,0.0,0.0,1.0,36,1100,800,300,0.7272727272727273,14,8,6,435.38351081154747,0.41592261904761907,0.276337774260212,0.24503655497122037,129782.79867976051,4176.554910542269,133959.35359030278,1493,5,240.27777777777777,30,6,15,34.171228509871156,0.6322916666666667,45.26209677419354,1018.9516129032246,33.96505376344082,6
3697,4,0,0,36,0.0,0.0,1.0,36,1050,800,250,0.7619047619047619,13,8,5,435.46318590005734,0.41564153439153434,0.27364428549126507,0.24579965987105604,129897.31046888555,4113.099331325946,134010.4098002115,1494,6,241.27777777777777,31,5,15,34.05194895048326,0.6307123655913979,45.14973958333333,1019.401041666666,32.88390456989245,0
3698,4,0,0,36,0.0,0.0,1.0,36,1050,700,350,0.6666666666666666,14,7,7,437.08303362154606,0.415327380952381,0.2771888746984532,0.24692353198100314,129930.49621582023,4158.083089192694,134088.5793050129,1495,7,242.27777777777777,31,5,15,33.97669220945082,0.6310483870967742,45.11718749999999,1019.5312499999993,32.88810483870966,0
3699,4,0,0,36,0.0,0.0,1.0,36,1200,900,300,0.75,15,9,6,373.67152936139365,0.41504629629629625,0.1363898720046688,0.20341758394508694,128466.99948827598,2400.8920342507,130867.89152252668,1496,8,243.27777777777777,35,1,18,37.08625889561214,0.606845238095238,46.55671296296297,1013.7731481481488,28.96494708994711,8
3700,4,1,1,36,0.02702702702702703,0.02702702702702703,0.972972972972973,37,700,500,200,0.7142857142857143,9,5,4,364.1498137985365,0.41701076076076077,0.13835727709521684,0.20033794210014677,128886.73460200075,1986.8160812840035,130873.55068328476,1497,0,237.67567567567568,36,1,20,36.898820745998314,0.6090856481481481,46.143018018018026,1015.4279279279289,28.206331331331356,0
3701,4,1,2,35,0.02702702702702703,0.05405405405405406,0.9459459459459459,37,950,700,250,0.7368421052631579,12,7,5,344.39207706668526,0.419044044044044,0.025979052416593484,0.19812365498170884,130636.47050766963,1605.3376856586053,132241.80819332824,1498,0,227.86486486486487,36,1,14,35.623898435778806,0.6267361111111112,44.42567567567566,1022.2972972972957,28.397147147147102,8
3702,4,0,1,34,0.0,0.02857142857142857,0.9714285714285714,35,850,500,350,0.5882352941176471,12,5,7,357.6931572322358,0.4141106442577031,0.04847354928921033,0.20492140690033672,130475.34722222204,2334.0277777777533,132809.3749999998,1499,11,241.85714285714286,34,1,20,35.447253942359964,0.6292892156862745,44.58333333333332,1021.6666666666652,30.049019607843093,0
3703,4,0,0,34,0.0,0.0,1.0,34,850,400,450,0.47058823529411764,13,4,9,357.3702240877301,0.4131944444444444,0.07519995065485174,0.20489703629559,130505.75573979568,2527.774234693852,133033.52997448953,1500,12,249.02941176470588,34,0,14,35.424676686473276,0.6295955882352942,44.553571428571416,1021.7857142857124,30.052521008403307,0
3704,4,0,0,34,0.0,0.0,1.0,34,800,700,100,0.875,9,7,2,357.3702240877301,0.4131944444444444,0.07519995065485174,0.20489703629559,130505.75573979568,2527.774234693852,133033.52997448953,1501,13,250.02941176470588,34,0,14,35.424676686473276,0.6295955882352942,44.553571428571416,1021.7857142857124,30.052521008403307,0
3705,4,0,0,34,0.0,0.0,1.0,34,1000,900,100,0.9,11,9,2,357.3406922650315,0.4129159239453357,0.07337526205450762,0.20536326531375898,130597.00255102031,2533.5246598639324,133130.52721088423,1502,14,251.02941176470588,34,0,14,35.33295481015606,0.6305147058823529,44.46428571428571,1022.1428571428564,30.063025210084014,0
3706,4,0,0,34,0.0,0.0,1.0,34,1600,1400,200,0.875,18,14,4,357.2621262053941,0.4124517231134878,0.07151854108337119,0.2064528211488197,130810.03578514728,2546.69430272107,133356.73008786835,1503,15,252.02941176470588,34,0,18,35.11918615927691,0.6326593137254901,44.25595238095237,1022.9761904761896,30.087535014005574,0
3707,4,2,0,36,0.05555555555555555,0.0,1.0,36,1050,800,250,0.7619047619047619,13,8,5,341.3141152356078,0.4160548941798942,0.06919580206235909,0.20036524946616444,131414.71021274664,1770.739109041487,133185.44932178812,1504,0,238.97222222222223,36,0,21,34.91648361706022,0.6345486111111112,43.66554054054055,1025.3378378378386,28.48160660660663,0
3708,4,0,0,36,0.0,0.0,1.0,36,750,500,250,0.6666666666666666,10,5,5,340.5707827584475,0.41562499999999997,0.07118074610665959,0.20083756645386502,131587.9662390431,1763.0033327246142,133350.96957176772,1505,1,239.97222222222223,36,0,14,34.76086598617055,0.6362847222222222,43.49662162162162,1026.0135135135135,28.500375375375377,0
3709,4,0,2,34,0.0,0.05555555555555555,0.9444444444444444,36,950,500,450,0.5263157894736842,14,5,9,338.68485485487565,0.4149636243386243,0.06776680685073444,0.2003317619728874,131703.53366457685,1721.198436612296,133424.73210118915,1506,2,240.97222222222223,36,0,15,34.69281404278661,0.6374421296296297,43.38400900900901,1026.4639639639647,28.51288788788791,0
3710,4,0,0,34,0.0,0.0,1.0,34,1000,600,400,0.6,14,6,8,355.1236389728323,0.40988933452168747,0.07445994768509956,0.20849897085705568,131419.65880102053,2534.0454931972918,133953.7042942178,1507,19,256.02941176470586,34,0,22,34.55750029025891,0.6387867647058824,43.66071428571429,1025.3571428571438,30.157563025210113,0
3711,4,0,2,32,0.0,0.058823529411764705,0.9411764705882353,34,1450,1200,250,0.8275862068965517,17,12,5,358.4915563546709,0.4089795008912656,0.07642964378326766,0.21165734354638793,131633.36167800458,2637.8897392290332,134271.2514172336,1508,20,257.02941176470586,34,0,17,34.25536542923435,0.6409313725490196,43.452380952380956,1026.1904761904766,30.182072829131666,0
3712,4,0,0,32,0.0,0.0,1.0,32,950,800,150,0.8421052631578947,11,8,3,379.1072057380287,0.4067540322580645,0.09848018705390094,0.22355770347077064,131587.09092184462,3577.1228701152804,135164.2137919599,1509,21,269.25,32,0,18,33.77327918615145,0.6451822916666667,43.49747474747474,1026.0101010101002,32.06281565656563,0
3713,4,0,0,32,0.0,0.0,1.0,32,1250,900,350,0.72,16,9,7,379.3711959259818,0.4063760080645162,0.09234317343173415,0.22447509627934698,131716.66953627163,3593.9020890725233,135310.57162534416,1510,22,270.25,32,0,18,33.63545510455105,0.646484375,43.37121212121211,1026.5151515151501,32.07859848484844,0
3714,4,0,0,32,0.0,0.0,1.0,32,750,500,250,0.6666666666666666,10,5,5,377.16569322708665,0.40616599462365593,0.08950854438160816,0.22393180647511832,131846.31191970196,3545.5811269258097,135391.89304662775,1511,23,271.25,32,0,20,33.561029833620196,0.6477864583333333,43.24494949494949,1027.0202020202012,32.09438131313129,0
3715,4,0,0,32,0.0,0.0,1.0,32,850,400,450,0.47058823529411764,13,4,9,375.49883708276064,0.4057669690860215,0.09439504238850005,0.2238963395616545,132008.45457415035,3513.8042355371595,135522.2588096875,1512,24,272.25,32,0,20,33.44007249047794,0.6494140625,43.0871212121212,1027.6515151515132,32.11410984848479,0
3716,4,0,0,32,0.0,0.0,1.0,32,650,400,250,0.6153846153846154,9,4,5,375.8786699493289,0.4057249663978495,0.09361181058837964,0.22450684167699825,132073.33953486886,3528.7102400265226,135602.0497748954,1513,25,273.25,32,0,20,33.36480981042459,0.6500651041666667,43.023989898989896,1027.9040404040402,32.122001262626256,0
3717,4,0,0,32,0.0,0.0,1.0,32,650,400,250,0.6153846153846154,9,4,5,374.2362427194585,0.40549395161290325,0.09066490667976423,0.22410146769906392,132170.6968676665,3492.612998673601,135663.3098663401,1514,26,274.25,32,0,20,33.308775376555346,0.6510416666666667,42.92929292929293,1028.282828282828,32.13383838383837,0
3718,4,0,0,32,0.0,0.0,1.0,32,850,600,250,0.7058823529411765,11,6,5,372.97722910158444,0.4044438844086022,0.09844325153374256,0.22450254188906305,132365.5191434548,3473.8649117437003,135839.3840551985,1515,27,275.25,32,0,21,33.14468302658486,0.6529947916666667,42.73989898989899,1029.0404040404042,32.15751262626263,0
3719,4,0,1,31,0.0,0.03125,0.96875,32,800,500,300,0.625,11,5,6,376.63426090456426,0.4041288642473118,0.09802756653992395,0.22729083117356857,132462.98408644518,3578.019621722261,136041.00370816744,1516,28,276.25,32,0,21,32.95233860746554,0.6539713541666667,42.645202020202014,1029.4191919191912,32.169349747474726,0
3720,4,0,0,31,0.0,0.0,1.0,31,550,400,150,0.7272727272727273,7,4,3,388.10987783721,0.40264336917562726,0.10870000122483403,0.23319058135298848,132297.51798841698,4069.1947089301275,136366.7126973471,1517,48,285.258064516129,31,0,21,32.82403598700584,0.6549059139784946,42.805989583333336,1028.7760416666674,33.186323924731205,0
3721,4,0,1,30,0.0,0.03225806451612903,0.967741935483871,31,1250,1000,250,0.8,15,10,5,385.8448562923898,0.4021953405017921,0.10684386900850273,0.23224157648733856,132364.50407240118,4014.4326104058127,136378.936682807,1518,49,286.258064516129,31,0,22,32.81467480703531,0.6555779569892473,42.740885416666664,1029.0364583333328,33.19472446236558,0
3722,4,1,0,31,0.03225806451612903,0.0,1.0,31,1150,1000,150,0.8695652173913043,13,10,3,381.6211834985539,0.40152329749103943,0.09655807960332896,0.23134139330705433,132632.61795043945,3923.083326551651,136555.7012769911,1519,0,248.19354838709677,31,0,19,32.652977921038215,0.658266129032258,42.48046875,1030.078125,33.228326612903224,0
3723,4,0,0,31,0.0,0.0,1.0,31,900,700,200,0.7777777777777778,11,7,4,380.5702487221101,0.4007616487455197,0.09442259490962424,0.231530631716795,132766.77661471904,3905.417039659299,136672.19365437835,1520,1,249.19354838709677,31,0,19,32.54487786902506,0.6596102150537635,42.35026041666667,1030.598958333334,33.24512768817206,0
3724,4,1,0,32,0.03125,0.0,1.0,32,1000,700,300,0.7,13,7,6,376.99125031599897,0.40320480510752693,0.0995054726672373,0.23230274708620394,133243.9949526835,3646.3640508621734,136890.3590035457,1521,0,242.375,32,0,20,32.15701561289798,0.6617838541666667,41.88762626262627,1032.4494949494958,32.264046717171745,0
3725,4,0,0,32,0.0,0.0,1.0,32,750,600,150,0.8,9,6,3,377.13158921319337,0.4018187163978495,0.10374266593326009,0.2332058602685667,133374.3866219009,3659.9388774104764,137034.32549931138,1522,1,243.375,32,0,21,32.022368903557016,0.6630859375,41.76136363636364,1032.954545454546,32.27982954545456,0
3726,4,0,0,32,0.0,0.0,1.0,32,700,500,200,0.7142857142857143,9,5,4,374.70119578732795,0.40131468413978494,0.10573368568984498,0.23211051363570817,133439.60636988573,3599.9960144373076,137039.60238432305,1523,2,244.375,32,0,22,32.01963420098578,0.6637369791666667,41.698232323232325,1033.207070707071,32.287720959595966,0
3727,4,0,0,32,0.0,0.0,1.0,32,600,500,100,0.8333333333333334,7,5,2,374.07158712631065,0.40066364247311825,0.1048130955289519,0.23233308135174358,133537.46588358335,3590.51436077952,137127.98024436287,1524,3,245.375,32,0,22,31.93765778972228,0.6647135416666667,41.60353535353536,1033.585858585859,32.29955808080809,0
3728,4,0,0,32,0.0,0.0,1.0,32,800,600,200,0.75,10,6,4,370.76539172847066,0.39950856854838707,0.09883179709437129,0.23129773980562893,133700.64478433342,3514.3143875625133,137214.95917189593,1525,4,246.375,32,0,17,31.859408700606345,0.6663411458333333,41.44570707070708,1034.2171717171732,32.31928661616166,0
3729,4,0,1,31,0.0,0.03125,0.96875,32,750,600,150,0.8,9,6,3,387.7113814579897,0.3990885416666667,0.09379627915586819,0.22424163625653756,130843.25140610657,3745.8835514233297,134589.1349575299,1526,5,247.375,32,0,19,34.306738245094394,0.6376953125,44.22348484848485,1023.106060606061,31.972064393939405,8
3730,4,0,0,31,0.0,0.0,1.0,31,1050,600,450,0.5714285714285714,15,6,9,394.1860463044322,0.3981182795698925,0.08014221959460843,0.22789696584355582,130828.11355590819,4114.123365614149,134942.23692152233,1527,6,248.41935483870967,31,0,19,34.15651117899114,0.6401209677419355,44.23828125,1023.0468749999999,33.00151209677419,0
3731,4,0,0,31,0.0,0.0,1.0,31,700,400,300,0.5714285714285714,10,4,6,396.50021011151034,0.39780465949820787,0.07960656491432627,0.22943289035760295,130861.41798231333,4177.315945095481,135038.73392740882,1528,7,249.41935483870967,31,0,19,34.063480953592936,0.6404569892473118,44.205729166666664,1023.177083333333,33.005712365591386,0
3732,4,0,0,31,0.0,0.0,1.0,31,750,500,250,0.6666666666666666,10,5,5,395.96812830377735,0.3967293906810036,0.08060618741102665,0.2301180630341906,131028.00369262687,4176.58267550997,135204.58636813684,1529,8,250.41935483870967,31,0,19,33.9078860909746,0.6421370967741935,44.04296874999999,1023.8281249999993,33.026713709677395,0
3733,4,0,0,31,0.0,0.0,1.0,31,950,400,550,0.42105263157894735,15,4,11,395.3889743206334,0.39690860215053764,0.08792434569359342,0.23037997570415553,131128.00598144523,4169.313557942694,135297.3195393879,1530,9,251.41935483870967,31,0,19,33.82119247393848,0.6431451612903225,43.94531249999999,1024.2187499999993,33.03931451612901,0
3734,4,0,0,31,0.0,0.0,1.0,31,800,500,300,0.625,11,5,6,398.0220913493532,0.39740143369175623,0.09156387457520099,0.2325193642782522,131228.04641723624,4246.332295735663,135474.3787129719,1531,10,252.41935483870967,31,0,20,33.65222709365867,0.6441532258064516,43.84765624999999,1024.6093749999993,33.051915322580626,0
3735,4,0,0,31,0.0,0.0,1.0,31,600,400,200,0.6666666666666666,8,4,4,399.4339433902562,0.3976702508960574,0.09682778522106572,0.22469954040465526,129764.60986667205,4166.477966308589,133931.08783298064,1532,11,253.41935483870967,31,0,16,35.10556443024494,0.6293682795698925,45.279947916666664,1018.8802083333329,32.86710349462364,8
3736,4,0,0,31,0.0,0.0,1.0,31,650,500,150,0.7692307692307693,8,5,3,399.7702652157989,0.3975358422939068,0.09444119271576179,0.22507928745171507,129797.7786593966,4177.8584798177,133975.6371392143,1533,12,254.41935483870967,31,0,16,35.06314422012096,0.6297043010752688,45.24739583333333,1019.0104166666658,32.871303763440835,0
3737,4,0,0,31,0.0,0.0,1.0,31,1200,900,300,0.75,15,9,6,396.88410658559087,0.39758064516129027,0.0843520379584175,0.22459511002733712,129996.88042534713,4118.739149305547,134115.61957465266,1534,13,255.41935483870967,31,0,17,34.93360572012258,0.6317204301075269,45.05208333333333,1019.7916666666658,32.89650537634406,0
3738,4,1,0,32,0.03125,0.0,1.0,32,900,500,400,0.5555555555555556,13,5,8,390.74263223238745,0.40078965053763443,0.08313241839762608,0.2231868933259569,130359.27456382,3787.3852157943043,134146.6597796143,1535,0,248.40625,32,0,19,34.72119188921859,0.6328125,44.696969696969695,1021.212121212121,31.912878787878782,0
3739,4,0,0,32,0.0,0.0,1.0,32,950,500,450,0.5263157894736842,14,5,9,394.8429366169528,0.4000756048387097,0.08617119901112469,0.225903773495838,130423.75299714321,3899.3795275992334,134323.13252474245,1536,1,249.40625,32,0,19,34.550885867325924,0.6334635416666667,44.63383838383839,1021.464646464647,31.92077020202022,0
3740,4,0,0,32,0.0,0.0,1.0,32,750,500,250,0.6666666666666666,10,5,5,395.90403635502616,0.4000756048387097,0.08283644340088947,0.22688778060799406,130488.24737271722,3932.1647663503923,134420.4121390676,1537,2,250.40625,32,0,16,34.45815826330533,0.6341145833333333,44.57070707070708,1021.7171717171728,31.92866161616165,0
3741,4,0,0,32,0.0,0.0,1.0,32,850,700,150,0.8235294117647058,10,7,3,394.92779705033684,0.40045362903225806,0.0861286137879913,0.22670536094506577,130552.7576905419,3911.782598714432,134464.54028925634,1538,3,251.40625,32,0,16,34.417469730664685,0.634765625,44.507575757575765,1021.9696969696978,31.936553030303056,0
3742,4,0,1,31,0.0,0.03125,0.96875,32,1100,600,500,0.5454545454545454,16,6,10,394.3839889103055,0.400390625,0.08520516858095606,0.22695999702961936,130649.55305899908,3905.2183769513335,134554.77143595042,1539,4,252.40625,32,0,16,34.332931950104985,0.6357421875,44.41287878787879,1022.3484848484849,31.948390151515152,0
3743,4,0,0,31,0.0,0.0,1.0,31,1050,900,150,0.8571428571428571,12,9,3,402.7490723335629,0.3959677419354839,0.0975962645095525,0.23105078360188613,130528.56445312501,4314.051649305557,134842.61610243056,1540,19,261.4193548387097,31,0,16,34.24226979272851,0.6370967741935484,44.53125,1021.8750000000001,32.96370967741936,0
3744,4,0,1,30,0.0,0.03225806451612903,0.967741935483871,31,950,700,250,0.7368421052631579,12,7,5,400.8412967263145,0.39614695340501793,0.09469050916697874,0.23015386525273157,130561.83073255746,4266.914706759979,134828.74543931743,1541,20,262.4193548387097,31,0,16,34.25715059243215,0.6374327956989247,44.498697916666664,1022.0052083333329,32.967909946236546,0
3745,4,0,0,30,0.0,0.0,1.0,30,850,500,350,0.5882352941176471,12,5,7,405.04443935900173,0.39516283524904217,0.08833070313869884,0.23262522030859897,130571.48947855247,4577.451150422022,135148.9406289745,1542,21,264.03333333333336,30,0,17,34.13992635455024,0.6402777777777777,44.48924731182796,1022.0430107526885,34.068100358422946,0
3746,4,0,0,30,0.0,0.0,1.0,30,750,500,250,0.6666666666666666,10,5,5,404.2032937836496,0.39446839080459767,0.08623559819511972,0.23317534968914264,130743.2601492948,4569.371278471513,135312.63142776632,1543,22,265.03333333333336,30,0,17,33.98661672580717,0.6420138888888889,44.32123655913979,1022.7150537634415,34.090501792114715,0
3747,4,0,0,30,0.0,0.0,1.0,30,1150,900,250,0.782608695652174,14,9,5,400.64792460614103,0.3947318007662835,0.08172184270450167,0.23174255335121172,130846.37674875715,4484.665857324559,135331.0426060817,1544,23,266.03333333333336,30,0,17,33.97267472411982,0.6430555555555555,44.22043010752689,1023.1182795698929,34.10394265232976,0
3748,4,0,0,30,0.0,0.0,1.0,30,950,700,250,0.7368421052631579,12,7,5,395.24296168565144,0.39410919540229883,0.07107727312505485,0.22984434214666355,131052.73189097,4359.533977916516,135412.26586888652,1545,24,267.03333333333336,30,0,18,33.90134112190427,0.6451388888888889,44.01881720430107,1023.9247311827952,34.13082437275984,0
3749,4,0,0,30,0.0,0.0,1.0,30,1800,1300,500,0.7222222222222222,23,13,10,395.3762386375634,0.3940373563218391,0.0703713423435246,0.2305403454213365,131155.9704337206,4371.190852988778,135527.16128670936,1546,25,268.03333333333336,30,0,20,33.793137383545464,0.6461805555555555,43.91801075268817,1024.3279569892468,34.144265232974895,0
3750,4,0,0,30,0.0,0.0,1.0,30,850,600,250,0.7058823529411765,11,6,5,394.74875827039807,0.39295977011494254,0.06831059811122753,0.23079482615441055,131259.24962423395,4362.885160134112,135622.13478436807,1547,26,269.03333333333336,30,0,20,33.704420251836304,0.6472222222222221,43.817204301075265,1024.7311827956985,34.15770609318995,0
3751,4,0,0,30,0.0,0.0,1.0,30,950,700,250,0.7368421052631579,12,7,5,393.7594747252209,0.39281609195402295,0.06719105051564411,0.23104594409261422,131397.01844143827,4347.764192392178,135744.78263383044,1548,27,270.03333333333336,30,0,20,33.59006292606188,0.6486111111111111,43.68279569892473,1025.2688172043006,34.175627240143356,0
3752,4,1,0,31,0.03225806451612903,0.0,1.0,31,400,100,300,0.25,7,1,6,383.6147742942747,0.39637096774193553,0.06547368162603884,0.22685935977207528,131695.40617201044,3904.0607028537092,135599.46687486416,1549,0,262.2903225806452,31,0,17,33.54806228593174,0.6488575268817205,43.39192708333332,1026.4322916666652,33.110719086021454,0
3753,4,0,0,31,0.0,0.0,1.0,31,850,500,350,0.5882352941176471,12,5,7,387.3656375124552,0.3959677419354839,0.0688433804913764,0.22988358036574355,131829.0901184081,4013.211907280802,135842.3020256889,1550,1,263.2903225806452,31,0,17,33.316559950974174,0.6502016129032258,43.26171874999999,1026.953124999999,33.12752016129029,0
3754,4,0,1,30,0.0,0.03225806451612903,0.967741935483871,31,900,600,300,0.6666666666666666,12,6,6,406.15905813052683,0.39592293906810033,0.09240489666973839,0.2318249710456507,130331.20022907265,4476.155072689763,134807.3553017624,1551,2,264.2903225806452,30,1,21,34.35621517265587,0.6378472222222222,44.72446236559139,1021.1021505376339,34.03673835125446,8
3755,4,0,0,30,0.0,0.0,1.0,30,1050,800,250,0.7619047619047619,13,8,5,410.51537520547953,0.3917624521072797,0.12048493088601853,0.23496813888220242,130439.87509645057,4709.514853395051,135149.38994984562,1552,31,274.03333333333336,29,1,21,34.13423408112394,0.641882183908046,44.61805555555555,1021.5277777777774,35.2250957854406,0
3756,4,0,0,30,0.0,0.0,1.0,30,950,700,250,0.7368421052631579,12,7,5,406.04165807691146,0.3911877394636016,0.11306330001753495,0.23319794320368842,130571.48947855244,4603.492817088687,135174.98229564112,1553,32,275.03333333333336,30,0,18,34.11444634402946,0.6402777777777777,44.48924731182796,1022.0430107526882,34.06810035842294,0
3757,4,0,0,30,0.0,0.0,1.0,30,900,800,100,0.8888888888888888,10,8,2,409.6579716983057,0.39133141762452106,0.11276185467613287,0.23569277857317056,130640.18419759517,4703.5585761359835,135343.74277373115,1554,33,276.03333333333336,30,0,18,33.952088263651504,0.6409722222222223,44.422043010752695,1022.3118279569899,34.07706093189966,0
3758,4,0,0,30,0.0,0.0,1.0,30,1050,900,150,0.8571428571428571,12,9,3,420.8458981887714,0.3910680076628352,0.09983164983164983,0.2450808465922845,131107.31272294887,5048.7487270682395,136156.06145001712,1555,34,277.03333333333336,28,2,19,33.190411054994385,0.6517857142857143,43.96551724137931,1024.1379310344828,36.576354679802954,8
3759,4,0,0,30,0.0,0.0,1.0,30,1050,900,150,0.8571428571428571,12,9,3,423.561592644937,0.3907088122605364,0.10157038698822207,0.24760994088063032,131254.50026423568,5118.873034746991,136373.37329898268,1556,35,278.03333333333336,28,2,19,32.97111609646664,0.6532738095238095,43.82183908045977,1024.7126436781607,36.59688013136288,0
3760,4,0,0,30,0.0,0.0,1.0,30,550,500,50,0.9090909090909091,6,5,1,428.85702654138913,0.3905890804597701,0.10300864284045774,0.25142932492792197,131364.94510916228,5267.355950257619,136632.3010594199,1557,36,279.03333333333336,28,2,19,32.72307871992524,0.6543898809523809,43.71408045977011,1025.1436781609189,36.612274220032816,0
3761,4,0,0,30,0.0,0.0,1.0,30,1050,1000,50,0.9523809523809523,11,10,1,428.85702654138913,0.3905172413793103,0.10300864284045774,0.25142932492792197,131364.94510916228,5267.355950257619,136632.3010594199,1558,37,280.03333333333336,28,2,19,32.72307871992524,0.6543898809523809,43.71408045977011,1025.1436781609189,36.612274220032816,0
3762,4,0,0,30,0.0,0.0,1.0,30,900,600,300,0.6666666666666666,12,6,6,428.9111859450685,0.3907088122605364,0.10279295689131751,0.2519456077440291,131438.60081004753,5275.097230479581,136713.69804052712,1559,38,281.03333333333336,28,2,20,32.64677035168839,0.6551339285714286,43.64224137931034,1025.4310344827584,36.6225369458128,0
3763,4,0,0,30,0.0,0.0,1.0,30,500,400,100,0.8,6,4,2,430.4060972725114,0.39102011494252875,0.10173718128327236,0.2530674400602294,131475.43640177033,5317.565893777246,136793.00229554757,1560,39,282.03333333333336,28,2,20,32.57098160082189,0.6555059523809523,43.60632183908046,1025.574712643678,36.62766830870278,0
3764,4,0,0,30,0.0,0.0,1.0,30,1050,1000,50,0.9523809523809523,11,10,1,426.25766663448064,0.3906369731800767,0.09757372153788713,0.2520848319897955,131696.55833003038,5227.333531510107,136923.8918615405,1561,40,283.03333333333336,28,2,19,32.45264091078761,0.6577380952380952,43.39080459770115,1026.4367816091954,36.65845648604269,0
3765,4,0,0,30,0.0,0.0,1.0,30,600,500,100,0.8333333333333334,7,5,2,406.8050831443689,0.3906369731800767,0.08819916855631149,0.22148276748971196,128472.05707491079,4452.617172017435,132924.67424692822,1562,41,284.03333333333336,28,2,19,36.24131944444443,0.625,46.55172413793103,1013.7931034482756,36.20689655172413,8
3766,4,0,0,30,0.0,0.0,1.0,30,800,400,400,0.5,12,4,8,407.0902077533789,0.39013409961685824,0.09190860595760753,0.22265406328014017,128654.19649639985,4474.7727160126915,133128.96921241254,1563,42,285.03333333333336,28,2,20,36.04718406269178,0.6268601190476191,46.37212643678161,1014.5114942528741,36.23255336617407,0
3767,4,2,1,31,0.0625,0.03125,0.96875,32,600,400,200,0.6666666666666666,8,4,4,385.59076208311956,0.39982358870967744,0.07843679793841685,0.21438393068941708,129303.89577191006,3571.677542201415,132875.57331411148,1564,0,268.15625,30,2,23,35.92820800845777,0.6274305555555555,45.73252688172043,1017.0698924731184,33.90232974910395,0
3768,4,0,0,31,0.0,0.0,1.0,31,350,200,150,0.5714285714285714,5,2,3,390.69766956024006,0.3982974910394265,0.08650906239261302,0.21704767348407264,129272.00038580252,3901.2538580247005,133173.25424382722,1565,1,273.7741935483871,29,2,23,35.83094327597195,0.6300287356321839,45.76388888888889,1016.9444444444448,35.06704980842913,0
3769,4,0,0,31,0.0,0.0,1.0,31,600,200,400,0.3333333333333333,10,2,8,388.6712066380678,0.3986111111111111,0.08322871377410124,0.21611535658394604,129307.31336805552,3851.6059027777746,133158.91927083328,1566,2,274.7741935483871,29,2,23,35.84639150621331,0.6303879310344828,45.729166666666664,1017.083333333333,35.07183908045976,0
3770,4,0,0,31,0.0,0.0,1.0,31,1000,700,300,0.7,13,7,6,389.2366791629692,0.3976702508960574,0.08448918126337479,0.21701277865661425,129413.2812499999,3874.4791666666542,133287.76041666654,1567,3,275.7741935483871,29,2,23,35.72379197379198,0.6314655172413793,45.62499999999999,1017.4999999999992,35.086206896551694,0
3771,4,0,0,31,0.0,0.0,1.0,31,450,400,50,0.8888888888888888,5,4,1,388.4380184397706,0.39699820788530465,0.08242358078602652,0.21695684444562785,129483.95061728386,3859.297839506164,133343.24845679002,1568,4,276.7741935483871,29,2,17,35.67196597525474,0.632183908045977,45.55555555555555,1017.777777777777,35.095785440613,0
3772,4,0,0,31,0.0,0.0,1.0,31,1000,600,400,0.6,14,6,8,388.021679390387,0.39668458781362004,0.08020281779409255,0.2169192134440998,129519.2925347223,3851.258680555562,133370.55121527787,1569,5,277.7741935483871,29,2,18,35.64648997134671,0.6325431034482758,45.520833333333336,1017.9166666666673,35.1005747126437,0
3773,4,0,0,31,0.0,0.0,1.0,31,600,300,300,0.5,9,3,6,388.71373429300803,0.39637096774193553,0.08119951428118899,0.217893662066998,129625.34722222219,3877.430555555552,133502.77777777775,1570,6,278.7741935483871,29,2,18,35.52066284779051,0.6336206896551724,45.416666666666664,1018.333333333333,35.114942528735625,0
3774,4,1,2,30,0.03125,0.0625,0.9375,32,500,200,300,0.4,8,2,6,395.0343444084774,0.4015456989247312,0.07854125248508947,0.21551222910787862,128553.1225611342,3756.5796985200545,132309.70225965424,1571,0,271.03125,30,2,17,36.45653854649878,0.6197916666666667,46.471774193548384,1014.1129032258061,33.8037634408602,8
3775,4,1,0,31,0.03225806451612903,0.0,1.0,31,600,300,300,0.5,9,3,6,405.00286426750677,0.39865591397849465,0.09962478289116028,0.2204411563227839,128461.13281250001,4205.425347222222,132666.55815972225,1572,0,280.2903225806452,29,2,18,36.29820865872037,0.6217672413793103,46.5625,1013.7500000000001,34.95689655172414,0
3776,4,0,0,31,0.0,0.0,1.0,31,700,500,200,0.7142857142857143,9,5,4,408.08486188203426,0.398163082437276,0.1016778434542902,0.22270819592396204,128566.75347222216,4293.229166666659,132859.98263888882,1573,1,281.2903225806452,29,2,18,36.11168173103259,0.6228448275862069,46.45833333333333,1014.1666666666661,34.97126436781607,0
3777,4,0,0,31,0.0,0.0,1.0,31,850,700,150,0.8235294117647058,10,7,3,400.3888951757535,0.3975358422939068,0.026011944260119435,0.21657791278889493,128212.58463767503,4066.9790221413105,132279.56365981634,1574,2,282.2903225806452,30,1,19,36.67026100420261,0.6163194444444444,46.80779569892474,1012.7688172043023,33.75896057347674,8
3778,4,1,0,32,0.03125,0.0,1.0,32,1100,700,400,0.6363636363636364,15,7,8,386.54473610273413,0.40125168010752693,0.022002919286539413,0.2116896084644139,128705.44645521388,3550.0825670030563,132255.52902221694,1575,0,274.4375,31,1,18,36.51581012874802,0.6186155913978495,46.32161458333334,1014.7135416666677,32.73269489247315,0
3779,4,0,1,31,0.0,0.03125,0.96875,32,800,600,200,0.75,10,6,4,389.54819765901016,0.4000966061827957,0.024405296229802698,0.2142240370483047,128870.65463595916,3640.2662489149257,132510.9208848741,1576,1,275.4375,31,1,18,36.27051808155937,0.6202956989247312,46.158854166666664,1015.3645833333329,32.75369623655913,0
3780,4,1,0,32,0.03125,0.0,1.0,32,1000,700,300,0.7,13,7,6,386.12042619261825,0.40095766129032256,0.03907150634046386,0.21394195651424908,129168.29639010955,3574.903530544701,132743.19992065424,1577,0,276.25,31,1,20,36.05324815336663,0.6233198924731183,45.865885416666664,1016.5364583333329,32.79149865591396,0
3781,4,2,2,32,0.058823529411764705,0.058823529411764705,0.9411764705882353,34,900,600,300,0.6666666666666666,12,6,6,371.7109268686286,0.4096850861556744,0.047270296840631554,0.209594561272297,129856.32216274976,2853.8027741733763,132710.12493692312,1578,0,260.94117647058823,33,1,18,35.71838303074025,0.6253156565656566,45.18995098039215,1019.2401960784302,30.88606654783122,0
3782,4,0,0,32,0.0,0.0,1.0,32,850,600,250,0.7058823529411765,11,6,5,393.75650225280543,0.40034862231182794,0.06135680480941419,0.2201994516890152,129532.54699707031,3800.856526692708,133333.40352376303,1579,1,278.21875,31,1,18,35.48701713993348,0.627016129032258,45.5078125,1017.96875,32.837701612903224,0
3783,4,0,0,32,0.0,0.0,1.0,32,400,100,300,0.25,7,1,6,392.89905220400215,0.4002226142473118,0.06695971867007722,0.22009101634923303,129598.82948133671,3783.851453993047,133382.68093532976,1580,2,279.21875,31,1,18,35.44117647058823,0.6276881720430108,45.44270833333333,1018.2291666666658,32.84610215053761,0
3784,4,0,0,32,0.0,0.0,1.0,32,950,800,150,0.8421052631578947,11,8,3,391.7410609478506,0.40015961021505375,0.0711142172523962,0.22037194837648696,129764.6098666722,3766.8251885308255,133531.435055203,1581,3,280.21875,31,1,18,35.301517571884986,0.6293682795698925,45.27994791666667,1018.8802083333342,32.867103494623684,0
3785,4,0,0,32,0.0,0.0,1.0,32,1000,700,300,0.7,13,7,6,392.72305513872703,0.3998865927419355,0.07375766479305024,0.22148674896440623,129864.12896050357,3800.127495659731,133664.2564561633,1582,4,281.21875,31,1,19,35.17501277465507,0.6303763440860215,45.18229166666667,1019.2708333333342,32.87970430107529,0
3786,4,0,1,31,0.0,0.03125,0.96875,32,1000,800,200,0.8,12,8,4,396.3294073128045,0.3995715725806452,0.07832854406130285,0.223900379455935,129930.49621582031,3899.055311414931,133829.55152723525,1583,5,282.21875,31,1,19,35.01543209876543,0.6310483870967742,45.1171875,1019.53125,32.88810483870968,0
3787,4,0,0,31,0.0,0.0,1.0,31,1100,800,300,0.7272727272727273,14,8,6,404.61629361346206,0.39444444444444443,0.08178340588312882,0.22772057326530476,129782.79867976063,4302.44699531737,134085.245675078,1584,6,292.06451612903226,30,1,19,34.95498614958448,0.6322916666666667,45.262096774193544,1018.9516129032255,33.96505376344085,0
3788,4,0,0,31,0.0,0.0,1.0,31,750,600,150,0.8,9,6,3,404.61629361346206,0.39444444444444443,0.08178340588312882,0.22772057326530476,129782.79867976063,4302.44699531737,134085.245675078,1585,7,293.06451612903226,30,1,19,34.95498614958448,0.6322916666666667,45.262096774193544,1018.9516129032255,33.96505376344085,0
3789,4,1,0,32,0.03125,0.0,1.0,32,1350,1000,350,0.7407407407407407,17,10,7,392.5261114720061,0.39784946236559143,0.07467138846350196,0.2228865659054087,130129.69970703125,3815.8610026041656,133945.5607096354,1586,0,284.875,31,1,20,34.90939254721797,0.6330645161290323,44.921875,1020.3125,32.913306451612904,0
3790,4,0,0,32,0.0,0.0,1.0,32,800,400,400,0.5,12,4,8,392.83865986114483,0.3981434811827957,0.0709446919079435,0.2232715927565241,130165.93491735544,3826.842286501385,133992.77720385682,1587,1,285.875,32,0,20,34.86451373422419,0.630859375,44.88636363636364,1020.454545454546,31.88920454545456,0
3791,4,0,0,32,0.0,0.0,1.0,32,1150,900,250,0.782608695652174,14,9,5,395.7359158817569,0.39789146505376344,0.06914120484908448,0.225290784787896,130230.36552392619,3907.3665952453866,134137.73211917156,1588,2,286.875,32,0,20,34.7249711364011,0.6315104166666667,44.823232323232325,1020.7070707070712,31.897095959595976,0
3792,4,0,0,32,0.0,0.0,1.0,32,850,600,250,0.7058823529411765,11,6,5,394.7582234046302,0.3981434811827957,0.07021787783043698,0.22511887875236994,130296.89125910497,3887.1618328434975,134184.05309194847,1589,3,287.875,30,2,20,34.682179217131825,0.6375,44.758064516129025,1020.9677419354829,34.03225806451609,0
3793,4,0,0,32,0.0,0.0,1.0,32,1150,900,250,0.782608695652174,14,9,5,397.66620498614964,0.39805947580645157,0.0674177631578945,0.22758005707038673,130434.15423748404,3973.851023239669,134408.0052607237,1590,4,288.875,30,2,20,34.468201754385944,0.6388888888888888,44.62365591397849,1021.5053763440854,34.05017921146951,0
3794,4,0,0,32,0.0,0.0,1.0,32,1150,1000,150,0.8695652173913043,13,10,3,407.5405201467757,0.39673639112903225,0.07766933987274638,0.2221449193632422,128519.04844490676,4090.017812752895,132609.06625765967,1591,5,289.875,30,2,17,36.17444326617179,0.6194444444444445,46.50537634408601,1013.9784946236546,33.79928315412182,8
3795,4,0,0,32,0.0,0.0,1.0,32,700,400,300,0.5714285714285714,10,4,6,406.4885821945922,0.39623235887096775,0.0700122581500131,0.2219510015369313,128587.20119377953,4053.845820326033,132641.04701410557,1592,6,290.875,30,2,17,36.13117324852018,0.6201388888888889,46.438172043010745,1014.2473118279562,33.80824372759854,0
3796,4,0,0,32,0.0,0.0,1.0,32,900,600,300,0.6666666666666666,12,6,6,409.3108197008902,0.3961903561827957,0.0767798013245029,0.22425955651246166,128723.56088854205,4137.589244421322,132861.15013296338,1593,7,291.875,30,2,17,35.91970198675495,0.6215277777777778,46.303763440860216,1014.7849462365593,33.82616487455198,0
3797,4,1,0,33,0.030303030303030304,0.0,1.0,33,950,700,250,0.7368421052631579,12,7,5,388.2381354908829,0.40068655303030304,0.05269730269730255,0.20782159017453128,127793.20987654309,3322.8395061728224,131116.0493827159,1594,0,284.0,32,1,19,37.408424908424905,0.6067708333333333,47.222222222222214,1011.1111111111102,31.597222222222193,8
3798,4,3,0,36,0.08333333333333333,0.0,1.0,36,900,600,300,0.6666666666666666,12,6,6,366.78139491334457,0.4148148148148148,0.07087227414330255,0.20189083807839914,128907.38195516102,2256.165873628239,131163.54782878925,1595,0,261.25,35,1,19,36.81093761872199,0.6113095238095239,46.122685185185176,1015.5092592592579,29.014550264550223,0
3799,4,1,0,37,0.02702702702702703,0.0,1.0,37,700,600,100,0.8571428571428571,8,6,2,359.93818044352395,0.4179804804804805,0.08577889215339418,0.19975091062516467,129230.80800165032,1903.3552758487597,131134.1632774991,1596,0,255.16216216216216,35,2,20,36.65492790741795,0.6145833333333333,45.804398148148145,1016.782407407407,29.050925925925917,0
3800,4,0,0,37,0.0,0.0,1.0,37,850,500,350,0.5882352941176471,12,5,7,358.22432410395,0.4172922922922923,0.09109860713956275,0.19954320715296053,129377.9538001542,1869.266010802454,131247.21981095665,1597,1,256.1621621621622,35,2,22,36.54863481228668,0.6160714285714286,45.659722222222214,1017.3611111111102,29.06746031746029,0
3801,4,0,0,37,0.0,0.0,1.0,37,1200,900,300,0.75,15,9,6,358.89574471067476,0.41741741741741745,0.0846400186859595,0.2005164662633844,129495.73072059314,1895.0933427640443,131390.8240633572,1598,2,257.1621621621622,35,2,17,36.41166325524978,0.6172619047619048,45.543981481481474,1017.824074074073,29.0806878306878,0
3802,4,0,0,37,0.0,0.0,1.0,37,900,600,300,0.6666666666666666,12,6,6,356.3672906203402,0.41747997997998,0.08588308667881228,0.1995520722843494,129584.09857520991,1835.9068233453168,131420.00539855522,1599,3,258.1621621621622,35,2,17,36.38610226971314,0.6181547619047619,45.45717592592592,1018.1712962962952,29.090608465608433,0
3803,4,0,0,37,0.0,0.0,1.0,37,1450,800,650,0.5517241379310345,21,8,13,359.0485775441872,0.41694819819819817,0.09389561975768923,0.20203181154352035,129774.47041636235,1919.0678009090257,131693.5382172714,1600,4,259.1621621621622,36,1,19,36.12423555850281,0.6180555555555556,45.270270270270274,1018.9189189189192,28.30330330330331,0
3804,4,0,3,34,0.0,0.08108108108108109,0.9189189189189189,37,1100,800,300,0.7272727272727273,14,8,6,362.1326497914829,0.41638513513513514,0.02736740275405758,0.20436563253818624,129889.23890106338,2016.6717393068907,131905.91064037028,1601,5,260.1621621621622,36,1,18,35.928984386507594,0.619212962962963,45.157657657657666,1019.3693693693706,28.31581581581585,8
3805,4,1,1,34,0.02857142857142857,0.02857142857142857,0.9714285714285714,35,750,500,250,0.6666666666666666,10,5,5,372.5410301881746,0.41018907563025214,0.03560419029825823,0.21045127853110343,129928.59977324266,2680.746882086172,132609.34665532885,646,0,229.9142857142857,34,1,19,35.623686361513315,0.6237745098039216,45.11904761904762,1019.5238095238097,29.98599439775911,0
3806,4,1,0,35,0.02857142857142857,0.0,1.0,35,1000,700,300,0.7,13,7,6,368.7270125373194,0.4157212885154062,0.03521765215652306,0.2095973442619298,130171.45691609975,2599.5464852607693,132771.00340136053,647,0,225.5142857142857,34,1,20,35.47402395395864,0.6262254901960784,44.88095238095238,1020.4761904761903,30.01400560224089,0
3807,4,0,0,35,0.0,0.0,1.0,35,1150,800,350,0.6956521739130435,15,8,7,370.27412892410797,0.41516106442577033,0.03601286173633467,0.2111450357179364,130294.81207274778,2649.023384223616,132943.8354569714,648,1,226.5142857142857,32,3,20,35.3092278835848,0.6321614583333333,44.76010101010102,1020.9595959595968,31.9049873737374,0
3808,4,0,0,35,0.0,0.0,1.0,35,1000,700,300,0.7,13,7,6,372.4224818111112,0.4148809523809524,0.036484983314793995,0.2132533828969358,130455.9981921489,2716.949322773199,133172.9475149221,649,2,227.5142857142857,32,3,20,35.09068718329008,0.6337890625,44.602272727272734,1021.5909090909103,31.924715909090946,0
3809,4,0,0,35,0.0,0.0,1.0,35,650,300,350,0.46153846153846156,10,3,7,371.49752212378934,0.41421568627450983,0.029561374963605003,0.21355346878253123,130606.8447982748,2704.0238429930905,133310.86864126788,650,3,228.5142857142857,33,2,18,34.96121068616871,0.6328914141414141,44.454656862745104,1022.1813725490205,30.975193107546076,0
3810,4,0,1,34,0.0,0.02857142857142857,0.9714285714285714,35,1050,900,150,0.8571428571428571,12,9,3,371.49752212378934,0.41421568627450983,0.029561374963605003,0.21355346878253123,130606.8447982748,2704.0238429930905,133310.86864126788,651,4,229.5142857142857,33,2,18,34.96121068616871,0.6328914141414141,44.454656862745104,1022.1813725490205,30.975193107546076,0
3811,4,0,1,33,0.0,0.029411764705882353,0.9705882352941176,34,1100,900,200,0.8181818181818182,13,9,4,404.1604641583646,0.410223559120618,0.09173216078662216,0.21661470933913632,127843.3691184808,3533.8470804988733,131377.21619897967,652,5,236.88235294117646,34,0,20,36.95433588385325,0.6026348039215687,47.17261904761905,1011.3095238095243,29.744397759103656,8
3812,4,3,1,35,0.08333333333333333,0.027777777777777776,0.9722222222222222,36,1100,600,500,0.5454545454545454,16,6,10,383.30950585993355,0.4204861111111111,0.11639789035955173,0.20943419634391888,128613.70991941018,2660.1258275944147,131273.8357470046,653,0,224.02777777777777,35,1,17,36.69176935950099,0.6083333333333334,46.41203703703704,1014.3518518518521,28.981481481481488,0
3813,4,0,0,35,0.0,0.0,1.0,35,700,400,300,0.5714285714285714,10,4,6,390.4602649193322,0.4148109243697479,0.11980744393565845,0.2127671194061389,128506.3934948979,3035.3280895691532,131541.72158446704,654,1,231.42857142857142,34,1,17,36.62038667762514,0.609375,46.51785714285714,1013.928571428571,29.82142857142856,0
3814,4,1,0,36,0.027777777777777776,0.0,1.0,36,1100,1000,100,0.9090909090909091,12,10,2,377.80407626561504,0.41878306878306876,0.10783475783475827,0.2081124148920759,128936.76757812485,2542.567274305542,131479.3348524304,655,0,225.97222222222223,35,1,19,36.501068376068375,0.6116071428571428,46.09374999999999,1015.6249999999989,29.01785714285711,0
3815,4,2,2,36,0.05263157894736842,0.05263157894736842,0.9473684210526316,38,950,600,350,0.631578947368421,13,6,7,362.0249469652069,0.4234086059743955,0.11419005879451416,0.20232857210584057,129508.13140822163,1777.0348809248846,131285.16628914652,656,0,215.02631578947367,37,1,16,36.31941452116772,0.6134572072072072,45.53179824561403,1017.8728070175428,27.510075865338994,0
3816,4,0,0,36,0.0,0.0,1.0,36,900,600,300,0.6666666666666666,12,6,6,376.6703061565973,0.418369708994709,0.11660217745912504,0.2093486388487046,129289.65627411267,2539.914882330249,131829.57115644292,657,1,227.72222222222223,35,1,21,36.169554455445535,0.6151785714285714,45.74652777777778,1017.013888888889,29.057539682539687,0
3817,4,0,0,36,0.0,0.0,1.0,36,850,500,350,0.5882352941176471,12,5,7,373.4156610801466,0.4182374338624339,0.11322501548300656,0.20816087993377094,129407.39300679434,2464.549441658082,131871.94244845244,658,2,228.72222222222223,35,1,22,36.13224225533689,0.6163690476190475,45.63078703703703,1017.4768518518513,29.07076719576718,0
3818,4,2,0,38,0.05263157894736842,0.0,1.0,38,800,600,200,0.75,10,6,4,355.0751228381213,0.42351232811759126,0.10806511870124869,0.20057645760321072,129927.0027797013,1626.769294398263,131553.77207409957,659,0,217.6315789473684,37,1,19,36.07048110704812,0.6176801801801801,45.12061403508771,1019.5175438596481,27.55452821242292,0
3819,4,0,2,36,0.0,0.05263157894736842,0.9473684210526316,38,900,800,100,0.8888888888888888,10,8,2,359.5475085338915,0.42243065433854904,0.10337638679090544,0.20383122924380176,130066.77685682112,1753.0371123807129,131819.81396920184,660,1,218.6315789473684,37,1,20,35.81449980293096,0.6190878378378378,44.98355263157894,1020.0657894736825,27.56934566145088,0
3820,4,0,0,36,0.0,0.0,1.0,36,1150,900,250,0.782608695652174,14,9,5,371.732802428541,0.41608796296296297,0.1051769827749387,0.2094118570302819,129819.89354263127,2451.6625675154437,132271.55611014672,661,2,231.44444444444446,35,1,20,35.754897785349236,0.6205357142857143,45.22569444444445,1019.097222222223,29.11706349206351,0
3821,4,1,0,37,0.02702702702702703,0.0,1.0,37,950,600,350,0.631578947368421,13,6,7,362.90593361659535,0.4181994494494494,0.10540510706091899,0.2058587885180178,130090.20580969505,2042.1015187485023,132132.30732844354,662,0,226.16216216216216,36,1,21,35.7050539058763,0.6212384259259259,44.9605855855856,1020.1576576576595,28.33771271271276,0
3822,4,0,1,36,0.0,0.02702702702702703,0.972972972972973,37,1000,700,300,0.7,13,7,6,340.65587500197734,0.41832457457457456,0.008941725138359002,0.18136640086900532,127575.06397867472,1291.8390096177382,128866.90298829245,663,1,227.16216216216216,36,1,17,38.83439230111841,0.595775462962963,47.43806306306307,1010.2477477477485,28.062437437437456,8
3823,4,0,2,34,0.0,0.05555555555555555,0.9444444444444444,36,700,500,200,0.7142857142857143,9,5,4,345.3347151274804,0.4149305555555556,0.029743951946448854,0.18418554659609226,127646.96830257626,1616.1858871313382,129263.15418970761,664,5,234.44444444444446,35,1,18,38.64260012217004,0.5985119047619047,47.366898148148145,1010.5324074074072,28.87235449735449,0
3824,4,0,1,33,0.0,0.029411764705882353,0.9705882352941176,34,750,600,150,0.8,9,6,3,361.56499988418113,0.40923945335710044,0.04297873555831666,0.1916713300544328,127401.12727076135,2412.757713379481,129813.88498414084,665,9,248.94117647058823,33,1,20,38.4847657198349,0.6003787878787878,47.610294117647065,1009.5588235294126,30.592691622103413,0
3825,4,0,0,33,0.0,0.0,1.0,33,1150,800,350,0.6956521739130435,15,8,7,367.6006337335752,0.40577651515151514,0.051290796913608494,0.19491609199825388,127410.50020406084,2767.236123864917,130177.73632792576,666,10,256.90909090909093,32,1,20,38.32280723695181,0.6028645833333333,47.601010101010104,1009.5959595959598,31.549873737373744,0
3826,4,1,0,34,0.029411764705882353,0.0,1.0,34,700,400,300,0.5714285714285714,10,4,6,358.5775746028045,0.41260026737967914,0.050712029265579606,0.19169840653911416,127741.58564314194,2361.053591166843,130102.63923430878,667,0,250.3235294117647,33,1,21,38.21107103891382,0.6038510101010102,47.27328431372548,1010.906862745097,30.63354129530597,0
3827,4,1,0,35,0.02857142857142857,0.0,1.0,35,650,400,250,0.6153846153846154,9,4,5,345.5450094546601,0.4177871148459384,0.047993726310286755,0.18604960361277983,128027.37054183797,1847.8437928669239,129875.2143347049,668,0,244.14285714285714,35,0,22,38.24813205245502,0.6023809523809525,46.99074074074073,1012.0370370370357,28.91534391534388,0
3828,4,0,1,34,0.0,0.02857142857142857,0.9714285714285714,35,900,500,400,0.5555555555555556,13,5,8,345.07618663740226,0.4179621848739496,0.04563587356040211,0.18593291756895133,128056.65569540886,1837.8604841820866,129894.51617959095,669,1,245.14285714285714,35,0,22,38.2300600343053,0.6026785714285714,46.96180555555555,1012.152777777777,28.918650793650773,0
3829,4,1,0,35,0.02857142857142857,0.0,1.0,35,850,400,450,0.47058823529411764,13,4,9,345.5014311435816,0.42237394957983193,0.051063829787233894,0.1868519182923363,128204.80619331067,1859.018944672774,130063.82513798344,670,0,241.34285714285716,34,1,23,38.06791465851649,0.6063112745098039,46.81547619047619,1012.7380952380954,29.786414565826334,0
3830,4,1,1,35,0.027777777777777776,0.027777777777777776,0.9722222222222222,36,1150,900,250,0.782608695652174,14,9,5,337.08758458095787,0.4268022486772487,0.060320356853203805,0.18472399635036513,128731.13854595348,1478.7337105624301,130209.87225651591,671,0,235.61111111111111,35,1,15,37.744259428223835,0.6095238095238096,46.296296296296305,1014.8148148148158,28.994708994709022,0
3831,4,0,0,35,0.0,0.0,1.0,35,950,700,250,0.7368421052631579,12,7,5,343.83075150514134,0.4208683473389356,0.06686652763295098,0.18841925182481745,128731.13854595338,1852.3448216735273,130583.4833676269,672,1,243.31428571428572,35,0,17,37.57318278588808,0.6095238095238096,46.2962962962963,1014.814814814815,28.994708994709,0
3832,4,2,2,35,0.05405405405405406,0.05405405405405406,0.9459459459459459,37,1000,800,200,0.8,12,8,4,328.12775479618136,0.42586336336336333,0.07713220730972248,0.18250548792081261,129319.0854338133,1088.3509087791394,130407.43634259245,673,0,231.1081081081081,35,2,19,37.37388104991657,0.6154761904761905,45.71759259259259,1017.1296296296285,29.060846560846528,0
3833,4,0,0,35,0.0,0.0,1.0,35,1050,800,250,0.7619047619047619,13,8,5,345.6125694657042,0.4158963585434174,0.07802147738366427,0.19108805792877095,129083.74592764053,1922.5930212619912,131006.33894890251,674,1,245.0,35,0,19,37.16875474563401,0.6130952380952381,45.94907407407407,1016.2037037037031,29.034391534391517,0
3834,4,1,0,36,0.027777777777777776,0.0,1.0,36,800,500,300,0.625,11,5,6,339.1060497247012,0.4191137566137566,0.08323586744639333,0.18950043955203918,129504.14540816353,1583.2350018196846,131087.38040998322,675,0,239.16666666666666,34,2,18,36.90667641325535,0.6194852941176471,45.5357142857143,1017.857142857145,29.936974789916032,0
3835,4,0,0,36,0.0,0.0,1.0,36,800,700,100,0.875,9,7,2,335.2434178935204,0.41957671957671955,0.07558698249441598,0.18821146217171658,129685.96938775519,1495.2735260771067,131181.2429138323,676,1,240.16666666666666,34,2,18,36.820408680068574,0.6213235294117647,45.35714285714286,1018.5714285714292,29.95798319327733,0
3836,4,1,0,37,0.02702702702702703,0.0,1.0,37,1550,1200,350,0.7741935483870968,19,12,7,331.86742933224826,0.4219219219219219,0.08636757860025823,0.1889437610898061,130233.05047850218,1244.0215352794849,131477.07201378167,677,0,234.64864864864865,35,2,20,36.352028763654225,0.624702380952381,44.82060185185185,1020.7175925925922,29.163359788359777,0
3837,4,0,0,37,0.0,0.0,1.0,37,1150,800,350,0.6956521739130435,15,8,7,333.3032906583639,0.4214527027027027,0.08875935291884574,0.1910650292163656,130498.99798525349,1299.1490912208176,131798.1470764743,678,1,235.64864864864865,35,2,16,36.0462921008911,0.6273809523809524,44.56018518518517,1021.759259259257,29.19312169312163,0
3838,4,0,0,37,0.0,0.0,1.0,37,1200,600,600,0.5,18,6,12,333.4988704015301,0.420482982982983,0.08955552767125652,0.19161538871281117,130587.70743580656,1310.1705836333804,131897.87801943993,679,2,236.64864864864865,35,2,16,35.95159570452573,0.6282738095238095,44.47337962962962,1022.1064814814799,29.203042328042283,0
3839,4,0,0,37,0.0,0.0,1.0,37,1250,1000,250,0.8,15,10,5,332.63741137777157,0.4205455455455456,0.09158666417917316,0.19199979127010858,130765.21675936619,1299.4806402177364,132064.69739958394,680,3,237.64864864864865,35,2,16,35.79422220964882,0.6300595238095238,44.299768518518505,1022.800925925924,29.222883597883545,0
3840,4,0,0,37,0.0,0.0,1.0,37,1200,900,300,0.75,15,9,6,333.42609282162937,0.41991991991991995,0.09669581376015879,0.1933434058243714,130942.84664619755,1331.9523480366747,132274.7989942342,681,4,238.64864864864865,35,2,16,35.594655848316926,0.6318452380952381,44.1261574074074,1023.4953703703691,29.24272486772483,0
3841,4,0,0,37,0.0,0.0,1.0,37,950,800,150,0.8421052631578947,11,8,3,335.9735978993425,0.4198260760760761,0.09992180245344828,0.19557199961930133,131090.9636488339,1408.6205418381187,132499.584190672,682,5,239.64864864864865,35,2,16,35.37993520192886,0.6333333333333333,43.981481481481474,1024.074074074073,29.259259259259228,0
3842,4,0,0,37,0.0,0.0,1.0,37,800,600,200,0.75,10,6,4,338.7118644067799,0.4195758258258258,0.10675217590471853,0.19747035573122518,131150.2338927467,1484.4280478394835,132634.6619405862,683,6,240.64864864864865,35,2,16,35.250000000000014,0.6339285714285714,43.9236111111111,1024.3055555555538,29.265873015872966,0
3843,4,0,1,36,0.0,0.02702702702702703,0.972972972972973,37,1000,800,200,0.8,12,8,4,307.89643923532105,0.4191691691691692,0.002873421145238586,0.17330597273251594,129787.30384589492,592.2097424207482,130379.51358831566,684,7,241.64864864864865,37,0,18,37.41424997309804,0.6162725225225225,45.25767543859649,1018.9692982456143,27.53971076339498,8
3844,4,1,0,37,0.02702702702702703,0.0,1.0,37,850,600,250,0.7058823529411765,11,6,5,307.13808803991867,0.4196071071071071,0.021640216867049533,0.17399503623308907,130038.81602993223,587.9746652816176,130626.79069521386,685,0,241.86486486486487,37,0,19,37.1792804414821,0.6188063063063063,45.0109649122807,1019.9561403508768,27.56638217164532,0
3845,4,0,0,37,0.0,0.0,1.0,37,1150,800,350,0.6956521739130435,15,8,7,304.4926310629975,0.4193255755755756,0.02626611137249424,0.1729919673182085,130150.67737188366,525.9844375192374,130676.6618094029,686,1,242.86486486486487,37,0,19,37.13374883587649,0.6199324324324325,44.901315789473685,1020.3947368421053,27.57823613086771,0
3846,4,0,0,37,0.0,0.0,1.0,37,1150,600,550,0.5217391304347826,17,6,11,304.08326777926993,0.4190127627627627,0.01831415688972915,0.17313217980166512,130234.60493853883,520.4328495306316,130755.03778806946,687,2,243.86486486486487,37,0,19,37.05945411250761,0.620777027027027,44.819078947368425,1020.7236842105268,27.58712660028451,0
3847,4,0,0,37,0.0,0.0,1.0,37,750,600,150,0.8,9,6,3,304.25951512145576,0.41888763763763764,0.015220117024240754,0.17360689980459545,130318.55955678681,530.1323484149104,130848.69190520172,688,3,244.86486486486487,37,0,19,36.97021764032075,0.6216216216216216,44.736842105263165,1021.0526315789483,27.596017069701304,0
3848,4,0,0,37,0.0,0.0,1.0,37,1200,800,400,0.6666666666666666,16,8,8,307.8107444248783,0.41735485485485485,0.02557371152412502,0.1762675295517266,130458.54403518395,631.3083112111502,131089.8523463951,689,4,245.86486486486487,37,0,20,36.73828753890739,0.6230292792792793,44.59978070175439,1021.6008771929828,27.610834518729266,0
3849,4,0,0,37,0.0,0.0,1.0,37,900,500,400,0.5555555555555556,13,5,8,304.9665346436169,0.41669794794794796,0.02468126317498731,0.17514436656889423,130570.58572108726,563.9318107494636,131134.51753183673,690,5,246.86486486486487,37,0,18,36.69793566498588,0.6241554054054055,44.49013157894737,1022.0394736842106,27.622688477951638,0
3850,4,0,0,37,0.0,0.0,1.0,37,800,500,300,0.625,11,5,6,307.774220506302,0.4165415415415415,0.024888280946611996,0.17739816937217393,130710.70545744848,645.8770967990129,131356.5825542475,691,6,247.86486486486487,37,0,19,36.484916720280204,0.6255630630630631,44.353070175438596,1022.5877192982459,27.63750592697962,0
3851,4,0,0,37,0.0,0.0,1.0,37,1100,700,400,0.6363636363636364,15,7,8,308.5737002831572,0.4167917917917918,0.0246653858747774,0.17798805828948727,130738.73842191833,668.5072570406276,131407.24567895895,692,7,248.86486486486487,37,0,19,36.43622011364853,0.6258445945945945,44.32565789473684,1022.697368421053,27.64046941678522,0
3852,4,1,0,38,0.02631578947368421,0.0,1.0,38,700,500,200,0.7142857142857143,9,5,4,301.76532469890134,0.4180891417733523,0.03363213920838426,0.1752433540160528,130999.8048159105,306.2397271531816,131306.04454306368,693,0,243.28947368421052,38,0,20,36.3474483406387,0.6266447368421053,44.07051282051282,1023.717948717948,26.93994601889337,0
3853,4,1,0,39,0.02564102564102564,0.0,1.0,39,900,700,200,0.7777777777777778,11,7,4,295.5104234763901,0.4218117408906883,0.04189693042451914,0.17320536494527436,131354.8190646703,-36.656358506925216,131318.16270616336,694,0,238.02564102564102,39,0,22,36.15073417335637,0.6284722222222222,43.72395833333334,1025.104166666668,26.28472222222226,0
3854,4,1,1,39,0.025,0.025,0.975,40,950,700,250,0.7368421052631579,12,7,5,291.8436865570813,0.4238648504273504,0.049012474012474216,0.17269555230890918,131719.04047070205,-311.72592785378015,131407.31454284827,695,0,233.05,40,0,16,35.87928587928588,0.63046875,43.368902439024396,1026.524390243903,25.663109756097576,0
3855,4,0,0,39,0.0,0.0,1.0,39,900,400,500,0.4444444444444444,14,4,10,295.8876623171399,0.42178362573099415,0.04976717188675406,0.17464286168281268,131621.90890842004,-10.940212673616202,131610.96869574641,696,2,240.02564102564102,39,0,17,35.872944371129854,0.6311431623931624,43.463541666666664,1026.1458333333326,26.311431623931604,0
3856,4,0,0,39,0.0,0.0,1.0,39,650,400,250,0.6153846153846154,9,4,5,295.7368775516907,0.4216430499325236,0.05141736012448472,0.17492144005968543,131702.08875868045,-10.167100694449658,131691.921657986,697,3,241.02564102564102,39,0,17,35.796377105743865,0.6319444444444444,43.385416666666664,1026.4583333333326,26.319444444444425,0
3857,4,0,0,39,0.0,0.0,1.0,39,1250,700,550,0.56,18,7,11,296.73504152555245,0.42094017094017094,0.04827525217056583,0.17600565820450634,131809.033203125,22.47178819444406,131831.50499131944,698,4,242.02564102564102,39,0,18,35.66350510583623,0.6330128205128205,43.28125,1026.875,26.330128205128204,0
3858,4,0,0,39,0.0,0.0,1.0,39,1250,1000,250,0.8,15,10,5,297.4617205528169,0.4206027890238417,0.04097156687646475,0.17705883825059923,131942.7747938367,49.584960937494685,131992.3597547742,699,5,243.02564102564102,39,0,18,35.510768359863484,0.6343482905982907,43.151041666666664,1027.3958333333326,26.343482905982885,0
3859,4,0,0,39,0.0,0.0,1.0,39,1300,800,500,0.6153846153846154,18,8,10,296.9402639583071,0.4204622132253711,0.03616241914114293,0.17762426698596911,132130.12695312497,46.950954861110574,132177.0779079861,700,6,244.02564102564102,39,0,18,35.33645727794666,0.6362179487179487,42.96875,1028.1249999999998,26.362179487179482,0
3860,4,0,0,39,0.0,0.0,1.0,39,1450,1000,450,0.6896551724137931,19,10,9,295.21472908331987,0.4201529464687359,0.038856335452769786,0.17684222120816354,132183.68055555565,4.513888888898634,132188.19444444455,701,7,245.02564102564102,39,0,18,35.32718800648299,0.6367521367521367,42.91666666666667,1028.3333333333342,26.367521367521388,0
3861,4,0,0,39,0.0,0.0,1.0,39,1650,1400,250,0.8484848484848485,19,14,5,329.1691453499901,0.4196187584345479,-0.047321242443193356,0.19279907084785142,131328.12500000012,845.8333333333469,132173.95833333346,702,8,246.02564102564102,39,0,20,35.31504065040651,0.6282051282051282,43.75000000000001,1025.000000000001,26.282051282051306,8
3862,4,0,1,38,0.0,0.02564102564102564,0.9743589743589743,39,1000,800,200,0.8,12,8,4,328.1684675420175,0.41978744939271256,-0.046087037853582924,0.1923504243167782,131355.5035635365,821.3468615311663,132176.85042506768,703,9,247.02564102564102,38,1,20,35.3130970991836,0.6302083333333333,43.7232905982906,1025.1068376068383,26.976495726495745,0
3863,4,1,0,39,0.02564102564102564,0.0,1.0,39,800,500,300,0.625,11,5,6,327.1226648264107,0.4179318488529015,-0.031640753290237855,0.19283971456893936,131574.63480029593,808.2090318869209,132382.84383218284,704,0,246.35897435897436,38,1,15,35.119233572841814,0.6324013157894737,43.50961538461539,1025.9615384615388,26.99898785425102,0
3864,4,1,1,39,0.025,0.025,0.975,40,1450,1000,450,0.6896551724137931,19,10,9,323.8011174165988,0.4206864316239316,-0.023378104409528477,0.19300894400693364,131996.29041883696,548.1092664930753,132544.39968533002,705,0,241.175,39,1,17,34.780473897617846,0.6348824786324787,43.09895833333334,1027.604166666668,26.348824786324823,0
3865,4,1,1,39,0.025,0.025,0.975,40,950,800,150,0.8421052631578947,11,8,3,322.76084515440874,0.4219684829059829,-0.01819079947309743,0.1929331787297916,132103.35422092007,527.5580512152733,132630.91227213535,706,0,241.85,39,1,18,34.69966984159153,0.6359508547008548,42.994791666666664,1028.0208333333328,26.359508547008534,0
3866,4,0,1,38,0.0,0.02564102564102564,0.9743589743589743,39,1150,1000,150,0.8695652173913043,13,10,3,324.62745738579423,0.4195906432748538,-0.00610462561226055,0.1947157964020583,132233.1242809005,785.3005834976728,133018.42486439817,707,1,248.2051282051282,38,1,21,34.521398151033544,0.6389802631578947,42.86858974358973,1028.525641025639,27.06646423751682,0
3867,4,0,1,37,0.0,0.02631578947368421,0.9736842105263158,38,850,600,250,0.7058823529411765,11,6,5,330.5422324866679,0.4163999525841631,0.0023566378633146368,0.19824080183663328,132228.78674207447,1141.439673745762,133370.22641582025,708,2,254.8421052631579,37,1,21,34.373667377398704,0.6407657657657657,42.872807017543856,1028.5087719298244,27.797534376481742,0
3868,4,0,1,36,0.0,0.02702702702702703,0.972972972972973,37,900,800,100,0.8888888888888888,10,8,2,357.74105171298913,0.41300675675675674,-0.0026559771782701525,0.19957229230079956,129436.83556241432,1881.1844824523462,131318.02004486666,709,3,262.1081081081081,35,2,15,36.50098574461633,0.6166666666666667,45.601851851851855,1017.592592592593,29.074074074074083,8
3869,4,1,1,36,0.02702702702702703,0.02702702702702703,0.972972972972973,37,1150,800,350,0.6956521739130435,15,8,7,359.4414543264704,0.413475975975976,0.017465318078814684,0.2020308863972922,129731.44531250015,1926.1718750000139,131657.61718750015,710,0,263.0,35,2,16,36.15797546012269,0.6196428571428572,45.31250000000001,1018.7500000000011,29.10714285714289,0
3870,4,1,0,37,0.02702702702702703,0.0,1.0,37,950,500,450,0.5263157894736842,14,5,9,356.58885305333206,0.4140077577577577,0.02264783234466461,0.20118373022682223,129878.87577428416,1862.6718696416356,131741.5476439258,711,0,261.43243243243245,35,2,17,36.08079274062298,0.6211309523809524,45.167824074074076,1019.3287037037039,29.123677248677254,0
3871,4,0,0,37,0.0,0.0,1.0,37,850,700,150,0.8235294117647058,10,7,3,358.1955467781335,0.4140077577577577,0.019883643861845712,0.20224271641165378,129908.37191358028,1906.5200617284027,131814.89197530868,712,1,262.43243243243245,35,2,17,36.00987738419619,0.6214285714285714,45.13888888888889,1019.4444444444447,29.126984126984134,0
3872,4,1,0,38,0.02631578947368421,0.0,1.0,38,600,300,300,0.5,9,3,6,349.57121961464634,0.41650367472735894,0.025038183011318438,0.19888034923838918,130205.11379200147,1503.192085666753,131708.30587766823,713,0,256.5,36,2,18,35.928592445474266,0.6223958333333333,44.847972972972975,1020.6081081081082,28.35022522522523,0
3873,4,0,0,38,0.0,0.0,1.0,38,1100,800,300,0.7272727272727273,14,8,6,352.7645184722646,0.4159850640113798,0.022432398575493284,0.20145251433532596,130351.21588059393,1596.669462078892,131947.88534267282,714,1,257.5,35,3,20,35.698954437266245,0.6258928571428571,44.7048611111111,1021.1805555555538,29.17658730158725,0
3874,4,0,0,38,0.0,0.0,1.0,38,1000,800,200,0.8,12,8,4,355.6982294773431,0.41511083451872927,0.0256140350877192,0.20417213361839887,130550.14209733371,1687.2908804074234,132237.43297774112,715,2,258.5,36,2,13,35.42240587695133,0.6258680555555556,44.51013513513513,1021.9594594594586,28.387762762762737,0
3875,4,0,0,38,0.0,0.0,1.0,38,1450,1100,350,0.7586206896551724,18,11,7,358.2514675607139,0.4140143432906591,0.022791948487008717,0.20655756043929147,130722.82745160692,1766.3289556448226,132489.15640725175,716,3,259.5,36,2,15,35.18220276768344,0.6276041666666667,44.34121621621621,1022.6351351351343,28.40653153153151,0
3876,4,1,1,38,0.02564102564102564,0.02564102564102564,0.9743589743589743,39,800,500,300,0.625,11,5,6,350.70423434048087,0.41621682411156097,0.02575640201524032,0.20332132443068612,130935.05333371795,1383.895525546308,132318.94885926426,717,0,253.82051282051282,37,2,16,35.160434968930794,0.6278153153153153,44.133771929824555,1023.4649122807008,27.661213845424346,0
3877,4,0,0,38,0.0,0.0,1.0,38,1150,900,250,0.782608695652174,14,9,5,356.4148867626408,0.41333274063537223,0.023633224408445175,0.20595883151093045,130809.21292914523,1724.470162730286,132533.68309187551,718,1,261.39473684210526,36,2,17,35.14168684867167,0.6284722222222222,44.25675675675675,1022.9729729729719,28.415915915915885,0
3878,4,0,0,38,0.0,0.0,1.0,38,950,800,150,0.8421052631578947,11,8,3,354.16623447631315,0.4132142010431484,0.02790278767238341,0.2051184558754783,130895.62694028474,1671.7622605713698,132567.38920085612,719,2,262.39473684210526,36,2,18,35.11174388320312,0.6293402777777778,44.17229729729729,1023.3108108108097,28.425300300300268,0
3879,4,0,2,36,0.0,0.05263157894736842,0.9473684210526316,38,1400,1100,300,0.7857142857142857,17,11,6,358.9233552982522,0.4123547889995258,0.03385029368363157,0.20912286460202453,131126.20380092924,1812.8514071503846,132939.05520807963,720,3,263.39473684210526,36,2,19,34.75673446948873,0.6316550925925926,43.94707207207207,1024.2117117117111,28.45032532532531,0
3880,4,0,0,36,0.0,0.0,1.0,36,800,600,200,0.75,10,6,4,374.6343860375822,0.4061673280423281,0.03931549350397523,0.21683384161569141,130870.93431122437,2605.7504251700498,133476.6847363944,721,4,278.05555555555554,34,2,19,34.61314717859219,0.6332720588235294,44.19642857142856,1023.2142857142846,30.094537815126017,0
3881,4,0,1,35,0.0,0.027777777777777776,0.9722222222222222,36,900,700,200,0.7777777777777778,11,7,4,376.03989012941696,0.40598544973544975,0.03976516355834758,0.2179915667864192,130931.84700963713,2647.11947278911,133578.96648242624,722,5,279.05555555555554,34,2,19,34.51543173975417,0.6338848039215687,44.13690476190476,1023.4523809523805,30.101540616246485,0
3882,4,0,1,34,0.0,0.02857142857142857,0.9714285714285714,35,700,600,100,0.8571428571428571,8,6,2,381.0395748007224,0.4032913165266106,0.04993158182813384,0.2210029533844189,130951.5570934256,2979.5451268742786,133931.1022202999,723,6,285.6857142857143,33,2,19,34.36751676245211,0.6363636363636364,44.11764705882353,1023.5294117647059,31.016042780748663,0
3883,4,0,0,34,0.0,0.0,1.0,34,1150,800,350,0.6956521739130435,15,8,7,387.5957574898421,0.3999554367201426,0.06812195705962165,0.22492761674804224,130972.46334876542,3352.874228395061,134325.33757716048,724,7,293.7352941176471,32,2,20,34.17853912256898,0.6389973958333333,44.09722222222222,1023.6111111111111,31.98784722222222,0
3884,4,0,0,34,0.0,0.0,1.0,34,1000,400,600,0.4,16,4,12,381.01289783270914,0.3990456030897207,0.06717716672467833,0.22203855080595788,131134.06795224964,3192.754247015594,134326.82219926524,725,8,294.7352941176471,32,2,20,34.18315458579881,0.640625,43.93939393939393,1024.242424242423,32.00757575757572,0
3885,4,0,0,34,0.0,0.0,1.0,34,850,600,250,0.7058823529411765,11,6,5,379.262063475251,0.39837715389185974,0.07196912036533654,0.22157751224633987,131231.0785410927,3154.193927915504,134385.2724690082,726,9,295.7352941176471,32,2,20,34.12969808995686,0.6416015625,43.84469696969696,1024.6212121212116,32.01941287878786,0
3886,4,0,0,34,0.0,0.0,1.0,34,1200,900,300,0.75,15,9,6,380.2173068989785,0.39798722519310753,0.06887134164010433,0.22307547196674152,131392.84256708485,3191.566549331685,134584.40911641653,727,10,296.7352941176471,32,2,20,33.94139983579639,0.6432291666666667,43.68686868686868,1025.2525252525243,32.03914141414138,0
3887,4,0,0,34,0.0,0.0,1.0,34,700,200,500,0.2857142857142857,12,2,10,382.8440751877651,0.3969659833630422,0.059797524820589754,0.22518772069154336,131489.9488094326,3268.0295696867506,134757.97837911933,728,11,297.7352941176471,32,2,20,33.775749928187444,0.6442057291666667,43.59217171717171,1025.6313131313123,32.05097853535351,0
3888,4,0,0,34,0.0,0.0,1.0,34,1000,500,500,0.5,15,5,10,381.73246268367535,0.39717023172905525,0.05169493978693862,0.22548847795733362,131651.87225793276,3251.1586827874526,134903.0309407202,729,12,298.7352941176471,32,2,19,33.6403994422572,0.6458333333333333,43.434343434343425,1026.2626262626254,32.070707070707044,0
3889,4,1,0,35,0.02857142857142857,0.0,1.0,35,1350,900,450,0.6666666666666666,18,9,9,431.14673980642516,0.4034663865546218,0.08744533294296342,0.23889017726534845,129168.29639010954,4194.665066357372,133362.9614564669,730,0,291.1714285714286,31,4,19,34.90897591904702,0.6233198924731183,45.865885416666664,1016.5364583333328,32.79149865591396,8
3890,4,0,0,35,0.0,0.0,1.0,35,1250,1000,250,0.8,15,10,5,432.00687142411465,0.40350140056022404,0.0949753156282318,0.23978182757361197,129236.6922260802,4166.236293463053,133402.92851954326,731,1,292.1714285714286,29,6,19,34.81693643855574,0.6296695402298851,45.79861111111111,1016.8055555555552,35.062260536398455,0
3891,4,1,0,36,0.027777777777777776,0.0,1.0,36,1300,1000,300,0.7692307692307693,16,10,6,419.88445529386956,0.4072751322751323,0.10300284449136399,0.23569514090495872,129680.10210717998,3690.131807145329,133370.2339143253,732,0,285.02777777777777,30,6,18,34.67108735814199,0.63125,45.36290322580645,1018.5483870967739,33.9516129032258,0
3892,4,1,0,37,0.02702702702702703,0.0,1.0,37,1050,800,250,0.7619047619047619,13,8,5,408.60325287150033,0.4085022522522523,0.10261369454139047,0.23127459519573307,130004.92814827578,3224.08730614224,133229.01545441803,733,0,278.2972972972973,32,5,19,34.626614667161896,0.6292317708333333,45.044191919191924,1019.823232323233,31.86947601010103,0
3893,4,0,0,37,0.0,0.0,1.0,37,400,200,200,0.5,6,2,4,409.9321465658445,0.4091278778778779,0.09929647434289102,0.232409951726699,130069.31889921961,3263.9190197429048,133333.23791896252,734,1,279.2972972972973,32,5,19,34.527014481990356,0.6298828125,44.981060606060616,1020.0757575757588,31.87736742424246,0
3894,4,0,0,37,0.0,0.0,1.0,37,1100,700,400,0.6363636363636364,15,7,8,409.17731338413745,0.40853353353353355,0.10734565300266818,0.2325577388727568,130165.93491735547,3252.189508723608,133418.12442607907,735,2,280.2972972972973,32,5,19,34.44769240287057,0.630859375,44.88636363636364,1020.4545454545462,31.889204545454568,0
3895,4,0,0,37,0.0,0.0,1.0,37,1450,900,550,0.6206896551724138,20,9,11,410.9910475574805,0.408252002002002,0.11196957553062736,0.23398116439550612,130231.31315179258,3304.780763408301,133536.09391520088,736,3,281.2972972972973,33,4,19,34.334729059110735,0.6291035353535354,44.822303921568626,1020.7107843137254,30.930629827688648,0
3896,4,1,1,37,0.02631578947368421,0.02631578947368421,0.9736842105263158,38,900,500,400,0.5555555555555556,13,5,8,395.9047140831759,0.41139165481270745,0.1088386727688786,0.22764521059782608,130617.28395061726,2742.407200489125,133359.69115110638,737,0,274.86842105263156,32,6,16,34.326879528985515,0.6354166666666667,44.44444444444444,1022.2222222222221,31.94444444444444,0
3897,4,0,0,37,0.0,0.0,1.0,37,1350,1100,250,0.8148148148148148,16,11,5,403.1683125374422,0.40700075075075076,0.11242609662790604,0.23148998427991097,130561.83073255746,3127.678595648867,133689.50932820633,738,5,283.2972972972973,31,6,16,34.19769503546099,0.6374327956989247,44.498697916666664,1022.0052083333329,32.967909946236546,0
3898,4,0,2,35,0.0,0.05405405405405406,0.9459459459459459,37,1050,700,350,0.6666666666666666,14,7,7,395.6604198500669,0.4068130630630631,0.009754261405119813,0.22525329028921412,130231.31315179233,2905.475207852718,133136.78835964506,739,6,284.2972972972973,33,4,16,34.725932484892134,0.6291035353535354,44.82230392156861,1020.7107843137235,30.93062982768859,8
3899,4,0,0,35,0.0,0.0,1.0,35,800,500,300,0.625,11,5,6,407.64295828651666,0.4054271708683473,0.002085878384538553,0.23127317727551455,130096.4885287814,3606.5834893120564,133703.07201809346,740,8,288.7142857142857,31,4,16,34.55767389917038,0.632728494623656,44.95442708333333,1020.1822916666661,32.90910618279568,0
3900,4,0,0,35,0.0,0.0,1.0,35,550,400,150,0.7272727272727273,7,4,3,408.4170375249221,0.404656862745098,0.004564428808399912,0.23210763764197334,130162.9151238334,3632.150438096769,133795.06556193018,741,9,289.7142857142857,31,4,16,34.47016821913147,0.6334005376344086,44.88932291666666,1020.4427083333321,32.91750672043007,0
3901,4,2,2,35,0.05405405405405406,0.05405405405405406,0.9459459459459459,37,950,600,350,0.631578947368421,13,6,7,385.28526210698675,0.41019144144144143,0.003653263809045404,0.22219803125658624,130732.14215986626,2673.833531574373,133405.97569144063,742,0,275.0,33,4,15,34.481600758937475,0.6341540404040404,44.332107843137244,1022.6715686274498,30.990047534165146,0
3902,4,0,0,35,0.0,0.0,1.0,35,1000,800,200,0.8,12,8,4,406.95396020461214,0.40486694677871143,5.8279303562169815e-05,0.2326637655863683,130395.54172092,3612.996419270811,134008.5381401908,743,11,291.7142857142857,31,4,16,34.27035526092129,0.635752688172043,44.66145833333332,1021.3541666666655,32.9469086021505,0
3903,4,0,0,35,0.0,0.0,1.0,35,900,600,300,0.6666666666666666,12,6,6,404.0290307320417,0.40514705882352936,-0.0024153821706658363,0.23135165517713704,130455.99819214862,3541.60210055095,133997.60029269956,744,12,292.7142857142857,32,3,16,34.2834631071561,0.6337890625,44.60227272727272,1021.590909090908,31.924715909090875,0
3904,4,0,0,35,0.0,0.0,1.0,35,900,700,200,0.7777777777777778,11,7,4,406.7222120274185,0.405532212885154,-0.0037130503838349593,0.2336704262854472,130585.0188277981,3622.365543056823,134207.38437085494,745,13,293.7142857142857,32,3,15,34.083281861231214,0.6350911458333333,44.4760101010101,1022.095959595959,31.94049873737372,0
3905,4,0,1,34,0.0,0.02857142857142857,0.9714285714285714,35,1200,800,400,0.6666666666666666,16,8,8,402.80756157133044,0.4042366946778711,0.005516073853316428,0.23258332546609747,130778.6693481532,3535.727381134572,134314.39672928778,746,14,294.7142857142857,32,3,16,33.98628770110685,0.6370442708333333,44.28661616161616,1022.853535353535,31.96417297979797,0
3906,4,1,0,35,0.02857142857142857,0.0,1.0,35,1000,500,500,0.5,15,5,10,397.9095040943941,0.40315126050420164,0.024776703134083977,0.231300943992935,131037.09323347117,3428.1809573002865,134465.27419077145,747,0,294.65714285714284,32,3,17,33.84896411394746,0.6396484375,44.034090909090914,1023.863636363637,31.995738636363658,0
3907,4,0,0,35,0.0,0.0,1.0,35,900,800,100,0.8888888888888888,10,8,2,395.24504569167755,0.40266106442577027,0.02402789518174142,0.23033245766170168,131134.06795224975,3366.018135904497,134500.08608815426,748,1,295.65714285714284,32,3,17,33.818725345167664,0.640625,43.93939393939394,1024.242424242424,32.00757575757575,0
3908,4,0,0,35,0.0,0.0,1.0,35,400,200,200,0.5,6,2,4,373.88581876297076,0.4025910364145658,0.04401016220441645,0.20549664174115187,128848.62075617298,2661.657611468235,131510.2783676412,749,2,296.65714285714284,32,3,22,36.69060647514819,0.6175130208333333,46.180555555555564,1015.277777777779,31.727430555555593,8
3909,4,0,0,35,0.0,0.0,1.0,35,1000,600,400,0.6,14,6,8,374.08948696352144,0.4022759103641456,0.04728350799779335,0.20614718536925994,128952.32602845074,2647.9418973471884,131600.26792579793,750,3,297.65714285714284,33,2,23,36.57949243886742,0.6161616161616161,46.078431372549026,1015.6862745098051,30.77837195484258,0
3910,4,1,0,36,0.027777777777777776,0.0,1.0,36,1200,700,500,0.5833333333333334,17,7,10,364.4392236179492,0.40583664021164023,0.04996358718268823,0.20271931813748453,129322.448979592,2226.0345804988838,131548.48356009088,751,0,290.3611111111111,34,2,25,36.447116885143565,0.6176470588235294,45.71428571428572,1017.1428571428584,29.915966386554658,0
3911,4,0,0,36,0.0,0.0,1.0,36,1050,600,450,0.5714285714285714,15,6,9,363.5183316246341,0.4062665343915344,0.047624619705125104,0.20251810052569272,129383.00028344683,2206.6184807256404,131589.61876417248,752,1,291.3611111111111,34,2,25,36.40884624385679,0.6182598039215687,45.65476190476191,1017.3809523809534,29.9229691876751,0
3912,4,0,0,36,0.0,0.0,1.0,36,900,600,300,0.6666666666666666,12,6,6,365.24742655859933,0.4061673280423281,0.05204678362573123,0.2041088560180408,129504.14540816325,2260.211167800453,131764.3565759637,753,2,292.3611111111111,34,2,19,36.2414717348928,0.6194852941176471,45.535714285714285,1017.8571428571428,29.936974789915965,0
3913,4,0,2,34,0.0,0.05555555555555555,0.9444444444444444,36,1100,800,300,0.7272727272727273,14,8,6,358.24817746581243,0.4050595238095238,-0.0839976464335872,0.19822162862805917,129113.15164448308,2053.1246801382676,131166.27632462134,754,3,293.3611111111111,35,1,17,36.81777417150667,0.6133928571428571,45.92013888888889,1016.3194444444448,29.037698412698422,8
3914,4,0,0,34,0.0,0.0,1.0,34,1050,700,350,0.6666666666666666,14,7,7,373.16745669720956,0.3999925727866904,-0.06951244741741913,0.20536247778239997,128898.98667800461,2820.1814058957043,131719.16808390032,755,4,309.88235294117646,34,0,17,36.65738569753811,0.6133578431372548,46.13095238095239,1015.476190476191,29.8669467787115,0
3915,4,0,1,33,0.0,0.029411764705882353,0.9705882352941176,34,800,500,300,0.625,11,5,6,374.8545431447811,0.3992869875222816,-0.06803236879471708,0.20692164755482284,129019.90504535145,2872.7395124716504,131892.6445578231,756,5,310.88235294117646,34,0,18,36.4910456214358,0.6145833333333333,46.01190476190476,1015.9523809523807,29.880952380952376,0
3916,4,2,1,34,0.05714285714285714,0.02857142857142857,0.9714285714285714,35,1450,900,550,0.6206896551724138,20,9,11,368.15501940689126,0.4054271708683473,-0.04732288987608102,0.20636946500698208,129625.34722222218,2544.5719954648484,132169.919217687,757,0,302.6857142857143,34,1,14,36.04405346426623,0.6207107843137255,45.416666666666664,1018.3333333333329,29.95098039215685,0
3917,4,0,0,34,0.0,0.0,1.0,34,950,500,450,0.5263157894736842,14,5,9,377.59004845307487,0.40106951871657753,-0.03868925369329035,0.21105403381233107,129513.05537533636,2980.568170895803,132493.62354623218,758,1,312.5882352941176,33,1,14,35.91831206356849,0.6218434343434344,45.52696078431372,1017.8921568627447,30.84521687462863,0
3918,4,0,0,34,0.0,0.0,1.0,34,650,500,150,0.7692307692307693,8,5,3,373.9438597459909,0.40108808674985147,-0.04495833716805997,0.2095144659898474,129606.62853529885,2893.120584630902,132499.74911992974,759,2,313.5882352941176,33,1,14,35.915748987042164,0.622790404040404,45.43504901960784,1018.259803921568,30.856357694592973,0
3919,4,0,0,34,0.0,0.0,1.0,34,1300,1100,200,0.8461538461538461,15,11,4,371.0408660144993,0.4021093285799168,-0.043533534909290794,0.2089545929660598,129807.25623582747,2832.759353741474,132640.01558956894,760,3,314.5882352941176,34,0,16,35.78538746105918,0.6225490196078431,45.23809523809523,1019.0476190476176,29.971988795518165,0
3920,4,0,0,34,0.0,0.0,1.0,34,1000,800,200,0.8,12,8,4,370.5952080891662,0.4018308080808081,-0.04557260353037351,0.20886540990463118,129837.58680555534,2823.437499999977,132661.02430555533,761,4,315.5882352941176,34,0,16,35.76587626056145,0.6228553921568627,45.20833333333332,1019.1666666666649,29.97549019607838,0
3921,4,0,1,33,0.0,0.029411764705882353,0.9705882352941176,34,700,600,100,0.8571428571428571,8,6,2,374.0599767786533,0.40197935234699944,-0.04819546032073052,0.2114735116243672,129958.94451530604,2922.487953514727,132881.43246882077,762,5,316.5882352941176,34,0,16,35.5540961276513,0.6240808823529411,45.08928571428571,1019.6428571428565,29.98949579831931,0
3922,4,0,1,32,0.0,0.030303030303030304,0.9696969696969697,33,950,800,150,0.8421052631578947,11,8,3,385.3345388399097,0.3975299873737374,-0.044585778448021474,0.21762376297414845,129918.78311526812,3412.438875672812,133331.22199094092,763,6,326.8484848484849,33,0,17,35.30760407901592,0.6259469696969697,45.12867647058823,1019.4852941176466,30.893493761140807,0
3923,4,0,1,31,0.0,0.03125,0.96875,32,1000,800,200,0.8,12,8,4,398.0199617056093,0.39587533602150543,-0.04362221189591087,0.21474830598614963,128110.51133078965,3821.994708833367,131932.50603962303,764,7,331.875,30,2,17,36.83505930253143,0.6152777777777778,46.90860215053763,1012.3655913978492,33.74551971326164,7
3924,4,0,0,31,0.0,0.0,1.0,31,800,400,400,0.5,12,4,8,407.58497359062494,0.39009856630824374,-0.03913989921497363,0.21916426294215885,127974.47681812929,4232.094750838254,132206.57156896754,765,8,342.48387096774195,30,1,18,36.73286397449523,0.6138888888888889,47.043010752688176,1011.8279569892476,33.72759856630825,0
3925,4,1,1,31,0.03125,0.03125,0.96875,32,850,600,250,0.7058823529411765,11,6,5,392.3058214000568,0.39625336021505375,-0.03644659196393041,0.21329330924137183,128416.85319473346,3675.848725286153,132092.7019200196,766,0,332.75,30,2,17,36.66539583609601,0.6184027777777779,46.60618279569892,1013.5752688172039,33.785842293906796,0
3926,4,0,0,31,0.0,0.0,1.0,31,600,300,300,0.5,9,3,6,404.62796038386335,0.38947132616487457,-0.05993062962434137,0.20263050793147566,125065.1126437716,3920.9682888454763,128986.08093261707,767,10,344.48387096774195,31,0,18,39.81656252711967,0.5813172043010753,49.93489583333333,1000.2604166666658,32.26646505376341,8
3927,4,5,1,35,0.1388888888888889,0.027777777777777776,0.9722222222222222,36,400,200,200,0.5,6,2,4,358.9779784799615,0.4177248677248677,-0.01179208076983751,0.186368665486034,126552.40929705213,1893.535006776142,128445.94430382828,768,0,297.5,34,2,16,39.42237537466477,0.5894607843137255,48.45238095238095,1006.190476190476,29.593837535014,0
3928,4,2,0,37,0.05405405405405406,0.0,1.0,37,1100,800,300,0.7272727272727273,14,8,6,354.0958107985199,0.42042042042042044,0.011853414838489229,0.1860177630913816,127033.66796339158,1596.4179312414149,128630.085894633,769,0,290.4054054054054,35,2,19,39.05042097206273,0.5922619047619048,47.97453703703703,1008.1018518518514,28.80291005291004,0
3929,4,3,2,38,0.075,0.05,0.95,40,900,700,200,0.7777777777777778,11,7,4,335.53028655019915,0.42772435897435895,0.02465123652504797,0.1793665294541234,127739.20323800124,572.0742932281318,128311.27753122937,770,0,269.55,38,2,17,38.795973367152826,0.59375,47.27564102564102,1010.8974358974352,26.602564102564084,0
3930,4,0,0,38,0.0,0.0,1.0,38,700,400,300,0.5714285714285714,10,4,6,349.5352391812775,0.4219120436225699,0.024766420958730162,0.18570094934701997,127489.7532667803,1312.4322802532238,128802.18554703353,771,1,284.7105263157895,36,2,17,38.69754497472494,0.5949074074074074,47.52252252252252,1009.9099099099101,28.05305305305306,0
3931,4,4,3,39,0.09523809523809523,0.07142857142857142,0.9285714285714286,42,1100,500,600,0.45454545454545453,17,5,12,330.9542631846127,0.4293457220286489,0.08332477667111626,0.18097493369763878,128645.99745008697,116.865401217326,128762.8628513043,772,0,258.5,39,3,15,37.98655320532568,0.6012286324786325,46.38020833333334,1014.479166666668,26.01228632478636,0
3932,4,1,1,39,0.025,0.025,0.975,40,1150,600,550,0.5217391304347826,17,6,11,347.3654067610252,0.4239316239316239,0.07775283937263366,0.18901666777549603,128450.017373134,923.8185066558872,129373.8358797899,773,0,272.3,37,3,15,37.7703037678024,0.602759009009009,46.5734649122807,1013.7061403508769,27.397463252726403,0
3933,4,0,0,39,0.0,0.0,1.0,39,900,500,400,0.5555555555555556,13,5,8,356.71690743888314,0.4211369770580297,0.07974168027519135,0.19345280387146663,128315.61872260773,1354.4701373670969,129670.08885997483,774,2,280.28205128205127,36,3,19,37.670658738097885,0.6032986111111112,46.70608108108108,1013.1756756756756,28.143768768768766,0
3934,4,1,0,40,0.025,0.0,1.0,40,900,500,400,0.5555555555555556,13,5,8,351.2244650389566,0.42251602564102564,0.09158019887591928,0.19205252662768457,128644.60699445974,1036.6266543551792,129681.23364881492,775,0,274.25,37,3,16,37.4738795215449,0.6047297297297297,46.38157894736842,1014.4736842105256,27.418207681365555,0
3935,4,4,5,39,0.09090909090909091,0.11363636363636363,0.8863636363636364,44,1200,900,300,0.75,15,9,6,324.2284796286936,0.43302942212825934,0.12133902326734458,0.18212133636911515,129706.17992567387,-389.11249685060346,129317.06742882327,776,0,250.22727272727272,41,3,15,37.0804116348526,0.608739837398374,45.33730158730158,1018.6507936507928,24.845141308555924,0
3936,4,0,0,39,0.0,0.0,1.0,39,1650,1200,450,0.7272727272727273,21,12,9,361.232452748084,0.4186628430049482,0.11423797304324879,0.19959586167458415,129058.31665702854,1524.0104547114545,130582.32711174,777,1,282.5128205128205,36,3,18,36.79785917470168,0.6108217592592593,45.97409909909909,1016.1036036036027,28.225100100100075,0
3937,4,0,0,39,0.0,0.0,1.0,39,1050,700,350,0.6666666666666666,14,7,7,363.0114229424819,0.41821300044984255,0.11547268006386169,0.20101479162446861,129144.15048494426,1576.1603664475147,130720.31085139177,778,2,283.5128205128205,36,3,19,36.66514328975554,0.6116898148148149,45.88963963963963,1016.4414414414402,28.23448448448445,0
3938,4,0,0,39,0.0,0.0,1.0,39,1450,1000,450,0.6896551724137931,19,10,9,362.6368768290249,0.4183816914080072,0.11932131037732097,0.2019766674027998,129373.18019032551,1583.097201931665,130956.27739225718,779,3,284.5128205128205,36,3,19,36.44126817209062,0.6140046296296297,45.664414414414416,1017.3423423423427,28.25950950950952,0
3939,4,0,0,39,0.0,0.0,1.0,39,900,400,500,0.4444444444444444,14,4,10,367.6479953972902,0.4180443094916779,0.1255320597950076,0.2050658818771553,129430.46932067211,1716.9705178151198,131147.43983848725,780,4,285.5128205128205,36,3,19,36.25544119817028,0.6145833333333333,45.60810810810811,1017.5675675675683,28.265765765765785,0
3940,4,0,0,39,0.0,0.0,1.0,39,1400,1100,300,0.7857142857142857,17,11,6,368.26972691513157,0.4172008547008547,0.1298188593841727,0.20616263783527616,129573.74762854094,1743.6177309066086,131317.36535944755,781,5,286.5128205128205,36,3,19,36.093675109685506,0.6160300925925926,45.467342342342356,1018.1306306306326,28.28140640640646,0
3941,4,1,0,40,0.025,0.0,1.0,40,1500,1200,300,0.8,18,12,6,391.61133098973346,0.4207665598290598,0.18512382481082335,0.20751118037013705,127383.94445516121,1980.6515079111944,129364.59596307241,782,0,280.325,35,5,14,37.744114499732476,0.5958333333333333,47.62731481481482,1009.490740740741,28.8425925925926,8
3942,4,0,0,40,0.0,0.0,1.0,40,1200,800,400,0.6666666666666666,16,8,8,388.8409543628776,0.42031250000000003,0.18982584784601286,0.20693925912678002,127559.26354595322,1920.0531550068424,129479.31670096006,783,1,281.325,35,5,14,37.63366941643751,0.5976190476190476,47.453703703703695,1010.185185185184,28.86243386243383,0
3943,4,0,1,39,0.0,0.025,0.975,40,850,700,150,0.8235294117647058,10,7,3,386.4640124025052,0.42028579059829063,0.19522446174988617,0.20627162324563994,127676.20991940988,1868.4520747599142,129544.6619941698,784,2,282.325,35,5,14,37.573484501450594,0.5988095238095238,47.33796296296295,1010.6481481481459,28.87566137566131,0
3944,4,0,0,39,0.0,0.0,1.0,39,850,600,250,0.7058823529411765,11,6,5,386.5467906509892,0.42054655870445345,0.17814655120354672,0.2067100343959819,127753.0895691607,2076.5093537414627,129829.59892290217,785,3,272.87179487179486,34,5,14,37.49239480295179,0.6017156862745099,47.261904761904745,1010.9523809523786,29.7338935574229,0
3945,4,2,0,41,0.04878048780487805,0.0,1.0,41,750,400,350,0.5333333333333333,11,4,7,369.8744376855652,0.4255589430894309,0.18157512981466706,0.20030226170870893,128258.57688347112,1287.913800624929,129546.49068409605,786,0,260.5121951219512,36,5,16,37.39577543079488,0.6027199074074074,46.76238738738738,1012.9504504504489,28.13751251251247,0
3946,4,1,1,41,0.023809523809523808,0.023809523809523808,0.9761904761904762,42,1250,900,350,0.72,16,9,7,359.44832587732833,0.42750677506775064,0.1837782340862426,0.19668689292388594,128672.41753472193,850.2170138888545,129522.63454861079,787,0,255.28571428571428,37,5,16,37.23690965092401,0.6050112612612613,46.35416666666665,1014.583333333331,27.421171171171107,0
3947,4,0,0,41,0.0,0.0,1.0,41,1200,900,300,0.75,15,9,6,364.1959564657744,0.4250508130081301,0.18241238140622973,0.19907021698080668,128629.57552146731,1169.2742573654618,129798.84977883278,788,1,262.4878048780488,36,5,16,37.16025569863825,0.6064814814814814,46.39639639639639,1014.4144144144136,28.178178178178158,0
3948,4,0,1,40,0.0,0.024390243902439025,0.975609756097561,41,1200,800,400,0.6666666666666666,16,8,8,364.418926365182,0.42477134146341466,0.18531930325961077,0.19976541146003762,128743.8367421475,1183.3381523415287,129927.17489448903,789,2,263.4878048780488,36,5,16,37.037884672288804,0.6076388888888888,46.28378378378378,1014.8648648648644,28.19069069069068,0
3949,4,1,0,41,0.024390243902439025,0.0,1.0,41,900,600,300,0.6666666666666666,12,6,6,357.6341414950701,0.4247967479674797,0.17931936465387288,0.19803716325978524,129144.15048494427,1037.2714775586267,130181.42196250289,790,0,248.82926829268294,36,5,17,36.80178558239162,0.6116898148148149,45.88963963963963,1016.4414414414404,28.234484484484454,0
3950,4,0,0,41,0.0,0.0,1.0,41,1350,800,550,0.5925925925925926,19,8,11,357.2483840548044,0.42311991869918697,0.17694808701851406,0.19868641655067693,129315.90374157943,1039.5795288531776,130355.48327043261,791,1,249.82926829268294,36,5,18,36.63663455860643,0.6134259259259259,45.72072072072072,1017.1171171171172,28.253253253253256,0
3951,4,0,0,41,0.0,0.0,1.0,41,1450,900,550,0.6206896551724138,20,9,11,354.38058498003033,0.42273882113821143,0.17447512529789444,0.1978095952109039,129459.11864144554,975.5596390309266,130434.67828047647,792,2,250.82926829268294,36,5,12,36.56380251558407,0.6148726851851851,45.57995495495496,1017.6801801801805,28.268893893893903,0
3952,4,1,2,40,0.023809523809523808,0.047619047619047616,0.9523809523809523,42,1150,900,250,0.782608695652174,14,9,5,340.92171489004966,0.42387727448703055,0.1681009753298912,0.1923063265544841,129871.11418898105,455.17659279776547,130326.29078177882,793,0,245.83333333333334,37,5,13,36.487915949512335,0.6171171171171171,45.17543859649122,1019.2982456140337,27.548601232811723,0
3953,4,0,0,40,0.0,0.0,1.0,40,1200,800,400,0.6666666666666666,16,8,8,364.1335341640651,0.41794871794871796,0.17201738438813807,0.20451430977523502,129701.96926708231,1445.7672914523134,131147.7365585346,794,1,258.325,35,5,14,36.06846286406847,0.6193452380952381,45.341435185185176,1018.6342592592579,29.10383597883594,0
3954,4,0,1,39,0.0,0.025,0.975,40,850,600,250,0.7058823529411765,11,6,5,364.08009989263894,0.4178285256410256,0.16838936846887798,0.20494636825158521,129790.4074502743,1450.8209019204314,131241.22835219474,795,2,259.325,35,5,14,35.97985764046645,0.6202380952380953,45.254629629629626,1018.9814814814811,29.113756613756603,0
3955,4,0,1,38,0.0,0.02564102564102564,0.9743589743589743,39,1400,1100,300,0.7857142857142857,17,11,6,368.7902189737375,0.415429599640126,0.1642155791877482,0.20744155256394933,129760.92470689707,1770.9119673782322,131531.8366742753,796,3,266.7692307692308,35,4,14,35.88987182399939,0.6199404761904762,45.2835648148148,1018.865740740739,29.110449735449688,0
3956,4,1,0,39,0.02564102564102564,0.0,1.0,39,1050,800,250,0.7619047619047619,13,8,5,360.0679957525897,0.4181848852901484,0.16848653067874708,0.20406940492395936,130055.90284475713,1565.7936546210242,131621.69649937816,797,0,265.38461538461536,35,4,16,35.812270698589195,0.6229166666666667,44.99421296296295,1020.0231481481461,29.14351851851846,0
3957,4,0,0,39,0.0,0.0,1.0,39,1550,1000,550,0.6451612903225806,21,10,11,361.34185987529713,0.4176225820962663,0.16855135185443748,0.20525707710442112,130144.46159122068,1605.3283607681547,131749.78995198885,798,1,266.38461538461536,35,4,17,35.68984422262553,0.6238095238095238,44.9074074074074,1020.370370370369,29.153439153439113,0
3958,4,1,0,40,0.025,0.0,1.0,40,1200,900,300,0.75,15,9,6,361.17040889596166,0.4189503205128205,0.18709801762114542,0.2080854893892975,130694.03863322765,1440.5638746854743,132134.60250791314,799,0,260.7,36,4,13,35.13674743024963,0.6273148148148149,44.36936936936936,1022.5225225225212,28.403403403403367,0
3959,4,0,0,40,0.0,0.0,1.0,40,950,500,450,0.5263157894736842,14,5,9,361.29965833815106,0.4190037393162393,0.18705131028407873,0.20847036194581212,130751.61944038607,1448.1030861942709,132199.72252658033,800,1,261.7,36,4,13,35.07510276737868,0.6278935185185186,44.31306306306305,1022.7477477477457,28.409659659659603,0
3960,4,0,0,40,0.0,0.0,1.0,40,950,600,350,0.631578947368421,13,6,7,365.07321393468214,0.4189770299145299,0.1922757292239956,0.21111967845936255,130838.01442912495,1553.090886494586,132391.10531561953,801,2,262.7,36,4,13,34.89107503210419,0.6287615740740741,44.228603603603595,1023.0855855855846,28.419044044044014,0
3961,4,0,1,39,0.0,0.025,0.975,40,1400,1100,300,0.7857142857142857,17,11,6,364.7768936813184,0.41881677350427354,0.19283867062837068,0.21126371146476328,130895.62694028465,1549.5400383491324,132445.1669786338,802,3,263.7,36,4,14,34.84029382634533,0.6293402777777778,44.172297297297284,1023.310810810809,28.42530030030025,0
3962,4,2,0,41,0.04878048780487805,0.0,1.0,41,1350,800,550,0.5925925925925926,19,8,11,367.69366012902316,0.41880081300813005,0.2233384832476062,0.21650430188204725,131530.20154867697,1473.277585017444,133003.4791336944,803,0,258.0,36,5,17,34.12353167197278,0.6357060185185186,43.552927927927925,1025.7882882882877,28.494119119119105,0
3963,4,0,0,41,0.0,0.0,1.0,41,1000,700,300,0.7,13,7,6,369.7092411978224,0.4186229674796748,0.22104327715796912,0.2181859200644143,131616.85333982625,1531.993395422443,133148.8467352487,804,1,259.0,36,5,13,33.98426068188469,0.6365740740740741,43.468468468468465,1026.1261261261257,28.50350350350349,0
3964,4,0,0,41,0.0,0.0,1.0,41,1150,700,450,0.6086956521739131,16,7,9,363.81144389436696,0.4183689024390244,0.21791535441788312,0.21545645472377947,131749.9269606993,1386.4262321098654,133136.35319280915,805,2,260.0,37,4,13,34.00118818754674,0.6359797297297297,43.33881578947368,1026.644736842104,27.747155049786596,0
3965,4,0,0,41,0.0,0.0,1.0,41,1500,1200,300,0.8,18,12,6,362.0306350233113,0.41801321138211384,0.20933744350253103,0.2151968901585265,131890.6779008925,1349.6931748230186,133240.37107571552,806,3,261.0,37,4,14,33.9048711927128,0.6373873873873874,43.20175438596491,1027.1929824561398,27.76197249881459,0
3966,4,0,0,41,0.0,0.0,1.0,41,1600,1200,400,0.75,20,12,8,393.42351593249674,0.4171747967479675,0.23582619932159576,0.219729811689266,129481.87183114664,2172.8908140387302,131654.76264518537,807,4,262.0,33,8,17,35.547235601043546,0.6215277777777778,45.557598039215684,1017.769607843137,30.84150326797385,8
3967,4,0,0,41,0.0,0.0,1.0,41,1000,500,500,0.5,15,5,10,398.23113139068863,0.4169715447154472,0.23743068523613364,0.22340113633097305,129655.65653344667,2126.583758503397,131782.24029195006,808,5,263.0,34,7,17,35.247418663549574,0.6210171568627452,45.38690476190476,1018.4523809523806,29.954481792717075,0
3968,4,1,0,42,0.023809523809523808,0.0,1.0,42,1250,900,350,0.72,16,9,7,388.6624215783759,0.42012679055361984,0.23807091784619927,0.21994249174868774,129996.88042534713,1704.98046874999,131701.86089409713,809,0,257.7142857142857,35,7,19,35.143215866530475,0.6223214285714286,45.05208333333333,1019.7916666666658,29.136904761904738,0
3969,4,0,0,42,0.0,0.0,1.0,42,1100,700,400,0.6363636363636364,15,7,8,389.5321462686742,0.4195339721254356,0.2430126865308897,0.22143810017091559,130173.98787133489,1741.3905767746896,131915.37844810958,810,1,258.7142857142857,35,7,21,34.94066859476011,0.6241071428571429,44.87847222222222,1020.4861111111112,29.156746031746035,0
3970,4,1,1,42,0.023255813953488372,0.023255813953488372,0.9767441860465116,43,1200,800,400,0.6666666666666666,16,8,8,379.6526597904824,0.42188076781100037,0.23350105264869203,0.21767259712636658,130505.75573979579,1309.43173855189,131815.18747834768,811,0,253.67441860465115,34,9,18,34.85547982445921,0.6295955882352942,44.55357142857142,1021.7857142857132,30.05252100840333,0
3971,4,1,0,43,0.023255813953488372,0.0,1.0,43,1750,1300,450,0.7428571428571429,22,13,9,375.8213890267143,0.4205657069029162,0.2303216390894791,0.21649429311538887,130688.28124999987,1223.0902777777612,131911.37152777764,812,0,254.65116279069767,34,9,19,34.76806574300461,0.6314338235294117,44.37499999999999,1022.499999999999,30.073529411764675,0
3972,4,0,0,43,0.0,0.0,1.0,43,1300,800,500,0.6153846153846154,18,8,10,377.49737397744303,0.4197582133628645,0.23668661465040564,0.21866357322844301,130901.38888888861,1282.9861111110774,132184.37499999968,813,1,255.65116279069767,34,9,19,34.50902551574376,0.633578431372549,44.16666666666665,1023.3333333333311,30.09803921568621,0
3973,4,0,0,43,0.0,0.0,1.0,43,1450,1200,250,0.8275862068965517,17,12,5,374.5998362515148,0.41915836101882614,0.2335992092076833,0.2177207721078116,131031.70680083986,1216.891182270196,132248.59798311006,814,2,256.6511627906977,35,8,20,34.45107016353908,0.6327380952380952,44.03935185185183,1023.84259259259,29.25264550264543,0
3974,4,0,0,43,0.0,0.0,1.0,43,1050,500,550,0.47619047619047616,16,5,11,374.5430094563981,0.4186046511627907,0.2326143994762715,0.21805980332883984,131097.37059694805,1220.320743040305,132317.69133998835,815,3,257.6511627906977,36,7,20,34.38599626127116,0.6313657407407407,43.97522522522521,1024.099099099097,28.447197197197138,0
3975,4,0,0,43,0.0,0.0,1.0,43,1050,700,350,0.6666666666666666,14,7,7,376.34631005767875,0.41752030269472135,0.23408147873423513,0.21962545751835624,131187.6746330598,1274.3994546398503,132462.07408769964,816,4,258.6511627906977,37,6,20,34.24834546362695,0.6303490990990991,43.88706140350875,1024.451754385962,27.687885253674647,0
3976,4,0,1,42,0.0,0.023255813953488372,0.9767441860465116,43,1400,1100,300,0.7857142857142857,17,11,6,370.4045072091768,0.4160437430786268,0.22168897383524055,0.21728762416283984,131387.44882758884,1133.450933917429,132520.89976150627,817,5,259.6511627906977,35,8,20,34.19837058779258,0.6363095238095238,43.69212962962961,1025.231481481479,29.292328042327973,0
3977,4,0,0,42,0.0,0.0,1.0,42,1200,1000,200,0.8333333333333334,14,10,4,387.92510536085274,0.4151180797522261,0.16991127211634405,0.221846198336881,130406.32482144304,1721.4488798263965,132127.77370126944,818,6,257.6190476190476,36,6,17,34.74526828371923,0.6244212962962963,44.6509009009009,1021.3963963963961,28.372122122122114,8
3978,4,0,1,41,0.0,0.023809523809523808,0.9761904761904762,42,600,200,400,0.3333333333333333,10,2,8,392.0741091715363,0.4153479481223384,0.17195825524565445,0.22438512582302872,130435.08193582093,1828.0437109406644,132263.1256467616,819,7,258.6190476190476,36,6,17,34.61006687980009,0.6247106481481481,44.622747747747745,1021.5090090090088,28.375250250250243,0
3979,4,0,0,41,0.0,0.0,1.0,41,1550,1300,250,0.8387096774193549,18,13,5,397.4714988834486,0.41427845528455287,0.17158109205072591,0.22798080789307298,130521.3723013555,2175.7050969888887,132697.07739834438,820,11,265.7560975609756,36,5,15,34.38441334214973,0.6255787037037037,44.53828828828829,1021.8468468468476,28.384634634634654,0
3980,4,0,0,41,0.0,0.0,1.0,41,1350,700,650,0.5185185185185185,20,7,13,360.34266339671444,0.41417682926829263,0.04510000102093925,0.2054555185810862,130289.85407991824,1192.284200247217,131482.13828016544,821,12,266.7560975609756,38,3,15,35.567749755825304,0.6195175438596492,44.76495726495727,1020.9401709401714,26.86684660368872,8
3981,4,0,1,40,0.0,0.024390243902439025,0.975609756097561,41,1150,800,350,0.6956521739130435,15,8,7,356.4088414027875,0.41267784552845527,0.04316707727264779,0.20460662042145997,130555.1771375869,1106.2038845486156,131661.38102213552,822,13,267.7560975609756,39,2,12,35.39914806509699,0.6204594017094017,44.505208333333336,1021.9791666666674,26.204594017094035,0
3982,4,0,0,40,0.0,0.0,1.0,40,1350,1100,250,0.8148148148148148,16,11,5,364.6260522127364,0.4127804487179487,0.04670639899623641,0.20906975799536034,130508.0950032873,1517.3302925706769,132025.42529585797,823,14,274.2,38,2,12,35.23695629443747,0.6217105263157895,44.55128205128205,1021.7948717948716,26.88933873144399,0
3983,4,0,1,39,0.0,0.025,0.975,40,1300,900,400,0.6923076923076923,17,9,8,364.1112293613928,0.4125934829059829,0.04142274722977235,0.20906890876777232,130562.68376981535,1507.8678592300596,132070.55162904543,824,15,275.2,38,2,12,35.19474353613492,0.6222587719298245,44.49786324786326,1022.0085470085484,26.894961763382852,0
3984,4,0,1,38,0.0,0.02564102564102564,0.9743589743589743,39,1250,700,550,0.56,18,7,11,366.29946639675325,0.41163405308142154,0.05948074913592194,0.21091972884578383,130671.89554569362,1773.0091222879719,132444.9046679816,825,16,282.71794871794873,38,1,12,35.028082549634284,0.6233552631578947,44.39102564102564,1022.4358974358975,26.90620782726046,0
3985,4,0,0,38,0.0,0.0,1.0,38,550,300,250,0.5454545454545454,8,3,5,372.5862284420841,0.4071538643907065,0.06034229718440254,0.214444073703333,130654.64854570647,2136.0245460141678,132790.67309172064,826,23,290.7368421052632,37,1,13,34.88488488488489,0.625,44.40789473684211,1022.3684210526324,27.631578947368443,0
3986,4,1,0,39,0.02564102564102564,0.0,1.0,39,950,600,350,0.631578947368421,13,6,7,365.9352641374107,0.4119995501574449,0.06335566013995741,0.21190616444426383,130890.45606874145,1779.486722916222,132669.94279165767,827,0,284.2564102564103,38,1,14,34.815897542980444,0.6255482456140351,44.17735042735043,1023.2905982905993,26.92869995501577,0
3987,4,0,0,39,0.0,0.0,1.0,39,1000,900,100,0.9,11,9,2,366.93920308412277,0.41194331983805665,0.06478099015412453,0.21294030919133755,130972.46334876555,1811.7862654321125,132784.24961419767,828,1,285.2564102564103,38,1,14,34.7071460877431,0.6263706140350878,44.09722222222223,1023.6111111111121,26.937134502924003,0
3988,4,0,0,39,0.0,0.0,1.0,39,1150,1000,150,0.8695652173913043,13,10,3,364.62195184670884,0.41126855600539813,0.06389791741904416,0.2121980211566912,131081.84633875734,1759.0637327416132,132840.91007149895,829,2,286.2564102564103,38,1,14,34.65571205007825,0.627467105263158,43.99038461538461,1024.0384615384612,26.94838056680161,0
3989,4,1,0,40,0.025,0.0,1.0,40,1350,1000,350,0.7407407407407407,17,10,7,358.13155190887875,0.41312767094017094,0.0809178873088845,0.21053453205554626,131468.650510253,1417.0766450270808,132885.7271552801,830,0,280.075,37,3,16,34.43090897751165,0.6331644144144144,43.61293859649122,1025.548245614034,27.717520151730646,0
3990,4,0,0,40,0.0,0.0,1.0,40,1300,1000,300,0.7692307692307693,16,10,6,357.8855876941215,0.41247329059829063,0.07991564257446426,0.21082315417416878,131547.2334082109,1415.7717875666538,132963.00519577754,831,1,281.075,38,2,16,34.35785947372077,0.6321271929824561,43.53632478632478,1025.8547008547,26.99617633828158,0
3991,4,0,0,40,0.0,0.0,1.0,40,1150,700,450,0.6086956521739131,16,7,9,352.87907581184623,0.41229967948717944,0.07445346658338536,0.2084721034593231,131656.8560979618,1291.7899408283947,132948.6460387902,832,2,282.075,38,2,14,34.37565063501977,0.6332236842105263,43.429487179487175,1026.2820512820508,27.007422402159232,0
3992,4,0,0,40,0.0,0.0,1.0,40,1150,600,550,0.5217391304347826,17,6,11,349.56618191050865,0.411832264957265,0.07447976277182389,0.20725975165588528,131793.94866544308,1214.1414867777034,133008.09015222077,833,3,283.075,38,2,14,34.32243436340304,0.6345942982456141,43.29594017094017,1026.8162393162395,27.0214799820063,0
3993,4,0,0,40,0.0,0.0,1.0,40,1000,600,400,0.6,14,6,8,353.2812668708008,0.41160523504273505,0.06801684692179699,0.2102198429597534,131931.11257213802,1321.7581178318128,133252.87068996983,834,4,284.075,38,2,14,34.088801650027726,0.6359649122807017,43.16239316239315,1027.3504273504257,27.035537561853307,0
3994,4,0,0,40,0.0,0.0,1.0,40,1100,900,200,0.8181818181818182,13,9,4,353.52071073848185,0.41141826923076924,0.06620399251403541,0.21066680271887958,131985.99810979608,1331.9567718606008,133317.95488165668,835,5,285.075,38,2,14,34.027344562279026,0.6365131578947368,43.10897435897435,1027.5641025641019,27.041160593792153,0
3995,4,0,0,40,0.0,0.0,1.0,40,700,500,200,0.7142857142857143,9,5,4,353.52071073848185,0.4112446581196581,0.06620399251403541,0.21066680271887958,131985.99810979608,1331.9567718606008,133317.95488165668,836,6,286.075,38,2,14,34.027344562279026,0.6365131578947368,43.10897435897435,1027.5641025641019,27.041160593792153,0
3996,4,0,1,39,0.0,0.025,0.975,40,1350,1000,350,0.7407407407407407,17,10,7,352.65904721801945,0.41069711538461534,0.06554108825615579,0.21080509612323625,132103.35422091995,1317.4886067708135,133420.84282769077,837,7,287.075,39,1,14,33.931270476576486,0.6359508547008548,42.99479166666666,1028.0208333333317,26.359508547008506,0
3997,4,1,0,40,0.025,0.0,1.0,40,1450,1100,350,0.7586206896551724,18,11,7,351.53351615221845,0.4083066239316239,0.07460560456668408,0.21208675191775947,132452.9860312109,1312.6610143893715,133765.64704560026,838,0,287.8,38,2,18,33.608372253935286,0.6411732456140351,42.654914529914514,1029.3803418803395,27.088956365272093,0
3998,4,0,0,40,0.0,0.0,1.0,40,700,400,300,0.5714285714285714,10,4,6,353.41041043376737,0.4080395299145299,0.07198557642419878,0.21353079155800692,132507.98000447414,1365.9399198261112,133873.91992430025,839,1,288.8,38,2,18,33.504764622462034,0.6417214912280702,42.60149572649571,1029.594017094015,27.09457939721092,0
3999,4,0,0,40,0.0,0.0,1.0,40,1100,600,500,0.5454545454545454,16,6,10,350.4193112816561,0.40730502136752134,0.07140634723086503,0.21249955970929063,132645.51487508183,1296.3099934253432,133941.8248685072,840,2,289.8,38,2,14,33.44352831362789,0.643092105263158,42.4679487179487,1030.1282051282024,27.108636977057955,0
4000,4,0,0,40,0.0,0.0,1.0,40,1300,1000,300,0.7692307692307693,16,10,6,352.0559972330326,0.4074519230769231,0.07930793157076232,0.21396219869644587,132728.0700402694,1345.542611768555,134073.61265203796,841,3,290.8,38,2,14,33.318429237947115,0.6439144736842105,42.387820512820504,1030.4487179487166,27.117071524966228,0
4001,4,0,1,39,0.0,0.025,0.975,40,750,500,250,0.6666666666666666,10,5,5,353.78794333827506,0.4068376068376069,0.07184941444709358,0.21564749622684853,132838.1835438123,1399.309550551517,134237.49309436383,842,4,291.8,38,2,14,33.16319480429752,0.6450109649122807,42.280982905982896,1030.8760683760665,27.128317588843856,0
4002,4,0,0,39,0.0,0.0,1.0,39,1150,1000,150,0.8695652173913043,13,10,3,359.8843089846846,0.40415542060278903,0.06860529849035601,0.21844140615116878,132680.27181440426,1749.9095875653868,134430.18140196963,843,13,300.1794871794872,37,2,14,33.16482191003262,0.6452702702702703,42.43421052631578,1030.2631578947355,27.84495021337123,0
4003,4,0,0,39,0.0,0.0,1.0,39,1450,1100,350,0.7586206896551724,18,11,7,356.07508274608125,0.4027496626180837,0.07453409546890821,0.21704159655192257,132838.1835438123,1660.0734394404062,134498.2569832527,844,14,301.1794871794872,38,1,15,33.10425087228384,0.6450109649122807,42.280982905982896,1030.8760683760665,27.128317588843856,0
4004,4,0,1,38,0.0,0.02564102564102564,0.9743589743589743,39,1350,1100,250,0.8148148148148148,16,11,5,357.9912382655457,0.40263720197930725,0.06660875986474224,0.218853035020729,132948.34270445243,1718.8683660238053,134667.21107047625,845,15,302.1794871794872,38,1,15,32.944205601022134,0.6461074561403508,42.174145299145295,1031.3034188034183,27.139563652721534,0
4005,4,0,0,38,0.0,0.0,1.0,38,1250,900,350,0.72,16,9,7,356.02198102117205,0.40112316263632053,0.05817778051249922,0.21822871787805911,133047.67001625494,1873.5790098876519,134921.24902614258,846,16,306.55263157894734,37,1,16,32.895255429199,0.6489301801801801,42.07785087719298,1031.6885964912276,27.88347558084399,0
4006,4,0,0,38,0.0,0.0,1.0,38,1000,600,400,0.6,14,6,8,358.3826742718086,0.4009453532479848,0.06156010044237159,0.22000908986118667,133104.23790252768,1940.4505472837782,135044.68844981145,847,17,307.55263157894734,37,1,16,32.77757854283995,0.6494932432432432,42.02302631578947,1031.9078947368419,27.889402560455185,0
4007,4,0,0,38,0.0,0.0,1.0,38,1300,1000,300,0.7692307692307693,16,10,6,359.70511871073734,0.4007082740635372,0.06277840188237427,0.22182993470196552,133274.01369892663,1987.8689837257716,135261.88268265242,848,18,308.55263157894734,37,1,17,32.57307263459701,0.6511824324324325,41.85855263157895,1032.5657894736846,27.907183499288774,0
4008,4,0,0,38,0.0,0.0,1.0,38,900,700,200,0.7777777777777778,11,7,4,361.6309068888072,0.40021929824561403,0.06499871466732232,0.22318741029349837,133302.3201850569,2041.2477877808533,135343.56797283774,849,19,309.55263157894734,37,1,17,32.49495646634105,0.6514639639639639,41.83114035087719,1032.675438596491,27.91014698909435,0
4009,4,0,0,38,0.0,0.0,1.0,38,750,500,250,0.6666666666666666,10,5,5,363.9601752522434,0.399641417733523,0.067603344560063,0.22548301981603486,133443.89770169673,2113.6528787703987,135557.55058046713,850,20,310.55263157894734,37,1,20,32.292772117867635,0.6528716216216216,41.694078947368425,1033.2236842105267,27.924964438122345,0
4010,4,0,0,38,0.0,0.0,1.0,38,1500,1300,200,0.8666666666666667,17,13,4,364.9898846899223,0.3984856567093409,0.07298401956514478,0.22663996397148917,133528.88028047085,2147.3381232686975,135676.21840373956,851,21,311.55263157894734,37,1,20,32.18093570973902,0.6537162162162162,41.61184210526316,1033.552631578947,27.93385490753911,0
4011,4,0,0,38,0.0,0.0,1.0,38,1000,600,400,0.6,14,6,8,365.66173539704505,0.39811522048364156,0.07791493897504864,0.22792834279772176,133670.5780264119,2175.643106532774,135846.2211329447,852,22,312.55263157894734,37,1,21,32.02150266850457,0.6551238738738738,41.47478070175438,1034.1008771929821,27.948672356567084,0
4012,4,0,0,38,0.0,0.0,1.0,38,800,400,400,0.5,12,4,8,366.29986387771874,0.3979818634423897,0.08189830697570644,0.22902844371678424,133783.99032635032,2201.011489112023,135985.00181546234,853,23,313.55263157894734,37,1,15,31.891339869281044,0.65625,41.36513157894736,1034.5394736842097,27.96052631578945,0
4013,4,0,0,38,0.0,0.0,1.0,38,1000,600,400,0.6,14,6,8,367.65837436241407,0.3977299668089142,0.07751976890732837,0.2304090130964451,133869.08111149585,2243.617747768539,136112.69885926438,854,24,314.55263157894734,37,1,15,31.770943702761873,0.6570945945945945,41.2828947368421,1034.8684210526314,27.969416785206256,0
4014,4,0,0,38,0.0,0.0,1.0,38,1100,800,300,0.7272727272727273,14,8,6,365.10274672954114,0.3970631816026553,0.07646816310385351,0.23040251492010524,134124.5157764889,2193.8458227531532,136318.36159924205,855,25,315.55263157894734,37,1,16,31.581344165696336,0.6596283783783784,41.036184210526315,1035.8552631578946,27.99608819345661,0
4015,4,0,0,38,0.0,0.0,1.0,38,950,400,550,0.42105263157894735,15,4,11,363.5566753450353,0.3961000474158369,0.06913394597605094,0.2299605476580041,134209.71476800548,2158.5675400123014,136368.28230801778,856,26,316.55263157894734,37,1,16,31.536155202821856,0.660472972972973,40.95394736842105,1036.1842105263152,28.004978662873384,0
4016,4,0,0,38,0.0,0.0,1.0,38,950,700,250,0.7368421052631579,12,7,5,363.6990862010741,0.3959815078236131,0.07277935097483956,0.23062800877926928,134301.49778106503,2169.066403681784,136470.56418474682,857,27,317.55263157894734,38,0,16,31.440682333539463,0.6595394736842105,40.86538461538461,1036.5384615384612,27.27732793522266,0
4017,4,0,2,36,0.0,0.05263157894736842,0.9473684210526316,38,850,600,250,0.7058823529411765,11,6,5,365.40072485068856,0.3955666192508298,0.07613304846703595,0.23241018580608017,134412.26189823952,2222.867585287465,136635.12948352698,858,28,318.55263157894734,38,0,16,31.28584552510475,0.6606359649122807,40.75854700854701,1036.9658119658125,27.28857399910033,0
4018,4,0,0,36,0.0,0.0,1.0,36,800,600,200,0.75,10,6,4,379.0961834266741,0.393667328042328,0.08403916458536931,0.24126446117320247,134433.9710276154,2992.681067892207,137426.6520955076,859,29,325.0,36,0,17,30.90907445614797,0.6646412037037037,40.73761261261261,1037.049549549549,28.806931931931917,0
4019,4,0,0,36,0.0,0.0,1.0,36,1000,600,400,0.6,14,6,8,384.6142222609253,0.39222883597883595,0.10283074978625328,0.24616957394815955,134640.85708429772,3157.008432806382,137797.8655171041,860,30,326.0,35,1,18,30.558924389427904,0.66875,40.538194444444436,1037.8472222222213,29.65277777777775,0
4020,4,0,0,36,0.0,0.0,1.0,36,950,600,350,0.631578947368421,13,6,7,384.5500212778687,0.39148478835978834,0.10468370733640464,0.24714776439147834,134791.0504543896,3166.7802640603586,137957.83071844996,861,31,327.0,35,1,16,30.41035072076089,0.6702380952380953,40.39351851851852,1038.425925925926,29.669312169312175,0
4021,4,0,0,36,0.0,0.0,1.0,36,800,500,300,0.625,11,5,6,412.6560763488315,0.3911210317460318,0.16405667412378833,0.23779021416123264,130700.8121876201,3614.3317088394233,134315.1438964595,862,32,328.0,33,3,17,33.81371844039629,0.6338383838383839,44.36274509803921,1022.5490196078429,30.98633392751039,8
4022,4,0,1,35,0.0,0.027777777777777776,0.9722222222222222,36,850,500,350,0.5882352941176471,12,5,7,411.3455360547553,0.3917162698412699,0.1644652624229026,0.23770626706916717,130810.0357851475,3561.624858276655,134371.66064342414,863,33,329.0,34,2,18,33.73603514488538,0.6326593137254901,44.25595238095239,1022.9761904761913,30.087535014005624,0
4023,4,1,0,36,0.027777777777777776,0.0,1.0,36,900,600,300,0.6666666666666666,12,6,6,403.75901339741057,0.39439484126984126,0.1968977984376008,0.23554890239218432,131175.63952664402,3392.6693594104345,134568.30888605447,864,0,328.19444444444446,34,2,19,33.55849312415262,0.6363357843137255,43.898809523809526,1024.4047619047622,30.1295518207283,0
4024,4,1,0,37,0.02702702702702703,0.0,1.0,37,1150,900,250,0.782608695652174,14,9,5,393.2419602666183,0.3976163663663664,0.199997417388722,0.2318465979825441,131579.47063629364,2948.6909469670136,134528.16158326066,865,0,320.2972972972973,33,4,17,33.41843844561236,0.6426767676767677,43.50490196078431,1025.980392156862,31.090314913844306,0
4025,4,0,0,37,0.0,0.0,1.0,37,750,500,250,0.6666666666666666,10,5,5,383.07167835968005,0.397804054054054,0.14790195511492543,0.21858470155363244,130320.07250071016,2586.9238656733983,132906.99636638357,866,1,321.2972972972973,36,1,19,34.9568949670968,0.6235532407407407,44.73536036036036,1021.0585585585584,28.36273773773773,8
4026,4,0,0,37,0.0,0.0,1.0,37,1000,800,200,0.8,12,8,4,380.57605586816356,0.3972722722722723,0.1391748891748894,0.2179662865426754,130463.84222059889,2530.2829011443773,132994.12512174327,867,2,322.2972972972973,36,1,19,34.87447641093475,0.625,44.59459459459459,1021.6216216216209,28.378378378378358,0
4027,4,0,0,37,0.0,0.0,1.0,37,800,600,200,0.75,10,6,4,379.3029316455312,0.39720970970970976,0.1394088303179215,0.21772132224435142,130550.14209733384,2503.610324851882,133053.75242218573,868,3,323.2972972972973,36,1,16,34.81932966023876,0.6258680555555556,44.51013513513514,1021.9594594594596,28.387762762762765,0
4028,4,1,0,38,0.02631578947368421,0.0,1.0,38,1250,900,350,0.72,16,9,7,369.3937171388092,0.4006045519203414,0.13648054870860582,0.21368957065233884,130850.9003371228,2067.1000932979186,132918.0004304207,869,0,315.7631578947368,37,1,17,34.76750884149609,0.6269707207207207,44.216008771929815,1023.1359649122794,27.65232337600755,0
4029,4,0,0,38,0.0,0.0,1.0,38,1100,800,300,0.7272727272727273,14,8,6,371.2561962002565,0.4006786391654813,0.133811870580673,0.21523635623187506,130935.05333371782,2122.0899699907386,133057.14330370855,870,1,316.7631578947368,37,1,17,34.63457967288051,0.6278153153153153,44.13377192982455,1023.4649122806998,27.661213845424317,0
4030,4,0,0,38,0.0,0.0,1.0,38,750,400,350,0.5333333333333333,11,4,7,370.0218960576084,0.40035265528686587,0.1317480719794344,0.21483360830807396,130991.17036011071,2093.920244690664,133085.09060480137,871,2,317.7631578947368,37,1,17,34.60930805484148,0.6283783783783784,44.07894736842105,1023.684210526315,27.667140825035542,0
4031,4,0,0,38,0.0,0.0,1.0,38,1000,700,300,0.7,13,7,6,372.0838740147373,0.3998488620199146,0.1340471092077089,0.21666230569187303,131103.44048168653,2156.2952062172817,133259.7356879038,872,3,318.7631578947368,37,1,17,34.44280870806567,0.6295045045045045,43.96929824561403,1024.1228070175428,27.678994784257913,0
4032,4,0,0,38,0.0,0.0,1.0,38,850,500,350,0.5882352941176471,12,5,7,368.7579580773722,0.40044155998103365,0.13155641190323264,0.21503975308107426,131159.5935768697,2073.228781932891,133232.82235880257,873,4,319.7631578947368,37,1,17,34.47111610647257,0.6300675675675675,43.91447368421052,1024.342105263157,27.68492176386911,0
4033,4,0,0,38,0.0,0.0,1.0,38,850,300,550,0.35294117647058826,14,3,11,365.03018326381175,0.4006934566145093,0.13274478330658113,0.21333377502190864,131243.84576263846,1981.5930141966703,133225.43877683513,874,5,320.7631578947368,37,1,17,34.481340288924564,0.6309121621621622,43.83223684210526,1024.6710526315785,27.693812233285904,0
4034,4,1,0,39,0.02564102564102564,0.0,1.0,39,800,600,200,0.75,10,6,4,355.3741008467049,0.4057017543859649,0.13453726090031415,0.20906725404528775,131496.76462950127,1546.1359504847476,133042.90057998602,875,0,313.5128205128205,37,2,18,34.47322001282872,0.6334459459459459,43.585526315789465,1025.6578947368412,27.720483641536248,0
4035,4,1,1,39,0.025,0.025,0.975,40,1000,700,300,0.7,13,7,6,350.063746783437,0.4076522435897436,0.14263420724094855,0.2077044897581726,131821.37573964495,1229.1769395134727,133050.55267915843,876,0,306.65,38,2,16,34.28201727007906,0.6348684210526316,43.26923076923077,1026.9230769230767,27.024291497975703,0
4036,4,0,0,39,0.0,0.0,1.0,39,1100,800,300,0.7272727272727273,14,8,6,358.2110823667101,0.40170940170940167,0.15099258675035654,0.21213980798225868,131749.9269606995,1638.8567876654377,133388.78374836492,877,1,315.4871794871795,37,2,17,34.144927729716244,0.6359797297297297,43.338815789473685,1026.6447368421057,27.747155049786638,0
4037,4,1,0,40,0.025,0.0,1.0,40,1350,1100,250,0.8148148148148148,16,11,5,350.93808484082217,0.40368589743589745,0.1562980669299523,0.20973454983468276,132095.8034279349,1271.4896541018438,133367.29308203675,878,0,308.575,38,2,19,33.983102958497895,0.637609649122807,43.00213675213676,1027.9914529914536,27.05240665766983,0
4038,4,0,0,40,0.0,0.0,1.0,40,1150,900,250,0.782608695652174,14,9,5,350.91507096822744,0.4029513888888889,0.14864457831325284,0.21063655257369676,132260.59701219967,1282.4473573672421,133543.0443695669,879,1,309.575,38,2,19,33.81781436089185,0.6392543859649122,42.84188034188035,1028.6324786324794,27.069275753486302,0
4039,4,1,0,41,0.024390243902439025,0.0,1.0,41,1100,900,200,0.8181818181818182,13,9,4,343.83354510955974,0.40561483739837395,0.14034905518312124,0.20838531114575548,132623.79410010797,920.2445366920376,133544.03863680002,880,0,303.0,37,4,21,33.634944290681986,0.6447072072072072,42.48903508771931,1030.0438596491247,27.839023233760127,0
4040,4,0,1,40,0.0,0.024390243902439025,0.975609756097561,41,1050,700,350,0.6666666666666666,14,7,7,341.91883400371034,0.4054878048780488,0.14125858210370623,0.2078013329531056,132728.07004026952,876.4453895463482,133604.51542981586,881,1,304.0,38,3,17,33.57957490927942,0.6439144736842105,42.38782051282051,1030.4487179487176,27.117071524966253,0
4041,4,0,0,40,0.0,0.0,1.0,40,1600,1400,200,0.875,18,14,4,345.1637708572674,0.4015758547008547,0.1332375478927208,0.20950638184592277,132680.2718144045,1159.284587565416,133839.5564019699,882,4,312.575,37,3,17,33.543972612459214,0.6452702702702703,42.434210526315795,1030.2631578947373,27.84495021337128,0
4042,4,0,0,40,0.0,0.0,1.0,40,750,400,350,0.5333333333333333,11,4,7,345.6195937386001,0.4010950854700855,0.13726194275986803,0.2102575120743755,132765.0109288435,1177.2378279855368,133942.24875682904,883,5,313.575,37,3,17,33.44715306592901,0.6461148648648649,42.35197368421053,1030.592105263158,27.853840682788054,0
4043,4,0,1,39,0.0,0.025,0.975,40,1000,700,300,0.7,13,7,6,345.30689179180547,0.4009081196581197,0.13392191383595708,0.21156620222980163,133030.99203740235,1187.3036744831684,134218.29571188553,884,6,314.575,38,2,18,33.18834576083954,0.6469298245614035,42.0940170940171,1031.623931623932,27.147998200629793,0
4044,4,0,0,39,0.0,0.0,1.0,39,1050,900,150,0.8571428571428571,12,9,3,345.9915920527484,0.39982568600989654,0.13268706287514087,0.21240227480811585,133104.23790252782,1410.5894361726805,134514.8273387005,885,7,313.7435897435897,37,2,18,33.09723993199449,0.6494932432432432,42.02302631578948,1031.907894736843,27.889402560455217,0
4045,4,0,0,39,0.0,0.0,1.0,39,850,600,250,0.7058823529411765,11,6,5,346.36464401739835,0.399685110211426,0.13250632649336547,0.212954303993192,133160.81781173055,1424.4398516851365,134585.2576634157,886,8,314.7435897435897,37,2,18,33.030892559934856,0.6500563063063063,41.968201754385966,1032.1271929824563,27.89532954006639,0
4046,4,0,1,38,0.0,0.02564102564102564,0.9743589743589743,39,1300,1000,300,0.7692307692307693,16,10,6,345.7175154782729,0.39943207377417905,0.13037274252227538,0.21304163126593031,133245.71021852872,1413.0751769775266,134658.78539550625,887,9,315.7435897435897,37,2,18,32.96251062022091,0.6509009009009009,41.8859649122807,1032.4561403508767,27.904220009483154,0
4047,4,0,0,38,0.0,0.0,1.0,38,750,500,250,0.6666666666666666,10,5,5,353.5351530214125,0.39793741109530584,0.13184724768591005,0.217859096914242,133245.71021852872,1821.4085103108596,135067.1187288396,888,10,321.92105263157896,37,1,19,32.76072642310961,0.6509009009009009,41.8859649122807,1032.4561403508767,27.904220009483154,0
4048,4,0,0,38,0.0,0.0,1.0,38,1450,1300,150,0.896551724137931,16,13,3,352.18860645616525,0.39758179231863444,0.1294441774429702,0.2173599145218979,133302.3201850569,1789.5116766697433,135091.83186172662,889,11,322.92105263157896,37,1,19,32.73872725985701,0.6514639639639639,41.83114035087719,1032.675438596491,27.91014698909435,0
4049,4,0,0,38,0.0,0.0,1.0,38,1100,700,400,0.6363636363636364,15,7,8,350.8714880332987,0.3965001185395922,0.1309422750424447,0.21754032258064526,133472.22222222228,1766.3194444444543,135238.54166666674,890,12,323.92105263157896,37,1,21,32.602486559139784,0.6531531531531531,41.66666666666667,1033.333333333334,27.927927927927943,0
4050,4,0,0,38,0.0,0.0,1.0,38,750,500,250,0.6666666666666666,10,5,5,350.89380885183976,0.39608522996680895,0.1367973758759502,0.21789603366997215,133530.41174620582,1770.998955036132,135301.41070124196,891,13,324.92105263157896,36,2,21,32.543627878259606,0.6556712962962963,41.61036036036037,1033.5585585585598,28.709959959959992,0
4051,4,0,0,38,0.0,0.0,1.0,38,1150,600,550,0.5217391304347826,17,6,11,351.0688183661329,0.3950183736367947,0.13441568861177333,0.21903641493713072,133705.0564077591,1787.935232529827,135492.99164028894,892,14,325.92105263157896,36,2,16,32.364256678281066,0.6574074074074074,41.44144144144144,1034.2342342342342,28.72872872872873,0
4052,4,0,1,37,0.0,0.02631578947368421,0.9736842105263158,38,950,800,150,0.8421052631578947,11,8,3,350.0612652918712,0.3945442152678995,0.13990306669034647,0.21892531274584212,133792.42153893757,1767.1088740767786,135559.53041301435,893,15,326.92105263157896,36,2,16,32.30289176735241,0.658275462962963,41.35698198198198,1034.572072072072,28.73811311311311,0
4053,4,0,1,36,0.0,0.02702702702702703,0.972972972972973,37,1700,1300,400,0.7647058823529411,21,13,8,353.2395777607676,0.3943943943943944,0.11754742447811739,0.22161262520131172,133908.95276611077,2060.388386697517,135969.34115280828,894,16,314.1621621621622,36,1,19,32.10409639865085,0.6594328703703703,41.24436936936937,1035.022522522523,28.75062562562564,0
4054,4,0,0,36,0.0,0.0,1.0,36,750,500,250,0.6666666666666666,10,5,5,359.10305439550217,0.3933366402116402,0.12234835775267516,0.22499932791521965,133861.20119866685,2413.993243098424,136275.19444176528,895,17,320.77777777777777,35,1,20,32.000172426648774,0.6610119047619047,41.29050925925926,1034.837962962963,29.566798941798943,0
4055,4,0,0,36,0.0,0.0,1.0,36,700,600,100,0.8571428571428571,8,6,2,359.10305439550217,0.3933366402116402,0.12234835775267516,0.22499932791521965,133861.20119866685,2413.993243098424,136275.19444176528,896,18,321.77777777777777,35,1,20,32.000172426648774,0.6610119047619047,41.29050925925926,1034.837962962963,29.566798941798943,0
4056,4,0,0,36,0.0,0.0,1.0,36,1150,900,250,0.782608695652174,14,9,5,354.0028324383131,0.3930886243386243,0.11961704663984518,0.2230716439900016,134070.88584533596,2292.2946673525216,136363.18051268847,897,19,322.77777777777777,35,1,21,31.9224035166145,0.6630952380952381,41.087962962962955,1035.6481481481471,29.58994708994706,0
4057,4,0,0,36,0.0,0.0,1.0,36,1050,600,450,0.5714285714285714,15,6,9,355.2267183050583,0.3933366402116402,0.12283495362610353,0.22402564496913085,134100.85419077936,2327.241271219138,136428.09546199848,898,20,323.77777777777777,35,1,21,31.860752598055637,0.6633928571428571,41.05902777777778,1035.7638888888891,29.593253968253975,0
4058,4,1,0,37,0.02702702702702703,0.0,1.0,37,850,400,450,0.47058823529411764,13,4,9,347.43443679746963,0.39611486486486486,0.1241317354721656,0.2205849258729314,134346.3966500284,1935.3129311744092,136281.7095812028,899,0,316.0,36,1,22,31.81733833007458,0.6637731481481481,40.82207207207207,1036.7117117117114,28.797547547547538,0
4059,4,0,0,37,0.0,0.0,1.0,37,500,300,200,0.6,7,3,4,347.6382554447564,0.3955205205205205,0.12468559930488854,0.22091850426650644,134380.19390581708,1943.1392351492652,136323.33314096634,900,1,317.0,37,0,22,31.778324168076693,0.6621621621621622,40.78947368421052,1036.8421052631572,28.02275960170695,0
4060,4,0,0,37,0.0,0.0,1.0,37,700,300,400,0.42857142857142855,11,3,8,346.2530654383643,0.39561436436436437,0.12140158767352682,0.22038098875612724,134437.04433094806,1909.8477416128103,136346.89207256088,901,2,318.0,37,0,22,31.757506872488893,0.6627252252252251,40.73464912280702,1037.0614035087724,28.028686581318173,0
4061,4,0,0,37,0.0,0.0,1.0,37,1250,800,450,0.64,17,8,9,348.2201899969354,0.39442567567567566,0.1272115488982959,0.22232519822881278,134550.78125000012,1970.6597222222363,136521.44097222236,902,3,319.0,37,0,22,31.593038821954487,0.6638513513513513,40.62500000000001,1037.500000000001,28.040540540540565,0
4062,4,0,0,37,0.0,0.0,1.0,37,1100,900,200,0.8181818181818182,13,9,4,347.77775251179423,0.39392517517517517,0.121998420459273,0.22240908195583056,134610.8284572187,1962.930276920431,136573.75873413915,903,4,320.0,35,2,24,31.544631571120537,0.668452380952381,40.567129629629626,1037.7314814814808,29.64947089947088,0
4063,4,0,0,37,0.0,0.0,1.0,37,800,500,300,0.625,11,5,6,347.69020996131667,0.39339339339339335,0.12969597984649828,0.2229044669866367,134700.92438539513,1966.8385363082882,136667.76292170343,904,5,321.0,35,2,24,31.457079012896262,0.669345238095238,40.48032407407407,1038.078703703703,29.659391534391514,0
4064,4,0,0,37,0.0,0.0,1.0,37,1050,700,350,0.6666666666666666,14,7,7,346.68013192328306,0.3935810810810811,0.13127329410937372,0.22330848721091934,134872.27091956837,1951.507335037758,136823.77825460612,905,6,322.0,36,1,17,31.312563240821042,0.6689814814814814,40.315315315315324,1038.73873873874,28.85385385385389,0
4065,4,0,0,37,0.0,0.0,1.0,37,1150,1000,150,0.8695652173913043,13,10,3,348.87825210310325,0.3932682682682683,0.12981413572255462,0.22555716735560793,135006.2098434134,2020.1461026469715,137026.3559460604,906,7,323.0,37,0,18,31.122072167123857,0.6683558558558558,40.18640350877193,1039.2543859649127,28.08795637743007,0
4066,4,0,0,37,0.0,0.0,1.0,37,850,500,350,0.5882352941176471,12,5,7,345.6431909463686,0.3929241741741742,0.12932612004537725,0.22417159620748772,135120.18722106816,1940.674534472157,137060.86175554033,907,8,324.0,37,0,18,31.092684384447708,0.6694819819819819,40.07675438596492,1039.6929824561414,28.09981033665247,0
4067,4,0,0,37,0.0,0.0,1.0,37,550,300,250,0.5454545454545454,8,3,5,344.81467700436485,0.3930805805805806,0.1277693085811169,0.22416499049941063,135205.7018145006,1924.1820800630985,137129.88389456368,908,9,325.0,37,0,18,31.029146898611835,0.6703265765765766,39.99451754385965,1040.0219298245613,28.108700806069226,0
4068,4,0,0,37,0.0,0.0,1.0,37,1200,700,500,0.5833333333333334,17,7,10,342.9421019963337,0.392235985985986,0.12532110614302394,0.223832224755516,135348.2862515388,1883.325157740826,137231.61140927963,909,10,326.0,37,0,19,30.93607305936073,0.6717342342342343,39.85745614035087,1040.5701754385955,28.123518255097174,0
4069,4,0,1,36,0.0,0.02702702702702703,0.972972972972973,37,650,500,150,0.7692307692307693,8,5,3,345.7544420923065,0.39101601601601604,0.12852713663837712,0.2262058524315823,135433.87298255204,1965.3726386964966,137399.24562124853,910,11,327.0,37,0,20,30.77783191123285,0.6725788288288288,39.7752192982456,1040.8991228070154,28.13240872451393,0
4070,4,0,0,36,0.0,0.0,1.0,36,850,500,350,0.5882352941176471,12,5,7,355.2272420427037,0.3873677248677249,0.1363401380172644,0.23217893712578963,135399.17239874997,2419.4949172144984,137818.66731596447,911,33,336.77777777777777,36,0,20,30.565849743922673,0.6741898148148149,39.80855855855855,1040.7657657657649,28.910160160160135,0
4071,4,0,0,36,0.0,0.0,1.0,36,650,400,250,0.6153846153846154,9,4,5,354.0722778815822,0.3869708994708995,0.13920140391365,0.2318019926867805,135457.7804155505,2392.368973703409,137850.1493892539,912,34,337.77777777777777,36,0,20,30.53760096639261,0.6747685185185186,39.75225225225224,1040.9909909909893,28.916416416416368,0
4072,4,0,0,36,0.0,0.0,1.0,36,900,700,200,0.7777777777777778,11,7,4,355.316954192609,0.3864914021164021,0.1423795104718648,0.2331877839190244,135545.71621875244,2432.338208140563,137978.054426893,913,35,338.77777777777777,36,0,20,30.417748098482384,0.6756365740740741,39.66779279279279,1041.3288288288281,28.925800800800783,0
4073,4,0,0,36,0.0,0.0,1.0,36,600,500,100,0.8333333333333334,7,5,2,376.9116785665963,0.3863095238095238,0.1869436943694367,0.2263507431824264,132278.91375171475,2771.522017826139,135050.4357695409,914,36,339.77777777777777,35,1,20,33.13081308130813,0.6452380952380952,42.824074074074076,1028.7037037037042,29.391534391534403,8
4074,4,0,0,36,0.0,0.0,1.0,36,550,300,250,0.5454545454545454,8,3,5,376.41315679976555,0.3862929894179894,0.1829133385832682,0.22622965184537636,132308.68115837194,2760.545669367292,135069.22682773924,915,37,340.77777777777777,35,1,20,33.11360951738104,0.6455357142857143,42.79513888888889,1028.8194444444448,29.39484126984128,0
4075,4,0,0,36,0.0,0.0,1.0,36,1050,800,250,0.7619047619047619,13,8,5,378.3373915857874,0.38551587301587303,0.17989764341823378,0.22868998302904917,132524.15687475962,2827.829048456242,135351.98592321586,916,38,341.77777777777777,33,3,20,32.84684202174084,0.6521464646464646,42.58578431372548,1029.6568627450972,31.201723113487795,0
4076,4,0,0,36,0.0,0.0,1.0,36,1100,800,300,0.7272727272727273,14,8,6,364.7748403505449,0.3861276455026455,0.11959009571369128,0.20290600494499064,129322.44897959185,2234.715136054426,131557.16411564627,917,39,342.77777777777777,34,2,21,36.43858263108614,0.6176470588235294,45.714285714285715,1017.1428571428572,29.915966386554626,8
4077,4,0,1,35,0.0,0.027777777777777776,0.9722222222222222,36,1050,800,250,0.7619047619047619,13,8,5,363.88186265336157,0.3859953703703704,0.1215078715078719,0.20287660013687409,129413.28124999987,2218.229166666653,131631.5104166665,918,40,343.77777777777777,34,2,22,36.368755118755125,0.6185661764705883,45.62499999999999,1017.499999999999,29.926470588235265,0
4078,4,1,0,36,0.027777777777777776,0.0,1.0,36,1200,900,300,0.75,15,9,6,362.951293670316,0.3899966931216931,0.14038863568488447,0.20392476821647373,129716.28578514744,2216.1387471655416,131932.424532313,919,0,341.19444444444446,34,2,15,36.08400529780687,0.6216299019607843,45.327380952380956,1018.6904761904766,29.961484593837547,0
4079,4,1,0,37,0.02702702702702703,0.0,1.0,37,900,600,300,0.6666666666666666,12,6,6,356.0633075997185,0.39480105105105107,0.1403148297508896,0.2017997382557118,130055.9028447574,1861.626987954389,131917.5298327118,920,0,332.94594594594594,35,2,17,35.91439256401528,0.6229166666666667,44.99421296296296,1020.0231481481483,29.143518518518523,0
4080,4,0,0,37,0.0,0.0,1.0,37,750,500,250,0.6666666666666666,10,5,5,354.60789143084605,0.39458208208208206,0.13662539326256162,0.20112702413587372,130085.41907793212,1825.8632330246946,131911.28231095683,921,1,333.94594594594594,35,2,17,35.9215452688904,0.6232142857142857,44.96527777777778,1020.138888888889,29.146825396825403,0
4081,4,0,0,37,0.0,0.0,1.0,37,1300,900,400,0.6923076923076923,17,9,8,350.6976415434294,0.3947697697697698,0.13379267223676372,0.19951301955677167,130203.51750042873,1732.4133016118008,131935.93080204053,922,2,334.94594594594594,35,2,18,35.9014704770545,0.6244047619047619,44.84953703703704,1020.6018518518523,29.160052910052922,0
4082,4,0,0,37,0.0,0.0,1.0,37,900,500,400,0.5555555555555556,13,5,8,349.03038965422394,0.3943943943943944,0.13396399640548018,0.19902615853588912,130293.86421388414,1695.3304310634423,131989.1946449476,923,3,335.94594594594594,33,4,20,35.85241367582924,0.6297348484848485,44.76102941176471,1020.9558823529416,30.938057040998228,0
4083,4,0,0,37,0.0,0.0,1.0,37,1400,1100,300,0.7857142857142857,17,11,6,348.4795456257137,0.39545795795795796,0.12874952188936373,0.19983648221645134,130512.91120001934,1696.21599865438,132209.12719867373,924,4,336.94594594594594,33,4,15,35.644539058127464,0.6319444444444444,44.54656862745099,1021.813725490197,30.96405228758173,0
4084,4,1,1,37,0.02631578947368421,0.02631578947368421,0.9736842105263158,38,650,400,250,0.6153846153846154,9,4,5,338.17554306605945,0.39756697486960646,0.13616880681513766,0.19579633112292283,130883.62328800153,1252.328076774694,132135.95136477624,925,0,329.05263157894734,35,3,17,35.53295724465559,0.63125,44.18402777777778,1023.2638888888888,29.236111111111107,0
4085,4,0,0,37,0.0,0.0,1.0,37,1350,1000,350,0.7407407407407407,17,10,7,342.7028559778699,0.3971784284284284,0.12366995683374071,0.1993354481812108,131061.33355034732,1583.0186631944543,132644.35221354177,926,1,323.2432432432432,35,2,18,35.23758053577484,0.6330357142857144,44.01041666666667,1023.9583333333342,29.255952380952404,0
4086,4,0,0,37,0.0,0.0,1.0,37,1050,600,450,0.5714285714285714,15,6,9,339.2387262320147,0.3971784284284284,0.12283235670423531,0.19793025483714968,131179.87403817297,1500.2586751971835,132680.13271337017,927,2,324.2432432432432,35,2,19,35.206591533913304,0.6342261904761906,43.894675925925924,1024.421296296296,29.26917989417989,0
4087,4,0,0,37,0.0,0.0,1.0,37,900,600,300,0.6666666666666666,12,6,6,338.27424140929156,0.3968968968968969,0.125511621163795,0.1979787447243408,131298.46810967507,1482.9779396004765,132781.44604927555,928,3,325.2432432432432,35,2,20,35.11163655185394,0.6354166666666667,43.77893518518518,1024.8842592592591,29.282407407407405,0
4088,4,0,0,37,0.0,0.0,1.0,37,1050,700,350,0.6666666666666666,14,7,7,354.8623679188287,0.39692817817817816,0.1170477938627823,0.18839851113843337,127461.32270361591,1646.2453585342282,129107.56806215014,929,4,326.2432432432432,36,1,14,38.59219917475188,0.5946180555555556,47.550675675675684,1009.7972972972983,28.04992492492495,8
4089,4,1,1,37,0.02631578947368421,0.02631578947368421,0.9736842105263158,38,950,800,150,0.8421052631578947,11,8,3,343.54269453569236,0.4018195827406354,0.12159355457159804,0.18423475665100142,127867.13219452133,1185.5638273314814,129052.69602185281,930,0,318.63157894736844,37,1,15,38.4626156403585,0.5968468468468469,47.14912280701754,1011.4035087719293,27.3352299668089,0
4090,4,2,0,39,0.05128205128205128,0.0,1.0,39,750,600,150,0.8,9,6,3,336.52058964909463,0.40511133603238864,0.1339662447257386,0.18208990809779785,128225.67389875083,830.1158777120334,129055.78977646286,931,0,311.15384615384613,38,1,18,38.27399789029537,0.5986842105263157,46.794871794871796,1012.8205128205129,26.653171390013497,0
4091,4,1,3,37,0.025,0.075,0.925,40,1000,900,100,0.9,11,9,2,330.5653226000041,0.40842681623931626,0.13804571135079557,0.18028310451042262,128540.34423828141,498.19607204862615,129038.54031033003,932,0,304.35,39,1,16,38.104027563773336,0.6001602564102564,46.48437500000001,1014.0625000000013,26.001602564102598,0
4092,4,0,0,37,0.0,0.0,1.0,37,800,500,300,0.625,11,5,6,344.53990189930215,0.4019019019019019,0.1522849958995347,0.18684903540614933,128315.61872260759,1441.9701373670819,129757.58885997467,933,1,325.7567567567568,36,1,17,37.97909488347969,0.6032986111111112,46.706081081081074,1013.1756756756744,28.143768768768734,0
4093,4,0,0,37,0.0,0.0,1.0,37,1050,600,450,0.5714285714285714,15,6,9,347.3611556660669,0.4004004004004004,0.15850531713673277,0.18905351410555804,128458.27880245088,1524.2832359386164,129982.5620383895,934,2,326.7567567567568,36,1,17,37.76197881952158,0.6047453703703703,46.5653153153153,1013.738738738737,28.15940940940936,0
4094,4,1,0,38,0.02631578947368421,0.0,1.0,38,1150,700,450,0.6086956521739131,16,7,9,344.92207362071986,0.40336059743954483,0.17212686143003353,0.18966617587457602,128867.17547706956,1289.8266774391786,130157.00215450874,935,0,319.13157894736844,37,1,18,37.4068574514039,0.6069819819819819,46.16228070175437,1015.3508771929799,27.441915599810265,0
4095,4,1,0,39,0.02564102564102564,0.0,1.0,39,1000,700,300,0.7,13,7,6,336.6030636925559,0.4069388214125056,0.17276166456494324,0.18666169895678078,129201.38888888869,897.9166666666422,130099.30555555533,936,0,311.9230769230769,38,1,19,37.278005464480856,0.6085526315789473,45.83333333333332,1016.666666666665,26.754385964912238,0
4096,4,0,0,39,0.0,0.0,1.0,39,1050,600,450,0.5714285714285714,15,6,9,381.4131384339213,0.4064327485380117,0.18723563541081756,0.19397395761016967,125704.81957886949,1823.8161725915156,127528.635751461,937,1,312.9230769230769,36,3,14,39.73399775407075,0.5766782407407407,49.296171171171174,1002.815315315316,27.855980980981,8
4097,4,3,1,41,0.07142857142857142,0.023809523809523808,0.9761904761904762,42,750,500,250,0.6666666666666666,10,5,5,365.1971363195713,0.41912262872628725,0.20154921174245932,0.18960455511894805,126553.94500146083,843.8841985142889,127397.82919997512,938,0,291.5,38,4,14,39.26435195016634,0.5816885964912281,48.45085470085469,1006.1965811965796,26.478857399909987,0
4098,4,4,1,44,0.08888888888888889,0.022222222222222223,0.9777777777777777,45,1450,900,550,0.6206896551724138,20,9,11,347.2595228729898,0.42430555555555555,0.225816656351008,0.18435563059861776,127459.90125868045,-145.3842458474969,127314.51701283295,939,0,272.97777777777776,39,6,15,38.78558902413866,0.5892094017094017,47.55208333333333,1009.7916666666657,25.892094017093992,0
4099,4,0,0,44,0.0,0.0,1.0,44,1250,800,450,0.64,17,8,9,357.36771166572265,0.42249163143058494,0.221256684491979,0.18976627026204543,127469.34125940528,310.6853586821462,127780.02661808743,940,1,280.1818181818182,38,6,16,38.52072753561856,0.5910087719298245,47.54273504273504,1009.8290598290591,26.574448942869978,0
4100,4,1,0,45,0.022222222222222223,0.0,1.0,45,1750,1500,250,0.8571428571428571,20,15,5,360.42920612653614,0.4259469696969697,0.2528735632183907,0.19399278324206648,128012.72922092018,227.9052734375041,128240.63449435768,941,0,274.93333333333334,39,6,17,37.88653714187683,0.5948183760683761,47.005208333333336,1011.9791666666671,25.948183760683772,0
4101,4,1,2,44,0.021739130434782608,0.043478260869565216,0.9565217391304348,46,1250,800,450,0.64,17,8,9,335.30722505418,0.42911634460547504,0.2269397069421082,0.17340173638516165,126392.74691358022,-588.0148051697608,125804.73210841046,942,0,269.9347826086956,38,8,16,40.1818600368324,0.5800438596491229,48.61111111111111,1005.5555555555554,26.461988304093563,8
4102,4,0,1,43,0.0,0.022727272727272728,0.9772727272727273,44,1350,800,550,0.5925925925925926,19,8,11,344.0730242577818,0.4274687279774489,0.24120743727598581,0.17777106253318736,126355.003652301,-104.93035264993841,126250.07329965106,943,1,281.45454545454544,36,8,16,40.00032668757468,0.5833333333333333,48.64864864864865,1005.4054054054059,27.92792792792794,0
4103,4,0,0,43,0.0,0.0,1.0,43,1350,1100,250,0.8148148148148148,16,11,5,349.09514009087974,0.42407253599114064,0.25055020374941805,0.180275885067145,126334.56173911167,220.55630572700676,126555.11804483867,944,2,288.90697674418607,35,8,16,39.895137769590896,0.5851190476190475,48.668981481481474,1005.324074074073,28.723544973544943,0
4104,4,0,0,43,0.0,0.0,1.0,43,1200,900,300,0.75,15,9,6,350.1148349002634,0.42430324843115536,0.25044522438267425,0.18139360239728258,126468.25034493946,255.68211792872813,126723.93246286818,945,3,289.90697674418607,36,7,16,39.73190961337511,0.5844907407407407,48.53603603603603,1005.8558558558552,27.940440440440423,0
4105,4,0,0,43,0.0,0.0,1.0,43,1100,700,400,0.6363636363636364,15,7,8,351.0162754110197,0.42400332225913623,0.24993622482181999,0.1821126251174245,126524.89271365954,282.4593174255267,126807.35203108507,946,4,290.90697674418607,36,7,17,39.650958883665396,0.5850694444444444,48.479729729729726,1006.0810810810807,27.946696696696687,0
4106,4,1,0,44,0.022727272727272728,0.0,1.0,44,1200,900,300,0.75,15,9,6,345.875749508726,0.42695119802677944,0.2617022199516106,0.18111905572552983,126903.55994091959,-21.427218021787894,126882.1327228978,947,0,285.27272727272725,38,6,20,39.39114798713463,0.5852521929824561,48.10363247863247,1007.5854700854691,26.515407107512345,0
4107,4,0,0,44,0.0,0.0,1.0,44,1350,1000,350,0.7407407407407407,17,10,7,345.4252882772803,0.4268300739957717,0.259913084331689,0.18113765116979333,126960.75439453125,-28.908962673611427,126931.84543185764,948,1,286.27272727272725,39,5,20,39.343776916451326,0.5841346153846154,48.046875,1007.8125,25.841346153846153,0
4108,4,5,1,48,0.10204081632653061,0.02040816326530612,0.9795918367346939,49,1350,900,450,0.6666666666666666,18,9,9,317.89668634978983,0.43778344671201813,0.27490426610471297,0.172128982483287,128252.72715547145,-1634.5190089042794,126618.20814656718,949,0,257.9591836734694,38,11,19,38.71800618781424,0.5989583333333333,46.76816239316239,1012.9273504273497,26.655982905982885,0
4109,4,3,4,47,0.058823529411764705,0.0784313725490196,0.9215686274509804,51,1200,900,300,0.75,15,9,6,311.84302452473565,0.44191176470588234,0.2986057167965219,0.1720299598868246,128994.83194527085,-2154.7722916253388,126840.05965364551,950,0,248.7843137254902,40,11,15,38.116913432039475,0.603125,46.03658536585367,1015.8536585365869,25.39634146341467,0
4110,4,1,0,48,0.020833333333333332,0.0,1.0,48,1050,800,250,0.7619047619047619,13,8,5,332.9238662628453,0.4346095596926714,0.30860078524601997,0.18230044132522893,128700.23108071712,-1030.5242959372117,127669.7067847799,951,0,265.0416666666667,37,11,18,37.881366616238026,0.6052927927927928,46.32675438596491,1014.69298245614,27.42413466097676,0
4111,4,0,0,48,0.0,0.0,1.0,48,1250,600,650,0.48,19,6,13,334.92360533939404,0.43471114066193856,0.3106770552014695,0.1837811389820255,128783.68975309713,-973.4604637965494,127810.22928930058,952,1,266.0416666666667,37,11,18,37.745647437974874,0.6061373873873874,46.24451754385965,1015.0219298245615,27.433025130393556,0
4112,4,1,0,49,0.02040816326530612,0.0,1.0,49,1400,1000,400,0.7142857142857143,18,10,8,326.03684298368535,0.43659651360544216,0.314350130296021,0.18056001781128286,129148.4429253473,-1378.5698784722113,127769.8730468751,953,0,261.59183673469386,39,10,20,37.600345016055215,0.6063034188034189,45.88541666666667,1016.458333333334,26.063034188034205,0
4113,4,1,1,49,0.02,0.02,0.98,50,1350,1100,250,0.8148148148148148,16,11,5,321.64818552951857,0.4378911564625851,0.32152460861557386,0.17993518701659938,129545.80213758699,-1666.354709201364,127879.44742838563,954,0,257.34,39,11,15,37.3086778198438,0.610309829059829,45.49479166666668,1018.0208333333348,26.10309829059833,0
4114,4,1,1,49,0.02,0.02,0.98,50,1350,900,450,0.6666666666666666,18,9,9,324.3362851666159,0.4389200680272109,0.32214767846185244,0.18205282413083673,129678.3908420141,-1588.1184895833135,128090.27235243078,955,0,257.96,39,11,16,37.10583282198131,0.6116452991452992,45.36458333333334,1018.5416666666683,26.116452991453034,0
4115,4,2,0,51,0.0392156862745098,0.0,1.0,51,1150,800,350,0.6956521739130435,15,8,7,325.0434516912435,0.4383333333333333,0.3478361065541764,0.1845834985848462,130132.94004891254,-1740.2279975543745,128392.71205135816,956,0,253.76470588235293,40,11,19,36.62744853917666,0.6145833333333333,44.918699186991866,1020.3252032520313,25.508130081300784,0
4116,4,0,0,51,0.0,0.0,1.0,51,1400,1000,400,0.7142857142857143,18,10,8,355.519002852968,0.4381535947712418,0.36592721590155497,0.19137991282866104,128019.00397022236,-1091.8342922516956,126927.16967797067,957,1,254.76470588235293,41,10,16,38.0043418945855,0.5917174796747968,46.99900793650794,1012.0039682539684,24.68302361595045,8
4117,4,1,1,51,0.019230769230769232,0.019230769230769232,0.9807692307692307,52,1150,900,250,0.782608695652174,14,9,5,353.6825688437159,0.43947963800904977,0.36908245995649547,0.1916191076325985,128276.40109592037,-1325.9900520537835,126950.4110438666,958,0,250.84615384615384,39,13,17,37.787596401028274,0.5974893162393162,46.74479166666668,1013.0208333333353,25.97489316239321,0
4118,4,1,2,50,0.019230769230769232,0.038461538461538464,0.9615384615384616,52,1250,900,350,0.72,16,9,7,359.4077123886873,0.4390632855706385,0.36868854532233053,0.1956239293605542,128461.13281250015,-1166.0156249999861,127295.11718750016,959,0,251.69230769230768,39,13,14,37.4537607891492,0.5993589743589743,46.56250000000001,1013.7500000000011,25.993589743589773,0
4119,4,0,0,50,0.0,0.0,1.0,50,1150,800,350,0.6956521739130435,15,8,7,372.48793201044964,0.43639455782312925,0.37600779389478256,0.20170243352359524,128255.57503270244,-445.26921745151503,127810.30581525093,960,2,262.42,37,13,19,37.33266580067836,0.6007882882882882,46.765350877192986,1012.9385964912286,27.37671882408726,0
4120,4,0,1,49,0.0,0.02,0.98,50,1850,1400,450,0.7567567567567568,23,14,9,368.65415517849783,0.43645408163265303,0.29362574219498194,0.1982227954878412,127972.89544648766,-560.9774418775187,127411.91800461014,961,3,263.42,42,8,16,37.71926674328035,0.589781746031746,47.04457364341086,1011.8217054263571,24.090992986341835,8
4121,4,2,2,49,0.0392156862745098,0.0392156862745098,0.9607843137254902,51,1800,1200,600,0.6666666666666666,24,12,12,349.50537314352357,0.4377124183006536,0.28852426486090943,0.1898859089140591,128388.03624260385,-1095.0576695062716,127292.97857309757,962,0,259.0980392156863,38,13,16,37.77935905545016,0.600328947368421,46.6346153846154,1013.461538461541,26.670040485830025,8
4122,4,0,0,49,0.0,0.0,1.0,49,1450,1000,450,0.6896551724137931,19,10,9,352.5703739251681,0.43521471088435376,0.31304585875890734,0.19171532568025057,128422.23087873214,-744.42520775621,127677.80567097593,963,1,270.42857142857144,37,12,17,37.66677484494446,0.6024774774774775,46.600877192982466,1013.596491228072,27.394499762920862,0
4123,4,0,1,48,0.0,0.02040816326530612,0.9795918367346939,49,1500,1000,500,0.6666666666666666,20,10,10,356.18593523583246,0.43572845804988664,0.3146992173450629,0.19435774129771188,128561.19340806789,-641.6622181825167,127919.53118988537,964,2,271.42857142857144,37,12,17,37.43321350055861,0.6038851351351351,46.463815789473685,1014.1447368421055,27.4093172119488,0
4124,4,2,0,50,0.04,0.0,1.0,50,1850,1400,450,0.7567567567567568,23,14,9,389.87225478965524,0.43564625850340133,0.36958858894259095,0.20709369676772948,127482.44224773221,79.66509809137935,127562.10734582359,965,0,264.96,34,16,16,37.686647805414744,0.5989583333333333,47.52976190476189,1009.8809523809506,29.7023809523809,7
4125,4,0,1,49,0.0,0.02,0.98,50,1150,800,350,0.6956521739130435,15,8,7,389.1639163916392,0.43578231292517006,0.3659075907590761,0.20687134502923957,127512.49999999978,-75.34722222225201,127437.15277777753,966,1,265.96,34,16,16,37.673611111111086,0.5992647058823529,47.499999999999986,1009.9999999999983,29.705882352941128,0
4126,4,1,0,50,0.02,0.0,1.0,50,1550,1100,450,0.7096774193548387,20,11,9,384.6056183705407,0.4348554421768707,0.37331763597833834,0.20597983117524363,127813.27239228983,-168.45946712023232,127644.8129251696,967,0,266.86,34,16,17,37.47964249273997,0.602328431372549,47.20238095238093,1011.1904761904729,29.74089635854332,0
4127,4,0,0,50,0.0,0.0,1.0,50,1900,1700,200,0.8947368421052632,21,17,4,346.47184545062663,0.43526360544217685,0.334278459585273,0.18398044287636633,127469.34125940518,-1159.5952535627694,126309.7460058424,968,1,267.86,38,12,15,38.7958015940189,0.5910087719298245,47.54273504273503,1009.8290598290583,26.574448942869957,8
4128,4,0,0,50,0.0,0.0,1.0,50,1800,1100,700,0.6111111111111112,25,11,14,347.3682811976606,0.43477891156462584,0.33323604060913703,0.18495013890794346,127577.25180802093,-1136.7418639053371,126440.50994411559,969,2,268.86,38,12,15,38.66262161590525,0.5921052631578947,47.43589743589743,1010.2564102564094,26.585695006747613,0
4129,4,1,1,50,0.0196078431372549,0.0196078431372549,0.9803921568627451,51,1250,900,350,0.72,16,9,7,342.20796384708166,0.4362745098039216,0.33845483009429533,0.18394388228260647,127960.02739800327,-1442.211914062521,126517.81548394075,970,0,264.5686274509804,39,12,16,38.40139074779506,0.594284188034188,47.05729166666666,1011.7708333333317,25.942841880341838,0
4130,4,3,2,51,0.05660377358490566,0.03773584905660377,0.9622641509433962,53,1150,700,450,0.6086956521739131,16,7,9,324.1730023134729,0.4413854620222544,0.3481478064307797,0.17716028587147284,128622.09590143911,-2260.8378015558183,126361.2580998833,971,0,255.0943396226415,41,12,16,38.18286471067647,0.5978150406504066,46.403769841269835,1014.3849206349192,24.741095625241933,0
4131,4,0,0,51,0.0,0.0,1.0,51,1400,900,500,0.6428571428571429,19,9,10,339.73385922113414,0.4386274509803922,0.35179701632039806,0.18516065989129438,128513.9377170138,-1467.8927951388932,127046.04492187491,972,1,252.09803921568627,39,12,16,37.89851722484762,0.5998931623931624,46.510416666666664,1013.9583333333326,25.998931623931604,0
4132,4,1,1,51,0.019230769230769232,0.019230769230769232,0.9807692307692307,52,1000,600,400,0.6,14,6,8,354.4336289068846,0.44043017848164906,0.36287245206219954,0.1859815506129619,126987.00086805563,-1374.6744791666626,125612.32638888898,973,0,248.23076923076923,39,13,18,39.08984428827339,0.5844017094017093,48.020833333333336,1007.9166666666673,25.84401709401711,8
4133,4,1,1,51,0.019230769230769232,0.019230769230769232,0.9807692307692307,52,1650,1200,450,0.7272727272727273,21,12,9,348.1367151179097,0.44141999748617394,0.35614950021729674,0.18415231758305986,127313.23580332407,-1535.4308537242264,125777.80494959984,974,0,248.17307692307693,37,15,19,38.913787483702734,0.5912162162162162,47.69736842105263,1009.2105263157893,27.275960170697008,0
4134,4,2,0,53,0.03773584905660377,0.0,1.0,53,1750,1400,350,0.8,21,14,7,343.0843302081319,0.4426856555394291,0.36948838321920907,0.18377437382116404,127820.21747616694,-1829.3772600263044,125990.84021614064,975,0,244.39622641509433,38,15,17,38.52218700475437,0.5945723684210527,47.19551282051282,1011.2179487179483,26.61099865047232,0
4135,4,1,1,53,0.018518518518518517,0.018518518518518517,0.9814814814814815,54,1550,1200,350,0.7741935483870968,19,12,7,336.161492997341,0.44483752620545075,0.3696844993141286,0.18152720621856447,128144.53125000026,-2184.5486111110818,125959.98263888918,976,0,240.85185185185185,39,15,20,38.36591220850483,0.5961538461538461,46.875000000000014,1012.500000000002,25.961538461538513,0
4136,4,1,0,54,0.018518518518518517,0.0,1.0,54,1600,1100,500,0.6875,21,11,10,337.939089638156,0.4455945725599814,0.3747906096964744,0.18350370543101266,128366.66690712517,-2123.9770891043527,126242.68981802081,977,0,241.57407407407408,37,17,21,38.094207602971935,0.6019144144144144,46.65570175438596,1013.3771929824553,27.388572783309602,0
4137,4,2,1,55,0.03571428571428571,0.017857142857142856,0.9821428571428571,56,1350,900,450,0.6666666666666666,18,9,9,324.2489154987859,0.44887040043290044,0.3758132702255177,0.17849252835672844,128910.32036675341,-2840.193684895837,126070.12668185757,978,0,233.91071428571428,39,17,19,37.88775344479776,0.6038995726495726,46.119791666666664,1015.5208333333328,26.038995726495713,0
4138,4,0,1,54,0.0,0.01818181818181818,0.9818181818181818,55,1800,1200,600,0.6666666666666666,24,12,12,325.7084136124705,0.44841470258136923,0.37819375046610504,0.17965545529122226,128989.67013888872,-2597.3958333333503,126392.27430555536,979,1,238.3272727272727,39,16,20,37.770030079299964,0.6047008547008548,46.04166666666666,1015.8333333333319,26.04700854700851,0
4139,4,0,1,53,0.0,0.018518518518518517,0.9814814814814815,54,1200,600,600,0.5,18,6,12,330.41916981670454,0.4472760889820638,0.3864582383860482,0.18225383167717765,128989.67013888873,-2275.868055555573,126713.80208333315,980,2,243.25925925925927,39,15,21,37.65039649986327,0.6047008547008548,46.04166666666666,1015.833333333332,26.047008547008513,0
4140,4,1,0,54,0.018518518518518517,0.0,1.0,54,1700,1400,300,0.8235294117647058,20,14,6,326.524948676138,0.4485135686000466,0.3832627143374072,0.1814472262958643,129282.86540516099,-2356.8365795529307,126926.02882560807,981,0,239.14814814814815,38,16,23,37.451412963546595,0.609375,45.753205128205124,1016.9871794871789,26.762820512820497,0
4141,4,0,2,52,0.0,0.037037037037037035,0.962962962962963,54,1500,1000,500,0.6666666666666666,20,10,10,325.6773797745381,0.4481132075471698,0.3796062967629539,0.18160136797264043,129418.71667031915,-2370.2502922054327,127048.46637811372,982,1,240.14814814814815,38,16,23,37.33506579868401,0.6107456140350878,45.61965811965811,1017.5213675213668,26.776878092667545,0
4142,4,0,3,49,0.0,0.057692307692307696,0.9423076923076923,52,1300,800,500,0.6153846153846154,18,8,10,334.9179572898322,0.4492442810457516,0.26262295323359663,0.18074498025641358,128120.00480740341,-1815.3196610032876,126304.68514640012,983,2,235.17307692307693,42,10,15,38.422425344563564,0.5912698412698413,46.89922480620155,1012.4031007751938,24.10483573274271,8
4143,4,0,0,49,0.0,0.0,1.0,49,950,400,550,0.42105263157894735,15,4,11,355.17852121092926,0.44384212018140584,0.2950260751122984,0.19041569643494843,127854.65630425364,-717.7544487847028,127136.90185546894,984,6,250.28571428571428,39,10,15,38.18117639990386,0.593215811965812,47.16145833333334,1011.3541666666681,25.93215811965816,0
4144,4,3,2,50,0.057692307692307696,0.038461538461538464,0.9615384615384616,52,1150,900,250,0.782608695652174,14,9,5,333.45983395379614,0.44728821015585724,0.30105224237008765,0.18276234368071403,128736.86814230955,-1813.628598092846,126923.2395442167,985,0,236.78846153846155,40,12,17,37.83046264770681,0.6005208333333334,46.29065040650407,1014.8373983739845,25.37093495934961,0
4145,4,0,0,50,0.0,0.0,1.0,50,1200,600,600,0.5,18,6,12,340.3060628805905,0.4439455782312925,0.3236929077286257,0.1865842414544509,128751.69406467007,-1237.003580729171,127514.6904839409,986,1,246.88,39,11,17,37.64166153477711,0.6022970085470085,46.276041666666664,1014.8958333333327,26.022970085470067,0
4146,4,0,0,50,0.0,0.0,1.0,50,1350,800,550,0.5925925925925926,19,8,11,339.9091660522224,0.4434013605442177,0.32181370537546217,0.18698840579441656,128883.87586805546,-1238.2378472222322,127645.63802083323,987,2,247.88,39,11,17,37.5170975242785,0.6036324786324787,46.14583333333333,1015.4166666666658,26.036324786324766,0
4147,4,1,0,51,0.0196078431372549,0.0,1.0,51,1550,1300,250,0.8387096774193549,18,13,5,337.27912753402836,0.44478758169934646,0.3261230527092118,0.18729420862712254,129255.70371283506,-1480.1685545876276,127775.53515824744,988,0,244.0,38,13,18,37.20560166701689,0.6091008771929824,45.77991452991453,1016.8803418803413,26.760008996851088,0
4148,4,1,0,52,0.019230769230769232,0.0,1.0,52,1550,1100,450,0.7096774193548387,20,11,9,334.9565195144984,0.4447665284062343,0.3405352059512772,0.18852385925723938,129784.51063368046,-1705.5664062500066,128078.94422743046,989,0,240.28846153846155,39,13,18,36.727748245076,0.6127136752136753,45.260416666666664,1018.9583333333326,26.12713675213673,0
4149,4,0,1,51,0.0,0.019230769230769232,0.9807692307692307,52,1500,1100,400,0.7333333333333333,19,11,8,334.56321964935654,0.4443423202614379,0.337411890133996,0.1886078993739964,129847.94439693629,-1711.5307315420769,128136.41366539421,990,1,241.28846153846155,40,12,18,36.673438694452756,0.61171875,45.198170731707314,1019.2073170731702,25.480182926829254,0
4150,4,0,1,50,0.0,0.0196078431372549,0.9803921568627451,51,1400,1100,300,0.7857142857142857,17,11,6,340.84737443012204,0.4434803921568627,0.3342452794262958,0.1919694797956178,129811.04736328112,-1350.8490668402924,128460.19829644082,991,2,246.5686274509804,39,12,18,36.55075556237011,0.6129807692307692,45.23437499999999,1019.062499999999,26.129807692307665,0
4151,4,0,1,49,0.0,0.02,0.98,50,1400,1000,400,0.7142857142857143,18,10,8,339.8961942110831,0.4438775510204082,0.325596077229543,0.19221512681295735,129970.32470703124,-1164.7162543402787,128805.60845269095,992,3,251.18,39,11,18,36.41342748663467,0.6145833333333333,45.078125,1019.6874999999999,26.145833333333332,0
4152,4,0,0,49,0.0,0.0,1.0,49,1800,1400,400,0.7777777777777778,22,14,8,351.1659326653312,0.44253117913832196,0.3296739483723077,0.19855021690509014,129962.83512309153,-672.2959584337812,129290.53916465775,993,4,257.16326530612247,38,11,19,36.13374022073204,0.6162280701754386,45.085470085470085,1019.6581196581196,26.83310841205578,0
4153,4,0,0,49,0.0,0.0,1.0,49,1900,1400,500,0.7368421052631579,24,14,10,347.9130506290945,0.44233630952380953,0.3225942942622073,0.19753683909083555,130126.29323727082,-745.4728705529975,129380.82036671782,994,5,258.16326530612247,38,11,19,36.050828970331594,0.6178728070175439,44.925213675213676,1020.2991452991455,26.84997750787225,0
4154,4,0,0,49,0.0,0.0,1.0,49,950,500,450,0.5263157894736842,14,5,9,349.2862397799838,0.441999716553288,0.3250818912006226,0.19845525735506392,130153.5462437906,-707.8314476952307,129445.71479609536,995,6,259.16326530612247,38,11,19,35.98816005304855,0.6181469298245614,44.89850427350427,1020.4059829059826,26.85278902384165,0
4155,4,0,0,49,0.0,0.0,1.0,49,1550,1100,450,0.7096774193548387,20,11,9,348.98049336216303,0.4418048469387755,0.3224950997348095,0.19925660427452546,130344.39718934921,-702.4695923734288,129641.92759697579,996,7,260.16326530612247,38,11,19,35.80246913580248,0.6200657894736843,44.71153846153847,1021.1538461538469,26.87246963562755,0
4156,4,0,0,49,0.0,0.0,1.0,49,1800,1400,400,0.7777777777777778,22,14,8,343.62446833648363,0.4410076530612245,0.31555013309671653,0.19758406929347838,130617.28395061754,-823.3410493826894,129793.94290123484,997,8,261.16326530612247,38,11,16,35.662930253623195,0.6228070175438596,44.44444444444446,1022.2222222222242,26.90058479532169,0
4157,4,0,0,49,0.0,0.0,1.0,49,1050,800,250,0.7619047619047619,13,8,5,343.94662754588023,0.4409899376417234,0.3116673808351298,0.19846902142837314,130753.83434007232,-805.5319280078862,129948.30241206444,998,9,262.16326530612247,38,11,16,35.51655698318188,0.6241776315789473,44.31089743589744,1022.7564102564103,26.914642375168693,0
4158,4,0,0,49,0.0,0.0,1.0,49,2050,1700,350,0.8292682926829268,24,17,7,340.40235677911033,0.44079506802721086,0.3064591048363383,0.19712054251694802,130890.45606874142,-888.9160548615547,130001.54001387986,999,10,263.16326530612247,38,11,16,35.469087144149796,0.6255482456140351,44.17735042735043,1023.2905982905991,26.928699955015766,0
4159,4,0,0,49,0.0,0.0,1.0,49,1150,600,550,0.5217391304347826,17,6,11,340.0967286424667,0.4406533446712018,0.3032702904771136,0.19736321969251808,130972.46334876542,-891.3387345679035,130081.12461419751,1000,11,264.16326530612247,38,11,17,35.394052464947976,0.6263706140350878,44.09722222222222,1023.6111111111111,26.937134502923975,0
4160,4,0,0,49,0.0,0.0,1.0,49,1200,1100,100,0.9166666666666666,13,11,2,341.61626325114054,0.44028132086167804,0.3020868161519017,0.19852690422896768,131027.1491366242,-847.7989854993183,130179.35015112488,1001,12,265.16326530612247,38,11,17,35.29992347559915,0.6269188596491229,44.043803418803414,1023.8247863247855,26.942757534862775,0
4161,4,1,3,47,0.02,0.06,0.94,50,1400,1000,400,0.7142857142857143,18,10,8,342.13361190120276,0.4409863945578231,0.3144360902255636,0.20067216974562835,131381.5158420141,-1009.993489583309,130371.5223524308,1002,0,260.84,39,11,18,34.928960915803025,0.6287393162393162,43.69791666666668,1025.208333333335,26.287393162393208,0
4162,4,0,0,47,0.0,0.0,1.0,47,1150,900,250,0.782608695652174,14,9,5,359.0326429913971,0.4386177921677459,0.3208125960816246,0.20887292531802787,131068.54056336741,11.57690629819399,131080.1174696656,1003,1,272.8723404255319,36,11,18,34.81226401261043,0.6310763888888888,44.00337837837838,1023.9864864864865,28.44406906906907,0
4163,4,0,1,46,0.0,0.02127659574468085,0.9787234042553191,47,1350,1000,350,0.7407407407407407,17,10,7,359.738929868964,0.4385599753314832,0.3193879990437485,0.21024141961385034,131243.84576263846,42.70412530778117,131286.54988794625,1004,2,273.8723404255319,37,10,18,34.61688514357054,0.6309121621621622,43.83223684210526,1024.6710526315785,27.693812233285904,0
4164,4,0,0,46,0.0,0.0,1.0,46,1350,900,450,0.6666666666666666,18,9,9,366.0944330394877,0.43583937198067635,0.3255279503105586,0.21410407073646143,131270.41737683644,411.4738048859782,131681.89118172243,1005,3,279.7826086956522,36,10,20,34.427197802197796,0.6331018518518519,43.80630630630631,1024.7747747747758,28.465965965965992,0
4165,4,0,0,46,0.0,0.0,1.0,46,1200,900,300,0.75,15,9,6,368.29952621564803,0.4354770531400966,0.32882122222167687,0.21588543373209762,131357.7852393047,475.81469527507625,131833.59993457978,1006,4,280.7826086956522,35,11,20,34.28232377403938,0.6360119047619048,43.72106481481482,1025.1157407407409,29.289021164021168,0
4166,4,0,0,46,0.0,0.0,1.0,46,1450,1100,350,0.7586206896551724,18,11,7,367.43143022590544,0.434993961352657,0.32678394376981723,0.2155435502609981,131387.44882758922,455.1756472908178,131842.62447488005,1007,5,281.7826086956522,35,11,20,34.274572890795525,0.6363095238095238,43.69212962962963,1025.231481481482,29.292328042328055,0
4167,4,0,0,46,0.0,0.0,1.0,46,1550,1000,550,0.6451612903225806,21,10,11,369.950572795162,0.43500402576489533,0.3331109715900169,0.2180346992856595,131565.5006858712,534.5464677640787,132100.04715363527,1008,6,282.7826086956522,35,11,15,34.02997141997594,0.638095238095238,43.518518518518526,1025.925925925927,29.312169312169342,0
4168,4,0,0,46,0.0,0.0,1.0,46,1100,800,300,0.7272727272727273,14,8,6,371.12663838354416,0.43407809983896944,0.33634741429600834,0.21958119785347927,131713.96933138295,576.512533221885,132290.48186460484,1009,7,283.7826086956522,35,11,17,33.84976228060283,0.6395833333333334,43.373842592592595,1026.5046296296302,29.32870370370372,0
4169,4,0,1,45,0.0,0.021739130434782608,0.9782608695652174,46,1550,1200,350,0.7741935483870968,19,12,7,374.36895440837054,0.4332024959742351,0.34116765146838346,0.22236613797991156,131862.52170138882,673.0468749999955,132535.56857638882,1010,8,284.7826086956522,35,11,18,33.61646382691008,0.6410714285714285,43.229166666666664,1027.0833333333328,29.34523809523808,0
4170,4,0,0,45,0.0,0.0,1.0,45,1450,1100,350,0.7586206896551724,18,11,7,364.4135751968794,0.4317550505050505,0.31929116030889393,0.2097977710343988,130665.25298524887,550.3651349829703,131215.61812023184,1011,9,290.5111111111111,36,9,14,35.08302125784778,0.627025462962963,44.39752252252253,1022.4099099099108,28.4002752752753,6
4171,4,0,0,45,0.0,0.0,1.0,45,800,600,200,0.75,10,6,4,362.6274515376092,0.4316708754208754,0.3163718221634979,0.20923650030905774,130751.61944038644,482.82530841653687,131234.44474880298,1012,10,291.5111111111111,36,9,14,35.04115282977318,0.6278935185185186,44.31306306306307,1022.7477477477486,28.40965965965968,0
4172,4,0,0,45,0.0,0.0,1.0,45,1650,1400,250,0.8484848484848485,19,14,5,366.1011853527859,0.4318392255892256,0.3156587327783278,0.21234803278056605,130953.25213304516,588.4281663420105,131541.68029938717,1013,11,292.5111111111111,36,9,14,34.74804708988888,0.6299189814814814,44.11599099099099,1023.5360360360356,28.431556556556544,0
4173,4,0,0,45,0.0,0.0,1.0,45,1200,900,300,0.75,15,9,6,366.69154474890183,0.43211279461279456,0.31437160874028436,0.2131687675739781,131039.71370018677,610.2310080350683,131649.94470822182,1014,12,293.5111111111111,36,9,14,34.645384220560196,0.630787037037037,44.031531531531535,1023.8738738738746,28.440940940940962,0
4174,4,0,1,44,0.0,0.022222222222222223,0.9777777777777777,45,1100,500,600,0.45454545454545453,17,5,12,367.523953247496,0.43152356902356903,0.3082390006227791,0.21477844897873913,131241.56832085477,646.884003936385,131888.45232479114,1015,13,294.5111111111111,36,9,14,34.41976224493534,0.6328125,43.83445945945947,1024.6621621621632,28.462837837837867,0
4175,4,0,0,44,0.0,0.0,1.0,44,950,800,150,0.8421052631578947,11,8,3,371.99432255732904,0.43092626849894294,0.31185228171444423,0.21704164462458284,131179.8740381731,959.6336751971971,132139.5077133703,1016,14,300.8636363636364,35,9,14,34.367703272699885,0.6342261904761906,43.89467592592593,1024.421296296297,29.269179894179914,0
4176,4,0,0,44,0.0,0.0,1.0,44,900,600,300,0.6666666666666666,12,6,6,370.85014423050416,0.43146582100070474,0.31016103191882705,0.21654125835939478,131209.51753257896,931.8137002743623,132141.33123285332,1017,15,301.8636363636364,35,9,14,34.366998041873785,0.6345238095238095,43.86574074074075,1024.5370370370379,29.272486772486797,0
4177,4,0,1,43,0.0,0.022727272727272728,0.9772727272727273,44,1200,700,500,0.5833333333333334,17,7,10,373.64477763171703,0.4315428999295278,0.30989425594168685,0.218679742625833,131298.46810967507,1011.7973840449214,132310.26549371998,1018,16,302.8636363636364,35,9,14,34.20536890645586,0.6354166666666667,43.77893518518518,1024.8842592592591,29.282407407407405,0
4178,4,0,0,43,0.0,0.0,1.0,43,1050,700,350,0.6666666666666666,14,7,7,399.34464561330617,0.4300710594315245,0.3343992034203649,0.22703018685996113,130176.3820408246,1814.8949438403881,131991.276984665,1019,17,309.30232558139534,36,7,18,34.68789082616051,0.6221064814814814,44.876126126126124,1020.4954954954953,28.34709709709709,8
4179,4,0,1,42,0.0,0.023255813953488372,0.9767441860465116,43,1500,1000,500,0.6666666666666666,20,10,10,364.47812068492703,0.43014027316352893,0.28659528824210656,0.20239806024965765,129255.70371283499,827.2478356201325,130082.95154845512,1020,18,310.30232558139534,38,5,19,36.51414863066469,0.6091008771929824,45.77991452991452,1016.8803418803408,26.760008996851074,8
4180,4,1,1,42,0.023255813953488372,0.023255813953488372,0.9767441860465116,43,900,600,300,0.6666666666666666,12,6,6,361.8970249742425,0.43403931339977847,0.2735366222908102,0.20179784928891564,129418.716670319,767.2497077945497,130185.96637811355,1021,0,307.93023255813955,38,5,20,36.41370922581547,0.6107456140350878,45.619658119658105,1017.5213675213656,26.776878092667516,0
4181,4,0,1,41,0.0,0.023809523809523808,0.9761904761904762,42,1100,800,300,0.7272727272727273,14,8,6,363.8475926395622,0.4335075493612079,0.27469962343911924,0.20320296960772635,129480.23069598323,1022.2140466297141,130502.44474261295,1022,1,314.57142857142856,37,5,15,36.30144365438483,0.6131756756756757,45.55921052631578,1017.7631578947356,27.507112375533396,0
4182,4,0,0,41,0.0,0.0,1.0,41,1000,600,400,0.6,14,6,8,370.5180099748403,0.43008130081300816,0.27385764392349987,0.2062162159028179,129344.54038075246,1384.8963405973645,130729.43672134982,1023,21,323.219512195122,36,5,19,36.27001918889996,0.6137152777777778,45.69256756756757,1017.2297297297305,28.256381381381402,0
4183,4,0,0,41,0.0,0.0,1.0,41,1450,900,550,0.6206896551724138,20,9,11,371.0013617263761,0.4298526422764228,0.27231993435472135,0.2069363150962679,129430.46932067226,1403.7760733706907,130834.24539404296,1024,22,324.219512195122,36,5,16,36.170134277703994,0.6145833333333333,45.60810810810812,1017.5675675675695,28.26576576576582,0
4184,4,0,0,41,0.0,0.0,1.0,41,900,600,300,0.6666666666666666,12,6,6,372.92643586711137,0.4297256097560975,0.2725486281144587,0.20856921871025694,129536.0351261928,1461.482379193614,130997.51750538641,1025,23,325.219512195122,37,4,16,36.01357173632055,0.6137387387387387,45.50438596491229,1017.9824561403518,27.513039355144645,0
4185,4,0,0,41,0.0,0.0,1.0,41,1050,800,250,0.7619047619047619,13,8,5,371.2438331641188,0.4297002032520325,0.27066184079889477,0.2079234158481308,129591.85157933214,1422.0351454293686,131013.88672476151,1026,24,326.219512195122,37,4,16,35.99953334769187,0.6143018018018018,45.449561403508774,1018.2017543859652,27.518966334755817,0
4186,4,0,0,41,0.0,0.0,1.0,41,1250,1000,250,0.8,15,10,5,372.8572101859821,0.4291158536585366,0.2669265836774166,0.209353394694532,129690.63321827743,1471.2175378040763,131161.85075608152,1027,25,327.219512195122,38,3,17,35.857850849590946,0.6134868421052632,45.3525641025641,1018.5897435897434,26.80499325236167,0
4187,4,0,0,41,0.0,0.0,1.0,41,1000,700,300,0.7,13,7,6,375.02816384774195,0.428760162601626,0.26896017308710296,0.21101142174725165,129772.26382725184,1533.6507642998026,131305.91459155164,1028,26,328.219512195122,38,3,18,35.719434832756626,0.6143092105263157,45.2724358974359,1018.9102564102567,26.813427800269913,0
4188,4,1,0,42,0.023809523809523808,0.0,1.0,42,950,700,250,0.7368421052631579,12,7,5,369.56150696589947,0.4301321138211382,0.27311667979423815,0.20970367318794983,130103.13042534702,1216.2217881944239,131319.35221354145,1029,0,321.3809523809524,39,3,19,35.5221734395208,0.6159188034188035,44.94791666666666,1020.2083333333317,26.15918803418799,0
4189,4,0,0,42,0.0,0.0,1.0,42,800,500,300,0.625,11,5,6,368.078836854936,0.43038617886178865,0.27145190456746215,0.2091473483660644,130156.27170138879,1181.5538194444339,131337.82552083323,1030,1,322.3809523809524,39,3,20,35.50598883898189,0.6164529914529915,44.89583333333333,1020.4166666666658,26.164529914529894,0
4190,4,0,0,42,0.0,0.0,1.0,42,1100,1000,100,0.9090909090909091,12,10,2,367.7560556011921,0.42996273712737126,0.264625533049041,0.20969919766195616,130292.97052154188,1183.422796201807,131476.3933177437,1031,2,323.3809523809524,34,8,20,35.37536924751244,0.6274509803921569,44.76190476190476,1020.9523809523804,30.028011204481775,0
4191,4,0,0,42,0.0,0.0,1.0,42,1150,700,450,0.6086956521739131,16,7,9,369.2927119500546,0.4294788037166086,0.2673437673437675,0.21123543123543131,130414.54081632658,1232.2278911564688,131646.76870748305,1032,3,324.3809523809524,34,8,20,35.212703962703955,0.6286764705882353,44.642857142857146,1021.4285714285718,30.0420168067227,0
4192,4,0,0,42,0.0,0.0,1.0,42,1350,900,450,0.6666666666666666,18,9,9,368.6818718745553,0.429369918699187,0.26803106293480083,0.21166846090067107,130558.13426997588,1226.8834662208385,131785.01773619672,1033,4,325.3809523809524,35,7,16,35.08257833144583,0.6279761904761905,44.50231481481481,1021.9907407407399,29.199735449735424,0
4193,4,0,0,42,0.0,0.0,1.0,42,950,700,250,0.7368421052631579,12,7,5,365.27794571552613,0.4291037553232675,0.2621192621192623,0.21023775097849182,130654.64854570644,1145.052323791945,131799.7008694984,1034,5,326.3809523809524,37,5,17,35.07167882167882,0.625,44.40789473684211,1022.3684210526321,27.631578947368435,0
4194,4,0,0,42,0.0,0.0,1.0,42,1000,600,400,0.6,14,6,8,362.86063713025516,0.4291037553232675,0.2542608479423101,0.2096795775813031,130808.47447083422,1093.0492777047218,131901.52374853895,1035,6,327.3809523809524,38,4,17,34.97758920800696,0.6247258771929824,44.25747863247863,1022.9700854700852,26.920265407107507,0
4195,4,0,0,42,0.0,0.0,1.0,42,1400,1000,400,0.7142857142857143,18,10,8,354.2874141153774,0.4295997870692993,0.2300645497815743,0.19357698861017228,128613.70991940991,724.903422557419,129338.61334196733,1036,7,328.3809523809524,35,7,15,37.427734672143615,0.6083333333333334,46.412037037037024,1014.3518518518499,28.981481481481428,8
4196,4,0,0,42,0.0,0.0,1.0,42,1650,1200,450,0.7272727272727273,21,12,9,356.06509025907087,0.4291400503290747,0.2356469376436099,0.19560797006005645,128829.56594685912,774.3422053810677,129603.90815224018,1037,8,329.3809523809524,36,6,17,37.162368275097066,0.6085069444444444,46.19932432432433,1015.2027027027035,28.200075075075098,0
4197,4,0,0,42,0.0,0.0,1.0,42,1000,700,300,0.7,13,7,6,358.3573827070661,0.42928523035230354,0.23881321930102395,0.19757845916978847,128972.51136271421,843.6503226199331,129816.16168533414,1038,9,330.3809523809524,36,6,18,36.95837952697708,0.6099537037037037,46.058558558558566,1015.7657657657669,28.215715715715746,0
4198,4,0,0,42,0.0,0.0,1.0,42,1550,1000,550,0.6451612903225806,21,10,11,355.8334467939518,0.42847464188927603,0.23475111727538867,0.19704755386976908,129145.65659626044,790.8688250230848,129936.52542128353,1039,10,331.3809523809524,37,5,18,36.84600862998919,0.6097972972972974,45.88815789473684,1016.447368421053,27.4715504978663,0
4199,4,1,0,43,0.023255813953488372,0.0,1.0,43,950,500,450,0.5263157894736842,14,5,9,350.8517214763159,0.4303940568475452,0.23200808162013176,0.19602223879686942,129495.73072059342,486.7960782211374,129982.52679881455,1040,0,324.6511627906977,35,8,17,36.61634826775832,0.6172619047619048,45.54398148148149,1017.8240740740753,29.080687830687864,0
4200,4,0,0,43,0.0,0.0,1.0,43,1300,900,400,0.6923076923076923,17,9,8,351.0827814045001,0.42984034699150975,0.23158573417925532,0.19718440071097693,129701.96926708258,507.22562478567625,130209.19489186825,1041,1,325.6511627906977,35,8,18,36.40081146081886,0.6193452380952381,45.34143518518519,1018.63425925926,29.103835978836003,0
4201,4,0,0,43,0.0,0.0,1.0,43,1350,1200,150,0.8888888888888888,15,12,3,350.05360789046983,0.42930970837947585,0.2239589624447773,0.1971148162912796,129803.15778193747,487.6127394286346,130290.7705213661,1042,2,326.6511627906977,36,7,18,36.324225512948026,0.6183449074074074,45.242117117117125,1019.0315315315326,28.30643143143146,0
4202,4,0,0,43,0.0,0.0,1.0,43,1050,600,450,0.5714285714285714,15,6,9,347.7517439603108,0.42958656330749356,0.20848552098263085,0.19653834518206353,129946.64216581464,437.8342869897133,130384.47645280436,1043,3,327.6511627906977,36,7,18,36.23720639128193,0.6197916666666667,45.10135135135136,1019.5945945945961,28.322072072072114,0
4203,4,0,0,43,0.0,0.0,1.0,43,1200,800,400,0.6666666666666666,16,8,8,349.53762063155375,0.4285714285714286,0.20226359255334048,0.19829865989975462,130094.74068944287,494.6012234533677,130589.34191289624,1044,4,328.6511627906977,37,6,19,36.04139796503296,0.6193693693693694,44.95614035087719,1020.1754385964911,27.572309151256515,0
4204,4,0,1,42,0.0,0.023255813953488372,0.9767441860465116,43,850,600,250,0.7058823529411765,11,6,5,353.4809135965387,0.42834071613141383,0.16658889641504215,0.19574480699163177,129145.65659626051,556.1345798707449,129701.79117613126,1045,5,329.6511627906977,37,6,15,36.90578928443008,0.6097972972972974,45.88815789473685,1016.4473684210536,27.471550497866314,8
4205,4,2,1,43,0.045454545454545456,0.022727272727272728,0.9772727272727273,44,1400,900,500,0.6428571428571429,19,9,10,344.5978987953095,0.4332386363636364,0.16756681323631684,0.19258894006724017,129508.13140822187,125.65801496615725,129633.78942318803,1046,0,321.40909090909093,37,7,16,36.762877482135806,0.6134572072072072,45.53179824561404,1017.8728070175447,27.510075865339047,0
4206,4,0,1,42,0.0,0.023255813953488372,0.9767441860465116,43,1000,700,300,0.7,13,7,6,352.15918691417755,0.43085548172757476,0.1654147775547179,0.1962573630856851,129396.54659366363,513.63652758543,129910.18312124907,1047,1,329.8837209302326,37,6,16,36.683977260480646,0.6123310810810811,45.64144736842106,1017.4342105263174,27.498221906116687,0
4207,4,1,1,42,0.023255813953488372,0.023255813953488372,0.9767441860465116,43,1150,800,350,0.6956521739130435,15,8,7,355.1311612475802,0.433577888519749,0.17566051719648246,0.19918226000407785,129647.68005540187,608.3862342259381,130256.06628962781,1048,0,326.93023255813955,37,6,17,36.352910565604375,0.6148648648648649,45.394736842105274,1018.4210526315806,27.52489331436704,0
4208,4,0,0,42,0.0,0.0,1.0,42,1250,800,450,0.64,17,8,9,362.1703692068319,0.43180168408826947,0.17529643436321907,0.20319285478328733,129659.7526580637,991.7840982875028,130651.53675635121,1049,1,335.5238095238095,36,6,17,36.16140535161433,0.6168981481481481,45.382882882882896,1018.4684684684703,28.29079079079084,0
4209,4,0,0,42,0.0,0.0,1.0,42,1100,900,200,0.8181818181818182,13,9,4,361.7241594295006,0.43189847077042204,0.17847143278177735,0.2035373255297344,129774.47041636264,988.5122453534971,130762.98266171615,1050,2,336.5238095238095,36,6,17,36.05608053345122,0.6180555555555556,45.27027027027029,1018.9189189189216,28.303303303303377,0
4210,4,0,0,42,0.0,0.0,1.0,42,1350,1200,150,0.8888888888888888,15,12,3,362.7819514935519,0.4312572590011614,0.17641768436997074,0.20503294561938967,129946.64216581463,1028.4592869897142,130975.10145280435,1051,3,337.5238095238095,36,6,17,35.854088432368755,0.6197916666666667,45.10135135135136,1019.594594594596,28.32207207207211,0
4211,4,1,0,43,0.023255813953488372,0.0,1.0,43,900,500,400,0.5555555555555556,13,5,8,360.1298386296289,0.43380860095976376,0.1960250612422243,0.20563391705442904,130346.5504410012,788.3364352493238,131134.88687625053,1052,0,330.6511627906977,37,6,18,35.51565464046673,0.6219031531531531,44.70942982456141,1021.1622807017555,27.598980559506906,0
4212,4,0,0,43,0.0,0.0,1.0,43,1800,1500,300,0.8333333333333334,21,15,6,362.77344091534684,0.4330241786637135,0.19377266250246383,0.20804219667016088,130514.55886667041,869.4431219221158,131384.00198859253,1053,1,331.6511627906977,37,6,15,35.27772561433628,0.6235923423423424,44.54495614035087,1021.8201754385957,27.616761498340423,0
4213,4,0,1,42,0.0,0.023255813953488372,0.9767441860465116,43,1350,900,450,0.6666666666666666,18,9,9,366.7476370850074,0.4326550387596899,0.19171270029303544,0.21123667176143876,130682.67549871113,985.5124894198195,131668.18798813096,1054,2,332.6511627906977,37,6,15,35.00569705093834,0.6252815315315315,44.38048245614035,1022.4780701754386,27.634542437174016,0
4214,4,0,0,42,0.0,0.0,1.0,42,900,600,300,0.6666666666666666,12,6,6,371.46533990568435,0.432261420828494,0.19154604573106804,0.21401683288982307,130694.03863322777,1309.6610969077124,132003.69973013547,1055,3,336.23809523809524,36,6,15,34.873577459618204,0.6273148148148149,44.369369369369366,1022.5225225225221,28.40340340340339,0
4215,4,1,0,43,0.023255813953488372,0.0,1.0,43,1350,900,450,0.6666666666666666,18,9,9,363.0975739281301,0.43387781469176817,0.1874114239173481,0.21096714671854053,131019.2333819058,914.553155778681,131933.78653768447,1056,0,329.3953488372093,37,6,16,34.75810842169146,0.6286599099099099,44.05153508771929,1023.7938596491214,27.67010431484112,0
4216,4,0,0,43,0.0,0.0,1.0,43,1300,1000,300,0.7692307692307693,16,10,6,363.79422154150774,0.43332410483573275,0.18412470811986892,0.21214516964049687,131159.59357686958,943.0204485995432,132102.6140254691,1057,1,330.3953488372093,37,6,16,34.59823021480053,0.6300675675675675,43.91447368421051,1024.342105263156,27.684921763869085,0
4217,4,1,0,44,0.022727272727272728,0.0,1.0,44,1250,800,450,0.64,17,8,9,354.2562407045575,0.4354188689217759,0.1784760750601202,0.20868517934019362,131547.2334082108,520.2856764555288,132067.51908466633,1058,0,323.8636363636364,38,6,17,34.45093904047768,0.6321271929824561,43.536324786324776,1025.8547008546993,26.99617633828156,0
4218,4,0,1,43,0.0,0.022727272727272728,0.9772727272727273,44,1150,800,350,0.6956521739130435,15,8,7,355.9564808910856,0.4347581923890063,0.17976196109980602,0.21013902882353241,131629.44614517112,570.8708862955466,132200.31703146666,1059,1,324.8636363636364,38,6,16,34.32435363525941,0.6329495614035088,43.45619658119657,1026.1752136752123,27.004610886189795,0
4219,4,0,0,43,0.0,0.0,1.0,43,1150,700,450,0.6086956521739131,16,7,9,364.8187860451846,0.43184754521963825,0.18390861745366882,0.2147816075174763,131524.881754482,996.5495392813029,132521.4312937633,1060,4,333.3953488372093,37,6,17,34.202632282202025,0.6337274774774775,43.55811403508771,1025.767543859648,27.723447131341835,0
4220,4,0,0,43,0.0,0.0,1.0,43,1850,1600,250,0.8648648648648649,21,16,5,363.5617045568935,0.43117847914359547,0.1737315405889619,0.21467343804088101,131637.38031173046,971.6620739073505,132609.04238563782,1061,5,334.3953488372093,37,6,16,34.121233571962804,0.6348536036036037,43.4484649122807,1026.2061403508767,27.735301090564235,0
4221,4,0,0,43,0.0,0.0,1.0,43,1350,900,450,0.6666666666666666,18,9,9,371.03477555240465,0.43014027316352893,0.2110809638025659,0.20493053231812897,129042.58355034732,1007.7450213046377,130050.32857165196,1062,6,335.3953488372093,39,4,19,36.564913539744374,0.6052350427350428,45.989583333333336,1016.0416666666674,26.052350427350447,8
4222,4,1,0,44,0.022727272727272728,0.0,1.0,44,1050,800,250,0.7619047619047619,13,8,5,364.6932047523815,0.43213750880902047,0.20629260468580002,0.2030765319094838,129364.36760355011,635.8564729207546,130000.22407647087,1063,0,328.75,38,6,21,36.39794685990338,0.6101973684210527,45.67307692307691,1017.3076923076908,26.771255060728706,0
4223,4,0,0,44,0.0,0.0,1.0,44,1300,900,400,0.6923076923076923,17,9,8,364.7180444886121,0.43158694503171247,0.16505663849117358,0.19815093757267904,128388.03624260359,670.1265614727196,129058.1628040763,1064,1,329.75,38,6,13,37.39392262281256,0.600328947368421,46.63461538461539,1013.4615384615388,26.67004048582997,8
4224,4,0,1,43,0.0,0.022727272727272728,0.9772727272727273,44,950,500,450,0.5263157894736842,14,5,9,362.4533950438044,0.43187323819591267,0.15950765958669844,0.19732187410043958,128469.25593770551,512.8235946745626,128982.07953238007,1065,2,330.75,38,6,13,37.368268521445884,0.6011513157894737,46.55448717948718,1013.7820512820517,26.678475033738202,0
4225,4,0,0,43,0.0,0.0,1.0,43,1350,800,550,0.5925925925925926,19,8,11,360.7868866083513,0.43145533407161313,0.1574251021668185,0.1968154671084181,128550.50131492458,675.8670282708958,129226.36834319547,1066,3,333.2093023255814,38,5,14,37.327486304256226,0.6019736842105263,46.474358974358985,1014.1025641025656,26.68690958164646,0
4226,4,0,1,42,0.0,0.023255813953488372,0.9767441860465116,43,750,400,350,0.5333333333333333,11,4,7,364.8068776594422,0.4314091915836102,0.15675451978715382,0.19968708456090634,128685.96734832728,789.105189385652,129475.07253771293,1067,4,334.2093023255814,38,5,14,37.0871503281738,0.6033442982456141,46.34081196581197,1014.6367521367534,26.700967161493512,0
4227,4,1,0,43,0.023255813953488372,0.0,1.0,43,700,500,200,0.7142857142857143,9,5,4,363.0718146531829,0.43191675895164267,0.16118254382035668,0.19928049168225842,128794.39153928348,752.3226906640492,129546.71422994752,1068,0,334.93023255813955,38,5,15,37.02044521629302,0.6044407894736843,46.233974358974365,1015.0641025641035,26.712213225371144,0
4228,4,1,0,44,0.022727272727272728,0.0,1.0,44,800,400,400,0.5,12,4,8,356.7908956895104,0.43302942212825934,0.16724690771137984,0.19693161322353134,129016.1254882814,406.3557942708481,129422.48128255224,1069,0,328.29545454545456,39,5,16,36.95369373526096,0.6049679487179487,46.01562500000001,1015.9375000000011,26.049679487179517,0
4229,4,0,0,44,0.0,0.0,1.0,44,1650,1200,450,0.7272727272727273,21,12,9,355.4179201773272,0.43305144467935164,0.16409152998939702,0.197231040602194,129228.54487407785,386.1610503443839,129614.70592442223,1070,1,329.29545454545456,38,6,16,36.772135827116394,0.6088267543859649,45.80662393162394,1016.7735042735053,26.757197480881718,0
4230,4,0,0,44,0.0,0.0,1.0,44,1150,900,250,0.782608695652174,14,9,5,356.3471505577177,0.4328202078928823,0.1652781888839019,0.19829229809819038,129337.19735051894,417.7883473957461,129754.98569791469,1071,2,330.29545454545456,38,6,16,36.637870671848205,0.6099232456140351,45.69978632478634,1017.2008547008569,26.768443544759393,0
4231,4,0,0,44,0.0,0.0,1.0,44,1250,1000,250,0.8,15,10,5,361.41448121981267,0.4329193093727977,0.17071459927852906,0.20180740610198925,129473.07715136246,558.6890021184932,130031.76615348096,1072,3,331.29545454545456,38,6,12,36.37063475400658,0.6112938596491229,45.56623931623932,1017.7350427350432,26.782501124606398,0
4232,4,0,0,44,0.0,0.0,1.0,44,700,500,200,0.7142857142857143,9,5,4,361.41448121981267,0.4329193093727977,0.17071459927852906,0.20180740610198925,129473.07715136246,558.6890021184932,130031.76615348096,1073,4,332.29545454545456,38,6,12,36.37063475400658,0.6112938596491229,45.56623931623932,1017.7350427350432,26.782501124606398,0
4233,4,0,0,44,0.0,0.0,1.0,44,1100,800,300,0.7272727272727273,14,8,6,367.1234681103333,0.43212649753347426,0.17741673978560235,0.20584828811927622,129636.22708013728,718.5002556797353,130354.72733581702,1074,5,333.29545454545456,38,6,13,36.0592390544132,0.6129385964912281,45.4059829059829,1018.3760683760679,26.79937022042284,0
4234,4,0,0,44,0.0,0.0,1.0,44,1000,900,100,0.9,11,9,2,348.9854997886475,0.432247621564482,0.129564683905941,0.18429404478200476,127245.76971379461,110.49496077921094,127356.26467457382,1075,6,334.29545454545456,40,4,14,38.96156493419284,0.5854166666666667,47.76422764227642,1008.9430894308936,25.22357723577234,8
4235,4,0,0,44,0.0,0.0,1.0,44,1100,700,400,0.6363636363636364,15,7,8,348.94976246215606,0.4315318886539817,0.13047188892854855,0.18485962616195165,127373.97057183218,89.4233549804924,127463.39392681267,1076,7,335.29545454545456,40,4,11,38.83100104030335,0.58671875,47.637195121951216,1009.4512195121946,25.236280487804866,0
4236,4,2,0,46,0.043478260869565216,0.0,1.0,46,1200,800,400,0.6666666666666666,16,8,8,339.9692111936898,0.4368458132045088,0.15381491647125967,0.18246470928796513,127899.37245545616,-503.6302468301431,127395.74220862602,1077,0,321.67391304347825,42,4,14,38.520013091930885,0.5890376984126984,47.11724806201549,1011.531007751936,24.084071613141333,0
4237,4,0,3,43,0.0,0.06521739130434782,0.9347826086956522,46,1200,800,400,0.6666666666666666,16,8,8,340.7792798741871,0.4368458132045088,0.15641640541406976,0.18334662646708555,127997.4078048943,-476.22710849711007,127521.18069639719,1078,1,322.67391304347825,42,4,14,38.39932650260141,0.5900297619047619,47.02034883720929,1011.9186046511609,24.093300110741925,0
4238,4,0,0,43,0.0,0.0,1.0,43,1550,1100,450,0.7096774193548387,20,11,9,335.60070429510694,0.43611572535991144,0.08584661098959079,0.17165863057083214,125941.80800325525,-126.90000991250925,125814.90799334274,1079,2,326.3953488372093,40,3,16,40.638393911781584,0.5721354166666667,49.05995934959349,1003.7601626016253,25.094004065040632,8
4239,4,3,1,45,0.06521739130434782,0.021739130434782608,0.9782608695652174,46,700,400,300,0.5714285714285714,10,4,6,316.79999685665564,0.44422302737520125,0.10440139960824357,0.16487566970676037,126652.71392945133,-1175.2428136638614,125477.47111578747,1080,0,306.04347826086956,42,4,18,40.38052721088435,0.5763888888888888,48.35271317829457,1006.5891472868216,23.966408268733847,0
4240,4,1,0,46,0.021739130434782608,0.0,1.0,46,1250,1000,250,0.8,15,10,5,317.7772383163531,0.44204911433172306,0.11278719482037691,0.1661030213253584,126829.56271701377,-1139.290364583343,125690.27235243043,1081,0,306.95652173913044,43,3,20,40.17472423302308,0.5767926356589148,48.17708333333333,1007.2916666666657,23.425387596899203,0
4241,4,0,0,46,0.0,0.0,1.0,46,1600,1200,400,0.75,20,12,8,320.2113935412118,0.44192834138486314,0.11158493974180317,0.16757152070265377,126877.260934989,-1074.4910934630482,125802.76984152595,1082,1,307.95652173913044,43,3,20,40.06456198890874,0.5772771317829457,48.129734848484844,1007.4810606060598,23.42979210711767,0
4242,4,3,1,48,0.061224489795918366,0.02040816326530612,0.9795918367346939,49,1400,1100,300,0.7857142857142857,17,11,6,308.17302582633664,0.4478103741496599,0.12775089417210173,0.16424606321513519,127617.73003472202,-1933.4236362201814,125684.30639850184,1083,0,290.0408163265306,41,8,16,39.611254295532625,0.5876524390243902,47.39583333333332,1010.4166666666649,24.64430894308939,0
4243,4,0,3,45,0.0,0.0625,0.9375,48,1300,800,500,0.6153846153846154,18,8,10,317.99788903738954,0.4453679078014185,0.05101763336090914,0.16624214487447186,126835.3920181755,-1533.3226165980918,125302.0694015774,1084,1,297.0833333333333,44,4,15,40.16319667861629,0.5755208333333333,48.17129629629629,1007.3148148148141,22.8935185185185,8
4244,4,0,0,45,0.0,0.0,1.0,45,1600,1100,500,0.6875,21,11,10,332.8032156949718,0.4387626262626263,0.07205314247567762,0.1739038110628435,126817.07180846875,-558.9741394242884,126258.09766904447,1085,2,317.64444444444445,41,4,15,39.80914918414918,0.5795223577235773,48.18948412698413,1007.2420634920635,24.566879597367404,0
4245,4,1,0,46,0.021739130434782608,0.0,1.0,46,1450,1200,250,0.8275862068965517,17,12,5,325.1965143932795,0.4408615136876006,0.07436125445179442,0.17119235757701678,127118.27392578125,-931.422928329318,126186.85099745193,1086,0,311.7173913043478,39,7,16,39.69211600041317,0.5857371794871795,47.890625,1008.4375,25.857371794871796,0
4246,4,1,0,47,0.02127659574468085,0.0,1.0,47,1250,1000,250,0.8,15,10,5,319.4030766308563,0.4422217082947888,0.07587710281974869,0.16952932528868497,127450.92207019609,-1258.3566742679877,126192.5653959281,1087,0,306.06382978723406,40,7,13,39.497995504562525,0.5875,47.560975609756085,1009.7560975609738,25.243902439024346,0
4247,4,1,1,47,0.020833333333333332,0.020833333333333332,0.9791666666666666,48,1200,800,400,0.6666666666666666,16,8,8,318.6529110301748,0.4435486849881796,0.08990162888823505,0.1704667620109451,127768.13394628657,-1457.2624362245176,126310.87151006206,1088,0,300.6666666666667,41,7,14,39.19297664606023,0.5891768292682926,47.247023809523796,1011.0119047619025,24.658826945412258,0
4248,4,1,1,47,0.020833333333333332,0.020833333333333332,0.9791666666666666,48,950,600,350,0.631578947368421,13,6,7,322.51844308182734,0.44377955082742315,0.08268963544221064,0.17296557218407282,127868.4524301616,-1352.0131605883348,126516.43926957327,1089,0,301.6041666666667,41,7,15,38.99286823606343,0.5901930894308943,47.14781746031745,1011.4087301587278,24.66850561362751,0
4249,4,2,0,49,0.04081632653061224,0.0,1.0,49,1450,900,550,0.6206896551724138,20,9,11,328.0625702083911,0.44633999433106575,0.09562715787783338,0.17415894264603332,127458.67816124289,-1429.9064978647455,126028.77166337814,1090,0,296.2244897959184,42,7,16,39.271463071362305,0.5845734126984127,47.55329457364339,1009.786821705423,24.042543373938642,8
4250,4,0,0,49,0.0,0.0,1.0,49,1950,1600,350,0.8205128205128205,23,16,7,330.29139763921023,0.44607426303854875,0.10030474259330702,0.17598101191538285,127605.49175417626,-1370.600756414895,126234.89099776137,1091,1,297.2244897959184,42,7,17,39.065047472906876,0.5860615079365079,47.4079457364341,1010.3682170542621,24.056386120339575,0
4251,4,2,1,50,0.0392156862745098,0.0196078431372549,0.9803921568627451,51,1400,900,500,0.6428571428571429,19,9,10,321.28683822612373,0.4486601307189542,0.11893870082342217,0.17298843063110972,128027.37054183794,-1973.2981824417163,126054.07235939622,1092,0,286.52941176470586,44,7,19,38.86188624580664,0.587594696969697,46.99074074074073,1012.0370370370355,23.000841750841715,0
4252,4,3,4,49,0.05660377358490566,0.07547169811320754,0.9245283018867925,53,800,500,300,0.625,11,5,6,314.99773868662317,0.45168118045476535,0.16191111431804628,0.1730953744981693,128840.6089033085,-2482.8855741849775,126357.72332912352,1093,0,264.49056603773585,43,10,14,38.19344044398843,0.5971414728682171,46.18844696969696,1015.2462121212109,23.610377026074673,0
4253,4,2,1,50,0.0392156862745098,0.0196078431372549,0.9803921568627451,51,1700,1400,300,0.8235294117647058,20,14,6,326.2531477958786,0.45050653594771245,0.17606667776941887,0.18034597910810465,129075.34490937556,-1777.752484095514,127297.59242528005,1094,0,274.98039215686276,41,10,17,37.66911956132643,0.6023882113821138,45.95734126984126,1016.1706349206331,24.784649632210563,0
4254,4,1,0,51,0.0196078431372549,0.0,1.0,51,1700,1300,400,0.7647058823529411,21,13,8,325.6686425782171,0.451421568627451,0.2022739721080291,0.18218429558768817,129545.80213758661,-1762.0758694826513,127783.72626810396,1095,0,261.54901960784315,39,12,17,37.20635509396637,0.610309829059829,45.49479166666666,1018.0208333333318,26.10309829059825,0
4255,4,1,1,51,0.019230769230769232,0.019230769230769232,0.9807692307692307,52,1400,1000,400,0.7142857142857143,18,10,8,318.6035224228165,0.4529835972850678,0.20525605228437338,0.17949191701438216,129822.05119307281,-2127.647440346364,127694.40375272644,1096,0,257.5,40,12,18,37.1063106634756,0.6114583333333333,45.22357723577235,1019.1056910569098,25.477642276422745,0
4256,4,0,2,49,0.0,0.0392156862745098,0.9607843137254902,51,1550,1100,450,0.7096774193548387,20,11,9,321.8728530450199,0.45140522875816996,0.20672080010097438,0.181775511410941,129917.22140842005,-1836.634657118068,128080.58675130199,1097,1,263.0,39,12,18,36.92664163345936,0.6140491452991452,45.13020833333333,1019.479166666666,26.140491452991434,0
4257,4,0,0,49,0.0,0.0,1.0,49,1550,1000,550,0.6451612903225806,21,10,11,325.0392238164031,0.4488555839002268,0.20662587536547394,0.18343909136489728,129890.67382812488,-1356.0872395833496,128534.58658854154,1098,2,272.16326530612247,39,10,18,36.872828530553846,0.6137820512820513,45.15624999999999,1019.3749999999991,26.13782051282049,0
4258,4,1,0,50,0.02,0.0,1.0,50,1250,900,350,0.72,16,9,7,319.5166609811962,0.4494047619047619,0.2166054243219604,0.18169529527438133,130186.64301658135,-1680.6397037982106,128506.00331278314,1099,0,267.7,41,9,19,36.714117332555674,0.6135670731707317,44.866071428571416,1020.5357142857121,24.891114982578344,0
4259,4,0,1,49,0.0,0.02,0.98,50,1400,900,500,0.6428571428571429,19,9,10,321.55590880923546,0.4491241496598639,0.21775624681285044,0.18383998168364735,130395.54172092007,-1614.0643269026475,128781.47739401742,1100,1,268.7,39,11,19,36.45089665136835,0.6188568376068376,44.66145833333333,1021.3541666666661,26.18856837606836,0
4260,4,0,2,47,0.0,0.04081632653061224,0.9591836734693877,49,1600,1400,200,0.875,18,14,4,332.1531124363223,0.4490504535147392,0.17789181813812904,0.18506214769911902,129386.78521050327,-1139.5833333333542,128247.20187716991,1101,2,274.1224489795918,39,10,18,37.202761851131356,0.6087072649572649,45.65104166666666,1017.3958333333317,26.087072649572608,8
4261,4,0,0,47,0.0,0.0,1.0,47,1300,800,500,0.6153846153846154,18,8,10,340.2688281194838,0.44775285229725564,0.1896745932415529,0.18921490909447883,129310.02995105516,-599.9655288918541,128710.0644221633,1102,6,286.2340425531915,38,9,18,37.07436099439777,0.6096491228070176,45.726495726495706,1017.0940170940136,26.76563202878983,0
4262,4,1,0,48,0.020833333333333332,0.0,1.0,48,1350,900,450,0.6666666666666666,18,9,9,329.8501825506739,0.44830452127659576,0.1952059465357343,0.18489767113620317,129625.347222222,-1048.6111111111327,128576.73611111086,1103,0,281.25,39,9,17,37.019230769230774,0.6111111111111112,45.41666666666666,1018.3333333333316,26.111111111111065,0
4263,4,0,0,48,0.0,0.0,1.0,48,1350,700,650,0.5185185185185185,20,7,13,330.5021307204305,0.44828605200945626,0.19968473074301318,0.18576499071527613,129731.44531249972,-1024.6961805555861,128706.74913194413,1104,1,282.25,39,9,17,36.89502385821404,0.6121794871794872,45.312499999999986,1018.7499999999978,26.121794871794815,0
4264,4,1,1,48,0.02040816326530612,0.02040816326530612,0.9795918367346939,49,850,600,250,0.7058823529411765,11,6,5,326.70548639485355,0.4486784297052154,0.21422064242197503,0.18503477773469224,130029.26911891047,-1303.744877387823,128725.52424152264,1105,0,277.46938775510205,40,9,18,36.68999933572472,0.6135416666666667,45.02032520325202,1019.9186991869899,25.49796747967475,0
4265,4,0,0,48,0.0,0.0,1.0,48,1050,600,450,0.5714285714285714,15,6,9,338.091207279984,0.4465591755319149,0.23212796555362702,0.19171552940896822,130076.56385633672,-804.4514973958426,129272.11235894088,1106,1,283.9375,39,9,18,36.351752101841434,0.6156517094017093,44.97395833333333,1020.104166666666,26.156517094017076,0
4266,4,1,1,48,0.02040816326530612,0.02040816326530612,0.9795918367346939,49,1150,1000,150,0.8695652173913043,13,10,3,332.8949339715758,0.44703089569161,0.2384750854656581,0.18992591718412377,130314.46358194517,-1123.7950500694171,129190.66853187575,1107,0,279.1224489795918,40,9,19,36.24340599183835,0.61640625,44.74085365853658,1021.0365853658528,25.52591463414632,0
4267,4,0,1,47,0.0,0.020833333333333332,0.9791666666666666,48,1100,400,700,0.36363636363636365,18,4,14,342.4503808337129,0.4445552600472813,0.24253128613208208,0.19538408806356555,130315.76063368072,-674.6636284722038,129641.09700520852,1108,1,285.6666666666667,39,9,19,35.99818064340611,0.6180555555555556,44.73958333333334,1021.041666666668,26.18055555555559,0
4268,4,0,0,47,0.0,0.0,1.0,47,1200,900,300,0.75,15,9,6,345.95315512653895,0.44536308973172983,0.23478375063714063,0.19766683860457798,130371.6730244176,-379.50167561543645,129992.17134880216,1109,2,279.1276595744681,38,9,19,35.852120165986676,0.6203399122807017,44.68482905982907,1021.2606837606852,26.87528115159698,0
4269,4,1,1,47,0.020833333333333332,0.020833333333333332,0.9791666666666666,48,1550,1000,550,0.6451612903225806,21,10,11,343.4115504747366,0.44608820921985815,0.24215037338764422,0.1983706720977598,130794.81336805572,-616.710069444425,130178.1032986113,1110,0,274.2916666666667,39,9,19,35.4887983706721,0.6228632478632479,44.27083333333334,1022.916666666668,26.228632478632512,0
4270,4,0,0,47,0.0,0.0,1.0,47,1300,900,400,0.6923076923076923,17,9,8,352.2057044516948,0.4448041936478569,0.24593052059566478,0.20381111973014404,130863.12601587056,-181.85210296587024,130681.27391290468,1111,1,278.3191489361702,38,9,19,35.19478089868087,0.6252741228070176,44.20405982905984,1023.1837606837619,26.925888439046364,0
4271,4,1,1,47,0.020833333333333332,0.020833333333333332,0.9791666666666666,48,1200,800,400,0.6666666666666666,16,8,8,345.360367776497,0.4457649970449173,0.2529126419250971,0.2015797754944719,131194.69536675367,-538.1103515624804,130656.58501519119,1112,0,273.5,39,9,20,35.03484578884934,0.6268696581196581,43.88020833333334,1024.4791666666683,26.268696581196625,0
4272,4,0,0,47,0.0,0.0,1.0,47,1400,900,500,0.6428571428571429,19,9,10,348.3376297177605,0.4445343817452976,0.251340598512368,0.20402632597754555,131328.12500000015,-250.69444444442962,131077.4305555557,1113,1,266.6170212765957,39,8,21,34.82384823848239,0.6282051282051282,43.75000000000001,1025.0000000000011,26.28205128205131,0
4273,4,0,0,47,0.0,0.0,1.0,47,1650,1300,350,0.7878787878787878,20,13,7,348.8177086521265,0.4443994757940179,0.19939771417337582,0.19450467548026093,129418.71667031938,-345.2502922054057,129073.46637811397,1114,2,267.6170212765957,38,9,17,36.746421321573564,0.6107456140350878,45.619658119658126,1017.5213675213688,26.7768780926676,8
4274,4,0,0,47,0.0,0.0,1.0,47,1050,700,350,0.6666666666666666,14,7,7,348.95668287806006,0.4441296638914585,0.2071487575629034,0.19539113912032377,129581.83235627136,-356.3107239389409,129225.52163233243,1115,3,268.6170212765957,38,9,12,36.57703742567331,0.612390350877193,45.4594017094017,1018.1623931623924,26.79374718848401,0
4275,4,0,2,45,0.0,0.0425531914893617,0.9574468085106383,47,1550,1000,550,0.6451612903225806,21,10,11,349.52615045074543,0.4437056737588652,0.20125391985967922,0.196059505046296,129651.8676757813,-336.65635850694275,129315.21131727436,1116,4,269.6170212765957,39,8,12,36.49136152875797,0.6113782051282051,45.390625,1018.4375000000003,26.11378205128206,0
4276,4,2,0,47,0.0425531914893617,0.0,1.0,47,1450,1200,250,0.8275862068965517,17,12,5,357.07443692903246,0.44505473327166206,0.23995899324952497,0.2028945002411136,130156.27170138879,-104.90451388889727,130051.3671874999,1117,0,269.9574468085106,39,8,17,35.78671566625834,0.6164529914529915,44.89583333333333,1020.4166666666658,26.164529914529894,0
4277,4,0,1,46,0.0,0.02127659574468085,0.9787234042553191,47,1350,1100,250,0.8148148148148148,16,11,5,355.35193669304493,0.4445536540240518,0.2343030829353021,0.2024679639297579,130262.58680555537,-142.10069444446367,130120.4861111109,1118,1,270.9574468085106,37,10,18,35.72278911564625,0.6210585585585586,44.79166666666666,1020.8333333333319,27.59009009009005,0
4278,4,1,0,47,0.02127659574468085,0.0,1.0,47,1400,1100,300,0.7857142857142857,17,11,6,357.7316579005152,0.4455943570767808,0.20834840928063558,0.19400311791024302,128315.61872260759,-193.44652929958693,128122.172193308,1119,0,271.6170212765957,36,11,20,37.64495572598274,0.6032986111111112,46.706081081081074,1013.1756756756744,28.143768768768734,8
4279,4,0,1,46,0.0,0.02127659574468085,0.9787234042553191,47,1600,1200,400,0.75,20,12,8,354.4978400542584,0.44474637681159424,0.1996323131826543,0.19316685486044316,128505.5993791356,-289.00851704373764,128216.59086209186,1120,1,272.6170212765957,37,10,17,37.53278090191413,0.603322072072072,46.51864035087718,1013.9254385964889,27.40339023233754,0
4280,4,1,0,47,0.02127659574468085,0.0,1.0,47,1500,900,600,0.6,21,9,12,356.5354849198038,0.4458641689793401,0.2341527946202182,0.19660385311292036,128978.53185595562,-202.9153200985022,128775.61653585712,1121,0,273.3829787234043,37,10,18,36.998506764536536,0.6081081081081081,46.05263157894736,1015.7894736842101,27.453769559032704,0
4281,4,1,1,47,0.020833333333333332,0.020833333333333332,0.9791666666666666,48,1100,700,400,0.6363636363636364,15,7,8,348.91254642530663,0.447621158392435,0.23500485018322914,0.1943103604882348,129368.6579043551,-572.1380617113077,128796.5198426438,1122,0,268.6666666666667,37,11,20,36.79492706761515,0.6120495495495495,45.6688596491228,1017.324561403508,27.495258416311028,0
4282,4,0,0,47,0.0,0.0,1.0,47,1550,1000,550,0.6451612903225806,21,10,11,352.64115179680067,0.44617252543940794,0.24139298328447567,0.19708415485428657,129508.13140822174,-266.02067463065566,129242.1107335911,1123,1,272.82978723404256,37,10,15,36.55820226938131,0.6134572072072072,45.531798245614034,1017.8728070175437,27.51007586533902,0
4283,4,0,0,47,0.0,0.0,1.0,47,1400,900,500,0.6428571428571429,19,9,10,355.298847922909,0.4458448967005859,0.23882002476876885,0.1996331476101909,129717.84056770048,-182.28013824967692,129535.5604294508,1124,2,273.82978723404256,38,9,15,36.27731165880089,0.6137609649122807,45.325854700854705,1018.6965811965823,26.807804768331113,0
4284,4,0,2,45,0.0,0.0425531914893617,0.9574468085106383,47,1400,1000,400,0.7142857142857143,18,10,8,372.3675600767944,0.44588344125809437,0.1772140291192026,0.20781378984201626,129452.3329894776,426.0121328644621,129878.34512234206,1125,3,274.82978723404256,37,10,15,36.113093955392735,0.6128941441441442,45.58662280701755,1017.6535087719303,27.504148885727847,8
4285,4,0,1,44,0.0,0.022222222222222223,0.9777777777777777,45,1350,1000,350,0.7407407407407407,17,10,7,377.93508630958286,0.4433291245791246,0.1982486068463547,0.21099575961397862,129466.28146701399,785.9700520833437,130252.25151909734,1126,4,287.06666666666666,35,10,15,35.95722449675878,0.6169642857142856,45.57291666666667,1017.7083333333342,29.077380952380977,0
4286,4,0,0,44,0.0,0.0,1.0,44,1100,900,200,0.8181818181818182,13,9,4,380.11200675986294,0.4400325933756166,0.2166997395510355,0.21268862668319055,129554.6392746914,1049.0547839506237,130603.69405864202,1127,5,294.3863636363636,35,9,15,35.81173260572987,0.6178571428571429,45.486111111111114,1018.055555555556,29.0873015873016,0
4287,4,0,0,44,0.0,0.0,1.0,44,1550,1300,250,0.8387096774193549,18,13,5,380.1983471074376,0.4392838266384778,0.22030991735537153,0.21337662337662341,129672.49657064493,1060.2537722908314,130732.75034293576,1128,6,295.3863636363636,35,9,15,35.68939393939393,0.6190476190476191,45.37037037037038,1018.5185185185202,29.100529100529148,0
4288,4,2,0,46,0.043478260869565216,0.0,1.0,46,1350,1000,350,0.7407407407407407,17,10,7,363.87236412680153,0.44264291465378425,0.21887951779080872,0.20657915486271475,130122.70752779729,269.6114429440123,130392.3189707413,1129,0,283.5,37,9,17,35.64738939638188,0.6196509009009009,44.92872807017545,1020.2850877193005,27.575272641062174,0
4289,4,0,0,46,0.0,0.0,1.0,46,1400,900,500,0.6428571428571429,19,9,10,366.07076081521444,0.44226046698872784,0.21779530795349955,0.20842524235038737,130234.60493853885,335.01618286396547,130569.62112140282,1130,1,284.5,37,9,17,35.477651555842016,0.620777027027027,44.819078947368425,1020.7236842105269,27.587126600284513,0
4290,4,0,0,46,0.0,0.0,1.0,46,1800,1400,400,0.7777777777777778,22,14,8,363.6110948421073,0.44201892109500807,0.20468057766440984,0.20763384181537992,130348.82010388788,279.2584436028585,130628.07854749073,1131,2,285.5,36,10,17,35.42447801793855,0.6238425925925926,44.70720720720722,1021.1711711711728,28.36586586586591,0
4291,4,0,0,46,0.0,0.0,1.0,46,1000,800,200,0.8,12,8,4,359.0456238818736,0.44154589371980674,0.1991380879271647,0.20560713446265627,130458.54403518396,168.11386676670702,130626.65790195068,1132,3,286.5,37,9,17,35.42974759400379,0.6230292792792793,44.59978070175439,1021.6008771929829,27.61083451872927,0
4292,4,0,0,46,0.0,0.0,1.0,46,850,700,150,0.8235294117647058,10,7,3,361.1435779182249,0.44154589371980674,0.20355858440268082,0.2074072267267882,130570.58572108719,230.94569963833885,130801.53142072553,1133,4,287.5,37,9,14,35.26255677144797,0.6241554054054055,44.49013157894736,1022.0394736842101,27.622688477951623,0
4293,4,0,0,46,0.0,0.0,1.0,46,1000,500,500,0.5,15,5,10,361.8050457458749,0.44138486312399355,0.20683069920579755,0.20808812100486063,130626.62459843408,252.2743776931286,130878.89897612721,1134,5,288.5,37,9,14,35.18884747398904,0.6247184684684685,44.435307017543856,1022.2587719298241,27.628615457562812,0
4294,4,0,0,46,0.0,0.0,1.0,46,1050,700,350,0.6666666666666666,14,7,7,360.514554155968,0.44125402576489536,0.21002530288507404,0.20773538818945012,130699.20562358448,223.79316878513941,130922.99879236962,1135,6,289.5,38,8,14,35.14827778358234,0.6236293859649122,44.36431623931623,1022.5427350427339,26.90901934322984,0
4295,4,0,3,43,0.0,0.06521739130434782,0.9347826086956522,46,1100,700,400,0.6363636363636364,15,7,8,369.13213158611734,0.44204911433172306,0.1773746578077564,0.20604367344927396,129459.11864144563,461.41392897176956,129920.5325704174,1136,7,290.5,36,10,15,36.188493600383616,0.6148726851851851,45.579954954954964,1017.6801801801812,28.26889389389392,8
4296,4,0,0,43,0.0,0.0,1.0,43,900,700,200,0.7777777777777778,11,7,4,371.61519783865117,0.4367155777039498,0.20900312797497644,0.20766731643924638,129504.14540816336,1025.1417233560219,130529.28713151938,1137,8,306.7906976744186,34,9,16,36.07943469785576,0.6194852941176471,45.53571428571429,1017.8571428571436,29.936974789915986,0
4297,4,1,0,44,0.022727272727272728,0.0,1.0,44,950,700,250,0.7368421052631579,12,7,5,361.7392532121102,0.43773123678646936,0.20202593862293994,0.20362866913551275,129790.40745027442,590.0570130315573,130380.46446330598,1138,0,300.79545454545456,35,9,17,36.0394896259276,0.6202380952380953,45.25462962962963,1018.981481481482,29.113756613756628,0
4298,4,1,0,45,0.022222222222222223,0.0,1.0,45,1400,1000,400,0.7142857142857143,18,10,8,353.78487880450507,0.4393518518518518,0.19464260134651235,0.20128543104598623,130206.62607725456,213.0270852570098,130419.65316251157,1139,0,295.0888888888889,37,8,18,35.81954591032804,0.6204954954954955,44.84649122807018,1020.6140350877196,27.584163110478908,0
4299,4,0,0,45,0.0,0.0,1.0,45,800,500,300,0.625,11,5,6,356.0183256976259,0.43933080808080804,0.1984580498866213,0.2028476506881824,130262.58680555563,275.1736111111221,130537.76041666676,1140,1,296.0888888888889,37,8,18,35.705782312925166,0.6210585585585586,44.79166666666667,1020.833333333334,27.590090090090108,0
4300,4,0,0,45,0.0,0.0,1.0,45,1650,1400,250,0.8484848484848485,19,14,5,353.5511212668721,0.4385732323232323,0.19574264986636147,0.20173211036992125,130318.55955678681,214.8545706371341,130533.41412742395,1141,2,297.0888888888889,37,8,18,35.71198453608249,0.6216216216216216,44.736842105263165,1021.0526315789483,27.596017069701304,0
4301,4,0,1,44,0.0,0.022222222222222223,0.9777777777777777,45,1000,500,500,0.5,15,5,10,351.2394740988428,0.43825757575757573,0.19294746629474657,0.20082831174551063,130398.95171305431,160.2518445467195,130559.20355760102,1142,3,298.0888888888889,38,7,18,35.68950488145048,0.6206140350877193,44.65811965811966,1021.3675213675216,26.878092667566357,0
4302,4,0,1,43,0.0,0.022727272727272728,0.9772727272727273,44,1300,1000,300,0.7692307692307693,16,10,6,356.16872480407864,0.4374669661733615,0.1911764705882355,0.20381252090140026,130430.54112803945,491.0559018159514,130921.5970298554,1143,4,301.29545454545456,37,7,19,35.53161227994848,0.6227477477477478,44.627192982456144,1021.4912280701758,27.60787102892367,0
4303,4,0,2,41,0.0,0.046511627906976744,0.9534883720930233,43,1150,500,650,0.43478260869565216,18,5,13,384.64908009670455,0.4376614987080103,0.17681961310054262,0.20949762057535565,128486.82032962002,1328.6517171041505,129815.47204672417,1144,5,305.72093023255815,36,7,13,36.7877374208597,0.6050347222222222,46.537162162162154,1013.8513513513502,28.162537537537506,8
4304,4,1,0,42,0.023809523809523808,0.0,1.0,42,950,500,450,0.5263157894736842,14,5,9,391.33636438407854,0.436060298102981,0.2001375141998365,0.21334772174044214,128525.67361378996,1659.353968407026,130185.02758219698,1145,0,313.7142857142857,35,7,15,36.57842046189552,0.6074404761904761,46.498842592592574,1014.004629629627,28.97156084656077,0
4305,4,0,1,41,0.0,0.023809523809523808,0.9761904761904762,42,1250,800,450,0.64,17,8,9,381.3224148031941,0.4360723964382501,0.2699458226404332,0.19911576918518112,126788.1478555901,1282.861950608484,128071.00980619858,1146,1,314.7142857142857,37,5,16,38.617197423335135,0.5858671171171171,48.21820175438596,1007.1271929824555,27.21965386439069,8
4306,4,2,0,43,0.046511627906976744,0.0,1.0,43,1300,1000,300,0.7692307692307693,16,10,6,365.6883533249887,0.44137596899224807,0.2114744714053074,0.18496471174146825,125479.06172642243,665.0497506565525,126144.11147707899,1147,0,293.6279069767442,36,7,17,40.36168558690194,0.5743634259259259,49.5213963963964,1001.9144144144149,27.830955955955968,8
4307,4,1,0,44,0.022727272727272728,0.0,1.0,44,1200,900,300,0.75,15,9,6,359.51039064335595,0.4457474453840733,0.2151129283876032,0.18324014284100645,125796.22005088108,245.0096423899689,126041.22969327105,1148,0,287.9318181818182,37,7,18,40.18870459430901,0.5757319819819819,49.20504385964912,1003.1798245614038,27.112968231389292,0
4308,4,3,1,46,0.06382978723404255,0.02127659574468085,0.9787234042553191,47,1200,900,300,0.75,15,9,6,345.9012252682293,0.45002698119025597,0.24084401746124517,0.1799267717991881,126631.3041179191,-639.6153496596058,125991.6887682595,1149,0,270.48936170212767,40,7,17,39.67020900646202,0.5791666666666666,48.37398373983739,1006.5040650406495,25.162601626016237,0
4309,4,3,1,48,0.061224489795918366,0.02040816326530612,0.9795918367346939,49,1300,900,400,0.6923076923076923,17,9,8,332.0034285223325,0.45303642290249435,0.2566945853485896,0.17557037202643896,127302.17013888908,-1344.5389442461321,125957.63119464295,1150,0,260.38775510204084,39,10,20,39.332163501238654,0.5876068376068376,47.70833333333334,1009.1666666666682,25.876068376068417,0
4310,4,0,0,48,0.0,0.0,1.0,48,850,500,350,0.5882352941176471,12,5,7,338.4365291503613,0.4493757387706856,0.26083608644779344,0.17874025198202853,127249.61480034735,-986.816406249991,126262.79839409736,1151,1,266.7708333333333,39,9,20,39.22370775689998,0.5870726495726496,47.76041666666667,1008.9583333333344,25.870726495726522,0
4311,4,0,0,48,0.0,0.0,1.0,48,1050,800,250,0.7619047619047619,13,8,5,335.07564104367395,0.44925568853427894,0.2459219034843323,0.1775406253337477,127381.02349175353,-1063.5443793402737,126317.47911241325,1152,2,267.7708333333333,39,9,18,39.17391136105666,0.5884081196581197,47.630208333333336,1009.4791666666671,25.884081196581207,0
4312,4,2,0,50,0.04,0.0,1.0,50,1000,700,300,0.7,13,7,6,328.13157150126654,0.4505612244897959,0.2648249485142693,0.1761957680146609,127918.62643494878,-1605.1720167233734,126313.4544182254,1153,0,258.02,41,9,20,38.7997082475238,0.5907012195121951,47.09821428571428,1011.6071428571412,24.67334494773515,0
4313,4,1,0,51,0.0196078431372549,0.0,1.0,51,1200,800,400,0.6666666666666666,16,8,8,323.62952801910257,0.4524019607843137,0.26982974259662695,0.17475994513031554,128144.53125000013,-1905.1312712584902,126239.39997874164,1154,0,253.94117647058823,39,12,21,38.683127572016474,0.5961538461538461,46.87500000000001,1012.500000000001,25.96153846153849,0
4314,4,1,1,51,0.019230769230769232,0.019230769230769232,0.9807692307692307,52,1950,1600,350,0.8205128205128205,23,16,7,318.0990070599767,0.45270079185520357,0.28111529057739304,0.17384085233502225,128622.09590143943,-2217.0878015557905,126405.00809988363,1155,0,250.03846153846155,41,11,17,38.33689894050528,0.5978150406504066,46.40376984126985,1014.3849206349219,24.741095625241996,0
4315,4,1,2,50,0.019230769230769232,0.038461538461538464,0.9615384615384616,52,1600,1200,400,0.75,20,12,8,317.96856432262103,0.45274792609351433,0.27425549826370665,0.17476317332318492,128848.62075617282,-2206.037808641974,126642.58294753084,1156,0,251.0,41,11,19,38.109895120839035,0.6001016260162602,46.18055555555556,1015.2777777777776,24.76287262872628,0
4316,4,0,0,50,0.0,0.0,1.0,50,1650,1300,350,0.7878787878787878,20,13,7,333.22686800121653,0.4516071428571429,0.27331827979061907,0.1827028348303798,128751.69406466998,-1419.2952473958533,127332.39881727412,1157,1,261.76,39,11,20,37.821277669437876,0.6022970085470085,46.27604166666666,1014.895833333332,26.022970085470053,0
4317,4,3,3,50,0.05660377358490566,0.05660377358490566,0.9433962264150944,53,1650,1100,550,0.6666666666666666,22,11,11,313.6236731389123,0.4543118045476536,0.2777316298142214,0.1754086171877434,129537.3963600535,-2473.233263594549,127064.16309645896,1158,0,247.88679245283018,40,13,14,37.521421916076,0.60859375,45.5030487804878,1017.9878048780486,25.449695121951216,0
4318,4,1,1,50,0.0196078431372549,0.0196078431372549,0.9803921568627451,51,1600,1000,600,0.625,22,10,12,322.022422321857,0.453235294117647,0.27410849726710196,0.18002306126597173,129519.29253472215,-1858.3767361111197,127660.91579861102,1159,0,251.09803921568627,39,12,16,37.326033565288576,0.6100427350427351,45.52083333333333,1017.916666666666,26.10042735042733,0
4319,4,0,0,50,0.0,0.0,1.0,50,1200,800,400,0.6666666666666666,16,8,8,330.3725189670924,0.4518792517006803,0.2799580008399831,0.1842194303654908,129418.716670319,-1448.7225144276715,127969.99415589133,1160,1,256.94,38,12,23,37.21563068738623,0.6107456140350878,45.619658119658105,1017.5213675213656,26.776878092667516,0
4320,4,1,0,51,0.0196078431372549,0.0,1.0,51,1500,1000,500,0.6666666666666666,20,10,10,320.47302736339554,0.4526307189542484,0.2698946219196341,0.1805934947945229,129832.531464553,-1878.4351182603082,127954.09634629269,1161,0,252.88235294117646,41,10,17,37.048066939225805,0.610010162601626,45.21329365079363,1019.146825396822,24.857239643824926,0
4321,4,0,1,50,0.0,0.0196078431372549,0.9803921568627451,51,900,600,300,0.6666666666666666,12,6,6,319.9327447453901,0.4518137254901961,0.2645618332961288,0.1807558448459794,129933.65698420536,-1885.993697247455,128047.6632869579,1162,1,253.88235294117646,41,10,18,36.95945233693359,0.6110264227642277,45.11408730158728,1019.5436507936479,24.86691831204019,0
4322,4,0,1,49,0.0,0.02,0.98,50,1350,1000,350,0.7407407407407407,17,10,7,325.4471627683736,0.4511479591836735,0.2621880474985405,0.18351504666752266,129857.8091537538,-1547.6288895187993,128310.180264235,1163,2,259.7,41,9,18,36.89572383362534,0.6102642276422765,45.18849206349205,1019.2460317460294,24.859659310878765,0
4323,4,1,2,48,0.02,0.04,0.96,50,1850,1400,450,0.7567567567567568,23,14,9,328.12869988513256,0.45113945578231296,0.2675610467944358,0.18562657711168246,129984.23450688116,-1469.6884251386036,128514.54608174255,1164,0,260.54,41,9,19,36.69931818918832,0.6115345528455285,45.06448412698411,1019.742063492061,24.871757646147827,0
4324,4,0,0,48,0.0,0.0,1.0,48,900,600,300,0.6666666666666666,12,6,6,336.8063307584726,0.4497635933806146,0.2660186108341649,0.18999817196330016,129873.84018276141,-851.5336853063815,129022.30649745504,1165,1,270.3541666666667,40,8,19,36.59002160186108,0.6119791666666667,45.17276422764227,1019.3089430894295,25.48272357723574,0
4325,4,0,0,48,0.0,0.0,1.0,48,1650,1400,250,0.8484848484848485,19,14,5,341.53993657971915,0.4486739066193854,0.272278276033882,0.19330813669359725,130003.35784131454,-719.7322815453904,129283.62555976915,1166,2,271.3541666666667,40,8,20,36.338025244975924,0.61328125,45.04573170731707,1019.8170731707305,25.49542682926826,0
4326,4,0,0,48,0.0,0.0,1.0,48,1200,800,400,0.6666666666666666,16,8,8,343.7941138675734,0.44810135933806144,0.27901481960901453,0.19562177255365668,130210.72035701305,-646.8641557604572,129563.8562012526,1167,3,272.3541666666667,40,8,20,36.070314315111695,0.6153645833333333,44.84247967479675,1020.6300813008132,25.515752032520332,0
4327,4,0,0,48,0.0,0.0,1.0,48,1550,1100,450,0.7096774193548387,20,11,9,347.102545515816,0.44799977836879434,0.2866048123230762,0.1980603385897989,130320.07250071019,-553.0729092508351,129766.99959145935,1168,4,273.3541666666667,36,12,21,35.875059740450716,0.6235532407407407,44.73536036036036,1021.0585585585586,28.36273773773774,0
4328,4,0,0,48,0.0,0.0,1.0,48,1450,1000,450,0.6896551724137931,19,10,9,347.7191752233076,0.4484615100472813,0.29135215794306735,0.19959212619554179,130550.14209733382,-521.0424529258944,130029.09964440794,1169,5,274.3541666666667,36,12,18,35.62626262626264,0.6258680555555556,44.51013513513514,1021.9594594594595,28.387762762762762,0
4329,4,0,1,47,0.0,0.020833333333333332,0.9791666666666666,48,1550,1100,450,0.7096774193548387,20,11,9,347.88662694793237,0.4483599290780142,0.2918318649045526,0.2004321429370066,130694.03863322776,-506.65834753673215,130187.38028569102,1170,6,275.3541666666667,36,12,18,35.4763215859031,0.6273148148148149,44.369369369369366,1022.522522522522,28.403403403403388,0
4330,4,0,0,47,0.0,0.0,1.0,47,1450,1000,450,0.6896551724137931,19,10,9,346.1290201865619,0.44779139685476416,0.2845264528701392,0.20001501395513516,130809.2129291452,-344.62705949193764,130464.58586965327,1171,7,277.51063829787233,36,11,18,35.40474093644506,0.6284722222222222,44.25675675675675,1022.9729729729717,28.41591591591588,0
4331,4,0,1,46,0.0,0.02127659574468085,0.9787234042553191,47,1200,600,600,0.5,18,6,12,346.5477130498662,0.44763721862473016,0.2874775247228054,0.20085622552277957,130924.43795146492,-325.6870891161469,130598.75086234877,1172,8,278.51063829787233,36,11,18,35.27751797241785,0.6296296296296297,44.14414414414414,1023.423423423423,28.428428428428415,0
4332,4,0,0,46,0.0,0.0,1.0,46,1350,900,450,0.6666666666666666,18,9,9,352.796680100702,0.4461553945249597,0.2885864458938714,0.20444279483875516,130917.78897518072,37.472263313601616,130955.26123849432,1173,9,285.2826086956522,38,8,18,35.12436058043638,0.6258223684210527,44.15064102564102,1023.3974358974352,26.93151147098514,0
4333,4,0,0,46,0.0,0.0,1.0,46,1100,500,600,0.45454545454545453,17,5,12,354.1137911605548,0.44548107890499195,0.2926274808744651,0.20564353617578413,130999.80481591068,77.7675049309747,131077.57232084166,1174,10,286.2826086956522,38,8,18,35.007696723022335,0.6266447368421053,44.070512820512825,1023.7179487179495,26.93994601889341,0
4334,4,0,0,46,0.0,0.0,1.0,46,1500,1400,100,0.9333333333333333,16,14,2,355.7424331644051,0.4450885668276972,0.29583351762572385,0.20692000698260968,131061.33355034732,124.81553819445386,131186.14908854177,1175,11,287.2826086956522,39,7,18,34.90378094269244,0.625534188034188,44.01041666666667,1023.9583333333342,26.255341880341902,0
4335,4,0,0,46,0.0,0.0,1.0,46,1300,1000,300,0.7692307692307693,16,10,6,355.7707001061493,0.44445450885668275,0.2963323919010301,0.20794512043637498,131248.05908203125,138.84277343750108,131386.90185546875,1176,12,288.2826086956522,39,7,18,34.7142802683745,0.6274038461538461,43.828125,1024.6875,26.27403846153846,0
4336,4,0,0,46,0.0,0.0,1.0,46,900,800,100,0.8888888888888888,10,8,2,359.57432745059157,0.4436996779388083,0.2976316719688932,0.2106078203639179,131328.125,244.51768663194446,131572.64268663194,1177,13,289.2826086956522,36,10,18,34.535907859078584,0.6336805555555556,43.75,1025.0,28.47222222222222,0
4337,4,1,1,46,0.02127659574468085,0.02127659574468085,0.9787234042553191,47,1200,800,400,0.6666666666666666,16,8,8,354.60449605113695,0.4447849213691027,0.30601405718283936,0.21047057731400162,131834.36850761753,-50.18803862729004,131784.18046899023,1178,0,284.1063829787234,37,10,18,34.152341803687094,0.6368243243243243,43.25657894736841,1026.9736842105249,27.756045519203376,0
4338,4,0,0,46,0.0,0.0,1.0,46,1400,800,600,0.5714285714285714,20,8,12,358.23087147723896,0.4436493558776167,0.3145886501786461,0.21325433708651395,131946.99931709754,253.4977108341036,132200.49702793165,1179,1,289.4782608695652,37,9,18,33.94565990750624,0.6379504504504505,43.146929824561404,1027.4122807017543,27.767899478425793,0
4339,4,0,0,46,0.0,0.0,1.0,46,1350,1000,350,0.7407407407407407,17,10,7,364.3381871123361,0.4429347826086956,0.3214766096789452,0.21753542458541658,132059.678218298,422.8767505386364,132482.55496883666,1180,2,290.4782608695652,37,9,18,33.675147571296506,0.6390765765765766,43.03728070175439,1027.850877192983,27.77975343764819,0
4340,4,0,0,46,0.0,0.0,1.0,46,1250,800,450,0.64,17,8,9,368.4212271188709,0.44252214170692433,0.3253730871236933,0.22034291290024216,132123.26189139098,535.4028553948485,132658.66474678583,1181,3,291.4782608695652,38,8,18,33.50609650490146,0.6378837719298245,42.97542735042735,1028.0982905982912,27.055218173639243,0
4341,4,0,0,46,0.0,0.0,1.0,46,1450,900,550,0.6206896551724138,20,9,11,370.93289565867724,0.44168679549114337,0.32890030888170374,0.22265223936419856,132260.59701219955,611.9612462561156,132872.55825845565,1182,4,292.4782608695652,38,8,19,33.30303974518765,0.6392543859649122,42.84188034188034,1028.6324786324785,27.069275753486277,0
4342,4,0,0,46,0.0,0.0,1.0,46,1450,1000,450,0.6896551724137931,19,10,9,369.617597403662,0.4413144122383253,0.331367716951241,0.22267206477732782,132398.00347222204,587.4690673168002,132985.47253953884,1183,5,293.4782608695652,36,10,19,33.19838056680162,0.6443865740740741,42.70833333333332,1029.1666666666652,28.58796296296292,0
4343,4,1,0,47,0.02127659574468085,0.0,1.0,47,1150,800,350,0.6956521739130435,15,8,7,341.7542939246526,0.44295405488744993,0.29698493524055025,0.1980129884822355,130911.78882444323,-365.2612532222753,130546.52757122095,1184,0,288.21276595744683,40,7,15,35.41294273419398,0.6223958333333333,44.15650406504066,1023.3739837398382,25.584349593495954,8
4344,4,1,1,47,0.020833333333333332,0.020833333333333332,0.9791666666666666,48,1250,1000,250,0.8,15,10,5,337.14530344438265,0.44367796985815605,0.3004669030732856,0.19708742863042286,131253.6442840726,-749.6900539330459,130503.95423013954,1185,0,283.1875,42,6,16,35.185776201733624,0.6227678571428572,43.822674418604656,1024.7093023255825,24.39784053156149,0
4345,4,0,0,47,0.0,0.0,1.0,47,1100,600,500,0.5454545454545454,16,6,10,337.2811330081172,0.4433009559050262,0.2895877975939398,0.19781930638290018,131380.21349725686,-537.5654210749054,130842.64807618195,1186,1,276.97872340425533,40,7,16,35.05464413164154,0.6270833333333333,43.699186991869915,1025.2032520325197,25.630081300812993,0
4346,4,0,0,47,0.0,0.0,1.0,47,1800,1200,600,0.6666666666666666,24,12,12,347.1705076163117,0.44289623805118716,0.27381331982160995,0.19022132087728416,128725.26584201408,-382.5343258910684,128342.731516123,1187,2,277.97872340425533,39,8,13,37.49443988229659,0.6020299145299146,46.30208333333334,1014.7916666666682,26.020299145299184,8
4347,4,1,1,47,0.020833333333333332,0.020833333333333332,0.9791666666666666,48,1600,1200,400,0.75,20,12,8,344.82951801402476,0.44393653959810875,0.2838776088551047,0.1904754431549294,129046.45568940455,-700.1945766408769,128346.26111276368,1188,0,273.1666666666667,40,8,14,37.22661198906448,0.6036458333333333,45.98577235772358,1016.0569105691065,25.401422764227664,0
4348,4,2,0,49,0.04081632653061224,0.0,1.0,49,1050,800,250,0.7619047619047619,13,8,5,333.99435383727916,0.4456845238095238,0.2879943874419013,0.18696797333365214,129572.31445312499,-1144.4368599316715,128427.87759319332,1189,0,266.61224489795916,39,10,15,36.967549962485506,0.6105769230769231,45.46875,1018.1249999999999,26.105769230769226,0
4349,4,0,0,49,0.0,0.0,1.0,49,1900,1400,500,0.7368421052631579,24,14,10,331.57353715806727,0.4459325396825397,0.2819070964379371,0.18630566908477955,129718.50419723714,-1197.7553456936955,128520.74885154344,1190,1,267.61224489795916,40,9,15,36.880860933758996,0.6104166666666666,45.32520325203252,1018.6991869918702,25.467479674796756,0
4350,4,0,0,49,0.0,0.0,1.0,49,1350,600,750,0.4444444444444444,21,6,15,333.1296737399576,0.44584396258503406,0.283279799053074,0.1874275033062187,129770.27253123153,-1153.934290105084,128616.33824112645,1191,2,268.61224489795916,40,9,15,36.78872431677638,0.6109375,45.274390243902445,1018.9024390243912,25.47256097560978,0
4351,4,0,1,48,0.0,0.02040816326530612,0.9795918367346939,49,1350,800,550,0.5925925925925926,19,8,11,331.4592612988552,0.4456313775510204,0.2853561763688526,0.18698179925914052,129873.84018276168,-1190.4225741952412,128683.41760856644,1192,3,269.61224489795916,40,9,16,36.7262794948488,0.6119791666666667,45.17276422764228,1019.3089430894316,25.48272357723579,0
4352,4,0,0,48,0.0,0.0,1.0,48,1350,1100,250,0.8148148148148148,16,11,5,338.4059177572296,0.44555260047281325,0.2890358942923308,0.19124232811823125,129943.77170138898,-805.2517361111015,129138.51996527788,1193,4,274.0625,39,9,16,36.47834082550061,0.6143162393162394,45.10416666666667,1019.583333333334,26.143162393162413,0
4353,4,1,1,48,0.02040816326530612,0.02040816326530612,0.9795918367346939,49,1400,1000,400,0.7142857142857143,18,10,8,334.36333743702386,0.4465880102040816,0.29088773923255196,0.19026161590443022,130211.95515243121,-1092.3792202066134,129119.5759322246,1194,0,269.44897959183675,41,8,17,36.309697382063234,0.6138211382113821,44.841269841269835,1020.6349206349196,24.893534649632183,0
4354,4,1,0,49,0.02040816326530612,0.0,1.0,49,1550,1100,450,0.7096774193548387,20,11,9,328.226377113365,0.44641085600907027,0.2841701991289023,0.1879110379656024,130448.74267578124,-1236.6268328077751,129212.11584297346,1195,0,267.40816326530614,39,10,18,36.22678104075321,0.6193910256410257,44.609375,1021.5624999999999,26.193910256410252,0
4355,4,1,2,48,0.02,0.04,0.96,50,1300,800,500,0.6153846153846154,18,8,10,323.5115553066031,0.44681122448979593,0.2904788396582547,0.18693842225696178,130807.80805902604,-1536.432513715353,129271.37554531069,1196,0,263.04,40,10,15,35.984585071859044,0.6213541666666667,44.25813008130083,1022.9674796747994,25.574186991869986,0
4356,4,0,0,48,0.0,0.0,1.0,48,1250,700,550,0.56,18,7,11,331.66474850284544,0.4449431146572104,0.298528413245587,0.19138195523916446,130753.83434007232,-926.7124835634405,129827.12185650888,1197,1,274.25,38,10,16,35.830591246213324,0.6241776315789473,44.31089743589744,1022.7564102564103,26.914642375168693,0
4357,4,0,0,48,0.0,0.0,1.0,48,1750,1200,550,0.6857142857142857,23,12,11,336.0088214399342,0.4447307180851064,0.29708594293667323,0.19485257320790383,130945.12473518887,-800.2565928847957,130144.86814230408,1198,2,275.25,38,10,17,35.52627000695894,0.6260964912280702,44.123931623931625,1023.5042735042739,26.934322986954577,0
4358,4,0,0,48,0.0,0.0,1.0,48,1500,1100,400,0.7333333333333333,19,11,8,336.322703128598,0.4444167405437352,0.29788537755527766,0.19614732832098505,131163.91354372108,-777.3196088100119,130386.59393491107,1199,3,276.25,38,10,17,35.2973769294952,0.6282894736842105,43.9102564102564,1024.3589743589732,26.956815114709823,0
4359,4,0,0,48,0.0,0.0,1.0,48,1900,1500,400,0.7894736842105263,23,15,8,340.13375372182816,0.44393653959810875,0.2596019877391793,0.19212381912745005,129924.46212838602,-761.5582707284078,129162.90385765761,1200,4,277.25,43,5,17,36.45388259334944,0.6080426356589148,45.123106060606055,1019.5075757575748,23.709478505990113,8
4360,4,1,0,49,0.02040816326530612,0.0,1.0,49,1400,1100,300,0.7857142857142857,17,11,6,331.66453305722973,0.4453656462585034,0.2600840815602008,0.1886352495686925,130193.24594524485,-1163.9035752730879,129029.34236997177,1201,0,272.57142857142856,45,4,18,36.397499334339216,0.6081018518518518,44.859601449275345,1020.5615942028955,22.679146537842122,0
4361,4,0,1,48,0.0,0.02040816326530612,0.9795918367346939,49,1700,1100,600,0.6470588235294118,23,11,12,316.51679113956186,0.4448164682539682,0.19988242210464402,0.17091906721536357,128144.53125000016,-1642.2797206469081,126502.25152935325,1202,1,273.57142857142856,42,7,16,38.863168724279845,0.5915178571428572,46.87500000000001,1012.5000000000013,24.107142857142886,8
4362,4,0,0,48,0.0,0.0,1.0,48,1300,600,700,0.46153846153846156,20,6,14,321.70606008550493,0.4441119976359338,0.2024151352730985,0.17361492333540046,128120.0048074033,-1356.6036070548741,126763.40120034842,1203,2,280.0,42,6,16,38.756819486983154,0.5912698412698413,46.899224806201545,1012.4031007751929,24.10483573274269,0
4363,4,2,1,49,0.04,0.02,0.98,50,1350,1100,250,0.8148148148148148,16,11,5,311.1842339637746,0.4475255102040816,0.2185478169485051,0.16990951366191037,128586.40861614356,-1997.1826925966272,126589.22592354692,1204,0,269.76,42,8,15,38.548533486194714,0.5959821428571428,46.43895348837208,1014.2441860465092,24.148671096345456,0
4364,4,0,0,49,0.0,0.0,1.0,49,1650,1100,550,0.6666666666666666,22,11,11,316.83696443606766,0.44540107709750565,0.21628051182253882,0.1728892424289824,128561.83992097821,-1653.371379424325,126908.46854155388,1205,1,276.265306122449,42,7,15,38.43019459838206,0.595734126984127,46.46317829457364,1014.1472868217047,24.146363971945352,0
4365,4,0,2,47,0.0,0.04081632653061224,0.9591836734693877,49,1550,1100,450,0.7096774193548387,20,11,9,317.804907640788,0.4449936224489796,0.2226653412081172,0.1738462582549134,128660.1287858299,-1622.2359308335094,127037.89285499639,1206,2,277.265306122449,42,7,15,38.30567494428527,0.5967261904761905,46.36627906976743,1014.534883720928,24.155592469545905,0
4366,4,2,0,49,0.04081632653061224,0.0,1.0,49,1550,1300,250,0.8387096774193549,18,13,5,320.9772566522422,0.44579081632653056,0.229551456322016,0.17744272485566995,129078.27546609259,-1513.7618494982491,127564.51361659434,1207,0,263.1020408163265,42,7,18,37.80017323034867,0.6009424603174602,45.954457364341074,1016.182170542634,24.19481358434843,0
4367,4,0,1,48,0.0,0.02040816326530612,0.9795918367346939,49,1250,1100,150,0.88,14,11,3,317.8188607898128,0.4457553854875283,0.23228017867134154,0.17613999356947738,129177.85600994476,-1588.9681927297968,127588.88781721497,1208,1,264.1020408163265,44,5,18,37.779321128214484,0.5991950757575757,45.85648148148147,1016.5740740740712,23.103956228956164,0
4368,4,0,0,48,0.0,0.0,1.0,48,1450,800,650,0.5517241379310345,21,8,13,320.71591690978556,0.44493388002364065,0.2276602683563187,0.17741872269462935,129105.13157139542,-1318.7858700643062,127786.34570133111,1209,2,270.1875,43,5,18,37.77953783078645,0.5998062015503876,45.92803030303029,1016.2878787878759,23.634601832276186,0
4369,4,2,0,50,0.04,0.0,1.0,50,1700,1200,500,0.7058823529411765,22,12,10,312.5055230090207,0.4474659863945578,0.2381747345865397,0.17542341195919126,129680.91699932252,-1894.6559615103683,127786.26103781216,1210,0,260.34,41,9,18,37.404528262069384,0.6084857723577235,45.362103174603156,1018.5515873015845,24.84272164150206,0
4370,4,1,2,49,0.0196078431372549,0.0392156862745098,0.9607843137254902,51,1450,1000,450,0.6896551724137931,19,10,9,311.2989381924246,0.44732026143790854,0.2455797105500006,0.17602357477694125,129966.0019398621,-2108.3443190012863,127857.6576208608,1211,0,256.2156862745098,42,9,19,37.14680541037095,0.6098710317460317,45.08236434108526,1019.6705426356565,24.277870062753728,0
4371,4,1,1,49,0.02,0.02,0.98,50,1850,1300,550,0.7027027027027027,24,13,11,313.20411116875664,0.44641156462585035,0.2469141801924386,0.17833741559575733,130237.26974875582,-1841.8303374590741,128395.43941129674,1212,0,256.38,41,9,20,36.82401512942623,0.6140752032520325,44.816468253968246,1020.7341269841257,24.895954316685994,0
4372,4,0,0,49,0.0,0.0,1.0,49,1150,700,450,0.6086956521739131,16,7,9,323.85722670107043,0.4449404761904762,0.25542622187805497,0.1840322814547508,130158.86423631763,-1369.4222395730096,128789.44199674463,1213,1,262.51020408163265,40,9,20,36.63147760847194,0.61484375,44.89329268292683,1020.4268292682923,25.510670731707307,0
4373,4,0,1,48,0.0,0.02040816326530612,0.9795918367346939,49,1250,700,550,0.56,18,7,11,322.5842136891584,0.44488732993197283,0.2561098513479465,0.18367550126382692,130236.65229030345,-1397.5423854848254,128839.10990481863,1214,2,263.51020408163265,40,9,20,36.58527479091994,0.615625,44.81707317073171,1020.7317073170736,25.51829268292684,0
4374,4,0,0,48,0.0,0.0,1.0,48,1700,1500,200,0.8823529411764706,19,15,4,324.5633035321291,0.444176640070922,0.25935226731932826,0.1856865667698985,130422.14084201399,-1133.9518229166576,129288.18901909734,1215,3,260.7083333333333,39,9,20,36.347219389489425,0.6191239316239316,44.63541666666667,1021.4583333333342,26.191239316239336,0
4375,4,0,1,47,0.0,0.020833333333333332,0.9791666666666666,48,1300,1000,300,0.7692307692307693,16,10,6,321.1996329859584,0.44403812056737585,0.24972392116887487,0.18426715787089212,130528.56445312513,-1214.8546006944298,129313.70985243071,1216,4,261.7083333333333,39,9,15,36.32560312606185,0.6201923076923077,44.53125000000001,1021.875000000001,26.2019230769231,0
4376,4,1,0,48,0.020833333333333332,0.0,1.0,48,1900,1600,300,0.8421052631578947,22,16,6,316.34721421877884,0.44509086879432624,0.25630370872908137,0.18358102116475608,130972.46334876558,-1313.4452160493684,129659.01813271621,1217,0,257.4583333333333,41,7,16,36.001809136137496,0.6214430894308943,44.09722222222223,1023.6111111111123,24.966124661246642,0
4377,4,0,1,47,0.0,0.020833333333333332,0.9791666666666666,48,1100,600,500,0.5454545454545454,16,6,10,321.4299171020124,0.4441489361702127,0.26171219165698045,0.18727101942218843,131124.83071932488,-1170.511306374391,129954.31941295048,1218,1,258.4583333333333,41,7,18,35.71814865039391,0.6229674796747968,43.9484126984127,1024.20634920635,24.980642663569515,0
4378,4,0,2,45,0.0,0.0425531914893617,0.9574468085106383,47,1400,900,500,0.6428571428571429,19,9,10,328.08456445582783,0.44374421831637373,0.26237615399559,0.19086490019959174,131067.8374314235,-799.7331284288077,130268.10430299469,1219,2,264.82978723404256,40,7,18,35.60523355829032,0.6239583333333334,44.004065040650424,1023.9837398374016,25.59959349593504,0
4379,4,0,0,45,0.0,0.0,1.0,45,1300,1100,200,0.8461538461538461,15,11,4,341.42051841497215,0.44111952861952863,0.2661235573659193,0.19722055828441373,130794.81336805588,-68.79340277774486,130726.01996527813,1220,3,277.22222222222223,39,6,18,35.53971486761712,0.6228632478632479,44.27083333333335,1022.9166666666692,26.228632478632544,0
4380,4,1,0,46,0.021739130434782608,0.0,1.0,46,1550,1300,250,0.8387096774193549,18,13,5,333.2298711594217,0.44158615136876006,0.2629811446097563,0.19425239279443707,131145.8965913976,-459.65395515232376,130686.2426362453,1221,0,272.17391304347825,40,6,19,35.394756424248456,0.6247395833333333,43.9278455284553,1024.2886178861813,25.607215447154534,0
4381,4,0,0,46,0.0,0.0,1.0,46,1150,800,350,0.6956521739130435,15,8,7,329.874513968316,0.4410929951690821,0.2632663700666684,0.19334693817523532,131354.8190646703,-533.7520646011803,130821.06700006912,1222,1,273.17391304347825,39,7,19,35.27006486468178,0.6284722222222222,43.72395833333334,1025.104166666668,26.28472222222226,0
4382,4,0,0,46,0.0,0.0,1.0,46,1500,1100,400,0.7333333333333333,19,11,8,324.6682247461286,0.44044887278582934,0.2536619621223868,0.19094124266538065,131484.42147531238,-662.2372595677084,130822.18421574467,1223,2,274.17391304347825,40,6,19,35.272988505747136,0.628125,43.59756097560976,1025.6097560975616,25.64024390243904,0
4383,4,0,0,46,0.0,0.0,1.0,46,1350,900,450,0.6666666666666666,18,9,9,329.1080382820071,0.4400764895330113,0.25337056637572064,0.19421413574128737,131614.739542022,-536.9062520655589,131077.83328995644,1224,3,275.17391304347825,40,6,17,35.02793734112445,0.6294270833333333,43.47052845528456,1026.1178861788624,25.65294715447156,0
4384,4,0,0,46,0.0,0.0,1.0,46,1100,600,500,0.5454545454545454,16,6,10,330.0868542299774,0.43999597423510467,0.2522427894963408,0.19519187515941294,131692.96136558935,-505.97693172052783,131186.9844338688,1225,4,276.17391304347825,40,6,17,34.92409240924093,0.6302083333333333,43.394308943089435,1026.4227642276428,25.66056910569107,0
4385,4,1,0,47,0.02127659574468085,0.0,1.0,47,1300,800,500,0.6153846153846154,18,8,10,321.12680211994586,0.440390841813136,0.24876492256896077,0.19189826548828592,132091.8810232426,-916.3513321995497,131175.52969104305,1226,0,271.27659574468083,41,6,18,34.7531847133758,0.6326219512195121,43.00595238095238,1027.9761904761904,25.0725900116144,0
4386,4,1,0,48,0.020833333333333332,0.0,1.0,48,1450,900,550,0.6206896551724138,20,9,11,320.5316633428274,0.44160017730496454,0.2543530135923646,0.19351340432603306,132478.41932508667,-1106.231454170218,131372.18787091644,1227,0,266.6041666666667,39,9,19,34.38069159162198,0.639690170940171,42.63020833333333,1029.4791666666656,26.396901709401682,0
4387,4,0,2,46,0.0,0.041666666666666664,0.9583333333333334,48,2050,1500,550,0.7317073170731707,26,15,11,318.6174297527552,0.4416094119385343,0.21704252358650633,0.18430273233401426,130848.09570312499,-1245.819769965279,129602.2759331597,1228,1,267.6041666666667,39,9,16,36.0691135546053,0.6233974358974359,44.21875,1023.1249999999999,26.233974358974358,8
4388,4,0,2,44,0.0,0.043478260869565216,0.9565217391304348,46,1800,1400,400,0.7777777777777778,22,14,8,348.05779696003026,0.43796296296296294,0.21471113758189397,0.1896135759558371,128496.33487654295,-185.2587287808933,128311.07614776205,1229,2,260.80434782608694,35,11,15,37.70547945205481,0.6071428571428572,46.527777777777764,1013.8888888888869,28.96825396825391,8
4389,4,3,0,47,0.06382978723404255,0.0,1.0,47,900,800,100,0.8888888888888888,10,8,2,337.11963098432955,0.44245297563983965,0.23011554599551465,0.186003436765115,129001.10995708517,-702.238682939729,128298.87127414544,1230,0,253.53191489361703,36,11,19,37.46859180430845,0.6102430555555556,46.03040540540539,1015.8783783783759,28.218843843843775,0
4390,4,0,0,47,0.0,0.0,1.0,47,750,400,350,0.5333333333333333,11,4,7,337.4101515244813,0.44210607462226337,0.22776003811015189,0.18629831010121575,129029.71172185677,-692.8130833536486,128336.89863850313,1231,1,254.53191489361703,36,11,19,37.4321103968078,0.6105324074074074,46.00225225225224,1015.9909909909893,28.221971971971925,0
4391,4,1,0,48,0.020833333333333332,0.0,1.0,48,1100,500,600,0.45454545454545453,17,5,12,330.93574180713387,0.44268062943262415,0.21850442722744967,0.1844543138326617,129401.82317029835,-1035.1481971837004,128366.67497311464,1232,0,250.20833333333334,36,12,20,37.21845600442725,0.6142939814814814,45.63626126126125,1017.4549549549523,28.262637637637564,0
4392,4,1,1,48,0.02040816326530612,0.02040816326530612,0.9795918367346939,49,1000,600,400,0.6,14,6,8,323.6139285051326,0.44359410430839,0.2227439130176989,0.18215289143538402,129787.30384589448,-1399.8041464681833,128387.49969942629,1233,0,246.08163265306123,37,12,15,37.01385899781197,0.6162725225225225,45.25767543859647,1018.9692982456107,27.539710763394886,0
4393,4,0,0,48,0.0,0.0,1.0,48,1250,1000,250,0.8,15,10,5,331.37395417674975,0.4427729757683215,0.22327878519829003,0.18591476684705485,129659.75265806346,-1006.8270128236376,128652.92564523983,1234,1,252.1875,36,12,15,36.94553479286452,0.6168981481481481,45.38288288288288,1018.4684684684684,28.290790790790787,0
4394,4,0,3,45,0.0,0.0625,0.9375,48,1100,800,300,0.7272727272727273,14,8,6,331.24084608864166,0.44208037825059104,0.21572298367783005,0.18624834894741718,129745.78622118743,-1004.5791991315662,128741.20702205587,1235,2,253.1875,36,12,15,36.86166685088978,0.6177662037037037,45.29842342342342,1018.8063063063065,28.30017517517518,0
4395,4,0,0,45,0.0,0.0,1.0,45,1200,700,500,0.5833333333333334,17,7,10,347.13492186707913,0.4372895622895623,0.2120158061664843,0.19368859739685335,129443.5657596372,-13.123582766441302,129430.44217687077,1236,3,267.55555555555554,34,11,16,36.76396038059584,0.6188725490196079,45.595238095238095,1017.6190476190478,29.929971988795526,0
4396,4,1,1,45,0.021739130434782608,0.021739130434782608,0.9782608695652174,46,1100,800,300,0.7272727272727273,14,8,6,338.3522979532205,0.440006038647343,0.2112199892329194,0.19032046510429373,129760.92470689719,-419.018588177309,129341.90611871988,1237,0,262.7173913043478,35,11,17,36.66517569767882,0.6199404761904762,45.28356481481481,1018.86574074074,29.110449735449713,0
4397,4,1,0,46,0.021739130434782608,0.0,1.0,46,1600,1100,500,0.6875,21,11,10,361.3081469708567,0.4413144122383253,0.22797705590631168,0.19284491071818569,127676.20991941,105.91389639058559,127782.12381580059,1238,0,259.17391304347825,35,11,17,38.2090777217896,0.5988095238095238,47.337962962962955,1010.6481481481469,28.87566137566134,8
4398,4,0,2,44,0.0,0.043478260869565216,0.9565217391304348,46,1500,1300,200,0.8666666666666667,17,13,4,364.5041832674981,0.44088164251207734,0.22176043144222346,0.19543952656271033,127859.63909433072,121.07466419120897,127980.71375852193,1239,1,260.17391304347825,36,10,17,37.94028133466949,0.5986689814814814,47.15653153153153,1011.3738738738731,28.093718718718698,0
4399,4,1,2,43,0.022222222222222223,0.044444444444444446,0.9555555555555556,45,1800,1400,400,0.7777777777777778,22,14,8,340.23499367439905,0.44145622895622894,0.14307709985062655,0.17784175074764522,126829.56271701379,-369.6289062500092,126459.93381076377,1240,0,264.64444444444445,39,6,17,39.60918648741813,0.5827991452991452,48.17708333333333,1007.2916666666658,25.82799145299143,8
4400,4,2,0,45,0.044444444444444446,0.0,1.0,45,1100,800,300,0.7272727272727273,14,8,6,344.3865784499056,0.44236111111111115,0.15921739130434776,0.18167181890706002,127202.60080024603,-238.0837733726013,126964.51702687342,1241,0,248.73333333333332,37,8,19,39.12182971014492,0.5900900900900901,47.80701754385964,1008.7719298245598,27.26410621147459,0
4401,4,0,0,45,0.0,0.0,1.0,45,1300,1000,300,0.7692307692307693,16,10,6,345.50868160677175,0.4426557239057239,0.1586584084899847,0.18263735765807687,127285.57254395571,-204.34592855495893,127081.22661540075,1242,1,249.73333333333332,37,8,19,39.00845285957476,0.5909346846846847,47.724780701754376,1009.1008771929816,27.272996680891392,0
4402,4,0,1,44,0.0,0.022222222222222223,0.9777777777777777,45,1250,1000,250,0.8,15,10,5,347.1594078703291,0.44271885521885523,0.16139284033735146,0.18426461020621654,127451.59718615323,-150.7957977454815,127300.80138840775,1243,2,250.73333333333332,37,8,14,38.79662558366815,0.5926238738738738,47.56030701754385,1009.7587719298228,27.290777619724942,0
4403,4,1,1,44,0.022222222222222223,0.022222222222222223,0.9777777777777777,45,1250,1000,250,0.8,15,10,5,345.77842807668145,0.4454124579124579,0.17211735493358415,0.18466891946760416,127700.83703639577,-168.76106109572515,127532.07597530005,1244,0,245.75555555555556,37,8,16,38.576245751066764,0.5951576576576576,47.31359649122807,1010.7456140350873,27.317449027975332,0
4404,4,0,0,44,0.0,0.0,1.0,44,1350,1100,250,0.8148148148148148,16,11,5,355.36699205275085,0.4430056377730796,0.16861042435050466,0.18933210526705954,127603.5072234397,269.21490747504936,127872.72213091474,1245,1,252.27272727272728,36,8,17,38.43369185614504,0.5960648148148149,47.40990990990991,1010.3603603603607,28.065565565565574,0
4405,4,1,1,44,0.022222222222222223,0.022222222222222223,0.9777777777777777,45,1500,1100,400,0.7333333333333333,19,11,8,348.49380036180605,0.44450757575757577,0.17544106606606613,0.18755302710380836,128009.35057345321,-77.90698736210874,127931.4435860911,1246,0,247.64444444444445,38,7,20,38.19195171734233,0.5964912280701755,47.00854700854701,1011.9658119658125,26.630679262258223,0
4406,4,2,2,44,0.043478260869565216,0.043478260869565216,0.9565217391304348,46,1450,1200,250,0.8275862068965517,17,12,5,330.1010027044011,0.4457729468599034,0.16650322604296464,0.17958705926945873,128442.17985243635,-720.0788498064046,127722.10100262995,1247,0,239.2391304347826,38,8,14,38.21581646992694,0.6008771929824561,46.581196581196586,1013.6752136752144,26.6756635177688,0
4407,4,0,0,44,0.0,0.0,1.0,44,1550,1000,550,0.6451612903225806,21,10,11,344.8634353509958,0.4444701374207188,0.16112301844063381,0.1863588948723651,128173.03790276762,40.43883410436922,128213.47673687199,1248,2,251.11363636363637,36,8,20,38.116520240213525,0.6018518518518519,46.846846846846844,1012.6126126126126,28.128128128128125,0
4408,4,1,1,44,0.022222222222222223,0.022222222222222223,0.9777777777777777,45,1000,500,500,0.5,15,5,10,339.5937932626085,0.4445917508417508,0.1631969232618229,0.1847877939207072,128450.01737313403,-275.8342711218909,128174.18310201215,1249,0,246.51111111111112,37,8,15,37.96725707589686,0.602759009009009,46.5734649122807,1013.7061403508771,27.39746325272641,0
4409,4,1,1,44,0.022222222222222223,0.022222222222222223,0.9777777777777777,45,1700,1300,400,0.7647058823529411,21,13,8,335.62178078332863,0.44408670033670034,0.16368657397401742,0.18377774907508387,128700.23108071688,-361.07985149279887,128339.15122922408,1250,0,247.48888888888888,37,8,17,37.81292774295799,0.6052927927927928,46.3267543859649,1014.6929824561382,27.42413466097671,0
4410,4,0,1,43,0.0,0.022727272727272728,0.9772727272727273,44,1400,1100,300,0.7857142857142857,17,11,6,336.16521045487,0.4439966525722339,0.15746122128411555,0.18485094114086068,128867.1754770697,-135.86776700525252,128731.30771006444,1251,1,251.77272727272728,37,7,17,37.62913966882648,0.6069819819819819,46.162280701754376,1015.3508771929811,27.4419155998103,0
4411,4,1,1,43,0.022727272727272728,0.022727272727272728,0.9772727272727273,44,1500,1100,400,0.7333333333333333,19,11,8,343.5342882513212,0.44498766737138834,0.07560352874425802,0.18210616966321383,127399.6184893252,-46.772547755954406,127352.84594156925,1252,0,250.4318181818182,40,4,13,38.94138816186833,0.5869791666666666,47.611788617886184,1009.5528455284559,25.2388211382114,7
4412,4,1,0,44,0.022727272727272728,0.0,1.0,44,1100,1000,100,0.9090909090909091,12,10,2,340.08339932595743,0.4455712649753347,0.1286556215766348,0.17381629234320148,125909.76902074658,-221.2125059492775,125688.5565147973,1253,0,251.13636363636363,38,6,18,40.55891171669859,0.575109649122807,49.09188034188034,1003.6324786324785,26.41138101664417,8
4413,4,1,1,44,0.022222222222222223,0.022222222222222223,0.9777777777777777,45,1150,800,350,0.6956521739130435,15,8,7,331.1755353206805,0.44648569023569024,0.1266127888841626,0.17037060908947899,126177.97592957834,-642.5169159544329,125535.45901362391,1254,0,246.53333333333333,38,7,19,40.50647773996882,0.5778508771929824,48.82478632478632,1004.7008547008535,26.43949617633825,0
4414,4,3,1,46,0.06382978723404255,0.02127659574468085,0.9787234042553191,47,1000,700,300,0.7,13,7,6,318.04480682736767,0.4480419364785692,0.14543979429547726,0.1663735182100102,126861.55443395126,-1330.4682852468864,125531.08614870437,1255,0,236.40425531914894,40,7,18,40.13521806382191,0.5815104166666667,48.14532520325203,1007.418699186991,25.185467479674777,0
4415,4,1,0,47,0.02127659574468085,0.0,1.0,47,1450,1100,350,0.7586206896551724,18,11,7,316.86365972601857,0.4479070305272896,0.15334558869714887,0.16649268408147871,127042.0022754471,-1349.0012440161381,125693.00103143096,1256,0,237.36170212765958,41,6,20,39.98023683002032,0.5818089430894309,47.966269841269835,1008.1349206349196,24.588656600851696,0
4416,4,2,2,47,0.04081632653061224,0.04081632653061224,0.9591836734693877,49,1400,1100,300,0.7857142857142857,17,11,6,305.39245174918346,0.45115858843537415,0.1699113518483928,0.16281593285480567,127630.56593504173,-2004.4881844932074,125626.07775054852,1257,0,228.6326530612245,40,9,14,39.66840155553319,0.5893229166666667,47.3831300813008,1010.4674796747947,25.26168699186987,0
4417,4,1,0,48,0.020833333333333332,0.0,1.0,48,1300,1100,200,0.8461538461538461,15,11,4,314.2524994819605,0.4502622635933806,0.17016429626575968,0.16781463965181384,127696.6810438366,-1574.1997612847458,126122.48128255185,1258,0,234.14583333333334,39,9,15,39.37710416022536,0.5916132478632479,47.31770833333332,1010.7291666666649,25.916132478632434,0
4418,4,0,2,46,0.0,0.041666666666666664,0.9583333333333334,48,1700,1300,400,0.7647058823529411,21,13,8,315.80003967763923,0.45028073286052006,0.16728250420572,0.16930439454611804,127854.65630425338,-1524.6988932291772,126329.95741102421,1259,1,235.14583333333334,39,9,16,39.17681618429638,0.593215811965812,47.16145833333333,1011.3541666666658,25.932158119658098,0
4419,4,1,0,47,0.02127659574468085,0.0,1.0,47,1150,700,450,0.6086956521739131,16,7,9,323.2983330042797,0.4513567684242985,0.16503190814770896,0.17282761733821997,127739.20323800124,-1140.425706771869,126598.77753122937,1260,0,240.95744680851064,38,9,17,39.10510462904249,0.59375,47.27564102564102,1010.8974358974352,26.602564102564084,0
4420,4,1,1,47,0.020833333333333332,0.020833333333333332,0.9791666666666666,48,1700,1200,500,0.7058823529411765,22,12,10,315.4172953479763,0.4527279107565012,0.15928636348046732,0.17021325338628457,128118.16541883691,-1517.862955729157,126600.30246310776,1261,0,236.91666666666666,39,9,19,38.91786277737763,0.5958867521367521,46.90104166666667,1012.3958333333343,25.958867521367544,0
4421,4,0,0,47,0.0,0.0,1.0,47,1600,1100,500,0.6875,21,11,10,322.61342275059684,0.45172294172062905,0.15637860082304567,0.1742112482853225,128144.53125000012,-1131.7708333333194,127012.7604166668,1262,1,242.46808510638297,38,9,20,38.70884773662553,0.5978618421052632,46.87500000000001,1012.5000000000009,26.64473684210529,0
4422,4,1,0,48,0.020833333333333332,0.0,1.0,48,1350,900,450,0.6666666666666666,18,9,9,316.50638823121716,0.4514720005910165,0.16222072926546538,0.17230803889420668,128469.25593770563,-1467.7319608809776,127001.52397682465,1263,0,238.39583333333334,38,10,16,38.53277479186427,0.6011513157894737,46.55448717948719,1013.7820512820526,26.678475033738227,0
4423,4,0,0,48,0.0,0.0,1.0,48,1450,1100,350,0.7586206896551724,18,11,7,315.6485355351258,0.4513242464539007,0.16460550345941716,0.1720746841334797,128523.41666894966,-1486.3543492950432,127037.06231965462,1264,1,239.39583333333334,38,10,16,38.49941172338706,0.6016995614035088,46.50106837606838,1013.9957264957277,26.684098065677045,0
4424,4,0,2,46,0.0,0.041666666666666664,0.9583333333333334,48,1850,1700,150,0.918918918918919,20,17,3,348.2704148134847,0.45145353132387706,0.20556898261269874,0.18022371713245333,126419.60612763875,-790.7913059756278,125628.81482166312,1265,2,240.39583333333334,38,10,16,39.828340238676994,0.5803179824561404,48.584401709401696,1005.6623931623913,26.46479982006293,8
4425,4,2,1,47,0.041666666666666664,0.020833333333333332,0.9791666666666666,48,1050,700,350,0.6666666666666666,14,7,7,352.6299003551649,0.45348515070921985,0.25202653725115853,0.18416853576997985,126795.93474915977,-657.592432792769,126138.34231636701,1266,0,241.20833333333334,38,10,18,39.331618401046626,0.5841557017543859,48.21047008547008,1007.1581196581186,26.5041610436347,0
4426,4,1,1,47,0.020833333333333332,0.020833333333333332,0.9791666666666666,48,1150,900,250,0.782608695652174,14,9,5,358.34588023133676,0.4548888150118204,0.25611991589808847,0.18789753686615887,126957.38965821086,-501.0684902111302,126456.32116799973,1267,0,242.08333333333334,38,10,19,39.0216968797484,0.5858004385964912,48.05021367521367,1007.7991452991445,26.52103013945117,0
4427,4,1,0,48,0.020833333333333332,0.0,1.0,48,1100,400,700,0.36363636363636365,18,4,14,358.50056327184836,0.45706818853427894,0.25225092396005344,0.18972333179892215,127332.2066326532,-469.98108305341,126862.22554959978,1268,0,232.8125,34,14,14,38.632834001729975,0.5974264705882353,47.67857142857144,1009.2857142857154,29.684873949579863,0
4428,4,2,0,50,0.04,0.0,1.0,50,1450,1200,250,0.8275862068965517,17,12,5,344.2026607676653,0.457687074829932,0.2444100861263876,0.1761593755612316,125965.39849175353,-1314.8553203833583,124650.54317137017,1269,0,224.46,39,11,16,40.398226453598966,0.5739850427350428,49.036458333333336,1003.8541666666672,25.73985042735044,8
4429,4,2,2,50,0.038461538461538464,0.038461538461538464,0.9615384615384616,52,1200,700,500,0.5833333333333334,17,7,10,334.1099309364311,0.46045437405731526,0.25442837344887415,0.1732993401172963,126514.97938368075,-1945.968967013871,124569.01041666688,1270,0,216.78846153846155,39,13,15,40.08637053910402,0.579594017094017,48.48958333333334,1006.0416666666682,25.79594017094021,0
4430,4,3,1,52,0.05660377358490566,0.018867924528301886,0.9811320754716981,53,1300,1100,200,0.8461538461538461,15,11,4,330.94165190702137,0.46250604741170775,0.2820119392965883,0.17479938258444697,127253.65713346495,-2174.667031352715,125078.99010211224,1271,0,212.50943396226415,38,15,18,39.40861922914019,0.5888157894736843,47.75641025641026,1008.97435897436,26.55195681511474,0
4431,4,0,1,51,0.0,0.019230769230769232,0.9807692307692307,52,1500,800,700,0.5333333333333333,22,8,14,328.6017350004306,0.46205693815987936,0.26459323877031027,0.1741104108195285,127381.02349175367,-2028.474934895813,125352.54855685786,1272,1,211.03846153846155,39,13,12,39.33729319299693,0.5884081196581197,47.63020833333334,1009.4791666666683,25.88408119658124,0
4432,4,0,2,49,0.0,0.0392156862745098,0.9607843137254902,51,1700,1200,500,0.7058823529411765,22,12,10,331.99345452823513,0.46011437908496733,0.2572730288978977,0.17602191254308883,127407.31336805595,-1740.321180555516,125666.99218750044,1273,2,216.15686274509804,39,12,12,39.22479020498003,0.5886752136752137,47.604166666666686,1009.5833333333366,25.886752136752218,0
4433,4,1,2,48,0.02,0.04,0.96,50,1650,1300,350,0.7878787878787878,20,13,7,347.7622400961187,0.4594302721088435,0.22883956880152212,0.18590544157002678,127739.20323800125,-1111.1722345496446,126628.03100345162,1274,0,220.54,38,12,17,38.48684210526316,0.59375,47.27564102564102,1010.8974358974353,26.602564102564088,7
4434,4,5,4,49,0.09433962264150944,0.07547169811320754,0.9245283018867925,53,1300,800,500,0.6153846153846154,18,8,10,328.5030091314479,0.46134192065795837,0.258310556706717,0.18039673217229457,128814.2301725992,-2136.1855009443225,126678.04467165488,1275,0,208.75471698113208,40,13,15,37.87749858177329,0.6013020833333333,46.214430894308954,1015.1422764227659,25.37855691056915,0
4435,4,0,2,47,0.0,0.04081632653061224,0.9591836734693877,49,1550,1300,250,0.8387096774193549,18,13,5,348.641308587734,0.45815617913832196,0.2706604225591567,0.18944689096275288,128394.44739006236,-847.2783693059357,127547.16902075642,1276,1,225.85714285714286,37,12,15,37.79470500198349,0.6021959459459459,46.62828947368421,1013.4868421052635,27.39153627311523,0
4436,4,1,1,47,0.020833333333333332,0.020833333333333332,0.9791666666666666,48,1850,1400,450,0.7567567567567568,23,14,9,345.0368651833851,0.4583702718676123,0.26651357901357864,0.1887332798079611,128658.13607103737,-721.6400099423615,127936.49606109501,1277,0,229.72916666666666,36,12,16,37.61701261701263,0.6067708333333333,46.36824324324325,1014.527027027028,28.181306306306332,0
4437,4,0,0,47,0.0,0.0,1.0,47,1150,800,350,0.6956521739130435,15,8,7,346.21417140907346,0.45798643231575703,0.26242551302754746,0.1897860165899374,128743.83674214763,-485.4118476584568,128258.42489448917,1278,1,232.31914893617022,36,11,17,37.499768826749516,0.6076388888888888,46.28378378378379,1014.8648648648656,28.19069069069071,0
4438,4,0,1,46,0.0,0.02127659574468085,0.9787234042553191,47,1850,1200,650,0.6486486486486487,25,12,13,348.2912181513883,0.4577937095282146,0.2646705654492998,0.19188995091676087,128943.91593874298,-417.9932888969853,128525.92264984599,1279,2,233.31914893617022,36,11,17,37.24313486343644,0.6096643518518519,46.08671171171172,1015.6531531531547,28.21258758758763,0
4439,4,1,3,44,0.02127659574468085,0.06382978723404255,0.9361702127659575,47,1300,800,500,0.6153846153846154,18,8,10,345.77371601245477,0.4597980265186556,0.25742089017695147,0.19202562457518274,129258.63997443412,-461.15194586475997,128797.48802856935,1280,0,217.14893617021278,36,11,19,36.986664820967135,0.6128472222222222,45.77702702702704,1016.8918918918937,28.246996996997048,0
4440,4,3,3,44,0.06382978723404255,0.06382978723404255,0.9361702127659575,47,950,600,350,0.631578947368421,13,6,7,333.3707984370003,0.46027983348751156,0.23276888962193243,0.18697753477553497,129647.68005540164,-755.8498768852012,128891.83017851644,1281,0,213.2127659574468,37,10,15,36.906940855584246,0.6148648648648649,45.39473684210526,1018.4210526315787,27.52489331436699,0
4441,4,0,0,44,0.0,0.0,1.0,44,1600,1100,500,0.6875,21,11,10,366.32878948543606,0.45664860817477093,0.2555767225048422,0.20345777111733387,129261.91184807259,670.4719387755144,129932.3837868481,1282,2,228.75,34,10,19,36.46077226254585,0.6170343137254901,45.773809523809526,1016.904761904762,29.90896358543418,0
4442,4,0,1,43,0.0,0.022727272727272728,0.9772727272727273,44,1650,1100,550,0.6666666666666666,22,11,11,370.27764272648693,0.4558007399577167,0.25814023968778965,0.2067605204225168,129473.85381235811,788.2546768707323,130262.10848922883,1283,3,229.75,34,10,15,36.14433462003354,0.6191789215686274,45.56547619047618,1017.7380952380938,29.9334733893557,0
4443,4,0,0,43,0.0,0.0,1.0,43,1300,1100,200,0.8461538461538461,15,11,4,378.07301353945115,0.4535806570690291,0.2611686158533859,0.2109891333623386,129450.69204152231,1188.3626489811434,130639.05469050346,1284,4,235.48837209302326,33,10,16,35.9696130378934,0.6212121212121212,45.58823529411764,1017.6470588235279,30.83778966131903,0
4444,4,0,0,43,0.0,0.0,1.0,43,1500,1000,500,0.6666666666666666,20,10,10,382.3994424658616,0.4526116648209671,0.2605177223796984,0.21459296194016017,129669.02941476816,1317.0729106593367,130986.10232542749,1285,5,236.48837209302326,33,10,16,35.63688184334014,0.6234217171717171,45.37377450980391,1018.5049019607827,30.863784907902506,0
4445,4,0,2,41,0.0,0.046511627906976744,0.9534883720930233,43,1750,1400,350,0.8,21,14,7,392.3733820428419,0.45221945367294203,0.30209618829979057,0.2102019007880349,127825.12825540762,1442.9375495257914,129268.0658049334,1286,6,237.48837209302326,32,11,19,37.27109085612019,0.6070963541666667,47.19065656565657,1011.2373737373739,31.601167929292934,8
4446,4,1,0,42,0.023809523809523808,0.0,1.0,42,1500,1100,400,0.7333333333333333,19,11,8,380.73498196455347,0.45429248935346495,0.2734651016122023,0.20576622340085698,128177.4923536512,1361.1281604453484,129538.62051409656,1287,0,228.64285714285714,31,11,21,37.20385431400284,0.613239247311828,46.842447916666664,1012.6302083333329,32.665490591397834,0
4447,4,2,1,43,0.045454545454545456,0.022727272727272728,0.9772727272727273,44,1200,900,300,0.75,15,9,6,405.4179935364994,0.4568027660324172,0.33192973349090393,0.21377293432408273,127184.7084805125,1554.9200495771822,128739.62853008969,1288,0,219.20454545454547,33,11,16,37.60111671323856,0.5981691919191919,47.824754901960794,1008.7009803921585,30.566696375519953,8
4448,4,1,3,41,0.022727272727272728,0.06818181818181818,0.9318181818181819,44,1600,900,700,0.5625,23,9,14,406.31624484223425,0.457551532769556,0.3432491500728512,0.2150655907789615,127339.27455786234,1548.0031718569794,128887.27772971932,1289,0,219.9318181818182,33,11,17,37.41905455722842,0.5997474747474747,47.67156862745098,1009.313725490196,30.58526440879382,0
4449,4,0,0,41,0.0,0.0,1.0,41,750,500,250,0.6666666666666666,10,5,5,375.53521764069006,0.45838414634146346,0.21851205470108948,0.20370810945442394,128325.39859693876,1440.6793844988936,129766.07798143766,1290,1,229.78048780487805,34,7,17,37.1839873888693,0.6075367647058824,46.69642857142857,1013.2142857142856,29.800420168067223,8
4450,4,0,0,41,0.0,0.0,1.0,41,1600,1200,400,0.75,20,12,8,372.5909345090474,0.4580030487804878,0.21385882732999506,0.20268021145529402,128437.66744898818,1370.9421081961395,129808.60955718432,1291,2,230.78048780487805,35,6,14,37.14365913069954,0.6065476190476191,46.58564814814814,1013.6574074074061,28.961640211640177,0
4451,4,2,1,42,0.046511627906976744,0.023255813953488372,0.9767441860465116,43,1600,1200,400,0.75,20,12,8,371.3379767565335,0.4593946105574012,0.18961733592264363,0.19709806501158017,127451.5971861534,897.6872483793618,128349.28443453276,1292,0,221.0,37,6,15,38.18626253302927,0.5926238738738738,47.560307017543856,1009.7587719298243,27.29077761972498,8
4452,4,0,1,41,0.0,0.023809523809523808,0.9761904761904762,42,1600,1100,500,0.6875,21,11,10,372.7001496515309,0.4575953348819202,0.1966373475223513,0.19782107654991052,127451.5971861534,1100.2458689211999,128551.8430550746,1293,1,227.1904761904762,37,5,15,38.15187588228905,0.5926238738738738,47.560307017543856,1009.7587719298243,27.29077761972498,0
4453,4,1,1,41,0.023809523809523808,0.023809523809523808,0.9761904761904762,42,1100,800,300,0.7272727272727273,14,8,6,371.1125811563088,0.4573412698412698,0.22499045141577123,0.1992948005674099,127922.5879597567,1094.7363611880412,129017.32432094474,1294,0,227.33333333333334,37,5,17,37.70864946889225,0.5974099099099099,47.09429824561403,1011.6228070175426,27.34115694642007,0
4454,4,0,1,40,0.0,0.024390243902439025,0.975609756097561,41,800,500,300,0.625,11,5,6,378.4301665170309,0.45642784552845533,0.2264979086316472,0.20276270258490095,127831.16731596473,1475.0339866894028,129306.20130265414,1295,1,233.41463414634146,36,5,17,37.61739049740163,0.5983796296296297,47.18468468468469,1011.2612612612622,28.09059059059062,0
4455,4,1,1,40,0.024390243902439025,0.024390243902439025,0.975609756097561,41,1250,1000,250,0.8,15,10,5,377.8958877117946,0.45752032520325203,0.2324153527497148,0.20378124038290218,128089.02739304396,1480.863342566939,129569.8907356109,1296,0,234.21951219512195,37,4,19,37.36640670132872,0.5990990990990991,46.92982456140351,1012.2807017543855,27.358937885253663,0
4456,4,3,1,42,0.06976744186046512,0.023255813953488372,0.9767441860465116,43,1200,900,300,0.75,15,9,6,360.4168150589398,0.45946382428940563,0.23056527370078106,0.19755333677119824,128740.17373666796,680.0367005910055,129420.21043725897,1297,0,224.04651162790697,38,5,19,37.14316419272203,0.6038925438596492,46.28739316239315,1014.850427350426,26.706590193432262,0
4457,4,0,0,42,0.0,0.0,1.0,42,1200,800,400,0.6666666666666666,16,8,8,364.73154960844414,0.45609514130855594,0.23063209076175073,0.19985734112647394,128728.04763244434,990.2360582101883,129718.28369065453,1298,1,230.35714285714286,37,5,19,37.04607869620024,0.6055743243243243,46.29934210526314,1014.8026315789454,27.427098150782307,0
4458,4,0,0,42,0.0,0.0,1.0,42,1350,1000,350,0.7407407407407407,17,10,7,366.58521041972205,0.455211962833914,0.23008692167029943,0.2017598393190186,128902.86138733622,1050.7765130761568,129953.63790041237,1299,2,231.35714285714286,38,4,19,36.82053305277924,0.6055372807017544,46.127136752136735,1015.4914529914503,26.72345928924869,0
4459,4,0,1,41,0.0,0.023809523809523808,0.9761904761904762,42,1650,1400,250,0.8484848484848485,19,14,5,369.4368443278415,0.4548006194347658,0.23704894068645177,0.20430716646781538,129092.79348381892,1138.3268500255463,130231.12033384448,1300,3,232.35714285714286,38,4,19,36.55426478833755,0.6074561403508771,45.94017094017093,1016.2393162393146,26.743139901034596,0
4460,4,1,0,42,0.023809523809523808,0.0,1.0,42,1450,900,550,0.6206896551724138,20,9,11,371.1437061233107,0.4537964576074332,0.24485843911538252,0.20716650229996048,129459.11864144556,1209.6787310025834,130668.79737244814,1301,0,232.73809523809524,36,6,17,36.137315111947174,0.6148726851851851,45.57995495495496,1017.6801801801806,28.268893893893907,0
4461,4,0,0,42,0.0,0.0,1.0,42,1150,900,250,0.782608695652174,14,9,5,371.619385204109,0.4533851142082849,0.24796825045691362,0.20803782424955736,129573.7476285408,1230.4232864621522,130804.17091500296,1302,1,233.73809523809524,36,6,18,36.008415367031674,0.6160300925925926,45.46734234234235,1018.1306306306315,28.28140640640643,0
4462,4,0,0,42,0.0,0.0,1.0,42,850,500,350,0.5882352941176471,12,5,7,370.1270041231851,0.45298586914440575,0.24182609016181922,0.20750517658313497,129631.08114448926,1195.992741051881,130827.07388554115,1303,2,234.73809523809524,36,6,18,35.98801098455528,0.6166087962962963,45.411036036036045,1018.3558558558573,28.2876626626627,0
4463,4,0,0,42,0.0,0.0,1.0,42,1250,1000,250,0.8,15,10,5,392.19254994852827,0.45278019744483156,0.21106297352255687,0.20851066867150864,127518.18700034497,1614.907221410608,129133.09422175559,1304,3,235.73809523809524,36,6,14,37.591286654030554,0.5951967592592593,47.49436936936937,1010.0225225225228,28.056181181181188,8
4464,4,1,0,43,0.023255813953488372,0.0,1.0,43,1150,900,250,0.782608695652174,14,9,5,388.4163404217408,0.45309616094499816,0.221951108848099,0.20858726174219888,127922.5879597567,1337.444694521375,129260.03265427807,1305,0,231.2325581395349,37,6,15,37.27102753089096,0.5974099099099099,47.09429824561403,1011.6228070175426,27.34115694642007,0
4465,4,2,2,43,0.044444444444444446,0.044444444444444446,0.9555555555555556,45,1100,500,600,0.45454545454545453,17,5,12,370.4635015950462,0.45462962962962966,0.21601217656012195,0.2018196687793907,128496.33487654309,520.8327989808697,129017.16767552396,1306,0,221.9111111111111,38,7,16,37.137557077625566,0.6014254385964912,46.52777777777777,1013.8888888888879,26.681286549707576,0
4466,4,0,2,41,0.0,0.046511627906976744,0.9534883720930233,43,1400,1000,400,0.7142857142857143,18,10,8,385.11977494850976,0.4525193798449612,0.22516713743387462,0.20915466836219906,128372.67324334463,1287.7710058030893,129660.44424914772,1307,1,232.90697674418604,36,7,16,36.89275660258547,0.6038773148148149,46.64977477477477,1013.4009009009003,28.15002502502501,0
4467,4,0,0,41,0.0,0.0,1.0,41,1400,900,500,0.6428571428571429,19,9,10,393.08577252793935,0.4501016260162602,0.2405920757482456,0.21304518680724754,128291.05748724689,1885.877888160125,130176.93537540702,1308,2,244.5609756097561,35,6,18,36.774653452149735,0.6050595238095238,46.73032407407406,1013.0787037037021,28.945105820105773,0
4468,4,0,0,41,0.0,0.0,1.0,41,1550,1000,550,0.6451612903225806,21,10,11,389.14944225332573,0.44918699186991873,0.24530603378653137,0.2116876282766846,128437.66744898817,1796.2893304183615,130233.95677940654,1309,3,245.5609756097561,35,6,17,36.72404277993453,0.6065476190476191,46.58564814814814,1013.657407407406,28.961640211640173,0
4469,4,1,0,42,0.023809523809523808,0.0,1.0,42,1250,700,550,0.56,18,7,11,383.32601149646774,0.4504210220673635,0.2434922043820298,0.21028103113923685,128772.40997331786,1472.3628611719762,130244.77283448984,1310,0,240.6904761904762,36,6,18,36.528948925625954,0.6079282407407407,46.25563063063063,1014.9774774774771,28.19381881881881,0
4470,4,0,0,42,0.0,0.0,1.0,42,1400,1000,400,0.7142857142857143,18,10,8,385.0381536048702,0.44987659698025556,0.24131702370389196,0.21167707273789682,128858.14868922968,1523.06072964856,130381.20941887824,1311,1,241.6904761904762,36,6,18,36.397792812777276,0.6087962962962963,46.17117117117117,1015.3153153153147,28.203203203203188,0
4471,4,0,0,42,0.0,0.0,1.0,42,850,600,250,0.7058823529411765,11,6,5,381.1393130936714,0.4493321718931475,0.24380614582343751,0.2104430160790149,129029.71172185702,1435.6591388686052,130465.37086072563,1312,2,242.6904761904762,36,6,18,36.32139954186063,0.6105324074074074,46.002252252252255,1015.9909909909912,28.22197197197198,0
4472,4,2,0,44,0.045454545454545456,0.0,1.0,44,1400,1100,300,0.7857142857142857,17,11,6,370.05464996097504,0.45106589147286824,0.2567934649607957,0.20740479989062008,129619.76431450054,793.3934366899855,130413.15775119053,1313,0,232.61363636363637,37,7,16,36.00137737338933,0.6145833333333333,45.422149122807014,1018.3114035087714,27.52192982456139,0
4473,4,2,1,45,0.043478260869565216,0.021739130434782608,0.9782608695652174,46,1250,900,350,0.72,16,9,7,358.12718444215716,0.4525563607085346,0.2649368584651217,0.2037774115213929,130210.72035701304,126.39973312843156,130337.12009014147,1314,0,223.45652173913044,40,6,19,35.704595240466006,0.6153645833333333,44.84247967479675,1020.6300813008131,25.51575203252033,0
4474,4,0,1,44,0.0,0.022222222222222223,0.9777777777777777,45,1650,1100,550,0.6666666666666666,22,11,11,365.9587249185008,0.4514099326599326,0.2741026222322984,0.20882845221416635,130321.66950660139,538.5117117659415,130860.18121836733,1315,1,228.42222222222222,35,10,19,35.39210685407693,0.6255952380952381,44.73379629629629,1021.064814814814,29.1732804232804,0
4475,4,0,0,44,0.0,0.0,1.0,44,1450,1100,350,0.7586206896551724,18,11,7,378.08267649044905,0.44960139182522907,0.28321637550881973,0.21558756872221327,130292.97052154178,1052.3030045351277,131345.2735260769,1316,2,234.5,34,10,20,35.11179454291046,0.6274509803921569,44.76190476190475,1020.9523809523796,30.028011204481754,0
4476,4,0,0,44,0.0,0.0,1.0,44,1100,700,400,0.6363636363636364,15,7,8,376.94725631788594,0.4494252114164905,0.28083280356007645,0.2156138306138305,130414.54081632635,1031.880668934218,131446.42148526057,1317,3,235.5,34,10,20,35.0172397047397,0.6286764705882353,44.64285714285713,1021.42857142857,30.042016806722646,0
4477,4,1,0,45,0.022222222222222223,0.0,1.0,45,1450,1000,450,0.6896551724137931,19,10,9,371.78375732637613,0.44989478114478115,0.28603756505996847,0.21475979393794167,130794.81336805534,725.4774305555313,131520.29079861086,1318,0,231.24444444444444,35,10,19,34.763238289205695,0.6303571428571428,44.27083333333332,1022.9166666666649,29.226190476190425,0
4478,4,0,3,42,0.0,0.06666666666666667,0.9333333333333333,45,1050,500,550,0.47619047619047616,16,5,11,377.1017860003056,0.4496001683501683,0.2856625961103576,0.2188378080962403,130972.4633487653,877.9899691357873,131850.4533179011,1319,1,232.24444444444444,35,10,19,34.44708276797828,0.6321428571428571,44.097222222222214,1023.6111111111102,29.24603174603172,0
4479,4,0,1,41,0.0,0.023809523809523808,0.9761904761904762,42,1150,800,350,0.6956521739130435,15,8,7,404.5689611116822,0.4491748935346496,0.2979279183875183,0.23223979937857828,130552.75769054168,2163.518709825514,132716.2764003672,1320,2,245.45238095238096,32,10,19,34.17114529280949,0.634765625,44.50757575757575,1021.9696969696961,31.936553030303003,0
4480,4,0,0,41,0.0,0.0,1.0,41,1150,900,250,0.782608695652174,14,9,5,412.962096605806,0.44979674796747965,0.28959956733503867,0.2367066159288354,130495.30241224484,2577.922736273847,133073.2251485187,1321,3,248.29268292682926,31,10,19,34.0152552992651,0.636760752688172,44.56380208333332,1021.7447916666653,32.9595094086021,0
4481,4,1,1,41,0.023809523809523808,0.023809523809523808,0.9761904761904762,42,1450,1200,250,0.8275862068965517,17,12,5,394.25434473538894,0.4504936120789779,0.19102110718177956,0.22271729606292023,129928.59977324257,1881.205663010635,131809.8054362532,1322,0,243.35714285714286,34,8,18,35.07025533239918,0.6237745098039216,45.11904761904761,1019.5238095238091,29.98599439775909,8
4482,4,0,1,40,0.0,0.024390243902439025,0.975609756097561,41,1450,1000,450,0.6896551724137931,19,10,9,389.9746102918449,0.4499237804878049,0.1712796161317638,0.2211863716288495,130085.41907793212,1946.002121913582,132031.4211998457,1323,1,246.21951219512195,35,6,18,35.01957113682778,0.6232142857142857,44.96527777777778,1020.138888888889,29.146825396825403,0
4483,4,1,1,40,0.024390243902439025,0.024390243902439025,0.975609756097561,41,700,500,200,0.7142857142857143,9,5,4,379.8650225780507,0.4507113821138211,0.1719145403158393,0.21694288706221806,130353.74858276627,1703.607056248404,132057.35563901468,1324,0,245.9268292682927,34,7,19,35.00451737001632,0.6280637254901961,44.70238095238094,1021.1904761904748,30.0350140056022,0
4484,4,0,0,40,0.0,0.0,1.0,40,1150,600,550,0.5217391304347826,17,6,11,387.3385592258238,0.451428952991453,0.17343356139719135,0.2208704679610084,130293.86421388379,2093.567528114152,132387.43174199795,1325,1,250.075,33,7,19,34.87463989917176,0.6297348484848485,44.76102941176469,1020.9558823529388,30.938057040998146,0
4485,4,0,1,39,0.0,0.025,0.975,40,750,500,250,0.6666666666666666,10,5,5,371.4134252040629,0.45137553418803417,0.09105362286727292,0.2056673359442864,129144.15048494423,1747.8961471568566,130892.04663210109,1326,2,251.075,36,4,19,36.451639707511646,0.6116898148148149,45.88963963963963,1016.44144144144,28.234484484484444,8
4486,4,1,2,38,0.025,0.05,0.95,40,1500,1200,300,0.8,18,12,6,372.2663919224116,0.44955929487179486,0.10538493038493035,0.20755126234578297,129413.28125,1635.2684187565953,131048.54966875659,1327,0,252.0,34,6,21,36.15547365547366,0.6185661764705883,45.625,1017.5,29.926470588235293,0
4487,4,0,2,36,0.0,0.05263157894736842,0.9473684210526316,38,1250,900,350,0.72,16,9,7,372.9189108658765,0.44902797534376476,0.12248289104426169,0.20871744278304813,129564.73922902493,2063.4282879818566,131628.16751700678,1328,1,263.55263157894734,34,4,18,35.984516292485196,0.6200980392156863,45.476190476190474,1018.095238095238,29.94397759103641,0
4488,4,1,0,37,0.02702702702702703,0.0,1.0,37,900,600,300,0.6666666666666666,12,6,6,375.756743006593,0.44744744744744747,0.148159464335051,0.21153807163844401,129793.87622849371,2354.1848387639207,132148.06106725763,1329,0,270.4054054054054,33,4,19,35.67886851072359,0.6246843434343434,45.25122549019607,1018.9950980392146,30.878639334521655,0
4489,4,1,0,38,0.02631578947368421,0.0,1.0,38,1250,900,350,0.72,16,9,7,390.3502115192181,0.44802038880986245,0.17107362662411707,0.21486403738203358,128907.38195516099,2463.8047625171293,131371.18671767812,1330,0,264.2631578947368,35,3,19,36.2125788313958,0.6113095238095239,46.122685185185176,1015.5092592592576,29.01455026455022,7
4490,4,2,1,39,0.05,0.025,0.975,40,700,400,300,0.5714285714285714,10,4,6,370.6075368942902,0.4495325854700855,0.16371106800301805,0.20653857866919617,129396.54659366333,1591.0670831409566,130987.61367680428,1331,0,252.0,37,3,21,36.21472770054244,0.6123310810810811,45.64144736842105,1017.4342105263149,27.49822190611662,0
4491,4,0,0,39,0.0,0.0,1.0,39,850,600,250,0.7058823529411765,11,6,5,377.7220409511384,0.44871794871794873,0.1541243669233041,0.21007299715952468,129315.90374157942,1969.0934177420663,131284.99715932147,1332,1,255.53846153846155,36,3,21,36.11603188662533,0.6134259259259259,45.72072072072072,1017.1171171171171,28.253253253253252,0
4492,4,1,1,39,0.025,0.025,0.975,40,1200,700,500,0.5833333333333334,17,7,10,365.64245813616867,0.44937232905982905,0.15012649370222864,0.2052237337538895,129675.59880203521,1482.980941251151,131158.57974328636,1333,0,250.125,37,3,18,36.056872824487755,0.6151463963963963,45.36732456140351,1018.5307017543857,27.527856804172586,0
4493,4,0,0,39,0.0,0.0,1.0,39,700,600,100,0.8571428571428571,8,6,2,373.74607148203563,0.44880229419703105,0.15004496186042826,0.20892336055201727,129516.42679419278,1881.2511413440416,131397.67793553683,1334,1,257.4871794871795,36,3,18,36.01269498838368,0.6154513888888888,45.523648648648646,1017.905405405405,28.27515015015014,0
4494,4,0,0,39,0.0,0.0,1.0,39,1500,800,700,0.5333333333333333,22,8,14,374.0596205348857,0.4481275303643724,0.15836387186005907,0.2103242627084591,129745.78622118727,1906.5319119795295,131652.3181331668,1335,2,258.4871794871795,36,3,20,35.771065915036274,0.6177662037037037,45.298423423423415,1018.8063063063051,28.30017517517514,0
4495,4,0,0,39,0.0,0.0,1.0,39,900,300,600,0.3333333333333333,15,3,12,373.4804187906357,0.4478463787674314,0.15988100297492647,0.21046063449908145,129831.8483179123,1897.93061642722,131729.77893433953,1336,3,259.4871794871795,36,3,20,35.69820441988951,0.6186342592592593,45.213963963963955,1019.1441441441425,28.309559559559514,0
4496,4,0,1,38,0.0,0.02564102564102564,0.9743589743589743,39,1250,800,450,0.64,17,8,9,372.15028711037303,0.4475371120107962,0.15406141044051114,0.21017320955771723,129917.93894823876,1869.7996560749898,131787.73860431375,1337,4,260.4871794871795,36,3,20,35.644491697043335,0.6195023148148149,45.1295045045045,1019.4819819819818,28.31894394394394,0
4497,4,0,0,38,0.0,0.0,1.0,38,1600,1300,300,0.8125,19,13,6,381.42839315202474,0.445931128496918,0.1537075226396485,0.214873768503108,129819.89354263115,2303.398678626539,132123.2922212577,1338,5,268.13157894736844,35,3,20,35.5078790459966,0.6205357142857143,45.22569444444444,1019.0972222222221,29.117063492063487,0
4498,4,0,2,36,0.0,0.05263157894736842,0.9473684210526316,38,800,700,100,0.875,9,7,2,386.5943024300428,0.44596076339497387,0.1512978631865769,0.2182770907566548,129908.37191358018,2444.3672839506107,132352.73919753078,1339,6,269.13157894736844,35,3,20,35.28610354223432,0.6214285714285714,45.138888888888886,1019.4444444444439,29.126984126984112,0
4499,4,0,0,36,0.0,0.0,1.0,36,1050,600,450,0.5714285714285714,15,6,9,400.16777740855474,0.44365079365079363,0.15265918353711494,0.22528064110711815,129793.87622849394,3187.8653943195054,132981.74162281345,1340,7,259.6388888888889,33,3,21,35.05700040088194,0.6246843434343434,45.251225490196084,1018.9950980392165,30.87863933452171,0
4500,4,1,0,37,0.02702702702702703,0.0,1.0,37,1150,900,250,0.782608695652174,14,9,5,388.62233626206984,0.44375625625625625,0.15639790998558878,0.22073439656078242,130141.08737244923,2715.1466836734958,132856.23405612272,1341,0,253.59459459459458,34,3,22,34.99737486874343,0.6259191176470589,44.9107142857143,1020.3571428571448,30.01050420168073,0
4501,4,1,1,37,0.02631578947368421,0.02631578947368421,0.9736842105263158,38,1450,900,550,0.6206896551724138,20,9,11,377.9901986561304,0.44299727358937885,0.15137986529176795,0.21701257829217396,130558.13426997617,2269.939021776424,132828.0732917526,1342,0,247.89473684210526,35,3,17,34.844752736881844,0.6279761904761905,44.502314814814824,1021.9907407407422,29.199735449735492,0
4502,4,0,0,37,0.0,0.0,1.0,37,1100,800,300,0.7272727272727273,14,8,6,392.199018644331,0.44206706706706705,0.15584840692561652,0.2255735413997905,130627.4252409297,2846.3895975056685,133473.81483843538,1343,2,255.59459459459458,34,3,19,34.41127091339622,0.6308210784313726,44.43452380952381,1022.2619047619047,30.066526610644257,0
4503,4,1,1,37,0.02631578947368421,0.02631578947368421,0.9736842105263158,38,1000,500,500,0.5,15,5,10,382.65714874317007,0.44265647226173543,0.1591558008946421,0.22274674026839247,131090.96364883386,2432.57887517145,133523.54252400532,1344,0,249.8421052631579,35,3,20,34.18474984930682,0.6333333333333333,43.981481481481474,1024.0740740740728,29.25925925925922,0
4504,4,0,0,37,0.0,0.0,1.0,37,600,500,100,0.8333333333333334,7,5,2,381.5381639243294,0.4408470970970971,0.14150323902838302,0.2222667026047657,131120.5970963006,2605.5023737568595,133726.09947005747,1345,1,251.56756756756758,35,2,20,34.18335875993521,0.6336309523809525,43.9525462962963,1024.189814814815,29.262566137566143,0
4505,4,0,2,35,0.0,0.05405405405405406,0.9459459459459459,37,1150,1000,150,0.8695652173913043,13,10,3,381.93349157899394,0.4404091591591592,0.13867951312885252,0.223185293792002,131239.1643759644,2624.9264564043096,133864.0908323687,1346,2,252.56756756756758,35,2,20,34.05307522873601,0.6348214285714286,43.83680555555555,1024.652777777777,29.275793650793627,0
4506,4,1,0,36,0.027777777777777776,0.0,1.0,36,1100,800,300,0.7272727272727273,14,8,6,387.2648732985215,0.43973214285714285,0.13644958118764605,0.22664604311536185,131297.62081916098,2969.3912981859403,134267.01211734692,1347,0,257.22222222222223,34,2,22,33.85725210051496,0.6375612745098039,43.779761904761905,1024.8809523809523,30.143557422969185,0
4507,4,0,0,36,0.0,0.0,1.0,36,1100,600,500,0.5454545454545454,16,6,10,387.81947032106194,0.4391699735449735,0.13852767779970887,0.22769523502899142,131419.65880102036,2993.4204931972754,134413.07929421763,1348,1,258.22222222222223,34,2,22,33.71937768489493,0.6387867647058824,43.660714285714285,1025.3571428571424,30.15756302521007,0
4508,4,0,0,36,0.0,0.0,1.0,36,800,700,100,0.875,9,7,2,386.8827366863059,0.43874007936507936,0.1386631843683499,0.22750817587389247,131480.6990504535,2973.522534013601,134454.2215844671,1349,2,259.22222222222223,34,2,22,33.681563165022254,0.6393995098039216,43.601190476190474,1025.5952380952378,30.164565826330524,0
4509,4,1,0,37,0.02702702702702703,0.0,1.0,37,1050,800,250,0.7619047619047619,13,8,5,377.06392230698395,0.43968968968968974,0.1354367556599545,0.22344248862960953,131773.38023244598,2537.3975212191344,134310.7777536651,1350,0,253.1891891891892,35,2,16,33.63734359147785,0.6401785714285715,43.31597222222222,1026.736111111111,29.33531746031746,0
4510,4,0,1,36,0.0,0.02702702702702703,0.972972972972973,37,750,200,550,0.26666666666666666,13,2,11,373.013862328903,0.43940815815815815,0.13415759421393236,0.2217346301519768,131892.2422223294,2439.5269365140584,134331.76915884347,1351,1,254.1891891891892,35,2,16,33.621244131455406,0.6413690476190477,43.20023148148148,1027.1990740740741,29.348544973544975,0
4511,4,0,1,35,0.0,0.027777777777777776,0.9722222222222222,36,1300,1100,200,0.8461538461538461,15,11,4,380.5597138668493,0.4371031746031746,0.14087255583893699,0.22577084537932882,131816.67375283447,2832.8231292517034,134649.49688208618,1352,2,262.1388888888889,34,2,16,33.50384496483499,0.6427696078431373,43.273809523809526,1026.904761904762,30.203081232493,0
4512,4,0,0,35,0.0,0.0,1.0,35,1050,600,450,0.5714285714285714,15,6,9,390.7082337993817,0.4357843137254902,0.1474991046914167,0.23130479678709714,131736.6836823579,3294.121401624389,135030.80508398227,1353,3,270.3142857142857,33,2,16,33.32425589908876,0.6442550505050505,43.35171568627452,1026.5931372549032,31.10888294711828,0
4513,4,0,0,35,0.0,0.0,1.0,35,1000,600,400,0.6,14,6,8,393.21945078918446,0.43504901960784315,0.15142175247187217,0.23336961739471426,131831.05656478283,3367.707131872367,135198.7636966552,1354,4,271.3142857142857,33,2,17,33.16428003182181,0.6452020202020202,43.25980392156863,1026.960784313726,31.120023767082607,0
4514,4,0,1,34,0.0,0.02857142857142857,0.9714285714285714,35,500,300,200,0.6,7,3,4,393.04831536027734,0.43515406162464987,0.1519559547957119,0.233461228280261,131862.52170138882,3365.668402777773,135228.1901041666,1355,5,272.3142857142857,33,2,18,33.13683231913455,0.6455176767676767,43.229166666666664,1027.0833333333328,31.123737373737356,0
4515,4,0,0,34,0.0,0.0,1.0,34,900,600,300,0.6666666666666666,12,6,6,402.0019893111425,0.4348819073083779,0.1602962877231564,0.2382711499328142,131781.48275686151,3795.2836445260714,135576.76640138758,1356,6,280.2352941176471,32,2,18,32.98901459255617,0.6471354166666667,43.30808080808081,1026.7676767676767,32.086489898989896,0
4516,4,0,0,34,0.0,0.0,1.0,34,1100,800,300,0.7272727272727273,14,8,6,403.1061280101442,0.434640522875817,0.15535890220650272,0.22407084771307356,129294.84941188486,3623.909223615918,132918.75863550077,1357,7,281.2352941176471,33,1,18,35.49210246214404,0.6196338383838385,45.74142156862745,1017.0343137254903,30.81922162804516,8
4517,4,1,1,34,0.02857142857142857,0.02857142857142857,0.9714285714285714,35,1050,600,450,0.5714285714285714,15,6,9,385.06826073897895,0.43753501400560224,0.1868468210164147,0.20037625160647116,126646.80262218133,2861.852018942077,129508.65464112342,1358,0,274.1714285714286,32,3,20,38.66867369125273,0.5950520833333333,48.358585858585855,1006.5656565656559,31.455176767676747,8
4518,4,0,0,34,0.0,0.0,1.0,34,800,500,300,0.625,11,5,6,385.87869521694626,0.4374814319667261,0.1803723816912337,0.2013755619978314,126763.9923095703,2983.1047905815976,129747.09710015189,1359,1,278.79411764705884,31,3,20,38.52738988018275,0.5987903225806452,48.2421875,1007.0312499999999,32.484879032258064,0
4519,4,3,0,37,0.08108108108108109,0.0,1.0,37,800,400,400,0.5,12,4,8,364.09950665159477,0.44359984984984985,0.19706345545074222,0.19514355261863078,127843.36911848077,1909.5415249433167,129752.91064342408,1360,0,257.1081081081081,34,3,21,37.9671865803414,0.6026348039215687,47.17261904761905,1011.3095238095241,29.74439775910365,0
4520,4,2,2,37,0.05128205128205128,0.05128205128205128,0.9487179487179487,39,1050,700,350,0.6666666666666666,14,7,7,350.95056942447934,0.4462156995051732,0.18880708252405265,0.19094850470603475,128446.04768990946,1216.3513321995667,129662.39902210904,1361,0,244.87179487179486,34,5,12,37.68349970640047,0.6087622549019608,46.57738095238096,1013.6904761904775,29.814425770308162,0
4521,4,1,0,38,0.02631578947368421,0.0,1.0,38,750,600,150,0.8,9,6,3,361.87491756105595,0.4426712897107634,0.20034561552023722,0.19647693324441037,128361.7647809736,1690.1806096212913,130051.94539059489,1362,0,252.28947368421052,33,5,22,37.49281956705769,0.6101641414141414,46.66053921568627,1013.3578431372543,30.707813428401646,0
4522,4,3,1,40,0.07317073170731707,0.024390243902439025,0.975609756097561,41,1050,700,350,0.6666666666666666,14,7,7,337.71278265446153,0.4478404471544715,0.19427895176259846,0.18714139281901926,129172.76810171655,524.658991762027,129697.42709347857,1363,0,234.7560975609756,36,5,18,37.27890402865478,0.6119791666666667,45.861486486486484,1016.5540540540537,28.237612612612605,0
4523,4,0,0,40,0.0,0.0,1.0,40,1200,1100,100,0.9166666666666666,13,11,2,346.03228074229156,0.4455528846153846,0.1991300975177306,0.1913354964104436,129086.92476260042,933.648597922241,130020.57336052266,1364,1,241.55,36,4,19,37.15485557033095,0.6111111111111112,45.945945945945944,1016.216216216216,28.22822822822822,0
4524,4,2,2,40,0.047619047619047616,0.047619047619047616,0.9523809523809523,42,1200,900,300,0.75,15,9,6,330.83145047207177,0.44725125822686795,0.19019895800552522,0.18562779384050934,129663.42872242274,179.34803948421853,129842.77676190696,1365,0,231.0,38,4,12,36.95561907759013,0.6132127192982456,45.379273504273485,1018.482905982903,26.802181736392185,0
4525,4,0,1,39,0.0,0.025,0.975,40,750,500,250,0.6666666666666666,10,5,5,344.18519484775226,0.4442975427350427,0.19321452291343832,0.19169969483690463,129373.1801903254,905.6666463760952,130278.84683670149,1366,3,243.55,36,4,21,36.910560106265216,0.6140046296296297,45.66441441441441,1017.3423423423418,28.259509509509495,0
4526,4,0,1,38,0.0,0.02564102564102564,0.9743589743589743,39,1300,1000,300,0.7692307692307693,16,10,6,371.27538752075026,0.4430386864597391,0.21943733868490334,0.19222379628683045,126439.93391617986,1591.8538470903563,128031.78776327021,1367,4,250.3846153846154,36,3,15,39.228996379651406,0.5842013888888888,48.5641891891892,1005.7432432432446,27.93731231231235,8
4527,4,1,1,38,0.02564102564102564,0.02564102564102564,0.9743589743589743,39,1000,700,300,0.7,13,7,6,368.71042232152547,0.4451754385964912,0.22262088391120627,0.19136237755782345,126539.80070791014,1531.3086718990457,128071.10937980919,1368,0,251.25641025641025,37,2,16,39.19055143853529,0.5833333333333333,48.46491228070175,1006.1403508771931,27.192982456140353,0
4528,4,2,1,39,0.05,0.025,0.975,40,700,300,400,0.42857142857142855,11,3,8,360.64671258978916,0.44724893162393164,0.21691135424807428,0.19013022982146793,127177.19144397772,1176.814081174267,128354.00552515198,1160,0,211.725,36,4,18,38.73785865803283,0.591724537037037,47.832207207207205,1008.6711711711708,28.018643643643635,0
4529,4,1,1,39,0.025,0.025,0.975,40,1350,1100,250,0.8148148148148148,16,11,5,356.98613005622224,0.44930555555555557,0.21821145914613815,0.1900606868091611,127575.06397867446,1108.5056762843756,128683.56965495883,1161,0,210.775,36,4,15,38.421952216400996,0.595775462962963,47.438063063063055,1010.2477477477464,28.0624374374374,0
4530,4,3,1,41,0.07142857142857142,0.023809523809523808,0.9761904761904762,42,1150,700,450,0.6086956521739131,16,7,9,346.6090254316463,0.4502032520325203,0.2382835449902836,0.1879298678198,128306.84222961869,494.46190828402655,128801.30413790271,1162,0,201.64285714285714,38,4,19,37.93564800168723,0.5995065789473684,46.71474358974359,1013.1410256410257,26.66160593792173,0
4531,4,2,3,40,0.046511627906976744,0.06976744186046512,0.9302325581395349,43,1100,700,400,0.6363636363636364,15,7,8,338.28343577219795,0.4504198966408269,0.2409983076699076,0.1854752681332877,128751.69406467007,110.91308593749471,128862.60715060757,1163,0,197.8372093023256,39,4,17,37.69298043039446,0.6022970085470085,46.276041666666664,1014.8958333333327,26.022970085470067,0
4532,4,0,0,40,0.0,0.0,1.0,40,1250,800,450,0.64,17,8,9,355.70509056697693,0.44504540598290593,0.24053505945105025,0.19317984972916233,128372.6732433445,1132.5626724697418,129505.23591581424,1164,1,213.425,36,4,17,37.6379782938845,0.6038773148148149,46.64977477477476,1013.4009009008993,28.15002502502498,0
4533,4,0,0,40,0.0,0.0,1.0,40,1200,700,500,0.5833333333333334,17,7,10,359.31412103255747,0.44476495726495724,0.24664833944240794,0.19569903397798624,128486.82032962005,1233.425782201105,129720.24611182115,1165,2,214.425,36,4,18,37.42988448295013,0.6050347222222222,46.537162162162154,1013.8513513513504,28.162537537537514,0
4534,4,1,0,41,0.024390243902439025,0.0,1.0,41,1500,1200,300,0.8,18,12,6,359.78559073607033,0.4459095528455284,0.2715197471705475,0.1984246749836746,128984.243735846,1081.3344656293052,130065.5782014753,1166,0,210.17073170731706,38,3,19,36.91014584209787,0.606359649122807,46.04700854700853,1015.8119658119634,26.73189383715693,0
4535,4,2,2,41,0.046511627906976744,0.046511627906976744,0.9534883720930233,43,1100,900,200,0.8181818181818182,13,9,4,349.310081140826,0.4484357696566999,0.28529636447884177,0.19549994595494685,129563.94184989601,452.14609326575027,130016.08794316176,1167,0,201.34883720930233,37,6,15,36.58622778675282,0.6140202702702703,45.47697368421052,1018.092105263157,27.51600284495019,0
4536,4,0,1,40,0.0,0.024390243902439025,0.975609756097561,41,750,500,250,0.6666666666666666,10,5,5,327.55467929853734,0.44878048780487806,0.1409534907102583,0.1749855912390437,127712.20419908331,166.54601778801631,127878.75021687133,1168,1,207.9512195121951,38,3,16,39.02512067082408,0.5934758771929824,47.30235042735043,1010.7905982905992,26.599752586594715,8
4537,4,1,2,39,0.024390243902439025,0.04878048780487805,0.9512195121951219,41,1150,800,350,0.6956521739130435,15,8,7,322.00255604503826,0.4490091463414634,0.14398702801476904,0.17353848236770048,128065.44189453137,47.479926215291755,128112.92182074666,1169,0,205.90243902439025,39,2,18,38.80495094507908,0.5953525641025641,46.95312500000001,1012.1875000000009,25.953525641025664,0
4538,4,1,0,40,0.025,0.0,1.0,40,1250,900,350,0.72,16,9,7,323.82357743390224,0.4470219017094017,0.1696302912200931,0.17522896220017314,128227.80957842804,304.662018902457,128532.4715973305,1170,0,211.775,37,3,19,38.59331583125834,0.6005067567567568,46.79276315789474,1012.8289473684216,27.373755334281665,0
4539,4,0,1,39,0.0,0.025,0.975,40,1200,900,300,0.75,15,9,6,336.5574527607023,0.446073717948718,0.0721650300918597,0.18100713430417997,127982.3229988493,614.6809253780233,128597.00392422732,1171,1,212.775,38,2,16,38.52153943617357,0.596217105263158,47.0352564102564,1011.8589743589732,26.627867746288768,8
4540,4,0,2,37,0.0,0.05128205128205128,0.9487179487179487,39,1300,900,400,0.6923076923076923,17,9,8,341.9970786776282,0.44393837156995053,0.09345124482192468,0.184040293825996,128005.79415060405,955.5215306632856,128961.31568126734,1172,3,219.2051282051282,37,2,16,38.35994780944127,0.5982545045045045,47.012061403508774,1011.951754385965,27.350047415836894,0
4541,4,1,1,37,0.02631578947368421,0.02631578947368421,0.9736842105263158,38,1050,600,450,0.5714285714285714,15,6,9,346.4177846847501,0.4437085111427217,0.11140448451495755,0.1869325260693822,128116.0277676327,1276.3341043746643,129392.36187200736,1173,0,224.42105263157896,36,2,17,38.13542825361511,0.6012731481481481,46.90315315315316,1012.387387387389,28.121871871871917,0
4542,4,0,0,37,0.0,0.0,1.0,37,1250,900,350,0.72,16,9,7,349.3708614879167,0.442505005005005,0.11811811811811856,0.18866026520347517,128144.5312500001,1553.9930555555698,129698.52430555568,1174,1,230.8918918918919,35,2,17,38.031550068587116,0.6035714285714286,46.87500000000001,1012.5000000000008,28.928571428571452,0
4543,4,3,2,38,0.075,0.05,0.95,40,1100,800,300,0.7272727272727273,14,8,6,325.1699803060541,0.4477029914529915,0.1186138874276692,0.17896587509027498,128902.8613873368,383.06817974288253,129285.92956707969,1175,0,214.5,38,2,15,37.871953357881814,0.6055372807017544,46.127136752136764,1015.491452991455,26.72345928924882,0
4544,4,1,0,39,0.02564102564102564,0.0,1.0,39,1100,900,200,0.8181818181818182,13,9,4,331.93797306017916,0.4423639226270805,0.11735689550652317,0.18291144821275665,128950.68825263545,760.7260166589739,129711.41426929442,1176,0,220.92307692307693,37,2,17,37.65147630357337,0.6078265765765766,46.08004385964912,1015.6798245614036,27.450806069227124,0
4545,4,2,0,41,0.04878048780487805,0.0,1.0,41,1100,500,600,0.45454545454545453,17,5,12,320.33613995793274,0.4442073170731707,0.13960696143683382,0.1794114231392862,129591.85157933216,103.07762965528315,129694.92920898744,1177,0,211.09756097560975,37,4,16,37.295390911048884,0.6143018018018018,45.449561403508774,1018.2017543859653,27.518966334755817,0
4546,4,0,0,41,0.0,0.0,1.0,41,1400,900,500,0.6428571428571429,19,9,10,319.49404863936235,0.4438770325203252,0.14752790231303115,0.17970573244291463,129759.37307633091,91.46949061246892,129850.84256694338,1178,1,212.09756097560975,37,4,16,37.14709786196011,0.615990990990991,45.28508771929823,1018.859649122805,27.536747273589324,0
4547,4,0,1,40,0.0,0.024390243902439025,0.975609756097561,41,1250,1100,150,0.88,14,11,3,319.9993374419642,0.44385162601626016,0.14686609761343883,0.1807626876995979,129927.00277970132,115.3109610649278,130042.31374076624,1179,2,213.09756097560975,37,4,16,36.964490571449076,0.6176801801801801,45.12061403508771,1019.5175438596482,27.554528212422923,0
4548,4,0,1,39,0.0,0.025,0.975,40,1050,500,550,0.47619047619047616,16,5,11,327.02793926678567,0.443215811965812,0.13950579790171247,0.18496177327050214,129975.34855379009,501.11407860561866,130476.4626323957,1180,3,218.775,36,4,16,36.736379532486666,0.6200810185185186,45.07319819819819,1019.7072072072057,28.325200200200157,0
4549,4,0,0,39,0.0,0.0,1.0,39,1350,900,450,0.6666666666666666,18,9,9,329.2617664109233,0.44121120107962214,0.12985263062542818,0.18663661327597894,130061.4867401185,764.8549732164595,130826.34171333496,1181,4,225.25641025641025,36,3,19,36.59219290498269,0.6209490740740741,44.98873873873874,1020.0450450450451,28.334584584584587,0
4550,4,1,0,40,0.025,0.0,1.0,40,1100,800,300,0.7272727272727273,14,8,6,321.6924836716509,0.44334935897435895,0.1311190738699004,0.1839691568033969,130406.3248214432,390.3022532667936,130796.62707470999,1182,0,220.6,36,4,22,36.43651231165012,0.6244212962962963,44.65090090090091,1021.3963963963974,28.37212212212215,0
4551,4,0,0,40,0.0,0.0,1.0,40,1150,800,350,0.6956521739130435,15,8,7,320.7898671159377,0.44266826923076924,0.1264269972451788,0.18413460114339897,130550.14209733397,375.83254707411913,130925.9746444081,1183,1,221.6,36,4,16,36.314279155188245,0.6258680555555556,44.510135135135144,1021.9594594594607,28.387762762762797,0
4552,4,0,1,39,0.0,0.025,0.975,40,1150,700,450,0.6086956521739131,16,7,9,321.4272381481741,0.4416132478632479,0.12449083503054936,0.18567149874206296,130794.81336805563,408.203125000005,131203.01649305565,1184,2,222.6,37,3,18,36.05100135777324,0.6264076576576576,44.270833333333336,1022.9166666666673,27.646396396396415,0
4553,4,0,0,39,0.0,0.0,1.0,39,900,500,400,0.5555555555555556,13,5,8,327.875127166671,0.4387932973459289,0.12460425721798152,0.18876209762499727,130665.25298524887,768.3772877607469,131433.63027300962,1185,8,229.25641025641025,36,3,18,36.016953041818105,0.627025462962963,44.39752252252253,1022.4099099099108,28.4002752752753,0
4554,4,0,0,39,0.0,0.0,1.0,39,1150,900,250,0.782608695652174,14,9,5,328.0375190501528,0.4387932973459289,0.1244638707473198,0.18913706098377397,130722.82745160718,776.398400089296,131499.22585169648,1186,9,230.25641025641025,36,3,18,35.95464890063503,0.6276041666666667,44.341216216216225,1022.6351351351365,28.40653153153157,0
4555,4,0,0,39,0.0,0.0,1.0,39,950,700,250,0.7368421052631579,12,7,5,329.5389128057887,0.43792172739541163,0.12404453025324891,0.19042821144578778,130809.2129291454,821.3451627303007,131630.55809187572,1187,10,231.25641025641025,36,3,18,35.82902172317627,0.6284722222222222,44.25675675675676,1022.9729729729734,28.415915915915928,0
4556,4,2,2,39,0.04878048780487805,0.04878048780487805,0.9512195121951219,41,900,700,200,0.7777777777777778,11,7,4,355.04890704475406,0.4405487804878048,0.18116442221131557,0.1998467288411206,129787.30384589492,1044.0295520952877,130831.33339799021,1188,0,220.9268292682927,37,4,17,36.21307704723986,0.6162725225225225,45.25767543859649,1018.9692982456143,27.53971076339498,8
4557,4,0,0,39,0.0,0.0,1.0,39,1550,1200,350,0.7741935483870968,19,12,7,371.48667089257543,0.4387089518668466,0.19087833407642485,0.20833086151585528,129643.02722318665,1832.1313175154214,131475.15854070208,1189,1,232.07692307692307,35,4,17,35.941229116945095,0.61875,45.39930555555555,1018.4027777777771,29.097222222222204,0
4558,4,2,1,40,0.04878048780487805,0.024390243902439025,0.975609756097561,41,950,600,350,0.631578947368421,13,6,7,358.7849443639984,0.44283536585365857,0.20417789051117885,0.20413021162225525,130206.62607725442,1143.2354185903255,131349.86149584476,1190,0,221.70731707317074,37,4,19,35.69196748316861,0.6204954954954955,44.84649122807017,1020.6140350877183,27.584163110478872,0
4559,4,0,0,40,0.0,0.0,1.0,40,1600,1100,500,0.6875,21,11,10,363.30219896653483,0.4417200854700855,0.2181235431235431,0.20780885780885783,130414.54081632645,1476.0019370167188,131890.54275334318,1191,1,227.35,34,6,20,35.365675990676,0.6286764705882353,44.64285714285714,1021.4285714285708,30.04201680672267,0
4560,4,1,0,41,0.024390243902439025,0.0,1.0,41,1150,700,450,0.6086956521739131,16,7,9,344.39008768164643,0.4424034552845528,0.21902721697368022,0.193425472985716,129701.96926708252,906.8713163956382,130608.84058347816,1192,0,222.78048780487805,35,6,19,36.57124663863954,0.6193452380952381,45.34143518518518,1018.6342592592596,29.10383597883599,8
4561,4,0,1,40,0.0,0.024390243902439025,0.975609756097561,41,1450,1200,250,0.8275862068965517,17,12,5,351.2419909073175,0.44189532520325203,0.2276182748201956,0.19816708609357742,129878.87577428407,923.7829807527344,130802.6587550368,1193,1,223.78048780487805,35,6,19,36.21704799212747,0.6211309523809524,45.16782407407407,1019.3287037037032,29.123677248677236,0
4562,4,1,0,41,0.024390243902439025,0.0,1.0,41,1100,700,400,0.6363636363636364,15,7,8,348.80715945625906,0.4407520325203252,0.23606657166968725,0.19798680686457953,130114.93866008648,877.0044313700183,130991.9430914565,1194,0,224.6829268292683,35,6,20,36.039539610512385,0.6235119047619048,44.93634259259259,1020.2546296296288,29.15013227513225,0
4563,4,0,1,40,0.0,0.024390243902439025,0.975609756097561,41,1250,700,550,0.56,18,7,11,348.6655430080941,0.4402693089430894,0.2305042229411478,0.19821876729857912,130176.38204082471,877.6037862186603,131053.98582704338,1195,1,225.6829268292683,36,5,21,35.980835724269845,0.6221064814814814,44.87612612612613,1020.4954954954964,28.34709709709712,0
4564,4,0,1,39,0.0,0.025,0.975,40,1250,700,550,0.56,18,7,11,356.94342946883665,0.4379273504273504,0.23425799863852959,0.2024516980269193,130085.41907793209,1286.6271219135824,131372.04619984567,1196,2,232.2,35,5,21,35.86198093941458,0.6232142857142857,44.96527777777778,1020.1388888888888,29.146825396825395,0
4565,4,0,0,39,0.0,0.0,1.0,39,1100,800,300,0.7272727272727273,14,8,6,362.73598894324044,0.43558816914080073,0.22094549855012868,0.1949055098484492,127945.07345183016,1482.0565497930281,129427.13000162318,1197,3,238.94871794871796,36,3,21,37.897465865241884,0.599537037037037,47.07207207207207,1011.7117117117114,28.103103103103095,8
4566,4,1,0,40,0.025,0.0,1.0,40,900,500,400,0.5555555555555556,13,5,8,357.94755012419677,0.4366987179487179,0.22538773352132568,0.1941677246084791,128325.39859693873,1187.2184581161378,129512.61705505487,1198,0,233.95,34,6,22,37.62948928837193,0.6075367647058824,46.69642857142857,1013.2142857142853,29.800420168067216,0
4567,4,0,0,40,0.0,0.0,1.0,40,950,600,350,0.631578947368421,13,6,7,361.7635832452075,0.43627136752136747,0.22502935995302442,0.19683175152287175,128446.04768990935,1293.4204931972868,129739.46818310664,1199,1,234.95,34,6,19,37.40947347817578,0.6087622549019608,46.577380952380956,1013.6904761904766,29.814425770308134,0
4568,4,2,0,42,0.047619047619047616,0.0,1.0,42,950,500,450,0.5263157894736842,14,5,9,350.32647079135336,0.4405124854819977,0.22994064107637513,0.1938501777370919,129115.53603857254,646.5180129453976,129762.05405151793,1200,0,224.71428571428572,36,6,21,37.016620498614955,0.611400462962963,45.9177927927928,1016.3288288288303,28.231356356356397,0
4569,4,0,0,42,0.0,0.0,1.0,42,1200,800,400,0.6666666666666666,16,8,8,350.0403117441545,0.43958091366627955,0.23048399687743948,0.19411326378539498,129201.38888888907,645.1388888889077,129846.52777777797,1201,1,225.71428571428572,36,6,21,36.93647540983606,0.6122685185185186,45.83333333333334,1016.6666666666681,28.24074074074078,0
4570,4,0,3,39,0.0,0.07142857142857142,0.9285714285714286,42,1150,800,350,0.6956521739130435,15,8,7,369.5102793525031,0.4391816686024003,0.2439984258166077,0.19439453826805608,127092.01388888896,992.3611111111212,128084.37500000009,1202,2,226.71428571428572,38,4,17,38.60192837465564,0.587171052631579,47.91666666666667,1008.333333333334,26.535087719298264,8
4571,4,1,0,40,0.025,0.0,1.0,40,700,300,400,0.42857142857142855,11,3,8,385.89562939800874,0.44085202991452993,0.2631684645398211,0.20330680257401734,127150.37321030513,1813.3546596364777,128963.7278699416,1203,0,230.0,35,5,18,38.12877744625505,0.593452380952381,47.85879629629629,1008.5648148148142,28.81613756613755,0
4572,4,1,2,39,0.024390243902439025,0.04878048780487805,0.9512195121951219,41,1050,800,250,0.7619047619047619,13,8,5,375.8550111053221,0.4424288617886179,0.2605995175795215,0.1998247536813062,127518.18700034502,1385.6699182290492,128903.85691857406,1204,0,225.3658536585366,36,5,18,38.00381870888617,0.5951967592592593,47.49436936936937,1010.0225225225231,28.0561811811812,0
4573,4,1,0,40,0.025,0.0,1.0,40,1000,500,500,0.5,15,5,10,382.05264800554164,0.4437366452991453,0.26987341047084445,0.20347392095426295,127588.49511584779,1749.104482810344,129337.59959865814,1205,0,231.0,35,5,19,37.77506491770726,0.5979166666666667,47.42476851851851,1010.300925925925,28.865740740740712,0
4574,4,0,0,40,0.0,0.0,1.0,40,1250,800,450,0.64,17,8,9,362.15778595029656,0.4434962606837607,0.26949579334044316,0.18624311734518925,126163.40880102055,1227.1912032881714,127390.60000430871,1206,1,232.0,34,6,18,39.743304893944774,0.5854779411764706,48.83928571428572,1004.6428571428582,29.548319327731125,8
4575,4,1,0,41,0.024390243902439025,0.0,1.0,41,1000,800,200,0.8,12,8,4,349.91250192700505,0.4450457317073171,0.22186161377742808,0.18078812599561922,126355.00365230089,658.0727652638797,127013.07641756476,1207,0,227.3170731707317,36,5,16,39.85355062724013,0.5833333333333333,48.648648648648646,1005.405405405405,27.927927927927914,8
4576,4,1,0,42,0.023809523809523808,0.0,1.0,42,1700,1200,500,0.7058823529411765,22,12,10,347.0140844856681,0.44677942315137437,0.22331798573087736,0.18107825863161214,126760.54170513996,397.53866574329027,127158.08037088325,1208,0,222.88095238095238,37,5,19,39.50938225900116,0.5855855855855856,48.24561403508771,1007.0175438596484,27.21669037458509,0
4577,4,2,1,43,0.045454545454545456,0.022727272727272728,0.9772727272727273,44,1400,1000,400,0.7142857142857143,18,10,8,335.6878487109208,0.45170454545454547,0.21661052023677785,0.1774242714647251,127280.60766171699,-254.2565007991623,127026.35116091782,1209,0,213.70454545454547,38,6,21,39.26129345332624,0.5890899122807017,47.72970085470083,1009.081196581193,26.554768331084027,0
4578,4,2,3,42,0.044444444444444446,0.06666666666666667,0.9333333333333333,45,600,200,400,0.3333333333333333,10,2,8,329.9393186613106,0.4553872053872054,0.2256406731507261,0.17573209509588397,127591.418457031,-580.5148654514194,127010.90359157958,1210,0,209.66666666666666,39,6,15,39.088329552874846,0.5905448717948718,47.421874999999986,1010.3124999999981,25.90544871794867,0
4579,4,2,2,42,0.045454545454545456,0.045454545454545456,0.9545454545454546,44,1300,700,600,0.5384615384615384,19,7,12,340.05739185885824,0.4500748766737139,0.22122774133083367,0.1812393791775234,127617.73003472229,-120.52951388888488,127497.2005208334,1211,0,215.3409090909091,39,5,15,38.80584192439862,0.5908119658119658,47.395833333333336,1010.4166666666673,25.908119658119674,0
4580,4,1,1,42,0.023255813953488372,0.023255813953488372,0.9767441860465116,43,1300,1200,100,0.9230769230769231,14,12,2,344.88694351360095,0.44774363233665554,0.22978051880055905,0.18424479800012303,127712.20419908321,209.2543511213349,127921.45855020454,1212,0,221.32558139534885,38,5,16,38.587138427932196,0.5934758771929824,47.302350427350426,1010.7905982905984,26.599752586594693,0
4581,4,1,0,43,0.023255813953488372,0.0,1.0,43,900,500,400,0.5555555555555556,13,5,8,343.76149559613265,0.4474667774086379,0.23630147080496355,0.1845087211056793,127901.25739644967,193.50550624588567,128094.76290269555,1213,0,222.2093023255814,38,5,17,38.4221852555978,0.5953947368421053,47.11538461538461,1011.5384615384612,26.61943319838056,0
4582,4,2,5,40,0.044444444444444446,0.1111111111111111,0.8888888888888888,45,900,600,300,0.6666666666666666,12,6,6,333.6165830719875,0.45069444444444445,0.24374165436784034,0.18125354564838903,128388.03624260346,-433.0621301775245,127954.97411242593,1214,0,213.2888888888889,38,7,16,38.18192599620492,0.600328947368421,46.63461538461538,1013.4615384615378,26.67004048582994,0
4583,4,1,0,41,0.024390243902439025,0.0,1.0,41,1150,800,350,0.6956521739130435,15,8,7,359.62052884034574,0.4472560975609756,0.2585027540782563,0.1933903403344234,127978.05574792222,1004.7072176053892,128982.76296552761,1215,0,233.4878048780488,37,4,19,37.94249385926888,0.597972972972973,47.03947368421051,1011.8421052631561,27.347083926031246,0
4584,4,1,1,41,0.023809523809523808,0.023809523809523808,0.9761904761904762,42,1050,700,350,0.6666666666666666,14,7,7,352.71834549303827,0.44818283004258613,0.25992494085012696,0.1914475582635799,128349.69142500403,654.5827799074368,129004.27420491146,1216,0,228.9047619047619,35,7,20,37.73712640395964,0.6056547619047619,46.67245370370369,1013.3101851851831,28.951719576719515,0
4585,4,0,0,41,0.0,0.0,1.0,41,900,600,300,0.6666666666666666,12,6,6,351.9772820110688,0.4477388211382114,0.2669949147538986,0.19146689663682806,128437.66744898798,841.4282193072354,129279.09566829521,1217,1,234.5121951219512,35,6,17,37.66603866940703,0.6065476190476191,46.58564814814813,1013.6574074074044,28.961640211640127,0
4586,4,2,1,42,0.046511627906976744,0.023255813953488372,0.9767441860465116,43,1100,500,600,0.45454545454545453,17,5,12,341.7645147135471,0.4498892580287929,0.2855142403276447,0.18885699211988288,129062.08070031143,221.76787569250155,129283.84857600393,1218,0,224.5581395348837,37,6,19,37.2885642602784,0.6089527027027026,45.970394736842096,1016.1184210526299,27.462660028449456,0
4587,4,0,0,42,0.0,0.0,1.0,42,850,700,150,0.8235294117647058,10,7,3,346.8767606398359,0.448340108401084,0.28892636757618484,0.19138686591632786,129001.10995708553,549.4974281714249,129550.60738525695,1219,1,230.83333333333334,36,6,19,37.22079037800689,0.6102430555555556,46.03040540540541,1015.8783783783789,28.218843843843857,0
4588,4,0,0,42,0.0,0.0,1.0,42,1200,800,400,0.6666666666666666,16,8,8,349.7043805428645,0.4475295199380565,0.2894223263075719,0.19392697466467967,129201.38888888908,636.4583333333535,129837.84722222244,1220,2,231.83333333333334,36,6,20,36.94501366120219,0.6122685185185186,45.83333333333334,1016.6666666666682,28.240740740740783,0
4589,4,1,2,41,0.023255813953488372,0.046511627906976744,0.9534883720930233,43,850,600,250,0.7058823529411765,11,6,5,339.0156335656667,0.4497508305647841,0.27200041160732646,0.18964735937089283,129545.08562616675,183.56185577469736,129728.64748194144,1221,0,227.41860465116278,36,7,15,36.86739491150443,0.6157407407407407,45.4954954954955,1018.0180180180184,28.27827827827829,0
4590,4,0,0,41,0.0,0.0,1.0,41,1200,900,300,0.75,15,9,6,355.4973333843114,0.44684959349593495,0.2736661273246639,0.19820193792796528,129413.28124999988,1001.2152777777642,130414.49652777765,1222,4,212.0487804878049,34,7,20,36.58203658203658,0.6185661764705883,45.62499999999999,1017.4999999999991,29.92647058823527,0
4591,4,1,0,42,0.023809523809523808,0.0,1.0,42,1900,1600,300,0.8421052631578947,22,16,6,348.99831383554556,0.44798925667828104,0.27217490062464567,0.19660461633537887,129819.8935426309,661.3847897376215,130481.27833236853,1223,0,207.97619047619048,35,7,17,36.33411413969335,0.6205357142857143,45.22569444444443,1019.09722222222,29.11706349206343,0
4592,4,0,0,42,0.0,0.0,1.0,42,1200,900,300,0.75,15,9,6,349.6898195090969,0.44720286488579175,0.2711475055402417,0.19773859498556728,129967.37423911157,689.6535279492173,130657.02776706079,1224,1,208.97619047619048,35,7,18,36.16676125614832,0.6220238095238095,45.081018518518505,1019.675925925924,29.13359788359783,0
4593,4,0,0,42,0.0,0.0,1.0,42,1550,1300,250,0.8387096774193549,18,13,5,351.52212024444907,0.4469246031746032,0.2811046841329259,0.19983046642136054,130173.9878713346,751.8072434413282,130925.79511477593,1225,2,209.97619047619048,35,7,18,35.91038618577748,0.6241071428571429,44.87847222222221,1020.4861111111088,29.156746031745968,0
4594,4,0,1,41,0.0,0.023809523809523808,0.9761904761904762,42,1250,800,450,0.64,17,8,9,354.6855476884631,0.44658584978706933,0.28483965014577217,0.20208827717133376,130262.58680555565,840.5116705247011,131103.09847608034,1226,3,210.97619047619048,33,9,18,35.739795918367356,0.6294191919191919,44.79166666666667,1020.8333333333342,30.93434343434346,0
4595,4,0,0,41,0.0,0.0,1.0,41,950,700,250,0.7368421052631579,12,7,5,354.6855476884631,0.44679878048780486,0.269586859133897,0.20208827717133376,130262.58680555565,1040.451388888899,131303.03819444455,1227,4,209.65853658536585,33,8,18,35.739795918367356,0.6294191919191919,44.79166666666667,1020.8333333333342,30.93434343434346,0
4596,4,0,0,41,0.0,0.0,1.0,41,1300,800,500,0.6153846153846154,18,8,10,353.6252077718831,0.44629065040650406,0.26325661696928915,0.2022969187905728,130419.01139285372,1023.8900002402963,131442.901393094,1228,5,210.65853658536585,33,8,19,35.60825334933015,0.6309974747474747,44.638480392156865,1021.4460784313726,30.95291146761735,0
4597,4,0,1,40,0.0,0.024390243902439025,0.975609756097561,41,1100,800,300,0.7272727272727273,14,8,6,355.19355290796886,0.4458587398373984,0.2633924000269148,0.20352224402706115,130481.607509732,1069.2451521049761,131550.85266183698,1229,6,211.65853658536585,33,8,19,35.50475290872015,0.6316287878787878,44.57720588235295,1021.6911764705895,30.960338680926956,0
4598,4,0,0,40,0.0,0.0,1.0,40,1350,1000,350,0.7407407407407407,17,10,7,364.10965100608655,0.44393696581196584,0.26831974094507083,0.20879960592082206,130512.91120001933,1504.2021097654897,132017.11330978482,1230,7,217.575,33,7,18,35.245262652914384,0.6319444444444444,44.54656862745099,1021.8137254901969,30.964052287581726,0
4599,4,1,0,41,0.024390243902439025,0.0,1.0,41,1100,700,400,0.6363636363636364,15,7,8,354.5428310188031,0.444385162601626,0.266275999194461,0.20585508466783858,130992.77388038556,1088.5097789115734,132081.28365929713,1231,0,213.2439024390244,34,7,19,35.003827964492004,0.6344975490196079,44.077380952380956,1023.6904761904768,30.108543417366967,0
4600,4,0,1,40,0.0,0.024390243902439025,0.975609756097561,41,1500,1200,300,0.8,18,12,6,352.01481541998453,0.44392784552845527,0.26430701545509194,0.20519888020823496,131145.15306122453,1033.007369614517,132178.16043083905,1232,1,214.2439024390244,34,7,20,34.91447776228112,0.6360294117647058,43.92857142857143,1024.2857142857147,30.126050420168077,0
4601,4,0,0,40,0.0,0.0,1.0,40,1300,1000,300,0.7692307692307693,16,10,6,353.4802663273437,0.443082264957265,0.25318746470920406,0.2068782391492815,131298.46810967516,1282.283495156047,132580.7516048312,1233,2,215.325,35,5,21,34.72202616224356,0.6354166666666667,43.77893518518519,1024.88425925926,29.28240740740743,0
4602,4,0,1,39,0.0,0.025,0.975,40,1350,900,450,0.6666666666666666,18,9,9,355.5933082741185,0.44282852564102565,0.25576739182404973,0.2086180657097672,131390.93888168034,1344.3544247953919,132735.29330647574,1234,3,216.325,33,7,21,34.57446808510639,0.6407828282828283,43.68872549019609,1025.2450980392173,31.068033273915674,0
4603,4,0,0,39,0.0,0.0,1.0,39,1100,600,500,0.5454545454545454,16,6,10,362.1692969460252,0.4422795771479982,0.2545034379557898,0.212846528928771,131457.57607642072,1721.9795811651798,133179.5556575859,1235,4,221.4102564102564,32,7,21,34.33857629483706,0.6438802083333333,43.62373737373737,1025.5050505050501,32.047032828282816,0
4604,4,0,0,39,0.0,0.0,1.0,39,1300,900,400,0.6923076923076923,17,9,8,359.66976512609097,0.441183085919928,0.25425997567916125,0.21187864911122506,131548.03929077758,1662.7704789023526,133210.80976967994,1236,5,222.4102564102564,33,6,21,34.31128797833793,0.6423611111111112,43.53553921568628,1025.857843137255,31.086601307189547,0
4605,4,1,0,40,0.025,0.0,1.0,40,1150,1000,150,0.8695652173913043,13,10,3,349.4280892455027,0.44326923076923075,0.25297867408437624,0.2076353687334849,131877.80612244914,1216.3619614512643,133094.1680839004,1237,0,217.825,34,6,21,34.24147156544582,0.6433823529411764,43.21428571428572,1027.1428571428585,30.210084033613484,0
4606,4,0,0,40,0.0,0.0,1.0,40,1000,600,400,0.6,14,6,8,349.7427133919933,0.44264155982905984,0.24985806974858082,0.20832500754218747,131969.53125000012,1231.0763888889041,133200.60763888902,1238,1,218.825,34,6,21,34.14098404974318,0.6443014705882353,43.12500000000001,1027.500000000001,30.220588235294144,0
4607,4,0,0,40,0.0,0.0,1.0,40,850,600,250,0.7058823529411765,11,6,5,348.82141967437707,0.44226762820512816,0.24671395483497438,0.20844795563240467,132091.8810232427,1215.2954931972904,133307.17651643997,1239,2,219.825,34,6,21,34.04144952711834,0.6455269607843137,43.00595238095239,1027.976190476191,30.23459383753503,0
4608,4,0,1,39,0.0,0.025,0.975,40,1000,600,400,0.6,14,6,8,365.4915179905892,0.4419337606837607,0.2863705929032987,0.2084034053131861,130292.12648158867,1524.4877263855615,131816.61420797423,1240,3,220.825,35,5,19,35.434025809620984,0.625297619047619,44.76273148148148,1020.9490740740741,29.169973544973548,8
4609,4,1,1,39,0.025,0.025,0.975,40,1000,800,200,0.8,12,8,4,363.0123625435418,0.4414129273504273,0.27819008264462775,0.20837047375601814,130550.14209733397,1478.2631026296744,132028.40519996366,1241,0,220.5,36,4,16,35.235537190082646,0.6258680555555556,44.510135135135144,1021.9594594594607,28.387762762762797,0
4610,4,0,0,39,0.0,0.0,1.0,39,1300,900,400,0.6923076923076923,17,9,8,373.29271561444176,0.44053643724696356,0.2877780199026658,0.21350020837961461,130410.3186755189,1936.2444005058592,132346.56307602476,1242,5,227.15384615384616,35,4,19,35.11484891406989,0.6264880952380952,44.646990740740755,1021.4120370370388,29.183201058201107,0
4611,4,0,0,39,0.0,0.0,1.0,39,1050,700,350,0.6666666666666666,14,7,7,377.3253181717323,0.43938371569950513,0.2933937334843335,0.2166308556213525,130558.13426997626,2052.577910665328,132610.7121806416,1243,6,228.15384615384616,35,4,17,34.8617402793507,0.6279761904761905,44.50231481481483,1021.9907407407429,29.199735449735513,0
4612,4,0,0,39,0.0,0.0,1.0,39,950,500,450,0.5263157894736842,14,5,9,380.730151228733,0.4391587944219523,0.2939659977703455,0.21891983695652192,130617.28395061762,2145.9876543210285,132763.27160493867,1244,7,229.15384615384616,35,4,17,34.714673913043484,0.6285714285714286,44.444444444444464,1022.2222222222249,29.206349206349284,0
4613,4,0,0,39,0.0,0.0,1.0,39,1400,1100,300,0.7857142857142857,17,11,6,380.3402878728937,0.43820287899235266,0.2920756468267782,0.22003980005211923,130854.0166323732,2153.810871056254,133007.82750342946,1245,8,230.15384615384616,35,4,17,34.48435143288086,0.6309523809523809,44.21296296296297,1023.1481481481488,29.232804232804252,0
4614,4,0,0,39,0.0,0.0,1.0,39,1100,800,300,0.7272727272727273,14,8,6,379.83098659415475,0.43792172739541163,0.28834048080910013,0.22025215832472847,130942.84664619766,2147.2301258144676,133090.07677201214,1246,9,231.15384615384616,35,4,17,34.407275999849226,0.6318452380952381,44.126157407407405,1023.49537037037,29.242724867724856,0
4615,4,0,0,39,0.0,0.0,1.0,39,1300,1000,300,0.7692307692307693,16,10,6,379.6773476254788,0.43643162393162394,0.2872675847359396,0.22101218235462078,131090.963648834,2154.453875171468,133245.41752400546,1247,10,232.15384615384616,35,4,18,34.26103827606994,0.6333333333333333,43.98148148148148,1024.074074074074,29.259259259259256,0
4616,4,0,0,39,0.0,0.0,1.0,39,1050,800,250,0.7619047619047619,13,8,5,380.44305013569544,0.4358412055780477,0.29008075822355117,0.2221426042085208,131209.51753257884,2183.549811385459,133393.0673439643,1248,11,233.15384615384616,35,4,18,34.1212908570568,0.6345238095238095,43.86574074074074,1024.537037037037,29.27248677248677,0
4617,4,0,0,39,0.0,0.0,1.0,39,1150,700,450,0.6086956521739131,16,7,9,379.59496129530226,0.4354757085020243,0.2886446886446885,0.22216215348776622,131298.4681096751,2168.047384044922,133466.51549372,1249,12,234.15384615384616,35,4,19,34.05291266704309,0.6354166666666667,43.77893518518518,1024.8842592592594,29.28240740740741,0
4618,4,0,0,39,0.0,0.0,1.0,39,1000,700,300,0.7,13,7,6,378.41232070857274,0.43536324786324787,0.28893058161350815,0.22164150212930706,131328.12500000015,2139.236111111127,133467.36111111127,1250,13,235.15384615384616,35,4,19,34.05318428184281,0.6357142857142857,43.75000000000001,1025.0000000000011,29.285714285714317,0
4619,4,0,0,39,0.0,0.0,1.0,39,800,300,500,0.375,13,3,10,376.70700295510335,0.4349134053081421,0.28219531554060073,0.22118649078774383,131422.35145436847,2101.5440275374826,133523.89548190596,1251,14,236.15384615384616,33,6,19,34.00150890402773,0.6410984848484849,43.658088235294116,1025.3676470588234,31.071746880570405,0
4620,4,0,0,39,0.0,0.0,1.0,39,1350,900,450,0.6666666666666666,18,9,9,378.4341813321453,0.43322649572649574,0.28348105625717634,0.22366875572736192,131673.78720023547,2165.9723724048463,133839.75957264032,1252,15,237.15384615384616,33,6,17,33.70286069651742,0.6436237373737373,43.41299019607843,1026.3480392156862,31.101455733808674,0
4621,4,1,0,40,0.025,0.0,1.0,40,1350,1100,250,0.8148148148148148,16,11,5,368.37464395788305,0.4337072649572649,0.28288742182070936,0.2199548185292088,132061.28826530598,1729.606009070278,133790.89427437625,1253,0,232.2,34,6,19,33.56980155972512,0.6452205882352942,43.03571428571428,1027.8571428571418,30.23109243697476,0
4622,4,0,0,40,0.0,0.0,1.0,40,850,500,350,0.5882352941176471,12,5,7,369.34508990125244,0.43368055555555557,0.28019916628068575,0.22089087232598434,132122.4773242629,1759.757653061207,133882.23497732411,1254,1,233.2,34,6,19,33.48314227265708,0.6458333333333333,42.97619047619047,1028.0952380952372,30.238095238095212,0
4623,4,0,0,40,0.0,0.0,1.0,40,800,500,300,0.625,11,5,6,370.3983693606422,0.43353365384615383,0.2834616275031836,0.2220590918047596,132214.2874858276,1794.3912981859366,134008.67878401355,1255,2,234.2,34,6,19,33.36347764015896,0.6467524509803921,42.88690476190476,1028.4523809523805,30.248599439775898,0
4624,4,0,0,40,0.0,0.0,1.0,40,1550,1000,550,0.6451612903225806,21,10,11,371.4467439580724,0.43374732905982905,0.2833535809325469,0.22341087042655644,132336.75063775497,1831.2110260770762,134167.96166383204,1256,3,235.2,34,6,20,33.21305295229278,0.6479779411764706,42.76785714285713,1028.9285714285702,30.26260504201677,0
4625,4,0,0,40,0.0,0.0,1.0,40,1350,1100,250,0.8148148148148148,16,11,5,368.94625748553733,0.43353365384615383,0.2766609120133352,0.22245366953489043,132429.53619100805,1771.890523979174,134201.42671498723,1257,4,236.2,33,7,20,33.1838859784895,0.651199494949495,42.67769607843136,1029.2892156862729,31.19058229352342,0
4626,4,0,0,40,0.0,0.0,1.0,40,1100,600,500,0.5454545454545454,16,6,10,371.5057870078298,0.4333199786324786,0.2816004047137244,0.22437240234743197,132492.61289227704,1844.3544850538265,134336.96737733088,1258,5,237.2,33,7,20,33.05447268182359,0.6518308080808081,42.61642156862745,1029.5343137254904,31.198009506833042,0
4627,4,0,0,40,0.0,0.0,1.0,40,800,700,100,0.875,9,7,2,371.40374020493203,0.43333333333333335,0.28309829822682375,0.22468723030540275,132555.70461180795,1846.3368956651277,134402.04150747307,1259,6,238.2,33,7,20,32.993548930937365,0.6524621212121212,42.55514705882353,1029.7794117647059,31.2054367201426,0
4628,4,0,0,40,0.0,0.0,1.0,40,1200,900,300,0.75,15,9,6,371.6296653723832,0.4328792735042735,0.2845147478591816,0.22577039208460992,132713.49961553258,1864.0546905036624,134577.55430603624,1260,7,239.2,33,7,18,32.828853472882976,0.654040404040404,42.40196078431373,1030.3921568627457,31.224004753416533,0
4629,4,0,0,40,0.0,0.0,1.0,40,750,500,250,0.6666666666666666,10,5,5,373.3503374189326,0.4327991452991453,0.28722354340071354,0.2271979983859062,132776.6438989812,1914.440960207618,134691.0848591888,1261,8,240.2,33,7,18,32.72096710265557,0.6546717171717171,42.34068627450981,1030.6372549019611,31.231431966726095,0
4630,4,0,1,39,0.0,0.025,0.975,40,1050,800,250,0.7619047619047619,13,8,5,367.05263083942555,0.43182425213675213,0.2820603856367627,0.22403402647641052,132888.53635204077,1755.4173752834402,134643.9537273242,1262,9,241.2,34,6,18,32.770705846130156,0.6534926470588236,42.232142857142854,1031.0714285714282,30.32563025210083,0
4631,4,0,0,39,0.0,0.0,1.0,39,1500,1400,100,0.9333333333333333,16,14,2,376.336682713755,0.43069613135402607,0.29159808332418824,0.22940175181073288,132839.80320069235,2198.4981737793473,135038.3013744717,1263,26,248.15384615384616,33,6,20,32.58044064035506,0.6553030303030303,42.2794117647059,1030.8823529411789,31.23885918003572,0
4632,4,0,0,39,0.0,0.0,1.0,39,1400,1100,300,0.7857142857142857,17,11,6,378.4511784511781,0.43049932523616735,0.289251489251489,0.23127572016460915,132934.57031250026,2261.8489583333626,135196.41927083363,1264,27,249.15384615384616,33,6,21,32.43055555555556,0.65625,42.187500000000014,1031.250000000002,31.25000000000006,0
4633,4,1,1,39,0.025,0.025,0.975,40,950,700,250,0.7368421052631579,12,7,5,369.8747221582733,0.43227831196581196,0.28522373428670256,0.22762127152834577,133195.58000283464,1853.1356292517166,135048.71563208636,1265,0,243.9,34,6,22,32.38933417906432,0.6565563725490196,41.93452380952382,1032.261904761906,30.360644257703115,0
4634,4,1,0,40,0.025,0.0,1.0,40,1150,700,450,0.6086956521739131,16,7,9,364.14539678680114,0.43231837606837603,0.2660837087977237,0.226156279565529,133535.54672481754,1725.8449090420706,135261.3916338596,1266,0,235.35,33,7,23,32.196071456801846,0.6622474747474747,41.605392156862756,1033.5784313725503,31.32055852644092,0
4635,4,0,0,40,0.0,0.0,1.0,40,1150,800,350,0.6956521739130435,15,8,7,367.8069856445191,0.4315972222222222,0.27022398672671266,0.22921383640091986,133662.2407847944,1832.3811755094375,135494.62196030386,1267,1,236.35,33,7,23,31.974401516947154,0.663510101010101,41.48284313725491,1034.0686274509812,31.335412953060036,0
4636,4,0,2,38,0.0,0.05,0.95,40,1050,800,250,0.7619047619047619,13,8,5,363.08972939732035,0.43151709401709404,0.166403681788297,0.2165723444758136,132021.60564280508,1587.1378134891766,133608.74345629427,1268,2,237.35,36,4,18,33.74561691869384,0.640625,43.07432432432433,1027.7027027027036,28.547297297297323,8
4637,4,0,0,38,0.0,0.0,1.0,38,1400,1100,300,0.7857142857142857,17,11,6,374.44922719625475,0.42767603129445236,0.20411578581575007,0.22340153271494573,132030.69905045335,2287.758645124701,134318.45769557805,1269,32,250.71052631578948,34,4,20,33.4445828024248,0.6449142156862745,43.06547619047618,1027.738095238094,30.22759103641453,0
4638,4,0,0,38,0.0,0.0,1.0,38,1250,800,450,0.64,17,8,9,379.98838835284835,0.42820945945945943,0.18864199098469925,0.20972727959022086,129014.56921616704,2236.4580145784057,131251.02723074544,1270,33,251.71052631578948,33,5,19,36.36610373944512,0.6167929292929293,46.01715686274511,1015.9313725490211,30.785799168152156,8
4639,4,0,0,38,0.0,0.0,1.0,38,1050,800,250,0.7619047619047619,13,8,5,383.6717934520313,0.42806128496917967,0.15313549832026863,0.20879822864705283,128454.92118415998,2268.9206074586727,130723.84179161864,1271,34,252.71052631578948,33,5,16,36.84518052869116,0.6111111111111112,46.568627450980394,1013.7254901960787,30.71895424836602,8
4640,4,0,0,38,0.0,0.0,1.0,38,800,400,400,0.5,12,4,8,382.5774760602434,0.42816500711237554,0.1563265409989376,0.20836494137237607,128485.98082768645,2231.168450836218,130717.14927852267,1272,35,253.71052631578948,33,5,16,36.84110459728434,0.6114267676767677,46.53799019607843,1013.8480392156861,30.72266785502079,0
4641,4,1,0,39,0.02564102564102564,0.0,1.0,39,1050,900,150,0.8571428571428571,12,9,3,371.4210709495967,0.4310897435897436,0.15432121037186697,0.20409013486199487,128838.54875283447,1770.670351473922,130609.21910430839,1273,0,248.17948717948718,34,5,18,36.763455675422136,0.6127450980392157,46.19047619047619,1015.2380952380953,29.859943977591037,0
4642,4,0,0,39,0.0,0.0,1.0,39,1250,900,350,0.72,16,9,7,370.6387437687438,0.430668016194332,0.1558329242923593,0.20431693563533246,128966.15655006851,1759.9708504800994,130726.1274005486,1274,1,249.17948717948718,35,4,19,36.65299301124278,0.611904761904762,46.06481481481481,1015.7407407407401,29.021164021164,0
4643,4,0,1,38,0.0,0.02564102564102564,0.9743589743589743,39,950,500,450,0.5263157894736842,14,5,9,370.86842660353534,0.43080859199280247,0.15481550257227794,0.2053572838860181,129142.5607103052,1778.9796596364858,130921.5403699417,1275,2,250.17948717948718,35,4,19,36.46711075685113,0.6136904761904762,45.8912037037037,1016.4351851851851,29.041005291005288,0
4644,4,1,0,39,0.02564102564102564,0.0,1.0,39,1200,700,500,0.5833333333333334,17,7,10,369.13785787428617,0.43325461088618983,0.15445836934600976,0.2053329334425719,129322.44897959198,1747.5757541957275,131070.02473378771,1276,0,247.12820512820514,34,5,20,36.32763732833958,0.6176470588235294,45.71428571428572,1017.1428571428582,29.915966386554654,0
4645,4,1,1,39,0.025,0.025,0.975,40,1350,1000,350,0.7407407407407407,17,10,7,360.4451302896857,0.4355769230769231,0.15874233128834359,0.2025950215076512,129731.44531250015,1352.213541666681,131083.65885416683,1277,0,241.925,35,5,16,36.13241308793455,0.6196428571428572,45.31250000000001,1018.7500000000011,29.10714285714289,0
4646,4,1,0,40,0.025,0.0,1.0,40,800,400,400,0.5,12,4,8,360.40162653752236,0.43456196581196577,0.16168786915038624,0.2028756982120427,129790.40745027442,1355.3347908093351,131145.74224108376,1278,0,242.875,35,5,18,36.073565046191135,0.6202380952380953,45.25462962962963,1018.981481481482,29.113756613756628,0
4647,4,0,2,38,0.0,0.05,0.95,40,1200,900,300,0.75,15,9,6,356.52503173978585,0.4342681623931624,0.15347411444141734,0.2012995179207714,129908.3719135803,1263.1172839506246,131171.48919753093,1279,1,243.875,35,5,20,36.052452316076284,0.6214285714285714,45.13888888888889,1019.4444444444448,29.126984126984137,0
4648,4,0,2,36,0.0,0.05263157894736842,0.9473684210526316,38,1450,1100,350,0.7586206896551724,18,11,7,335.0557694272776,0.4345661450924609,0.08061627386331272,0.18894640305833588,129860.54202428782,1102.1047652382183,130962.64678952603,1280,2,252.26315789473685,36,2,16,36.64811438883366,0.6189236111111112,45.185810810810814,1019.2567567567569,28.312687687687692,8
4649,4,0,0,36,0.0,0.0,1.0,36,1150,800,350,0.6956521739130435,15,8,7,347.2883841246495,0.43382936507936504,0.09680862106997856,0.19603364754511315,129898.25857426271,1822.431264172295,131720.689838435,1281,4,262.80555555555554,34,2,17,36.29812371053758,0.623468137254902,45.148809523809504,1019.4047619047593,29.982492997198804,0
4650,4,0,0,36,0.0,0.0,1.0,36,1300,1000,300,0.7692307692307693,16,10,6,360.5393380876696,0.4333664021164021,0.011052258546278892,0.1991928791108651,129054.34355977783,2105.8335208761864,131160.17708065402,1282,5,263.80555555555554,35,1,22,36.81951721912138,0.612797619047619,45.97800925925925,1016.0879629629619,29.031084656084627,7
4651,4,0,0,36,0.0,0.0,1.0,36,1250,1000,250,0.8,15,10,5,363.44216055912057,0.4332837301587302,0.018027417355894526,0.2018459432789147,129260.23046339152,2195.7234867969664,131455.95395018847,1283,6,264.80555555555554,35,1,22,36.53587146217466,0.6148809523809524,45.775462962962955,1016.8981481481472,29.05423280423278,0
4652,4,0,0,36,0.0,0.0,1.0,36,900,600,300,0.6666666666666666,12,6,6,362.77085380787054,0.4326223544973545,0.016782933980386217,0.2023782580379949,129436.83556241433,2191.182270233203,131628.01783264754,1284,7,265.80555555555554,35,1,18,36.37302851076737,0.6166666666666667,45.601851851851855,1017.5925925925931,29.074074074074087,0
4653,4,0,0,36,0.0,0.0,1.0,36,1200,900,300,0.75,15,9,6,359.6760774927458,0.432093253968254,0.010042443534940437,0.2012538662612083,129554.63927469142,2119.540895061736,131674.18016975315,1285,8,266.80555555555554,35,1,18,36.33185538881309,0.6178571428571429,45.486111111111114,1018.0555555555561,29.087301587301603,0
4654,4,0,0,36,0.0,0.0,1.0,36,550,200,350,0.36363636363636365,9,2,7,359.44628099173553,0.43196097883597884,0.014217171717171961,0.20173005565862712,129672.49657064477,2122.059327846373,131794.55589849115,1286,9,267.80555555555554,35,1,18,36.21780303030304,0.6190476190476191,45.370370370370374,1018.5185185185189,29.100529100529112,0
4655,4,0,0,36,0.0,0.0,1.0,36,1100,1000,100,0.9090909090909091,12,10,2,359.0639998629345,0.43086970899470894,0.026793376747942688,0.20212272728857258,129790.4074502743,2120.6125685870998,131911.0200188614,1287,10,268.80555555555554,35,1,18,36.10764046645464,0.6202380952380953,45.254629629629626,1018.9814814814811,29.113756613756603,0
4656,4,1,0,37,0.02702702702702703,0.0,1.0,37,1050,900,150,0.8571428571428571,12,9,3,377.0826626899074,0.43186936936936937,-0.048903894928999936,0.22104390142964778,131359.5300635572,2525.6488946113886,133885.1789581686,1288,0,262.5135135135135,33,4,16,34.05546423590355,0.6404671717171717,43.71936274509803,1025.122549019607,31.06431966726082,8
4657,4,0,0,37,0.0,0.0,1.0,37,800,700,100,0.875,9,7,2,375.3859863305348,0.4315878378378379,-0.052225764667500285,0.22041084544754969,131422.35145436839,2466.821805315244,133889.17325968362,1289,1,263.5135135135135,33,4,16,34.0353720967292,0.6410984848484849,43.65808823529411,1025.3676470588225,31.07174688057038,0
4658,4,0,0,37,0.0,0.0,1.0,37,900,700,200,0.7777777777777778,11,7,4,373.0182175604444,0.4313688688688689,-0.05935593167166009,0.21935508152103922,131480.69905045338,2408.939200680255,133889.63825113364,1290,2,264.5135135135135,34,3,17,34.03704778487135,0.6393995098039216,43.60119047619047,1025.595238095237,30.1645658263305,0
4659,4,0,2,35,0.0,0.05405405405405406,0.9459459459459459,37,800,700,100,0.875,9,7,2,356.8605058195446,0.4313063063063063,-0.03124747267493566,0.19718018028228756,129058.3166570289,1811.1632324892776,130869.47988951817,1291,3,265.5135135135135,36,1,17,36.908917950423,0.6108217592592593,45.974099099099114,1016.1036036036056,28.225100100100157,8
4660,4,0,0,35,0.0,0.0,1.0,35,550,300,250,0.5454545454545454,8,3,5,361.5774572818532,0.4275560224089636,0.009328489394117234,0.19944023548714007,128989.67013888907,2327.951388888915,131317.62152777798,1292,15,281.0857142857143,34,1,17,36.85910582444626,0.6142769607843137,46.04166666666668,1015.8333333333348,29.8774509803922,0
4661,4,1,0,36,0.027777777777777776,0.0,1.0,36,900,600,300,0.6666666666666666,12,6,6,354.75630512198984,0.42958002645502646,0.01786294779273101,0.19748486171123192,129352.72285997763,1977.912414966018,131330.63527494363,1293,0,274.25,34,2,18,36.66252194265652,0.617953431372549,45.684523809523824,1017.2619047619072,29.919467787114918,0
4662,4,0,0,36,0.0,0.0,1.0,36,600,300,300,0.5,9,3,6,356.5034768965973,0.4294146825396825,0.01335426335426404,0.19876289739303465,129413.28125000022,2027.2569444444753,131440.5381944447,1294,1,275.25,34,2,18,36.55644280644282,0.6185661764705883,45.625000000000014,1017.5000000000017,29.926470588235343,0
4663,4,1,0,37,0.02702702702702703,0.0,1.0,37,800,500,300,0.625,11,5,6,350.0743801652889,0.43058683683683685,0.012457002457002542,0.19647031539888685,129672.49657064494,1679.0037722908316,131351.5003429358,1295,0,268.7837837837838,35,2,14,36.456439393939384,0.6190476190476191,45.37037037037038,1018.5185185185203,29.10052910052915,0
4664,4,0,1,36,0.0,0.02702702702702703,0.972972972972973,37,1600,1500,100,0.9375,17,15,2,354.68193598379435,0.43058683683683685,0.012210506929416942,0.19980642650910496,129819.89354263125,1808.954234182111,131628.84777681337,1296,1,269.7837837837838,35,2,15,36.18931005110734,0.6205357142857143,45.22569444444445,1019.0972222222229,29.11706349206351,0
4665,4,2,2,36,0.05263157894736842,0.05263157894736842,0.9473684210526316,38,1100,700,400,0.6363636363636364,15,7,8,345.13494896349494,0.43373636794689424,0.017507084126910488,0.19650145586715587,130233.84871357858,1389.6505458161016,131623.49925939468,1297,0,241.78947368421052,36,2,18,36.01265997352163,0.6226851851851851,44.81981981981983,1020.7207207207218,28.353353353353384,0
4666,4,0,0,36,0.0,0.0,1.0,36,900,700,200,0.7777777777777778,11,7,4,353.8632539160103,0.4295634920634921,0.023909866323972295,0.2014667550862035,130233.05047850215,2016.938201946151,132249.9886804483,1298,1,251.61111111111111,35,1,18,35.79074063574857,0.624702380952381,44.82060185185185,1020.7175925925919,29.16335978835977,0
4667,4,0,0,36,0.0,0.0,1.0,36,1100,1000,100,0.9090909090909091,12,10,2,353.501462633098,0.4292162698412698,0.026164937235241714,0.20172867897565397,130323.35778061209,2013.9028671203369,132337.26064773242,1299,2,252.61111111111111,34,2,18,35.70838677082119,0.6277573529411764,44.73214285714285,1021.0714285714273,30.03151260504198,0
4668,4,0,0,36,0.0,0.0,1.0,36,850,600,250,0.7058823529411765,11,6,5,350.21933916319875,0.4286210317460317,0.02624156341291428,0.20015125963575547,130380.76560356648,1932.3731138545922,132313.13871742107,1300,3,253.61111111111111,35,1,18,35.73398307645814,0.6261904761904762,44.675925925925924,1021.296296296296,29.17989417989417,0
4669,4,0,1,35,0.0,0.027777777777777776,0.9722222222222222,36,850,500,350,0.5882352941176471,12,5,7,350.66882386131607,0.4283399470899471,0.022001359157322486,0.20117316737307087,130528.564453125,1954.4596354166674,132483.02408854166,1301,4,254.61111111111111,35,1,15,35.572757390417955,0.6276785714285714,44.53125,1021.875,29.196428571428573,0
4670,4,0,0,35,0.0,0.0,1.0,35,1050,700,350,0.6666666666666666,14,7,7,352.95374293134216,0.4281162464985995,0.02105928538159585,0.20316130993930054,130657.85147392278,2223.235544217675,132881.08701814045,1302,5,256.8,34,1,16,35.38343230864773,0.6311274509803921,44.4047619047619,1022.3809523809514,30.070028011204453,0
4671,4,1,0,36,0.027777777777777776,0.0,1.0,36,800,400,400,0.5,12,4,8,345.02731626476077,0.430109126984127,0.022864915124329643,0.2000705939494607,130942.84664619755,1835.77179248112,132778.61843867868,1303,0,250.63888888888889,35,1,18,35.2978108862,0.6318452380952381,44.1261574074074,1023.4953703703691,29.24272486772483,0
4672,4,0,1,35,0.0,0.027777777777777776,0.9722222222222222,36,1500,1100,400,0.7333333333333333,19,11,8,350.65078873918674,0.4292162698412698,0.016135413134396037,0.20395841735539674,131061.33355034719,1991.351996527773,133052.68554687497,1304,1,251.63888888888889,35,1,18,35.03412173618175,0.6330357142857144,44.010416666666664,1023.958333333333,29.255952380952372,0
4673,4,0,0,35,0.0,0.0,1.0,35,750,500,250,0.6666666666666666,10,5,5,359.79681283627684,0.42626050420168066,0.020139915917513074,0.20857540121061852,130931.84700963715,2421.7722505668885,133353.61926020402,1305,2,259.62857142857143,34,1,18,34.93103214299561,0.6338848039215687,44.13690476190476,1023.4523809523806,30.10154061624649,0
4674,4,0,0,35,0.0,0.0,1.0,35,1000,700,300,0.7,13,7,6,358.1875401230744,0.42668067226890755,0.015981924808532888,0.20797128004850202,130992.77388038542,2383.9958900226698,133376.76977040808,1306,3,260.62857142857143,34,1,18,34.91055161452882,0.6344975490196079,44.07738095238095,1023.6904761904757,30.10854341736693,0
4675,4,0,0,35,0.0,0.0,1.0,35,800,600,200,0.75,10,6,4,380.0917391093092,0.42668067226890755,0.04747325213646447,0.2032581264808721,127753.08956916083,2711.5787981859216,130464.66836734675,1307,4,261.62857142857143,34,1,19,37.655538546082575,0.6017156862745099,47.26190476190475,1010.9523809523796,29.73389355742293,8
4676,4,0,0,35,0.0,0.0,1.0,35,800,600,200,0.75,10,6,4,382.13142233018726,0.426890756302521,0.04317490206627528,0.2051150155110298,127903.57320011345,2775.194869614519,130678.76806972796,1308,5,262.62857142857143,34,1,19,37.44949197756071,0.6032475490196079,47.11309523809524,1011.5476190476196,29.751400560224106,0
4677,4,0,0,35,0.0,0.0,1.0,35,800,500,300,0.625,11,5,6,379.037314693604,0.42601540616246497,0.04604500310887816,0.20406562458583458,128024.02388038553,2705.176445578234,130729.20032596377,1309,6,263.62857142857143,34,1,20,37.4041779398502,0.6044730392156863,46.99404761904762,1012.0238095238099,29.765406162464995,0
4678,4,0,1,34,0.0,0.02857142857142857,0.9714285714285714,35,1350,1000,350,0.7407407407407407,17,10,7,382.88718753655553,0.4259453781512605,-0.014068817129669675,0.20220078351433357,127246.52364775559,2744.269402000987,129990.79304975657,1310,7,264.62857142857143,33,2,18,38.10566723349123,0.598800505050505,47.76348039215686,1008.9460784313718,30.574123588829448,7
4679,4,3,2,35,0.08108108108108109,0.05405405405405406,0.9459459459459459,37,800,500,300,0.625,11,5,6,366.3275191261411,0.43018018018018017,0.00024738697507564744,0.19666477378147856,127910.26341735241,1971.4098936899723,129881.67331104238,1311,0,233.56756756756758,35,2,18,37.84229595728452,0.6011904761904762,47.106481481481474,1011.574074074073,28.90211640211637,0
4680,4,3,0,38,0.07894736842105263,0.0,1.0,38,900,600,300,0.6666666666666666,12,6,6,352.5767732064763,0.43718883357041255,0.010585776320293894,0.1925003279506763,128584.36113522391,1467.3861614797809,130051.74729670369,1312,0,219.94736842105263,35,3,18,37.50106983909618,0.6080357142857142,46.44097222222223,1014.2361111111122,28.978174603174637,0
4681,4,0,0,38,0.0,0.0,1.0,38,1200,800,400,0.6666666666666666,16,8,8,352.6000831999958,0.4367443100995732,0.008443633044271648,0.19265505792797782,128613.7099194102,1469.8409636488377,130083.55088305904,1313,1,220.94736842105263,35,3,19,37.470523353111204,0.6083333333333334,46.41203703703704,1014.3518518518523,28.981481481481495,0
4682,4,0,2,36,0.0,0.05263157894736842,0.9473684210526316,38,1150,600,550,0.5217391304347826,17,6,11,366.2182705705363,0.436299786628734,-0.00786942753887665,0.19105739646684566,126751.58900454507,1683.7495434623763,128435.33854800744,1314,2,221.94736842105263,36,2,18,39.035124506076194,0.5873842592592593,48.2545045045045,1006.9819819819818,27.971721721721718,8
4683,4,0,1,35,0.0,0.027777777777777776,0.9722222222222222,36,1150,800,350,0.6956521739130435,15,8,7,379.95866409368034,0.43156415343915344,0.01177336276674068,0.19784054578670923,126672.22222222213,2426.041666666657,129098.26388888879,1315,3,235.13888888888889,34,2,19,38.771040286975726,0.5906862745098039,48.33333333333333,1006.6666666666658,29.60784313725488,0
4684,4,1,0,36,0.027777777777777776,0.0,1.0,36,1000,900,100,0.9,11,9,2,381.62600234877357,0.43245701058201064,0.024916660104469912,0.2001763157301555,126972.00255102018,2491.163548752803,129463.16609977298,1316,0,235.61111111111111,34,2,20,38.42010197653358,0.59375,48.03571428571427,1007.8571428571411,29.64285714285709,0
4685,4,0,0,36,0.0,0.0,1.0,36,1150,1000,150,0.8695652173913043,13,10,3,383.5120551874875,0.43192791005291004,0.020202020202020554,0.20176068990298232,127092.01388888872,2548.377267573675,129640.39115646238,1317,1,236.61111111111111,32,4,21,38.24896694214875,0.599609375,47.91666666666666,1008.3333333333319,31.51041666666662,0
4686,4,3,2,37,0.07692307692307693,0.05128205128205128,0.9487179487179487,39,1350,900,450,0.6666666666666666,18,9,9,356.05420011268615,0.44017094017094016,0.04248179079434089,0.19128886067516832,127939.53517500419,1310.681771904994,129250.21694690918,1318,0,219.33333333333334,35,4,18,38.07213610189528,0.6014880952380952,47.07754629629629,1011.6898148148141,28.90542328042326,0
4687,4,1,2,36,0.02631578947368421,0.05263157894736842,0.9473684210526316,38,1400,1200,200,0.8571428571428571,16,12,4,363.7175666173367,0.43622569938359407,0.04619481809154058,0.19597721010897154,128056.65569540889,1715.2910397376431,129771.94673514653,1319,0,226.02631578947367,35,3,21,37.758361921097745,0.6026785714285714,46.96180555555555,1012.1527777777773,28.91865079365078,0
4688,4,0,0,36,0.0,0.0,1.0,36,1000,800,200,0.8,12,8,4,375.6839654128773,0.43214285714285716,0.05274083663515228,0.20165424220550945,127903.57320011317,2410.2643140589316,130313.8375141721,1320,1,238.66666666666666,34,2,21,37.61253971990114,0.6032475490196079,47.11309523809523,1011.5476190476174,29.75140056022404,0
4689,4,1,1,36,0.02702702702702703,0.02702702702702703,0.972972972972973,37,1150,800,350,0.6956521739130435,15,8,7,368.0398261063511,0.4333083083083083,0.05617330786740293,0.19904981171092181,128206.57920030753,2037.4789376534884,130244.05813796102,1321,0,233.1891891891892,33,4,22,37.49546224588578,0.6085858585858586,46.81372549019608,1012.7450980392153,30.689245395127738,0
4690,4,2,2,36,0.05263157894736842,0.05263157894736842,0.9473684210526316,38,950,800,150,0.8421052631578947,11,8,3,357.22220261143764,0.4332325746799431,0.06320916126720966,0.19524633665503902,128627.12762188198,1589.6931689342282,130216.82079081621,1322,0,227.76315789473685,34,4,18,37.33961193913077,0.6106004901960784,46.39880952380952,1014.4047619047611,29.835434173669444,0
4691,4,0,0,36,0.0,0.0,1.0,36,1450,1100,350,0.7586206896551724,18,11,7,379.12828432270805,0.4291170634920635,0.06744252038259768,0.20604351646976166,128400.34060618824,2536.0401680951063,130936.38077428335,1323,1,241.38888888888889,32,4,19,37.01621610398241,0.6129557291666667,46.622474747474755,1013.5101010101018,31.672190656565682,0
4692,4,1,0,37,0.02702702702702703,0.0,1.0,37,1000,700,300,0.7,13,7,6,367.6111744737528,0.4319944944944945,0.07304841787600402,0.2016893741031672,128778.12500000015,2068.0555555555698,130846.18055555572,1324,0,235.83783783783784,34,3,20,36.921866447728505,0.6121323529411764,46.25000000000001,1015.0000000000011,29.852941176470623,0
4693,4,0,1,36,0.0,0.02702702702702703,0.972972972972973,37,1650,1100,550,0.6666666666666666,22,11,11,369.98952193227143,0.43236986986986986,0.05644857326563679,0.20408019331920318,128989.67013888896,2144.9652777777887,131134.63541666674,1325,1,236.83783783783784,34,3,21,36.64547443259501,0.6142769607843137,46.04166666666667,1015.8333333333339,29.877450980392176,0
4694,4,0,2,34,0.0,0.05555555555555555,0.9444444444444444,36,800,500,300,0.625,11,5,6,373.91289827305894,0.43126653439153434,0.06345906055991613,0.2068758530497151,129110.63102324259,2455.2260487528283,131565.85707199542,1326,2,241.44444444444446,34,2,21,36.422338057865744,0.6155024509803921,45.922619047619044,1016.3095238095234,29.89145658263304,0
4695,4,2,0,36,0.05555555555555555,0.0,1.0,36,1150,700,450,0.6086956521739131,16,7,9,363.89410435745833,0.43153108465608464,0.057418888200041485,0.20394759914127158,129618.91842987943,2233.5758214748766,131852.4942513543,1327,0,232.55555555555554,32,4,18,36.15907212233932,0.6253255208333333,45.422979797979785,1018.3080808080794,31.82212752525248,0
4696,4,0,0,36,0.0,0.0,1.0,36,950,700,250,0.7368421052631579,12,7,5,362.51494875968166,0.4317791005291005,0.054913912950486754,0.20359623338449107,129700.23548635108,2203.654844290616,131903.8903306417,1328,1,233.55555555555554,33,3,18,36.11144529996791,0.6237373737373737,45.34313725490194,1018.6274509803895,30.86749851455726,0
4697,4,0,0,36,0.0,0.0,1.0,36,600,200,400,0.3333333333333333,10,2,8,363.78474144833666,0.43186177248677243,0.049957160104373344,0.20470963853098698,129776.92920918355,2242.173327664377,132019.10253684793,1329,2,234.55555555555554,34,2,18,36.001090470070466,0.6222426470588236,45.26785714285713,1018.9285714285704,29.968487394957954,0
4698,4,1,0,37,0.02702702702702703,0.0,1.0,37,750,300,450,0.4,12,3,9,355.8565968963342,0.43218218218218213,0.051258471809679795,0.20229449483139755,130173.98787133476,1864.6544656635651,132038.6423369983,1330,0,229.1891891891892,35,2,21,35.799804355222875,0.6241071428571429,44.878472222222214,1020.4861111111102,29.156746031746007,0
4699,4,0,1,36,0.0,0.02702702702702703,0.972972972972973,37,1000,700,300,0.7,13,7,6,355.0183097940836,0.43140015015015015,0.06106390727481115,0.20295004296285102,130391.51178770025,1858.365247726637,132249.87703542688,1331,1,230.1891891891892,32,5,22,35.60055837145095,0.6331380208333333,44.66540404040404,1021.338383838384,31.9168244949495,0
4700,4,0,0,36,0.0,0.0,1.0,36,800,500,300,0.625,11,5,6,363.2315586075796,0.42974537037037036,0.056901791426743564,0.207960046191812,130450.3075740099,2276.733708189147,132727.04128219906,1332,2,237.33333333333334,33,3,22,35.33119401791428,0.6313131313131313,44.607843137254896,1021.5686274509796,30.95662507427211,0
4701,4,0,0,36,0.0,0.0,1.0,36,850,600,250,0.7058823529411765,11,6,5,363.037125640762,0.4300595238095238,0.055818709943905365,0.2083528279916251,130544.21864487212,2278.479581170704,132822.69822604282,1333,3,238.33333333333334,33,3,20,35.24091118039735,0.632260101010101,44.51593137254902,1021.9362745098035,30.96776589423647,0
4702,4,0,0,36,0.0,0.0,1.0,36,1150,1000,150,0.8695652173913043,13,10,3,361.7556370001427,0.4298445767195767,0.05835930632142561,0.20812176026587528,130638.16350682439,2251.818411188015,132889.9819180124,1334,4,239.33333333333334,33,3,20,35.17841444897307,0.6332070707070707,44.42401960784314,1022.3039215686282,30.978906714200853,0
4703,4,0,0,36,0.0,0.0,1.0,36,800,500,300,0.625,11,5,6,362.70941472830754,0.42910052910052915,0.06610412089741002,0.20917830448567581,130732.1421598665,2283.5557537966247,133015.69791366314,1335,5,240.33333333333334,33,3,20,35.05879269023367,0.6341540404040404,44.33210784313726,1022.6715686274518,30.990047534165207,0
4704,4,0,0,36,0.0,0.0,1.0,36,1150,1100,50,0.9565217391304348,12,11,1,365.33613283008543,0.42923280423280424,0.06054165169839987,0.2117225569232506,130920.20083922034,2365.9759767877604,133286.1768160081,1336,6,241.33333333333334,33,3,20,34.80109667504891,0.6360479797979798,44.14828431372548,1023.4068627450968,31.012329174093843,0
4705,4,0,0,36,0.0,0.0,1.0,36,1150,800,350,0.6956521739130435,15,8,7,363.9526136582205,0.42848875661375657,0.06809660563998254,0.21195484267189893,131108.39468293454,2343.4485834775173,133451.84326641206,1337,7,242.33333333333334,33,3,21,34.64598041561965,0.6379419191919191,43.96446078431373,1024.1421568627457,31.034610814022596,0
4706,4,1,0,37,0.02702702702702703,0.0,1.0,37,1150,700,450,0.6086956521739131,16,7,9,352.91260630305305,0.4305555555555556,0.0766241464860482,0.20786383653543428,131541.7534722221,1884.548611111107,133426.3020833332,1338,0,236.75675675675674,34,3,22,34.490928784186316,0.6400122549019608,43.541666666666664,1025.8333333333326,30.17156862745096,0
4707,4,0,0,37,0.0,0.0,1.0,37,1150,700,450,0.6086956521739131,16,7,9,354.55372968149953,0.4306493993993994,0.08058876837157447,0.20916485941990695,131602.82206632633,1932.0542800453309,133534.87634637166,1339,1,237.75675675675674,34,3,22,34.38720655915228,0.640625,43.48214285714285,1026.0714285714268,30.178571428571377,0
4708,4,0,0,37,0.0,0.0,1.0,37,900,800,100,0.8888888888888888,10,8,2,353.4316586061116,0.4300863363363363,0.08039467044453685,0.20917235361430997,131725.0017715418,1911.1571712017906,133636.1589427436,1340,2,238.75675675675674,34,3,22,34.29273454714135,0.6418504901960784,43.36309523809523,1026.547619047618,30.19257703081229,0
4709,4,0,0,37,0.0,0.0,1.0,37,450,200,250,0.4444444444444444,7,2,5,355.20621499799313,0.4303678678678679,0.08293593848891834,0.2107296293378739,131816.67375283435,1964.420351473912,133781.09410430826,1341,3,239.75675675675674,34,3,22,34.15473568281938,0.6427696078431373,43.27380952380952,1026.904761904761,30.20308123249297,0
4710,4,0,0,37,0.0,0.0,1.0,37,1200,900,300,0.75,15,9,6,358.9514888287688,0.4291478978978979,0.08745972249621903,0.2138102346501796,131969.53125,2074.131944444445,134043.66319444444,1342,4,240.75675675675674,34,3,22,33.904433630711004,0.6443014705882353,43.125,1027.5,30.220588235294116,0
4711,4,0,0,37,0.0,0.0,1.0,37,1200,800,400,0.6666666666666666,16,8,8,359.17226683631236,0.4285222722722723,0.09437860376011886,0.2144601211524704,132061.2882653062,2086.5504535147516,134147.83871882097,1343,5,241.75675675675674,34,3,22,33.806269786116914,0.6452205882352942,43.03571428571429,1027.8571428571436,30.231092436974812,0
4712,4,0,0,37,0.0,0.0,1.0,37,1200,1000,200,0.8333333333333334,14,10,4,360.9932270233196,0.42748998998999,0.09922422422422472,0.21659593621399198,132244.8979591838,2147.9024943310874,134392.8004535149,1344,6,242.75675675675674,34,3,22,33.574459876543216,0.6470588235294117,42.85714285714287,1028.5714285714298,30.25210084033617,0
4713,4,0,0,37,0.0,0.0,1.0,37,1450,1100,350,0.7586206896551724,18,11,7,360.6084822898878,0.4262074574574575,0.09871473971369915,0.21795267388715878,132520.5516581634,2157.607001133804,134678.15865929722,1345,7,243.75675675675674,34,3,22,33.30683701391298,0.6498161764705883,42.58928571428572,1029.6428571428582,30.283613445378183,0
4714,4,0,0,37,0.0,0.0,1.0,37,1350,1000,350,0.7407407407407407,17,10,7,358.31386210992946,0.42583208208208206,0.09578448335092649,0.2174507827979895,132673.8166099773,2107.7735260770955,134781.5901360544,1346,8,244.75675675675674,34,3,19,33.211761420537705,0.6513480392156863,42.44047619047619,1030.2380952380952,30.30112044817927,0
4715,4,1,1,37,0.02631578947368421,0.02631578947368421,0.9736842105263158,38,1150,900,250,0.782608695652174,14,9,5,349.4073895614341,0.42533487434803224,0.10104838138414673,0.21455346317697963,133113.66705246904,1702.1797839506112,134815.84683641966,1347,0,239.28947368421052,35,3,21,32.99966352624495,0.6535714285714286,42.013888888888886,1031.944444444444,29.48412698412697,0
4716,4,0,0,37,0.0,0.0,1.0,37,650,200,450,0.3076923076923077,11,2,9,350.6752175114499,0.4246121121121121,0.10220948829784904,0.21545028069502203,133134.14292800456,1937.3689058956945,135071.51183390024,1348,1,242.56756756756758,34,3,21,32.94641827200369,0.6559436274509804,41.99404761904762,1032.0238095238096,30.353641456582636,0
4717,4,0,1,36,0.0,0.02702702702702703,0.972972972972973,37,950,600,350,0.631578947368421,13,6,7,351.02665031825023,0.42439314314314314,0.10969096834902703,0.21655797758609557,133287.76218820873,1957.511337868494,135245.27352607722,1349,2,243.56756756756758,34,3,21,32.7833179617247,0.6574754901960784,41.8452380952381,1032.6190476190484,30.371148459383775,0
4718,4,0,1,35,0.0,0.027777777777777776,0.9722222222222222,36,1400,1000,400,0.7142857142857143,18,10,8,357.39106084719725,0.42243716931216935,0.08897456175036234,0.22120459933493952,133408.91273788936,2335.8305699730995,135744.74330786246,1200,3,213.86111111111111,33,3,22,32.497528667457495,0.6609848484848485,41.727941176470594,1033.0882352941185,31.30570409982177,0
4719,4,0,0,35,0.0,0.0,1.0,35,1000,600,400,0.6,14,6,8,362.90322580645176,0.4218487394957983,0.08663594470046099,0.22499999999999984,133472.22222222207,2687.5150182621874,136159.73724048428,1201,4,216.97142857142856,31,4,23,32.29166666666666,0.6666666666666667,41.66666666666666,1033.3333333333321,33.33333333333329,0
4720,4,0,0,35,0.0,0.0,1.0,35,950,700,250,0.7368421052631579,12,7,5,361.3633753313087,0.42128851540616247,0.08643765857520735,0.22465652597926847,133573.15275404183,2653.689066569006,136226.84182061083,1202,5,217.97142857142856,31,4,23,32.2302609480623,0.6676747311827957,41.569010416666664,1033.723958333333,33.34593413978494,0
4721,4,0,0,35,0.0,0.0,1.0,35,900,700,200,0.7777777777777778,11,7,4,363.4606393799902,0.42016806722689076,0.0933966335779024,0.2269914559146731,133741.455078125,2721.9509548611104,136463.40603298612,1203,6,218.97142857142856,31,4,20,32.007385028533065,0.6693548387096775,41.40625,1034.375,33.36693548387097,0
4722,4,0,0,35,0.0,0.0,1.0,35,1200,900,300,0.75,15,9,6,366.4953639685546,0.41981792717086835,0.0922656502822623,0.2293048946530816,133808.8056776259,2808.0613878038243,136616.86706542972,1204,7,219.97142857142856,31,4,20,31.861418743183147,0.6700268817204301,41.341145833333336,1034.635416666667,33.37533602150538,0
4723,4,0,0,35,0.0,0.0,1.0,35,950,700,250,0.7368421052631579,12,7,5,362.3850322376487,0.4190826330532213,0.08770530098831975,0.22756406052838127,133943.5577392578,2707.8280978732632,136651.38583713106,1205,8,220.97142857142856,31,4,21,31.832809224318652,0.6713709677419355,41.2109375,1035.15625,33.39213709677419,0
4724,4,0,0,35,0.0,0.0,1.0,35,950,600,350,0.631578947368421,13,6,7,363.6501817725221,0.4186624649859944,0.08842664942250034,0.2289873234866878,134044.66629028317,2749.0734524197055,136793.7397427029,1206,9,221.97142857142856,31,4,21,31.698861016807083,0.6723790322580645,41.11328125,1035.5468749999998,33.4047379032258,0
4725,4,0,0,35,0.0,0.0,1.0,35,1200,1000,200,0.8333333333333334,14,10,4,369.1561934069524,0.41929271708683474,0.07544544016868726,0.21843084806393917,131716.6695362719,2724.80486685033,134441.4744031222,1207,10,222.97142857142856,32,3,18,33.897601476014756,0.646484375,43.371212121212125,1026.5151515151522,32.078598484848506,8
4726,4,0,0,35,0.0,0.0,1.0,35,650,400,250,0.6153846153846154,9,4,5,367.19535871793516,0.41862745098039217,0.07120198134583955,0.21782639332260903,131813.89534550058,2680.290117079898,134494.18546258047,1208,11,223.97142857142856,32,3,18,33.849747940489365,0.6474609375,43.276515151515156,1026.8939393939402,32.09043560606063,0
4727,4,0,0,35,0.0,0.0,1.0,35,1000,900,100,0.9,11,9,2,370.85363495915664,0.4177871148459384,0.07811677140750617,0.22093754621505227,131976.01807213537,2788.7572058973356,134764.7752780327,1209,12,224.97142857142856,32,3,18,33.59214999590398,0.6490885416666667,43.11868686868686,1027.5252525252513,32.1101641414141,0
4728,4,0,0,35,0.0,0.0,1.0,35,850,700,150,0.8235294117647058,10,7,3,371.28913154803655,0.41740196078431374,0.07284977366038548,0.22195566145845147,132105.78799357184,2809.8886593204484,134915.6766528923,1210,13,225.97142857142856,32,3,18,33.45001228199459,0.650390625,42.99242424242423,1028.0303030303012,32.12594696969691,0
4729,4,0,1,34,0.0,0.02857142857142857,0.9714285714285714,35,900,600,300,0.6666666666666666,12,6,6,371.79719374198874,0.4166666666666667,0.0690090469177369,0.22340734031045123,132300.56244260765,2837.7955693296353,135138.3580119373,1211,14,226.97142857142856,32,3,19,33.24051914580266,0.65234375,42.80303030303029,1028.787878787877,32.149621212121154,0
4730,4,0,0,34,0.0,0.0,1.0,34,1250,900,350,0.72,16,9,7,378.2236440965033,0.4156454248366013,0.07343919162757118,0.22766046524272532,132365.5191434547,3212.753800632574,135578.27294408728,1212,15,231.0,32,2,20,33.00971370143148,0.6529947916666667,42.73989898989898,1029.0404040404035,32.15751262626261,0
4731,4,0,0,34,0.0,0.0,1.0,34,750,700,50,0.9333333333333333,8,7,1,379.42344173177275,0.4150698158051099,0.0697087840954751,0.22898639162835055,132465.01498752157,3252.070364685943,135717.0853522075,1213,16,232.0,31,3,20,32.87850999241082,0.6565860215053764,42.64322916666666,1029.4270833333321,33.207325268817165,0
4732,4,1,0,35,0.02857142857142857,0.0,1.0,35,1350,1100,250,0.8148148148148148,16,11,5,371.762459670299,0.4167016806722689,0.06999524488825504,0.22661346454685155,132839.80320069182,2876.9703960015127,135716.77359669333,1214,0,226.34285714285716,33,2,17,32.698327785702965,0.6553030303030303,42.27941176470587,1030.8823529411748,31.2388591800356,0
4733,4,0,1,34,0.0,0.02857142857142857,0.9714285714285714,35,950,700,250,0.7368421052631579,12,7,5,371.41028676141053,0.4158963585434174,0.07540738728951668,0.2271648963215139,132966.16685890043,2877.0004325259515,135843.1672914264,1215,1,227.34285714285716,33,2,18,32.580303390367554,0.6565656565656566,42.15686274509804,1031.3725490196077,31.25371360665478,0
4734,4,0,0,34,0.0,0.0,1.0,34,400,100,300,0.25,7,1,6,378.20188255923335,0.41495840760546643,0.08935196858902761,0.2306212375725273,132853.20255905009,3249.0662623711814,136102.26882142125,1216,2,234.0,32,2,18,32.51888140436824,0.6578776041666667,42.26641414141414,1030.9343434343434,32.21669823232323,0
4735,4,0,0,34,0.0,0.0,1.0,34,1050,700,350,0.6666666666666666,14,7,7,379.15748505441013,0.41466131907308373,0.08661510876844303,0.23201029928160855,132983.40292125792,3284.3305211202814,136267.7334423782,1217,3,235.0,32,2,19,32.363202350348885,0.6591796875,42.14015151515151,1031.439393939393,32.232481060606034,0
4736,4,0,0,34,0.0,0.0,1.0,34,1200,900,300,0.75,15,9,6,380.600272801871,0.41428995840760546,0.09480642862797928,0.23370744024114876,133113.66705246907,3332.6195987654273,136446.2866512345,1218,4,236.0,32,2,19,32.194930462090625,0.6604817708333333,42.013888888888886,1031.9444444444441,32.24826388888888,0
4737,4,0,0,34,0.0,0.0,1.0,34,1250,800,450,0.64,17,8,9,380.24864122454915,0.4134172608437314,0.0989540245595606,0.23430995774628022,133243.99495268342,3333.1696064177145,136577.16455910113,1219,5,237.0,32,2,19,32.07293832293832,0.6617838541666667,41.88762626262626,1032.4494949494951,32.26404671717172,0
4738,4,0,0,34,0.0,0.0,1.0,34,1050,800,250,0.7619047619047619,13,8,5,385.33067114615545,0.41282308377896615,0.09784984898604954,0.23806683459029834,133341.78272625234,3476.1357259463216,136817.91845219865,1220,6,238.0,32,2,19,31.843418907905466,0.6627604166666667,41.79292929292929,1032.828282828282,32.27588383838381,0
4739,4,0,1,33,0.0,0.029411764705882353,0.9705882352941176,34,1150,900,250,0.782608695652174,14,9,5,405.3332379526649,0.41180184194890074,0.05250617657617074,0.23605364944741603,131108.39468293442,3828.5180279219467,134936.91271085636,1221,7,239.0,33,1,15,33.58648937018866,0.6379419191919191,43.96446078431372,1024.1421568627447,31.034610814022567,8
4740,4,0,0,33,0.0,0.0,1.0,33,1500,1200,300,0.8,18,12,6,435.6729926285685,0.4082623106060606,0.08093831947043006,0.24437679822962635,129651.0639858175,4697.093408835799,134348.1573946533,1222,25,247.03030303030303,32,1,15,34.298805686420344,0.6256510416666667,45.391414141414124,1018.4343434343411,31.82607323232316,8
4741,4,0,0,33,0.0,0.0,1.0,33,1250,900,350,0.72,16,9,7,436.78770070094026,0.4083806818181818,0.08267126452325457,0.245202949307897,129683.21352731841,4728.806531221274,134412.0200585397,1223,26,248.03030303030303,32,1,15,34.23747985620428,0.6259765625,45.35984848484847,1018.5606060606042,31.83001893939388,0
4742,4,0,0,33,0.0,0.0,1.0,33,1450,1400,50,0.9655172413793104,15,14,1,433.61887873937235,0.4069996843434343,0.08339243831503884,0.24502956233872872,129940.55333958272,4668.935408376696,134609.48874795943,1224,27,249.03030303030303,32,1,16,34.054695562435484,0.6285807291666667,45.10732323232323,1019.5707070707073,31.861584595959602,0
4743,4,0,0,33,0.0,0.0,1.0,33,850,500,350,0.5882352941176471,12,5,7,426.5601466993005,0.4067629419191919,0.08090057861125821,0.24223700249311622,130133.72559241395,4501.9722158453105,134635.69780825925,1225,28,250.03030303030303,32,1,16,34.03714474281236,0.6305338541666667,44.91792929292929,1020.328282828282,31.885258838383812,0
4744,4,2,1,34,0.05714285714285714,0.02857142857142857,0.9714285714285714,35,950,600,350,0.631578947368421,13,6,7,412.2819262184553,0.4120448179271709,0.07846332945285206,0.23768468095412956,130718.714569161,3778.592687074831,134497.30725623583,1226,0,236.68571428571428,34,1,16,33.8050543267365,0.6317401960784313,44.345238095238095,1022.6190476190477,30.07703081232493,0
4745,4,0,0,34,0.0,0.0,1.0,34,950,600,350,0.631578947368421,13,6,7,423.7970017529681,0.40894236482471774,0.08753039861840484,0.24440815339519842,130732.14215986647,4280.777976018845,135012.92013588533,1227,1,244.64705882352942,33,1,16,33.49697922907927,0.6341540404040404,44.33210784313726,1022.6715686274516,30.9900475341652,0
4746,4,0,0,34,0.0,0.0,1.0,34,1150,700,450,0.6086956521739131,16,7,9,430.7269921480421,0.4083110516934046,0.0879816533152964,0.24921272747359716,130857.49959450706,4472.771440071144,135330.2710345782,1228,2,245.64705882352942,33,1,17,33.191974088713216,0.6354166666666667,44.20955882352942,1023.1617647058835,31.00490196078435,0
4747,4,0,0,34,0.0,0.0,1.0,34,600,200,400,0.3333333333333333,10,2,8,421.9609424164788,0.408013963161022,0.11158713605231263,0.24394251712553774,130826.15460399848,4240.705497885431,135066.8601018839,1229,3,246.64705882352942,33,1,17,33.448131288931485,0.6351010101010102,44.240196078431374,1023.0392156862747,31.001188354129535,7
4748,4,0,0,34,0.0,0.0,1.0,34,1150,800,350,0.6956521739130435,15,8,7,420.5775753881458,0.4075126262626263,0.10677703416696005,0.24353833248897486,130888.84833958095,4209.782896001538,135098.6312355825,1230,4,247.64705882352942,33,1,17,33.41966067864271,0.6357323232323233,44.17892156862745,1023.2843137254904,31.008615567439104,0
4749,4,0,1,33,0.0,0.029411764705882353,0.9705882352941176,34,900,600,300,0.6666666666666666,12,6,6,422.3577210183407,0.40715983363042185,0.11047990025851062,0.24476816989758257,130920.20083922052,4259.031532343329,135179.23237156385,1231,5,248.64705882352942,33,1,17,33.342189558136745,0.6360479797979798,44.14828431372549,1023.4068627450982,31.012329174093885,0
4750,4,0,0,33,0.0,0.0,1.0,33,600,400,200,0.6666666666666666,8,4,4,427.66522700787453,0.40672348484848486,0.10412040463853911,0.24797241274147586,130940.15438475672,4599.71016988063,135539.86455463734,1232,6,251.6969696969697,32,1,17,33.18606587712805,0.638671875,44.12878787878788,1023.484848484849,31.98390151515153,0
4751,4,0,0,33,0.0,0.0,1.0,33,600,500,100,0.8333333333333334,7,5,2,428.687940585711,0.406289457070707,0.10262735907240672,0.2487740253635187,130972.4633487653,4629.263117283935,135601.72646604924,1233,7,252.6969696969697,32,1,17,33.12697874265037,0.6389973958333333,44.097222222222214,1023.6111111111102,31.987847222222193,0
4752,4,0,0,33,0.0,0.0,1.0,33,1000,700,300,0.7,13,7,6,452.8965545208128,0.4066051136363636,0.161132473981636,0.24148058843173553,127634.70668574405,4985.176433370596,132619.88311911465,1234,8,253.6969696969697,30,3,16,35.93791566906092,0.6104166666666666,47.37903225806452,1010.4838709677422,33.68279569892474,8
4753,4,1,1,33,0.029411764705882353,0.029411764705882353,0.9705882352941176,34,800,600,200,0.75,10,6,4,444.81651681880885,0.40862670825906117,0.1499947033096749,0.23980607501729692,128078.6217583551,4594.29728190105,132672.91904025615,1235,0,247.2058823529412,31,3,17,35.68358202555527,0.612231182795699,46.94010416666667,1012.2395833333339,32.652889784946254,0
4754,4,1,0,34,0.029411764705882353,0.0,1.0,34,700,400,300,0.5714285714285714,10,4,6,443.55511893723985,0.40790255496137845,0.16493730431231368,0.239914583803467,128210.45769585518,4573.680962456616,132784.1386583118,1236,0,247.91176470588235,31,3,18,35.57951915659553,0.6135752688172043,46.80989583333334,1012.7604166666679,32.66969086021509,0
4755,4,2,1,35,0.05555555555555555,0.027777777777777776,0.9722222222222222,36,950,700,250,0.7368421052631579,12,7,5,429.0338171275308,0.4140376984126984,0.1853359874532512,0.2366108656134468,128983.44574502605,3867.652014850071,132851.0977598761,1237,0,235.08333333333334,33,3,18,35.1523856918808,0.6164772727272727,46.047794117647065,1015.8088235294126,30.782085561497354,0
4756,4,1,0,36,0.027777777777777776,0.0,1.0,36,750,500,250,0.6666666666666666,10,5,5,426.9054361055176,0.416848544973545,0.18566193710894074,0.2361792382670484,129107.96215698282,3823.3781778642774,132931.3403348471,1238,0,236.0,33,3,20,35.07865569355682,0.617739898989899,45.92524509803921,1016.2990196078426,30.796939988116442,0
4757,4,2,1,37,0.05263157894736842,0.02631578947368421,0.9736842105263158,38,1050,700,350,0.6666666666666666,14,7,7,412.60744593733887,0.4217490516832622,0.18406105574056686,0.23208839275312393,129760.92470689709,3108.0647451560108,132868.9894520531,1239,0,224.52631578947367,35,3,16,34.77377503881251,0.6199404761904762,45.2835648148148,1018.8657407407392,29.11044973544969,0
4758,4,0,0,37,0.0,0.0,1.0,37,850,700,150,0.8235294117647058,10,7,3,421.3933853171939,0.41722972972972977,0.19241827752466079,0.23621225543927094,129625.34722222215,3524.652777777773,133149.9999999999,1240,1,231.56756756756758,34,3,17,34.68869339879979,0.6207107843137255,45.416666666666664,1018.3333333333327,29.950980392156843,0
4759,4,0,0,37,0.0,0.0,1.0,37,1100,800,300,0.7272727272727273,14,8,6,417.96424810522933,0.41619744744744747,0.18636933463431893,0.23519763310536848,129776.92920918351,3448.4233276643754,133225.35253684787,1241,2,232.56756756756758,34,3,18,34.62096428710518,0.6222426470588236,45.26785714285713,1018.9285714285701,29.968487394957943,0
4760,4,1,0,38,0.02631578947368421,0.0,1.0,38,1100,800,300,0.7272727272727273,14,8,6,412.0332434105975,0.41888928402086295,0.19460791920831788,0.23440704131578358,130203.51750042857,3129.6355238340057,133333.15302426257,1242,0,227.42105263157896,35,3,19,34.336489755802525,0.6244047619047619,44.84953703703703,1020.601851851851,29.160052910052887,0
4761,4,0,0,38,0.0,0.0,1.0,38,1050,500,550,0.47619047619047616,16,5,11,408.66305705955807,0.4191856330014225,0.18743286788399516,0.23284290460370194,130262.58680555566,3046.7147848079644,133309.30159036364,1243,1,228.42105263157896,34,4,19,34.36224489795919,0.6271446078431373,44.79166666666667,1020.8333333333343,30.024509803921596,0
4762,4,1,1,38,0.02564102564102564,0.02564102564102564,0.9743589743589743,39,950,700,250,0.7368421052631579,12,7,5,395.71644130015875,0.41925326135852453,0.1887383779642724,0.2282343652303004,130735.62349965706,2546.847136488337,133282.4706361454,1244,0,223.53846153846155,35,4,15,34.211370152406815,0.6297619047619047,44.3287037037037,1022.6851851851851,29.219576719576718,0
4763,4,0,0,38,0.0,0.0,1.0,38,1350,900,450,0.6666666666666666,18,9,9,398.9615802117491,0.4181039592223803,0.18609066300846333,0.23073188562178826,130840.48327664405,2840.0651927437743,133680.54846938784,1245,1,226.1315789473684,34,4,15,34.02179815375068,0.6329656862745099,44.22619047619048,1023.0952380952386,30.091036414565842,0
4764,4,0,0,38,0.0,0.0,1.0,38,1200,900,300,0.75,15,9,6,404.5747469047055,0.41825213371266007,0.19563780366138062,0.23490467580240135,130992.77388038552,2999.2736678004603,133992.04754818598,1246,2,227.1315789473684,34,4,16,33.723398069542974,0.6344975490196079,44.077380952380956,1023.6904761904765,30.108543417366956,0
4765,4,0,1,37,0.0,0.02631578947368421,0.9736842105263158,38,950,300,650,0.3157894736842105,16,3,13,404.89352929154506,0.41785206258890467,0.19649795923362667,0.2354624236265434,131053.7149234693,3012.5602324262964,134066.2751558956,1247,3,228.1315789473684,34,4,16,33.65330581715304,0.6351102941176471,44.01785714285714,1023.9285714285708,30.115546218487374,0
4766,4,0,1,36,0.0,0.02702702702702703,0.972972972972973,37,1050,500,550,0.47619047619047616,16,5,11,416.5038130679235,0.4165415415415415,0.20491612301957152,0.24157221157939554,130951.55709342557,3508.3645713187225,134459.9216647443,1248,4,235.0810810810811,33,4,16,33.460049489144325,0.6363636363636364,44.11764705882353,1023.5294117647056,31.016042780748656,0
4767,4,0,0,36,0.0,0.0,1.0,36,650,600,50,0.9230769230769231,7,6,1,427.9086217767247,0.41258267195767195,0.21026653504442283,0.24769796220561283,130875.54841342728,4000.5551091725447,134876.10352259982,1249,5,242.36111111111111,32,4,16,33.245670862125706,0.6380208333333333,44.1919191919192,1023.2323232323239,31.97601010101012,0
4768,4,0,0,36,0.0,0.0,1.0,36,900,600,300,0.6666666666666666,12,6,6,425.39921942586585,0.41190476190476194,0.20832305795314454,0.24748835506052896,131069.41415416796,3951.365294357719,135020.7794485257,1250,6,243.36111111111111,32,4,16,33.11241265926839,0.6399739583333333,44.00252525252525,1023.9898989898991,31.999684343434346,0
4769,4,0,1,35,0.0,0.027777777777777776,0.9722222222222222,36,1200,800,400,0.6666666666666666,16,8,8,399.51439807603975,0.412119708994709,0.18611841464602263,0.2103441989079321,127123.84458537392,3057.7582963473114,130181.60288172124,1251,7,244.36111111111111,32,4,19,37.8127477985059,0.5999348958333333,47.88510101010101,1008.4595959595958,31.51436237373737,8
4770,4,0,0,35,0.0,0.0,1.0,35,1200,900,300,0.75,15,9,6,402.16420681661816,0.4095588235294118,0.18092409849672597,0.21174451269848443,127124.83935885952,3225.0120374891394,130349.85139634866,1252,8,246.68571428571428,31,4,19,37.74491607488704,0.602486559139785,47.88411458333333,1008.4635416666661,32.53108198924729,0
4771,4,3,0,38,0.07894736842105263,0.0,1.0,38,900,600,300,0.6666666666666666,12,6,6,374.2910266886546,0.42417911332385017,0.1919247890341078,0.20151032412161163,128024.02388038526,1983.648667800428,130007.67254818568,1253,0,228.1315789473684,34,4,21,37.52426185154689,0.6044730392156863,46.994047619047606,1012.0238095238076,29.765406162464927,0
4772,4,3,1,40,0.07317073170731707,0.024390243902439025,0.975609756097561,41,1000,800,200,0.8,12,8,4,352.9412615539416,0.43315548780487806,0.19472154976436995,0.1939396522687204,128839.3438966794,894.5441145352065,129733.88801121461,1254,0,212.3658536585366,37,4,21,37.23167998703964,0.6067004504504505,46.18969298245612,1015.2412280701726,27.438952110004664,0
4773,4,0,0,40,0.0,0.0,1.0,40,1200,900,300,0.75,15,9,6,359.73249138549113,0.43072916666666666,0.20535615222456505,0.19733834113557072,128772.40997331771,1264.7239722830718,130037.13394560078,1255,1,218.675,36,4,22,37.127621213802286,0.6079282407407407,46.25563063063062,1014.9774774774758,28.19381881881877,0
4774,4,0,0,40,0.0,0.0,1.0,40,1200,800,400,0.6666666666666666,16,8,8,363.43830737836606,0.4305956196581197,0.20230901430313808,0.20023519207363963,128943.9159387427,1372.6317111029869,130316.5476498457,1256,2,219.675,36,4,22,36.85853014007466,0.6096643518518519,46.08671171171171,1015.6531531531524,28.212587587587567,0
4775,4,0,0,40,0.0,0.0,1.0,40,900,500,400,0.5555555555555556,13,5,8,364.86110914629575,0.43034188034188037,0.1981327570921989,0.20174673093971626,129086.92476260026,1419.7597090333384,130506.6844716336,1257,3,220.675,36,4,22,36.676501551418454,0.6111111111111112,45.94594594594594,1016.2162162162148,28.22822822822819,0
4776,4,1,0,41,0.024390243902439025,0.0,1.0,41,1350,1100,250,0.8148148148148148,16,11,5,358.89526960127654,0.4329776422764227,0.194456005993507,0.19991694675508354,129377.95380015421,1086.7285747177195,130464.68237487193,1258,0,216.26829268292684,35,6,23,36.53156996587029,0.6160714285714286,45.659722222222214,1017.3611111111103,29.067460317460295,0
4777,4,0,3,38,0.0,0.07317073170731707,0.926829268292683,41,1150,700,450,0.6086956521739131,16,7,9,398.4826161323645,0.43285060975609757,0.21198434206564265,0.21518061271147684,128144.53125000003,2065.118634259259,130209.64988425928,1259,1,217.26829268292684,34,7,18,36.788408779149506,0.6056985294117647,46.875,1012.5000000000002,29.779411764705888,8
4778,4,0,0,38,0.0,0.0,1.0,38,950,500,450,0.5263157894736842,14,5,9,421.69260819744954,0.4231122569938359,0.2556284478902633,0.22585274450078588,127815.15333387595,3179.7410753038257,130994.89440917977,1260,6,235.10526315789474,31,7,18,36.54015366125846,0.6095430107526882,47.200520833333336,1011.1979166666673,32.61928763440862,0
4779,4,0,1,37,0.0,0.02631578947368421,0.9736842105263158,38,1000,600,400,0.6,14,6,8,422.0792850075398,0.42251955903271693,0.25652391821143405,0.2269881054528438,127979.78931003151,3203.5235934787434,131183.31290351026,1261,7,236.10526315789474,31,7,18,36.36074829494274,0.6112231182795699,47.03776041666667,1011.8489583333337,32.64028897849464,0
4780,4,0,0,37,0.0,0.0,1.0,37,900,600,300,0.6666666666666666,12,6,6,430.6472979092721,0.41747997997998,0.2707513570956719,0.23156520419007146,127974.47681812929,3622.3725286160343,131596.84934674532,1262,8,243.27027027027026,30,7,18,36.149486362026224,0.6138888888888889,47.043010752688176,1011.8279569892476,33.72759856630825,0
4781,4,2,0,39,0.05128205128205128,0.0,1.0,39,1150,600,550,0.5217391304347826,17,6,11,407.1886193562521,0.42414529914529914,0.2521856772727855,0.22289971015986626,128688.43102744601,2680.0929114375867,131368.5239388836,1263,0,231.74358974358975,32,7,20,36.009571511531426,0.6158854166666667,46.33838383838383,1014.6464646464633,31.707702020201978,0
4782,4,1,0,40,0.025,0.0,1.0,40,1000,700,300,0.7,13,7,6,394.91972804502547,0.42622863247863246,0.2527978774722628,0.21831162566328982,129076.8274221452,2194.9971164936373,131271.82453863884,1264,0,226.925,33,7,21,35.92317896767969,0.6174242424242424,45.95588235294117,1016.1764705882342,30.793226381461643,0
4783,4,0,2,38,0.0,0.05,0.95,40,1350,1100,250,0.8148148148148148,16,11,5,379.42959603487856,0.42574786324786323,0.20457038391224813,0.20549305844661245,128261.74554183816,1738.6820521902791,130000.42759402844,1265,1,227.925,35,5,19,37.15055606337599,0.6047619047619048,46.75925925925926,1012.9629629629632,28.941798941798947,8
4784,4,1,0,39,0.02564102564102564,0.0,1.0,39,800,500,300,0.625,11,5,6,380.90253948834663,0.4265069725596042,0.22679200940070543,0.20646373318763234,128295.24518140584,1973.5969387755074,130268.84212018135,1266,0,234.66666666666666,34,5,20,37.0789267528398,0.6072303921568627,46.726190476190474,1013.0952380952377,29.79691876750699,0
4785,4,1,1,39,0.025,0.025,0.975,40,1000,800,200,0.8,12,8,4,373.53111072695003,0.42662927350427354,0.22612936344969237,0.20439286620676947,128672.4175347224,1612.6302083333587,130285.04774305575,1267,0,229.775,35,5,17,36.87970568104039,0.6089285714285715,46.35416666666668,1014.5833333333347,28.98809523809528,0
4786,4,1,0,40,0.025,0.0,1.0,40,850,500,350,0.5882352941176471,12,5,7,378.2291058361968,0.4235176282051282,0.2426088443127421,0.20819210631159316,128907.38195516128,1751.3047625171598,130658.68671767844,1268,0,230.725,35,5,18,36.52030620773496,0.6113095238095239,46.12268518518519,1015.5092592592601,29.01455026455029,0
4787,4,0,0,40,0.0,0.0,1.0,40,1150,600,550,0.5217391304347826,17,6,11,374.01198992381296,0.4228899572649573,0.24148564778898352,0.20665708420591353,129058.3166570288,1653.871565822596,130712.1882228514,1269,1,231.725,36,4,19,36.473225830285564,0.6108217592592593,45.97409909909911,1016.1036036036048,28.225100100100136,0
4788,4,2,1,41,0.047619047619047616,0.023809523809523808,0.9761904761904762,42,1350,1000,350,0.7407407407407407,17,10,7,357.47981352549965,0.4280874951606659,0.23727402804919495,0.20023083464856548,129595.04145408148,865.8392905798611,130460.88074466135,1270,0,221.64285714285714,34,8,16,36.34665224677501,0.6204044117647058,45.44642857142856,1018.2142857142844,29.9474789915966,0
4789,4,1,1,41,0.023809523809523808,0.023809523809523808,0.9761904761904762,42,1350,1200,150,0.8888888888888888,15,12,3,376.2581313311115,0.42610336817653893,0.301666258270032,0.2027342796358943,128056.6556954087,1331.1711417784447,129387.82683718714,1271,0,222.61904761904762,35,7,17,37.44103773584907,0.6026785714285714,46.96180555555554,1012.1527777777758,28.918650793650738,8
4790,4,0,0,41,0.0,0.0,1.0,41,1000,700,300,0.7,13,7,6,384.1537909447076,0.42522865853658537,0.3056237523805154,0.20728704557067196,128114.3990929704,1643.126417233546,129757.52551020395,1272,1,226.53658536585365,34,7,17,37.18201238632799,0.6053921568627452,46.9047619047619,1012.3809523809514,29.77591036414563,0
4791,4,0,0,41,0.0,0.0,1.0,41,1150,800,350,0.6956521739130435,15,8,7,388.6311136400398,0.42466971544715443,0.3099730844529034,0.21049408949478662,128265.09530895688,1769.5613662131486,130034.65667517003,1273,2,227.53658536585365,34,7,18,36.91410075606222,0.6069240196078431,46.75595238095238,1012.9761904761901,29.79341736694677,0
4792,4,1,1,41,0.023809523809523808,0.023809523809523808,0.9761904761904762,42,1150,900,250,0.782608695652174,14,9,5,382.63854045005877,0.42565572977158345,0.3234086242299796,0.2093763698867176,128672.41753472229,1447.0052083333437,130119.42274305563,1274,0,223.0952380952381,35,7,15,36.64869952087612,0.6089285714285715,46.35416666666667,1014.5833333333339,28.988095238095255,0
4793,4,0,1,40,0.0,0.024390243902439025,0.975609756097561,41,1300,800,500,0.6153846153846154,18,8,10,394.699101697644,0.4248729674796748,0.21877116706130306,0.2010722267777716,125775.00708616752,1782.9099348072257,127557.91702097474,1275,1,208.53658536585365,34,7,21,39.328170741356104,0.5814950980392157,49.22619047619046,1003.0952380952358,29.50280112044811,8
4794,4,4,1,43,0.09090909090909091,0.022727272727272728,0.9772727272727273,44,1400,900,500,0.6428571428571429,19,9,10,371.90082644628114,0.43359099718111344,0.26371149511645386,0.19565217391304346,127092.01388888883,660.2714002267512,127752.28528911558,1276,0,194.75,35,9,20,38.54166666666668,0.5928571428571429,47.916666666666664,1008.3333333333328,28.809523809523796,0
4795,4,0,0,43,0.0,0.0,1.0,43,1050,700,350,0.6666666666666666,14,7,7,380.3302113020643,0.43193983019564414,0.26806678702289255,0.19951298072399845,126975.3354338134,1058.5112311385396,128033.84666495194,1277,1,200.27906976744185,35,8,21,38.449318634206094,0.5916666666666667,48.032407407407405,1007.8703703703699,28.796296296296283,0
4796,4,0,1,42,0.0,0.023255813953488372,0.9767441860465116,43,1350,900,450,0.6666666666666666,18,9,9,382.6867664276078,0.43129383536360283,0.26946768561828827,0.20162452022230687,127152.0408163266,1131.9342526105177,128283.97506893711,1278,2,201.27906976744185,34,9,21,38.207969389361025,0.5955882352941176,47.85714285714286,1008.5714285714291,29.663865546218503,0
4797,4,3,1,44,0.06666666666666667,0.022222222222222223,0.9777777777777777,45,950,900,50,0.9473684210526315,10,9,1,368.23820409641115,0.43583754208754205,0.2878966707493602,0.197441630506858,127859.63909433095,416.5607753023503,128276.1998696333,1279,0,192.93333333333334,36,9,19,37.8458690568979,0.5986689814814814,47.15653153153154,1011.3738738738749,28.093718718718748,0
4798,4,0,0,44,0.0,0.0,1.0,44,1250,1000,250,0.8,15,10,5,375.78492935635785,0.4341966173361522,0.28902347652347604,0.20115546218487404,127793.20987654332,804.5524691358157,128597.76234567913,1280,1,198.3181818181818,35,9,19,37.72321428571429,0.6,47.22222222222223,1011.111111111112,28.888888888888914,0
4799,4,0,0,44,0.0,0.0,1.0,44,1250,700,550,0.56,18,7,11,376.6748404940633,0.43402043692741366,0.2912513785139099,0.2019254451679218,127851.72994898839,831.705997085053,128683.43594607344,1281,2,199.3181818181818,35,9,20,37.64066910811017,0.6005952380952381,47.164351851851855,1011.342592592593,28.895502645502656,0
4800,4,0,0,44,0.0,0.0,1.0,44,1350,1000,350,0.7407407407407407,17,10,7,377.42660072567685,0.43342582804792107,0.29459131990306875,0.20277110737204315,127939.5351750043,857.5567719050089,128797.09194690932,1282,3,200.3181818181818,35,9,20,37.531580101437676,0.6014880952380952,47.0775462962963,1011.689814814815,28.905423280423285,0
4801,4,0,0,44,0.0,0.0,1.0,44,950,600,350,0.631578947368421,13,6,7,376.39507503877735,0.4327100951374207,0.2945604258504535,0.2026600083829476,128027.3705418381,837.7743484224959,128865.14489026059,1283,4,201.3181818181818,35,9,20,37.467596828301325,0.6023809523809525,46.99074074074074,1012.0370370370367,28.915343915343907,0
4802,4,1,1,44,0.022222222222222223,0.022222222222222223,0.9777777777777777,45,1700,1300,400,0.7647058823529411,21,13,8,368.55059827302165,0.4337752525252525,0.30579989140628827,0.20087346167374628,128515.36502718943,472.88293360929356,128988.24796079872,1284,0,197.82222222222222,36,9,18,37.16658337035391,0.6053240740740741,46.50900900900901,1013.9639639639646,28.165665665665685,0
4803,4,1,0,45,0.022222222222222223,0.0,1.0,45,1550,1000,550,0.6451612903225806,21,10,11,367.52320039932954,0.43280723905723906,0.3084590357882282,0.2020481204146558,128858.14868922981,471.6718407596842,129329.82052998949,1285,0,198.48888888888888,36,9,19,36.842372818692695,0.6087962962962963,46.171171171171174,1015.3153153153157,28.203203203203216,0
4804,4,1,1,45,0.021739130434782608,0.021739130434782608,0.9782608695652174,46,1850,1300,550,0.7027027027027027,24,13,11,369.2766854359389,0.4350442834138486,0.28300999086707446,0.19273543947503657,126769.03558514136,234.4396559021082,127003.47524104347,1286,0,195.15217391304347,38,8,18,38.94016549968175,0.5838815789473684,48.23717948717949,1007.0512820512822,26.501349527665322,8
4805,4,3,1,47,0.0625,0.020833333333333332,0.9791666666666666,48,1200,600,600,0.5,18,6,12,323.20401812649646,0.44112921099290775,0.22588692707305835,0.16734639099930665,126442.63058232568,-1425.4140050442543,125017.21657728143,1287,0,185.35416666666666,41,7,15,40.43491484184915,0.5757113821138211,48.561507936507944,1005.7539682539696,24.530584591560235,8
4806,4,1,1,47,0.020833333333333332,0.020833333333333332,0.9791666666666666,48,1100,700,400,0.6363636363636364,15,7,8,321.36830563940583,0.44005799349881797,0.24503186177900327,0.16741507010414247,126692.19655454795,-1457.0286911060587,125235.1678634419,1288,0,186.16666666666666,41,7,16,40.2250854027066,0.5782520325203252,48.31349206349207,1006.7460317460334,24.554781262098377,0
4807,4,1,1,47,0.020833333333333332,0.020833333333333332,0.9791666666666666,48,1350,1100,250,0.8148148148148148,16,11,5,319.60740266223826,0.4418033392434988,0.15422586398105764,0.1671064374709327,126840.96799680959,-1491.5076518928895,125349.4603449167,1289,0,187.0625,45,3,18,40.11695216257531,0.5743055555555556,48.1657608695652,1007.3369565217356,22.385265700483014,8
4808,4,1,0,48,0.020833333333333332,0.0,1.0,48,2000,1400,600,0.7,26,14,12,322.7593216677442,0.44228354018912525,0.17108680685943178,0.1701996185348912,127187.51793503182,-1389.3122139616983,125798.20572107012,1290,0,188.0,43,5,20,39.6826886969583,0.5804263565891472,47.82196969696968,1008.7121212121186,23.458421423537644,0
4809,4,3,0,51,0.058823529411764705,0.0,1.0,51,1150,800,350,0.6956521739130435,15,8,7,309.53868566534317,0.44790849673202615,0.20258859964355658,0.16603323294574007,127875.390801833,-2283.523920451724,125591.86688138127,1291,0,177.88235294117646,46,5,18,39.313991877757324,0.5835597826086957,47.14095744680849,1011.4361702127627,21.987742830712232,0
4810,4,1,0,52,0.019230769230769232,0.0,1.0,52,1200,800,400,0.6666666666666666,16,8,8,306.82758440368207,0.4498098919054801,0.2054371199029077,0.16550524002385397,128100.58970510152,-2539.0411000193467,125561.54860508218,1292,0,175.44230769230768,47,5,19,39.15316126450581,0.5846631205673759,46.91840277777775,1012.3263888888831,21.538859338061343,0
4811,4,1,1,52,0.018867924528301886,0.018867924528301886,0.9811320754716981,53,1350,1200,150,0.8888888888888888,15,12,3,299.1112813111989,0.45109155781325594,0.20830637601172586,0.1625209205299245,128391.49187666556,-2919.316200653924,125472.17567601164,1293,0,173.11320754716982,46,7,11,39.05265920223933,0.588768115942029,46.63120567375884,1013.4751773049597,22.03206907184695,0
4812,4,1,5,48,0.018867924528301886,0.09433962264150944,0.9056603773584906,53,1700,1200,500,0.7058823529411765,22,12,10,301.59612721073995,0.4511369134010643,0.17190245206630528,0.15849839025755863,127049.14618908757,-2889.7529092155764,124159.39327987199,1294,0,174.0943396226415,48,5,14,40.357730263157876,0.5729166666666667,47.959183673469376,1008.1632653061199,21.003401360544164,8
4813,4,2,0,50,0.04,0.0,1.0,50,1000,500,500,0.5,15,5,10,301.49358130348946,0.4509778911564626,0.21374039938556133,0.15957099303135888,127336.39805300148,-2321.749741008909,125014.64831199257,1295,0,182.2,42,8,13,40.06696428571429,0.5833333333333333,47.67441860465116,1009.3023255813941,24.031007751937956,0
4814,4,2,1,51,0.038461538461538464,0.019230769230769232,0.9807692307692307,52,1100,700,400,0.6363636363636364,15,7,8,291.4705201019755,0.45388700351935646,0.22205966239198882,0.15629516401933635,127863.43557098768,-2946.3155864197524,124917.11998456794,1296,0,176.15384615384616,44,8,16,39.783026641032684,0.5859375,47.15277777777778,1011.3888888888891,22.986111111111118,0
4815,4,0,1,50,0.0,0.0196078431372549,0.9803921568627451,51,1500,900,600,0.6,21,9,12,298.0483743434799,0.45312091503267976,0.22364607170099182,0.16000877099275274,127910.26341735253,-2575.310785322361,125334.95263203017,1297,1,180.0392156862745,44,7,17,39.56903127383677,0.5864109848484849,47.10648148148148,1011.5740740740739,22.99031986531986,0
4816,4,2,0,52,0.038461538461538464,0.0,1.0,52,1800,1300,500,0.7222222222222222,23,13,10,303.4703883534869,0.4550417923579688,0.24743442719360198,0.1653913616526503,128512.70957274197,-2599.396619404998,125913.31295333696,1298,0,177.3653846153846,42,10,14,38.81900643476046,0.5952380952380952,46.51162790697674,1013.9534883720926,24.14174972314506,0
4817,4,1,1,52,0.018867924528301886,0.018867924528301886,0.9811320754716981,53,1550,1200,350,0.7741935483870968,19,12,7,301.2622008649665,0.45506773101112724,0.2591678265199655,0.1657483109222698,128888.6837569589,-2834.1422929579758,126054.54146400093,1299,0,175.0,43,10,16,38.49328934688677,0.5976259689922481,46.14109848484849,1015.4356060606069,23.614781536293183,0
4818,4,1,2,51,0.018867924528301886,0.03773584905660377,0.9622641509433962,53,1450,1100,350,0.7586206896551724,18,11,7,298.6117600595407,0.45381289308176104,0.25693368528604354,0.1648896332310252,129032.96212300591,-2893.8480149506145,126139.11410805529,1300,0,175.9056603773585,43,10,17,38.414286047161916,0.5990794573643411,45.999053030303045,1016.0037878787903,23.62799506694861,0
4819,4,2,1,52,0.03773584905660377,0.018867924528301886,0.9811320754716981,53,1000,800,200,0.8,12,8,4,299.3169646888113,0.45283018867924524,0.2820861645403778,0.1667124038338375,129373.84627013133,-2855.132752789605,126518.71351734172,1301,0,176.54716981132074,42,11,19,38.05104454392478,0.6039186507936508,45.66375968992249,1017.3449612403127,24.222499077150303,0
4820,4,0,0,52,0.0,0.0,1.0,52,1650,1200,450,0.7272727272727273,21,12,9,303.65526332305194,0.4509254022121669,0.2715516594927785,0.16947201801783843,129453.66138353512,-2538.142872889876,126915.51851064524,1302,1,180.51923076923077,41,11,13,37.85988171833365,0.6061991869918699,45.58531746031747,1017.6587301587319,24.820944638017853,0
4821,4,0,1,51,0.0,0.019230769230769232,0.9807692307692307,52,1700,1200,500,0.7058823529411765,22,12,10,303.9518769228476,0.4503519356460533,0.27030643299401835,0.17007383647667762,129554.63927469157,-2524.3248456789893,127030.31442901258,1303,2,181.51923076923077,41,11,14,37.75011368804003,0.6072154471544715,45.48611111111112,1018.0555555555572,24.830623306233104,0
4822,4,1,2,50,0.019230769230769232,0.038461538461538464,0.9615384615384616,52,1450,1100,350,0.7586206896551724,18,11,7,306.1590228390419,0.45009269733534435,0.2783574264100068,0.17219349203488304,129756.71315980109,-2454.76229843788,127301.9508613632,1304,0,182.46153846153845,41,11,15,37.48945147679325,0.6092479674796748,45.28769841269842,1018.8492063492074,24.849980642663596,0
4823,4,2,1,51,0.038461538461538464,0.019230769230769232,0.9807692307692307,52,1050,600,450,0.5714285714285714,15,6,9,324.7235448558204,0.4514281674208145,0.3310957910014509,0.17210347877358476,127392.29024943303,-1985.5792548500972,125406.71099458294,1305,0,183.23076923076923,41,11,15,39.4236438679245,0.5853658536585367,47.61904761904761,1009.523809523809,24.622531939605096,8
4824,4,0,0,51,0.0,0.0,1.0,51,1850,1300,550,0.7027027027027027,24,13,11,335.0469546769652,0.4498039215686274,0.3411744969754382,0.17771978081770703,127425.26898877996,-1661.310335283218,125763.95865349675,1306,1,187.45098039215685,40,11,15,39.129340714645195,0.5872395833333333,47.586382113821145,1009.6544715447166,25.241361788617915,0
4825,4,1,1,51,0.019230769230769232,0.019230769230769232,0.9807692307692307,52,1300,700,600,0.5384615384615384,19,7,12,330.27839861487456,0.4510353821015585,0.34794328168886524,0.17635620152454606,127692.92091836728,-1965.1573129251738,125727.7636054421,1307,0,184.82692307692307,41,11,16,38.97600117785631,0.5884146341463414,47.32142857142857,1010.7142857142851,24.651567944250857,0
4826,4,1,1,51,0.019230769230769232,0.019230769230769232,0.9807692307692307,52,1250,900,350,0.72,16,9,7,332.2031703594528,0.4523237179487179,0.3519191164822235,0.17838208152476792,127918.62643494908,-1901.005350056678,126017.62108489241,1308,0,185.05769230769232,41,11,17,38.69673678532904,0.5907012195121951,47.09821428571429,1011.6071428571436,24.67334494773521,0
4827,4,0,0,51,0.0,0.0,1.0,51,1550,1200,350,0.7741935483870968,19,12,7,339.6246444005555,0.4517156862745098,0.3514087905378118,0.18245889557515024,127938.82118985079,-1509.7646696741201,126429.05652017667,1309,1,189.05882352941177,40,11,18,38.488406161058094,0.5924479166666667,47.07825203252033,1011.6869918699201,25.292174796748004,0
4828,4,0,1,50,0.0,0.0196078431372549,0.9803921568627451,51,1400,900,500,0.6428571428571429,19,9,10,336.22047695180527,0.45179738562091504,0.35282478716714016,0.18111515635696787,128046.43956380329,-1589.6330035755104,126456.80656022778,1310,2,190.05882352941177,42,9,18,38.464576352321686,0.5905257936507937,46.9718992248062,1012.1124031007755,24.097914359542273,0
4829,4,2,1,51,0.038461538461538464,0.019230769230769232,0.9807692307692307,52,1450,1100,350,0.7586206896551724,18,11,7,341.08480016584406,0.4531328557063851,0.37809210424918627,0.1864572001782836,128633.75491605543,-1624.8836084577872,127008.87130759764,1311,0,187.09615384615384,40,12,17,37.74210245107858,0.5994791666666667,46.39227642276423,1014.4308943089445,25.36077235772361,0
4830,4,0,1,50,0.0,0.0196078431372549,0.9803921568627451,51,1200,800,400,0.6666666666666666,16,8,8,345.36074469528813,0.4522712418300654,0.3721784523176559,0.18847714183594882,128566.7534722223,-1319.6180555555502,127247.13541666676,1312,1,191.07843137254903,39,12,17,37.701999452204866,0.6004273504273504,46.458333333333336,1014.1666666666674,26.004273504273524,0
4831,4,1,0,51,0.0196078431372549,0.0,1.0,51,1650,1200,450,0.7272727272727273,21,12,9,337.8388861371714,0.4523366013071895,0.35843062415806015,0.18595333648726675,128906.01526350592,-1490.1070773991787,127415.90818610674,1313,0,184.27450980392157,42,9,18,37.547113549618345,0.5992063492063492,46.124031007751945,1015.5038759689932,24.178663713547458,0
4832,4,1,4,48,0.019230769230769232,0.07692307692307693,0.9230769230769231,52,1700,900,800,0.5294117647058824,25,9,16,326.25629793095146,0.4519859225741579,0.34870281868721364,0.18150330020000244,129327.49438027527,-1960.5420514577936,127366.95232881747,1314,0,181.71153846153845,41,11,20,37.41293198738581,0.6049288617886179,45.7093253968254,1017.1626984126984,24.80884630274874,0
4833,4,0,0,48,0.0,0.0,1.0,48,1300,900,400,0.6923076923076923,17,9,8,347.9952082094074,0.44830452127659576,0.34504960813740193,0.19184843386944436,128969.02394614648,-623.879531859342,128345.14441428713,1315,1,182.20833333333334,40,8,20,37.22507086876771,0.6028645833333333,46.0619918699187,1015.7520325203253,25.393800813008134,0
4834,4,1,0,49,0.02040816326530612,0.0,1.0,49,1500,1100,400,0.7333333333333333,19,11,8,346.2345948229741,0.4488201530612245,0.34985183915876417,0.19277805319504915,129360.29188368046,-841.7800728836272,128518.51181079683,1316,0,179.46938775510205,39,10,21,36.8715441327053,0.608440170940171,45.67708333333333,1017.2916666666658,26.08440170940169,0
4835,4,0,1,48,0.0,0.02040816326530612,0.9795918367346939,49,1000,800,200,0.8,12,8,4,346.5478785872407,0.4485189909297052,0.34783698535709107,0.19347272993127643,129466.28146701372,-826.7469618055733,128639.53450520814,1317,1,180.46938775510205,39,10,19,36.75580006823609,0.6095085470085471,45.57291666666666,1017.7083333333319,26.095085470085433,0
4836,4,0,1,47,0.0,0.020833333333333332,0.9791666666666666,48,1150,500,650,0.43478260869565216,18,5,13,350.7428305319205,0.44774120862884165,0.3496564013368806,0.19634366698848732,129572.31445312485,-510.6879340277918,129061.62651909706,1318,2,183.5625,39,9,19,36.541248891617215,0.6105769230769231,45.46874999999999,1018.1249999999989,26.1057692307692,0
4837,4,0,0,47,0.0,0.0,1.0,47,1200,900,300,0.75,15,9,6,351.3012973885969,0.4478877582485353,0.3404478578285821,0.19670395793850326,129581.83235627133,-295.5468350500527,129286.28552122127,1319,3,183.0212765957447,38,9,19,36.51735746764603,0.612390350877193,45.4594017094017,1018.1623931623922,26.793747188484005,0
4838,4,1,1,47,0.020833333333333332,0.020833333333333332,0.9791666666666666,48,1650,1300,350,0.7878787878787878,20,13,7,345.57323798153897,0.4494865543735225,0.34518549732693127,0.1954255590179831,129970.3247070314,-617.1468098958194,129353.17789713558,1320,0,180.1875,39,9,20,36.26870722239249,0.6145833333333333,45.07812500000001,1019.6875000000011,26.145833333333364,0
4839,4,0,1,46,0.0,0.02127659574468085,0.9787234042553191,47,1150,700,450,0.6086956521739131,16,7,9,345.5421002861102,0.44883209990749307,0.34107725528873534,0.1960741211009366,130103.1304253473,-408.77821180554605,129694.35221354176,1321,1,183.2340425531915,39,8,21,36.13479341093188,0.6159188034188035,44.94791666666667,1020.208333333334,26.159188034188052,0
4840,4,0,0,46,0.0,0.0,1.0,46,1100,900,200,0.8181818181818182,13,9,4,352.0811499812351,0.44839975845410623,0.3482382355486131,0.19948479162438273,130044.55133912252,-42.75296314560552,130001.79837597691,1322,2,188.04347826086956,38,8,21,36.027460633357784,0.6170504385964912,45.005341880341874,1019.9786324786314,26.841542959963984,0
4841,4,2,0,48,0.041666666666666664,0.0,1.0,48,1200,800,400,0.6666666666666666,16,8,8,338.7891094805677,0.45017915189125296,0.3484545408215265,0.1944915127626597,130555.17713758699,-753.6829315080579,129801.49420607893,1323,0,181.16666666666666,39,9,18,35.849323038766016,0.6204594017094017,44.50520833333334,1021.9791666666681,26.204594017094053,0
4842,4,0,0,48,0.0,0.0,1.0,48,1900,1500,400,0.7894736842105263,23,15,8,340.22064036588694,0.4493572695035461,0.35153351881293005,0.19632915852306723,130755.83316808811,-702.833341595575,130052.99982649254,1324,1,182.16666666666666,40,8,18,35.60980557763647,0.6208333333333333,44.30894308943091,1022.764227642279,25.569105691056976,0
4843,4,0,0,48,0.0,0.0,1.0,48,1150,700,450,0.6086956521739131,16,7,9,338.5351966258515,0.4490525265957446,0.3518244943225075,0.19601557762079955,130885.78976014635,-738.1106856037802,130147.67907454257,1325,2,183.16666666666666,40,8,18,35.521567848511935,0.6221354166666666,44.1819105691057,1023.2723577235794,25.581808943089484,0
4844,4,0,0,48,0.0,0.0,1.0,48,1750,1200,550,0.6857142857142857,23,12,11,345.7827090863191,0.44855385638297873,0.358955748552523,0.201024858283016,131041.82287535541,-537.6006965099969,130504.22217884542,1326,3,184.16666666666666,40,8,18,35.17845326716296,0.6236979166666667,44.029471544715456,1023.8821138211392,25.59705284552848,0
4845,4,0,0,48,0.0,0.0,1.0,48,1350,900,450,0.6666666666666666,18,9,9,351.99417047857884,0.448082890070922,0.2695021934007249,0.1944684337006519,129053.65982362822,-507.79118793717566,128545.86863569103,1327,4,185.16666666666666,42,6,15,37.0372798652171,0.6006944444444444,45.978682170542626,1016.0852713178281,24.192506459948287,8
4846,4,0,1,47,0.0,0.020833333333333332,0.9791666666666666,48,1600,1300,300,0.8125,19,13,6,357.88954317103236,0.44784278959810875,0.2794637467035237,0.19834227138971472,129176.76150959975,-353.79756700318995,128822.96394259656,1328,5,186.16666666666666,42,6,17,36.76206589775361,0.6019345238095238,45.85755813953488,1016.5697674418602,24.20404208194905,0
4847,4,2,2,47,0.04081632653061224,0.04081632653061224,0.9591836734693877,49,1550,800,750,0.5161290322580645,23,8,15,342.9375994731836,0.44866071428571425,0.29026884726493396,0.19257265201186435,129694.42942130861,-904.5783944775118,128789.8510268311,1329,0,182.9795918367347,42,7,13,36.61589136225267,0.6071428571428572,45.34883720930232,1018.604651162789,24.25249169435212,0
4848,4,1,0,48,0.020833333333333332,0.0,1.0,48,1950,1400,550,0.717948717948718,25,14,11,348.1116872867215,0.44669769503546103,0.29615344996989035,0.1960948374501577,129817.8362647225,-561.7787955952346,129256.05746912726,1330,0,187.77083333333334,42,6,17,36.35879211435454,0.6083829365079365,45.227713178294564,1019.0891472868202,24.264027316352863,0
4849,4,0,1,47,0.0,0.020833333333333332,0.9791666666666666,48,1250,900,350,0.72,16,9,7,347.73278142688986,0.44664228723404253,0.291599347399101,0.19650076939708544,129941.30179225987,-563.0299411093272,129378.27185115054,1331,1,188.77083333333334,42,6,17,36.24310967496672,0.6096230158730158,45.10658914728681,1019.573643410851,24.275562938353595,0
4850,4,1,0,48,0.020833333333333332,0.0,1.0,48,1150,800,350,0.6956521739130435,15,8,7,345.1503280903789,0.4461251477541371,0.3052813113094115,0.19653046249211037,130237.85848957361,-609.6720825070918,129628.18640706652,1332,0,189.0,42,6,18,36.008203594709194,0.6125992063492063,44.8158914728682,1020.7364341085245,24.303248431155346,0
4851,4,0,1,47,0.0,0.020833333333333332,0.9791666666666666,48,1450,1100,350,0.7586206896551724,18,11,7,351.11229322443813,0.44607897458628837,0.30713227436121704,0.2004436402750492,130338.55273880369,-447.30402309992536,129891.24871570375,1333,1,190.0,41,7,18,35.75397114543866,0.6150914634146342,44.7172619047619,1021.130952380951,24.905632984901246,0
4852,4,0,0,47,0.0,0.0,1.0,47,950,500,450,0.5263157894736842,14,5,9,355.3519366930448,0.44518963922294175,0.31055145462440326,0.20246796392975802,130262.58680555547,-142.187500000005,130120.39930555547,1334,2,194.82978723404256,40,7,18,35.72278911564625,0.6158854166666667,44.791666666666664,1020.8333333333327,25.520833333333318,0
4853,4,1,1,47,0.020833333333333332,0.020833333333333332,0.9791666666666666,48,1200,800,400,0.6666666666666666,16,8,8,349.0868340190194,0.4451647458628842,0.31128705986471994,0.2002975925769625,130534.7532074392,-486.4072546722226,130048.34595276698,1335,0,191.75,42,6,15,35.606904671597434,0.6155753968253967,44.5251937984496,1021.8992248061994,24.33093392395713,0
4854,4,0,0,47,0.0,0.0,1.0,47,1650,1300,350,0.7878787878787878,20,13,7,351.2160013580591,0.44520891150169595,0.31170182517740663,0.20216475888319024,130658.5591028933,-222.12466573524554,130436.43443715805,1336,1,193.70212765957447,42,5,15,35.427131709474615,0.6168154761904762,44.404069767441854,1022.3837209302313,24.34246954595789,0
4855,4,3,1,49,0.06,0.02,0.98,50,1650,1100,550,0.6666666666666666,22,11,11,339.23675575593427,0.4471768707482993,0.32729812741504016,0.1996452813903584,131510.47992473075,-1068.806143272051,130441.6737814587,1337,0,183.02,40,10,18,34.87317943128901,0.6283854166666667,43.57215447154472,1025.7113821138219,25.642784552845548,0
4856,4,0,1,48,0.0,0.02040816326530612,0.9795918367346939,49,1600,1300,300,0.8125,19,13,6,340.44680357648974,0.44517077664399096,0.3254117890811141,0.20080245600170227,131595.18771701405,-839.7677951388712,130755.41992187517,1338,1,187.10204081632654,39,10,13,34.75676818950931,0.6308760683760684,43.48958333333334,1026.041666666668,26.30876068376072,0
4857,4,0,3,45,0.0,0.0625,0.9375,48,1450,1000,450,0.6896551724137931,19,10,9,344.6776437847865,0.4453586731678487,0.30932088744588726,0.2041552197802199,131755.5555555557,-517.3611111110913,131238.1944444446,1339,2,186.47916666666666,39,9,14,34.48660714285714,0.6324786324786325,43.33333333333334,1026.666666666668,26.324786324786363,0
4858,4,0,1,44,0.0,0.022222222222222223,0.9777777777777777,45,1250,900,350,0.72,16,9,7,364.9904074319938,0.44154040404040407,0.3230111507779099,0.21348974875546578,131276.04683059044,582.8995637517576,131858.9463943422,1340,3,199.46666666666667,40,5,17,34.44978844373925,0.6260416666666666,43.80081300813009,1024.7967479674812,25.619918699187032,0
4859,4,0,0,44,0.0,0.0,1.0,44,1250,1000,250,0.8,15,10,5,366.91365559615156,0.4407923713883016,0.3147025936944674,0.2155558547005519,131443.5782911289,845.7197466289491,132289.29803775786,1341,4,197.54545454545453,36,8,18,34.23109305220002,0.634837962962963,43.637387387387385,1025.45045045045,28.484734734734722,0
4860,4,0,0,44,0.0,0.0,1.0,44,900,600,300,0.6666666666666666,12,6,6,366.56279431383956,0.440748326286117,0.31490298239310066,0.215675318514887,131501.32395909424,840.6985532830133,132342.02251237724,1342,5,198.54545454545453,36,8,18,34.181717537695775,0.6354166666666667,43.58108108108108,1025.6756756756758,28.490990990990994,0
4861,4,0,0,44,0.0,0.0,1.0,44,1100,700,400,0.6363636363636364,15,7,8,361.2406642815932,0.440473044397463,0.30423820117115463,0.21334971961102764,131645.74361100953,711.1591743770695,132356.9027853866,1343,6,199.54545454545453,36,8,16,34.17233622297816,0.6368634259259259,43.44031531531531,1026.2387387387378,28.506631631631606,0
4862,4,0,0,44,0.0,0.0,1.0,44,1600,1200,400,0.75,20,12,8,361.50148801243637,0.43981236786469347,0.30039092105788057,0.21399010160528378,131732.43344696047,724.2941421150904,132456.72758907557,1344,7,200.54545454545453,36,8,16,34.078131856077235,0.6377314814814814,43.35585585585586,1026.5765765765766,28.516016016016017,0
4863,4,0,2,42,0.0,0.045454545454545456,0.9545454545454546,44,1050,400,650,0.38095238095238093,17,4,13,364.6429757621928,0.4392838266384778,0.30558324776440804,0.21634217930874658,131819.1518165124,813.3855561642608,132632.53737267666,1345,8,201.54545454545453,36,8,17,33.90996819826734,0.638599537037037,43.27139639639639,1026.9144144144138,28.525400400400386,0
4864,4,0,0,42,0.0,0.0,1.0,42,900,700,200,0.7777777777777778,11,7,4,374.9015118386766,0.43821380178087493,0.30410577592206,0.22170101749472362,131694.45153061228,1474.489795918374,133168.94132653065,1346,9,192.71428571428572,34,8,17,33.77261656228254,0.6415441176470589,43.392857142857146,1026.4285714285718,30.189075630252113,0
4865,4,0,1,41,0.0,0.023809523809523808,0.9761904761904762,42,1300,900,400,0.6923076923076923,17,9,8,378.0609712875395,0.43741531165311653,0.30111265646731544,0.22464945318656276,131877.80612244902,1571.5702947845855,133449.3764172336,1347,10,193.71428571428572,34,8,18,33.50622005872352,0.6433823529411764,43.214285714285715,1027.1428571428576,30.21008403361346,0
4866,4,0,0,41,0.0,0.0,1.0,41,1250,800,450,0.64,17,8,9,335.8971134195872,0.4344512195121952,0.22320257175519198,0.18899414576298562,129772.26382725195,518.0257642998179,130290.28959155177,1348,11,198.02439024390245,38,3,16,36.7162105483905,0.6143092105263157,45.272435897435905,1018.9102564102576,26.813427800269938,8
4867,4,0,0,41,0.0,0.0,1.0,41,1300,1000,300,0.7692307692307693,16,10,6,339.2630430101936,0.4340447154471545,0.2278194989034361,0.19155313351498646,129908.37191358046,614.6219135802703,130522.99382716072,1349,12,199.02439024390245,38,3,16,36.49239327883741,0.6156798245614035,45.1388888888889,1019.4444444444462,26.827485380117004,0
4868,4,0,0,41,0.0,0.0,1.0,41,1200,900,300,0.75,15,9,6,339.2371773746316,0.43356199186991873,0.2267206684638874,0.191939469949073,129990.07100820022,619.4929551099669,130609.56396331018,1350,13,200.02439024390245,38,3,16,36.41020604155753,0.6165021929824561,45.058760683760696,1019.7649572649589,26.835919928025234,0
4869,4,1,0,42,0.023809523809523808,0.0,1.0,42,1450,900,550,0.6206896551724138,20,9,11,327.6875746082536,0.43468108788230736,0.14066940322071386,0.17985902058654046,128794.3915392833,69.81381035867938,128864.20534964198,1351,0,196.23809523809524,38,4,17,37.91837701294601,0.6044407894736843,46.23397435897436,1015.0641025641021,26.71221322537111,8
4870,4,1,0,43,0.023255813953488372,0.0,1.0,43,1050,600,450,0.5714285714285714,15,6,9,315.36534214711867,0.4361387966039129,0.1327051713743066,0.17476719897863327,129174.91455078125,-452.5417751736109,128722.37277560764,1352,0,192.65116279069767,39,4,18,37.844660484339244,0.6065705128205128,45.859375,1016.5625,26.065705128205128,0
4871,4,1,1,43,0.022727272727272728,0.022727272727272728,0.9772727272727273,44,850,500,350,0.5882352941176471,12,5,7,308.6653208021971,0.43756606765327694,0.13657299711547477,0.17232343909928355,129466.28146701379,-807.6470269097276,128658.63444010406,1353,0,189.25,39,5,15,37.71963493688162,0.6095085470085471,45.572916666666664,1017.7083333333325,26.095085470085447,0
4872,4,1,1,43,0.022727272727272728,0.022727272727272728,0.9772727272727273,44,850,400,450,0.47058823529411764,13,4,9,302.890239996538,0.4406051797040169,0.13079740363346315,0.17063951273512828,129822.05119307293,-935.6335514574598,128886.41764161547,1354,0,186.1590909090909,40,4,17,37.50664805212075,0.6114583333333333,45.22357723577236,1019.1056910569107,25.477642276422767,0
4873,4,0,1,42,0.0,0.023255813953488372,0.9767441860465116,43,1400,1100,300,0.7857142857142857,17,11,6,312.63016228207096,0.4395533407161314,0.13333586871779235,0.17619663063178492,129837.58680555575,-481.770833333313,129355.81597222244,1355,1,191.4418604651163,39,4,18,37.242777323521395,0.6132478632478633,45.20833333333334,1019.1666666666682,26.132478632478673,0
4874,4,1,0,43,0.023255813953488372,0.0,1.0,43,1950,1600,350,0.8205128205128205,23,16,7,313.60801401170477,0.43996862310815804,0.135392916856665,0.17771120793996636,130050.00000000026,-443.05555555552684,129606.94444444473,1356,0,191.88372093023256,39,4,21,37.002995642701535,0.6153846153846154,45.000000000000014,1020.000000000002,26.153846153846207,0
4875,4,1,0,44,0.022727272727272728,0.0,1.0,44,1050,800,250,0.7619047619047619,13,8,5,308.0078283474988,0.44223484848484845,0.1357619788650839,0.17584446927475392,130340.40584308287,-770.8269300680759,129569.5789130148,1357,0,188.5,40,4,22,36.85248308121019,0.6166666666666667,44.71544715447155,1021.1382113821143,25.528455284552855,0
4876,4,0,0,44,0.0,0.0,1.0,44,800,500,300,0.625,11,5,6,309.3431729173488,0.44140900281888656,0.1343583552625629,0.17719811494804039,130470.15587819759,-727.9896019234486,129742.16627627415,1358,1,189.5,40,4,22,36.687431612454006,0.61796875,44.588414634146346,1021.6463414634154,25.541158536585385,0
4877,4,1,2,43,0.022222222222222223,0.044444444444444446,0.9555555555555556,45,1250,1000,250,0.8,15,10,5,305.9965449603565,0.4426346801346801,0.13511818152423438,0.176525930721674,130744.0783749842,-998.5527486457593,129745.52562633844,1359,0,186.26666666666668,41,4,17,36.49673020338215,0.6191565040650406,44.320436507936506,1022.7182539682535,24.944347657762282,0
4878,4,0,0,43,0.0,0.0,1.0,43,1300,900,400,0.6923076923076923,17,9,8,316.1449103728985,0.43611572535991144,0.13767669393907744,0.18161673656785027,130581.79253472235,-343.44618055554633,130238.3463541668,1360,1,195.7674418604651,39,4,17,36.401005571409144,0.6207264957264957,44.47916666666667,1022.0833333333344,26.207264957264986,0
4879,4,1,2,42,0.022727272727272728,0.045454545454545456,0.9545454545454546,44,1450,1100,350,0.7586206896551724,18,11,7,309.68529876003754,0.43811663143058494,0.13276347746007078,0.179311171547718,130885.78976014603,-693.3190189371458,130192.47074120888,1361,0,192.29545454545453,40,4,19,36.25960042374285,0.6221354166666666,44.18191056910569,1023.2723577235769,25.58180894308942,0
4880,4,0,2,40,0.0,0.047619047619047616,0.9523809523809523,42,1150,1000,150,0.8695652173913043,13,10,3,343.49334380373404,0.4380081300813008,0.10238679455721611,0.18223439766534175,127432.89531085124,372.5878901001945,127805.48320095144,1362,1,200.64285714285714,36,6,12,38.9083296155848,0.5943287037037037,47.57882882882882,1009.6846846846834,28.04679679679676,7
4881,4,0,0,40,0.0,0.0,1.0,40,1200,900,300,0.75,15,9,6,354.93948016463486,0.43677884615384616,0.11411504424778762,0.18742131429254083,127242.10778061218,1032.6495181405817,128274.75729875275,1363,2,210.4,34,6,18,38.815142576204515,0.5965073529411764,47.76785714285714,1008.9285714285709,29.674369747899142,0
4882,4,0,0,40,0.0,0.0,1.0,40,700,400,300,0.5714285714285714,10,4,6,320.35186745286194,0.43632478632478633,0.0825432854729724,0.17240755048372242,128009.35057345343,201.6069015267958,128210.95747498023,1364,3,211.4,38,2,15,38.903918567004474,0.5964912280701755,47.00854700854702,1011.9658119658143,26.63067926225827,8
4883,4,0,2,38,0.0,0.05,0.95,40,1400,1100,300,0.7857142857142857,17,11,6,314.34608747463983,0.43536324786324787,0.0811004655191081,0.1701004575280171,128227.80957842813,61.65338849838352,128289.46296692651,1365,4,212.4,37,3,16,38.83329273573674,0.6005067567567568,46.79276315789475,1012.8289473684223,27.373755334281682,0
4884,4,2,1,39,0.05,0.025,0.975,40,1450,1200,250,0.8275862068965517,17,12,5,312.9726186176397,0.4348958333333333,0.09354795112985137,0.17077780233596185,128561.19340806802,47.22667070638795,128608.4200787744,1366,0,212.025,37,3,14,38.528827440804406,0.6038851351351351,46.46381578947369,1014.1447368421066,27.409317211948824,0
4885,4,0,0,39,0.0,0.0,1.0,39,1100,800,300,0.7272727272727273,14,8,6,318.6963304961352,0.43241115609536657,0.08840011868020947,0.1736585131465977,128505.59937913588,390.8525940674041,128896.45197320328,1367,1,218.46153846153845,37,2,17,38.44028243394253,0.603322072072072,46.51864035087719,1013.9254385964912,27.4033902323376,0
4886,4,0,0,39,0.0,0.0,1.0,39,1100,600,500,0.5454545454545454,16,6,10,317.0736184550056,0.4315958164642375,0.08010950219724777,0.17362125829482983,128700.23108071726,361.48959295169004,129061.72067366895,1368,2,219.46153846153845,37,2,17,38.28344499675817,0.6052927927927928,46.32675438596492,1014.6929824561414,27.424134660976794,0
4887,4,3,0,42,0.07142857142857142,0.0,1.0,42,900,400,500,0.4444444444444444,14,4,10,311.45774110095124,0.4367378048780488,0.03777492643059399,0.17216738489460567,129075.34490937582,-359.69692853992854,128715.6479808359,1369,0,204.71428571428572,41,1,17,38.04498600670377,0.6023882113821138,45.95734126984127,1016.1706349206352,24.784649632210613,7
4888,4,0,0,42,0.0,0.0,1.0,42,1250,1000,250,0.8,15,10,5,309.88892687688383,0.43694347657762295,0.03940526147025669,0.17173779522484728,129176.17517203631,-393.94673957546627,128782.22843246085,1370,1,205.71428571428572,41,1,17,37.98255993624151,0.6034044715447154,45.85813492063492,1016.5674603174596,24.794328300425843,0
4889,4,2,1,43,0.045454545454545456,0.022727272727272728,0.9772727272727273,44,850,500,350,0.5882352941176471,12,5,7,300.12820766653545,0.43950405214940097,0.05766435386682689,0.16858898850490456,129707.32829896982,-1014.234407283059,128693.09389168676,1371,0,197.3181818181818,43,1,16,37.69299448421184,0.6058624031007752,45.33617424242424,1018.6553030303031,23.68965821000705,0
4890,4,0,0,43,0.0,0.0,1.0,43,750,300,450,0.4,12,3,9,304.3182108290687,0.43830749354005166,0.05744694974885478,0.17067152592387994,129645.08311549775,-709.3280527011711,128935.75506279658,1372,1,202.90697674418604,42,1,16,37.64926260704092,0.6066468253968254,45.39728682170542,1018.4108527131774,24.247877445551843,0
4891,4,0,2,41,0.0,0.046511627906976744,0.9534883720930233,43,650,600,50,0.9230769230769231,7,6,1,303.0504189036969,0.43830749354005166,0.05907875027933063,0.17006742942321162,129669.75509472073,-740.7052798810307,128929.0498148397,1373,2,203.90697674418604,42,1,16,37.65658199346716,0.6068948412698413,45.37306201550387,1018.5077519379835,24.250184569951987,0
4892,4,0,0,41,0.0,0.0,1.0,41,1650,1100,550,0.6666666666666666,22,11,11,309.27772814046756,0.4373983739837399,0.06909798212664198,0.1732059004046587,129589.12854658277,-184.1937462819741,129404.93480030079,1374,3,213.8780487804878,40,1,16,37.57964035000168,0.6091145833333333,45.452235772357724,1018.1910569105694,25.454776422764233,0
4893,4,0,0,41,0.0,0.0,1.0,41,1700,1500,200,0.8823529411764706,19,15,4,317.2662217907928,0.4366869918699187,0.07750980182318812,0.17873852090550946,129822.05119307282,37.63033743141489,129859.68153050424,1375,4,214.8780487804878,40,1,16,37.14038193059433,0.6114583333333333,45.22357723577235,1019.1056910569099,25.47764227642275,0
4894,4,1,0,42,0.023809523809523808,0.0,1.0,42,1400,1000,400,0.7142857142857143,18,10,8,364.0993905527659,0.43907278358497875,0.011574010711776772,0.19529647680317405,127874.86948650914,911.8324094104851,128786.70189591963,1376,0,210.73809523809524,42,0,16,37.93490930574183,0.5887896825396826,47.14147286821705,1011.4341085271311,24.081764488741218,8
4895,4,0,0,42,0.0,0.0,1.0,42,1150,700,450,0.6086956521739131,16,7,9,361.59186961592724,0.4393752419667054,0.018728820902942367,0.19430677872670607,127948.3854354457,853.0191807884269,128801.40461623413,1377,1,211.73809523809524,42,0,16,37.92301184433163,0.5895337301587302,47.06879844961241,1011.7248062015514,24.0886858619417,0
4896,4,1,1,42,0.023255813953488372,0.023255813953488372,0.9767441860465116,43,1150,800,350,0.6956521739130435,15,8,7,358.25503864348985,0.44236803248431156,0.01443040223379688,0.19406589918242326,128270.12004165108,590.983825177949,128861.10386682903,1378,0,207.7906976744186,41,2,17,37.67821875102014,0.5942581300813008,46.75099206349207,1012.996031746033,24.70722028648861,0
4897,4,3,4,41,0.06666666666666667,0.08888888888888889,0.9111111111111111,45,1300,1100,200,0.8461538461538461,15,11,4,341.6106169835396,0.44751683501683504,0.029532900123329986,0.18771949895851026,128840.60890330894,-197.33602000112046,128643.27288330781,1379,0,199.2888888888889,43,2,16,37.51797484687373,0.5971414728682171,46.18844696969698,1015.2462121212145,23.610377026074755,0
4898,4,1,0,42,0.023809523809523808,0.0,1.0,42,1250,800,450,0.64,17,8,9,356.8498058431947,0.44381533101045295,0.031903426434676696,0.19532831477732812,128685.3063652591,784.2653182629722,129469.57168352207,1380,0,209.66666666666666,40,2,17,37.28966346153847,0.6,46.34146341463416,1014.634146341466,25.36585365853665,0
4899,4,2,0,44,0.045454545454545456,0.0,1.0,44,1200,800,400,0.6666666666666666,16,8,8,351.10161271462425,0.4474101479915433,0.074994549814694,0.19521249666933127,129304.72932778127,281.88536915858936,129586.61469693985,1381,0,201.0909090909091,40,4,19,36.8043065547562,0.60625,45.73170731707318,1017.0731707317088,25.42682926829272,0
4900,4,0,0,44,0.0,0.0,1.0,44,1200,900,300,0.75,15,9,6,349.9036428107354,0.4472780126849894,0.07728180909999072,0.19480174997416372,129356.4150389981,252.45616861657663,129608.87120761468,1382,1,202.0909090909091,40,4,19,36.782176157176146,0.6067708333333333,45.680894308943095,1017.2764227642288,25.431910569105717,0
4901,4,1,0,45,0.022222222222222223,0.0,1.0,45,1150,800,350,0.6956521739130435,15,8,7,343.29691196547265,0.4490109427609428,0.08258173435927407,0.19270800410877575,129680.91699932293,-96.18833065633095,129584.7286686666,1383,0,198.57777777777778,41,4,18,36.620462809649034,0.6084857723577235,45.36210317460318,1018.5515873015878,24.84272164150214,0
4902,4,0,1,44,0.0,0.022222222222222223,0.9777777777777777,45,1200,900,300,0.75,15,9,6,343.09665721281783,0.44884259259259257,0.028828336634114216,0.1905181779130568,129254.34570312545,-81.6922211592528,129172.6534819662,1384,1,199.57777777777778,39,6,16,37.05908966741788,0.6073717948717949,45.78125000000002,1016.8750000000036,26.07371794871804,8
4903,4,0,1,43,0.0,0.022727272727272728,0.9772727272727273,44,1150,500,650,0.43478260869565216,18,5,13,343.5084221999253,0.44687059548978153,0.042134831460674205,0.191411978034517,129391.54071015077,89.41679907228047,129480.95750922305,1385,2,205.0,38,6,16,36.90910602401204,0.6104714912280702,45.64636752136754,1017.4145299145323,26.774066576698218,0
4904,4,0,0,43,0.0,0.0,1.0,43,800,500,300,0.625,11,5,6,348.339988149806,0.4445136581764489,0.050808325666627185,0.19385423335727384,129340.77222077965,410.9126125346414,129751.68483331428,1386,5,210.72093023255815,37,6,17,36.8378561675829,0.6117680180180181,45.69627192982457,1017.2149122807032,27.49229492650549,0
4905,4,0,2,41,0.0,0.046511627906976744,0.9534883720930233,43,1500,1200,300,0.8,18,12,6,344.8992883882311,0.4442829457364341,0.04418795116469498,0.19229316489590487,129413.28125000045,326.9097222222667,129740.19097222271,1387,6,211.72093023255815,39,4,18,36.851624351624345,0.608974358974359,45.62500000000002,1017.5000000000036,26.089743589743684,0
4906,4,0,0,41,0.0,0.0,1.0,41,1250,900,350,0.72,16,9,7,353.7042768217055,0.44273373983739833,0.051453531541403974,0.19750216535777082,129473.0771513626,959.0362243407315,130432.11337570332,1388,7,219.02439024390245,38,3,11,36.56680838407167,0.6112938596491229,45.566239316239326,1017.7350427350442,26.782501124606426,0
4907,4,0,1,40,0.0,0.024390243902439025,0.975609756097561,41,1300,800,500,0.6153846153846154,18,8,10,356.3254713397465,0.4423780487804878,0.05108386865610548,0.1995171411203167,129581.83235627173,1034.6614982833257,130616.49385455505,1389,8,220.02439024390245,38,3,12,36.389471843301855,0.612390350877193,45.459401709401725,1018.1623931623953,26.793747188484087,0
4908,4,0,0,40,0.0,0.0,1.0,40,1100,700,400,0.6363636363636364,15,7,8,361.19921864340733,0.44117254273504275,0.04361266695389965,0.20201045457140945,129536.0351261928,1357.6629347491703,130893.69806094197,1390,9,225.575,37,3,13,36.3120242711475,0.6137387387387387,45.50438596491229,1017.9824561403518,27.513039355144645,0
4909,4,2,0,42,0.047619047619047616,0.0,1.0,42,750,300,450,0.4,12,3,9,347.0531832423692,0.44495257452574527,0.05547448805875743,0.19639599213542197,129996.88042534745,623.1662326389103,130620.04665798636,1391,0,215.78571428571428,39,3,15,36.20403472931562,0.6148504273504274,45.05208333333334,1019.7916666666686,26.148504273504322,0
4910,4,0,1,41,0.0,0.023809523809523808,0.9761904761904762,42,1550,1200,350,0.7741935483870968,19,12,7,332.1339604725551,0.44348867595818814,0.017426796168311,0.18535990902860974,129452.33298947735,206.42742839140868,129658.76041786876,1392,1,216.78571428571428,37,5,15,37.13669055058721,0.6128941441441442,45.586622807017534,1017.6535087719284,27.504148885727794,8
4911,4,0,0,41,0.0,0.0,1.0,41,1400,1100,300,0.7857142857142857,17,11,6,333.20236106261405,0.44004065040650403,0.04039684723323611,0.18666764242429706,129602.41280131481,436.76598896192866,130039.17879027674,1393,2,223.0487804878049,36,5,16,36.957162869571604,0.6163194444444444,45.439189189189186,1018.2432432432431,28.28453453453453,0
4912,4,0,0,41,0.0,0.0,1.0,41,1300,900,400,0.6923076923076923,17,9,8,331.2408460886417,0.4399390243902439,0.044191983867445384,0.18624834894741715,129745.78622118742,395.4208008684337,130141.20702205585,1394,3,224.0487804878049,36,5,18,36.861666850889776,0.6177662037037037,45.29842342342342,1018.8063063063064,28.300175175175177,0
4913,4,0,0,41,0.0,0.0,1.0,41,1000,600,400,0.6,14,6,8,330.35572784713565,0.43930386178861786,0.04120199434038585,0.18615936095993602,129831.84831791231,378.1389497605544,130209.98726767287,1395,4,225.0487804878049,36,5,18,36.79696132596686,0.6186342592592593,45.213963963963955,1019.1441441441426,28.309559559559517,0
4914,4,1,1,41,0.023809523809523808,0.023809523809523808,0.9761904761904762,42,1100,900,200,0.8181818181818182,13,9,4,325.1830405694647,0.4401132404181185,0.04173320230929889,0.18448189082062774,130094.74068944261,60.92066789778272,130155.66135734039,1396,0,220.66666666666666,37,5,19,36.662546574949836,0.6193693693693694,44.95614035087718,1020.1754385964888,27.572309151256455,0
4915,4,0,0,41,0.0,0.0,1.0,41,1250,1000,250,0.8,15,10,5,331.9758541249111,0.4398882113821138,0.04503725726227081,0.1880366048035845,130032.7708409421,433.5480328301037,130466.31887377221,1397,1,224.5609756097561,36,5,19,36.55206838173052,0.6206597222222222,45.01689189189188,1019.9324324324309,28.331456456456415,0
4916,4,0,2,39,0.0,0.04878048780487805,0.9512195121951219,41,1150,700,450,0.6086956521739131,16,7,9,336.48356286761555,0.43915142276422764,0.04967674475283457,0.19130436894373187,130178.65022170251,560.5952071790915,130739.24542888161,1398,2,225.5609756097561,37,4,20,36.289329715984366,0.6202139639639639,44.87390350877191,1020.5043859649097,27.581199620673235,0
4917,4,1,2,38,0.025,0.05,0.95,40,750,500,250,0.6666666666666666,10,5,5,335.96800271350617,0.438795405982906,0.07196351556125435,0.19202328416250292,130384.14292800448,761.0341201923911,131145.17704819687,1399,0,230.5,34,6,21,36.09443602595485,0.6283700980392157,44.672619047619044,1021.3095238095234,30.038515406162453,0
4918,4,0,1,37,0.0,0.02631578947368421,0.9736842105263158,38,750,600,150,0.8,9,6,3,335.01366543324576,0.43752963489805596,0.06416390626916879,0.19162781662781636,130414.54081632638,1138.1306689342177,131552.6714852606,1400,1,229.23684210526315,34,4,21,36.088043900543894,0.6286764705882353,44.64285714285713,1021.4285714285702,30.042016806722653,0
4919,4,0,2,35,0.0,0.05405405405405406,0.9459459459459459,37,1150,1100,50,0.9565217391304348,12,11,1,343.8839555431883,0.43587337337337334,0.07507399446946073,0.19704196133082888,130481.60750973185,1574.1062632160738,132055.71377294793,1401,2,235.59459459459458,33,4,21,35.79362580464596,0.6316287878787878,44.57720588235294,1021.6911764705883,30.960338680926917,0
4920,4,0,0,35,0.0,0.0,1.0,35,1200,900,300,0.75,15,9,6,354.5282824747467,0.4351190476190476,0.07388748950461776,0.2031410509272827,130481.60750973188,2251.884040993851,132733.49155072574,1402,3,240.9142857142857,33,2,22,35.52174543200991,0.6316287878787878,44.57720588235294,1021.6911764705885,30.960338680926924,0
4921,4,0,0,35,0.0,0.0,1.0,35,1100,800,300,0.7272727272727273,14,8,6,354.1329879973378,0.43522408963585435,0.07161703731624569,0.2030784631307981,130512.91120001924,2243.785443098809,132756.69664311805,1403,4,241.9142857142857,33,2,14,35.50011993283761,0.6319444444444444,44.54656862745098,1021.8137254901962,30.964052287581705,0
4922,4,0,0,35,0.0,0.0,1.0,35,750,400,350,0.5333333333333333,11,4,7,357.6550230858419,0.43392857142857144,0.06772486772486785,0.20592932074569895,130669.4859699394,2346.9196042387503,133016.40557417815,1404,5,242.9142857142857,33,2,14,35.25148327939589,0.6335227272727273,44.393382352941174,1022.4264705882349,30.982620320855602,0
4923,4,1,0,36,0.027777777777777776,0.0,1.0,36,700,600,100,0.8571428571428571,8,6,2,351.04292147548745,0.4352347883597884,0.0691052182678138,0.2036617435118922,130962.30867346938,1994.6782879818538,132956.98696145124,1405,0,237.13888888888889,34,2,15,35.12420524152902,0.6341911764705883,44.107142857142854,1023.5714285714286,30.10504201680672,0
4924,4,0,0,36,0.0,0.0,1.0,36,350,200,150,0.5714285714285714,5,2,3,353.3937263385616,0.43549933862433865,0.06989664082687375,0.205350408548083,131023.24263038553,2060.558390022684,133083.80102040822,1406,1,238.13888888888889,34,2,16,35.00242248062016,0.6348039215686274,44.04761904761905,1023.8095238095241,30.112044817927178,0
4925,4,0,1,35,0.0,0.027777777777777776,0.9722222222222222,36,1000,600,400,0.6,14,6,8,350.88427816776664,0.43500330687830685,0.0713091040593068,0.2043776198427419,131114.670138889,2001.215277777783,133115.88541666677,1407,2,239.13888888888889,34,2,16,34.9742337944128,0.6357230392156863,43.958333333333336,1024.1666666666674,30.122549019607867,0
4926,4,0,0,35,0.0,0.0,1.0,35,850,600,250,0.7058823529411765,11,6,5,360.7136656848736,0.43350840336134455,0.07815588768425741,0.20955507393125408,131014.28086553246,2451.7283016147603,133466.00916714722,1408,3,246.65714285714284,33,2,17,34.82413614236693,0.6369949494949495,44.056372549019606,1023.7745098039214,31.023469994058225,0
4927,4,0,0,35,0.0,0.0,1.0,35,1150,900,250,0.782608695652174,14,9,5,363.2905236695094,0.4333683473389356,0.08135523684165546,0.2115692617634907,131108.39468293454,2526.0874723664065,133634.48215530094,1409,4,247.65714285714284,33,2,17,34.662932272346545,0.6379419191919191,43.96446078431373,1024.1421568627457,31.034610814022596,0
4928,4,0,0,35,0.0,0.0,1.0,35,800,800,0,1.0,8,8,0,362.196474169517,0.4320028011204482,0.08095124201318948,0.21179628790248267,131265.3261365821,2508.7676614763573,133774.09379805846,1410,5,248.65714285714284,33,2,19,34.532209200350806,0.639520202020202,43.81127450980392,1024.7549019607843,31.053178847296493,0
4929,4,0,1,34,0.0,0.02857142857142857,0.9714285714285714,35,1050,1000,50,0.9523809523809523,11,10,1,366.82463409464077,0.43168767507002803,0.0832758444042212,0.21520721520587405,131390.9388816801,2639.4866157247184,134030.42549740482,1411,6,249.65714285714284,33,2,19,34.2865965415571,0.6407828282828283,43.68872549019608,1025.2450980392155,31.06803327391562,0
4930,4,0,0,34,0.0,0.0,1.0,34,1450,1200,250,0.8275862068965517,17,12,5,374.93205367759487,0.43224524658348185,0.07377571718342546,0.21997458640621884,131392.84256708494,3052.677660442809,134445.52022752774,1412,7,247.76470588235293,32,2,19,34.07686781609196,0.6432291666666667,43.686868686868685,1025.252525252525,32.039141414141405,0
4931,4,0,0,34,0.0,0.0,1.0,34,1000,700,300,0.7,13,7,6,379.7668871319059,0.43040701128936426,0.06913900189659938,0.223946714429163,131587.09092184468,3194.4839812264063,134781.57490307107,1413,8,248.76470588235293,32,2,16,33.756358191812296,0.6451822916666667,43.49747474747475,1026.010101010101,32.062815656565654,0
4932,4,0,0,34,0.0,0.0,1.0,34,700,500,200,0.7142857142857143,9,5,4,380.5901905260631,0.43010992275698157,0.07051657872451278,0.22462283793793128,131619.47959710742,3218.6165633608734,134838.0961604683,1414,9,249.76470588235293,32,2,16,33.702473237356955,0.6455078125,43.465909090909086,1026.1363636363633,32.06676136363635,0
4933,4,0,0,34,0.0,0.0,1.0,34,1050,500,550,0.47619047619047616,16,5,11,379.7543923212846,0.4297756981580511,0.06735612552107462,0.22432003639443324,131651.87225793285,3199.0753494541336,134850.94760738697,1415,10,250.76470588235293,32,2,16,33.69114993438319,0.6458333333333333,43.43434343434343,1026.262626262626,32.070707070707066,0
4934,4,1,0,35,0.02857142857142857,0.0,1.0,35,1050,700,350,0.6666666666666666,14,7,7,370.449739471295,0.4309873949579832,0.06550273382275296,0.22113608291428807,132051.39136690192,2783.680705738152,134835.07207264006,1416,0,244.57142857142858,33,2,18,33.52646456818091,0.6474116161616161,43.04534313725489,1027.8186274509787,31.146019013666024,0
4935,4,0,1,34,0.0,0.02857142857142857,0.9714285714285714,35,1150,600,550,0.5217391304347826,17,6,11,372.24332192942916,0.4296218487394958,0.06673926359490934,0.2238792930458084,132334.9492983467,2852.1602268358247,135187.10952518252,1417,1,245.57142857142858,33,2,18,33.19437827536923,0.6502525252525253,42.76960784313725,1028.9215686274504,31.179441473559102,0
4936,4,1,0,35,0.02857142857142857,0.0,1.0,35,1150,900,250,0.782608695652174,14,9,5,370.55895691610004,0.4287464985994398,0.06651700680272143,0.223613163656267,132461.07266435964,2816.9273836985512,135278.0000480582,1418,0,245.22857142857143,33,2,20,33.11061507936508,0.6515151515151515,42.6470588235294,1029.4117647058806,31.1942959001782,0
4937,4,0,0,35,0.0,0.0,1.0,35,850,500,350,0.5882352941176471,12,5,7,372.76974837550455,0.42836134453781516,0.06709967014656426,0.2253245630108624,132524.1568747596,2880.199322375995,135404.35619713558,1419,1,246.22857142857143,33,2,20,32.99016107276046,0.6521464646464646,42.58578431372548,1029.656862745097,31.201723113487787,0
4938,4,0,0,35,0.0,0.0,1.0,35,1400,1200,200,0.8571428571428571,16,12,4,370.8492778092803,0.42766106442577034,0.06364161653240874,0.22491767887913486,132650.37035034603,2838.6588091118765,135489.02915945792,1420,2,247.22857142857143,33,2,14,32.912502974066136,0.6534090909090908,42.463235294117645,1030.1470588235293,31.216577540106947,0
4939,4,0,0,35,0.0,0.0,1.0,35,900,600,300,0.6666666666666666,12,6,6,373.6772230556173,0.4273809523809524,0.06573127229488707,0.22739692083196383,132776.6438989811,2923.121515763159,135699.76541474427,1421,3,248.22857142857143,33,2,14,32.71254458977408,0.6546717171717171,42.3406862745098,1030.6372549019602,31.231431966726067,0
4940,4,0,2,33,0.0,0.05714285714285714,0.9428571428571428,35,800,600,200,0.75,10,6,4,371.44279834242326,0.42696078431372547,0.05765900370131449,0.22680113971358126,132902.97752066512,2873.1707756632077,135776.14829632832,1422,4,249.22857142857143,33,2,14,32.643015608905785,0.6559343434343434,42.21813725490196,1031.1274509803923,31.24628639334522,0
4941,4,0,0,33,0.0,0.0,1.0,33,700,500,200,0.7142857142857143,9,5,4,390.6955780981045,0.4217171717171717,0.07156265563345232,0.2366310890318534,132599.08888075076,3761.175537109364,136360.26441786013,1423,7,263.93939393939394,31,2,20,32.45311841550781,0.6579301075268817,42.51302083333333,1029.9479166666658,33.224126344085995,0
4942,4,0,1,32,0.0,0.030303030303030304,0.9696969696969697,33,1300,1200,100,0.9230769230769231,14,12,2,392.99282609884165,0.42088857323232326,0.06454947453052329,0.23908825661585936,132766.77661471892,3835.2781507703953,136602.05476548933,1424,8,264.93939393939394,31,2,15,32.22481048641819,0.6596102150537635,42.350260416666664,1030.598958333333,33.24512768817203,0
4943,4,0,0,32,0.0,0.0,1.0,32,900,600,300,0.6666666666666666,12,6,6,404.56731638674114,0.41899781586021506,0.07610485975211989,0.24552719557437602,132674.80570369403,4335.178019135156,137009.98372282917,1425,9,272.875,30,2,15,32.01946075233746,0.6614583333333333,42.439516129032256,1030.2419354838707,34.34139784946236,0
4944,4,0,0,32,0.0,0.0,1.0,32,1100,700,400,0.6363636363636364,15,7,8,406.4276724710012,0.41899781586021506,0.07764338049519992,0.24748318886772663,132800.32687717016,4394.745551215284,137195.07242838544,1426,10,273.875,31,1,15,31.844786929425645,0.6599462365591398,42.317708333333336,1030.7291666666667,33.24932795698925,0
4945,4,0,0,32,0.0,0.0,1.0,32,750,500,250,0.6666666666666666,10,5,5,406.12190812763123,0.4188088037634408,0.07870326512567893,0.2475186410043462,132833.88137817383,4389.349873860677,137223.23125203451,1427,11,274.875,31,1,16,31.818791840343568,0.6602822580645161,42.28515625,1030.859375,33.25352822580645,0
4946,4,0,1,31,0.0,0.03125,0.96875,32,850,600,250,0.7058823529411765,11,6,5,406.44832159983633,0.41840977822580644,0.08061868686868667,0.24838508542212243,132934.57031250015,4406.206597222237,137340.7769097224,1428,12,275.875,31,1,16,31.7087542087542,0.6612903225806452,42.18750000000001,1031.2500000000011,33.2661290322581,0
4947,4,0,0,31,0.0,0.0,1.0,31,1300,1100,200,0.8461538461538461,15,11,4,416.25268707301774,0.41545698924731184,0.09336001883682621,0.25425880694460135,132917.24476818138,4865.432058619506,137782.6768268009,1429,24,285.38709677419354,30,1,17,31.47348583594023,0.6638888888888889,42.20430107526882,1031.1827956989252,34.37275985663084,0
4948,4,0,0,31,0.0,0.0,1.0,31,550,300,250,0.5454545454545454,8,3,5,411.34255005358153,0.4154121863799283,0.08634653777450851,0.25195962263856647,133021.21497066141,4743.457155451509,137764.6721261129,1430,25,286.38709677419354,30,1,17,31.49511400651466,0.6649305555555556,42.10349462365592,1031.586021505377,34.3862007168459,0
4949,4,0,0,31,0.0,0.0,1.0,31,700,500,200,0.7142857142857143,9,5,4,412.86284544475416,0.41487455197132617,0.08819501046139355,0.253596874185986,133125.22582090425,4792.491906578805,137917.71772748305,1431,26,287.38709677419354,30,1,17,31.350937744204217,0.6659722222222222,42.002688172043015,1031.9892473118286,34.399641577060954,0
4950,4,0,0,31,0.0,0.0,1.0,31,500,300,200,0.6,7,3,4,413.99923730275043,0.41465053763440857,0.0907208179828527,0.2545316367692409,133159.90513715448,4825.619833217698,137985.52497037218,1432,27,288.38709677419354,30,1,17,31.28662586274255,0.6663194444444445,41.96908602150537,1032.1236559139775,34.40412186379925,0
4951,4,0,0,31,0.0,0.0,1.0,31,700,500,200,0.7142857142857143,9,5,4,413.2497420442553,0.4143817204301075,0.09011260005615762,0.25413737045654083,133169.6595085991,4806.465488009978,137976.12499660908,1433,28,289.38709677419354,31,0,17,31.296124006559857,0.6636424731182795,41.959635416666664,1032.161458333333,33.29553091397848,0
4952,4,0,0,31,0.0,0.0,1.0,31,350,200,150,0.5714285714285714,5,2,3,413.25469230292174,0.4138888888888889,0.0924215921571816,0.25482968195662264,133270.47559950085,4814.929877387148,138085.405476888,1434,29,290.38709677419354,31,0,19,31.19430432955023,0.6646505376344086,41.861979166666664,1032.5520833333333,33.308131720430104,0
4953,4,0,0,31,0.0,0.0,1.0,31,900,700,200,0.7777777777777778,11,7,4,412.18564986704746,0.4136648745519713,0.09444478321848893,0.2553234294843889,133438.5871887207,4800.294155544704,138238.88134426542,1435,30,291.38709677419354,31,0,20,31.052431211930255,0.6663306451612903,41.69921875,1033.203125,33.32913306451613,0
4954,4,0,0,31,0.0,0.0,1.0,31,700,500,200,0.7142857142857143,9,5,4,412.3309053069718,0.41321684587813623,0.09573361082206033,0.2556451612903227,133472.22222222228,4806.944444444454,138279.16666666674,1436,31,292.38709677419354,31,0,20,31.014784946236556,0.6666666666666667,41.66666666666667,1033.333333333334,33.33333333333335,0
4955,4,0,0,31,0.0,0.0,1.0,31,800,500,300,0.625,11,5,6,412.5184948702962,0.4131272401433692,0.04718383020133343,0.23698076532010226,130581.79253472219,4590.842013888884,135172.63454861107,1437,32,293.38709677419354,29,2,17,33.93845970919961,0.6433189655172413,44.479166666666664,1022.083333333333,35.244252873563205,8
4956,4,1,0,32,0.03125,0.0,1.0,32,750,500,250,0.6666666666666666,10,5,5,400.7672813735552,0.41492355510752693,0.03967198581560294,0.2322254246863205,130915.14373048912,4093.3012486992766,135008.44497918838,1438,0,285.1875,30,2,18,33.899724192277375,0.64375,44.153225806451616,1023.3870967741939,34.11290322580646,0
4957,4,0,1,31,0.0,0.03125,0.96875,32,800,400,400,0.5,12,4,8,401.5050413547773,0.415049563172043,0.03495929621848726,0.23306878010350482,130983.92877789338,4118.141548155854,135102.07032604923,1439,1,286.1875,30,2,18,33.8109462535014,0.6444444444444444,44.086021505376344,1023.6559139784945,34.12186379928315,0
4958,4,0,0,31,0.0,0.0,1.0,31,1000,800,200,0.8,12,8,4,411.26831637363534,0.4138888888888889,0.02897231835423919,0.23932764772082177,131079.11120756165,4581.737075617271,135660.84828317893,1440,2,280.16129032258067,29,2,21,33.464301053393,0.6483477011494253,43.99305555555555,1024.0277777777771,35.311302681992316,0
4959,4,1,0,32,0.03125,0.0,1.0,32,1300,1200,100,0.9230769230769231,14,12,2,401.6224268227632,0.41494455645161293,0.024063360430051084,0.23544767481761816,131362.5694625099,4151.63078824139,135514.2002507513,1441,0,272.375,30,2,22,33.42347362440453,0.6482638888888889,43.71639784946235,1025.1344086021488,34.171146953404964,0
4960,4,0,0,32,0.0,0.0,1.0,32,800,600,200,0.75,10,6,4,401.45318627408903,0.41492355510752693,0.02232142857142838,0.23598519347236485,131465.92994854876,4155.483292866201,135621.41324141496,1442,1,273.375,30,2,23,33.322957623416336,0.6493055555555556,43.61559139784945,1025.5376344086005,34.18458781362002,0
4961,4,0,0,32,0.0,0.0,1.0,32,900,800,100,0.8888888888888888,10,8,2,400.8455378215525,0.41446152553763443,0.02166863207547154,0.2360534833838029,131534.85952133176,4145.032301422098,135679.89182275385,1443,2,274.375,30,2,23,33.26863862683436,0.65,43.54838709677418,1025.8064516129016,34.19354838709672,0
4962,4,0,2,30,0.0,0.0625,0.9375,32,650,600,50,0.9230769230769231,7,6,1,404.0864274283399,0.41431451612903225,0.029142181911088638,0.22789542895598305,129864.12896050343,4095.266384548605,133959.39534505203,1444,3,275.375,31,1,17,34.88545392607733,0.6303763440860215,45.182291666666664,1019.2708333333329,32.87970430107526,8
4963,4,0,0,30,0.0,0.0,1.0,30,650,400,250,0.6153846153846154,9,4,5,424.33157713535184,0.4111350574712644,0.05466739417087241,0.23764513307710217,129589.99083719151,4997.8250385802685,134587.81587577178,1445,40,294.43333333333334,29,1,17,34.650087527849784,0.6332614942528736,45.4513888888889,1018.1944444444457,35.110153256705026,0
4964,4,0,1,29,0.0,0.03333333333333333,0.9666666666666667,30,900,500,400,0.5555555555555556,13,5,8,425.76770756227984,0.4109434865900383,0.0532379004771637,0.23931081494017817,129731.44531250015,5047.092013888902,134778.53732638905,1446,41,295.43333333333334,29,1,17,34.46872869802317,0.634698275862069,45.31250000000001,1018.7500000000011,35.12931034482762,0
4965,4,0,0,29,0.0,0.0,1.0,29,1000,700,300,0.7,13,7,6,429.6898302203187,0.41020114942528735,0.03354774445452002,0.24238998185910213,129872.97694830253,5361.019483024697,135233.99643132722,1447,42,291.58620689655174,29,0,17,34.22398033337875,0.6361350574712643,45.173611111111114,1019.305555555556,35.148467432950206,0
4966,4,0,0,29,0.0,0.0,1.0,29,850,400,450,0.47058823529411764,13,4,9,431.244550385625,0.41004720853858784,0.03212941955667015,0.24370794798928985,129943.77170138896,5407.508680555565,135351.28038194453,1448,43,292.58620689655174,29,0,17,34.11192276256641,0.6368534482758621,45.10416666666667,1019.5833333333339,35.15804597701152,0
4967,4,1,0,30,0.03333333333333333,0.0,1.0,30,950,800,150,0.8421052631578947,11,8,3,419.9622644190297,0.41166187739463606,0.0284548422198041,0.23971759068390566,130333.48765432097,4947.419945987653,135280.90760030862,1449,0,283.8,29,1,18,34.00151886108089,0.6408045977011494,44.72222222222222,1021.111111111111,35.21072796934865,0
4968,4,0,0,30,0.0,0.0,1.0,30,600,200,400,0.3333333333333333,10,2,8,425.0882856222836,0.41142241379310346,0.029037520391516747,0.24353188699669162,130475.34722222229,5092.7083333333385,135568.05555555562,1450,1,284.8,29,1,18,33.725870038064166,0.6422413793103448,44.583333333333336,1021.6666666666672,35.229885057471286,0
4969,4,0,0,30,0.0,0.0,1.0,30,1050,900,150,0.8571428571428571,12,9,3,424.7742819965608,0.4101293103448276,0.03099701168160829,0.24469391737548354,130688.28125,5102.604166666667,135790.88541666666,1451,2,285.8,29,1,17,33.516707416462914,0.6443965517241379,44.375,1022.5,35.258620689655174,0
4970,4,1,1,30,0.03225806451612903,0.03225806451612903,0.967741935483871,31,1000,800,200,0.8,12,8,4,414.6848701203439,0.4117831541218638,0.024411951684679023,0.24141350877102166,131094.66764661993,4672.59504530164,135767.26269192155,1452,0,277.5483870967742,31,0,18,33.36101398601399,0.6428091397849462,43.97786458333333,1024.088541666666,33.03511424731181,0
4971,4,1,0,31,0.03225806451612903,0.0,1.0,31,500,200,300,0.4,8,2,6,410.0522395612926,0.4136648745519713,0.037016161801522784,0.2408445254320623,131434.9175347223,4579.4518364800415,136014.36937120234,1453,0,273.64516129032256,29,2,19,33.13397331707977,0.6519396551724138,43.645833333333336,1025.4166666666672,35.359195402298866,0
4972,4,0,0,31,0.0,0.0,1.0,31,1100,800,300,0.7272727272727273,14,8,6,405.80361816118733,0.41375448028673834,0.03434999978869313,0.23918911331462075,131569.3310823504,4478.262118452976,136047.59320080339,1454,1,274.64516129032256,30,1,18,33.10652211886981,0.6503472222222222,43.514784946236546,1025.9408602150525,34.19802867383508,0
4973,4,0,0,31,0.0,0.0,1.0,31,650,300,350,0.46153846153846156,10,3,7,406.1173489715143,0.4134856630824373,0.03505925597312887,0.23980711209570843,131638.28775364193,4492.118489131673,136130.4062427736,1455,2,275.64516129032256,30,1,18,33.02854180309974,0.6510416666666667,43.44758064516128,1026.209677419354,34.206989247311796,0
4974,4,0,0,31,0.0,0.0,1.0,31,750,500,250,0.6666666666666666,10,5,5,406.1173489715143,0.4134856630824373,0.03505925597312887,0.23980711209570843,131638.28775364193,4492.118489131673,136130.4062427736,1456,3,276.64516129032256,30,1,18,33.02854180309974,0.6510416666666667,43.44758064516128,1026.209677419354,34.206989247311796,0
4975,4,0,0,31,0.0,0.0,1.0,31,850,600,250,0.7058823529411765,11,6,5,397.4271044922368,0.4128584229390681,0.029021951973616122,0.22357060335382864,129764.60986667222,4114.394632975269,133879.0044996475,1457,4,277.64516129032256,31,0,19,35.156682641107544,0.6293682795698925,45.27994791666667,1018.8802083333344,32.86710349462369,8
4976,4,0,0,31,0.0,0.0,1.0,31,1500,1100,400,0.7333333333333333,19,11,8,387.25104721597245,0.41303763440860214,0.011554593666437185,0.1959066658216006,125486.58371913574,3580.5483594352745,129067.13207857101,1458,5,278.64516129032256,29,2,21,39.81378800480547,0.5912356321839081,49.513888888888886,1001.944444444444,34.549808429118755,8
4977,4,0,0,31,0.0,0.0,1.0,31,1000,700,300,0.7,13,7,6,388.0157982879199,0.41330645161290325,0.021560148750324526,0.1971796904106187,125672.94629436929,3552.6177159209165,129225.56401029021,1459,6,279.64516129032256,30,1,22,39.601485701519216,0.5902777777777778,49.32795698924731,1002.6881720430107,33.422939068100355,0
4978,4,5,2,34,0.1388888888888889,0.05555555555555555,0.9444444444444444,36,700,600,100,0.8571428571428571,8,6,2,338.39000031051097,0.4345899470899471,0.027909037212050736,0.17736664722157705,126942.00857426283,1391.7277507603644,128333.73632502319,1460,0,241.66666666666666,34,2,21,39.54026383146292,0.5934436274509804,48.06547619047618,1007.7380952380935,29.639355742296868,0
4979,4,1,1,34,0.02857142857142857,0.02857142857142857,0.9714285714285714,35,750,400,350,0.5333333333333333,11,4,7,347.4129704439795,0.43126750700280114,0.03459499611709527,0.1816939774967213,126852.04790249419,1814.0093537414816,128666.05725623567,1461,0,249.54285714285714,34,1,23,39.405331678878134,0.5925245098039216,48.1547619047619,1007.3809523809513,29.628851540616214,0
4980,4,2,1,35,0.05555555555555555,0.027777777777777776,0.9722222222222222,36,1000,800,200,0.8,12,8,4,342.84565399997007,0.43422619047619043,0.05946768807699865,0.1823852899178526,127542.56129535158,1545.7093253968396,129088.27062074842,1462,0,243.33333333333334,34,2,14,38.8123649577686,0.5995710784313726,47.4702380952381,1010.1190476190485,29.709383753501427,0
4981,4,0,0,35,0.0,0.0,1.0,35,1250,900,350,0.72,16,9,7,351.4001812835788,0.4320728291316527,0.06478166416867337,0.1866579673029808,127482.44224773263,1959.4706632653347,129441.91291099797,1463,1,251.28571428571428,34,1,16,38.65795316122443,0.5989583333333333,47.52976190476192,1009.8809523809541,29.702380952381002,0
4982,4,2,3,34,0.05405405405405406,0.08108108108108109,0.9189189189189189,37,1200,900,300,0.75,15,9,6,334.22180868373056,0.43737487487487486,0.06544809548146557,0.18035138415766774,128116.0277676328,1163.8341043746796,129279.86187200747,1464,0,238.64864864864865,36,1,19,38.44410456062291,0.6012731481481481,46.90315315315317,1012.3873873873898,28.12187187187194,0
4983,4,0,0,34,0.0,0.0,1.0,34,600,400,200,0.6666666666666666,8,4,4,360.4108186954756,0.42697192513368987,0.0725414104521267,0.19223464495232157,127648.68830497887,2401.193651480203,130049.88195645908,1465,1,260.38235294117646,33,1,19,38.259964427197026,0.6029040404040404,47.365196078431374,1010.5392156862747,30.622400475341657,0
4984,4,2,1,35,0.05555555555555555,0.027777777777777776,0.9722222222222222,36,1050,800,250,0.7619047619047619,13,8,5,343.89160874944116,0.43194444444444446,0.08168129342318342,0.18612148901019365,128234.94897959183,1620.7457492801027,129855.69472887194,1466,0,246.86111111111111,34,2,21,38.077887478451636,0.6066176470588236,46.785714285714285,1012.8571428571428,29.789915966386552,0
4985,4,1,0,36,0.027777777777777776,0.0,1.0,36,650,400,250,0.6153846153846154,9,4,5,345.8819691960132,0.4330191798941799,0.09510993671299017,0.18819073276064224,128446.04768990923,1685.4343820861618,130131.4820719954,1467,0,247.36111111111111,34,2,17,37.81194950088079,0.6087622549019608,46.57738095238095,1013.6904761904757,29.81442577030811,0
4986,4,2,0,38,0.05263157894736842,0.0,1.0,38,950,700,250,0.7368421052631579,12,7,5,329.9562170285354,0.4343735182550972,0.1072026458699109,0.1823144486373837,129058.31665702868,916.7187880448018,129975.03544507349,1468,0,235.28947368421052,36,2,19,37.59235657024639,0.6108217592592593,45.9740990990991,1016.1036036036039,28.225100100100107,0
4987,4,1,1,38,0.02564102564102564,0.02564102564102564,0.9743589743589743,39,800,500,300,0.625,11,5,6,325.4283605385151,0.4347728295096716,0.125903762580845,0.18161759555970866,129452.33298947735,625.492098530297,130077.82508800765,1469,0,230.23076923076923,37,2,16,37.30728998311963,0.6128941441441442,45.586622807017534,1017.6535087719284,27.504148885727794,0
4988,4,0,0,38,0.0,0.0,1.0,38,850,600,250,0.7058823529411765,11,6,5,331.92867771735587,0.4309358700806069,0.12531536413268274,0.1847388629587726,129344.54038075249,986.632451708474,130331.17283246096,1470,1,237.1578947368421,36,2,20,37.25137458946824,0.6137152777777778,45.69256756756757,1017.2297297297307,28.25638138138141,0
4989,4,1,0,39,0.02564102564102564,0.0,1.0,39,850,400,450,0.47058823529411764,13,4,9,326.81694070086223,0.4334514170040486,0.12367537009586727,0.1834321789831001,129675.59880203509,676.0364968066909,130351.63529884178,1471,0,232.05128205128204,37,2,17,37.04549736247174,0.6151463963963963,45.3673245614035,1018.5307017543848,27.527856804172565,0
4990,4,0,0,39,0.0,0.0,1.0,39,1400,1100,300,0.7857142857142857,17,11,6,326.8853629418092,0.4330859199280252,0.12109978375038621,0.1843887338535835,129871.11418898105,690.5932594644325,130561.70744844548,1472,1,233.05128205128204,37,2,18,36.845596672403886,0.6171171171171171,45.17543859649122,1019.2982456140337,27.548601232811723,0
4991,4,0,0,39,0.0,0.0,1.0,39,1150,700,450,0.6086956521739131,16,7,9,328.10914556596134,0.43274853801169594,0.12522746071133128,0.18560918818512398,129982.90339335173,729.7158741151012,130712.61926746684,1473,2,234.05128205128204,37,2,19,36.70116487455197,0.6182432432432432,45.065789473684205,1019.7368421052627,27.560455192034127,0
4992,4,0,0,39,0.0,0.0,1.0,39,1000,600,400,0.6,14,6,8,326.1387847434966,0.43266419253261357,0.12138755413672153,0.18462670948869483,130010.85820877552,680.3166599338031,130691.17486870932,1474,3,235.05128205128204,37,2,19,36.72308981113142,0.6185247747747749,45.038377192982445,1019.8464912280681,27.56341868183968,0
4993,4,0,1,38,0.0,0.02564102564102564,0.9743589743589743,39,1550,1000,550,0.6451612903225806,21,10,11,326.4812826848377,0.43213000449842554,0.12055993145495725,0.18561767244641306,130178.65022170267,700.178540512454,130878.82876221513,1475,4,236.05128205128204,37,2,20,36.54451398588876,0.6202139639639639,44.873903508771924,1020.504385964911,27.58119962067327,0
4994,4,0,1,37,0.0,0.02631578947368421,0.9736842105263158,38,1300,900,400,0.6923076923076923,17,9,8,340.33016429013145,0.4291281412991939,0.12178675556691276,0.1934800469759834,130176.38204082476,1260.589897329772,131436.97193815451,1476,5,242.8684210526316,36,2,20,36.19349113514308,0.6221064814814814,44.87612612612613,1020.4954954954967,28.34709709709713,0
4995,4,0,0,37,0.0,0.0,1.0,37,1000,800,200,0.8,12,8,4,347.3864832684981,0.42845970970970976,0.120019259018465,0.19688212714117506,130055.90284475725,1635.932543509928,131691.83538826718,1477,6,249.78378378378378,35,2,20,36.135656605771764,0.6229166666666667,44.994212962962955,1020.0231481481471,29.14351851851849,0
4996,4,2,2,37,0.05128205128205128,0.05128205128205128,0.9487179487179487,39,400,200,200,0.5,6,2,4,330.4913964981422,0.4322143499775079,0.11419059650074792,0.1894218850554418,130492.6056757772,825.500796502378,131318.10647227959,1478,0,237.92307692307693,36,3,16,36.12458209339068,0.6252893518518519,44.56644144144145,1021.7342342342348,28.381506506506522,0
4997,4,0,0,37,0.0,0.0,1.0,37,1700,1400,300,0.8235294117647058,20,14,6,351.02040816326536,0.42761511511511513,0.10678433535576382,0.2,130262.58680555549,1744.9652777777715,132007.55208333326,1479,8,251.78378378378378,34,3,21,35.83333333333333,0.6271446078431373,44.791666666666664,1020.8333333333328,30.024509803921553,0
4998,4,0,1,36,0.0,0.02702702702702703,0.972972972972973,37,800,500,300,0.625,11,5,6,356.3132671524281,0.4271146146146146,0.10873810873810874,0.20381118881118881,130414.54081632645,1893.686224489787,132308.22704081624,1480,9,252.78378378378378,34,3,21,35.54414335664337,0.6286764705882353,44.64285714285714,1021.4285714285708,30.04201680672267,0
4999,4,0,0,36,0.0,0.0,1.0,36,1450,1300,150,0.896551724137931,16,13,3,357.60435429555963,0.42564484126984126,0.09581198571650384,0.20583821680229655,130657.8514739228,2144.7633219954514,132802.61479591826,1481,10,252.16666666666666,34,2,18,35.26456489675516,0.6311274509803921,44.4047619047619,1022.3809523809515,30.070028011204457,0
5000,4,0,0,36,0.0,0.0,1.0,36,1200,1000,200,0.8333333333333334,14,10,4,402.29545893409824,0.4247519841269842,0.12894474242235265,0.21689325449056282,128080.61876658017,3108.679966668364,131189.29873324852,1482,11,253.16666666666666,32,4,19,36.75756725292088,0.6097005208333333,46.93813131313133,1012.2474747474766,31.632733585858645,8
