period,mktsize,entries,exits,surviv,entryrate,exitrate,survivrate,firms,totresinv,totinninv,totimiinv,costshareinn,firmsres,firmsinn,firmsimi,hindex,div,gini,pcm,cs,totprofits,ts,maxage,minage,avgage,actfirms,inactfirms,profitablefirms,wmc,avgproxopt,price,totoutput,avgoutput,magtechshock
1,4,40,23,17,1.0,0.575,0.42500000000000004,40,0,0,0,0,0,0,0,392.43855566090224,0.5011752136752137,0.1676512494519955,0.16985813006878867,118776.04737380357,1722.4600956972538,120498.50746950082,0,0,0.0,38,2,17,46.73982536899021,0.5010964912280704,56.30341880341879,974.7863247863229,25.652271704903235,0
2,4,33,34,16,0.66,0.68,0.31999999999999995,50,200,100,100,0.5,3,1,2,308.8155941121689,0.4995663265306123,-0.17564535111808555,0.14390693773161217,122014.17057268189,-864.0242848987468,121150.14628778315,1,0,0.34,42,8,15,45.37625049038841,0.5287698412698414,53.00387596899225,987.9844961240307,23.52344038390549,0
3,4,26,22,20,0.6190476190476191,0.5238095238095238,0.47619047619047616,42,700,400,300,0.5714285714285714,10,4,6,336.927974896574,0.5006896051103368,-0.18329195817347443,0.15798178378483804,122280.57861328124,439.9495442708334,122720.52815755206,2,0,0.6190476190476191,39,3,15,44.403304370721436,0.5360576923076923,52.734375,989.0624999999999,25.36057692307692,0
4,4,27,23,24,0.574468085106383,0.48936170212765956,0.5106382978723405,47,550,200,350,0.36363636363636365,9,2,7,299.39238091915735,0.496222633364169,-0.14359322426715537,0.14644873742201608,124081.15216182928,-970.2096854155325,123110.94247641374,3,0,0.9787234042553191,42,5,18,43.46329345782273,0.5500992063492063,50.92054263565892,996.3178294573648,23.721853082318212,0
5,4,14,18,20,0.3684210526315789,0.47368421052631576,0.5263157894736843,38,550,300,250,0.5454545454545454,8,3,5,313.29224725098265,0.4896129682313893,-0.04904984046773564,0.1559458429238124,124813.10410046358,220.59557400099584,125033.69967446457,4,0,1.6842105263157894,38,0,15,42.360517124630256,0.5638706140350878,50.1869658119658,999.2521367521342,26.29610886189827,0
6,4,15,12,23,0.42857142857142855,0.34285714285714286,0.6571428571428571,35,450,200,250,0.4444444444444444,7,2,5,330.1098368312961,0.4922619047619048,-0.10812026593457436,0.16482594049414703,124942.13632758947,1248.9256472908442,126191.06197488031,5,0,1.7714285714285714,35,0,18,41.80703480744,0.5708333333333331,50.05787037037039,999.768518518521,28.564814814814884,0
7,4,5,3,25,0.17857142857142858,0.10714285714285714,0.8928571428571429,28,350,200,150,0.5714285714285714,5,2,3,388.002950726904,0.48484347442680775,-0.043316576702789544,0.18973289565164692,124067.83632249969,4027.737316686488,128095.57363918617,6,0,3.0357142857142856,28,0,25,41.27007018555909,0.5796130952380951,50.93390804597701,996.2643678160921,35.58087027914615,0
8,4,15,18,22,0.375,0.45,0.55,40,600,400,200,0.6666666666666666,8,4,4,291.23773267627956,0.48553685897435894,-0.04914454426163295,0.15177760218957967,126708.0309856075,-619.568068775158,126088.46291683234,7,0,2.75,40,0,11,40.967245382053115,0.5799479166666665,48.2977642276423,1006.808943089434,25.170223577235852,0
9,4,7,5,24,0.2413793103448276,0.1724137931034483,0.8275862068965517,29,850,700,150,0.8235294117647058,10,7,3,371.28660494266524,0.48537561576354676,-0.03902625663589887,0.18720114836619678,125347.46334876525,3507.9668209876277,128855.43016975287,8,0,3.689655172413793,29,0,18,40.35772075820621,0.5897988505747127,49.652777777777764,1001.3888888888873,34.530651340996116,0
10,4,6,6,24,0.2,0.2,0.8,30,550,300,250,0.5454545454545454,8,3,5,357.67057312374834,0.48108237547892724,-0.007189367585407114,0.18385349817929106,126145.08360793143,3023.6768701583887,129168.76047808983,9,0,4.366666666666666,30,0,20,39.87489965212739,0.5951388888888889,48.857526881720425,1004.5698924731173,33.48566308243724,0
11,4,7,8,23,0.22580645161290322,0.25806451612903225,0.7419354838709677,31,600,400,200,0.6666666666666666,8,4,4,355.91178946572353,0.48181003584229387,-0.04543859942199413,0.1842535296134884,126436.3945855034,2800.0406901041565,129236.43527560755,10,0,4.741935483870968,31,0,17,39.61893664767822,0.5954301075268817,48.56770833333333,1005.729166666666,32.442876344085995,0
12,4,7,6,24,0.23333333333333334,0.2,0.8,30,700,500,200,0.7142857142857143,9,5,4,366.50978165743743,0.4811302681992337,-0.06349630421230745,0.19026991854976258,126550.477295063,3276.3975604116076,129826.87485547461,11,0,5.1,30,0,20,39.23490515629174,0.5993055555555555,48.454301075268816,1006.1827956989246,33.539426523297486,0
13,4,4,4,24,0.14285714285714285,0.14285714285714285,0.8571428571428572,28,950,500,450,0.5263157894736842,14,5,9,377.3849717826718,0.4769345238095238,-0.04539104721117593,0.196256995348004,126621.60467449459,3957.018141432147,130578.62281592673,12,0,5.964285714285714,28,0,20,38.88799666904591,0.6060267857142858,48.38362068965517,1006.4655172413788,35.94519704433496,0
14,4,3,3,24,0.1111111111111111,0.1111111111111111,0.8888888888888888,27,450,300,150,0.6666666666666666,6,3,3,387.6307927077575,0.47091642924976257,-0.030365769496204065,0.2013179278256417,126567.38281249999,4412.282986111111,130979.6657986111,13,0,7.074074074074074,27,0,21,38.68616287094549,0.6087962962962963,48.4375,1006.2499999999999,37.26851851851851,0
15,4,6,5,25,0.2,0.16666666666666666,0.8333333333333334,30,700,400,300,0.5714285714285714,10,4,6,354.13692664132174,0.477705938697318,-0.023940895495736525,0.18099523827725883,125908.90429890745,2917.798481038287,128826.70277994574,14,0,7.166666666666667,30,0,20,40.20718941118704,0.5927083333333333,49.09274193548388,1003.6290322580651,33.45430107526884,6
16,4,3,2,26,0.10714285714285714,0.07142857142857142,0.9285714285714286,28,650,500,150,0.7692307692307693,8,5,3,379.0285170089084,0.4755291005291005,-0.015733120419277213,0.1924935219569261,125647.38778240203,3924.788611441423,129572.17639384346,15,0,8.25,28,0,21,39.85322919652239,0.5959821428571428,49.35344827586208,1002.5862068965529,35.80665024630546,0
17,4,2,1,27,0.07142857142857142,0.03571428571428571,0.9642857142857143,28,950,700,250,0.7368421052631579,12,7,5,376.6145780225444,0.4740134479717813,-0.007265569076592815,0.19243985570500913,125899.6012724601,3883.1250412868367,129782.72631374694,16,0,9.178571428571429,28,0,24,39.652827487473154,0.5985863095238095,49.10201149425288,1003.5919540229891,35.84256978653532,0
18,4,1,1,27,0.03571428571428571,0.03571428571428571,0.9642857142857143,28,950,600,350,0.631578947368421,13,6,7,378.6091837261755,0.47384810405643735,-0.011410788381742698,0.19413790059150723,126043.83680555568,3944.2708333333517,129988.10763888904,17,0,10.142857142857142,28,0,24,39.453665283540815,0.6000744047619047,48.95833333333334,1004.1666666666677,35.863095238095276,0
19,4,3,4,26,0.1,0.13333333333333333,0.8666666666666667,30,900,600,300,0.6666666666666666,12,6,6,356.802118693833,0.47464080459770114,-0.033805136422308646,0.18569083161209998,126651.92733625285,3037.9352020464903,129689.86253829933,18,0,10.366666666666667,30,0,20,39.37469399563803,0.6003472222222221,48.35349462365592,1006.5860215053772,33.55286738351257,0
20,4,5,5,26,0.16129032258064516,0.16129032258064516,0.8387096774193549,31,500,400,100,0.8,6,4,2,341.49455139161466,0.47495519713261647,0.002929902905347781,0.1806774244256934,127321.88118828676,2495.945739746098,129817.82692803285,19,0,10.580645161290322,31,0,20,39.07251214897002,0.604502688172043,47.688802083333336,1009.2447916666674,32.556283602150565,0
21,4,3,4,25,0.10344827586206896,0.13793103448275862,0.8620689655172413,29,700,400,300,0.5714285714285714,10,4,6,360.7239490749483,0.4736761083743843,-0.029056103918301268,0.19026420059051175,127197.07031249983,3376.605902777749,130573.67621527758,20,0,10.862068965517242,29,0,24,38.71549290926613,0.6088362068965518,47.812499999999986,1008.7499999999986,34.78448275862064,0
22,4,4,3,26,0.13793103448275862,0.10344827586206896,0.896551724137931,29,700,600,100,0.8571428571428571,8,6,2,381.137430591652,0.47254720853858784,-0.03373934923085731,0.19643236807415929,126253.1250000001,3823.9583333333458,130077.08333333344,21,0,11.310344827586206,29,0,24,39.17392205638475,0.5991379310344827,48.75000000000001,1005.0000000000008,34.65517241379313,5
23,4,5,5,26,0.16129032258064516,0.16129032258064516,0.8387096774193549,31,600,400,200,0.6666666666666666,8,4,4,360.1371366469639,0.4700716845878136,-0.05203317114660588,0.18839628304513603,126862.35427856455,2937.569003634997,129799.92328219955,22,0,11.35483870967742,31,0,19,39.074280513549624,0.599798387096774,48.14453125000001,1007.4218750000008,32.4974798387097,0
24,4,3,3,26,0.10344827586206896,0.10344827586206896,0.896551724137931,29,700,300,400,0.42857142857142855,11,3,8,385.6336518060558,0.46941707717569786,-0.04313915950061398,0.19976816211584073,126462.58680555547,3953.6458333333294,130416.2326388888,23,0,13.0,29,0,19,38.844587130626934,0.6012931034482758,48.541666666666664,1005.8333333333327,34.68390804597699,0
25,4,3,1,28,0.10344827586206896,0.034482758620689655,0.9655172413793104,29,1000,900,100,0.9,11,9,2,403.60699384971764,0.4701354679802956,0.0008605152574132635,0.20400961784428967,125451.7963927469,4326.644483024685,129778.44087577159,24,0,13.89655172413793,29,0,21,39.440217893618,0.5908764367816093,49.54861111111111,1001.8055555555554,34.54501915708812,7
26,4,3,2,29,0.0967741935483871,0.06451612903225806,0.935483870967742,31,1050,700,350,0.6666666666666666,14,7,7,383.1902715798873,0.47338709677419355,-0.014725507339744981,0.19633090924601393,126011.15120781786,3457.249450683588,129468.40065850146,25,0,13.903225806451612,31,0,22,39.37246033804524,0.5910618279569892,48.990885416666664,1004.0364583333328,32.388272849462346,0
27,4,2,2,29,0.06451612903225806,0.06451612903225806,0.935483870967742,31,1050,700,350,0.6666666666666666,14,7,7,385.9611735783064,0.4729838709677419,-0.007188277578103364,0.19858059243708884,126183.34297839506,3540.382705500093,129723.72568389514,26,0,14.838709677419354,29,2,22,39.124850244217114,0.5984195402298851,48.81944444444444,1004.7222222222222,34.6455938697318,0
28,4,7,6,30,0.19444444444444445,0.16666666666666666,0.8333333333333334,36,650,300,350,0.46153846153846156,10,3,7,334.6784456885855,0.4710978835978836,-0.010459634649381044,0.17804053991646707,127542.56129535158,1337.1492346938915,128879.71053004547,27,0,13.583333333333334,34,2,12,39.018611274798666,0.5995710784313724,47.4702380952381,1010.1190476190485,29.709383753501427,0
29,4,3,4,29,0.09090909090909091,0.12121212121212122,0.8787878787878788,33,1100,800,300,0.7272727272727273,14,8,6,362.769546848564,0.4708017676767677,0.005742944550071183,0.191157340808774,127157.66906738287,2625.785997178834,129783.4550645617,28,0,15.121212121212121,31,2,20,38.70438505895518,0.6028225806451613,47.85156250000001,1008.5937500000005,32.535282258064534,0
30,4,4,2,31,0.12121212121212122,0.06060606060606061,0.9393939393939394,33,800,500,300,0.625,11,5,6,363.80918460277144,0.4684343434343434,0.01675473643510772,0.1937402514298493,127584.8409864637,2683.307393391923,130268.14837985563,29,0,15.636363636363637,31,2,16,38.23959810112987,0.6071908602150538,47.428385416666664,1010.2864583333329,32.58988575268816,0
31,4,2,1,32,0.06060606060606061,0.030303030303030304,0.9696969696969697,33,850,600,250,0.7058823529411765,11,6,5,360.79540994593117,0.46973642676767674,0.0361865628440734,0.19328497914762277,127825.12825540752,2623.7439100601878,130448.8721654677,30,0,16.575757575757574,32,1,18,38.069411495401,0.6070963541666667,47.19065656565656,1011.2373737373729,31.601167929292902,0
32,4,2,0,34,0.058823529411764705,0.0,1.0,34,1250,800,450,0.64,17,8,9,351.3026465193466,0.47116384432560904,0.04117647058823515,0.19061553335481776,128336.36435376485,2217.37944469951,130553.74379846436,31,0,16.58823529411765,32,2,21,37.78660436137072,0.6123046875,46.685606060606055,1013.2575757575752,31.664299242424224,0
33,4,3,3,34,0.08108108108108109,0.08108108108108109,0.9189189189189189,37,900,600,300,0.6666666666666666,12,6,6,325.00928880623525,0.4708458458458458,0.045944407697395384,0.18036680999133134,129230.80800165025,1000.2426000942871,130231.05060174454,32,0,16.16216216216216,35,2,17,37.54280497059379,0.6145833333333335,45.80439814814814,1016.7824074074064,29.050925925925895,0
34,4,1,4,31,0.02857142857142857,0.11428571428571428,0.8857142857142857,35,900,500,400,0.5555555555555556,13,5,8,343.80891013929835,0.4684523809523809,0.048321962649024774,0.19005756552500383,129076.82742214506,1875.5526720491782,130952.38009419423,33,0,17.97142857142857,33,2,19,37.22161923138768,0.6174242424242425,45.95588235294116,1016.1764705882331,30.793226381461608,0
35,4,1,1,31,0.03125,0.03125,0.96875,32,800,500,300,0.625,11,5,6,372.05993539123136,0.467741935483871,0.034264842300556486,0.20315226284097188,128587.20119377962,3168.4291536593805,131755.630347439,34,0,19.03125,30,2,19,37.00415231027477,0.6201388888888889,46.43817204301075,1014.2473118279569,33.808243727598565,0
36,4,1,2,30,0.03125,0.0625,0.9375,32,1250,900,350,0.72,16,9,7,373.21296373988304,0.4676159274193548,0.05432552290177384,0.20518564251026775,128859.9928459939,3218.4439675107137,132078.4368135046,35,0,20.0,30,2,21,36.6960661018445,0.6229166666666666,46.16935483870969,1015.3225806451625,33.84408602150542,0
37,4,4,4,30,0.11764705882352941,0.11764705882352941,0.8823529411764706,34,900,600,300,0.6666666666666666,12,6,6,352.2276230020363,0.46875,0.027791161140554577,0.19628286211275325,129394.01113406815,2315.228994490382,131709.24012855854,36,0,19.058823529411764,32,2,22,36.684816331595925,0.623046875,45.643939393939405,1017.424242424244,31.794507575757624,0
38,4,1,0,31,0.03225806451612903,0.0,1.0,31,600,300,300,0.5,9,3,6,370.32761470120806,0.46581541218637995,0.04733551775288536,0.20519146117617706,129168.29639010975,3366.9174194336188,132535.21380954338,37,0,20.93548387096774,31,0,23,36.454597369881725,0.6233198924731183,45.86588541666668,1016.5364583333347,32.791498655914026,0
39,4,3,4,30,0.08823529411764706,0.11764705882352941,0.8823529411764706,34,1300,1000,300,0.7692307692307693,16,10,6,341.8049940928554,0.4664846999405823,0.023098892242872315,0.19334869856197526,129981.25908604894,2085.6529373703133,132066.91202341925,38,0,20.0,33,1,20,36.35367844409725,0.6265782828282827,45.06740196078433,1019.7303921568653,30.90092097445046,0
40,4,0,1,29,0.0,0.03333333333333333,0.9666666666666667,30,950,600,350,0.631578947368421,13,6,7,385.32570623970696,0.4641762452107279,0.04564326686697595,0.21406333999143665,129272.00038580263,3962.364969135824,133234.36535493846,39,1,22.566666666666666,29,1,24,35.96751798233634,0.6300287356321839,45.7638888888889,1016.9444444444458,35.06704980842917,0
41,4,0,0,29,0.0,0.0,1.0,29,750,200,550,0.26666666666666666,13,2,11,407.48516306102795,0.4637212643678161,0.04022173772767701,0.22144840833840468,128399.23743228962,4664.1568404016425,133063.39427269125,40,2,23.655172413793103,28,1,19,36.298849352613175,0.6242559523809523,46.62356321839081,1013.505747126437,36.196633825944176,2
42,4,1,1,29,0.03333333333333333,0.03333333333333333,0.9666666666666667,30,600,500,100,0.8333333333333334,7,5,2,397.03221928838514,0.46499042145593866,0.02935377875136891,0.21706012946724287,128637.19135802466,4214.621913580241,132851.81327160491,41,0,23.833333333333332,29,1,19,36.319710660825116,0.6235632183908046,46.388888888888886,1014.4444444444442,34.98084291187739,0
43,4,1,2,28,0.03333333333333333,0.06666666666666667,0.9333333333333333,30,850,600,250,0.7058823529411765,11,6,5,397.03221928838514,0.4639846743295019,0.02935377875136891,0.21706012946724287,128637.19135802466,4214.621913580241,132851.81327160491,42,0,24.8,29,1,19,36.319710660825116,0.6235632183908046,46.388888888888886,1014.4444444444442,34.98084291187739,0
44,4,0,0,28,0.0,0.0,1.0,28,1150,600,550,0.5217391304347826,17,6,11,414.0216888183563,0.4619157848324515,0.013539570757880703,0.2261195377392561,128596.93877551012,5048.384353741487,133645.3231292516,43,5,26.178571428571427,27,1,19,35.93016431924883,0.6296296296296298,46.42857142857142,1014.2857142857135,37.56613756613754,0
45,4,0,1,27,0.0,0.03571428571428571,0.9642857142857143,28,700,400,300,0.5714285714285714,10,4,6,414.3205020021932,0.460896164021164,0.008008086648649604,0.22692783157855057,128710.16521843111,5065.452053217116,133775.61727164823,44,6,27.178571428571427,27,1,19,35.80635601505597,0.6307870370370371,46.316964285714285,1014.7321428571428,37.582671957671955,0
46,4,1,1,27,0.03571428571428571,0.03571428571428571,0.9642857142857143,28,800,400,400,0.5,12,4,8,414.6577152883709,0.46213624338624343,0.002142123897513226,0.2271125269519197,128710.16521843111,5074.132608772673,133784.2978272038,45,0,27.857142857142858,27,1,20,35.797801486043895,0.6307870370370371,46.316964285714285,1014.7321428571428,37.582671957671955,0
47,4,1,2,26,0.03571428571428571,0.07142857142857142,0.9285714285714286,28,800,600,200,0.75,10,6,4,414.20471685389305,0.4605654761904762,0.013118252573436795,0.2288179455241409,129050.14349489796,5090.635629251695,134140.77912414965,46,0,28.821428571428573,27,1,21,35.46060339777386,0.6342592592592593,45.982142857142854,1016.0714285714286,37.63227513227513,0
48,4,1,2,25,0.037037037037037035,0.07407407407407407,0.9259259259259259,27,900,700,200,0.7777777777777778,11,7,4,427.4339907194289,0.45839268755935425,0.0011475631159714172,0.23609273447120124,129044.54351470807,5631.604843011729,134676.1483577198,47,0,29.11111111111111,26,1,21,35.13030326042933,0.6378205128205128,45.98765432098765,1016.049382716049,39.07882241215573,0
49,4,5,4,26,0.16666666666666666,0.13333333333333333,0.8666666666666667,30,700,500,200,0.7142857142857143,9,5,4,389.9207367805687,0.46230842911877396,-0.02535767815778711,0.21995605589797027,129872.9769483025,4128.033371913587,134001.0103202161,48,0,26.7,29,1,19,35.23740178044238,0.6361350574712643,45.173611111111114,1019.3055555555558,35.1484674329502,0
50,4,0,1,25,0.0,0.038461538461538464,0.9615384615384616,26,700,400,300,0.5714285714285714,10,4,6,436.63878019695807,0.45730769230769236,0.03248148753766755,0.2416557148216103,129122.95429431477,6076.017851699421,135198.9721460142,49,1,31.807692307692307,26,0,22,34.815960623544896,0.6386217948717949,45.91049382716049,1016.358024691357,39.09069325735988,0
51,4,1,1,25,0.038461538461538464,0.038461538461538464,0.9615384615384616,26,600,400,200,0.6666666666666666,8,4,4,425.82791544355786,0.45567307692307696,-0.019997667230419625,0.23779298072398508,129476.09751276484,5826.907340725501,135303.00485349033,50,0,30.884615384615383,26,0,19,34.728645438463474,0.6422275641025641,45.56327160493827,1017.7469135802471,39.14411206077874,0
52,4,1,3,23,0.038461538461538464,0.11538461538461539,0.8846153846153846,26,800,600,200,0.75,10,6,4,426.5826463621071,0.45564102564102565,-0.016368596544407366,0.23892973690128871,129593.91908626733,5856.503391251335,135450.42247751867,51,0,31.846153846153847,26,0,20,34.58876427200163,0.6434294871794872,45.44753086419753,1018.2098765432097,39.16191832858499,0
53,4,0,0,23,0.0,0.0,1.0,23,750,500,250,0.6666666666666666,10,5,5,470.7009227409748,0.4523221343873518,-0.017477502916632304,0.25957314787534813,128980.85229190782,7542.281237943685,136523.1335298515,52,4,33.130434782608695,23,0,22,34.09691363299721,0.649909420289855,46.05034722222223,1015.7986111111114,44.16515700483093,0
54,4,0,0,23,0.0,0.0,1.0,23,700,300,400,0.42857142857142855,11,3,8,472.05260822830564,0.4506752305665349,-0.016755544332377248,0.26119054523331786,129113.15164448303,7589.639998070995,136702.79164255402,53,5,34.130434782608695,23,0,22,33.92623277531034,0.6512681159420289,45.92013888888889,1016.3194444444445,44.18780193236715,0
55,4,0,0,23,0.0,0.0,1.0,23,650,400,250,0.6153846153846154,9,4,5,471.98333781241604,0.4505105401844532,-0.010334996436208277,0.26173621460506713,129201.38888888898,7596.180555555577,136797.56944444455,54,6,35.130434782608695,23,0,22,33.837090163934434,0.6521739130434782,45.83333333333334,1016.6666666666674,44.20289855072467,0
56,4,0,0,23,0.0,0.0,1.0,23,800,600,200,0.75,10,6,4,471.255200746702,0.4503458498023716,-0.009264276859350717,0.2616248067083824,129245.51881389855,7581.524582851084,136827.04339674965,55,7,36.130434782608695,23,0,22,33.810148824768085,0.6526268115942028,45.78993055555556,1016.8402777777779,44.21044685990339,0
57,4,4,4,23,0.14814814814814814,0.14814814814814814,0.8518518518518519,27,1050,700,350,0.6666666666666666,14,7,7,411.66879141832237,0.458511396011396,-0.0578910051363658,0.23071658801601788,129617.77044802284,5271.91818133501,134889.68862935784,56,0,31.62962962962963,27,0,20,34.944012129183086,0.6400462962962964,45.42410714285713,1018.3035714285705,37.71494708994706,3
58,4,2,1,24,0.08,0.04,0.96,25,700,600,100,0.8571428571428571,8,6,2,437.15743327153024,0.45263888888888887,-0.05309801449732121,0.24292478735036133,129282.86540516092,6303.393121301751,135586.25852646268,57,0,33.4,25,0,22,34.63861750183844,0.6441666666666668,45.75320512820512,1016.9871794871782,40.679487179487126,0
59,4,0,0,24,0.0,0.0,1.0,24,1050,800,250,0.7619047619047619,13,8,5,448.3074309447788,0.4492753623188406,-0.043701518627772606,0.2491413427709509,129286.12500000001,6791.98611111111,136078.11111111112,58,1,35.791666666666664,24,0,22,34.35178356822899,0.6484375,45.75,1017.0000000000001,42.37500000000001,0
60,4,0,0,24,0.0,0.0,1.0,24,800,700,100,0.875,9,7,2,451.81880562715946,0.44901117149758457,-0.045898170898171164,0.2519044573839095,129413.28125000001,6894.270833333337,136307.55208333334,59,2,36.791666666666664,24,0,22,34.13185913185913,0.6497395833333334,45.625,1017.5000000000001,42.395833333333336,0
61,4,3,2,25,0.1111111111111111,0.07407407407407407,0.9259259259259259,27,950,600,350,0.631578947368421,13,6,7,408.4545044102581,0.4506172839506173,-0.07224948312253376,0.23295148418609976,130300.56700414533,5244.370704010755,135544.93770815607,60,0,33.592592592592595,27,0,23,34.32884540640333,0.6469907407407408,44.75446428571428,1020.9821428571422,37.814153439153415,0
62,4,2,1,26,0.07407407407407407,0.037037037037037035,0.962962962962963,27,750,500,250,0.6666666666666666,10,5,5,406.5001387172975,0.4504392212725546,-0.06374794313614418,0.23274590928225566,130452.54315919064,5205.7953780470325,135658.33853723767,61,0,34.407407407407405,27,0,24,34.22387108521487,0.648533950617284,44.60565476190475,1021.5773809523799,37.83619929453259,0
63,4,2,4,24,0.07142857142857142,0.14285714285714285,0.8571428571428572,28,450,200,250,0.4444444444444444,7,2,5,394.07246810411624,0.44990079365079366,-0.05582738429453771,0.22861337644737148,130960.20775531765,4721.562458713159,135681.7702140308,62,0,34.107142857142854,28,0,21,34.02524330900244,0.6502976190476191,44.109195402298845,1023.5632183908039,36.55582922824299,0
64,4,3,3,24,0.1111111111111111,0.1111111111111111,0.8888888888888888,27,650,400,250,0.6153846153846154,9,4,5,409.3524169688779,0.4500237416904083,-0.06580529008123248,0.235763659429435,130680.67347381669,5298.889907525521,135979.56338134222,63,0,36.074074074074076,27,0,21,33.91867389511473,0.6508487654320987,44.38244047619048,1022.4702380952388,37.86926807760143,0
65,4,0,0,24,0.0,0.0,1.0,24,800,400,400,0.5,12,4,8,447.77819307602044,0.44478411835748793,-0.01207877402144919,0.254572504754362,130177.53125000026,6858.131944444486,137035.66319444476,64,2,41.583333333333336,24,0,23,33.451058849148026,0.6575520833333333,44.87500000000002,1020.5000000000022,42.52083333333342,0
66,4,1,1,24,0.04,0.04,0.96,25,750,600,150,0.8,9,6,3,431.68047579673026,0.445,-0.012392599560990814,0.24804126798482415,130589.98243343213,6274.629150230145,136864.61158366228,65,0,40.88,25,0,22,33.44047245740567,0.6575,44.47115384615386,1022.1153846153861,40.884615384615444,0
67,4,0,0,24,0.0,0.0,1.0,24,800,600,200,0.75,10,6,4,443.5836910442322,0.44391606280193235,-0.027868406742795004,0.25412785290664897,130475.34722222234,6775.3472222222435,137250.69444444458,66,1,41.041666666666664,24,0,24,33.25346655791191,0.6605902777777777,44.58333333333334,1021.6666666666675,42.56944444444448,0
68,4,2,2,24,0.07692307692307693,0.07692307692307693,0.9230769230769231,26,550,300,250,0.5454545454545454,8,3,5,418.0718245880443,0.44785256410256413,-0.062448553707031174,0.24311188046815735,131051.45759506944,5757.784398338685,136809.24199340813,67,0,38.80769230769231,26,0,22,33.3182617432806,0.6582532051282051,44.02006172839507,1023.9197530864204,39.381528964862326,0
69,4,1,1,24,0.04,0.04,0.96,25,1000,700,300,0.7,13,7,6,430.8416665184712,0.4458333333333333,-0.04919028974158168,0.2494038114887071,130876.79068560993,6277.434921515474,137154.2256071254,68,0,41.32,25,0,22,33.169374836857216,0.6604166666666667,44.19070512820514,1023.2371794871806,40.929487179487225,0
70,4,0,0,24,0.0,0.0,1.0,24,600,300,300,0.5,9,3,6,444.0409041618795,0.44236865942028986,-0.03309841942317093,0.25635738747332587,130773.50347222219,6813.7569444444425,137587.26041666663,69,4,44.041666666666664,24,0,23,32.93717071316062,0.6636284722222222,44.291666666666664,1022.833333333333,42.61805555555554,0
71,4,1,1,24,0.04,0.04,0.96,25,550,400,150,0.7272727272727273,7,4,3,431.49198880598703,0.44305555555555554,-0.04850837376741268,0.25084643462069633,131040.82236706944,6308.613011587783,137349.43537865722,70,0,43.24,25,0,23,32.98556764230187,0.6620833333333334,44.03044871794872,1023.8782051282058,40.95512820512823,0
72,4,1,1,24,0.04,0.04,0.96,25,700,300,400,0.42857142857142855,11,3,8,431.4556439663894,0.44111111111111106,-0.04589671361502334,0.25109303870175126,131081.84633875743,6311.200484878382,137393.0468236358,71,0,44.2,25,0,23,32.94470526864893,0.6624999999999999,43.99038461538462,1024.038461538462,40.961538461538474,0
73,4,0,0,24,0.0,0.0,1.0,24,950,600,350,0.631578947368421,13,6,7,444.3007042314134,0.43950030193236717,-0.027291836181177143,0.2587893675357377,131114.67013888882,6850.868055555546,137965.53819444435,72,7,47.041666666666664,24,0,23,32.582384052074865,0.6671006944444444,43.95833333333333,1024.166666666666,42.673611111111086,0
74,4,1,0,25,0.04,0.0,1.0,25,600,500,100,0.8333333333333334,7,5,2,428.7167968750001,0.4402083333333333,-0.03607499999999986,0.25218635110294135,131492.43918474697,6274.6034681131,137767.04265286008,73,0,46.12,25,0,24,32.597005208333336,0.6666666666666666,43.5897435897436,1025.6410256410263,41.02564102564105,0
75,4,1,1,25,0.038461538461538464,0.038461538461538464,0.9615384615384616,26,950,900,50,0.9473684210526315,10,9,1,417.85471538114854,0.4407051282051282,-0.04836584689349133,0.24832508799793948,131882.33500990688,5821.5311118731715,137703.86612178004,74,0,45.30769230769231,26,0,23,32.47978014823718,0.6666666666666667,43.209876543209866,1027.1604938271594,39.50617283950613,0
76,4,1,0,26,0.038461538461538464,0.0,1.0,26,1300,1000,300,0.7692307692307693,16,10,6,415.44857332112474,0.4371474358974359,-0.02788966472387333,0.2492317498816647,132239.22908569567,5787.7198121475185,138026.9488978432,75,0,46.26923076923077,26,0,24,32.179919979994985,0.6702724358974359,42.862654320987644,1028.5493827160485,39.55959164292494,0
77,4,0,0,26,0.0,0.0,1.0,26,650,600,50,0.9230769230769231,7,6,1,416.79595502304534,0.437051282051282,-0.027106556809526783,0.25030286812465014,132278.9137517145,5826.6632373113625,138105.57698902587,76,1,47.26923076923077,26,0,24,32.10508550855086,0.670673076923077,42.82407407407406,1028.7037037037023,39.565527065527014,0
78,4,1,1,26,0.037037037037037035,0.037037037037037035,0.962962962962963,27,600,400,200,0.6666666666666666,8,4,4,404.3007016065007,0.43785612535612534,-0.03926921573980402,0.24431061610614624,132512.89073572122,5315.010939271514,137827.90167499273,77,0,46.48148148148148,27,0,24,32.18989377077611,0.6693672839506173,42.596726190476176,1029.6130952380938,38.13381834215162,0
79,4,0,0,26,0.0,0.0,1.0,26,950,700,250,0.7368421052631579,12,7,5,416.0830508255266,0.4354487179487179,-0.02614831211953539,0.2514588872380354,132517.1467764059,5827.627743484201,138344.77451989008,78,3,49.26923076923077,26,0,24,31.882306654676263,0.6730769230769231,42.59259259259258,1029.6296296296287,39.601139601139565,0
80,4,0,0,26,0.0,0.0,1.0,26,950,600,350,0.631578947368421,13,6,7,415.63614755563935,0.43519230769230766,-0.025518083953804505,0.251720113319994,132596.60541457083,5822.3884506934755,138418.99386526432,79,4,50.26923076923077,26,0,24,31.813442713015693,0.6738782051282052,42.51543209876542,1029.9382716049372,39.613010446343736,0
81,4,0,0,26,0.0,0.0,1.0,26,800,500,300,0.625,11,5,6,415.4665792635669,0.43416666666666665,-0.02799926257086205,0.25215044392396085,132676.08786770288,5824.496075293372,138500.58394299625,80,5,51.26923076923077,26,0,21,31.737442580387473,0.6746794871794872,42.43827160493826,1030.2469135802453,39.624881291547894,0
82,4,0,0,26,0.0,0.0,1.0,26,550,400,150,0.7272727272727273,7,4,3,415.4665792635669,0.43416666666666665,-0.02799926257086205,0.25215044392396085,132676.08786770288,5824.496075293372,138500.58394299625,81,6,52.26923076923077,26,0,21,31.737442580387473,0.6746794871794872,42.43827160493826,1030.2469135802453,39.624881291547894,0
83,4,0,0,26,0.0,0.0,1.0,26,550,200,350,0.36363636363636365,9,2,7,415.03596638031195,0.4340064102564103,-0.025351090425225653,0.2521560643786479,132715.83802488173,5816.369217725938,138532.20724260766,82,7,53.26923076923077,26,0,21,31.708352054315817,0.6750801282051282,42.39969135802468,1030.4012345679002,39.63081671415001,0
84,4,0,0,26,0.0,0.0,1.0,26,550,400,150,0.7272727272727273,7,4,3,415.5738479086899,0.43378205128205133,-0.021459672403068675,0.25275065176085887,132755.59413580244,5833.950617283943,138589.54475308637,83,8,54.26923076923077,26,0,21,31.654312668463618,0.6754807692307693,42.36111111111111,1030.5555555555552,39.63675213675212,0
85,4,0,0,26,0.0,0.0,1.0,26,700,500,200,0.7142857142857143,9,5,4,417.43681708484826,0.4326602564102564,-0.013522848951676991,0.2546936415473854,132874.89819101506,5893.374914266111,138768.27310528117,84,9,55.26923076923077,26,0,21,31.48574315222272,0.6766826923076923,42.24537037037037,1031.0185185185182,39.654558404558394,0
86,4,0,0,26,0.0,0.0,1.0,26,500,500,0,1.0,5,5,0,417.74362373758447,0.43246794871794875,-0.015383464358475374,0.2554236630776099,132954.46399653243,5908.175916399921,138862.63991293235,85,10,56.26923076923077,26,0,21,31.39745124445109,0.6774839743589745,42.1682098765432,1031.327160493826,39.666429249762544,0
87,4,0,1,25,0.0,0.038461538461538464,0.9615384615384616,26,500,200,300,0.4,8,2,6,416.5726561568288,0.4321153846153846,-0.01553652810385353,0.2549790873399489,132994.25582990388,5880.354080932763,138874.60991083665,86,11,57.26923076923077,26,0,21,31.387455116696593,0.6778846153846154,42.12962962962962,1031.4814814814806,39.67236467236464,0
88,4,0,0,25,0.0,0.0,1.0,25,850,700,150,0.8235294117647058,10,7,3,428.1004771597633,0.4275,-0.007108901662265188,0.26219626750498554,133017.21536509707,6388.946673652219,139406.1620387493,87,12,60.04,25,0,23,31.06697607581171,0.6820833333333333,42.1073717948718,1031.5705128205136,41.26282051282055,0
89,4,0,0,25,0.0,0.0,1.0,25,1000,800,200,0.8,12,8,4,425.9718293514087,0.42604166666666665,-0.0025830487426268256,0.2623432623978755,133223.94035585158,6349.929117357022,139573.8694732086,88,13,61.04,25,0,24,30.913018731242882,0.6841666666666666,41.90705128205129,1032.371794871796,41.294871794871845,0
90,4,0,0,25,0.0,0.0,1.0,25,850,400,450,0.47058823529411764,13,4,9,426.1380384160572,0.42534722222222227,0.0012911235257604403,0.26303003060853186,133306.67529585803,6361.409023668645,139668.08431952668,89,14,62.04,25,0,24,30.825186219739283,0.6849999999999999,41.82692307692308,1032.692307692308,41.30769230769232,0
91,4,1,0,26,0.038461538461538464,0.0,1.0,26,500,400,100,0.8,6,4,2,409.81927221877305,0.4233974358974359,-0.004647053423902925,0.2562899627756208,133791.34278311243,5766.054145709516,139557.39692882195,90,0,60.61538461538461,26,0,21,30.758378082736684,0.6858974358974359,41.35802469135803,1034.5679012345686,39.79107312440648,0
92,4,0,0,26,0.0,0.0,1.0,26,650,500,150,0.7692307692307693,8,5,3,410.6661862078284,0.4230448717948718,-0.005730511099638846,0.2570977384242288,133831.25964506183,5791.994598765445,139623.25424382728,91,1,61.61538461538461,26,0,21,30.6963087248322,0.6862980769230769,41.31944444444445,1034.722222222223,39.79700854700858,0
93,4,0,0,26,0.0,0.0,1.0,26,600,400,200,0.6666666666666666,8,4,4,433.93885358841965,0.4230448717948718,-0.017961058343070713,0.2560123724498135,131605.084138279,6221.711867474437,137826.79600575342,92,2,62.61538461538461,26,0,20,32.3485361207199,0.6638621794871795,43.47993827160492,1026.0802469135783,39.46462488129147,7
94,4,0,0,26,0.0,0.0,1.0,26,850,500,350,0.5882352941176471,12,5,7,440.73785774240883,0.42208333333333337,-0.02012945731954008,0.2616512438247755,131842.7098813063,6421.614702408183,138264.32458371448,93,3,63.61538461538461,26,0,20,31.932444277485608,0.6662660256410255,43.24845679012346,1027.006172839507,39.50023741690411,0
95,4,0,0,26,0.0,0.0,1.0,26,700,500,200,0.7142857142857143,9,5,4,443.99417460861264,0.4214423076923077,-0.025115263285610645,0.26413487224035154,131921.9660922496,6514.516889574747,138436.48298182435,94,4,64.61538461538461,26,0,20,31.768251464623695,0.6670673076923077,43.17129629629629,1027.3148148148146,39.51210826210825,0
96,4,0,0,26,0.0,0.0,1.0,26,650,600,50,0.9230769230769231,7,6,1,440.81373986985176,0.4206730769230769,-0.026659198780501825,0.263341732849604,132080.54995903833,6444.584238302104,138525.13419734043,95,5,65.61538461538461,26,0,21,31.688810488915596,0.6686698717948718,43.01697530864198,1027.9320987654326,39.535849952516635,0
97,4,0,1,25,0.0,0.038461538461538464,0.9615384615384616,26,600,300,300,0.5,9,3,6,442.270488750803,0.4203525641025641,-0.02914487583555614,0.2647662413788499,132159.8776148834,6490.082733196148,138649.96034807953,96,6,66.61538461538461,26,0,21,31.57080144079243,0.6694711538461539,42.93981481481481,1028.2407407407404,39.547720797720785,0
98,4,0,0,25,0.0,0.0,1.0,25,400,200,200,0.5,6,2,4,454.93923891390034,0.4189583333333333,-0.015244035552783197,0.2713977059678923,132027.16975365707,7012.868024737014,139040.0377783941,97,7,69.04,25,0,21,31.380106814283483,0.6720833333333334,43.068910256410255,1027.7243589743587,41.10897435897434,0
99,4,0,0,25,0.0,0.0,1.0,25,550,300,250,0.5454545454545454,8,3,5,453.8799542430577,0.4184722222222222,-0.01977864380358496,0.27135507050039276,132109.53230296684,6992.37369534847,139101.9059983153,98,8,70.04,25,0,22,31.323558067030426,0.6729166666666666,42.98878205128206,1028.044871794872,41.12179487179488,0
100,4,1,0,26,0.038461538461538464,0.0,1.0,26,850,500,350,0.5882352941176471,12,5,7,442.1799049574102,0.4186217948717949,-0.029705878964528365,0.26864742724300533,132715.83802488184,6536.855328837063,139252.6933537189,99,0,68.3076923076923,26,0,20,31.009123358793875,0.6750801282051282,42.39969135802469,1030.4012345679012,39.63081671415004,0
101,4,0,0,26,0.0,0.0,1.0,26,700,400,300,0.5714285714285714,10,4,6,441.1165692566961,0.41801282051282046,-0.027049746660525287,0.26885571921849716,132835.124218869,6519.154854442904,139354.2790733119,100,1,69.3076923076923,26,0,21,30.915668662674644,0.6762820512820513,42.28395061728394,1030.8641975308635,39.64862298195629,0
102,4,0,0,26,0.0,0.0,1.0,26,450,400,50,0.8888888888888888,5,4,1,438.822047214185,0.4173076923076923,-0.030149886031358708,0.2680264094593404,132914.6781169029,6465.178231214755,139379.85634811767,101,2,70.3076923076923,26,0,21,30.894255711862712,0.6770833333333333,42.20679012345679,1031.172839506173,39.6604938271605,0
103,4,0,0,26,0.0,0.0,1.0,26,1100,1000,100,0.9090909090909091,12,10,2,438.65685115915863,0.4162179487179487,-0.028889297958996085,0.26906969787615903,133073.85735787218,6474.751848041442,139548.6092059136,102,3,71.3076923076923,26,0,21,30.737423970485594,0.6786858974358975,42.05246913580246,1031.7901234567894,39.68423551756882,0
104,4,0,0,26,0.0,0.0,1.0,26,900,700,200,0.7777777777777778,11,7,4,438.6173057974222,0.41474358974358977,-0.020179372197309364,0.2701979535713402,133233.1318587105,6487.671467764056,139720.80332647456,103,4,72.3076923076923,26,0,21,30.577354260089677,0.6802884615384615,41.898148148148145,1032.407407407407,39.70797720797719,0
105,4,0,0,26,0.0,0.0,1.0,26,750,600,150,0.8,9,6,3,436.06919875130046,0.4124358974358974,-0.019540942928039762,0.27036290322580636,133472.2222222222,6440.624999999995,139912.8472222222,104,5,73.3076923076923,26,0,22,30.401545698924718,0.6826923076923077,41.666666666666664,1033.3333333333333,39.74358974358974,0
106,4,0,0,26,0.0,0.0,1.0,26,850,600,250,0.7058823529411765,11,6,5,436.0020806466996,0.4105128205128205,-0.02696095310240354,0.2720750413867952,133711.52692043895,6459.70078875171,140171.22770919066,105,6,74.3076923076923,26,0,20,30.1617054610564,0.6850961538461537,41.43518518518518,1034.2592592592591,39.77920227920227,0
107,4,0,0,26,0.0,0.0,1.0,26,700,400,300,0.5714285714285714,10,4,6,437.0694160434263,0.4101923076923077,-0.021686249311547945,0.2733314706301429,133791.34278311246,6495.220812376181,140286.56359548864,106,7,75.3076923076923,26,0,20,30.05357498011137,0.6858974358974359,41.35802469135803,1034.5679012345688,39.791073124406495,0
108,4,0,0,26,0.0,0.0,1.0,26,500,200,300,0.4,8,2,6,437.7613772746165,0.4094230769230769,-0.02075064809929139,0.27435773794425977,133871.18246075296,6520.726642280149,140391.9091030331,107,8,76.3076923076923,26,0,20,29.95513967591212,0.6866987179487178,41.28086419753087,1034.876543209877,39.80294396961065,0
109,4,0,0,26,0.0,0.0,1.0,26,550,200,350,0.36363636363636365,9,2,7,440.8098157857245,0.40823717948717947,-0.014704702064964437,0.2771689835151289,133990.98663027742,6612.908426688014,140603.89505696544,108,9,77.3076923076923,26,0,20,29.755428031996825,0.687900641025641,41.16512345679013,1035.3395061728397,39.82075023741691,0
110,4,0,0,26,0.0,0.0,1.0,26,650,400,250,0.6153846153846154,9,4,5,439.5335200967152,0.4073076923076923,-0.010211332171999876,0.2772696416249205,134110.8443834782,6589.2423030026,140700.0866864808,109,10,78.3076923076923,26,0,21,29.66763508144617,0.6891025641025641,41.04938271604939,1035.802469135803,39.838556505223195,0
111,4,0,0,26,0.0,0.0,1.0,26,650,500,150,0.7692307692307693,8,5,3,436.5308327728951,0.40650641025641027,-0.015619451285870056,0.27627752517153564,134230.7557203552,6519.172715668351,140749.92843602356,110,11,79.3076923076923,26,0,21,29.62459667411268,0.6903044871794871,40.933641975308646,1036.265432098766,39.85636277302946,0
112,4,0,1,25,0.0,0.038461538461538464,0.9615384615384616,26,650,400,250,0.6153846153846154,9,4,5,435.00845082334973,0.405801282051282,-0.021798879994502807,0.2759161250406458,134310.72638031546,6485.2602023319605,140795.98658264743,111,12,80.3076923076923,26,0,21,29.583519428316222,0.6911057692307692,40.85648148148148,1036.5740740740737,39.8682336182336,0
113,4,0,0,25,0.0,0.0,1.0,25,1250,1000,250,0.8,15,10,5,448.52112840334246,0.4061111111111111,-0.00933023975251368,0.28344956941618876,134176.9427237427,7036.23875123275,141213.18147497543,112,13,83.68,25,0,21,29.36823279195669,0.69375,40.98557692307693,1036.0576923076928,41.442307692307715,0
114,4,0,0,25,0.0,0.0,1.0,25,500,400,100,0.8,6,4,2,449.43743901455457,0.40645833333333337,-0.008363748840086282,0.2843505362688956,134218.4546556543,7064.559705785689,141283.01436143997,113,14,84.68,25,0,21,29.302634292195087,0.6941666666666666,40.94551282051283,1036.2179487179496,41.448717948717984,0
115,4,0,0,25,0.0,0.0,1.0,25,1100,1000,100,0.9090909090909091,12,10,2,448.4461633648585,0.40604166666666663,-0.01028748068006169,0.2850144083468208,134384.5665885931,7052.848660420789,141437.4152490139,114,15,85.68,25,0,21,29.160870685213812,0.6958333333333333,40.785256410256416,1036.8589743589748,41.47435897435899,0
116,4,0,0,25,0.0,0.0,1.0,25,550,400,150,0.7272727272727273,7,4,3,444.5033522770515,0.4045138888888889,-0.00996137803182462,0.28347489648171,134509.2179538545,6957.959658530585,141467.1776123851,115,16,86.68,25,0,21,29.137539265667645,0.6970833333333333,40.66506410256411,1037.3397435897446,41.49358974358978,0
117,4,0,0,25,0.0,0.0,1.0,25,400,300,100,0.75,5,3,2,444.5033522770515,0.4045138888888889,-0.00996137803182462,0.28347489648171,134509.2179538545,6957.959658530585,141467.1776123851,116,17,87.68,25,0,21,29.137539265667645,0.6970833333333333,40.66506410256411,1037.3397435897446,41.49358974358978,0
118,4,0,0,25,0.0,0.0,1.0,25,700,500,200,0.7142857142857143,9,5,4,442.5668072926759,0.40375,-0.012528185328185337,0.28288450910366025,134592.35096667497,6913.221410667338,141505.57237734232,117,18,88.68,25,0,21,29.104086229086235,0.6979166666666666,40.584935897435905,1037.6602564102573,41.50641025641029,0
119,4,0,0,25,0.0,0.0,1.0,25,850,800,50,0.9411764705882353,9,8,1,444.320284026811,0.403125,-0.011883878937615666,0.28432985764403457,134633.9271038791,6964.116946088118,141598.04404996723,118,19,89.68,25,0,21,29.01675416924028,0.6983333333333333,40.5448717948718,1037.8205128205136,41.51282051282055,0
120,4,0,0,25,0.0,0.0,1.0,25,400,200,200,0.5,6,2,4,459.4085793166111,0.40305555555555556,-0.0058028518288903985,0.28611043955123316,133637.87187705463,7278.876972386601,140916.74884944124,119,20,90.68,25,0,23,29.630992973754907,0.6883333333333332,41.50641025641026,1033.9743589743596,41.358974358974386,2
121,4,0,0,25,0.0,0.0,1.0,25,550,400,150,0.7272727272727273,7,4,3,458.87068264516535,0.4028472222222222,-0.00644661397799462,0.28609589517963785,133679.3003420858,7268.302360700196,140947.60270278598,120,21,91.68,25,0,23,29.602994731132807,0.68875,41.46634615384615,1034.1346153846152,41.36538461538461,0
122,4,1,1,25,0.038461538461538464,0.038461538461538464,0.9615384615384616,26,750,600,150,0.8,9,6,3,446.4413502990619,0.4065384615384615,-0.021047804654362068,0.2810151463889968,134030.93326093585,6767.390165371137,140798.323426307,121,0,89.11538461538461,26,0,21,29.56936164927969,0.6883012820512819,41.126543209876544,1035.493827160494,39.826685660019,0
123,4,0,0,25,0.0,0.0,1.0,25,600,500,100,0.8333333333333334,7,5,2,457.24124057821035,0.4027083333333333,-0.008697537556140666,0.28636340353186285,133845.0784075034,7239.897939266946,141084.97634677036,122,23,93.68,25,0,21,29.477537298022824,0.6904166666666667,41.30608974358975,1034.7756410256418,41.39102564102567,0
124,4,0,0,25,0.0,0.0,1.0,25,700,500,200,0.7142857142857143,9,5,4,458.9428414575234,0.4027083333333333,-0.011915157145068855,0.28807694975453313,133928.0059633877,7293.059921515469,141221.06588490316,123,24,94.68,25,0,21,29.349712287763843,0.6912499999999999,41.22596153846155,1035.0961538461547,41.40384615384619,0
125,4,0,0,25,0.0,0.0,1.0,25,700,300,400,0.42857142857142855,11,3,8,460.26092976380465,0.40194444444444444,-0.012875270813989204,0.2898836382196595,134052.44545118354,7339.820636094696,141392.26608727823,124,25,95.68,25,0,21,29.18987929433613,0.6924999999999999,41.10576923076924,1035.5769230769238,41.42307692307695,0
126,4,0,0,25,0.0,0.0,1.0,25,600,400,200,0.6666666666666666,8,4,4,457.65288786412214,0.4020138888888889,-0.01094228686368548,0.2885668891966657,134093.93812150735,7273.695605276156,141367.6337267835,125,26,96.68,25,0,21,29.215502346691423,0.6929166666666666,41.06570512820514,1035.7371794871804,41.42948717948721,0
127,4,0,0,25,0.0,0.0,1.0,25,500,300,200,0.6,7,3,4,457.65288786412214,0.4020138888888889,-0.01094228686368548,0.2885668891966657,134093.93812150735,7273.695605276156,141367.6337267835,126,27,97.68,25,0,21,29.215502346691423,0.6929166666666666,41.06570512820514,1035.7371794871804,41.42948717948721,0
128,4,0,0,25,0.0,0.0,1.0,25,1050,800,250,0.7619047619047619,13,8,5,455.1076628998705,0.4009027777777778,-0.00932591218305534,0.28859180035650633,134301.49778106526,7224.328155818566,141525.82593688383,127,28,98.68,25,0,22,29.071969696969695,0.6949999999999998,40.86538461538463,1036.538461538463,41.461538461538524,0
129,4,0,0,25,0.0,0.0,1.0,25,550,300,250,0.5454545454545454,8,3,5,455.7539873163293,0.4011805555555556,-0.00803585226394743,0.28998859900923973,134426.1106231509,7253.047183185402,141679.1578063363,128,29,99.68,25,0,22,28.929551074022555,0.69625,40.74519230769231,1037.019230769231,41.48076923076924,0
130,4,0,0,25,0.0,0.0,1.0,25,750,600,150,0.8,9,6,3,454.50628093561176,0.40125000000000005,-0.0035346825274216176,0.28985410408829715,134509.21795385447,7227.056880752808,141736.2748346073,129,30,100.68,25,0,22,28.878128379422222,0.6970833333333333,40.66506410256411,1037.3397435897443,41.49358974358977,0
131,4,0,0,25,0.0,0.0,1.0,25,600,400,200,0.6666666666666666,8,4,4,457.25068950500804,0.40097222222222223,0.0,0.2919369786839667,134550.78125,7304.687500000003,141855.46875,130,31,101.68,25,0,22,28.765060240963862,0.6975,40.625,1037.5,41.5,0
132,4,0,0,25,0.0,0.0,1.0,25,750,400,350,0.5333333333333333,11,4,7,456.2482045170058,0.400625,0.006744904261889895,0.2919627838391435,134633.92710387913,7285.297501643672,141919.22460552282,131,32,102.68,25,0,22,28.707278155239862,0.6983333333333333,40.5448717948718,1037.8205128205138,41.512820512820554,0
133,4,0,0,25,0.0,0.0,1.0,25,750,300,450,0.4,12,3,9,456.8062840949026,0.4004861111111111,0.003853041062056306,0.29298921865017624,134717.09863987518,7307.923446745581,142025.02208662077,132,33,103.68,25,0,22,28.609009982504894,0.6991666666666667,40.4647435897436,1038.1410256410265,41.525641025641065,0
134,4,0,0,25,0.0,0.0,1.0,25,450,200,250,0.4444444444444444,7,2,5,455.6163869064816,0.40041666666666664,0.0038524463651796736,0.29256080978861176,134758.69403866693,7279.653856426684,142038.3478950936,133,34,104.68,25,0,23,28.59800252096518,0.6995833333333333,40.42467948717948,1038.3012820512815,41.53205128205126,0
135,4,0,1,24,0.0,0.04,0.96,25,850,600,250,0.7058823529411765,11,6,5,452.55640376016567,0.3995138888888889,0.009628143804968348,0.29126296452528666,134841.90409783873,7204.713438938221,142046.61753677696,134,35,105.68,25,0,21,28.593677673198584,0.7004166666666667,40.34455128205129,1038.6217948717958,41.54487179487183,0
136,4,0,0,24,0.0,0.0,1.0,24,650,400,250,0.6153846153846154,9,4,5,458.00457237267904,0.39790911835748793,0.016879244879405064,0.2952163908582119,134896.83680555553,7556.673611111107,142453.51041666663,135,36,106.95833333333333,24,0,21,28.39690625167121,0.7052951388888888,40.291666666666664,1038.8333333333333,43.28472222222222,0
137,4,0,0,24,0.0,0.0,1.0,24,500,300,200,0.6,7,3,4,457.06076286957176,0.3980223429951691,0.021047145606157613,0.29566710759903,135026.7222222222,7543.08333333333,142569.80555555553,136,37,107.95833333333333,24,0,21,28.290704511438953,0.7065972222222223,40.166666666666664,1039.3333333333333,43.30555555555555,0
138,4,0,0,24,0.0,0.0,1.0,24,450,200,250,0.4444444444444444,7,2,5,457.2553399446671,0.39813556763285024,0.019874672652450354,0.296147617366032,135070.03125,7552.298611111113,142622.32986111112,137,38,108.95833333333333,24,0,21,28.242076853187967,0.70703125,40.125,1039.5,43.3125,0
139,4,0,0,24,0.0,0.0,1.0,24,1000,800,200,0.8,12,8,4,454.49678311725046,0.39621074879227053,0.019358111716330173,0.296134542820238,135286.68055555562,7497.472222222233,142784.15277777784,138,39,109.95833333333333,24,0,22,28.095962832425492,0.7092013888888888,39.91666666666667,1040.333333333334,43.34722222222225,0
140,4,0,0,24,0.0,0.0,1.0,24,550,400,150,0.7272727272727273,7,4,3,454.9323337605041,0.3960220410628019,0.01818703614715167,0.2967756070707239,135330.0312500001,7513.201388888903,142843.232638889,139,40,110.95833333333333,24,0,22,28.041072668054884,0.7096354166666666,39.87500000000001,1040.5000000000007,43.35416666666669,0
141,4,0,0,24,0.0,0.0,1.0,24,350,100,250,0.2857142857142857,6,1,5,453.1099374938698,0.395606884057971,0.014347106555626654,0.2959433524803059,135373.388888889,7467.8055555555775,142841.19444444458,140,41,111.95833333333333,24,0,22,28.044923126201162,0.7100694444444444,39.83333333333334,1040.6666666666677,43.36111111111115,0
142,4,1,2,23,0.04,0.08,0.92,25,400,200,200,0.5,6,2,4,437.9019369684607,0.39958333333333335,-0.0022396554376251654,0.28842963447132364,135675.4172059912,6882.50559870152,142557.9228046927,141,0,108.44,25,0,23,28.137818540737324,0.70875,39.54326923076923,1041.8269230769235,41.67307692307694,0
143,4,0,0,23,0.0,0.0,1.0,23,650,300,350,0.46153846153846156,10,3,7,463.9148921976354,0.39146903820816864,-0.006616414802777193,0.30252904776283246,135317.38658010226,7955.150161554787,143272.53674165704,142,43,112.73913043478261,23,0,23,27.820130429946044,0.7142210144927537,39.88715277777778,1040.4513888888891,45.237016908212574,0
144,4,0,0,23,0.0,0.0,1.0,23,300,200,100,0.6666666666666666,4,2,2,463.9148921976354,0.39146903820816864,-0.006616414802777193,0.30252904776283246,135317.38658010226,7955.150161554787,143272.53674165704,143,44,113.73913043478261,23,0,23,27.820130429946044,0.7142210144927537,39.88715277777778,1040.4513888888891,45.237016908212574,0
145,4,0,0,23,0.0,0.0,1.0,23,750,600,150,0.8,9,6,3,464.51857262668074,0.3911396574440053,-0.009748879314096515,0.3033033033033033,135362.548828125,7975.683593750001,143338.232421875,144,45,114.73913043478261,23,0,23,27.759009009009016,0.7146739130434783,39.84375,1040.625,45.244565217391305,0
146,4,0,0,23,0.0,0.0,1.0,23,700,500,200,0.7142857142857143,9,5,4,465.2826663456792,0.39015151515151514,-0.013224003306000709,0.3049508360737747,135498.08078342018,8008.981662326398,143507.0624457466,145,46,115.73913043478261,23,0,23,27.602863931965985,0.7160326086956521,39.71354166666667,1041.1458333333337,45.26721014492755,0
147,4,0,0,23,0.0,0.0,1.0,23,600,400,200,0.6666666666666666,8,4,4,467.00204326436483,0.3891633728590251,-0.010784406096667976,0.3068505210890389,135588.47309630597,8064.01879581405,143652.49189212002,146,47,116.73913043478261,23,0,23,27.46725148635884,0.7169384057971013,39.626736111111114,1041.4930555555557,45.28230676328503,0
148,4,0,0,23,0.0,0.0,1.0,23,550,200,350,0.36363636363636365,9,2,7,470.9177382172762,0.3889163372859025,-0.0024490688436167307,0.2966234750228144,134055.90292848187,8025.860520351085,142081.76344883296,147,48,117.73913043478261,23,0,21,28.910484772282768,0.7015398550724636,41.10243055555556,1035.5902777777778,45.02566425120773,3
149,4,0,0,23,0.0,0.0,1.0,23,300,200,100,0.6666666666666666,4,2,2,470.9177382172762,0.3889163372859025,-0.0024490688436167307,0.2966234750228144,134055.90292848187,8025.860520351085,142081.76344883296,148,49,118.73913043478261,23,0,21,28.910484772282768,0.7015398550724636,41.10243055555556,1035.5902777777778,45.02566425120773,0
150,4,0,0,23,0.0,0.0,1.0,23,550,500,50,0.9090909090909091,6,5,1,470.9638557566869,0.38776350461133074,-0.002448247972544504,0.2973800346349366,134145.81298828125,8035.56586371528,142181.37885199653,149,50,119.73913043478261,23,0,21,28.818397016926433,0.7024456521739131,41.015625,1035.9375,45.04076086956522,0
151,4,0,0,23,0.0,0.0,1.0,23,650,300,350,0.46153846153846156,10,3,7,471.28923517023765,0.3881752305665349,-0.0048956754866531504,0.29795065206525195,134190.77932098764,8048.533950617283,142239.31327160491,150,51,120.73913043478261,23,0,21,28.764521894548697,0.7028985507246377,40.97222222222222,1036.111111111111,45.04830917874396,0
152,4,0,0,23,0.0,0.0,1.0,23,600,500,100,0.8333333333333334,7,5,2,472.8936664754269,0.3878458498023716,-0.006992650433034653,0.2993321627987087,134235.75318889855,8095.847499517744,142331.6006884163,151,52,121.73913043478261,23,0,21,28.67750739934103,0.7033514492753623,40.92881944444444,1036.2847222222224,45.055857487922715,0
153,4,0,0,23,0.0,0.0,1.0,23,900,700,200,0.7777777777777778,11,7,4,476.5770426991781,0.3863636363636364,-0.010831349769615306,0.3031517226881992,134415.72401258672,8211.889648437493,142627.61366102422,152,53,122.73913043478261,23,0,21,28.40019671856689,0.7051630434782609,40.75520833333333,1036.979166666666,45.08605072463765,0
154,4,0,0,23,0.0,0.0,1.0,23,450,400,50,0.8888888888888888,5,4,1,476.815671166955,0.38603425559947296,-0.013973595726408217,0.3036776993125149,134460.73555652009,8222.597173996915,142683.332730517,153,54,123.73913043478261,23,0,21,28.34853810958599,0.7056159420289856,40.71180555555556,1037.1527777777778,45.093599033816425,0
155,4,0,0,23,0.0,0.0,1.0,23,550,400,150,0.7272727272727273,7,4,3,478.0913976500572,0.3843873517786561,-0.01361741749168921,0.3056205651074215,134595.81539954658,8269.820300443656,142865.63569999023,154,55,124.73913043478261,23,0,21,28.179026546204895,0.7069746376811594,40.581597222222214,1037.6736111111104,45.11624396135262,0
156,4,0,0,23,0.0,0.0,1.0,23,600,400,200,0.6666666666666666,8,4,4,480.46848670384276,0.38183465085638996,-0.015001526318084712,0.3090497298346651,134821.0991753471,8355.457899305531,143176.55707465264,155,56,125.73913043478261,23,0,19,27.88991975927784,0.7092391304347827,40.36458333333332,1038.5416666666656,45.15398550724633,0
157,4,0,0,23,0.0,0.0,1.0,23,600,400,200,0.6666666666666666,8,4,4,480.9974548886156,0.3815052700922266,-0.01987909788421316,0.3101604278074864,134911.2654320987,8378.39506172838,143289.66049382708,156,57,126.73913043478261,23,0,19,27.785204991087337,0.7101449275362319,40.27777777777777,1038.8888888888885,45.16908212560384,0
158,4,0,0,23,0.0,0.0,1.0,23,850,700,150,0.8235294117647058,10,7,3,507.3651633103808,0.3814229249011858,0.000700086052243476,0.31841169512173584,133921.09435281632,8989.379581404315,142910.47393422064,157,58,127.73913043478261,23,0,18,28.103684445935368,0.7001811594202898,41.232638888888886,1035.0694444444443,45.003019323671495,5
159,4,0,0,23,0.0,0.0,1.0,23,950,700,250,0.7368421052631579,12,7,5,509.09076187507367,0.3814229249011858,0.003499256408013629,0.3202760869011538,134010.95920138882,9044.74826388888,143055.7074652777,158,59,128.7391304347826,23,0,18,27.96780684104628,0.7010869565217392,41.14583333333333,1035.416666666666,45.018115942028956,0
160,4,0,0,23,0.0,0.0,1.0,23,900,500,400,0.5555555555555556,13,5,8,512.0427804411734,0.3804347826086956,0.008042895442359033,0.32371518153314843,134190.77932098755,9142.283950617271,143333.06327160483,159,60,129.7391304347826,23,0,18,27.70889186773904,0.7028985507246377,40.972222222222214,1036.1111111111104,45.04830917874393,0
161,4,0,0,23,0.0,0.0,1.0,23,500,300,200,0.6,7,3,4,512.0427804411734,0.3804347826086956,0.008042895442359033,0.32371518153314843,134190.77932098755,9142.283950617271,143333.06327160483,160,61,130.7391304347826,23,0,18,27.70889186773904,0.7028985507246377,40.972222222222214,1036.1111111111104,45.04830917874393,0
162,4,0,0,23,0.0,0.0,1.0,23,800,700,100,0.875,9,7,2,512.6835852335046,0.3806818181818182,0.04478297314042057,0.3229311072774925,134055.90292848187,9145.65218701775,143201.55511549962,161,62,131.7391304347826,23,0,19,27.82917714445376,0.7015398550724636,41.10243055555556,1035.5902777777778,45.02566425120773,3
163,4,0,0,23,0.0,0.0,1.0,23,850,700,150,0.8235294117647058,10,7,3,519.1302098312661,0.3801054018445323,0.046501125379678765,0.3285989631477017,134235.75318889852,9337.16694396219,143572.92013286072,162,63,132.7391304347826,23,0,19,27.479651812140506,0.7033514492753623,40.92881944444444,1036.2847222222222,45.0558574879227,0
164,4,0,0,23,0.0,0.0,1.0,23,700,400,300,0.5714285714285714,10,4,6,519.5226838200332,0.37878787878787884,0.03948201690214681,0.3304695410497399,134415.7240125868,9366.403537326394,143782.12754991322,163,64,133.7391304347826,23,0,19,27.286853340030135,0.7051630434782608,40.755208333333336,1036.9791666666667,45.08605072463769,0
165,4,0,0,23,0.0,0.0,1.0,23,450,400,50,0.8888888888888888,5,4,1,516.7301692897533,0.37829380764163373,0.041564489721666265,0.32950509727921845,134505.75463565788,9300.636272665914,143806.3909083238,164,65,134.7391304347826,23,0,19,27.267956764295675,0.70606884057971,40.668402777777786,1037.3263888888896,45.1011473429952,0
166,4,0,0,23,0.0,0.0,1.0,23,750,500,250,0.6666666666666666,10,5,5,516.411818610463,0.37639986824769434,0.04396531043958074,0.3317571522136606,134776.0273497782,9319.986677758494,144096.01402753667,165,66,135.7391304347826,23,0,21,27.002347712199743,0.7087862318840579,40.407986111111114,1038.3680555555557,45.14643719806764,0
167,4,0,0,23,0.0,0.0,1.0,23,500,400,100,0.8,6,4,2,515.3358215428422,0.37549407114624506,0.0425553561176959,0.33188958237791427,134866.17853612077,9300.274582851083,144166.45311897187,166,67,136.7391304347826,23,0,17,26.939000779987744,0.7096920289855072,40.32118055555556,1038.7152777777778,45.16153381642512,0
168,4,0,0,23,0.0,0.0,1.0,23,200,100,100,0.5,3,1,2,515.3358215428422,0.37549407114624506,0.0425553561176959,0.33188958237791427,134866.17853612077,9300.274582851083,144166.45311897187,167,68,137.7391304347826,23,0,17,26.939000779987744,0.7096920289855072,40.32118055555556,1038.7152777777778,45.16153381642512,0
169,4,0,1,22,0.0,0.043478260869565216,0.9565217391304348,23,500,400,100,0.8,6,4,2,514.4556607280733,0.3759057971014493,0.03906068356196202,0.3317352019177577,134911.2654320988,9281.172839506175,144192.43827160497,168,69,138.7391304347826,23,0,17,26.916221033868087,0.7101449275362318,40.27777777777778,1038.8888888888891,45.16908212560388,0
170,4,0,0,22,0.0,0.0,1.0,22,500,300,200,0.6,7,3,4,530.5056818008763,0.3737373737373737,0.03795018245280013,0.3400220980670047,134691.78284499055,9890.951218231465,144582.73406322201,169,70,139.63636363636363,22,0,21,26.72193135543921,0.7130681818181819,40.48913043478261,1038.0434782608697,47.18379446640317,0
171,4,0,0,22,0.0,0.0,1.0,22,750,400,350,0.5333333333333333,11,4,7,527.3685418692027,0.3706259018759019,0.039557739557739335,0.3402090649741144,134926.94959698594,9831.245733564376,144758.1953305503,170,71,140.63636363636363,22,0,18,26.564952048823013,0.715435606060606,40.26268115942029,1038.949275362319,47.22496706192359,0
172,4,0,0,22,0.0,0.0,1.0,22,400,300,100,0.75,5,3,2,527.3685418692027,0.3706259018759019,0.039557739557739335,0.3402090649741144,134926.94959698594,9831.245733564376,144758.1953305503,171,72,141.63636363636363,22,0,18,26.564952048823013,0.715435606060606,40.26268115942029,1038.949275362319,47.22496706192359,0
173,4,0,0,22,0.0,0.0,1.0,22,700,600,100,0.8571428571428571,8,6,2,525.3479942188999,0.369949494949495,0.040826676809940565,0.3393464070765327,134974.00756143668,9781.66482881748,144755.67239025416,172,73,142.63636363636363,22,0,18,26.569764063226412,0.7159090909090908,40.21739130434783,1039.1304347826087,47.23320158102767,0
174,4,0,0,22,0.0,0.0,1.0,22,700,500,200,0.7142857142857143,9,5,4,523.0618991228507,0.3691829004329004,0.04426650192463066,0.3391923433972926,135115.2306828922,9734.725832283124,144849.95651517532,173,74,143.63636363636363,22,0,19,26.486176453505255,0.7173295454545454,40.08152173913043,1039.6739130434778,47.2579051383399,0
175,4,0,0,22,0.0,0.0,1.0,22,650,600,50,0.9230769230769231,7,6,1,526.6758076861321,0.3691829004329004,0.04767842676282319,0.3345355879453644,134362.89398892035,9753.13714293215,144116.0311318525,174,75,144.63636363636363,22,0,19,27.155046886830917,0.7097537878787878,40.80615942028985,1036.7753623188403,47.126152832674556,1
176,4,0,0,22,0.0,0.0,1.0,22,500,300,200,0.6,7,3,4,526.8308384660857,0.36801046176046176,0.04656609765780062,0.33549572304987096,134456.82121009237,9767.1999711195,144224.02118121187,175,76,145.63636363636363,22,0,19,27.055676855895186,0.7107007575757576,40.71557971014492,1037.13768115942,47.14262187088273,0
177,4,0,0,22,0.0,0.0,1.0,22,550,500,50,0.9090909090909091,6,5,1,526.240888330512,0.3681457431457431,0.04418442193503336,0.33555181810473383,134503.79712770414,9756.279536861983,144260.07666456612,176,77,146.63636363636363,22,0,19,27.02330015135639,0.7111742424242424,40.670289855072454,1037.318840579709,47.15085638998678,0
178,4,0,0,22,0.0,0.0,1.0,22,100,0,100,0.0,2,0,2,525.6366832793017,0.3675595238095238,0.04034319094560046,0.3355988054783234,134550.78124999994,9744.965277777761,144295.7465277777,177,78,147.63636363636363,22,0,19,26.991298527443096,0.7116477272727273,40.62499999999999,1037.4999999999995,47.159090909090885,0
179,4,0,0,22,0.0,0.0,1.0,22,250,200,50,0.8,3,2,1,524.3733127087169,0.36688311688311687,0.04197879634332158,0.3352243677673582,134597.7735769796,9715.896082755715,144313.66965973531,178,79,148.63636363636363,22,0,19,26.976402467411546,0.7121212121212122,40.57971014492753,1037.6811594202895,47.16732542819498,0
180,4,0,0,22,0.0,0.0,1.0,22,350,100,250,0.2857142857142857,6,1,5,524.3733127087169,0.36688311688311687,0.04197879634332158,0.3352243677673582,134597.7735769796,9715.896082755715,144313.66965973531,179,80,149.63636363636363,22,0,19,26.976402467411546,0.7121212121212122,40.57971014492753,1037.6811594202895,47.16732542819498,0
181,4,0,0,22,0.0,0.0,1.0,22,750,400,350,0.5333333333333333,11,4,7,533.7653361293881,0.3655753968253968,0.040076062568623394,0.33473121463306177,133893.75016409362,9893.568512392338,143787.31867648597,180,81,150.63636363636363,22,0,18,27.44836338176089,0.7050189393939394,41.259057971014485,1034.9637681159415,47.043807641633705,2
182,4,0,0,22,0.0,0.0,1.0,22,600,400,200,0.6666666666666666,8,4,4,533.0232384912911,0.36516955266955264,0.04391128647341458,0.3346917345867292,133940.6276254988,9878.693420499883,143819.3210459987,181,82,151.63636363636363,22,0,18,27.41986057636215,0.7054924242424243,41.213768115942024,1035.1449275362315,47.0520421607378,0
183,4,0,0,22,0.0,0.0,1.0,22,800,600,200,0.75,10,6,4,530.5600852275683,0.3658910533910534,0.04168654011256323,0.33485017299461745,134128.21951795832,9832.61591577398,143960.8354337323,182,83,152.63636363636363,22,0,18,27.292832575492596,0.7073863636363638,41.032608695652165,1035.8695652173906,47.08498023715412,0
184,4,0,0,22,0.0,0.0,1.0,22,350,200,150,0.5714285714285714,5,2,3,531.3642560676915,0.3655753968253968,0.04039962485494919,0.33578698126531786,134175.138002783,9859.174477525716,144034.31248030873,183,84,153.63636363636363,22,0,18,27.224310776942346,0.7078598484848486,40.987318840579704,1036.0507246376808,47.09321475625822,0
185,4,1,1,22,0.043478260869565216,0.043478260869565216,0.9565217391304348,23,350,300,50,0.8571428571428571,4,3,1,516.9394873616357,0.3695652173913044,0.01572292708492573,0.32882636400543624,134415.7240125866,9296.959092881905,143712.68310546852,184,0,147.91304347826087,23,0,18,27.35382136279926,0.705163043478261,40.755208333333314,1036.9791666666652,45.086050724637616,0
186,4,0,0,22,0.0,0.0,1.0,22,700,500,200,0.7142857142857143,9,5,4,530.1307059307753,0.365981240981241,0.03544533062184252,0.3362979932744895,134315.94268536018,9841.001102709502,144156.94378806968,185,86,155.63636363636363,22,0,18,27.113188861703367,0.7092803030303031,40.85144927536231,1036.5942028985503,47.11791831357047,0
187,4,0,0,22,0.0,0.0,1.0,22,550,400,150,0.7272727272727273,7,4,3,527.6448872397777,0.3658459595959596,0.0367178688863119,0.33515113092932813,134362.8939889203,9779.178809598803,144142.0727985191,186,87,156.63636363636363,22,0,18,27.12992894169724,0.709753787878788,40.806159420289845,1036.7753623188398,47.126152832674535,0
188,4,0,0,22,0.0,0.0,1.0,22,850,800,50,0.9411764705882353,9,8,1,523.6593833497077,0.3648088023088023,0.03469024862667891,0.3339057493385773,134503.79712770417,9686.835092417537,144190.6322201217,187,88,157.63636363636363,22,0,19,27.090246245197353,0.7111742424242424,40.670289855072454,1037.3188405797093,47.150856389986785,0
189,4,0,0,22,0.0,0.0,1.0,22,200,0,200,0.0,4,0,4,522.7335042983182,0.3643127705627706,0.031215772179627788,0.33374523735969513,134550.78124999988,9666.840277777763,144217.62152777764,188,89,158.63636363636363,22,0,19,27.066599732262386,0.7116477272727273,40.62499999999999,1037.499999999999,47.15909090909087,0
190,4,0,0,22,0.0,0.0,1.0,22,850,700,150,0.8235294117647058,10,7,3,530.7549241655295,0.36372655122655123,0.03695866611512422,0.3332674326023995,133940.62762549886,9817.929531611013,143758.55715710987,189,90,159.63636363636363,22,0,18,27.47856142807141,0.7054924242424242,41.21376811594203,1035.144927536232,47.05204216073782,1
191,4,0,0,22,0.0,0.0,1.0,22,500,300,200,0.6,7,3,4,529.2297020480976,0.3626443001443001,0.035116737705960466,0.3331582573686043,134034.40716236088,9786.997873345937,143821.40503570682,190,91,160.63636363636363,22,0,18,27.422658619080938,0.7064393939393939,41.1231884057971,1035.507246376812,47.068511198946,0
192,4,0,0,22,0.0,0.0,1.0,22,700,600,100,0.8571428571428571,8,6,2,527.150993867383,0.36241883116883117,0.03639066897769028,0.3322736749658025,134081.30923781774,9736.21908475111,143817.52832256886,191,92,161.63636363636363,22,0,18,27.42879423940295,0.7069128787878787,41.07789855072464,1035.6884057971017,47.07674571805008,0
193,4,0,0,22,0.0,0.0,1.0,22,150,0,150,0.0,3,0,3,526.3533932045254,0.36228354978354976,0.03656714044961684,0.3321952210092138,134128.2195179584,9719.768693551772,143847.98821151018,192,93,162.63636363636363,22,0,18,27.401772181415406,0.7073863636363636,41.03260869565217,1035.8695652173913,47.08498023715415,0
194,4,0,0,22,0.0,0.0,1.0,22,350,100,250,0.2857142857142857,6,1,5,530.1838771483316,0.36228354978354976,0.06336088154270003,0.2933265829193431,129109.31592627594,9290.335538752359,138399.6514650283,193,94,163.63636363636363,22,0,19,32.45320855614974,0.65625,45.92391304347826,1016.3043478260865,46.195652173913025,8
195,4,1,0,23,0.043478260869565216,0.0,1.0,23,350,200,150,0.5714285714285714,5,2,3,504.82870538709824,0.36750658761528326,0.017513421744342894,0.2747152666127928,128452.33305000959,8369.284999517735,136821.61804952731,194,0,157.47826086956522,23,0,18,33.777366272763594,0.6444746376811594,46.57118055555555,1013.7152777777773,44.074577294685966,7
196,4,3,3,23,0.11538461538461539,0.11538461538461539,0.8846153846153846,26,800,700,100,0.875,9,7,2,464.5959643640869,0.3914102564102564,-0.03309209758375187,0.25815239503872944,129279.84729843009,6812.5790656912,136092.4263641213,195,0,140.19230769230768,26,0,18,33.94410723318159,0.640224358974359,45.75617283950617,1016.9753086419751,39.114434947768274,0
197,4,1,0,24,0.041666666666666664,0.0,1.0,24,400,300,100,0.75,5,3,2,486.89433685143325,0.3778683574879227,0.020498524106264293,0.2694266484682432,129116.68055555559,7773.2361111111195,136889.91666666672,196,0,152.83333333333334,24,0,19,33.54549305783317,0.6467013888888888,45.91666666666667,1016.3333333333337,42.347222222222236,0
198,4,0,0,24,0.0,0.0,1.0,24,450,300,150,0.6666666666666666,6,3,3,488.68453272278094,0.37722675120772947,0.017933267748810877,0.27070726294970404,129159.03125000001,7823.604166666668,136982.6354166667,197,1,153.83333333333334,24,0,19,33.45630431218232,0.6471354166666666,45.875,1016.5000000000001,42.35416666666667,0
199,4,1,1,24,0.04,0.04,0.96,25,400,400,0,1.0,4,4,0,473.90293158573826,0.3834722222222222,0.008515194457565878,0.2647104237907673,129486.6690551036,7272.822413297181,136759.49146840078,198,0,148.64,25,0,17,33.494561223954236,0.64625,45.55288461538462,1017.7884615384619,40.711538461538474,0
200,4,3,2,25,0.1111111111111111,0.07407407407407407,0.9259259259259259,27,450,300,150,0.6666666666666666,6,3,3,446.706661572577,0.3938746438746439,-0.018156469863502167,0.2530353271420198,130034.82187145678,6217.484233276623,136252.3061047334,199,0,138.5185185185185,27,0,18,33.624525824336146,0.6442901234567902,45.01488095238094,1019.940476190475,37.77557319223982,0
201,4,0,1,24,0.0,0.04,0.96,25,750,300,450,0.4,12,3,9,479.1587359284624,0.38277777777777783,0.014113934038188836,0.2638078983126557,128916.4233286079,7354.286088510864,136270.70941711875,200,1,150.6,25,0,19,33.94860212508549,0.6404166666666666,46.11378205128206,1015.5448717948723,40.62179487179489,6
202,4,1,1,24,0.04,0.04,0.96,25,600,500,100,0.8333333333333334,7,5,2,476.0671828710512,0.39125000000000004,0.015750118315191797,0.26264489749517783,128997.80995747041,7282.324796597636,136280.13475406804,201,0,151.32,25,0,19,33.94314955040227,0.6412499999999999,46.03365384615385,1015.8653846153845,40.63461538461538,0
203,4,0,0,24,0.0,0.0,1.0,24,550,400,150,0.7272727272727273,7,4,3,488.539450659376,0.37907608695652173,0.03352490421455956,0.26803650941581975,128778.125,7782.6388888888905,136560.76388888888,202,3,158.625,24,0,19,33.853311439518336,0.6432291666666666,46.25,1015.0,42.291666666666664,0
204,4,1,0,25,0.04,0.0,1.0,25,550,400,150,0.7272727272727273,7,4,3,477.69416823434545,0.3858333333333333,0.019999999999999796,0.264903129657228,129201.38888888893,7343.750000000005,136545.13888888893,203,0,153.24,25,0,20,33.69193989071037,0.6433333333333333,45.833333333333336,1016.6666666666671,40.666666666666686,0
205,4,1,1,25,0.038461538461538464,0.038461538461538464,0.9615384615384616,26,450,400,50,0.8888888888888888,5,4,1,464.04281967465636,0.39451923076923073,0.00047238584008835183,0.25913314104609314,129476.09751276484,6816.490674058836,136292.58818682368,204,0,148.30769230769232,26,0,17,33.75631791761436,0.6422275641025641,45.56327160493827,1017.7469135802471,39.14411206077874,0
206,4,0,0,25,0.0,0.0,1.0,25,700,500,200,0.7142857142857143,9,5,4,477.29854991790995,0.38562500000000005,0.015402552386954316,0.26550516181673733,129323.61329409102,7345.194619082835,136668.80791317386,205,2,155.24,25,0,20,33.57606612047686,0.6445833333333333,45.71314102564102,1017.1474358974356,40.685897435897424,0
207,4,4,4,25,0.13793103448275862,0.13793103448275862,0.8620689655172413,29,350,100,250,0.2857142857142857,6,1,5,426.8197154966561,0.4084051724137931,-0.01912843714104895,0.24430031186598494,130439.87509645066,5334.862075617289,135774.73717206795,206,0,134.68965517241378,29,0,18,33.71785066847949,0.641882183908046,44.61805555555556,1021.527777777778,35.22509578544062,0
208,4,1,0,26,0.038461538461538464,0.0,1.0,26,950,700,250,0.7368421052631579,12,7,5,459.64032517632154,0.3918589743589744,0.0169724343453157,0.2600430880792066,129987.04465782654,6749.457495046487,136736.50215287303,207,0,151.07692307692307,26,0,19,33.34373738902341,0.6474358974358974,45.06172839506173,1019.753086419753,39.22127255460588,0
209,4,1,1,26,0.037037037037037035,0.037037037037037035,0.962962962962963,27,800,600,200,0.75,10,6,4,448.52677522080177,0.39927587844254514,0.00574284573118744,0.25605580129493694,130338.55273880385,6292.066149376418,136630.61888818027,208,0,146.44444444444446,27,0,19,33.267147576022545,0.6473765432098766,44.717261904761905,1021.1309523809523,37.819664902998234,0
210,4,0,0,26,0.0,0.0,1.0,26,500,300,200,0.6,7,3,4,461.57621351708315,0.3921794871794872,0.016019824096048962,0.26219432334836373,130144.46159122084,6814.317558299034,136958.77914951986,209,2,153.07692307692307,26,0,19,33.1329401088929,0.6490384615384615,44.907407407407405,1020.3703703703702,39.24501424501424,0
211,4,0,0,26,0.0,0.0,1.0,26,900,800,100,0.8888888888888888,10,8,2,461.30382320387065,0.3919230769230769,0.013812668588968569,0.26310224951006966,130301.97378448409,6821.759735558609,137123.7335200427,210,3,154.07692307692307,26,0,21,32.9784487101975,0.6506410256410255,44.75308641975309,1020.9876543209878,39.268755935422604,0
212,4,1,1,26,0.037037037037037035,0.037037037037037035,0.962962962962963,27,800,500,300,0.625,11,5,6,450.20011268316546,0.39755460588793917,-0.003019909834120149,0.25852628544381107,130566.58340419501,6356.2181122449,136922.8015164399,211,0,149.33333333333334,27,0,16,32.9911667637352,0.6496913580246912,44.49404761904762,1022.0238095238095,37.85273368606702,0
213,4,1,2,25,0.037037037037037035,0.07407407407407407,0.9259259259259259,27,650,400,250,0.6153846153846154,9,4,5,449.21682970753045,0.3996320037986705,0.000905841057245782,0.25821509650719915,130604.60789133376,6333.957580428025,136938.56547176177,212,0,150.2962962962963,27,0,16,32.97741665453486,0.6500771604938271,44.45684523809525,1022.1726190476202,37.85824514991186,0
214,4,0,0,25,0.0,0.0,1.0,25,300,100,200,0.3333333333333333,5,1,4,472.3032069970844,0.39055555555555554,0.020244897959183605,0.2691029900332227,130262.58680555571,7304.687500000025,137567.27430555574,213,6,156.76,25,0,21,32.73809523809524,0.6541666666666666,44.79166666666668,1020.8333333333346,40.833333333333385,0
215,4,2,2,25,0.07407407407407407,0.07407407407407407,0.9259259259259259,27,400,200,200,0.5,6,2,4,446.860672655889,0.4006410256410256,-0.00995990169447647,0.2576196763834958,130718.71456916106,6282.610544217703,137001.32511337876,214,0,146.07407407407408,27,0,16,32.921032207993804,0.6512345679012345,44.3452380952381,1022.6190476190482,37.87477954144623,0
216,4,0,0,25,0.0,0.0,1.0,25,700,500,200,0.7142857142857143,9,5,4,472.3032069970844,0.39055555555555554,0.020244897959183605,0.2691029900332227,130262.58680555571,7304.687500000025,137567.27430555574,215,8,158.76,25,0,21,32.73809523809524,0.6541666666666666,44.79166666666668,1020.8333333333346,40.833333333333385,0
217,4,0,0,25,0.0,0.0,1.0,25,600,400,200,0.6666666666666666,8,4,4,472.5070123187341,0.38972222222222225,0.023180034531470772,0.26950243289907405,130303.48878718785,7313.862436308376,137617.35122349623,216,9,159.76,25,0,21,32.69093679694449,0.6545833333333333,44.751602564102576,1020.9935897435909,40.839743589743634,0
218,4,0,0,25,0.0,0.0,1.0,25,550,300,250,0.5454545454545454,8,3,5,468.8797122865223,0.389375,0.022846383179036422,0.2679973458656512,130385.31201204003,7227.005516518779,137612.3175285588,217,10,160.76,25,0,21,32.699637794863754,0.6554166666666665,44.67147435897438,1021.3141025641046,40.85256410256418,0
219,4,2,1,26,0.07407407407407407,0.037037037037037035,0.962962962962963,27,750,600,150,0.8,9,6,3,442.2660897782582,0.39862298195631524,0.0012058570198105745,0.25699245757385303,131023.24263038563,6189.427437641746,137212.6700680274,218,0,149.77777777777777,27,0,17,32.72771317829457,0.6543209876543209,44.04761904761906,1023.809523809525,37.91887125220463,0
220,4,0,0,26,0.0,0.0,1.0,26,700,300,400,0.42857142857142855,11,3,8,456.52289371559584,0.395448717948718,0.018163681915189578,0.264655579643517,130932.97515622633,6754.780140222544,137687.75529644886,219,1,156.53846153846155,26,0,17,32.455016083634895,0.6570512820512819,44.13580246913581,1023.4567901234578,39.36372269705607,0
221,4,2,3,25,0.07142857142857142,0.10714285714285714,0.8928571428571429,28,900,700,200,0.7777777777777778,11,7,4,433.53852318520677,0.40159281305114636,-0.006528525403717955,0.2551551126973777,131512.27715434672,5803.12768364382,137315.40483799056,220,0,146.28571428571428,28,0,18,32.45319139001729,0.655877976190476,43.57040229885058,1025.7183908045981,36.63279967159279,0
222,4,1,1,25,0.038461538461538464,0.038461538461538464,0.9615384615384616,26,350,200,150,0.5714285714285714,5,2,3,459.80161607878546,0.39676282051282047,0.010799373949335944,0.26737806509051215,131051.45759506947,6851.534398338684,137902.99199340816,221,0,158.0,26,0,18,32.250062798291886,0.6582532051282051,44.02006172839507,1023.9197530864207,39.38152896486233,0
223,4,1,0,26,0.038461538461538464,0.0,1.0,26,450,300,150,0.6666666666666666,6,3,3,456.7084898034027,0.39278846153846153,0.026434704021690347,0.26667437676383376,131209.51753257884,6784.900120027432,137994.41765260627,222,0,158.96153846153845,26,0,19,32.167871667419796,0.6598557692307692,43.86574074074074,1024.537037037037,39.405270655270655,0
224,4,0,0,26,0.0,0.0,1.0,26,1200,900,300,0.75,15,9,6,460.68805436478476,0.3918269230769231,0.03486029249991329,0.2701103923340924,131367.67272995738,6903.903511278779,138271.57624123615,223,1,159.96153846153845,26,0,19,31.904511014100056,0.6614583333333333,43.711419753086425,1025.1543209876547,39.42901234567903,0
225,4,0,0,26,0.0,0.0,1.0,26,800,600,200,0.75,10,6,4,459.24188638103396,0.3917948717948718,0.035938331905830845,0.2700992545918897,131486.35164228023,6876.8080323121585,138363.1596745924,224,2,160.96153846153845,26,0,19,31.820518607683816,0.6626602564102564,43.595679012345684,1025.617283950618,39.446818613485306,0
226,4,0,0,26,0.0,0.0,1.0,26,550,300,250,0.5454545454545454,8,3,5,461.4047491821865,0.39160256410256405,0.034053040821993674,0.2719342883477993,131565.50068587108,6940.989368998629,138506.4900548697,225,3,161.96153846153845,26,0,17,31.684341155234655,0.6634615384615385,43.51851851851852,1025.925925925926,39.45868945868946,0
227,4,1,1,26,0.037037037037037035,0.037037037037037035,0.962962962962963,27,450,200,250,0.4444444444444444,7,2,5,448.0989430114914,0.39868233618233617,0.022838254075576492,0.26615997458393403,131862.52170138888,6417.49131944444,138280.0130208333,226,0,156.92592592592592,27,0,17,31.723292765382002,0.6628086419753085,43.229166666666664,1027.0833333333333,38.04012345679012,0
228,4,0,0,26,0.0,0.0,1.0,26,850,700,150,0.8235294117647058,10,7,3,452.1058153614918,0.3917628205128205,0.03690125643762987,0.24318768099469257,127988.32887993453,6372.853557003522,134361.18243693805,227,5,163.96153846153845,26,0,19,35.59236947791166,0.6270032051282051,47.02932098765433,1011.8827160493834,38.91856600189936,7
229,4,2,1,27,0.07142857142857142,0.03571428571428571,0.9642857142857143,28,1000,700,300,0.7,13,7,6,427.0770497276979,0.40465167548500885,0.015839300886029584,0.23379985466488404,128690.63986325811,5392.163760073995,134082.80362333212,228,0,153.17857142857142,28,0,17,35.50280845841592,0.6272321428571428,46.33620689655173,1014.6551724137938,36.237684729064064,0
230,4,0,1,26,0.0,0.037037037037037035,0.962962962962963,27,950,500,450,0.5263157894736842,14,5,9,435.12728710358147,0.3976139601139601,0.02919089739204095,0.2387774115312573,128785.67719405463,5807.632467049307,134593.30966110394,229,1,159.85185185185185,27,0,17,35.2008808581342,0.6315586419753088,46.24255952380952,1015.0297619047612,37.59369488536153,0
231,4,2,2,26,0.07142857142857142,0.07142857142857142,0.9285714285714286,28,500,300,200,0.6,7,3,4,427.27759518427564,0.40693893298059963,0.005126573327676409,0.23585322994129682,129018.86240338876,5425.373852226177,134444.23625561493,230,0,154.67857142857142,28,0,17,35.16063263093386,0.6305803571428572,46.012931034482754,1015.9482758620685,36.28386699507387,0
232,4,1,0,27,0.037037037037037035,0.0,1.0,27,700,500,200,0.7142857142857143,9,5,4,435.0309056705188,0.3969610636277303,0.04796599878567109,0.24124441132637844,129201.38888888882,5841.3194444444325,135042.70833333326,231,0,161.37037037037038,27,0,18,34.77629781420765,0.6358024691358024,45.83333333333333,1016.6666666666661,37.6543209876543,0
233,4,1,1,27,0.03571428571428571,0.03571428571428571,0.9642857142857143,28,950,700,250,0.7368421052631579,12,7,5,424.2343177834382,0.4045138888888889,0.030543852929911797,0.23767182688784386,129603.40131209532,5396.442107609977,134999.84341970528,232,0,156.57142857142858,28,0,18,34.63883401533323,0.6365327380952381,45.43821839080459,1018.2471264367811,36.365968801313606,0
234,4,1,1,27,0.03571428571428571,0.03571428571428571,0.9642857142857143,28,950,800,150,0.8421052631578947,11,8,3,423.1797103928733,0.4021164021164021,0.03359862986097051,0.23774517802579023,129713.1494418022,5378.394602985875,135091.54404478808,233,0,157.53571428571428,28,0,18,34.553361542078044,0.6376488095238095,45.33045977011495,1018.6781609195411,36.38136288998361,0
235,4,1,1,27,0.03571428571428571,0.03571428571428571,0.9642857142857143,28,550,300,250,0.5454545454545454,8,3,5,424.85273961020994,0.40178571428571425,0.03242998186580626,0.23868509697594212,129713.1494418022,5421.797380763653,135134.94682256586,234,0,158.5,28,0,18,34.51075458392101,0.6376488095238095,45.33045977011495,1018.6781609195411,36.38136288998361,0
236,4,2,0,29,0.06896551724137931,0.0,1.0,29,700,500,200,0.7142857142857143,9,5,4,411.9950020824657,0.40578817733990147,0.036593947923997394,0.23474133839582345,130262.5868055555,4933.506944444437,135196.09374999994,235,0,153.9655172413793,29,0,20,34.277210884353735,0.6400862068965518,44.791666666666664,1020.8333333333329,35.20114942528734,0
237,4,0,0,29,0.0,0.0,1.0,29,850,500,350,0.5882352941176471,12,5,7,411.5136001212659,0.4063013136288998,0.02841135516538129,0.23553949641182187,130439.87509645063,4935.556520061731,135375.43161651236,236,1,154.9655172413793,29,0,20,34.10874121912532,0.641882183908046,44.61805555555556,1021.5277777777778,35.225095785440615,0
238,4,0,0,29,0.0,0.0,1.0,29,550,400,150,0.7272727272727273,7,4,3,410.1918347858619,0.40558292282430214,0.03345656971758748,0.23564416176340017,130581.79253472216,4912.717013888884,135494.50954861104,237,2,155.9655172413793,29,0,20,33.99791072156543,0.6433189655172413,44.479166666666664,1022.0833333333328,35.2442528735632,0
239,4,2,1,30,0.06451612903225806,0.03225806451612903,0.967741935483871,31,950,600,350,0.631578947368421,13,6,7,389.9351022313199,0.41362007168458786,0.019164506284251592,0.2268084056173891,131061.33355034729,4021.082899305565,135082.41644965287,238,0,146.83870967741936,31,0,21,34.02848423194303,0.6424731182795698,44.01041666666667,1023.9583333333339,33.030913978494645,0
240,4,1,1,30,0.03225806451612903,0.03225806451612903,0.967741935483871,31,900,700,200,0.7777777777777778,11,7,4,383.4083141858936,0.41066308243727595,0.009220117968116393,0.21789492083211393,130162.91512383374,3781.108771430147,133944.02389526388,239,0,147.80645161290323,31,0,22,35.10816745353238,0.6334005376344085,44.88932291666668,1020.4427083333348,32.917506720430154,8
241,4,2,2,30,0.0625,0.0625,0.9375,32,900,700,200,0.7777777777777778,11,7,4,366.1728524115839,0.41248739919354843,0.005987492279184492,0.21037397021091372,130585.01882779834,3163.337765279073,133748.35659307742,240,0,144.0,32,0,20,35.1194152769199,0.6350911458333333,44.47601010101011,1022.0959595959608,31.940498737373776,0
242,4,0,1,29,0.0,0.03333333333333333,0.9666666666666667,30,850,700,150,0.8235294117647058,10,7,3,386.76366070554565,0.40498084291187736,0.02829559417237104,0.22055981732127058,130296.89125910512,4078.820528384783,134375.7117874899,241,2,154.6,30,0,23,34.88623398279795,0.6375,44.75806451612903,1020.967741935484,34.032258064516135,0
243,4,0,0,29,0.0,0.0,1.0,29,700,400,300,0.5714285714285714,10,4,6,397.9407766538657,0.40209359605911327,0.03153996705199891,0.22611530441422648,130156.2717013888,4558.897569444433,134715.16927083323,242,3,160.72413793103448,29,0,23,34.74419831223628,0.6390086206896552,44.89583333333333,1020.416666666666,35.18678160919538,0
244,4,1,1,29,0.03333333333333333,0.03333333333333333,0.9666666666666667,30,850,600,250,0.7058823529411765,11,6,5,390.7494513205461,0.40653735632183907,0.02405629356832817,0.2242164587464232,130537.14889365801,4201.46386142904,134738.61275508706,243,0,156.33333333333334,30,0,21,34.54009382261389,0.6399305555555557,44.52284946236558,1021.9086021505359,34.06362007168453,0
245,4,1,0,30,0.03333333333333333,0.0,1.0,30,550,300,250,0.5454545454545454,8,3,5,377.4695659287145,0.4058668582375479,-0.015165939442020271,0.20914302762775602,129167.22896071813,3751.3395696034395,132918.56853032156,244,0,157.3,30,0,23,36.27418572876724,0.6260416666666666,45.866935483870975,1016.5322580645171,33.88440860215057,6
246,4,0,0,30,0.0,0.0,1.0,30,750,400,350,0.5333333333333333,11,4,7,380.29162792932516,0.4051724137931034,-0.021027131782946018,0.21162110589478927,129338.07376575333,3837.2373251243,133175.31109087763,245,1,158.3,30,0,23,36.02806774136716,0.6277777777777778,45.6989247311828,1017.2043010752693,33.90681003584231,0
247,4,0,0,30,0.0,0.0,1.0,30,650,600,50,0.9230769230769231,7,6,1,380.13028788745146,0.4053639846743295,-0.018559605564359982,0.2122674439442319,129474.83090530703,3843.460949242698,133318.29185454972,246,2,159.3,30,0,18,35.89265275576687,0.6291666666666667,45.56451612903226,1017.7419354838714,33.92473118279572,0
248,4,2,3,29,0.0625,0.09375,0.90625,32,1200,800,400,0.6666666666666666,16,8,8,359.19273280425557,0.4090011760752688,-0.034345208617060696,0.2033076175795356,130004.92814827578,2939.3650839200172,132944.2932321958,247,0,150.28125,32,0,20,35.88636457430564,0.6292317708333333,45.044191919191924,1019.823232323233,31.86947601010103,0
249,4,3,3,29,0.09375,0.09375,0.90625,32,400,300,100,0.75,5,3,2,359.2113287891796,0.4116053427419355,-0.02846500185666545,0.20365391756405507,130069.31889921964,2944.474575298459,133013.79347451808,248,0,151.09375,32,0,20,35.82049139745018,0.6298828125,44.981060606060616,1020.075757575759,31.87736742424247,0
250,4,0,0,29,0.0,0.0,1.0,29,900,700,200,0.7777777777777778,11,7,4,392.06205919302704,0.39973316912972084,-0.008465489023082418,0.21977056712563242,129625.34722222219,4364.236111111108,133989.58333333328,249,10,167.72413793103448,29,0,20,35.435420076377525,0.6336206896551724,45.416666666666664,1018.333333333333,35.114942528735625,0
251,4,0,0,29,0.0,0.0,1.0,29,600,500,100,0.8333333333333334,7,5,2,389.9699315409356,0.3995279146141215,-0.015513715534870354,0.21918999600404288,129731.44531249987,4318.27256944443,134049.7178819443,250,11,168.72413793103448,29,0,20,35.3804533060668,0.6346982758620691,45.31249999999999,1018.749999999999,35.12931034482755,0
252,4,0,0,29,0.0,0.0,1.0,29,650,500,150,0.7692307692307693,8,5,3,389.9699315409356,0.3995279146141215,-0.015513715534870354,0.21918999600404288,129731.44531249987,4318.27256944443,134049.7178819443,251,12,169.72413793103448,29,0,20,35.3804533060668,0.6346982758620691,45.31249999999999,1018.749999999999,35.12931034482755,0
253,4,2,1,30,0.06451612903225806,0.03225806451612903,0.967741935483871,31,450,200,250,0.4444444444444444,7,2,5,368.3465222823823,0.4064516129032258,-0.017379855167873437,0.20987185571903186,130262.58680555563,3396.354166666677,133658.9409722223,252,0,159.70967741935485,31,0,21,35.39115646258502,0.6344086021505376,44.79166666666667,1020.833333333334,32.93010752688174,0
254,4,1,1,30,0.03225806451612903,0.03225806451612903,0.967741935483871,31,850,700,150,0.8235294117647058,10,7,3,368.5263172457424,0.4056899641577061,-0.013951211888143744,0.21051361297584545,130362.2966342503,3408.387417263466,133770.68405151376,253,0,160.67741935483872,31,0,21,35.28531280547409,0.6354166666666666,44.69401041666667,1021.223958333334,32.94270833333336,0
255,4,0,0,30,0.0,0.0,1.0,30,850,500,350,0.5882352941176471,12,5,7,394.1157519967487,0.4008141762452107,0.03379420366923691,0.2108491242190287,127770.56054168117,4071.2781101861588,131841.83865186732,254,2,167.03333333333333,30,0,19,37.28313613400692,0.6118055555555555,47.24462365591398,1011.0215053763445,33.70071684587815,6
256,4,1,0,31,0.03225806451612903,0.0,1.0,31,700,500,200,0.7142857142857143,9,5,4,386.51798576697803,0.40698924731182795,0.010329781488688905,0.2074846191784789,127906.48666030742,3688.1780046826066,131594.66466499004,255,0,162.61290322580646,30,1,23,37.33557002391709,0.6131944444444445,47.11021505376343,1011.5591397849452,33.7186379928315,1
257,4,3,3,31,0.08823529411764706,0.08823529411764706,0.9117647058823529,34,750,500,250,0.6666666666666666,10,5,5,356.7726201311583,0.41934046345811055,0.0046746234725774105,0.195375482452777,128703.50346020746,2383.577229911551,131087.080690119,256,0,149.1764705882353,33,1,20,37.27304750402575,0.6136363636363638,46.323529411764696,1014.70588235294,30.74866310160424,0
258,4,2,2,31,0.06060606060606061,0.06060606060606061,0.9393939393939394,33,700,500,200,0.7142857142857143,9,5,4,364.0180288750399,0.41433869949494945,0.015943406187308717,0.19926763488009688,128688.43102744622,2768.9818003265027,131457.41282777273,257,0,153.78787878787878,32,1,22,37.104643686742996,0.6158854166666666,46.33838383838384,1014.6464646464649,31.707702020202028,0
259,4,2,0,33,0.06060606060606061,0.0,1.0,33,1000,600,400,0.6,14,6,8,364.50947868133983,0.41571969696969696,0.03202881840036764,0.20050514552362086,128880.67065860632,2795.6452147740124,131676.31587338034,258,0,154.66666666666666,32,1,24,36.89587996352484,0.6178385416666666,46.1489898989899,1015.4040404040409,31.731376262626277,0
260,4,0,0,33,0.0,0.0,1.0,33,900,700,200,0.7777777777777778,11,7,4,366.96827702779706,0.4163904671717172,0.028626852741209685,0.20234816920415544,128976.8442792828,2866.082064330183,131842.92634361298,259,1,155.66666666666666,32,1,24,36.73529107105862,0.6188151041666666,46.054292929292934,1015.7828282828289,31.743213383838402,0
261,4,0,0,33,0.0,0.0,1.0,33,1050,700,350,0.6666666666666666,14,7,7,364.4853533996236,0.41587752525252525,0.02682563338301036,0.20212369597615515,129201.38888888905,2818.402777777798,132019.79166666686,260,2,156.66666666666666,32,1,24,36.56933060109289,0.62109375,45.83333333333334,1016.666666666668,31.770833333333375,0
262,4,1,1,33,0.029411764705882353,0.029411764705882353,0.9705882352941176,34,650,400,250,0.6153846153846154,9,4,5,354.3071246446963,0.4193961675579323,0.024754933307253424,0.19830546940564636,129565.68611992737,2381.209140353744,131946.8952602811,261,0,153.02941176470588,31,3,20,36.457267553395575,0.6273521505376343,45.47526041666667,1018.0989583333339,32.84190188172045,0
263,4,1,0,34,0.029411764705882353,0.0,1.0,34,1000,500,500,0.5,15,5,10,352.9327156969881,0.417242275698158,0.02612834634428496,0.19921486886746376,129897.31046888574,2369.0021091037393,132266.31257798948,262,0,154.0,31,3,21,36.155240132839424,0.6307123655913978,45.149739583333336,1019.4010416666675,32.8839045698925,0
264,4,1,2,33,0.02857142857142857,0.05714285714285714,0.9428571428571428,35,800,700,100,0.875,9,7,2,343.356934610579,0.4184173669467787,0.032419825072886654,0.19563360227812054,130262.5868055555,1945.3124999999968,132207.8993055555,263,0,150.57142857142858,32,3,22,36.028911564625844,0.6318359375,44.791666666666664,1020.8333333333329,31.901041666666654,0
265,4,0,0,33,0.0,0.0,1.0,33,1100,900,200,0.8181818181818182,13,9,4,362.686318519183,0.410195707070707,0.04416862350441608,0.2053778943972807,130022.5820904151,2831.4823245461857,132854.0644149613,264,1,160.3939393939394,30,3,23,35.77935556141273,0.6347222222222222,45.026881720430104,1019.8924731182798,33.996415770609325,0
266,4,1,1,33,0.029411764705882353,0.029411764705882353,0.9705882352941176,34,1100,700,400,0.6363636363636364,15,7,8,349.51353929158876,0.4140485739750446,0.04209125332733521,0.19999516526203578,130428.79104614243,2317.3256768120514,132746.1167229545,265,0,156.64705882352942,31,3,24,35.70334076906737,0.6360887096774195,44.62890624999999,1021.4843749999989,32.95110887096771,0
267,4,0,0,33,0.0,0.0,1.0,33,1050,800,250,0.7619047619047619,13,8,5,360.3436091155633,0.40936710858585856,0.04946424370032698,0.206038456408515,130399.83171826214,2797.7491978841317,133197.58091614628,266,3,162.3939393939394,30,3,25,35.45614554546649,0.6385416666666668,44.65725806451612,1021.3709677419348,34.04569892473116,0
268,4,0,0,33,0.0,0.0,1.0,33,850,800,50,0.9411764705882353,9,8,1,377.60701842407525,0.409603851010101,0.048425587801908865,0.21012719966422097,129338.07376575346,3167.79288067987,132505.86664643334,267,4,163.3939393939394,30,3,21,36.09633764975333,0.6277777777777777,45.69892473118281,1017.2043010752705,33.90681003584235,5
269,4,0,0,33,0.0,0.0,1.0,33,650,300,350,0.46153846153846156,10,3,7,376.41511805617876,0.410116792929293,0.04730170547103607,0.2100102327784325,129440.63484579144,3144.6823693490646,132585.3172151405,268,5,164.3939393939394,30,3,19,36.022046845418934,0.6288194444444444,45.598118279569896,1017.6075268817206,33.920250896057354,0
270,4,1,0,34,0.029411764705882353,0.0,1.0,34,950,600,350,0.631578947368421,13,6,7,364.6488412467435,0.4142342543077837,0.05571252517358527,0.20565353957345195,129864.12896050366,2670.9608289930816,132535.08978949673,269,0,160.52941176470588,31,3,20,35.8903934593766,0.6303763440860214,45.18229166666668,1019.2708333333348,32.879704301075314,0
271,4,0,0,34,0.0,0.0,1.0,34,900,700,200,0.7777777777777778,11,7,4,364.26098005346694,0.4146798871063577,0.05088272857035525,0.20578380041981584,129930.49621582043,2665.7219780816126,132596.21819390205,270,1,161.52941176470588,31,3,21,35.832801191996595,0.631048387096774,45.11718750000001,1019.5312500000009,32.88810483870971,0
272,4,0,0,34,0.0,0.0,1.0,34,1200,700,500,0.5833333333333334,17,7,10,366.4363823332426,0.4150698158051099,0.049890733773402474,0.20754130027594297,130030.07888793955,2729.550340440554,132759.6292283801,271,2,162.52941176470588,31,3,21,35.676119196561565,0.6320564516129031,45.01953125000001,1019.9218750000008,32.90070564516132,0
273,4,0,0,34,0.0,0.0,1.0,34,700,400,300,0.5714285714285714,10,4,6,368.17807420679304,0.41449420677361853,0.05226255892862519,0.20906111518003137,130129.69970703135,2782.1804470486263,132911.88015408,272,3,163.52941176470588,31,3,21,35.530457716522044,0.6330645161290323,44.92187500000001,1020.3125000000008,32.91330645161293,0
274,4,0,1,33,0.0,0.029411764705882353,0.9705882352941176,34,950,800,150,0.8421052631578947,11,8,3,364.45366868704764,0.41493983957219255,-0.05305997002534735,0.1985957707106579,128506.3934948979,2566.925311791376,131073.3188066893,273,4,164.52941176470588,34,0,18,37.279607451763134,0.609375,46.51785714285714,1013.928571428571,29.82142857142856,7
275,4,0,0,33,0.0,0.0,1.0,33,950,800,150,0.8421052631578947,11,8,3,369.6532509436732,0.4147727272727273,-0.04333399257257109,0.20148293796495084,128517.04422577866,2901.34863994619,131418.39286572486,274,5,169.45454545454547,33,0,18,37.136914833615336,0.6117424242424241,46.50735294117648,1013.970588235295,30.726381461675608,0
276,4,2,2,33,0.05714285714285714,0.05714285714285714,0.9428571428571428,35,800,500,300,0.625,11,5,6,350.9067828958466,0.42359943977591036,-0.040074211502782786,0.19372702768929173,129024.94454089503,2055.1456404320966,131080.09018132713,275,0,160.71428571428572,35,0,20,37.09415584415585,0.6125,46.00694444444444,1015.972222222222,29.02777777777777,0
277,4,1,0,34,0.029411764705882353,0.0,1.0,34,950,600,350,0.631578947368421,13,6,7,358.0343564602067,0.42104872251931075,-0.03087994044582898,0.19763681746645548,129019.90504535145,2438.711734693873,131458.61678004533,276,0,164.85294117647058,34,0,21,36.91825833919223,0.6145833333333334,46.01190476190476,1015.9523809523807,29.880952380952376,0
278,4,0,0,34,0.0,0.0,1.0,34,1000,700,300,0.7,13,7,6,358.0343564602067,0.42104872251931075,-0.03087994044582898,0.19763681746645548,129019.90504535145,2438.711734693873,131458.61678004533,277,1,165.85294117647058,34,0,21,36.91825833919223,0.6145833333333334,46.01190476190476,1015.9523809523807,29.880952380952376,0
279,4,1,0,35,0.02857142857142857,0.0,1.0,35,1100,700,400,0.6363636363636364,15,7,8,351.84030802540184,0.42366946778711484,-0.020640676436675998,0.19646523796924598,129473.85381235804,2110.951672335571,131584.8054846936,278,0,162.0857142857143,34,1,16,36.61344406753226,0.6191789215686276,45.565476190476176,1017.7380952380933,29.933473389355683,0
280,4,0,0,35,0.0,0.0,1.0,35,950,700,250,0.7368421052631579,12,7,5,357.1449027350034,0.42342436974789915,-0.02405839220991779,0.2000432451272088,129595.04145408137,2256.8416950113046,131851.88314909267,279,1,163.0857142857143,34,1,17,36.35517752055808,0.6204044117647061,45.446428571428555,1018.2142857142835,29.947478991596572,0
281,4,0,0,35,0.0,0.0,1.0,35,1000,700,300,0.7,13,7,6,355.32397617566073,0.42247899159663865,-0.016509717491485,0.19948503544350052,129685.96938775486,2216.106859410396,131902.07624716524,280,2,164.0857142857143,34,1,17,36.309071606669775,0.6213235294117648,45.35714285714284,1018.5714285714265,29.95798319327725,0
282,4,0,0,35,0.0,0.0,1.0,35,650,400,250,0.6153846153846154,9,4,5,356.9285341126306,0.4225840336134454,-0.013449306332325772,0.2005408710703727,129716.28578514718,2259.888747165511,131976.1745323127,281,3,165.0857142857143,34,1,17,36.23738849285187,0.6216299019607844,45.32738095238094,1018.6904761904744,29.961484593837483,0
283,4,0,1,34,0.0,0.02857142857142857,0.9714285714285714,35,350,200,150,0.5714285714285714,5,2,3,356.9285341126306,0.4225840336134454,-0.013449306332325772,0.2005408710703727,129716.28578514718,2259.888747165511,131976.1745323127,282,4,166.0857142857143,34,1,17,36.23738849285187,0.6216299019607844,45.32738095238094,1018.6904761904744,29.961484593837483,0
284,4,1,2,33,0.02857142857142857,0.05714285714285714,0.9428571428571428,35,750,500,250,0.6666666666666666,10,5,5,359.1915407676124,0.4263655462184874,-0.01436250125196148,0.20196854177984402,129746.60572562352,2320.776643990923,132067.38236961444,283,0,166.88571428571427,34,1,17,36.14892498247254,0.6219362745098039,45.297619047619044,1018.8095238095233,29.964985994397743,0
285,4,1,2,32,0.029411764705882353,0.058823529411764705,0.9411764705882353,34,1150,800,350,0.6956521739130435,15,8,7,367.36584684700307,0.41668523469994057,-0.007535946926564119,0.20714452530349314,129856.32216274987,2740.9555519511696,132597.27771470105,284,0,172.52941176470588,33,1,17,35.829100036070706,0.6253156565656566,45.189950980392155,1019.2401960784312,30.88606654783125,0
286,4,2,1,33,0.058823529411764705,0.029411764705882353,0.9705882352941176,34,700,500,200,0.7142857142857143,9,5,4,365.1790902187684,0.418356357694593,-0.013201891740953098,0.2065707144602563,129981.25908604857,2693.287587706644,132674.54667375522,285,0,173.02941176470588,33,1,18,35.75779653887754,0.6265782828282829,45.06740196078431,1019.7303921568622,30.90092097445037,0
287,4,1,0,34,0.029411764705882353,0.0,1.0,34,850,600,250,0.7058823529411765,11,6,5,368.6797167846731,0.41692661913250145,0.014525810324129695,0.21006169909824396,130262.58680555552,2805.034722222218,133067.62152777772,286,0,174.0,33,1,19,35.38265306122448,0.629419191919192,44.791666666666664,1020.833333333333,30.934343434343425,0
288,4,0,0,34,0.0,0.0,1.0,34,800,500,300,0.625,11,5,6,367.99681515641765,0.41620246583481874,0.014234687034540228,0.21017940100743157,130356.43029423774,2794.1502366878035,133150.58053092554,287,1,175.0,33,1,19,35.304787191487655,0.6303661616161617,44.69975490196078,1021.2009803921565,30.94548425430777,0
289,4,0,0,34,0.0,0.0,1.0,34,900,700,200,0.7777777777777778,11,7,4,366.558708890698,0.41545974450386214,0.015143389409506325,0.209864931134125,130450.30757401002,2763.5392637447158,133213.84683775474,288,2,176.0,33,1,20,35.24622120921304,0.6313131313131313,44.6078431372549,1021.5686274509807,30.956625074272143,0
290,4,1,1,34,0.02857142857142857,0.02857142857142857,0.9714285714285714,35,900,600,300,0.6666666666666666,12,6,6,356.35440182543897,0.417436974789916,0.013374567704176776,0.20576592879597916,130779.59183673456,2320.7766439909133,133100.36848072548,289,0,171.94285714285715,34,1,17,35.173223153320926,0.6323529411764707,44.28571428571428,1022.8571428571418,30.084033613445346,0
291,4,0,2,32,0.0,0.058823529411764705,0.9411764705882353,34,800,600,200,0.75,10,6,4,366.39099036829083,0.41364007724301843,0.031034529980074943,0.21139455999019388,130749.15143140589,2781.0622165532873,133530.21364795917,290,4,178.0,34,0,18,34.947425600434556,0.632046568627451,44.31547619047619,1022.7380952380952,30.080532212885153,0
292,4,0,0,32,0.0,0.0,1.0,32,950,600,350,0.631578947368421,13,6,7,377.64019252654543,0.412088373655914,0.036693847294291926,0.21678154030566388,130552.75769054191,3460.393709825543,134013.15140036747,291,5,187.34375,32,0,18,34.859154929577464,0.634765625,44.507575757575765,1021.9696969696979,31.93655303030306,0
293,4,0,0,32,0.0,0.0,1.0,32,750,600,150,0.8,9,6,3,381.13305898491075,0.4117943548387097,0.03539351851851835,0.21988445710667928,130746.38429752071,3566.353879706157,134312.73817722686,292,6,188.34375,32,0,18,34.573302469135804,0.63671875,44.31818181818182,1022.7272727272731,31.960227272727284,0
294,4,0,1,31,0.0,0.03125,0.96875,32,800,700,100,0.875,9,7,2,381.4087806825148,0.41206737231182794,0.03932571269900009,0.22059638471594703,130843.25140610659,3580.9529958677754,134424.20440197436,293,7,189.34375,32,0,19,34.46794397136862,0.6376953125,44.22348484848485,1023.1060606060611,31.97206439393941,0
295,4,1,0,32,0.03125,0.0,1.0,32,1000,500,500,0.5,15,5,10,384.65367984314315,0.411164314516129,0.032290125739645514,0.22416024790859,131134.0679522496,3688.2403581267054,134822.3083103763,294,0,190.0625,32,0,20,34.0899285009862,0.640625,43.93939393939393,1024.2424242424229,32.007575757575715,0
296,4,0,0,32,0.0,0.0,1.0,32,1250,1000,250,0.8,15,10,5,382.5159873796437,0.4096522177419355,0.032020083785115894,0.22366712921997042,131263.42337516585,3642.0715998367564,134905.4949750026,295,1,191.0625,32,0,20,34.01357401018566,0.6419270833333334,43.813131313131315,1024.747474747475,32.023358585858595,0
297,4,0,0,32,0.0,0.0,1.0,32,950,600,350,0.631578947368421,13,6,7,387.0050895630904,0.4098622311827957,0.025152439024389794,0.2266744096012388,131328.12500000006,3764.9305555555557,135093.05555555562,296,2,192.0625,32,0,20,33.83299457994578,0.642578125,43.75,1025.0000000000005,32.031250000000014,0
298,4,0,0,32,0.0,0.0,1.0,32,1050,900,150,0.8571428571428571,12,9,3,389.90321264833443,0.4098202284946237,0.029203090371829887,0.22914572309187922,131457.5760764207,3851.146247831847,135308.72232425254,297,3,193.0625,32,0,20,33.62754452926209,0.6438802083333334,43.62373737373737,1025.50505050505,32.04703282828281,0
299,4,0,0,32,0.0,0.0,1.0,32,1000,700,300,0.7,13,7,6,392.79129314927286,0.40954721102150543,0.03210363602805444,0.23182388085868863,131619.4795971075,3939.797118916441,135559.27671602395,298,4,194.0625,32,0,16,33.38947336040359,0.6455078125,43.46590909090909,1026.1363636363642,32.06676136363638,0
300,4,1,1,32,0.030303030303030304,0.030303030303030304,0.9696969696969697,33,850,700,150,0.8235294117647058,10,7,3,383.50291505005157,0.410116792929293,0.026061835392464427,0.22779149050563308,131862.52170138896,3513.932291666677,135376.45399305565,299,0,189.15151515151516,33,0,16,33.38193035835024,0.6455176767676767,43.22916666666667,1027.083333333334,31.12373737373739,0
301,4,0,1,31,0.0,0.03125,0.96875,32,500,400,100,0.8,6,4,2,391.8928119170489,0.40906418010752693,0.0306964944649446,0.23188417473694384,131716.6695362719,3923.763200183663,135640.43273645555,300,6,196.0625,32,0,17,33.3141143911439,0.646484375,43.371212121212125,1026.5151515151522,32.078598484848506,0
302,4,1,0,32,0.03125,0.0,1.0,32,650,500,150,0.7692307692307693,8,5,3,393.43878150216443,0.4125924059139785,0.027899040826364407,0.23319563929851317,131781.4827568615,3969.5892000816134,135751.0719569431,301,0,194.875,32,0,18,33.208825217248716,0.6471354166666667,43.3080808080808,1026.7676767676764,32.08648989898989,0
303,4,0,1,31,0.0,0.03125,0.96875,32,600,500,100,0.8333333333333334,7,5,2,391.85904195789055,0.4124453965053763,0.012809469116896288,0.22250778643348057,130129.69970703128,3809.2768530275944,133938.9765600589,302,1,195.875,31,1,21,34.926408031308476,0.6330645161290323,44.921875,1020.3125000000002,32.91330645161291,5
304,4,0,0,31,0.0,0.0,1.0,31,600,500,100,0.8333333333333334,7,5,2,400.40679607037055,0.4088709677419355,0.01985307871511921,0.22673781855089334,130022.58209041505,4212.385102323964,134234.96719273902,303,2,202.93548387096774,30,1,21,34.817584782990686,0.6347222222222222,45.026881720430104,1019.8924731182793,33.99641577060931,0
305,4,0,0,31,0.0,0.0,1.0,31,550,400,150,0.7272727272727273,7,4,3,399.23778132385434,0.4088709677419355,0.019348887821507788,0.22627449757033072,130056.85492903799,4184.722041565498,134241.5769706035,304,3,203.93548387096774,30,1,21,34.81244784117364,0.6350694444444445,44.99327956989247,1020.0268817204297,34.00089605734766,0
306,4,2,2,31,0.06060606060606061,0.06060606060606061,0.9393939393939394,33,700,500,200,0.7142857142857143,9,5,4,381.9620936574933,0.4160748106060606,0.004088325808118132,0.21926249546551427,130552.7576905418,3373.240932047751,133925.99862258954,305,0,192.5151515151515,32,1,16,34.74873362984927,0.634765625,44.50757575757576,1021.969696969697,31.93655303030303,0
307,4,1,0,32,0.03125,0.0,1.0,32,1000,800,200,0.8,12,8,4,391.4055466787636,0.4106182795698925,0.030931609780947777,0.22531644813208584,130661.6550021701,3828.339301215273,134489.99430338538,306,0,199.5,31,1,19,34.39675666496859,0.6384408602150538,44.401041666666664,1022.3958333333329,32.98051075268816,0
308,4,0,0,32,0.0,0.0,1.0,32,800,600,200,0.75,10,6,4,390.5326425558214,0.41024025537634407,0.03634164969450082,0.22559003234695102,130794.8133680556,3815.9288194444503,134610.74218750006,307,1,200.5,31,1,20,34.28377460964018,0.6397849462365591,44.270833333333336,1022.9166666666671,32.997311827957006,0
309,4,1,0,33,0.030303030303030304,0.0,1.0,33,900,700,200,0.7777777777777778,11,7,4,380.68191764994236,0.4119318181818182,0.04009772279003032,0.22184566925117308,131134.06795224964,3384.0736914600375,134518.14164370968,308,0,195.3939393939394,32,1,21,34.19162968441814,0.640625,43.93939393939393,1024.242424242423,32.00757575757572,0
310,4,0,1,32,0.0,0.030303030303030304,0.9696969696969697,33,1050,900,150,0.8571428571428571,12,9,3,413.90066193503606,0.41153724747474746,0.10939357907253289,0.2305234812499106,129372.25627601445,4136.17569962226,133508.43197563672,309,1,196.3939393939394,30,3,20,35.13839344695468,0.628125,45.66532258064515,1017.3387096774184,33.91129032258061,5
311,4,3,1,34,0.08571428571428572,0.02857142857142857,0.9714285714285714,35,1150,800,350,0.6956521739130435,15,8,7,392.2404394223868,0.418312324929972,0.12014687210459485,0.2227690244632195,130137.51471789718,3209.0391916570848,133346.55390955426,310,0,186.05714285714285,33,2,18,34.90871967331252,0.6281565656565655,44.914215686274524,1020.3431372549038,30.91948900772436,0
312,4,0,0,34,0.0,0.0,1.0,34,1100,900,200,0.8181818181818182,13,9,4,402.54638711642536,0.4150326797385621,0.13049855507108155,0.22859995462317892,130133.72559241418,3676.97221584534,133810.69780825952,311,1,192.52941176470588,32,2,18,34.6496926947985,0.6305338541666665,44.9179292929293,1020.3282828282839,31.885258838383873,0
313,4,0,0,34,0.0,0.0,1.0,34,700,500,200,0.7142857142857143,9,5,4,404.46031828415585,0.41518122400475344,0.13001506429616283,0.2300670480429862,130198.1482278595,3731.9968944495604,133930.14512230907,312,2,193.52941176470588,32,2,18,34.53518701802137,0.6311848958333333,44.854797979797986,1020.5808080808089,31.893150252525277,0
314,4,0,0,34,0.0,0.0,1.0,34,1050,700,350,0.6666666666666666,14,7,7,404.06052708045337,0.41486556743909686,0.12340722639204049,0.23079389428154706,130359.27456382,3734.607438016526,134093.88200183652,313,3,194.52941176470588,32,2,18,34.38118199802176,0.6328125,44.696969696969695,1021.212121212121,31.912878787878782,0
315,4,1,1,34,0.02857142857142857,0.02857142857142857,0.9714285714285714,35,600,400,200,0.6666666666666666,8,4,4,408.11082419039474,0.4185574229691877,0.11441334444188422,0.22761004374743193,129426.12879106724,3571.214831394756,132997.343622462,314,0,189.94285714285715,32,3,15,35.2305393555859,0.6233723958333334,45.61237373737374,1017.5505050505051,31.798453282828284,4
316,4,1,1,34,0.02857142857142857,0.02857142857142857,0.9714285714285714,35,950,700,250,0.7368421052631579,12,7,5,404.07599598580816,0.4169467787114846,0.1240421574705517,0.22646788795174033,129618.91842987963,3475.1787126313693,133094.097142511,315,0,190.9142857142857,32,3,16,35.136133498656754,0.6253255208333334,45.4229797979798,1018.3080808080811,31.822127525252533,0
317,4,2,0,36,0.05555555555555555,0.0,1.0,36,1050,800,250,0.7619047619047619,13,8,5,391.7993959128754,0.42142857142857143,0.12831574591351136,0.21780152754162962,129297.68207644635,2961.227967809416,132258.91004425575,316,0,186.41666666666666,32,4,22,35.77669149596524,0.6220703125,45.73863636363637,1017.0454545454551,31.78267045454547,4
318,4,2,4,34,0.05263157894736842,0.10526315789473684,0.8947368421052632,38,750,500,250,0.6666666666666666,10,5,5,377.4968388121182,0.4275723091512565,0.11407813259050159,0.21242573592326866,129776.92920918355,2198.0761054421555,131975.0053146257,317,0,177.55263157894737,34,4,13,35.651799275616284,0.6222426470588236,45.26785714285713,1018.9285714285704,29.968487394957954,0
319,4,0,1,33,0.0,0.029411764705882353,0.9705882352941176,34,1100,800,300,0.7272727272727273,14,8,6,414.9351526087724,0.41594251336898397,0.13171421034781639,0.22952295294907624,129102.12410820849,3913.801913791225,133015.9260219997,318,2,199.35294117647058,31,3,21,35.38877322229341,0.6226478494623657,45.93098958333333,1016.2760416666661,32.78309811827955,0
320,4,1,1,33,0.029411764705882353,0.029411764705882353,0.9705882352941176,34,1000,500,500,0.5,15,5,10,404.7268159493821,0.4161281937017231,0.1102235700471823,0.22614363976242455,129499.4121127658,3682.4150933159635,133181.82720608177,319,0,191.7058823529412,31,3,16,35.241700780350506,0.6266801075268817,45.54036458333333,1017.8385416666663,32.83350134408601,0
321,4,2,2,33,0.05714285714285714,0.05714285714285714,0.9428571428571428,35,850,500,350,0.5882352941176471,12,5,7,398.5106430369221,0.42170868347338936,0.10400934215648094,0.22500523999161598,129908.37191358021,3353.9737654320925,133262.3456790123,320,0,187.17142857142858,32,3,18,34.98240236148956,0.6282552083333334,45.138888888888886,1019.4444444444441,31.85763888888888,0
322,4,2,1,34,0.05714285714285714,0.02857142857142857,0.9714285714285714,35,900,600,300,0.6666666666666666,12,6,6,397.8770449753115,0.4178921568627451,0.1091307652871818,0.2259483064262466,130133.72559241393,3355.4444380675327,133489.17003048147,321,0,188.11428571428573,32,3,19,34.76879924101803,0.6305338541666667,44.91792929292929,1020.3282828282819,31.88525883838381,0
323,4,0,0,34,0.0,0.0,1.0,34,350,200,150,0.5714285714285714,5,2,3,406.2529668005362,0.4153112002376708,0.12000699239576984,0.22975482912332842,129972.73875114787,3760.362144168967,133733.10089531683,322,1,194.64705882352942,32,2,19,34.71938459633481,0.62890625,45.07575757575758,1019.6969696969699,31.865530303030308,0
324,4,0,0,34,0.0,0.0,1.0,34,950,800,150,0.8421052631578947,11,8,3,406.8822048188895,0.4143270944741533,0.12009652270758608,0.23106219937747316,130133.72559241393,3789.8194380675327,133923.54503048147,323,2,195.64705882352942,32,2,19,34.539093759023224,0.6305338541666667,44.91792929292929,1020.3282828282819,31.88525883838381,0
325,4,1,0,35,0.02857142857142857,0.0,1.0,35,1200,1100,100,0.9166666666666666,13,11,2,394.52511095325315,0.4160014005602241,0.10387492492219219,0.2265272564646734,130561.83073255759,3302.1116892107616,133863.94242176836,324,0,191.02857142857144,31,4,15,34.41852996135388,0.6374327956989246,44.49869791666667,1022.005208333334,32.96790994623658,0
326,4,0,0,35,0.0,0.0,1.0,35,1250,1000,250,0.8,15,10,5,396.50021011151006,0.41467086834733896,0.09837472275751691,0.22943289035760292,130861.41798231346,3377.315945095495,134238.73392740896,325,1,192.02857142857144,31,4,16,34.06348095359294,0.6404569892473118,44.20572916666667,1023.1770833333342,33.00571236559143,0
327,4,1,1,35,0.027777777777777776,0.027777777777777776,0.9722222222222222,36,1000,800,200,0.8,12,8,4,384.5888364042123,0.4174603174603175,0.08783280828381912,0.22433901489900968,131171.15600069682,2889.392451220676,134060.5484519175,326,0,187.66666666666666,33,3,16,34.05398871475853,0.6385732323232323,43.9031862745098,1024.3872549019604,31.042038027332133,0
328,4,0,2,33,0.0,0.05714285714285714,0.9428571428571428,35,1100,800,300,0.7272727272727273,14,8,6,394.60287872821436,0.4144607843137255,0.08708825083670968,0.229571689130977,131069.41415416797,3344.073627691052,134413.48778185903,327,3,194.02857142857144,32,3,16,33.90079120427455,0.6399739583333334,44.00252525252525,1023.9898989898992,31.99968434343435,0
329,4,0,0,33,0.0,0.0,1.0,33,1200,800,400,0.6666666666666666,16,8,8,414.91136460974155,0.4120501893939394,0.09103648147263521,0.23999280451438865,130846.37674875716,4257.9297462134455,135104.3064949706,328,4,199.6969696969697,30,3,17,33.607845069189004,0.6430555555555555,44.22043010752689,1023.118279569893,34.10394265232977,0
330,4,1,1,33,0.029411764705882353,0.029411764705882353,0.9705882352941176,34,1100,800,300,0.7272727272727273,14,8,6,409.1279996254251,0.414624183006536,0.08146348755512367,0.23921525683893738,131261.40170627178,3940.5429416232732,135201.94464789506,329,0,194.7941176470588,31,3,17,33.33386277001271,0.644489247311828,43.81510416666667,1024.739583333334,33.05611559139787,0
331,4,0,0,33,0.0,0.0,1.0,33,900,500,400,0.5555555555555556,13,5,8,419.3291787965355,0.4108664772727273,0.0818603245787708,0.24472641659932567,131190.39231414036,4402.391895016762,135592.78420915714,330,6,201.6969696969697,30,3,18,33.144734540365604,0.6465277777777778,43.884408602150536,1024.4623655913979,34.148745519713266,0
332,4,1,2,32,0.029411764705882353,0.058823529411764705,0.9411764705882353,34,900,700,200,0.7777777777777778,11,7,4,407.4449713003619,0.4143270944741533,0.07082408435072174,0.23993981643243517,131534.8595213319,3918.7156752225665,135453.57519655448,331,0,196.73529411764707,30,4,18,33.09939509084556,0.65,43.54838709677419,1025.806451612903,34.19354838709676,0
333,4,0,0,32,0.0,0.0,1.0,32,700,500,200,0.7142857142857143,9,5,4,429.9132433208848,0.4113113239247312,0.07709745762711884,0.2506411201179072,131150.23389274697,4876.644483024697,136026.87837577166,332,8,205.90625,29,3,18,32.91454802259888,0.649066091954023,43.923611111111114,1024.3055555555559,35.32088122605365,0
334,4,1,1,32,0.030303030303030304,0.030303030303030304,0.9696969696969697,33,850,500,350,0.5882352941176471,12,5,7,419.57296823687807,0.4127604166666667,0.07591343866384448,0.24758826592125038,131613.00154320986,4444.37210648148,136057.37364969135,333,0,200.63636363636363,29,4,17,32.70901010647897,0.6537356321839081,43.47222222222222,1026.111111111111,35.383141762452105,0
335,4,0,0,32,0.0,0.0,1.0,32,750,600,150,0.8,9,6,3,431.6976135655251,0.4098202284946237,0.08405444226457415,0.25333833638187414,131401.77037917834,4945.166138195289,136346.93651737363,334,10,207.90625,28,4,18,32.61280829596413,0.6547619047619047,43.67816091954024,1025.28735632184,36.617405582922856,0
336,4,1,1,32,0.030303030303030304,0.030303030303030304,0.9696969696969697,33,850,700,150,0.8235294117647058,10,7,3,419.3898633833698,0.4150094696969697,0.08097205824478548,0.24840784215784223,131755.5555555556,4451.388888888894,136206.9444444445,335,0,202.57575757575756,29,4,18,32.56899350649351,0.6551724137931034,43.333333333333336,1026.666666666667,35.402298850574724,0
337,4,1,0,33,0.030303030303030304,0.0,1.0,33,1000,700,300,0.7,13,7,6,420.67087262464224,0.41485164141414144,0.0877460379894126,0.250103036489699,131898.18672839514,4497.145061728405,136395.33179012354,336,0,203.21212121212122,29,4,19,32.39138272940328,0.6566091954022988,43.19444444444445,1027.2222222222229,35.42145593869734,0
338,4,0,0,33,0.0,0.0,1.0,33,650,300,350,0.46153846153846156,10,3,7,417.9534285915374,0.415206755050505,0.08277421416107544,0.24895486833495936,131969.53125000012,4431.423611111126,136400.95486111124,337,1,204.21212121212122,29,4,19,32.38882130305488,0.6573275862068965,43.12500000000001,1027.500000000001,35.431034482758655,0
339,4,0,0,33,0.0,0.0,1.0,33,700,400,300,0.5714285714285714,10,4,6,417.07199138788394,0.4150094696969697,0.08495824579079048,0.24866363128758717,132005.2107445989,4411.135223765447,136416.34596836436,338,2,205.21212121212122,29,4,19,32.37529283236472,0.6576867816091954,43.090277777777786,1027.63888888889,35.43582375478931,0
340,4,0,0,33,0.0,0.0,1.0,33,750,500,250,0.6666666666666666,10,5,5,438.6411107714197,0.41548295454545453,0.060004396774156366,0.2535984700022842,130828.11355590809,4877.31781005858,135705.43136596668,339,3,206.21212121212122,31,2,16,33.01952080946926,0.6401209677419356,44.23828124999999,1023.0468749999991,33.001512096774164,6
341,4,0,0,33,0.0,0.0,1.0,33,1250,900,350,0.72,16,9,7,438.976384181094,0.41469381313131315,0.055994079921065865,0.25495849018197025,131004.77629833671,4901.600601979366,135906.37690031607,340,4,207.21212121212122,32,1,16,32.83074329879954,0.6393229166666667,44.06565656565655,1023.7373737373722,31.99179292929288,0
342,4,1,1,33,0.029411764705882353,0.029411764705882353,0.9705882352941176,34,850,300,550,0.35294117647058826,14,3,11,428.3162033373209,0.4171865715983363,0.047253705931601386,0.25025519050337786,131233.93233672125,4441.923929498244,135675.8562662195,341,0,202.08823529411765,33,1,16,32.87024578399711,0.6392045454545456,43.84191176470587,1024.6323529411748,31.04946524064166,0
343,4,0,0,33,0.0,0.0,1.0,33,650,300,350,0.46153846153846156,10,3,7,436.65809667016913,0.4145754419191919,0.05277435265104846,0.25403853400251564,131069.41415416783,4846.504183246594,135915.91833741442,342,6,209.21212121212122,32,1,16,32.82418824496507,0.6399739583333335,44.002525252525245,1023.9898989898979,31.99968434343431,0
344,4,0,1,32,0.0,0.030303030303030304,0.9696969696969697,33,1150,700,450,0.6086956521739131,16,7,9,436.2048961043121,0.41398358585858586,0.05496672418042903,0.25463068539499184,131198.7376925823,4845.906348841948,136044.64404142424,343,7,210.21212121212122,32,1,16,32.70401980116671,0.6412760416666667,43.87626262626262,1024.494949494949,32.015467171717155,0
345,4,0,0,32,0.0,0.0,1.0,32,750,500,250,0.6666666666666666,10,5,5,439.17056444036325,0.41118531586021506,0.07192107269954251,0.25633486654427123,131194.6953667534,5123.3696831597135,136318.06504991313,344,9,217.5625,31,1,16,32.63218098627351,0.6438172043010754,43.88020833333333,1024.479166666666,33.04771505376342,0
346,4,1,1,32,0.030303030303030304,0.030303030303030304,0.9696969696969697,33,900,600,300,0.6666666666666666,12,6,6,424.79173220503264,0.4127604166666667,0.05674413595205663,0.25011280017273896,131528.3966064453,4574.5029025607655,136102.89950900606,345,0,211.93939393939394,31,2,17,32.66110264872641,0.6471774193548387,43.5546875,1025.78125,33.08971774193548,0
347,4,0,0,32,0.0,0.0,1.0,32,900,600,300,0.6666666666666666,12,6,6,430.19990276507195,0.41026125672043007,0.06890070108766921,0.25311144626062165,131500.39247673136,4914.29121141172,136414.68368814306,346,11,219.5625,30,2,18,32.550888918009875,0.6496527777777779,43.581989247311824,1025.672043010752,34.189068100358405,0
348,4,0,0,32,0.0,0.0,1.0,32,700,500,200,0.7142857142857143,9,5,4,428.058985488892,0.40944220430107525,0.06677397868561274,0.2529206089672747,131661.99578179242,4871.820068359357,136533.81585015176,347,12,220.5625,31,1,16,32.441533451746594,0.6485215053763442,43.42447916666666,1026.3020833333323,33.10651881720427,0
349,4,1,0,33,0.030303030303030304,0.0,1.0,33,650,500,150,0.7692307692307693,8,5,3,417.1830416287721,0.41252367424242425,0.0658719429765271,0.24832614555474164,131943.58555568306,4408.925269105195,136352.51082478825,348,0,214.84848484848484,32,1,17,32.43491663594282,0.6487630208333334,43.150252525252526,1027.3989898989898,32.10621843434343,0
350,4,0,0,33,0.0,0.0,1.0,33,500,400,100,0.8,6,4,2,416.56638034456137,0.4124842171717172,0.06512656672401063,0.2481710983341171,131976.01807213548,4395.354428119573,136371.37250025506,349,1,215.84848484848484,32,1,17,32.417874989759966,0.6490885416666667,43.118686868686865,1027.5252525252522,32.11016414141413,0
351,4,0,0,33,0.0,0.0,1.0,33,900,500,400,0.5555555555555556,13,5,8,413.6715162896178,0.41224747474747475,0.0646032915745518,0.2472917390330445,132105.78799357195,4329.680325987131,136435.4683195591,350,2,216.84848484848484,32,1,19,32.36075288626873,0.650390625,42.992424242424235,1028.030303030302,32.12594696969694,0
352,4,0,0,33,0.0,0.0,1.0,33,750,500,250,0.6666666666666666,10,5,5,413.6423550935808,0.4122869318181818,0.06262278978389002,0.2476987749913324,132170.69686766653,4334.279665340267,136504.9765330068,351,3,217.84848484848484,32,1,19,32.295759659462995,0.6510416666666667,42.92929292929293,1028.2828282828282,32.13383838383838,0
353,4,0,0,33,0.0,0.0,1.0,33,1050,900,150,0.8571428571428571,12,9,3,377.0357811708458,0.4122869318181818,-0.01975552537350289,0.2173389887332868,130714.10323245075,3256.7788044587273,133970.8820369095,352,4,218.84848484848484,32,1,18,34.710818208009215,0.6363932291666667,44.349747474747474,1022.6010101010099,31.95628156565656,5
354,4,0,0,33,0.0,0.0,1.0,33,1250,1100,150,0.88,14,11,3,375.17882044770414,0.41181344696969696,-0.024679170779861925,0.21717494006487092,130875.54841342717,3220.3467758391967,134095.89518926636,353,5,219.84848484848484,32,1,18,34.59454179006253,0.6380208333333334,44.19191919191919,1023.232323232323,31.976010101010093,0
355,4,0,0,33,0.0,0.0,1.0,33,1200,700,500,0.5833333333333334,17,7,10,375.38619549481825,0.411261047979798,-0.025897151313355238,0.2182083626715041,131037.09323347113,3237.9031795225064,134274.99641299364,354,6,220.84848484848484,32,1,19,34.42548403009004,0.6396484375,44.034090909090914,1023.8636363636367,31.995738636363647,0
356,4,0,0,33,0.0,0.0,1.0,33,800,300,500,0.375,13,3,10,377.3840422813839,0.4111032196969697,-0.023413177342133107,0.22049671401220494,131233.93233672148,3305.1183739427183,134539.0507106642,355,7,221.84848484848484,33,0,19,34.174914284575216,0.6392045454545454,43.841911764705884,1024.6323529411766,31.049465240641716,0
357,4,1,0,34,0.029411764705882353,0.0,1.0,34,750,500,250,0.6666666666666666,10,5,5,368.69946658175184,0.41508838383838387,-0.024990686918810345,0.21684088797067333,131485.18786344194,2895.737516820462,134380.9253802624,356,0,216.2941176470588,33,1,20,34.14324192456288,0.6417297979797979,43.5968137254902,1025.6127450980393,31.07917409387998,0
358,4,0,0,34,0.0,0.0,1.0,34,400,100,300,0.25,7,1,6,367.9837389322108,0.4150326797385621,-0.028217021575655643,0.2165980235487063,131516.61169982693,2879.1949009996074,134395.80660082653,357,1,217.2941176470588,33,1,20,34.12982875348466,0.6420454545454546,43.56617647058823,1025.7352941176466,31.082887700534744,0
359,4,0,1,33,0.0,0.029411764705882353,0.9705882352941176,34,600,300,300,0.5,9,3,6,364.03521105992496,0.41443850267379684,-0.02869526124278221,0.21498101956387947,131642.3445910226,2784.489739523249,134426.83433054583,358,2,218.2941176470588,33,1,19,34.10407212801529,0.6433080808080809,43.44362745098039,1026.2254901960775,31.097742127153865,0
360,4,1,1,33,0.029411764705882353,0.029411764705882353,0.9705882352941176,34,900,400,500,0.4444444444444444,14,4,10,362.1080522857529,0.41274881164587046,-0.014497076721154967,0.21508345756250155,131862.521701389,2749.696180555566,134612.21788194455,359,0,218.58823529411765,33,1,20,33.93128803245436,0.6455176767676767,43.22916666666667,1027.0833333333342,31.1237373737374,0
361,4,0,0,33,0.0,0.0,1.0,33,1050,800,250,0.7619047619047619,13,8,5,369.3959288077273,0.40861742424242425,-0.014264633546482663,0.21894516713297651,131781.48275686151,3135.9086445260727,134917.39140138758,360,1,226.12121212121212,32,1,20,33.82598581734712,0.6471354166666666,43.30808080808081,1026.7676767676767,32.086489898989896,0
362,4,0,0,33,0.0,0.0,1.0,33,1050,900,150,0.8571428571428571,12,9,3,377.7513384889946,0.4090909090909091,0.0027100271002706844,0.2212543554006968,131328.12500000003,3321.875,134650.00000000003,361,2,227.12121212121212,33,0,20,34.0701219512195,0.6401515151515151,43.75,1025.0000000000002,31.060606060606066,3
363,4,0,0,33,0.0,0.0,1.0,33,750,400,350,0.5333333333333333,11,4,7,378.40431107755853,0.4092092803030303,0.0014780198880615103,0.22181864486081138,131359.53006355738,3341.402495434461,134700.93255899183,362,3,228.12121212121212,33,0,20,34.021592946802144,0.6404671717171717,43.719362745098046,1025.1225490196086,31.064319667260868,0
364,4,0,0,33,0.0,0.0,1.0,33,900,600,300,0.6666666666666666,12,6,6,380.9130307396066,0.40834122474747475,-0.005416816027402627,0.22402397429794585,131485.187863442,3416.884281286053,134902.07214472804,363,4,229.12121212121212,33,0,20,33.83008224797865,0.6417297979797979,43.5968137254902,1025.6127450980398,31.079174093879995,0
365,4,1,0,34,0.029411764705882353,0.0,1.0,34,1200,1100,100,0.9166666666666666,13,11,2,373.6720943900337,0.41055778371954843,-0.002743825540413747,0.2222202965190625,131908.37762188195,3058.095946712004,134966.47356859397,364,0,223.35294117647058,34,0,18,33.58804612353692,0.6436887254901962,43.1845238095238,1027.2619047619037,30.213585434173638,0
366,4,0,0,34,0.0,0.0,1.0,34,400,100,300,0.25,7,1,6,374.7379610060983,0.40977792632204396,0.00107342206955785,0.22321348112102363,131969.53125,3090.798611111111,135060.32986111112,365,1,224.35294117647058,34,0,18,33.498918626655865,0.6443014705882353,43.125,1027.5,30.220588235294116,0
367,4,0,0,34,0.0,0.0,1.0,34,650,400,250,0.6153846153846154,9,4,5,376.24244035384424,0.4101307189542484,0.0019080848279997564,0.22429038295126955,132000.11337868482,3132.8089569160984,135132.92233560092,366,2,225.35294117647058,34,0,18,33.42939063948099,0.6446078431372548,43.095238095238095,1027.6190476190477,30.224089635854344,0
368,4,1,0,35,0.02857142857142857,0.0,1.0,35,1250,1000,250,0.8,15,10,5,364.49524361934124,0.4124649859943978,0.006245682800276153,0.21975974247503743,132427.7842747985,2653.859498242448,135081.64377304094,367,0,219.88571428571427,35,0,20,33.30018460212152,0.6467261904761905,42.679398148148145,1029.2824074074072,29.408068783068774,0
369,4,1,1,35,0.027777777777777776,0.027777777777777776,0.9722222222222222,36,600,300,300,0.5,9,3,6,357.4102541132907,0.4146164021164021,0.011232544019429413,0.21715164841544565,132716.91243608482,2286.8770797824927,135003.7895158673,368,0,214.75,36,0,18,33.191712204007274,0.6475694444444444,42.39864864864865,1030.405405405406,28.622372372372393,0
370,4,0,0,35,0.0,0.0,1.0,35,750,500,250,0.6666666666666666,10,5,5,359.6675409216731,0.4134803921568628,0.016634578359645547,0.21874861915072247,132755.5941358024,2549.575617283941,135305.16975308635,369,1,220.11428571428573,35,0,19,33.09467654986523,0.65,42.36111111111111,1030.555555555555,29.44444444444443,0
371,4,1,0,36,0.027777777777777776,0.0,1.0,36,800,600,200,0.75,10,6,4,348.72119930460724,0.41494708994708995,0.019967741153071872,0.21385432583860875,133065.2506391529,2080.534757730725,135145.7853968836,370,0,214.97222222222223,36,0,20,33.06592447063958,0.6510416666666665,42.06081081081082,1031.7567567567585,28.659909909909956,0
372,4,0,0,36,0.0,0.0,1.0,36,850,600,250,0.7058823529411765,11,6,5,348.26098157345996,0.4141865079365079,0.023547167066695796,0.21423893671827746,133181.46482631282,2076.38153356059,135257.8463598734,371,1,215.97222222222223,36,0,20,32.961260818968654,0.6521990740740742,41.9481981981982,1032.2072072072074,28.67242242242243,0
373,4,0,0,36,0.0,0.0,1.0,36,600,300,300,0.5,9,3,6,350.6710274004237,0.41321097883597885,0.022530628567273947,0.21622748152215784,133268.6587558844,2146.691497240499,135415.3502531249,372,2,216.97222222222223,36,0,20,32.81164794415968,0.6530671296296295,41.863738738738746,1032.545045045046,28.681806806806833,0
374,4,0,1,35,0.0,0.027777777777777776,0.9722222222222222,36,1050,800,250,0.7619047619047619,13,8,5,353.7981269510923,0.41210317460317464,0.032258064516129004,0.21935483870967762,133472.22222222245,2244.444444444468,135716.66666666692,373,3,217.97222222222223,36,0,20,32.526881720430104,0.6550925925925926,41.66666666666668,1033.333333333335,28.703703703703752,0
375,4,0,0,35,0.0,0.0,1.0,35,400,100,300,0.25,7,1,6,362.35868766601385,0.4101540616246499,0.03688288403662665,0.22393967650495236,133352.6502486285,2664.2982681756066,136016.94851680408,374,4,224.94285714285715,35,0,20,32.42566860899448,0.6559523809523808,41.78240740740742,1032.870370370372,29.51058201058206,0
376,4,0,0,35,0.0,0.0,1.0,35,800,500,300,0.625,11,5,6,361.02400001283496,0.40787815126050425,0.04122576930458721,0.22455893928374976,133591.84777949267,2645.9726508916556,136237.82043038434,375,5,225.94285714285715,35,0,22,32.22029407374235,0.6583333333333332,41.55092592592594,1033.796296296298,29.537037037037084,0
377,4,0,0,35,0.0,0.0,1.0,35,1550,1100,450,0.7096774193548387,20,11,9,374.7526287914799,0.40763305322128857,0.02290905365253937,0.21985837955606713,131390.93888168002,2887.471869496997,134278.41075117703,376,6,226.94285714285715,33,2,20,34.08339309905172,0.6407828282828283,43.68872549019607,1025.2450980392148,31.0680332739156,6
378,4,0,0,35,0.0,0.0,1.0,35,800,500,300,0.625,11,5,6,374.6883328641573,0.40735294117647064,0.02816170445233568,0.22018202032354384,131453.76778162227,2850.8386197616123,134304.60640138388,377,7,227.94285714285715,33,2,20,34.02147068196304,0.6414141414141415,43.62745098039215,1025.49019607843,31.07546048722515,0
379,4,0,0,35,0.0,0.0,1.0,35,850,500,350,0.5882352941176471,12,5,7,372.3742559761647,0.4065476190476191,0.0310726655405984,0.2197244288434409,131610.90573637537,2801.7026203863797,134412.60835676175,378,8,228.94285714285715,33,2,17,33.9219067239938,0.6429924242424243,43.47426470588235,1026.10294117647,31.09402852049909,0
380,4,1,0,36,0.027777777777777776,0.0,1.0,36,800,600,200,0.75,10,6,4,367.95972979541295,0.4099537037037037,0.036339642075447376,0.2189994805609941,131938.9526643991,2509.644274376419,134448.59693877553,379,0,223.55555555555554,34,2,18,33.703891463885654,0.6439950980392157,43.154761904761905,1027.3809523809525,30.217086834733898,0
381,4,0,1,35,0.0,0.027777777777777776,0.9722222222222222,36,800,500,300,0.625,11,5,6,368.374643957883,0.409755291005291,0.029624482021980647,0.2199548185292089,132061.2882653061,2529.606009070293,134590.8942743764,380,1,224.55555555555554,34,2,18,33.56980155972512,0.6452205882352942,43.035714285714285,1027.8571428571427,30.231092436974784,0
382,4,0,1,34,0.0,0.02857142857142857,0.9714285714285714,35,900,500,400,0.5555555555555556,13,5,8,374.15782793913434,0.41078431372549024,0.025887322024661374,0.22353531771748264,132082.88278546702,2883.9689061899153,134966.85169165695,381,2,222.42857142857142,33,2,18,33.39939993641711,0.6477272727272728,43.014705882352935,1027.9411764705874,31.14973262032083,0
383,4,0,1,33,0.0,0.029411764705882353,0.9705882352941176,34,850,500,350,0.5882352941176471,12,5,7,383.500615194802,0.4090352049910873,0.029628692288224512,0.22788732685242583,131878.73247946618,3315.115007397181,135193.84748686338,382,3,229.58823529411765,32,2,18,33.36560131120673,0.6481119791666667,43.21338383838383,1027.146464646463,32.09832702020197,0
384,4,0,0,33,0.0,0.0,1.0,33,1000,800,200,0.8,12,8,4,390.3090819426176,0.40652619949494945,0.03519606713523071,0.23224273427807296,131929.39758300758,3698.6484103732346,135628.0459933808,383,4,234.63636363636363,31,2,19,33.13952260245037,0.651209677419355,43.164062499999986,1027.3437499999982,33.14012096774188,0
385,4,0,0,33,0.0,0.0,1.0,33,1050,900,150,0.8571428571428571,12,9,3,388.27002855837134,0.4060921717171717,0.03633906218802285,0.23143708953041248,131996.29041883655,3650.0406901041283,135646.33110894068,384,5,235.63636363636363,31,2,20,33.12426085487412,0.6518817204301077,43.098958333333314,1027.6041666666647,33.14852150537628,0
386,4,1,0,34,0.029411764705882353,0.0,1.0,34,950,700,250,0.7368421052631579,12,7,5,378.3584323303138,0.4072898098633393,0.041215455254267175,0.22734988986927665,132300.56244260765,3211.406680440746,135511.9691230484,385,0,229.6764705882353,32,2,21,33.07176607756505,0.6523437500000002,42.80303030303029,1028.787878787877,32.149621212121154,0
387,4,0,0,34,0.0,0.0,1.0,34,900,600,300,0.6666666666666666,12,6,6,380.4522327101748,0.40715983363042185,0.04713673548889785,0.22979314855694538,132495.48037190063,3281.6402662993364,135777.12063819997,386,1,230.6764705882353,32,2,22,32.821314692175626,0.6542968750000002,42.61363636363635,1029.5454545454531,32.17329545454541,0
388,4,0,0,34,0.0,0.0,1.0,34,1050,800,250,0.7619047619047619,13,8,5,391.2806545432708,0.4069927213309566,0.0559289694499252,0.23330646500569088,132008.4545741506,3530.470902203854,135538.92547635443,387,2,231.6764705882353,32,2,17,33.03461727484949,0.6494140625,43.08712121212121,1027.651515151515,32.114109848484844,1
389,4,0,1,33,0.0,0.029411764705882353,0.9705882352941176,34,550,200,350,0.36363636363636365,9,2,7,390.91656018350835,0.40701128936423053,0.053858453252546123,0.23354758595578828,132082.8827854671,3526.677239523263,135609.56002499038,388,3,232.6764705882353,33,1,18,32.96872516293119,0.6477272727272727,43.01470588235294,1027.941176470588,31.14973262032085,0
390,4,0,0,33,0.0,0.0,1.0,33,1050,700,350,0.6666666666666666,14,7,7,391.96899328781353,0.4058948863636364,0.06368696791093686,0.23472025598058474,132170.69686766653,3761.362998673601,135932.05986634013,389,4,236.9090909090909,32,1,19,32.852918303863774,0.6510416666666667,42.92929292929293,1028.2828282828282,32.13383838383838,0
391,4,0,0,33,0.0,0.0,1.0,33,950,700,250,0.7368421052631579,12,7,5,390.9247926784742,0.4053424873737374,0.05933382437187995,0.23449730199991525,132235.6216840117,3738.836598306273,135974.458282318,390,5,237.9090909090909,32,1,20,32.81416237007938,0.6516927083333335,42.866161616161605,1028.5353535353524,32.141729797979764,0
392,4,1,2,32,0.029411764705882353,0.058823529411764705,0.9411764705882353,34,850,400,450,0.47058823529411764,13,4,9,379.7970740941079,0.4073269459298871,0.05135696662771094,0.2293974327528411,132495.48037190075,3264.37879425568,135759.8591661564,391,0,231.88235294117646,32,2,20,32.838177581555065,0.654296875,42.61363636363636,1029.545454545454,32.17329545454544,0
393,4,0,0,32,0.0,0.0,1.0,32,800,600,200,0.75,10,6,4,399.3119157072376,0.40125168010752693,0.0682372119523933,0.23928418135476176,132197.070651584,4157.573106553797,136354.6437581378,392,7,247.0,31,1,20,32.637482062969525,0.6538978494623657,42.90364583333332,1028.3854166666652,33.17372311827952,0
394,4,0,0,32,0.0,0.0,1.0,32,350,200,150,0.5714285714285714,5,2,3,401.49484404808715,0.40081065188172044,0.0697912710469677,0.24080544974455867,132230.5488586425,4217.976718478719,136448.5255771212,393,8,248.0,31,1,20,32.54750073849011,0.654233870967742,42.87109374999999,1028.5156249999993,33.177923387096754,0
395,4,0,0,32,0.0,0.0,1.0,32,1550,1200,350,0.7741935483870968,19,12,7,400.71366771918576,0.4000546034946237,0.0868576102147125,0.23449942591953238,131294.76123385952,4122.321065266919,135417.08229912643,394,9,249.0,31,1,17,33.51556875449965,0.6448252688172043,43.78255208333333,1024.869791666666,33.060315860215034,2
396,4,1,1,32,0.030303030303030304,0.030303030303030304,0.9696969696969697,33,650,300,350,0.46153846153846156,10,3,7,391.2882449070427,0.405105744949495,0.08025603151157101,0.23034968852353727,131522.3255280073,3692.627984389338,135214.95351239663,395,0,242.42424242424244,32,1,17,33.526434022648935,0.64453125,43.560606060606055,1025.7575757575753,32.05492424242423,0
397,4,0,0,32,0.0,0.0,1.0,32,950,500,450,0.5263157894736842,14,5,9,399.876283623535,0.39982358870967744,0.08695548641097273,0.23462189696361502,131394.86524793832,4108.338080512145,135503.20332845047,396,11,251.0,31,1,17,33.43546270425873,0.6458333333333334,43.68489583333333,1025.2604166666663,33.07291666666666,0
398,4,0,0,32,0.0,0.0,1.0,32,600,200,400,0.3333333333333333,10,2,8,401.5848984729015,0.3997605846774193,0.08375253903770496,0.23624228866848707,131495.00740898962,4161.281840006488,135656.28924899612,397,12,252.0,31,1,17,33.290090347424986,0.6468413978494625,43.58723958333332,1025.6510416666652,33.08551747311823,0
399,4,0,0,32,0.0,0.0,1.0,32,700,300,400,0.42857142857142855,11,3,8,399.896931124224,0.39871051747311825,0.08994289340101558,0.2358673515912338,131595.18771701382,4124.902343749991,135720.09006076382,398,13,253.0,31,1,17,33.231810490693746,0.6478494623655915,43.48958333333333,1026.041666666666,33.098118279569874,0
400,4,1,1,32,0.030303030303030304,0.030303030303030304,0.9696969696969697,33,600,500,100,0.8333333333333334,7,5,2,391.0701745173734,0.40155460858585856,0.08293382503585334,0.2323853812782201,131878.73247946642,3714.767785174988,135593.5002646414,399,0,246.3030303030303,32,1,17,33.17122515877894,0.6481119791666666,43.21338383838384,1027.146464646465,32.09832702020203,0
401,4,0,0,32,0.0,0.0,1.0,32,1200,800,400,0.6666666666666666,16,8,8,401.7064418677373,0.39904653897849457,0.10698190999744295,0.22540514980555515,129665.12891981323,4017.4635145399116,133682.59243435314,400,15,255.0,31,1,15,35.14925850166197,0.6283602150537635,45.37760416666666,1018.4895833333322,32.854502688172005,6
402,4,1,1,32,0.030303030303030304,0.030303030303030304,0.9696969696969697,33,900,500,400,0.5555555555555556,13,5,8,389.9073804136241,0.40376420454545453,0.0902975527217198,0.22069249555717171,130004.92814827559,3537.9761950311013,133542.9043433067,401,0,248.24242424242425,32,1,15,35.10327679418924,0.6292317708333335,45.04419191919191,1019.8232323232315,31.869476010100986,0
403,4,0,0,32,0.0,0.0,1.0,32,700,600,100,0.8571428571428571,8,6,2,399.9518235442406,0.3989415322580645,0.10010295619971932,0.2261388252833895,129963.68620130736,3995.842658148853,133959.52885945622,402,17,257.0,31,1,17,34.88924892521177,0.6313844086021506,45.08463541666666,1019.6614583333321,32.892305107526845,0
404,4,1,1,32,0.030303030303030304,0.030303030303030304,0.9696969696969697,33,900,600,300,0.6666666666666666,12,6,6,388.40382319147227,0.4042376893939394,0.09434273461982534,0.22111665539999018,130230.36552392607,3516.394373023152,133746.75989694922,403,0,250.1818181818182,32,1,18,34.91206910770244,0.6315104166666667,44.82323232323232,1020.7070707070702,31.897095959595944,0
405,4,0,0,32,0.0,0.0,1.0,32,1050,1000,50,0.9523809523809523,11,10,1,398.14645991031125,0.39816448252688175,0.1037397867994383,0.22550117284724985,130030.07888793937,3954.203118218302,133984.28200615768,404,19,259.0,31,1,18,34.867574152091564,0.6320564516129032,45.01953124999999,1019.9218749999993,32.90070564516127,0
406,4,1,1,32,0.030303030303030304,0.030303030303030304,0.9696969696969697,33,850,600,250,0.7058823529411765,11,6,5,390.173978057868,0.40352746212121215,0.0943077366967564,0.22267727315130373,130327.04132550233,3570.044032496662,133897.085357999,405,0,252.12121212121212,32,1,19,34.76850706895841,0.6324869791666667,44.72853535353534,1021.0858585858572,31.908933080808037,0
407,4,0,0,32,0.0,0.0,1.0,32,950,700,250,0.7368421052631579,12,7,5,402.33236151603506,0.39740843413978494,0.10497448979591839,0.2292358803986711,130262.58680555552,4081.77083333333,134344.35763888885,406,21,261.0,31,1,19,34.52380952380953,0.6344086021505377,44.791666666666664,1020.833333333333,32.93010752688171,0
408,4,0,0,32,0.0,0.0,1.0,32,650,300,350,0.46153846153846156,10,3,7,403.6667566223268,0.39787046370967744,0.10937101504718183,0.23038971655256824,130329.05578613284,4121.90144856771,134450.95723470056,407,22,262.0,31,1,19,34.42202244325428,0.6350806451612903,44.7265625,1021.0937500000002,32.938508064516135,0
409,4,0,0,32,0.0,0.0,1.0,32,1150,700,450,0.6086956521739131,16,7,9,405.41888509891896,0.397450436827957,0.11201003824091749,0.23198476685638358,130428.79104614259,4175.6590101454,134604.45005628798,408,23,263.0,31,1,19,34.27567983853834,0.6360887096774194,44.62890625,1021.4843750000001,32.951108870967744,0
410,4,0,0,32,0.0,0.0,1.0,32,850,500,350,0.5882352941176471,12,5,7,407.0717745212035,0.3966523857526882,0.11541156982670753,0.23353064959374312,130528.56445312501,4226.898871527778,134755.46332465278,409,24,264.0,31,1,14,34.13183826027863,0.6370967741935484,44.53125,1021.8750000000001,32.96370967741936,0
411,4,0,0,32,0.0,0.0,1.0,32,900,700,200,0.7777777777777778,11,7,4,408.22946164144565,0.39577032930107525,0.11241242038216548,0.23459745782469615,130595.10125054262,4262.553575303824,134857.65482584643,410,25,265.0,31,1,15,34.03450106157112,0.637768817204301,44.466145833333336,1022.1354166666673,32.97211021505378,0
412,4,1,1,32,0.030303030303030304,0.030303030303030304,0.9696969696969697,33,950,700,250,0.7368421052631579,12,7,5,398.1643665546974,0.39997632575757575,0.10708117443868748,0.2308669782040327,130940.15438475671,3827.1407254361875,134767.2951101929,411,0,257.93939393939394,32,1,15,33.94090796940539,0.638671875,44.12878787878788,1023.4848484848488,31.983901515151526,0
413,4,0,0,32,0.0,0.0,1.0,32,800,600,200,0.75,10,6,4,429.5774322545318,0.3953082997311828,0.02114453776125136,0.23643432562830624,128903.70898776609,4674.824863010016,133578.53385077612,412,27,267.0,31,1,16,35.220460956532904,0.6206317204301074,46.12630208333335,1015.4947916666687,32.75789650537641,5
414,4,0,1,31,0.0,0.03125,0.96875,32,750,500,250,0.6666666666666666,10,5,5,429.02847789900767,0.39474126344086025,0.016654383491412128,0.23672419975728848,129002.89747450092,4669.18334960938,133672.0808241103,413,28,268.0,31,1,17,35.13255148252585,0.6216397849462365,46.028645833333336,1015.8854166666671,32.770497311827974,0
415,4,0,0,31,0.0,0.0,1.0,31,550,300,250,0.5454545454545454,8,3,5,433.24094148236776,0.39153225806451614,0.02697419525561484,0.23900985662217045,128996.49706613479,4977.312767371945,133973.80983350673,414,29,275.5483870967742,30,1,18,35.032140336949794,0.6243055555555556,46.034946236559136,1015.8602150537632,33.862007168458774,0
416,4,1,0,32,0.03125,0.0,1.0,32,550,400,150,0.7272727272727273,7,4,3,423.7288982454311,0.3960223454301075,0.032985888903110494,0.23596535153182846,129366.91496107317,4563.300069173188,133930.21503024636,415,0,267.90625,31,1,19,34.89390012372542,0.6253360215053763,45.67057291666667,1017.3177083333337,32.816700268817215,0
417,4,0,0,32,0.0,0.0,1.0,32,550,200,350,0.36363636363636365,9,2,7,426.08448774212206,0.3949932795698925,0.03131397134083924,0.23787688258517337,129466.28146701395,4632.71484375001,134098.99631076396,416,1,268.90625,31,1,16,34.73217331968612,0.6263440860215054,45.57291666666667,1017.7083333333338,32.82930107526883,0
418,4,0,0,32,0.0,0.0,1.0,32,1100,900,200,0.8181818181818182,13,9,4,426.1033960528505,0.39459425403225806,0.027422164684822947,0.23889280720640466,129631.97708129893,4647.325134277358,134279.3022155763,417,2,269.90625,31,1,16,34.561996547756046,0.628024193548387,45.41015625000001,1018.3593750000008,32.85030241935486,0
419,4,0,0,32,0.0,0.0,1.0,32,1050,600,450,0.5714285714285714,15,6,9,422.8430149777595,0.39432123655913975,0.02481312292358795,0.2380697435407156,129797.77865939673,4576.816813151046,134374.59547254778,418,3,270.90625,31,1,17,34.47535991140643,0.6297043010752688,45.247395833333336,1019.010416666667,32.87130376344087,0
420,4,0,0,32,0.0,0.0,1.0,32,800,600,200,0.75,10,6,4,422.05095834373134,0.3943632392473118,0.025231481481481577,0.23843138555782234,129930.49621582043,4567.458089192723,134497.95430501315,419,4,271.90625,31,1,17,34.35983397190295,0.631048387096774,45.11718750000001,1019.5312500000009,32.88810483870971,0
421,4,0,0,32,0.0,0.0,1.0,32,700,400,300,0.5714285714285714,10,4,6,416.41636069973526,0.39297715053763443,0.028202387030891396,0.2360496215428167,130063.28158908425,4432.095675998274,134495.37726508253,420,5,272.90625,31,1,18,34.36781976002043,0.6323924731182795,44.98697916666667,1020.0520833333337,32.90490591397851,0
422,4,2,2,32,0.058823529411764705,0.058823529411764705,0.9411764705882353,34,700,500,200,0.7142857142857143,9,5,4,403.5045345018947,0.4027035056446821,0.017774016081252952,0.23176500122216287,130575.52984429077,3737.5636774317695,134313.09352172253,421,0,257.79411764705884,33,1,13,34.17515987210232,0.6325757575757576,44.485294117647065,1022.0588235294126,30.97147950089129,0
423,4,2,0,34,0.058823529411764705,0.0,1.0,34,950,800,150,0.8421052631578947,11,8,3,405.0412242349964,0.4000297088532383,0.0477747399870343,0.2341609515175729,130826.15460399863,3797.997164552114,134624.15176855074,422,0,258.7352941176471,33,1,15,33.88086966938188,0.63510101010101,44.24019607843138,1023.0392156862758,31.00118835412957,0
424,4,1,1,34,0.02857142857142857,0.02857142857142857,0.9714285714285714,35,950,600,350,0.631578947368421,13,6,7,398.0171721238929,0.40297619047619043,0.03511323636846697,0.23201488814051333,131145.1530612246,3439.6045918367536,134584.75765306136,423,0,252.31428571428572,34,1,17,33.7364888423989,0.6360294117647057,43.92857142857144,1024.2857142857154,30.1260504201681,0
425,4,0,0,34,0.0,0.0,1.0,34,1000,900,100,0.9,11,9,2,406.7128564345445,0.39969548425430773,0.03542220908463878,0.23705063138632645,131139.77346453283,3867.2463715878434,135007.0198361207,424,2,260.7352941176471,33,1,17,33.519282922549245,0.6382575757575758,43.93382352941176,1024.2647058823527,31.038324420677355,0
426,4,0,0,34,0.0,0.0,1.0,34,1200,700,500,0.5833333333333334,17,7,10,404.4779194615508,0.3999554367201426,0.03166338305657157,0.23613375745101703,131202.5422914263,3813.706266820444,135016.24855824673,425,3,261.7352941176471,33,1,17,33.5127591706539,0.638888888888889,43.87254901960784,1024.5098039215682,31.045751633986914,0
427,4,1,0,35,0.02857142857142857,0.0,1.0,35,850,400,450,0.47058823529411764,13,4,9,399.4162990186065,0.4000350140056022,0.04189657231577715,0.2356809493786321,131610.90573637534,3513.568248990762,135124.4739853661,426,0,255.22857142857143,33,2,16,33.22820872646204,0.6429924242424243,43.47426470588235,1026.1029411764698,31.094028520499084,0
428,4,0,0,35,0.0,0.0,1.0,35,1350,1200,150,0.8888888888888888,15,12,3,402.27202620296003,0.40059523809523806,0.03623344074471935,0.2385447492961501,131799.59518274217,3603.8580413783125,135403.4532241205,427,1,256.22857142857146,33,2,16,32.96373373910969,0.6448863636363636,43.29044117647059,1026.8382352941173,31.116310160427798,0
429,4,0,0,35,0.0,0.0,1.0,35,1050,700,350,0.6666666666666666,14,7,7,404.592013174414,0.40014005602240893,-0.017168024214804234,0.24435496065264212,132492.61289227704,3731.637170799693,136224.25006307673,428,2,257.22857142857146,33,2,17,32.20288755306908,0.651830808080808,42.61642156862745,1029.5343137254904,31.198009506833042,3
430,4,1,1,35,0.027777777777777776,0.027777777777777776,0.9722222222222222,36,950,800,150,0.8421052631578947,11,8,3,396.4460017152354,0.4018353174603175,-0.017663932848176467,0.2411829259907795,132765.81809807252,3326.8955498866185,136092.71364795914,429,0,251.05555555555554,34,2,16,32.13680643795002,0.6522671568627452,42.351190476190474,1030.5952380952378,30.311624649859937,0
431,4,0,0,35,0.0,0.0,1.0,35,700,500,200,0.7142857142857143,9,5,4,400.19455089684726,0.398984593837535,-0.01587792485853612,0.2429195371400574,132681.9331056564,3619.7173262687384,136301.65043192514,430,4,259.22857142857146,33,2,16,32.12489096387931,0.6537247474747474,42.432598039215684,1030.2696078431368,31.22029114676172,0
432,4,0,0,35,0.0,0.0,1.0,35,800,300,500,0.375,13,3,10,403.8836462317803,0.3985644257703081,-0.014678150960705239,0.24557177014917128,132745.06987997398,3722.712568483268,136467.78244845723,431,5,260.22857142857146,33,2,16,31.966122606730885,0.6543560606060608,42.37132352941176,1030.5147058823525,31.227718360071286,0
433,4,0,0,35,0.0,0.0,1.0,35,700,400,300,0.5714285714285714,10,4,6,405.0889418440563,0.3980742296918767,-0.015189185517288095,0.24692812889798563,132839.80320069205,3762.3870626682083,136602.19026336027,432,6,261.22857142857146,33,2,16,31.839435726739577,0.6553030303030303,42.279411764705884,1030.8823529411766,31.238859180035654,0
434,4,0,1,34,0.0,0.02857142857142857,0.9714285714285714,35,1000,800,200,0.8,12,8,4,408.2061536330441,0.39758403361344535,-0.017133353697858178,0.25009311508609633,133029.3712153979,3860.6815888119927,136890.0528042099,433,7,262.22857142857146,33,2,16,31.56777144214777,0.6571969696969697,42.095588235294116,1031.6176470588234,31.261140819964346,0
435,4,0,0,34,0.0,0.0,1.0,34,1100,800,300,0.7272727272727273,14,8,6,417.3842565195829,0.3946078431372549,-0.012470300237598098,0.2556243909868811,133015.96297571683,4303.753762371192,137319.71673808803,434,8,270.61764705882354,32,2,16,31.344604243166053,0.6595052083333333,42.10858585858586,1031.565656565657,32.23642676767678,0
436,4,0,0,34,0.0,0.0,1.0,34,400,200,200,0.5,6,2,4,417.3842565195829,0.3946078431372549,-0.012470300237598098,0.2556243909868811,133015.96297571683,4303.753762371192,137319.71673808803,435,9,271.61764705882354,32,2,16,31.344604243166053,0.6595052083333333,42.10858585858586,1031.565656565657,32.23642676767678,0
437,4,0,1,33,0.0,0.029411764705882353,0.9705882352941176,34,550,300,250,0.5454545454545454,8,3,5,417.3842565195829,0.3946078431372549,-0.012470300237598098,0.2556243909868811,133015.96297571683,4303.753762371192,137319.71673808803,436,10,272.61764705882354,32,2,16,31.344604243166053,0.6595052083333333,42.10858585858586,1031.565656565657,32.23642676767678,0
438,4,0,0,33,0.0,0.0,1.0,33,750,500,250,0.6666666666666666,10,5,5,421.40674657945254,0.393386994949495,-0.004590209084023966,0.25798950899555056,133001.7174614801,4609.564208984379,137611.28167046446,437,11,279.8787878787879,31,2,18,31.255259614575447,0.6619623655913978,42.122395833333336,1031.510416666667,33.274529569892486,0
439,4,0,1,32,0.0,0.030303030303030304,0.9696969696969697,33,800,500,300,0.625,11,5,6,416.59575142742585,0.39244002525252525,-0.007646487585927453,0.25596418029564166,133136.0626220703,4492.78361002604,137628.84623209634,438,12,280.8787878787879,31,2,18,31.243691647741606,0.6633064516129032,41.9921875,1032.03125,33.29133064516129,0
440,4,0,0,32,0.0,0.0,1.0,32,1200,1100,100,0.9166666666666666,13,11,2,422.6089291989189,0.3881678427419355,-0.0022242554265525794,0.25919142066348566,133068.88156467024,4847.2195095486195,137916.10107421887,439,13,289.9375,31,1,18,31.15640249032474,0.6626344086021505,42.05729166666667,1031.7708333333342,33.28293010752691,0
441,4,0,0,32,0.0,0.0,1.0,32,1100,800,300,0.7272727272727273,14,8,6,421.15979573609513,0.38774781586021506,-0.0007175750693919625,0.2587684140313403,133136.0626220703,4814.311387803818,137950.37400987413,440,14,290.9375,31,1,18,31.125935738918322,0.6633064516129032,41.9921875,1032.03125,33.29133064516129,0
442,4,0,0,32,0.0,0.0,1.0,32,800,500,300,0.625,11,5,6,418.065283910524,0.38726478494623656,-0.004288466242661659,0.2573871808172023,133211.4069992859,4738.2129374553715,137949.61993674125,441,15,291.9375,32,0,18,31.12972928897587,0.6614583333333333,41.919191919191924,1032.323232323233,32.26010101010103,0
443,4,0,0,32,0.0,0.0,1.0,32,350,100,250,0.2857142857142857,6,1,5,416.73141940031127,0.38732778897849457,-0.00416182585300251,0.25679071713913676,133243.99495268342,4705.391828639934,137949.38678132335,442,16,292.9375,32,0,18,31.131272675390314,0.6617838541666666,41.88762626262626,1032.4494949494951,32.26404671717172,0
444,4,1,0,33,0.030303030303030304,0.0,1.0,33,500,300,200,0.6,7,3,4,405.1143146993127,0.38995422979797983,-0.007024134008260852,0.2516273419470379,133539.5050048828,4220.143596212082,137759.6486010949,443,0,285.030303030303,31,2,20,31.13347190728144,0.6673387096774194,41.6015625,1033.59375,33.341733870967744,0
445,4,0,0,33,0.0,0.0,1.0,33,800,600,200,0.75,10,6,4,403.9300421476448,0.3902698863636364,-0.005404848332169365,0.25111985940565024,133573.15275404195,4190.841844346798,137763.99459838876,444,1,286.030303030303,31,2,20,31.130206365201328,0.6676747311827957,41.56901041666667,1033.723958333334,33.345934139784966,0
446,4,0,0,33,0.0,0.0,1.0,33,950,700,250,0.7368421052631579,12,7,5,402.7358843720853,0.3903093434343434,-0.005007251354858466,0.25060524466413464,133606.80474175353,4161.650933159727,137768.45567491325,445,2,287.030303030303,31,2,20,31.127204030226693,0.668010752688172,41.536458333333336,1033.854166666667,33.35013440860216,0
447,4,0,0,33,0.0,0.0,1.0,33,850,600,250,0.7058823529411765,11,6,5,399.0079007512033,0.391216856060606,-0.00765067350343851,0.2489165053353472,133700.64478433336,4069.522720895846,137770.1675052292,446,3,288.030303030303,32,1,14,31.129186505514195,0.6663411458333333,41.44570707070708,1034.2171717171727,32.31928661616165,0
448,4,1,1,33,0.029411764705882353,0.029411764705882353,0.9705882352941176,34,600,500,100,0.8333333333333334,7,5,2,386.93374619777313,0.391711229946524,-0.009330436720142332,0.2432154976100288,133979.2387543253,3568.217752787396,137547.4565071127,447,0,280.52941176470586,33,1,14,31.161714804292938,0.6666666666666665,41.1764705882353,1035.2941176470592,31.372549019607856,0
449,4,1,2,32,0.029411764705882353,0.058823529411764705,0.9411764705882353,34,1050,700,350,0.6666666666666666,14,7,7,387.52087397502316,0.39581476530005943,-0.01552181265266106,0.24463883104636833,134137.87853529895,3596.2455846309103,137734.12411992985,448,0,281.5,33,1,14,30.987395993532868,0.6682449494949495,41.02328431372549,1035.9068627450981,31.39111705288176,0
450,4,0,0,32,0.0,0.0,1.0,32,1050,700,350,0.6666666666666666,14,7,7,402.84703457993504,0.3879998319892473,-0.015304949098491338,0.2431096871154855,132462.98408644527,4272.464066166718,136735.448152612,449,23,299.9375,32,0,19,32.27774030009403,0.6539713541666666,42.64520202020202,1029.419191919192,32.16934974747475,4
451,4,1,1,32,0.030303030303030304,0.030303030303030304,0.9696969696969697,33,1300,900,400,0.6923076923076923,17,9,8,383.81423578481673,0.39145359848484845,-0.015425164189422524,0.23475149770094625,132966.1668589005,3606.861543637075,136573.0284025376,450,0,291.8181818181818,33,0,19,32.260476077313065,0.6565656565656566,42.156862745098046,1031.3725490196086,31.253713606654806,0
452,4,0,0,32,0.0,0.0,1.0,32,500,400,100,0.8,6,4,2,391.71694800036903,0.3853956653225807,-0.014275542080117498,0.23844783344720447,132788.1262913223,4003.0719123048657,136791.19820362717,451,25,301.9375,32,0,19,32.23615705010412,0.6572265625,42.32954545454545,1030.681818181818,32.20880681818181,0
453,4,1,1,32,0.030303030303030304,0.030303030303030304,0.9696969696969697,33,900,700,200,0.7777777777777778,11,7,4,381.23613660643286,0.3876657196969697,-0.01811199055527357,0.23376744603711289,133060.9790254951,3545.530715349875,136606.50974084498,452,0,293.75757575757575,33,0,19,32.23153482202954,0.6575126262626263,42.06495098039216,1031.740196078432,31.264854426619152,0
454,4,0,0,32,0.0,0.0,1.0,32,650,300,350,0.46153846153846156,10,3,7,393.13495919673124,0.38436659946236557,-0.0042926665034279665,0.24035376846698395,132950.84685236219,4053.525150494872,137004.37200285707,453,27,303.9375,32,0,19,32.03558602677115,0.6588541666666665,42.171717171717184,1031.3131313131328,32.2285353535354,0
455,4,0,0,32,0.0,0.0,1.0,32,1150,900,250,0.782608695652174,14,9,5,393.9269836530656,0.3839255712365592,0.0023979623057153177,0.24146867092492155,133048.5270157384,4082.2809853586637,137130.80800109706,454,28,304.9375,32,0,19,31.916738057357318,0.6598307291666665,42.077020202020215,1031.6919191919208,32.240372474747524,0
456,4,0,0,32,0.0,0.0,1.0,32,1100,900,200,0.8181818181818182,13,9,4,396.25603366561944,0.384786626344086,0.0017662711034991396,0.24353359542727654,133146.24304917883,4152.000433629248,137298.24348280806,455,29,305.9375,32,0,19,31.758217111165497,0.6608072916666665,41.982323232323246,1032.0707070707085,32.25220959595964,0
457,4,1,0,33,0.030303030303030304,0.0,1.0,33,650,500,150,0.7692307692307693,8,5,3,388.93816938497054,0.3887310606060606,-0.0004888165248742027,0.24093590786808877,133440.56560277307,3780.02586144753,137220.5914642206,456,0,297.6363636363636,33,0,20,31.65092614557387,0.661300505050505,41.69730392156863,1033.2107843137262,31.30941770647655,0
458,4,0,1,32,0.0,0.030303030303030304,0.9696969696969697,33,800,400,400,0.5,12,4,8,388.0187970243276,0.3881786616161616,-0.0036635167605896246,0.24160255280400375,133630.56163795167,3770.2339544886477,137400.79559244032,457,1,298.6363636363636,33,0,20,31.483717553632808,0.6631944444444444,41.51348039215686,1033.946078431372,31.33169934640521,0
459,4,0,0,32,0.0,0.0,1.0,32,750,500,250,0.6666666666666666,10,5,5,398.89094918255995,0.3872017809139785,0.002141875381795888,0.24753013033049698,133504.84206012153,4250.774633965937,137755.61669408748,458,2,303.375,32,0,20,31.329159030747302,0.6643880208333333,41.63510101010102,1033.459595959597,32.295612373737406,0
460,4,0,0,32,0.0,0.0,1.0,32,800,500,300,0.625,11,5,6,399.94543092050003,0.386697748655914,0.0021413521436424166,0.24862211411891671,133570.0936926079,4284.149735996324,137854.2434286042,459,3,304.375,32,0,20,31.236258702821544,0.6650390625,41.571969696969695,1033.712121212121,32.30350378787878,0
461,4,0,1,31,0.0,0.03125,0.96875,32,1000,700,300,0.7,13,7,6,398.3517219986138,0.38600470430107525,-0.03138861709067198,0.24175502368324406,132674.80570369403,4189.653168354623,136864.45887204865,460,4,305.375,30,2,18,32.17954990215265,0.6614583333333334,42.439516129032256,1030.2419354838707,34.34139784946236,6
462,4,0,0,31,0.0,0.0,1.0,31,900,700,200,0.7777777777777778,11,7,4,403.7725931403188,0.38284050179211465,0.0007885852288129769,0.23283626626461554,130728.22570800783,4356.894938151042,135085.12064615887,461,35,316.0967741935484,31,0,17,34.01292335115865,0.6391129032258065,44.3359375,1022.6562500000001,32.988911290322584,8
463,4,0,0,31,0.0,0.0,1.0,31,600,500,100,0.8333333333333334,7,5,2,401.8163931905569,0.3817652329749104,-0.0013138068786002766,0.23230841804990468,130828.11355590822,4313.776143391927,135141.88969930014,462,36,317.0967741935484,31,0,17,33.96135611556575,0.6401209677419355,44.23828125,1023.0468750000001,33.0015120967742,0
464,4,0,0,31,0.0,0.0,1.0,31,650,300,350,0.46153846153846156,10,3,7,405.3068574606185,0.38091397849462366,-0.0034137254741055667,0.2353413968504712,130994.6780734591,4418.60826280381,135413.2863362629,463,37,318.0967741935484,31,0,18,33.70272619350464,0.6418010752688172,44.07552083333333,1023.6979166666658,33.02251344086019,0
465,4,0,0,31,0.0,0.0,1.0,31,600,300,300,0.5,9,3,6,407.1978775010488,0.3803763440860215,0.0010497094846988464,0.23746669401784642,131161.34855482302,4481.724548339826,135643.07310316284,464,38,319.0967741935484,31,0,18,33.48494237532308,0.643481182795699,43.91276041666666,1024.3489583333323,33.043514784946204,0
466,4,0,0,31,0.0,0.0,1.0,31,650,400,250,0.6153846153846154,9,4,5,406.17357393086166,0.37983870967741934,-0.003933910306844979,0.23790166473093294,131328.12499999977,4468.402777777748,135796.52777777752,465,39,320.0967741935484,31,0,18,33.34180216802169,0.6451612903225807,43.749999999999986,1024.9999999999982,33.0645161290322,0
467,4,0,0,31,0.0,0.0,1.0,31,850,700,150,0.8235294117647058,10,7,3,411.5922166942808,0.3799283154121864,-0.005503279856521548,0.2423410674975741,131528.3966064452,4627.212863498251,136155.60946994345,466,40,321.0967741935484,31,0,19,32.999598036726745,0.6471774193548387,43.55468749999999,1025.781249999999,33.08971774193545,0
468,4,0,0,31,0.0,0.0,1.0,31,800,400,400,0.5,12,4,8,412.43010641861457,0.38010752688172045,-0.009169805141640452,0.2432596735463083,131595.1877170137,4654.7634548610895,136249.9511718748,467,41,322.0967741935484,31,0,17,32.910321489001696,0.6478494623655915,43.48958333333332,1026.0416666666652,33.098118279569846,0
469,4,0,0,31,0.0,0.0,1.0,31,750,600,150,0.8,9,6,3,430.9488402631298,0.3801523297491039,-0.010365799614237003,0.25632233355105843,131914.2950955313,5182.9545978039405,137097.24969333524,468,42,323.0967741935484,30,1,17,32.11108203584979,0.6538194444444445,43.178763440860216,1027.2849462365593,34.24283154121864,2
470,4,0,1,30,0.0,0.03225806451612903,0.967741935483871,31,1000,700,300,0.7,13,7,6,427.7790800078711,0.37894265232974905,-0.008782697832167008,0.2553650760983755,132052.40716050993,5097.851449589552,137150.2586100995,469,43,324.0967741935484,30,1,17,32.05232988971711,0.6552083333333334,43.04435483870968,1027.8225806451617,34.260752688172055,0
471,4,1,0,31,0.03225806451612903,0.0,1.0,31,500,200,300,0.4,8,2,6,421.0154321290954,0.38230286738351255,0.005688138335524062,0.25340362801732363,132363.42351716963,4945.408790033532,137308.83230720318,470,0,318.19354838709677,30,1,18,31.910973963775685,0.6583333333333334,42.74193548387097,1029.0322580645163,34.30107526881721,0
472,4,1,0,32,0.03125,0.0,1.0,32,1000,700,300,0.7,13,7,6,407.93672257454085,0.38629872311827956,0.010572001769241002,0.24773624602704059,132699.68880547408,4426.615227593308,137126.3040330674,471,0,309.21875,31,1,17,31.907541387590047,0.6589381720430108,42.41536458333333,1030.3385416666658,33.23672715053761,0
473,4,0,0,32,0.0,0.0,1.0,32,700,500,200,0.7142857142857143,9,5,4,405.08849354460625,0.3862147177419355,0.010924668351231626,0.24644699664915898,132766.77661471895,4356.458706325951,137123.2353210449,472,1,310.21875,31,1,17,31.913165929669393,0.6596102150537635,42.350260416666664,1030.5989583333333,33.24512768817204,0
474,4,1,0,33,0.030303030303030304,0.0,1.0,33,950,700,250,0.7368421052631579,12,7,5,392.30830102842515,0.39074337121212116,0.01885951223861948,0.23736398391601152,132560.4848995,3800.9157228854087,136361.4006223854,473,0,301.7878787878788,32,1,20,32.450547654078775,0.6549479166666667,42.550505050505045,1029.7979797979795,32.18118686868686,3
475,4,0,0,33,0.0,0.0,1.0,33,750,400,350,0.5333333333333333,11,4,7,391.5083595389892,0.39086174242424243,0.011387313507671193,0.237495665834841,132658.02158261905,3787.3448818997977,136445.36646451885,474,1,302.7878787878788,32,1,18,32.37273767210034,0.6559244791666667,42.455808080808076,1030.1767676767672,32.193023989898975,0
476,4,0,2,31,0.0,0.06060606060606061,0.9393939393939394,33,900,600,300,0.6666666666666666,12,6,6,391.71562839477474,0.39070391414141414,0.03243501073217292,0.23363636271113644,132019.90370290264,3742.85190792002,135762.75561082267,475,2,303.7878787878788,33,0,18,33.0118650131171,0.6470959595959596,43.07598039215686,1027.6960784313717,31.142305407011264,3
477,4,0,0,31,0.0,0.0,1.0,31,400,200,200,0.5,6,2,4,411.33987208228103,0.3843637992831541,0.048182517471072606,0.24346873509734998,131728.82080078113,4637.063259548597,136365.88406032973,476,5,322.61290322580646,31,0,18,32.80272281413834,0.6491935483870969,43.35937499999999,1026.562499999999,33.11491935483868,0
478,4,0,0,31,0.0,0.0,1.0,31,600,100,500,0.16666666666666666,11,1,10,412.378421417191,0.3844982078853047,0.04974106828761493,0.24451249859368174,131795.66277397997,4669.9374728732555,136465.60024685322,477,6,323.61290322580646,31,0,18,32.70828049708345,0.6498655913978495,43.29427083333333,1026.822916666666,33.1233198924731,0
479,4,0,0,31,0.0,0.0,1.0,31,750,400,350,0.5333333333333333,11,4,7,393.9611209716526,0.3844982078853047,0.022701494322564297,0.2208723962092684,129631.97708129883,4013.991800944011,133645.96888224283,478,7,324.61290322580646,31,0,20,35.38030622682523,0.6280241935483871,45.41015625,1018.359375,32.85030241935484,7
480,4,2,0,33,0.06060606060606061,0.0,1.0,33,900,600,300,0.6666666666666666,12,6,6,375.74948696068327,0.3924794823232323,0.03555016235772679,0.21515846418958864,130455.99819214872,3205.284995787508,133661.28318793623,479,0,305.8787878787879,32,1,23,35.00571622790755,0.6337890625,44.60227272727273,1021.5909090909088,31.9247159090909,0
481,4,1,1,33,0.029411764705882353,0.029411764705882353,0.9705882352941176,34,650,300,350,0.46153846153846156,10,3,7,371.341356373097,0.3964275103980986,0.03144186374370039,0.21415643530984743,130732.14215986633,2909.2501982410545,133641.39235810738,480,0,297.8529411764706,33,1,18,34.838101657679246,0.6341540404040404,44.33210784313725,1022.6715686274504,30.990047534165164,0
482,4,1,0,34,0.029411764705882353,0.0,1.0,34,900,600,300,0.6666666666666666,12,6,6,368.18473233174365,0.39711452762923355,0.04505107432194455,0.21319989701595418,130888.84833958095,2838.255118223762,133727.1034578047,481,0,298.8235294117647,33,1,19,34.75998003992016,0.6357323232323233,44.17892156862745,1023.2843137254904,31.008615567439104,0
483,4,0,0,34,0.0,0.0,1.0,34,900,800,100,0.8888888888888888,10,8,2,365.7932667606172,0.3975230243612597,0.04158215010141997,0.21216009472115782,130951.55709342548,2780.239571318708,133731.79666474418,482,1,299.8235294117647,33,1,19,34.75764287994892,0.6363636363636365,44.11764705882352,1023.529411764705,31.016042780748634,0
484,4,0,1,33,0.0,0.029411764705882353,0.9705882352941176,34,500,400,100,0.8,6,4,2,366.90286298452753,0.3980243612596554,0.03960887599383156,0.21297704061916306,130982.91710219612,2811.6014573721486,133794.51855956827,483,2,300.8235294117647,33,1,19,34.69748892613433,0.636679292929293,44.08700980392156,1023.6519607843125,31.019756387403408,0
485,4,0,0,33,0.0,0.0,1.0,33,800,500,300,0.625,11,5,6,376.4330432281927,0.39480744949494945,0.03688869442294118,0.2177185545523229,130843.25140610646,3250.744662534426,134093.99606864087,484,3,310.54545454545456,32,1,20,34.595211650006156,0.6376953125,44.223484848484844,1023.10606060606,31.972064393939377,0
486,4,1,2,32,0.029411764705882353,0.058823529411764705,0.9411764705882353,34,800,600,200,0.75,10,6,4,365.6730993703005,0.398562834224599,0.0316639218501471,0.21313080645306623,131139.7734645328,2790.8574826989543,133930.63094723175,485,0,302.38235294117646,33,1,20,34.57017229002154,0.6382575757575758,43.93382352941176,1024.2647058823525,31.03832442067735,0
487,4,1,0,33,0.030303030303030304,0.0,1.0,33,400,200,200,0.5,6,2,4,370.2562371986137,0.3969381313131313,0.07365909560577877,0.20751331153626268,129618.91842987963,3019.0026024814247,132637.92103236105,486,0,308.93939393939394,32,1,17,35.99710684025626,0.6253255208333334,45.4229797979798,1018.3080808080811,31.822127525252533,8
488,4,1,2,32,0.029411764705882353,0.058823529411764705,0.9411764705882353,34,800,500,300,0.625,11,5,6,360.86719828903557,0.40106951871657753,0.06800497976968556,0.20331786049943215,129825.097318339,2569.92382737407,132395.02114571308,487,0,300.8235294117647,33,1,17,36.026434984768315,0.625,45.22058823529411,1019.1176470588227,30.882352941176446,0
489,4,0,0,32,0.0,0.0,1.0,32,1000,700,300,0.7,13,7,6,377.8675671228855,0.39133904569892475,0.04334521973785632,0.2050603491876078,128342.36145019534,3299.2831759982655,131641.64462619362,488,2,320.375,31,1,21,37.10753448128158,0.6149193548387097,46.6796875,1013.2812500000002,32.68649193548388,4
490,4,1,1,32,0.030303030303030304,0.030303030303030304,0.9696969696969697,33,800,300,500,0.375,13,3,10,368.0171279033555,0.3970959595959596,0.034577066570095516,0.20097087616911313,128592.36501696258,2864.8385687684977,131457.20358573107,489,0,311.6363636363636,32,1,19,37.101383874849574,0.6149088541666666,46.43308080808081,1014.2676767676769,31.695864898989903,0
491,4,0,0,32,0.0,0.0,1.0,32,650,400,250,0.6153846153846154,9,4,5,378.6934982922645,0.3912970430107527,0.0388116491137942,0.2061893410981518,128474.33302137583,3330.478922526039,131804.81194390188,490,4,322.375,31,1,20,36.95147272882953,0.6162634408602151,46.549479166666664,1013.802083333333,32.70329301075268,0
492,4,1,1,32,0.030303030303030304,0.030303030303030304,0.9696969696969697,33,700,400,300,0.5714285714285714,10,4,6,368.84699418604384,0.39555713383838387,0.03440904000814404,0.20207384405407205,128720.46100206622,2895.631026170811,131616.09202823704,491,0,313.57575757575756,32,1,20,36.949421425905186,0.6162109375,46.30681818181819,1014.7727272727282,31.711647727272755,0
493,4,2,2,32,0.058823529411764705,0.058823529411764705,0.9411764705882353,34,600,500,100,0.8333333333333334,7,5,2,361.0724701969748,0.4004567736185383,0.01776916414646945,0.19866178539522822,128890.09785899671,2507.7332035755653,131397.83106257228,492,0,305.29411764705884,33,1,20,36.97350953415398,0.615530303030303,46.13970588235295,1015.4411764705897,30.770944741533018,0
494,4,4,3,33,0.1111111111111111,0.08333333333333333,0.9166666666666666,36,800,600,200,0.75,10,6,4,344.41069888919026,0.40770502645502643,0.031132719208461612,0.19227957303699383,129466.28146701408,1717.9144965278035,131184.1959635419,493,0,289.22222222222223,35,1,18,36.81017570794952,0.6169642857142856,45.57291666666668,1017.708333333335,29.077380952381,0
495,4,2,1,34,0.05714285714285714,0.02857142857142857,0.9714285714285714,35,1300,700,600,0.5384615384615384,19,7,12,354.98930020429174,0.40203081232492993,0.04961597542242702,0.19929714255563777,129685.96938775516,2207.426303854883,131893.39569161006,494,0,298.42857142857144,34,1,21,36.31759389122643,0.6213235294117647,45.35714285714286,1018.571428571429,29.957983193277325,0
496,4,1,1,34,0.02857142857142857,0.02857142857142857,0.9714285714285714,35,850,600,250,0.7058823529411765,11,6,5,356.42703066777125,0.40178571428571425,0.05672224725852537,0.2005692935887873,129776.92920918371,2251.2011054421832,132028.1303146259,495,0,299.0285714285714,34,1,21,36.188515013436145,0.6222426470588235,45.267857142857146,1018.9285714285717,29.96848739495799,0
497,4,0,0,34,0.0,0.0,1.0,34,1100,700,400,0.6363636363636364,15,7,8,370.2173468490253,0.3982657456922163,0.04470899845611287,0.20693306076231524,129513.05537533645,2790.5029781520525,132303.5583534885,496,2,308.8235294117647,33,1,18,36.105927442009786,0.6218434343434343,45.52696078431373,1017.8921568627454,30.845216874628647,8
498,4,1,2,33,0.02857142857142857,0.05714285714285714,0.9428571428571428,35,1100,800,300,0.7272727272727273,14,8,6,365.79138984303654,0.3993347338935574,0.03254719343047441,0.20583882351522356,129776.92920918371,2494.256660997739,132271.18587018145,497,0,300.9714285714286,34,1,18,35.949974685516224,0.6222426470588235,45.267857142857146,1018.9285714285717,29.96848739495799,0
499,4,0,0,33,0.0,0.0,1.0,33,1000,700,300,0.7,13,7,6,378.6602740796852,0.39255839646464646,0.04679813138203337,0.21187632129802253,129554.6392746915,3211.4390432098976,132766.07831790138,498,4,320.1212121212121,32,1,19,35.848681218735784,0.6246744791666665,45.48611111111112,1018.0555555555567,31.814236111111146,0
500,4,0,0,33,0.0,0.0,1.0,33,850,500,350,0.5882352941176471,12,5,7,376.7541634724531,0.3921243686868687,0.04669056045202824,0.21132816985874903,129651.06398581795,3169.315631058078,132820.37961687602,499,5,321.1212121212121,32,1,20,35.79892966360856,0.6256510416666665,45.39141414141415,1018.4343434343448,31.826073232323274,0
501,4,0,0,33,0.0,0.0,1.0,33,1150,900,250,0.782608695652174,14,9,5,372.66834613355917,0.39109848484848486,0.04721896867585684,0.2100683582395315,129844.0210182635,3077.7513136414773,132921.77233190497,500,6,322.1212121212121,32,1,20,35.70650602907171,0.6276041666666666,45.20202020202021,1019.1919191919197,31.849747474747492,0
502,4,0,0,33,0.0,0.0,1.0,33,1050,700,350,0.6666666666666666,14,7,7,382.32485066136354,0.39109848484848486,0.03855495947025389,0.1963651964943212,126111.33015738829,3076.4064412904345,129187.73659867873,501,7,323.1212121212121,30,3,23,39.29061287300949,0.5947916666666666,48.89112903225807,1004.435483870969,33.48118279569897,7
503,4,6,4,35,0.15384615384615385,0.10256410256410256,0.8974358974358975,39,950,700,250,0.7368421052631579,12,7,5,327.30364544584955,0.41869095816464236,0.03489294210943705,0.17444205279256844,127617.73003472238,557.7479603856135,128175.477995108,502,0,274.2564102564103,35,4,16,39.12800687285223,0.5982142857142856,47.39583333333334,1010.416666666668,28.869047619047656,0
504,4,2,2,35,0.05405405405405406,0.05405405405405406,0.9459459459459459,37,1050,900,150,0.8571428571428571,12,9,3,344.12881896867896,0.41112987987987987,0.053181473742221375,0.1825677617181552,127432.05925905921,1370.6088103133673,128802.66806937258,503,0,290.02702702702703,33,4,18,38.89314540599587,0.6006944444444444,47.57965686274511,1009.6813725490213,30.59640522875822,0
505,4,6,3,38,0.14634146341463414,0.07317073170731707,0.926829268292683,41,1050,800,250,0.7619047619047619,13,8,5,313.0191653642746,0.4259400406504065,0.052765908029169806,0.16985379372467785,128338.88942992088,-165.4935893736382,128173.39584054724,504,0,262.3414634146341,37,4,21,38.75381001334632,0.6016328828828827,46.683114035087726,1013.2675438596502,27.38560929350406,0
506,4,5,6,37,0.11627906976744186,0.13953488372093023,0.8604651162790697,43,850,400,450,0.47058823529411764,13,4,9,300.84418145956585,0.42988648947951275,0.08014311270125218,0.1657192524989137,128936.76757812526,-842.0247395833051,128094.74283854196,505,0,251.02325581395348,39,4,16,38.45512820512822,0.6041666666666665,46.093750000000014,1015.625000000002,26.041666666666718,0
507,4,2,1,38,0.05128205128205128,0.02564102564102564,0.9743589743589743,39,900,600,300,0.6666666666666666,12,6,6,328.9313899076471,0.4205184435447593,0.07697580007381277,0.1784055382435899,128320.37278163574,641.7197145061668,128962.09249614191,506,0,277.6666666666667,35,4,21,38.36960246744345,0.6053571428571429,46.701388888888886,1013.194444444444,28.948412698412685,0
508,4,1,1,38,0.02564102564102564,0.02564102564102564,0.9743589743589743,39,700,400,300,0.5714285714285714,10,4,6,328.8150541319075,0.4200123706702654,0.07281161050005225,0.17860450458926702,128379.0134173526,642.5904492455435,129021.60386659815,507,0,278.64102564102564,35,4,16,38.312776001218175,0.605952380952381,46.64351851851852,1013.4259259259265,28.955026455026474,0
509,4,3,4,37,0.07317073170731707,0.0975609756097561,0.9024390243902439,41,1050,1000,50,0.9523809523809523,11,10,1,312.7072486306523,0.4251524390243902,0.07048996423887788,0.17219349208187276,128922.84765504759,-136.97820483227218,128785.86945021532,508,0,265.9756097560976,37,4,17,38.16805225653205,0.607545045045045,46.10745614035087,1015.5701754385956,27.4478425794215,0
510,4,0,0,37,0.0,0.0,1.0,37,1000,200,800,0.2,18,2,16,344.4943740316926,0.4153528528528529,0.0843034976712882,0.18715255942130168,128385.7160572562,1445.6313775510148,129831.34743480722,509,1,295.5135135135135,34,3,17,37.908688672226795,0.6081495098039216,46.63690476190476,1013.4523809523806,29.807422969187666,0
511,4,1,1,37,0.02631578947368421,0.02631578947368421,0.9736842105263158,38,950,800,150,0.8421052631578947,11,8,3,340.4370518528417,0.41826695116168805,0.10431784215928097,0.1866974676483785,128760.50407503865,1166.9692804784022,129927.47335551705,510,0,288.7105263157895,35,3,18,37.62936195689361,0.6098214285714285,46.267361111111114,1014.9305555555561,28.998015873015888,0
512,4,2,2,37,0.05128205128205128,0.05128205128205128,0.9487179487179487,39,1500,1300,200,0.8666666666666667,17,13,4,330.8922332706259,0.4223178137651822,0.08259773013871374,0.18349478390462007,129201.38888888908,750.3472222222417,129951.73611111133,511,0,281.46153846153845,36,3,19,37.423155737704924,0.6122685185185184,45.83333333333334,1016.6666666666682,28.240740740740783,0
513,4,3,1,39,0.075,0.025,0.975,40,1350,900,450,0.6666666666666666,18,9,9,322.5986764821049,0.42859241452991453,0.093821902654867,0.18046361605187075,129545.08562616688,358.2146335524898,129903.30025971937,512,0,275.35,36,4,17,37.28521386430676,0.6157407407407407,45.495495495495504,1018.0180180180195,28.278278278278318,0
514,4,1,0,40,0.025,0.0,1.0,40,750,300,450,0.4,12,3,9,323.82185551343946,0.42684294871794876,0.1098607119168693,0.18194363384935258,129717.10519641278,401.04673930689137,130118.15193571968,513,0,276.325,36,4,19,37.0796945242833,0.6174768518518519,45.326576576576585,1018.693693693695,28.297047047047084,0
515,4,1,0,41,0.024390243902439025,0.0,1.0,41,950,700,250,0.7368421052631579,12,7,5,316.81735607682407,0.42870934959349594,0.11346104430728277,0.17947838283962353,130038.81602993236,39.710776392744606,130078.52680632511,514,0,270.5609756097561,37,4,21,36.932469719773515,0.6188063063063062,45.010964912280706,1019.9561403508778,27.566382171645348,0
516,4,1,1,41,0.023809523809523808,0.023809523809523808,0.9761904761904762,42,1350,900,450,0.6666666666666666,18,9,9,308.4377656609994,0.430095818815331,0.10785095657331079,0.1762447453599109,130374.54433094795,-357.3210026161865,130017.22332833176,515,0,265.0952380952381,37,5,21,36.807046739675066,0.6221846846846846,44.68201754385965,1021.2719298245611,27.60194404931246,0
517,4,1,1,41,0.023809523809523808,0.023809523809523808,0.9761904761904762,42,650,500,150,0.7692307692307693,8,5,3,309.01428473055967,0.4307854239256678,0.10374204432175449,0.1767015385061487,130402.54122662735,-340.75039916128856,130061.79082746606,516,0,266.07142857142856,37,5,21,36.76406781177312,0.6224662162162162,44.65460526315789,1021.3815789473679,27.604907539118052,0
518,4,0,0,41,0.0,0.0,1.0,41,1000,700,300,0.7,13,7,6,319.84809711837823,0.4273373983739837,0.11141680718825131,0.18277897875025623,130377.57087746501,140.20359041471374,130517.77446787973,517,3,273.5609756097561,36,5,22,36.512662182526576,0.6241319444444446,44.67905405405404,1021.2837837837815,28.36899399399393,0
519,4,0,0,41,0.0,0.0,1.0,41,1150,700,450,0.6086956521739131,16,7,9,320.1992741128755,0.42685467479674793,0.11455966615668745,0.18325095365791136,130435.08193582097,153.04371094066414,130588.12564676163,518,4,274.5609756097561,36,5,22,36.44558666813653,0.6247106481481481,44.622747747747745,1021.5090090090091,28.375250250250254,0
520,4,1,1,41,0.023809523809523808,0.023809523809523808,0.9761904761904762,42,950,600,350,0.631578947368421,13,6,7,312.12679861328536,0.42887388695315526,0.10716839288267943,0.1796463129796462,130654.64854570616,-243.8365650969734,130410.81198060919,519,0,269.0,37,5,15,36.430180180180194,0.625,44.407894736842096,1022.3684210526299,27.631578947368375,0
521,4,0,0,41,0.0,0.0,1.0,41,700,500,200,0.7142857142857143,9,5,4,319.36781089322506,0.42609247967479674,0.10847034987921811,0.18359098286749836,130607.69120049082,142.37848490380088,130750.06968539463,520,6,276.5609756097561,36,5,15,36.29250670192061,0.6264467592592593,44.45382882882882,1022.184684684683,28.394019019018973,0
522,4,0,0,41,0.0,0.0,1.0,41,800,500,300,0.625,11,5,6,319.36781089322506,0.42609247967479674,0.10847034987921811,0.18359098286749836,130607.69120049082,142.37848490380088,130750.06968539463,521,7,277.5609756097561,36,5,15,36.29250670192061,0.6264467592592593,44.45382882882882,1022.184684684683,28.394019019018973,0
523,4,2,2,41,0.046511627906976744,0.046511627906976744,0.9534883720930233,43,1300,900,400,0.6923076923076923,17,9,8,306.58880706169475,0.43133997785160577,0.11656767565548742,0.1789336622589523,131191.27498584607,-555.6447010373518,130635.63028480872,522,0,265.6046511627907,38,5,17,36.031303229394794,0.6285635964912282,43.883547008547,1024.4658119658102,26.959626630679214,0
524,4,1,0,42,0.023809523809523808,0.0,1.0,42,850,700,150,0.8235294117647058,10,7,3,319.42151728748377,0.4244821912504839,0.1350497390737122,0.18654216609589036,131215.75869498297,-17.372653124047815,131198.38604185893,523,0,272.4761904761905,37,5,18,35.677975171232895,0.6306306306306306,43.859649122807014,1024.561403508771,27.6908487434803,0
525,4,0,1,41,0.0,0.023809523809523808,0.9761904761904762,42,1250,1100,150,0.88,14,11,3,319.6582992546973,0.42410714285714285,0.1371610595028876,0.1875108992535285,131385.84530476408,-0.236737027148763,131385.60856773693,524,1,273.4761904761905,36,6,20,35.50064989748097,0.6342592592592593,43.69369369369369,1025.2252252252242,28.47847847847845,0
526,4,0,0,41,0.0,0.0,1.0,41,800,300,500,0.375,13,3,10,324.2024386460501,0.4207825203252033,0.1328597001566345,0.18961888972517751,131273.37643363274,311.8297538169264,131585.20618744966,525,2,280.6341463414634,38,3,20,35.49746316374759,0.6293859649122808,43.8034188034188,1024.786324786324,26.968061178587476,0
527,4,0,0,41,0.0,0.0,1.0,41,800,600,200,0.75,10,6,4,325.5337431423092,0.4210365853658537,0.1338488994646041,0.19066976384049553,131328.12500000015,350.3586364964709,131678.48363649662,526,3,281.6341463414634,37,4,21,35.40819783197831,0.6317567567567567,43.75000000000001,1025.0000000000011,27.702702702702734,0
528,4,0,0,41,0.0,0.0,1.0,41,1400,1000,400,0.7142857142857143,18,10,8,326.26521762967127,0.42047764227642276,0.12738972952119676,0.19138650394977633,131385.84530476423,373.3262823634483,131759.17158712767,527,4,282.6341463414634,36,5,21,35.33131041300527,0.6342592592592593,43.693693693693696,1025.2252252252254,28.478478478478483,0
529,4,1,1,41,0.023809523809523808,0.023809523809523808,0.9761904761904762,42,1000,700,300,0.7,13,7,6,318.24480652383795,0.42298199767711964,0.10483522459661954,0.1821965451009506,130448.74267578151,-97.07302517358102,130351.66965060793,528,0,276.8809523809524,39,3,20,36.48170099588731,0.6193910256410255,44.609375000000014,1021.562500000002,26.19391025641031,4
530,4,3,3,41,0.06818181818181818,0.06818181818181818,0.9318181818181819,44,1000,700,300,0.7,13,7,6,305.90006647134874,0.4271163671599718,0.10275635658573146,0.17716783748747703,130896.31287989742,-791.7618378369772,130104.55104206044,529,0,265.09090909090907,41,3,17,36.345835353045715,0.620680894308943,44.17162698412699,1023.3134920634928,24.95886566008519,0
531,4,1,1,41,0.023809523809523808,0.023809523809523808,0.9761904761904762,42,1250,1100,150,0.88,14,11,3,317.19629502117516,0.4225948509485095,0.09897197168072935,0.18322750688870276,130794.81336805588,-102.47395833329799,130692.33940972258,530,0,278.6904761904762,39,3,18,36.1591989137814,0.6228632478632476,44.27083333333335,1022.9166666666692,26.228632478632544,0
532,4,0,0,41,0.0,0.0,1.0,41,1350,900,450,0.6666666666666666,18,9,9,320.8863885194256,0.41958841463414637,0.10267645605221487,0.1852935032379361,130781.152978669,193.1783731463235,130974.33135181532,531,3,286.4878048780488,38,3,18,36.07861569528586,0.6244517543859649,44.284188034188034,1022.8632478632478,26.9174538911381,0
533,4,0,0,41,0.0,0.0,1.0,41,1100,800,300,0.7272727272727273,14,8,6,319.22106330990374,0.41930894308943084,0.09592579008496815,0.18459304965311826,130835.79881656801,153.10856344509517,130988.90738001312,532,4,287.4878048780488,38,3,18,36.06607664995822,0.625,44.230769230769226,1023.0769230769228,26.923076923076916,0
534,4,0,0,41,0.0,0.0,1.0,41,1000,800,200,0.8,12,8,4,317.98634834715654,0.4197916666666666,0.0972248745349964,0.18427049188248104,130917.78897518078,126.01392998026972,131043.80290516105,533,5,288.4878048780488,38,3,18,36.014980686919294,0.6258223684210527,44.15064102564102,1023.3974358974357,26.93151147098515,0
535,4,0,0,41,0.0,0.0,1.0,41,1100,700,400,0.6363636363636364,15,7,8,318.3312950981587,0.4195121951219512,0.1024940055286585,0.18486366482609431,130999.80481591057,140.26750493096182,131140.07232084151,534,6,289.4878048780488,38,3,18,35.92347630974745,0.6266447368421053,44.07051282051282,1023.7179487179486,26.939946018893384,0
536,4,0,0,41,0.0,0.0,1.0,41,1450,1100,350,0.7586206896551724,18,11,7,319.4224955451905,0.4192327235772358,0.10537460900018569,0.18562921618008232,131027.14913662421,170.60379227846295,131197.7529289027,535,7,290.4878048780488,38,3,18,35.86798671258131,0.6269188596491229,44.043803418803414,1023.8247863247856,26.94275753486278,0
537,4,2,1,42,0.046511627906976744,0.023255813953488372,0.9767441860465116,43,1000,400,600,0.4,16,4,12,308.58572179585997,0.4241186784791436,0.10845954999746543,0.18173070453952217,131536.54095611078,-481.94031330557004,131054.6006428052,536,0,277.93023255813955,40,3,20,35.63296677894457,0.6286458333333333,43.546747967479675,1025.8130081300815,25.645325203252035,0
538,4,1,2,41,0.023255813953488372,0.046511627906976744,0.9534883720930233,43,1100,700,400,0.6363636363636364,15,7,8,308.34149360823244,0.4230112587670727,0.1063484825454728,0.18208376622549308,131640.8109012493,-481.93514938197984,131158.8757518673,537,0,278.90697674418607,40,3,18,35.5344705222156,0.6296875,43.44512195121951,1026.2195121951222,25.655487804878057,0
539,4,1,1,41,0.023809523809523808,0.023809523809523808,0.9761904761904762,42,1450,1100,350,0.7586206896551724,18,11,7,316.6160845144764,0.419437185443283,0.1180229298377895,0.18700849308373027,131648.63281250003,-63.58506944444338,131585.0477430556,538,0,285.76190476190476,39,3,18,35.31431858167546,0.6314102564102565,43.4375,1026.2500000000002,26.31410256410257,0
540,4,0,0,41,0.0,0.0,1.0,41,1650,1100,550,0.6666666666666666,22,11,11,321.993820999767,0.41753048780487806,0.11650436129556518,0.19008916107576868,131629.4461451711,276.7736640733256,131906.21980924442,539,3,293.7317073170732,38,3,18,35.19564462953325,0.6329495614035088,43.45619658119657,1026.175213675212,27.00461088618979,0
541,4,0,0,41,0.0,0.0,1.0,41,800,600,200,0.75,10,6,4,322.9008179860292,0.41712398373983745,0.11532147777526891,0.19172610026557724,131848.80566741523,314.81744009786524,132163.6231075131,540,4,294.7317073170732,38,3,18,34.95180138007558,0.6351425438596492,43.242521367521356,1027.029914529913,27.027103013945077,0
542,4,0,0,41,0.0,0.0,1.0,41,1650,1200,450,0.7272727272727273,21,12,9,325.22305383384855,0.4165142276422764,0.11512925232152282,0.1942253880158568,132068.34781804716,390.3342784352257,132458.68209648237,541,5,295.7317073170732,38,3,20,34.67155181374078,0.6373355263157896,43.028846153846146,1027.8846153846139,27.049595141700365,0
543,4,0,0,41,0.0,0.0,1.0,41,1100,700,400,0.6363636363636364,15,7,8,327.6869584715491,0.41638719512195127,0.119875400146499,0.19598083290066584,132123.26189139075,459.0139665059447,132582.2758578967,542,6,296.7317073170732,38,3,20,34.55306730402855,0.6378837719298246,42.975427350427346,1028.0982905982896,27.0552181736392,0
544,4,0,0,41,0.0,0.0,1.0,41,850,500,350,0.5882352941176471,12,5,7,366.9801387229381,0.4153963414634146,0.17745089361154265,0.21349650680791282,131068.54056336753,1442.293631405955,132510.8341947735,543,7,297.7317073170732,36,5,19,34.60881080684776,0.6310763888888888,44.003378378378386,1023.9864864864874,28.444069069069094,8
545,4,0,2,39,0.0,0.04878048780487805,0.9512195121951219,41,1150,800,350,0.6956521739130435,15,8,7,367.3796114040113,0.4151422764227642,0.1712223541934228,0.21437154104825462,131183.87972009162,1438.856550807558,132622.7362708992,544,8,298.7317073170732,36,5,19,34.48183467077061,0.6322337962962963,43.890765765765764,1024.4369369369363,28.456581581581563,0
546,4,1,0,40,0.025,0.0,1.0,40,1100,800,300,0.7272727272727273,14,8,6,383.48369043594636,0.41199252136752135,0.2077159777055273,0.22497013229116972,131389.1439909298,2077.1980241755928,133466.3420151054,545,0,305.725,34,6,21,33.86142398204058,0.6384803921568627,43.6904761904762,1025.2380952380959,30.154061624649877,0
547,4,0,0,40,0.0,0.0,1.0,40,1300,1100,200,0.8461538461538461,15,11,4,381.51735805023213,0.4119524572649573,0.2044130925507901,0.2241540976342876,131446.78605109738,2029.8461076817548,133476.63215877913,546,1,306.725,35,5,21,33.85346124905945,0.6369047619047619,43.63425925925926,1025.4629629629628,29.298941798941794,0
548,4,0,0,40,0.0,0.0,1.0,40,1300,1000,300,0.7692307692307693,16,10,6,383.4762606055077,0.4117521367521368,0.20719765342960272,0.22600622167601195,131565.50068587105,2090.4492455418367,133655.94993141288,547,2,307.725,35,5,14,33.6830625752106,0.638095238095238,43.51851851851852,1025.9259259259259,29.31216931216931,0
549,4,1,0,41,0.024390243902439025,0.0,1.0,41,850,600,250,0.7058823529411765,11,6,5,375.2173745767929,0.41260162601626016,0.20522571673085133,0.22278531615497071,131848.0642804967,1694.336904472035,133542.40118496874,548,0,301.1951219512195,36,5,16,33.609283625730995,0.6388888888888888,43.24324324324324,1027.0270270270269,28.528528528528525,0
550,4,0,0,41,0.0,0.0,1.0,41,1050,600,450,0.5714285714285714,15,6,9,377.9093289378876,0.411864837398374,0.20691609371157305,0.22506819303063214,131963.74584043497,1774.0661269377406,133737.81196737272,549,1,302.1951219512195,36,5,19,33.423297530322955,0.6400462962962964,43.13063063063063,1027.477477477477,28.541041041041026,0
551,4,0,0,41,0.0,0.0,1.0,41,1250,1100,150,0.88,14,11,3,377.22619922252414,0.41150914634146346,0.20568410812313265,0.2250043329480232,132021.60564280493,1760.4017023780498,133782.007345183,550,2,303.1951219512195,36,5,19,33.38241471254292,0.640625,43.07432432432432,1027.7027027027025,28.54729729729729,0
552,4,0,0,41,0.0,0.0,1.0,41,1650,1100,550,0.6666666666666666,22,11,11,379.419554009766,0.41072154471544714,0.20700047289661216,0.22683176873314695,132108.4191243608,1824.9034930200435,133933.32261738085,551,3,304.1951219512195,36,5,19,33.2383977799686,0.6414930555555556,42.98986486486486,1028.0405405405402,28.55668168168167,0
553,4,0,0,41,0.0,0.0,1.0,41,1150,800,350,0.6956521739130435,15,8,7,377.5225332043633,0.41046747967479674,0.20946945952343232,0.22591121849759468,132144.21895438954,1777.4840575946157,133921.70301198415,552,4,305.1951219512195,37,4,19,33.251017560698166,0.6399211711711712,42.95504385964911,1028.1798245614013,27.788643907064902,0
554,4,0,0,41,0.0,0.0,1.0,41,1050,700,350,0.6666666666666666,14,7,7,377.4082466091065,0.4095274390243902,0.2175208364746195,0.22668656656124417,132285.18029586007,1785.1035895660016,134070.28388542606,553,5,306.1951219512195,37,4,19,33.11172102607831,0.6413288288288289,42.81798245614034,1028.728070175437,27.803461356092896,0
555,4,0,0,41,0.0,0.0,1.0,41,1100,900,200,0.8181818181818182,13,9,4,379.8565422952158,0.4092479674796748,0.2241251608040853,0.22866925269022415,132369.79316953273,1856.3063875422936,134226.099557075,554,6,307.1951219512195,37,4,19,32.96339460131415,0.6421734234234235,42.735745614035075,1029.057017543858,27.812351825509673,0
556,4,0,1,40,0.0,0.024390243902439025,0.975609756097561,41,1450,1300,150,0.896551724137931,16,13,3,378.0952380952383,0.40965447154471546,0.21753774680603932,0.22816091954022993,132461.07266435988,1816.5921844064892,134277.66484876638,555,7,308.1951219512195,33,8,20,32.91666666666667,0.6515151515151515,42.64705882352941,1029.4117647058824,31.194295900178254,0
557,4,1,0,41,0.024390243902439025,0.0,1.0,41,1100,900,200,0.8181818181818182,13,9,4,373.14908776719807,0.4068597560975609,0.22981764601805876,0.22688435857081482,132745.06987997406,1706.7403462610596,134451.81022623513,556,0,308.3658536585366,33,8,17,32.75793296864472,0.6543560606060606,42.37132352941177,1030.5147058823532,31.227718360071307,0
558,4,0,0,41,0.0,0.0,1.0,41,800,500,300,0.625,11,5,6,374.4810432267118,0.4067327235772358,0.23240876899413476,0.22800681239499795,132796.49234693876,1745.9537981859362,134542.4461451247,557,1,309.3658536585366,34,7,17,32.671854546854526,0.6525735294117647,42.32142857142857,1030.7142857142856,30.31512605042016,0
559,4,0,0,41,0.0,0.0,1.0,41,1500,1100,400,0.7333333333333333,19,11,8,373.9618406285069,0.4059197154471545,0.23059866962305908,0.22853223593964334,132934.57031250017,1742.491319444458,134677.06163194464,558,2,310.3658536585366,35,6,17,32.5462962962963,0.6517857142857142,42.18750000000001,1031.2500000000014,29.464285714285754,0
560,4,0,0,41,0.0,0.0,1.0,41,1100,800,300,0.7272727272727273,14,8,6,373.79057807883925,0.40482723577235774,0.23380482879214526,0.22897563040664579,133024.1036120757,1744.631317515444,134768.73492959116,559,3,311.3658536585366,35,6,17,32.46066139347021,0.6526785714285714,42.10069444444445,1031.5972222222229,29.474206349206366,0
561,4,0,0,41,0.0,0.0,1.0,41,750,500,250,0.6666666666666666,10,5,5,373.5356825209357,0.40503048780487805,0.22893346026327022,0.22936943149839284,133113.66705246916,1744.5408950617364,134858.2079475309,560,4,312.3658536585366,35,6,17,32.37718707940782,0.6535714285714285,42.01388888888889,1031.9444444444448,29.484126984126995,0
562,4,1,1,41,0.023809523809523808,0.023809523809523808,0.9761904761904762,42,1200,800,400,0.6666666666666666,16,8,8,365.45363571206417,0.40656455671699576,0.22523506217773792,0.22589063309761453,133358.94217451534,1347.3020544783176,134706.24422899366,561,0,305.9047619047619,37,5,17,32.33943736730361,0.6520270270270269,41.77631578947369,1032.894736842106,27.91607396870557,0
563,4,0,0,41,0.0,0.0,1.0,41,1000,700,300,0.7,13,7,6,371.26798691251736,0.40368394308943084,0.23086664112714428,0.22874898548480935,133239.59094229384,1693.518941238557,134933.1098835324,562,6,314.3658536585366,36,5,17,32.30916412158232,0.6527777777777777,41.8918918918919,1032.4324324324339,28.67867867867872,0
564,4,0,1,40,0.0,0.024390243902439025,0.975609756097561,41,1400,1400,0,1.0,14,14,0,370.13115943278564,0.402489837398374,0.23385173348081434,0.2289422201939949,133384.96171424814,1673.986106038482,135058.94782028662,563,7,315.3658536585366,36,5,18,32.19253061521132,0.654224537037037,41.75112612612613,1032.9954954954962,28.69431931931934,0
565,4,0,0,40,0.0,0.0,1.0,40,1050,800,250,0.7619047619047619,13,8,5,377.1742876083198,0.40037393162393164,0.23248066793679278,0.23290838535149036,133322.7656276791,2057.1838295181656,135379.94945719725,564,8,323.375,35,5,19,32.07313029997384,0.6556547619047619,41.81134259259259,1032.754629629629,29.50727513227512,0
566,4,0,0,40,0.0,0.0,1.0,40,1000,900,100,0.9,11,9,2,377.0050032537325,0.4002270299145299,0.2311855670103098,0.23299118068118463,133352.6502486282,2054.923268175578,135407.57351680376,565,9,324.375,35,5,20,32.04747497385329,0.655952380952381,41.782407407407405,1032.8703703703698,29.51058201058199,0
567,4,0,0,40,0.0,0.0,1.0,40,1200,900,300,0.75,15,9,6,376.21202706360685,0.39946581196581193,0.22696506550218376,0.2338169529370265,133561.9363667052,2049.52136381172,135611.4577305169,566,10,325.375,35,5,20,31.85778468256635,0.6580357142857143,41.57986111111111,1033.680555555555,29.53373015873014,0
568,4,0,0,40,0.0,0.0,1.0,40,750,500,250,0.6666666666666666,10,5,5,373.88613717988744,0.39911858974358977,0.2308589815332962,0.23312439886268627,133681.60211173262,1996.3395651148762,135677.9416768475,567,11,326.375,35,5,21,31.797822234657712,0.6592261904761905,41.46412037037037,1034.143518518518,29.546957671957657,0
569,4,0,0,40,0.0,0.0,1.0,40,450,100,350,0.2222222222222222,8,1,7,373.6426891564209,0.39887820512820515,0.23209969788519635,0.2333504341712745,133741.45507812515,1994.3033854166808,135735.75846354183,568,12,327.375,35,5,18,31.74408358509567,0.6598214285714286,41.40625000000001,1034.3750000000011,29.553571428571463,0
570,4,0,0,40,0.0,0.0,1.0,40,1150,900,250,0.782608695652174,14,9,5,376.9360990447501,0.3980635683760683,0.22974779107482424,0.23617278637414924,133861.20119866682,2091.423798653979,135952.6249973208,569,13,328.375,35,5,18,31.538814636692393,0.6610119047619047,41.29050925925926,1034.8379629629628,29.566798941798936,0
571,4,0,0,40,0.0,0.0,1.0,40,950,800,150,0.8421052631578947,11,8,3,380.7631503995444,0.39740918803418807,0.23492844364937415,0.23915348435207331,133951.04595336074,2200.724451303152,136151.7704046639,570,14,329.375,35,5,18,31.349694394752525,0.6619047619047618,41.2037037037037,1035.185185185185,29.576719576719572,0
572,4,0,0,40,0.0,0.0,1.0,40,1150,600,550,0.5217391304347826,17,6,11,380.38613027059057,0.396741452991453,0.2340167597765359,0.24008856600294687,134130.82588520242,2204.301161694107,136335.12704689652,571,15,330.375,35,5,19,31.179236499068885,0.663690476190476,41.030092592592595,1035.8796296296302,29.596560846560863,0
573,4,0,0,40,0.0,0.0,1.0,40,950,700,250,0.7368421052631579,12,7,5,379.95055661106375,0.396340811965812,0.2429249497431316,0.24059952502796786,134250.7461526921,2201.7291452332024,136452.4752979253,572,16,331.375,35,5,20,31.07037822946914,0.6648809523809522,40.914351851851855,1036.342592592593,29.60978835978837,0
574,4,1,1,40,0.024390243902439025,0.024390243902439025,0.975609756097561,41,1000,800,200,0.8,12,8,4,383.0582373092493,0.399364837398374,0.11928507949047074,0.23076923076923078,132398.0034722223,1943.5640646433521,134341.56753686565,573,0,324.2682926829268,35,6,19,32.852564102564095,0.6464285714285714,42.708333333333336,1029.1666666666672,29.40476190476192,7
575,4,0,1,39,0.0,0.025,0.975,40,1050,600,450,0.5714285714285714,15,6,9,391.83112134824256,0.39797008547008544,0.12726122173472798,0.23549606745534327,132308.68115837188,2368.531780478389,134677.21293885028,574,1,332.75,35,5,19,32.7170519743503,0.6455357142857143,42.795138888888886,1028.8194444444443,29.394841269841265,0
576,4,0,0,39,0.0,0.0,1.0,39,950,700,250,0.7368421052631579,12,7,5,395.7166881729429,0.39774516419253264,0.13405839021944543,0.2380083045148745,132336.75063775515,2673.5721371882146,135010.32277494337,575,2,341.8205128205128,34,5,19,32.58875197655135,0.6479779411764706,42.767857142857146,1028.9285714285718,30.262605042016816,0
577,4,0,0,39,0.0,0.0,1.0,39,600,300,300,0.5,9,3,6,398.1153336095422,0.39737966711650924,0.13140758515207862,0.24004096819716772,132429.5361910083,2744.4599684236473,135173.99615943193,576,3,342.8205128205128,33,6,19,32.433300591340235,0.651199494949495,42.677696078431374,1029.2892156862747,31.190582293523477,0
578,4,0,0,39,0.0,0.0,1.0,39,1000,800,200,0.8,12,8,4,396.28845656452717,0.3969579397210976,0.138607396015465,0.23974167750264383,132555.70461180795,2706.0591178873506,135261.7637296953,577,4,343.8205128205128,33,6,19,32.352904716569476,0.6524621212121213,42.55514705882353,1029.7794117647059,31.2054367201426,0
579,4,0,0,39,0.0,0.0,1.0,39,1400,900,500,0.6428571428571429,19,9,10,398.5589560286588,0.3963394062078272,0.14165240809703716,0.24192672515039254,132681.9331056566,2776.3145484909746,135458.24765414756,578,5,344.8205128205128,33,6,17,32.167018555965264,0.6537247474747474,42.43259803921569,1030.2696078431381,31.220291146761763,0
580,4,1,0,40,0.025,0.0,1.0,40,1050,800,250,0.7619047619047619,13,8,5,386.69123423312897,0.3981169871794872,0.14151857835218062,0.23699195444584847,133042.01388888896,2289.2361111111163,135331.2500000001,579,0,337.175,34,6,20,32.10992191707053,0.6550245098039216,42.083333333333336,1031.6666666666672,30.343137254901976,0
581,4,0,0,40,0.0,0.0,1.0,40,900,500,400,0.5555555555555556,13,5,8,386.69123423312897,0.3981169871794872,0.14151857835218062,0.23699195444584847,133042.01388888896,2289.2361111111163,135331.2500000001,580,1,338.175,34,6,20,32.10992191707053,0.6550245098039216,42.083333333333336,1031.6666666666672,30.343137254901976,0
582,4,0,0,40,0.0,0.0,1.0,40,1150,900,250,0.782608695652174,14,9,5,389.96689444746255,0.39758279914529915,0.1467120443008767,0.23939327486335724,133103.42970521533,2381.1862244897848,135484.61592970512,581,2,339.175,34,6,20,31.963592139670823,0.6556372549019608,42.02380952380952,1031.9047619047612,30.35014005602239,0
583,4,0,0,40,0.0,0.0,1.0,40,1000,700,300,0.7,13,7,6,388.49212992395474,0.3976228632478633,0.14759199446302929,0.23868449853371804,133134.14292800444,2344.3133503401245,135478.45627834456,582,3,340.175,34,6,20,31.970719421694152,0.6559436274509804,41.99404761904761,1032.0238095238087,30.353641456582608,0
584,4,0,0,40,0.0,0.0,1.0,40,1250,800,450,0.64,17,8,9,389.45124154625756,0.39817040598290593,0.14371685496887232,0.24026316281452628,133287.76218820864,2381.816893424036,135669.57908163266,583,4,341.175,34,6,20,31.79136884174928,0.6574754901960784,41.845238095238095,1032.6190476190477,30.371148459383758,0
585,4,1,2,39,0.024390243902439025,0.04878048780487805,0.9512195121951219,41,800,400,400,0.5,12,4,8,380.99640227776325,0.39997459349593495,0.14154535274356062,0.23659929571212962,133532.02830289773,1975.0444744512913,135507.072777349,584,0,333.8292682926829,35,6,20,31.76418439716311,0.6577380952380952,41.60879629629629,1033.5648148148143,29.530423280423268,0
586,4,0,0,39,0.0,0.0,1.0,39,1000,700,300,0.7,13,7,6,392.51602109294953,0.3959176788124157,0.15882776931288367,0.2431522831619882,133440.56560277304,2675.5119725586424,136116.0775753317,585,6,350.12820512820514,33,6,20,31.558509271339897,0.661300505050505,41.69730392156863,1033.210784313726,31.309417706476545,0
587,4,0,1,38,0.0,0.02564102564102564,0.9743589743589743,39,1150,1000,150,0.8695652173913043,13,10,3,397.8343845080385,0.3952991452991453,0.16452079609974346,0.24750227637977995,133598.8862456749,2830.04613610152,136428.93238177642,586,7,351.12820512820514,33,6,20,31.26185395922239,0.6628787878787878,41.54411764705883,1033.823529411766,31.327985739750485,0
588,4,0,0,38,0.0,0.0,1.0,38,1100,700,400,0.6363636363636364,15,7,8,398.8514537965087,0.3952110004741584,0.16273375747059915,0.24859919380467332,133668.00103305795,3062.7353076216846,136730.73634067964,587,8,354.10526315789474,32,6,20,31.166056166056176,0.666015625,41.477272727272734,1034.09090909091,32.315340909090935,0
589,4,0,0,38,0.0,0.0,1.0,38,750,400,350,0.5333333333333333,11,4,7,397.38476804874745,0.3949294689426268,0.15944007864858079,0.24790393260375418,133700.64478433336,3026.119943118068,136726.76472745143,588,9,355.10526315789474,32,6,17,31.171153298335582,0.6663411458333333,41.44570707070708,1034.2171717171727,32.31928661616165,0
590,4,0,0,38,0.0,0.0,1.0,38,950,800,150,0.8421052631578947,11,8,3,395.3155263276429,0.39489983404457085,0.15432709290003532,0.24748745135638156,133831.2596450618,2981.1149691358137,136812.37461419762,589,10,356.10526315789474,32,6,18,31.093400447427296,0.6676432291666666,41.31944444444445,1034.7222222222229,32.335069444444464,0
591,4,0,0,38,0.0,0.0,1.0,38,550,200,350,0.36363636363636365,9,2,7,395.3155263276429,0.39489983404457085,0.15432709290003532,0.24748745135638156,133831.2596450618,2981.1149691358137,136812.37461419762,590,11,357.10526315789474,32,6,18,31.093400447427296,0.6676432291666666,41.31944444444445,1034.7222222222229,32.335069444444464,0
592,4,0,0,38,0.0,0.0,1.0,38,1150,700,450,0.6086956521739131,16,7,9,388.8763709638226,0.3944701280227596,0.14858358849923903,0.24432163720554653,133961.9382747934,2818.926480716257,136780.86475550968,591,12,358.10526315789474,32,6,18,31.12879619465789,0.6689453125,41.19318181818182,1035.227272727273,32.35085227272728,0
593,4,0,0,38,0.0,0.0,1.0,38,1050,700,350,0.6666666666666666,14,7,7,390.620217694967,0.39414414414414417,0.15323227590986965,0.2458539067779297,134027.3015030354,2870.7547380369356,136898.05624107234,592,13,359.10526315789474,32,6,18,31.018066902410272,0.6695963541666666,41.130050505050505,1035.4797979797981,32.35874368686869,0
594,4,0,0,38,0.0,0.0,1.0,38,1050,800,250,0.7619047619047619,13,8,5,385.02078267229894,0.3935662636320531,0.14925977114539357,0.24327097882747498,134169.6177551903,2731.6182477893108,136901.2360029796,593,14,360.10526315789474,33,5,18,31.020325684094313,0.6685606060606061,40.99264705882353,1036.0294117647059,31.39483065953654,0
595,4,2,1,39,0.05,0.025,0.975,40,950,600,350,0.631578947368421,13,6,7,364.4454360649403,0.3990651709401709,0.14267198126881464,0.2336462556159008,134700.9243853954,1818.2274251972067,136519.1518105926,594,0,343.05,35,5,20,31.02224792804846,0.6693452380952379,40.48032407407408,1038.078703703705,29.659391534391574,0
596,4,0,0,39,0.0,0.0,1.0,39,750,500,250,0.6666666666666666,10,5,5,372.69228579063764,0.39662055780476835,0.14846136191098314,0.23774821218006004,134519.9050453516,2226.906179138337,136746.81122448994,595,1,352.46153846153845,34,5,20,30.989164945298754,0.6697303921568627,40.65476190476191,1037.3809523809534,30.51120448179275,0
597,4,0,0,39,0.0,0.0,1.0,39,600,200,400,0.3333333333333333,10,2,8,374.0992325566376,0.39704228520018,0.1469344297974715,0.239456469121055,134643.4311224491,2274.0008503401486,136917.43197278926,596,2,353.46153846153845,34,5,20,30.82917526955724,0.6709558823529411,40.53571428571429,1037.8571428571438,30.525210084033642,0
598,4,0,0,39,0.0,0.0,1.0,39,1050,800,250,0.7619047619047619,13,8,5,373.4600250580887,0.39628317588843903,0.14902320602515573,0.2392504010640322,134674.3214994332,2259.0950963718933,136933.4165958051,597,3,354.46153846153845,34,5,20,30.814887028328933,0.6712622549019608,40.50595238095239,1037.9761904761913,30.52871148459386,0
599,4,0,0,39,0.0,0.0,1.0,39,1200,900,300,0.75,15,9,6,373.4600250580887,0.39628317588843903,0.14902320602515573,0.2392504010640322,134674.3214994332,2259.0950963718933,136933.4165958051,598,4,355.46153846153845,34,5,20,30.814887028328933,0.6712622549019608,40.50595238095239,1037.9761904761913,30.52871148459386,0
600,4,0,0,39,0.0,0.0,1.0,39,750,300,450,0.4,12,3,9,374.3532277105664,0.39588956365272154,0.1468796021128933,0.2406398824848393,134797.91843820858,2292.4071712018085,137090.32560941039,599,5,356.46153846153845,34,5,17,30.6682047460736,0.6724877450980392,40.38690476190476,1038.4523809523807,30.542717086834728,0
601,4,0,0,39,0.0,0.0,1.0,39,1000,700,300,0.7,13,7,6,373.48493207025916,0.39558029689608637,0.14206426856822163,0.24090192181649292,134921.5720663265,2278.234835600899,137199.8069019274,600,6,357.46153846153845,34,5,17,30.567252969710847,0.6737132352941178,40.26785714285714,1038.928571428571,30.55672268907562,0
602,4,0,0,39,0.0,0.0,1.0,39,700,600,100,0.8571428571428571,8,6,2,371.6103179383018,0.39588956365272154,0.14051164566628493,0.24030800560010188,135014.34948979592,2234.545068027215,137248.89455782314,601,7,358.46153846153845,34,5,17,30.5233390607102,0.6746323529411764,40.17857142857143,1039.2857142857144,30.567226890756306,0
603,4,0,0,39,0.0,0.0,1.0,39,850,400,450,0.47058823529411764,13,4,9,372.4669492251258,0.39558029689608637,0.13766449638629252,0.24106811962079858,135045.28238378686,2259.9808673469415,137305.26325113382,602,8,359.46153846153845,34,5,17,30.470211506891154,0.6749387254901961,40.148809523809526,1039.404761904762,30.570728291316527,0
604,4,0,1,38,0.0,0.02564102564102564,0.9743589743589743,39,950,600,350,0.631578947368421,13,6,7,360.11310702588116,0.39504610886189834,0.11313984531259402,0.22935135409089724,134460.73555652023,1912.2794184224801,136373.01497494272,603,9,360.46153846153845,35,4,19,31.37449782390358,0.6669642857142856,40.711805555555564,1037.152777777779,29.63293650793654,4
605,4,0,0,38,0.0,0.0,1.0,38,700,400,300,0.5714285714285714,10,4,6,366.0468271319969,0.3920104314841157,0.13264233364952926,0.23291701323205444,134427.29768990935,2241.3371598639487,136668.63484977328,604,10,370.7105263157895,34,4,19,31.254065740634445,0.6688112745098038,40.74404761904762,1037.0238095238099,30.500700280112056,0
606,4,0,0,38,0.0,0.0,1.0,38,850,700,150,0.8235294117647058,10,7,3,346.55877826291936,0.39257349454717877,0.06228972616490913,0.20980265855510924,132581.847009637,1608.9392006802445,134190.78621031722,605,11,371.7105263157895,34,4,22,33.606904789427034,0.6504289215686276,42.52976190476189,1029.8809523809507,30.29061624649855,6
607,4,1,2,37,0.02564102564102564,0.05128205128205128,0.9487179487179487,39,1150,700,450,0.6086956521739131,16,7,9,337.78368389831815,0.3966767881241566,0.0532856612344661,0.2059301350090565,132845.06715374204,1174.5792341820727,134019.64638792412,606,0,363.15384615384613,35,4,16,33.5687521050859,0.6508928571428573,42.27430555555554,1030.9027777777758,29.454365079365022,0
608,4,0,0,37,0.0,0.0,1.0,37,1000,500,500,0.5,15,5,10,349.6846084540825,0.3896396396396396,0.07050612614754836,0.21297590454071608,132808.22167255386,1888.1981990100012,134696.41987156385,607,13,381.02702702702703,33,4,17,33.29902805849483,0.6549873737373737,42.310049019607845,1030.7598039215688,31.235145573380873,0
609,4,0,0,37,0.0,0.0,1.0,37,1000,700,300,0.7,13,7,6,346.29653035629616,0.38917042042042044,0.07258173314745697,0.2114469525702377,132902.9775206651,1804.76799788543,134707.74551855054,608,14,382.02702702702703,33,4,17,33.29124078916092,0.6559343434343434,42.21813725490196,1031.127450980392,31.246286393345212,0
610,4,0,0,37,0.0,0.0,1.0,37,1000,800,200,0.8,12,8,4,348.8259920688344,0.3885760760760761,0.06988884822099362,0.2137130423024344,133029.371215398,1880.820477700896,134910.1916930989,609,15,383.02702702702703,33,4,18,33.09921200601885,0.6571969696969696,42.09558823529412,1031.617647058824,31.261140819964368,0
611,4,0,0,37,0.0,0.0,1.0,37,850,700,150,0.8235294117647058,10,7,3,351.1925912846797,0.38848223223223227,0.07330864466936671,0.2158937229050783,133155.82498317957,1952.6678440984304,135108.492827278,610,16,384.02702702702703,33,4,19,32.91132351777092,0.6584595959595959,41.97303921568628,1032.1078431372553,31.27599524658349,0
612,4,0,0,37,0.0,0.0,1.0,37,650,500,150,0.7692307692307693,8,5,3,354.15042390742485,0.388450950950951,-0.020843802573794257,0.21580496274555866,132827.17013888873,2008.1597222222035,134835.32986111092,611,17,385.02702702702703,34,3,18,33.16491511721909,0.6528799019607844,42.29166666666666,1030.833333333332,30.31862745098035,5
613,4,0,0,37,0.0,0.0,1.0,37,1200,900,300,0.75,15,9,6,351.26489658504426,0.388231981981982,-0.01051137692799542,0.21510320345649508,133011.31129535136,1944.4409013605348,134955.7521967119,612,18,386.02702702702703,34,3,18,33.0544335449125,0.654718137254902,42.113095238095234,1031.5476190476181,30.339635854341708,0
614,4,1,0,38,0.02631578947368421,0.0,1.0,38,1200,1000,200,0.8333333333333334,14,10,4,343.4812142418445,0.39284020862968233,-0.009566161032343423,0.21227329334447484,133352.65024862808,1560.8260459533408,134913.47629458143,613,0,376.8421052631579,35,3,19,32.91311818317645,0.6559523809523811,41.7824074074074,1032.8703703703688,29.510582010581967,0
615,4,0,0,38,0.0,0.0,1.0,38,750,600,150,0.8,9,6,3,344.93722194760267,0.3921586059743955,-0.009349845201238605,0.2133447474623944,133382.53821855693,1601.720437885786,134984.25865644272,614,1,377.8421052631579,35,3,19,32.84558823529411,0.65625,41.753472222222214,1032.98611111111,29.513888888888857,0
616,4,0,0,38,0.0,0.0,1.0,38,800,700,100,0.875,9,7,2,345.2173573363298,0.3920104314841157,-0.014223555977430857,0.21386227265381072,133442.32420535386,1613.3213037979885,135055.64550915186,615,2,378.8421052631579,35,3,20,32.77848568014638,0.6568452380952381,41.69560185185184,1033.2175925925908,29.520502645502592,0
617,4,0,0,38,0.0,0.0,1.0,38,700,400,300,0.5714285714285714,10,4,6,346.2499516117837,0.39158072546230444,0.0046591607195138884,0.21316811997483004,133210.52629910305,1624.827657048923,134835.35395615196,616,3,379.8421052631579,36,2,18,32.984027853532595,0.652488425925926,41.920045045045036,1032.3198198198188,28.675550550550522,1
618,4,0,1,37,0.0,0.02631578947368421,0.9736842105263158,38,1050,800,250,0.7619047619047619,13,8,5,346.0287862012702,0.39155109056424847,0.006290535499052563,0.21353189565717667,133297.7297398749,1624.9703250547668,134922.70006492967,617,4,380.8421052631579,36,2,19,32.90235368956742,0.6533564814814816,41.83558558558558,1032.6576576576567,28.68493493493491,0
619,4,0,0,37,0.0,0.0,1.0,37,500,300,200,0.6,7,3,4,353.87306830217204,0.3865740740740741,0.009329279935986312,0.21746975534462193,133143.52823055966,2023.1817719049911,135166.71000246465,618,24,392.02702702702703,35,2,20,32.854496093603984,0.6538690476190477,41.984953703703695,1032.0601851851839,29.487433862433825,0
620,4,0,0,37,0.0,0.0,1.0,37,650,400,250,0.6153846153846154,9,4,5,352.01780708515923,0.38597972972972977,0.012272615703493583,0.21667679926794547,133203.26063368033,1977.9839409721978,135181.24457465252,619,25,393.02702702702703,35,2,20,32.84245711402624,0.6544642857142857,41.92708333333332,1032.291666666665,29.49404761904757,0
621,4,0,0,37,0.0,0.0,1.0,37,950,600,350,0.631578947368421,13,6,7,354.71156976289217,0.38497872872872874,-0.00038164355098113667,0.21903746276777045,133322.76562767895,2058.2254961848184,135380.99112386376,620,26,394.02702702702703,35,2,20,32.653092196197086,0.6556547619047619,41.81134259259258,1032.754629629628,29.507275132275083,0
622,4,0,0,37,0.0,0.0,1.0,37,900,500,400,0.5555555555555556,13,5,8,353.99924124743853,0.384009009009009,0.009209837147553968,0.21930265278389213,133442.32420535415,2047.6963037980179,135490.02050915218,621,27,395.02702702702703,35,2,20,32.55164575631978,0.6568452380952381,41.695601851851855,1033.217592592593,29.52050264550266,0
623,4,0,0,37,0.0,0.0,1.0,37,550,400,150,0.7272727272727273,7,4,3,356.0744016649321,0.3840715715715716,0.0052310374891018085,0.2207661290322581,133472.2222222223,2105.2116823131105,135577.43390453543,622,28,396.02702702702703,34,3,20,32.46807795698924,0.6593137254901961,41.66666666666667,1033.3333333333342,30.39215686274512,0
624,4,1,1,37,0.02631578947368421,0.02631578947368421,0.9736842105263158,38,500,200,300,0.4,8,2,6,346.3403139724723,0.3860982693219535,0.004052207510718997,0.2161240953671795,133711.52692043895,1661.9384430726989,135373.46536351164,623,0,386.57894736842104,35,3,16,32.48004327066546,0.6595238095238095,41.43518518518518,1034.2592592592591,29.550264550264547,0
625,4,0,1,36,0.0,0.02702702702702703,0.972972972972973,37,600,500,100,0.8333333333333334,7,5,2,356.4856096128051,0.3835710710710711,0.00023658765884082555,0.22138827343765194,133533.73724489793,2120.571145124711,135654.30839002263,624,30,398.02702702702703,34,3,20,32.39580933732628,0.6599264705882353,41.607142857142854,1033.5714285714282,30.399159663865536,0
626,4,0,0,36,0.0,0.0,1.0,36,1100,800,300,0.7272727272727273,14,8,6,359.1323889442528,0.3844246031746032,0.0009596192230922895,0.22340298464125327,133595.2664399095,2395.6774376417447,135990.94387755124,625,31,398.19444444444446,34,2,20,32.26575694764318,0.6605392156862744,41.54761904761906,1033.8095238095252,30.406162464986036,0
627,4,0,0,36,0.0,0.0,1.0,36,800,400,400,0.5,12,4,8,355.5592205864496,0.3841435185185185,0.0034694242994002256,0.22173316218481626,133687.58680555568,2306.770833333353,135994.35763888902,626,32,399.19444444444446,34,2,20,32.265645984421155,0.6614583333333333,41.45833333333334,1034.1666666666679,30.416666666666703,0
628,4,0,0,36,0.0,0.0,1.0,36,1100,900,200,0.8181818181818182,13,9,4,355.0450462088693,0.38447420634920637,0.0022050928056451813,0.2223380073233064,133841.52494331068,2303.9540816326544,136145.47902494334,627,33,400.19444444444446,34,2,18,32.12484660223961,0.6629901960784313,41.30952380952381,1034.7619047619048,30.43417366946779,0
629,4,0,0,36,0.0,0.0,1.0,36,900,600,300,0.6666666666666666,12,6,6,355.46527404161407,0.3839285714285714,0.003594019551466321,0.22316032908244293,133933.93034297053,2321.7722505668935,136255.70259353743,628,34,401.19444444444446,34,2,19,32.0215161970481,0.6639093137254901,41.220238095238095,1035.1190476190477,30.44467787114846,0
630,4,0,1,35,0.0,0.027777777777777776,0.9722222222222222,36,900,600,300,0.6666666666666666,12,6,6,352.2369723568519,0.3837136243386243,0.007664597225415903,0.2216901002575905,134026.3676303856,2241.8083900226884,136268.17602040828,629,35,402.19444444444446,34,2,19,32.01262742392887,0.664828431372549,41.13095238095239,1035.4761904761913,30.455182072829157,0
631,4,0,0,35,0.0,0.0,1.0,35,550,300,250,0.5454545454545454,8,3,5,355.42403746097796,0.3822829131652661,0.0013824884792630332,0.22036290322580668,133472.22222222242,2487.847222222246,135960.06944444467,630,36,410.1714285714286,33,2,21,32.48487903225806,0.6616161616161615,41.66666666666668,1033.3333333333348,31.313131313131358,1
632,4,0,0,35,0.0,0.0,1.0,35,900,400,500,0.4444444444444444,14,4,10,357.55003337544315,0.3822829131652661,-0.0006096321885795675,0.22244041899374922,133598.88624567477,2553.657247212615,136152.5434928874,631,37,411.1714285714286,33,2,21,32.30302671092144,0.6628787878787878,41.544117647058826,1033.823529411765,31.327985739750456,0
633,4,0,0,35,0.0,0.0,1.0,35,950,600,350,0.631578947368421,13,6,7,358.3081282273584,0.38189775910364143,0.004861781185990566,0.22348575714047875,133693.92368620244,2580.723910274896,136274.64759647733,632,38,412.1714285714286,33,2,22,32.188228265592294,0.6638257575757576,41.45220588235294,1034.1911764705883,31.339126559714796,0
634,4,0,0,35,0.0,0.0,1.0,35,550,300,250,0.5454545454545454,8,3,5,357.2426495361738,0.38172268907563023,0.0024644549763033208,0.22301242323116177,133725.6103421761,2554.498269896194,136280.1086120723,633,39,413.1714285714286,33,2,19,32.18404423380726,0.6641414141414141,41.42156862745098,1034.3137254901962,31.342840166369584,0
635,4,0,0,35,0.0,0.0,1.0,35,950,600,350,0.631578947368421,13,6,7,358.9766558504953,0.3821078431372549,0.0004332081091140694,0.22448006879184315,133788.9949178201,2605.4251970395985,136394.42011485968,634,40,414.1714285714286,33,2,19,32.07573244886677,0.6647727272727273,41.36029411764706,1034.558823529412,31.35026737967915,0
636,4,0,0,35,0.0,0.0,1.0,35,900,600,300,0.6666666666666666,12,6,6,358.9766558504953,0.3821078431372549,0.0004332081091140694,0.22448006879184315,133788.9949178201,2605.4251970395985,136394.42011485968,635,41,415.1714285714286,33,2,19,32.07573244886677,0.6647727272727273,41.36029411764706,1034.558823529412,31.35026737967915,0
637,4,0,0,35,0.0,0.0,1.0,35,1150,900,250,0.782608695652174,14,9,5,361.02544790267916,0.3819677871148459,0.0067250769595073034,0.2265394452441329,133915.8091238946,2669.4029940407468,136585.21211793536,636,42,416.1714285714286,33,2,19,31.89576920041045,0.6660353535353536,41.23774509803921,1035.0490196078429,31.36512180629827,0
638,4,0,0,35,0.0,0.0,1.0,35,900,800,100,0.8888888888888888,10,8,2,362.58954518399213,0.3813725490196078,0.0017447168216395692,0.22830712792881755,134042.683403018,2720.4951220684234,136763.1785250864,637,43,417.1714285714286,33,2,19,31.728303747534508,0.6672979797979799,41.11519607843137,1035.539215686274,31.379976232917393,0
639,4,0,0,35,0.0,0.0,1.0,35,1150,900,250,0.782608695652174,14,9,5,364.15114267276147,0.3811624649859944,0.006919854034329376,0.23048368730844832,134233.10745866972,2776.227893118027,137009.33535178774,638,44,418.1714285714286,33,2,20,31.49735887732577,0.6691919191919192,40.931372549019606,1036.2745098039213,31.4022578728461,0
640,4,0,0,35,0.0,0.0,1.0,35,900,800,100,0.8888888888888888,10,8,2,363.34408366658784,0.38130252100840334,0.00938982993599402,0.23057221333350827,134328.37017313048,2761.4837141964554,137089.85388732693,639,45,419.1714285714286,33,2,20,31.423015919927504,0.670138888888889,40.83946078431372,1036.6421568627445,31.41339869281044,0
641,4,0,0,35,0.0,0.0,1.0,35,750,400,350,0.5333333333333333,11,4,7,363.5184261901421,0.3807422969187675,0.019941110772667248,0.22732018917756902,133788.99491782018,2771.560968137269,136560.55588595744,640,46,420.1714285714286,33,2,17,31.958264234383638,0.6647727272727272,41.360294117647065,1034.5588235294126,31.35026737967917,5
642,4,0,0,35,0.0,0.0,1.0,35,600,500,100,0.8333333333333334,7,5,2,365.0668957812558,0.3807773109243697,0.017931151146071134,0.22887824312343763,133884.09994052764,2775.3305519511687,136659.4304924788,641,47,421.1714285714286,33,2,17,31.82294750345371,0.665719696969697,41.268382352941174,1034.926470588235,31.36140819964348,0
643,4,1,0,36,0.027777777777777776,0.0,1.0,36,1000,700,300,0.7,13,7,6,355.89474751232086,0.3846064814814815,0.022644858142444768,0.22474572517069805,134149.66695011346,2348.632369614522,136498.299319728,642,0,410.44444444444446,34,2,19,31.794654485558866,0.6660539215686274,41.011904761904766,1035.9523809523816,30.46918767507005,0
644,4,0,0,36,0.0,0.0,1.0,36,800,500,300,0.625,11,5,6,354.7626924902601,0.3849371693121693,0.021355981973010918,0.22421929649547803,134180.50063775512,2320.447137188217,136500.94777494334,643,1,411.44444444444446,34,2,19,31.793155616837108,0.666360294117647,40.98214285714286,1036.071428571429,30.47268907563026,0
645,4,0,0,36,0.0,0.0,1.0,36,950,500,450,0.5263157894736842,14,5,9,356.59818016690343,0.3849537037037037,0.030648041842071372,0.2267131495805643,134396.43565759645,2385.1048752834513,136781.5405328799,644,2,412.44444444444446,34,2,19,31.529850746268657,0.6685049019607843,40.773809523809526,1036.9047619047624,30.497198879551835,0
646,4,0,0,36,0.0,0.0,1.0,36,800,500,300,0.625,11,5,6,358.373365510856,0.3847222222222222,0.033427711458014375,0.22822724856217697,134458.16326530627,2437.244897959202,136895.40816326547,645,3,413.44444444444446,34,2,19,31.42217630853994,0.6691176470588235,40.71428571428572,1037.1428571428582,30.504201680672303,0
647,4,0,0,36,0.0,0.0,1.0,36,1100,900,200,0.8181818181818182,13,9,4,358.64110591844985,0.3841269841269841,0.03934988035851883,0.22939075871935719,134616.28795849922,2455.850653124745,137072.13861162396,646,4,414.44444444444446,32,4,20,31.25735085371294,0.6754557291666666,40.56186868686869,1037.752525252526,32.42976641414144,0
648,4,0,0,36,0.0,0.0,1.0,36,900,500,400,0.5555555555555556,13,5,8,360.9550549952465,0.38399470899470894,0.03954304018164856,0.23128694521558255,134681.81060924914,2522.816071064185,137204.62668031332,647,5,415.44444444444446,32,4,20,31.131908121477515,0.6761067708333333,40.49873737373738,1038.005050505051,32.437657828282845,0
649,4,0,0,36,0.0,0.0,1.0,36,550,400,150,0.7272727272727273,7,4,3,359.81104450276007,0.38386243386243385,0.03584356310985215,0.23093327038086256,134741.5657439447,2496.3007016532188,137237.8664455979,648,6,416.44444444444446,33,3,20,31.10196333018572,0.6742424242424241,40.44117647058824,1038.2352941176475,31.46167557932265,0
650,4,0,0,36,0.0,0.0,1.0,36,850,500,350,0.5882352941176471,12,5,7,359.2964170513322,0.3835648148148148,0.03117378648414748,0.23100742322405093,134805.190611784,2487.0043973471807,137292.1950091312,649,7,417.44444444444446,33,3,17,31.051844858783735,0.6748737373737373,40.379901960784316,1038.4803921568632,31.469102792632217,0
651,4,0,0,36,0.0,0.0,1.0,36,1000,500,500,0.5,15,5,10,358.3655517938959,0.3826388888888889,0.03455750353309672,0.23114975391761478,134921.57206632648,2470.2487244897875,137391.82079081627,650,8,418.44444444444446,34,2,17,30.959951873496035,0.6737132352941178,40.26785714285714,1038.9285714285709,30.556722689075613,0
652,4,0,1,35,0.0,0.027777777777777776,0.9722222222222222,36,700,500,200,0.7142857142857143,9,5,4,367.3689701203345,0.3826388888888889,0.05823452715641997,0.22716897540094164,133374.38662190086,2603.270793510249,135977.65741541111,651,9,419.44444444444446,32,4,20,32.27447744774478,0.6630859375,41.76136363636364,1032.9545454545457,32.279829545454554,3
653,4,0,0,35,0.0,0.0,1.0,35,1450,1200,250,0.8275862068965517,17,12,5,372.5034334973552,0.377766106442577,0.059008011522189596,0.23074275915702663,133438.5871887206,2941.2663777669127,136379.8535664875,652,58,432.1714285714286,31,4,22,32.07742596093259,0.6663306451612904,41.69921874999999,1033.203124999999,33.3291330645161,0
654,4,0,1,34,0.0,0.02857142857142857,0.9714285714285714,35,800,500,300,0.625,11,5,6,369.55237564486094,0.3769957983193277,0.05781241563023132,0.22933050863903512,133505.86149427615,2867.481655544695,136373.34314982084,653,59,433.1714285714286,31,4,22,32.08614190920164,0.667002688172043,41.63411458333333,1033.4635416666658,33.33753360215051,0
655,4,1,1,34,0.02857142857142857,0.02857142857142857,0.9714285714285714,35,750,400,350,0.5333333333333333,11,4,7,364.1213354858009,0.3794817927170868,0.05817528896869062,0.222696308889085,132964.41139671195,2683.035809970827,135647.4472066828,654,0,431.85714285714283,35,0,19,32.7700080424943,0.6520833333333333,42.1585648148148,1031.3657407407393,29.467592592592553,7
656,4,0,0,34,0.0,0.0,1.0,34,1050,1000,50,0.9523809523809523,11,10,1,367.170299782524,0.373458853238265,0.06196336275095837,0.21523332569592254,131359.53006355738,2847.2314616981807,134206.76152525557,655,61,445.55882352941177,33,1,20,34.309498904164165,0.6404671717171717,43.719362745098046,1025.1225490196086,31.064319667260868,2
657,4,1,1,34,0.02857142857142857,0.02857142857142857,0.9714285714285714,35,700,600,100,0.8571428571428571,8,6,2,358.51134491463455,0.3806022408963585,0.05288648003580132,0.21149960861185743,131602.82206632663,2436.2209467120274,134039.04301303867,656,0,433.8,34,1,19,34.28568666125228,0.640625,43.48214285714286,1026.0714285714294,30.178571428571452,0
658,4,0,0,34,0.0,0.0,1.0,34,800,700,100,0.875,9,7,2,363.95896711004355,0.37305035650623886,0.06000056216489713,0.21440538449529722,131548.03929077752,2775.617701124561,134323.6569919021,657,63,447.55882352941177,33,1,22,34.20128519093697,0.6423611111111112,43.53553921568627,1025.8578431372546,31.086601307189532,0
659,4,1,0,35,0.02857142857142857,0.0,1.0,35,850,700,150,0.8235294117647058,10,7,3,354.80128737903965,0.37804621848739495,0.06075153120344323,0.21116793862628358,131938.952664399,2362.4220521541833,134301.37471655317,658,0,435.74285714285713,34,1,22,34.04185979142526,0.6439950980392157,43.1547619047619,1027.3809523809516,30.21708683473387,0
660,4,0,0,35,0.0,0.0,1.0,35,1000,700,300,0.7,13,7,6,355.22839092706795,0.377906162464986,0.05415136172606694,0.21210525084815382,132061.2882653061,2382.3837868480714,134443.67205215417,659,1,436.74285714285713,34,1,22,33.90761331171339,0.6452205882352942,43.035714285714285,1027.8571428571427,30.231092436974784,0
661,4,0,0,35,0.0,0.0,1.0,35,600,600,0,1.0,6,6,0,357.0067893049189,0.3783263305322129,0.058525612398485416,0.21368452108292332,132153.0771683673,2435.9091553287944,134588.9863236961,660,2,437.74285714285713,34,1,22,33.76944154992088,0.646139705882353,42.94642857142857,1028.2142857142853,30.24159663865545,0
662,4,0,0,35,0.0,0.0,1.0,35,600,500,100,0.8333333333333334,7,5,2,355.95422524779855,0.378781512605042,0.057427281596745816,0.21339962192336778,132214.2874858276,2412.4468537414914,134626.73433956908,661,3,438.74285714285713,34,1,22,33.7348555002508,0.6467524509803921,42.88690476190476,1028.4523809523805,30.248599439775898,0
663,4,0,0,35,0.0,0.0,1.0,35,800,600,200,0.75,10,6,4,356.27311835478275,0.37874649859943976,0.057169306046880974,0.2141107294034794,132306.12953514743,2427.4234693877625,134733.55300453518,662,4,439.74285714285713,34,1,22,33.6341896166011,0.647671568627451,42.79761904761905,1028.809523809524,30.25910364145659,0
664,4,0,0,35,0.0,0.0,1.0,35,1400,1100,300,0.7857142857142857,17,11,6,354.3562338637005,0.377766106442577,0.057347693934187705,0.2139994909534415,132489.90929705213,2389.7250566893304,134879.63435374145,663,5,440.74285714285713,34,1,22,33.498593123650934,0.6495098039215687,42.61904761904761,1029.5238095238092,30.280112044817916,0
665,4,0,0,35,0.0,0.0,1.0,35,800,500,300,0.625,11,5,6,358.3138621099297,0.37727591036414565,0.05544587143847646,0.21745078279798932,132673.8166099771,2507.7735260770683,135181.59013605418,664,6,441.74285714285713,34,1,19,33.21176142053769,0.6513480392156864,42.440476190476176,1030.2380952380934,30.301120448179216,0
666,4,0,0,35,0.0,0.0,1.0,35,800,600,200,0.75,10,6,4,357.8703513622618,0.377766106442577,0.04779616825360189,0.217714942497758,132765.8180980724,2502.5899943310487,135268.40809240344,665,7,442.74285714285713,34,1,19,33.130703476955055,0.6522671568627452,42.35119047619047,1030.595238095237,30.31162464985991,0
667,4,0,0,35,0.0,0.0,1.0,35,850,500,350,0.5882352941176471,12,5,7,359.21398128197177,0.3778361344537815,0.04514820129645236,0.21924963297273797,132888.5363520405,2547.084041950079,135435.6203939906,666,8,443.74285714285713,34,1,19,32.97276103606204,0.6534926470588237,42.23214285714284,1031.0714285714262,30.32563025210077,0
668,4,0,0,35,0.0,0.0,1.0,35,950,700,250,0.7368421052631579,12,7,5,358.7700018213369,0.3767156862745098,0.04434918803066523,0.21969908592098078,133011.31129535116,2544.093679138285,135555.40497448944,667,9,444.74285714285713,34,1,19,32.8608867089825,0.6547181372549021,42.11309523809522,1031.5476190476165,30.33963585434166,0
669,4,0,1,34,0.0,0.02857142857142857,0.9714285714285714,35,1150,1000,150,0.8695652173913043,13,10,3,357.18611829092123,0.3766456582633053,0.044180718324020374,0.21908931969054585,133072.72002551012,2506.3456632652974,135579.06568877542,668,10,445.74285714285713,34,1,19,32.84008307372794,0.6553308823529412,42.05357142857142,1031.7857142857138,30.34663865546217,0
670,4,0,0,34,0.0,0.0,1.0,34,400,200,200,0.5,6,2,4,363.18163552391815,0.3734402852049911,0.06313501879725525,0.22250822473364917,133029.3712153978,2862.764922145312,135892.13613754313,669,11,457.6764705882353,33,1,19,32.72897362794012,0.6571969696969697,42.09558823529411,1031.6176470588225,31.261140819964318,0
671,4,0,1,33,0.0,0.029411764705882353,0.9705882352941176,34,700,600,100,0.8571428571428571,8,6,2,363.16842435674334,0.37297608437314317,0.06441529230145937,0.22306646984012637,133124.20590938564,2869.3016207708365,135993.50753015646,670,12,458.6764705882353,33,1,21,32.63406463998734,0.6581439393939394,42.003676470588225,1031.9852941176457,31.272281639928657,0
672,4,1,1,33,0.029411764705882353,0.029411764705882353,0.9705882352941176,34,500,200,300,0.4,8,2,6,362.46975847282306,0.36989379084967317,0.05694187467271794,0.22339485845892684,133250.70473195383,2859.870152104934,136110.57488405876,671,0,459.29411764705884,33,1,21,32.525098911968364,0.6594065656565657,41.88112745098038,1032.4754901960766,31.287136066547777,0
673,4,1,1,33,0.029411764705882353,0.029411764705882353,0.9705882352941176,34,800,700,100,0.875,9,7,2,364.5283457474114,0.369281045751634,0.06202015689996898,0.22523789574480815,133345.61827181853,2921.6515282583628,136267.2698000769,672,0,460.2647058823529,33,1,21,32.376700680272116,0.6603535353535354,41.78921568627451,1032.843137254902,31.298276886512184,0
674,4,0,0,33,0.0,0.0,1.0,33,750,600,150,0.8,9,6,3,372.12483628279614,0.3669902146464647,0.06694390084801016,0.22910336306085402,133211.4069992859,3314.254604122039,136525.66160340793,673,128,475.2121212121212,32,1,22,32.315364073711685,0.6614583333333333,41.919191919191924,1032.323232323233,32.26010101010103,0
675,4,0,0,33,0.0,0.0,1.0,33,600,300,300,0.5,9,3,6,373.08238122573897,0.36726641414141414,0.07027842321959987,0.2298940942941121,133243.9949526834,3342.1973841954914,136586.19233687888,674,129,476.2121212121212,32,1,22,32.25790836084955,0.6617838541666666,41.88762626262626,1032.449494949495,32.264046717171716,0
676,4,0,0,33,0.0,0.0,1.0,33,800,500,300,0.625,11,5,6,372.5757003031927,0.36671401515151514,0.06307297396406342,0.23038864733034173,133374.38662190086,3338.411099632698,136712.79772153357,675,130,477.2121212121212,32,1,22,32.14001955751131,0.6630859375,41.76136363636364,1032.9545454545457,32.279829545454554,0
677,4,0,0,33,0.0,0.0,1.0,33,750,600,150,0.8,9,6,3,375.69670324973663,0.36616161616161613,0.06653636289600096,0.233342428892439,133537.46588358338,3433.917138557297,136971.38302214068,676,131,478.2121212121212,32,1,22,31.895665363628947,0.6647135416666666,41.60353535353536,1033.5858585858591,32.2995580808081,0
678,4,0,0,33,0.0,0.0,1.0,33,900,600,300,0.6666666666666666,12,6,6,374.5998122039504,0.3655697601010101,0.06424819836325879,0.232866261390565,133570.0936926079,3407.0664026629915,136977.16009527087,677,132,479.2121212121212,32,1,22,31.891260534994505,0.6650390625,41.571969696969695,1033.712121212121,32.30350378787878,0
679,4,0,0,33,0.0,0.0,1.0,33,600,300,300,0.5,9,3,6,374.14303200627927,0.3652935606060606,0.06073929327471106,0.2327874731054268,133602.72548719533,3397.3057596163844,137000.0312468117,678,133,480.2121212121212,32,1,23,31.870318352059936,0.6653645833333333,41.54040404040405,1033.838383838385,32.30744949494953,0
680,4,0,0,33,0.0,0.0,1.0,33,850,700,150,0.8235294117647058,10,7,3,374.66091021436495,0.3654513888888889,0.05607780897733239,0.23372791436145215,133700.6447843334,3418.481054229179,137119.12583856256,679,134,481.2121212121212,32,1,21,31.758688397835016,0.6663411458333333,41.44570707070708,1034.217171717173,32.319286616161655,0
681,4,0,0,33,0.0,0.0,1.0,33,950,600,350,0.631578947368421,13,6,7,375.0867792378488,0.36580650252525254,0.06045073631112219,0.2346153487843461,133798.59995153558,3437.217184470979,137235.81713600655,680,135,482.2121212121212,32,1,21,31.649428443576603,0.6673177083333333,41.351010101010104,1034.5959595959598,32.331123737373744,0
682,4,1,0,34,0.029411764705882353,0.0,1.0,34,650,500,150,0.7692307692307693,8,5,3,363.4734518179999,0.37054367201426025,0.05377077475571368,0.22925952348998035,134106.1430699731,2948.8045463283374,137054.94761630145,681,0,469.0,33,1,23,31.641919072408886,0.6679292929292928,41.05392156862745,1035.7843137254904,31.387403446226983,0
683,4,0,0,34,0.0,0.0,1.0,34,900,500,400,0.5555555555555556,13,5,8,364.077397261951,0.3698752228163993,0.05457612968309755,0.23023742661554192,134201.36072964733,2971.936424692439,137173.2971543398,682,1,470.0,33,1,23,31.531022077666083,0.6688762626262625,40.962009803921575,1036.1519607843143,31.39854426619134,0
684,4,0,0,34,0.0,0.0,1.0,34,650,400,250,0.6153846153846154,9,4,5,364.077397261951,0.3698752228163993,0.05457612968309755,0.23023742661554192,134201.36072964733,2971.936424692439,137173.2971543398,683,2,471.0,33,1,23,31.531022077666083,0.6688762626262625,40.962009803921575,1036.1519607843143,31.39854426619134,0
685,4,1,0,35,0.02857142857142857,0.0,1.0,35,650,500,150,0.7692307692307693,8,5,3,359.11237928379245,0.3723389355742297,0.0658074094068426,0.22968003230930148,134614.36106305252,2668.790999855807,137283.15206290834,684,0,458.51428571428573,33,2,24,31.247047709022194,0.672979797979798,40.56372549019607,1037.7450980392146,31.44682115270347,0
686,4,0,0,35,0.0,0.0,1.0,35,1200,600,600,0.5,18,6,12,363.69206672409746,0.3709733893557423,0.0648091024020232,0.23403874453202167,134837.0086775518,2807.8300713667713,137644.83874891858,685,1,459.51428571428573,33,2,18,30.905973451327423,0.675189393939394,40.34926470588235,1038.6029411764698,31.472816399286963,0
687,4,0,0,35,0.0,0.0,1.0,35,750,500,250,0.6666666666666666,10,5,5,365.87154151836364,0.3713935574229692,0.05979846998955285,0.236062323363218,134932.48540224903,2873.591287004984,137806.07668925403,686,2,460.51428571428573,33,2,18,30.75410867342927,0.6761363636363638,40.257352941176464,1038.9705882352932,31.48395721925131,0
688,4,0,0,35,0.0,0.0,1.0,35,700,300,400,0.42857142857142855,11,3,8,392.9554013825812,0.3716736694677871,0.11954698416494414,0.22997103021431234,131296.72369100817,3318.7513516435847,134615.47504265176,687,3,461.51428571428573,33,2,21,33.712359001953054,0.6398358585858586,43.780637254901954,1024.8774509803914,31.056892453951253,8
689,4,0,1,34,0.0,0.02857142857142857,0.9714285714285714,35,250,100,150,0.4,4,1,3,392.8669976093538,0.3712885154061625,0.1207185965900095,0.23030232155886948,131360.48179076108,3321.443371696448,134681.92516245754,688,4,462.51428571428573,32,3,21,33.6499774192224,0.6429036458333335,43.71843434343434,1025.1262626262621,32.03519570707069,0
690,4,0,0,34,0.0,0.0,1.0,34,1100,800,300,0.7272727272727273,14,8,6,397.72607200520997,0.3664587046939988,0.12560519525700897,0.23256086458172065,131263.4233751657,3641.3771553922966,134904.800530558,689,5,476.9117647058824,32,2,21,33.62391161491705,0.6419270833333335,43.81313131313131,1024.747474747474,32.02335858585856,0
691,4,0,0,34,0.0,0.0,1.0,34,900,600,300,0.6666666666666666,12,6,6,393.5278170154049,0.36625445632798576,0.12096172377067593,0.23068970009733367,131360.48179076108,3538.800728242008,134899.28251900309,690,6,477.9117647058824,32,2,22,33.6330418360225,0.6429036458333335,43.71843434343434,1025.1262626262621,32.03519570707069,0
692,4,1,1,34,0.02857142857142857,0.02857142857142857,0.9714285714285714,35,600,300,300,0.5,9,3,6,382.8282395570948,0.3707983193277311,0.10976833054693125,0.22607924386820222,131642.3445910225,3079.281406189901,134721.6259972124,691,0,465.22857142857146,33,2,20,33.62192500597085,0.6433080808080809,43.44362745098038,1026.2254901960769,31.097742127153843,0
693,4,1,1,34,0.02857142857142857,0.02857142857142857,0.9714285714285714,35,650,400,250,0.6153846153846154,9,4,5,382.9299431039158,0.37230392156862746,0.1029744849229095,0.22651279685299397,131705.2335640137,3086.7755190311286,134792.00908304483,692,0,466.2,33,2,21,33.555694842406886,0.643939393939394,43.382352941176464,1026.470588235293,31.105169340463423,0
694,4,1,1,34,0.02857142857142857,0.02857142857142857,0.9714285714285714,35,900,600,300,0.6666666666666666,12,6,6,382.33283968898314,0.37254901960784315,0.11056167513555937,0.22653355947060103,131768.13755526708,3075.857242406751,134843.99479767383,693,0,467.1714285714286,33,2,22,33.507400334208654,0.6445707070707072,43.32107843137254,1026.7156862745087,31.112596553772992,0
695,4,0,0,34,0.0,0.0,1.0,34,950,700,250,0.7368421052631579,12,7,5,393.9544955412141,0.3719919786096257,0.12404720924514434,0.23389969830162302,131846.31191970204,3588.2894602591573,135434.6013799612,694,1,474.05882352941177,32,2,22,33.129968855011896,0.6477864583333334,43.244949494949495,1027.0202020202019,32.09438131313131,0
696,4,0,0,34,0.0,0.0,1.0,34,800,500,300,0.625,11,5,6,392.59580599831366,0.3716020499108734,0.12054161878536918,0.2340906421260273,132008.45457415047,3565.1931244260636,135573.64769857653,695,2,475.05882352941177,32,2,22,33.00082934021379,0.6494140625,43.087121212121204,1027.651515151514,32.114109848484816,0
697,4,0,0,34,0.0,0.0,1.0,34,1050,700,350,0.6666666666666666,14,7,7,393.3016879642066,0.3713235294117647,0.12282717066192772,0.23511470950106966,132105.78799357207,3591.4858815427,135697.27387511477,696,3,476.05882352941177,32,2,22,32.88427290591992,0.650390625,42.99242424242424,1028.030303030303,32.12594696969697,0
698,4,0,0,34,0.0,0.0,1.0,34,700,500,200,0.7142857142857143,9,5,4,390.30283297552296,0.370822192513369,0.12511103889069397,0.233923221087979,132203.1572830579,3519.853363177228,135723.0106462351,697,4,477.05882352941177,32,2,22,32.86295273173725,0.6513671875,42.89772727272727,1028.4090909090912,32.1377840909091,0
699,4,0,0,34,0.0,0.0,1.0,34,450,100,350,0.2222222222222222,8,1,7,386.6140531849036,0.37054367201426025,0.12123192225214652,0.23211088366230004,132268.09007052862,3427.3404818386007,135695.4305523672,698,5,478.05882352941177,32,2,22,32.89222004009656,0.6520182291666666,42.834595959595966,1028.6616161616168,32.14567550505053,0
700,4,0,0,34,0.0,0.0,1.0,34,1150,800,350,0.6956521739130435,15,8,7,388.1355899278142,0.370172311348782,0.12140428634332623,0.23342560312337682,132333.03880024992,3472.6324163350628,135805.67121658497,699,6,479.05882352941177,32,2,22,32.78750971489344,0.6526692708333334,42.77146464646464,1028.914141414141,32.15356691919191,0
701,4,0,0,34,0.0,0.0,1.0,34,550,400,150,0.7272727272727273,7,4,3,386.421167526064,0.37026515151515155,0.1199422591122341,0.23259472048282315,132365.51914345485,3429.7676895214922,135795.28683297633,700,7,480.05882352941177,32,2,22,32.79882413087935,0.6529947916666666,42.739898989899,1029.0404040404048,32.15751262626265,0
702,4,0,0,34,0.0,0.0,1.0,34,750,500,250,0.6666666666666666,10,5,5,385.0188831702817,0.37054367201426025,0.08189896158691568,0.22929690619597684,131962.8418816461,3361.641185812274,135324.48306745838,701,8,481.05882352941177,31,3,21,33.24158851856546,0.6515456989247311,43.13151041666667,1027.473958333334,33.14432123655916,2
703,4,1,1,34,0.02857142857142857,0.02857142857142857,0.9714285714285714,35,850,700,150,0.8235294117647058,10,7,3,376.44163661493866,0.37478991596638656,0.0712128916866861,0.2260036855933606,132268.09007052847,2958.243259616363,135226.33333014484,702,0,468.2857142857143,32,3,21,33.15381940182481,0.6520182291666667,42.83459595959596,1028.6616161616157,32.14567550505049,0
704,4,0,1,33,0.0,0.029411764705882353,0.9705882352941176,34,550,300,250,0.5454545454545454,8,3,5,386.6988171456904,0.371026440879382,0.07834197508790752,0.23131620152896748,132130.126953125,3418.912760416667,135549.03971354166,703,10,483.05882352941177,31,3,21,33.02938196555218,0.6532258064516129,42.96875,1028.125,33.16532258064516,0
705,4,1,0,34,0.029411764705882353,0.0,1.0,34,950,900,50,0.9473684210526315,10,9,1,378.98300133879707,0.3687425727866904,0.09090295991007902,0.2177903777825443,130595.10125054244,3098.664686414921,133693.76593695735,704,0,483.7352941176471,31,3,21,34.78184713375797,0.6377688172043011,44.46614583333333,1022.1354166666658,32.97211021505374,4
706,4,1,1,34,0.02857142857142857,0.02857142857142857,0.9714285714285714,35,1050,700,350,0.6666666666666666,14,7,7,375.00299170239816,0.3734593837535014,0.07613878658654816,0.21761984636588008,130972.46334876554,2823.013117283964,133795.4764660495,705,0,470.8857142857143,32,3,22,34.500791497060156,0.6389973958333333,44.09722222222223,1023.611111111112,31.98784722222225,0
707,4,0,0,34,0.0,0.0,1.0,34,750,600,150,0.8,9,6,3,386.13781130775266,0.36812982768865127,0.08753189610661716,0.2240169250693905,130961.35669284384,3313.8263278537133,134275.18302069756,706,2,485.7352941176471,31,3,23,34.22711805113853,0.641465053763441,44.10807291666666,1023.5677083333322,33.01831317204297,0
708,4,1,0,35,0.02857142857142857,0.0,1.0,35,1150,900,250,0.782608695652174,14,9,5,373.0424154278212,0.3722689075630252,0.08787148311720294,0.21868096540494433,131360.48179076108,2800.6062837975624,134161.08807455865,707,0,472.8285714285714,32,3,25,34.15804491521945,0.6429036458333335,43.71843434343434,1025.1262626262621,32.03519570707069,0
709,4,0,0,35,0.0,0.0,1.0,35,500,200,300,0.4,8,2,6,405.6543495962028,0.3721638655462185,0.12874151837152703,0.2255207206189283,129300.69181654195,3494.3588244381126,132795.05064098007,708,1,473.8285714285714,31,4,21,35.4213342295054,0.6246639784946236,45.735677083333336,1017.0572916666672,32.808299731182814,8
710,4,0,0,35,0.0,0.0,1.0,35,900,700,200,0.7777777777777778,11,7,4,403.2633144039897,0.3723389355742297,0.1244080378855752,0.22456851571192962,129366.91496107321,3433.7861802842995,132800.7011413575,709,2,474.8285714285714,31,4,21,35.414400145057385,0.6253360215053763,45.67057291666667,1017.317708333334,32.81670026881723,0
711,4,2,2,35,0.05405405405405406,0.05405405405405406,0.9459459459459459,37,950,700,250,0.7368421052631579,12,7,5,383.4092192345428,0.38150650650650647,0.11467232532520488,0.21619081195753856,129856.32216274997,2557.6222186178493,132413.94438136782,710,0,450.1081081081081,33,4,17,35.42029878561983,0.6253156565656566,45.18995098039216,1019.240196078432,30.88606654783127,0
712,4,2,2,35,0.05405405405405406,0.05405405405405406,0.9459459459459459,37,900,800,100,0.8888888888888888,10,8,2,383.5444514605568,0.38432182182182184,0.11084946261006823,0.2169594412374774,129981.25908604858,2570.7181432621983,132551.97722931078,711,0,450.97297297297297,33,4,18,35.28960361334775,0.6265782828282829,45.06740196078431,1019.7303921568623,30.900920974450372,0
713,4,2,0,37,0.05405405405405406,0.0,1.0,37,450,200,250,0.4444444444444444,7,2,5,381.3296156887884,0.3836336336336336,0.13763697663325503,0.21709462536376758,130231.31315179264,2532.2113189638712,132763.5244707565,712,0,451.9189189189189,33,4,20,35.091622643774784,0.6291035353535352,44.82230392156863,1020.7107843137259,30.930629827688662,0
714,4,0,0,37,0.0,0.0,1.0,37,750,700,50,0.9333333333333333,8,7,1,380.6747188671385,0.3839777277277277,0.13656922228350754,0.21689606074988152,130262.58680555575,2517.5347222222467,132780.12152777798,713,1,452.9189189189189,33,4,20,35.0765306122449,0.6294191919191918,44.79166666666668,1020.833333333335,30.934343434343482,0
715,4,0,1,36,0.0,0.02702702702702703,0.972972972972973,37,900,600,300,0.6666666666666666,12,6,6,379.45836259092755,0.3835397897897898,0.14712894262566412,0.2158453163140371,130198.14822785939,2480.955227782878,132679.10345564227,714,2,453.9189189189189,32,5,17,35.173099921646255,0.6311848958333334,44.85479797979798,1020.580808080808,31.89315025252525,7
716,4,1,0,37,0.02702702702702703,0.0,1.0,37,950,700,250,0.7368421052631579,12,7,5,378.37166457148487,0.38163163163163166,0.17179228419192705,0.21687965316964522,130495.30241224507,2475.1609007468896,132970.46331299195,715,0,454.8378378378378,31,6,17,34.89882014357928,0.636760752688172,44.563802083333336,1021.7447916666672,32.959509408602166,0
717,4,1,1,37,0.02631578947368421,0.02631578947368421,0.9736842105263158,38,1000,800,200,0.8,12,8,4,373.447600755599,0.38654279279279274,0.16521171495937148,0.21599185645414862,130843.25140610669,2172.6196625344555,133015.87106864114,716,0,443.8421052631579,32,6,18,34.67157225718869,0.6376953125,44.22348484848486,1023.106060606062,31.972064393939437,0
718,4,0,0,37,0.0,0.0,1.0,37,950,700,250,0.7368421052631579,12,7,5,382.8561079268849,0.3806619119119119,0.1690720514249926,0.22077473360189084,130728.22570800781,2610.0199381510406,133338.24564615884,717,2,456.8378378378378,31,6,18,34.54768270944742,0.6391129032258065,44.3359375,1022.65625,32.988911290322584,0
719,4,0,0,37,0.0,0.0,1.0,37,750,600,150,0.8,9,6,3,381.887821150459,0.38059934934934936,0.16792884545908104,0.22040623329440534,130761.51741875548,2587.2461954752703,133348.76361423076,718,3,457.8378378378378,31,6,18,34.5386431147889,0.6394489247311828,44.30338541666667,1022.7864583333338,32.9931115591398,0
720,4,0,0,37,0.0,0.0,1.0,37,850,600,250,0.7058823529411765,11,6,5,382.5700793306178,0.3802552552552552,0.16846319467851667,0.22137228890868893,130861.41798231342,2612.732611762163,133474.1505940756,719,4,458.8378378378378,31,6,18,34.419805718164085,0.6404569892473118,44.20572916666667,1023.1770833333338,33.005712365591414,0
721,4,0,0,37,0.0,0.0,1.0,37,1200,1000,200,0.8333333333333334,14,10,4,374.1657627553078,0.3795983483483483,0.16616593264207924,0.21285488282025525,130201.83000283416,2343.4134070294454,132545.24340986361,720,5,459.8378378378378,34,3,19,35.30439558303201,0.6265318627450982,44.85119047619046,1020.5952380952356,30.017507002801047,1
722,4,1,1,37,0.02631578947368421,0.02631578947368421,0.9736842105263158,38,1150,800,350,0.6956521739130435,15,8,7,368.9726378116283,0.38309032716927455,0.16378559956845273,0.21204813040499595,130597.00255102031,2037.358276643979,132634.3608276643,721,0,448.7105263157895,34,4,16,35.035717058777855,0.630514705882353,44.46428571428571,1022.1428571428564,30.063025210084014,0
723,4,1,1,37,0.02631578947368421,0.02631578947368421,0.9736842105263158,38,950,600,350,0.631578947368421,13,6,7,367.71880863105207,0.3830458748221906,0.16594171378860412,0.21216066386496749,130749.15143140576,2015.784438775495,132764.93587018125,722,0,449.6842105263158,34,4,16,34.913475342412596,0.632046568627451,44.31547619047618,1022.738095238094,30.080532212885117,0
724,4,2,2,37,0.05128205128205128,0.05128205128205128,0.9487179487179487,39,950,600,350,0.631578947368421,13,6,7,360.0253315850608,0.388917004048583,0.15389253146431536,0.20924993976356415,131031.70680084011,1634.9467378257807,132666.65353866588,723,0,439.1025641025641,35,4,17,34.82412012962544,0.6327380952380952,44.03935185185185,1023.8425925925919,29.252645502645482,0
725,4,0,0,37,0.0,0.0,1.0,37,1100,800,300,0.7272727272727273,14,8,6,377.67389383651124,0.3797234734734735,0.16854736610337406,0.21816221396909063,130794.81336805563,2479.5572916666724,133274.3706597223,724,9,463.8378378378378,33,4,17,34.61261031907671,0.6347853535353535,44.270833333333336,1022.9166666666673,30.99747474747477,0
726,4,0,0,37,0.0,0.0,1.0,37,800,400,400,0.5,12,4,8,384.97895580907937,0.37928553553553557,0.216294376072663,0.21399466538911907,129294.84941188476,2556.2442930603484,131851.09370494512,725,10,464.8378378378378,33,4,20,35.953001365626385,0.6196338383838385,45.741421568627445,1017.0343137254895,30.819221628045135,6
727,4,2,2,37,0.05128205128205128,0.05128205128205128,0.9487179487179487,39,1300,800,500,0.6153846153846154,18,8,10,369.7936669194687,0.3869489428699955,0.20073576315766495,0.20800598401866338,129760.92470689719,1796.9536340449142,131557.87834094212,726,0,441.94871794871796,35,4,17,35.864312355636336,0.6199404761904762,45.28356481481481,1018.86574074074,29.110449735449713,0
728,4,1,0,38,0.02631578947368421,0.0,1.0,38,1150,900,250,0.782608695652174,14,9,5,378.2591558277323,0.38331258890469416,0.21817689819313402,0.21269000365136218,129746.60572562352,2215.568310657589,131962.17403628113,727,0,454.55263157894734,34,4,19,35.66326828698294,0.6219362745098039,45.297619047619044,1018.8095238095233,29.964985994397743,0
729,4,1,0,39,0.02564102564102564,0.0,1.0,39,1050,700,350,0.6666666666666666,14,7,7,370.528036192136,0.3872863247863248,0.22284297636090655,0.2098388852779628,130026.38996056237,1835.6845850480067,131862.07454561038,728,0,443.87179487179486,35,4,20,35.57554092903615,0.6226190476190476,45.023148148148145,1019.907407407407,29.14021164021163,0
730,4,0,0,39,0.0,0.0,1.0,39,1500,1100,400,0.7333333333333333,19,11,8,371.1932975274588,0.3859649122807018,0.21788620722740237,0.21133335641669834,130233.05047850218,1868.3270908350391,132101.37756933723,729,1,444.87179487179486,35,4,20,35.348513625883506,0.6247023809523811,44.82060185185185,1020.7175925925922,29.163359788359777,0
731,4,0,1,38,0.0,0.02564102564102564,0.9743589743589743,39,850,600,250,0.7058823529411765,11,6,5,368.08917240407106,0.3861054880791723,0.21683649062380428,0.2098891451155128,130292.97052154192,1791.8896868482423,132084.86020839016,730,2,445.87179487179486,34,5,20,35.36686683768656,0.6274509803921569,44.76190476190476,1020.9523809523807,30.028011204481786,0
732,4,1,0,39,0.02564102564102564,0.0,1.0,39,950,800,150,0.8421052631578947,11,8,3,362.6900955330754,0.3871176338281601,0.22133008339904947,0.20811041310534223,130536.16780045352,1668.8350340136096,132205.00283446713,731,0,446.38461538461536,34,5,17,35.25794113078598,0.6299019607843137,44.523809523809526,1021.9047619047619,30.056022408963585,0
733,4,2,2,39,0.04878048780487805,0.04878048780487805,0.9512195121951219,41,1250,700,550,0.56,18,7,11,345.0690189918331,0.3948170731707317,0.19710787208579217,0.20005429958197304,130935.05333371791,836.3260811018642,131771.37941481976,732,0,425.5609756097561,37,4,17,35.30462109849297,0.6278153153153154,44.133771929824555,1023.4649122807004,27.661213845424335,0
734,4,0,0,39,0.0,0.0,1.0,39,1000,600,400,0.6,14,6,8,357.86285888481945,0.3864428699955016,0.21598001410154954,0.20656003161104808,130765.21675936626,1559.2028624399732,132324.41962180624,733,2,448.38461538461536,35,4,18,35.14920693297123,0.6300595238095239,44.29976851851851,1022.8009259259246,29.22288359788356,0
735,4,1,0,40,0.025,0.0,1.0,40,1050,800,250,0.7619047619047619,13,8,5,349.4681826038332,0.388434829059829,0.2127639683238014,0.20315631177967095,131039.71370018672,1158.8421191461805,132198.5558193329,734,0,438.15,36,4,19,35.086247983575305,0.630787037037037,44.031531531531535,1023.8738738738742,28.44094094094095,0
736,4,1,2,39,0.024390243902439025,0.04878048780487805,0.9512195121951219,41,750,500,250,0.6666666666666666,10,5,5,341.59902932746587,0.3911839430894309,0.2087759864745744,0.20023026168499194,131356.98356718212,774.6006563996523,132131.58422358177,735,0,428.4390243902439,36,5,20,34.96741001135156,0.6339699074074073,43.72184684684685,1025.1126126126132,28.475350350350368,0
737,4,0,0,39,0.0,0.0,1.0,39,1400,900,500,0.6428571428571429,19,9,10,356.2805744451196,0.38332208726945566,0.2183791115632423,0.20723302052044523,131061.33355034715,1538.921440972217,132600.25499131935,736,2,451.20512820512823,35,4,20,34.89000508646999,0.6330357142857144,44.010416666666664,1023.9583333333327,29.255952380952362,0
738,4,0,0,39,0.0,0.0,1.0,39,1250,1100,150,0.88,14,11,3,345.40887890479735,0.3826754385964912,0.1850221578065263,0.20039308642533382,130962.30867346934,1247.3801108985208,132209.68878436787,737,3,452.20512820512823,34,5,18,35.268376366596875,0.6341911764705883,44.107142857142854,1023.5714285714282,30.105042016806713,1
739,4,0,0,39,0.0,0.0,1.0,39,1350,900,450,0.6666666666666666,18,9,9,373.49153150938685,0.3824224021592442,0.16820978227671368,0.21199792982970034,130114.93866008664,1919.3655424811438,132034.3042025678,738,4,453.20512820512823,35,4,20,35.40993098884477,0.6235119047619048,44.936342592592595,1020.2546296296301,29.15013227513229,4
740,4,0,1,38,0.0,0.02564102564102564,0.9743589743589743,39,900,700,200,0.7777777777777778,11,7,4,380.046843212565,0.38211313540260905,0.18205462428711638,0.19544273673801582,126163.40880102055,1869.6651080378304,128033.07390905838,739,5,454.20512820512823,34,5,20,39.29400205395584,0.5854779411764706,48.83928571428572,1004.6428571428582,29.548319327731125,8
741,4,0,0,38,0.0,0.0,1.0,38,1000,700,300,0.7,13,7,6,383.6508982928205,0.3789562588904694,0.19763510352270397,0.19700928964677586,126103.61571712022,2075.9530895691646,128179.56880668939,740,9,467.0263157894737,34,4,20,39.26528979495081,0.5848651960784313,48.898809523809526,1004.4047619047622,29.54131652661065,0
742,4,3,1,40,0.07317073170731707,0.024390243902439025,0.975609756097561,41,1300,700,600,0.5384615384615384,19,7,12,369.509122107875,0.39443597560975613,0.20830586684245267,0.18708830287777659,125521.37586805549,1151.435834750563,126672.81170280605,741,0,433.780487804878,37,4,18,40.22219334719335,0.5729166666666667,49.479166666666664,1002.0833333333328,27.083333333333318,8
743,4,4,3,41,0.09090909090909091,0.06818181818181818,0.9318181818181819,44,1050,900,150,0.8571428571428571,12,9,3,346.5114335960013,0.4080778717406624,0.1866911040997854,0.1778998700378849,126094.86669847656,-61.33739424283269,126033.52930423373,742,0,405.1136363636364,40,4,19,40.206878815474376,0.5736979166666667,48.90752032520326,1004.369918699188,25.1092479674797,0
744,4,4,4,41,0.08888888888888889,0.08888888888888889,0.9111111111111111,45,1250,1000,250,0.8,15,10,5,344.3368525734174,0.41357323232323234,0.21936968023924508,0.1788330105300652,126567.38281250003,-283.6371527777773,126283.74565972225,743,0,397.02222222222224,41,4,15,39.77527605244997,0.5769817073170731,48.4375,1006.2500000000002,24.542682926829272,0
745,4,0,1,40,0.0,0.024390243902439025,0.975609756097561,41,1150,1000,150,0.8695652173913043,13,10,3,370.00051652003253,0.3946392276422764,0.22932901528185434,0.1897236691092081,126043.83680555546,1127.2569444444366,127171.0937499999,744,1,436.4390243902439,37,4,20,39.66977869986168,0.5782657657657657,48.95833333333333,1004.1666666666658,27.13963963963962,0
746,4,4,2,42,0.09090909090909091,0.045454545454545456,0.9545454545454546,44,1150,900,250,0.782608695652174,14,9,5,350.8890099845653,0.4120969873150106,0.23595508194015147,0.18355476284839045,126861.55443395147,102.86504808646367,126964.41948203793,745,0,406.6818181818182,40,4,18,39.308021453310445,0.5815104166666667,48.145325203252035,1007.4186991869929,25.18546747967482,0
747,4,2,2,42,0.045454545454545456,0.045454545454545456,0.9545454545454546,44,1100,800,300,0.7272727272727273,14,8,6,357.75888948260405,0.4103572057787174,0.2578022314678472,0.18859736529229068,127174.94956380797,300.2211619070554,127475.17072571503,746,0,407.6363636363636,37,7,19,38.81298238939015,0.5898085585585586,47.8344298245614,1008.6622807017534,27.26114272166901,0
748,4,1,0,43,0.023255813953488372,0.0,1.0,43,850,600,250,0.7058823529411765,11,6,5,356.76126615379167,0.41087578442229605,0.2583080845730288,0.1885855216779633,127285.57254395568,482.1124047783728,127767.68494873405,747,0,402.04651162790697,37,6,20,38.72457803614761,0.5909346846846848,47.724780701754376,1009.1008771929812,27.272996680891385,0
749,4,3,2,44,0.06521739130434782,0.043478260869565216,0.9565217391304348,46,1000,800,200,0.8,12,8,4,337.861938855008,0.4206421095008051,0.25485652130229486,0.1812797777587003,127887.41949443103,-558.3416988895708,127329.07779554145,748,0,376.7608695652174,40,6,15,38.585518604105964,0.5919270833333334,47.129065040650396,1011.4837398373968,25.28709349593492,0
750,4,2,1,45,0.043478260869565216,0.021739130434782608,0.9782608695652174,46,1100,800,300,0.7272727272727273,14,8,6,349.27540405358315,0.4206521739130435,0.3028956512074068,0.18941716758710622,128315.618722608,-235.46930013700677,128080.14942247099,749,0,377.7173913043478,36,10,19,37.85914749360898,0.6032986111111109,46.706081081081095,1013.1756756756777,28.143768768768822,0
751,4,2,2,45,0.0425531914893617,0.0425531914893617,0.9574468085106383,47,600,300,300,0.5,9,3,6,343.46460699118035,0.42188945420906565,0.297927532632392,0.18780937020581592,128644.60699446005,-563.0261234225709,128081.58087103747,750,0,370.5531914893617,37,10,15,37.670683816111826,0.6047297297297296,46.38157894736843,1014.4736842105281,27.418207681365622,0
752,4,2,3,44,0.0425531914893617,0.06382978723404255,0.9361702127659575,47,1050,700,350,0.6666666666666666,14,7,7,343.3782850297179,0.41764955288313294,0.291177133292561,0.18802500885591783,128700.23108071723,-561.427073714976,128138.80400700225,751,0,371.36170212765956,37,10,15,37.61616598227794,0.6052927927927927,46.32675438596492,1014.6929824561412,27.42413466097679,0
753,4,1,1,44,0.022222222222222223,0.022222222222222223,0.9777777777777777,45,1450,1200,250,0.8275862068965517,17,12,5,355.66648507502464,0.4157617845117845,0.2915951642752421,0.1936685701415593,128477.80687326865,139.04999615265922,128616.85686942132,752,0,388.6222222222222,37,8,16,37.53154517268728,0.6030405405405406,46.546052631578945,1013.8157894736839,27.400426742531998,0
754,4,2,0,46,0.043478260869565216,0.0,1.0,46,1150,900,250,0.782608695652174,14,9,5,353.2256283673399,0.41805555555555557,0.3079462320823174,0.19414130401242508,128848.62075617285,-97.47299382715579,128751.14776234569,753,0,381.1304347826087,38,8,18,37.21500227998177,0.6049890350877192,46.18055555555556,1015.2777777777778,26.717836257309944,0
755,4,1,1,46,0.02127659574468085,0.02127659574468085,0.9787234042553191,47,650,500,150,0.7692307692307693,8,5,3,346.2773467684633,0.4223519888991674,0.3075219164851646,0.19189782096044497,129174.91455078138,-453.9306640624858,128720.9838867189,754,0,374.0,39,8,20,37.0590608668921,0.6065705128205128,45.85937500000001,1016.562500000001,26.065705128205156,0
756,4,0,0,46,0.0,0.0,1.0,46,1300,1000,300,0.7692307692307693,16,10,6,354.9616910388241,0.4177133655394525,0.3159160947367954,0.1967136728787458,129175.56023407052,-29.52493968535589,129146.03529438516,755,1,382.9782608695652,40,6,21,36.83769869039288,0.6049479166666667,45.85873983739838,1016.565040650408,25.4141260162602,0
757,4,0,0,46,0.0,0.0,1.0,46,1300,1000,300,0.7692307692307693,16,10,6,355.5702154567442,0.4174214975845411,0.3089642623329609,0.1977530902712633,129315.90374157953,-3.8129210774033595,129312.09082050213,756,2,383.9782608695652,36,10,21,36.67930690876883,0.6134259259259258,45.72072072072073,1017.117117117118,28.253253253253277,0
758,4,0,0,46,0.0,0.0,1.0,46,1400,800,600,0.5714285714285714,20,8,12,352.3771923305593,0.41727053140096615,0.3080491004497754,0.1965180495689656,129424.43828870413,-78.7559633733515,129345.68232533078,757,3,384.9782608695652,37,9,21,36.650053879310356,0.6126126126126126,45.614035087719294,1017.543859649122,27.501185395922217,0
759,4,2,3,45,0.041666666666666664,0.0625,0.9375,48,1550,900,650,0.5806451612903226,22,9,13,330.60158023225574,0.4237680998817967,0.2834743290548425,0.18763281739009482,130110.72137188207,-994.3328225796333,129116.38854930244,758,0,369.8958333333333,41,7,19,36.508168028004654,0.6128048780487805,44.94047619047619,1020.2380952380952,24.883855981416957,1
760,4,0,0,45,0.0,0.0,1.0,45,950,600,350,0.631578947368421,13,6,7,347.7568684769151,0.4132996632996633,0.298404044640153,0.19580312937029604,129799.47973738034,27.732120680833987,129827.21185806119,759,6,395.46666666666664,38,7,20,36.38647165723072,0.6145833333333334,45.245726495726494,1019.0170940170938,26.816239316239308,0
761,4,0,0,45,0.0,0.0,1.0,45,1150,900,250,0.782608695652174,14,9,5,346.70107986234706,0.41308922558922556,0.29903563941299804,0.1954803960926,129853.92011834322,4.098865877714417,129858.01898422094,760,7,396.46666666666664,38,7,20,36.35809748427673,0.6151315789473684,45.19230769230769,1019.2307692307694,26.821862348178144,0
762,4,0,0,45,0.0,0.0,1.0,45,1100,800,300,0.7272727272727273,14,8,6,345.822524730388,0.41340488215488214,0.29775542516531583,0.19552903886414827,129962.83512309153,-11.18484732266856,129951.65027576886,761,8,397.46666666666664,38,7,20,36.26995145291979,0.6162280701754386,45.085470085470085,1019.6581196581196,26.83310841205578,0
763,4,0,0,45,0.0,0.0,1.0,45,950,700,250,0.7368421052631579,12,7,5,345.6649024742809,0.41292087542087547,0.2982051819261127,0.1957127615076801,130017.30974687709,-11.515861275470854,130005.79388560161,762,9,398.46666666666664,38,7,20,36.21870416928557,0.6167763157894737,45.032051282051285,1019.871794871795,26.838731443994607,0
764,4,2,1,46,0.0425531914893617,0.02127659574468085,0.9787234042553191,47,1200,600,600,0.5,18,6,12,330.7203930872026,0.4190564292321924,0.2924648371352807,0.19012063370619345,130608.4106445314,-760.795879175897,129847.6147653555,763,0,382.468085106383,39,8,15,36.00166870477938,0.6209935897435896,44.45312500000001,1022.1875000000011,26.209935897435926,0
765,4,1,1,46,0.02127659574468085,0.02127659574468085,0.9787234042553191,47,1350,1100,250,0.8148148148148148,16,11,5,331.1859153825658,0.4176110083256244,0.2884045154242303,0.1907817456217885,130688.28125000047,-743.576388888845,129944.70486111162,764,0,383.4468085106383,39,8,16,35.909060038033125,0.6217948717948716,44.37500000000002,1022.5000000000038,26.217948717948815,0
766,4,1,0,47,0.02127659574468085,0.0,1.0,47,1100,900,200,0.8181818181818182,13,9,4,331.79719679277883,0.41811208757323465,0.2925856913810281,0.19166167485324087,130794.81336805588,-720.5295138888555,130074.28385416702,765,0,384.4255319148936,39,8,17,35.785811269518,0.6228632478632476,44.27083333333335,1022.9166666666692,26.228632478632544,0
767,4,0,0,47,0.0,0.0,1.0,47,1350,800,550,0.5925925925925926,19,8,11,328.0327521940179,0.41764955288313294,0.293010446103092,0.19057681347188848,131015.81090124967,-804.5045938263822,130211.30630742329,766,1,385.4255319148936,40,7,19,35.659039772351285,0.6234374999999999,44.05487804878051,1023.7804878048813,25.594512195122032,0
768,4,1,1,47,0.020833333333333332,0.020833333333333332,0.9791666666666666,48,1100,800,300,0.7272727272727273,14,8,6,318.10802632271646,0.41947399527186763,0.2821423385925854,0.18619682832521178,131302.70460325354,-1246.3111575648581,130056.39344568868,767,0,378.375,41,7,19,35.624072371180596,0.6247459349593495,43.774801587301596,1024.900793650795,24.99758033294622,0
769,4,1,1,47,0.020833333333333332,0.020833333333333332,0.9791666666666666,48,1450,1100,350,0.7586206896551724,18,11,7,319.52288327020636,0.42008348108747046,0.2845487659827537,0.18753149327010565,131406.26161882828,-1202.5360210836402,130203.72559774465,768,0,379.3541666666667,40,8,20,35.48357121617603,0.6273437499999999,43.67378048780489,1025.3048780487823,25.632621951219555,0
770,4,0,0,47,0.0,0.0,1.0,47,1150,1000,150,0.8695652173913043,13,10,3,324.6531862854761,0.41739901325932777,0.28206242258781966,0.1905522547768603,131408.21533203154,-867.5808376735802,130540.63449435796,769,4,388.4255319148936,39,8,20,35.3501007484168,0.6290064102564101,43.671875000000014,1025.3125000000023,26.290064102564163,0
771,4,0,0,47,0.0,0.0,1.0,47,1050,700,350,0.6666666666666666,14,7,7,323.6825233496259,0.41757246376811596,0.28111734548315415,0.19011520046859906,131434.9175347224,-891.362847222204,130543.55468750019,770,5,389.4255319148936,39,8,20,35.34809697954763,0.6292735042735043,43.64583333333334,1025.416666666668,26.292735042735078,0
772,4,0,0,47,0.0,0.0,1.0,47,1050,700,350,0.6666666666666666,14,7,7,326.6482376146672,0.4171677459142769,0.2835611939782565,0.1923942490448114,131541.75347222242,-806.4236111110874,130735.32986111134,771,6,390.4255319148936,39,8,21,35.16450040617385,0.6303418803418803,43.54166666666668,1025.833333333335,26.303418803418847,0
773,4,0,1,46,0.0,0.02127659574468085,0.9787234042553191,47,1600,1300,300,0.8125,19,13,6,329.6808047380116,0.41668593894542094,0.2860141037876398,0.19499847838465617,131702.0887586808,-716.0698784721973,130986.01888020859,772,7,391.4255319148936,39,8,14,34.92532643258236,0.6319444444444444,43.38541666666668,1026.4583333333353,26.319444444444496,0
774,4,0,2,44,0.0,0.043478260869565216,0.9565217391304348,46,1100,800,300,0.7272727272727273,14,8,6,340.317459782081,0.41483494363929146,0.2908058051378306,0.20110392196250698,131666.8848424387,-238.29204260027137,131428.59279983843,773,8,400.5217391304348,40,6,14,34.68784038023567,0.6299479166666665,43.41971544715449,1026.3211382113848,25.65802845528462,0
775,4,0,0,44,0.0,0.0,1.0,44,1100,800,300,0.7272727272727273,14,8,6,352.087890625,0.41346238548273434,0.29068181818181826,0.2071105238970588,131492.4391847469,459.3791091387261,131951.81829388565,774,11,408.8181818181818,38,6,21,34.561848958333336,0.631578947368421,43.58974358974359,1025.6410256410259,26.990553306342786,0
776,4,0,1,43,0.0,0.022727272727272728,0.9772727272727273,44,1100,700,400,0.6363636363636364,15,7,8,355.18673720867014,0.41412306201550386,0.2866532280960763,0.20983541190814775,131656.85609796178,552.5538297172823,132209.40992767905,775,12,409.8181818181818,38,6,15,34.31644284821986,0.6332236842105263,43.429487179487175,1026.2820512820506,27.007422402159225,0
777,4,0,0,43,0.0,0.0,1.0,43,750,400,350,0.5333333333333333,11,4,7,356.25841912200593,0.4141519010705057,0.2773851247991017,0.21077160658400423,131711.6845642485,784.6793045510829,132496.36386879958,776,13,403.7674418604651,38,5,15,34.23362475714682,0.6337719298245614,43.37606837606837,1026.4957264957252,27.013045434098032,0
778,4,0,0,43,0.0,0.0,1.0,43,1100,700,400,0.6363636363636364,15,7,8,354.00061287182433,0.41375968992248063,0.2760932168526,0.2097377243956985,131766.52444480962,729.0860818905592,132495.61052670018,777,14,404.7674418604651,38,5,15,34.23625563648976,0.6343201754385965,43.32264957264957,1026.709401709401,27.018668466036868,0
779,4,0,0,43,0.0,0.0,1.0,43,850,600,250,0.7058823529411765,11,6,5,351.0322669738838,0.4136212624584718,0.27388837015786094,0.20857998854678075,131876.23844875421,658.562988530909,132534.80143728512,778,15,405.7674418604651,38,5,17,34.20185840094305,0.6354166666666667,43.21581196581195,1027.1367521367501,27.02991452991448,0
780,4,0,1,42,0.0,0.023255813953488372,0.9767441860465116,43,1600,1200,400,0.75,20,12,8,347.5704893674183,0.41244462901439644,0.2687145125851158,0.20757142633171483,132068.3478180471,580.6120562129893,132648.9598742601,779,16,406.7674418604651,38,5,18,34.09728718428435,0.6373355263157896,43.02884615384614,1027.8846153846134,27.049595141700355,0
781,4,0,1,41,0.0,0.023809523809523808,0.9761904761904762,42,1300,900,400,0.6923076923076923,17,9,8,352.5332764444444,0.4076050135501355,0.267568253968254,0.21064368812407047,132087.85545792925,913.0728926207892,133000.92835055004,780,17,416.73809523809524,37,5,18,33.95011111111111,0.6393581081081081,43.00986842105262,1027.9605263157885,27.78271692745374,0
782,4,0,0,41,0.0,0.0,1.0,41,650,500,150,0.7692307692307693,8,5,3,357.84647434412807,0.4046239837398374,0.27198704034387955,0.21311953210938817,131963.74584043512,1244.5522380488685,133208.298078484,781,18,427.2439024390244,36,5,18,33.93865081104777,0.6400462962962963,43.130630630630634,1027.4774774774783,28.541041041041062,0
783,4,1,0,42,0.023809523809523808,0.0,1.0,42,450,300,150,0.6666666666666666,6,3,3,357.66450386547587,0.40807684862562915,0.2805467014391967,0.21244409687431257,131862.52170138876,1032.5086805555356,132895.0303819443,782,0,418.04761904761904,37,5,16,34.045385395537515,0.6371058558558559,43.22916666666666,1027.0833333333321,27.759009009008977,1
784,4,0,0,42,0.0,0.0,1.0,42,1150,900,250,0.782608695652174,14,9,5,345.3631941562044,0.40807684862562915,0.2515550062810552,0.2045310301634756,131749.92696069973,727.4418571099114,132477.36881780965,783,1,419.04761904761904,37,5,12,34.47468314998754,0.6359797297297296,43.3388157894737,1026.6447368421075,27.747155049786688,3
785,4,0,0,42,0.0,0.0,1.0,42,1100,800,300,0.7272727272727273,14,8,6,345.057057323254,0.40783488192024775,0.24968223462778227,0.204803827559544,131834.36850761806,698.0758502616553,132532.44435787972,784,2,420.04761904761904,37,5,13,34.39746601181581,0.6368243243243241,43.25657894736844,1026.973684210529,27.756045519203486,0
786,4,0,1,41,0.0,0.023809523809523808,0.9761904761904762,42,1500,1000,500,0.6666666666666666,20,10,10,347.9051704779807,0.4076292102206736,0.2551180062381255,0.20772376229685313,132059.67821829804,788.848972760858,132848.5271910589,785,3,421.04761904761904,37,5,15,34.09741483536022,0.6390765765765765,43.03728070175439,1027.8508771929833,27.779753437648196,0
787,4,1,0,42,0.023809523809523808,0.0,1.0,42,650,400,250,0.6153846153846154,9,4,5,350.5801246956868,0.40615321331784743,0.2617828701446452,0.20963260517517582,132116.0357032932,863.4512542320557,132979.48695752525,786,0,421.95238095238096,37,5,16,33.97193188282139,0.6396396396396395,42.98245614035087,1028.0701754385955,27.785680417259336,0
788,4,0,0,42,0.0,0.0,1.0,42,950,600,350,0.631578947368421,13,6,7,352.8801660184572,0.4061169183120403,0.26280342609375573,0.2114800688234574,132200.59447378034,930.193545129262,133130.7880189096,787,1,422.95238095238096,37,5,16,33.827677968511225,0.6404842342342343,42.90021929824561,1028.399122807017,27.794570886676134,0
789,4,0,0,42,0.0,0.0,1.0,42,1450,1300,150,0.896551724137931,16,13,3,351.0637176772931,0.4058628532713899,0.2598749644785454,0.21117832863357153,132341.58587257605,892.0658279470478,133233.6517005231,788,2,423.95238095238096,37,5,16,33.732505683432784,0.6418918918918919,42.763157894736835,1028.9473684210516,27.809388335704096,0
790,4,0,0,42,0.0,0.0,1.0,42,1550,1200,350,0.7741935483870968,19,12,7,349.68495401324657,0.40593544328300424,0.2538659728456296,0.21113775133314314,132482.65241468546,865.4380434364538,133348.0904581219,789,3,424.95238095238096,37,5,16,33.62611832996058,0.6432995495495495,42.626096491228076,1029.495614035089,27.824205784732133,0
791,4,0,0,42,0.0,0.0,1.0,42,950,600,350,0.631578947368421,13,6,7,351.21722177423425,0.40565718157181574,0.25728992342410817,0.21222198921879437,132510.8747403049,908.0202562327008,133418.8949965376,790,4,425.95238095238096,37,5,16,33.55830670926517,0.643581081081081,42.59868421052632,1029.6052631578962,27.827169274537734,0
792,4,0,1,41,0.0,0.023809523809523808,0.9761904761904762,42,1200,1000,200,0.8333333333333334,14,10,4,353.82800718824524,0.4048223964382501,0.2569741102783567,0.21492707068829622,132708.51518015168,991.1978926208194,133699.7130727725,791,5,426.95238095238096,37,5,13,33.292429321414645,0.6455518018018017,42.40679824561404,1030.3728070175446,27.84791370317688,0
793,4,0,0,41,0.0,0.0,1.0,41,1100,900,200,0.8181818181818182,13,9,4,350.02247150752294,0.4038871951219512,0.23476160955377523,0.21357957816906162,132878.0384950178,1102.059888619585,133980.09838363738,792,6,419.219512195122,37,4,14,33.220226700698376,0.6472409909909909,42.242324561403514,1031.0307017543867,27.86569464201045,0
794,4,0,1,40,0.0,0.024390243902439025,0.975609756097561,41,800,600,200,0.75,10,6,4,351.51515151515144,0.4033790650406504,0.2336536092633652,0.21481481481481485,132934.57031250012,1145.7031250000143,134080.27343750012,793,7,420.219512195122,37,4,14,33.12500000000001,0.647804054054054,42.18750000000001,1031.250000000001,27.871621621621646,0
795,4,0,0,40,0.0,0.0,1.0,40,550,300,250,0.5454545454545454,8,3,5,358.6244831228904,0.4014556623931624,0.24157926362941118,0.21839586786585627,132803.95418645014,1525.3498853583542,134329.3040718085,794,8,430.65,36,4,14,33.07294511817619,0.6484375,42.3141891891892,1030.7432432432447,28.631756756756797,0
796,4,0,0,40,0.0,0.0,1.0,40,1050,700,350,0.6666666666666666,14,7,7,356.5384651086158,0.4017361111111111,0.1893524626209322,0.20788935119410043,131155.04017531034,1354.040484741486,132509.0806600518,795,9,431.65,36,4,19,34.78864335971856,0.6319444444444444,43.91891891891891,1024.3243243243235,28.45345345345343,4
797,4,1,1,40,0.024390243902439025,0.024390243902439025,0.975609756097561,41,1100,700,400,0.6363636363636364,15,7,8,347.0364134512997,0.40309959349593494,0.18428918209290424,0.20421226401098366,131506.13667052452,927.7118722043907,132433.8485427289,796,0,422.0975609756098,35,6,21,34.67755585646581,0.6375000000000001,43.57638888888888,1025.694444444443,29.305555555555515,0
798,4,0,0,40,0.0,0.0,1.0,40,650,300,350,0.46153846153846156,10,3,7,357.3288284055897,0.4013488247863248,0.1932441063755661,0.20945939696395735,131358.63272392293,1387.6452664399083,132746.27799036284,797,1,433.4,34,6,21,34.562623388688884,0.6381740196078431,43.720238095238095,1025.1190476190477,30.150560224089638,0
799,4,0,0,40,0.0,0.0,1.0,40,1350,1100,250,0.8148148148148148,16,11,5,357.3068030823574,0.4015357905982906,0.1941838807991878,0.20976679711773388,131417.11576485334,1391.245900848761,132808.3616657021,798,2,434.4,35,5,21,34.5041059939045,0.6366071428571429,43.66319444444444,1025.347222222222,29.295634920634914,0
800,4,0,0,40,0.0,0.0,1.0,40,1100,800,300,0.7272727272727273,14,8,6,356.73286939825243,0.4013354700854701,0.19650696959719038,0.21036849016747428,131587.96623904307,1388.3505549468377,132976.3167939899,799,3,435.4,36,4,16,34.34630300369516,0.6362847222222222,43.49662162162162,1026.0135135135133,28.50037537537537,0
801,4,1,1,40,0.024390243902439025,0.024390243902439025,0.975609756097561,41,950,700,250,0.7368421052631579,12,7,5,350.09401396426216,0.4034806910569106,0.19393459654677647,0.2079474082944354,131862.521701389,1032.8559027777872,132895.37760416677,800,0,425.7560975609756,37,4,16,34.23977349560514,0.6371058558558558,43.22916666666667,1027.0833333333342,27.75900900900903,0
802,4,0,2,38,0.0,0.05,0.95,40,950,500,450,0.5263157894736842,14,5,9,357.87724345046365,0.4013621794871795,0.19925954365949972,0.21184473709704071,131732.4334469605,1428.8080310039786,133161.24147796448,801,5,437.4,36,4,16,34.171145970454866,0.6377314814814814,43.35585585585586,1026.5765765765768,28.516016016016025,0
803,4,0,0,38,0.0,0.0,1.0,38,1000,600,400,0.6,14,6,8,370.4820453892559,0.3981004030346136,0.10421052631578931,0.21599249681784696,131150.233892747,2149.268817663393,133299.5027104104,802,39,441.0263157894737,35,3,19,34.4364406779661,0.6339285714285714,43.923611111111114,1024.305555555556,29.26587301587303,4
804,4,0,0,38,0.0,0.0,1.0,38,1500,1200,300,0.8,18,12,6,370.48053407363324,0.39770033191085824,0.11039794608472375,0.21699574138598532,131328.12500000015,2130.902777777793,133459.02777777793,803,40,442.0263157894737,36,2,21,34.25643631436314,0.6336805555555556,43.75000000000001,1025.0000000000011,28.472222222222253,0
805,4,0,0,38,0.0,0.0,1.0,38,950,600,350,0.631578947368421,13,6,7,371.9218735606717,0.3971224513987672,0.11410027623634078,0.2181874097482633,131389.1439909297,2173.299319727891,133562.4433106576,804,41,443.0263157894737,34,4,21,34.15776435980803,0.6384803921568627,43.69047619047619,1025.2380952380952,30.15406162464986,0
806,4,0,0,38,0.0,0.0,1.0,38,1350,900,450,0.6666666666666666,18,9,9,374.1743336889884,0.39713726884779516,0.11889463589018834,0.22035263252395357,131535.81700370795,2243.46533671982,133779.28234042777,805,42,444.0263157894737,35,3,21,33.951657640377604,0.637797619047619,43.5474537037037,1025.8101851851848,29.308862433862423,0
807,4,0,0,38,0.0,0.0,1.0,38,1000,500,500,0.5,15,5,10,379.34816643198127,0.3958481507823613,0.12239156755216873,0.22427063599458733,131684.26890432098,2390.8371913580268,134075.10609567902,806,43,445.0263157894737,35,3,19,33.668809201623816,0.6392857142857142,43.40277777777778,1026.388888888889,29.325396825396826,0
808,4,1,1,38,0.02564102564102564,0.02564102564102564,0.9743589743589743,39,950,600,350,0.631578947368421,13,6,7,371.6373623148855,0.398897885739991,0.11301044634377977,0.22167075611017298,132021.60564280505,2012.8322579336213,134034.43790073867,807,0,434.5897435897436,36,3,19,33.52600628241655,0.640625,43.07432432432433,1027.7027027027034,28.547297297297316,0
809,4,0,0,38,0.0,0.0,1.0,38,1350,1000,350,0.7407407407407407,17,10,7,384.09233959071815,0.3953888098624941,0.11663791110083421,0.22867791405411161,131951.69331114966,2536.326919367276,134488.02023051694,808,45,447.0263157894737,35,3,19,33.276655964852985,0.6419642857142858,43.14236111111111,1027.4305555555552,29.35515873015872,0
810,4,0,0,38,0.0,0.0,1.0,38,900,400,500,0.4444444444444444,14,4,10,380.47328258192374,0.3952999051683262,0.11081314930158381,0.2272349174586461,132070.63567654756,2449.8696577074825,134520.50533425505,809,46,448.0263157894737,35,3,19,33.24946984198477,0.6431547619047618,43.026620370370374,1027.8935185185192,29.36838624338626,0
811,4,0,0,38,0.0,0.0,1.0,38,1200,1000,200,0.8333333333333334,14,10,4,378.3522905227143,0.3949442863916548,0.10776589758019162,0.22667971013447846,132189.63162562152,2402.8499817815427,134592.48160740305,810,47,449.0263157894737,35,3,20,33.18385387356969,0.6443452380952381,42.910879629629626,1028.356481481481,29.381613756613746,0
812,4,0,0,38,0.0,0.0,1.0,38,950,800,150,0.8421052631578947,11,8,3,380.8490660047102,0.39451458036984355,0.11097162347813727,0.22871530396282852,132278.91375171463,2475.660150891623,134754.57390260627,811,48,450.0263157894737,35,3,21,33.02955295529553,0.6452380952380953,42.82407407407407,1028.7037037037032,29.39153439153438,0
813,4,1,0,39,0.02564102564102564,0.0,1.0,39,1000,600,400,0.6,14,6,8,371.9077084370972,0.3976889338731444,0.10946778808336277,0.22529657572373904,132606.53941883138,2063.5324234824984,134670.0718423139,812,0,439.46153846153845,35,4,22,32.929378769150084,0.6485119047619048,42.50578703703703,1029.9768518518513,29.427910052910036,0
814,4,0,0,39,0.0,0.0,1.0,39,850,700,150,0.8235294117647058,10,7,3,368.3327600786864,0.39774516419253264,0.10820916439630923,0.22344218098142077,132658.9004545086,1972.523790682579,134631.42424519119,813,1,440.46153846153845,36,3,19,32.968727226351845,0.6469907407407407,42.45495495495496,1030.1801801801805,28.616116116116125,0
815,4,0,0,39,0.0,0.0,1.0,39,1250,900,350,0.72,16,9,7,368.8131264371555,0.39664867296446243,0.10402066071718674,0.2247746577500483,132832.97444403882,1998.1089197305591,134831.08336376937,814,2,441.46153846153845,36,3,19,32.781206758429825,0.6487268518518519,42.286036036036045,1030.8558558558573,28.634884884884926,0
816,4,1,0,40,0.025,0.0,1.0,40,1000,700,300,0.7,13,7,6,372.90684282840044,0.39937232905982906,0.14735919607384895,0.20968047049444463,129746.60572562342,1701.8206947984734,131448.4264204219,815,0,431.4,34,6,16,35.79959297343616,0.621936274509804,45.29761904761904,1018.8095238095225,29.964985994397722,8
817,4,1,0,41,0.024390243902439025,0.0,1.0,41,1500,1100,400,0.7333333333333333,19,11,8,364.85344027013883,0.4027439024390244,0.14855573884835538,0.20662522594218902,130026.38996056227,1288.115140603547,131314.50510116582,816,0,421.8536585365854,35,6,17,35.72022998940837,0.6226190476190477,45.02314814814814,1019.9074074074063,29.140211640211607,0
818,4,0,0,41,0.0,0.0,1.0,41,900,700,200,0.7777777777777778,11,7,4,363.81792624532335,0.40284552845528454,0.14822295698850363,0.206507084343369,130114.93866008641,1267.6294313700046,131382.5680914564,817,1,422.8536585365854,35,6,17,35.65666950274153,0.6235119047619049,44.93634259259258,1020.2546296296282,29.150132275132233,0
819,4,1,0,42,0.023809523809523808,0.0,1.0,42,1250,900,350,0.72,16,9,7,354.62079482200744,0.40582655826558267,0.14386014661709434,0.20250008611120668,130348.82010388764,844.8804378702982,131193.70054175795,818,0,413.76190476190476,36,6,18,35.65399389795617,0.6238425925925927,44.707207207207205,1021.171171171171,28.36586586586586,0
820,4,0,0,42,0.0,0.0,1.0,42,1150,900,250,0.782608695652174,14,9,5,354.8056761781571,0.40565718157181574,0.13932679234189593,0.20305629581148643,130435.08193582078,855.8214887184288,131290.9034245392,819,1,414.76190476190476,36,6,19,35.56181788115973,0.6247106481481483,44.62274774774774,1021.5090090090075,28.375250250250208,0
821,4,2,3,41,0.045454545454545456,0.06818181818181818,0.9318181818181819,44,950,700,250,0.7368421052631579,12,7,5,337.47110331032604,0.41411205073995777,0.11861863957350582,0.1885323127755971,129492.78564453113,-56.938597037719575,129435.84704749341,820,0,396.8636363636364,39,5,16,36.959817316548964,0.6097756410256412,45.54687499999999,1017.8124999999991,26.097756410256387,5
822,4,1,1,41,0.023809523809523808,0.023809523809523808,0.9761904761904762,42,900,600,300,0.6666666666666666,12,6,6,349.4757905534346,0.4069517034456059,0.12513920321873817,0.1947619135462652,129396.54659366321,644.1920831409425,130040.73867680415,821,0,416.5952380952381,37,5,20,36.75223174192621,0.6123310810810811,45.64144736842104,1017.434210526314,27.498221906116594,0
823,4,0,0,41,0.0,0.0,1.0,41,850,500,350,0.5882352941176471,12,5,7,355.90584917635636,0.4038109756097561,0.13026312946920426,0.1979397555271458,129315.90374157931,1004.8573066309406,130320.76104821026,822,2,427.7560975609756,36,5,20,36.67077243873633,0.613425925925926,45.72072072072071,1017.1171171171163,28.25325325325323,0
824,4,0,0,41,0.0,0.0,1.0,41,750,300,450,0.4,12,3,9,357.76861121464236,0.40335365853658534,0.13254687057108505,0.19941020372142465,129401.82317029868,1059.182112856098,130461.00528315478,823,3,428.7560975609756,36,5,20,36.53592510606897,0.6142939814814815,45.63626126126126,1017.454954954955,28.26263763763764,0
825,4,0,0,41,0.0,0.0,1.0,41,850,500,350,0.5882352941176471,12,5,7,352.4585892996183,0.4038109756097561,0.1540944078642308,0.18656591802777386,127340.9020684249,779.3323007524531,128120.23436917736,824,4,429.7560975609756,37,4,15,38.776367010682584,0.5914977477477477,47.66995614035088,1009.3201754385965,27.278923660502606,6
826,4,4,2,43,0.08888888888888889,0.044444444444444446,0.9555555555555556,45,1450,1100,350,0.7586206896551724,18,11,7,329.1716429981478,0.41542508417508417,0.16331577301484224,0.17824663763287718,128255.57503270217,-546.2690443213492,127709.30598838082,825,0,392.46666666666664,37,8,17,38.42958432561161,0.6007882882882885,46.76535087719297,1012.9385964912265,27.376718824087202,0
827,4,1,1,43,0.022727272727272728,0.022727272727272728,0.9772727272727273,44,1100,900,200,0.8181818181818182,13,9,4,335.27034116963773,0.41309901338971106,0.17051898951709932,0.1813040395753789,128201.5477259353,-203.5646710900187,127997.98305484529,826,0,402.3636363636364,36,8,17,38.33027539938471,0.6021412037037038,46.81869369369369,1012.7252252252246,28.131256256256236,0
828,4,2,2,43,0.044444444444444446,0.044444444444444446,0.9555555555555556,45,1100,900,200,0.8181818181818182,13,9,4,328.1533330209224,0.41378367003367006,0.1644737632625597,0.17881166001440596,128505.59937913588,-566.0918503770407,127939.50752875884,827,0,394.3777777777778,37,8,16,38.20056504812371,0.6033220720720721,46.51864035087719,1013.9254385964912,27.4033902323376,0
829,4,1,1,43,0.022727272727272728,0.022727272727272728,0.9772727272727273,44,1350,1100,250,0.8148148148148148,16,11,5,333.8461753370764,0.411436310782241,0.1685433540021415,0.1816979002650761,128458.27880245096,-222.93898628359045,128235.33981616737,828,0,404.3181818181818,36,8,16,38.104495297341344,0.6047453703703705,46.56531531531531,1013.7387387387377,28.159409409409378,0
830,4,2,1,44,0.044444444444444446,0.022222222222222223,0.9777777777777777,45,1150,900,250,0.782608695652174,14,9,5,325.1337796768662,0.4153619528619528,0.170897354942819,0.17857925864101606,128821.50472094365,-623.1554532836795,128198.34926765997,829,0,396.2888888888889,38,7,17,37.95560583736756,0.6047149122807018,46.20726495726495,1015.1709401709387,26.715024741340493,0
831,4,0,0,44,0.0,0.0,1.0,44,900,600,300,0.6666666666666666,12,6,6,330.67773898846,0.4120969873150106,0.17108442610873742,0.1811973045789339,128728.04763244446,-286.5000529009079,128441.54757954355,830,1,406.29545454545456,37,7,17,37.910026112011515,0.6055743243243243,46.29934210526315,1014.8026315789463,27.42709815078233,0
832,4,0,0,44,0.0,0.0,1.0,44,1150,800,350,0.6956521739130435,15,8,7,331.22338305676243,0.41187676180408733,0.17078090339804852,0.18238947525991292,128922.84765504782,-259.5476492766859,128663.30000577113,831,2,407.29545454545456,37,7,17,37.697941409342825,0.607545045045045,46.107456140350884,1015.5701754385974,27.44784257942155,0
833,4,0,0,44,0.0,0.0,1.0,44,1300,900,400,0.6923076923076923,17,9,8,333.35264354644283,0.4114583333333333,0.1681249264330833,0.18433844274394007,129089.93632656214,-193.50569405969816,128896.43063250244,832,3,408.29545454545456,37,7,17,37.473924615163284,0.6092342342342342,45.942982456140356,1016.2280701754395,27.46562351825512,0
834,4,1,0,45,0.022222222222222223,0.0,1.0,45,1250,1100,150,0.88,14,11,3,334.35790595053055,0.41439393939393937,0.1805698122676156,0.18320105285545915,128725.26584201367,-372.70124581604534,128352.56459619763,833,0,400.2,39,6,16,37.81949291726545,0.6020299145299146,46.30208333333332,1014.7916666666649,26.020299145299102,3
835,4,0,0,45,0.0,0.0,1.0,45,950,600,350,0.631578947368421,13,6,7,335.6943600137969,0.4135942760942761,0.18088756654469207,0.1845466963933716,128857.43408203124,-348.65722656250045,128508.77685546874,834,1,401.2,39,6,16,37.65100800246229,0.6033653846153847,46.171875,1015.3124999999999,26.033653846153843,0
836,4,1,0,46,0.021739130434782608,0.0,1.0,46,1000,600,400,0.6,14,6,8,365.16613294977117,0.4155394524959742,0.2662357523907193,0.19038273145051185,126724.65820312501,63.18901909722342,126787.84722222223,835,0,393.45652173913044,39,7,16,39.08933374715497,0.5817307692307693,48.28125,1006.8750000000001,25.817307692307697,4
837,4,0,1,45,0.0,0.021739130434782608,0.9782608695652174,46,850,500,350,0.5882352941176471,12,5,7,362.29901939458034,0.4158011272141707,0.2563535986117167,0.18949669099864735,126855.79562717021,-8.05392795137982,126847.74169921884,836,1,394.45652173913044,39,7,18,39.02657860269534,0.5830662393162394,48.15104166666667,1007.395833333334,25.830662393162413,0
838,4,0,0,45,0.0,0.0,1.0,45,1700,1400,300,0.8235294117647058,20,14,6,369.67967221959816,0.41542508417508417,0.26025579205988425,0.19423234895446623,127039.50195312485,392.78428819442917,127432.28624131928,837,2,401.4222222222222,39,6,18,38.651667011090446,0.5849358974358976,47.96874999999999,1008.1249999999989,25.849358974358946,0
839,4,5,4,46,0.1,0.08,0.92,50,1050,800,250,0.7619047619047619,13,8,5,342.9194500157763,0.4317431972789116,0.24849868962935284,0.18429333017950444,127952.84162649201,-1224.4855336030946,126728.35609288892,838,0,362.18,43,7,16,38.39074004742292,0.5881782945736436,47.06439393939393,1011.7424242424228,23.52889358703309,0
840,4,1,2,45,0.02127659574468085,0.0425531914893617,0.9574468085106383,47,1650,1200,450,0.7272727272727273,21,12,9,348.576299969788,0.4245104841196423,0.24676343664182032,0.18705705023641872,127893.53820231787,-483.8687326782702,127409.6694696396,839,0,386.27659574468083,41,6,14,38.30832352556557,0.5904471544715447,47.123015873015866,1011.5079365079357,24.67092528068136,1
841,4,0,0,45,0.0,0.0,1.0,45,900,600,300,0.6666666666666666,12,6,6,361.3835561444067,0.41788720538720536,0.2588690742076989,0.1927312742252277,127644.04432508688,225.6917317708435,127869.73605685773,840,1,404.2,39,6,14,38.240151358966436,0.5910790598290598,47.36979166666667,1010.520833333334,25.910790598290617,0
842,4,0,1,44,0.0,0.022222222222222223,0.9777777777777777,45,1150,900,250,0.782608695652174,14,9,5,361.798127065568,0.41784511784511785,0.2642127912832488,0.19383753960002953,127828.3203125,249.60937499999937,128077.9296875,841,2,405.2,39,6,15,38.0407911001236,0.5929487179487181,47.1875,1011.25,25.92948717948718,0
843,4,2,0,46,0.043478260869565216,0.0,1.0,46,950,400,550,0.42105263157894735,15,4,11,350.2990331811186,0.4234702093397746,0.26000894154465204,0.18978596644492332,128276.40109591995,-212.5895182291855,128063.81157769077,842,0,379.1304347826087,39,7,17,37.87328620394172,0.5974893162393163,46.74479166666666,1013.0208333333318,25.974893162393123,0
844,4,1,1,46,0.02127659574468085,0.02127659574468085,0.9787234042553191,47,800,400,400,0.5,12,4,8,372.0862980341078,0.424722479185939,0.25141334093261647,0.1945501683953825,126842.05424067772,90.37197706049585,126932.42621773822,843,0,372.0425531914894,41,6,14,38.79423544087715,0.5797764227642277,48.16468253968254,1007.3412698412695,24.569299264421208,8
845,4,1,0,47,0.02127659574468085,0.0,1.0,47,1550,1200,350,0.7741935483870968,19,12,7,375.18970241978013,0.4237974098057354,0.2677938926926626,0.19714513454421176,127043.16522444568,133.0574710053489,127176.22269545103,844,0,373.0,42,5,16,38.50902697680379,0.5803571428571428,47.96511627906977,1008.1395348837212,24.00332225913622,0
846,4,2,2,47,0.04081632653061224,0.04081632653061224,0.9591836734693877,49,1450,1000,450,0.6896551724137931,19,10,9,357.8833601540483,0.4283056972789116,0.2470334345630798,0.19031582218143836,127527.89680621638,-671.9399976834488,126855.95680853292,845,0,358.734693877551,40,9,13,38.4476556997686,0.5882812500000001,47.48475609756097,1010.0609756097548,25.25152439024387,0
847,4,4,5,46,0.0784313725490196,0.09803921568627451,0.9019607843137255,51,1100,800,300,0.7272727272727273,14,8,6,340.7792798741868,0.4316993464052288,0.2281592135082513,0.1833466264670856,127997.40780489445,-1476.2271084970955,126521.18069639735,846,0,345.5882352941176,42,9,13,38.399326502601426,0.590029761904762,47.0203488372093,1011.9186046511621,24.093300110741957,0
848,4,1,1,46,0.02127659574468085,0.02127659574468085,0.9787234042553191,47,1200,800,400,0.6666666666666666,16,8,8,368.1209577675285,0.42370104841196427,0.24700291608165048,0.1959995369735216,127577.25180802081,-7.227975016461272,127570.02383300435,847,0,375.93617021276594,38,9,14,38.13848350253807,0.5921052631578949,47.435897435897424,1010.2564102564085,26.585695006747592,0
849,4,3,0,49,0.061224489795918366,0.0,1.0,49,1350,900,450,0.6666666666666666,18,9,9,359.87622175933325,0.42883715986394555,0.2689615086540944,0.1947275446505982,128225.67389875084,-568.4089414858606,127657.26495726498,848,0,361.53061224489795,38,11,17,37.682621308016884,0.5986842105263158,46.794871794871796,1012.820512820513,26.6531713900135,0
850,4,0,0,49,0.0,0.0,1.0,49,950,700,250,0.7368421052631579,12,7,5,363.8609632722275,0.4285359977324263,0.266823338003344,0.19728379157864695,128306.84222961872,-462.82975838263803,127844.01247123608,849,1,362.53061224489795,38,11,17,37.49868185173467,0.5995065789473684,46.71474358974359,1013.141025641026,26.661605937921735,0
851,4,0,1,48,0.0,0.02040816326530612,0.9795918367346939,49,1400,800,600,0.5714285714285714,20,8,12,360.5918587155527,0.42803996598639454,0.2674422356694339,0.19604211825985363,128415.1066207355,-538.9116032946308,127876.19501744087,850,2,363.53061224489795,38,11,15,37.47079336636099,0.6006030701754386,46.607905982905976,1013.5683760683751,26.672852001799345,0
852,4,1,1,48,0.02040816326530612,0.02040816326530612,0.9795918367346939,49,1150,1000,150,0.8695652173913043,13,10,3,357.6928740244928,0.42904974489795916,0.25996066673114737,0.1955264155936995,128631.77237426031,-597.8663297172977,128033.90604454301,851,0,364.0,38,11,16,37.32293312269615,0.602796052631579,46.39423076923077,1014.4230769230766,26.695344129554645,0
853,4,1,0,49,0.02040816326530612,0.0,1.0,49,1350,900,450,0.6666666666666666,18,9,9,362.73482189085075,0.426374716553288,0.2741279650477184,0.19909552529087055,128794.39153928318,-456.3578648915353,128338.03367439166,852,0,364.9795918367347,38,11,18,37.02899694768972,0.6044407894736843,46.23397435897435,1015.0641025641012,26.712213225371084,0
854,4,2,0,51,0.0392156862745098,0.0,1.0,51,1100,800,300,0.7272727272727273,14,8,6,357.643772877188,0.4278267973856209,0.2979557097204155,0.19939865145344593,129413.28125000003,-942.5871137409581,128470.69413625907,853,0,351.62745098039215,39,12,20,36.52743652743653,0.608974358974359,45.625,1017.5000000000002,26.089743589743595,0
855,4,1,2,50,0.019230769230769232,0.038461538461538464,0.9615384615384616,52,750,600,150,0.8,9,6,3,356.04919022474996,0.4296442936148819,0.30087913184291515,0.19992610832619984,129692.62390318252,-1164.6092562297686,128528.01464695275,854,0,345.84615384615387,40,12,13,36.28383883734078,0.6101562500000001,45.350609756097555,1018.5975609756089,25.464939024390222,0
856,4,2,0,52,0.038461538461538464,0.0,1.0,52,1100,700,400,0.6363636363636364,15,7,8,354.1297355186062,0.43139611613876316,0.3053792029022613,0.19948486494103776,129817.8362647225,-1205.528795595234,128612.30746912726,855,0,346.78846153846155,42,10,15,36.20546892333049,0.6083829365079365,45.227713178294564,1019.0891472868202,24.264027316352863,0
857,4,0,1,51,0.0,0.019230769230769232,0.9807692307692307,52,1600,1100,500,0.6875,21,11,10,356.77781085169914,0.43108188788335844,0.3016147192793899,0.20148466709451007,129916.60399202257,-1129.7276868878225,128786.87630513475,856,1,347.78846153846155,42,10,17,36.03764692836548,0.6093750000000002,45.130813953488364,1019.4767441860454,24.27325581395346,0
858,4,0,1,50,0.0,0.0196078431372549,0.9803921568627451,51,1400,1000,400,0.7142857142857143,18,10,8,360.58880785832685,0.4294281045751634,0.2977384081248582,0.20319960631533662,129832.53146455319,-836.7684515936286,128995.76301295956,857,2,355.52941176470586,41,10,17,36.02597018073265,0.6100101626016261,45.21329365079364,1019.1468253968236,24.857239643824965,0
859,4,0,0,50,0.0,0.0,1.0,50,1300,900,400,0.6923076923076923,17,9,8,366.41202001766436,0.4276955782312925,0.29403270841643425,0.20642582790658068,129822.05119307281,-486.32799590191786,129335.7231971709,858,3,363.46,40,10,18,35.888262863980856,0.6114583333333334,45.22357723577235,1019.1056910569098,25.477642276422745,0
860,4,0,1,49,0.0,0.02,0.98,50,950,800,150,0.8421052631578947,11,8,3,365.8810209451411,0.42754251700680274,0.2895034895314066,0.20639969854216883,129873.8401827614,-496.32535197304753,129377.51483078835,859,4,364.46,40,10,18,35.84911930874044,0.6119791666666667,45.17276422764227,1019.3089430894294,25.482723577235735,0
861,4,0,1,48,0.0,0.02040816326530612,0.9795918367346939,49,750,200,550,0.26666666666666666,13,2,11,370.19697743950076,0.42621527777777773,0.28258034631908235,0.20821717287727162,129757.97661675335,-192.7978515625081,129565.17876519084,860,5,372.55102040816325,39,10,18,35.85704000954232,0.6124465811965812,45.28645833333333,1018.8541666666656,26.124465811965784,0
862,4,1,1,48,0.02040816326530612,0.02040816326530612,0.9795918367346939,49,1400,1300,100,0.9285714285714286,15,13,2,363.57462384395006,0.4276325113378685,0.2809066227387813,0.2057795459827434,130003.35784131473,-346.81561487870727,129656.54222643602,861,0,370.83673469387753,40,9,18,35.776241488124896,0.61328125,45.045731707317074,1019.8170731707321,25.495426829268304,0
863,4,0,0,48,0.0,0.0,1.0,48,1500,1200,300,0.8,18,12,6,375.2285497987504,0.42507018321513,0.2825362577877646,0.21248483117869077,130023.43885633674,157.7012803819391,130181.14013671868,862,7,379.5625,39,9,18,35.458690804480305,0.6151175213675215,45.026041666666664,1019.8958333333328,26.1511752136752,0
864,4,0,0,48,0.0,0.0,1.0,48,1350,1000,350,0.7407407407407407,17,10,7,373.2584071637501,0.42426677009456265,0.28339268519440886,0.21182256356794144,130107.01844346935,112.70769300679635,130219.72613647615,863,8,380.5625,40,8,18,35.42393000630872,0.6143229166666667,44.944105691056905,1020.2235772357712,25.505589430894283,0
865,4,0,0,48,0.0,0.0,1.0,48,1200,900,300,0.75,15,9,6,377.7934905793765,0.4243129432624113,0.2858479372033589,0.21496770684921687,130210.72035701304,238.55251090620803,130449.27286791925,864,9,381.5625,40,8,19,35.20279464967307,0.6153645833333334,44.84247967479675,1020.6300813008131,25.51575203252033,0
866,4,1,1,48,0.02040816326530612,0.02040816326530612,0.9795918367346939,49,950,600,350,0.631578947368421,13,6,7,369.0818726029006,0.42633928571428575,0.290374253677006,0.2117364427037694,130528.5644531251,-164.8339450000684,130363.73050812504,865,0,374.7551020408163,39,10,15,35.10236153584779,0.6201923076923077,44.53125000000001,1021.8750000000008,26.201923076923098,0
867,4,0,1,47,0.0,0.020833333333333332,0.9791666666666666,48,1200,700,500,0.5833333333333334,17,7,10,369.9332412682953,0.4257997192671395,0.2818646183633957,0.2126628527572221,130608.41064453124,63.27853732638823,130671.68918185763,866,1,365.7083333333333,39,9,16,34.99959662352663,0.6209935897435896,44.453125,1022.1874999999999,26.209935897435894,0
868,4,0,0,47,0.0,0.0,1.0,47,1000,500,500,0.5,15,5,10,373.739153437495,0.4258788159111933,0.2863724393709295,0.21505171131950634,130644.58832137122,365.39956808386984,131009.9878894551,867,2,371.8723404255319,38,9,17,34.86562510885846,0.6230811403508771,44.417735042735046,1022.3290598290603,26.90339631129106,0
869,4,0,0,47,0.0,0.0,1.0,47,900,600,300,0.6666666666666666,12,6,6,378.8149868449118,0.4257246376811594,0.28686346831481857,0.21851971450313437,130741.54188368068,505.3710937500105,131246.91297743068,868,3,372.8723404255319,39,8,18,34.63748557072044,0.6223290598290598,44.32291666666667,1022.7083333333344,26.223290598290625,0
870,4,2,1,48,0.04081632653061224,0.02040816326530612,0.9795918367346939,49,950,500,450,0.5263157894736842,14,5,9,364.66302786555605,0.4281816893424036,0.28228294707713597,0.21259998660146046,131150.23389274685,-234.87172067902065,130915.36217206783,869,0,358.61224489795916,41,8,19,34.58545197740112,0.6232215447154472,43.92361111111111,1024.305555555555,24.98306233062329,0
871,4,0,1,47,0.0,0.020833333333333332,0.9791666666666666,48,1450,1000,450,0.6896551724137931,19,10,9,382.9514539029083,0.4275081264775414,0.24790682414698217,0.2136855652270179,129445.89548405634,320.4475023284923,129766.34298638483,870,1,367.0833333333333,38,10,14,35.85039370078741,0.6110197368421053,45.59294871794871,1017.6282051282035,26.779689608636932,6
872,4,0,0,47,0.0,0.0,1.0,47,1100,800,300,0.7272727272727273,14,8,6,396.3627451212536,0.42360468701819304,0.2689442389066923,0.221362154044252,129480.23069598309,864.2279355185879,130344.45863150168,871,2,375.5744680851064,37,10,15,35.47412554765495,0.6131756756756758,45.55921052631577,1017.7631578947345,27.507112375533364,0
873,4,0,0,47,0.0,0.0,1.0,47,1200,800,400,0.6666666666666666,16,8,8,380.46252176160993,0.42360468701819304,0.22517639840474524,0.21370149341222164,129704.91672091997,469.57194010414776,130174.48866102411,872,3,376.5744680851064,39,8,15,35.649627603367755,0.6119123931623933,45.33854166666666,1018.6458333333319,26.119123931623896,1
874,4,0,0,47,0.0,0.0,1.0,47,1600,1200,400,0.75,20,12,8,373.6552917596426,0.42360468701819304,0.2176182473928725,0.2110192925823208,129917.22140842004,308.85145399304656,130226.07286241309,873,4,377.5744680851064,39,8,16,35.60686369674057,0.6140491452991453,45.13020833333333,1019.4791666666658,26.14049145299143,0
875,4,0,0,47,0.0,0.0,1.0,47,1400,1000,400,0.7142857142857143,18,10,8,374.5919674760663,0.42310360777058276,0.22149710057352512,0.21201525062731658,130003.35784131454,339.6427184546111,130343.00055976915,874,5,378.5744680851064,40,7,16,35.49534960969939,0.61328125,45.04573170731707,1019.8170731707305,25.49542682926826,0
876,4,2,1,48,0.04081632653061224,0.02040816326530612,0.9795918367346939,49,1300,800,500,0.6153846153846154,18,8,10,364.8981298352789,0.4281994047619047,0.23020034632772823,0.2090211338594905,130470.15587819747,-277.82043178664026,130192.33544641084,875,0,364.0816326530612,40,9,17,35.268493650319975,0.6179687500000001,44.58841463414634,1021.6463414634144,25.54115853658536,0
877,4,0,1,47,0.0,0.020833333333333332,0.9791666666666666,48,1300,900,400,0.6923076923076923,17,9,8,367.1545024125198,0.42524564125295505,0.23361501988375655,0.21019756013774546,130448.74267578124,-21.03135850694406,130427.7113172743,876,1,372.6666666666667,39,9,17,35.23259321573027,0.6193910256410258,44.609375,1021.5624999999999,26.193910256410252,0
878,4,0,1,46,0.0,0.02127659574468085,0.9787234042553191,47,1400,1000,400,0.7142857142857143,18,10,8,368.4328019181112,0.42443339500462535,0.24008789996485813,0.21155031111336456,130562.68376981522,220.7150814522667,130783.39885126748,877,2,380.29787234042556,38,9,15,35.08432643389783,0.6222587719298245,44.49786324786325,1022.0085470085473,26.894961763382824,0
879,4,0,0,46,0.0,0.0,1.0,46,1250,900,350,0.72,16,9,7,374.41273415139165,0.4226046698872786,0.24501369338938228,0.21471706274195818,130514.55886667062,573.2625663665874,131087.8214330372,878,3,389.30434782608694,37,9,16,34.98039399792539,0.6235923423423422,44.544956140350884,1021.8201754385973,27.616761498340466,0
880,4,0,0,46,0.0,0.0,1.0,46,1750,1400,350,0.8,21,14,7,370.9495779326066,0.422091384863124,0.2393893962109852,0.21359732014530983,130671.89554569377,494.5369000657641,131166.43244575954,879,4,390.30434782608694,38,8,17,34.90922152560085,0.6233552631578946,44.39102564102565,1022.4358974358986,26.906207827260488,0
881,4,0,1,45,0.0,0.021739130434782608,0.9782608695652174,46,1150,900,250,0.782608695652174,14,9,5,367.3174729719503,0.4220410628019324,0.21959645898229896,0.20609990993770474,129663.42872242317,338.49806413909334,130001.92678656225,880,5,391.30434782608694,38,8,16,36.02660932200426,0.6132127192982456,45.379273504273506,1018.4829059829063,26.80218173639227,5
882,4,1,0,46,0.021739130434782608,0.0,1.0,46,950,600,350,0.631578947368421,13,6,7,366.76525910632733,0.42158816425120776,0.24241078140590178,0.20722562863538682,129935.60209155163,331.1729536489174,130266.77504520054,881,0,390.9782608695652,38,8,17,35.76377973383634,0.615953947368421,45.11217948717949,1019.5512820512822,26.830296896086374,0
883,4,1,1,46,0.02127659574468085,0.02127659574468085,0.9787234042553191,47,950,700,250,0.7368421052631579,12,7,5,363.22987461646665,0.4251850138760407,0.24903910046774635,0.2066740018288119,130209.423828125,59.1905381944448,130268.61436631944,882,0,383.63829787234044,39,8,18,35.575712730489215,0.6169871794871795,44.84375,1020.625,26.169871794871796,0
884,4,0,0,46,0.0,0.0,1.0,46,1100,700,400,0.6363636363636364,15,7,8,365.0139754069822,0.4231682769726248,0.2634225591830417,0.2078273850439993,130235.32238476149,307.5425524143467,130542.86493717584,883,1,392.2391304347826,38,8,19,35.50389016816692,0.6189692982456141,44.81837606837607,1020.7264957264957,26.86122357174989,0
885,4,0,0,46,0.0,0.0,1.0,46,1450,1100,350,0.7586206896551724,18,11,7,370.8687888368111,0.42411433172302737,0.2543099730716527,0.21272208532902798,130521.37230135535,481.26635968154727,131002.6386610369,884,2,393.2391304347826,36,10,15,35.06401072661817,0.6255787037037037,44.538288288288285,1021.8468468468465,28.384634634634622,0
886,4,1,2,45,0.02127659574468085,0.0425531914893617,0.9574468085106383,47,1000,700,300,0.7,13,7,6,363.23988656939827,0.4251079247610237,0.25718851661115627,0.21043562143713165,130906.99932912034,110.12871748998151,131017.12804661032,885,0,385.8510638297872,37,10,15,34.86809796778457,0.6275337837837839,44.16118421052631,1023.3552631578934,27.65825035561874,0
887,4,1,0,46,0.021739130434782608,0.0,1.0,46,1200,1100,100,0.9166666666666666,13,11,2,370.86563533764473,0.4238929146537842,0.2732496657489327,0.21485344348890348,130906.99932912036,509.78149526775815,131416.78082438812,886,0,394.8695652173913,37,9,16,34.67300171434694,0.6275337837837839,44.16118421052631,1023.3552631578935,27.658250355618744,0
888,4,0,0,46,0.0,0.0,1.0,46,1300,1100,200,0.8461538461538461,15,11,4,373.82468798860623,0.42322866344605475,0.28374736880307716,0.2173990175778402,131054.4963109067,598.2812385857419,131652.77754949246,887,1,395.8695652173913,38,8,17,34.44782102114636,0.6271929824561402,44.017094017094024,1023.931623931625,26.945569050832237,0
889,4,1,0,47,0.02127659574468085,0.0,1.0,47,1150,800,350,0.6956521739130435,15,8,7,371.66711303736435,0.42549337033610857,0.29185608672380625,0.21785484417122516,131356.983567182,365.0702425098169,131722.05380969183,888,0,388.4255319148936,36,11,19,34.19683071514884,0.6339699074074074,43.721846846846844,1025.1126126126123,28.475350350350343,0
890,4,2,3,46,0.04081632653061224,0.061224489795918366,0.9387755102040817,49,950,600,350,0.631578947368421,13,6,7,360.75527444058605,0.42699475623582767,0.29300928106738633,0.21497795722240123,131985.99810979617,-277.0710059171614,131708.92710387902,889,0,373.53061224489795,38,11,15,33.84149511332916,0.6365131578947368,43.10897435897436,1027.5641025641025,27.04116059379217,0
891,4,0,0,46,0.0,0.0,1.0,46,1450,900,550,0.6206896551724138,20,9,11,377.8133769306644,0.4221719001610306,0.3174237259043471,0.22415616032730826,131819.15181651243,760.6077783864966,132579.75959489893,890,1,397.4782608695652,36,10,16,33.57184632817926,0.6385995370370371,43.2713963963964,1026.9144144144143,28.525400400400397,0
892,4,0,0,46,0.0,0.0,1.0,46,1500,1100,400,0.7333333333333333,19,11,8,376.6623717327967,0.4221316425120773,0.3168119655739079,0.22356272329843907,131834.3685076175,731.4091835949307,132565.77769121242,891,2,398.4782608695652,37,9,16,33.586020357320805,0.6368243243243243,43.25657894736841,1026.9736842105247,27.75604551920337,0
893,4,1,1,46,0.02127659574468085,0.02127659574468085,0.9787234042553191,47,850,700,150,0.8235294117647058,10,7,3,366.89119919042065,0.42237126117792173,0.32107875103619854,0.21974659565698762,132178.18737900833,299.00273486007313,132477.19011386842,892,0,390.97872340425533,38,9,19,33.4900432900433,0.6384320175438598,42.92200854700853,1028.311965811963,27.060841205577976,0
894,4,0,0,46,0.0,0.0,1.0,46,900,500,400,0.5555555555555556,13,5,8,367.2972584798466,0.42219202898550723,0.30523527578684995,0.2203097013947338,132233.12428090046,513.7728057198942,132746.89708662036,893,1,381.17391304347825,38,8,19,33.42422353796614,0.6389802631578949,42.86858974358973,1028.5256410256388,27.06646423751681,0
895,4,0,0,46,0.0,0.0,1.0,46,1200,800,400,0.6666666666666666,16,8,8,369.6450927300786,0.421688808373591,0.3044832723825004,0.22220238720291227,132315.55103550284,581.9588264299697,132897.5098619328,894,2,382.17391304347825,38,8,19,33.280763239875384,0.6398026315789473,42.78846153846153,1028.846153846153,27.074898785425077,0
896,4,0,0,46,0.0,0.0,1.0,46,1000,600,400,0.6,14,6,8,369.5236943277517,0.42160829307568437,0.30471446309676264,0.22296768910115478,132457.56842635447,589.3190516665691,133046.88747802103,895,3,383.17391304347825,35,11,19,33.14078779701671,0.6470238095238096,42.650462962962955,1029.3981481481471,29.411375661375633,0
897,4,0,1,45,0.0,0.021739130434782608,0.9782608695652174,46,1100,700,400,0.6363636363636364,15,7,8,368.82163560088844,0.42146739130434785,0.2993265927449895,0.22307315376893969,132546.94097490126,577.2359128514886,133124.17688775275,896,4,384.17391304347825,35,11,19,33.06884811359634,0.6479166666666667,42.5636574074074,1029.745370370369,29.42129629629626,0
898,4,0,0,45,0.0,0.0,1.0,45,800,500,300,0.625,11,5,6,367.38189622522435,0.4211489898989899,0.28873907615480676,0.2227315310902243,132636.3436642659,745.6382887516916,133381.9819530176,897,5,385.1333333333333,35,10,17,33.015917602996254,0.648809523809524,42.47685185185184,1030.092592592591,29.431216931216888,0
899,4,0,0,45,0.0,0.0,1.0,45,950,700,250,0.7368421052631579,12,7,5,366.7746628484618,0.42110690235690235,0.284866868891136,0.22253996414547741,132666.1512586804,731.7165798610913,133397.86783854148,898,6,386.1333333333333,35,10,17,33.00155881361645,0.6491071428571429,42.44791666666666,1030.208333333332,29.434523809523768,0
900,4,0,0,45,0.0,0.0,1.0,45,1000,800,200,0.8,12,8,4,368.49485255120226,0.4215277777777778,0.29122491764001235,0.22411736114179648,132755.5941358023,783.9506172839267,133539.54475308623,899,7,387.1333333333333,35,10,17,32.867250673854436,0.6500000000000001,42.3611111111111,1030.555555555554,29.4444444444444,0
901,4,0,0,45,0.0,0.0,1.0,45,1300,1000,300,0.7692307692307693,16,10,6,367.55459483063817,0.4217382154882155,0.28295891741003665,0.2241813668004327,132861.99787202754,766.8075592484493,133628.80543127598,900,8,388.1333333333333,36,9,17,32.78445294010559,0.6490162037037037,42.25788288288289,1030.9684684684694,28.638013013013037,0
902,4,0,0,45,0.0,0.0,1.0,45,1100,500,600,0.45454545454545453,17,5,12,365.95775001493126,0.4220328282828283,0.2802277506083588,0.223810051797168,132962.84072983995,731.7564058171761,133694.59713565712,901,9,389.1333333333333,37,8,17,32.72423630306897,0.6480855855855856,42.16008771929825,1031.359649122807,27.874585111427216,0
903,4,1,0,46,0.021739130434782608,0.0,1.0,46,1300,900,400,0.6923076923076923,17,9,8,358.39520401705687,0.4239231078904992,0.2792853159684121,0.22154506601258983,133361.8461903718,359.2492146979299,133721.09540506973,902,0,381.6521739130435,38,8,19,32.51879051165357,0.6502192982456141,41.77350427350427,1032.9059829059827,27.181736392262703,0
904,4,0,0,46,0.0,0.0,1.0,46,1200,500,700,0.4166666666666667,19,5,14,361.3018874160159,0.423419887278583,0.28515328211191715,0.2238405223062324,133444.62393390667,442.75889856817804,133887.38283247483,903,1,382.6521739130435,38,8,19,32.36070899252058,0.6510416666666667,41.69337606837606,1033.2264957264947,27.190170940170912,0
905,4,0,0,46,0.0,0.0,1.0,46,1500,1200,300,0.8,18,12,6,361.9038603531221,0.4235205314009662,0.28300053104006495,0.22457213056349382,133503.88259623712,463.12836458444065,133967.01096082156,904,2,383.6521739130435,33,13,20,32.285737578560415,0.6619318181818181,41.63602941176471,1033.455882352942,31.316844919786117,0
906,4,0,0,46,0.0,0.0,1.0,46,1350,800,550,0.5925925925925926,19,8,11,360.81287482311706,0.42290660225442833,0.28328868740984947,0.22524117333632468,133725.61034217622,449.9843810073209,134175.59472318355,905,3,384.6521739130435,33,13,18,32.09172590837284,0.664141414141414,41.42156862745099,1034.3137254901972,31.342840166369612,0
907,4,0,0,46,0.0,0.0,1.0,46,750,300,450,0.4,12,3,9,360.81287482311706,0.42290660225442833,0.28328868740984947,0.22524117333632468,133725.61034217622,449.9843810073209,134175.59472318355,906,4,385.6521739130435,33,13,18,32.09172590837284,0.664141414141414,41.42156862745099,1034.3137254901972,31.342840166369612,0
908,4,0,0,46,0.0,0.0,1.0,46,1350,900,450,0.6666666666666666,18,9,9,359.9093188398215,0.4225241545893719,0.27861201704715977,0.2253841354002688,133841.5249433108,434.1624149660024,134275.6873582768,907,5,386.6521739130435,34,12,19,31.999012501917473,0.6629901960784312,41.30952380952382,1034.7619047619057,30.434173669467814,0
909,4,1,1,46,0.02127659574468085,0.02127659574468085,0.9787234042553191,47,700,500,200,0.7142857142857143,9,5,4,351.99014102598835,0.42399013259327784,0.27473413171090133,0.2219844800593072,134100.85419077933,40.43571566358264,134141.28990644292,908,0,379.40425531914894,35,12,19,31.944560844787123,0.6633928571428571,41.05902777777778,1035.763888888889,29.59325396825397,0
910,4,0,0,46,0.0,0.0,1.0,46,1450,1200,250,0.8275862068965517,17,12,5,358.5350534724147,0.4220209339774557,0.28204505257429413,0.2259275815824767,134070.88584533616,413.8224451303281,134484.7082904665,909,7,388.6521739130435,35,11,19,31.805058858590364,0.663095238095238,41.08796296296297,1035.648148148149,29.589947089947113,0
911,4,0,0,46,0.0,0.0,1.0,46,1000,800,200,0.8,12,8,4,359.35307886770073,0.42214170692431563,0.28454214233665276,0.22681312100605955,134130.8258852025,440.0650505830106,134570.89093578552,910,8,389.6521739130435,35,11,19,31.72392923649907,0.663690476190476,41.0300925925926,1035.879629629631,29.596560846560884,0
912,4,0,0,46,0.0,0.0,1.0,46,1150,800,350,0.6956521739130435,15,8,7,360.2294785514067,0.42149758454106284,0.29145584679181513,0.22811136852541017,134250.74615269218,472.2152563443289,134722.9614090365,911,9,390.6521739130435,35,11,19,31.581323058595785,0.6648809523809522,40.91435185185186,1036.3425925925937,29.609788359788393,0
913,4,0,0,46,0.0,0.0,1.0,46,1300,1100,200,0.8461538461538461,15,11,4,361.7580473832721,0.4210144927536232,0.2938847925596204,0.229643290603258,134340.721517597,519.7674200531729,134860.48893765017,912,10,391.6521739130435,35,11,19,31.451774217557965,0.6657738095238095,40.827546296296305,1036.689814814816,29.619708994709026,0
914,4,0,0,46,0.0,0.0,1.0,46,650,400,250,0.6153846153846154,9,4,5,361.7580473832721,0.4210144927536232,0.2938847925596204,0.229643290603258,134340.721517597,519.7674200531729,134860.48893765017,913,11,392.6521739130435,35,11,19,31.451774217557965,0.6657738095238095,40.827546296296305,1036.689814814816,29.619708994709026,0
915,4,0,0,46,0.0,0.0,1.0,46,900,600,300,0.6666666666666666,12,6,6,361.12852986976895,0.42106481481481484,0.2967740716956897,0.22964582203320685,134404.77639801984,507.4798616184001,134912.25625963823,914,12,393.6521739130435,36,10,19,31.404077975673335,0.6643518518518517,40.76576576576578,1036.9369369369385,28.80380380380385,0
916,4,0,0,46,0.0,0.0,1.0,46,1200,800,400,0.6666666666666666,16,8,8,363.0239841647322,0.42056159420289857,0.3013717058526426,0.23140580748383083,134492.36979800783,564.7911847658859,135057.16098277373,915,13,394.6521739130435,36,10,20,31.267415770998447,0.6652199074074072,40.681306306306325,1037.2747747747776,28.813188188188267,0
917,4,0,1,45,0.0,0.021739130434782608,0.9782608695652174,46,950,600,350,0.631578947368421,13,6,7,356.9674840634274,0.4202495974235105,0.29731428457409637,0.22810326914199652,134581.66099773246,408.2807486885673,134989.941746421,916,14,395.6521739130435,34,12,20,31.335331574116562,0.6703431372549019,40.595238095238095,1037.6190476190477,30.518207282913167,0
918,4,0,0,45,0.0,0.0,1.0,45,1200,900,300,0.75,15,9,6,362.63054122518,0.4187920875420876,0.30199925193952737,0.23078539420474692,134433.97102761577,749.9727345589179,135183.9437621747,917,15,404.9111111111111,36,9,20,31.335966626850553,0.6646412037037035,40.73761261261263,1037.049549549552,28.806931931932,0
919,4,0,0,45,0.0,0.0,1.0,45,1000,600,400,0.6,14,6,8,363.66941524521616,0.41843434343434344,0.305306457255214,0.23181723071444232,134492.36979800765,782.1522958769835,135274.52209388465,918,16,405.9111111111111,36,9,21,31.250678536532416,0.6652199074074073,40.68130630630632,1037.2747747747765,28.813188188188235,0
920,4,0,0,45,0.0,0.0,1.0,45,1650,1300,350,0.7878787878787878,20,13,7,364.41157012305234,0.41843434343434344,0.30904108192166047,0.23305764172873417,134612.54428854873,810.8990876908339,135423.44337623956,919,17,406.9111111111111,34,11,21,31.111381973920697,0.6706495098039216,40.56547619047619,1037.7380952380952,30.52170868347339,0
921,4,0,0,45,0.0,0.0,1.0,45,1000,700,300,0.7,13,7,6,363.09097029302745,0.4179713804713805,0.30996134403806175,0.2325857015419906,134670.88906035654,779.5567558298881,135450.44581618643,920,18,407.9111111111111,35,10,21,31.08738477549807,0.6690476190476191,40.50925925925925,1037.962962962962,29.656084656084627,0
922,4,0,0,45,0.0,0.0,1.0,45,1050,700,350,0.6666666666666666,14,7,7,364.1232201783321,0.4176136363636364,0.3130635150704273,0.23343968275764562,134700.92438539528,809.5468696416369,135510.47125503691,921,19,408.9111111111111,35,10,21,31.030610064295537,0.669345238095238,40.480324074074076,1038.0787037037042,29.659391534391546,0
923,4,0,0,45,0.0,0.0,1.0,45,900,600,300,0.6666666666666666,12,6,6,361.77060149349967,0.417192760942761,0.31011328030850827,0.23227889594499077,134755.321199578,750.1027209642173,135505.4239205422,922,20,409.9111111111111,36,9,21,31.037373463485185,0.6678240740740741,40.42792792792793,1038.2882882882886,28.84134134134135,0
924,4,0,0,45,0.0,0.0,1.0,45,900,600,300,0.6666666666666666,12,6,6,363.88468753009545,0.4172348484848485,0.3096568385992078,0.23451996800408997,134892.28055747916,817.0470721760505,135709.32762965522,923,21,410.9111111111111,37,8,18,30.845823657729937,0.6672297297297298,40.296052631578945,1038.8157894736837,28.076102418207668,0
925,4,0,0,45,0.0,0.0,1.0,45,1850,1500,350,0.8108108108108109,22,15,7,354.9084919163159,0.4163930976430976,0.3025182444238874,0.2297341794979268,135050.0416050297,586.0813198553669,135636.12292488507,924,22,411.9111111111111,38,7,18,30.921728851886115,0.6669407894736842,40.144230769230774,1039.4230769230778,27.353238866396783,0
926,4,0,0,45,0.0,0.0,1.0,45,850,700,150,0.8235294117647058,10,7,3,355.37392508192306,0.41626683501683504,0.3058369578866853,0.23074412360389313,135161.11390760835,606.5471135583371,135767.66102116668,925,23,412.9111111111111,38,7,19,30.798999965752248,0.6680372807017543,40.037393162393165,1039.850427350428,27.36448493027442,0
927,4,0,0,45,0.0,0.0,1.0,45,1050,700,350,0.6666666666666666,14,7,7,359.55372628569313,0.4161616161616162,0.3066607328289572,0.23417890520694254,135272.23186728384,727.5270061728279,135999.75887345668,926,24,413.9111111111111,38,7,20,30.579661771250564,0.6691337719298246,39.93055555555555,1040.277777777777,27.375730994152025,0
928,4,0,0,45,0.0,0.0,1.0,45,1100,600,500,0.5454545454545454,16,6,10,360.9921617074745,0.4158249158249158,0.30852384211727135,0.2356611028841019,135355.6002995105,772.4621502666278,136128.06244977712,927,25,414.9111111111111,38,7,20,30.45923169062286,0.6699561403508772,39.850427350427346,1040.59829059829,27.384165542060266,0
929,4,0,1,44,0.0,0.022222222222222223,0.9777777777777777,45,1050,800,250,0.7619047619047619,13,8,5,359.78922919250533,0.4160143097643098,0.30825093799536973,0.23542152182824577,135438.99441385415,745.8982805537219,136184.89269440787,928,26,415.9111111111111,38,7,20,30.407514796948238,0.6707785087719298,39.77029914529914,1040.918803418803,27.3926000899685,0
930,4,0,0,44,0.0,0.0,1.0,44,900,500,400,0.5555555555555556,13,5,8,364.6164337646267,0.41592891120507397,0.30947296857345363,0.23873575325250795,135462.40790435512,1078.3640158510234,136540.77192020614,929,27,416.3181818181818,37,7,20,30.258584369075205,0.6728603603603605,39.747807017543856,1041.008771929824,28.135372214319567,0
931,4,0,0,44,0.0,0.0,1.0,44,800,600,200,0.75,10,6,4,364.8190627331051,0.41551048273431995,0.30770850884583,0.2392487444553566,135519.48676515848,1088.0184287473044,136607.5051939058,930,28,417.3181818181818,37,7,20,30.19648623982028,0.6734234234234234,39.69298245614035,1041.2280701754382,28.141299193930763,0
932,4,0,0,44,0.0,0.0,1.0,44,1100,800,300,0.7272727272727273,14,8,6,366.00114651750073,0.415169133192389,0.2587355479885969,0.22835288924026662,133705.05640775897,997.8450124620998,134702.90142022105,931,29,418.3181818181818,36,8,17,31.978168554006967,0.6574074074074074,41.441441441441434,1034.234234234233,28.728728728728697,6
933,4,0,0,44,0.0,0.0,1.0,44,1250,1000,250,0.8,15,10,5,363.8424613212758,0.41401294926004223,0.2621006589849324,0.2276669406516944,133812.35091566603,937.3230224684141,134749.67393813445,932,30,419.3181818181818,37,7,17,31.926487212095505,0.6565315315315317,41.337719298245595,1034.649122807015,27.963489805594996,0
934,4,1,1,44,0.022222222222222223,0.022222222222222223,0.9777777777777777,45,1400,800,600,0.5714285714285714,20,8,12,359.9819241906514,0.4172138047138047,0.2633201535728611,0.2270673230337257,134107.77043839943,655.2746502666334,134763.04508866605,933,0,410.97777777777776,38,7,17,31.730703111569532,0.6576206140350876,41.052350427350426,1035.7905982905982,27.257647323436792,0
935,4,0,0,44,0.0,0.0,1.0,44,1300,900,400,0.6923076923076923,17,9,8,369.2202579308309,0.4136826109936575,0.2728933057413738,0.23264078293240137,134067.7314774738,1100.104479262845,135167.83595673664,934,32,421.3181818181818,37,7,18,31.531564319745893,0.6590653153153154,41.09100877192982,1035.6359649122803,27.990161213845415,0
936,4,0,0,44,0.0,0.0,1.0,44,850,500,350,0.5882352941176471,12,5,7,367.28050185655803,0.41314305849189575,0.2726358667629165,0.2320207834855401,134163.1068398896,1055.098642157925,135218.20548204752,935,33,422.3181818181818,38,6,18,31.486327386476923,0.6581688596491229,40.99893162393162,1036.0042735042728,27.2632703553756,0
937,4,0,0,44,0.0,0.0,1.0,44,800,400,400,0.5,12,4,8,367.28050185655803,0.41314305849189575,0.2726358667629165,0.2320207834855401,134163.1068398896,1055.098642157925,135218.20548204752,936,34,423.3181818181818,38,6,18,31.486327386476923,0.6581688596491229,40.99893162393162,1036.0042735042728,27.2632703553756,0
938,4,0,1,43,0.0,0.022727272727272728,0.9772727272727273,44,800,400,400,0.5,12,4,8,369.36502616795246,0.4127246300211416,0.27665691870764575,0.23369024062641677,134218.45465565412,1115.1206032215596,135333.57525887567,937,35,424.3181818181818,38,6,19,31.37694607691515,0.6587171052631579,40.94551282051282,1036.2179487179483,27.268893387314428,0
939,4,0,0,43,0.0,0.0,1.0,43,1250,700,550,0.56,18,7,11,387.1092537055526,0.4121908453303802,0.31623417746887594,0.24466316884527417,134180.50063775515,1789.7354343611294,135970.23607211627,938,36,425.06976744186045,34,9,17,30.955321919644568,0.666360294117647,40.98214285714286,1036.0714285714291,30.472689075630267,1
940,4,0,1,42,0.0,0.023255813953488372,0.9767441860465116,43,1150,800,350,0.6956521739130435,15,8,7,390.10172197864244,0.4114987080103359,0.3204900122342784,0.24717799065109605,134273.0229591836,1876.027494331058,136149.05045351468,939,37,426.06976744186045,34,9,18,30.785042882303394,0.6672794117647058,40.89285714285714,1036.4285714285709,30.483193277310907,0
941,4,0,0,42,0.0,0.0,1.0,42,1050,700,350,0.6666666666666666,14,7,7,390.51215245718475,0.4111619241192412,0.3105711414855101,0.24789633944429507,134340.7215175969,2092.3368644976013,136433.0583820945,940,38,419.76190476190476,35,7,19,30.706547020951948,0.6657738095238095,40.8275462962963,1036.689814814815,29.619708994709,0
942,4,1,0,43,0.023255813953488372,0.0,1.0,43,1400,1100,300,0.7857142857142857,17,11,6,380.26788066500416,0.41228313030638614,0.3099201010406083,0.24363607785420466,134677.95589436754,1643.2324720749275,136321.18836644245,941,0,410.9767441860465,33,10,20,30.63459268004722,0.6736111111111112,40.502450980392155,1037.9901960784312,31.454248366013065,0
943,4,0,0,43,0.0,0.0,1.0,43,1000,400,600,0.4,16,4,12,379.78240380354197,0.4119601328903655,0.31012143970836936,0.24375125189572777,134741.56574394458,1634.4951460976472,136376.06089004222,942,1,411.9767441860465,33,10,20,30.583589077746296,0.6742424242424242,40.44117647058823,1038.2352941176466,31.461675579322623,0
944,4,0,1,42,0.0,0.023255813953488372,0.9767441860465116,43,1200,900,300,0.75,15,9,6,379.91871091126484,0.41136028054632706,0.30715688547437603,0.24505178049686674,134921.5720663265,1651.8459467120092,136573.41801303852,943,2,412.9767441860465,34,9,16,30.40014705320651,0.6737132352941178,40.26785714285714,1038.928571428571,30.55672268907562,0
945,4,0,0,42,0.0,0.0,1.0,42,950,700,250,0.7368421052631579,12,7,5,382.02000294845635,0.4103513356562137,0.29817482424724795,0.24613277289751595,134881.2066642019,1905.4637935099568,136786.67045771185,944,3,419.5238095238095,35,7,16,30.38590993500466,0.6711309523809523,40.30671296296297,1038.7731481481487,29.67923280423282,0
946,4,0,0,42,0.0,0.0,1.0,42,1100,700,400,0.6363636363636364,15,7,8,371.4936352072038,0.40971012388695316,0.2492163513318011,0.22292126509698976,132249.14969403707,1432.2228116426472,133681.37250567973,945,4,420.5238095238095,35,7,19,33.300162221972165,0.6449404761904762,42.85300925925925,1028.587962962962,29.388227513227484,8
947,4,0,0,42,0.0,0.0,1.0,42,1200,900,300,0.75,15,9,6,370.65799845885414,0.40957704219899344,0.24799935722320443,0.22294652275366797,132338.45191400888,1410.4611411179678,133748.91305512685,946,5,421.5238095238095,35,7,20,33.23162729658793,0.6458333333333334,42.7662037037037,1028.935185185185,29.39814814814814,0
948,4,0,0,42,0.0,0.0,1.0,42,1300,1000,300,0.7692307692307693,16,10,6,370.3946853737914,0.40944396051103366,0.24736148816886527,0.22331660590027952,132427.78427479835,1410.109498242436,133837.8937730408,947,6,422.5238095238095,35,7,21,33.14837981183702,0.6467261904761905,42.67939814814814,1029.282407407406,29.408068783068742,0
949,4,0,0,42,0.0,0.0,1.0,42,1000,700,300,0.7,13,7,6,370.3750129392892,0.4093955671699574,0.2521197327852007,0.2238353339067876,132517.1467764058,1416.2079903977822,133933.3547668036,948,7,423.5238095238095,35,7,21,33.05886540767386,0.6476190476190478,42.59259259259258,1029.629629629628,29.41798941798937,0
950,4,1,1,42,0.023255813953488372,0.023255813953488372,0.9767441860465116,43,750,600,150,0.8,9,6,3,363.78612646095166,0.41184477667035807,0.2510520003252563,0.2213677280166642,132774.9370992614,1060.3360116873625,133835.27311094876,949,0,414.6511627906977,36,7,17,32.96911421911422,0.6481481481481481,42.34234234234234,1030.6306306306305,28.628628628628626,0
951,4,0,0,42,0.0,0.0,1.0,42,650,400,250,0.6153846153846154,9,4,5,372.33634693458185,0.40894792876500197,0.252275025278059,0.2259145074345407,132666.1512586805,1479.286024305552,134145.43728298607,950,9,425.5238095238095,35,7,18,32.85831648129424,0.6491071428571429,42.447916666666664,1030.208333333333,29.4345238095238,0
952,4,0,0,42,0.0,0.0,1.0,42,850,600,250,0.7058823529411765,11,6,5,366.4375390414614,0.40894792876500197,0.27033432706255955,0.21013453923849412,130512.91120001923,1183.14091184881,131696.05211186805,951,10,426.5238095238095,33,9,17,35.18579595426562,0.6319444444444444,44.54656862745098,1021.8137254901961,30.9640522875817,7
953,4,0,0,42,0.0,0.0,1.0,42,600,300,300,0.5,9,3,6,368.0681321825684,0.40822202864885787,0.2751252982612369,0.21175340404599907,130638.16350682439,1216.7489667435702,131854.91247356797,952,11,427.5238095238095,33,9,17,35.017082234476135,0.6332070707070707,44.42401960784314,1022.3039215686282,30.978906714200853,0
954,4,0,0,42,0.0,0.0,1.0,42,1100,900,200,0.8181818181818182,13,9,4,369.68136759525277,0.40819783197831977,0.27522325886615917,0.21319910245904533,130732.14215986643,1265.8474204632903,131997.9895803297,953,12,428.5238095238095,33,9,18,34.88054224086278,0.6341540404040404,44.33210784313726,1022.6715686274513,30.99004753416519,0
955,4,1,1,42,0.023255813953488372,0.023255813953488372,0.9767441860465116,43,650,400,250,0.6153846153846154,9,4,5,362.1635864186427,0.40905315614617943,0.2715134534302257,0.21027985682740766,130992.77388038543,888.1625566893345,131880.93643707476,954,0,419.5348837209302,34,9,18,34.80879559638717,0.6344975490196079,44.07738095238095,1023.6904761904758,30.108543417366935,0
956,4,0,0,42,0.0,0.0,1.0,42,1300,1000,300,0.7692307692307693,16,10,6,368.9957356796563,0.4076534068912118,0.2675707103526115,0.21436650736215906,131014.28086553245,1268.7421905036485,132283.0230560361,955,14,430.5238095238095,33,9,20,34.61216183864017,0.6369949494949495,44.056372549019606,1023.7745098039213,31.02346999405822,0
957,4,0,0,42,0.0,0.0,1.0,42,1100,800,300,0.7272727272727273,14,8,6,366.7209600245337,0.4074235385210995,0.2683192908698353,0.2139162948251973,131171.15600069688,1220.6424512206897,132391.79845191757,956,15,431.5238095238095,33,9,21,34.5115793356462,0.6385732323232323,43.90318627450981,1024.3872549019611,31.042038027332154,0
958,4,0,0,42,0.0,0.0,1.0,42,1150,800,350,0.6956521739130435,15,8,7,368.4543776806678,0.40729045683313975,0.2722589574042751,0.21527931878323298,131233.93233672148,1270.7433739427183,132504.6757106642,957,16,432.5238095238095,33,9,21,34.4036548658454,0.6392045454545454,43.841911764705884,1024.6323529411766,31.049465240641716,0
959,4,1,1,42,0.023255813953488372,0.023255813953488372,0.9767441860465116,43,1000,900,100,0.9,11,9,2,357.8332680416435,0.41124492432631965,0.2647356557653633,0.210425501991724,131480.69905045338,809.6336451246981,132290.33269557808,958,0,423.4418604651163,34,9,21,34.42638808280132,0.6393995098039216,43.60119047619047,1025.595238095237,30.1645658263305,0
960,4,0,0,42,0.0,0.0,1.0,42,850,500,350,0.5882352941176471,12,5,7,367.5061140855312,0.40761711188540456,0.27487417731320174,0.21525358110723963,131328.125,1252.777777777777,132580.90277777778,959,18,434.5238095238095,33,9,21,34.332655826558266,0.6401515151515151,43.75,1025.0,31.060606060606062,0
961,4,0,0,42,0.0,0.0,1.0,42,1000,700,300,0.7,13,7,6,365.8086158024129,0.4072662601626016,0.2720694110080992,0.2147874167311431,131422.35145436853,1215.0856942041619,132637.4371485727,960,19,435.5238095238095,33,9,22,34.28088024381499,0.6410984848484848,43.65808823529412,1025.3676470588239,31.07174688057042,0
962,4,2,1,43,0.045454545454545456,0.022727272727272728,0.9772727272727273,44,1100,700,400,0.6363636363636364,15,7,8,346.6638996525249,0.4103572057787174,0.2643129010402139,0.2064596227434489,131963.74584043506,349.41334915997595,132313.15918959503,961,0,416.6818181818182,36,8,19,34.22589690194359,0.6400462962962963,43.130630630630634,1027.4774774774778,28.54104104104105,0
963,4,0,0,43,0.0,0.0,1.0,43,1650,1300,350,0.7878787878787878,20,13,7,354.81763211793566,0.40639996308600956,0.27847245691111855,0.21124856608389767,131951.69331114966,763.7574749228315,132715.4507860725,962,1,427.3720930232558,35,8,21,34.02859918891516,0.6419642857142858,43.14236111111111,1027.4305555555552,29.35515873015872,0
964,4,1,1,43,0.022727272727272728,0.022727272727272728,0.9772727272727273,44,1300,1000,300,0.7692307692307693,16,10,6,348.3672765372961,0.4087055144467935,0.274071198184207,0.20874606098022247,132195.261139518,410.5006188621165,132605.7617583801,963,0,418.6363636363636,36,8,21,33.949071032267476,0.6423611111111112,42.90540540540541,1028.3783783783792,28.56606606606609,0
965,4,0,0,43,0.0,0.0,1.0,43,850,500,350,0.5882352941176471,12,5,7,444.177306326231,0.4056847545219638,0.40579834350532895,0.2537488100350903,130365.51371545838,3099.16209683014,133464.6758122885,964,3,429.3720930232558,30,13,17,33.350607616039305,0.6381944444444445,44.69086021505376,1021.2365591397845,34.04121863799282,6
966,4,0,0,43,0.0,0.0,1.0,43,1000,600,400,0.6,14,6,8,438.9049206315466,0.4051079734219269,0.40615136580118016,0.25157683799822805,130495.30241224484,2855.0060696071814,133350.30848185203,965,4,430.3720930232558,31,12,15,33.35258166602947,0.6367607526881722,44.56380208333332,1021.7447916666653,32.9595094086021,0
967,4,0,0,43,0.0,0.0,1.0,43,1050,800,250,0.7619047619047619,13,8,5,440.67971742304013,0.40506183093392395,0.4111437219640799,0.2538139652696853,130681.82615294341,2917.7660442811743,133599.59219722459,966,5,431.3720930232558,32,11,16,33.11671606157899,0.6360677083333335,44.38131313131312,1022.4747474747461,31.952335858585815,0
968,4,0,0,43,0.0,0.0,1.0,43,1400,1000,400,0.7142857142857143,18,10,8,442.71427445547386,0.40471576227390177,0.4144366030407809,0.255732598538397,130794.81336805546,2980.9461805555457,133775.759548611,967,6,432.3720930232558,33,10,16,32.94933808553971,0.6347853535353536,44.27083333333333,1022.9166666666658,30.997474747474723,0
969,4,1,1,43,0.022727272727272728,0.022727272727272728,0.9772727272727273,44,1300,900,400,0.6923076923076923,17,9,8,429.23641073237906,0.4059416842847075,0.4000184881939679,0.2504121569052285,131175.6395266439,2461.072137188198,133636.7116638321,968,0,423.52272727272725,34,10,16,32.90601394538059,0.6363357843137255,43.89880952380952,1024.4047619047612,30.12955182072827,0
970,4,0,0,43,0.0,0.0,1.0,43,1350,1000,350,0.7407407407407407,17,10,7,431.9056201503986,0.40351605758582504,0.40294683073807125,0.2519399217611431,131171.1560006968,2730.7118956651193,133901.86789636192,969,8,434.3720930232558,33,10,16,32.8422209594449,0.6385732323232323,43.9031862745098,1024.3872549019602,31.042038027332126,0
971,4,0,0,43,0.0,0.0,1.0,43,950,600,350,0.631578947368421,13,6,7,436.91513961949187,0.4038621262458472,0.4072451553864429,0.2552793488720174,131233.93233672137,2867.6183739427033,134101.55071066407,970,9,435.3720930232558,33,10,16,32.64997707610732,0.6392045454545455,43.84191176470588,1024.6323529411757,31.049465240641688,0
972,4,2,1,44,0.044444444444444446,0.022222222222222223,0.9777777777777777,45,950,800,150,0.8421052631578947,11,8,3,422.0472574704326,0.40955387205387206,0.3901177319215814,0.2503837443562551,131816.67375283435,2126.606920341654,133943.280673176,971,0,416.97777777777776,34,11,15,32.43875106267872,0.6427696078431373,43.27380952380952,1026.904761904761,30.20308123249297,0
973,4,0,0,44,0.0,0.0,1.0,44,1350,1100,250,0.8148148148148148,16,11,5,430.42247423972293,0.4077144996476392,0.4022673031026256,0.25544903216210185,131831.05656478275,2548.60990965013,134379.6664744329,972,1,427.45454545454544,33,11,16,32.209128878281625,0.6452020202020202,43.259803921568626,1026.9607843137253,31.120023767082586,0
974,4,0,0,44,0.0,0.0,1.0,44,1550,1200,350,0.7741935483870968,19,12,7,429.31419716217005,0.4076594432699084,0.4033765614156839,0.25563709012838315,131956.93963860057,2530.1975201845516,134487.13715878513,973,2,428.45454545454544,33,11,16,32.109772582697204,0.6464646464646464,43.13725490196079,1027.4509803921571,31.13487819370173,0
975,4,0,0,44,0.0,0.0,1.0,44,1150,1000,150,0.8695652173913043,13,10,3,429.6123118541417,0.4076814658210007,0.4076628331725509,0.2564525593964903,132051.39136690224,2546.1807057381966,134597.57207264044,974,3,429.45454545454544,33,11,16,32.00625471960575,0.6474116161616161,43.04534313725491,1027.8186274509812,31.1460190136661,0
976,4,0,0,44,0.0,0.0,1.0,44,1400,700,700,0.5,21,7,14,428.8846743637355,0.40641516913319237,0.4028748334254233,0.25687161331806607,132177.37956855545,2537.770478902359,134715.1500474578,975,4,430.45454545454544,33,11,17,31.897146744527873,0.6486742424242424,42.922794117647065,1028.3088235294124,31.160873440285226,0
977,4,1,0,45,0.022222222222222223,0.0,1.0,45,1100,600,500,0.5454545454545454,16,6,10,421.17801936470164,0.4089225589225589,0.3949370552818825,0.24710733506079344,131392.84256708517,2095.7542415654834,133488.59680865065,976,0,421.8666666666667,32,13,16,32.89152298850574,0.6432291666666665,43.6868686868687,1025.2525252525268,32.03914141414146,5
978,4,0,0,45,0.0,0.0,1.0,45,1300,1200,100,0.9230769230769231,14,12,2,424.33773349953333,0.4081439393939394,0.3951631956888195,0.24997404413262478,131548.03929077776,2164.1593677912547,133712.19865856902,977,1,422.8666666666667,33,12,17,32.65278441444671,0.6423611111111109,43.535539215686285,1025.8578431372564,31.08660130718959,0
979,4,0,0,45,0.0,0.0,1.0,45,1200,800,400,0.6666666666666666,16,8,8,418.34224586920027,0.40883838383838383,0.39032561495741347,0.24758855086685783,131725.00177154213,2021.2266156462774,133746.2283871884,978,2,423.8666666666667,34,11,12,32.6268893269937,0.6418504901960783,43.36309523809525,1026.5476190476204,30.192577030812366,0
980,4,0,0,45,0.0,0.0,1.0,45,950,700,250,0.7368421052631579,12,7,5,416.4521007736559,0.4081439393939394,0.39108607198748047,0.24755608803524434,131892.24222232949,1985.3602698474067,133877.6024921769,979,3,424.8666666666667,35,10,14,32.50575117370894,0.6413690476190474,43.20023148148149,1027.1990740740748,29.348544973544996,0
981,4,0,0,45,0.0,0.0,1.0,45,900,700,200,0.7777777777777778,11,7,4,421.09696175411625,0.40824915824915825,0.39365293889452,0.25110274838245794,132011.15779588907,2117.8994930984218,134129.0572889875,980,4,425.8666666666667,35,10,14,32.26585670308218,0.6425595238095239,43.08449074074074,1027.6620370370372,29.36177248677249,0
982,4,1,1,45,0.021739130434782608,0.021739130434782608,0.9782608695652174,46,750,300,450,0.4,12,3,9,412.3015660311106,0.41109098228663443,0.3820426642038659,0.24724558125818377,132224.21481870403,1703.2501673971474,133927.46498610117,981,0,417.5869565217391,36,10,14,32.27604109639039,0.6426504629629628,42.87725225225226,1028.4909909909925,28.569194194194235,0
983,4,0,1,44,0.0,0.022222222222222223,0.9777777777777777,45,900,600,300,0.6666666666666666,12,6,6,425.277379674265,0.40812289562289567,0.3953467430852162,0.254636574020047,132166.31063073222,2241.468453250564,134407.77908398278,982,6,427.8666666666667,36,9,14,32.00110429671814,0.6420717592592593,42.933558558558566,1028.265765765767,28.56293793793797,0
984,4,1,1,44,0.022222222222222223,0.022222222222222223,0.9777777777777777,45,800,500,300,0.625,11,5,6,424.86659379761136,0.40877525252525254,0.3949384338346227,0.2545854156535295,132195.261139518,2233.0700633065617,134428.33120282457,983,0,428.6,36,9,14,31.98231493648708,0.6423611111111112,42.90540540540541,1028.3783783783792,28.56606606606609,0
985,4,1,1,44,0.022222222222222223,0.022222222222222223,0.9777777777777777,45,1200,800,400,0.6666666666666666,16,8,8,429.69480832165266,0.4085648148148148,0.40122591943957975,0.2582691953175408,132311.0948786625,2370.678110542983,134681.77298920546,984,0,429.5777777777778,36,9,15,31.740732632807937,0.6435185185185186,42.792792792792795,1028.8288288288293,28.57857857857859,0
986,4,0,0,44,0.0,0.0,1.0,44,1000,600,400,0.6,14,6,8,426.33054139553144,0.4080007928118394,0.38323518586676464,0.2568381554260887,132398.0034722224,2489.0625000000205,134887.06597222242,985,1,418.52272727272725,36,8,15,31.739203778677457,0.6443865740740741,42.70833333333334,1029.166666666668,28.587962962963005,0
987,4,0,0,44,0.0,0.0,1.0,44,900,600,300,0.6666666666666666,12,6,6,431.27112286384136,0.4074061839323467,0.3843907441259089,0.2609382253766684,132560.48489950004,2633.9018339965346,135194.38673349656,986,2,419.52272727272725,32,12,15,31.447451773745303,0.6549479166666666,42.55050505050505,1029.79797979798,32.18118686868687,0
988,4,0,0,44,0.0,0.0,1.0,44,1000,500,500,0.5,15,5,10,428.94679930795826,0.40689966525722343,0.3812332887700529,0.2604319852941176,132690.54178145097,2583.4366391184662,135273.97842056945,987,3,420.52272727272725,32,12,12,31.375612745098035,0.65625,42.42424242424243,1030.3030303030312,32.196969696969724,0
989,4,0,0,44,0.0,0.0,1.0,44,1200,800,400,0.6666666666666666,16,8,8,429.4352169008323,0.4066464059196617,0.3815877864197921,0.26210982477646994,132888.53635204077,2613.403486394551,135501.93983843533,988,4,421.52272727272725,34,10,12,31.162683292922292,0.6534926470588236,42.232142857142854,1031.0714285714282,30.32563025210083,0
990,4,0,2,42,0.0,0.045454545454545456,0.9545454545454546,44,1100,900,200,0.8181818181818182,13,9,4,421.0145267150034,0.40632707892882314,0.3686693046688563,0.2581102813712197,133053.95474322682,2403.529556755801,135457.4842999826,989,5,422.52272727272725,35,9,12,31.212605639069608,0.6529761904761906,42.071759259259245,1031.7129629629612,29.477513227513178,0
991,4,0,0,42,0.0,0.0,1.0,42,950,900,50,0.9473684210526315,10,9,1,431.0382597287678,0.4024753193960511,0.3706521100191844,0.26362264464262514,132964.41139671204,3062.549698859728,136026.96109557175,990,14,437.7142857142857,35,7,13,31.044612463995815,0.6520833333333333,42.15856481481481,1031.36574074074,29.46759259259257,0
992,4,0,0,42,0.0,0.0,1.0,42,1050,800,250,0.7619047619047619,13,8,5,430.3767525854104,0.4019792876500194,0.37254760569398826,0.264061166503712,133083.80922335823,3055.235527049044,136139.04475040728,991,15,438.7142857142857,35,7,14,30.94094690596374,0.6532738095238095,42.042824074074076,1031.828703703704,29.48082010582011,0
993,4,0,0,42,0.0,0.0,1.0,42,1050,800,250,0.7619047619047619,13,8,5,427.2865476472919,0.4017010259388308,0.36387006871366134,0.2630068128686125,133203.26063368047,2983.1922743055457,136186.452907986,992,16,439.7142857142857,35,7,15,30.899974772956615,0.6544642857142857,41.92708333333333,1032.291666666666,29.494047619047603,0
994,4,0,0,42,0.0,0.0,1.0,42,900,500,400,0.5555555555555556,13,5,8,424.5990137792087,0.40104771583430116,0.3676302618736107,0.2624273688937268,133355.88121905702,2924.5551294537913,136280.43634851082,993,17,440.7142857142857,36,6,16,30.815252943741825,0.6539351851851851,41.77927927927929,1032.882882882884,28.69119119119122,0
995,4,0,0,42,0.0,0.0,1.0,42,1000,900,100,0.9,11,9,2,421.9145438751491,0.40118079752226093,0.3651407811080831,0.26138190007120166,133443.13221583085,2860.319652422707,136303.45186825356,994,18,441.7142857142857,36,6,16,30.79654859218893,0.6548032407407407,41.69481981981983,1033.2207207207218,28.700575575575606,0
996,4,0,0,42,0.0,0.0,1.0,42,850,600,250,0.7058823529411765,11,6,5,424.7423926654459,0.40102351916376305,0.3664286262765877,0.26377778634630905,133533.73724489793,2943.4941525916374,136477.23139748958,995,19,442.7142857142857,34,8,17,30.63210281809107,0.6599264705882353,41.607142857142854,1033.5714285714282,30.399159663865536,0
997,4,0,0,42,0.0,0.0,1.0,42,1300,1000,300,0.7692307692307693,16,10,6,428.6073264977625,0.4012049941927991,0.3599823491040255,0.2672872825043833,133687.58680555536,3059.89583333331,136747.48263888867,996,20,443.7142857142857,34,8,17,30.37704807950577,0.6614583333333335,41.45833333333332,1034.1666666666652,30.41666666666662,0
998,4,0,0,42,0.0,0.0,1.0,42,1100,500,600,0.45454545454545453,17,5,12,432.36475400609936,0.40128968253968256,0.36095128500191787,0.2703057346987773,133779.93905895695,3168.3460884353763,136948.28514739234,997,21,444.7142857142857,34,8,12,30.186756808592257,0.6623774509803921,41.36904761904762,1034.5238095238096,30.427170868347343,0
999,4,0,0,42,0.0,0.0,1.0,42,1000,600,400,0.6,14,6,8,430.2110689261482,0.4009872241579559,0.3613538791781663,0.2703118103599555,133964.73922902494,3126.6227324263023,137091.36196145124,998,22,445.7142857142857,34,8,15,30.05620400183993,0.6642156862745099,41.19047619047619,1035.2380952380952,30.448179271708682,0
1000,4,0,0,42,0.0,0.0,1.0,42,600,300,300,0.5,9,3,6,433.9641606828225,0.40038230739450253,0.3625923324179916,0.2734585429429505,134070.88584533616,3236.3918895747715,137307.27773491092,999,23,446.7142857142857,35,7,16,29.852108478617197,0.663095238095238,41.08796296296297,1035.648148148149,29.589947089947113,0
1001,4,0,0,42,0.0,0.0,1.0,42,1150,800,350,0.6956521739130435,15,8,7,435.81855687886775,0.4000919473480449,0.36027064981488555,0.2755259690098605,134190.77932098764,3296.566358024689,137487.34567901233,1000,24,447.7142857142857,35,7,16,29.6833109919571,0.6642857142857144,40.97222222222222,1036.111111111111,29.6031746031746,0
1002,4,0,0,42,0.0,0.0,1.0,42,1050,900,150,0.8571428571428571,12,9,3,433.9698837038112,0.4002008323654665,0.3616393205114272,0.2748675044546577,134258.85080604258,3252.859574101134,137511.71038014372,1001,25,448.7142857142857,36,6,16,29.66265529356369,0.6629050925925926,40.906531531531535,1036.3738738738743,28.788163163163176,0
1003,4,0,0,42,0.0,0.0,1.0,42,700,200,500,0.2857142857142857,12,2,10,432.72390952655365,0.40030971738288806,0.3570549227729327,0.27473491800699695,134346.3966500285,3226.9795978410907,137573.3762478696,1002,26,449.7142857142857,36,6,16,29.606823448475627,0.6637731481481481,40.822072072072075,1036.7117117117123,28.797547547547563,0
1004,4,0,0,42,0.0,0.0,1.0,42,1000,700,300,0.7,13,7,6,427.7116998588846,0.3998378823073945,0.35598469572410996,0.27242218227526466,134463.16882761137,3102.294101533967,137565.46292914535,1003,27,450.7142857142857,36,6,16,29.619299674267104,0.6649305555555556,40.70945945945946,1037.162162162162,28.810060060060056,0
1005,4,0,0,42,0.0,0.0,1.0,42,1400,1100,300,0.7857142857142857,17,11,6,430.74977909429,0.39966850561362754,0.35736219608901787,0.275257236195574,134582.56927924365,3194.3679981987516,137776.9372774424,1004,28,451.7142857142857,33,9,16,29.420470650761786,0.6726641414141414,40.594362745098046,1037.6225490196086,31.443107546048747,0
1006,4,0,0,42,0.0,0.0,1.0,42,900,600,300,0.6666666666666666,12,6,6,432.0974665432204,0.3992813588850174,0.364132809086938,0.27705072854830004,134705.2154195011,3241.156462585031,137946.37188208612,1005,29,452.7142857142857,34,8,16,29.26223241590214,0.6715686274509804,40.476190476190474,1038.0952380952378,30.532212885154053,0
1007,4,0,0,42,0.0,0.0,1.0,42,1000,700,300,0.7,13,7,6,432.1159812351162,0.3990151955090979,0.3673531755126993,0.27848183546954375,134890.65334467113,3257.681405895684,138148.3347505668,1006,30,453.7142857142857,34,8,16,29.07546413018565,0.6734068627450981,40.297619047619044,1038.8095238095232,30.553221288515388,0
1008,4,0,0,42,0.0,0.0,1.0,42,1200,700,500,0.5833333333333334,17,7,10,433.21046321688016,0.398833720480062,0.3630659227383539,0.28038254665282275,135045.2823837868,3300.6058673469274,138345.88825113373,1007,31,454.7142857142857,34,8,16,28.891784064444685,0.6749387254901962,40.14880952380952,1039.4047619047615,30.570728291316513,0
1009,4,0,0,42,0.0,0.0,1.0,42,750,500,250,0.6666666666666666,10,5,5,431.8255098177103,0.39843447541618277,0.36286215883193207,0.28020534938691555,135138.10232426305,3271.21598639456,138409.3183106576,1008,32,455.7142857142857,34,8,16,28.83463094420273,0.6758578431372548,40.05952380952381,1039.7619047619048,30.581232492997202,0
1010,4,0,0,42,0.0,0.0,1.0,42,1200,1000,200,0.8333333333333334,14,10,4,429.2079263162128,0.39787795199380566,0.3621456364647031,0.2794648927087231,135261.9118480724,3211.0969387754935,138473.0087868479,1009,33,456.7142857142857,34,8,16,28.778515297169452,0.6770833333333334,39.94047619047618,1040.238095238094,30.59523809523806,0
1011,4,0,0,42,0.0,0.0,1.0,42,1000,500,500,0.5,15,5,10,428.91244366326885,0.39766018195896247,0.3640397470050829,0.27999429948175,135354.80619331065,3211.0721371882055,138565.87833049885,1010,34,457.7142857142857,34,8,16,28.69308431529573,0.6780024509803921,39.851190476190474,1040.595238095238,30.605742296918766,0
1012,4,0,0,42,0.0,0.0,1.0,42,1000,600,400,0.6,14,6,8,426.28943731589777,0.3971762485481998,0.35907070971114896,0.2790026077762134,135447.7324263039,3147.9875283446795,138595.71995464858,1011,35,458.7142857142857,34,8,16,28.6682296431839,0.678921568627451,39.761904761904766,1040.9523809523814,30.616246498599452,0
1013,4,0,0,42,0.0,0.0,1.0,42,1150,900,250,0.782608695652174,14,9,5,427.1478656876095,0.3966923151374371,0.35816622030613776,0.2805322469245651,135571.68367346935,3181.831065759627,138753.51473922897,1012,36,459.7142857142857,34,8,16,28.52175735406187,0.6801470588235294,39.64285714285714,1041.428571428571,30.630252100840327,0
1014,4,0,0,42,0.0,0.0,1.0,42,800,600,200,0.75,10,6,4,429.4514177402531,0.39665602013162987,0.360821348308493,0.2827787326294173,135664.6843112245,3252.2782029478494,138916.96251417234,1013,37,460.7142857142857,34,8,16,28.36866262903288,0.6810661764705881,39.55357142857143,1041.7857142857144,30.640756302521012,0
1015,4,0,0,42,0.0,0.0,1.0,42,1100,900,200,0.8181818181818182,13,9,4,426.56798487095375,0.39629307007355785,0.3535141692916166,0.2813677145120919,135726.7024518141,3179.3331916099796,138906.03564342408,1014,38,461.7142857142857,34,8,16,28.381697703644452,0.6816789215686274,39.49404761904762,1042.0238095238099,30.647759103641466,0
1016,4,0,0,42,0.0,0.0,1.0,42,1000,600,400,0.6,14,6,8,425.273000301856,0.3957002516453736,0.3550975336444835,0.2807571526879676,135757.71683673482,3146.8183106576134,138904.53514739242,1015,39,462.7142857142857,34,8,16,28.384405224278428,0.681985294117647,39.46428571428572,1042.1428571428582,30.651260504201712,0
1017,4,0,0,42,0.0,0.0,1.0,42,950,800,150,0.8421052631578947,11,8,3,425.80803462745376,0.39527680991095626,0.35737124586045454,0.28184436577721955,135850.78125000012,3169.2708333333476,139020.05208333346,1016,40,463.7142857142857,34,8,16,28.277378097521982,0.6829044117647058,39.37500000000001,1042.500000000001,30.66176470588238,0
1018,4,0,0,42,0.0,0.0,1.0,42,1300,1100,200,0.8461538461538461,15,11,4,424.1700989222151,0.3944904181184669,0.3529146422321501,0.2819862220604286,136005.95946712015,3137.932256235824,139143.89172335598,1017,41,464.7142857142857,34,8,14,28.164945217986762,0.6844362745098038,39.226190476190474,1043.0952380952378,30.679271708683466,0
1019,4,0,0,42,0.0,0.0,1.0,42,550,400,150,0.7272727272727273,7,4,3,423.52300302407184,0.39407907471931863,0.35024312063673113,0.2822949902285922,136099.10891439905,3128.2206632653,139227.32957766435,1018,42,465.7142857142857,34,8,14,28.088752614565504,0.6853553921568627,39.13690476190476,1043.4523809523807,30.68977591036414,0
1020,4,0,0,42,0.0,0.0,1.0,42,900,400,500,0.4444444444444444,14,4,10,421.0263898435252,0.3942242547425474,0.34960376302910845,0.2811224950310879,136161.2262613378,3065.493905895685,139226.7201672335,1019,43,466.7142857142857,34,8,14,28.0918501197673,0.685968137254902,39.07738095238095,1043.6904761904757,30.69677871148458,0
1021,4,0,1,41,0.0,0.023809523809523808,0.9761904761904762,42,1300,1100,200,0.8461538461538461,15,11,4,421.1580124048472,0.39341366627951996,0.34192669315788327,0.28244633675958114,136316.5816326531,3082.164115646263,139398.74574829938,1020,44,467.7142857142857,34,8,15,27.933339033287734,0.6875,38.92857142857143,1044.2857142857147,30.714285714285726,0
1022,4,0,1,40,0.0,0.024390243902439025,0.975609756097561,41,1050,700,350,0.6666666666666666,14,7,7,428.26857639954164,0.3933689024390244,0.34383973843259974,0.28660015729361293,136240.7205912388,3469.523891051501,139710.2444822903,1021,45,475.609756097561,33,8,15,27.823468130062214,0.6890782828282829,39.00122549019607,1043.9950980392146,31.636215092097412,0
1023,4,0,0,40,0.0,0.0,1.0,40,800,500,300,0.625,11,5,6,431.5638072378988,0.3918803418803419,0.3450979799201648,0.28841859292123756,136193.2316377155,3755.213913121105,139948.44555083662,1022,46,483.8,32,8,15,27.78491794685698,0.6910807291666667,39.04671717171717,1043.813131313131,32.61916035353534,0
1024,4,0,0,40,0.0,0.0,1.0,40,750,600,150,0.8,9,6,3,431.5798121422899,0.3916266025641026,0.34437590711175625,0.28869756365634736,136226.18227731864,3758.4940312213043,139984.67630853996,1023,47,484.8,32,8,15,27.751572327044023,0.69140625,39.015151515151516,1043.939393939394,32.62310606060606,0
1025,4,0,0,40,0.0,0.0,1.0,40,1050,700,350,0.6666666666666666,14,7,7,432.46517088811834,0.39074519230769234,0.3507403602079051,0.290640484058278,136390.99525877464,3796.8710144373003,140187.86627321193,1024,48,485.8,32,8,17,27.56381199887183,0.6930338541666667,38.85732323232323,1044.5707070707072,32.6428345959596,0
1026,4,0,0,40,0.0,0.0,1.0,40,1100,600,500,0.5454545454545454,16,6,10,433.57565395498614,0.3902110042735043,0.3565490575157082,0.29220456939181294,136489.93087440048,3835.7422074278,140325.67308182828,1025,49,486.8,32,8,18,27.43600974705977,0.6940104166666667,38.762626262626256,1044.9494949494942,32.654671717171695,0
1027,4,0,0,40,0.0,0.0,1.0,40,1200,700,500,0.5833333333333334,17,7,10,431.5188746516387,0.38927617521367525,0.35672322183311245,0.2921837940302714,136654.90327836442,3793.834015661666,140448.7372940261,1026,50,487.8,32,8,18,27.325101638288448,0.6956380208333334,38.60479797979798,1045.5808080808079,32.674400252525245,0
1028,4,0,0,40,0.0,0.0,1.0,40,950,500,450,0.5263157894736842,14,5,9,434.75500388882756,0.3890224358974359,0.36105577689243074,0.29492839452998804,136720.92013888876,3888.0367755841044,140608.95691447286,1027,51,488.8,31,9,18,27.174634794156702,0.6989247311827957,38.54166666666666,1045.8333333333321,33.73655913978491,0
1029,4,0,0,40,0.0,0.0,1.0,40,1150,700,450,0.6086956521739131,16,7,9,431.7616026832441,0.3880742521367522,0.3567649987552901,0.2934663888288648,136789.0167236327,3812.0490180121365,140601.06574164482,1028,52,489.8,31,9,18,27.184984648576872,0.6995967741935485,38.47656249999999,1046.093749999999,33.744959677419324,0
1030,4,0,0,40,0.0,0.0,1.0,40,1150,900,250,0.782608695652174,14,9,5,429.68166397056984,0.387099358974359,0.35406918865107073,0.2926204959040251,136857.1302625867,3760.9998914930457,140618.13015407973,1029,53,490.8,31,9,19,27.17147834743654,0.7002688172043012,38.41145833333333,1046.3541666666658,33.75336021505374,0
1031,4,0,0,40,0.0,0.0,1.0,40,1150,700,450,0.6086956521739131,16,7,9,427.28119746995964,0.38684561965811964,0.3526153750466481,0.2918363251028889,136959.33236016158,3704.029507107194,140663.36186726877,1030,54,491.8,31,9,17,27.132442882613926,0.7012768817204302,38.31380208333333,1046.7447916666658,33.76596102150535,0
1032,4,0,0,40,0.0,0.0,1.0,40,850,500,350,0.5882352941176471,12,5,7,427.88593460870055,0.3862580128205128,0.35431034482758594,0.29329635881360017,137084.29783950615,3731.28858024691,140815.58641975306,1031,55,492.8,32,8,17,26.992152961980544,0.6998697916666667,38.19444444444444,1047.2222222222222,32.72569444444444,0
1033,4,0,1,39,0.0,0.025,0.975,40,750,300,450,0.4,12,3,9,429.9070830570718,0.38575053418803423,0.3598300385728064,0.29524082458952533,137150.41832466068,3792.387256402401,140942.8055810631,1032,56,493.8,32,8,17,26.873392799742852,0.7005208333333334,38.13131313131313,1047.474747474747,32.73358585858584,0
1034,4,0,0,39,0.0,0.0,1.0,39,850,400,450,0.47058823529411764,13,4,9,428.4502830599506,0.38548695456590193,0.34229224590670393,0.2953602449665773,137282.70712172228,3963.7629451076423,141246.47006682993,1033,57,481.2307692307692,32,7,18,26.779869477911646,0.7018229166666666,38.005050505050505,1047.9797979797981,32.74936868686869,0
1035,4,0,0,39,0.0,0.0,1.0,39,1450,1100,350,0.7586206896551724,18,11,7,428.1246268030711,0.3848684210526316,0.3370175129780095,0.2959799147665194,137381.96556792667,3963.3205476481867,141345.28611557485,1034,58,482.2307692307692,32,7,18,26.689650327190968,0.7027994791666667,37.91035353535353,1048.3585858585852,32.76120580808079,0
1036,4,0,0,39,0.0,0.0,1.0,39,1500,1200,300,0.8,18,12,6,416.257013762627,0.3845872694556905,0.33247200689061174,0.2773092500136938,136080.84180363326,3529.5945279928746,139610.43633162614,1035,59,483.2307692307692,33,6,17,28.296531203507953,0.6875,39.154411764705884,1043.3823529411766,31.617647058823533,5
1037,4,0,0,39,0.0,0.0,1.0,39,1300,1000,300,0.7692307692307693,16,10,6,416.257013762627,0.3847278452541611,0.33247200689061174,0.2773092500136938,136080.84180363326,3528.9209678969655,139609.76277153022,1036,60,484.2307692307692,33,6,17,28.296531203507953,0.6875,39.154411764705884,1043.3823529411766,31.617647058823533,0
1038,4,0,0,39,0.0,0.0,1.0,39,900,400,500,0.4444444444444444,14,4,10,412.56831037912,0.38396873594242015,0.3205880759297055,0.27584433813260173,136208.73732458678,3439.081723375638,139647.8190479624,1037,61,485.2307692307692,33,6,17,28.26514440009392,0.6887626262626263,39.031862745098046,1043.8725490196086,31.632501485442685,0
1039,4,0,0,39,0.0,0.0,1.0,39,1050,900,150,0.8571428571428571,12,9,3,409.6253715924238,0.38405308142150246,0.3167980163637951,0.2746198104908769,136304.69838824018,3366.772545415235,139671.47093365542,1038,62,486.2307692307692,33,6,18,28.24626902163283,0.689709595959596,38.93995098039216,1044.240196078432,31.64364230540703,0
1040,4,0,0,39,0.0,0.0,1.0,39,650,400,250,0.6153846153846154,9,4,5,407.82965898198546,0.3842217723796671,0.31740960357644665,0.27391112557158864,136368.6912035034,3323.0393658688895,139691.7305693723,1039,63,487.2307692307692,33,6,18,28.229374437795773,0.6903409090909091,38.87867647058823,1044.4852941176466,31.651069518716564,0
1041,4,0,1,38,0.0,0.02564102564102564,0.9743589743589743,39,650,400,250,0.6153846153846154,9,4,5,408.57929755177605,0.38340643274853803,0.3161781731032349,0.2754115154327268,136496.7218888167,3353.9469494905675,139850.6688383073,1040,64,488.2307692307692,33,6,18,28.082243657401968,0.6916035353535354,38.75612745098039,1044.9754901960778,31.66592394533569,0
1042,4,0,0,38,0.0,0.0,1.0,38,1000,800,200,0.8,12,8,4,410.21559283139914,0.38153449502133713,0.3070344985440163,0.27697917434407204,136555.90787929812,3603.4725410672504,140159.38042036537,1041,65,494.39473684210526,32,6,19,27.98054079085125,0.6946614583333333,38.699494949494955,1045.202020202021,32.662563131313156,0
1043,4,0,0,38,0.0,0.0,1.0,38,750,500,250,0.6666666666666666,10,5,5,408.7586641461879,0.3813863205310574,0.3030701754385965,0.2765132139812448,136621.90082644633,3569.0771349862334,140190.97796143257,1042,66,495.39473684210526,32,6,19,27.952898550724644,0.6953125,38.63636363636364,1045.4545454545457,32.670454545454554,0
1044,4,0,0,38,0.0,0.0,1.0,38,1450,1300,150,0.896551724137931,16,13,3,407.4538499388898,0.38070471787577054,0.30582931432166105,0.2764078819855712,136720.92013888885,3541.49305555555,140262.4131944444,1043,67,496.39473684210526,32,6,20,27.88844621513945,0.6962890625,38.541666666666664,1045.833333333333,32.68229166666666,0
1045,4,0,0,38,0.0,0.0,1.0,38,900,500,400,0.5555555555555556,13,5,8,406.0616801622936,0.3799934803224277,0.30250771751972283,0.2762419607409495,136819.97532139576,3511.4698117538987,140331.44513314965,1044,68,497.39473684210526,32,6,20,27.826303403330925,0.697265625,38.446969696969695,1046.212121212121,32.69412878787878,0
1046,4,0,0,38,0.0,0.0,1.0,38,1000,900,100,0.9,11,9,2,406.84683975763915,0.3796378615457563,0.3002133970137115,0.27703695653833676,136853.0016866903,3535.642249515372,140388.64393620566,1045,69,498.39473684210526,32,6,20,27.77291742085998,0.6975911458333333,38.41540404040405,1046.338383838385,32.69807449494953,0
1047,4,0,0,38,0.0,0.0,1.0,38,950,600,350,0.631578947368421,13,6,7,405.4022026542539,0.3795193219535325,0.29624314163787835,0.27631360654592557,136886.03203754712,3498.7797801244697,140384.81181767158,1046,70,499.39473684210526,32,6,20,27.77786156692407,0.6979166666666667,38.38383838383838,1046.464646464646,32.702020202020186,0
1048,4,0,0,38,0.0,0.0,1.0,38,850,500,350,0.5882352941176471,12,5,7,406.6052520149411,0.3796378615457563,0.2975239667322711,0.2776571284352439,136952.1046959494,3537.089008774619,140489.19370472402,1047,71,500.39473684210526,32,6,17,27.680689585846398,0.6985677083333334,38.32070707070707,1046.7171717171718,32.70991161616162,0
1049,4,0,0,38,0.0,0.0,1.0,38,650,600,50,0.9230769230769231,7,6,1,406.39937797532144,0.3796230440967283,0.29753569184086737,0.2777788328766191,136985.1470034945,3534.1357068156253,140519.28271031013,1048,72,501.39473684210526,32,6,18,27.653228400273385,0.6988932291666667,38.28914141414141,1046.843434343434,32.71385732323231,0
1050,4,0,0,38,0.0,0.0,1.0,38,1000,500,500,0.5,15,5,10,413.13464262034734,0.37837837837837834,0.3038750444094809,0.2837222678127814,137150.41832466068,3732.3178119579566,140882.73613661865,1049,73,502.39473684210526,32,6,18,27.312610495017687,0.7005208333333334,38.13131313131313,1047.474747474747,32.73358585858584,0
1051,4,0,0,38,0.0,0.0,1.0,38,850,600,250,0.7058823529411765,11,6,5,415.18151129480293,0.37734115694642006,0.3081248652829376,0.2867584781006201,137348.87543362917,3804.9427354351556,141153.81816906433,1050,74,503.39473684210526,32,6,18,27.061752188227743,0.7024739583333334,37.94191919191919,1048.2323232323229,32.75726010101009,0
1052,4,0,0,38,0.0,0.0,1.0,38,1000,600,400,0.6,14,6,8,414.0274445870576,0.3761261261261261,0.30651496338342255,0.2876036797348891,137547.4760228548,3789.686001428426,141337.16202428323,1051,75,504.39473684210526,32,6,18,26.89476007061468,0.7044270833333334,37.75252525252525,1048.9898989898988,32.78093434343434,0
1053,4,0,0,38,0.0,0.0,1.0,38,850,500,350,0.5882352941176471,12,5,7,415.99881377193714,0.37531116642958745,0.3075917142151485,0.289804370600048,137646.8301225642,3852.1836100908235,141499.013732655,1052,76,505.39473684210526,32,6,18,26.74442505915854,0.7054036458333333,37.65782828282829,1049.3686868686882,32.792771464646506,0
1054,4,0,0,38,0.0,0.0,1.0,38,900,600,300,0.6666666666666666,12,6,6,416.93341494292235,0.37569642010431487,0.31075674512236784,0.2912928077172654,137746.22009233758,3886.200387715543,141632.42048005312,1053,77,506.39473684210526,32,6,18,26.62126132627696,0.7063802083333334,37.563131313131315,1049.747474747475,32.804608585858595,0
1055,4,0,0,38,0.0,0.0,1.0,38,700,400,300,0.5714285714285714,10,4,6,416.90125599738485,0.3752667140825035,0.30686748481467707,0.2927016912211405,137915.05813598633,3899.408133819802,141814.46626980614,1054,78,507.39473684210526,31,7,18,26.45461447874055,0.7106854838709677,37.40234375,1050.390625,33.883568548387096,0
1056,4,0,0,38,0.0,0.0,1.0,38,700,500,200,0.7142857142857143,9,5,4,417.3212572728887,0.3751778093883357,0.3078807130603807,0.29358022885221763,137983.45141940637,3916.6854858398347,141900.1369052462,1055,79,508.39473684210526,31,7,18,26.37576424174825,0.7113575268817205,37.33723958333333,1050.6510416666658,33.891969086021476,0
1057,4,0,0,38,0.0,0.0,1.0,38,550,300,250,0.5454545454545454,8,3,5,417.67311734835675,0.37468883357041255,0.3102654405530554,0.2941205983421674,138017.6544189453,3929.2527940538193,141946.90721299913,1056,80,509.39473684210526,31,7,18,26.332610491532428,0.7116935483870968,37.3046875,1050.78125,33.89616935483871,0
1058,4,0,0,38,0.0,0.0,1.0,38,850,600,250,0.7058823529411765,11,6,5,420.0717064300615,0.3748962778568042,0.31732861895207387,0.2908716639622775,137436.77986992738,3946.660529242633,141383.44039917,1057,81,510.39473684210526,31,7,18,26.8462322529906,0.7059811827956989,37.85807291666667,1048.567708333334,33.824764784946254,3
1059,4,0,0,38,0.0,0.0,1.0,38,1100,800,300,0.7272727272727273,14,8,6,418.3772202150013,0.3746443812233286,0.31386169670513486,0.28998366020754074,137470.915052626,3902.9398600260615,141373.85491265205,1058,82,511.39473684210526,31,7,18,26.85673785282676,0.7063172043010753,37.82552083333334,1048.6979166666677,33.828965053763476,0
1060,4,0,0,38,0.0,0.0,1.0,38,1200,700,500,0.5833333333333334,17,7,10,422.849388934854,0.3749407302038881,0.3196832697433749,0.2936616101085505,137539.19813368062,4031.6731770833435,141570.87131076396,1059,83,512.3947368421053,31,7,18,26.671631909963587,0.706989247311828,37.76041666666667,1048.958333333334,33.83736559139787,0
1061,4,0,0,38,0.0,0.0,1.0,38,450,300,150,0.6666666666666666,6,3,3,425.8572589007555,0.3751926268373637,0.32290652783130747,0.2960424447768237,137573.3460320367,4117.321607801654,141690.66763983836,1060,84,513.3947368421053,31,7,18,26.558815315874405,0.7073252688172043,37.727864583333336,1049.0885416666667,33.841565860215056,0
1062,4,0,1,37,0.0,0.02631578947368421,0.9736842105263158,38,900,500,400,0.5555555555555556,13,5,8,426.2990351519929,0.3751185395922238,0.32651168865090807,0.2972292580731022,137675.81515842007,4138.213433159712,141814.0285915798,1061,85,514.3947368421053,31,7,18,26.4454094292804,0.7083333333333334,37.63020833333333,1049.479166666666,33.85416666666665,0
1063,4,0,0,37,0.0,0.0,1.0,37,600,300,300,0.5,9,3,6,426.0443599977505,0.37403028028028024,0.3224138468087756,0.2973172839340871,137706.67354968787,4333.83031997919,142040.50386966707,1062,86,520.8648648648649,30,7,18,26.421436803688046,0.7114583333333333,37.600806451612904,1049.5967741935488,34.98655913978496,0
1064,4,0,0,37,0.0,0.0,1.0,37,1250,1100,150,0.88,14,11,3,429.26429831191746,0.3731231231231231,0.32410982410982414,0.3004850088183421,137812.5,4431.597222222223,142244.09722222222,1063,87,521.8648648648649,30,7,18,26.23181216931217,0.7124999999999999,37.5,1050.0,35.0,0
1065,4,0,0,37,0.0,0.0,1.0,37,700,400,300,0.5714285714285714,10,4,6,421.97533932249036,0.37293543543543545,0.3018148124263911,0.26817155842178686,134381.97029961468,3941.1755032009346,138323.14580281562,1064,88,522.8648648648649,31,6,17,29.84964314119468,0.675739247311828,40.78776041666666,1036.8489583333323,33.44674059139782,7
1066,4,0,0,37,0.0,0.0,1.0,37,1350,1100,250,0.8148148148148148,16,11,5,430.02523478887287,0.3737174674674675,0.30562557034252835,0.27430032390415915,134517.01058281783,4169.141811794696,138686.15239461252,1065,89,523.8648648648649,31,6,17,29.505172377724783,0.6770833333333334,40.65755208333333,1037.3697916666658,33.46354166666664,0
1067,4,0,0,37,0.0,0.0,1.0,37,1000,700,300,0.7,13,7,6,429.41394092338146,0.3736861861861862,0.30549696496998924,0.274673283239113,134618.3353000216,4161.397976345476,138779.73327636707,1066,90,524.8648648648649,31,6,17,29.419176076955264,0.6780913978494624,40.55989583333333,1037.7604166666658,33.47614247311825,0
1068,4,0,0,37,0.0,0.0,1.0,37,1100,800,300,0.7272727272727273,14,8,6,430.8884407015116,0.3734359359359359,0.30577290788028333,0.2761288303273677,134685.90630425356,4206.920030381954,138892.82633463552,1067,91,525.8648648648649,31,6,17,29.313012209399563,0.678763440860215,40.49479166666667,1038.0208333333342,33.484543010752716,0
1069,4,0,0,37,0.0,0.0,1.0,37,1400,1100,300,0.7857142857142857,17,11,6,429.8452026088298,0.3726539039039039,0.29895090677437763,0.27648752709742136,134821.09917534713,4190.440538194434,139011.53971354157,1068,92,526.8648648648649,31,6,16,29.204279505182217,0.6801075268817205,40.36458333333333,1038.5416666666658,33.501344086021476,0
1070,4,0,0,37,0.0,0.0,1.0,37,800,700,100,0.875,9,7,2,427.27129743487086,0.3718405905905906,0.2994652406417113,0.2755163193804168,134911.26543209876,4128.742283950619,139040.00771604938,1069,93,527.8648648648649,32,5,16,29.180592691622106,0.6783854166666666,40.27777777777778,1038.888888888889,32.46527777777778,0
1071,4,0,0,37,0.0,0.0,1.0,37,700,400,300,0.5714285714285714,10,4,6,427.7581500275345,0.3718718718718719,0.3038389543857345,0.27633042187806994,134976.85982297733,4147.490370880536,139124.35019385786,1070,94,528.8648648648649,32,5,16,29.102116241393283,0.6790364583333333,40.21464646464647,1039.1414141414148,32.47316919191921,0
1072,4,0,0,37,0.0,0.0,1.0,37,1050,700,350,0.6666666666666666,14,7,7,421.8250876715008,0.37083958958958957,0.296854123648731,0.2732404364122319,135075.28130101532,3995.6284754106873,139070.909776426,1071,95,529.8648648648649,32,5,16,29.157556986112798,0.6800130208333333,40.1199494949495,1039.5202020202028,32.485006313131336,0
1073,4,0,0,37,0.0,0.0,1.0,37,1150,800,350,0.6956521739130435,15,8,7,418.7094569935998,0.36993243243243246,0.29151915056977606,0.27221071801549185,135206.56573627688,3922.453544281188,139129.01928055807,1072,96,530.8648648648649,32,5,17,29.106976650074856,0.6813151041666667,39.993686868686865,1040.0252525252522,32.50078914141413,0
1074,4,0,0,37,0.0,0.0,1.0,37,1150,900,250,0.782608695652174,14,9,5,417.07335752662834,0.3700888388388388,0.287575439517187,0.2718895938306502,135305.07091113157,3886.42804305684,139191.4989541884,1073,97,531.8648648648649,32,5,18,29.050869741100325,0.6822916666666666,39.8989898989899,1040.4040404040409,32.51262626262628,0
1075,4,0,0,37,0.0,0.0,1.0,37,600,400,200,0.6666666666666666,8,4,4,418.5548955923014,0.3698385885885886,0.287529795961192,0.27360412405767986,135403.6119560505,3934.76893301705,139338.38088906754,1074,98,532.8648648648649,32,5,18,28.913674228638442,0.6832682291666666,39.804292929292934,1040.782828282829,32.52446338383841,0
1076,4,0,0,37,0.0,0.0,1.0,37,850,600,250,0.7058823529411765,11,6,5,420.27183503308197,0.36902527527527523,0.2911870326251875,0.27575673994410027,135537.95602953195,3992.5570994329187,139530.51312896487,1075,99,533.8648648648649,33,4,18,28.734528853320782,0.6821338383838383,39.67524509803922,1041.2990196078435,31.55451574569223,0
1077,4,0,0,37,0.0,0.0,1.0,37,600,100,500,0.16666666666666666,11,1,10,417.28000000000014,0.3684309309309309,0.2908108108108107,0.27452631578947384,135633.68055555556,3919.478235534414,139553.15879108998,1076,100,534.8648648648649,32,5,18,28.716666666666676,0.685546875,39.583333333333336,1041.6666666666667,32.552083333333336,0
1078,4,0,0,37,0.0,0.0,1.0,37,800,600,200,0.75,10,6,4,416.0390683284235,0.36793043043043044,0.28778825862551205,0.27468914884044326,135761.36582083802,3896.406430219132,139657.77225105715,1077,101,535.8648648648649,33,4,18,28.62133505801192,0.6843434343434345,39.46078431372548,1042.156862745097,31.580510992275666,0
1079,4,0,0,37,0.0,0.0,1.0,37,1000,800,200,0.8,12,8,4,415.4075591072089,0.3673048048048048,0.28244466401278445,0.27500950235992416,135857.16919273834,3887.2190083141068,139744.38820105244,1078,102,536.8648648648649,33,4,18,28.54205850084244,0.6852904040404041,39.368872549019606,1042.5245098039213,31.59165181224004,0
1080,4,0,0,37,0.0,0.0,1.0,37,900,600,300,0.6666666666666666,12,6,6,412.2719745833724,0.3670858358358358,0.26824634595740204,0.26954779677725804,135410.3758920848,3765.180609621299,139175.5565017061,1079,103,537.8648648648649,33,4,18,29.070386396640366,0.6808712121212122,39.79779411764706,1040.808823529412,31.53966131907309,1
1081,4,0,0,37,0.0,0.0,1.0,37,900,700,200,0.7777777777777778,11,7,4,404.932270182526,0.3670858358358358,0.25878370379376636,0.2543095082700222,133947.52206182727,3448.1188124759783,137395.64087430324,1080,104,538.8648648648649,33,4,15,30.727748510319252,0.6663510101010102,41.20710784313726,1035.1715686274515,31.368835412953075,3
1082,4,0,0,37,0.0,0.0,1.0,37,1100,1000,100,0.9090909090909091,12,10,2,407.062641144246,0.36705455455455455,0.26087429282317487,0.2565314228419107,134074.41135921283,3515.3367995482545,137589.74815876107,1081,105,539.8648648648649,33,4,15,30.54507849169723,0.6676136363636364,41.08455882352941,1035.6617647058824,31.383689839572195,0
1083,4,0,0,37,0.0,0.0,1.0,37,850,500,350,0.5882352941176471,12,5,7,405.9642723673893,0.36742992992992995,0.2609404625256986,0.25628200106957005,134137.87853529895,3491.037251297578,137628.91578659654,1082,106,540.8648648648649,33,4,15,30.50975491935802,0.6682449494949495,41.02328431372549,1035.9068627450981,31.39111705288176,0
1084,4,0,0,37,0.0,0.0,1.0,37,950,600,350,0.631578947368421,13,6,7,408.82526436452116,0.367210960960961,0.26628828189665366,0.25898391466147985,134264.85794225783,3578.1732086216944,137843.0311508795,1083,107,541.8648648648649,33,4,16,30.308102755114106,0.6695075757575757,40.90073529411765,1036.39705882353,31.40597147950091,0
1085,4,0,0,37,0.0,0.0,1.0,37,800,600,200,0.75,10,6,4,408.5794191438015,0.3671796796796796,0.26635312461060234,0.2592778174446675,134328.3701731306,3576.761491974249,137905.13166510485,1084,108,542.8648648648649,33,4,16,30.250694526539785,0.6701388888888888,40.83946078431373,1036.6421568627454,31.413398692810468,0
1086,4,0,0,37,0.0,0.0,1.0,37,850,500,350,0.5882352941176471,12,5,7,405.3880370010716,0.366554054054054,0.26120482851365723,0.2577000887352418,134391.8974222655,3496.1734969723248,137888.07091923783,1085,109,543.8648648648649,33,4,16,30.26964405310641,0.670770202020202,40.77818627450981,1036.8872549019611,31.420825906120033,0
1087,4,0,0,37,0.0,0.0,1.0,37,1100,800,300,0.7272727272727273,14,8,6,390.33623305900596,0.36614739739739743,0.21237750452531023,0.2380501252317601,132857.851473923,2971.846655328807,135829.6981292518,1086,110,544.8648648648649,34,3,17,32.20145304080061,0.6531862745098038,42.261904761904766,1030.9523809523816,30.322128851540636,3
1088,4,0,0,37,0.0,0.0,1.0,37,950,700,250,0.7368421052631579,12,7,5,387.1588781499217,0.3661786786786787,0.21328425944698326,0.23708351089534077,133011.3112953515,2899.3020124716604,135910.61330782317,1087,111,545.8648648648649,34,3,18,32.128774764377766,0.6547181372549019,42.11309523809524,1031.5476190476193,30.339635854341743,0
1089,4,0,0,37,0.0,0.0,1.0,37,950,700,250,0.7368421052631579,12,7,5,386.2100748645792,0.36583458458458457,0.21195748753713928,0.2372824336641417,133134.14292800464,2883.5494614512645,136017.69238945591,1088,112,546.8648648648649,34,3,19,32.02959780059216,0.6559436274509803,41.99404761904763,1032.0238095238105,30.353641456582665,0
1090,4,0,0,37,0.0,0.0,1.0,37,950,500,450,0.5263157894736842,14,5,9,384.99115514620985,0.3645833333333333,0.20898823895942042,0.23770806198529346,133318.49666950124,2865.2884070294913,136183.78507653074,1089,113,547.8648648648649,34,3,20,31.875600384245914,0.657781862745098,41.8154761904762,1032.738095238096,30.374649859944004,0
1091,4,0,0,37,0.0,0.0,1.0,37,1200,1000,200,0.8333333333333334,14,10,4,384.509011774938,0.3644582082082082,0.21148796601141795,0.23780361334077998,133379.97626133813,2857.160572562384,136237.13683390053,1090,114,548.8648648648649,34,3,20,31.82623602627636,0.6583946078431371,41.755952380952394,1032.9761904761926,30.38165266106449,0
1092,4,0,0,37,0.0,0.0,1.0,37,950,600,350,0.631578947368421,13,6,7,379.0966799974964,0.36439564564564564,0.20368008511238278,0.23544192924144974,133535.54672481754,2724.6083727608907,136260.15509757842,1091,115,549.8648648648649,33,4,20,31.809738360603912,0.6622474747474746,41.605392156862756,1033.5784313725503,31.32055852644092,0
1093,4,0,0,37,0.0,0.0,1.0,37,1100,800,300,0.7272727272727273,14,8,6,377.69220894174094,0.36411411411411415,0.20334986480078943,0.23497134768676467,133598.88624567486,2691.8516916570743,136290.73793733193,1092,116,550.8648648648649,33,4,21,31.78244033507192,0.6628787878787878,41.54411764705883,1033.8235294117658,31.327985739750478,0
1094,4,0,0,37,0.0,0.0,1.0,37,1150,900,250,0.782608695652174,14,9,5,370.7637643291996,0.36411411411411415,0.1929311058094576,0.23160074394366761,133749.15143140592,2517.867772108847,136267.01920351476,1093,117,551.8648648648649,34,3,16,31.81081443971305,0.6620710784313726,41.398809523809526,1034.4047619047622,30.42366946778712,0
1095,4,0,0,37,0.0,0.0,1.0,37,1050,900,150,0.8571428571428571,12,9,3,374.35075627332145,0.3639577077077077,0.19428123775949868,0.23482001984417444,133903.12500000012,2625.3472222222367,136528.47222222236,1094,118,552.8648648648649,34,3,16,31.563674181427807,0.6636029411764706,41.25000000000001,1035.000000000001,30.44117647058826,0
1096,4,0,0,37,0.0,0.0,1.0,37,1300,900,400,0.6923076923076923,17,9,8,376.2777649447597,0.3634259259259259,0.19361190655146077,0.23761749713710453,134149.66695011343,2695.5073696145214,136845.17431972796,1095,119,553.8648648648649,34,3,17,31.266758599555665,0.6660539215686274,41.011904761904766,1035.9523809523814,30.469187675070042,0
1097,4,0,0,37,0.0,0.0,1.0,37,1600,1200,400,0.75,20,12,8,372.0082359305873,0.3628628628628629,0.17790232533601458,0.23631070216772324,134365.5771683674,2597.020266439914,136962.5974348073,1096,120,554.8648648648649,34,3,18,31.161250813334863,0.6681985294117647,40.80357142857143,1036.7857142857147,30.493697478991606,0
1098,4,0,0,37,0.0,0.0,1.0,37,400,200,200,0.5,6,2,4,364.58842962626466,0.3628628628628629,0.1180995608476525,0.22498491922428288,133297.72973987486,2319.761991721433,135617.4917315963,1097,121,555.8648648648649,36,1,21,32.42320974191203,0.6533564814814816,41.83558558558558,1032.6576576576565,28.6849349349349,7
1099,4,0,0,37,0.0,0.0,1.0,37,850,700,150,0.8235294117647058,10,7,3,363.7369102840347,0.3623936436436436,0.11847455829139242,0.22481097986018614,133355.88121905678,2301.2912405648754,135657.17245962165,1098,122,556.8648648648649,36,1,21,32.386838566652145,0.6539351851851853,41.77927927927927,1032.8828828828819,28.691191191191162,0
1100,4,0,0,37,0.0,0.0,1.0,37,1000,900,100,0.9,11,9,2,361.3904346456307,0.36189314314314314,0.11163139844963132,0.22424289026760483,133502.12358807,2249.3288203235315,135751.45240839355,1099,123,557.8648648648649,35,2,21,32.30076622988763,0.6574404761904763,41.637731481481474,1033.449074074073,29.52711640211637,0
1101,4,0,0,37,0.0,0.0,1.0,37,1150,900,250,0.782608695652174,14,9,5,363.69849058169524,0.36133008008008005,0.11395342504712258,0.2264054784924238,133621.7625412593,2319.606669024334,135941.36921028362,1100,124,558.8648648648649,35,2,21,32.12118455912534,0.6586309523809524,41.52199074074073,1033.912037037036,29.540343915343886,0
1102,4,0,0,37,0.0,0.0,1.0,37,1250,1100,150,0.88,14,11,3,360.3870866768101,0.3608921421421421,0.11460257662293727,0.22543738053212084,133801.3214404364,2244.0536854852617,136045.37512592168,1101,125,559.8648648648649,35,2,20,32.02690923667824,0.6604166666666667,41.34837962962963,1034.6064814814818,29.560185185185194,0
1103,4,0,0,37,0.0,0.0,1.0,37,1300,800,500,0.6153846153846154,18,8,10,359.7276770547586,0.36073573573573575,0.11452714035739864,0.22575751690531262,133921.09435281626,2235.0248360339447,136156.1191888502,1102,126,560.8648648648649,35,2,21,31.924060717879904,0.6616071428571428,41.232638888888886,1035.069444444444,29.57341269841268,0
1104,4,0,0,37,0.0,0.0,1.0,37,400,100,300,0.25,7,1,6,359.7276770547586,0.36073573573573575,0.11452714035739864,0.22575751690531262,133921.09435281626,2235.0248360339447,136156.1191888502,1103,127,561.8648648648649,35,2,21,31.924060717879904,0.6616071428571428,41.232638888888886,1035.069444444444,29.57341269841268,0
1105,4,0,0,37,0.0,0.0,1.0,37,600,300,300,0.5,9,3,6,360.31471126107283,0.36029779779779775,0.11720876829876281,0.22649438455588866,133981.00090288496,2255.0651309585064,136236.06603384347,1104,128,562.8648648648649,35,2,21,31.848914663685488,0.6622023809523809,41.17476851851852,1035.300925925926,29.58002645502646,0
1106,4,0,0,37,0.0,0.0,1.0,37,500,100,400,0.2,9,1,8,362.48321945676906,0.3597034534534535,0.11771422702461054,0.22822923043488477,134040.92084887257,2317.516905649857,136358.43775452243,1105,129,563.8648648648649,35,2,21,31.73282012592675,0.662797619047619,41.116898148148145,1035.5324074074072,29.586640211640205,0
1107,4,0,0,37,0.0,0.0,1.0,37,750,400,350,0.5333333333333333,11,4,7,361.2037588279172,0.35889014014014015,0.1126372713904833,0.2281675967020948,134160.80092860496,2291.877116555193,136452.67804516017,1106,130,564.8648648648649,35,2,21,31.646021859754946,0.6639880952380952,41.0011574074074,1035.995370370369,29.59986772486769,0
1108,4,0,0,37,0.0,0.0,1.0,37,450,300,150,0.6666666666666666,6,3,3,344.6257058116351,0.35898398398398396,0.0145953280281641,0.19999145290013792,130972.46334876539,1627.295524691356,132599.75887345674,1107,131,565.8648648648649,35,2,19,35.27815468113975,0.6321428571428571,44.09722222222222,1023.6111111111109,29.24603174603174,8
1109,4,0,0,37,0.0,0.0,1.0,37,650,400,250,0.6153846153846154,9,4,5,344.6257058116351,0.35898398398398396,0.0145953280281641,0.19999145290013792,130972.46334876539,1627.295524691356,132599.75887345674,1108,132,566.8648648648649,35,2,19,35.27815468113975,0.6321428571428571,44.09722222222222,1023.6111111111109,29.24603174603174,0
1110,4,0,0,37,0.0,0.0,1.0,37,900,700,200,0.7777777777777778,11,7,4,346.0144946284188,0.35976601601601604,0.01253746116411425,0.20126168533712147,131061.33355034706,1669.82421874998,132731.15776909704,1109,133,567.8648648648649,35,2,19,35.15280603594438,0.6330357142857144,44.01041666666666,1023.958333333332,29.255952380952344,0
1111,4,0,0,37,0.0,0.0,1.0,37,450,200,250,0.4444444444444444,7,2,5,345.2440902654926,0.359984984984985,0.010825472850789719,0.2009684020177024,131090.9636488339,1651.676097393675,132742.63974622756,1110,134,568.8648648648649,35,2,19,35.14259342977696,0.6333333333333333,43.981481481481474,1024.074074074073,29.259259259259228,0
1112,4,1,1,37,0.02631578947368421,0.02631578947368421,0.9736842105263158,38,1450,1200,250,0.8275862068965517,17,12,5,336.28094920228887,0.3628645092460882,0.009255079006771805,0.19757620755519087,131446.7860510974,1240.8243312757209,132687.61038237312,1111,0,554.8684210526316,35,3,21,35.013167795334844,0.6369047619047619,43.63425925925926,1025.462962962963,29.2989417989418,0
1113,4,0,0,37,0.0,0.0,1.0,37,850,700,150,0.8235294117647058,10,7,3,348.00713860797157,0.3603603603603604,0.009228740936058077,0.2038327526132405,131328.125,1740.6250000000005,133068.75,1112,136,570.8648648648649,34,3,21,34.83231707317074,0.6378676470588236,43.75,1025.0,30.147058823529413,0
1114,4,0,0,37,0.0,0.0,1.0,37,750,500,250,0.6666666666666666,10,5,5,353.51196633533067,0.35985985985985985,0.012180046310531933,0.20771842278393865,131450.17715419506,1893.8421201814176,133344.01927437648,1113,137,571.8648648648649,34,3,21,34.567999767819835,0.6390931372549019,43.63095238095239,1025.476190476191,30.161064425770324,0
1115,4,0,0,37,0.0,0.0,1.0,37,500,300,200,0.6,7,3,4,354.55214284667414,0.3604542042042042,0.006298777886521778,0.20866265456058364,131511.22448979592,1925.517290249429,133436.74178004535,1114,138,572.8648648648649,34,3,22,34.47969862271742,0.6397058823529411,43.57142857142857,1025.7142857142856,30.168067226890752,0
1116,4,0,0,37,0.0,0.0,1.0,37,1050,800,250,0.7619047619047619,13,8,5,352.4431725056585,0.35935935935935936,0.0003259666949799733,0.20858733538203802,131725.001771542,1885.1155045351527,133610.11727607716,1115,139,573.8648648648649,34,3,17,34.318102748463396,0.6418504901960784,43.36309523809524,1026.5476190476195,30.192577030812338,0
1117,4,1,1,37,0.02631578947368421,0.02631578947368421,0.9736842105263158,38,850,500,350,0.5882352941176471,12,5,7,340.7962016070125,0.36493895211000477,0.003982930298719767,0.20337837837837838,132040.89506172828,1399.8070987654212,133440.7021604937,1116,0,559.7368421052631,35,3,17,34.298986486486484,0.6428571428571428,43.05555555555555,1027.777777777777,29.36507936507934,0
1118,4,0,0,37,0.0,0.0,1.0,37,1050,800,250,0.7619047619047619,13,8,5,349.6089405028682,0.3586711711711712,0.010632968464293846,0.2084132855262955,132000.11337868482,1829.683956916099,133829.79733560092,1117,141,575.8648648648649,34,3,18,34.113617933271534,0.6446078431372548,43.095238095238095,1027.6190476190477,30.224089635854344,0
1119,4,1,0,38,0.02631578947368421,0.0,1.0,38,1150,900,250,0.782608695652174,14,9,5,341.1408782001238,0.3655316500711237,0.0162749393167958,0.20519231442483762,132338.45191400888,1429.211141117968,133767.66305512685,1118,0,561.6842105263158,35,3,21,33.99090738657669,0.6458333333333334,42.7662037037037,1028.935185185185,29.39814814814814,0
1120,4,1,1,38,0.02564102564102564,0.02564102564102564,0.9743589743589743,39,1000,500,500,0.5,15,5,10,335.3677153797648,0.3723009446693657,0.0151838831042852,0.20313067052075004,132600.9011545328,1094.0122554987272,133694.91341003153,1119,0,548.2564102564103,36,3,21,33.87592025657847,0.6464120370370372,42.511261261261254,1029.954954954954,28.609859859859835,0
1121,4,1,1,38,0.02564102564102564,0.02564102564102564,0.9743589743589743,39,700,400,300,0.5714285714285714,10,4,6,334.7438917671529,0.36808367071524967,0.020795323014144662,0.20322308332964029,132687.90486009646,1083.2931326596715,133771.19799275612,1120,0,549.2307692307693,36,3,14,33.80469632382411,0.6472800925925927,42.426801801801794,1030.2927927927917,28.619244244244214,0
1122,4,0,0,38,0.0,0.0,1.0,38,1050,900,150,0.8571428571428571,12,9,3,343.0335894918771,0.36446479374110957,0.020211520034070674,0.20764033192508266,132576.73852237625,1495.654899691328,134072.39342206757,1121,3,564.6842105263158,35,3,23,33.702798381658816,0.6482142857142859,42.53472222222221,1029.8611111111088,29.42460317460311,0
1123,4,0,0,38,0.0,0.0,1.0,38,950,700,250,0.7368421052631579,12,7,5,342.93536332942864,0.36351647700331907,0.009406520119665363,0.20824083249376316,132695.9622020745,1501.2276020232896,134197.18980409778,1122,4,565.6842105263158,35,3,15,33.585617464240244,0.649404761904762,42.41898148148147,1030.324074074072,29.43783068783063,0
1124,4,0,0,38,0.0,0.0,1.0,38,900,500,400,0.5555555555555556,13,5,8,342.93536332942864,0.36351647700331907,0.009406520119665363,0.20824083249376316,132695.9622020745,1501.2276020232896,134197.18980409778,1123,5,566.6842105263158,35,3,15,33.585617464240244,0.649404761904762,42.41898148148147,1030.324074074072,29.43783068783063,0
1125,4,0,0,38,0.0,0.0,1.0,38,1300,1100,200,0.8461538461538461,15,11,4,344.30147993693777,0.3641239924134661,0.011349127535820625,0.20940303124033377,132755.59413580218,1541.5895061728029,134297.183641975,1124,6,567.6842105263158,35,3,15,33.49056603773584,0.6500000000000001,42.36111111111109,1030.5555555555532,29.444444444444375,0
1126,4,0,1,37,0.0,0.02631578947368421,0.9736842105263158,38,1250,900,350,0.72,16,9,7,343.95581892925435,0.3631164058795638,0.014287739778225728,0.21002757990683488,132904.73257726736,1542.6712266374857,134447.40380390486,1125,7,568.6842105263158,35,3,16,33.34981947094698,0.6514880952380953,42.21643518518517,1031.1342592592569,29.460978835978768,0
1127,4,1,1,37,0.02631578947368421,0.02631578947368421,0.9736842105263158,38,1000,700,300,0.7,13,7,6,342.61810019385797,0.36141239924134666,0.012918660287081218,0.20937772789624623,132934.57031249977,1509.1579861110827,134443.72829861086,1126,0,569.4736842105264,35,3,16,33.3543771043771,0.6517857142857144,42.187499999999986,1031.2499999999982,29.464285714285662,0
1128,4,1,1,37,0.02631578947368421,0.02631578947368421,0.9736842105263158,38,800,600,200,0.75,10,6,4,342.5773501197728,0.36244962067330483,0.01537720971714407,0.20952002518306723,132964.4113967118,1510.1191433041454,134474.53054001596,1127,0,570.4473684210526,35,3,17,33.32550125313283,0.6520833333333336,42.158564814814795,1031.3657407407381,29.467592592592517,0
1129,4,0,0,37,0.0,0.0,1.0,37,650,400,250,0.6153846153846154,9,4,5,351.00519324859687,0.3566378878878879,0.015815977696536976,0.21353843696086433,132765.8180980724,1920.298327664382,134686.11642573678,1128,152,586.8648648648649,34,3,17,33.3075834584729,0.6522671568627452,42.35119047619047,1030.595238095237,30.31162464985991,0
1130,4,2,2,37,0.05128205128205128,0.05128205128205128,0.9487179487179487,39,350,200,150,0.5714285714285714,5,2,3,335.3641234771828,0.36715587044534415,0.0243798082166502,0.20678908192079928,133268.65875588413,1138.705386129359,134407.36414201348,1129,0,557.7179487179487,36,3,18,33.206774639182754,0.6530671296296298,41.86373873873873,1032.545045045044,28.681806806806776,0
1131,4,0,0,37,0.0,0.0,1.0,37,800,500,300,0.625,11,5,6,352.4819038442139,0.35735735735735735,0.02447189195428834,0.21549405314060852,132949.91673752829,1972.4879535147325,134922.40469104302,1130,154,588.8648648648649,34,3,18,33.08467043749279,0.6541053921568627,42.172619047619044,1031.3095238095234,30.332633053221276,0
1132,4,0,0,37,0.0,0.0,1.0,37,1050,600,450,0.5714285714285714,15,6,9,352.2937431554173,0.3574512012012012,0.024342099108454418,0.2160884551966032,133072.72002551024,1976.1373299319762,135048.85735544222,1131,155,589.8648648648649,34,3,20,32.96628014307141,0.6553308823529411,42.05357142857143,1031.7857142857147,30.346638655462197,0
1133,4,0,0,37,0.0,0.0,1.0,37,850,400,450,0.47058823529411764,13,4,9,353.11950516717934,0.3575763263263263,0.02654685141994806,0.21677336195390293,133103.4297052153,2000.2834467120072,135103.7131519273,1132,156,590.8648648648649,34,3,20,32.91416705122289,0.6556372549019608,42.02380952380952,1031.904761904761,30.350140056022383,0
1134,4,0,0,37,0.0,0.0,1.0,37,550,300,250,0.5454545454545454,8,3,5,365.31688349698345,0.3574824824824825,0.018704238830025366,0.20994717280489306,130597.00255102055,2149.6846655328973,132746.68721655343,1133,157,591.8648648648649,34,3,17,35.12913463778243,0.6305147058823529,44.46428571428572,1022.1428571428582,30.063025210084067,6
1135,4,3,0,40,0.075,0.0,1.0,40,1000,800,200,0.8,12,8,4,342.259866332079,0.3766426282051282,0.02960837086674717,0.2006176151462279,131356.98356718224,993.6855438243225,132350.66911100657,1134,0,548.4,36,4,20,34.95047420264382,0.6339699074074073,43.72184684684686,1025.1126126126142,28.475350350350393,0
1136,4,0,0,40,0.0,0.0,1.0,40,1150,600,550,0.5217391304347826,17,6,11,340.30410794483475,0.3764155982905983,0.03345717951459459,0.20005432568246642,131468.65051025324,947.8643669206012,132416.51487717385,1135,1,549.4,37,3,20,34.88798157453937,0.6331644144144144,43.61293859649123,1025.5482456140357,27.717520151730696,0
1137,4,0,0,40,0.0,0.0,1.0,40,700,400,300,0.5714285714285714,10,4,6,340.5210738121385,0.3766426282051282,0.030922599957238006,0.20032919021627313,131496.76462950135,955.4838988919646,132452.2485283933,1136,2,550.4,37,3,20,34.854073123797306,0.6334459459459459,43.58552631578947,1025.6578947368419,27.720483641536266,0
1138,4,0,0,40,0.0,0.0,1.0,40,1150,900,250,0.782608695652174,14,9,5,337.5142442053984,0.3763888888888889,0.02394219467891867,0.1992931111368027,131637.3803117305,885.8981850184609,132523.27849674894,1137,3,551.4,37,3,15,34.789485165794055,0.6348536036036037,43.4484649122807,1026.206140350877,27.735301090564242,0
1139,4,0,0,40,0.0,0.0,1.0,40,600,500,100,0.8333333333333334,7,5,2,336.6607549251745,0.3763621794871795,0.020204016235846778,0.19922996129010653,131721.78578985843,869.111168821175,132590.8969586796,1138,4,552.4,37,3,15,34.72637613045645,0.6356981981981982,43.36622807017544,1026.5350877192984,27.74419155998104,0
1140,4,0,3,37,0.0,0.075,0.925,40,1200,800,400,0.6666666666666666,16,8,8,377.91604101272907,0.3784188034188034,0.0006594600186200505,0.23343861779361358,133334.25931633066,2215.4816095237143,135549.74092585436,1139,5,553.4,38,2,18,32.04242957139408,0.6499451754385964,41.800213675213676,1032.7991452991455,27.1789248762933,6
1141,4,1,1,37,0.02631578947368421,0.02631578947368421,0.9736842105263158,38,1150,900,250,0.782608695652174,14,9,5,365.07898152652496,0.3657539118065434,0.02674224386083357,0.21889958366023612,132219.38898533946,2059.628482495066,134279.01746783452,1140,0,583.1052631578947,35,3,17,33.49510465901418,0.6446428571428571,42.88194444444444,1028.472222222222,29.384920634920626,4
1142,4,1,0,38,0.02631578947368421,0.0,1.0,38,900,500,400,0.5555555555555556,13,5,8,358.92287355040946,0.3668504030346136,0.057075195572348525,0.217775903031506,132666.1512586805,1923.5038097993774,134589.6550684799,1141,0,577.2631578947369,35,3,15,33.20378328277721,0.6491071428571429,42.447916666666664,1030.208333333333,29.4345238095238,0
1143,4,0,0,38,0.0,0.0,1.0,38,1200,800,400,0.6666666666666666,16,8,8,359.0038489542052,0.3666281412991939,0.05264339564672804,0.21904152647151084,132874.89819101503,1940.5199759945062,134815.41816700954,1142,1,578.2631578947369,35,3,16,32.991879958090095,0.6511904761904762,42.24537037037037,1031.018518518518,29.457671957671945,0
1144,4,0,0,38,0.0,0.0,1.0,38,700,500,200,0.7142857142857143,9,5,4,357.5394280078262,0.36624288762446655,0.05038741377681211,0.21884556197841654,132994.2558299039,1910.1380315500617,134904.39386145398,1143,2,579.2631578947369,35,3,16,32.90974715739078,0.6523809523809524,42.129629629629626,1031.4814814814808,29.470899470899454,0
1145,4,0,1,37,0.0,0.02631578947368421,0.9736842105263158,38,950,700,250,0.7368421052631579,12,7,5,356.1715907197153,0.3659317211948791,0.05093978635582608,0.21818263835634488,133024.1036120754,1875.8813175154146,134899.98492959084,1144,3,580.2631578947369,35,3,16,32.91505385392124,0.6526785714285714,42.100694444444436,1031.5972222222208,29.47420634920631,0
1146,4,0,0,37,0.0,0.0,1.0,37,650,300,350,0.46153846153846156,10,3,7,355.27643379482635,0.36336336336336333,0.05281728565712429,0.2181573473632692,133113.66705246895,2058.4297839505957,135172.09683641954,1145,4,580.1621621621622,35,2,16,32.84825033647375,0.6535714285714287,42.01388888888888,1031.944444444443,29.48412698412694,0
1147,4,0,0,37,0.0,0.0,1.0,37,1250,900,350,0.72,16,9,7,357.7971652098959,0.3625813313313313,0.060415492829750006,0.2207653048411266,133292.88435570986,2138.363233024693,135431.24758873455,1146,5,581.1621621621622,35,2,17,32.603396099529256,0.6553571428571429,41.84027777777778,1032.6388888888887,29.50396825396825,0
1148,4,1,0,38,0.02631578947368421,0.0,1.0,38,1050,700,350,0.6666666666666666,14,7,7,350.230205856247,0.3664947842579422,0.06036005045292914,0.2178261036422999,133588.61395178956,1757.353552877191,135345.96750466677,1147,0,566.8421052631579,36,2,18,32.50249636891793,0.65625,41.55405405405405,1033.7837837837833,28.716216216216203,0
1149,4,1,1,38,0.02564102564102564,0.02564102564102564,0.9743589743589743,39,850,800,50,0.9411764705882353,9,8,1,342.2444121133298,0.37286324786324787,0.06615531337370961,0.214317220777272,133840.7145107146,1361.247330909488,135201.96184162408,1148,0,553.2820512820513,37,2,15,32.45679682808804,0.6568130630630632,41.31030701754385,1034.7587719298226,27.966453295400612,0
1150,4,0,0,38,0.0,0.0,1.0,38,700,400,300,0.5714285714285714,10,4,6,348.0318262530028,0.36938418681839735,0.06350120646274271,0.2169705540041632,133675.94103816643,1704.6963771203527,135380.6374152868,1149,1,568.8157894736842,36,2,18,32.471913681077346,0.6571180555555556,41.46959459459459,1034.1216216216208,28.725600600600576,0
1151,4,0,0,38,0.0,0.0,1.0,38,1100,800,300,0.7272727272727273,14,8,6,348.47189173111246,0.3692508297771456,0.06744567210709707,0.21741615853658525,133705.056407759,1718.490788085367,135423.54719584435,1150,2,569.8157894736842,36,2,15,32.431402439024374,0.6574074074074074,41.441441441441434,1034.2342342342333,28.728728728728704,0
1152,4,0,0,38,0.0,0.0,1.0,38,950,800,150,0.8421052631578947,11,8,3,348.2643734546081,0.3690878378378379,0.06808197444312714,0.21814596643997222,133850.6808117238,1723.0846978735387,135573.76550959735,1151,3,570.8157894736842,36,2,16,32.29109986578155,0.6588541666666667,41.30067567567567,1034.7972972972966,28.744369369369352,0
1153,4,0,0,38,0.0,0.0,1.0,38,1200,1000,200,0.8333333333333334,14,10,4,349.4518774456806,0.3685099573257468,0.06490502959596034,0.21975790432527956,133996.38447569188,1765.057625192755,135761.44210088463,1152,4,571.8157894736842,36,2,16,32.1146943658908,0.6603009259259259,41.159909909909906,1035.3603603603601,28.760010010010003,0
1154,4,0,0,38,0.0,0.0,1.0,38,1100,700,400,0.6363636363636364,15,7,8,349.4518774456806,0.3685099573257468,0.06490502959596034,0.21975790432527956,133996.38447569188,1765.057625192755,135761.44210088463,1153,5,572.8157894736842,36,2,16,32.1146943658908,0.6603009259259259,41.159909909909906,1035.3603603603601,28.760010010010003,0
1155,4,0,0,38,0.0,0.0,1.0,38,650,200,450,0.3076923076923077,11,2,9,350.12220454039345,0.36768018018018017,0.06643048465007695,0.2205290269146204,134054.68813408003,1787.1045876958028,135841.79272177583,1154,6,573.8157894736842,36,2,17,32.03906589821662,0.6608796296296295,41.1036036036036,1035.5855855855855,28.766266266266264,0
1156,4,0,0,38,0.0,0.0,1.0,38,1100,700,400,0.6363636363636364,15,7,8,344.45941450353024,0.36768018018018017,0.001709526061178801,0.21391964497279303,133533.7372448978,1617.8803631264818,135151.6176080243,1155,7,574.8157894736842,34,4,18,32.70655762881057,0.6599264705882353,41.60714285714285,1033.5714285714273,30.399159663865507,4
1157,4,0,0,38,0.0,0.0,1.0,38,650,300,350,0.46153846153846156,10,3,7,342.98082964348856,0.36633179231863444,0.0057438761443571185,0.2136813620665915,133651.68065200592,1567.992862654296,135219.67351466022,1156,8,575.8157894736842,35,3,18,32.626762928139684,0.6589285714285715,41.49305555555554,1034.0277777777758,29.543650793650738,0
1158,4,0,1,37,0.0,0.02631578947368421,0.9736842105263158,38,600,300,300,0.5,9,3,6,342.39287724030686,0.3664947842579422,0.004085058757694604,0.21348781285011414,133681.60211173235,1554.3256762259593,135235.92778795832,1157,9,576.8157894736842,35,3,18,32.61203600074614,0.6592261904761907,41.46412037037035,1034.1435185185157,29.546957671957593,0
1159,4,0,0,37,0.0,0.0,1.0,37,1050,500,550,0.47619047619047616,16,5,11,351.31493496825755,0.36574074074074076,0.006984757416635734,0.21835845242157326,133564.5000708616,1984.6407312925116,135549.1408021541,1158,10,582.2972972972973,34,3,18,32.49860839187684,0.6602328431372548,41.57738095238095,1033.6904761904757,30.402661064425757,0
1160,4,0,0,37,0.0,0.0,1.0,37,650,500,150,0.7692307692307693,8,5,3,354.56655355792276,0.3665853353353354,0.007727340600268917,0.22129843515166905,133718.36734693882,2082.4121315192797,135800.7794784581,1159,11,583.2972972972973,34,3,18,32.26049340085943,0.661764705882353,41.42857142857143,1034.2857142857147,30.420168067226903,0
1161,4,0,0,37,0.0,0.0,1.0,37,1050,700,350,0.6666666666666666,14,7,7,353.5750587870922,0.36652277277277273,0.005932098336170144,0.22117616868424192,133801.32144043635,2061.762018818581,135863.08345925494,1160,12,584.2972972972973,35,2,18,32.203103441846594,0.6604166666666667,41.348379629629626,1034.6064814814813,29.56018518518518,0
1162,4,0,0,37,0.0,0.0,1.0,37,1100,800,300,0.7272727272727273,14,8,6,363.4427023956086,0.36620995995996,-0.007393670385796414,0.2186066051621762,132338.45191400917,2221.5820312500264,134560.0339452592,1161,13,585.2972972972973,35,2,17,33.41722909636295,0.6458333333333331,42.76620370370372,1028.935185185187,29.398148148148202,7
1163,4,0,0,37,0.0,0.0,1.0,37,950,500,450,0.5263157894736842,14,5,9,365.6837515776359,0.36608483483483484,-0.00547105810263715,0.2203021625357955,132398.00347222236,2283.1597222222413,134681.1631944446,1162,14,586.2972972972973,35,2,17,33.299595141700415,0.6464285714285714,42.70833333333334,1029.1666666666679,29.40476190476194,0
1164,4,0,1,36,0.0,0.02702702702702703,0.972972972972973,37,550,200,350,0.36363636363636365,9,2,7,360.96278454778155,0.36464589589589586,-0.0038397394809668306,0.21831991122512673,132546.94097490152,2168.9025795181833,134715.8435544197,1163,15,587.2972972972973,35,2,17,33.271163500805514,0.6479166666666666,42.56365740740741,1029.7453703703711,29.42129629629632,0
1165,4,0,0,36,0.0,0.0,1.0,36,800,500,300,0.625,11,5,6,368.11514332585114,0.3622189153439153,-0.006822386679001147,0.22230864242192466,132489.9092970522,2554.308390022678,135044.21768707488,1164,16,587.4444444444445,34,2,17,33.14446500154179,0.6495098039215685,42.61904761904762,1029.5238095238096,30.28011204481793,0
1166,4,0,0,36,0.0,0.0,1.0,36,1100,800,300,0.7272727272727273,14,8,6,366.8482074242373,0.36198743386243387,-0.010918432883750828,0.2219046849104652,132551.19756235828,2525.233843537416,135076.4314058957,1165,17,588.4444444444445,34,2,17,33.11536608863197,0.6501225490196079,42.55952380952381,1029.7619047619048,30.287114845938376,0
1167,4,0,0,36,0.0,0.0,1.0,36,850,600,250,0.7058823529411765,11,6,5,367.8375627962988,0.3622354497354497,-0.013977189534928325,0.2226845875262967,132581.84700963716,2553.7166950113374,135135.5637046485,1166,18,589.4444444444445,34,2,17,33.059039417408385,0.6504289215686274,42.529761904761905,1029.8809523809523,30.290616246498598,0
1168,4,2,3,35,0.05263157894736842,0.07894736842105263,0.9210526315789473,38,400,200,200,0.5,6,2,4,352.6281784045885,0.3730885490753912,-0.021494005816024897,0.21557869544921374,132949.0871783947,1776.318886454033,134725.40606484874,1167,0,559.3684210526316,36,2,17,33.0817318191745,0.6498842592592593,42.17342342342343,1031.3063063063069,28.647397397397413,0
1169,4,0,0,35,0.0,0.0,1.0,35,700,400,300,0.5714285714285714,10,4,6,375.06230734444455,0.35560224089635856,-0.013493385928520008,0.2267103241948217,132524.1568747597,2940.963211264898,135465.1200860246,1168,27,607.7714285714286,33,2,17,32.93114734587003,0.6521464646464646,42.58578431372549,1029.656862745098,31.201723113487816,0
1170,4,0,0,35,0.0,0.0,1.0,35,400,200,200,0.5,6,2,4,377.23021674817244,0.35542717086834735,-0.018616985109131345,0.22840365573138632,132587.25610342188,3003.1838715878635,135590.43997500974,1169,28,608.7714285714286,33,2,17,32.8117563065207,0.6527777777777777,42.524509803921575,1029.9019607843145,31.20915032679741,0
1171,4,0,0,35,0.0,0.0,1.0,35,750,600,150,0.8,9,6,3,376.7388203558757,0.3555322128851541,-0.014955304034532935,0.22848964818986234,132650.37035034611,2994.90880911189,135645.279159458,1170,29,609.7714285714286,33,2,17,32.76082560076136,0.6534090909090908,42.46323529411765,1030.1470588235302,31.216577540106975,0
1172,4,0,0,35,0.0,0.0,1.0,35,1000,700,300,0.7,13,7,6,376.6191937857793,0.3550420168067227,-0.016184813996942493,0.2291872228464839,132776.64389898133,3001.2465157631887,135777.89041474453,1171,30,610.7714285714286,33,2,17,32.63674197384067,0.6546717171717171,42.340686274509814,1030.6372549019623,31.231431966726127,0
1173,4,0,0,35,0.0,0.0,1.0,35,750,700,50,0.9333333333333333,8,7,1,379.6039848876531,0.35577731092436976,-0.022457713470552143,0.23139338557064798,132839.8032006922,3085.3037293348907,135925.1069300271,1172,31,611.7714285714286,33,2,17,32.49623553653511,0.6553030303030303,42.27941176470589,1030.8823529411777,31.23885918003569,0
1174,4,0,1,34,0.0,0.02857142857142857,0.9714285714285714,35,700,500,200,0.7142857142857143,9,5,4,381.65898376968636,0.3563375350140056,-0.023007858246066437,0.23363081210105086,132997.76715986637,3151.958531574392,136149.72569144078,1173,32,612.7714285714286,33,2,17,32.28424121816958,0.6568813131313131,42.12622549019608,1031.4950980392155,31.25742721330956,0
1175,4,0,0,34,0.0,0.0,1.0,34,1050,800,250,0.7619047619047619,13,8,5,378.31786671110734,0.35529931669637554,-0.008669147335919503,0.23230592972425823,133113.66705246898,3271.855709876523,136385.5227623455,1174,33,622.4411764705883,32,2,17,32.253813369223856,0.6604817708333335,42.01388888888888,1031.9444444444432,32.24826388888885,0
1176,4,0,0,34,0.0,0.0,1.0,34,450,300,150,0.6666666666666666,6,3,3,375.71921555424626,0.355410724896019,-0.010134916351861811,0.2311139644210656,133178.82303145083,3207.5685835628933,136386.3916150137,1175,34,623.4411764705883,32,2,17,32.25535168195717,0.6611328125,41.95075757575757,1032.1969696969693,32.25615530303029,0
1177,4,0,0,34,0.0,0.0,1.0,34,800,500,300,0.625,11,5,6,374.40556772530744,0.3556706773618538,-0.01074882007597533,0.23050752422606266,133211.40699928565,3175.018493010898,136386.42549229655,1176,35,624.4411764705883,32,2,17,32.25650277234182,0.6614583333333335,41.91919191919191,1032.3232323232312,32.260101010100975,0
1178,4,0,0,34,0.0,0.0,1.0,34,850,600,250,0.7058823529411765,11,6,5,374.6805980722035,0.355410724896019,-0.008178326356221177,0.2310812919332189,133276.5868916438,3187.2302571166288,136463.81714876043,1177,36,625.4411764705883,32,2,18,32.18390804597702,0.662109375,41.85606060606061,1032.5757575757582,32.26799242424244,0
1179,4,0,0,34,0.0,0.0,1.0,34,750,500,250,0.6666666666666666,10,5,5,377.38521479174483,0.3545565953654189,-0.007311602225832825,0.2335677630428182,133406.99450311193,3269.165455055606,136676.15995816753,1178,37,626.4411764705883,32,2,18,31.983062413427845,0.6634114583333334,41.72979797979798,1033.080808080808,32.28377525252525,0
1180,4,0,0,34,0.0,0.0,1.0,34,650,500,150,0.7692307692307693,8,5,3,377.5364203954216,0.35403669043374925,-0.005692599620493288,0.23407258064516123,133472.22222222216,3278.124999999996,136750.34722222216,1179,38,627.4411764705883,32,2,18,31.913642473118276,0.6640625,41.666666666666664,1033.333333333333,32.29166666666666,0
1181,4,1,1,34,0.02857142857142857,0.02857142857142857,0.9714285714285714,35,1000,700,300,0.7,13,7,6,367.93668121550957,0.36015406162464986,-0.004209742643948466,0.23028090433673434,133820.69283749038,2847.508320117261,136668.20115760763,1180,0,610.4857142857143,33,2,17,31.81222610446524,0.6650883838383839,41.3296568627451,1034.6813725490194,31.353980986333923,0
1182,4,0,0,34,0.0,0.0,1.0,34,1150,900,250,0.782608695652174,14,9,5,376.7603635787964,0.3536281937017231,-0.007755055147058654,0.23524549530773603,133733.29252117118,3277.0807825731877,137010.37330374436,1181,40,629.4411764705883,32,2,17,31.671651204427075,0.6666666666666667,41.414141414141405,1034.3434343434333,32.32323232323229,0
1183,4,0,0,34,0.0,0.0,1.0,34,550,300,250,0.5454545454545454,8,3,5,378.65505690090714,0.3529226084373143,-0.012534279027696105,0.23684729284320863,133798.5999515355,3332.7032955820746,137131.30324711755,1182,41,630.4411764705883,32,2,17,31.557135302253677,0.6673177083333334,41.3510101010101,1034.5959595959591,32.33112373737372,0
1184,4,0,1,33,0.0,0.029411764705882353,0.9705882352941176,34,1100,900,200,0.8181818181818182,13,9,4,377.365749532797,0.35282976827094475,-0.009870899683528167,0.2366692462831168,133896.59098880214,3305.5974836751284,137202.18847247728,1183,42,631.4411764705883,32,2,17,31.492212598105,0.6682942708333334,41.25631313131313,1034.9747474747471,32.34296085858585,0
1185,4,1,1,33,0.029411764705882353,0.029411764705882353,0.9705882352941176,34,800,600,200,0.75,10,6,4,376.48404477591396,0.35062017231134873,-0.0076417490636166985,0.23632589579425303,133929.26263901655,3284.44610243854,137213.7087414551,1184,0,631.1470588235294,32,2,17,31.482272098885904,0.6686197916666666,41.22474747474748,1035.101010101011,32.346906565656596,0
1186,4,0,0,33,0.0,0.0,1.0,33,1150,900,250,0.782608695652174,14,9,5,386.66784527207415,0.3450520833333333,0.002745115981150459,0.24236877241501936,133876.17323133687,3753.1222873263987,137629.29551866328,1185,44,651.2727272727273,31,2,17,31.272018117765477,0.6706989247311828,41.27604166666667,1034.895833333334,33.383736559139805,0
1187,4,0,0,33,0.0,0.0,1.0,33,600,400,200,0.6666666666666666,8,4,4,386.66784527207415,0.3450520833333333,0.002745115981150459,0.24236877241501936,133876.17323133687,3753.1222873263987,137629.29551866328,1186,45,652.2727272727273,31,2,17,31.272018117765477,0.6706989247311828,41.27604166666667,1034.895833333334,33.383736559139805,0
1188,4,0,0,33,0.0,0.0,1.0,33,600,400,200,0.6666666666666666,8,4,4,389.6042086942761,0.34457859848484845,-0.00265294453973719,0.24465667133645305,133943.55773925784,3836.9947645399293,137780.55250379778,1187,46,653.2727272727273,31,2,17,31.12840670859537,0.6713709677419355,41.2109375,1035.1562500000002,33.3921370967742,0
1189,4,0,0,33,0.0,0.0,1.0,33,450,200,250,0.4444444444444444,7,2,5,393.1153808519429,0.3446180555555556,-0.0007468117615232472,0.24754130038919261,134044.66629028323,3939.0040079752603,137983.67029825848,1188,47,654.2727272727273,31,2,17,30.93604614610839,0.6723790322580645,41.11328125,1035.5468750000002,33.404737903225815,0
1190,4,0,0,33,0.0,0.0,1.0,33,850,600,250,0.7058823529411765,11,6,5,392.9682636097327,0.3433554292929293,0.00432682785623939,0.24813138930785986,134145.81298828128,3943.0094401041674,138088.82242838544,1189,48,655.2727272727273,31,2,18,30.83836098541979,0.6733870967741936,41.015625,1035.9375000000002,33.41733870967742,0
1191,4,0,0,33,0.0,0.0,1.0,33,950,700,250,0.7368421052631579,12,7,5,391.2810607991944,0.3435921717171717,0.003579847742220643,0.247293359871262,134179.53703138555,3900.382317437061,138079.91934882262,1190,49,656.2727272727273,31,2,18,30.848231117255256,0.67372311827957,40.983072916666664,1036.0677083333328,33.42153897849461,0
1192,4,0,0,33,0.0,0.0,1.0,33,700,600,100,0.8571428571428571,8,6,2,388.9604643892589,0.3435921717171717,0.001081027585235983,0.24673420374525018,134314.47558932824,3848.6041598849724,138163.0797492132,1191,50,657.2727272727273,31,2,18,30.77306556965206,0.6750672043010753,40.85286458333333,1036.5885416666658,33.43834005376341,0
1193,4,0,0,33,0.0,0.0,1.0,33,1100,800,300,0.7272727272727273,14,8,6,387.9209329980896,0.34256628787878785,-0.0045660015524404685,0.24675737303488707,134415.72401258684,3828.5346137152824,138244.25862630212,1192,51,658.2727272727273,31,2,18,30.698560187510456,0.6760752688172043,40.755208333333336,1036.979166666667,33.45094086021506,0
1194,4,0,0,33,0.0,0.0,1.0,33,550,400,150,0.7272727272727273,7,4,3,391.8724733989952,0.3426846590909091,-0.029731275014293956,0.24608105557045903,133943.5577392578,3897.7586534288193,137841.31639268663,1193,52,659.2727272727273,31,2,17,31.069706498951792,0.6713709677419355,41.2109375,1035.15625,33.39213709677419,3
1195,4,0,0,33,0.0,0.0,1.0,33,900,600,300,0.6666666666666666,12,6,6,393.11538085194314,0.34296085858585856,-0.035618348707748826,0.24754130038919267,134044.6662902832,3939.0040079752607,137983.67029825845,1194,53,660.2727272727273,31,2,17,30.936046146108392,0.6723790322580645,41.11328125,1035.546875,33.40473790322581,0
1196,4,0,0,33,0.0,0.0,1.0,33,750,600,150,0.8,9,6,3,394.9522624570056,0.34205334595959597,-0.0413689717942185,0.24991312397722795,134223.48684126625,4002.3739605652527,138225.8608018315,1195,54,661.2727272727273,32,1,19,30.709049185654518,0.6715494791666666,40.94065656565657,1036.2373737373741,32.38241792929294,0
1197,4,0,0,33,0.0,0.0,1.0,33,600,300,300,0.5,9,3,6,395.2482443266296,0.3424873737373737,-0.04142166611127218,0.25038310129365604,134264.85794225786,4013.589875288361,138278.44781754623,1196,55,662.2727272727273,33,0,19,30.659882345985576,0.6695075757575757,40.90073529411765,1036.3970588235302,31.405971479500916,0
1198,4,0,0,33,0.0,0.0,1.0,33,800,700,100,0.875,9,7,2,393.1156784200081,0.3419744318181818,-0.0426197920583925,0.2498987043660172,134391.8974222655,3966.3123858612125,138358.2098081267,1197,56,663.2727272727273,33,0,19,30.587770358113698,0.670770202020202,40.77818627450981,1036.8872549019611,31.420825906120033,0
1199,4,0,0,33,0.0,0.0,1.0,33,900,500,400,0.5555555555555556,13,5,8,395.6923306449018,0.3424479166666667,-0.04114395371484236,0.2521942685676543,134487.21645520956,4043.1120242214556,138530.32847943102,1198,57,664.2727272727273,33,0,19,30.42542926906112,0.6717171717171717,40.68627450980392,1037.2549019607845,31.43196672608438,0
1200,4,0,0,33,0.0,0.0,1.0,33,1000,700,300,0.7,13,7,6,391.4147547848353,0.34138257575757575,-0.04113870399445674,0.2510305861030354,134714.57791296803,3945.869714211599,138660.44762717962,1199,58,665.2727272727273,32,1,20,30.308673883077923,0.6764322916666667,40.467171717171716,1038.131313131313,32.44160353535353,0
1201,4,0,0,33,0.0,0.0,1.0,33,1000,900,100,0.9,11,9,2,387.28740764422525,0.3414614898989899,-0.05651645834294261,0.22923227641644695,131728.82080078137,3653.4294147878863,135382.25021556925,1200,59,666.2727272727273,31,2,19,33.42000676475561,0.6491935483870968,43.35937500000001,1026.562500000001,33.11491935483874,7
1202,4,0,0,33,0.0,0.0,1.0,33,850,600,250,0.7058823529411765,11,6,5,386.03292453861116,0.3419744318181818,-0.05850029588299943,0.22889140172266825,131795.66277398012,3575.493028428824,135371.15580240893,1201,60,667.2727272727273,31,2,20,33.38458449573081,0.6498655913978495,43.294270833333336,1026.8229166666672,33.123319892473134,0
1203,4,0,0,33,0.0,0.0,1.0,33,500,300,200,0.6,7,3,4,386.00558769616686,0.34138257575757575,-0.05436189291214011,0.2298845352838079,131962.84188164613,3587.6788669162415,135550.52074856238,1202,61,668.2727272727273,31,2,21,33.216243188442526,0.6515456989247311,43.13151041666667,1027.4739583333342,33.144321236559165,0
1204,4,0,0,33,0.0,0.0,1.0,33,850,600,250,0.7058823529411765,11,6,5,385.05639165278313,0.340948547979798,-0.04998311381290066,0.2303337324613921,132130.1269531251,3575.5099826389032,135705.636935764,1203,62,669.2727272727273,31,2,21,33.071597433299566,0.6532258064516128,42.96875000000001,1028.1250000000007,33.16532258064518,0
1205,4,1,0,34,0.029411764705882353,0.0,1.0,34,750,600,150,0.8,9,6,3,373.45062949197404,0.34870766488413546,-0.03995744220434916,0.22575907216508923,132527.98064291928,3098.5315592796924,135626.51220219897,1204,0,650.5588235294117,32,2,23,32.9687819333742,0.6546223958333333,42.58207070707072,1029.6717171717187,32.17724116161621,0
1206,4,0,0,34,0.0,0.0,1.0,34,1100,800,300,0.7272727272727273,14,8,6,374.1679288980151,0.34881907308377896,-0.05049277953613107,0.2269766640802161,132658.02158261917,3127.275437455368,135785.29702007453,1205,1,651.5588235294117,32,2,20,32.81933039179636,0.6559244791666666,42.45580808080808,1030.1767676767681,32.193023989899004,0
1207,4,1,1,34,0.02857142857142857,0.02857142857142857,0.9714285714285714,35,1200,1100,100,0.9166666666666666,13,11,2,363.57621369399584,0.35703781512605043,-0.047582835415535096,0.22237335860818824,132966.16685890045,2668.6670991926176,135634.83395809308,1206,0,633.9142857142857,33,2,21,32.78229958808618,0.6565656565656566,42.15686274509804,1031.372549019608,31.253713606654788,0
1208,4,0,0,34,0.0,0.0,1.0,34,950,700,250,0.7368421052631579,12,7,5,372.4138526745633,0.3495432263814617,-0.04453905000648328,0.2272893513408434,132885.74667125806,3097.69857667585,135983.4452479339,1207,3,653.5588235294117,32,2,22,32.63531716874845,0.658203125,42.234848484848484,1031.0606060606062,32.220643939393945,0
1209,4,0,0,34,0.0,0.0,1.0,34,800,500,300,0.625,11,5,6,370.99804996244666,0.348596256684492,-0.03876563478861894,0.22701745843769477,132983.40292125798,3067.316632231405,136050.71955348938,1208,4,654.5588235294117,32,2,22,32.573601420002475,0.6591796875,42.140151515151516,1031.4393939393935,32.23248106060605,0
1210,4,0,0,34,0.0,0.0,1.0,34,1000,700,300,0.7,13,7,6,369.7448197648202,0.3481320558526441,-0.036525307797537376,0.22644791435371664,133015.96297571668,3036.3926512600674,136052.35562697676,1209,5,655.5588235294117,32,2,22,32.57318441452469,0.6595052083333334,42.108585858585855,1031.565656565656,32.23642676767675,0
1211,4,0,0,34,0.0,0.0,1.0,34,750,600,150,0.8,9,6,3,361.3910583323784,0.3478721033868093,-0.051738312095710004,0.21884683465606622,132592.99314164382,2792.3885317824793,135385.3816734263,1210,6,656.5588235294117,32,2,23,33.21380409464263,0.6552734375,42.5189393939394,1029.9242424242432,32.1851325757576,2
1212,4,0,0,34,0.0,0.0,1.0,34,1000,900,100,0.9,11,9,2,361.23756487889267,0.3477792632204397,-0.047902249134948116,0.21932280724789904,132690.54178145085,2786.5616391184535,135477.1034205693,1211,7,657.5588235294117,32,2,20,33.11963848039215,0.65625,42.42424242424242,1030.3030303030303,32.196969696969695,0
1213,4,0,0,34,0.0,0.0,1.0,34,800,600,200,0.75,10,6,4,359.2316242979926,0.34776069518716574,-0.04296813064848559,0.218483496089435,132755.59413580253,2738.001543209882,135493.59567901242,1212,8,658.5588235294117,32,2,20,33.10590745732255,0.6569010416666666,42.361111111111114,1030.5555555555559,32.20486111111112,0
1214,4,0,0,34,0.0,0.0,1.0,34,1100,700,400,0.6363636363636364,15,7,8,383.15078971146977,0.34776069518716574,-0.04439431344172973,0.21180575655250036,129076.82742214529,3091.1776720492053,132168.0050941945,1213,9,659.5588235294117,33,1,18,36.22216192313877,0.6174242424242424,45.955882352941174,1016.1764705882349,30.793226381461665,7
1215,4,1,0,35,0.02857142857142857,0.0,1.0,35,950,800,150,0.8421052631578947,11,8,3,374.0306456522306,0.3567577030812325,-0.03727263057121566,0.20843284527425124,129394.01113406791,2679.5852516991163,132073.59638576704,1214,0,641.6857142857143,32,3,19,36.13024323653512,0.623046875,45.64393939393939,1017.424242424242,31.794507575757564,0
1216,4,1,0,36,0.027777777777777776,0.0,1.0,36,700,500,200,0.7142857142857143,9,5,4,365.7913898430367,0.3624834656084656,-0.03922122262465744,0.20583882351522337,129776.92920918351,2294.2566609977093,132071.18587018122,1215,0,624.8333333333334,34,2,19,35.94997468551621,0.6222426470588236,45.26785714285713,1018.9285714285701,29.968487394957943,0
1217,4,3,2,37,0.07692307692307693,0.05128205128205128,0.9487179487179487,39,950,600,350,0.631578947368421,13,6,7,340.9407400343436,0.3766025641025641,-0.0172484924523717,0.19555602244447753,130521.37230135546,1100.9176820229036,131622.28998337834,1216,0,577.6923076923077,36,3,17,35.82855778414518,0.6255787037037037,44.53828828828829,1021.8468468468473,28.384634634634647,0
1218,4,0,0,37,0.0,0.0,1.0,37,850,600,250,0.7058823529411765,11,6,5,353.01957517700964,0.366554054054054,-0.025372311086596655,0.20113906027527284,130262.5868055555,1797.0486111111068,132059.6354166666,1217,1,609.918918918919,35,2,21,35.78231292517007,0.625,44.791666666666664,1020.8333333333329,29.166666666666654,0
1219,4,0,0,37,0.0,0.0,1.0,37,900,400,500,0.4444444444444444,14,4,10,354.7623262019997,0.3673986486486487,-0.022808936103734023,0.2025933983223458,130351.21588059411,1848.7401138117204,132199.95599440584,1218,2,610.918918918919,35,2,21,35.64795137708262,0.6258928571428571,44.70486111111111,1021.1805555555554,29.176587301587297,0
1220,4,2,2,37,0.05128205128205128,0.05128205128205128,0.9487179487179487,39,800,500,300,0.625,11,5,6,341.10783877618354,0.37792397660818716,-0.024736565746537043,0.19675403910114195,130738.73842191833,1119.2017014850735,131857.94012340342,1219,0,580.5384615384615,37,2,17,35.604405668131946,0.6258445945945945,44.32565789473684,1022.697368421053,27.64046941678522,0
1221,4,0,0,37,0.0,0.0,1.0,37,1150,600,550,0.5217391304347826,17,6,11,354.17894073290137,0.36736736736736736,-0.02162039771006108,0.20380863736115412,130646.86381440745,1854.4735671724811,132501.33738157994,1220,4,612.918918918919,35,2,19,35.36324483942791,0.6288690476190477,44.41550925925925,1022.3379629629619,29.209656084656054,0
1222,4,0,0,37,0.0,0.0,1.0,37,850,600,250,0.7058823529411765,11,6,5,352.8689527586165,0.36680430430430433,-0.021027137116750083,0.20383371271115358,130794.81336805537,1830.6857638888632,132625.49913194423,1221,5,613.918918918919,35,2,20,35.24694501018329,0.6303571428571428,44.27083333333332,1022.9166666666652,29.226190476190432,0
1223,4,0,1,36,0.0,0.02702702702702703,0.972972972972973,37,800,600,200,0.75,10,6,4,350.4452429523783,0.36583458458458457,-0.02287255018846457,0.20290022219659298,130883.62328800141,1773.5086323302337,132657.13192033165,1222,6,614.918918918919,35,2,20,35.21907872412622,0.6312500000000001,44.18402777777777,1023.2638888888879,29.236111111111082,0
1224,4,0,0,36,0.0,0.0,1.0,36,900,700,200,0.7777777777777778,11,7,4,358.88382090281897,0.3615906084656085,-0.02388390835823584,0.20673729964683504,130688.28124999987,2180.38194444443,132868.6631944443,1223,7,632.8055555555555,34,2,20,35.201032328171685,0.6314338235294118,44.37499999999999,1022.499999999999,30.073529411764675,0
1225,4,0,1,35,0.0,0.027777777777777776,0.9722222222222222,36,800,600,200,0.75,10,6,4,358.82311557456916,0.36157407407407405,-0.01971659814340776,0.20751856361021837,130840.48327664385,2189.7179705215226,133030.20124716536,1224,8,633.8055555555555,34,2,20,35.04843495461949,0.6329656862745099,44.22619047619047,1023.095238095237,30.091036414565796,0
1226,4,2,1,36,0.05405405405405406,0.02702702702702703,0.972972972972973,37,750,500,250,0.6666666666666666,10,5,5,352.1946297520398,0.3660222722722723,-0.012311573052234737,0.2055311946141975,131187.67463305985,1840.7188990842933,133028.39353214414,1225,0,617.3513513513514,37,0,21,34.866901245138955,0.6303490990990992,43.88706140350875,1024.4517543859624,27.68788525367466,0
1227,4,0,0,36,0.0,0.0,1.0,36,1050,500,550,0.47619047619047616,16,5,11,359.43910324943243,0.35801917989417986,-0.010281167173549433,0.20973813484670187,131183.8797200914,2230.5232174741964,133414.4029375656,1226,1,635.5,36,0,21,34.68519841706057,0.6322337962962965,43.89076576576575,1024.4369369369347,28.456581581581517,0
1228,4,1,0,37,0.02702702702702703,0.0,1.0,37,950,700,250,0.7368421052631579,12,7,5,350.2866704637324,0.36333208208208206,-0.012048620868986726,0.20567358398386296,131422.35145436839,1807.4166231060076,133229.76807747438,1227,0,619.2972972972973,33,4,22,34.678772758057434,0.6410984848484849,43.65808823529411,1025.3676470588225,31.07174688057038,0
1229,4,1,2,36,0.02631578947368421,0.05263157894736842,0.9473684210526316,38,600,200,400,0.3333333333333333,10,2,8,342.1441363348072,0.36830251303935513,-0.0031033050495463677,0.2025913544252161,131743.67310742443,1415.0650505829694,133158.7381580074,1228,0,603.9736842105264,35,3,18,34.56360390830513,0.6398809523809526,43.3449074074074,1026.6203703703693,29.33201058201055,0
1230,4,0,0,36,0.0,0.0,1.0,36,1050,500,550,0.47619047619047616,16,5,11,355.4956134381247,0.3564980158730158,-0.0030967459274304776,0.20907538923848637,131485.1878634418,2148.4815035082465,133633.66936695005,1229,4,638.5,33,3,21,34.48179292627553,0.641729797979798,43.596813725490186,1025.612745098038,31.07917409387994,0
1231,4,0,0,36,0.0,0.0,1.0,36,650,400,250,0.6153846153846154,9,4,5,354.9782235463286,0.3553902116402117,-0.010006901311248706,0.2092871610936521,131579.47063629364,2141.5693483275572,133721.0399846212,1230,5,639.5,33,3,19,34.399884535754104,0.6426767676767677,43.50490196078431,1025.980392156862,31.090314913844306,0
1232,4,0,0,36,0.0,0.0,1.0,36,1050,800,250,0.7619047619047619,13,8,5,352.16105746220256,0.35426587301587303,-0.011527358952550415,0.20825326731406768,131694.45153061207,2075.5314625850106,133769.98299319707,1231,6,640.5,34,2,19,34.35615286476455,0.6415441176470589,43.39285714285713,1026.42857142857,30.18907563025206,0
1233,4,0,0,36,0.0,0.0,1.0,36,800,500,300,0.625,11,5,6,361.8397241063501,0.35421626984126986,0.005332067330672485,0.21042484564156308,131053.71492346941,2284.0880102040883,133337.8029336735,1232,7,641.5,34,2,20,34.75540634809907,0.635110294117647,44.017857142857146,1023.9285714285716,30.1155462184874,1
1234,4,1,0,37,0.02702702702702703,0.0,1.0,37,900,600,300,0.6666666666666666,12,6,6,352.0225260656025,0.36373873873873874,0.008090718554653265,0.2066645167935832,131417.11576485334,1852.3570119598733,133269.4727768132,1233,0,625.1351351351351,35,2,22,34.639561462919055,0.6366071428571429,43.66319444444444,1025.347222222222,29.295634920634914,0
1235,4,0,0,37,0.0,0.0,1.0,37,1050,500,550,0.47619047619047616,16,5,11,353.87898677796176,0.3631131131131131,0.00923573387177945,0.208077087049736,131476.4596863212,1905.3512677897854,133381.810954111,1234,1,626.1351351351351,35,2,22,34.53205526088101,0.637202380952381,43.605324074074076,1025.5787037037042,29.30224867724869,0
1236,4,1,0,38,0.02631578947368421,0.0,1.0,38,950,900,50,0.9473684210526315,10,9,1,348.7232730141711,0.3696212660028449,0.014741114055292881,0.2065828512066405,131761.33639974432,1589.6488972080176,133350.98529695233,1235,0,610.6315789473684,36,2,20,34.37694234214472,0.6380208333333334,43.3277027027027,1026.6891891891892,28.519144144144143,0
1237,4,0,1,37,0.0,0.02631578947368421,0.9736842105263158,38,1300,900,400,0.6923076923076923,17,9,8,350.93958997578494,0.37005097202465626,0.009281478575878577,0.20900605867748445,131963.7458404351,1662.2605713822004,133626.0064118173,1236,1,611.6315789473684,36,2,20,34.11606751424812,0.6400462962962963,43.130630630630634,1027.477477477478,28.541041041041055,0
1238,4,0,0,37,0.0,0.0,1.0,37,700,500,200,0.7142857142857143,9,5,4,357.6774421261711,0.3612675175175175,0.010131429960340332,0.2120483041161526,131790.24252292822,2027.679368557741,133817.92189148595,1237,2,629.081081081081,36,1,20,34.11795349857426,0.6383101851851853,43.299549549549546,1026.801801801801,28.52227227227225,0
1239,4,0,0,37,0.0,0.0,1.0,37,1050,500,550,0.47619047619047616,16,5,11,363.43369639252177,0.3618305805805806,0.011796735900649447,0.216282166483299,131934.82069485018,2189.91191360279,134124.73260845296,1238,3,630.081081081081,36,1,21,33.824308524242774,0.6397569444444444,43.15878378378378,1027.3648648648643,28.537912912912898,0
1240,4,2,0,39,0.05128205128205128,0.0,1.0,39,1300,900,400,0.6923076923076923,17,9,8,356.8380275143108,0.3703047683310841,0.0373806619842707,0.21596848190723825,132571.90626014516,1662.9627516029439,134234.86901174812,1239,0,598.7179487179487,36,3,23,33.352241662110444,0.6461226851851853,42.53941441441441,1029.8423423423415,28.606731731731706,0
1241,4,0,2,37,0.0,0.05128205128205128,0.9487179487179487,39,850,600,250,0.7058823529411765,11,6,5,359.9309191183847,0.3693488529014845,0.04257155749122088,0.21851413264858005,132687.90486009658,1751.695910437465,134439.60077053405,1240,1,599.7179487179487,36,3,17,33.15594600502787,0.6472800925925927,42.4268018018018,1030.2927927927926,28.61924424424424,0
1242,4,0,0,37,0.0,0.0,1.0,37,1000,800,200,0.8,12,8,4,376.57763879778486,0.3609234234234234,0.04005241256173586,0.22669539064254055,132369.79316953284,2569.5008319867543,134939.2940015196,1241,2,632.7027027027027,37,0,22,33.04774906766116,0.6421734234234234,42.73574561403508,1029.0570175438588,27.812351825509698,0
1243,4,0,0,37,0.0,0.0,1.0,37,1250,1200,50,0.96,13,12,1,381.264816434974,0.3614239239239239,0.04743779409397053,0.230599121129977,132546.94097490126,2707.1030354276672,135254.04401032891,1242,3,633.7027027027027,35,2,22,32.74851541718182,0.6479166666666667,42.5636574074074,1029.745370370369,29.42129629629626,0
1244,4,2,2,37,0.05128205128205128,0.05128205128205128,0.9487179487179487,39,500,300,200,0.6,7,3,4,363.21465384424323,0.3711482231219074,0.04211258888561309,0.22204629851541988,132948.3427044525,1857.7572549127103,134806.0999593652,1243,0,602.1538461538462,38,1,19,32.80953244241861,0.6461074561403508,42.1741452991453,1031.303418803419,27.139563652721552,0
1245,4,0,0,37,0.0,0.0,1.0,37,1100,700,400,0.6363636363636364,15,7,8,378.4961692044843,0.3603603603603604,0.05652877527877509,0.23031894551592022,132774.9370992614,2650.9610116873623,135425.89811094876,1244,5,635.7027027027027,36,1,19,32.59009870337995,0.6481481481481481,42.34234234234234,1030.6306306306305,28.628628628628626,0
1246,4,0,0,37,0.0,0.0,1.0,37,1300,1100,200,0.8461538461538461,15,11,4,383.32426104023983,0.3601101101101101,0.04700737422650292,0.23452684748614308,132978.12328798417,2794.748168776907,135772.8714567611,1245,6,636.7027027027027,36,1,19,32.26107289733231,0.650173611111111,42.14527027027028,1031.4189189189208,28.650525525525577,0
1247,4,0,0,37,0.0,0.0,1.0,37,900,600,300,0.6666666666666666,12,6,6,382.00943923961785,0.3601101101101101,0.048531229624996675,0.23408618547653107,133036.20501836296,2764.217215526334,135800.4222338893,1246,7,637.7027027027027,36,1,19,32.23651893898046,0.6507523148148149,42.08896396396396,1031.6441441441443,28.65678178178179,0
1248,4,0,0,37,0.0,0.0,1.0,37,1000,800,200,0.8,12,8,4,385.4669889096378,0.35939064064064064,0.052158831164356156,0.23681562007947185,133132.52635426284,2863.6388119421354,135996.16516620497,1247,8,638.7027027027027,37,0,19,32.050396656750245,0.6497747747747746,41.99561403508772,1032.017543859649,27.892366050260787,0
1249,4,0,1,36,0.0,0.02702702702702703,0.972972972972973,37,900,500,400,0.5555555555555556,13,5,8,383.5027636034472,0.3591403903903904,0.05671772026912181,0.2363260485661033,133245.71021852875,2820.0196214219695,136065.7298399507,1248,9,639.7027027027027,37,0,19,31.98722033418294,0.6509009009009008,41.8859649122807,1032.456140350877,27.90422000948316,0
1250,4,0,0,36,0.0,0.0,1.0,36,500,200,300,0.4,8,2,6,389.1003758849128,0.35281084656084655,0.056076919346234266,0.23898899762797193,133123.35139193246,3159.669213132047,136283.02060506452,1249,10,658.1111111111111,36,0,20,31.965890077113336,0.6516203703703705,42.0045045045045,1031.9819819819818,28.66616616616616,0
1251,4,0,0,36,0.0,0.0,1.0,36,650,400,250,0.6153846153846154,9,4,5,388.5327293659711,0.3520833333333333,0.056052452976536715,0.23938629454484034,133239.59094229373,3153.5883856829855,136393.17932797672,1250,11,659.1111111111111,36,0,20,31.86354712041884,0.6527777777777778,41.891891891891895,1032.432432432433,28.678678678678693,0
1252,4,0,0,36,0.0,0.0,1.0,36,650,300,350,0.46153846153846156,10,3,7,388.68340530081844,0.35234788359788355,0.05312613595056348,0.23985375683771923,133297.7297398751,3162.1231028325724,136459.85284270768,1251,12,660.1111111111111,36,0,21,31.801163213376967,0.6533564814814814,41.83558558558559,1032.6576576576583,28.684934934934954,0
1253,4,0,0,36,0.0,0.0,1.0,36,900,600,300,0.6666666666666666,12,6,6,386.7872209311821,0.3524305555555556,0.05141689373296998,0.2396200372750573,133443.13221583082,3122.819652422707,136565.95186825353,1252,13,661.1111111111111,36,0,22,31.70390554041781,0.6548032407407407,41.69481981981983,1033.2207207207216,28.7005755755756,0
1254,4,0,0,36,0.0,0.0,1.0,36,850,700,150,0.8235294117647058,10,7,3,391.3975689981429,0.35181878306878306,0.05297374642279484,0.24305843471164235,133532.0283028978,3252.8254226292124,136784.853725527,1253,14,662.1111111111111,35,1,22,31.49542739828295,0.6577380952380951,41.6087962962963,1033.5648148148148,29.53042328042328,0
1255,4,0,0,36,0.0,0.0,1.0,36,1000,600,400,0.6,14,6,8,396.23908663532575,0.35241402116402115,0.04490336542049134,0.2468619246861925,133651.68065200618,3391.603973765434,137043.2846257716,1254,15,663.1111111111111,35,1,22,31.250000000000004,0.6589285714285713,41.49305555555556,1034.0277777777778,29.543650793650794,0
1256,4,0,0,36,0.0,0.0,1.0,36,900,400,500,0.4444444444444444,14,4,10,399.96396558713565,0.3516865079365079,0.034936614466816174,0.2503976087079128,133831.2596450618,3505.5362654321098,137336.7959104939,1255,16,664.1111111111111,35,1,20,30.97315436241611,0.6607142857142856,41.31944444444445,1034.7222222222229,29.56349206349208,0
1257,4,0,0,36,0.0,0.0,1.0,36,1000,700,300,0.7,13,7,6,400.808118428218,0.3513392857142857,0.03778336749270217,0.2519486029051592,133981.00090288508,3540.1345754029644,137521.13547828805,1256,17,665.1111111111111,35,1,20,30.800843115334466,0.6622023809523809,41.174768518518526,1035.300925925927,29.580026455026484,0
1258,4,0,0,36,0.0,0.0,1.0,36,1250,1000,250,0.8,15,10,5,396.6822157853499,0.3506283068783069,0.046321120047661424,0.25078384150497574,134190.7793209878,3446.2191358024825,137636.99845679026,1257,18,666.1111111111111,35,1,20,30.697050938337796,0.6642857142857143,40.97222222222223,1036.1111111111122,29.603174603174637,0
1259,4,0,0,36,0.0,0.0,1.0,36,1200,800,400,0.6666666666666666,16,8,8,396.97374910300755,0.3510416666666667,0.04089600932852022,0.25199814817261823,134340.72151759703,3465.9479756087276,137806.66949320576,1258,19,667.1111111111111,35,1,21,30.539080235197794,0.6657738095238095,40.827546296296305,1036.6898148148161,29.619708994709033,0
1260,4,1,1,36,0.02702702702702703,0.02702702702702703,0.972972972972973,37,900,600,300,0.6666666666666666,12,6,6,389.5098466153769,0.35660660660660665,0.03364810593726264,0.24868705591597154,134550.78125000015,3081.770833333347,137632.5520833335,1259,0,650.0540540540541,36,1,21,30.522088353413647,0.665798611111111,40.62500000000001,1037.5000000000011,28.819444444444475,0
1261,4,0,0,36,0.0,0.0,1.0,36,800,500,300,0.625,11,5,6,399.0393813775507,0.351521164021164,0.03804563492063484,0.25393415178571427,134430.72702331978,3528.630829903992,137959.35785322377,1260,21,669.1111111111111,35,1,21,30.395275297619047,0.6666666666666665,40.74074074074075,1037.0370370370383,29.629629629629665,0
1262,4,0,0,36,0.0,0.0,1.0,36,1050,600,450,0.5714285714285714,15,6,9,397.2516572313348,0.35241402116402115,0.03625613565372632,0.25362990423231396,134550.78125000012,3490.1041666666806,138040.8854166668,1261,22,670.1111111111111,35,1,21,30.321285140562242,0.6678571428571427,40.62500000000001,1037.500000000001,29.642857142857167,0
1263,4,0,0,36,0.0,0.0,1.0,36,1150,800,350,0.6956521739130435,15,8,7,397.34823510717024,0.35284391534391535,0.028551751279023874,0.25457939117683304,134677.95589436765,3502.8096164936655,138180.76551086133,1262,23,671.1111111111111,33,3,22,30.1913616686344,0.673611111111111,40.50245098039216,1037.990196078432,31.454248366013093,0
1264,4,0,0,36,0.0,0.0,1.0,36,900,800,100,0.8888888888888888,10,8,2,396.644550304757,0.3523148148148148,0.02642724149686626,0.2550201759698415,134805.19061178388,3493.948841791609,138299.13945357548,1263,24,672.1111111111111,33,3,17,30.08221225710015,0.6748737373737375,40.37990196078431,1038.4803921568623,31.469102792632192,0
1265,4,0,0,36,0.0,0.0,1.0,36,850,600,250,0.7058823529411765,11,6,5,399.0028226756335,0.35155423280423276,0.03232549605514934,0.2574388075071552,134932.48540224903,3567.6885092272078,138500.17391147625,1264,25,673.1111111111111,33,3,18,29.893548006605332,0.6761363636363638,40.257352941176464,1038.9705882352932,31.48395721925131,0
1266,4,0,0,36,0.0,0.0,1.0,36,800,300,500,0.375,13,3,10,399.63955144179454,0.35115740740740736,0.03126310272536692,0.2583036125172572,134996.1553248749,3589.9605920799545,138586.11591695488,1265,26,674.1111111111111,33,3,18,29.813286163522015,0.6767676767676768,40.19607843137254,1039.2156862745087,31.49138443256087,0
1267,4,0,0,36,0.0,0.0,1.0,36,900,800,100,0.8888888888888888,10,8,2,399.5095407702015,0.3508101851851852,0.034260568914034284,0.25913141772892884,135123.54022491348,3596.628700499801,138720.16892541328,1266,27,675.1111111111111,33,3,19,29.68921892189219,0.678030303030303,40.0735294117647,1039.705882352941,31.50623885918003,0
1268,4,0,0,36,0.0,0.0,1.0,36,1350,1000,350,0.7407407407407407,17,10,7,399.1495445407679,0.3506283068783069,0.03611732977233162,0.25958484172547874,135219.11832288056,3594.529898356391,138813.64822123694,1267,28,676.1111111111111,33,3,19,29.602995758218448,0.6789772727272728,39.98161764705882,1040.0735294117642,31.51737967914437,0
1269,4,0,0,36,0.0,0.0,1.0,36,700,500,200,0.7142857142857143,9,5,4,405.04516606361534,0.3509920634920635,0.021953302235477423,0.2592645930794863,134643.43112244923,3707.3341836734976,138350.76530612272,1268,29,677.1111111111111,34,2,20,30.026238816242262,0.670955882352941,40.5357142857143,1037.8571428571447,30.525210084033667,3
1270,4,0,0,36,0.0,0.0,1.0,36,1200,1200,0,1.0,12,12,0,408.7555586669165,0.3506283068783069,0.02859289826277478,0.26297813376181267,134828.82653061228,3822.4064625850415,138651.2329931973,1269,30,678.1111111111111,34,2,18,29.744096744612577,0.6727941176470588,40.35714285714286,1038.571428571429,30.546218487394967,0
1271,4,0,0,36,0.0,0.0,1.0,36,1100,900,200,0.8181818181818182,13,9,4,414.33942771064557,0.35110780423280424,0.0314636568503881,0.26725352443686634,134921.57206632645,3980.665391156455,138902.2374574829,1270,31,679.1111111111111,34,2,18,29.506130399908344,0.6737132352941178,40.26785714285714,1038.9285714285706,30.556722689075606,0
1272,4,0,0,36,0.0,0.0,1.0,36,1050,800,250,0.7619047619047619,13,8,5,415.00848281590106,0.35095899470899466,0.03099147257222845,0.26837215222094946,135014.34948979595,4006.4200680272156,139020.76955782317,1271,32,680.1111111111111,34,2,18,29.39576174112257,0.6746323529411764,40.17857142857143,1039.2857142857147,30.567226890756313,0
1273,4,0,0,36,0.0,0.0,1.0,36,900,600,300,0.6666666666666666,12,6,6,407.73749705634646,0.35067791005291005,0.021531435259394938,0.2645749850884198,135138.10232426305,3820.174319727893,138958.27664399095,1272,33,681.1111111111111,34,2,18,29.46077589496985,0.6758578431372548,40.05952380952381,1039.7619047619048,30.581232492997202,0
1274,4,0,0,36,0.0,0.0,1.0,36,1050,700,350,0.6666666666666666,14,7,7,408.54728803224367,0.3504960317460317,0.02456592253386769,0.265327922748078,135169.0493905896,3844.589710884355,139013.63910147393,1273,34,682.1111111111111,34,2,18,29.40874833047128,0.6761642156862745,40.029761904761905,1039.8809523809525,30.584733893557427,0
1275,4,0,0,36,0.0,0.0,1.0,36,700,500,200,0.7142857142857143,9,5,4,413.0260064007982,0.35067791005291005,0.024846438518179692,0.26869755904123405,135230.95415249432,3970.7801870748303,139201.73433956914,1274,35,683.1111111111111,34,2,18,29.230332684750685,0.6767769607843137,39.970238095238095,1040.1190476190475,30.591736694677866,0
1276,4,0,0,36,0.0,0.0,1.0,36,800,600,200,0.75,10,6,4,412.06700166309884,0.35028108465608465,0.027258566978193288,0.26838102977883554,135272.23186728387,3948.244598765419,139220.4764660493,1275,36,684.1111111111111,35,1,19,29.21395193591454,0.675,39.93055555555555,1040.2777777777771,29.722222222222204,0
1277,4,0,0,36,0.0,0.0,1.0,36,800,600,200,0.75,10,6,4,415.3278701709106,0.35011574074074076,0.02141268075639613,0.2709577324264503,135332.4398255315,4041.4667995541813,139373.90662508568,1276,37,685.1111111111111,35,1,19,29.068872821653684,0.6755952380952381,39.87268518518518,1040.509259259259,29.728835978835967,0
1278,4,0,0,36,0.0,0.0,1.0,36,900,700,200,0.7777777777777778,11,7,4,423.478646250771,0.35011574074074076,-0.00786843867511422,0.2516373112845486,131877.8061224487,3969.821859427901,135847.6279818766,1277,38,686.1111111111111,34,2,20,32.33995904806058,0.6433823529411766,43.2142857142857,1027.142857142855,30.210084033613384,5
1279,4,0,0,36,0.0,0.0,1.0,36,800,600,200,0.75,10,6,4,427.7038872909736,0.34980158730158734,-0.007332972959058548,0.25517399163669474,132030.69905045335,4094.0086451246993,136124.70769557805,1278,39,687.1111111111111,34,2,20,32.07628672921734,0.6449142156862746,43.06547619047618,1027.738095238094,30.22759103641453,0
1280,4,0,0,36,0.0,0.0,1.0,36,650,500,150,0.7692307692307693,8,5,3,425.8895009676986,0.34978505291005296,-0.008532159678789286,0.25429667713382487,132061.28826530598,4048.7032312924975,136109.99149659846,1279,40,688.1111111111111,34,2,20,32.091875144776466,0.6452205882352942,43.03571428571428,1027.8571428571418,30.23109243697476,0
1281,4,0,0,36,0.0,0.0,1.0,36,550,300,250,0.5454545454545454,8,3,5,424.205277476299,0.34991732804232806,-0.005976275024445421,0.2537006077759915,132122.47732426302,4009.410430839,136131.887755102,1280,41,689.1111111111111,34,2,20,32.073104832484184,0.6458333333333333,42.976190476190474,1028.0952380952378,30.23809523809523,0
1282,4,0,0,36,0.0,0.0,1.0,36,1200,900,300,0.75,15,9,6,426.2052897966287,0.35018187830687836,-0.011147766588210706,0.2555161345283188,132214.28748582758,4070.08574263038,136284.37322845796,1281,42,690.1111111111111,34,2,20,31.928608635258723,0.6467524509803921,42.88690476190476,1028.4523809523803,30.24859943977589,0
1283,4,0,0,36,0.0,0.0,1.0,36,700,500,200,0.7142857142857143,9,5,4,423.9838853805022,0.3499669312169312,-0.013535400277649323,0.2552170407541128,132367.37528344666,4024.326814058948,136391.7020975056,1282,43,691.1111111111111,34,2,20,31.830605043961118,0.6482843137254901,42.738095238095234,1029.0476190476186,30.266106442577016,0
1284,4,0,0,36,0.0,0.0,1.0,36,1050,800,250,0.7619047619047619,13,8,5,422.6960157365128,0.3506944444444444,-0.011142199468190617,0.25486172549683944,132429.53619100832,3995.4910058386135,136425.02719684693,1283,44,692.1111111111111,33,3,20,31.800784815652644,0.651199494949495,42.677696078431374,1029.289215686275,31.190582293523484,0
1285,4,0,0,36,0.0,0.0,1.0,36,750,500,250,0.6666666666666666,10,5,5,421.89601199564737,0.3507440476190476,-0.012516861064826301,0.2550194455242755,132524.15687475976,3982.2826557093426,136506.4395304691,1284,45,693.1111111111111,33,3,21,31.72558121082281,0.6521464646464646,42.58578431372549,1029.6568627450984,31.20172311348783,0
1286,4,0,0,36,0.0,0.0,1.0,36,900,500,400,0.5555555555555556,13,5,8,420.9103894553412,0.35028108465608465,-0.024010627329684953,0.25527941802031734,132650.3703503461,3966.783809111892,136617.15415945798,1285,46,694.1111111111111,33,3,19,31.623245300975494,0.6534090909090908,42.46323529411765,1030.14705882353,31.216577540106968,0
1287,4,0,0,36,0.0,0.0,1.0,36,650,600,50,0.9230769230769231,7,6,1,418.78744091810756,0.34938822751322757,-0.019322235434007018,0.25484821838793664,132776.64389898116,3921.0381824298393,136697.682081411,1286,47,695.1111111111111,33,3,19,31.550237812128426,0.6546717171717171,42.34068627450981,1030.637254901961,31.23143196672609,0
1288,4,1,0,37,0.02702702702702703,0.0,1.0,37,700,600,100,0.8571428571428571,8,6,2,412.1052722602032,0.3558871371371371,-0.00043642258175125015,0.25340090145361455,133164.85969387766,3575.5881519274535,136740.44784580512,1287,0,677.2972972972973,34,3,21,31.330497885428695,0.65625,41.96428571428572,1032.142857142858,30.357142857142883,0
1289,4,0,0,37,0.0,0.0,1.0,37,700,500,200,0.7142857142857143,9,5,4,412.562053740657,0.3562937937937938,-0.003403703553628734,0.25389109779881036,133195.5800028345,3590.2884070294804,136785.86840986396,1288,1,678.2972972972973,34,3,21,31.28772152385345,0.6565563725490196,41.93452380952381,1032.261904761905,30.36064425770309,0
1290,4,0,0,37,0.0,0.0,1.0,37,750,600,150,0.8,9,6,3,413.00903956917807,0.35619994994994997,-0.0028797247431933126,0.25437602209828925,133226.30385487527,3604.7335600907036,136831.03741496598,1289,2,679.2972972972973,34,3,21,31.245195264452654,0.6568627450980392,41.904761904761905,1032.3809523809523,30.364145658263304,0
1291,4,1,0,38,0.02631578947368421,0.0,1.0,38,950,900,50,0.9473684210526315,10,9,1,404.41375999639797,0.3610567804646752,-0.0001798211222019397,0.2505344646417659,133442.32420535415,3193.182414909128,136635.50662026327,1290,0,662.3947368421053,35,3,22,31.24941656398192,0.6568452380952381,41.695601851851855,1033.217592592593,29.52050264550266,0
1292,4,0,0,38,0.0,0.0,1.0,38,600,300,300,0.5,9,3,6,402.57544224765866,0.36142721669037453,0.0023344651952459383,0.24959677419354845,133472.22222222228,3146.5277777777874,136618.75000000006,1291,1,663.3947368421053,35,3,22,31.266801075268823,0.657142857142857,41.66666666666667,1033.333333333334,29.52380952380954,0
1293,4,0,0,38,0.0,0.0,1.0,38,900,600,300,0.6666666666666666,12,6,6,405.534055486956,0.3617532005689901,0.005809979494189488,0.2522444417555358,133591.8477794926,3235.2087620027537,136827.05654149535,1292,2,664.3947368421053,35,3,22,31.069935811315105,0.6583333333333332,41.55092592592593,1033.7962962962972,29.537037037037063,0
1294,4,0,0,38,0.0,0.0,1.0,38,650,300,350,0.46153846153846156,10,3,7,404.6824688413486,0.3619310099573258,0.008076773532218251,0.2521222577844219,133651.6806520062,3217.29841820988,136868.9790702161,1293,3,665.3947368421053,35,3,22,31.031732706514443,0.6589285714285713,41.49305555555556,1034.027777777778,29.5436507936508,0
1295,4,1,0,39,0.02564102564102564,0.0,1.0,39,950,600,350,0.631578947368421,13,6,7,398.34803530119376,0.36622807017543857,0.004551958429908964,0.2503085091267174,133967.23740209817,2873.117162770891,136840.35456486905,1294,0,649.3076923076923,36,3,17,30.878340403930526,0.6600115740740741,41.18806306306307,1035.2477477477487,28.75688188188191,0
1296,4,0,0,39,0.0,0.0,1.0,39,850,600,250,0.7058823529411765,11,6,5,397.3905672561989,0.36591880341880345,0.0031681754544492513,0.2499048478353963,133996.38447569194,2849.7798474149895,136846.16432310693,1295,1,650.3076923076923,36,3,17,30.87384888695528,0.6603009259259258,41.15990990990991,1035.3603603603606,28.760010010010017,0
1297,4,0,1,38,0.0,0.02564102564102564,0.9743589743589743,39,700,500,200,0.7142857142857143,9,5,4,401.92527492237565,0.36591880341880345,0.00040151236323482387,0.2531578649442581,134054.68813408012,2975.993476584706,137030.68161066482,1296,2,651.3076923076923,36,3,17,30.697903073800212,0.6608796296296295,41.10360360360361,1035.5855855855864,28.76626626626629,0
1298,4,0,0,38,0.0,0.0,1.0,38,550,400,150,0.7272727272727273,7,4,3,410.0082909397187,0.3615457562825984,-0.0006328033482656537,0.25689447297070955,133861.20119866685,3376.8404653206453,137238.0416639875,1297,3,669.2894736842105,35,3,17,30.683205644409654,0.6610119047619047,41.29050925925926,1034.837962962963,29.566798941798943,0
1299,4,0,0,38,0.0,0.0,1.0,38,1200,900,300,0.75,15,9,6,407.49175918407514,0.3609826932195353,-0.00887389480743317,0.25656782332300615,134040.9208488725,3324.1141278720806,137365.0349767446,1298,4,670.2894736842105,35,3,17,30.567625088484043,0.662797619047619,41.116898148148145,1035.5324074074067,29.58664021164019,0
1300,4,0,0,38,0.0,0.0,1.0,38,1100,700,400,0.6363636363636364,15,7,8,407.89088979744713,0.36123458985301093,-0.012566892090561721,0.257448763306569,134130.82588520227,3342.1483839163143,137472.9742691186,1299,5,671.2894736842105,35,3,17,30.46694599627559,0.6636904761904763,41.03009259259259,1035.879629629629,29.59656084656083,0
1301,4,0,0,38,0.0,0.0,1.0,38,1250,1000,250,0.8,15,10,5,408.11315959339777,0.3612494073020389,-0.011751112783635165,0.2577996394862738,134160.80092860496,3350.5576721107495,137511.3586007157,1300,6,672.2894736842105,35,3,17,30.431073809257803,0.6639880952380952,41.0011574074074,1035.995370370369,29.59986772486769,0
1302,4,0,0,38,0.0,0.0,1.0,38,350,200,150,0.5714285714285714,5,2,3,408.11315959339777,0.3612494073020389,-0.011751112783635165,0.2577996394862738,134160.80092860496,3350.5576721107495,137511.3586007157,1301,7,673.2894736842105,35,3,17,30.431073809257803,0.6639880952380952,41.0011574074074,1035.995370370369,29.59986772486769,0
1303,4,0,0,38,0.0,0.0,1.0,38,650,300,350,0.46153846153846156,10,3,7,406.7088816853428,0.36123458985301093,-0.010723860589812118,0.25712273367564864,134190.7793209875,3315.3163580246755,137506.09567901216,1302,8,674.2894736842105,35,3,17,30.437332439678283,0.6642857142857144,40.972222222222214,1036.11111111111,29.60317460317457,0
1304,4,0,0,38,0.0,0.0,1.0,38,850,600,250,0.7058823529411765,11,6,5,404.1977837335931,0.3612938596491228,-0.01671114350540215,0.2559538158098013,134250.74615269198,3252.7708118998557,137503.51696459184,1303,9,675.2894736842105,35,3,17,30.44216737398555,0.6648809523809525,40.91435185185185,1036.3425925925922,29.609788359788347,0
1305,4,0,0,38,0.0,0.0,1.0,38,1050,700,350,0.6666666666666666,14,7,7,404.23720073782414,0.36196064485538165,-0.02036858559977439,0.2563986097597698,134310.72638031538,3258.678412208488,137569.40479252386,1304,10,676.2894736842105,35,3,17,30.380936429953834,0.6654761904761906,40.856481481481474,1036.574074074073,29.616402116402085,0
1306,4,0,0,38,0.0,0.0,1.0,38,1000,800,200,0.8,12,8,4,402.45089182989256,0.3619161925082978,-0.02786083973187814,0.2558947863665015,134400.7218390989,3217.938073345333,137618.65991244424,1305,11,677.2894736842105,35,3,17,30.336928414629604,0.6663690476190476,40.769675925925924,1036.921296296296,29.626322751322746,0
1307,4,1,0,39,0.02564102564102564,0.0,1.0,39,700,400,300,0.5714285714285714,10,4,6,394.6054274730375,0.3669871794871795,-0.020753179047634962,0.25275039784704556,134667.6421987866,2828.116503327647,137495.75870211425,1306,0,660.8974358974359,36,3,18,30.272865357491593,0.6669560185185186,40.512387387387385,1037.9504504504503,28.83195695695695,0
1308,4,0,0,39,0.0,0.0,1.0,39,950,700,250,0.7368421052631579,12,7,5,396.5558697728693,0.3665092217723797,-0.017270148506591143,0.2546131698680958,134755.32119957794,2887.602720964203,137642.92392054215,1307,1,661.8974358974359,36,3,19,30.134445046999264,0.6678240740740742,40.427927927927925,1038.2882882882882,28.841341341341337,0
1309,4,0,0,39,0.0,0.0,1.0,39,950,700,250,0.7368421052631579,12,7,5,398.4909835874438,0.3668747188484031,-0.020515044365868373,0.2566816223890071,134872.27091956823,2949.07677948219,137821.3476990504,1308,2,662.8974358974359,36,3,16,29.9671147730558,0.6689814814814814,40.31531531531532,1038.738738738739,28.85385385385386,0
1310,4,0,1,38,0.0,0.02564102564102564,0.9743589743589743,39,1050,700,350,0.6666666666666666,14,7,7,394.7394823693809,0.3666216824111561,-0.019154340853885454,0.2546759765272664,134930.7648019642,2852.500050726411,137783.2648526906,1309,3,663.8974358974359,36,3,16,30.006006575619626,0.6695601851851851,40.25900900900901,1038.9639639639645,28.860110110110124,0
1311,4,0,0,38,0.0,0.0,1.0,38,1350,1000,350,0.7407407407407407,17,10,7,402.28005983849243,0.361160502607871,-0.021300744338277777,0.25875691590901745,134821.09917534728,3247.1679687500055,138068.26714409728,1310,16,682.2894736842105,35,3,16,29.91996823804748,0.6705357142857142,40.364583333333336,1038.541666666667,29.672619047619055,0
1312,4,0,1,37,0.0,0.02631578947368421,0.9736842105263158,38,850,600,250,0.7058823529411765,11,6,5,401.97068613682376,0.36148648648648646,-0.02663832282656542,0.258986856287006,134881.20666420186,3243.6582379543875,138124.86490215626,1311,17,683.2894736842105,35,3,16,29.867804085422467,0.6711309523809523,40.30671296296296,1038.7731481481483,29.679232804232807,0
1313,4,0,0,37,0.0,0.0,1.0,37,900,600,300,0.6666666666666666,12,6,6,404.0785746245058,0.36151776776776773,-0.03377604408532231,0.2613041449238471,135014.34948979592,3511.281179138325,138525.63066893423,1312,18,681.0540540540541,34,3,16,29.67974417716686,0.6746323529411764,40.17857142857143,1039.2857142857144,30.567226890756306,0
1314,4,0,0,37,0.0,0.0,1.0,37,850,600,250,0.7058823529411765,11,6,5,401.77793071760357,0.3621746746746746,-0.04090727622160095,0.2604845337013238,135107.1588010204,3456.6149376417243,138563.77373866213,1313,19,682.0540540540541,34,3,16,29.646646818580862,0.6755514705882353,40.089285714285715,1039.642857142857,30.577731092436974,0
1315,4,0,0,37,0.0,0.0,1.0,37,900,500,400,0.5555555555555556,13,5,8,401.96365466798136,0.3623310810810811,-0.04391891891891886,0.2612763755341879,135200.00000000003,3469.097222222221,138669.09722222225,1314,20,683.0540540540541,34,3,17,29.54894497863248,0.6764705882352942,40.0,1040.0000000000002,30.588235294117652,0
1316,4,0,1,36,0.0,0.02702702702702703,0.972972972972973,37,950,700,250,0.7368421052631579,12,7,5,396.10931345854266,0.36151776776776773,-0.04323362508415862,0.25885283042290835,135392.66117969833,3326.0588134430905,138718.71999314142,1315,21,684.0540540540541,35,2,17,29.508637307236068,0.676190476190476,39.814814814814824,1040.7407407407418,29.735449735449766,0
1317,4,0,0,36,0.0,0.0,1.0,36,1300,1000,300,0.7692307692307693,16,10,6,405.92671033649174,0.3553240740740741,-0.04428811103485086,0.2652175860808379,135385.77806122444,3791.340702947841,139177.11876417228,1316,29,703.4722222222222,34,2,18,29.260085411423784,0.6783088235294117,39.82142857142857,1040.7142857142853,30.60924369747898,0
1318,4,0,0,36,0.0,0.0,1.0,36,500,400,100,0.8,6,4,2,403.77538219526787,0.3553406084656085,-0.045169468908459964,0.2640395038543923,135416.75347222216,3735.590277777771,139152.34374999994,1317,30,704.4722222222222,34,2,18,29.285094742460632,0.6786151960784315,39.791666666666664,1040.833333333333,30.612745098039206,0
1319,4,0,0,36,0.0,0.0,1.0,36,650,500,150,0.7692307692307693,8,5,3,404.17912499822114,0.3553902116402117,-0.04516112635966241,0.2645316069599136,135447.73242630382,3749.0291950113315,139196.76162131515,1318,31,705.4722222222222,34,2,18,29.243624199451048,0.678921568627451,39.76190476190476,1040.9523809523807,30.616246498599434,0
1320,4,0,0,36,0.0,0.0,1.0,36,750,200,550,0.26666666666666666,13,2,11,400.5757198091812,0.3557208994708995,-0.04712823248488551,0.26308081057738114,135571.68367346935,3661.3449546485153,139233.02862811787,1319,32,706.4722222222222,34,2,18,29.213582152110945,0.6801470588235294,39.64285714285714,1041.428571428571,30.630252100840327,0
1321,4,0,0,36,0.0,0.0,1.0,36,900,600,300,0.6666666666666666,12,6,6,401.94599552486716,0.3549603174603175,-0.039762340036563204,0.26489693921940033,135695.69160997728,3708.467970521531,139404.15958049882,1320,33,707.4722222222222,34,2,18,29.05407335466178,0.6813725490196079,39.52380952380952,1041.9047619047615,30.64425770308122,0
1322,4,0,0,36,0.0,0.0,1.0,36,800,400,400,0.5,12,4,8,401.5655335525586,0.35411706349206346,-0.03728871630881703,0.2655670552708612,135819.75623582758,3708.1065759637045,139527.86281179127,1321,34,708.4722222222222,34,2,19,28.94015532206485,0.6825980392156863,39.4047619047619,1042.3809523809518,30.658263305322112,0
1323,4,0,0,36,0.0,0.0,1.0,36,850,500,350,0.5882352941176471,12,5,7,402.4853658240478,0.3541666666666667,-0.03994582112088063,0.2664069802359171,135850.78124999985,3735.5902777777615,139586.3715277776,1322,35,709.4722222222222,34,2,19,28.885225153210776,0.682904411764706,39.37499999999999,1042.4999999999989,30.66176470588232,0
1324,4,0,0,36,0.0,0.0,1.0,36,650,400,250,0.6153846153846154,9,4,5,401.03547674151923,0.35391865079365076,-0.0354832572298327,0.2661417254739172,135943.8775510203,3703.6635487528174,139647.5410997731,1323,36,710.4722222222222,34,2,16,28.830146499238957,0.6838235294117647,39.28571428571428,1042.857142857142,30.672268907562998,0
1325,4,0,0,36,0.0,0.0,1.0,36,1100,700,400,0.6363636363636364,15,7,8,418.1841831425603,0.35372023809523806,-0.07168458781361986,0.25927419354838716,133472.22222222204,3963.194444444426,137435.41666666648,1324,37,711.4722222222222,34,2,16,30.863575268817215,0.6593137254901962,41.66666666666666,1033.333333333332,30.392156862745054,7
1326,4,1,1,36,0.02702702702702703,0.02702702702702703,0.972972972972973,37,750,500,250,0.6666666666666666,10,5,5,409.6001432969384,0.3573260760760761,-0.07528849498631263,0.25539269227900485,133681.6021117325,3551.200676225974,137232.80278795847,1325,0,693.2162162162163,35,2,17,30.874487036000737,0.6592261904761906,41.46412037037036,1034.143518518517,29.54695767195763,0
1327,4,0,0,36,0.0,0.0,1.0,36,850,600,250,0.7058823529411765,11,6,5,417.28637470479487,0.3537037037037037,-0.07074312912636271,0.259578429651607,133595.26643990912,3949.496882086146,137544.76332199527,1326,39,713.4722222222222,34,2,17,30.76275333947489,0.6605392156862746,41.54761904761904,1033.8095238095223,30.40616246498595,0
1328,4,0,0,36,0.0,0.0,1.0,36,850,700,150,0.8235294117647058,10,7,3,424.3077177426626,0.35401785714285716,-0.06755348397079286,0.2650474305870591,133749.15143140574,4150.159438775499,137899.31087018125,1327,40,714.4722222222222,34,2,15,30.426161430160743,0.6620710784313726,41.39880952380952,1034.4047619047608,30.423669467787082,0
1329,4,0,0,36,0.0,0.0,1.0,36,1100,800,300,0.7272727272727273,14,8,6,430.19535890000617,0.35438161375661376,-0.06616754221148513,0.269624243325,133872.3232001132,4318.250425170054,138190.57362528326,1328,41,715.4722222222222,34,2,15,30.14973733655433,0.663296568627451,41.2797619047619,1034.8809523809512,30.437675070027975,0
1330,4,0,0,36,0.0,0.0,1.0,36,1200,900,300,0.75,15,9,6,426.3407406207872,0.353968253968254,-0.05918846411804135,0.26821689631459644,134010.95920138882,4226.8663194444325,138237.82552083326,1329,42,716.4722222222222,35,1,15,30.10982562038899,0.6625,41.14583333333333,1035.416666666666,29.583333333333314,0
1331,4,0,0,36,0.0,0.0,1.0,36,1000,800,200,0.8,12,8,4,432.64786355736044,0.35314153439153434,-0.05603330603330614,0.27396951699381944,134250.7461526921,4416.659700788757,138667.40585348086,1330,43,717.4722222222222,35,1,15,29.705066636884816,0.6648809523809524,40.914351851851855,1036.342592592593,29.60978835978837,0
1332,4,0,0,36,0.0,0.0,1.0,36,1050,600,450,0.5714285714285714,15,6,9,435.5229591836733,0.3528769841269841,-0.05523313492063475,0.27715097402597405,134430.72702331963,4509.533607681755,138940.26063100138,1331,44,718.4722222222222,35,1,15,29.449404761904752,0.6666666666666666,40.74074074074074,1037.0370370370372,29.629629629629633,0
1333,4,0,0,36,0.0,0.0,1.0,36,550,300,250,0.5454545454545454,8,3,5,435.2198842828491,0.3528604497354497,-0.05405246259312979,0.2776424073186605,134520.76266986033,4509.222152563453,139029.98482242378,1332,45,719.4722222222222,35,1,15,29.366678753393586,0.6675595238095238,40.65393518518519,1037.38425925926,29.639550264550287,0
1334,4,0,0,36,0.0,0.0,1.0,36,550,100,450,0.18181818181818182,10,1,9,433.73346929330694,0.35264550264550265,-0.050861662396593954,0.2773921241254407,134612.54428854873,4477.196517914003,139089.74080646274,1333,46,720.4722222222222,34,2,16,29.31293258384,0.6706495098039216,40.56547619047619,1037.7380952380952,30.52170868347339,0
1335,4,0,0,36,0.0,0.0,1.0,36,950,800,150,0.8421052631578947,11,8,3,429.49350859193044,0.35294312169312164,-0.05173654907057024,0.2756153707454178,134736.11288265313,4373.657171201826,139109.77005385497,1334,47,721.4722222222222,34,2,17,29.298771165386242,0.671875,40.44642857142858,1038.2142857142862,30.535714285714302,0
1336,4,0,0,36,0.0,0.0,1.0,36,900,800,100,0.8888888888888888,10,8,2,428.1695003465341,0.3524305555555556,-0.04833244159086858,0.27499958630504223,134767.01388888896,4340.62500000001,139107.63888888896,1335,48,722.4722222222222,34,2,17,29.302100053504553,0.6721813725490196,40.41666666666667,1038.333333333334,30.539215686274527,0
1337,4,0,0,36,0.0,0.0,1.0,36,1250,600,650,0.48,19,6,13,423.83968657954176,0.35142195767195766,-0.05785799168152128,0.2733035220357735,134911.2654320988,4236.149691358027,139147.41512345683,1336,49,723.4722222222222,35,1,14,29.269719251336895,0.6714285714285714,40.27777777777778,1038.8888888888891,29.68253968253969,0
1338,4,0,0,36,0.0,0.0,1.0,36,950,700,250,0.7368421052631579,12,7,5,424.34114910144274,0.3507275132275132,-0.06007176441474893,0.2745377175022304,135031.53399348425,4259.887259945133,139291.42125342938,1337,50,724.4722222222222,35,1,15,29.13604305864884,0.6726190476190477,40.16203703703704,1039.3518518518522,29.695767195767207,0
1339,4,0,0,36,0.0,0.0,1.0,36,700,400,300,0.5714285714285714,10,4,6,424.4596541398364,0.3517195767195767,-0.06401288854255549,0.27530116051538994,135121.77057881086,4270.748001328874,139392.51858013973,1338,51,725.4722222222222,35,1,15,29.04247374670674,0.6735119047619047,40.07523148148148,1039.699074074074,29.705687830687825,0
1340,4,0,0,36,0.0,0.0,1.0,36,950,600,350,0.631578947368421,13,6,7,426.62850580420604,0.35102513227513227,-0.06622219749514746,0.2776329023651268,135242.1329116298,4339.629817172496,139581.7627288023,1339,52,726.4722222222222,35,1,15,28.865421349356467,0.6747023809523809,39.95949074074074,1040.1620370370372,29.71891534391535,0
1341,4,0,0,36,0.0,0.0,1.0,36,750,500,250,0.6666666666666666,10,5,5,429.6087879671461,0.3513227513227513,-0.06798465131798492,0.28050926743737187,135362.54882812503,4430.58810763889,139793.1369357639,1340,53,727.4722222222222,35,1,16,28.66720887554221,0.6758928571428571,39.84375,1040.6250000000002,29.732142857142865,0
1342,4,0,1,35,0.0,0.027777777777777776,0.9722222222222222,36,1300,1000,300,0.7692307692307693,16,10,6,430.6333453034832,0.35036375661375657,-0.07795001913792876,0.28307300762498494,135603.54141214408,4479.081334662194,140082.62274680627,1341,54,728.4722222222222,35,1,17,28.39910453013298,0.6782738095238096,39.61226851851851,1041.550925925925,29.758597883597854,0
1343,4,0,0,35,0.0,0.0,1.0,35,650,500,150,0.7692307692307693,8,5,3,433.26003745169504,0.34940476190476194,-0.07457505347549909,0.2847927924616737,135602.6803429703,4750.244472789093,140352.92481575938,1342,55,737.2857142857143,34,1,17,28.331571227187865,0.6804534313725491,39.61309523809523,1041.5476190476174,30.633753501400513,0
1344,4,0,0,35,0.0,0.0,1.0,35,850,500,350,0.5882352941176471,12,5,7,417.2321413582041,0.34940476190476194,-0.04996450446583356,0.25299998032043025,132643.15653344675,4068.597647392289,136711.75418083902,1343,56,738.2857142857143,34,1,16,31.725268692938865,0.6510416666666666,42.470238095238095,1030.1190476190477,30.29761904761905,6
1345,4,0,0,35,0.0,0.0,1.0,35,900,800,100,0.8888888888888888,10,8,2,419.58451868361794,0.3487044817927171,-0.053829653829653656,0.25546854871749375,132796.49234693864,4143.87046485259,136940.36281179124,1344,57,739.2857142857143,34,1,16,31.509634634634622,0.6525735294117647,42.32142857142856,1030.7142857142846,30.315126050420137,0
1346,4,0,0,35,0.0,0.0,1.0,35,1200,900,300,0.75,15,9,6,395.93261624743184,0.3487044817927171,-0.09058932428262856,0.22631703866982816,130387.71896626288,3347.973098553138,133735.69206481602,1345,58,740.2857142857143,33,2,19,34.559735221182315,0.6306818181818183,44.66911764705882,1021.323529411764,30.949197860962546,5
1347,4,0,0,35,0.0,0.0,1.0,35,1050,600,450,0.5714285714285714,15,6,9,392.51048109902365,0.34828431372549024,-0.09063613929256897,0.22472303368416624,130450.30757400987,3240.622597078034,133690.9301710879,1346,59,741.2857142857143,33,2,19,34.58343330134358,0.6313131313131313,44.607843137254896,1021.5686274509794,30.956625074272104,0
1348,4,1,0,36,0.027777777777777776,0.0,1.0,36,1000,800,200,0.8,12,8,4,379.38993216552103,0.35224867724867726,-0.0830424327049879,0.21941299307069215,130840.48327664383,2727.9124149659683,133568.3956916098,1347,0,721.6666666666666,34,2,16,34.522389651694965,0.6329656862745099,44.22619047619047,1023.0952380952369,30.091036414565792,0
1349,4,0,0,36,0.0,0.0,1.0,36,400,300,100,0.75,5,3,2,379.0233124893812,0.3526951058201058,-0.08291329016582016,0.21972106658605603,130931.84700963715,2725.2444727891098,133657.09148242624,1348,1,722.6666666666666,34,2,17,34.439096971811864,0.6338848039215687,44.13690476190476,1023.4523809523806,30.10154061624649,0
1350,4,1,0,37,0.02702702702702703,0.0,1.0,37,900,600,300,0.6666666666666666,12,6,6,371.01989217079,0.3600788288288288,-0.07227966699332333,0.21680786174178235,131239.16437596444,2338.468123070977,133577.63249903542,1349,0,704.1081081081081,35,2,18,34.332641477465266,0.6348214285714286,43.83680555555555,1024.6527777777771,29.275793650793634,0
1351,4,0,0,37,0.0,0.0,1.0,37,750,500,250,0.6666666666666666,10,5,5,369.3474227635719,0.3607982982982983,-0.07631663283837187,0.21616466811443663,131298.46810967496,2298.950161822683,133597.41827149765,1350,1,705.1081081081081,35,2,18,34.31547619047618,0.6354166666666667,43.778935185185176,1024.8842592592582,29.282407407407376,0
1352,4,1,1,37,0.02631578947368421,0.02631578947368421,0.9736842105263158,38,900,700,200,0.7777777777777778,11,7,4,366.4115800946718,0.364790777619725,-0.07834088073564072,0.21623978742374692,131616.8533398264,2045.1878398669035,133662.0411796933,1351,0,687.5263157894736,36,2,14,34.068856087211,0.6365740740740741,43.46846846846847,1026.1261261261268,28.503503503503524,0
1353,4,0,0,37,0.0,0.0,1.0,37,1000,600,400,0.6,14,6,8,371.9299417430174,0.3590465465465465,-0.08052005073665724,0.2192012635379061,131565.50068587108,2386.629801097396,133952.13048696847,1352,3,707.1081081081081,35,2,14,33.9792042719615,0.638095238095238,43.51851851851852,1025.925925925926,29.312169312169317,0
1354,4,0,0,37,0.0,0.0,1.0,37,1050,700,350,0.6666666666666666,14,7,7,357.2845874205558,0.3590465465465465,-0.023158359064843648,0.20402119891244305,130348.8201038875,1914.324882314725,132263.1449862022,1353,4,708.1081081081081,36,1,15,35.58598919276576,0.6238425925925927,44.7072072072072,1021.1711711711698,28.36586586586583,3
1355,4,0,0,37,0.0,0.0,1.0,37,850,500,350,0.5882352941176471,12,5,7,357.6378260959415,0.35882757757757755,-0.018302094818081427,0.20452554115322738,130406.32482144292,1927.6469036604024,132333.97172510333,1354,5,709.1081081081081,36,1,16,35.51865123116501,0.6244212962962964,44.65090090090089,1021.3963963963952,28.37212212212209,0
1356,4,1,1,37,0.02631578947368421,0.02631578947368421,0.9736842105263158,38,800,600,200,0.75,10,6,4,351.8483240116632,0.3614420341394025,-0.020741175408504064,0.20309660683049413,130766.77439212025,1602.0140812557302,132368.788473376,1355,0,691.421052631579,37,1,12,35.30142224128074,0.6261261261261263,44.29824561403507,1022.8070175438564,27.643432906590714,0
1357,4,0,0,37,0.0,0.0,1.0,37,700,400,300,0.5714285714285714,10,4,6,360.0073990945089,0.356981981981982,-0.022031284423881914,0.20710691818630864,130636.47050766973,2006.0191948705356,132642.48970254028,1356,7,711.1081081081081,36,1,12,35.22481089814204,0.6267361111111112,44.42567567567567,1022.2972972972965,28.397147147147123,0
1358,4,0,0,37,0.0,0.0,1.0,37,900,600,300,0.6666666666666666,12,6,6,355.75128246740996,0.3577327327327327,-0.01607221488331101,0.20557535941055652,130809.21292914523,1907.109051619173,132716.3219807644,1357,8,712.1081081081081,36,1,12,35.15865808014092,0.6284722222222223,44.25675675675675,1022.9729729729719,28.415915915915885,0
1359,4,0,0,37,0.0,0.0,1.0,37,1100,1000,100,0.9090909090909091,12,10,2,358.44262611163373,0.35792042042042044,-0.010559894401055647,0.2082173746952625,131010.89000740589,1991.9774926953808,133002.86750010127,1358,9,713.1081081081081,36,1,13,34.88569280973857,0.6304976851851853,44.059684684684676,1023.76126126126,28.437812812812776,0
1360,4,0,0,37,0.0,0.0,1.0,37,950,600,350,0.631578947368421,13,6,7,356.99614934968736,0.3575763263263263,-0.008357158566087541,0.2078439809338064,131097.37059694828,1960.2512985958906,133057.62189554417,1359,10,714.1081081081081,36,1,13,34.83523935195366,0.6313657407407407,43.97522522522522,1024.099099099099,28.447197197197195,0
1361,4,0,0,37,0.0,0.0,1.0,37,750,300,450,0.4,12,3,9,354.2864696939652,0.3569507007007007,-0.011206328279498745,0.20751064653503679,131328.125,1905.555555555556,133233.68055555556,1360,11,715.1081081081081,36,1,14,34.67140921409214,0.6336805555555556,43.75,1025.0,28.47222222222222,0
1362,4,0,0,37,0.0,0.0,1.0,37,750,600,150,0.8,9,6,3,372.2801140785847,0.3569507007007007,0.013213213213213226,0.20901760594914925,129688.4273420378,2364.5914495576444,132053.01879159544,1361,12,716.1081081081081,36,1,13,35.874792703150916,0.6171875000000002,45.35472972972972,1018.5810810810796,28.293918918918877,7
1363,4,0,0,37,0.0,0.0,1.0,37,850,600,250,0.7058823529411765,11,6,5,359.01286199800165,0.3570758258258258,0.020418944578444398,0.18873999726765198,127063.62771132644,1724.763488150341,128788.39119947678,1362,13,717.1081081081081,36,1,16,38.895714658028965,0.5905671296296295,47.944819819819834,1008.2207207207227,28.006131131131188,6
1364,4,2,0,39,0.05128205128205128,0.0,1.0,39,850,700,150,0.8235294117647058,10,7,3,348.2854266930248,0.36948942869995505,0.04873990118678839,0.18606032873758982,127712.20419908357,1096.0599066769346,128808.2641057605,1363,0,681.2820512820513,38,1,18,38.50125955677696,0.5934758771929822,47.30235042735045,1010.7905982906013,26.59975258659477,0
1365,4,1,0,40,0.025,0.0,1.0,40,1200,900,300,0.75,15,9,6,342.23321498952237,0.3733306623931624,0.059314532729518143,0.18432028363848157,128039.08420138927,763.8454861111502,128802.92968750042,1364,0,665.225,39,1,19,38.31995334156717,0.59508547008547,46.979166666666686,1012.0833333333364,25.95085470085478,0
1366,4,2,2,40,0.047619047619047616,0.047619047619047616,0.9523809523809523,42,750,600,150,0.8,9,6,3,325.9818392319941,0.38259775454897405,0.06051597496464445,0.17731298365380344,128434.73442925386,-26.435004340238265,128408.29942491362,1365,0,634.5,39,3,16,38.32778833967045,0.5990918803418802,46.588541666666686,1013.6458333333364,25.990918803418882,0
1367,4,0,0,40,0.0,0.0,1.0,40,1100,800,300,0.7272727272727273,14,8,6,337.0243670200179,0.37435897435897436,0.061499945869871064,0.18237223656496218,128227.80957842791,643.17927150661,128870.98884993453,1366,2,667.225,37,3,19,38.259062285734906,0.6005067567567568,46.79276315789473,1012.8289473684206,27.373755334281636,0
1368,4,0,0,40,0.0,0.0,1.0,40,1200,900,300,0.75,15,9,6,338.6874735203501,0.37526709401709407,0.06965528146742539,0.18400855520126227,128388.0362426035,696.6839250493003,129084.7201676528,1367,3,668.225,38,2,17,38.05344718532572,0.600328947368421,46.63461538461538,1013.4615384615381,26.67004048582995,0
1369,4,2,2,40,0.047619047619047616,0.047619047619047616,0.9523809523809523,42,750,600,150,0.8,9,6,3,325.27192599653335,0.3821743128145567,0.06057118072932277,0.17885480531818213,128865.8177692678,-16.71345181438113,128849.10431745341,1368,0,637.3571428571429,40,2,18,37.90703299636339,0.6018229166666667,46.16361788617887,1015.345528455286,25.38363821138215,0
1370,4,2,1,41,0.047619047619047616,0.023809523809523808,0.9761904761904762,42,1000,800,200,0.8,12,8,4,322.23729219363094,0.38833236546651184,0.06726749888117611,0.17846164986271837,129149.7341612134,-76.62787527267199,129073.10628594074,1369,0,638.3095238095239,40,2,19,37.69558588282344,0.6046875000000002,45.884146341463406,1016.463414634145,25.411585365853625,0
1371,4,3,3,41,0.06818181818181818,0.06818181818181818,0.9318181818181819,44,950,700,250,0.7368421052631579,12,7,5,331.9083721793886,0.3936420894996477,-0.05547419270528209,0.1945357205214115,131354.1679576474,-35.36285858286655,131318.80509906454,1370,0,610.2272727272727,40,4,15,35.218598195697425,0.6268229166666668,43.724593495934954,1025.1016260162592,25.62754065040648,8
1372,4,0,1,40,0.0,0.024390243902439025,0.975609756097561,41,750,600,150,0.8,9,6,3,348.1313963278996,0.37975101626016255,-0.03847073730491157,0.20274529557711105,131109.19922017684,928.6457191905959,132037.84493936744,1371,1,655.8536585365854,38,3,17,35.05024688782251,0.6277412280701754,43.96367521367522,1024.1452991452998,26.951192082771048,0
1373,4,0,0,40,0.0,0.0,1.0,40,800,500,300,0.625,11,5,6,351.8893662679,0.3745860042735043,-0.031734475374732396,0.20490315965973713,131103.4404816865,1226.7813173283914,132330.2217990149,1372,2,673.05,37,3,17,34.95985010706638,0.6295045045045045,43.96929824561403,1024.1228070175425,27.678994784257906,0
1374,4,0,0,40,0.0,0.0,1.0,40,1150,900,250,0.782608695652174,14,9,5,350.84505916916885,0.374238782051282,-0.028264126712328808,0.20489351455479443,131215.758694983,1207.2801246537317,132423.03881963674,1373,3,674.05,37,3,17,34.873091466894984,0.6306306306306306,43.859649122807014,1024.5614035087713,27.690848743480306,0
1375,4,0,0,40,0.0,0.0,1.0,40,750,500,250,0.6666666666666666,10,5,5,351.0435000252787,0.37403846153846154,-0.029017331764202514,0.20546046303921597,131300.02891514695,1218.4043407586926,132518.43325590563,1374,4,675.05,37,3,17,34.78288488285011,0.6314752252252251,43.77741228070175,1024.8903508771928,27.6997392128971,0
1376,4,0,0,40,0.0,0.0,1.0,40,950,800,150,0.8421052631578947,11,8,3,351.55258936786356,0.3732238247863248,-0.028926414058209726,0.206375649657924,131414.71021274666,1239.8393369962428,132654.5495497429,1375,5,676.05,36,4,17,34.65403624382207,0.634548611111111,43.66554054054055,1025.3378378378388,28.481606606606633,0
1377,4,0,0,40,0.0,0.0,1.0,40,1000,600,400,0.6,14,6,8,348.3747396404679,0.3729967948717949,-0.024460297103773065,0.2054028001774329,131581.12502164132,1167.9080342028356,132749.03305584416,1376,6,677.05,37,3,14,34.56759199886002,0.6342905405405406,43.50328947368421,1025.9868421052636,27.72937411095307,0
1378,4,2,2,40,0.047619047619047616,0.047619047619047616,0.9523809523809523,42,850,600,250,0.7058823529411765,11,6,5,336.8885670086417,0.37918602400309714,-0.01847777311350085,0.20137815068493584,132103.3542209204,500.82194010419,132604.17616102457,1377,0,645.7619047619048,39,3,14,34.33658003174925,0.6359508547008547,42.99479166666668,1028.0208333333353,26.3595085470086,0
1379,4,0,0,40,0.0,0.0,1.0,40,1000,900,100,0.9,11,9,2,354.7908427475553,0.3726896367521368,-0.017965414175917793,0.21089344002913032,131890.6779008924,1358.720952600783,133249.39885349319,1378,8,679.05,37,3,15,34.0907877882152,0.6373873873873874,43.201754385964904,1027.192982456139,27.761972498814565,0
1380,4,0,0,40,0.0,0.0,1.0,40,1150,800,350,0.6956521739130435,15,8,7,356.7004010638934,0.37204861111111115,-0.015386256935552511,0.2126587887258782,132003.3327562325,1417.1283471837253,133420.46110341622,1379,9,680.05,37,3,15,33.92819035424668,0.6385135135135136,43.09210526315788,1027.6315789473667,27.77382645803694,0
1381,4,0,0,40,0.0,0.0,1.0,40,1600,1100,500,0.6875,21,11,10,359.12164818460315,0.3713007478632479,-0.01605162116040937,0.2147400875879362,132116.03570329328,1489.1456986765152,133605.1814019698,1380,10,681.05,37,3,16,33.75239974402731,0.6396396396396395,42.98245614035088,1028.0701754385964,27.78568041725936,0
1382,4,0,1,39,0.0,0.025,0.975,40,800,500,300,0.625,11,5,6,358.8008792954073,0.3708867521367521,-0.017433614162311928,0.2147080947768368,132144.21895438983,1482.6923909279794,133626.9113453178,1381,11,682.05,37,3,16,33.73224823148839,0.6399211711711712,42.95504385964912,1028.1798245614036,27.788643907064962,0
1383,4,0,1,38,0.0,0.02564102564102564,0.9743589743589743,39,1100,900,200,0.8181818181818182,13,9,4,367.34058107843975,0.3658344579397211,-0.022023335876380612,0.21981829156174387,132144.2189543897,1908.3868353724092,134052.6057897621,1382,18,700.2564102564103,37,2,17,33.512739504461265,0.6399211711711712,42.955043859649116,1028.1798245614027,27.788643907064937,0
1384,4,0,0,38,0.0,0.0,1.0,38,400,200,200,0.5,6,2,4,368.8544079734253,0.36250889046941676,-0.0070617397820949,0.220684190353694,132137.36329234633,2147.8897816735575,134285.25307401989,1383,19,715.0,36,2,17,33.4807411464038,0.6417824074074074,42.96171171171171,1028.1531531531525,28.559809809809792,0
1385,4,0,0,38,0.0,0.0,1.0,38,650,300,350,0.46153846153846156,10,3,7,369.1218059536939,0.362405168326221,-0.003634236176357275,0.22101319410906098,132166.3106307321,2157.0934532505494,134323.40408398266,1384,20,716.0,36,2,17,33.44467564706311,0.6420717592592593,42.93355855855856,1028.265765765766,28.562937937937946,0
1386,4,0,0,38,0.0,0.0,1.0,38,650,400,250,0.6153846153846154,9,4,5,368.938678959802,0.3624792555713608,-0.014151553805483053,0.20475017914201882,129231.64859693879,1936.3194594553233,131167.9680563941,1385,21,717.0,34,4,20,36.42528197322719,0.6167279411764706,45.80357142857143,1016.7857142857144,29.905462184873954,7
1387,4,0,0,38,0.0,0.0,1.0,38,950,600,350,0.631578947368421,13,6,7,364.7737200888641,0.36161984352773824,-0.011365555639679892,0.20361087760611934,129459.11864144576,1844.6568612531792,131303.77550269893,1386,22,718.0,36,2,16,36.29938032532921,0.6148726851851851,45.57995495495497,1017.6801801801823,28.268893893893953,0
1388,4,0,0,38,0.0,0.0,1.0,38,1000,800,200,0.8,12,8,4,366.03844771879517,0.36141239924134666,-0.013959974612934634,0.20461481316822466,129516.42679419304,1881.5983635662928,131398.02515775934,1387,23,719.0,36,2,16,36.20883578566951,0.6154513888888888,45.52364864864866,1017.905405405407,28.275150150150196,0
1389,4,0,1,37,0.0,0.02631578947368421,0.9736842105263158,38,1100,800,300,0.7272727272727273,14,8,6,368.45291572576593,0.36135312944523473,-0.010962244713852876,0.2065666284505956,129631.08114448939,1952.5899632741168,131583.6711077635,1388,24,720.0,36,2,16,36.030631427623575,0.6166087962962962,45.41103603603605,1018.3558558558583,28.28766266266273,0
1390,4,3,1,39,0.075,0.025,0.975,40,700,600,100,0.8571428571428571,8,6,2,353.89592676963775,0.37283653846153847,0.015762188396206023,0.20178745107506532,130291.32806793296,1224.9830066553234,131516.31107458827,1389,0,684.3,36,4,19,35.73079822045738,0.6232638888888888,44.76351351351352,1020.9459459459472,28.359609609609645,0
1391,4,2,1,40,0.04878048780487805,0.024390243902439025,0.975609756097561,41,850,700,150,0.8235294117647058,10,7,3,344.92182002853315,0.3768292682926829,0.017533436181198958,0.1979110503043144,130535.38795976709,804.9007186427156,131340.2886784098,1390,0,668.560975609756,38,3,12,35.71266771214498,0.6219846491228069,44.524572649572654,1021.9017094017104,26.89215024741343,0
1392,4,1,0,41,0.024390243902439025,0.0,1.0,41,750,500,250,0.6666666666666666,10,5,5,343.8393309481694,0.37815040650406506,0.030143068699993947,0.19784717726055534,130644.58832137125,784.1495680838696,131428.7378894551,1391,0,669.5365853658536,38,3,13,35.629811544222655,0.6230811403508771,44.417735042735046,1022.3290598290605,26.903396311291065,0
1393,4,0,0,41,0.0,0.0,1.0,41,1050,700,350,0.6666666666666666,14,7,7,343.74338915136383,0.37779471544715443,0.032586558044806146,0.19856235773331737,130794.81336805565,791.9704861111156,131586.78385416677,1392,1,670.5365853658536,39,2,13,35.480312287847916,0.6228632478632479,44.270833333333336,1022.9166666666674,26.2286324786325,0
1394,4,0,0,41,0.0,0.0,1.0,41,1150,800,350,0.6956521739130435,15,8,7,343.2131905908819,0.3778709349593496,0.03865098911575493,0.19880462171962382,130901.3888888888,785.4166666666617,131686.80555555547,1393,2,671.5365853658536,39,2,13,35.38612920738329,0.6239316239316239,44.166666666666664,1023.3333333333326,26.23931623931622,0
1395,4,1,1,41,0.023809523809523808,0.023809523809523808,0.9761904761904762,42,500,300,200,0.6,7,3,4,336.8717026558499,0.37895615563298485,0.03557133878658192,0.196109540592894,131093.8545694526,432.3619993059643,131526.21656875857,1394,0,656.5238095238095,40,2,14,35.35402401508388,0.62421875,43.978658536585364,1024.0853658536578,25.602134146341445,0
1396,4,0,0,41,0.0,0.0,1.0,41,900,600,300,0.6666666666666666,12,6,6,344.1516978874855,0.37782012195121956,0.03156092598565885,0.2001781769369218,131061.33355034712,820.9960937499941,131882.3296440971,1395,4,673.5365853658536,39,2,15,35.20049169209903,0.625534188034188,44.010416666666664,1023.9583333333325,26.25534188034186,0
1397,4,0,1,40,0.0,0.024390243902439025,0.975609756097561,41,1200,800,400,0.6666666666666666,16,8,8,349.9006840789151,0.37754065040650403,0.03464337266923612,0.20408797907663417,131168.017578125,979.1558159722213,132147.17339409722,1396,5,674.5365853658536,39,2,15,34.94551216866652,0.6266025641025641,43.90625,1024.375,26.266025641025642,0
1398,4,1,1,40,0.024390243902439025,0.024390243902439025,0.975609756097561,41,1450,1100,350,0.7586206896551724,18,11,7,349.09462282306464,0.38125000000000003,0.03937427365739676,0.20489793514892202,131408.21533203113,974.7802734374845,132382.9956054686,1397,0,671.1219512195122,39,2,16,34.72359798841815,0.6290064102564104,43.67187499999999,1025.312499999999,26.29006410256408,0
1399,4,1,1,40,0.024390243902439025,0.024390243902439025,0.975609756097561,41,850,600,250,0.7058823529411765,11,6,5,347.07853436108513,0.38185975609756095,0.03286207092957327,0.20457070526165927,131568.46923828122,932.9182942708322,132501.38753255206,1398,0,671.2926829268292,39,2,14,34.613602903848125,0.6306089743589745,43.515625,1025.9374999999998,26.306089743589737,0
1400,4,1,1,40,0.024390243902439025,0.024390243902439025,0.975609756097561,41,1250,900,350,0.72,16,9,7,351.06711694785787,0.3844004065040651,0.033005260058686536,0.2082322285723213,131809.03320312488,1054.763454861096,132863.79665798598,1399,0,672.2682926829268,39,2,16,34.26869885710421,0.6330128205128207,43.28124999999999,1026.874999999999,26.330128205128183,0
1401,4,0,0,40,0.0,0.0,1.0,40,1450,1300,150,0.896551724137931,16,13,3,361.4155771777769,0.37804487179487184,0.02485956517216259,0.21459468458369124,131848.8056674151,1530.4424400978487,133379.24810751295,1400,3,690.075,38,2,16,33.96290613405457,0.6351425438596493,43.24252136752135,1027.0299145299118,27.027103013945048,0
1402,4,1,0,41,0.024390243902439025,0.0,1.0,41,1050,700,350,0.6666666666666666,14,7,7,354.41610530102236,0.38135162601626016,0.027446126785789282,0.21245599317771624,132210.46142578096,1171.503363715249,133381.9647894962,1401,0,674.219512195122,39,2,17,33.778254667611996,0.637019230769231,42.890624999999986,1028.4374999999977,26.37019230769225,0
1403,4,0,0,41,0.0,0.0,1.0,41,600,300,300,0.5,9,3,6,354.41610530102236,0.38135162601626016,0.027446126785789282,0.21245599317771624,132210.46142578096,1171.503363715249,133381.9647894962,1402,1,675.219512195122,39,2,17,33.778254667611996,0.637019230769231,42.890624999999986,1028.4374999999977,26.37019230769225,0
1404,4,0,0,41,0.0,0.0,1.0,41,1250,700,550,0.56,18,7,11,352.8116928122615,0.3820630081300813,0.023358140040198094,0.21224567001215042,132344.40646701358,1138.530815972188,133482.93728298577,1403,2,676.219512195122,39,2,18,33.68470338125126,0.638354700854701,42.76041666666665,1028.9583333333308,26.38354700854694,0
1405,4,0,0,41,0.0,0.0,1.0,41,800,400,400,0.5,12,4,8,348.872689432065,0.38140243902439025,0.01924186738754119,0.21063516512326896,132480.48159105825,1043.775232679957,133524.25682373822,1404,3,677.219512195122,38,3,18,33.64920610211708,0.6414473684210528,42.62820512820512,1029.4871794871774,27.09176788124151,0
1406,4,1,1,41,0.023809523809523808,0.023809523809523808,0.9761904761904762,42,950,500,450,0.5263157894736842,14,5,9,343.4904698304816,0.3848601432442896,0.02049789894730769,0.20885993964554098,132746.6484917533,719.4417317708142,133466.0902235241,1405,0,662.0714285714286,39,3,14,33.52043953637252,0.6423611111111112,42.36979166666666,1030.520833333332,26.423611111111075,0
1407,4,0,0,41,0.0,0.0,1.0,41,900,800,100,0.8888888888888888,10,8,2,351.72814642225273,0.3805640243902439,0.022963558820404684,0.21329325709455094,132645.51487508212,1131.0322156475947,133776.54709072973,1406,5,679.219512195122,38,3,14,33.409821613773076,0.6430921052631579,42.467948717948715,1030.1282051282046,27.108636977058016,0
1408,4,0,1,40,0.0,0.024390243902439025,0.975609756097561,41,1150,700,450,0.6086956521739131,16,7,9,349.867132924893,0.3801321138211382,0.02177907984904337,0.21325760995529322,132838.18354381245,1095.1428838848647,133933.32642769732,1407,6,680.219512195122,38,3,14,33.26424154489239,0.6450109649122808,42.2809829059829,1030.8760683760677,27.128317588843885,0
1409,4,0,0,40,0.0,0.0,1.0,40,850,500,350,0.5882352941176471,12,5,7,352.69635141538936,0.3765758547008547,0.03830916623511116,0.21593425953808415,133003.43940618393,1381.9655608517903,134385.40496703572,1408,7,695.225,38,2,14,33.02541860866563,0.6466557017543859,42.1207264957265,1031.5170940170951,27.1451866846604,0
1410,4,0,0,40,0.0,0.0,1.0,40,1000,800,200,0.8,12,8,4,351.7095603583323,0.376696047008547,0.04114723545247445,0.21580755615888012,133086.10586054498,1361.5311564029503,134447.63701694793,1409,8,696.225,38,2,14,32.96791951404706,0.6474780701754386,42.04059829059829,1031.837606837607,27.153621232568604,0
1411,4,0,0,40,0.0,0.0,1.0,40,800,400,400,0.5,12,4,8,347.9599409518831,0.376696047008547,0.026057888518955963,0.19839895959601875,130290.57167830499,1116.1500155898245,131406.7216938948,1410,9,697.225,37,3,19,35.883072888697946,0.6213400900900901,44.76425438596492,1020.9429824561414,27.593053579895713,6
1412,4,0,0,40,0.0,0.0,1.0,40,1150,700,450,0.6086956521739131,16,7,9,350.84447759603614,0.37656249999999997,0.026245169600687568,0.20076579565630676,130430.54112803942,1152.1670129270626,131582.70814096648,1411,10,698.225,37,3,20,35.66757907542581,0.6227477477477477,44.627192982456144,1021.4912280701756,27.607871028923665,0
1413,4,0,0,40,0.0,0.0,1.0,40,1550,900,650,0.5806451612903226,22,9,13,360.20016279456706,0.37617521367521367,0.05727287458139818,0.19765103183101984,128783.68975309699,1277.581202870103,130061.27095596709,1412,11,699.225,37,3,16,37.10424093478809,0.6061373873873874,46.244517543859644,1015.0219298245604,27.433025130393524,2
1414,4,1,1,40,0.024390243902439025,0.024390243902439025,0.975609756097561,41,1500,1100,400,0.7333333333333333,19,11,8,354.038961160056,0.3814786585365854,0.07551900408640422,0.19606092412553966,129147.08547921685,944.6199959821746,130091.70547519902,1413,0,683.1463414634146,38,3,17,36.89015310770093,0.6080043859649124,45.886752136752136,1016.4529914529912,26.748762932973452,0
1415,4,1,1,40,0.024390243902439025,0.024390243902439025,0.975609756097561,41,1100,800,300,0.7272727272727273,14,8,6,352.39183015318434,0.3800304878048781,0.06877249100359806,0.19541728763040236,129201.38888888896,905.9370206004869,130107.32590948945,1414,0,683.560975609756,35,6,17,36.87670765027321,0.6142857142857142,45.833333333333336,1016.6666666666673,29.047619047619065,0
1416,4,1,0,41,0.024390243902439025,0.0,1.0,41,750,300,450,0.4,12,3,9,352.29278805107066,0.3796239837398374,0.07706739789291395,0.19594614059448154,129319.08543381347,911.6362311385512,130230.72166495201,1415,0,684.5365853658536,35,6,18,36.759406766803224,0.6154761904761905,45.717592592592595,1017.1296296296299,29.060846560846567,0
1417,4,3,2,42,0.06818181818181818,0.045454545454545456,0.9545454545454546,44,800,500,300,0.625,11,5,6,329.1218018842112,0.3913517441860465,0.08819076817610538,0.18660658933434965,130071.79578493678,-238.10723938929414,129833.68854554748,1416,0,638.7954545454545,38,6,17,36.58532327887166,0.6173245614035088,44.97863247863248,1020.0854700854699,26.844354475933418,0
1418,4,0,0,42,0.0,0.0,1.0,42,1250,900,350,0.72,16,9,7,341.672320432149,0.3862877468060395,0.08506402668675372,0.19231743632804127,129787.30384589492,468.94585353186005,130256.24969942677,1417,1,670.1904761904761,37,5,18,36.55383532407906,0.6162725225225224,45.25767543859649,1018.9692982456143,27.53971076339498,0
1419,4,3,3,42,0.06666666666666667,0.06666666666666667,0.9333333333333333,45,1050,600,450,0.5714285714285714,15,6,9,326.5198818322855,0.399726430976431,0.09523162306036981,0.18731930063010058,130528.56445312499,-475.09705510349426,130053.46739802149,1418,0,626.4444444444445,39,6,14,36.18968739381585,0.6201923076923077,44.53125,1021.8749999999999,26.201923076923073,0
1420,4,0,0,42,0.0,0.0,1.0,42,1250,1100,150,0.88,14,11,3,344.5263087077402,0.3861546651180798,0.09402267086307914,0.19559593059948288,130122.70752779713,566.1392207217737,130688.8467485189,1419,3,672.1904761904761,37,5,18,36.140851692638364,0.6196509009009008,44.928728070175445,1020.2850877192992,27.575272641062142,0
1421,4,1,0,43,0.023255813953488372,0.0,1.0,43,1150,1000,150,0.8695652173913043,13,10,3,334.42626622072015,0.3896502399409376,0.09757607374366928,0.19150888275220948,130458.54403518383,125.82789896890742,130584.37193415275,1420,0,657.5348837209302,37,6,19,36.058526528567846,0.6230292792792793,44.59978070175438,1021.6008771929819,27.61083451872924,0
1422,4,0,0,43,0.0,0.0,1.0,43,500,400,100,0.8,6,4,2,334.2184861712235,0.39015780730897015,0.09643640391913211,0.19194396239075617,130570.58572108716,127.82069963833831,130698.4064207255,1421,1,658.5348837209302,37,6,15,35.95051943639808,0.6241554054054055,44.49013157894736,1022.0394736842098,27.622688477951616,0
1423,4,0,0,43,0.0,0.0,1.0,43,750,500,250,0.6666666666666666,10,5,5,333.9480405673371,0.3905730897009967,0.09876735195709929,0.19242725444129935,130699.2056235846,129.34872434070866,130828.55434792531,1422,2,659.5348837209302,38,5,15,35.82741267021907,0.6236293859649124,44.36431623931624,1022.5427350427348,26.90901934322986,0
1424,4,1,1,43,0.022727272727272728,0.022727272727272728,0.9772727272727273,44,1100,600,500,0.5454545454545454,16,6,10,326.17200699166926,0.3948973749119098,0.09241401406099081,0.1893677594482467,130989.80150910484,-254.95870926698936,130734.84279983786,1423,0,645.5227272727273,40,4,15,35.732899831232025,0.6231770833333334,44.08028455284552,1023.6788617886164,25.59197154471541,0
1425,4,1,0,44,0.022727272727272728,0.0,1.0,44,1150,800,350,0.6956521739130435,15,8,7,327.93249643715444,0.39382928118393234,0.1014393713857844,0.19090559021358766,131093.8545694526,-202.0130006940359,130891.84156875858,1424,0,646.5,40,4,17,35.58288677185672,0.62421875,43.978658536585364,1024.0853658536578,25.602134146341445,0
1426,4,0,1,43,0.0,0.022727272727272728,0.9772727272727273,44,1000,700,300,0.7,13,7,6,316.4648965961755,0.3934438865398168,0.07024219581251945,0.18485510356214635,131223.97898902794,-494.44341165969627,130729.53557736824,1425,1,647.5,40,4,19,35.74542914765591,0.6255208333333332,43.85162601626018,1024.5934959349613,25.614837398374032,2
1427,4,0,0,43,0.0,0.0,1.0,43,850,500,350,0.5882352941176471,12,5,7,322.95721052397334,0.38918881506090813,0.07035889185928235,0.18785025913909248,131061.33355034745,-134.5594618055302,130926.77408854192,1426,2,663.3488372093024,39,4,19,35.74304849101392,0.6255341880341879,44.01041666666668,1023.9583333333352,26.255341880341927,0
1428,4,0,0,43,0.0,0.0,1.0,43,1500,1000,500,0.6666666666666666,20,10,10,322.54818294789374,0.3896502399409376,0.07073249191060982,0.18787285158434217,131114.67013888908,-141.84027777775717,130972.82986111133,1427,3,664.3488372093024,39,4,19,35.699755899104964,0.6260683760683761,43.95833333333334,1024.1666666666683,26.260683760683804,0
1429,4,0,0,43,0.0,0.0,1.0,43,550,200,350,0.36363636363636365,9,2,7,324.09091177942696,0.38870431893687707,0.06959244387057684,0.18903380939732412,131168.01757812503,-97.9275173611098,131070.09006076392,1428,4,665.3488372093024,39,4,19,35.60648430614872,0.6266025641025641,43.90625,1024.3750000000002,26.266025641025646,0
1430,4,1,1,43,0.022727272727272728,0.022727272727272728,0.9772727272727273,44,1300,1000,300,0.7692307692307693,16,10,6,316.10548124645845,0.39324568357998596,0.07049009288497365,0.18592440671162672,131488.33007812503,-487.06597222222086,131001.26410590281,1429,0,651.2045454545455,39,5,19,35.48860789491502,0.6298076923076923,43.59375,1025.6250000000002,26.29807692307693,0
1431,4,1,2,42,0.022727272727272728,0.045454545454545456,0.9545454545454546,44,1300,700,600,0.5384615384615384,19,7,12,317.2754575265699,0.3919463530655391,0.07999298711844371,0.18739795009303145,131648.6328125,-446.22395833333303,131202.40885416666,1430,0,652.1818181818181,39,5,17,35.29740154283394,0.6314102564102565,43.4375,1026.25,26.314102564102566,0
1432,4,1,0,43,0.023255813953488372,0.0,1.0,43,1300,900,400,0.6923076923076923,17,9,8,322.70841702570925,0.39202657807308966,0.08855117005057678,0.19119777358921466,131766.5244448095,-95.56669588723474,131670.95774892226,1431,0,667.3720930232558,38,5,18,35.039455428373195,0.6343201754385966,43.32264957264956,1026.7094017094,27.018668466036843,0
1433,4,0,0,43,0.0,0.0,1.0,43,1400,1100,300,0.7857142857142857,17,11,6,322.6860702212896,0.3917266519010705,0.09451785783384259,0.19201418633959882,131931.11257213805,-85.53354883485417,131845.5790233032,1432,1,668.3720930232558,38,5,18,34.87460135884636,0.6359649122807018,43.16239316239315,1027.350427350426,27.035537561853314,0
1434,4,0,0,43,0.0,0.0,1.0,43,850,500,350,0.5882352941176471,12,5,7,323.92476832078387,0.3914267257290513,0.10008849685908694,0.19303026156810985,131985.99810979585,-49.29322813941363,131936.70488165645,1433,2,669.3720930232558,38,5,18,34.7876377625286,0.636513157894737,43.10897435897434,1027.5641025641,27.041160593792107,0
1435,4,0,1,42,0.0,0.023255813953488372,0.9767441860465116,43,1200,800,400,0.6666666666666666,16,8,8,325.51846753489383,0.3911037283130306,0.10244810442732266,0.19471922876178194,132130.126953125,2.159288194443832,132132.28624131944,1434,3,670.3720930232558,39,4,18,34.60190813914219,0.6362179487179487,42.96875,1028.125,26.362179487179485,0
1436,4,0,0,42,0.0,0.0,1.0,42,1300,900,400,0.6923076923076923,17,9,8,333.651202423262,0.38732820363917925,0.10474308300395241,0.1991613075807819,132049.81689453113,411.71603732637374,132461.5329318575,1435,4,687.0,39,3,18,34.47360308773351,0.6354166666666667,43.04687499999999,1027.812499999999,26.354166666666643,0
1437,4,1,0,43,0.023255813953488372,0.0,1.0,43,1200,700,500,0.5833333333333334,17,7,10,329.9331406582864,0.391703580657069,0.09241494513134207,0.19890962935556505,132425.49332493232,139.2286668641184,132564.72199179645,1436,0,672.0,38,5,19,34.191837935091,0.6408991228070176,42.681623931623925,1029.2735042735032,27.086144849302716,0
1438,4,0,0,43,0.0,0.0,1.0,43,1100,800,300,0.7272727272727273,14,8,6,328.23285655131997,0.391703580657069,0.0962813866604888,0.1981736720381277,132480.48159105843,96.8893819855274,132577.37097304396,1437,1,673.0,38,5,20,34.18041718555416,0.6414473684210527,42.628205128205124,1029.4871794871788,27.091767881241548,0
1439,4,0,0,43,0.0,0.0,1.0,43,1550,1200,350,0.7741935483870968,19,12,7,329.6432998743137,0.3921419342930971,0.09497732316896657,0.1996081288183655,132590.49236613314,141.5134871064096,132732.00585323956,1438,2,674.0,38,5,20,34.033756915629326,0.6425438596491229,42.52136752136751,1029.914529914528,27.10301394511916,0
1440,4,0,0,43,0.0,0.0,1.0,43,800,500,300,0.625,11,5,6,328.4963226766535,0.3921419342930971,0.09244439298997142,0.19920512850618166,132645.51487508195,114.71277120313565,132760.2276462851,1439,3,675.0,38,5,17,34.0081155361958,0.643092105263158,42.46794871794871,1030.1282051282033,27.10863697705798,0
1441,4,0,0,43,0.0,0.0,1.0,43,950,600,350,0.631578947368421,13,6,7,328.4963226766535,0.3921419342930971,0.09244439298997142,0.19920512850618166,132645.51487508195,114.71277120313565,132760.2276462851,1440,4,676.0,38,5,17,34.0081155361958,0.643092105263158,42.46794871794871,1030.1282051282033,27.10863697705798,0
1442,4,0,0,43,0.0,0.0,1.0,43,800,400,400,0.5,12,4,8,328.62415470638587,0.3919112218530823,0.08821969075844205,0.19957502191362636,132700.54879830524,121.72113558331543,132822.26993388857,1441,5,677.0,38,5,17,33.94964917738145,0.643640350877193,42.414529914529915,1030.3418803418806,27.114260008996858,0
1443,4,1,2,42,0.022727272727272728,0.045454545454545456,0.9545454545454546,44,950,600,350,0.631578947368421,13,6,7,323.5745857780315,0.3928602889358703,0.09508180165623159,0.19802444674747008,132988.2866753471,-193.67404513889358,132794.6126302082,1442,0,662.5909090909091,39,5,17,33.791574092775875,0.6447649572649572,42.135416666666664,1031.4583333333326,26.447649572649553,0
1444,4,0,0,42,0.0,0.0,1.0,42,1150,1100,50,0.9565217391304348,12,11,1,332.3738468406658,0.3870136469221835,0.09499983153071234,0.2021004589302215,132746.64849175335,424.3028428819393,133170.9513346353,1443,12,695.0,39,3,17,33.80683732605547,0.6423611111111112,42.369791666666664,1030.5208333333326,26.423611111111093,0
1445,4,0,0,42,0.0,0.0,1.0,42,1400,1100,300,0.7857142857142857,17,11,6,333.1107566561683,0.38711043360433606,0.08677884731021424,0.20342155337072226,132907.71620008672,454.5979817708288,133362.31418185757,1444,13,696.0,39,3,17,33.626397447553636,0.6439636752136753,42.213541666666664,1031.1458333333328,26.43963675213674,0
1446,4,0,0,42,0.0,0.0,1.0,42,1050,700,350,0.6666666666666666,14,7,7,335.6501062462222,0.3870257452574526,0.08546133056333072,0.2054145458621811,132988.28667534713,527.506510416662,133515.7931857638,1445,14,697.0,39,3,17,33.48018918736956,0.6447649572649572,42.135416666666664,1031.4583333333328,26.44764957264956,0
1447,4,0,0,42,0.0,0.0,1.0,42,800,500,300,0.625,11,5,6,333.7108943759932,0.38712253193960516,0.08535271943995681,0.20452182536508906,133042.01388888896,479.5138888888939,133521.52777777787,1446,15,698.0,39,3,17,33.4763731825525,0.6452991452991453,42.083333333333336,1031.6666666666672,26.452991452991466,0
1448,4,0,0,42,0.0,0.0,1.0,42,1300,1000,300,0.7692307692307693,16,10,6,334.2188678937885,0.3879210220673635,0.0913699485848829,0.2057210547097794,133203.26063368074,503.80859375002103,133707.06922743077,1447,16,699.0,39,3,17,33.30179952909519,0.6469017094017093,41.92708333333334,1032.2916666666683,26.469017094017136,0
1449,4,0,0,42,0.0,0.0,1.0,42,1200,800,400,0.6666666666666666,16,8,8,336.801961591214,0.38783633372048004,0.09139753954643481,0.2077609113412389,133283.92062717033,578.0571831597442,133861.97781033008,1448,17,700.0,39,3,17,33.15438061131847,0.6477029914529915,41.84895833333334,1032.6041666666683,26.477029914529957,0
1450,4,1,0,43,0.023255813953488372,0.0,1.0,43,1450,1100,350,0.7586206896551724,18,11,7,327.952447218785,0.39052694721299375,0.09472490073737982,0.20393752437589724,133582.6439111695,162.0168373385956,133744.6607485081,1449,0,684.6976744186046,38,5,20,33.08422040788206,0.6524122807017544,41.559829059829056,1033.7606837606832,27.204228520017978,0
1451,4,0,0,43,0.0,0.0,1.0,43,1000,600,400,0.6,14,6,8,328.79744512291455,0.39061923218899963,0.09445061203304572,0.20476844748388456,133637.8718770545,187.95816896778334,133825.83004602228,1450,1,685.6976744186046,38,5,20,33.007207067575955,0.6529605263157894,41.506410256410255,1033.9743589743587,27.209851551956806,0
1452,4,0,0,43,0.0,0.0,1.0,43,1200,1000,200,0.8333333333333334,14,10,4,328.37831857269293,0.39031930601698045,0.09620866290195229,0.20493201289178314,133714.51958550356,181.78982204862166,133896.30940755218,1451,2,686.6976744186046,39,4,17,32.94148873669722,0.6519764957264957,41.43229166666667,1034.2708333333342,26.51976495726498,0
1453,4,0,1,42,0.0,0.023255813953488372,0.9767441860465116,43,1050,800,250,0.7619047619047619,13,8,5,325.9241848155462,0.3898809523809524,0.09642286787435106,0.20365759835711794,133761.16569378373,119.19977774475052,133880.36547152846,1452,3,687.6976744186046,40,3,17,32.95837836067721,0.6507812499999999,41.38719512195123,1034.4512195121972,25.86128048780493,0
1454,4,0,0,42,0.0,0.0,1.0,42,800,400,400,0.5,12,4,8,328.5989205084105,0.3896994773519164,0.09463152897852334,0.20536915541655307,133768.3932834203,391.2299262152977,134159.6232096356,1453,4,702.5714285714286,39,3,18,32.88198989695565,0.6525106837606838,41.38020833333334,1034.479166666668,26.525106837606874,0
1455,4,0,1,41,0.0,0.023809523809523808,0.9761904761904762,42,950,700,250,0.7368421052631579,12,7,5,328.1374112219847,0.38948170731707316,0.09183673469387732,0.2053805233565203,133822.2778320314,382.4191623264041,134204.6969943578,1454,5,703.5714285714286,39,3,19,32.84013305815632,0.6530448717948718,41.32812500000001,1034.6875000000011,26.530448717948747,0
1456,4,0,0,41,0.0,0.0,1.0,41,1200,900,300,0.75,15,9,6,337.52208902466305,0.3855691056910569,0.09683546535940457,0.21083153973785743,133748.36205164745,828.6053126598094,134576.96736430726,1455,24,721.609756097561,38,3,20,32.67123700337395,0.6540570175438596,41.399572649572654,1034.4017094017104,27.221097615834484,0
1457,4,0,0,41,0.0,0.0,1.0,41,1300,1100,200,0.8461538461538461,15,11,4,341.407964616114,0.3852134146341464,0.10491808231801714,0.21405947917387044,133886.53897518083,941.9861522025013,134828.52512738333,1456,25,722.609756097561,38,3,20,32.43264168473211,0.6554276315789473,41.26602564102564,1034.9358974358977,27.235155195681518,0
1458,4,0,0,41,0.0,0.0,1.0,41,1100,800,300,0.7272727272727273,14,8,6,343.64483529611056,0.3849593495934959,0.10470363500456825,0.2161104541761589,133997.13187824163,1009.4844628899119,135006.61634113154,1457,26,723.609756097561,38,3,20,32.26425721459774,0.6565241228070176,41.159188034188034,1035.3632478632478,27.246401259559153,0
1459,4,0,0,41,0.0,0.0,1.0,41,800,400,400,0.5,12,4,8,342.39815941568975,0.3841463414634146,0.10091230683299202,0.2158132482038814,134080.10651800706,981.7563372050422,135061.8628552121,1458,27,724.609756097561,38,3,20,32.21365449418884,0.6573464912280702,41.07905982905982,1035.6837606837598,27.254835807467362,0
1460,4,0,0,41,0.0,0.0,1.0,41,1100,800,300,0.7272727272727273,14,8,6,382.23256843321826,0.38437499999999997,0.09681050656660406,0.23265762282281688,132785.41512613607,2036.9229791090977,134822.33810524517,1459,28,725.609756097561,35,6,16,32.48327250608273,0.650297619047619,42.33217592592593,1030.671296296297,29.447751322751344,7
1461,4,0,0,41,0.0,0.0,1.0,41,550,200,350,0.36363636363636365,9,2,7,382.2172327251362,0.3844004065040651,0.09596727156224061,0.23301908910902047,132845.06715374233,1955.1347897376572,134800.20194348,1460,29,726.609756097561,35,6,16,32.42358538228359,0.6508928571428572,42.27430555555556,1030.902777777778,29.454365079365086,0
1462,4,0,0,41,0.0,0.0,1.0,41,1200,1000,200,0.8333333333333334,14,10,4,376.47117713239595,0.383739837398374,0.09377995526680127,0.2305131004366814,133007.16256797366,1814.6726118010208,134821.83517977467,1461,30,727.609756097561,36,5,17,32.40856986899563,0.6504629629629628,42.11711711711713,1031.5315315315338,28.653653653653716,0
1463,4,0,0,41,0.0,0.0,1.0,41,1000,700,300,0.7,13,7,6,377.64473766841684,0.3833841463414634,0.09607068247441886,0.2321337371382323,133152.40652392275,1856.8611263290518,135009.2676502518,1462,31,728.609756097561,36,5,17,32.23222404073468,0.6519097222222221,41.97635135135136,1032.094594594596,28.669294294294332,0
1464,4,0,0,41,0.0,0.0,1.0,41,1300,900,400,0.6923076923076923,17,9,8,380.84110432073385,0.38318089430894314,0.0978924633162237,0.23504334996675455,133302.32018505703,1953.4005655586445,135255.72075061567,1463,32,729.609756097561,37,4,17,31.99900898987754,0.6514639639639639,41.8311403508772,1032.675438596492,27.91014698909438,0
1465,4,0,0,41,0.0,0.0,1.0,41,1150,900,250,0.782608695652174,14,9,5,384.9216070519144,0.3834095528455284,0.10323589490007978,0.23810547997610562,133387.25767784324,2068.7275171206547,135455.9851949639,1464,33,730.609756097561,37,4,18,31.808260800339653,0.6523085585585585,41.74890350877193,1033.004385964913,27.91903745851116,0
1466,4,0,1,40,0.0,0.024390243902439025,0.975609756097561,41,1250,700,550,0.56,18,7,11,380.46305931321496,0.3833333333333333,0.10090479937057362,0.2358870967741935,133472.22222222234,1956.250000000009,135428.47222222234,1465,34,731.609756097561,37,4,18,31.838037634408586,0.6531531531531531,41.66666666666667,1033.3333333333344,27.927927927927957,0
1467,4,0,0,40,0.0,0.0,1.0,40,950,600,350,0.631578947368421,13,6,7,387.6576784791026,0.3823851495726496,0.08687075221748652,0.2405472699697704,133502.97796201808,2350.6909013605386,135853.6688633786,1466,35,723.9,34,6,18,31.62126099143723,0.6596200980392157,41.63690476190476,1033.4523809523805,30.395658263305307,0
1468,4,1,1,40,0.024390243902439025,0.024390243902439025,0.975609756097561,41,1250,800,450,0.64,17,8,9,379.06932613683415,0.38595020325203255,0.08276597947174369,0.23744158404031118,133850.68081172367,1947.7374756513007,135798.41828737495,1467,0,707.219512195122,36,5,16,31.494177821308078,0.6588541666666667,41.30067567567566,1034.7972972972957,28.744369369369323,0
1469,4,0,0,40,0.0,0.0,1.0,40,1050,800,250,0.7619047619047619,13,8,5,385.6655464830689,0.38254540598290593,0.08454713694752924,0.24100161292472563,133763.29665814442,2317.5789810080096,136080.87563915242,1468,37,725.9,36,4,16,31.411250816459816,0.6579861111111112,41.38513513513512,1034.4594594594578,28.734984984984937,0
1470,4,0,0,40,0.0,0.0,1.0,40,1000,700,300,0.7,13,7,6,383.74246610932767,0.3816105769230769,0.08841383812010473,0.24093994183585624,133938.09349890417,2279.5468610502276,136217.64035995438,1469,38,726.9,36,4,16,31.285583478387004,0.6597222222222223,41.21621621621621,1035.135135135134,28.753753753753724,0
1471,4,0,0,40,0.0,0.0,1.0,40,1000,500,500,0.5,15,5,10,380.5563760951251,0.3807558760683761,0.0865225666122893,0.23950827366151056,134025.53471968565,2200.854359426968,136226.38907911262,1470,39,727.9,36,4,16,31.280360703280763,0.6605902777777779,41.131756756756744,1035.472972972971,28.763138138138086,0
1472,4,0,0,40,0.0,0.0,1.0,40,1050,700,350,0.6666666666666666,14,7,7,380.5029640126997,0.38014155982905984,0.08453908033481938,0.24023656595420867,134142.16739966298,2208.298458931887,136350.46585859486,1471,40,728.9,36,4,16,31.16484581657427,0.6617476851851853,41.019144144144136,1035.923423423422,28.77565065065061,0
1473,4,0,0,40,0.0,0.0,1.0,40,800,500,300,0.625,11,5,6,379.0128199577382,0.3795806623931624,0.08899000325980655,0.24005884253758178,134258.85080604244,2177.1651296566756,136436.0159356991,1472,41,729.9,36,4,17,31.086556919844984,0.6629050925925927,40.90653153153153,1036.3738738738732,28.788163163163144,0
1474,4,0,0,40,0.0,0.0,1.0,40,750,700,50,0.9333333333333333,8,7,1,379.7410552554564,0.3793269230769231,0.09292852487508174,0.24109628652977433,134346.39665002824,2203.3684867299503,136549.7651367582,1473,42,730.9,36,4,17,30.980022087044667,0.6637731481481483,40.82207207207206,1036.7117117117102,28.797547547547506,0
1475,4,0,1,39,0.0,0.025,0.975,40,1150,900,250,0.782608695652174,14,9,5,379.4190391561152,0.3790064102564103,0.09847160386578402,0.24146993307454478,134433.97102761536,2201.3616234477627,136635.33265106313,1474,43,731.9,36,4,18,30.900704021428318,0.6646412037037038,40.73761261261261,1037.0495495495488,28.806931931931913,0
1476,4,0,0,39,0.0,0.0,1.0,39,1200,800,400,0.6666666666666666,16,8,8,382.75182021616985,0.3765182186234817,0.10639351347019632,0.24336930853915284,134400.72183909878,2488.424184456428,136889.14602355522,1475,44,750.1794871794872,35,4,18,30.847588086467976,0.6663690476190478,40.76967592592592,1036.9212962962952,29.626322751322718,0
1477,4,0,0,39,0.0,0.0,1.0,39,950,800,150,0.8421052631578947,11,8,3,382.1889551166495,0.37643387314439947,0.10685572702979518,0.2436114804946948,134490.7474387001,2480.175647290788,136970.92308599091,1476,45,751.1794871794872,35,4,18,30.77205608867067,0.6672619047619048,40.68287037037036,1037.2685185185173,29.636243386243354,0
1478,4,0,0,39,0.0,0.0,1.0,39,1100,800,300,0.7272727272727273,14,8,6,381.4775925481689,0.37578722447143503,0.1079005895435452,0.2437653003408973,134581.66099773243,2467.9910036288175,137049.65200136125,1477,46,752.1794871794872,34,5,19,30.69952768854215,0.670343137254902,40.595238095238095,1037.6190476190475,30.51820728291316,0
1479,4,0,0,39,0.0,0.0,1.0,39,700,500,200,0.7142857142857143,9,5,4,380.5463020372584,0.375,0.1078640713878154,0.2435831616123947,134643.43112244885,2447.6119614512304,137091.0430839001,1478,47,753.1794871794872,34,5,19,30.661896841783285,0.6709558823529412,40.53571428571428,1037.8571428571418,30.52521008403358,0
1480,4,0,1,38,0.0,0.02564102564102564,0.9743589743589743,39,850,600,250,0.7058823529411765,11,6,5,380.22789530377037,0.3753654970760234,0.1070223884766841,0.24358611455941023,134674.32149943305,2441.3867630385457,137115.7082624716,1479,48,754.1794871794872,34,5,20,30.63926482394771,0.6712622549019608,40.50595238095238,1037.9761904761901,30.528711484593828,0
1481,4,0,0,38,0.0,0.0,1.0,38,650,500,150,0.7692307692307693,8,5,3,387.16318780709685,0.36948790896159317,0.1258608258956322,0.24762068537390447,134614.36106305264,2823.5450307573988,137437.90609381004,1480,56,773.7631578947369,33,5,20,30.519307982994807,0.6729797979797979,40.56372549019608,1037.7450980392155,31.4468211527035,0
1482,4,0,0,38,0.0,0.0,1.0,38,650,500,150,0.7692307692307693,8,5,3,385.99057070292844,0.3691619250829777,0.12869604657375922,0.24751901017596584,134709.75894187338,2799.3393466455304,137509.0982885189,1481,57,774.7631578947369,33,5,20,30.454270452130803,0.6739267676767677,40.4718137254902,1038.1127450980398,31.457961972667874,0
1483,4,0,0,38,0.0,0.0,1.0,38,750,500,250,0.6666666666666666,10,5,5,385.8050277630172,0.3691322901849217,0.13333064160460162,0.24783366188294492,134773.3763005814,2799.249237072273,137572.6255376537,1482,58,775.7631578947369,33,5,20,30.395447303198388,0.6745580808080809,40.41053921568627,1038.3578431372543,31.465389185977404,0
1484,4,0,0,38,0.0,0.0,1.0,38,900,500,400,0.5555555555555556,13,5,8,383.20118142757036,0.3690582029397819,0.12835001614465602,0.24680951472493043,134868.83049788536,2736.3790369088706,137605.20953479424,1483,59,776.7631578947369,33,5,17,30.367606575428645,0.6755050505050505,40.31862745098039,1038.7254901960778,31.47653000594175,0
1485,4,0,0,38,0.0,0.0,1.0,38,1500,1100,400,0.7333333333333333,19,11,8,384.35345904043385,0.3681098862019914,0.12441742843135395,0.24864238643187775,135027.99591803623,2779.695459678953,137807.69137771518,1484,60,777.7631578947369,33,5,18,30.178610030263712,0.6770833333333335,40.16544117647058,1039.3382352941169,31.495098039215662,0
1486,4,0,0,38,0.0,0.0,1.0,38,900,700,200,0.7777777777777778,11,7,4,393.7303626298915,0.3681098862019914,0.13265891368811533,0.2335844641021626,131816.67375283447,2780.045351473926,134596.7191043084,1485,61,778.7631578947369,34,4,16,33.16571991653142,0.6427696078431373,43.273809523809526,1026.904761904762,30.203081232493,8
1487,4,0,0,38,0.0,0.0,1.0,38,950,700,250,0.7368421052631579,12,7,5,394.0724076281809,0.36756164058795643,0.12985892126306076,0.23435222642478098,131908.37762188207,2796.290391156464,134704.66801303852,1486,62,779.7631578947369,34,4,16,33.064134507667944,0.6436887254901961,43.18452380952381,1027.2619047619046,30.213585434173666,0
1488,4,0,0,38,0.0,0.0,1.0,38,1050,800,250,0.7619047619047619,13,8,5,394.6180771090221,0.36698376007586536,0.13038722185660134,0.23494464590857073,131951.69331114975,2814.1046971450683,134765.7980082948,1487,63,780.7631578947369,35,3,16,33.00629435620142,0.6419642857142855,43.142361111111114,1027.4305555555559,29.355158730158738,0
1489,4,0,0,38,0.0,0.0,1.0,38,750,400,350,0.5333333333333333,11,4,7,394.9487293415992,0.3679617117117117,0.1301257691176554,0.23575520292353022,132050.5402995902,2830.638620038964,134881.17891962916,1488,64,781.7631578947369,36,2,18,32.897812351630684,0.6409143518518519,43.046171171171174,1027.815315315316,28.550425425425445,0
1490,4,0,0,38,0.0,0.0,1.0,38,500,300,200,0.6,7,3,4,394.8033096240383,0.3678579895685159,0.1319824753559693,0.23620931958502428,132137.36329234645,2833.6536705624603,134971.0169629089,1489,65,782.7631578947369,36,2,19,32.81375502008032,0.6417824074074074,42.961711711711715,1028.1531531531534,28.559809809809817,0
1491,4,0,0,38,0.0,0.0,1.0,38,1250,700,550,0.56,18,7,11,393.9389045396131,0.36754682313892845,0.12652663839985223,0.23677801525486222,132311.09487866246,2824.4975549874243,135135.5924336499,1490,66,783.7631578947369,36,2,19,32.660400248102746,0.6435185185185186,42.792792792792795,1028.828828828829,28.578578578578586,0
1492,4,1,1,38,0.02564102564102564,0.02564102564102564,0.9743589743589743,39,800,400,400,0.5,12,4,8,380.89453145222757,0.37064215024741337,0.12290734522208302,0.23120435566201275,132681.93310565644,2307.678682895634,134989.61178855208,1491,0,764.6410256410256,33,6,17,32.62199655049363,0.6537247474747474,42.432598039215684,1030.269607843137,31.220291146761728,0
1493,4,0,0,38,0.0,0.0,1.0,38,950,800,150,0.8421052631578947,11,8,3,388.64171541100876,0.3672949265054528,0.12704775182990558,0.23473959610824946,132495.4803719009,2698.654155188252,135194.13452708913,1492,68,785.7631578947369,32,6,19,32.610528574932545,0.654296875,42.61363636363637,1029.5454545454552,32.173295454545475,0
1494,4,0,0,38,0.0,0.0,1.0,38,800,600,200,0.75,10,6,4,389.8255782262801,0.36707266477003314,0.13050759947077983,0.2356580867631814,132527.9806429192,2732.5593370574547,135260.53997997666,1493,69,786.7631578947369,32,6,19,32.54726139382791,0.6546223958333333,42.58207070707071,1029.671717171718,32.17724116161619,0
1495,4,1,1,38,0.02564102564102564,0.02564102564102564,0.9743589743589743,39,1000,500,500,0.5,15,5,10,378.79389734483067,0.37148560503823663,0.11813829025287559,0.23109449299217258,132871.38848339577,2266.1742178489058,135137.56270124466,1494,0,767.5641025641025,33,6,17,32.48531538492017,0.6556186868686869,42.24877450980392,1031.004901960784,31.242572786690427,0
1496,4,0,0,38,0.0,0.0,1.0,38,600,300,300,0.5,9,3,6,388.7752316669143,0.3654723802750119,0.13198514478036327,0.236657137665699,132788.1262913224,2724.946912304878,135513.07320362728,1495,71,788.7631578947369,32,6,17,32.31195638858262,0.6572265625,42.32954545454546,1030.681818181819,32.20880681818184,0
1497,4,0,0,38,0.0,0.0,1.0,38,1300,1000,300,0.7692307692307693,16,10,6,386.45839463030416,0.36530938833570414,0.12682238292277326,0.2358609305344594,132885.74667125815,2670.9624655647517,135556.7091368229,1496,72,789.7631578947369,32,6,17,32.273297820230226,0.658203125,42.23484848484849,1031.060606060607,32.220643939393966,0
1498,4,0,0,38,0.0,0.0,1.0,38,1000,700,300,0.7,13,7,6,385.2487474608443,0.36530938833570414,0.12081126542148413,0.23582826962748554,132997.76715986634,2647.4446426855025,135645.21180255184,1497,73,790.7631578947369,33,5,18,32.19167062690589,0.6568813131313131,42.12622549019608,1031.4950980392152,31.25742721330955,0
1499,4,0,0,38,0.0,0.0,1.0,38,1050,900,150,0.8571428571428571,12,9,3,387.51410632707945,0.36482041251778097,0.12150068908573175,0.2380836135896138,133134.14292800447,2718.2716836734576,135852.41461167793,1498,74,791.7631578947369,34,4,18,31.995953012650432,0.6559436274509804,41.99404761904761,1032.023809523809,30.353641456582615,0
1500,4,0,0,38,0.0,0.0,1.0,38,800,600,200,0.75,10,6,4,390.07788672398203,0.36496858700806073,0.12611609175169525,0.24005431907619906,133195.58000283435,2791.3300736961314,135986.91007653048,1499,75,792.7631578947369,34,4,18,31.867960250643904,0.6565563725490196,41.9345238095238,1032.261904761904,30.360644257703058,0
1501,4,0,0,38,0.0,0.0,1.0,38,850,600,250,0.7058823529411765,11,6,5,390.735323992323,0.36541311047889996,0.1264726177780564,0.23382805765303774,132145.87688629376,2727.386383474958,134873.2632697687,1500,76,793.7631578947369,33,5,20,32.90971394517282,0.6483585858585859,42.95343137254902,1028.186274509804,31.157159833630423,2
1502,4,0,0,38,0.0,0.0,1.0,38,1050,800,250,0.7619047619047619,13,8,5,390.60105901262193,0.3657242769084874,0.12937211999623832,0.234724115276375,132303.42784325732,2735.5718053152577,135038.9996485726,1501,77,794.7631578947369,33,5,20,32.75399543378996,0.6499368686868687,42.80024509803921,1028.7990196078426,31.17572786690432,0
1503,4,0,0,38,0.0,0.0,1.0,38,950,700,250,0.7368421052631579,12,7,5,392.5650313888113,0.3664651493598862,0.13456211378649008,0.2364964945196011,132398.0034722223,2794.9990688677485,135193.00254109004,1502,78,795.7631578947369,32,6,20,32.60796221322536,0.6533203125,42.708333333333336,1029.1666666666672,32.16145833333335,0
1504,4,0,0,38,0.0,0.0,1.0,38,900,500,400,0.5555555555555556,13,5,8,391.37894609696025,0.3669689426268374,0.12878372184601106,0.23618893764089688,132462.98408644527,2768.6446217222747,135231.62870816755,1503,79,796.7631578947369,32,6,21,32.57287705956907,0.6539713541666666,42.64520202020202,1029.419191919192,32.16934974747475,0
1505,4,0,0,38,0.0,0.0,1.0,38,950,500,450,0.5263157894736842,14,5,9,389.6889516613387,0.36698376007586536,0.1240610722490385,0.23577916096067342,132560.48489950004,2731.4712784409785,135291.956177941,1504,80,797.7631578947369,32,6,22,32.51798267124407,0.6549479166666666,42.55050505050505,1029.79797979798,32.18118686868687,0
1506,4,0,0,38,0.0,0.0,1.0,38,900,600,300,0.6666666666666666,12,6,6,387.7054986848129,0.3674875533428165,0.12299907312307412,0.23474618234489694,132587.25610342188,2680.9616493656417,135268.21775278752,1505,81,798.7631578947369,33,5,22,32.54204347136284,0.6527777777777777,42.524509803921575,1029.9019607843145,31.20915032679741,0
1507,4,0,0,38,0.0,0.0,1.0,38,1150,600,550,0.5217391304347826,17,6,11,390.27101188573954,0.3667318634423897,0.12714707797085456,0.237095279475094,132713.49961553267,2758.846357170342,135472.345972703,1506,82,799.7631578947369,33,5,18,32.34865604186489,0.654040404040404,42.40196078431374,1030.3921568627466,31.224004753416562,0
1508,4,0,0,38,0.0,0.0,1.0,38,1150,800,350,0.6956521739130435,15,8,7,392.1866518663295,0.3663762446657184,0.13152889951015623,0.23926514156283055,132871.38848339595,2822.076995626699,135693.46547902265,1507,83,800.7631578947369,33,5,19,32.14011549585958,0.6556186868686869,42.24877450980393,1031.0049019607854,31.242572786690467,0
1509,4,0,0,38,0.0,0.0,1.0,38,1050,600,450,0.5714285714285714,15,6,9,385.21029210790147,0.3664651493598862,0.13152580205140896,0.23597108821702575,133024.1036120756,2648.4507619598726,135672.55437403545,1508,84,801.7631578947369,35,3,19,32.166147761696394,0.6526785714285714,42.10069444444444,1031.597222222222,29.47420634920634,0
1510,4,0,0,38,0.0,0.0,1.0,38,1050,800,250,0.7619047619047619,13,8,5,388.06788815761956,0.36622807017543857,0.13529870221886364,0.23791177132304125,133053.95474322693,2726.7934456447047,135780.74818887163,1509,85,802.7631578947369,35,3,19,32.06239249121232,0.6529761904761905,42.07175925925925,1031.7129629629621,29.477513227513203,0
1511,4,0,0,38,0.0,0.0,1.0,38,500,400,100,0.8,6,4,2,385.2737709877206,0.3664799668089142,0.13604165190904594,0.23657719987097203,133113.66705246904,2657.040895061722,135770.70794753075,1510,86,803.7631578947369,35,3,19,32.07436069986541,0.6535714285714285,42.013888888888886,1031.944444444444,29.48412698412697,0
1512,4,1,0,39,0.02564102564102564,0.0,1.0,39,1350,1000,350,0.7407407407407407,17,10,7,375.0120819768229,0.3716261808367072,0.12826941945005776,0.23196128307305464,133384.96171424817,2204.1944393718145,135589.15615362,1511,0,784.1282051282051,36,3,20,32.06648134016498,0.654224537037037,41.75112612612613,1032.9954954954965,28.694319319319348,0
1513,4,0,0,39,0.0,0.0,1.0,39,1350,1000,350,0.7407407407407407,17,10,7,375.01871348336726,0.37165429599640126,0.13368272394060332,0.23233407870833478,133443.89770169678,2208.7917676592874,135652.68946935606,1512,1,785.1282051282051,37,2,20,32.007123527538994,0.6528716216216215,41.694078947368425,1033.2236842105272,27.924964438122355,0
1514,4,0,0,39,0.0,0.0,1.0,39,1000,800,200,0.8,12,8,4,372.62499030080477,0.37047345928924874,0.13607417679528022,0.23209073041853273,133642.2324657586,2159.687115266228,135801.91958102482,1513,2,786.1282051282051,37,2,20,31.869918699187007,0.6548423423423424,41.50219298245614,1033.9912280701747,27.94570886676148,0
1515,4,0,0,39,0.0,0.0,1.0,39,600,500,100,0.8333333333333334,7,5,2,371.35325504787284,0.3704453441295547,0.1340118744698897,0.2316536971965301,133698.92659279777,2129.9063173284057,135828.83291012616,1514,3,787.1282051282051,37,2,20,31.845932287249077,0.6554054054054055,41.44736842105263,1034.2105263157891,27.951635846372678,0
1516,4,0,0,39,0.0,0.0,1.0,39,800,600,200,0.75,10,6,4,396.5222523236315,0.37061403508771934,0.18048928482775728,0.23282117089065438,131422.35145436847,2655.584693896362,134077.93614826482,1515,4,788.1282051282051,33,6,20,33.493561013505435,0.6410984848484849,43.658088235294116,1025.3676470588234,31.071746880570405,6
1517,4,1,1,39,0.025,0.025,0.975,40,1000,800,200,0.8,12,8,4,385.11823771796213,0.37656249999999997,0.17141614474599898,0.22774276032951082,131694.4515306122,2143.587018140582,133838.03854875278,1516,0,769.4,34,6,14,33.510448078558724,0.6415441176470589,43.39285714285714,1026.4285714285709,30.189075630252084,0
1518,4,0,0,39,0.0,0.0,1.0,39,1450,1200,250,0.8275862068965517,17,12,5,393.95958872469015,0.36915204678362573,0.17995402873055677,0.23315810113747437,131725.0017715419,2578.8655045351397,134303.86727607704,1517,6,790.1282051282051,34,5,17,33.25263829293748,0.6418504901960784,43.363095238095234,1026.5476190476186,30.192577030812313,0
1519,4,0,0,39,0.0,0.0,1.0,39,1150,900,250,0.782608695652174,14,9,5,390.6719462992129,0.36867408906882587,0.1720953595301571,0.23195642675315276,131847.23816609973,2501.8034297052045,134349.04159580494,1518,7,791.1282051282051,34,5,18,33.213312854990136,0.6430759803921569,43.24404761904761,1027.0238095238092,30.206582633053213,0
1520,4,0,0,39,0.0,0.0,1.0,39,1150,800,350,0.6956521739130435,15,8,7,375.5950964299333,0.36912393162393164,0.13374822210603843,0.22334931353545337,131905.8987196657,2146.0319142570747,134051.93063392278,1519,8,792.1282051282051,36,3,13,33.54116421837318,0.6394675925925926,43.186936936936945,1027.2522522522531,28.534784784784808,5
1521,4,0,0,39,0.0,0.0,1.0,39,700,500,200,0.7142857142857143,9,5,4,375.2704672546441,0.368421052631579,0.13515981735159777,0.22366708123439794,131992.67415642022,2106.5905009739768,134099.2646573942,1520,9,793.1282051282051,36,3,14,33.46187214611872,0.640335648148148,43.10247747747749,1027.5900900900922,28.544169169169226,0
1522,4,0,0,39,0.0,0.0,1.0,39,1200,900,300,0.75,15,9,6,373.5811323814248,0.36715587044534415,0.12772112889421217,0.22355266613532995,132144.21895438983,2073.3173909279794,134217.5363453178,1521,10,794.1282051282051,37,2,16,33.35232928086453,0.6399211711711712,42.95504385964912,1028.1798245614036,27.788643907064962,0
1523,4,0,1,38,0.0,0.02564102564102564,0.9743589743589743,39,850,500,350,0.5882352941176471,12,5,7,370.9157532471665,0.36648110661268557,0.12320813514843332,0.222454588584298,132228.78674207444,2009.148007079094,134237.93474915353,1522,11,795.1282051282051,37,2,16,33.33555437100212,0.6407657657657657,42.872807017543856,1028.5087719298242,27.797534376481735,0
1524,4,0,1,37,0.0,0.02631578947368421,0.9736842105263158,38,1200,900,300,0.75,15,9,6,368.78706719127047,0.36476114272166904,0.11476016415132362,0.22250469066784379,132454.4330947985,2169.4963835026247,134623.9294783011,1523,12,799.4473684210526,37,1,17,33.162902996733415,0.6430180180180181,42.65350877192983,1029.3859649122815,27.821242294926527,0
1525,4,0,0,37,0.0,0.0,1.0,37,800,500,300,0.625,11,5,6,373.4203450639343,0.36320695695695693,0.11667563428666017,0.22548274732988718,132484.94059938335,2494.5144468793305,134979.45504626268,1524,13,804.918918918919,36,1,18,33.01292569095019,0.6452546296296295,42.62387387387388,1029.504504504506,28.59734734734739,0
1526,4,0,0,37,0.0,0.0,1.0,37,750,500,250,0.6666666666666666,10,5,5,371.0454727448098,0.3625813313313313,0.10797217510534796,0.22474052276318116,132600.90115453315,2440.192811054326,135041.09396558747,1525,14,805.918918918919,36,1,18,32.95725818208325,0.646412037037037,42.511261261261275,1029.9549549549567,28.60985985985991,0
1527,4,1,1,37,0.02631578947368421,0.02631578947368421,0.9736842105263158,38,950,700,250,0.7368421052631579,12,7,5,363.41455577550073,0.3674431009957326,0.10604398372300006,0.2217512698220011,132878.0384950179,2057.9626663973777,134936.0011614153,1526,0,785.6842105263158,37,1,15,32.87503544967919,0.6472409909909909,42.24232456140352,1031.0307017543876,27.865694642010475,0
1528,4,0,0,37,0.0,0.0,1.0,37,650,300,350,0.46153846153846156,10,3,7,367.3819146871481,0.362769019019019,0.10410957285957267,0.22355580340537132,132774.93709926168,2355.822122798501,135130.75922206018,1527,16,807.918918918919,36,1,15,32.87646598193474,0.648148148148148,42.342342342342356,1030.6306306306326,28.628628628628682,0
1529,4,0,0,37,0.0,0.0,1.0,37,650,400,250,0.6153846153846154,9,4,5,367.3819146871481,0.362769019019019,0.10410957285957267,0.22355580340537132,132774.93709926168,2355.822122798501,135130.75922206018,1528,17,808.918918918919,36,1,15,32.87646598193474,0.648148148148148,42.342342342342356,1030.6306306306326,28.628628628628682,0
1530,4,0,0,37,0.0,0.0,1.0,37,1400,1200,200,0.8571428571428571,16,12,4,369.9099574053381,0.3625813313313313,0.10963109008320293,0.2259683442268637,132920.05423920573,2433.690320387987,135353.7445595937,1529,18,809.918918918919,36,1,16,32.665356193804385,0.6495949074074073,42.20157657657659,1031.193693693696,28.644269269269337,0
1531,4,0,0,37,0.0,0.0,1.0,37,1300,900,400,0.6923076923076923,17,9,8,369.28577252723903,0.36242492492492495,0.10487465961759135,0.22628942890448434,133036.20501836317,2425.6755488596973,135461.88056722286,1530,19,810.918918918919,36,1,16,32.56467634537715,0.6507523148148147,42.08896396396398,1031.644144144146,28.65678178178183,0
1532,4,0,0,37,0.0,0.0,1.0,37,1100,800,300,0.7272727272727273,14,8,6,368.94415164788757,0.3624874874874875,0.10706974164734473,0.22625611227563242,133065.25063915286,2418.72920217517,135483.97984132802,1531,20,811.918918918919,36,1,16,32.54429527759587,0.6510416666666665,42.06081081081082,1031.7567567567583,28.659909909909953,0
1533,4,0,0,37,0.0,0.0,1.0,37,1050,700,350,0.6666666666666666,14,7,7,368.14039533345453,0.362205955955956,0.10864475647368965,0.22646811165278166,133181.46482631293,2405.895422449492,135587.36024876242,1532,21,812.918918918919,36,1,16,32.44826896501564,0.6521990740740741,41.948198198198206,1032.2072072072083,28.672422422422454,0
1534,4,1,0,38,0.02631578947368421,0.0,1.0,38,1250,1100,150,0.88,14,11,3,364.2204650466183,0.3648500474158369,0.11589498916172536,0.22617154453300847,133530.4117462058,2127.218772826895,135657.63051903268,1533,0,792.5,36,2,18,32.19928088908259,0.6556712962962963,41.61036036036037,1033.5585585585595,28.70995995995999,0
1535,4,0,1,37,0.0,0.02631578947368421,0.9736842105263158,38,950,700,250,0.7368421052631579,12,7,5,366.32576234687826,0.36487968231389284,0.11044379240784918,0.22855542129033482,133705.05640775908,2195.9213436409373,135900.97775140003,1534,1,793.5,36,2,15,31.969775333914058,0.6574074074074074,41.44144144144144,1034.234234234234,28.728728728728722,0
1536,4,0,0,37,0.0,0.0,1.0,37,650,400,250,0.6153846153846154,9,4,5,372.2627732654761,0.36530280280280275,0.1080173626340386,0.232112203707399,133681.60211173262,2552.9367873370984,136234.5388990697,1535,2,807.972972972973,35,2,19,31.83979201641485,0.6592261904761905,41.46412037037037,1034.143518518518,29.546957671957657,0
1537,4,0,0,37,0.0,0.0,1.0,37,900,600,300,0.6666666666666666,12,6,6,369.7941728102297,0.36570945945945943,0.0995999915342125,0.23132191117919126,133801.32144043632,2495.789796596358,136297.1112370327,1536,3,808.972972972973,35,2,17,31.783593429540957,0.6604166666666667,41.348379629629626,1034.606481481481,29.560185185185173,0
1538,4,0,0,37,0.0,0.0,1.0,37,850,500,350,0.5882352941176471,12,5,7,368.7554060098296,0.36570945945945943,0.09993318878580104,0.21026904002262622,130292.97052154191,2211.340561333839,132504.31108287573,1537,4,809.972972972973,34,3,17,35.349862018034834,0.6274509803921569,44.76190476190476,1020.9523809523806,30.028011204481782,6
1539,4,0,0,37,0.0,0.0,1.0,37,650,400,250,0.6153846153846154,9,4,5,370.8194974265525,0.3658971471471471,0.1010244242143512,0.21161136589670912,130323.35778061207,2265.288407029458,132588.64618764154,1538,5,810.972972972973,34,3,17,35.26631300765614,0.6277573529411765,44.73214285714285,1021.0714285714271,30.03151260504197,0
1540,4,2,1,38,0.05128205128205128,0.02564102564102564,0.9743589743589743,39,1050,900,150,0.8571428571428571,12,9,3,354.27926713428224,0.37828947368421056,0.09869967100109611,0.2046483766622738,130794.81336805566,1467.5781250000061,132262.39149305568,1539,0,770.3333333333334,37,2,16,35.21087915818057,0.6264076576576576,44.270833333333336,1022.9166666666675,27.64639639639642,0
1541,4,1,0,39,0.02564102564102564,0.0,1.0,39,950,800,150,0.8421052631578947,11,8,3,351.6986841078893,0.37477507872244714,0.10670666380972782,0.20389785822751788,130935.05333371808,1409.9371922129903,132344.99052593106,1540,0,771.3076923076923,37,2,17,35.13499035783158,0.6278153153153152,44.13377192982456,1023.4649122807018,27.661213845424374,0
1542,4,2,0,41,0.04878048780487805,0.0,1.0,41,900,900,0,1.0,9,9,0,334.5893858617612,0.38455284552845526,0.11324307250182697,0.19665865694382348,131461.62245008702,597.132703993081,132058.7551540801,1541,0,734.6341463414634,39,2,19,35.04158202133062,0.6295405982905982,43.61979166666668,1025.520833333335,26.29540598290603,0
1543,4,0,0,41,0.0,0.0,1.0,41,1200,900,300,0.75,15,9,6,337.2067777909026,0.3846798780487805,0.11115293931168391,0.19861317868928288,131541.75347222228,671.3541666666781,132213.10763888896,1542,1,735.6341463414634,39,2,19,34.89371784457081,0.6303418803418803,43.54166666666667,1025.833333333334,26.30341880341882,0
1544,4,0,0,41,0.0,0.0,1.0,41,1150,700,450,0.6086956521739131,16,7,9,338.7050804196051,0.38412093495934957,0.1133854213085368,0.2000553028953207,131648.63281250003,718.0121527777792,132366.6449652778,1543,2,736.6341463414634,39,2,15,34.7475977804845,0.6314102564102564,43.4375,1026.2500000000002,26.31410256410257,0
1545,4,1,0,42,0.023809523809523808,0.0,1.0,42,1550,1400,150,0.9032258064516129,17,14,3,332.5929964148373,0.38725561362756483,0.1039123719107895,0.198300729937903,132006.0810364201,380.8596073765562,132386.94064379667,1544,0,720.0714285714286,40,2,18,34.54476529535863,0.6333333333333333,43.08943089430894,1027.642276422764,25.691056910569102,0
1546,4,1,1,42,0.023255813953488372,0.023255813953488372,0.9767441860465116,43,1100,900,200,0.8181818181818182,13,9,4,328.82582182226554,0.38990402362495385,0.1088620597622163,0.1974287751288402,132270.4093935027,98.78521431720009,132369.1946078199,1545,0,704.3023255813954,41,2,18,34.37600459703604,0.6344004065040652,42.832341269841265,1028.6706349206343,25.08952768099108,0
1547,4,0,1,41,0.0,0.023809523809523808,0.9761904761904762,42,800,700,100,0.875,9,7,2,335.5291864468123,0.3867837785520712,0.10651802482384753,0.2007420922106679,132136.6572993091,467.14102468766924,132603.79832399677,1546,2,722.0714285714286,40,2,18,34.33803663800205,0.6346354166666668,42.96239837398373,1028.1504065040635,25.70376016260159,0
1548,4,1,1,41,0.023809523809523808,0.023809523809523808,0.9761904761904762,42,750,300,450,0.4,12,3,9,333.5035892024303,0.38659020518776616,0.10345635456575097,0.1998322662238374,132193.88247197002,417.4268550012318,132611.30932697124,1547,0,722.8809523809524,41,1,19,34.33259373593156,0.633638211382114,42.90674603174602,1028.3730158730139,25.082268679829607,0
1549,4,0,0,41,0.0,0.0,1.0,41,750,400,350,0.5333333333333333,11,4,7,338.81387509149783,0.38353658536585367,0.0971656014869926,0.202707272282713,132136.657299309,753.9465802432107,132890.60387955222,1548,4,741.5121951219512,40,1,19,34.25360778887021,0.6346354166666668,42.962398373983724,1028.1504065040629,25.703760162601572,0
1550,4,1,0,42,0.023809523809523808,0.0,1.0,42,1200,1000,200,0.8333333333333334,14,10,4,333.0655825272097,0.3872919086333721,0.10875186287369099,0.2009303922226388,132450.30369034625,423.1857070857138,132873.48939743196,1549,0,724.8333333333334,40,2,20,34.08632803501495,0.6377604166666667,42.657520325203244,1029.369918699186,25.73424796747965,0
1551,4,0,0,42,0.0,0.0,1.0,42,1000,800,200,0.8,12,8,4,333.7904380272646,0.38725561362756483,0.10476190476190483,0.20150757671133426,132476.457672351,443.8749669508765,132920.3326393019,1550,1,725.8333333333334,40,2,20,34.041419874958855,0.6380208333333335,42.632113821138205,1029.4715447154463,25.736788617886155,0
1552,4,0,0,42,0.0,0.0,1.0,42,1000,800,200,0.8,12,8,4,333.2331238529828,0.3871951219512195,0.09608188421747799,0.2021199040940051,132653.3761652806,440.89978584023805,133094.27595112086,1551,2,726.8333333333334,41,1,16,33.878242167437094,0.6382113821138212,42.46031746031745,1030.1587301587278,25.12582268679824,0
1553,4,0,0,42,0.0,0.0,1.0,42,1150,900,250,0.782608695652174,14,9,5,330.7569413741172,0.38711043360433606,0.09501574770661203,0.20102822411076368,132730.03595245944,380.27614402240556,133110.31209648185,1552,3,727.8333333333334,41,1,16,33.86514794133694,0.6389735772357724,42.38591269841269,1030.4563492063473,25.13308168795969,0
1554,4,0,0,42,0.0,0.0,1.0,42,1250,1100,150,0.88,14,11,3,329.1993130263643,0.3865176151761518,0.09933465302980315,0.20076521484565565,132857.85147392272,347.3426870748099,133205.19416099755,1553,4,728.8333333333334,41,1,16,33.7771843725943,0.6402439024390245,42.26190476190475,1030.9523809523796,25.14518002322877,0
1555,4,0,0,42,0.0,0.0,1.0,42,950,600,350,0.631578947368421,13,6,7,325.7849695205263,0.38619096012388693,0.17278113591477617,0.1847146608659134,130071.7957849367,107.24069144969329,130179.03647638639,1554,5,729.8333333333334,38,4,19,36.670419634129296,0.6173245614035088,44.97863247863247,1020.0854700854692,26.8443544759334,5
1556,4,1,0,43,0.023255813953488372,0.0,1.0,43,1250,1000,250,0.8,15,10,5,318.66655487587906,0.38835825027685494,0.1736733700333295,0.18222093055057162,130402.54122662733,-288.73463833142625,130113.8065882959,1555,0,713.8372093023256,37,6,20,36.517601538736805,0.6224662162162162,44.65460526315789,1021.3815789473678,27.60490753911805,0
1557,4,0,0,43,0.0,0.0,1.0,43,800,600,200,0.75,10,6,4,319.0729245335152,0.3879198966408269,0.17231260604850807,0.183113279350515,130542.57079101272,-269.48003231762067,130273.0907586951,1556,1,714.8372093023256,37,6,14,36.36579041487841,0.6238738738738738,44.51754385964913,1021.9298245614043,27.61972498814606,0
1558,4,1,0,44,0.022727272727272728,0.0,1.0,44,750,400,350,0.5333333333333333,11,4,7,311.92289935364715,0.3927061310782241,0.17758885850991102,0.18037280701754388,130835.79881656812,-637.8636587771149,130197.935157791,1557,0,699.5681818181819,38,6,16,36.25274122807017,0.625,44.23076923076923,1023.0769230769235,26.923076923076934,0
1559,4,0,0,44,0.0,0.0,1.0,44,1250,700,550,0.56,18,7,11,308.7230322665893,0.3927501761804087,0.17012011157283524,0.17928388455627028,130999.80481591067,-711.4686061801352,130288.33620973054,1558,1,700.5681818181819,38,6,16,36.16938008766437,0.6266447368421052,44.070512820512825,1023.7179487179494,26.939946018893405,0
1560,4,0,0,44,0.0,0.0,1.0,44,1250,900,350,0.72,16,9,7,310.9621627061234,0.3929153453136011,0.1772505362822696,0.1811244066188749,131114.67013888905,-645.6597222222024,130469.01041666685,1559,2,701.5681818181819,39,5,16,35.996406292378644,0.6260683760683761,43.95833333333334,1024.166666666668,26.260683760683797,0
1561,4,0,0,44,0.0,0.0,1.0,44,1250,700,550,0.56,18,7,11,311.76023032862696,0.3927721987315011,0.17120280552450295,0.18235441778618772,131276.04683059032,-614.6698806927011,130661.37694989762,1560,3,702.5681818181819,40,4,18,35.813541253470845,0.6260416666666666,43.800813008130085,1024.7967479674803,25.619918699187007,0
1562,4,0,1,43,0.0,0.022727272727272728,0.9772727272727273,44,900,600,300,0.6666666666666666,12,6,6,312.2936105967453,0.3920344432699084,0.16412141422562398,0.1831766190272845,131382.88498064168,-593.9722400613196,130788.91274058036,1561,4,703.5681818181819,38,6,19,35.692389189940265,0.6304824561403507,43.696581196581214,1025.2136752136776,26.9793072424652,0
1563,4,0,0,43,0.0,0.0,1.0,43,1200,900,300,0.75,15,9,6,322.42088707140607,0.3886812476928756,0.17646561372963543,0.18912392058454514,131384.3261869038,-127.7898007078918,131256.53638619592,1562,5,720.6511627906976,37,6,19,35.43137254901961,0.6323198198198197,43.6951754385965,1025.2192982456152,27.708629682313923,0
1564,4,0,0,43,0.0,0.0,1.0,43,600,400,200,0.6666666666666666,8,4,4,306.1512480294333,0.3886812476928756,0.14882886141816654,0.17259083004424897,129847.94439693644,-649.3779537642843,129198.56644317215,1563,6,721.6511627906976,40,3,15,37.39738092864028,0.6117187499999999,45.19817073170732,1019.2073170731713,25.480182926829283,3
1565,4,0,1,42,0.0,0.023255813953488372,0.9767441860465116,43,1200,1000,200,0.8333333333333334,14,10,4,305.28135771504225,0.38916574381690666,0.14881959477311968,0.17267154133668203,129977.44914568079,-664.0615704937267,129313.38757518707,1564,7,722.6511627906976,40,3,16,37.28863530662413,0.6130208333333332,45.07113821138213,1019.7154471544741,25.492886178861852,0
1566,4,1,0,43,0.023255813953488372,0.0,1.0,43,1550,1200,350,0.7741935483870968,19,12,7,298.2694848615066,0.38941952750092285,0.14416740457659505,0.16284078002832816,128582.2137946991,-883.2081598254811,127699.00563487361,1565,0,723.1627906976744,40,3,16,38.88026052104208,0.5989583333333333,46.44308943089432,1014.2276422764241,25.355691056910604,7
1567,4,0,0,43,0.0,0.0,1.0,43,1000,700,300,0.7,13,7,6,301.7683599418516,0.38884274640088595,0.15589732602387518,0.16539291121730693,128736.86814230957,-830.2572873289575,127906.61085498061,1566,1,724.1627906976744,40,3,16,38.634504973629774,0.6005208333333333,46.29065040650407,1014.8373983739846,25.370934959349615,0
1568,4,0,0,43,0.0,0.0,1.0,43,1100,800,300,0.7272727272727273,14,8,6,301.7942867792716,0.3888658176448874,0.15327420443699502,0.1658374546163326,128840.02267995253,-823.3634493357017,128016.65923061683,1567,2,725.1627906976744,40,3,16,38.529154154154156,0.6015625,46.18902439024391,1015.2439024390253,25.381097560975633,0
1569,4,0,0,43,0.0,0.0,1.0,43,1300,1000,300,0.7692307692307693,16,10,6,298.9926835829335,0.38863510520487266,0.14893587315179824,0.16472617859580152,128943.21852898427,-889.3842124396597,128053.83431654461,1568,3,726.1627906976744,40,3,16,38.495597358415075,0.6026041666666666,46.08739837398375,1015.6504065040667,25.391260162601668,0
1570,4,2,0,45,0.044444444444444446,0.0,1.0,45,1250,900,350,0.72,16,9,7,288.13485810117214,0.3977483164983165,0.15619901855643237,0.1607068645755154,129428.42306193335,-1541.173741178734,127887.24932075462,1569,0,694.8444444444444,41,4,10,38.28025982256019,0.6059451219512194,45.61011904761906,1017.5595238095258,24.818524970964045,0
1571,4,1,0,46,0.021739130434782608,0.0,1.0,46,1400,1000,400,0.7142857142857143,18,10,8,281.9999723608022,0.40314009661835754,0.1637788912235334,0.1586987292155979,129779.68606519741,-1880.4264233241515,127899.25964187326,1570,0,680.7173913043479,43,3,12,38.08162949194549,0.6065891472868217,45.265151515151516,1018.9393939393938,23.69626497533474,0
1572,4,1,0,47,0.02127659574468085,0.0,1.0,47,1450,1100,350,0.7586206896551724,18,11,7,275.4376663015573,0.40560437866173293,0.16418835550972966,0.15636515430071407,130120.84297839504,-2231.9637345679007,127888.87924382713,1571,0,667.2127659574468,44,3,16,37.904982303294325,0.6086647727272727,44.93055555555556,1020.2777777777776,23.188131313131308,0
1573,4,0,0,47,0.0,0.0,1.0,47,1150,700,450,0.6086956521739131,16,7,9,274.74641025992116,0.40481421523280914,0.1642875891671558,0.15644650964387227,130238.95747599441,-2243.4627914952093,127995.4946844992,1572,1,668.2127659574468,44,3,16,37.80369345670054,0.6098484848484849,44.81481481481481,1020.7407407407399,23.19865319865318,0
1574,4,2,1,48,0.04081632653061224,0.02040816326530612,0.9795918367346939,49,1700,1100,600,0.6470588235294118,23,11,12,269.4007084520651,0.41147604875283444,0.18259488858790807,0.1559389657449214,130874.1739914993,-2748.4809617222627,128125.69302977703,1573,0,641.8979591836735,46,3,12,37.30181077802806,0.613677536231884,44.19326241134751,1023.2269503546089,22.24406413814367,0
1575,4,0,1,47,0.0,0.020833333333333332,0.9791666666666666,48,1000,800,200,0.8,12,8,4,277.45989171242957,0.40783835697399523,0.19056947641815736,0.16037011345957908,130817.97826743317,-2340.651583175819,128477.32668425735,1574,1,655.9375,45,3,12,37.15210141077859,0.6143518518518519,44.248188405797094,1023.0072463768104,22.73349436392912,0
1576,4,1,1,47,0.020833333333333332,0.020833333333333332,0.9791666666666666,48,1050,700,350,0.6666666666666666,14,7,7,277.3128671000079,0.40966681442080377,0.1938790560471979,0.1608642401555486,130957.01073829013,-2336.7871770636552,128620.22356122648,1575,0,656.8541666666666,45,3,12,37.01622418879055,0.6157407407407408,44.112318840579704,1023.55072463768,22.745571658615113,0
1577,4,1,2,46,0.020833333333333332,0.041666666666666664,0.9583333333333334,48,1050,600,450,0.5714285714285714,15,6,9,276.9744587589162,0.4094544178486998,0.19366724173523275,0.16095847338570837,131026.55466452676,-2341.7981877494362,128684.75647677733,1576,0,657.8333333333334,45,3,13,36.95506723878615,0.6164351851851853,44.04438405797101,1023.822463768115,22.75161030595811,0
1578,4,0,0,46,0.0,0.0,1.0,46,950,800,150,0.8421052631578947,11,8,3,297.96762325262307,0.40414653784219,0.21815661349712667,0.166525576126898,129507.5113597393,-1482.1909293552872,128025.32043038402,1577,1,687.0434782608696,44,2,13,37.950097031444244,0.6025094696969697,45.532407407407405,1017.8703703703698,23.133417508417494,2
1579,4,2,0,48,0.041666666666666664,0.0,1.0,48,1250,800,450,0.64,17,8,9,292.88982986767513,0.41037788120567376,0.23751811594202943,0.16543384299991448,129923.43506362839,-1989.3494416780009,127934.08562195039,1578,0,659.375,46,2,15,37.659057971014484,0.6041666666666667,45.124113475177296,1019.5035460992892,22.163120567375852,0
1580,4,2,0,50,0.04,0.0,1.0,50,950,700,250,0.7368421052631579,12,7,5,284.7926937742589,0.4172278911564626,0.24318312060432357,0.16245455444270143,130307.84043967865,-2576.971653211603,127730.86878646705,1579,0,633.96,46,4,17,37.47793117420624,0.6080163043478259,44.74734042553192,1021.0106382978728,22.195883441258104,0
1581,4,0,1,49,0.0,0.02,0.98,50,1400,1100,300,0.7857142857142857,17,11,6,285.18819926697546,0.41762755102040816,0.24359027777777786,0.1629646852954145,130375.73562698046,-2563.6757456868404,127812.05988129362,1580,1,634.96,46,4,17,37.39945023148148,0.608695652173913,44.680851063829785,1021.2765957446802,22.201665124884354,0
1582,4,0,0,49,0.0,0.0,1.0,49,900,400,500,0.4444444444444444,14,4,10,286.9148450033659,0.414328231292517,0.2309378127414845,0.16415721497224517,130424.45393726358,-2315.8576027882923,128108.59633447528,1581,2,648.6938775510204,45,4,18,37.306298217611086,0.6104166666666666,44.63315217391304,1021.4673913043467,22.699275362318815,0
1583,4,1,0,50,0.02,0.0,1.0,50,950,700,250,0.7368421052631579,12,7,5,284.7871834473114,0.415484693877551,0.24146722164412093,0.163880528917884,130647.4932095971,-2558.6536768774167,128088.83953271969,1582,0,636.7,46,4,13,37.1361573592323,0.6114130434782609,44.41489361702128,1022.3404255319149,22.224791859389455,0
1584,4,1,2,49,0.0196078431372549,0.0392156862745098,0.9607843137254902,51,1150,800,350,0.6956521739130435,15,8,7,279.2798941583969,0.4175326797385621,0.24097736152795934,0.16173504553908286,130892.68721944529,-2888.8608334490486,128003.82638599625,1583,0,625.1960784313726,48,3,14,37.03049692537812,0.611545138888889,44.1751700680272,1023.2993197278887,21.318735827664348,0
1585,4,0,0,49,0.0,0.0,1.0,49,850,500,350,0.5882352941176471,12,5,7,318.33536062800044,0.4106434240362811,0.2533640529513037,0.17550701740818075,128971.26801748578,-1587.3308203066663,127383.93719717911,1584,1,651.5510204081633,45,4,13,37.97596754057425,0.5958333333333334,46.05978260869565,1015.760869565217,22.572463768115934,3
1586,4,0,1,48,0.0,0.02040816326530612,0.9795918367346939,49,1050,700,350,0.6666666666666666,14,7,7,320.57114050252756,0.4111748866213152,0.25639654096460784,0.1770480789274667,129040.28274161145,-1526.6818781506038,127513.60086346084,1585,2,652.5510204081633,45,4,13,37.8490795221539,0.5965277777777779,45.99184782608695,1016.0326086956514,22.57850241545892,0
1587,4,2,1,49,0.04,0.02,0.98,50,750,500,250,0.6666666666666666,10,5,5,316.57929792069444,0.41414115646258504,0.25903963414634124,0.17599662664065724,129299.92187969467,-1812.8622725145178,127487.05960718016,1586,0,640.42,42,8,14,37.68697599085365,0.6031746031746033,45.73643410852713,1017.054263565891,24.215577703949787,0
1588,4,1,0,50,0.02,0.0,1.0,50,1250,700,550,0.56,18,7,11,314.07491797075863,0.414812925170068,0.26012738853503214,0.1752123527156667,129436.83556241417,-1869.4272976680459,127567.40826474612,1587,0,641.4,44,6,11,37.6118441006976,0.6017992424242424,45.60185185185185,1017.5925925925918,23.12710437710436,0
1589,4,0,0,50,0.0,0.0,1.0,50,1050,800,250,0.7619047619047619,13,8,5,311.24667299685046,0.414906462585034,0.253190353297144,0.17391739753682756,129500.85267177298,-1938.6580911310893,127562.1945806419,1588,1,642.4,45,5,11,37.61893373082969,0.6011574074074075,45.538949275362306,1017.8442028985485,22.61876006441219,0
1590,4,0,1,49,0.0,0.02,0.98,50,1550,1100,450,0.7096774193548387,20,11,9,310.59368522534317,0.4150255102040816,0.26115627501556604,0.1741648280792282,129639.18364215732,-1946.9776405954874,127692.20600156183,1589,2,643.4,45,5,11,37.49546013816005,0.6025462962962964,45.403079710144915,1018.3876811594178,22.630837359098173,0
1591,4,1,1,49,0.02,0.02,0.98,50,1450,1000,450,0.6896551724137931,19,10,9,309.34004813228995,0.41504251700680267,0.26044448395412956,0.17407534774587913,129777.58845469679,-1970.9189081863287,127806.66954651046,1590,0,644.32,45,5,12,37.38730479746346,0.6039351851851853,45.267210144927525,1018.931159420288,22.642914653784178,0
1592,4,0,0,49,0.0,0.0,1.0,49,1450,900,550,0.6206896551724138,20,9,11,312.2431409324499,0.4124326814058957,0.25594604320550274,0.17544938899585347,129719.6544924553,-1699.1855281207236,128020.46896433458,1591,1,658.1836734693877,44,5,12,37.37199297097497,0.6046401515151516,45.32407407407407,1018.7037037037028,23.152356902356882,0
1593,4,0,1,48,0.0,0.02040816326530612,0.9795918367346939,49,1250,900,350,0.72,16,9,7,328.0764676129518,0.4121315192743764,0.2829209353644373,0.18353415169018486,129546.41867225528,-1279.9520404942107,128266.46663176107,1592,2,659.1836734693877,42,7,12,37.14444920362968,0.6056547619047619,45.49418604651163,1018.0232558139536,24.238648947951276,2
1594,4,0,1,47,0.0,0.020833333333333332,0.9791666666666666,48,1100,700,400,0.6363636363636364,15,7,8,334.7732784404667,0.4091127364066194,0.29232037289677115,0.1873197046540934,129554.63927469155,-925.7137345678786,128628.92554012367,1593,3,673.625,41,7,12,36.96566621191452,0.6072154471544715,45.48611111111112,1018.0555555555571,24.8306233062331,0
1595,4,1,1,47,0.020833333333333332,0.020833333333333332,0.9791666666666666,48,950,700,250,0.7368421052631579,12,7,5,329.57484336965274,0.40847554669030733,0.2888526076043503,0.1851298480484262,129707.32829897011,-1050.345518394137,128656.98278057597,1594,0,674.4791666666666,43,5,12,36.9430951938273,0.6058624031007751,45.336174242424256,1018.6553030303054,23.689658210007103,0
1596,4,0,0,47,0.0,0.0,1.0,47,1550,900,650,0.5806451612903226,22,9,13,335.26339799411875,0.40585491828553805,0.2842641802764745,0.1883252413693336,129707.32829896998,-702.7760739497108,129004.55222502026,1595,5,689.8297872340426,43,4,13,36.798228285457526,0.6058624031007751,45.33617424242425,1018.6553030303044,23.689658210007078,0
1597,4,0,0,47,0.0,0.0,1.0,47,1000,600,400,0.6,14,6,8,337.3060160155902,0.40492984890533457,0.28616843345577614,0.19005692902407254,129827.9357854111,-641.6512425390092,129186.28454287209,1596,6,690.8297872340426,43,4,14,36.623846249148244,0.6070736434108526,45.21780303030304,1019.1287878787892,23.700669485553238,0
1598,4,1,1,47,0.020833333333333332,0.020833333333333332,0.9791666666666666,48,1050,600,450,0.5714285714285714,15,6,9,331.667134640927,0.4083924349881796,0.28807726465364114,0.18785573118998175,130031.52239550513,-974.5635108170563,129056.95888468808,1597,0,677.4166666666666,45,3,14,36.561204854943746,0.6064814814814814,45.018115942028984,1019.927536231884,22.665056360708533,0
1599,4,2,1,48,0.04081632653061224,0.02040816326530612,0.9795918367346939,49,1000,800,200,0.8,12,8,4,334.7791084909014,0.4106788548752835,0.302189535079616,0.19123235904529087,130361.5235431317,-1070.7166049539271,129290.80693817778,1598,0,664.5510204081633,42,7,16,36.14768162697283,0.6138392857142856,44.69476744186048,1021.2209302325604,24.3147840531562,0
1600,4,0,0,48,0.0,0.0,1.0,48,1450,1000,450,0.6896551724137931,19,10,9,342.98522022092834,0.40691489361702127,0.3090183313900763,0.19567649038324825,130313.22830057966,-660.8977387251018,129652.33056185456,1599,1,679.3958333333334,41,7,17,35.98709353543205,0.6148373983739837,44.7420634920635,1021.0317460317474,24.9032133178475,0
1601,4,0,1,47,0.0,0.020833333333333332,0.9791666666666666,48,1400,900,500,0.6428571428571429,19,9,10,341.9139119592851,0.4071088209219858,0.3105672547903622,0.19568167534607978,130435.75074364549,-680.4404407787669,129755.31030286672,1600,2,680.3958333333334,42,6,17,35.89036710301652,0.6145833333333331,44.62209302325583,1021.511627906979,24.321705426356644,0
1602,4,0,0,47,0.0,0.0,1.0,47,1350,1000,350,0.7407407407407407,17,10,7,344.2431770780298,0.4051418439716312,0.3085126565672467,0.19701474336355015,130435.75074364537,-419.676551889894,130016.07419175548,1601,3,694.6170212765958,42,5,17,35.830882817934615,0.6145833333333333,44.62209302325582,1021.511627906978,24.32170542635662,0
1603,4,1,1,47,0.020833333333333332,0.020833333333333332,0.9791666666666666,48,850,600,250,0.7058823529411765,11,6,5,340.1978983888762,0.40675790484633567,0.30987532808398943,0.1956545718224785,130625.35085406639,-712.306032627393,129913.04482143899,1602,0,681.125,43,5,13,35.742338273892244,0.6150678294573643,44.43655303030304,1022.2537878787891,23.773343904157887,0
1604,4,0,1,46,0.0,0.02127659574468085,0.9787234042553191,47,1600,1000,600,0.625,22,10,12,326.86892959992787,0.40527674992291085,0.26044910196937,0.18898873904498217,130830.33371913602,-847.1257716049165,129983.2079475311,1603,5,696.6170212765958,44,3,15,35.87598425196852,0.6157670454545454,44.23611111111112,1023.0555555555572,23.251262626262665,1
1605,4,0,0,46,0.0,0.0,1.0,46,1100,800,300,0.7272727272727273,14,8,6,335.81064861696797,0.4027375201288245,0.26644870530953835,0.19434569139294805,130867.47378795058,-410.661748880847,130456.81203906974,1604,6,712.304347826087,43,3,15,35.609767854388394,0.6174903100775193,44.19981060606061,1023.2007575757581,23.79536645525019,0
1606,4,1,0,47,0.02127659574468085,0.0,1.0,47,1050,600,450,0.5714285714285714,15,6,9,337.5712078187271,0.4056429232192414,0.29138130597459755,0.19723141424086751,131233.2347393689,-539.887688614549,130693.34705075435,1605,0,698.1276595744681,44,3,16,35.195456051569366,0.6197916666666667,43.84259259259259,1024.6296296296289,23.28703703703702,0
1607,4,1,1,47,0.020833333333333332,0.020833333333333332,0.9791666666666666,48,1350,1100,250,0.8148148148148148,16,11,5,331.6653353603544,0.40864177009456265,0.2871615905245346,0.19562296726344267,131595.18771701396,-870.8189996999276,130724.36871731404,1606,0,684.5625,43,5,12,34.9820219966159,0.6247577519379846,43.489583333333336,1026.0416666666672,23.861434108527146,0
1608,4,0,0,47,0.0,0.0,1.0,47,950,400,550,0.42105263157894735,15,4,11,304.72400800495143,0.4055465618254703,0.19702155998680215,0.17100662296529856,129669.75509472075,-1433.8259396032545,128235.9291551175,1607,2,700.1276595744681,42,5,15,37.61396790663749,0.6068948412698414,45.37306201550387,1018.5077519379836,24.25018456995199,8
1609,4,0,1,46,0.0,0.02127659574468085,0.9787234042553191,47,1650,1300,350,0.7878787878787878,20,13,7,301.06272715965787,0.40541165587419054,0.19545993830578223,0.1694265138199748,129779.68606519741,-1585.6347566574855,128194.05130853993,1608,3,701.1276595744681,43,4,16,37.596034696406456,0.6065891472868217,45.265151515151516,1018.9393939393938,23.69626497533474,0
1610,4,0,0,46,0.0,0.0,1.0,46,850,400,450,0.47058823529411764,13,4,9,302.9213751430437,0.40313003220611915,0.20858194298000843,0.17042366290150357,129768.46648526228,-1338.0715364160772,128430.39494884621,1609,4,717.1521739130435,42,4,16,37.56003328578224,0.6078869047619048,45.276162790697676,1018.8953488372091,24.259413067552597,0
1611,4,1,0,47,0.02127659574468085,0.0,1.0,47,1450,800,650,0.5517241379310345,21,8,13,311.2259599990247,0.4051611162503854,0.23298146235765027,0.17205201067526485,129078.27546609289,-1363.6200686557215,127714.65539743716,1610,0,702.8723404255319,42,5,14,38.04790057531547,0.6009424603174602,45.95445736434109,1016.1821705426365,24.194813584348488,4
1612,4,2,2,47,0.04081632653061224,0.04081632653061224,0.9591836734693877,49,1650,1200,450,0.7272727272727273,21,12,9,298.9084856181513,0.4096159297052154,0.23573821043117626,0.16697860724656424,129490.37606175417,-2058.786873727665,127431.58918802651,1611,0,675.1428571428571,43,6,9,37.94349336310632,0.6036821705426355,45.549242424242436,1017.8030303030324,23.66983791402401,0
1613,4,0,0,47,0.0,0.0,1.0,47,1000,700,300,0.7,13,7,6,312.026894935872,0.40429386370644466,0.2448593320659802,0.17347612401749243,129302.26836104818,-1330.8429390274557,127971.42542202072,1612,2,704.8723404255319,41,6,15,37.80034789959684,0.6046747967479674,45.73412698412699,1017.0634920634925,24.80642663569494,0
1614,4,3,4,46,0.06,0.08,0.92,50,1500,1000,500,0.6666666666666666,20,10,10,295.6768595881601,0.4114710884353741,0.23417772124295788,0.1665414286912639,129813.99605624173,-2323.4010631001083,127490.59499314161,1613,0,663.52,44,6,12,37.698565933733114,0.6055871212121211,45.231481481481495,1019.0740740740765,23.160774410774465,0
1615,4,2,2,46,0.041666666666666664,0.041666666666666664,0.9583333333333334,48,1250,800,450,0.64,17,8,9,304.84205533411694,0.40888187056737585,0.23555954532483536,0.17128832323503884,129719.10609526197,-1691.2322163631748,128027.8738788988,1614,0,691.6458333333334,42,6,13,37.5610355432956,0.6073908730158729,45.32461240310079,1018.701550387599,24.254798818752356,0
1616,4,1,1,46,0.02127659574468085,0.02127659574468085,0.9787234042553191,47,1350,1100,250,0.8148148148148148,16,11,5,310.4973889466427,0.40620181930311444,0.23242820936319375,0.17429615594943612,129680.91699932312,-1346.8827751007605,128334.03422422236,1615,0,707.3404255319149,41,6,13,37.455662965488145,0.6084857723577235,45.362103174603185,1018.5515873015893,24.842721641502177,0
1617,4,1,0,47,0.02127659574468085,0.0,1.0,47,800,500,300,0.625,11,5,6,311.49775463291576,0.4044673142152328,0.22982700725239602,0.17530922947039346,129781.98346757695,-1314.640711608709,128467.34275596825,1616,0,708.3191489361702,41,6,14,37.32789325933858,0.6095020325203251,45.26289682539683,1018.9484126984136,24.852400309717403,0
1618,4,0,0,47,0.0,0.0,1.0,47,1600,1000,600,0.625,22,10,12,314.31668510420315,0.40498766574159734,0.2344483738187726,0.17746803605114242,129908.37191358028,-1233.5262345678937,128674.84567901239,1617,1,709.3191489361702,41,6,15,37.12817892824706,0.6107723577235772,45.13888888888889,1019.4444444444447,24.864498644986455,0
1619,4,0,0,47,0.0,0.0,1.0,47,1100,900,200,0.8181818181818182,13,9,4,313.7081717417507,0.40543092815294485,0.226206856596614,0.1779294611153018,130085.4190779321,-1238.228202160493,128847.19087577162,1618,2,710.3191489361702,41,6,16,36.96463013387793,0.6125508130081301,44.96527777777778,1020.1388888888889,24.881436314363143,0
1620,4,1,1,47,0.020833333333333332,0.020833333333333332,0.9791666666666666,48,1150,800,350,0.6956521739130435,15,8,7,308.9548090491598,0.4102855348699764,0.2283085616216569,0.1764917205522779,130363.87963750299,-1544.5699286659292,128819.30970883707,1619,0,696.5,41,7,17,36.80461110031734,0.6153455284552847,44.69246031746031,1021.2301587301574,24.90805265195506,0
1621,4,0,1,46,0.0,0.02127659574468085,0.9787234042553191,47,1650,1300,350,0.7878787878787878,20,13,7,314.75058708497136,0.40525747764415665,0.2374492645610975,0.17981402214990783,130366.35068618225,-1193.4229170797707,129172.92776910248,1620,4,712.3191489361702,40,7,17,36.654144691014025,0.6169270833333333,44.69004065040651,1021.2398373983747,25.530995934959368,0
1622,4,1,0,47,0.02127659574468085,0.0,1.0,47,850,500,350,0.5882352941176471,12,5,7,317.09162975325455,0.4088421214924453,0.24455390240186903,0.182001908036457,130548.03688280776,-1120.8620447485039,129427.17483805926,1621,0,707.531914893617,40,7,14,36.41089067886502,0.6187500000000001,44.512195121951216,1021.9512195121944,25.54878048780486,0
1623,4,0,0,47,0.0,0.0,1.0,47,850,700,150,0.8235294117647058,10,7,3,315.1203109922659,0.4084952204748689,0.24816561013425087,0.1812347174540423,130625.94112507421,-1167.4225618018488,129458.51856327236,1622,1,708.531914893617,40,7,14,36.38263412532724,0.6195312500000001,44.43597560975609,1022.2560975609745,25.55640243902436,0
1624,4,1,0,48,0.020833333333333332,0.0,1.0,48,1100,500,600,0.45454545454545453,17,5,12,309.17087502918633,0.41240026595744683,0.2527788548533023,0.17918015431466766,130921.693909045,-1504.565066767459,129417.12884227754,1623,0,694.75,41,7,16,36.23659040971951,0.6209349593495934,44.14682539682539,1023.4126984126976,24.961285327138967,0
1625,4,0,0,48,0.0,0.0,1.0,48,1100,800,300,0.7272727272727273,14,8,6,307.99349759063426,0.41183695330969267,0.25586095228865813,0.17885114809441482,130997.85175933785,-1530.7026919564328,129467.14906738141,1624,1,695.75,41,7,16,36.19001760506506,0.6216971544715447,44.072420634920626,1023.7103174603163,24.9685443283004,0
1626,4,3,0,51,0.058823529411764705,0.0,1.0,51,1500,1200,300,0.8,18,12,6,310.4889041230321,0.418218954248366,0.2701076835408087,0.1731991864614999,129433.96297053677,-2083.8899345072964,127350.07303602947,1625,0,655.7647058823529,40,11,14,37.705982223109956,0.6075520833333332,45.60467479674797,1017.5813008130086,25.439532520325216,6
1627,4,1,2,50,0.019230769230769232,0.038461538461538464,0.9615384615384616,52,1200,1000,200,0.8333333333333334,14,10,4,303.80360873871865,0.42080662393162394,0.2699219306066485,0.17053863591691773,129680.91699932293,-2520.4938862118856,127160.42311311104,1626,0,644.1346153846154,41,11,15,37.62611197688387,0.6084857723577235,45.36210317460318,1018.5515873015878,24.84272164150214,0
1628,4,0,0,50,0.0,0.0,1.0,50,1700,1100,600,0.6470588235294118,23,11,12,316.71117378309106,0.41500000000000004,0.2690071647901744,0.1768153238777599,129466.28146701383,-1799.3164062500068,127666.96506076383,1627,2,670.84,39,11,16,37.514926646195846,0.6095085470085471,45.572916666666664,1017.7083333333328,26.095085470085458,0
1629,4,0,0,50,0.0,0.0,1.0,50,1550,1200,350,0.7741935483870968,19,12,7,317.1265479306015,0.41483843537414966,0.26389525368248834,0.1777654319133921,129625.34722222213,-1778.4722222222274,127846.8749999999,1628,3,671.84,39,11,16,37.34315330060013,0.6111111111111112,45.416666666666664,1018.3333333333326,26.111111111111093,0
1630,4,2,2,50,0.038461538461538464,0.038461538461538464,0.9615384615384616,52,1900,1500,400,0.7894736842105263,23,15,8,303.32226118354396,0.42076734539969834,0.2593031603822973,0.17237418665933305,130161.33334120663,-2503.834010456056,127657.49933075056,1629,0,646.9615384615385,41,11,16,37.15284529133449,0.6133130081300815,44.890873015873005,1020.4365079365061,24.88869531552454,0
1631,4,0,0,50,0.0,0.0,1.0,50,1350,1100,250,0.8148148148148148,16,11,5,315.668883113306,0.4151530612244898,0.26555669050051045,0.17863574368088214,129996.88042534702,-1792.8059895833558,128204.07443576366,1630,5,673.84,39,11,16,37.00417092271025,0.6148504273504274,45.05208333333332,1019.7916666666649,26.14850427350423,0
1632,4,0,1,49,0.0,0.02,0.98,50,1650,1300,350,0.7878787878787878,20,13,7,318.56358203000025,0.4144982993197279,0.26463768115942,0.18125934824215706,130209.42382812503,-1704.0039062499977,128505.41992187503,1631,6,674.84,39,11,17,36.715401102265766,0.6169871794871795,44.84375,1020.6250000000002,26.1698717948718,0
1633,4,0,0,49,0.0,0.0,1.0,49,1350,900,450,0.6666666666666666,18,9,9,327.02185025948427,0.41303500566893425,0.2627470917192505,0.18619587350292643,130235.3223847612,-1282.0407809190178,128953.28160384217,1632,7,689.3061224489796,38,11,18,36.47337938734213,0.6189692982456141,44.818376068376054,1020.7264957264933,26.861223571749825,0
1634,4,0,0,49,0.0,0.0,1.0,49,1300,800,500,0.6153846153846154,18,8,10,327.7857889885561,0.4128047052154195,0.263948879430453,0.18703799551662917,130320.07250071016,-1256.5807357246636,129063.49176498549,1633,8,690.3061224489796,36,13,19,36.368148229844486,0.6235532407407407,44.73536036036036,1021.0585585585584,28.36273773773773,0
1635,4,1,1,49,0.02,0.02,0.98,50,1400,800,600,0.5714285714285714,20,8,12,322.4292507208654,0.4155527210884354,0.2585754130015012,0.18530736591984626,130598.6036568944,-1578.2380155432534,129020.36564135115,1634,0,677.48,37,13,14,36.22344990345418,0.6244369369369369,44.46271929824561,1022.1491228070173,27.625651967757225,0
1636,4,0,0,49,0.0,0.0,1.0,49,1600,1100,500,0.6875,21,11,10,329.5183173837899,0.412999574829932,0.26330231631229584,0.1889711507507407,130514.5588666704,-1198.6124336334408,129315.94643303695,1635,10,692.3061224489796,37,12,14,36.127244518367476,0.6235923423423424,44.54495614035087,1021.8201754385956,27.61676149834042,0
1637,4,0,0,49,0.0,0.0,1.0,49,1450,1100,350,0.7586206896551724,18,11,7,329.408332485996,0.41269841269841273,0.2558967375836838,0.1893184016913967,130598.60365689437,-1195.9463488765864,129402.65730801778,1636,11,693.3061224489796,37,12,15,36.04510834584852,0.6244369369369369,44.46271929824561,1022.1491228070171,27.625651967757218,0
1638,4,0,0,49,0.0,0.0,1.0,49,1200,900,300,0.75,15,9,6,332.8710477326796,0.41296414399092973,0.257976692017289,0.19172467696771076,130682.67549871116,-1099.9041772468483,129582.77132146432,1637,12,694.3061224489796,37,12,15,35.87164879356567,0.6252815315315314,44.38048245614035,1022.4780701754388,27.634542437174023,0
1639,4,0,0,49,0.0,0.0,1.0,49,1400,900,500,0.6428571428571429,19,9,10,330.60609493099196,0.4131944444444444,0.2582262750726354,0.19083500331165193,130766.77439212073,-1153.541474299781,129613.23291782095,1638,13,695.3061224489796,37,12,15,35.84458976558031,0.6261261261261261,44.29824561403509,1022.8070175438603,27.643432906590817,0
1640,4,0,0,49,0.0,0.0,1.0,49,1150,600,550,0.5217391304347826,17,6,11,330.38688241711253,0.41310586734693877,0.2557047258822056,0.19084701090212047,130794.81336805566,-1157.4218749999934,129637.39149305566,1639,14,696.3061224489796,37,12,15,35.82187712152069,0.6264076576576576,44.270833333333336,1022.9166666666675,27.64639639639642,0
1641,4,0,0,49,0.0,0.0,1.0,49,950,700,250,0.7368421052631579,12,7,5,330.4837557365084,0.41342474489795916,0.25889112876777043,0.19159847056177448,130935.05333371805,-1145.6183633425646,129789.43497037549,1640,15,697.3061224489796,37,12,16,35.67780872794802,0.6278153153153152,44.13377192982456,1023.4649122807016,27.661213845424367,0
1642,4,0,0,49,0.0,0.0,1.0,49,1050,800,250,0.7619047619047619,13,8,5,329.97054619529047,0.41289328231292516,0.26395752688994656,0.19171966333698973,131019.2333819059,-1153.5023997768592,129865.73098212904,1641,16,698.3061224489796,37,12,16,35.60598961122415,0.6286599099099099,44.051535087719294,1023.7938596491222,27.67010431484114,0
1643,4,0,0,49,0.0,0.0,1.0,49,1600,1100,500,0.6875,21,11,10,330.3706285048763,0.4127869897959184,0.27051522964646235,0.1923729220845102,131103.44048168656,-1137.4547937827167,129965.98568790384,1642,17,699.3061224489796,37,12,16,35.51079586009991,0.6295045045045045,43.96929824561403,1024.122807017543,27.678994784257917,0
1644,4,0,0,49,0.0,0.0,1.0,49,800,500,300,0.625,11,5,6,330.37565228461403,0.41308815192743764,0.26899187038052563,0.19251646712355447,131131.51552641185,-1135.4680045783443,129996.0475218335,1643,18,700.3061224489796,37,12,17,35.48234932020126,0.6297860360360361,43.941885964912274,1024.23245614035,27.681958274063515,0
1645,4,0,0,49,0.0,0.0,1.0,49,1300,900,400,0.6923076923076923,17,9,8,329.34474103959457,0.41248582766439906,0.2657516773832824,0.1923373287671232,131215.75869498303,-1156.955986457379,130058.80270852565,1644,19,701.3061224489796,37,12,18,35.42380136986302,0.6306306306306306,43.859649122807014,1024.5614035087715,27.69084874348031,0
1646,4,0,0,49,0.0,0.0,1.0,49,1550,1200,350,0.7741935483870968,19,12,7,331.54035208199974,0.41236181972789115,0.27346545764984076,0.19404556486602706,131300.02891514698,-1093.7484370190832,130206.2804781279,1645,20,702.3061224489796,37,12,18,35.28259958632003,0.6314752252252251,43.77741228070175,1024.890350877193,27.699739212897107,0
1647,4,0,0,49,0.0,0.0,1.0,49,1300,1000,300,0.7692307692307693,16,10,6,334.19351967964013,0.41241496598639454,0.2789847925110287,0.19603722958527364,131385.8453047644,-1018.3373785706697,130367.50792619374,1646,21,703.3061224489796,36,13,19,35.12810303163444,0.6342592592592592,43.6936936936937,1025.2252252252267,28.47847847847852,0
1648,4,0,0,49,0.0,0.0,1.0,49,1200,700,500,0.5833333333333334,17,7,10,332.15312013148326,0.4122378117913832,0.2781288734484384,0.19511909418779108,131440.53939673764,-1068.3229455216751,130372.21645121597,1647,22,704.3061224489796,37,12,20,35.125285143997736,0.6328828828828827,43.64035087719299,1025.4385964912296,27.714556661925126,0
1649,4,0,0,49,0.0,0.0,1.0,49,1650,1200,450,0.7272727272727273,21,12,9,332.4791088260692,0.4119543650793651,0.28036082418001906,0.19574210591994193,131524.88175448216,-1054.144905163127,130470.73684931904,1648,23,705.3061224489796,37,12,21,35.03195706395866,0.6337274774774775,43.55811403508772,1025.7675438596493,27.723447131341874,0
1650,4,0,0,49,0.0,0.0,1.0,49,1250,1000,250,0.8,15,10,5,331.57937982151356,0.4116886337868481,0.27974382401747966,0.19578873285486087,131637.3803117305,-1070.3518149815375,130567.02849674896,1649,24,706.3061224489796,37,12,15,34.94174502261636,0.6348536036036037,43.4484649122807,1026.206140350877,27.735301090564242,0
1651,4,1,1,49,0.02,0.02,0.98,50,1300,1100,200,0.8461538461538461,15,11,4,325.69021954971765,0.41333333333333333,0.2828999375910124,0.19352198830352219,131876.23844875465,-1409.8397892468276,130466.39865950782,1650,0,693.16,38,12,15,34.852602108036876,0.6354166666666665,43.21581196581197,1027.1367521367536,27.029914529914567,0
1652,4,0,0,49,0.0,0.0,1.0,49,700,500,200,0.7142857142857143,9,5,4,332.1858729146604,0.41094458616780044,0.2807838931791873,0.1967271554775438,131749.9269606995,-1046.9071012234513,130703.01985947604,1651,26,708.3061224489796,37,12,15,34.81289383744525,0.6359797297297298,43.338815789473685,1026.6447368421057,27.747155049786638,0
1653,4,0,0,49,0.0,0.0,1.0,49,1050,600,450,0.5714285714285714,15,6,9,332.930804528051,0.41129889455782315,0.28012719545900344,0.19782427408731038,131876.23844875445,-1018.8675670246166,130857.37088172983,1652,27,709.3061224489796,38,11,15,34.66667533458153,0.6354166666666666,43.215811965811966,1027.136752136752,27.029914529914524,0
1654,4,1,1,49,0.02,0.02,0.98,50,1350,1200,150,0.8888888888888888,15,12,3,326.3749135357239,0.41354591836734694,0.2764636741311173,0.19509352039273556,132103.35422092036,-1376.9558376735877,130726.39838324676,1653,0,696.1,39,11,15,34.60678640186443,0.6359508547008547,42.99479166666668,1028.020833333335,26.35950854700859,0
1655,4,0,0,49,0.0,0.0,1.0,49,1450,1000,450,0.6896551724137931,19,10,9,330.94187212492375,0.41076743197278914,0.2777411203591529,0.19735461053748576,132013.44515897823,-1062.2446626853462,130951.20049629288,1654,29,711.3061224489796,38,11,15,34.579781335551175,0.6367872807017543,43.08226495726497,1027.6709401709418,27.043972109761626,0
1656,4,1,1,49,0.02,0.02,0.98,50,1250,900,350,0.72,16,9,7,321.88254229538177,0.4114965986394558,0.27914864197530864,0.1936459144825159,132345.71358194537,-1480.0450500693933,130865.66853187597,1655,0,698.06,40,10,16,34.47901234567903,0.63671875,42.75914634146342,1028.963414634147,25.724085365853675,0
1657,4,0,0,49,0.0,0.0,1.0,49,1500,1200,300,0.8,18,12,6,332.09027892321274,0.40860615079365076,0.2811107231188519,0.19963820358640139,132317.61203342027,-1011.7214626735929,131305.89057074668,1656,1,711.5714285714286,39,10,16,34.24464665384226,0.6380876068376068,42.78645833333334,1028.8541666666679,26.3808760683761,0
1658,4,1,1,49,0.02,0.02,0.98,50,1300,900,400,0.6923076923076923,17,9,8,326.7499256210326,0.41048469387755104,0.27855365631637463,0.19783077248102582,132585.67843967024,-1335.5034722222122,131250.17496744802,1657,0,698.32,39,11,18,34.113081993189695,0.6407585470085471,42.52604166666667,1029.8958333333342,26.40758547008549,0
1659,4,0,0,49,0.0,0.0,1.0,49,650,400,250,0.6153846153846154,9,4,5,331.0155511787824,0.40853528911564624,0.28139435476710095,0.19984280343921249,132478.4193250869,-1029.5166015624955,131448.9027235244,1658,3,713.5714285714286,39,10,18,34.11086798880231,0.639690170940171,42.630208333333336,1029.4791666666674,26.396901709401728,0
1660,4,1,2,48,0.02,0.04,0.96,50,500,200,300,0.4,8,2,6,323.57734842074655,0.4102976190476191,0.2772950577093818,0.1962958456577563,132659.6078413147,-1414.8711704342672,131244.73667088043,1659,0,700.28,40,10,16,34.12067179638946,0.63984375,42.454268292682926,1030.1829268292681,25.754573170731703,0
1661,4,0,0,48,0.0,0.0,1.0,48,1100,800,300,0.7272727272727273,14,8,6,337.5710003197601,0.4056682180851064,0.2927884116609609,0.2042590629053463,132562.98539201176,-650.1160831689745,131912.86930884278,1660,5,728.6666666666666,38,10,18,33.857246602344645,0.6422697368421053,42.54807692307692,1029.8076923076917,27.100202429149782,0
1662,4,0,0,48,0.0,0.0,1.0,48,1150,800,350,0.6956521739130435,15,8,7,338.4013843049926,0.40548352541371163,0.29549363828095343,0.20506145481360336,132618.00219382337,-624.3768947695388,131993.62529905382,1661,6,729.6666666666666,38,10,18,33.78064170383432,0.6428179824561404,42.49465811965811,1030.0213675213663,27.105825461088585,0
1663,4,0,0,48,0.0,0.0,1.0,48,1450,1100,350,0.7586206896551724,18,11,7,337.44667671490504,0.4048093971631206,0.2923719892201446,0.20547906868270682,132800.3268771702,-637.394205729162,132162.93267144106,1662,7,730.6666666666666,39,9,17,33.62230503621357,0.6428952991452992,42.317708333333336,1030.7291666666672,26.428952991453006,0
1664,4,0,0,48,0.0,0.0,1.0,48,1900,1400,500,0.7368421052631579,24,14,10,333.0391829017481,0.4047909278959811,0.29533175116138155,0.20381668659413552,132988.2866753473,-741.9379340277691,132246.34874131953,1663,8,731.6666666666666,39,9,17,33.54751565340335,0.6447649572649572,42.13541666666667,1031.4583333333342,26.447649572649595,0
1665,4,0,0,48,0.0,0.0,1.0,48,1350,1000,350,0.7407407407407407,17,10,7,331.4136937281104,0.40437536938534274,0.29500218722659666,0.20340669455208585,133095.75195312515,-778.0490451388741,132317.70290798627,1664,9,732.6666666666666,39,9,18,33.48181236960764,0.6458333333333333,42.03125000000001,1031.8750000000011,26.458333333333364,0
1666,4,0,0,48,0.0,0.0,1.0,48,750,600,150,0.8,9,6,3,334.4267733946782,0.4036827718676123,0.3006420930467253,0.20570049022767659,133176.37939453137,-692.4506293402633,132483.9287651911,1665,10,733.6666666666666,39,9,18,33.323346620917015,0.6466346153846153,41.95312500000001,1032.187500000001,26.466346153846178,0
1667,4,0,1,47,0.0,0.020833333333333332,0.9791666666666666,48,1100,500,600,0.45454545454545453,17,5,12,333.8457313001256,0.40430149231678486,0.29661409638158975,0.2059627489824274,133288.51176754918,-700.4398630114221,132588.07190453776,1666,11,734.6666666666666,40,8,18,33.22610143358595,0.6460937499999999,41.84451219512196,1032.621951219513,25.815548780487823,0
1668,4,0,0,47,0.0,0.0,1.0,47,1050,600,450,0.5714285714285714,15,6,9,337.02870143900145,0.4039276904101141,0.29720288723146715,0.20835265607662978,133364.60503472242,-410.4600694444248,132954.14496527798,1667,12,736.6170212765958,39,8,19,33.067769261799114,0.6485042735042734,41.77083333333334,1032.9166666666683,26.48504273504278,0
1669,4,0,0,47,0.0,0.0,1.0,47,1500,1100,400,0.7333333333333333,19,11,8,335.22860911867815,0.4039276904101141,0.29487358240042183,0.2076909790036335,133445.31385633696,-453.06260850692513,132992.25124783002,1668,13,737.6170212765958,39,8,19,33.0335089222704,0.6493055555555556,41.69270833333334,1033.229166666668,26.493055555555593,0
1670,4,0,0,47,0.0,0.0,1.0,47,950,500,450,0.5263157894736842,14,5,9,335.9591694359417,0.40390841813135986,0.2976827537020199,0.2087730448432841,133557.2138181939,-426.0404493450046,133131.1733688489,1669,14,738.6170212765958,37,10,19,32.90272179201583,0.6539977477477478,41.5844298245614,1033.6622807017534,27.936818397344688,0
1671,4,0,0,47,0.0,0.0,1.0,47,900,600,300,0.6666666666666666,12,6,6,341.25161416196687,0.4035807893925378,0.3032157468019667,0.21238689570516056,133613.88991083778,-280.8088786934678,133333.0810321443,1670,15,739.6170212765958,37,10,19,32.709261321455074,0.6545608108108109,41.52960526315788,1033.881578947367,27.942745376955862,0
1672,4,1,0,48,0.020833333333333332,0.0,1.0,48,1100,800,300,0.7272727272727273,14,8,6,335.1699735637165,0.40432919621749414,0.30923038229376276,0.21086009729261643,134010.9592013888,-616.7100694444543,133394.24913194432,1671,0,725.1875,39,9,15,32.46981891348088,0.65491452991453,41.14583333333333,1035.4166666666658,26.549145299145277,0
1673,4,0,0,48,0.0,0.0,1.0,48,1500,1200,300,0.8,18,12,6,337.76238460257275,0.40373817966903075,0.30853693277029315,0.21342977619168937,134172.79188368068,-536.2955729166476,133636.49631076402,1672,1,726.1875,39,9,16,32.24118573630942,0.6565170940170939,40.98958333333334,1036.0416666666679,26.565170940170972,0
1674,4,0,0,48,0.0,0.0,1.0,48,1350,1000,350,0.7407407407407407,17,10,7,337.69651241542476,0.40357195626477543,0.30534613322610915,0.21370260213159317,134226.7578125,-534.4184027777792,133692.33940972222,1673,2,727.1875,39,9,16,32.1890497252379,0.657051282051282,40.9375,1036.25,26.57051282051282,0
1675,4,0,0,48,0.0,0.0,1.0,48,1200,800,400,0.6666666666666666,16,8,8,337.36697105836106,0.40282395094562645,0.3052381550309724,0.21459988478504716,134415.724012587,-530.51486545137,133885.2091471356,1674,3,728.1875,39,9,17,32.0091453206094,0.6589209401709402,40.75520833333334,1036.979166666668,26.58920940170944,0
1676,4,0,0,48,0.0,0.0,1.0,48,1200,800,400,0.6666666666666666,16,8,8,337.8977758423247,0.4025099734042554,0.30396586345381493,0.21573473380702327,134550.7812500004,-507.1180555555129,134043.6631944449,1675,4,729.1875,39,9,17,31.8607764390897,0.6602564102564101,40.62500000000002,1037.5000000000032,26.602564102564184,0
1677,4,0,0,48,0.0,0.0,1.0,48,850,500,350,0.5882352941176471,12,5,7,338.4609729272325,0.4022883421985815,0.30189994509077156,0.21642339894945448,134606.20896568432,-488.2103102856122,134117.9986553987,1676,5,730.1875,38,10,17,31.79094169326332,0.6625548245614034,40.57158119658121,1037.7136752136767,27.308254610886227,0
1678,4,0,0,48,0.0,0.0,1.0,48,1250,1000,250,0.8,15,10,5,332.75605852766336,0.4019743646572104,0.29384002057613157,0.21391460905349802,134800.2958579883,-628.8769723865701,134171.4188856017,1677,6,731.1875,38,10,12,31.745756172839517,0.6644736842105262,40.384615384615394,1038.4615384615397,27.327935222672096,0
1679,4,0,0,48,0.0,0.0,1.0,48,1050,700,350,0.6666666666666666,14,7,7,331.3566708894438,0.4020390070921986,0.2916388060213284,0.21317790851861582,134828.0339711631,-664.7663041493041,134163.2676670138,1678,7,732.1875,38,10,12,31.75449199327916,0.6647478070175438,40.35790598290599,1038.5683760683771,27.330746738641505,0
1680,4,0,0,48,0.0,0.0,1.0,48,900,600,300,0.6666666666666666,12,6,6,352.8594118514337,0.4020390070921986,0.3011935109076407,0.20921232617545527,131793.94866544308,-285.8580566513258,131508.09060879177,1679,8,733.1875,38,10,13,34.23789581382442,0.6345942982456141,43.29594017094017,1026.8162393162395,27.0214799820063,5
1681,4,0,0,48,0.0,0.0,1.0,48,1350,900,450,0.6666666666666666,18,9,9,358.9930471369339,0.4020390070921986,0.3069835680751174,0.20892218316985497,131081.84633875737,-188.50571170282842,130893.34062705454,1680,9,734.1875,38,10,14,34.799817423056844,0.6274671052631579,43.99038461538461,1024.0384615384614,26.948380566801617,1
1682,4,2,1,49,0.04,0.02,0.98,50,1250,700,550,0.56,18,7,11,344.02808100669506,0.40766156462585035,0.303370131222662,0.20265997753535497,131547.23340821094,-948.3492676601672,130598.88414055077,1681,0,705.78,38,12,15,34.713254183156295,0.6321271929824561,43.53632478632478,1025.8547008547005,26.99617633828159,0
1683,4,0,0,49,0.0,0.0,1.0,49,1650,1500,150,0.9090909090909091,18,15,3,348.84404792617346,0.40433673469387754,0.30543572778627026,0.20505535921882043,131465.0463533676,-627.840213857848,130837.20613950974,1682,1,721.1836734693877,38,11,15,34.672665555439806,0.6313048245614036,43.61645299145299,1025.5341880341875,26.987741790373356,0
1684,4,0,0,49,0.0,0.0,1.0,49,950,800,150,0.8421052631578947,11,8,3,349.6370718087485,0.4036989795918367,0.30943383393765767,0.2059641204605891,131547.23340821094,-601.2421013222319,130945.99130688871,1683,2,722.1836734693877,38,11,15,34.56940394362285,0.6321271929824561,43.53632478632478,1025.8547008547005,26.99617633828159,0
1685,4,0,0,49,0.0,0.0,1.0,49,1150,1000,150,0.8695652173913043,13,10,3,351.2307462426862,0.403202947845805,0.31233030376422866,0.20749831171016264,131656.85609796183,-551.6128369493841,131105.24326101245,1684,3,723.1836734693877,38,11,13,34.41794191130541,0.6332236842105263,43.429487179487175,1026.282051282051,27.00742240215924,0
1686,4,1,0,50,0.02,0.0,1.0,50,1550,1100,450,0.7096774193548387,20,11,9,348.11333699590995,0.406139455782313,0.3167467315293402,0.20779396830844793,132049.81689453125,-806.3395182291663,131243.4773763021,1685,0,709.7,39,11,15,34.101994020472276,0.6354166666666666,43.046875,1027.8125,26.354166666666668,0
1687,4,1,0,51,0.0196078431372549,0.0,1.0,51,1350,900,450,0.6666666666666666,18,9,9,343.09059952128956,0.40968954248366013,0.3210619688412706,0.20626183073358295,132319.57250974956,-1120.479707845848,131199.09280190372,1686,0,696.7647058823529,40,11,16,33.959732648492036,0.6364583333333333,42.78455284552846,1028.8617886178868,25.72154471544717,0
1688,4,0,0,51,0.0,0.0,1.0,51,1300,1100,200,0.8461538461538461,15,11,4,345.00975262814995,0.40939542483660135,0.3204581811964977,0.20799899604628277,132425.49332493255,-1062.3361859485374,131363.157138984,1687,1,697.7647058823529,38,13,16,33.80388900422117,0.6408991228070174,42.68162393162394,1029.2735042735053,27.08614484930277,0
1689,4,0,0,51,0.0,0.0,1.0,51,1600,1000,600,0.625,22,10,12,344.9777685991811,0.40880718954248363,0.3203076984079778,0.20931473199054645,132666.1512586808,-1046.6254340277535,131619.52582465304,1688,2,698.7647058823529,39,12,14,33.56294236602628,0.641559829059829,42.44791666666668,1030.2083333333353,26.415598290598343,0
1690,4,0,0,51,0.0,0.0,1.0,51,1650,1100,550,0.6666666666666666,22,11,11,347.6638092505032,0.40818627450980394,0.32239780893153713,0.21154893780593365,132773.48632812512,-967.8927951388739,131805.59353298624,1689,3,699.7647058823529,39,12,15,33.38597466478001,0.6426282051282051,42.34375000000001,1030.625000000001,26.426282051282076,0
1691,4,1,1,51,0.019230769230769232,0.019230769230769232,0.9807692307692307,52,1350,900,450,0.6666666666666666,18,9,9,357.56374378271016,0.4117175716440422,0.3109033416351128,0.2201595887569719,133214.94897507093,-873.4328233301786,132341.51615174074,1690,0,687.2884615384615,45,7,16,32.68760419408616,0.6381944444444445,41.91576086956522,1032.3369565217397,22.94082125603866,2
1692,4,0,0,51,0.0,0.0,1.0,51,1150,1000,150,0.8695652173913043,13,10,3,362.19379038253317,0.40830065359477125,0.3092329423022464,0.22269024718114172,133161.4465449246,-553.9501886145351,132607.49635631006,1691,5,701.7647058823529,44,7,16,32.62181902455072,0.638967803030303,41.967592592592595,1032.12962962963,23.457491582491592,0
1693,4,1,0,52,0.019230769230769232,0.0,1.0,52,1600,1000,600,0.625,22,10,12,361.62297410098165,0.4094708396178985,0.31559124778054315,0.22436907605102208,133499.1333007814,-742.5559212641333,132756.57737951726,1692,0,689.25,39,13,18,32.297756442562914,0.6498397435897435,41.64062500000001,1033.4375000000011,26.498397435897466,0
1694,4,0,1,51,0.0,0.019230769230769232,0.9807692307692307,52,1500,1000,500,0.6666666666666666,20,10,10,360.8176303584479,0.40938442684766213,0.3183844716879818,0.2241830249465959,133550.99400365195,-762.4893623173986,132788.50464133456,1693,1,690.25,40,12,18,32.26657490250059,0.6486979166666667,41.59044715447155,1033.6382113821142,25.840955284552855,0
1695,4,0,0,51,0.0,0.0,1.0,51,550,400,150,0.7272727272727273,7,4,3,362.5589791684066,0.40919934640522876,0.3098170268697218,0.22574510734757458,133629.7890227378,-510.26402108532767,133119.52500165248,1694,2,672.156862745098,40,11,18,32.14259386671909,0.6494791666666667,41.514227642276424,1033.9430894308944,25.84857723577236,0
1696,4,0,0,51,0.0,0.0,1.0,51,1700,1400,300,0.8235294117647058,20,14,6,363.930999191774,0.40890522875817,0.3050663846398194,0.22794247157589137,133847.97079690197,-457.71484961843623,133390.25594728353,1695,3,673.156862745098,42,9,15,31.88851952430003,0.6485615079365081,41.3032945736434,1034.7868217054242,24.63778146917677,0
1697,4,0,0,51,0.0,0.0,1.0,51,1200,900,300,0.75,15,9,6,362.8066391365251,0.40888888888888886,0.3097613436988431,0.2280133019138018,133973.33769004254,-478.7167237545954,133494.62096628794,1696,4,674.156862745098,42,9,15,31.792087857232,0.6498015873015873,41.18217054263565,1035.2713178294564,24.649317091177533,0
1698,4,0,0,51,0.0,0.0,1.0,51,1350,800,550,0.5925925925925926,19,8,11,358.1946832231589,0.4086111111111111,0.30238371655836604,0.22619370102414588,134148.94992976676,-589.7118750375631,133559.2380547292,1697,5,675.156862745098,42,9,15,31.735805817977745,0.6515376984126984,41.0125968992248,1035.9496124031002,24.665466961978577,0
1699,4,1,1,51,0.019230769230769232,0.019230769230769232,0.9807692307692307,52,1300,800,500,0.6153846153846154,18,8,10,349.7615913191377,0.4103821015585722,0.3291449298400262,0.2142440679622292,133022.0210999941,-1093.5993930653108,131928.42170692878,1698,0,663.1538461538462,42,10,14,33.08245663472979,0.640376984126984,42.10271317829458,1031.5891472868227,24.56164636397197,2
1700,4,0,0,51,0.0,0.0,1.0,51,950,700,250,0.7368421052631579,12,7,5,349.4585798816564,0.4098529411764706,0.3363951734539965,0.21429063860667638,133062.48425296062,-900.03464348701,132162.4496094736,1699,1,675.3333333333334,41,10,14,33.04967948717949,0.6422764227642276,42.06349206349207,1031.7460317460332,25.164537359659345,0
1701,4,1,1,51,0.019230769230769232,0.019230769230769232,0.9807692307692307,52,1150,800,350,0.6956521739130435,15,8,7,343.2864657974633,0.4119375314228255,0.33148490338600145,0.21183577683865465,133297.0536344721,-1248.1851113214318,132048.86852315068,1700,0,663.3269230769231,42,10,14,32.97382784398362,0.6431051587301586,41.83624031007752,1032.6550387596901,24.587024732373575,0
1702,4,0,0,51,0.0,0.0,1.0,51,1100,800,300,0.7272727272727273,14,8,6,349.5355526973326,0.4095261437908497,0.3337817925555773,0.21522289712239304,133216.06217718564,-887.2500157470441,132328.8121614386,1701,3,677.3333333333334,41,10,15,32.89368313152668,0.6438008130081301,41.91468253968254,1032.3412698412694,25.17905536198218,0
1703,4,0,0,51,0.0,0.0,1.0,51,2200,1800,400,0.8181818181818182,26,18,8,352.6927745789302,0.4084313725490196,0.33603494206131757,0.21851845611181192,133446.59514558138,-786.8700199987418,132659.72512558263,1702,4,678.3333333333334,41,10,16,32.58111297807648,0.6460873983739838,41.69146825396825,1033.234126984127,25.20083236546651,0
1704,4,0,1,50,0.0,0.0196078431372549,0.9803921568627451,51,1350,1000,350,0.7407407407407407,17,10,7,352.211673693874,0.4076470588235294,0.33726122452205387,0.219006807627695,133579.88281250026,-790.3162596056628,132789.5665528946,1703,5,679.3333333333334,39,12,16,32.46002955797394,0.6506410256410255,41.562500000000014,1033.750000000002,26.50641025641031,0
1705,4,0,1,49,0.0,0.02,0.98,50,1200,1000,200,0.8333333333333334,14,10,4,356.5448176990718,0.4061054421768708,0.340012401818933,0.2217177156848473,133582.64391116975,-474.36011578637545,133108.28379538338,1704,6,693.48,38,12,18,32.34527869643102,0.6524122807017543,41.55982905982907,1033.7606837606854,27.204228520018038,0
1706,4,0,0,49,0.0,0.0,1.0,49,1200,800,400,0.6666666666666666,16,8,8,362.75286425022637,0.4052047902494331,0.34857653439834535,0.22646245985919147,133727.278164916,-98.00936345800127,133629.268801458,1705,7,706.7142857142857,37,12,14,32.03989098554718,0.6556869369369369,41.41995614035087,1034.3201754385955,27.954599336178255,0
1707,4,0,1,48,0.0,0.02040816326530612,0.9795918367346939,49,1200,1000,200,0.8333333333333334,14,10,4,366.14840513390266,0.40384070294784585,0.35218621827372765,0.22963952133281756,133897.45071800923,5.267606378868578,133902.71832438812,1706,8,707.7142857142857,37,12,14,31.781593212557834,0.6573761261261262,41.25548245614034,1034.9780701754373,27.97238027501182,0
1708,4,0,0,48,0.0,0.0,1.0,48,1100,800,300,0.7272727272727273,14,8,6,367.2459035601287,0.4034888445626477,0.3471504586823313,0.23076497549065342,133967.2374020979,239.7838294375285,134207.02123153544,1707,9,716.8958333333334,36,12,14,31.683300699807827,0.6600115740740742,41.188063063063055,1035.2477477477466,28.756881881881853,0
1709,4,0,0,48,0.0,0.0,1.0,48,1150,700,450,0.6086956521739131,16,7,9,367.97461429687905,0.4036273640661938,0.3509377867174821,0.23203526079094225,134096.12212411495,268.7937634656646,134364.9158875806,1708,10,717.8958333333334,37,11,15,31.535394170371948,0.659346846846847,41.06359649122806,1035.7456140350864,27.993124703650984,0
1710,4,0,0,48,0.0,0.0,1.0,48,1250,1100,150,0.88,14,11,3,350.98928089500464,0.40384899527186763,0.3126767319733381,0.21480196906194926,132988.28667534734,-264.5073784722143,132723.77929687512,1709,11,718.8958333333334,39,9,15,33.08464619942099,0.6447649572649572,42.13541666666667,1031.4583333333344,26.4476495726496,5
1711,4,0,0,48,0.0,0.0,1.0,48,1050,600,450,0.5714285714285714,15,6,9,351.9161229843547,0.4039875147754137,0.3140305954960274,0.2160433079070821,133104.92782900395,-231.64596966091557,132873.28185934303,1710,12,719.8958333333334,40,8,15,32.94370855492088,0.6442708333333333,42.02235772357724,1031.9105691056914,25.797764227642283,0
1712,4,0,1,47,0.0,0.020833333333333332,0.9791666666666666,48,1750,1300,450,0.7428571428571429,22,13,9,363.057796845135,0.4039875147754137,0.33213782149288207,0.20842364217949796,130555.17713758686,-111.86850539784493,130443.30863218902,1711,13,720.8958333333334,39,9,14,35.22927071654265,0.6204594017094017,44.505208333333336,1021.9791666666671,26.204594017094028,6
1713,4,1,0,48,0.020833333333333332,0.0,1.0,48,1100,800,300,0.7272727272727273,14,8,6,366.95149839899244,0.4073027482269504,0.3390309500165509,0.21261228934855333,130911.78882444324,7.655413444391968,130919.44423788763,1712,0,693.7083333333334,40,8,15,34.76828864614366,0.6223958333333333,44.15650406504066,1023.3739837398383,25.584349593495958,0
1714,4,0,0,48,0.0,0.0,1.0,48,1100,700,400,0.6363636363636364,15,7,8,362.95126978792905,0.40677637411347517,0.33646670968595904,0.21072093029243869,130989.80150910512,-91.4170426002936,130898.38446650482,1713,1,694.7083333333334,40,8,15,34.791645984314506,0.6231770833333332,44.080284552845534,1023.6788617886186,25.591971544715467,0
1715,4,0,0,48,0.0,0.0,1.0,48,900,600,300,0.6666666666666666,12,6,6,364.9930730439813,0.40684101654846333,0.3384884201819687,0.2121930300587487,131041.82287535546,-34.12847428777326,131007.69440106768,1714,2,695.7083333333334,40,8,15,34.68672456575683,0.6236979166666665,44.029471544715456,1023.8821138211396,25.597052845528488,0
1716,4,1,1,48,0.02040816326530612,0.02040816326530612,0.9795918367346939,49,1050,800,250,0.7619047619047619,13,8,5,359.7579680853364,0.4098462301587302,0.33956844764815153,0.21057561293425572,131302.70460325357,-352.56115756485906,130950.14344568871,1715,0,682.4897959183673,41,8,15,34.55689591198012,0.6247459349593495,43.774801587301596,1024.9007936507953,24.997580332946228,0
1717,4,1,0,49,0.02040816326530612,0.0,1.0,49,1150,900,250,0.782608695652174,14,9,5,358.35589441529174,0.40842899659863946,0.33996467339475367,0.2104806339274546,131434.91753472254,-379.8995929389937,131055.01794178355,1716,0,683.469387755102,39,10,16,34.45923066504132,0.629273504273504,43.64583333333335,1025.4166666666692,26.29273504273511,0
1718,4,0,0,49,0.0,0.0,1.0,49,1800,1600,200,0.8888888888888888,20,16,4,356.9378237006878,0.4078798185941043,0.3316689112193101,0.21052919541627413,131595.18771701405,-405.74001736109295,131189.44769965296,1717,1,684.469387755102,39,10,14,34.333756345177655,0.6308760683760684,43.48958333333334,1026.041666666668,26.30876068376072,0
1719,4,0,1,48,0.0,0.02040816326530612,0.9795918367346939,49,1500,1200,300,0.8,18,12,6,354.79747765614366,0.4072420634920635,0.32785622114470425,0.2097072313944804,131675.35942925364,-456.38292100692473,131218.9765082467,1718,2,685.469387755102,39,10,14,34.30776159545317,0.6316773504273503,43.41145833333334,1026.354166666668,26.31677350427354,0
1720,4,0,1,47,0.0,0.020833333333333332,0.9791666666666666,48,1200,700,500,0.5833333333333334,17,7,10,360.56584812801117,0.40556663711583923,0.3250634517766491,0.2126690780874799,131595.18771701408,-110.25390624998028,131484.9338107641,1719,7,700.7083333333334,39,9,14,34.24069373942469,0.6308760683760684,43.48958333333334,1026.0416666666683,26.308760683760728,0
1721,4,0,0,47,0.0,0.0,1.0,47,1150,800,350,0.6956521739130435,15,8,7,363.73844826100395,0.40429386370644466,0.33232965762029165,0.21442482005220517,131574.63480029593,171.75069855358953,131746.38549884953,1720,8,716.0425531914893,38,9,14,34.18007393522858,0.6324013157894737,43.50961538461539,1025.9615384615388,26.99898785425102,0
1722,4,0,0,47,0.0,0.0,1.0,47,950,700,250,0.7368421052631579,12,7,5,378.23449082323515,0.404081868640148,0.3414867315736625,0.21442507423086912,130066.77685682155,491.1545104741149,130557.93136729566,1721,9,717.0425531914893,37,10,17,35.337951019384434,0.6190878378378377,44.98355263157896,1020.065789473686,27.569345661450974,7
1723,4,0,0,47,0.0,0.0,1.0,47,1000,700,300,0.7,13,7,6,376.8580076247057,0.4037542399013259,0.3387976642843096,0.214105043892278,130150.67737188378,409.6649930748069,130560.34236495859,1722,10,718.0425531914893,37,10,17,35.2877176015474,0.6199324324324322,44.90131578947369,1020.3947368421063,27.57823613086774,0
1724,4,1,1,47,0.020833333333333332,0.020833333333333332,0.9791666666666666,48,1250,1000,250,0.8,15,10,5,365.36681030838616,0.40702570921985815,0.3260191943043189,0.209226955847771,130458.54403518394,-66.90748595721203,130391.63654922672,1723,0,704.0625,37,11,17,35.26830435404816,0.6230292792792792,44.59978070175439,1021.6008771929827,27.610834518729263,0
1725,4,1,0,48,0.020833333333333332,0.0,1.0,48,1200,800,400,0.6666666666666666,16,8,8,367.7440073600758,0.40545582151300236,0.34326407506702394,0.21181055396125437,130682.67549871124,11.554156086499859,130694.22965479773,1724,0,705.0416666666666,37,11,16,34.98022788203753,0.6252815315315314,44.380482456140356,1022.4780701754394,27.634542437174037,0
1726,4,0,1,47,0.0,0.020833333333333332,0.9791666666666666,48,1000,800,200,0.8,12,8,4,366.0117290837652,0.40532653664302604,0.338173840367739,0.21105206450540992,130726.5185550444,-30.512181313440237,130696.00637373095,1725,1,706.0416666666666,38,10,16,34.980063379300745,0.6239035087719296,44.33760683760685,1022.6495726495742,26.911830859199323,0
1727,4,0,0,47,0.0,0.0,1.0,47,850,800,50,0.9411764705882353,9,8,1,372.0948236041762,0.404968393462843,0.3470402540053279,0.21478344768439112,130766.77439212083,331.5279701446759,131098.3023622655,1726,2,718.8297872340426,37,10,17,34.78371569468268,0.626126126126126,44.298245614035096,1022.8070175438611,27.64343290659084,0
1728,4,1,1,47,0.020833333333333332,0.020833333333333332,0.9791666666666666,48,1550,1100,450,0.7096774193548387,20,11,9,365.61364879070754,0.4080322842789598,0.3425203527815466,0.2121710702037415,130972.46334876557,-22.93595679011227,130949.52739197545,1727,0,704.8333333333334,38,10,17,34.74106739032112,0.6263706140350876,44.09722222222223,1023.6111111111122,26.937134502924007,0
1729,4,1,1,47,0.020833333333333332,0.020833333333333332,0.9791666666666666,48,1000,800,200,0.8,12,8,4,364.1412812213578,0.4084016696217494,0.34109229886256887,0.21161709508455293,131027.14913662447,-57.52120772150897,130969.62792890296,1728,0,705.8125,38,10,17,34.72338168284114,0.6269188596491228,44.04380341880343,1023.8247863247877,26.942757534862835,0
1730,4,1,0,48,0.020833333333333332,0.0,1.0,48,1150,800,350,0.6956521739130435,15,8,7,369.4562817419538,0.4064346926713948,0.31773332992954195,0.2095011793340444,130076.56385633656,18.654646223106,130095.21850255967,1729,0,706.7916666666666,39,9,19,35.551861023179825,0.6156517094017095,44.97395833333332,1020.1041666666647,26.156517094017044,4
1731,4,3,2,49,0.058823529411764705,0.0392156862745098,0.9607843137254902,51,900,600,300,0.6666666666666666,12,6,6,348.4150910974671,0.41421568627450983,0.3126398072810399,0.20090537662559974,130726.51855504418,-1090.0499417301362,129636.46861331405,1730,0,666.156862745098,38,13,15,35.42994323721965,0.6239035087719298,44.337606837606835,1022.6495726495725,26.911830859199277,0
1732,4,0,0,49,0.0,0.0,1.0,49,1400,1100,300,0.7857142857142857,17,11,6,363.9615437446593,0.40896045918367346,0.3265621132686818,0.20814194210366055,130406.32482144292,-307.42254078404204,130098.90228065888,1731,1,694.3469387755102,36,13,20,35.35717567070929,0.6244212962962964,44.65090090090089,1021.3963963963952,28.37212212212209,0
1733,4,1,0,50,0.02,0.0,1.0,50,2300,1700,600,0.7391304347826086,29,17,12,353.6391337298295,0.4120408163265306,0.32887508907665675,0.2047022516575203,130874.74093967033,-743.5139973958132,130131.22694227452,1732,0,681.44,39,11,16,35.14636143065595,0.6236645299145298,44.19270833333334,1023.2291666666682,26.23664529914534,0
1734,4,0,0,50,0.0,0.0,1.0,50,1300,800,500,0.6153846153846154,18,8,10,355.81279376969474,0.4119557823129252,0.3313029315960907,0.2061028824288613,130901.38888888914,-684.722222222199,130216.66666666693,1733,1,682.44,39,11,16,35.06378935939197,0.6239316239316238,44.16666666666668,1023.3333333333353,26.239316239316288,0
1735,4,0,0,50,0.0,0.0,1.0,50,1050,700,350,0.6666666666666666,14,7,7,358.9638136733014,0.41177721088435376,0.33109392490078315,0.20836015339442066,130981.34901258719,-596.4870876735713,130384.86192491362,1734,2,683.44,39,11,17,34.902246362063714,0.6247329059829059,44.088541666666686,1023.6458333333364,26.247329059829138,0
1736,4,0,0,50,0.0,0.0,1.0,50,1200,600,600,0.5,18,6,12,358.4059012809756,0.41204931972789116,0.33262890267466605,0.20890368863638667,131141.34250217053,-599.6337890624602,130541.70871310808,1735,3,684.44,39,11,19,34.75467388725041,0.62633547008547,43.932291666666686,1024.2708333333364,26.26335470085478,0
1737,4,1,0,51,0.0196078431372549,0.0,1.0,51,1300,900,400,0.6923076923076923,17,9,8,357.6317612039185,0.4150980392156863,0.33664793904229784,0.21052253459955994,131519.83486969475,-792.6001224466119,130727.23474724813,1736,0,672.0,38,13,20,34.392033815921955,0.6318530701754386,43.563034188034194,1025.747863247864,26.99336482231221,0
1738,4,0,0,51,0.0,0.0,1.0,51,1450,900,550,0.6206896551724138,20,9,11,356.6159500151883,0.414656862745098,0.33066927968480453,0.21052834664387762,131629.44614517156,-811.7680025932975,130817.67814257827,1737,1,673.0,38,13,15,34.30743536352593,0.6329495614035086,43.45619658119659,1026.1752136752157,27.004610886189887,0
1739,4,0,0,51,0.0,0.0,1.0,51,1350,1000,350,0.7407407407407407,17,10,7,393.31760841463944,0.4145915032679739,0.3790755427381245,0.2226659277024918,130012.5027032872,166.75514585500002,130179.2578491422,1738,2,674.0,33,18,18,35.008611711928246,0.6268939393939394,45.036764705882355,1019.8529411764706,30.90463458110517,6
1740,4,1,1,51,0.019230769230769232,0.019230769230769232,0.9807692307692307,52,1950,1500,450,0.7692307692307693,24,15,9,382.5287144626134,0.4170515962795374,0.3672498520365164,0.21846413533024592,130353.74858276626,-427.1896258503579,129926.5589569159,1739,0,662.0192307692307,34,18,18,34.936513950415794,0.6280637254901962,44.70238095238094,1021.1904761904747,30.035014005602196,0
1741,4,1,2,50,0.019230769230769232,0.038461538461538464,0.9615384615384616,52,1650,1100,550,0.6666666666666666,22,11,11,382.2956491266258,0.4166509552538964,0.3584462094251164,0.21884449400637576,130444.94224773228,-426.29322562360534,130018.64902210867,1740,0,663.0,34,18,18,34.84976498465602,0.628982843137255,44.61309523809523,1021.5476190476179,30.04551820728288,0
1742,4,1,0,51,0.0196078431372549,0.0,1.0,51,1300,900,400,0.6923076923076923,17,9,8,388.85061578759303,0.4115686274509804,0.37923864363403714,0.22262766024762173,130450.3075740098,-54.863514033091576,130395.44405997671,1741,0,676.8235294117648,33,18,19,34.6769033909149,0.6313131313131315,44.60784313725489,1021.5686274509789,30.956625074272086,0
1743,4,1,1,51,0.019230769230769232,0.019230769230769232,0.9807692307692307,52,1200,800,400,0.6666666666666666,16,8,8,381.73499520925486,0.4135479512317748,0.3786155637145161,0.22007406770788568,130718.71456916087,-420.0184240362954,130298.69614512457,1742,0,664.7884615384615,34,18,19,34.586001164144356,0.6317401960784315,44.34523809523809,1022.6190476190466,30.0770308123249,0
1744,4,0,0,51,0.0,0.0,1.0,51,1150,1000,150,0.8695652173913043,13,10,3,389.44259999179866,0.41130718954248363,0.38820285337489535,0.22386910589466502,130606.84479827456,-27.2261570069374,130579.61864126762,1743,2,678.8235294117648,33,18,19,34.50263257802821,0.6328914141414143,44.45465686274509,1022.1813725490184,30.975193107546012,0
1745,4,0,0,51,0.0,0.0,1.0,51,1250,900,350,0.72,16,9,7,388.45397842152687,0.4114705882352941,0.39380142183880507,0.2242072547652878,130763.47588667813,-40.881511918501985,130722.59437475963,1744,3,679.8235294117648,33,18,19,34.36875948558191,0.634469696969697,44.30147058823529,1022.7941176470583,30.99376114081995,0
1746,4,1,1,51,0.019230769230769232,0.019230769230769232,0.9807692307692307,52,1300,800,500,0.6153846153846154,18,8,10,381.55083829096816,0.41294306184012064,0.38897584973166377,0.22171197360150843,131023.24263038544,-401.5943877551107,130621.64824263034,1745,0,667.7307692307693,34,18,19,34.281734496124024,0.6348039215686274,44.047619047619044,1023.8095238095234,30.11204481792716,0
1747,4,0,0,51,0.0,0.0,1.0,51,1250,800,450,0.64,17,8,9,393.18388520109363,0.41053921568627455,0.3998722707859337,0.22786111209676152,130920.20083922052,95.14264345444246,131015.34348267496,1746,5,681.8235294117648,33,18,19,34.08860715283599,0.6360479797979798,44.14828431372549,1023.4068627450982,31.012329174093885,0
1748,4,0,0,51,0.0,0.0,1.0,51,950,600,350,0.631578947368421,13,6,7,393.67807070751303,0.41022875816993465,0.39364927397478877,0.22907896649247753,131077.0196559015,120.42964244520931,131197.4492983467,1747,6,682.8235294117648,33,18,19,33.91674644965694,0.6376262626262627,43.995098039215684,1024.0196078431368,31.030897207367783,0
1749,4,0,0,51,0.0,0.0,1.0,51,1150,700,450,0.6086956521739131,16,7,9,392.84012882528094,0.40944444444444444,0.3930683255289329,0.22917893617230817,131175.63952664417,106.21102607711657,131281.8505527213,1748,7,683.8235294117648,34,17,19,33.838127057912075,0.6363357843137254,43.89880952380953,1024.4047619047633,30.12955182072833,0
1750,4,1,1,51,0.019230769230769232,0.019230769230769232,0.9807692307692307,52,1400,1000,400,0.7142857142857143,18,10,8,385.4746641658424,0.40983220211161386,0.39142082529179323,0.22689331498369195,131516.61169982693,-260.55850036093545,131256.053199466,1749,0,671.6538461538462,33,19,19,33.68130227001194,0.6420454545454546,43.56617647058823,1025.7352941176466,31.082887700534744,0
1751,4,0,1,50,0.0,0.0196078431372549,0.9803921568627451,51,900,700,200,0.7777777777777778,11,7,4,392.7466064848181,0.40862745098039216,0.3982349803149128,0.23101235948415497,131489.94880943283,128.44623635344652,131618.39504578628,1750,9,685.8235294117648,32,19,20,33.52184127374944,0.6442057291666666,43.59217171717172,1025.631313131314,32.050978535353565,0
1752,4,1,1,50,0.0196078431372549,0.0196078431372549,0.9803921568627451,51,1350,900,450,0.6666666666666666,18,9,9,387.83976101167895,0.4099509803921568,0.4082974065179439,0.22987703619147046,131781.48275686157,22.019755637182698,131803.50251249876,1751,0,685.5294117647059,32,19,19,33.35254754877848,0.6471354166666666,43.30808080808081,1026.7676767676771,32.08648989898991,0
1753,4,1,1,50,0.0196078431372549,0.0196078431372549,0.9803921568627451,51,1300,900,400,0.6923076923076923,17,9,8,389.1571775976759,0.40887254901960784,0.40781998977653044,0.2306578839813628,131781.48275686146,56.741977859392705,131838.22473472086,1752,0,686.5098039215686,32,19,19,33.318730529595,0.6471354166666667,43.3080808080808,1026.7676767676762,32.08648989898988,0
1754,4,0,0,50,0.0,0.0,1.0,50,1650,1200,450,0.7272727272727273,21,12,9,398.68454060547026,0.4069387755102041,0.42021650879566974,0.23570230040595394,131684.2689043209,500.0964506172707,132184.36535493817,1753,12,701.24,32,18,19,33.172643211547125,0.6461588541666667,43.40277777777777,1026.3888888888882,32.07465277777776,0
1755,4,0,0,50,0.0,0.0,1.0,50,1400,1000,400,0.7142857142857143,18,10,8,397.9815112901564,0.40602891156462584,0.4146699446834665,0.23649230053655368,131878.7324794663,497.0594518416391,132375.79193130793,1754,13,702.24,32,18,19,32.99375128047531,0.6481119791666667,43.213383838383834,1027.146464646464,32.098327020202,0
1756,4,2,2,50,0.038461538461538464,0.038461538461538464,0.9615384615384616,52,1350,900,450,0.6666666666666666,18,9,9,378.3341605595898,0.4110734037204626,0.40054868768856955,0.22755338550567383,132336.75063775506,-386.4973072562425,131950.25333049882,1755,0,676.1923076923077,34,18,19,33.03588645917698,0.6479779411764706,42.76785714285714,1028.9285714285709,30.26260504201679,0
1757,4,0,0,50,0.0,0.0,1.0,50,1250,600,650,0.48,19,6,13,393.78608746675127,0.4055527210884354,0.40969834267318483,0.2350664708600456,132051.39136690204,400.00015018261075,132451.39151708464,1756,15,704.24,33,17,19,32.926826239020706,0.6474116161616161,43.045343137254896,1027.8186274509796,31.14601901366605,0
1758,4,0,0,50,0.0,0.0,1.0,50,1500,1000,500,0.6666666666666666,20,10,10,392.88817574166995,0.4054761904761905,0.40733428707677666,0.23472549986617716,132082.8827854671,378.76057285659647,132461.6433583237,1757,16,705.24,33,17,19,32.918057542521076,0.6477272727272727,43.01470588235294,1027.941176470588,31.14973262032085,0
1759,4,0,0,50,0.0,0.0,1.0,50,1450,1200,250,0.8275862068965517,17,12,5,396.4236673721673,0.4053826530612245,0.4152240228789328,0.23762767261337325,132208.88600538237,482.1462898884854,132691.03229527085,1758,17,706.24,33,17,20,32.69979345408325,0.6489898989898991,42.89215686274509,1028.4313725490183,31.16458704693995,0
1760,4,0,0,50,0.0,0.0,1.0,50,1450,1200,250,0.8275862068965517,17,12,5,395.804666018923,0.4049574829931973,0.4165876325509359,0.23745450764094483,132240.39619677508,468.27317017491293,132708.66936695,1759,18,707.24,33,17,20,32.683858572620046,0.6493055555555556,42.86151960784313,1028.553921568626,31.168300653594727,0
1761,4,1,0,51,0.0196078431372549,0.0,1.0,51,850,500,350,0.5882352941176471,12,5,7,387.5330854034778,0.40883986928104576,0.4145513999591257,0.23427222471944845,132527.98064291905,71.98317644613837,132599.9638193652,1760,0,694.3529411764706,32,19,22,32.60627426936441,0.6546223958333334,42.582070707070706,1029.6717171717169,32.17724116161615,0
1762,4,0,1,50,0.0,0.0196078431372549,0.9803921568627451,51,1450,1200,250,0.8275862068965517,17,12,5,379.7761227652298,0.4090359477124183,0.4102154332414427,0.2187054933838354,130676.44702717742,-271.0892640277882,130405.35776314963,1761,1,695.3529411764706,35,16,17,34.67898649158553,0.6291666666666668,44.38657407407406,1022.453703703702,29.212962962962916,4
1763,4,1,1,50,0.0196078431372549,0.0196078431372549,0.9803921568627451,51,1600,1000,600,0.625,22,10,12,379.08420821217794,0.40797385620915033,0.4070124995008193,0.2189768779202107,130794.81336805536,-283.5503472222465,130511.26302083311,1762,0,696.3137254901961,35,16,18,34.57654446707398,0.6303571428571428,44.27083333333332,1022.916666666665,29.22619047619043,0
1764,4,2,1,51,0.038461538461538464,0.019230769230769232,0.9807692307692307,52,1250,1000,250,0.8,15,10,5,371.56335396657937,0.409706510809452,0.4084857302363356,0.21632504103534383,131097.3705969482,-657.8042569596672,130439.56633998852,1763,0,683.8846153846154,36,16,20,34.46228282383991,0.6313657407407407,43.97522522522522,1024.0990990990983,28.447197197197177,0
1765,4,2,2,51,0.03773584905660377,0.03773584905660377,0.9622641509433962,53,1300,1000,300,0.7692307692307693,16,10,6,360.38502107017075,0.41081579583938077,0.39630307934750153,0.21173814898419857,131446.78605109744,-1125.3036366571787,130321.48241444027,1764,0,671.9433962264151,35,18,22,34.39522197140707,0.6369047619047619,43.63425925925926,1025.4629629629633,29.298941798941808,0
1766,4,0,0,51,0.0,0.0,1.0,51,1400,1000,400,0.7142857142857143,18,10,8,377.1008330939385,0.40705882352941175,0.4122565636424058,0.2198512762108931,131150.23389274697,-308.62750771604397,130841.60638503093,1765,2,699.2941176470588,35,16,22,34.26694915254238,0.6339285714285714,43.923611111111114,1024.3055555555559,29.265873015873026,0
1767,4,0,1,50,0.0,0.0196078431372549,0.9803921568627451,51,1200,900,300,0.75,15,9,6,377.30265864867715,0.4073202614379085,0.4044612678326378,0.20544178011842318,128476.21882086186,-499.08804957166075,127977.1307712902,1766,3,700.2941176470588,34,17,15,36.984793330201974,0.6090686274509802,46.54761904761906,1013.8095238095253,29.81792717086839,7
1768,4,2,1,51,0.038461538461538464,0.019230769230769232,0.9807692307692307,52,1100,700,400,0.6363636363636364,15,7,8,366.2770068963978,0.4126445449974862,0.3939398460344927,0.2023831863580037,129058.31665702882,-945.7812119551832,128112.53544507363,1767,0,666.9807692307693,36,16,18,36.66971443348479,0.6108217592592593,45.97409909909911,1016.1036036036049,28.225100100100136,0
1769,4,1,1,51,0.019230769230769232,0.019230769230769232,0.9807692307692307,52,1100,800,300,0.7272727272727273,14,8,6,365.9372558689895,0.41170186023127203,0.3931006126918395,0.20278180532408654,129172.76810171666,-946.174341571291,128226.59376014538,1768,0,667.9615384615385,36,16,20,36.56161146191057,0.6119791666666666,45.86148648648649,1016.5540540540546,28.23761261261263,0
1770,4,1,1,51,0.019230769230769232,0.019230769230769232,0.9807692307692307,52,1650,1100,550,0.6666666666666666,22,11,11,364.82128460091417,0.4122203368526898,0.3891866330390932,0.20230998509687034,129201.38888888876,-972.9103258664157,128228.47856302235,1769,0,668.8461538461538,34,18,20,36.5607923497268,0.616421568627451,45.83333333333333,1016.6666666666656,29.901960784313694,0
1771,4,4,4,51,0.07272727272727272,0.07272727272727272,0.9272727272727272,55,1250,1000,250,0.8,15,10,5,340.7348192731937,0.41979517396184063,0.36327417602318035,0.19184939233929882,129799.47973738034,-2154.5595459858305,127644.92019139451,1770,0,633.290909090909,38,17,12,36.56536136157125,0.6145833333333334,45.245726495726494,1019.0170940170938,26.816239316239308,0
1772,4,1,0,52,0.019230769230769232,0.0,1.0,52,1600,1200,400,0.75,20,12,8,345.31467812320625,0.41456133735545503,0.38197563429259507,0.18537041676365146,127907.3364257812,-1566.3438585069466,126340.99256727425,1771,0,670.8076923076923,39,13,19,38.37669052277487,0.59375,47.109375,1011.5624999999997,25.937499999999993,3
1773,4,4,3,53,0.07142857142857142,0.05357142857142857,0.9464285714285714,56,1500,800,700,0.5333333333333333,22,8,14,318.7829482030601,0.42667748917748916,0.36473607038123235,0.1747668574553752,128747.91843820843,-2991.032343927169,125756.88609428126,1772,0,623.8214285714286,41,15,15,38.19159335288368,0.5990853658536586,46.2797619047619,1014.8809523809509,24.753193960511,0
1774,4,2,2,53,0.03636363636363636,0.03636363636363636,0.9636363636363636,55,1100,700,400,0.6363636363636364,15,7,8,325.5484485746447,0.4231060606060606,0.37364196378570025,0.17813718478185636,128672.41753472235,-2622.178819444436,126050.23871527791,1773,0,636.1272727272727,41,14,16,38.096765913757686,0.5983231707317073,46.35416666666667,1014.5833333333344,24.74593495934962,0
1775,4,0,0,53,0.0,0.0,1.0,53,900,600,300,0.6666666666666666,12,6,6,337.8263473496636,0.41837506047411704,0.3782117163412124,0.1836340983079458,128408.33875868063,-1924.0559895833278,126484.2827690973,1774,1,661.0377358490566,39,14,17,38.054556354916066,0.5988247863247864,46.614583333333336,1013.5416666666673,25.98824786324788,0
1776,4,0,0,53,0.0,0.0,1.0,53,1750,1400,350,0.8,21,14,7,341.37040404831794,0.418435534591195,0.3790253025942185,0.186175959854923,128540.34423828124,-1824.02615017361,126716.31808810763,1775,2,662.0377358490566,39,14,17,37.83010186611882,0.6001602564102565,46.484375,1014.0624999999999,26.001602564102562,0
1777,4,0,1,52,0.0,0.018867924528301886,0.9811320754716981,53,1300,1000,300,0.7692307692307693,16,10,6,341.21388980234315,0.4182843492985002,0.3789467975276646,0.18683330525939426,128698.84033203125,-1817.2336154513875,126881.60671657986,1776,3,663.0377358490566,39,14,17,37.67248827977962,0.6017628205128205,46.328125,1014.6875,26.017628205128204,0
1778,4,1,0,53,0.018867924528301886,0.0,1.0,53,1350,700,650,0.5185185185185185,20,7,13,341.05965203899484,0.4194333575229801,0.3805434445863334,0.18717053871238895,128788.44024720737,-1815.091876528516,126973.34837067885,1777,0,663.8490566037735,40,13,18,37.58510212254706,0.6010416666666667,46.239837398373986,1015.0406504065043,25.376016260162608,0
1779,4,2,1,54,0.03636363636363636,0.01818181818181818,0.9818181818181818,55,1100,800,300,0.7272727272727273,14,8,6,327.3597837853547,0.4256172839506173,0.37777015437392825,0.1819210302342218,129285.00987082551,-2532.152513301943,126752.85735752356,1778,0,640.6727272727272,37,18,19,37.428009883198555,0.611204954954955,45.75109649122806,1016.9956140350866,27.486367946894234,0
1780,4,1,1,54,0.01818181818181818,0.01818181818181818,0.9818181818181818,55,1650,1200,450,0.7272727272727273,21,12,9,339.73493431768134,0.4238496071829405,0.3910125450728694,0.1915851022124198,129860.54202428799,-2169.0034122779257,127691.53861201006,1779,0,641.6545454545454,36,19,17,36.528882628070576,0.618923611111111,45.18581081081082,1019.2567567567584,28.31268768768773,1
1781,4,1,1,54,0.01818181818181818,0.01818181818181818,0.9818181818181818,55,1500,1100,400,0.7333333333333333,19,11,8,341.2753150728885,0.4244107744107744,0.3932074108271937,0.1934462956151583,130061.4867401188,-2122.6450267835103,127938.84171333528,1780,0,642.6,36,19,17,36.28583388533156,0.620949074074074,44.98873873873875,1020.0450450450475,28.33458458458465,0
1782,4,0,0,54,0.0,0.0,1.0,54,1600,1100,500,0.6875,21,11,10,349.83245106485236,0.42128901700442584,0.4031119180914917,0.19811848064161164,130026.38996056233,-1702.5098593964376,128323.8801011659,1781,2,655.5,35,19,17,36.103230443334844,0.6226190476190476,45.023148148148145,1019.9074074074067,29.14021164021162,0
1783,4,0,0,54,0.0,0.0,1.0,54,1250,800,450,0.64,17,8,9,351.41857744979546,0.4211652690426275,0.40896679705861905,0.19963659750925383,130147.65346004804,-1652.7393525281886,128494.91410751984,1782,3,656.5,36,18,17,35.93974175035869,0.6218171296296295,44.90427927927929,1020.382882882884,28.343968968969,0
1784,4,0,1,53,0.0,0.018518518518518517,0.9814814814814815,54,1550,1000,550,0.6451612903225806,21,10,11,355.6476545987036,0.42122350337759146,0.4205948372615036,0.20343045843045832,130414.54081632638,-1523.57343381718,128890.9673825092,1783,4,657.5,34,20,19,35.56114024864024,0.6286764705882353,44.64285714285713,1021.4285714285702,30.042016806722653,0
1785,4,2,2,53,0.03636363636363636,0.03636363636363636,0.9636363636363636,55,1300,1000,300,0.7692307692307693,16,10,6,344.44939551267976,0.4245230078563412,0.4050553582619594,0.19889978966455946,130781.152978669,-1990.5021824092335,128790.65079625975,1784,0,644.1818181818181,38,17,17,35.47607234872224,0.6244517543859649,44.284188034188034,1022.8632478632478,26.9174538911381,0
1786,4,0,0,53,0.0,0.0,1.0,53,1400,1100,300,0.7857142857142857,17,11,6,356.03069007126106,0.42038582486695697,0.4184250740682989,0.20436296726101788,130550.14209733374,-1304.028564037022,129246.11353329671,1785,6,669.4905660377359,36,17,17,35.41391184573001,0.6258680555555556,44.51013513513513,1021.9594594594588,28.387762762762744,0
1787,4,0,0,53,0.0,0.0,1.0,53,1100,800,300,0.7272727272727273,14,8,6,359.34291730609124,0.42015904692791484,0.42451375292538085,0.20672465166696397,130636.47050766958,-1211.3419162405908,129425.12859142899,1786,7,670.4905660377359,36,17,17,35.241793346552114,0.6267361111111112,44.42567567567566,1022.2972972972954,28.397147147147095,0
1788,4,0,0,53,0.0,0.0,1.0,53,1500,1200,300,0.8,18,12,6,360.65334512673405,0.4209754475084664,0.3764761695741137,0.19563547612323998,128325.39859693886,-1328.3537864256866,126997.04481051318,1787,8,671.4905660377359,34,19,20,37.560950534602284,0.6075367647058822,46.69642857142858,1013.2142857142865,29.800420168067248,8
1789,4,0,1,52,0.0,0.018867924528301886,0.9811320754716981,53,1550,900,650,0.5806451612903226,22,9,13,363.11391085241496,0.42056724721819067,0.3796449746093926,0.19771598879917932,128476.21882086158,-1269.6995464852703,127206.51927437632,1788,9,672.4905660377359,34,19,15,37.34441052137154,0.6090686274509804,46.547619047619044,1013.8095238095231,29.817927170868327,0
1790,4,1,1,52,0.018867924528301886,0.018867924528301886,0.9811320754716981,53,1550,1100,450,0.7096774193548387,20,11,9,333.9924802288645,0.4198264392839865,0.2964361448492152,0.18203151190077127,128513.93771701425,-2015.462239583292,126498.47547743097,1789,0,672.4905660377359,39,14,15,38.044055201698505,0.5998931623931623,46.510416666666686,1013.9583333333363,25.9989316239317,4
1791,4,3,2,53,0.05454545454545454,0.03636363636363636,0.9636363636363636,55,1250,900,350,0.72,16,9,7,324.5104312925784,0.42428451178451176,0.3016757395188572,0.17869893949123897,128924.17332963305,-2632.5521817523063,126291.62114788074,1790,0,648.9818181818182,41,14,16,37.86703054280226,0.6008638211382112,46.106150793650805,1015.575396825399,24.770131629887782,0
1792,4,4,3,54,0.07017543859649122,0.05263157894736842,0.9473684210526316,57,1450,1000,450,0.6896551724137931,19,10,9,315.6340321084782,0.4287019632414369,0.3181538752541728,0.1765330038878073,129537.39636005364,-3221.824703208575,126315.57165684506,1791,0,627.140350877193,40,17,11,37.47025889321487,0.6085937499999999,45.50304878048781,1017.9878048780496,25.44969512195124,0
1793,4,1,0,55,0.01818181818181818,0.0,1.0,55,1500,1000,500,0.6666666666666666,20,10,10,331.8499228252274,0.4220679012345679,0.3328756528630492,0.1846606145656919,129337.19735051866,-2415.892208159837,126921.30514235882,1792,0,650.9272727272727,38,17,19,37.260835696530485,0.6099232456140351,45.699786324786324,1017.2008547008546,26.768443544759332,0
1794,4,2,2,55,0.03508771929824561,0.03508771929824561,0.9649122807017544,57,1250,700,550,0.56,18,7,11,317.85189374948885,0.4276837928153718,0.31838578043785337,0.17888530414800016,129781.98346757695,-3149.710156053153,126632.2733115238,1793,0,629.0526315789474,41,16,13,37.166029760166154,0.6095020325203251,45.26289682539683,1018.9484126984136,24.852400309717403,0
1795,4,0,0,55,0.0,0.0,1.0,55,1200,700,500,0.5833333333333334,17,7,10,329.9747194305652,0.42246071829405163,0.3274364268839407,0.18471780685649164,129572.31445312501,-2448.8823784722226,127123.4320746528,1794,2,652.9272727272727,39,16,13,37.06986221949389,0.6105769230769231,45.46875,1018.1250000000001,26.105769230769234,0
1796,4,1,0,56,0.017857142857142856,0.0,1.0,56,1450,800,650,0.5517241379310345,21,8,13,322.89158743058886,0.42372159090909095,0.32854152426520855,0.1823901128999813,129925.63950029737,-2809.6208027629164,127116.01869753445,1795,0,642.25,40,16,15,36.892153442317905,0.6125,45.12195121951219,1019.5121951219506,25.487804878048767,0
1797,4,0,0,56,0.0,0.0,1.0,56,1750,1100,650,0.6285714285714286,24,11,13,324.0351474429003,0.4240800865800866,0.3351612765472869,0.18352238937567408,130029.26911891063,-2773.189321832253,127256.07979707838,1796,1,643.25,40,16,16,36.758087551481324,0.6135416666666667,45.02032520325203,1019.9186991869913,25.49796747967478,0
1798,4,2,3,55,0.034482758620689655,0.05172413793103448,0.9482758620689655,58,1400,1000,400,0.7142857142857143,18,10,8,312.49503725155347,0.42688798144787254,0.33232115285640806,0.17864477385541017,130392.29811124325,-3450.1925110714537,126942.1056001718,1797,0,622.0344827586207,40,18,17,36.68553067993367,0.6171875,44.66463414634146,1021.3414634146336,25.53353658536584,0
1799,4,0,0,55,0.0,0.0,1.0,55,1400,900,500,0.6428571428571429,19,9,10,317.813687959677,0.4217592592592592,0.35655007845795317,0.1799718807873449,130023.43885633662,-2735.354275173626,127288.084581163,1798,1,656.0727272727273,39,16,16,36.92262026350729,0.6151175213675215,45.02604166666666,1019.8958333333319,26.151175213675177,1
1800,4,1,3,53,0.017857142857142856,0.05357142857142857,0.9464285714285714,56,1800,1400,400,0.7777777777777778,22,14,8,314.179856276887,0.4238704004329004,0.3575454306990571,0.1793771188749167,130342.35161675331,-3009.5920138889064,127332.7596028644,1799,0,645.3392857142857,39,17,17,36.692955387806464,0.6183226495726497,44.71354166666666,1021.145833333332,26.183226495726462,0
1801,4,1,1,53,0.018518518518518517,0.018518518518518517,0.9814814814814815,54,1900,1600,300,0.8421052631578947,22,16,6,313.91945926837644,0.42256289308176104,0.336258303781501,0.17972026485960113,130448.74267578125,-2609.9202473958308,127838.82242838542,1800,0,626.7962962962963,39,15,20,36.59216630977874,0.6193910256410258,44.609375,1021.5625,26.193910256410255,0
1802,4,0,0,53,0.0,0.0,1.0,53,1200,800,400,0.6666666666666666,16,8,8,322.57162545243574,0.42093009192065794,0.341824984755285,0.18456656558651907,130426.23325525946,-2185.6395874425057,128240.59366781695,1801,4,639.622641509434,38,15,20,36.39394414810163,0.620888157894737,44.63141025641024,1021.4743589743571,26.880904183535712,0
1803,4,0,0,53,0.0,0.0,1.0,53,1900,1200,700,0.631578947368421,26,12,14,322.7225212489119,0.41993226898887276,0.3446177884046304,0.18504305714775707,130508.09500328706,-2176.4197074293515,128331.67529585771,1802,5,640.622641509434,38,15,12,36.307376620660804,0.6217105263157896,44.55128205128204,1021.7948717948698,26.889338731443942,0
1804,4,0,0,53,0.0,0.0,1.0,53,1050,500,550,0.47619047619047616,16,5,11,322.8900757434657,0.4201741654571843,0.3453504747553249,0.1854001479328924,130562.68376981498,-2168.5210296588743,128394.1627401561,1803,6,641.622641509434,38,15,13,36.24795281901176,0.6222587719298247,44.497863247863236,1022.0085470085453,26.89496176338277,0
1805,4,0,0,53,0.0,0.0,1.0,53,1150,500,650,0.43478260869565216,18,5,13,324.2383362051673,0.420355587808418,0.3478331167666022,0.18656864937746503,130644.58832137099,-2128.003209693939,128516.58511167705,1804,7,642.622641509434,38,15,15,36.13077820740585,0.6230811403508772,44.41773504273503,1022.3290598290585,26.90339631129101,0
1806,4,0,0,53,0.0,0.0,1.0,53,950,600,350,0.631578947368421,13,6,7,324.86886857462326,0.4195694242864054,0.35504176011288413,0.18759315728187242,130781.15297866902,-2102.6549601870106,128678.49801848202,1805,8,643.622641509434,38,15,15,35.976777383190566,0.6244517543859649,44.284188034188034,1022.863247863248,26.917453891138106,0
1807,4,1,1,53,0.018518518518518517,0.018518518518518517,0.9814814814814815,54,1300,1000,300,0.7692307692307693,16,10,6,323.087997140485,0.42189319822967625,0.35796629708744443,0.18805672586667307,131088.00048828125,-2329.408094618055,128758.59239366319,1806,0,632.6851851851852,39,15,16,35.71281744820804,0.6258012820512822,43.984375,1024.0625,26.25801282051282,0
1808,4,0,0,53,0.0,0.0,1.0,53,1400,800,600,0.5714285714285714,20,8,12,331.34750505883517,0.41941823899371067,0.36830550955997143,0.19255931722127445,131027.1491366242,-1916.8962077215376,129110.25292890266,1807,10,645.622641509434,38,15,17,35.562758704650605,0.6269188596491229,44.043803418803414,1023.8247863247855,26.942757534862775,0
1809,4,0,0,53,0.0,0.0,1.0,53,1100,600,500,0.5454545454545454,16,6,10,333.8965489217295,0.41932752781809385,0.37292592578012806,0.19445518335137893,131109.19922017664,-1844.6181696983058,129264.58105047833,1808,11,646.622641509434,38,15,17,35.41471068919955,0.6277412280701755,43.96367521367521,1024.1452991452982,26.951192082771005,0
1810,4,0,0,53,0.0,0.0,1.0,53,1400,1300,100,0.9285714285714286,15,13,2,339.7275108066298,0.4193728834059023,0.37489155517259665,0.19855737697418552,131246.00643080202,-1682.4241863905459,129563.58224441147,1809,12,647.622641509434,38,15,18,35.12733291627566,0.6291118421052633,43.8301282051282,1024.6794871794864,26.965249662618064,0
1811,4,1,0,54,0.018518518518518517,0.0,1.0,54,1300,900,400,0.6923076923076923,17,9,8,332.4902946090434,0.4206993943629164,0.3745718614767446,0.19624696777673387,131621.9089084202,-2047.3985460069334,129574.51036241328,1810,0,636.6111111111111,39,15,15,34.933953405745626,0.6311431623931624,43.46354166666667,1026.145833333334,26.31143162393164,0
1812,4,0,0,54,0.0,0.0,1.0,54,1200,800,400,0.6666666666666666,16,8,8,347.64855186828464,0.4209905660377358,0.33818093045965014,0.1984961086473752,130344.39718934895,-1702.681180915124,128641.71600843382,1811,1,637.6111111111111,38,16,19,35.83647206528561,0.6200657894736843,44.71153846153845,1021.1538461538448,26.872469635627496,6
1813,4,2,2,54,0.03571428571428571,0.03571428571428571,0.9642857142857143,56,1400,1000,400,0.7142857142857143,18,10,8,335.3252766657104,0.4244791666666667,0.3214498679614961,0.19324415428467218,130703.86860499687,-2434.337819750163,128269.53078524671,1812,0,615.8035714285714,40,16,13,35.78749254621348,0.6203125,44.35975609756097,1022.5609756097548,25.56402439024387,0
1814,4,0,0,54,0.0,0.0,1.0,54,1650,900,750,0.5454545454545454,24,9,15,352.0169809652029,0.4192508152806895,0.33686288169046796,0.20269569842581175,130671.89554569362,-1600.25476660092,129071.6407790927,1813,3,639.6111111111111,38,16,16,35.393155694879844,0.6233552631578947,44.39102564102564,1022.4358974358975,26.90620782726046,0
1815,4,1,1,54,0.01818181818181818,0.01818181818181818,0.9818181818181818,55,1400,1200,200,0.8571428571428571,16,12,4,346.9526820304662,0.42216610549943884,0.33602151993572926,0.20116064828605787,130937.79047070198,-1914.156483409345,129023.63398729263,1814,0,628.9636363636364,40,15,16,35.253657366034496,0.62265625,44.13109756097561,1023.4756097560977,25.58689024390244,0
1816,4,0,1,53,0.0,0.018518518518518517,0.9814814814814815,54,1900,1500,400,0.7894736842105263,23,15,8,354.33055571742125,0.4192071395294666,0.3438412967675055,0.20538629557071766,130928.03955078125,-1521.6389973958321,129406.40055338542,1815,5,641.6111111111111,39,15,16,35.07474554707379,0.624198717948718,44.140625,1023.4375,26.24198717948718,0
1817,4,0,0,53,0.0,0.0,1.0,53,1050,800,250,0.7619047619047619,13,8,5,360.75332735865516,0.4175284228350266,0.3410408381542174,0.20905360694304623,130917.78897518064,-1154.194403353079,129763.59457182756,1816,19,654.622641509434,38,15,16,34.92079027038312,0.6258223684210527,44.150641025641015,1023.3974358974345,26.931511470985118,0
1818,4,0,0,53,0.0,0.0,1.0,53,2350,1700,650,0.723404255319149,30,17,13,361.14056838883397,0.4172411707789066,0.34141733770987326,0.21062139718443673,131163.9135437212,-1126.2779421433293,130037.63560157787,1817,20,655.622641509434,38,15,16,34.66181685440134,0.6282894736842106,43.91025641025641,1024.3589743589741,26.956815114709844,0
1819,4,1,0,54,0.018518518518518517,0.0,1.0,54,1050,700,350,0.6666666666666666,14,7,7,351.86425976690566,0.41949831120428605,0.3351083944957669,0.20668256825231085,131437.65637555698,-1550.2545383154386,129887.40183724154,1818,0,644.4629629629629,38,16,17,34.622881503090916,0.6310307017543859,43.64316239316239,1025.4273504273501,26.98493027440395,0
1820,4,2,1,55,0.03571428571428571,0.017857142857142856,0.9821428571428571,56,1750,1000,750,0.5714285714285714,25,10,15,338.6384214366806,0.4232481060606061,0.34460967067728654,0.20246254558235574,132110.5368828078,-2252.459266970725,129858.07761583707,1819,0,622.4107142857143,40,16,16,34.284384473441406,0.6343750000000001,42.98780487804878,1028.0487804878044,25.70121951219511,0
1821,4,1,2,54,0.017857142857142856,0.03571428571428571,0.9642857142857143,56,1550,1200,350,0.7741935483870968,19,12,7,339.6378554367029,0.42260551948051944,0.3461405416090144,0.20334058114251816,132162.78029777235,-2222.503346222504,129940.27695154984,1820,0,623.375,40,16,16,34.206158990577855,0.6348958333333334,42.93699186991869,1028.252032520324,25.706300813008102,0
1822,4,0,1,53,0.0,0.018518518518518517,0.9814814814814815,54,1800,1200,600,0.6666666666666666,24,12,12,349.6624801703209,0.42059748427672955,0.34803491095088424,0.20806648572511155,131931.11257213802,-1573.727993279299,130357.38457885872,1821,2,645.6851851851852,38,16,16,34.18174570160842,0.6359649122807018,43.16239316239315,1027.3504273504257,27.035537561853307,0
1823,4,1,0,54,0.018518518518518517,0.0,1.0,54,1650,1100,550,0.6666666666666666,22,11,11,353.56044056384076,0.4214127649662241,0.3680913752053021,0.21237888223264006,132288.07259706687,-1445.6341542479427,130842.43844281892,1822,0,643.0370370370371,38,16,17,33.72213279329802,0.6395285087719298,42.81517094017094,1028.7393162393155,27.072087269455672,0
1824,4,0,0,54,0.0,0.0,1.0,54,1450,1000,450,0.6896551724137931,19,10,9,354.23059391170796,0.4212307826694619,0.3710683479658661,0.21309149593776763,132343.03232750748,-1424.0098117101336,130919.02251579735,1823,1,644.0370370370371,38,16,17,33.64958640501159,0.6400767543859649,42.761752136752136,1028.9529914529915,27.07771030139451,0
1825,4,0,0,54,0.0,0.0,1.0,54,1650,1300,350,0.7878787878787878,20,13,7,354.16509303963466,0.4210633589564407,0.3789255709383499,0.21400323189460574,132510.87474030486,-1413.843329493065,131097.0314108118,1824,2,645.0370370370371,37,17,17,33.48242811501598,0.643581081081081,42.59868421052632,1029.605263157896,27.827169274537727,0
1826,4,0,0,54,0.0,0.0,1.0,54,1150,700,450,0.6086956521739131,16,7,9,347.6884631403581,0.4213108548800373,0.3592592592592594,0.19810156620787864,130262.58680555565,-1726.258560326246,128536.32824522941,1825,3,646.0370370370371,40,14,15,35.91836734693879,0.6158854166666666,44.79166666666667,1020.8333333333342,25.520833333333353,7
1827,4,0,0,54,0.0,0.0,1.0,54,1400,900,500,0.6428571428571429,19,9,10,343.5321558861949,0.4213181341719077,0.362359402028992,0.19653887518203206,130422.14084201399,-1839.1601562499886,128582.980685764,1826,4,647.0370370370371,39,15,15,35.862822081718676,0.6191239316239316,44.63541666666667,1021.4583333333342,26.191239316239336,0
1828,4,0,0,54,0.0,0.0,1.0,54,1200,700,500,0.5833333333333334,17,7,10,341.17637289187485,0.4213982063824831,0.36292633749051273,0.19559316433059035,130501.9544813369,-1895.1633029513805,128606.79117838552,1827,5,648.0370370370371,39,15,13,35.842189995582274,0.6199252136752136,44.55729166666667,1021.7708333333342,26.199252136752158,0
1829,4,1,1,54,0.01818181818181818,0.01818181818181818,0.9818181818181818,55,1650,1100,550,0.6666666666666666,22,11,11,336.48188599765405,0.42321829405162736,0.3653288435602027,0.19462353843487398,130845.55820302642,-2194.56796028598,128650.99024274044,1828,0,637.2363636363636,41,14,13,35.614737871295134,0.6201727642276423,44.22123015873015,1023.115079365078,24.954026325977512,0
1830,4,1,1,54,0.01818181818181818,0.01818181818181818,0.9818181818181818,55,1550,1200,350,0.7741935483870968,19,12,7,340.46328366038216,0.42237654320987655,0.37084636460545006,0.19770628160334722,130997.85175933782,-2080.008247511988,128917.84351182583,1829,0,638.2181818181818,41,14,14,35.35902622993182,0.6216971544715448,44.072420634920626,1023.7103174603161,24.968544328300393,0
1831,4,0,0,54,0.0,0.0,1.0,54,1150,800,350,0.6956521739130435,15,8,7,348.5606872775645,0.41999330305147914,0.37242200036617046,0.20214168693887727,130947.07739866749,-1671.3993409864227,129275.67805768107,1830,8,651.0370370370371,41,13,15,35.20312348550935,0.621189024390244,44.122023809523796,1023.5119047619023,24.96370499419274,0
1832,4,0,0,54,0.0,0.0,1.0,54,1350,1100,250,0.8148148148148148,16,11,5,346.62190111933705,0.41991323084090376,0.3660267799259196,0.20184280291626808,131104.74623107055,-1711.2447231236401,129393.5015079469,1831,9,652.0370370370371,42,12,15,35.093394203172785,0.6212797619047621,43.96802325581394,1024.1279069767418,24.383997785160517,0
1833,4,1,0,55,0.01818181818181818,0.0,1.0,55,2100,1700,400,0.8095238095238095,25,17,8,345.4772137337594,0.4219977553310887,0.37858963466440154,0.202916330071308,131434.917534722,-1917.6856343143693,129517.23190040761,1832,0,641.1636363636363,39,16,16,34.789381010429366,0.6292735042735045,43.64583333333332,1025.4166666666647,26.292735042734993,0
1834,4,0,0,55,0.0,0.0,1.0,55,1350,1000,350,0.7407407407407407,17,10,7,338.456749708758,0.4210016835016835,0.36859675772165157,0.20018271075739097,131700.84547390474,-2084.991981401362,129615.85349250339,1833,1,642.1636363636363,42,13,15,34.70137512193588,0.6272321428571429,43.38662790697674,1026.4534883720926,24.43936877076411,0
1835,4,0,1,54,0.0,0.01818181818181818,0.9818181818181818,55,1950,1200,750,0.6153846153846154,27,12,15,343.37494842943886,0.4206930415263748,0.36423333247561973,0.20388969626911047,131850.08154745802,-1945.1970096448636,129904.88453781315,1834,2,643.1636363636363,42,13,15,34.42482781394471,0.6287202380952381,43.24127906976744,1027.0348837209297,24.45321151716499,0
1836,4,0,0,54,0.0,0.0,1.0,54,1250,1000,250,0.8,15,10,5,346.3725708795681,0.4220169461914745,0.3808241474216578,0.20634464840488426,131974.50949462174,-1657.5299711555776,130316.97952346617,1835,3,622.6666666666666,42,12,15,34.222541808122735,0.6299603174603174,43.12015503875969,1027.5193798449613,24.464747139165745,0
1837,4,0,1,53,0.0,0.018518518518518517,0.9814814814814815,54,1400,800,600,0.5714285714285714,20,8,12,353.9754369621978,0.421725774516655,0.3854193935713115,0.21184621328854378,132148.80720997832,-1444.5136447629407,130704.29356521538,1836,4,623.6666666666666,42,12,15,33.851663368202814,0.6316964285714286,42.950581395348834,1028.1976744186043,24.480897009966768,0
1838,4,0,0,53,0.0,0.0,1.0,53,1950,1300,650,0.6666666666666666,26,13,13,355.6961211583506,0.42158018867924524,0.380365128100596,0.2132736661682253,132219.3889853393,-1194.015239197547,131025.37374614175,1837,5,628.2264150943396,41,12,15,33.736354940355625,0.6338922764227642,42.881944444444436,1028.4722222222206,25.08468834688343,0
1839,4,0,0,53,0.0,0.0,1.0,53,1500,1200,300,0.8,18,12,6,359.8276769057995,0.4214290033865506,0.3880403699364765,0.21648101304332645,132346.95845930948,-1075.580278407679,131271.3781809018,1838,6,629.2264150943396,41,12,17,33.50165509705617,0.6351626016260163,42.7579365079365,1028.9682539682526,25.0967866821525,0
1840,4,0,0,53,0.0,0.0,1.0,53,1700,1300,400,0.7647058823529411,21,13,8,364.4188249010567,0.42179184808901793,0.3880931827657683,0.22050427201640233,132562.98539201193,-938.2810019142365,131624.7043900977,1839,7,630.2264150943396,38,15,19,33.16604419545596,0.6422697368421052,42.54807692307693,1029.807692307693,27.100202429149817,0
1841,4,0,0,53,0.0,0.0,1.0,53,1500,1000,500,0.6666666666666666,20,10,10,366.67647480037886,0.4220488630865989,0.3831345056243747,0.22252116088735382,132673.03040990932,-870.3841816422068,131802.6462282671,1840,8,631.2264150943396,38,15,14,32.99716547409175,0.6433662280701755,42.44123931623931,1030.235042735042,27.11144849302742,0
1842,4,0,0,53,0.0,0.0,1.0,53,1900,1400,500,0.7368421052631579,24,14,10,358.6053444073805,0.42150459603289797,0.4022372745927687,0.21840032405584317,132806.71788391285,-1072.5603875672577,131734.15749634558,1841,9,632.2264150943396,41,12,13,33.07066089188323,0.6397357723577235,42.31150793650794,1030.7539682539684,25.14034068912118,2
1843,4,1,1,53,0.018518518518518517,0.018518518518518517,0.9814814814814815,54,1400,1000,400,0.7142857142857143,18,10,8,354.2112014811876,0.4223372350337759,0.4001460615545118,0.21755186250142133,133122.00006760412,-1369.3392824950436,131752.66078510907,1842,0,621.5,42,12,14,32.86737089201877,0.6413690476190477,42.00581395348837,1031.9767441860465,24.570874861572538,0
1844,4,0,0,53,0.0,0.0,1.0,53,1150,700,450,0.6086956521739131,16,7,9,360.4091742676753,0.4213382922109337,0.4068953126899817,0.22055174719605755,132985.7285072593,-1014.1446798626916,131971.58382739662,1843,11,634.2264150943396,41,12,15,32.84431005738835,0.6415142276422764,42.13789682539682,1031.448412698412,25.157278358497855,0
1845,4,0,0,53,0.0,0.0,1.0,53,1200,800,400,0.6666666666666666,16,8,8,341.0180472954377,0.4215197145621674,0.3404546577799743,0.20436050457066524,132198.62768350763,-1583.5764264467243,130615.0512570609,1844,12,635.2264150943396,42,11,14,34.13463048462577,0.6321924603174602,42.90213178294574,1028.3914728682173,24.48551125876708,6
1846,4,0,1,52,0.0,0.018867924528301886,0.9811320754716981,53,1350,1000,350,0.7407407407407407,17,10,7,341.1671420473541,0.421474358974359,0.33546451913269393,0.20512529525814302,132323.21994621717,-1571.1330448891295,130752.08690132805,1845,13,636.2264150943396,42,11,15,34.00554090538079,0.6334325396825395,42.781007751937985,1028.875968992248,24.49704688076781,0
1847,4,0,0,52,0.0,0.0,1.0,52,1100,900,200,0.8181818181818182,13,9,4,344.42093830117835,0.4207123554550025,0.34460722498330987,0.20693193106507662,132295.92328829697,-1286.902793524799,131009.02049477216,1846,14,648.4038461538462,41,11,15,33.94929283188686,0.6346544715447153,42.80753968253969,1028.7698412698426,25.09194734804494,0
1848,4,0,0,52,0.0,0.0,1.0,52,1600,1200,400,0.75,20,12,8,342.82042931051257,0.4202881473102061,0.34813616478308385,0.20667174452719478,132424.15229030346,-1320.4196845525967,131103.73260575088,1847,15,649.4038461538462,40,12,15,33.86157187993682,0.6375,42.6829268292683,1029.2682926829275,25.731707317073187,0
1849,4,0,0,52,0.0,0.0,1.0,52,1800,1100,700,0.6111111111111112,25,11,14,342.7578602693034,0.4203824157868275,0.3463317029791011,0.20733255184122243,132551.1975623586,-1313.407029478426,131237.79053288017,1848,16,650.4038461538462,41,11,16,33.735549132947995,0.6371951219512193,42.559523809523824,1029.7619047619075,25.11614401858311,0
1850,4,0,0,52,0.0,0.0,1.0,52,1600,1100,500,0.6875,21,11,10,344.4544899629917,0.42046882855706386,0.3528085144202995,0.20921077969331192,132704.48022959195,-1257.8691893423916,131446.61104024955,1849,17,651.4038461538462,41,11,12,33.53793568264973,0.6387195121951219,42.41071428571429,1030.3571428571438,25.130662020905945,0
1851,4,0,0,52,0.0,0.0,1.0,52,1550,1000,550,0.6451612903225806,21,10,11,341.2711867021437,0.4207359225741579,0.3436049223661124,0.20770160273278102,132781.1547796202,-1337.1235473355996,131444.03123228461,1850,18,652.4038461538462,41,11,12,33.54299018192318,0.6394817073170731,42.336309523809526,1030.6547619047622,25.13792102206737,0
1852,4,0,0,52,0.0,0.0,1.0,52,1450,1000,450,0.6896551724137931,19,10,9,346.5018832804486,0.42000534188034183,0.3432062260841249,0.21146177762382307,132883.42195964052,-1191.1288068467934,131692.29315279372,1851,19,653.4038461538462,41,11,12,33.30557025562078,0.6404979674796747,42.237103174603185,1031.0515873015888,25.147599690282654,0
1853,4,0,0,52,0.0,0.0,1.0,52,1600,1300,300,0.8125,19,13,6,345.61167138640144,0.41940830819507285,0.3445505115136811,0.21178643316129564,133036.8965439185,-1204.179165879309,131832.71737803917,1852,20,654.4038461538462,41,11,12,33.174564060646865,0.6420223577235772,42.08829365079365,1031.6468253968255,25.162117692605502,0
1854,4,1,1,52,0.018867924528301886,0.018867924528301886,0.9811320754716981,53,1050,500,550,0.47619047619047616,16,5,11,342.4028617581542,0.4203707063376874,0.342887699019774,0.21114843141752873,133272.03893996778,-1473.45449492216,131798.58444504562,1853,0,643.0377358490566,42,11,12,33.021693568568566,0.6428571428571428,41.86046511627908,1032.5581395348856,24.584717607973467,0
1855,4,0,0,52,0.0,0.0,1.0,52,1250,900,350,0.72,16,9,7,353.4452414001903,0.4189212543991956,0.35017889087656573,0.2176302474562356,133216.06217718575,-983.0833490803601,132232.9788281054,1854,22,656.4038461538462,41,11,12,32.792779806521885,0.6438008130081301,41.914682539682545,1032.3412698412703,25.179055361982204,0
1856,4,0,0,52,0.0,0.0,1.0,52,1600,1200,400,0.75,20,12,8,353.29962539946285,0.41873271744595275,0.34836021731323186,0.20428876099347476,130833.79937743755,-1126.653609879058,129707.1457675585,1855,23,657.4038461538462,40,12,17,35.196475282275436,0.6216145833333333,44.23272357723578,1023.0691056910583,25.57672764227646,7
1857,4,0,0,52,0.0,0.0,1.0,52,1650,1200,450,0.7272727272727273,21,12,9,354.5350666729885,0.41848133484162897,0.3521517692154972,0.2059738328525773,131015.8109012494,-1110.0601493819665,129905.75075186742,1856,24,658.4038461538462,40,12,17,34.9807259612203,0.6234374999999999,44.054878048780495,1023.7804878048792,25.59451219512198,0
1858,4,1,1,52,0.018867924528301886,0.018867924528301886,0.9811320754716981,53,1700,1000,700,0.5882352941176471,24,10,14,355.6084341331216,0.41882861635220126,0.34744592728946166,0.20828493999225717,131328.12500000015,-1259.7222222222078,130068.40277777794,1857,0,646.9622641509434,41,12,17,34.63753387533876,0.6249999999999998,43.75000000000001,1025.0000000000011,25.00000000000003,0
1859,4,0,0,52,0.0,0.0,1.0,52,1400,900,500,0.6428571428571429,19,9,10,357.9498992117807,0.416957327802916,0.3471628565045797,0.20937839517880497,131277.28666698167,-1001.8616937515695,130275.4249732301,1858,26,660.4038461538462,41,11,17,34.62891255243626,0.6244918699186992,43.79960317460318,1024.801587301588,24.99516066589239,0
1860,4,0,0,52,0.0,0.0,1.0,52,1000,600,400,0.6,14,6,8,355.8678904913337,0.4172479889391654,0.3482157885877806,0.2088846571893166,131410.2692513148,-1047.0314128281298,130363.23783848668,1859,27,661.4038461538462,38,14,17,34.54790559549859,0.6307565789473685,43.66987179487179,1025.3205128205118,26.98211875843452,0
1861,4,0,0,52,0.0,0.0,1.0,52,950,800,150,0.8421052631578947,11,8,3,359.77998518699417,0.4177664655605832,0.3556160334510854,0.2120912951350953,131574.63480029578,-932.4159681130951,130642.21883218268,1860,28,662.4038461538462,38,14,17,34.28160470686244,0.6324013157894737,43.50961538461538,1025.9615384615377,26.99898785425099,0
1862,4,0,1,51,0.0,0.019230769230769232,0.9807692307692307,52,1350,800,550,0.5925925925925926,19,8,11,364.74704870979707,0.41816710658622425,0.3572046317205597,0.21548340405327848,131656.85609796178,-795.7100591716057,130861.14603879018,1861,29,663.4038461538462,38,14,17,34.07115344576305,0.6332236842105263,43.429487179487175,1026.2820512820506,27.007422402159225,0
1863,4,0,0,51,0.0,0.0,1.0,51,1400,1000,400,0.7142857142857143,18,10,8,360.439076493493,0.4175326797385621,0.33346455597043123,0.21439385840644318,131916.02105034728,-688.381988104039,131227.63906224325,1862,30,642.3921568627451,39,12,15,33.92018184276346,0.6340811965811965,43.177083333333336,1027.291666666667,26.340811965811973,1
1864,4,0,0,51,0.0,0.0,1.0,51,1250,800,450,0.64,17,8,9,361.12212875315157,0.4173202614379085,0.3353847621773769,0.21510318103992065,131969.53125,-668.5763888888896,131300.95486111112,1863,31,643.3921568627451,39,12,16,33.84867531765343,0.6346153846153847,43.125,1027.5,26.346153846153847,0
1865,4,0,0,51,0.0,0.0,1.0,51,1700,1200,500,0.7058823529411765,22,12,10,360.7993981227747,0.4165686274509804,0.3353319182344221,0.21556325528717443,132084.41904826812,-668.8042211977081,131415.6148270704,1864,32,644.3921568627451,40,11,17,33.741143516230025,0.6341145833333334,43.013211382113816,1027.9471544715439,25.698678861788597,0
1866,4,0,0,51,0.0,0.0,1.0,51,900,400,500,0.4444444444444444,14,4,10,362.13516446876633,0.416454248366013,0.33461442301542466,0.2166600507942349,132136.65729930942,-629.7339753123023,131506.92332399712,1865,33,645.3921568627451,40,11,17,33.65416296003425,0.6346354166666666,42.962398373983746,1028.1504065040663,25.703760162601657,0
1867,4,1,0,52,0.019230769230769232,0.0,1.0,52,1100,800,300,0.7272727272727273,14,8,6,351.6557053558199,0.4185834590246355,0.3356754800395392,0.21230380794328463,132478.41932508687,-1082.1252092034492,131396.29411588341,1866,0,633.9615384615385,39,13,18,33.57965277075111,0.639690170940171,42.630208333333336,1029.4791666666672,26.396901709401725,0
1868,4,0,0,52,0.0,0.0,1.0,52,1450,1000,450,0.6896551724137931,19,10,9,346.1426961126625,0.418017848164907,0.3274277518062054,0.20983865836112137,132633.43578557743,-1217.9809884989018,131415.45479707854,1867,1,634.9615384615385,40,12,16,33.56579682978165,0.6395833333333333,42.47967479674797,1030.0813008130087,25.75203252032522,0
1869,4,0,0,52,0.0,0.0,1.0,52,1400,1100,300,0.7857142857142857,17,11,6,347.4401767756342,0.4177428984414278,0.32699514489455295,0.21121363264418047,132738.1395002974,-1176.2874694295797,131561.85203086783,1868,2,635.9615384615385,40,12,16,33.42722715318869,0.640625,42.3780487804878,1030.4878048780486,25.762195121951216,0
1870,4,0,0,52,0.0,0.0,1.0,52,1200,700,500,0.5833333333333334,17,7,10,342.3421987878568,0.41734225741578684,0.32420100845433497,0.20884315133510592,132869.07723783804,-1302.661589496981,131566.41564834106,1869,3,636.9615384615385,40,12,16,33.42718087727945,0.6419270833333333,42.25101626016261,1030.9959349593505,25.774898373983763,0
1871,4,0,0,52,0.0,0.0,1.0,52,1650,1200,450,0.7272727272727273,21,12,9,341.84154213742653,0.4179942810457516,0.3173408455400375,0.20941662608551742,133026.28772762607,-1305.2177316742313,131721.06999595184,1870,4,637.9615384615385,40,12,16,33.28243522805636,0.6434895833333332,42.098577235772375,1031.6056910569132,25.79014227642283,0
1872,4,0,0,52,0.0,0.0,1.0,52,1650,1300,350,0.7878787878787878,20,13,7,340.87514025006647,0.4177743212669683,0.3213863725876329,0.20955980171789826,133157.36747306518,-1321.9927374578378,131835.37473560736,1871,5,638.9615384615385,40,12,16,33.175996127084154,0.6447916666666667,41.971544715447166,1032.113821138213,25.80284552845533,0
1873,4,0,1,51,0.0,0.019230769230769232,0.9807692307692307,52,1250,800,450,0.64,17,8,9,341.38301861281315,0.4174286701860231,0.32549268912905194,0.21105942829565932,133367.22932778136,-1294.138533610921,132073.09079417045,1872,6,639.9615384615385,40,12,17,32.95270070838252,0.6468749999999999,41.76829268292684,1032.9268292682948,25.82317073170737,0
1874,4,0,0,51,0.0,0.0,1.0,51,1500,1100,400,0.7333333333333333,19,11,8,349.7210371070194,0.4172385620915033,0.3362519675074547,0.21619911495967645,133364.6050347225,-871.918402777744,132492.68663194476,1873,7,621.843137254902,39,12,17,32.740016135538546,0.6485042735042733,41.77083333333335,1032.916666666669,26.485042735042796,0
1875,4,0,0,51,0.0,0.0,1.0,51,1350,1000,350,0.7407407407407407,17,10,7,374.4155956154858,0.41740196078431374,0.30550196790605955,0.22140899498146333,131693.64762474995,-308.72479993844524,131384.9228248115,1874,8,622.843137254902,37,14,13,33.785898052202384,0.6354166666666666,43.39364035087719,1026.4254385964914,27.741228070175442,6
1876,4,0,1,50,0.0,0.0196078431372549,0.9803921568627451,51,1500,1300,200,0.8666666666666667,17,13,4,377.264293209526,0.41709150326797384,0.2611521231623435,0.21926152486533915,131030.32889399721,-313.38711615884415,130716.94177783836,1875,9,623.843137254902,42,9,18,34.38426714619218,0.6205357142857141,44.040697674418624,1023.8372093023293,24.37707641196022,5
1877,4,0,0,50,0.0,0.0,1.0,50,1350,700,650,0.5185185185185185,20,7,13,377.4099423563715,0.41665816326530614,0.27445737534298376,0.21977111188785137,131104.74623107127,-103.95305645689847,131000.79317461437,1876,10,634.4,42,8,18,34.30512189737284,0.6212797619047616,43.968023255813975,1024.1279069767477,24.38399778516066,0
1878,4,0,1,49,0.0,0.02,0.98,50,1250,700,550,0.56,18,7,11,379.6989397703572,0.41639455782312923,0.2768315520665843,0.2216762501486472,131204.00221027932,-36.39589342582981,131167.6063168535,1877,11,635.4,42,8,18,34.14593776600777,0.6222718253968251,43.871124031007774,1024.5155038759729,24.39322628276126,0
1879,4,0,0,49,0.0,0.0,1.0,49,1100,700,400,0.6363636363636364,15,7,8,376.79518765538666,0.41547973356009066,0.2872315625185211,0.2204017150894766,131277.2866669821,92.9299729151414,131370.21663989726,1878,12,647.734693877551,41,8,18,34.146095514682166,0.624491869918699,43.7996031746032,1024.8015873015913,24.99516066589247,0
1880,4,0,0,49,0.0,0.0,1.0,49,1000,600,400,0.6,14,6,8,378.94194721142713,0.4147888321995465,0.2957291272416449,0.22258780962884206,131437.65637555713,161.47781447118732,131599.1341900283,1879,13,648.734693877551,38,11,18,33.92872647079253,0.6310307017543859,43.6431623931624,1025.4273504273513,26.98493027440398,0
1881,4,1,1,49,0.02,0.02,0.98,50,1400,900,500,0.6428571428571429,19,9,10,369.61449200383976,0.4155697278911565,0.2970944506442119,0.2190793774913921,131782.29302300356,-258.2709418402681,131524.02208116328,1880,0,636.74,39,11,18,33.81955716749518,0.6327457264957265,43.30729166666667,1026.7708333333342,26.327457264957285,0
1882,4,0,1,48,0.0,0.02040816326530612,0.9795918367346939,49,1100,500,600,0.45454545454545453,17,5,12,376.86023867592485,0.41464710884353745,0.30181803877074853,0.22337410538957247,131782.29302300338,132.7012803819407,131914.99430338532,1881,1,649.4897959183673,39,10,18,33.63356413377972,0.6327457264957266,43.307291666666664,1026.7708333333328,26.32745726495725,0
1883,4,0,0,48,0.0,0.0,1.0,48,1550,1000,550,0.6451612903225806,21,10,11,386.28173896237723,0.4112828752955083,0.3158941947565548,0.22919383178434358,131821.37573964478,584.0380506245692,132405.41379026935,1882,2,663.7083333333334,38,10,18,33.352189970869745,0.6348684210526316,43.26923076923076,1026.9230769230755,27.02429149797567,0
1884,4,0,0,48,0.0,0.0,1.0,48,1000,800,200,0.8,12,8,4,396.72441074693995,0.41166149527186763,0.28407958241527664,0.22229161427566627,129609.02829142008,813.0454881656763,130422.07377958576,1883,3,664.7083333333334,38,10,14,35.33338579372574,0.6126644736842106,45.43269230769231,1018.2692307692305,26.796558704453435,6
1885,4,0,1,47,0.0,0.020833333333333332,0.9791666666666666,48,950,600,350,0.631578947368421,13,6,7,405.48790933631454,0.411292109929078,0.28777530152071273,0.22783307103840672,129717.84056770043,919.8031950836536,130637.6437627841,1884,4,665.7083333333334,38,10,14,34.99912602691837,0.6137609649122806,45.325854700854705,1018.696581196582,26.807804768331106,0
1886,4,1,0,48,0.020833333333333332,0.0,1.0,48,900,700,200,0.7777777777777778,11,7,4,397.7413017361566,0.41155991430260047,0.2825921852084645,0.2251980110541725,130017.309746877,742.6508053911806,130759.96055226818,1885,0,647.4583333333334,38,10,15,34.89092289964382,0.6167763157894738,45.03205128205128,1019.8717948717944,26.83873144399459,0
1887,4,0,0,48,0.0,0.0,1.0,48,1800,1100,700,0.6111111111111112,25,11,14,397.52965651336,0.4112089982269504,0.28085812190142945,0.2260579091516269,130186.64301658153,750.6102962018022,130937.25331278333,1886,1,648.4583333333334,41,7,16,34.72374112958102,0.6135670731707317,44.86607142857142,1020.5357142857134,24.891114982578376,0
1888,4,0,2,46,0.0,0.041666666666666664,0.9583333333333334,48,1550,1200,350,0.7741935483870968,19,12,7,375.4907577059461,0.4112828752955083,0.2224277273171209,0.207035534095379,128974.55401431423,136.66028911566298,129111.2143034299,1887,2,649.4583333333334,41,7,17,36.52120568414884,0.6013719512195121,46.05654761904763,1015.7738095238109,24.774970963995386,7
1889,4,0,0,46,0.0,0.0,1.0,46,950,600,350,0.631578947368421,13,6,7,385.5297621249376,0.4089472624798712,0.2537580249491094,0.21267966347686976,128994.83194527087,746.2693750413298,129741.1013203122,1888,8,676.304347826087,40,6,17,36.245539882619724,0.6031249999999999,46.03658536585367,1015.853658536587,25.396341463414675,0
1890,4,1,0,47,0.02127659574468085,0.0,1.0,47,950,700,250,0.7368421052631579,12,7,5,376.8936387825984,0.41182932469935246,0.25694439537299396,0.20976464812835593,129344.54038075257,350.6531239274057,129695.19350467998,1889,0,662.8936170212766,36,11,18,36.107882209675644,0.6137152777777777,45.69256756756758,1017.2297297297314,28.256381381381427,0
1891,4,2,1,48,0.04081632653061224,0.02040816326530612,0.9795918367346939,49,1100,700,400,0.6363636363636364,15,7,8,360.9401040773451,0.4161352040816326,0.25442704600448063,0.2033672565146955,129826.69850107754,-428.06758620059225,129398.63091487695,1890,0,636.795918367347,38,11,17,36.022949645315734,0.6148574561403508,45.2190170940171,1019.1239316239319,26.819050832208735,0
1892,4,1,0,49,0.02040816326530612,0.0,1.0,49,1150,800,350,0.6956521739130435,15,8,7,363.1886005189533,0.41516085600907027,0.26821851959560017,0.20534786749720918,129962.83512309154,-359.7959584337809,129603.03916465776,1891,0,637.7755102040817,38,11,18,35.82726494830956,0.6162280701754386,45.085470085470085,1019.6581196581197,26.833108412055783,0
1893,4,2,2,49,0.0392156862745098,0.0392156862745098,0.9607843137254902,51,1750,1400,350,0.8,21,14,7,347.1928116036466,0.41875816993464055,0.2601768425093882,0.198633180314198,130422.14084201372,-1143.3287633433056,129278.81207867041,1892,0,613.7254901960785,39,12,18,35.7693418995173,0.6191239316239316,44.63541666666666,1021.4583333333319,26.19123931623928,0
1894,4,0,1,48,0.0,0.02040816326530612,0.9795918367346939,49,1200,1000,200,0.8333333333333334,14,10,4,359.4604933328162,0.4150722789115646,0.2630647399854096,0.2045360756114147,130210.7203570129,-438.87804464936374,129771.84231236354,1893,2,639.7755102040817,40,9,18,35.670574861429195,0.6153645833333334,44.84247967479674,1020.6300813008121,25.515752032520304,0
1895,4,0,0,48,0.0,0.0,1.0,48,950,600,350,0.631578947368421,13,6,7,357.28738316142704,0.4153184101654846,0.2700323094547672,0.2037172580903886,130290.5716783048,-289.7438631960692,130000.82781510873,1894,3,652.0,37,11,19,35.64500322199551,0.6213400900900901,44.76425438596491,1020.9429824561398,27.59305357989567,0
1896,4,1,0,49,0.02040816326530612,0.0,1.0,49,1050,800,250,0.7619047619047619,13,8,5,350.85920917513965,0.4180484693877551,0.27236528844854235,0.20197555061900285,130661.65500217026,-631.2310112847147,130030.42399088554,1895,0,639.6734693877551,39,10,15,35.43311682798438,0.6215277777777778,44.40104166666667,1022.3958333333343,26.215277777777803,0
1897,4,0,0,49,0.0,0.0,1.0,49,1450,1100,350,0.7586206896551724,18,11,7,349.5637229072068,0.4178890306122449,0.27286057024419574,0.20158508559399568,130729.84959556167,-660.317416055241,130069.53217950642,1896,1,640.6734693877551,40,9,15,35.39720593593694,0.6205729166666667,44.33434959349594,1022.6626016260176,25.56656504065044,0
1898,4,0,0,49,0.0,0.0,1.0,49,1350,800,550,0.5925925925925926,19,8,11,349.3924007767688,0.4180130385487528,0.2685337993731174,0.20189345041440626,130807.8080590258,-659.3491803820348,130148.45887864377,1897,2,641.6734693877551,40,9,15,35.322703490297386,0.6213541666666667,44.25813008130082,1022.9674796747975,25.574186991869936,0
1899,4,0,0,49,0.0,0.0,1.0,49,1900,1400,500,0.7368421052631579,24,14,10,347.16956105082295,0.4166312358276644,0.26653401630707796,0.20142233979861124,130963.79469892269,-706.6713761649739,130257.12332275772,1898,3,642.6734693877551,40,9,15,35.22181956579294,0.6229166666666666,44.10569105691057,1023.5772357723586,25.589430894308965,0
1900,4,0,1,48,0.0,0.02040816326530612,0.9795918367346939,49,1800,1500,300,0.8333333333333334,21,15,6,339.93833793309466,0.4166312358276644,0.2556639575223545,0.19100571185209317,129718.50419723717,-972.9310223742423,128745.57317486293,1899,4,643.6734693877551,40,9,17,36.667830540037244,0.6104166666666666,45.32520325203252,1018.6991869918704,25.46747967479676,3
1901,4,0,0,48,0.0,0.0,1.0,48,1300,800,500,0.6153846153846154,18,8,10,345.6409098322606,0.41446882387706857,0.2597563053851397,0.19427402862985682,129731.44531250001,-631.9010416666649,129099.54427083334,1900,5,657.875,41,7,17,36.509458077709596,0.6089939024390244,45.3125,1018.7500000000001,24.84756097560976,0
1902,4,1,1,48,0.02040816326530612,0.02040816326530612,0.9795918367346939,49,1350,1200,150,0.8888888888888888,15,12,3,341.81669613532665,0.41581632653061223,0.26689387638783013,0.19376975553131842,130064.82600392103,-908.334178384719,129156.49182553632,1901,0,645.4285714285714,42,7,18,36.268642538235014,0.6108630952380953,44.985465116279066,1020.0581395348837,24.287098560354373,0
1903,4,0,0,48,0.0,0.0,1.0,48,1350,1000,350,0.7407407407407407,17,10,7,344.8054141574158,0.4143210697399527,0.28539533560864583,0.19206841511049977,129377.95380015446,-665.144293566246,128712.80950658821,1902,1,659.6458333333334,35,13,20,36.889931740614315,0.6160714285714286,45.65972222222223,1017.3611111111122,29.06746031746035,2
1904,4,2,0,50,0.04,0.0,1.0,50,1200,900,300,0.75,15,9,6,329.83430274714533,0.41861394557823134,0.2859643087508066,0.1868525386208249,130038.81602993222,-1421.7475569406038,128617.06847299161,1903,0,634.22,37,13,19,36.600551852648174,0.6188063063063063,45.0109649122807,1019.9561403508767,27.566382171645316,0
1905,4,0,1,49,0.0,0.02,0.98,50,950,500,450,0.5263157894736842,14,5,9,329.18261076925637,0.4179081632653061,0.28376374489475387,0.18677152407817152,130099.04308431942,-1434.7314677843606,128664.31161653507,1904,1,635.22,38,12,19,36.55618389360144,0.6175986842105263,44.95192307692307,1020.1923076923068,26.847165991902813,0
1906,4,0,0,49,0.0,0.0,1.0,49,950,600,350,0.631578947368421,13,6,7,337.5109636040013,0.4182610544217687,0.28645145437233177,0.19120139972255915,130038.81602993235,-1022.094779162813,129016.72125076954,1905,2,643.4897959183673,37,12,19,36.40480541818964,0.6188063063063062,45.010964912280706,1019.9561403508777,27.566382171645344,0
1907,4,1,0,50,0.02,0.0,1.0,50,1000,700,300,0.7,13,7,6,333.45795740075187,0.4204931972789116,0.29703602991162503,0.1908625118040878,130439.8750964505,-1300.1800366993368,129139.69505975116,1906,0,631.6,35,15,20,36.10214140040789,0.6267857142857143,44.61805555555555,1021.5277777777768,29.18650793650791,0
1908,4,1,1,50,0.0196078431372549,0.0196078431372549,0.9803921568627451,51,1200,1000,200,0.8333333333333334,14,10,4,330.02964752337664,0.4237091503267974,0.2953289673979931,0.1902856653434785,130722.82745160718,-1571.51826657737,129151.30918502981,1907,0,620.1960784313726,36,15,17,35.903718386374486,0.6276041666666665,44.341216216216225,1022.6351351351365,28.40653153153157,0
1909,4,1,0,51,0.0196078431372549,0.0,1.0,51,1150,900,250,0.782608695652174,14,9,5,331.95016676583276,0.4223692810457516,0.2987461078852143,0.19225182698541268,130895.62694028502,-1509.8349616508222,129385.7919786342,1908,0,621.1764705882352,36,15,18,35.6800924397491,0.6293402777777777,44.172297297297305,1023.3108108108119,28.42530030030033,0
1910,4,1,2,50,0.019230769230769232,0.038461538461538464,0.9615384615384616,52,1850,1200,650,0.6486486486486487,25,12,13,323.75341348553263,0.4236818124685772,0.29143405299474634,0.18879552988650722,131159.5935768698,-1907.3267736226487,129252.26680324716,1909,0,610.2115384615385,37,15,18,35.62361735531294,0.6300675675675675,43.91447368421053,1024.342105263158,27.684921763869134,0
1911,4,0,1,49,0.0,0.02,0.98,50,1200,900,300,0.75,15,9,6,339.5862102325458,0.42085034013605443,0.29875893937726916,0.196968670376746,130953.25213304526,-1106.016278102421,129847.23585494283,1910,2,635.46,36,14,19,35.426522903142995,0.6299189814814814,44.115990990990994,1023.5360360360365,28.431556556556572,0
1912,4,0,0,49,0.0,0.0,1.0,49,950,500,450,0.5263157894736842,14,5,9,344.75655736350336,0.42063492063492064,0.3008646118479059,0.19975999214994097,130913.23329260989,-773.3608753429166,130139.87241726698,1911,3,639.5102040816327,35,14,19,35.33467164291638,0.6315476190476189,44.1550925925926,1023.3796296296309,29.239417989418026,0
1913,4,0,1,48,0.0,0.02040816326530612,0.9795918367346939,49,1150,700,450,0.6086956521739131,16,7,9,342.61975615459755,0.4196605725623583,0.30521347725385684,0.199505518858101,131103.44048168664,-816.2742382271496,130287.16624345949,1912,4,640.5102040816327,37,12,19,35.197180585296216,0.6295045045045045,43.969298245614034,1024.1228070175437,27.678994784257938,0
1914,4,0,0,48,0.0,0.0,1.0,48,1400,1000,400,0.7142857142857143,18,10,8,343.7145007257705,0.41790410756501184,0.30735301782549795,0.2011746922185672,131300.74929003217,-574.0057025714038,130726.74358746076,1913,5,652.0625,38,10,21,34.96994336147886,0.6296600877192982,43.776709401709404,1024.8931623931626,26.97087269455691,0
1915,4,1,0,49,0.02040816326530612,0.0,1.0,49,1250,900,350,0.72,16,9,7,352.5460512095177,0.42063492063492064,0.2478883753609027,0.19872137938098666,129843.17440222,-490.93312240449217,129352.24127981551,1914,0,639.734693877551,37,12,18,36.22007799892416,0.6168355855855856,45.202850877192986,1019.1885964912287,27.545637743006182,7
1916,4,3,3,49,0.057692307692307696,0.057692307692307696,0.9423076923076923,52,1800,1500,300,0.8333333333333334,21,15,6,336.4844354022839,0.4273347159376571,0.26380340987610706,0.1943004815766868,130781.15297866901,-1597.4829361026782,129183.67004256633,1915,0,603.7692307692307,38,14,15,35.679748972912755,0.6244517543859649,44.284188034188034,1022.8632478632479,26.917453891138102,0
1917,4,0,0,49,0.0,0.0,1.0,49,1050,300,750,0.2857142857142857,18,3,15,350.9376507011993,0.42277848639455784,0.26985900672927543,0.20173914220486272,130607.69120049085,-632.9687373184189,129974.72246317244,1912,1,602.5102040816327,36,13,15,35.48575153317909,0.6264467592592593,44.45382882882882,1022.1846846846832,28.39401901901898,0
1918,4,2,1,50,0.0392156862745098,0.0196078431372549,0.9803921568627451,51,650,400,250,0.6153846153846154,9,4,5,337.3947623473739,0.42593137254901964,0.26817571769943416,0.19621307053017165,131054.49631090641,-1356.5798725253997,129697.91643838101,1913,0,579.843137254902,38,13,16,35.380364844184754,0.6271929824561404,44.01709401709401,1023.9316239316227,26.945569050832177,0
1919,4,0,0,50,0.0,0.0,1.0,50,1750,1400,350,0.8,21,14,7,346.5819436574701,0.4227891156462585,0.27984366634543334,0.20166534403844907,131075.36844269364,-914.3288079024649,130161.03963479117,1914,1,592.44,37,13,16,35.12409876146623,0.6292229729729731,43.99671052631577,1024.0131578947346,27.676031294452287,0
1920,4,0,1,49,0.0,0.02,0.98,50,1450,900,550,0.6206896551724138,20,9,11,345.09338709343103,0.4223894557823129,0.26921365143896425,0.20197795173214134,131300.02891514683,-937.8456592413229,130362.1832559055,1915,2,593.44,37,13,17,34.93534021611211,0.6314752252252254,43.777412280701746,1024.8903508771918,27.69973921289708,0
1921,4,1,0,50,0.02,0.0,1.0,50,1300,1100,200,0.8461538461538461,15,11,4,341.14110577332815,0.42351190476190476,0.28091249065071056,0.20143467564243386,131637.3803117305,-1018.6157038704255,130618.76460786007,1916,0,593.86,37,13,17,34.696437475513754,0.6348536036036037,43.4484649122807,1026.206140350877,27.735301090564242,0
1922,4,1,1,50,0.0196078431372549,0.0196078431372549,0.9803921568627451,51,1200,800,400,0.6666666666666666,16,8,8,336.1742751958051,0.42511437908496735,0.27895093145411254,0.20004033603235535,131931.11257213826,-1329.630771057047,130601.48180108122,1917,0,583.1960784313726,38,13,17,34.52817353022741,0.6359649122807017,43.162393162393165,1027.3504273504277,27.03553756185336,0
1923,4,0,0,50,0.0,0.0,1.0,50,1150,600,550,0.5217391304347826,17,6,11,348.7774070249211,0.42293367346938776,0.2883164300202845,0.20716537549793496,131862.52170138882,-801.8663194444487,131060.65538194437,1918,2,595.86,37,13,17,34.27358012170386,0.6371058558558559,43.229166666666664,1027.0833333333328,27.759009009008995,0
1924,4,1,0,51,0.0196078431372549,0.0,1.0,51,1300,900,400,0.6923076923076923,17,9,8,340.08961782662425,0.42516339869281045,0.28975350650846887,0.2035794188942759,132156.90239800356,-1210.9619140624955,130945.94048394106,1919,0,585.156862745098,39,12,18,34.200456725086944,0.6364850427350428,42.942708333333336,1028.2291666666672,26.36485042735044,0
1925,4,0,1,50,0.0,0.0196078431372549,0.9803921568627451,51,2150,1600,550,0.7441860465116279,27,16,11,342.9149276200541,0.42434640522875816,0.29531075364235027,0.20614551065753323,132317.61203342,-1125.2631293402878,131192.34890407973,1920,1,586.156862745098,39,12,19,33.966222030981086,0.6380876068376069,42.78645833333333,1028.8541666666656,26.38087606837604,0
1926,4,0,0,50,0.0,0.0,1.0,50,1300,700,600,0.5384615384615384,19,7,12,346.3423429330103,0.4239455782312925,0.28963562753036487,0.20865014318159383,132398.0034722221,-828.919813368065,131569.08365885404,1921,2,560.5,35,15,20,33.797233468286116,0.6464285714285715,42.70833333333333,1029.1666666666656,29.404761904761873,0
1927,4,0,0,50,0.0,0.0,1.0,50,1550,1100,450,0.7096774193548387,20,11,9,347.77573624553605,0.42397959183673467,0.29147482014388504,0.2101775101657803,132517.14677640583,-782.7503429355506,131734.39643347028,1922,3,561.5,35,15,21,33.64058752997602,0.6476190476190478,42.59259259259258,1029.6296296296282,29.41798941798938,0
1928,4,0,1,49,0.0,0.02,0.98,50,1200,1000,200,0.8333333333333334,14,10,4,348.2716459728579,0.42370748299319727,0.2911800404585301,0.21081095958275403,132576.73852237628,-765.4562114197834,131811.2823109565,1923,4,562.5,35,15,21,33.56793661496965,0.6482142857142859,42.53472222222221,1029.861111111109,29.424603174603117,0
1929,4,0,0,49,0.0,0.0,1.0,49,1750,1400,350,0.8,21,14,7,357.3034090351599,0.42203443877551017,0.30365837842936183,0.21701480738240728,132704.48022959157,-316.84736394560775,132387.63286564595,1924,5,574.4897959183673,34,15,14,33.20696129404968,0.6516544117647061,42.41071428571427,1030.3571428571408,30.304621848739437,0
1930,4,0,1,48,0.0,0.02040816326530612,0.9795918367346939,49,1100,700,400,0.6363636363636364,15,7,8,354.7791543273362,0.42178642290249435,0.2984458998061388,0.21611923039940162,132815.239465449,-375.98433213308715,132439.25513331592,1925,6,575.4897959183673,35,14,16,33.160696908451214,0.6505952380952382,42.303240740740726,1030.7870370370351,29.451058201058146,0
1931,4,0,1,47,0.0,0.020833333333333332,0.9791666666666666,48,1450,1200,250,0.8275862068965517,17,12,5,362.8875110851576,0.41914154846335694,0.29975005616715356,0.22035638633561191,132695.96220207462,30.741490912192404,132726.7036929868,1926,7,588.2916666666666,35,13,17,33.07168801018498,0.649404761904762,42.418981481481474,1030.324074074073,29.437830687830658,0
1932,4,0,0,47,0.0,0.0,1.0,47,1650,1200,450,0.7272727272727273,21,12,9,371.0921643554342,0.41695575084798026,0.3088320695151767,0.22551764773081437,132725.77649444874,450.6991330161211,133176.47562746485,1927,8,601.063829787234,35,12,17,32.83034276835524,0.649702380952381,42.3900462962963,1030.439814814815,29.44113756613757,0
1933,4,0,0,47,0.0,0.0,1.0,47,900,300,600,0.3333333333333333,15,3,12,373.07197709984666,0.41699429540548877,0.3110626828009406,0.22690115328531651,132755.59413580244,505.4783950617216,133261.07253086416,1928,9,602.063829787234,35,12,17,32.74932614555256,0.65,42.36111111111111,1030.5555555555552,29.444444444444436,0
1934,4,0,0,47,0.0,0.0,1.0,47,1500,1000,500,0.6666666666666666,20,10,10,373.702825409429,0.41680157261794637,0.3091459744527991,0.228009915667616,132874.89819101503,531.1449759945048,133406.04316700954,1929,10,603.063829787234,35,12,18,32.61300703487501,0.6511904761904762,42.24537037037037,1031.018518518518,29.457671957671945,0
1935,4,1,3,45,0.020833333333333332,0.0625,0.9375,48,500,300,200,0.6,7,3,4,369.8643525868688,0.4185412972813239,0.30562527280663465,0.2271740567765461,133123.35139193258,247.51643535428298,133370.86782728686,1930,0,591.4791666666666,36,12,18,32.462170813327525,0.6516203703703705,42.00450450450451,1031.9819819819827,28.666166166166185,0
1936,4,0,0,45,0.0,0.0,1.0,45,1250,800,450,0.64,17,8,9,386.90084081629453,0.4113636363636364,0.3049254382587716,0.23556873978814907,132796.49234693887,1275.8149092970623,134072.30725623594,1931,18,595.7111111111111,34,11,18,32.35182297682297,0.6525735294117647,42.32142857142858,1030.7142857142865,30.31512605042019,0
1937,4,0,0,45,0.0,0.0,1.0,45,900,600,300,0.6666666666666666,12,6,6,388.7871208997175,0.41144781144781145,0.3066199586813976,0.23691116677485258,132827.17013888896,1328.2986111111213,134155.4687500001,1932,19,596.7111111111111,34,11,18,32.27229857181352,0.6528799019607843,42.29166666666667,1030.833333333334,30.31862745098041,0
1938,4,0,0,45,0.0,0.0,1.0,45,1100,700,400,0.6363636363636364,15,7,8,383.9339773438562,0.41077441077441074,0.3029015623797431,0.2345300501941102,132919.2247732427,1206.4413265306184,134125.6660997733,1933,20,597.7111111111111,34,11,18,32.30465442930808,0.6537990196078431,42.202380952380956,1031.1904761904766,30.329131652661076,0
1939,4,0,0,45,0.0,0.0,1.0,45,550,300,250,0.5454545454545454,8,3,5,382.952627337908,0.4105218855218855,0.30113713575118894,0.23489387269197795,133072.72002551024,1192.1095521541988,134264.82957766444,1934,21,598.7111111111111,34,11,19,32.175445175185565,0.6553308823529411,42.05357142857143,1031.7857142857147,30.346638655462197,0
1940,4,0,0,45,0.0,0.0,1.0,45,1050,800,250,0.7619047619047619,13,8,5,381.9314493990995,0.40955387205387206,0.30288445520829343,0.23504099345206475,133195.58000283447,1174.3161848072587,134369.89618764172,1935,22,599.7111111111111,34,11,19,32.07819167339407,0.6565563725490196,41.93452380952381,1032.2619047619048,30.360644257703083,0
1941,4,0,0,45,0.0,0.0,1.0,45,700,100,600,0.14285714285714285,13,1,12,381.63607044903586,0.4097643097643098,0.3022211974483131,0.23544176920874374,133287.7621882086,1173.4835600907022,134461.24574829932,1936,23,600.7111111111111,34,11,20,31.99312120513412,0.6574754901960784,41.845238095238095,1032.6190476190475,30.37114845938375,0
1942,4,0,0,45,0.0,0.0,1.0,45,1150,700,450,0.6086956521739131,16,7,9,380.6074141169655,0.40925925925925927,0.3109415682712686,0.2357915614127727,133443.13221583093,1157.8890968671667,134601.0213126981,1937,24,601.7111111111111,36,9,20,31.8635331516803,0.6548032407407407,41.694819819819834,1033.2207207207225,28.700575575575627,0
1943,4,0,0,45,0.0,0.0,1.0,45,1250,800,450,0.64,17,8,9,377.9755798610764,0.4094907407407407,0.3069399662214034,0.2351246372144405,133595.26643990935,1099.1560006642112,134694.42244057357,1938,25,602.7111111111111,34,11,21,31.778750191923855,0.6605392156862745,41.54761904761905,1033.809523809524,30.406162464986004,0
1944,4,0,0,45,0.0,0.0,1.0,45,950,600,350,0.631578947368421,13,6,7,378.9493696972093,0.4089225589225589,0.31031800854504055,0.2361229716779025,133656.8098072563,1129.8327664399135,134786.6425736962,1939,26,603.7111111111111,34,11,21,31.691802901220353,0.6611519607843137,41.48809523809524,1034.0476190476195,30.413165266106457,0
1945,4,0,0,45,0.0,0.0,1.0,45,1500,1000,500,0.6666666666666666,20,10,10,380.40203654853406,0.40797558922558924,0.3081962183101292,0.2380182937108214,133810.73022959183,1180.3748582766457,134991.1050878685,1940,27,604.7111111111111,34,11,17,31.49977946534729,0.6626838235294117,41.339285714285715,1034.642857142857,30.43067226890756,0
1946,4,0,0,45,0.0,0.0,1.0,45,800,500,300,0.625,11,5,6,380.98783357394854,0.4082070707070707,0.31006289308176105,0.23858402373377222,133841.52494331053,1198.3985260770842,135039.9234693876,1941,28,605.7111111111111,34,11,17,31.453731400521555,0.6629901960784315,41.3095238095238,1034.7619047619037,30.434173669467754,0
1947,4,0,0,45,0.0,0.0,1.0,45,950,700,250,0.7368421052631579,12,7,5,382.9090281650923,0.4079335016835017,0.3139476643156496,0.2405908171187602,133964.73922902494,1259.2616213151919,135224.00085034012,1942,29,606.7111111111111,34,11,17,31.280425866298675,0.6642156862745099,41.19047619047619,1035.2380952380952,30.448179271708682,0
1948,4,0,0,45,0.0,0.0,1.0,45,1150,900,250,0.782608695652174,14,9,5,384.944570369541,0.40721801346801345,0.318929000281035,0.2422755335075449,134026.3676303856,1318.5445011337997,135344.91213151938,1943,30,607.7111111111111,34,11,17,31.165928949183723,0.664828431372549,41.13095238095239,1035.4761904761913,30.455182072829157,0
1949,4,0,0,45,0.0,0.0,1.0,45,1350,1000,350,0.7407407407407407,17,10,7,385.14372887374856,0.4067550505050505,0.3177497238049134,0.24329015646781374,134160.80092860496,1334.2382276663047,135495.03915627126,1944,31,608.7111111111111,35,10,17,31.025979406397788,0.6639880952380952,41.0011574074074,1035.995370370369,29.59986772486769,0
1950,4,0,0,45,0.0,0.0,1.0,45,900,600,300,0.6666666666666666,12,6,6,384.0505558113618,0.4062710437710438,0.32152630469031074,0.24379453071597204,134340.72151759677,1318.7257533864758,135659.44727098325,1945,32,609.7111111111111,35,10,17,30.874013806706106,0.6657738095238095,40.82754629629629,1036.689814814814,29.619708994708976,0
1951,4,0,0,45,0.0,0.0,1.0,45,1000,800,200,0.8,12,8,4,385.0123694177445,0.4059343434343434,0.31974798774664825,0.24480665845376665,134400.7218390989,1349.1880733453308,135749.90991244424,1946,33,610.7111111111111,35,10,17,30.788987796257015,0.6663690476190476,40.769675925925924,1036.921296296296,29.626322751322746,0
1952,4,0,0,45,0.0,0.0,1.0,45,950,700,250,0.7368421052631579,12,7,5,387.41629464285734,0.40561868686868685,0.32216269841269884,0.24653764204545445,134430.7270233195,1416.1308299039642,135846.85785322345,1947,34,611.7111111111111,35,10,17,30.69661458333333,0.6666666666666667,40.74074074074073,1037.037037037036,29.6296296296296,0
1953,4,0,0,45,0.0,0.0,1.0,45,1250,700,550,0.56,18,7,11,385.20953330033274,0.40511363636363634,0.31851438630418927,0.24573900690184197,134520.7626698601,1363.7360414523132,135884.4987113124,1948,35,612.7111111111111,35,10,17,30.663677526125934,0.6675595238095239,40.653935185185176,1037.384259259258,29.639550264550227,0
1954,4,0,0,45,0.0,0.0,1.0,45,1250,1000,250,0.8,15,10,5,384.26138002882396,0.4044823232323232,0.3140187896919122,0.24576475574653178,134614.36106305264,1345.4267287169328,135959.78779176957,1949,36,613.7111111111111,33,12,18,30.59459140292867,0.6729797979797979,40.56372549019608,1037.7450980392155,31.4468211527035,0
1955,4,0,0,45,0.0,0.0,1.0,45,1400,900,500,0.6428571428571429,19,9,10,382.76862315297353,0.40441919191919196,0.31222340272039206,0.24545291496811816,134709.75894187338,1312.5337910899743,136022.29273296337,1950,37,614.7111111111111,33,12,18,30.537889072521942,0.6739267676767677,40.4718137254902,1038.1127450980398,31.457961972667874,0
1956,4,0,0,45,0.0,0.0,1.0,45,950,500,450,0.5263157894736842,14,5,9,385.13206987455476,0.4037878787878788,0.3063814168108647,0.24805314773987264,134868.83049788536,1388.4623702422023,136257.29286812755,1951,38,615.7111111111111,33,12,16,30.317464999213456,0.6755050505050505,40.31862745098039,1038.7254901960778,31.47653000594175,0
1957,4,0,0,45,0.0,0.0,1.0,45,1050,600,450,0.5714285714285714,15,6,9,384.849654025926,0.4035984848484848,0.30340489109066615,0.24830710554275498,134932.48540224915,1385.7440647827764,136318.22946703192,1952,39,616.7111111111111,33,12,16,30.261166155539826,0.6761363636363636,40.25735294117647,1038.9705882352941,31.483957219251337,0
1958,4,0,0,45,0.0,0.0,1.0,45,1050,700,350,0.6666666666666666,14,7,7,363.2398242387627,0.403219696969697,0.2754699679046315,0.22993835089621825,134238.12044330913,782.5382361627271,135020.65867947188,1953,40,617.7111111111111,37,8,17,31.515955101752898,0.6607545045045047,40.92653508771928,1036.2938596491201,28.007942152678922,4
1959,4,0,0,45,0.0,0.0,1.0,45,1250,900,350,0.72,16,9,7,354.4379410011399,0.4036195286195286,0.2480286738351254,0.21477914451238178,132618.00219382375,400.9703274527277,133018.97252127648,1954,41,618.7111111111111,38,7,17,33.36769180237183,0.6428179824561402,42.49465811965813,1030.0213675213695,27.10582546108867,8
1960,4,0,0,45,0.0,0.0,1.0,45,1100,500,600,0.45454545454545453,17,5,12,353.2377707223862,0.40347222222222223,0.24648098233003868,0.21483805399673034,132755.59413580276,378.8580246913947,133134.45216049417,1955,42,619.7111111111111,38,7,16,33.26033243486076,0.644188596491228,42.36111111111113,1030.555555555558,27.119883040935736,0
1961,4,0,0,45,0.0,0.0,1.0,45,1000,500,500,0.5,15,5,10,356.5544479097048,0.40258838383838386,0.24402985074626837,0.21717407281772974,132810.65088757433,470.84566074954785,133281.4965483239,1956,43,620.7111111111111,38,7,16,33.11955845771146,0.6447368421052629,42.30769230769233,1030.7692307692337,27.125506072874572,0
1962,4,0,0,45,0.0,0.0,1.0,45,1400,900,500,0.6428571428571429,19,9,10,354.53155243520223,0.4027356902356902,0.23596436710171886,0.21689782048222112,132975.88962853418,428.8297172912865,133404.71934582546,1957,44,621.7111111111111,38,7,17,33.00574891236793,0.6463815789473681,42.14743589743591,1031.4102564102589,27.14237516869102,0
1963,4,0,0,45,0.0,0.0,1.0,45,1350,800,550,0.5925925925925926,19,8,11,351.14636563058684,0.40298821548821545,0.23406609839988013,0.21562128071365824,133113.66705246945,348.47608024695126,133462.1431327164,1958,45,622.7111111111111,38,7,17,32.95480035890535,0.6477521929824559,42.01388888888891,1031.944444444447,27.15643274853808,0
1964,4,0,0,45,0.0,0.0,1.0,45,1350,1100,250,0.8148148148148148,16,11,5,349.40671792061164,0.40294612794612794,0.23282044205248464,0.21502979035343678,133196.36774965338,307.94113887066374,133504.30888852404,1959,46,623.7111111111111,38,7,18,32.91675291520046,0.6485745614035086,41.9337606837607,1032.2649572649602,27.16486729644632,0
1965,4,0,0,45,0.0,0.0,1.0,45,1100,800,300,0.7272727272727273,14,8,6,351.8255774337883,0.40265151515151515,0.23713513824222532,0.2170002684044398,133279.09412895425,378.19885035433947,133657.29297930858,1960,47,624.7111111111111,38,7,18,32.77138299706847,0.6493969298245612,41.8536324786325,1032.585470085473,27.17330184435455,0
1966,4,0,0,45,0.0,0.0,1.0,45,1250,1000,250,0.8,15,10,5,351.8861792820778,0.4025252525252525,0.23750287316691954,0.21752145660480401,133361.84619037207,385.6381035868478,133747.48429395893,1961,48,625.7111111111111,38,7,18,32.68687077644464,0.6502192982456139,41.77350427350429,1032.9059829059847,27.181736392262756,0
1967,4,0,0,45,0.0,0.0,1.0,45,1350,1100,250,0.8148148148148148,16,11,5,348.9558747883883,0.40244107744107743,0.2359554176720664,0.2160309416903794,133417.02849916037,311.3311783184038,133728.3596774788,1962,49,626.7111111111111,38,7,18,32.707256118579814,0.650767543859649,41.72008547008549,1033.1196581196618,27.187359424201627,0
1968,4,1,1,45,0.021739130434782608,0.021739130434782608,0.9782608695652174,46,500,300,200,0.6,7,3,4,342.43772646173215,0.40532407407407406,0.22754908058765277,0.21323945250057463,133633.7293836809,-47.753906249962114,133585.97547743094,1963,0,614.0652173913044,39,7,18,32.658758143595946,0.6511752136752136,41.510416666666686,1033.9583333333362,26.51175213675221,0
1969,4,0,0,45,0.0,0.0,1.0,45,1150,800,350,0.6956521739130435,15,8,7,350.69637828264945,0.4021675084175084,0.2357953240549353,0.21808085837165303,133582.64391116973,369.3898842136226,133952.03379538335,1964,51,628.7111111111111,38,7,19,32.49642586468239,0.6524122807017543,41.55982905982907,1033.7606837606852,27.20422852001803,0
1970,4,0,0,45,0.0,0.0,1.0,45,950,700,250,0.7368421052631579,12,7,5,348.66278280878635,0.40220959595959593,0.23980993698998043,0.21762762091372428,133720.73522764642,324.68873274163116,134045.42396038806,1965,52,629.7111111111111,38,7,17,32.41077884516064,0.653782894736842,41.42628205128206,1034.2948717948727,27.21828609986507,0
1971,4,0,0,45,0.0,0.0,1.0,45,1000,600,400,0.6,14,6,8,344.3280675968882,0.40220959595959593,0.15649017398923504,0.21176573764677006,133172.00363559907,170.97173397033583,133342.9753695694,1966,53,630.7111111111111,42,3,12,33.072232131681055,0.6418650793650793,41.95736434108528,1032.170542635661,24.575489110372878,7
1972,4,0,0,45,0.0,0.0,1.0,45,1100,700,400,0.6363636363636364,15,7,8,340.6815903500706,0.40187289562289563,0.1578638974904345,0.2102283560139376,133297.0536344721,82.37044423412539,133379.42407870622,1967,54,631.7111111111111,42,3,13,33.0410762878859,0.6431051587301586,41.83624031007752,1032.6550387596901,24.587024732373575,0
1973,4,0,0,45,0.0,0.0,1.0,45,1100,800,300,0.7272727272727273,14,8,6,340.6819693828338,0.40212542087542086,0.15951219512195092,0.21065370032604486,133372.1118021755,87.49474190254008,133459.60654407804,1968,55,632.7111111111111,42,3,13,32.96591619762353,0.6438492063492063,41.76356589147287,1032.9457364341097,24.59394610557404,0
1974,4,0,0,45,0.0,0.0,1.0,45,1150,700,450,0.6086956521739131,16,7,9,345.0182101977106,0.4012415824915825,0.16881720430107516,0.21391129032258077,133472.2222222223,210.069444444456,133682.29166666677,1969,56,633.7111111111111,42,3,14,32.75369623655914,0.6448412698412698,41.66666666666667,1033.3333333333342,24.603174603174622,0
1975,4,0,0,45,0.0,0.0,1.0,45,1150,800,350,0.6956521739130435,15,8,7,344.07933557093816,0.4007996632996633,0.1647019311502942,0.21410579345088168,133606.80474175353,194.2681206597291,133801.07286241325,1970,57,634.7111111111111,39,6,14,32.643261964735515,0.6509081196581197,41.536458333333336,1033.854166666667,26.509081196581203,0
1976,4,0,0,45,0.0,0.0,1.0,45,1100,800,300,0.7272727272727273,14,8,6,349.93567977297164,0.398989898989899,0.15874076257218062,0.21866146620068017,133761.1656937835,361.5608888558479,134122.72658263933,1971,58,635.7111111111111,40,5,12,32.337410354651745,0.65078125,41.38719512195122,1034.4512195121954,25.861280487804883,0
1977,4,0,0,45,0.0,0.0,1.0,45,1400,700,700,0.5,21,7,14,347.2309625920678,0.398989898989899,0.15597673682717406,0.217590947204617,133866.31350593228,296.5057794632762,134162.81928539556,1972,59,636.7111111111111,40,5,12,32.302203018102055,0.6518229166666667,41.28556910569105,1034.8577235772354,25.871443089430887,0
1978,4,1,0,46,0.021739130434782608,0.0,1.0,46,1400,900,500,0.6428571428571429,19,9,10,342.0330898448443,0.4017612721417069,0.16366156381889474,0.21653803978904484,134242.17864229006,-16.946570294805667,134225.23207199527,1973,0,623.8478260869565,41,5,13,32.06131533601378,0.6539634146341464,40.92261904761904,1036.3095238095223,25.275842044134688,0
1979,4,1,1,46,0.02127659574468085,0.02127659574468085,0.9787234042553191,47,1050,700,350,0.6666666666666666,14,7,7,338.5429267269883,0.4036578785075547,0.1544903016320598,0.21614663783338472,134550.78124999988,-289.0483276644121,134261.73292233548,1974,0,611.5531914893617,40,7,13,31.844042838018726,0.6585937500000001,40.62499999999999,1037.499999999999,25.93749999999998,0
1980,4,0,0,46,0.0,0.0,1.0,46,1150,800,350,0.6956521739130435,15,8,7,343.31270108211265,0.4019323671497585,0.1600212089077413,0.2187284759179454,134473.59738166083,33.29878826528679,134506.89616992613,1975,2,625.8478260869565,41,5,13,31.797285987565743,0.65625,40.69940476190475,1037.2023809523796,25.297619047619015,0
1981,4,0,0,46,0.0,0.0,1.0,46,850,600,250,0.7058823529411765,11,6,5,348.87985641743984,0.4011171497584541,0.15701453058231407,0.22291162602784606,134577.80083550356,190.34105504181275,134768.14189054538,1976,3,626.8478260869565,39,7,13,31.548978516213225,0.6605235042735043,40.598958333333336,1037.6041666666672,26.605235042735057,0
1982,4,0,0,46,0.0,0.0,1.0,46,1100,800,300,0.7272727272727273,14,8,6,347.10264599653055,0.40065418679549114,0.15183756535363346,0.2220934975511635,134629.87061273048,146.0768639698549,134775.94747670033,1977,4,627.8478260869565,40,6,14,31.543160007833926,0.659375,40.548780487804876,1037.8048780487802,25.945121951219505,0
1983,4,1,1,46,0.02127659574468085,0.02127659574468085,0.9787234042553191,47,1250,600,650,0.48,19,6,13,338.159879347349,0.4014030218933087,0.14028658603472044,0.21836538694723376,134962.80253999744,-272.1989953388814,134690.60354465857,1978,0,615.468085106383,41,6,12,31.443733689771495,0.6610772357723577,40.2281746031746,1039.0873015873012,25.343592721641492,0
1984,4,0,0,46,0.0,0.0,1.0,46,1350,900,450,0.6666666666666666,18,9,9,343.59323815075413,0.39895330112721417,0.13879407001370403,0.22124361644762575,134859.7381660997,67.37882653060578,134927.1169926303,1979,6,629.8478260869565,41,5,12,31.40520534861509,0.6600609756097562,40.32738095238095,1038.6904761904757,25.333914053426238,0
1985,4,0,0,46,0.0,0.0,1.0,46,1200,900,300,0.75,15,9,6,343.62692069752825,0.3987117552334944,0.13486396958099167,0.22189570699049985,134962.8025399974,75.37044910556304,135038.17298910298,1980,7,630.8478260869565,41,5,13,31.301715358665902,0.6610772357723577,40.2281746031746,1039.087301587301,25.34359272164149,0
1986,4,0,0,46,0.0,0.0,1.0,46,1000,500,500,0.5,15,5,10,346.01203309830436,0.39851046698872783,0.14047461002323258,0.22439394225682116,135117.47291509202,150.45430209121213,135267.92721718323,1981,8,631.8478260869565,41,5,13,31.085798346055988,0.6626016260162602,40.07936507936508,1039.68253968254,25.35811072396439,0
1987,4,0,0,46,0.0,0.0,1.0,46,1750,1400,350,0.8,21,14,7,345.0036393341325,0.3979871175523349,0.1467266938613072,0.22502476177465078,135323.83786848086,137.44331065760736,135461.28117913846,1982,9,632.8478260869565,41,5,13,30.906750572082373,0.6646341463414633,39.88095238095239,1040.4761904761915,25.377468060394914,0
1988,4,0,1,45,0.0,0.021739130434782608,0.9782608695652174,46,1200,900,300,0.75,15,9,6,344.6415911697413,0.39743357487922704,0.150694666009223,0.225597268630324,135452.89592978393,136.54031635802096,135589.43624614197,1983,10,633.8478260869565,41,5,13,30.78788636869024,0.6659044715447153,39.75694444444444,1040.9722222222222,25.389566395663955,0
1989,4,0,1,44,0.0,0.022222222222222223,0.9777777777777777,45,1400,1100,300,0.7857142857142857,17,11,6,353.1263730665511,0.39364478114478113,0.15431863430338444,0.23098515624777172,135427.07939657362,564.574672461592,135991.65406903523,1984,71,648.7111111111111,41,4,13,30.592753208793997,0.6656504065040649,39.78174603174604,1040.8730158730173,25.387146728610176,0
1990,4,0,0,44,0.0,0.0,1.0,44,1250,1000,250,0.8,15,10,5,356.94116276633787,0.39301444679351655,0.143046040254162,0.23379189714695445,135474.93638046147,871.3162634675232,136346.25264392898,1985,72,639.3181818181819,40,4,13,30.445870753611878,0.6677083333333333,39.73577235772358,1041.0569105691065,26.026422764227664,0
1991,4,0,0,44,0.0,0.0,1.0,44,1550,1300,250,0.8387096774193549,18,13,5,354.6490144218565,0.39232073643410853,0.1391823550806215,0.23298531623283153,135582.0155029604,816.8056342907486,136398.82113725113,1986,73,640.3181818181819,41,3,14,30.399044262399183,0.6671747967479674,39.632936507936506,1041.4682539682535,25.401664730933014,0
1992,4,0,0,44,0.0,0.0,1.0,44,750,600,150,0.8,9,6,3,357.1199999999997,0.39221062367864695,0.13854545454545453,0.23494736842105274,135633.68055555574,887.5098418997422,136521.19039745547,1987,74,641.3181818181819,40,4,15,30.283333333333335,0.6692708333333333,39.58333333333334,1041.666666666668,26.041666666666703,0
1993,4,0,0,44,0.0,0.0,1.0,44,1100,1000,100,0.9090909090909091,12,10,2,358.15361774998104,0.39204545454545453,0.13533841594124563,0.23636200186287692,135744.9925578935,923.5120352107837,136668.5045931043,1988,75,642.3181818181819,38,6,15,30.145752170049906,0.6737938596491226,39.47649572649574,1042.0940170940194,27.42352676563209,0
1994,4,0,1,43,0.0,0.022727272727272728,0.9772727272727273,44,950,700,250,0.7368421052631579,12,7,5,356.03300540717134,0.3912085976039465,0.1390483785220622,0.23597536404893957,135898.46073765642,876.8674813272788,136775.3282189837,1989,76,643.3181818181819,40,4,13,30.048529889538663,0.6718749999999998,39.32926829268294,1042.6829268292704,26.06707317073176,0
1995,4,0,0,43,0.0,0.0,1.0,43,1100,700,400,0.6363636363636364,15,7,8,359.8551264938962,0.39168050941306753,0.1406736214882136,0.2380086087788781,135823.63416883702,1175.3662109375239,136999.00037977454,1990,77,648.7674418604652,39,4,15,30.023254555144742,0.672809829059829,39.40104166666668,1042.395833333335,26.728098290598336,0
1996,4,0,0,43,0.0,0.0,1.0,43,950,500,450,0.5263157894736842,14,5,9,358.2948883515763,0.3917727943890735,0.14140296626116022,0.23712186869099822,135845.48404554182,1134.5485078326583,136980.03255337448,1991,78,649.7674418604652,40,3,15,30.04220283356082,0.6713541666666666,39.38008130081302,1042.4796747967491,26.061991869918728,0
1997,4,0,0,43,0.0,0.0,1.0,43,1300,900,400,0.6923076923076923,17,9,8,358.210480803456,0.3917266519010705,0.14084928365203786,0.23777205394599413,135951.44775761798,1139.8466934364662,137091.29445105445,1992,79,650.7674418604652,40,3,13,29.939136295718857,0.6723958333333333,39.278455284552855,1042.8861788617899,26.072154471544746,0
1998,4,0,0,43,0.0,0.0,1.0,43,1350,900,450,0.6666666666666666,18,9,9,360.1582938616753,0.3911960132890366,0.14489411775365202,0.23995750831134469,136083.9604918535,1202.3534065371223,137286.31389839062,1993,80,651.7674418604652,40,3,13,29.756744910879526,0.6736979166666666,39.15142276422765,1043.3943089430902,26.084857723577255,0
1999,4,0,0,43,0.0,0.0,1.0,43,1000,700,300,0.7,13,7,6,362.65392082527694,0.3905730897009967,0.14433956069584042,0.2423434236041911,136190.0171545541,1277.968739672147,137467.98589422627,1994,81,652.7674418604652,40,3,13,29.586335313017234,0.6747395833333334,39.04979674796748,1043.8008130081296,26.09502032520324,0
2000,4,0,0,43,0.0,0.0,1.0,43,1400,1100,300,0.7857142857142857,17,11,6,365.01825113514576,0.39059616094499816,0.1456413738471114,0.24465509004655095,136296.11512864375,1350.1139161544145,137646.22904479818,1995,82,653.7674418604652,40,3,14,29.419302514193028,0.67578125,38.94817073170732,1044.2073170731715,26.105182926829286,0
2001,4,0,0,43,0.0,0.0,1.0,43,1150,900,250,0.782608695652174,14,9,5,363.60249474039887,0.3907115171650055,0.13938102155427945,0.2442553229373736,136375.71571980955,1317.3100915460286,137693.0258113556,1996,83,654.7674418604652,40,3,14,29.3772702211844,0.6765625000000001,38.87195121951219,1044.5121951219505,26.112804878048763,0
2002,4,0,0,43,0.0,0.0,1.0,43,1450,1300,150,0.896551724137931,16,13,3,363.74017952384867,0.39038851974898486,0.14300380812822788,0.24545301878105377,136534.98661511,1332.6521085332795,137867.6387236433,1997,84,655.7674418604652,40,3,15,29.215691041099447,0.6781250000000001,38.71951219512195,1045.121951219512,26.128048780487802,0
2003,4,0,0,43,0.0,0.0,1.0,43,1150,900,250,0.782608695652174,14,9,5,364.4140888598112,0.3897425249169435,0.14022659047343522,0.24665079909142992,136641.21885121276,1358.79705367174,138000.0159048845,1998,85,656.7674418604652,40,3,15,29.092753693623642,0.6791666666666667,38.61788617886178,1045.5284552845517,26.13821138211379,0
2004,4,0,0,43,0.0,0.0,1.0,43,1250,800,450,0.64,17,8,9,368.28035009421365,0.38884274640088595,0.13559676304532164,0.2502312913096768,136776.79301126805,1474.487518303023,138251.28052957106,1999,86,657.7674418604652,38,5,15,28.85728390018044,0.6839364035087719,38.48824786324786,1046.0470085470076,27.5275528565002,0
2005,4,0,0,43,0.0,0.0,1.0,43,900,500,400,0.5555555555555556,13,5,8,366.34217382841393,0.3884736064968623,0.1447629901349763,0.24970922704588103,136888.57299884927,1429.6114809335795,138318.18447978285,2000,87,658.7674418604652,38,5,15,28.797217968351195,0.6850328947368421,38.38141025641025,1046.4743589743578,27.538798920377836,0
2006,4,0,1,42,0.0,0.023255813953488372,0.9767441860465116,43,1050,700,350,0.6666666666666666,14,7,7,365.8418658514569,0.3884736064968623,0.13969688063373176,0.24992147586276592,136966.14718966998,1421.5901692708142,138387.7373589408,2001,88,659.7674418604652,39,4,14,28.7334767970279,0.6840277777777779,38.30729166666666,1046.770833333332,26.84027777777774,0
2007,4,0,0,42,0.0,0.0,1.0,42,1050,500,550,0.47619047619047616,16,5,11,370.1566886420089,0.3875459736740225,0.14083617531893422,0.2537255847600674,137084.29783950586,1748.5339506172513,138832.8317901231,2002,89,662.0,38,4,14,28.503536693191858,0.6869517543859651,38.19444444444443,1047.22222222222,27.55847953216368,0
2008,4,0,0,42,0.0,0.0,1.0,42,1200,800,400,0.6666666666666666,16,8,8,372.9166137154208,0.38633614014711576,0.14339131532686555,0.25643901220851417,137196.2033841038,1832.5487161224132,139028.7521002262,2003,90,663.0,38,4,14,28.320458562784683,0.6880482456140351,38.08760683760683,1047.649572649571,27.56972559604134,0
2009,4,0,0,42,0.0,0.0,1.0,42,1450,1000,450,0.6896551724137931,19,10,9,372.1435944571029,0.3848359465737514,0.14771806184506242,0.25693883217583613,137336.14952014366,1821.7536662648563,139157.9031864085,2004,91,664.0,38,4,14,28.20218802024937,0.689418859649123,37.954059829059815,1048.1837606837587,27.583783175888385,0
2010,4,0,0,42,0.0,0.0,1.0,42,1100,800,300,0.7272727272727273,14,8,6,368.554479484989,0.38379548974061173,0.1436070309507662,0.2554139471998389,137465.91939528385,1732.7360739308579,139198.65546921472,2005,92,665.0,40,2,14,28.167902251510153,0.6872395833333333,37.83028455284553,1048.6788617886175,26.216971544715438,0
2011,4,0,0,42,0.0,0.0,1.0,42,1750,1300,450,0.7428571428571429,22,13,9,366.53813116019353,0.38372289972899726,0.14432174109593476,0.25479953723681326,137572.513106038,1685.1143705796783,139257.6274766177,2006,93,666.0,40,2,14,28.11541380089767,0.6882812500000001,37.728658536585364,1049.0853658536582,26.227134146341456,0
2012,4,0,0,42,0.0,0.0,1.0,42,1150,900,250,0.782608695652174,14,9,5,366.4299139937505,0.38369870305845916,0.14931165686613612,0.25511725299969457,137625.82545318583,1686.0438768259523,139311.86933001177,2007,94,667.0,40,2,15,28.065577078288946,0.6888020833333334,37.67784552845528,1049.2886178861781,26.232215447154452,0
2013,4,0,0,42,0.0,0.0,1.0,42,850,600,250,0.7058823529411765,11,6,5,364.15993072459605,0.38329945799457993,0.14800265574858917,0.25412457868402866,137705.81333862105,1629.3878891532672,139335.20122777432,2008,95,668.0,40,2,15,28.04612864704363,0.6895833333333334,37.601626016260155,1049.5934959349584,26.239837398373957,0
2014,4,0,0,42,0.0,0.0,1.0,42,650,500,150,0.7692307692307693,8,5,3,367.1245791119579,0.3832026713124274,0.1518554372378187,0.2565897768759488,137759.15150538692,1714.9541030471214,139474.10560843404,2009,96,669.0,40,2,16,27.91565827686351,0.6901041666666667,37.55081300813008,1049.7967479674792,26.24491869918698,0
2015,4,0,0,42,0.0,0.0,1.0,42,1100,700,400,0.6363636363636364,15,7,8,367.3548433468221,0.3822106078203639,0.14981999234009957,0.2573691896475669,137842.06239601082,1727.4311590066077,139569.49355501743,2010,97,670.0,36,6,17,27.82774798927614,0.6982060185185186,37.471846846846844,1050.1126126126123,29.169794794794786,0
2016,4,0,0,42,0.0,0.0,1.0,42,1450,1300,150,0.896551724137931,16,13,3,364.4324052342994,0.3819202477739063,0.14533251671515313,0.2564218959906494,137989.9219320671,1657.599829559274,139647.52176162638,2011,98,671.0,36,6,17,27.758574490889586,0.6996527777777779,37.331081081081074,1050.675675675675,29.185435435435416,0
2017,4,0,0,42,0.0,0.0,1.0,42,1100,900,200,0.8181818181818182,13,9,4,364.4324052342994,0.381690379403794,0.14533251671515313,0.2564218959906494,137989.9219320671,1657.599829559274,139647.52176162638,2012,99,672.0,36,6,17,27.758574490889586,0.6996527777777779,37.331081081081074,1050.675675675675,29.185435435435416,0
2018,4,0,0,42,0.0,0.0,1.0,42,900,600,300,0.6666666666666666,12,6,6,363.7087465894134,0.38084349593495936,0.14996709066140101,0.25657548994096724,138078.6756985026,1644.084413805697,139722.7601123083,2013,100,673.0,36,6,16,27.69005143040823,0.7005208333333334,37.24662162162162,1051.0135135135138,29.194819819819827,0
2019,4,0,0,42,0.0,0.0,1.0,42,1050,800,250,0.7619047619047619,13,8,5,360.4246999661124,0.38022648083623695,0.1524936632037417,0.25513915265986287,138197.05843935147,1561.9266648405103,139758.985104192,2014,101,674.0,36,6,17,27.659669415586734,0.7016782407407408,37.134009009009006,1051.4639639639636,29.20733233233232,0
2020,4,0,0,42,0.0,0.0,1.0,42,800,700,100,0.875,9,7,2,362.0275089998162,0.3802990708478513,0.15992220675873337,0.25716341913059193,138315.49190660258,1614.8025982063175,139930.2945048089,2015,102,675.0,36,6,17,27.500847518110117,0.7028356481481481,37.0213963963964,1051.9144144144148,29.219844844844854,0
2021,4,0,0,42,0.0,0.0,1.0,42,1350,1000,350,0.7407407407407407,17,10,7,365.3201418569432,0.3797304490902052,0.15996148084742146,0.26063221723625907,138463.60507466932,1716.7087695803993,140180.31384424973,2016,103,676.0,36,6,18,27.268350096297876,0.7042824074074074,36.880630630630634,1052.477477477478,29.2354854854855,0
2022,4,0,0,42,0.0,0.0,1.0,42,1200,700,500,0.5833333333333334,17,7,10,360.9937647579696,0.3801659891598916,0.1627000231910949,0.258572278012685,138598.87500913124,1606.6659361530951,140205.54094528433,2017,104,677.0,38,4,18,27.249053030303028,0.7017543859649124,36.75213675213674,1052.9914529914515,27.710301394511884,0
2023,4,0,0,42,0.0,0.0,1.0,42,750,600,150,0.8,9,6,3,361.33299795624987,0.379875629113434,0.1576674492073158,0.2592445919834576,138655.1302596974,1620.1347797501505,140275.26503944755,2018,105,678.0,38,4,18,27.184773787786575,0.7023026315789475,36.69871794871794,1053.205128205127,27.715924426450712,0
2024,4,0,0,42,0.0,0.0,1.0,42,1350,1000,350,0.7407407407407407,17,10,7,360.0589724397602,0.37971835075493615,0.16274066669564102,0.25897458258413397,138739.534537311,1590.8828484549667,140330.41738576596,2019,106,679.0,38,4,18,27.135305749923955,0.703125,36.618589743589745,1053.525641025641,27.724358974358978,0
2025,4,0,0,42,0.0,0.0,1.0,42,1150,1000,150,0.8695652173913043,13,10,3,361.8388921448488,0.3790529423151374,0.16668114934538347,0.26090488538865414,138823.96449704145,1646.3819033530604,140470.3464003945,2020,107,680.0,38,4,18,27.005398418491488,0.7039473684210527,36.53846153846154,1053.846153846154,27.73279352226721,0
2026,4,0,1,41,0.0,0.023809523809523808,0.9761904761904762,42,1400,1100,300,0.7857142857142857,17,11,6,366.4872072834264,0.3776616337591947,0.16955482673581979,0.26585226151892255,139027.15796455252,1790.386336030191,140817.5443005827,2021,108,681.0,36,6,19,26.68312867058196,0.7097800925925926,36.34572072072073,1054.6171171171181,29.29491991991995,0
2027,4,0,0,41,0.0,0.0,1.0,41,1000,600,400,0.6,14,6,8,372.9751972029671,0.37756605691056916,0.19814466154501087,0.25371229151567554,136817.06142168873,2012.779224379788,138829.8406460685,2022,109,692.9024390243902,33,8,19,28.694579477568222,0.694760101010101,38.44975490196078,1046.2009803921565,31.70306001188353,5
2028,4,0,0,41,0.0,0.0,1.0,41,1450,1100,350,0.7586206896551724,18,11,7,373.6465400457415,0.3778455284552846,0.20504940880790534,0.25486752811426766,136913.23649557855,2031.4314206074462,138944.66791618598,2023,110,693.9024390243902,33,8,20,28.581674473067913,0.6957070707070707,38.357843137254896,1046.5686274509799,31.714200831847876,0
2029,4,0,0,41,0.0,0.0,1.0,41,1000,700,300,0.7,13,7,6,375.3130029584835,0.3775914634146342,0.2044074901062758,0.25647389370170914,136977.37198433295,2081.8777633602467,139059.2497476932,2024,111,694.9024390243902,33,8,19,28.47449855615391,0.6963383838383839,38.29656862745098,1046.813725490196,31.721628045157455,0
2030,4,0,0,41,0.0,0.0,1.0,41,700,400,300,0.5714285714285714,10,4,6,358.13624496174447,0.37754065040650403,0.178144959375379,0.2281219354271472,134465.4740521119,1433.9300771177843,135899.4041292297,2025,112,695.9024390243902,37,4,20,31.421023187792905,0.6630067567567569,40.707236842105246,1037.1710526315767,28.031650071123693,8
2031,4,0,1,40,0.0,0.024390243902439025,0.975609756097561,41,1400,900,500,0.6428571428571429,19,9,10,355.5729050856637,0.37754065040650403,0.11678415647295948,0.21570165356257684,132658.90045450884,1239.0888635896556,133897.9893180985,2026,113,696.9024390243902,36,5,19,33.297350969246466,0.6469907407407407,42.45495495495497,1030.1801801801826,28.61611611611618,5
2032,4,1,1,40,0.024390243902439025,0.024390243902439025,0.975609756097561,41,1300,900,400,0.6923076923076923,17,9,8,350.9958701767198,0.38295223577235776,0.11019553742163302,0.21458078632032068,132949.0871783948,1132.9161086762706,134082.00328707107,2027,0,685.219512195122,36,5,19,33.1238170634054,0.6498842592592592,42.173423423423436,1031.306306306308,28.647397397397445,0
2033,4,0,0,40,0.0,0.0,1.0,40,1350,1100,250,0.8148148148148148,16,11,5,357.70372795668897,0.3766426282051282,0.11486235525453359,0.2180039897280651,132832.97444403887,1502.9700308416836,134335.94447488055,2028,115,703.35,36,4,19,33.06751147039545,0.6487268518518517,42.28603603603605,1030.855855855858,28.634884884884944,0
2034,4,0,0,40,0.0,0.0,1.0,40,900,600,300,0.6666666666666666,12,6,6,368.17081356276844,0.37674946581196583,0.13654886709502856,0.21817256426956033,131773.38023244598,1706.0914685448379,133479.47170099083,2029,116,704.35,35,5,17,33.86561548867095,0.6401785714285715,43.31597222222222,1026.736111111111,29.33531746031746,2
2035,4,0,0,40,0.0,0.0,1.0,40,1550,1200,350,0.7741935483870968,19,12,7,368.07769886927207,0.37613514957264954,0.13088732394366254,0.21880037357433285,131892.24222232934,1709.318603180725,133601.56082551007,2030,117,705.35,35,5,18,33.74800469483569,0.6413690476190477,43.20023148148148,1027.1990740740737,29.34854497354496,0
2036,4,0,0,40,0.0,0.0,1.0,40,850,700,150,0.8235294117647058,10,7,3,369.5535704362423,0.3765758547008547,0.13850529398513212,0.22019440257268166,131981.42387902943,1754.8412851508867,133736.2651641803,2031,118,706.35,35,5,18,33.6200908613051,0.6422619047619048,43.113425925925924,1027.5462962962958,29.358465608465597,0
2037,4,0,0,40,0.0,0.0,1.0,40,350,200,150,0.5714285714285714,5,2,3,371.12222982711836,0.3764155982905983,0.1349617073994822,0.22130250360208065,132011.1577958889,1798.4550486539626,133809.61284454286,2032,119,707.35,35,5,18,33.549785073394155,0.6425595238095239,43.08449074074073,1027.6620370370358,29.361772486772452,0
2038,4,0,0,40,0.0,0.0,1.0,40,1000,500,500,0.5,15,5,10,370.39774412858543,0.37604166666666666,0.13457446808510642,0.22156519603328115,132130.126953125,1788.140190972222,133918.26714409722,2033,120,708.35,35,5,18,33.44837048294495,0.64375,42.96875,1028.125,29.375,0
2039,4,0,1,39,0.0,0.025,0.975,40,1000,700,300,0.7,13,7,6,374.6148692276969,0.3754139957264957,0.13085058505850622,0.224971416060525,132278.91375171472,1910.729595336081,134189.6433470508,2034,121,709.35,35,5,19,33.18988148814883,0.6452380952380952,42.824074074074076,1028.703703703704,29.391534391534396,0
2040,4,1,1,39,0.025,0.025,0.975,40,1050,700,350,0.6666666666666666,14,7,7,369.62653100108344,0.3786992521367521,0.12182967959527824,0.22320624529902494,132487.35592689045,1794.1683545524704,134281.52428144292,2035,0,681.25,35,5,19,33.10813659359191,0.6473214285714286,42.62152777777778,1029.513888888889,29.41468253968254,0
2041,4,0,0,39,0.0,0.0,1.0,39,1000,800,200,0.8,12,8,4,381.02946495240474,0.3733412055780477,0.1268584107547548,0.2293606333599294,132367.3752834467,2287.17403628117,134654.54931972787,2036,123,699.7179487179487,34,5,19,32.93565864568871,0.6482843137254901,42.738095238095234,1029.0476190476188,30.266106442577023,0
2042,4,0,1,38,0.0,0.02564102564102564,0.9743589743589743,39,900,600,300,0.6666666666666666,12,6,6,384.86059042300263,0.3729194781826361,0.13327049785262757,0.23299013070324662,132581.84700963713,2405.1055839002265,134986.95259353737,2037,124,700.7179487179487,34,5,19,32.620747119793485,0.6504289215686274,42.529761904761905,1029.880952380952,30.29061624649859,0
2043,4,0,0,38,0.0,0.0,1.0,38,1050,900,150,0.8571428571428571,12,9,3,383.4237937378922,0.3718142484589853,0.13108035801147966,0.23306996900247154,132735.14739229018,2578.7627551020373,135313.91014739222,2038,125,709.1052631578947,34,4,19,32.503225123228596,0.6519607843137255,42.38095238095238,1030.4761904761901,30.30812324929971,0
2044,4,0,0,38,0.0,0.0,1.0,38,1150,900,250,0.782608695652174,14,9,5,377.29283409566534,0.3724069464201043,0.12653025267775253,0.23066251388643266,132949.91673752837,2432.2101757369683,135382.12691326535,2039,126,710.1052631578947,34,4,19,32.4449767209204,0.6541053921568627,42.17261904761905,1031.309523809524,30.332633053221297,0
2045,4,0,0,38,0.0,0.0,1.0,38,750,400,350,0.5333333333333333,11,4,7,376.5200713793037,0.37231804172593647,0.12642756475676742,0.23037923011513334,132980.61224489796,2413.9739229025,135394.58616780047,2040,127,711.1052631578947,34,4,19,32.434018159433684,0.6544117647058822,42.142857142857146,1031.4285714285716,30.336134453781515,0
2046,4,1,0,39,0.02564102564102564,0.0,1.0,39,850,400,450,0.47058823529411764,13,4,9,370.13412696816755,0.37618083670715247,0.12574450960101213,0.2280108019721031,133233.1318587105,2062.825788751708,135295.9576474622,2041,0,693.8461538461538,35,4,20,32.344917787742894,0.6547619047619049,41.898148148148145,1032.407407407407,29.497354497354483,0
2047,4,0,0,39,0.0,0.0,1.0,39,1150,800,350,0.6956521739130435,15,8,7,370.96928183037903,0.3746907332433648,0.12924800689506588,0.22944565768095188,133382.53821855722,2096.16488233026,135478.70310088748,2042,1,694.8461538461538,35,4,20,32.1733193277311,0.65625,41.75347222222223,1032.986111111112,29.513888888888914,0
2048,4,0,0,39,0.0,0.0,1.0,39,1050,600,450,0.5714285714285714,15,6,9,367.7809573361079,0.3741284300494827,0.12344913151364767,0.2280241935483871,133472.2222222223,2017.7083333333428,135489.93055555565,2043,2,695.8461538461538,35,4,20,32.16565860215053,0.657142857142857,41.66666666666667,1033.3333333333342,29.523809523809547,0
2049,4,0,1,38,0.0,0.02564102564102564,0.9743589743589743,39,900,700,200,0.7777777777777778,11,7,4,365.261481719573,0.3740721997300945,0.12438348720311376,0.22683835366876515,133533.73724489813,1954.946145124739,135488.68339002287,2044,3,696.8461538461538,34,5,20,32.16904707056748,0.6599264705882352,41.60714285714287,1033.57142857143,30.39915966386559,0
2050,4,0,0,38,0.0,0.0,1.0,38,1050,800,250,0.7619047619047619,13,8,5,374.90805976177677,0.37265884305357994,0.13970491864666945,0.23264162383893067,133503.88259623724,2410.336318963883,135914.2189152011,2045,4,712.7368421052631,33,5,20,31.949755919206297,0.6619318181818181,41.63602941176472,1033.4558823529428,31.316844919786146,0
2051,4,0,0,38,0.0,0.0,1.0,38,950,700,250,0.7368421052631579,12,7,5,377.44385386940377,0.37237731152204834,0.12668473759506105,0.22549850756813092,132082.8827854671,2370.7744617454846,134453.6572472126,2046,5,713.7368421052631,33,5,17,33.314953902400276,0.6477272727272727,43.01470588235294,1027.941176470588,31.14973262032085,2
2052,4,0,0,38,0.0,0.0,1.0,38,1250,1000,250,0.8,15,10,5,382.3996884046737,0.3719476055002371,0.13288298172471058,0.22979566099908635,132303.42784325735,2518.557916426368,134821.9857596837,2047,6,714.7368421052631,33,5,17,32.96493448481239,0.6499368686868687,42.80024509803921,1028.7990196078429,31.175727866904328,0
2053,4,1,1,38,0.02564102564102564,0.02564102564102564,0.9743589743589743,39,1050,700,350,0.6666666666666666,14,7,7,374.57303587449223,0.3777271704903284,0.13728073385542472,0.22755853219889663,132713.49961553246,2142.213481593612,134855.71309712608,2048,0,697.3846153846154,33,6,16,32.75303282588011,0.6540404040404041,42.40196078431372,1030.3921568627447,31.22400475341651,0
2054,4,0,0,38,0.0,0.0,1.0,38,1000,700,300,0.7,13,7,6,374.9847656023561,0.3773115220483641,0.12359346642468205,0.22819261061619492,132776.64389898113,2357.8437379853813,135134.4876369665,2049,1,685.0526315789474,33,5,16,32.67885453824812,0.6546717171717171,42.3406862745098,1030.6372549019604,31.231431966726074,0
2055,4,0,0,38,0.0,0.0,1.0,38,850,500,350,0.5882352941176471,12,5,7,376.8339820490014,0.3766891891891892,0.12500390998892663,0.22989878832329558,132871.3884833957,2414.090884515559,135285.47936791126,2050,2,686.0526315789474,33,5,16,32.53583244185586,0.6556186868686869,42.248774509803916,1031.0049019607836,31.242572786690413,0
2056,4,0,0,38,0.0,0.0,1.0,38,1250,1000,250,0.8,15,10,5,381.23613660643315,0.37695590327169276,0.12102012365514114,0.23376744603711283,133060.97902549495,2545.53071534986,135606.5097408448,2051,3,687.0526315789474,33,5,17,32.231534822029545,0.6575126262626263,42.064950980392155,1031.740196078431,31.26485442661912,0
2057,4,1,0,39,0.02564102564102564,0.0,1.0,39,850,600,250,0.7058823529411765,11,6,5,373.77058081390476,0.38067926225820964,0.12778846523228182,0.2311623185831971,133379.976261338,2170.702239229037,135550.678500567,2052,0,670.4102564102565,34,5,18,32.10354961392185,0.6583946078431373,41.75595238095239,1032.9761904761915,30.381652661064457,0
2058,4,0,0,39,0.0,0.0,1.0,39,950,700,250,0.7368421052631579,12,7,5,372.1214477781991,0.3806511470985155,0.12729049596872732,0.23112186430290887,133537.46588358335,2138.494802956389,135675.96068653974,2053,1,671.4102564102565,32,7,19,31.988048701034284,0.6647135416666666,41.60353535353536,1033.585858585859,32.29955808080809,0
2059,4,0,0,39,0.0,0.0,1.0,39,1000,900,100,0.9,11,9,2,374.82322317487115,0.3805949167791273,0.12360289283366166,0.2336226938966665,133668.00103305798,2220.374196510573,135888.37522956857,2054,2,672.4102564102565,32,7,20,31.78724053724053,0.666015625,41.477272727272734,1034.0909090909101,32.31534090909094,0
2060,4,1,1,39,0.025,0.025,0.975,40,600,300,300,0.5,9,3,6,364.7427140614171,0.3844818376068376,0.11363824748371854,0.22867499779128947,133884.09994052775,1766.6499963956257,135650.74993692338,2055,0,656.575,33,7,17,31.831335109532258,0.6657196969696969,41.26838235294118,1034.9264705882358,31.36140819964351,0
2061,4,0,0,39,0.0,0.0,1.0,39,800,400,400,0.5,12,4,8,374.9550336863554,0.3802294197031039,0.12233707949562955,0.23432544553717105,133765.94424357222,2231.2428259871594,135997.18706955938,2056,4,674.4102564102565,32,7,17,31.685585255706094,0.6669921875,41.382575757575765,1034.469696969698,32.32717803030306,0
2062,4,0,0,39,0.0,0.0,1.0,39,1000,700,300,0.7,13,7,6,376.29236702258777,0.38039811066126855,0.1285054623268389,0.235786868510484,133863.92332415062,2274.3945133149696,136138.31783746558,2057,5,675.4102564102565,32,7,17,31.552739141044416,0.66796875,41.28787878787879,1034.848484848485,32.339015151515156,0
2063,4,0,0,39,0.0,0.0,1.0,39,1050,900,150,0.8571428571428571,12,9,3,377.86059690554214,0.3804543409806567,0.13487573531481334,0.2374006922627233,133961.9382747933,2323.787591827354,136285.72586662066,2058,6,676.4102564102565,32,7,17,31.413891938041218,0.6689453125,41.19318181818181,1035.227272727272,32.35085227272725,0
2064,4,0,0,39,0.0,0.0,1.0,39,1300,1000,300,0.7692307692307693,16,10,6,376.8349214094495,0.38051057130004495,0.13275207425115987,0.2380239053244444,134158.07578627177,2311.0895890725365,136469.1653753443,2059,7,677.4102564102565,32,7,17,31.243906154783666,0.6708984375,41.003787878787875,1035.9848484848483,32.37452651515151,0
2065,4,0,0,39,0.0,0.0,1.0,39,1150,800,350,0.6956521739130435,15,8,7,372.671977838167,0.3800607287449393,0.12801717081688713,0.23628632597865165,134296.6121804112,2209.7168156478074,136506.32899605902,2060,8,678.4102564102565,33,6,17,31.21305273114212,0.6698232323232324,40.87009803921568,1036.5196078431359,31.409685086155633,0
2066,4,0,0,39,0.0,0.0,1.0,39,1050,600,450,0.5714285714285714,15,6,9,371.90734173550743,0.37989203778677466,0.1287822573996209,0.23604731281580157,134334.72222222213,2192.0138888888787,136526.736111111,2061,9,679.4102564102565,34,5,18,31.1947347266881,0.6678921568627452,40.83333333333333,1036.6666666666658,30.49019607843135,0
2067,4,0,0,39,0.0,0.0,1.0,39,900,400,500,0.4444444444444444,14,4,10,370.567031728318,0.37859874044084574,0.1275487226583547,0.2357932369163896,134427.29768990906,2162.864937641697,136590.16262755074,2062,10,680.4102564102565,34,5,19,31.136876745876872,0.668811274509804,40.744047619047606,1037.0238095238076,30.50070028011199,0
2068,4,0,0,39,0.0,0.0,1.0,39,1050,700,350,0.6666666666666666,14,7,7,368.121004311995,0.37755847953216376,0.1243235130529976,0.23463338043675283,134489.03238378675,2101.647534013592,136590.67991780033,2063,11,681.4102564102565,34,5,19,31.138576456635693,0.6694240196078433,40.6845238095238,1037.261904761904,30.507703081232467,0
2069,4,0,0,39,0.0,0.0,1.0,39,1050,800,250,0.7619047619047619,13,8,5,361.40511485877545,0.3769680611785875,0.11784174490178856,0.22351476704416232,133379.97626133796,1840.8553004535258,135220.83156179148,2064,12,682.4102564102565,34,5,20,32.42288041181667,0.6583946078431373,41.75595238095239,1032.9761904761913,30.38165266106445,4
2070,4,0,1,38,0.0,0.02564102564102564,0.9743589743589743,39,1250,1000,250,0.8,15,10,5,359.37335310816604,0.37606837606837606,0.12111330669100528,0.2229964316177263,133502.9779620182,1795.4825680272197,135298.4605300454,2065,13,683.4102564102565,34,5,20,32.35202357639289,0.6596200980392156,41.636904761904766,1033.4523809523814,30.395658263305336,0
2071,4,0,0,38,0.0,0.0,1.0,38,750,500,250,0.6666666666666666,10,5,5,356.8392114176941,0.3759186818397345,0.11811040326833466,0.22179204529275864,133564.5000708617,1932.2101757369692,135496.71024659867,2066,14,693.0,34,4,20,32.35584859303619,0.6602328431372548,41.577380952380956,1033.6904761904764,30.402661064425775,0
2072,4,0,0,38,0.0,0.0,1.0,38,500,400,100,0.8,6,4,2,358.6935892285856,0.3759186818397345,0.12287497119356194,0.21867787811492193,132845.0671537422,1930.1347897376443,134775.20194347983,2067,15,694.0,35,3,19,33.02985011788481,0.6508928571428572,42.27430555555555,1030.902777777777,29.454365079365054,3
2073,4,0,0,38,0.0,0.0,1.0,38,950,700,250,0.7368421052631579,12,7,5,358.24570311324766,0.37577050734945466,0.1169016413775994,0.21910277696926214,132964.41139671206,1926.7858099708405,134891.1972066829,2068,16,695.0,35,3,19,32.92150619085027,0.6520833333333333,42.15856481481481,1031.3657407407402,29.467592592592577,0
2074,4,0,0,38,0.0,0.0,1.0,38,600,400,200,0.6666666666666666,8,4,4,356.8867264680951,0.37587422949265054,0.11742889539828005,0.21844605125574595,132994.25582990394,1892.776920438952,134887.03275034289,2069,17,696.0,35,3,19,32.926578396169965,0.6523809523809524,42.129629629629626,1031.481481481481,29.470899470899457,0
2075,4,1,1,38,0.02564102564102564,0.02564102564102564,0.9743589743589743,39,1200,1000,200,0.8333333333333334,14,10,4,343.39749915680886,0.3799201529464687,0.11265933754784951,0.21193431501040788,133302.3201850569,1355.1366766697433,134657.45686172662,2070,0,679.1282051282051,37,2,19,32.96568627450981,0.6514639639639639,41.83114035087719,1032.675438596491,27.91014698909435,0
2076,4,1,1,38,0.02564102564102564,0.02564102564102564,0.9743589743589743,39,650,300,350,0.46153846153846156,10,3,7,344.5733418717214,0.3804543409806567,0.10895462673405598,0.2131467796305637,133387.25767784304,1392.3386282317538,134779.5963060748,2071,0,680.1025641025641,37,2,19,32.85025917277006,0.6523085585585586,41.748903508771924,1033.0043859649113,27.919037458511117,0
2077,4,1,1,38,0.02564102564102564,0.02564102564102564,0.9743589743589743,39,800,600,200,0.75,10,6,4,342.091571279917,0.3817757534862798,0.10566583953680775,0.21209677419354842,133472.22222222213,1331.9985476300358,134804.22076985217,2072,0,681.0769230769231,35,4,19,32.82930107526883,0.6571428571428571,41.666666666666664,1033.3333333333328,29.523809523809508,0
2078,4,0,0,38,0.0,0.0,1.0,38,800,500,300,0.625,11,5,6,349.5179445964705,0.37571123755334285,0.11239949727114618,0.21585380942048707,133326.80389426593,1720.0220913481112,135046.82598561404,2073,21,700.0,36,2,20,32.78313887980228,0.6536458333333334,41.807432432432435,1032.7702702702707,28.688063063063073,0
2079,4,0,0,38,0.0,0.0,1.0,38,950,700,250,0.7368421052631579,12,7,5,349.7083800458834,0.37476292081555235,0.11186863616807696,0.21664918210134915,133443.1322158307,1733.2363190893602,135176.36853492007,2074,22,701.0,36,2,20,32.66167120799274,0.6548032407407407,41.69481981981982,1033.2207207207207,28.700575575575574,0
2080,4,0,0,38,0.0,0.0,1.0,38,1250,900,350,0.72,16,9,7,351.41808441668377,0.3746591986723566,0.11954382035716393,0.21823111918226587,133532.0283028977,1785.1170892958662,135317.14539219358,2075,23,702.0,35,3,21,32.52846211272863,0.6577380952380952,41.60879629629629,1033.564814814814,29.53042328042326,0
2081,4,0,0,38,0.0,0.0,1.0,38,500,300,200,0.6,7,3,4,353.8763998637063,0.37495554765291605,0.11812053645084486,0.22011309217149186,133591.84777949244,1855.0004286694066,135446.84820816186,2076,24,703.0,35,3,21,32.405023137781754,0.6583333333333334,41.550925925925924,1033.796296296296,29.53703703703703,0
2082,4,0,0,38,0.0,0.0,1.0,38,1300,1200,100,0.9230769230769231,14,12,2,353.75642464118613,0.37436284969179706,0.11874355727034414,0.22057317893712466,133681.60211173265,1858.1451206704319,135539.74723240308,2077,25,704.0,35,3,23,32.318247528446165,0.6592261904761905,41.46412037037037,1034.1435185185182,29.546957671957664,0
2083,4,0,0,38,0.0,0.0,1.0,38,1200,700,500,0.5833333333333334,17,7,10,356.8333941674164,0.3746295637743006,0.11850493586611677,0.22357725138408305,133861.2011986666,1953.2293542095056,135814.4305528761,2078,26,705.0,35,3,17,32.05889069082504,0.6610119047619047,41.290509259259245,1034.837962962961,29.566798941798886,0
2084,4,1,1,38,0.02564102564102564,0.02564102564102564,0.9743589743589743,39,850,600,250,0.7058823529411765,11,6,5,348.4905843518646,0.37778340080971656,0.11349178472466148,0.21985023284420072,134113.00447406847,1547.4238596704545,135660.42833373894,2079,0,687.8974358974359,36,3,17,32.02303942886134,0.6614583333333335,41.047297297297284,1035.8108108108092,28.77252252252248,0
2085,4,1,1,38,0.02564102564102564,0.02564102564102564,0.9743589743589743,39,750,600,150,0.8,9,6,3,348.4707173053839,0.37812078272604593,0.11228087779886886,0.22001250023968597,134142.16739966304,1548.9234589318878,135691.09085859492,2080,0,688.8717948717949,36,3,18,31.994419683298894,0.6617476851851853,41.019144144144136,1035.9234234234225,28.775650650650626,0
2086,4,0,0,38,0.0,0.0,1.0,38,750,700,50,0.9333333333333333,8,7,1,356.1605773125543,0.3746591986723566,0.12634731264928023,0.2211864186142774,133533.73724489802,1913.1333864200744,135446.8706313181,2081,29,708.0,34,4,20,32.40420793979884,0.6599264705882353,41.60714285714286,1033.5714285714291,30.39915966386556,1
2087,4,0,0,38,0.0,0.0,1.0,38,1000,500,500,0.5,15,5,10,355.2438601736252,0.3743332147937411,0.12585891392076753,0.22135209250129917,133656.8098072563,1896.1522108843603,135552.96201814065,2082,30,709.0,34,4,20,32.30461854324968,0.6611519607843137,41.48809523809524,1034.0476190476195,30.413165266106457,0
2088,4,0,0,38,0.0,0.0,1.0,38,550,200,350,0.36363636363636365,9,2,7,352.18311614512936,0.3742443100995732,0.1236865664609148,0.2197701344883291,133711.5269204388,1818.1884430726843,135529.7153635115,2083,31,710.0,35,3,18,32.32896896448821,0.6595238095238096,41.435185185185176,1034.259259259258,29.550264550264515,0
2089,4,0,0,38,0.0,0.0,1.0,38,1300,1100,200,0.8461538461538461,15,11,4,376.9058174740485,0.3751926268373637,0.12252684791021662,0.23841484268125862,134211.33786848077,2522.2580029954443,136733.59587147622,2084,32,711.0,34,4,18,31.188725490196084,0.6666666666666666,40.952380952380956,1036.1904761904766,30.47619047619049,4
2090,4,0,0,38,0.0,0.0,1.0,38,1250,900,350,0.72,16,9,7,377.49957707444037,0.3748814604077762,0.12162554163569439,0.239798965480766,134365.5771683674,2544.5897108843587,136910.16687925174,2085,33,712.0,34,4,18,31.018917212079458,0.6681985294117647,40.80357142857143,1036.7857142857147,30.493697478991606,0
2091,4,0,1,37,0.0,0.02631578947368421,0.9736842105263158,38,950,400,550,0.42105263157894735,15,4,11,376.12723570963,0.37415540540540543,0.11804045237059602,0.23953366063613288,134458.16326530624,2514.675453514756,136972.838718821,2086,34,713.0,34,4,18,30.961843816957458,0.6691176470588235,40.71428571428572,1037.142857142858,30.504201680672296,0
2092,4,0,0,37,0.0,0.0,1.0,37,850,700,150,0.8235294117647058,10,7,3,384.0728878865925,0.3704016516516517,0.1288711001510905,0.24415031588343075,134391.89742226564,2923.2568303056723,137315.15425257132,2087,39,732.3513513513514,33,4,18,30.822179214434854,0.670770202020202,40.778186274509814,1036.8872549019623,31.42082590612007,0
2093,4,0,0,37,0.0,0.0,1.0,37,800,500,300,0.625,11,5,6,382.79228099813315,0.3702452452452452,0.12838077354206345,0.24376005072138482,134455.43968966277,2893.700890282602,137349.14057994538,2088,40,733.3513513513514,33,4,19,30.79175528772302,0.6714015151515151,40.71691176470589,1037.1323529411777,31.428253119429627,0
2094,4,0,0,37,0.0,0.0,1.0,37,500,400,100,0.8,6,4,2,381.8150306781349,0.3699011511511512,0.12900424053543147,0.24334957979365487,134487.21645520968,2869.848135332582,137357.06459054226,2089,41,734.3513513513514,33,4,19,30.785286704473847,0.6717171717171716,40.68627450980393,1037.2549019607854,31.431966726084408,0
2095,4,0,0,37,0.0,0.0,1.0,37,600,300,300,0.5,9,3,6,384.34863953807167,0.36993243243243246,0.13502659285791818,0.24539182370507678,134550.78125000015,2942.8819444444603,137493.6631944446,2090,42,735.3513513513514,33,4,19,30.655957161981252,0.6723484848484848,40.62500000000001,1037.5000000000011,31.439393939393973,0
2096,4,0,0,37,0.0,0.0,1.0,37,650,500,150,0.7692307692307693,8,5,3,384.4787811144391,0.3694632132132132,0.13574900034932647,0.2457025987731328,134584.5561557347,2948.981221516938,137533.53737725163,2091,43,736.3513513513514,31,6,19,30.61877797297862,0.677755376344086,40.59244791666667,1037.6302083333342,33.4719422043011,0
2097,4,0,1,36,0.0,0.02702702702702703,0.972972972972973,37,1300,1100,200,0.8461538461538461,15,11,4,387.51197779344034,0.36911911911911915,0.16294666347763664,0.24936704721331893,134837.00867755208,3050.191182477913,137887.19986003,2092,44,737.3513513513514,33,4,16,30.287487708947893,0.6751893939393938,40.34926470588236,1038.602941176472,31.472816399287034,4
2098,4,0,0,36,0.0,0.0,1.0,36,800,500,300,0.625,11,5,6,396.36248741234795,0.3631283068783069,0.18573792637622377,0.254892999137339,134812.90373750142,3486.9555721355123,138299.85930963693,2093,52,757.6111111111111,32,4,16,30.081813576494426,0.6774088541666665,40.372474747474755,1038.5101010101023,32.4534406565657,0
2099,4,0,0,36,0.0,0.0,1.0,36,1100,600,500,0.5454545454545454,16,6,10,393.6826527209772,0.36218584656084657,0.187340254020683,0.25378310624454187,134900.65607278454,3421.6096273068083,138322.26570009135,2094,53,758.6111111111111,33,3,17,30.063578899768,0.6758207070707071,40.28799019607843,1038.8480392156866,31.480243612596563,0
2100,4,0,0,36,0.0,0.0,1.0,36,800,300,500,0.375,13,3,10,389.0296813812744,0.36177248677248675,0.18176100628930847,0.25144601357570173,134996.15532487506,3303.502258746635,138299.65758362168,2095,54,759.6111111111111,33,3,17,30.088934748427672,0.6767676767676767,40.19607843137255,1039.2156862745098,31.491384432560903,0
2101,4,0,0,36,0.0,0.0,1.0,36,1250,700,550,0.56,18,7,11,389.1749900291765,0.3607638888888889,0.18547013585924077,0.25176148668477866,135027.99591803647,3309.9037930123172,138337.89971104878,2096,55,760.6111111111111,33,3,17,30.053329992532323,0.6770833333333333,40.165441176470594,1039.3382352941187,31.49509803921572,0
2102,4,0,0,36,0.0,0.0,1.0,36,900,800,100,0.8888888888888888,10,8,2,389.43060735771013,0.3595734126984127,0.18555835432409773,0.25269590822156307,135138.10232426305,3325.382653061227,138463.48497732426,2097,56,761.6111111111111,34,2,17,29.936646057552853,0.6758578431372548,40.05952380952381,1039.7619047619048,30.581232492997202,0
2103,4,0,0,36,0.0,0.0,1.0,36,1000,600,400,0.6,14,6,8,389.3859656324663,0.35958994708994707,0.19189748487742797,0.25073007750134796,134859.7381660996,3302.4978741496393,138162.23604024923,2098,57,762.6111111111111,34,2,18,30.216093600764093,0.6731004901960785,40.32738095238094,1038.6904761904748,30.549719887955142,1
2104,4,0,0,36,0.0,0.0,1.0,36,750,600,150,0.8,9,6,3,387.96093446252223,0.35958994708994707,0.18769018244783164,0.25023910384733394,134921.57206632636,3268.859835600885,138190.43190192725,2099,58,763.6111111111111,34,2,18,30.191264657576113,0.6737132352941178,40.26785714285713,1038.92857142857,30.55672268907559,0
2105,4,0,0,36,0.0,0.0,1.0,36,900,600,300,0.6666666666666666,12,6,6,389.4860226282708,0.3598710317460318,0.1899315103371022,0.25143742644227374,134952.4943310655,3312.4220521541715,138264.91638321968,2100,59,764.6111111111111,34,2,18,30.120732126489454,0.6740196078431373,40.23809523809523,1039.0476190476172,30.5602240896358,0
2106,4,0,0,36,0.0,0.0,1.0,36,1350,1000,350,0.7407407407407407,17,10,7,387.3622444494305,0.35944113756613755,0.183721522209495,0.25049425141063164,135014.34948979583,3259.8922902494237,138274.24178004527,2101,60,765.6111111111111,34,2,18,30.114070255822845,0.6746323529411765,40.17857142857142,1039.2857142857138,30.567226890756288,0
2107,4,0,0,36,0.0,0.0,1.0,36,700,600,100,0.8571428571428571,8,6,2,385.64411363603523,0.3594246031746032,0.1832900647755764,0.24959664611980897,135045.2823837868,3215.8836451247066,138261.1660289115,2102,61,766.6111111111111,34,2,18,30.127801320963606,0.6749387254901962,40.14880952380952,1039.4047619047615,30.570728291316513,0
2108,4,0,0,36,0.0,0.0,1.0,36,750,500,250,0.6666666666666666,10,5,5,386.0659560470745,0.3586309523809524,0.17758765403838117,0.25115847043807066,135230.95415249432,3241.613520408163,138472.56767290249,2103,62,767.6111111111111,34,2,18,29.931374232192606,0.6767769607843137,39.970238095238095,1040.1190476190475,30.591736694677866,0
2109,4,0,0,36,0.0,0.0,1.0,36,1000,700,300,0.7,13,7,6,385.82832815797326,0.3577876984126984,0.1722921434019833,0.25165220806721544,135323.8378684807,3242.354024943309,138566.19189342402,2104,63,768.6111111111111,34,2,19,29.84482265446224,0.6776960784313726,39.88095238095238,1040.4761904761904,30.60224089635854,0
2110,4,0,0,36,0.0,0.0,1.0,36,750,700,50,0.9333333333333333,8,7,1,381.3867406966752,0.3577876984126984,0.16373080397470652,0.22338366240805269,131328.125,2817.361111111111,134145.48611111112,2105,64,769.6111111111111,34,2,20,33.97696476964769,0.6378676470588236,43.75,1025.0,30.147058823529413,7
2111,4,1,1,36,0.02702702702702703,0.02702702702702703,0.972972972972973,37,800,400,400,0.5,12,4,8,372.52448732902093,0.3626438938938939,0.15555101530504878,0.21938103197322997,131535.81700370798,2400.062558942041,133935.87956265002,2106,0,749.7837837837837,35,2,20,33.99396837037872,0.637797619047619,43.5474537037037,1025.810185185185,29.30886243386243,0
2112,4,1,1,36,0.02702702702702703,0.02702702702702703,0.972972972972973,37,700,400,300,0.5714285714285714,10,4,6,374.3771168000015,0.36236236236236236,0.15209141700626994,0.22115935340876838,131654.57182623885,2457.6918027692022,134112.26362900806,2107,0,750.7567567567568,35,2,15,33.826383406638854,0.6389880952380952,43.43171296296296,1026.273148148148,29.322089947089943,0
2113,4,2,2,36,0.05263157894736842,0.05263157894736842,0.9473684210526316,38,1100,900,200,0.8181818181818182,13,9,4,371.3086072026713,0.3680506164058796,0.15234091145022255,0.2214746633550053,132021.60564280508,2204.151702378065,134225.75734518314,2108,0,731.9473684210526,36,2,16,33.53445284535028,0.640625,43.07432432432433,1027.7027027027036,28.547297297297323,0
2114,4,0,0,36,0.0,0.0,1.0,36,1000,700,300,0.7,13,7,6,388.132836905599,0.3581018518518519,0.16895303604091017,0.23026367614495813,131816.67375283423,3032.475907029452,134849.14965986367,2109,68,773.6111111111111,34,2,17,33.309423062060425,0.6427696078431373,43.27380952380951,1026.90476190476,30.203081232492945,0
2115,4,1,0,37,0.02702702702702703,0.0,1.0,37,1050,900,150,0.8571428571428571,12,9,3,380.65065114834147,0.3653653653653654,0.16328157082237005,0.22805671176352058,132189.63162562138,2663.6138706704182,134853.24549629178,2110,0,753.6756756756756,35,2,20,33.12476552241607,0.6443452380952381,42.91087962962962,1028.35648148148,29.381613756613714,0
2116,4,0,0,37,0.0,0.0,1.0,37,1000,900,100,0.9,11,9,2,378.46875051222,0.3646771771771771,0.16522595469963908,0.22800434482077594,132398.0034722219,2621.865488897424,135019.86896111933,2111,1,754.6756756756756,34,3,20,32.970647773279346,0.6485906862745099,42.708333333333314,1029.166666666664,30.269607843137177,0
2117,4,0,0,37,0.0,0.0,1.0,37,1600,1300,300,0.8125,19,13,6,373.59929301855846,0.36423923923923923,0.15088976617066518,0.22650093377828104,132636.34366426594,2510.5688443072477,135146.91250857318,2112,2,755.6756756756756,35,2,16,32.85580524344568,0.648809523809524,42.47685185185184,1030.0925925925912,29.43121693121689,0
2118,4,0,0,37,0.0,0.0,1.0,37,900,700,200,0.7777777777777778,11,7,4,370.76515343921216,0.3646771771771771,0.14470069305518063,0.22531891884432084,132725.77649444848,2442.018577460537,135167.79507190903,2113,3,756.6756756756756,35,2,17,32.838766895054114,0.6497023809523811,42.39004629629628,1030.439814814813,29.441137566137513,0
2119,4,0,0,37,0.0,0.0,1.0,37,900,400,500,0.4444444444444444,14,4,10,371.11919093582827,0.3647397397397398,0.14123252955369758,0.22589312339600445,132785.41512613572,2455.8431659378953,135241.25829207362,2114,4,757.6756756756756,35,2,17,32.769628485869355,0.6502976190476192,42.33217592592591,1030.6712962962943,29.447751322751266,0
2120,4,0,0,37,0.0,0.0,1.0,37,1250,800,450,0.64,17,8,9,373.85696650110094,0.3647397397397398,0.1451550293561068,0.22883333004517925,132994.2558299039,2544.1658093278384,135538.42163923173,2115,5,758.6756756756756,35,2,17,32.48896618791143,0.6523809523809524,42.129629629629626,1031.4814814814808,29.470899470899454,0
2121,4,0,1,36,0.0,0.02702702702702703,0.972972972972973,37,700,400,300,0.5714285714285714,10,4,6,373.7905780788393,0.36455205205205204,0.14113002265139563,0.2289756304066456,133024.10361207562,2544.6313175154287,135568.73492959104,2116,6,759.6756756756756,35,2,18,32.460661393470204,0.6526785714285714,42.10069444444444,1031.5972222222222,29.474206349206348,0
2122,4,0,0,36,0.0,0.0,1.0,36,850,700,150,0.8235294117647058,10,7,3,383.7005249431109,0.35707671957671955,0.14621165486816512,0.2347726940753609,132980.61224489787,3004.946145124708,135985.55839002258,2117,76,781.6111111111111,34,2,19,32.248865035395504,0.6544117647058822,42.14285714285714,1031.4285714285706,30.33613445378149,0
2123,4,1,1,36,0.02702702702702703,0.02702702702702703,0.972972972972973,37,600,300,300,0.5,9,3,6,375.27484346804164,0.361549049049049,0.14000230326760943,0.23080696924468908,133173.39275763018,2595.324824245529,135768.7175818757,2118,0,761.4594594594595,35,2,19,32.272277042685204,0.6541666666666668,41.95601851851851,1032.175925925925,29.490740740740712,0
2124,4,0,0,36,0.0,0.0,1.0,36,1200,800,400,0.6666666666666666,16,8,8,383.74913029191606,0.3566468253968254,0.1534986543637067,0.23596489075396537,133164.85969387754,3020.3798185941064,136185.23951247166,2119,78,783.6111111111111,34,2,20,32.062187620146105,0.65625,41.964285714285715,1032.142857142857,30.357142857142858,0
2125,4,0,0,36,0.0,0.0,1.0,36,800,600,200,0.75,10,6,4,382.2573068920948,0.3567294973544974,0.15553441228103893,0.23524152647703014,133195.58000283447,2982.9967403628134,136178.57674319728,2120,79,784.6111111111111,34,2,20,32.06978241648407,0.6565563725490196,41.93452380952381,1032.2619047619048,30.360644257703083,0
2126,4,0,0,36,0.0,0.0,1.0,36,1000,800,200,0.8,12,8,4,382.61296683618843,0.3563161375661376,0.16119053108907822,0.2360444434094665,133287.76218820864,2999.5252267573687,136287.287414966,2121,80,785.6111111111111,34,2,20,31.967902159711006,0.6574754901960784,41.845238095238095,1032.6190476190477,30.371148459383758,0
2127,4,1,1,36,0.02702702702702703,0.02702702702702703,0.972972972972973,37,1150,800,350,0.6956521739130435,15,8,7,375.50950109429857,0.36226851851851855,0.1503773499296721,0.23413659401797354,133681.60211173288,2639.7423428926822,136321.34445462556,2122,0,765.3513513513514,35,2,20,31.75585245290058,0.6592261904761904,41.46412037037038,1034.14351851852,29.546957671957717,0
2128,4,1,1,36,0.02702702702702703,0.02702702702702703,0.972972972972973,37,500,400,100,0.8,6,4,2,372.3445792247646,0.36151776776776773,0.14909773822160544,0.23253972777999463,133741.45507812512,2559.58116319446,136301.03624131958,2123,0,766.3243243243244,35,2,16,31.7776518966096,0.6598214285714284,41.40625000000001,1034.375000000001,29.553571428571455,0
2129,4,0,0,36,0.0,0.0,1.0,36,750,400,350,0.5333333333333333,11,4,7,383.1708987904502,0.35578703703703707,0.15915138025430453,0.23875340221620175,133656.8098072563,3042.679988662137,136699.48979591843,2124,83,788.6111111111111,34,2,20,31.582671348530205,0.6611519607843137,41.48809523809524,1034.0476190476195,30.413165266106457,0
2130,4,0,0,36,0.0,0.0,1.0,36,600,400,200,0.6666666666666666,8,4,4,379.88406777706547,0.35520833333333335,0.1582898506241046,0.23710005609534085,133718.36734693882,2959.495464852612,136677.86281179142,2125,84,789.6111111111111,34,2,16,31.605854818907304,0.6617647058823529,41.42857142857143,1034.2857142857147,30.420168067226903,0
2131,4,0,0,36,0.0,0.0,1.0,36,1250,1100,150,0.88,14,11,3,371.56949784566115,0.35550595238095234,0.15797812531943167,0.23346592147874773,133964.73922902494,2755.4421768707466,136720.18140589568,2126,85,790.6111111111111,34,2,16,31.573903710518234,0.6642156862745099,41.19047619047619,1035.2380952380952,30.448179271708682,0
2132,4,0,0,36,0.0,0.0,1.0,36,900,700,200,0.7777777777777778,11,7,4,371.667228602014,0.35497685185185185,0.16091821874760504,0.2339190705050882,134026.36763038556,2762.6417233560205,136789.0093537416,2127,86,791.6111111111111,34,2,16,31.509638231010975,0.664828431372549,41.13095238095239,1035.476190476191,30.45518207282915,0
2133,4,0,0,36,0.0,0.0,1.0,36,700,500,200,0.7142857142857143,9,5,4,371.667228602014,0.35497685185185185,0.16091821874760504,0.2339190705050882,134026.36763038556,2762.6417233560205,136789.0093537416,2128,87,792.6111111111111,34,2,16,31.509638231010975,0.664828431372549,41.13095238095239,1035.476190476191,30.45518207282915,0
2134,4,0,0,36,0.0,0.0,1.0,36,700,600,100,0.8571428571428571,8,6,2,371.8636551160704,0.3547619047619048,0.16384067134153346,0.23423909745508298,134057.18714569157,2770.199121315189,136827.38626700675,2129,88,793.6111111111111,34,2,16,31.473684714718168,0.6651348039215685,41.101190476190474,1035.5952380952378,30.45868347338935,0
2135,4,0,0,36,0.0,0.0,1.0,36,1250,900,350,0.72,16,9,7,375.7879572802005,0.35510912698412694,0.16256527123469589,0.23750781352284558,134180.50063775503,2884.6832482993127,137065.18388605435,2130,89,794.6111111111111,34,2,17,31.248563713661948,0.666360294117647,40.982142857142854,1036.071428571428,30.472689075630235,0
2136,4,0,0,36,0.0,0.0,1.0,36,850,500,350,0.5882352941176471,12,5,7,374.58607119921044,0.3551587301587302,0.1556908390126861,0.2373468948952203,134273.0229591837,2859.3608276644054,137132.3837868481,2131,90,795.6111111111111,34,2,18,31.18706447660618,0.6672794117647058,40.892857142857146,1036.4285714285718,30.483193277310935,0
2137,4,0,0,36,0.0,0.0,1.0,36,1450,1100,350,0.7586206896551724,18,11,7,374.89819883245474,0.3553406084656085,0.15759656707091585,0.23895303631508244,134489.03238378675,2883.939200680258,137372.971584467,2132,91,796.6111111111111,34,2,19,30.962833314204833,0.6694240196078431,40.6845238095238,1037.261904761904,30.507703081232467,0
2138,4,0,0,36,0.0,0.0,1.0,36,300,200,100,0.6666666666666666,4,2,2,374.89819883245474,0.3553406084656085,0.15759656707091585,0.23895303631508244,134489.03238378675,2883.939200680258,137372.971584467,2133,92,797.6111111111111,34,2,19,30.962833314204833,0.6694240196078431,40.6845238095238,1037.261904761904,30.507703081232467,0
2139,4,0,0,36,0.0,0.0,1.0,36,1000,800,200,0.8,12,8,4,376.64007113670675,0.3554232804232804,0.1623323644893171,0.2406741099726932,134581.66099773243,2937.7692743764164,137519.43027210885,2134,93,798.6111111111111,34,2,20,30.825015297537096,0.670343137254902,40.595238095238095,1037.6190476190475,30.51820728291316,0
2140,4,0,0,36,0.0,0.0,1.0,36,1300,900,400,0.6923076923076923,17,9,8,374.03124367490284,0.3552414021164021,0.15509126574700338,0.24043290630627695,134797.91843820867,2883.726615646267,137681.64505385494,2135,94,799.6111111111111,34,2,15,30.676563873285193,0.6724877450980392,40.386904761904766,1038.4523809523814,30.54271708683475,0
2141,4,0,0,36,0.0,0.0,1.0,36,1050,800,250,0.7619047619047619,13,8,5,375.73675466461145,0.35477843915343915,0.15471461492430927,0.24235437235462384,134921.57206632633,2938.9987244897725,137860.5707908161,2136,95,800.6111111111111,34,2,16,30.50876589893435,0.6737132352941178,40.26785714285713,1038.9285714285697,30.55672268907558,0
2142,4,0,0,36,0.0,0.0,1.0,36,1050,700,350,0.6666666666666666,14,7,7,373.2176573782128,0.3542824074074074,0.15766195749013612,0.24134741843791085,135014.34948979583,2877.947845804978,137892.2973356008,2137,96,801.6111111111111,34,2,16,30.481576937762505,0.6746323529411765,40.17857142857142,1039.2857142857138,30.567226890756288,0
2143,4,0,1,35,0.0,0.027777777777777776,0.9722222222222222,36,850,600,250,0.7058823529411765,11,6,5,375.6808917643722,0.35393518518518513,0.16146489520100804,0.24314824803519125,135045.28238378663,2946.786422902468,137992.0688066891,2138,97,802.6111111111111,34,2,16,30.386696827396644,0.6749387254901962,40.14880952380951,1039.40476190476,30.570728291316474,0
2144,4,0,0,35,0.0,0.0,1.0,35,700,500,200,0.7142857142857143,9,5,4,378.8890572531916,0.35343137254901963,0.15672680108477732,0.245107406145257,135027.99591803635,3232.1260152345235,138260.1219332709,2139,98,809.7714285714286,33,2,17,30.320594073025966,0.6770833333333334,40.16544117647059,1039.3382352941178,31.49509803921569,0
2145,4,0,0,35,0.0,0.0,1.0,35,1100,700,400,0.6363636363636364,15,7,8,376.5848329926385,0.35346638655462187,0.15448038935012876,0.24404653462769688,135091.68836805553,3174.6961805555507,138266.3845486111,2140,99,810.7714285714286,33,2,17,30.31688376753506,0.6777146464646465,40.104166666666664,1039.5833333333333,31.50252525252525,0
2146,4,0,0,35,0.0,0.0,1.0,35,850,700,150,0.8235294117647058,10,7,3,377.96479367962723,0.35395658263305324,0.1522799575821847,0.2458074485792334,135219.11832288056,3221.6132316897256,138440.7315545703,2141,100,811.7714285714286,33,2,17,30.153838223164833,0.6789772727272728,39.98161764705882,1040.0735294117642,31.51737967914437,0
2147,4,0,0,35,0.0,0.0,1.0,35,1150,900,250,0.782608695652174,14,9,5,379.39752845286836,0.3542717086834734,0.15163825454790225,0.2471761795116192,135282.85582768638,3265.196228613983,138548.05205630037,2142,101,812.7714285714286,33,2,17,30.05298523579533,0.6796085858585859,39.920343137254896,1040.3186274509799,31.524806892453935,0
2148,4,0,0,35,0.0,0.0,1.0,35,850,700,150,0.8235294117647058,10,7,3,379.1365439282131,0.3541666666666667,0.15131751640585556,0.24722498140941085,135314.73021193765,3260.551831026516,138575.28204296416,2143,102,813.7714285714286,33,2,18,30.027974087161375,0.6799242424242424,39.889705882352935,1040.4411764705876,31.528520499108716,0
2149,4,0,0,35,0.0,0.0,1.0,35,750,500,250,0.6666666666666666,10,5,5,381.84213358212554,0.3538515406162465,0.15483870967741953,0.24987419743039851,135442.26529459812,3343.512711457115,138785.77800605525,2144,103,814.7714285714286,33,2,18,29.83037045757788,0.6811868686868687,39.76715686274509,1040.9313725490188,31.543374925727843,0
2150,4,0,0,35,0.0,0.0,1.0,35,750,700,50,0.9333333333333333,8,7,1,381.85356308141917,0.353921568627451,0.1491659940812482,0.25032622468670795,135506.05536332168,3348.6940119184733,138854.74937524015,2145,104,815.7714285714286,33,2,18,29.766458725674827,0.6818181818181819,39.70588235294117,1041.1764705882342,31.5508021390374,0
2151,4,0,0,35,0.0,0.0,1.0,35,800,500,300,0.625,11,5,6,382.14631759464305,0.3532563025210084,0.14532495040849946,0.25096440548062393,135569.8604503074,3361.504589580909,138931.3650398883,2146,105,816.7714285714286,33,2,19,29.69522240527182,0.682449494949495,39.644607843137244,1041.4215686274497,31.55822935234696,0
2152,4,0,0,35,0.0,0.0,1.0,35,1000,600,400,0.6,14,6,8,383.6319428835854,0.3527310924369748,0.14116658544372962,0.25261465115827714,135665.59624002778,3409.1312536043724,139074.72749363215,2147,106,817.7714285714286,33,2,19,29.56110555620907,0.6833964646464648,39.55269607843137,1041.7892156862738,31.569370172311327,0
2153,4,0,0,35,0.0,0.0,1.0,35,750,400,350,0.5333333333333333,11,4,7,369.9334961578691,0.3527310924369748,0.0837940738288363,0.2201742118512007,131938.95266439908,2761.727607709751,134700.68027210885,2148,107,818.7714285714286,34,1,17,33.653196214754736,0.6439950980392157,43.154761904761905,1027.3809523809523,30.21708683473389,8
2154,4,0,1,34,0.0,0.02857142857142857,0.9714285714285714,35,800,600,200,0.75,10,6,4,355.9862418980195,0.35283613445378154,0.09918974563326022,0.20751393125274803,131145.15306122456,2337.9712301587347,133483.12429138328,2149,108,819.7714285714286,34,1,19,34.81278087711141,0.6360294117647058,43.92857142857143,1024.285714285715,30.126050420168085,2
2155,4,0,0,34,0.0,0.0,1.0,34,650,400,250,0.6153846153846154,9,4,5,359.3847494975533,0.35325683303624483,0.101860844840449,0.20946567198748597,131139.7734645328,2625.926927143398,133765.7003916762,2150,109,834.3529411764706,33,1,19,34.73119566084391,0.6382575757575758,43.93382352941176,1024.2647058823525,31.03832442067735,0
2156,4,1,1,34,0.02857142857142857,0.02857142857142857,0.9714285714285714,35,800,500,300,0.625,11,5,6,349.7892526851458,0.3578781512605042,0.09531550660208321,0.20520334088041392,131389.14399092973,2191.702097505667,133580.8460884354,2151,0,811.4857142857143,34,1,20,34.72504451153428,0.6384803921568627,43.69047619047619,1025.2380952380954,30.154061624649867,0
2157,4,2,2,34,0.05555555555555555,0.05555555555555555,0.9444444444444444,36,900,500,400,0.5555555555555556,13,5,8,341.45903978516037,0.3685350529100529,0.0858267188509707,0.2016666383384422,131645.7436110095,1790.3258410437354,133436.06945205323,2152,0,789.8888888888889,36,0,16,34.679852957313734,0.636863425925926,43.44031531531531,1026.2387387387375,28.5066316316316,0
2158,4,1,1,34,0.02857142857142857,0.02857142857142857,0.9714285714285714,35,1300,800,500,0.6153846153846154,18,8,10,351.5881162999912,0.36022408963585434,0.10278753504559979,0.2075353022047752,131624.87809713656,2255.548589677649,133880.4266868142,2153,0,813.4285714285714,35,0,17,34.441029400706825,0.6386904761904761,43.46064814814815,1026.157407407408,29.318783068783087,0
2159,4,0,0,34,0.0,0.0,1.0,34,950,500,450,0.5263157894736842,14,5,9,357.1921398369226,0.3535910576351753,0.10331142550998806,0.21072135888120722,131602.82206632663,2601.4987244898048,134204.32079081642,2154,113,838.3529411764706,34,0,17,34.31952662721894,0.640625,43.48214285714286,1026.0714285714294,30.178571428571452,0
2160,4,0,0,34,0.0,0.0,1.0,34,850,600,250,0.7058823529411765,11,6,5,358.31558863214696,0.35282976827094475,0.10289343009931229,0.2122330794205796,131755.5555555557,2642.0138888889082,134397.5694444446,2155,114,839.3529411764706,34,0,18,34.136566558441565,0.642156862745098,43.33333333333334,1026.666666666668,30.19607843137259,0
2161,4,0,0,34,0.0,0.0,1.0,34,1200,1100,100,0.9166666666666666,13,11,2,358.82814340782954,0.352346999405823,0.1040629560426074,0.21287837448665323,131816.6737528345,2659.906462585038,134476.58021541953,2156,115,840.3529411764706,34,0,18,34.061751294535895,0.6427696078431373,43.273809523809526,1026.9047619047622,30.203081232493005,0
2162,4,0,0,34,0.0,0.0,1.0,34,750,500,250,0.6666666666666666,10,5,5,357.9850424994446,0.3532754010695187,0.09783468324742928,0.2127200376504967,131877.80612244914,2642.0564058957093,134519.86252834485,2157,116,841.3529411764706,34,0,18,34.02174123010353,0.6433823529411764,43.21428571428572,1027.1428571428585,30.210084033613484,0
2163,4,0,0,34,0.0,0.0,1.0,34,1050,800,250,0.7619047619047619,13,8,5,358.81558242666233,0.353869578134284,0.09588126260698893,0.21390166488307666,132000.11337868485,2672.739512471655,134672.8528911565,2158,117,842.3529411764706,34,0,18,33.877094918134055,0.6446078431372548,43.095238095238095,1027.619047619048,30.22408963585435,0
2164,4,0,0,34,0.0,0.0,1.0,34,750,600,150,0.8,9,6,3,359.00740613083735,0.3542966428995841,0.08952961613133947,0.21453487556676676,132091.8810232426,2684.392715419498,134776.2737386621,2159,118,843.3529411764706,34,0,18,33.77967573827447,0.6455269607843137,43.00595238095238,1027.9761904761904,30.234593837535012,0
2165,4,0,0,34,0.0,0.0,1.0,34,600,500,100,0.8333333333333334,7,5,2,355.0965522968171,0.3546865715983363,0.04837777991720427,0.19904953527830743,129625.34722222218,2405.9027777777737,132031.24999999994,2160,119,844.3529411764706,34,0,18,36.376500272776866,0.6207107843137255,45.416666666666664,1018.3333333333329,29.95098039215685,8
2166,4,2,1,35,0.05555555555555555,0.027777777777777776,0.9722222222222222,36,600,400,200,0.6666666666666666,8,4,4,339.4129825853467,0.36843584656084655,0.04639235306380196,0.19281636584362558,130147.65346004802,1634.760647471811,131782.41410751984,2161,0,798.3888888888889,36,0,19,36.24599933782144,0.6218171296296295,44.90427927927929,1020.3828828828839,28.343968968968998,0
2167,4,0,0,35,0.0,0.0,1.0,35,1100,1000,100,0.9090909090909091,12,10,2,345.47143350313354,0.3610294117647059,0.04994084758123396,0.19609341186929294,130114.93866008647,1990.1988758144616,132105.13753590093,2162,1,822.2,35,0,20,36.124621856683696,0.6235119047619049,44.93634259259259,1020.2546296296287,29.150132275132247,0
2168,4,1,0,36,0.027777777777777776,0.0,1.0,36,700,500,200,0.7142857142857143,9,5,4,337.56942452340894,0.36555886243386243,0.05097209630301203,0.192921800647316,130380.76560356647,1602.5957272376495,131983.36133080412,2163,0,800.3333333333334,35,1,21,36.05696585071019,0.6261904761904762,44.675925925925924,1021.2962962962958,29.179894179894166,0
2169,4,1,1,36,0.02702702702702703,0.02702702702702703,0.972972972972973,37,500,400,100,0.8,6,4,2,329.76630315172775,0.37218468468468463,0.045703223885042776,0.18928710949411318,130550.14209733381,1210.2075470741042,131760.34964440792,2164,0,779.6756756756756,36,1,15,36.08494031221305,0.6258680555555556,44.51013513513514,1021.9594594594594,28.387762762762762,0
2170,4,1,2,35,0.02702702702702703,0.05405405405405406,0.9459459459459459,37,750,400,350,0.5333333333333333,11,4,7,330.6664904034471,0.367774024024024,0.04297764769286205,0.19008611357771316,130607.6912004911,1237.5173737927184,131845.2085742838,2165,0,780.6486486486486,36,1,15,36.00377327310786,0.6264467592592593,44.45382882882883,1022.1846846846852,28.394019019019034,0
2171,4,1,1,35,0.027777777777777776,0.027777777777777776,0.9722222222222222,36,650,500,150,0.7692307692307693,8,5,3,338.2921539961515,0.36304563492063496,0.04945124100085585,0.19392487892714436,130498.99798525362,1629.3574245541643,132128.3554098078,2166,0,803.25,35,1,15,35.91885666817703,0.6273809523809524,44.560185185185176,1021.759259259258,29.193121693121658,0
2172,4,1,1,35,0.027777777777777776,0.027777777777777776,0.9722222222222222,36,1000,700,300,0.7,13,7,6,339.52622873345916,0.36777447089947085,0.042949879227052845,0.1952275815217391,130617.28395061729,1669.5987654320952,132286.88271604938,2167,0,804.2222222222222,35,1,16,35.76766304347824,0.6285714285714286,44.44444444444444,1022.2222222222223,29.20634920634921,0
2173,4,0,0,35,0.0,0.0,1.0,35,500,300,200,0.6,7,3,4,344.86234515666234,0.3600140056022409,0.04521193092621689,0.19754055293302142,130469.43486636235,1998.7990558556305,132468.23392221797,2168,7,828.2,35,0,21,35.78096087761036,0.6270833333333332,44.589120370370374,1021.6435185185189,29.189814814814827,0
2174,4,0,0,35,0.0,0.0,1.0,35,900,400,500,0.4444444444444444,14,4,10,342.75153298302297,0.3594887955182073,0.03867335382624226,0.19678127673862755,130558.13426997598,1949.80013288752,132507.9344028635,2169,8,829.2,35,0,17,35.74509248773123,0.6279761904761905,44.50231481481482,1021.9907407407406,29.199735449735446,0
2175,4,0,1,34,0.0,0.02857142857142857,0.9714285714285714,35,650,600,50,0.9230769230769231,7,6,1,350.113629441937,0.35896358543417367,0.039090600610790505,0.20270822514054787,130883.62328800156,2164.8280767746924,133048.45136477627,2170,9,830.2,35,0,19,35.227561927383775,0.6312499999999999,44.18402777777778,1023.263888888889,29.236111111111114,2
2176,4,0,0,34,0.0,0.0,1.0,34,800,600,200,0.75,10,6,4,356.39387457228685,0.3525141117052882,0.04922492557232294,0.20627645467668743,130870.9343112246,2528.3198696145223,133399.2541808391,2171,130,855.3529411764706,34,0,19,35.079745976342835,0.6332720588235293,44.19642857142858,1023.2142857142866,30.094537815126074,0
2177,4,2,1,35,0.05555555555555555,0.027777777777777776,0.9722222222222222,36,450,300,150,0.6666666666666666,6,3,3,345.254791685591,0.3653935185185185,0.06690879594052324,0.20329191321680978,131530.20154867697,1882.2864672104483,133412.48801588741,2172,0,808.7777777777778,36,0,20,34.69896988326564,0.6357060185185186,43.552927927927925,1025.7882882882877,28.494119119119105,0
2178,4,0,0,35,0.0,0.0,1.0,35,850,600,250,0.7058823529411765,11,6,5,353.22672908361073,0.3572478991596639,0.06943844144115108,0.20721075272997502,131387.4488275891,2281.9117584019136,133669.36058599103,2173,1,832.8857142857142,35,0,20,34.63865056069843,0.6363095238095238,43.692129629629626,1025.231481481481,29.29232804232803,0
2179,4,0,0,35,0.0,0.0,1.0,35,900,700,200,0.7777777777777778,11,7,4,354.441551294529,0.3574579831932773,0.07011931634956459,0.20824616342636107,131446.7860510973,2318.0405521261864,133764.82660322348,2174,2,833.8857142857142,35,0,21,34.54759217456734,0.6369047619047619,43.63425925925925,1025.4629629629621,29.298941798941776,0
2180,4,1,1,35,0.027777777777777776,0.027777777777777776,0.9722222222222222,36,1100,800,300,0.7272727272727273,14,8,6,344.03921875929564,0.36306216931216934,0.060656477012334564,0.20365334533829485,131732.43344696052,1864.2246976706474,133596.65814463116,2175,0,811.6944444444445,36,0,17,34.5262907708059,0.6377314814814815,43.35585585585586,1026.576576576577,28.516016016016028,0
2181,4,0,0,35,0.0,0.0,1.0,35,900,600,300,0.6666666666666666,12,6,6,350.9286242889787,0.3574229691876751,0.07053591569720608,0.20714601750639716,131624.87809713645,2238.187478566523,133863.06557570296,2176,4,835.8857142857142,35,0,17,34.457947966012476,0.6386904761904761,43.460648148148145,1026.1574074074072,29.318783068783063,0
2182,4,0,0,35,0.0,0.0,1.0,35,750,500,250,0.6666666666666666,10,5,5,350.67320245879546,0.3572478991596639,0.07075198144210293,0.20731799729363995,131684.26890432104,2235.6288580246937,133919.89776234573,2177,5,836.8857142857142,35,0,17,34.40460081190798,0.6392857142857142,43.40277777777778,1026.3888888888894,29.32539682539684,0
2183,4,0,0,35,0.0,0.0,1.0,35,1100,900,200,0.8181818181818182,13,9,4,353.65711137092103,0.3579481792717087,0.07048026919547246,0.2098996353976043,131832.80452942825,2324.7217667609816,134157.52629618923,2178,6,837.8857142857142,35,0,20,34.17824204515571,0.6407738095238095,43.258101851851855,1026.9675925925933,29.341931216931236,0
2184,4,0,0,35,0.0,0.0,1.0,35,1250,1100,150,0.88,14,11,3,350.2423856759219,0.35707282913165267,0.06830899852061512,0.20967340662701406,132159.87761488336,2257.598165294915,134417.47578017827,2179,7,838.8857142857142,35,0,21,33.936477562659455,0.644047619047619,42.93981481481481,1028.2407407407402,29.378306878306862,0
2185,4,0,0,35,0.0,0.0,1.0,35,850,600,250,0.7058823529411765,11,6,5,350.3071313842089,0.35714285714285715,0.06528407446705908,0.21004245408097713,132219.3889853395,2263.47897376543,134482.86795910491,2180,8,839.8857142857142,35,0,22,33.8749155975692,0.6446428571428571,42.88194444444444,1028.4722222222222,29.384920634920633,0
2186,4,0,0,35,0.0,0.0,1.0,35,900,600,300,0.6666666666666666,12,6,6,350.9799182863673,0.3572478991596639,0.06016390808291838,0.21111038386778108,132338.45191400885,2289.6278077846337,134628.07972179347,2181,9,840.8857142857142,35,0,22,33.737814023247104,0.6458333333333334,42.7662037037037,1028.9351851851848,29.398148148148135,0
2187,4,0,0,35,0.0,0.0,1.0,35,750,400,350,0.5333333333333333,11,4,7,364.3640652516467,0.35826330532212886,0.10072682832700797,0.21812738245927457,132159.87761488368,2630.8620541838445,134790.73966906752,2182,10,841.8857142857142,35,0,14,33.573465405973295,0.644047619047619,42.93981481481483,1028.240740740743,29.37830687830694,2
2188,4,0,0,35,0.0,0.0,1.0,35,800,500,300,0.625,11,5,6,365.2188012334178,0.358578431372549,0.10303079025645179,0.21881112939709516,132189.63162562175,2655.6277595593483,134845.2593851811,2183,11,842.8857142857142,35,0,14,33.52150159444757,0.6443452380952379,42.91087962962964,1028.356481481483,29.381613756613795,0
2189,4,0,0,35,0.0,0.0,1.0,35,550,300,250,0.5454545454545454,8,3,5,363.9452774960317,0.3582983193277311,0.10115578131781588,0.2183917407904954,132249.14969403733,2626.2906968021407,134875.44039083947,2184,12,843.8857142857142,35,0,15,33.49426596901841,0.644940476190476,42.85300925925927,1028.587962962964,29.38822751322754,0
2190,4,0,0,35,0.0,0.0,1.0,35,950,600,350,0.631578947368421,13,6,7,366.57463671903344,0.35843837535014006,0.1015387580712519,0.22118825094837774,132457.56842635482,2711.1170053155265,135168.68543167034,2185,13,844.8857142857142,35,0,16,33.216681658046625,0.6470238095238093,42.650462962962976,1029.39814814815,29.41137566137572,0
2191,4,1,1,35,0.027777777777777776,0.027777777777777776,0.9722222222222222,36,550,300,250,0.5454545454545454,8,3,5,360.8441179122448,0.3634920634920635,0.08692089160839167,0.21957748451681308,132774.93709926165,2382.2110116873905,135157.14811094903,2186,0,822.3888888888889,36,0,14,33.044917322261085,0.648148148148148,42.342342342342356,1030.6306306306324,28.628628628628675,0
2192,4,0,0,35,0.0,0.0,1.0,35,850,700,150,0.8235294117647058,10,7,3,369.7562832633593,0.3573529411764706,0.09104856051609622,0.22452731470739595,132695.96220207473,2813.033157578874,135508.9953596536,2187,15,846.8857142857142,35,0,14,32.8947614768217,0.6494047619047618,42.41898148148148,1030.324074074074,29.437830687830683,0
2193,4,0,1,34,0.0,0.02857142857142857,0.9714285714285714,35,650,400,250,0.6153846153846154,9,4,5,369.7562832633593,0.3573529411764706,0.09104856051609622,0.22452731470739595,132695.96220207473,2813.033157578874,135508.9953596536,2188,16,847.8857142857142,35,0,14,32.8947614768217,0.6494047619047618,42.41898148148148,1030.324074074074,29.437830687830683,0
2194,4,1,0,35,0.02857142857142857,0.0,1.0,35,950,800,150,0.8421052631578947,11,8,3,361.7819880160776,0.3671918767507003,0.09302385226981302,0.22144238167577493,132994.2558299039,2622.985253772284,135617.2410836762,2189,0,835.9714285714285,35,0,15,32.80034410532616,0.6523809523809524,42.129629629629626,1031.4814814814808,29.470899470899454,0
2195,4,0,0,35,0.0,0.0,1.0,35,500,300,200,0.6,7,3,4,362.9501538118917,0.36638655462184877,0.09346453411968403,0.22251290722690514,133053.9547432269,2658.3906678669273,135712.34541109382,2190,1,836.9714285714285,35,0,15,32.710249794331034,0.6529761904761905,42.07175925925925,1031.712962962962,29.477513227513196,0
2196,4,1,1,35,0.027777777777777776,0.027777777777777776,0.9722222222222222,36,1000,900,100,0.9,11,9,2,355.88188831046335,0.3696924603174603,0.09135553374292615,0.21944055372687554,133268.65875588427,2285.5803861293734,135554.23914201366,2191,0,814.6944444444445,36,0,15,32.677136728832664,0.6530671296296295,41.86373873873874,1032.545045045045,28.681806806806808,0
2197,4,0,0,35,0.0,0.0,1.0,35,750,500,250,0.6666666666666666,10,5,5,364.30458463155594,0.3660014005602241,0.09781637001554011,0.2238803570750917,133143.5282305597,2700.9595496827674,135844.48778024246,2192,3,838.9714285714285,35,0,15,32.58534727673732,0.6538690476190477,41.984953703703695,1032.060185185184,29.487433862433832,0
2198,4,1,1,35,0.027777777777777776,0.027777777777777776,0.9722222222222222,36,800,600,200,0.75,10,6,4,357.31947173101645,0.3691798941798942,0.09276215391323306,0.2211908794642608,133414.04537983934,2334.287243324411,135748.33262316376,2193,0,816.6388888888889,36,0,15,32.494231887217495,0.6545138888888888,41.722972972972975,1033.1081081081084,28.697447447447455,0
2199,4,0,0,35,0.0,0.0,1.0,35,650,500,150,0.7692307692307693,8,5,3,365.24764222083695,0.3658263305322129,0.0989365791159511,0.22500061937913426,133233.13185871052,2732.617455418375,135965.7493141289,2194,5,840.9714285714285,35,0,15,32.47103886397608,0.6547619047619049,41.898148148148145,1032.4074074074072,29.49735449735449,0
2200,4,0,0,35,0.0,0.0,1.0,35,700,300,400,0.42857142857142855,11,3,8,364.9624771038309,0.36526610644257707,0.09612601652045871,0.22554883280294916,133352.6502486282,2733.742712620022,136086.39296124823,2195,6,841.9714285714285,35,0,16,32.358434184969376,0.655952380952381,41.782407407407405,1032.8703703703698,29.51058201058199,0
2201,4,0,0,35,0.0,0.0,1.0,35,800,500,300,0.625,11,5,6,364.46126685968517,0.3653711484593838,0.09334933973589443,0.22542043012631252,133382.53821855705,2722.553771219134,136105.09198977618,2196,7,842.9714285714285,35,0,16,32.34138655462185,0.65625,41.75347222222222,1032.9861111111109,29.513888888888882,0
2202,4,0,0,35,0.0,0.0,1.0,35,950,700,250,0.7368421052631579,12,7,5,364.40739995690126,0.36540616246498603,0.09079357967002188,0.22575051071584015,133442.32420535403,2725.4740815757805,136167.7982869298,2197,8,843.9714285714285,35,0,16,32.28279843919195,0.6568452380952381,41.69560185185185,1033.2175925925922,29.52050264550263,0
2203,4,0,0,35,0.0,0.0,1.0,35,600,400,200,0.6666666666666666,8,4,4,362.8791753087716,0.36544117647058827,0.08847554674662472,0.2251773425591513,133503.88259623674,2689.162461367803,136193.04505760456,2198,9,844.9714285714285,33,2,17,32.26053895410886,0.6619318181818183,41.63602941176469,1033.455882352939,31.31684491978603,0
2204,4,0,0,35,0.0,0.0,1.0,35,850,400,450,0.47058823529411764,13,4,9,370.12717564283207,0.36568627450980395,0.08315461777931543,0.22815302020968609,133257.03125,2864.4097222222217,136121.44097222222,2199,10,845.9714285714285,34,1,17,32.321092278719405,0.6571691176470589,41.875,1032.5,30.36764705882353,2
2205,4,0,1,34,0.0,0.02857142857142857,0.9714285714285714,35,1000,700,300,0.7,13,7,6,371.08457090895405,0.36509103641456586,0.0860304287690179,0.22931123484373822,133349.23469387757,2896.7687074829914,136246.00340136056,2200,11,846.9714285714285,34,1,17,32.203780544029506,0.6580882352941178,41.785714285714285,1032.857142857143,30.378151260504204,0
2206,4,0,0,34,0.0,0.0,1.0,34,700,400,300,0.5714285714285714,10,4,6,379.7740640808132,0.3566547831253714,0.1005640803674901,0.2342588773019716,133282.33882401,3323.435097078049,136605.77392108802,2201,29,872.5588235294117,33,1,17,32.04664134820793,0.6597222222222222,41.85049019607843,1032.5980392156864,31.29084967320262,0
2207,4,0,0,34,0.0,0.0,1.0,34,800,600,200,0.75,10,6,4,377.5479794902476,0.35654337492572785,0.09494960775007688,0.23328257852960457,133345.6182718185,3268.873750480584,136614.4920222991,2202,30,873.5588235294117,33,1,17,32.0405196962506,0.6603535353535354,41.78921568627451,1032.8431372549019,31.298276886512177,0
2208,4,0,0,34,0.0,0.0,1.0,34,850,500,350,0.5882352941176471,12,5,7,376.25305878395466,0.35648767082590616,0.08949814061551598,0.2330778500079,133440.56560277293,3241.4841947808495,136682.04979755377,2203,31,874.5588235294117,33,1,18,31.978585972403433,0.661300505050505,41.697303921568626,1033.210784313725,31.309417706476516,0
2209,4,0,0,34,0.0,0.0,1.0,34,950,800,150,0.8421052631578947,11,8,3,377.1090717147634,0.3562091503267974,0.0864601674512202,0.23401347626879004,133504.8420601215,3269.181166309265,136774.02322643076,2204,32,875.5588235294117,32,2,19,31.89192628792508,0.6643880208333333,41.63510101010102,1033.4595959595968,32.2956123737374,0
2210,4,0,0,34,0.0,0.0,1.0,34,1050,800,250,0.7619047619047619,13,8,5,375.57464369304853,0.3564319667260844,0.08314831978962367,0.23347225572627084,133570.09369260786,3233.1080693296562,136803.20176193753,2205,33,876.5588235294117,32,2,20,31.866068156834015,0.6650390625,41.571969696969695,1033.7121212121208,32.303503787878775,0
2211,4,0,0,34,0.0,0.0,1.0,34,900,400,500,0.4444444444444444,14,4,10,373.84910571723776,0.35619058229352346,0.09062702003878509,0.23301553849499054,133668.0010330578,3194.3325298438917,136862.3335629017,2206,34,877.5588235294117,32,2,20,31.812423687423696,0.666015625,41.47727272727273,1034.0909090909088,32.3153409090909,0
2212,4,0,0,34,0.0,0.0,1.0,34,950,700,250,0.7368421052631579,12,7,5,375.1376271247863,0.3568218954248366,0.09726849724264719,0.23423227449742767,133733.2925211714,3233.678004795437,136966.9705259668,2207,35,878.5588235294117,32,2,15,31.713612874348957,0.6666666666666666,41.41414141414142,1034.3434343434349,32.32323232323234,0
2213,4,0,0,34,0.0,0.0,1.0,34,700,400,300,0.5714285714285714,10,4,6,376.0599458732282,0.35656194295900173,0.09608896035836834,0.2352240608003995,133798.5999515356,3263.2588511376443,137061.85880267326,2208,36,879.5588235294117,32,2,15,31.624257586852167,0.6673177083333333,41.351010101010104,1034.59595959596,32.33112373737375,0
2214,4,0,0,34,0.0,0.0,1.0,34,1200,900,300,0.75,15,9,6,375.5118275713418,0.3550393642305407,0.09160053384613187,0.23571561733766175,133929.26263901652,3258.4044357718726,137187.6670747884,2209,37,880.5588235294117,32,2,15,31.507430674148164,0.6686197916666666,41.22474747474748,1035.1010101010108,32.34690656565659,0
2215,4,0,0,34,0.0,0.0,1.0,34,650,300,350,0.46153846153846156,10,3,7,373.13310892148394,0.3549093879976233,0.08581091258598317,0.23484763056524083,134027.3015030353,3202.004738036921,137229.30624107222,2210,38,881.5588235294117,32,2,15,31.470755598910703,0.6695963541666667,41.1300505050505,1035.4797979797972,32.358743686868664,0
2216,4,0,0,34,0.0,0.0,1.0,34,1050,900,150,0.8571428571428571,12,9,3,374.226424136732,0.3537396019013666,0.08404795365245121,0.2361656602782882,134125.37623711856,3238.651987042126,137364.0282241607,2211,39,882.5588235294117,32,2,15,31.344212172923783,0.6705729166666667,41.03535353535353,1035.858585858585,32.37058080808078,0
2217,4,0,0,34,0.0,0.0,1.0,34,750,600,150,0.8,9,6,3,374.2569845251532,0.3532939691027926,0.08807759028544426,0.23660653428454576,134190.7793209875,3244.367283950601,137435.14660493808,2212,40,883.5588235294117,32,2,15,31.27792672028597,0.6712239583333335,40.972222222222214,1036.11111111111,32.378472222222186,0
2218,4,0,0,34,0.0,0.0,1.0,34,900,800,100,0.8888888888888888,10,8,2,373.9238141650422,0.3526997920380273,0.08974028207774332,0.23681841563785996,134256.19834710745,3240.317952249765,137496.5162993572,2213,41,884.5588235294117,32,2,15,31.221064814814802,0.671875,40.90909090909091,1036.3636363636363,32.38636363636363,0
2219,4,0,0,34,0.0,0.0,1.0,34,650,500,150,0.7692307692307693,8,5,3,373.5505703658976,0.35199420677361853,0.0921114852762055,0.23700542370201066,134321.63331547796,3235.184547495144,137556.8178629731,2214,42,885.5588235294117,32,2,16,31.165245635403977,0.6725260416666667,40.84595959595959,1036.6161616161612,32.39425505050504,0
2220,4,0,0,34,0.0,0.0,1.0,34,1200,700,500,0.5833333333333334,17,7,10,371.84543831049047,0.3520313428401664,0.0906994068937852,0.2363463420592685,134387.08422609937,3194.244847464546,137581.32907356392,2215,43,886.5588235294117,32,2,17,31.143955999350542,0.6731770833333334,40.782828282828284,1036.8686868686868,32.402146464646464,0
2221,4,0,0,34,0.0,0.0,1.0,34,700,600,100,0.8571428571428571,8,6,2,370.6674954777812,0.35186423054070115,0.09129998925924654,0.2362322323778099,134485.29048375154,3169.865160442801,137655.15564419434,2216,44,887.5588235294117,32,2,18,31.076283221748835,0.6741536458333335,40.68813131313131,1037.2474747474737,32.41398358585855,0
2222,4,0,0,34,0.0,0.0,1.0,34,1100,800,300,0.7272727272727273,14,8,6,371.12304640247766,0.35216131907308373,0.08540042523033353,0.23694779116465856,134550.78124999985,3186.9791666666524,137737.7604166665,2217,45,888.5588235294117,32,2,18,30.998995983935757,0.6748046875,40.62499999999999,1037.4999999999989,32.421874999999964,0
2223,4,0,0,34,0.0,0.0,1.0,34,1300,1000,300,0.7692307692307693,16,10,6,371.86026324239504,0.3525141117052882,0.08351881937834138,0.23784587576569988,134616.28795849907,3211.6896553923025,137827.9776138914,2218,46,889.5588235294117,32,2,18,30.91439550634708,0.6754557291666667,40.561868686868685,1037.752525252525,32.429766414141405,0
2224,4,0,0,34,0.0,0.0,1.0,34,900,600,300,0.6666666666666666,12,6,6,370.1506616353619,0.352978312537136,0.08010788844849537,0.23739303743884121,134714.57791296803,3172.9380292827245,137887.51594225076,2219,47,890.5588235294117,32,2,20,30.86054690667316,0.6764322916666667,40.467171717171716,1038.131313131313,32.44160353535353,0
2225,4,0,0,34,0.0,0.0,1.0,34,750,500,250,0.6666666666666666,10,5,5,368.2856134762123,0.35210561497326204,0.07788915979665245,0.23726591558878588,134878.47421500343,3134.760324201594,138013.23453920503,2220,48,891.5588235294117,32,2,18,30.745310157611122,0.6780598958333335,40.309343434343425,1038.7626262626252,32.46133207070704,0
2226,4,0,0,34,0.0,0.0,1.0,34,800,600,200,0.75,10,6,4,368.2856134762123,0.35210561497326204,0.07788915979665245,0.23726591558878588,134878.47421500343,3134.760324201594,138013.23453920503,2221,49,892.5588235294117,32,2,18,30.745310157611122,0.6780598958333335,40.309343434343425,1038.7626262626252,32.46133207070704,0
2227,4,0,0,34,0.0,0.0,1.0,34,1050,900,150,0.8571428571428571,12,9,3,365.6050086861477,0.3517342543077837,0.07931419013102903,0.2359657738414359,134944.0606347566,3067.244892102839,138011.30552685945,2222,50,893.5588235294117,32,2,18,30.749483533843716,0.6787109375,40.24621212121212,1039.015151515151,32.46922348484847,0
2228,4,0,0,34,0.0,0.0,1.0,34,1050,900,150,0.8571428571428571,12,9,3,368.4854903616491,0.351437165775401,0.0859346532248273,0.23868930308005162,135075.28130101514,3154.6562531884506,138229.93755420359,2223,51,894.5588235294117,32,2,18,30.54374671039315,0.6800130208333334,40.119949494949495,1039.5202020202016,32.4850063131313,0
2229,4,0,0,34,0.0,0.0,1.0,34,800,500,300,0.625,11,5,6,367.98973897143776,0.35117721330956625,0.085714387733969,0.23923689659887393,135206.56573627688,3150.9257665034106,138357.4915027803,2224,52,895.5588235294117,32,2,18,30.425721338675075,0.6813151041666667,39.993686868686865,1040.0252525252522,32.50078914141413,0
2230,4,0,0,34,0.0,0.0,1.0,34,950,700,250,0.7368421052631579,12,7,5,368.6446191718023,0.35114007724301843,0.08713578889499751,0.24009984326928674,135272.23186728393,3173.4760802469177,138445.70794753084,2225,53,896.5588235294117,32,2,19,30.343235425011137,0.6819661458333334,39.93055555555556,1040.2777777777776,32.50868055555555,0
2231,4,0,0,34,0.0,0.0,1.0,34,700,400,300,0.5714285714285714,10,4,6,364.97630140962644,0.35193850267379684,0.08868481890572855,0.2387987800651556,135436.46694214878,3086.220156106521,138522.6870982553,2226,54,897.5588235294117,32,2,19,30.275048520135865,0.68359375,39.77272727272727,1040.909090909091,32.52840909090909,0
2232,4,0,1,33,0.0,0.029411764705882353,0.9705882352941176,34,700,600,100,0.8571428571428571,8,6,2,366.7726152322275,0.35201277480689247,0.0891626599706099,0.24041390979371605,135502.18887103355,3139.6984363840397,138641.88730741758,2227,55,898.5588235294117,32,2,19,30.16285673862075,0.6842447916666667,39.70959595959596,1041.161616161616,32.5363005050505,0
2233,4,0,0,33,0.0,0.0,1.0,33,900,600,300,0.6666666666666666,12,6,6,380.6868035486532,0.3524700126262626,0.09186044307995522,0.24927035170937614,135464.19143676758,3713.886006673177,139178.07744344076,2228,56,909.8181818181819,31,2,19,29.838570981863665,0.686491935483871,39.74609375,1041.015625,33.581149193548384,0
2234,4,0,0,33,0.0,0.0,1.0,33,550,400,150,0.7272727272727273,7,4,3,381.42511824465805,0.3524305555555556,0.09006029740842436,0.25024764917770065,135535.05581382004,3739.294938016533,139274.35075183658,2229,57,910.8181818181819,32,1,19,29.748696495695405,0.6845703125,39.678030303030305,1041.287878787879,32.54024621212122,0
2235,4,0,0,33,0.0,0.0,1.0,33,650,500,150,0.7692307692307693,8,5,3,381.55173880093264,0.3524700126262626,0.08601960935577146,0.2507904616230195,135600.80165608102,3747.744330935618,139348.54598701664,2230,58,911.8181818181819,32,1,19,29.679860185072947,0.6852213541666667,39.61489898989899,1041.540404040404,32.54813762626262,0
2236,4,0,0,33,0.0,0.0,1.0,33,800,500,300,0.625,11,5,6,382.1992879561471,0.352667297979798,0.08582260550764498,0.25168530888371465,135667.5910949707,3770.415328607403,139438.0064235781,2231,59,912.8181818181819,31,2,20,29.596430654501525,0.688508064516129,39.55078125,1041.796875,33.606350806451616,0
2237,4,0,0,33,0.0,0.0,1.0,33,950,600,350,0.631578947368421,13,6,7,383.26771718717384,0.3530224116161616,0.08825066460657505,0.25262835856110105,135701.50587293846,3802.0012749566076,139503.50714789506,2232,60,913.8181818181819,31,2,20,29.53480379905022,0.6888440860215053,39.51822916666667,1041.9270833333342,33.610551075268845,0
2238,4,1,1,33,0.029411764705882353,0.029411764705882353,0.9705882352941176,34,300,100,200,0.3333333333333333,5,1,4,375.94609806002245,0.3575274806892454,0.08044438114228725,0.24962337379226587,135962.6887562495,3422.9284639322677,139385.61722018177,2233,0,887.9117647058823,32,2,18,29.46554681194511,0.6888020833333333,39.267676767676775,1042.929292929294,32.59154040404044,0
2239,4,0,0,33,0.0,0.0,1.0,33,1050,600,450,0.5714285714285714,15,6,9,382.1049431447353,0.3528645833333333,0.08711479043278514,0.2532441910504994,135896.85523160893,3785.372028364443,139682.22725997338,2234,62,915.8181818181819,32,1,19,29.370509405021387,0.6881510416666667,39.330808080808076,1042.676767676767,32.58364898989897,0
2240,4,0,0,33,0.0,0.0,1.0,33,850,800,50,0.9411764705882353,9,8,1,378.9177678762979,0.3532986111111111,0.08772142194246046,0.2518294191815043,135995.61149691365,3706.2307098765496,139701.8422067902,2235,63,916.8181818181819,32,1,19,29.35530403905904,0.6891276041666666,39.236111111111114,1043.055555555556,32.59548611111113,0
2241,4,0,0,33,0.0,0.0,1.0,33,850,500,350,0.5882352941176471,12,5,7,378.049172814719,0.3535748106060606,0.09115116304658799,0.2514848845245739,136028.53822314047,3685.095270890721,139713.63349403118,2236,64,917.8181818181819,32,1,19,29.345194868070692,0.689453125,39.20454545454545,1043.1818181818178,32.599431818181806,0
2242,4,0,0,33,0.0,0.0,1.0,33,1000,800,200,0.8,12,8,4,377.0978111353827,0.3526278409090909,0.0887320226942867,0.252252807642989,136226.18227731864,3674.1190312213052,139900.30130853996,2237,65,918.8181818181819,32,1,20,29.17347000483793,0.69140625,39.015151515151516,1043.939393939394,32.62310606060606,0
2243,4,0,0,33,0.0,0.0,1.0,33,800,500,300,0.625,11,5,6,377.44395543299333,0.3524305555555556,0.09393170002527973,0.2531905073305993,136325.05810950417,3691.0138314967894,140016.07194100096,2238,66,919.8181818181819,32,1,21,29.066164913553372,0.6923828125,38.92045454545455,1044.3181818181822,32.634943181818194,0
2244,4,0,0,33,0.0,0.0,1.0,33,1000,900,100,0.9,11,9,2,374.4788017634012,0.351601957070707,0.09554151789801346,0.25214093446640734,136456.94835029595,3620.046902101837,140076.99525239778,2239,67,920.8181818181819,32,1,22,29.01258811681773,0.6936848958333333,38.794191919191924,1044.8232323232328,32.650726010101025,0
2245,4,0,0,33,0.0,0.0,1.0,33,650,300,350,0.46153846153846156,10,3,7,374.0514584645117,0.3508128156565657,0.09658747679769797,0.2523246879959875,136522.9173840681,3613.319272268157,140136.23665633626,2240,68,921.8181818181819,32,1,22,28.95825782288269,0.6943359375,38.731060606060616,1045.0757575757589,32.658617424242465,0
2246,4,0,0,33,0.0,0.0,1.0,33,550,300,250,0.5454545454545454,8,3,5,373.5848005599966,0.350970643939394,0.10004868103672293,0.2524823317417318,136588.90236009093,3605.507569380694,140194.4099294716,2241,69,922.8181818181819,32,1,23,28.904960341426097,0.6949869791666665,38.6679292929293,1045.3282828282838,32.66650883838387,0
2247,4,0,0,33,0.0,0.0,1.0,33,650,400,250,0.6153846153846154,9,4,5,371.49084197073023,0.35089172979797983,0.09529664474719413,0.251538484248538,136654.90327836457,3553.2090156616814,140208.11229402624,2242,70,923.8181818181819,32,1,23,28.894205611238572,0.6956380208333333,38.604797979797986,1045.580808080809,32.67440025252528,0
2248,4,0,0,33,0.0,0.0,1.0,33,650,400,250,0.6153846153846154,9,4,5,383.0666751855129,0.35148358585858586,0.13034514327565683,0.2579232495655101,136456.9483502959,3854.4219021018216,140311.37025239773,2243,71,924.8181818181819,32,1,21,28.788267875125868,0.6936848958333334,38.79419191919192,1044.8232323232323,32.65072601010101,2
2249,4,0,0,33,0.0,0.0,1.0,33,750,400,350,0.5333333333333333,11,4,7,384.47064298193914,0.35128630050505055,0.12972684076815488,0.25959608340982815,136555.90787929806,3900.347541067235,140456.25542036528,2244,72,925.8181818181819,32,1,21,28.653257630667625,0.6946614583333334,38.69949494949495,1045.2020202020203,32.662563131313135,0
2250,4,0,1,32,0.0,0.030303030303030304,0.9696969696969697,33,750,500,250,0.6666666666666666,10,5,5,383.43498077277997,0.35089172979797983,0.12650845565074387,0.2603662891418208,136754.96631198452,3887.427214751026,140642.39352673554,2245,73,926.8181818181819,31,2,21,28.482639321133654,0.699260752688172,38.50911458333333,1045.963541666666,33.74075940860213,0
2251,4,0,0,32,0.0,0.0,1.0,32,400,400,0,1.0,4,4,0,390.8845443363463,0.35135248655913975,0.11991297172748805,0.2643986526096479,136618.80705091674,4280.436028374546,140899.24307929128,2246,74,937.28125,31,1,21,28.4231379997509,0.6979166666666667,38.63932291666666,1045.4427083333321,33.72395833333329,0
2252,4,0,0,32,0.0,0.0,1.0,32,450,400,50,0.8888888888888888,5,4,1,389.24237065991395,0.35147849462365593,0.1202333146557093,0.26379793069787055,136686.8782043456,4240.864902072466,140927.74310641806,2247,75,938.28125,31,1,21,28.398419665462992,0.6985887096774195,38.57421874999999,1045.703124999999,33.732358870967715,0
2253,4,0,0,32,0.0,0.0,1.0,32,850,600,250,0.7058823529411765,11,6,5,389.2437722204902,0.3510794690860215,0.12146035598705507,0.26456721370722647,136789.01672363278,4248.854573567707,141037.8712972005,2248,76,939.28125,31,1,22,28.296925566343045,0.6995967741935485,38.4765625,1046.0937499999998,33.744959677419345,0
2254,4,0,1,31,0.0,0.03125,0.96875,32,900,600,300,0.6666666666666666,12,6,6,392.9578282253709,0.3504284274193548,0.12393072663929328,0.26787125237042453,136891.19338989258,4358.493211534288,141249.68660142686,2249,77,940.28125,31,1,22,28.098300568205378,0.7006048387096775,38.37890625,1046.484375,33.75756048387097,0
2255,4,0,0,31,0.0,0.0,1.0,31,800,500,300,0.625,11,5,6,402.3938497270882,0.34659498207885303,0.11518723936959563,0.27324859847959876,136756.06464620188,4805.959865302346,141562.02451150422,2250,78,922.0,30,1,22,27.985789856934804,0.7020833333333334,38.50806451612903,1045.967741935484,34.865591397849464,0
2256,4,0,0,31,0.0,0.0,1.0,31,600,300,300,0.5,9,3,6,399.21691212412577,0.34668458781362005,0.11246607412932241,0.27190758187981795,136861.52526664932,4727.487101109953,141589.01236775928,2251,79,923.0,30,1,22,27.964033397559408,0.703125,38.40725806451613,1046.3709677419354,34.87903225806451,0
2257,4,0,0,31,0.0,0.0,1.0,31,900,700,200,0.7777777777777778,11,7,4,399.21691212412577,0.34668458781362005,0.11246607412932241,0.27190758187981795,136861.52526664932,4727.487101109953,141589.01236775928,2252,80,924.0,30,1,22,27.964033397559408,0.703125,38.40725806451613,1046.3709677419354,34.87903225806451,0
2258,4,0,0,31,0.0,0.0,1.0,31,950,800,150,0.8421052631578947,11,8,3,401.0199405984314,0.34744623655913975,0.11077422668456016,0.273959938366718,136967.02653485953,4785.301768990631,141752.32830385017,2253,81,925.0,30,1,19,27.81201848998458,0.7041666666666666,38.306451612903224,1046.774193548387,34.89247311827957,0
2259,4,0,0,31,0.0,0.0,1.0,31,650,300,350,0.46153846153846156,10,3,7,402.4085398405968,0.34628136200716847,0.11421781128763131,0.2757400997271845,137072.5684508324,4831.834424499937,141904.40287533234,2254,82,926.0,30,1,20,27.67081675437472,0.7052083333333332,38.20564516129032,1047.177419354838,34.9059139784946,0
2260,4,0,0,31,0.0,0.0,1.0,31,500,300,200,0.6,7,3,4,403.26552645340564,0.3454749103942652,0.12102878189079025,0.277445258491112,137213.3542353163,4866.683106428502,142080.0373417448,2255,83,927.0,30,1,20,27.50855249091298,0.7065972222222221,38.07123655913979,1047.7150537634416,34.92383512544805,0
2261,4,0,0,31,0.0,0.0,1.0,31,550,500,50,0.9090909090909091,6,5,1,404.0856094125179,0.3450716845878136,0.12080636885747853,0.2782907606872782,137248.56197248236,4892.033761128456,142140.59573361083,2256,84,928.0,30,1,20,27.452112194287665,0.7069444444444444,38.03763440860215,1047.8494623655915,34.928315412186386,0
2262,4,0,0,31,0.0,0.0,1.0,31,750,700,50,0.9333333333333333,8,7,1,402.68822376072393,0.3439964157706093,0.1186008131729046,0.27817231683878524,137354.21228248932,4862.184754017806,142216.3970365071,2257,85,929.0,30,1,20,27.38385263067915,0.7079861111111111,37.93682795698925,1048.252688172043,34.941756272401435,0
2263,4,0,0,31,0.0,0.0,1.0,31,800,600,200,0.75,10,6,4,399.1785406901167,0.34345878136200714,0.11636225297831948,0.276308056426229,137424.6684045844,4771.3957177130405,142196.06412229745,2258,86,930.0,30,1,20,27.405941545955653,0.7086805555555555,37.86962365591398,1048.5215053763445,34.95071684587815,0
2264,4,0,0,31,0.0,0.0,1.0,31,250,200,50,0.8,3,2,1,399.1785406901167,0.34345878136200714,0.11636225297831948,0.276308056426229,137424.6684045844,4771.3957177130405,142196.06412229745,2259,87,931.0,30,1,20,27.405941545955653,0.7086805555555555,37.86962365591398,1048.5215053763445,34.95071684587815,0
2265,4,0,0,31,0.0,0.0,1.0,31,550,300,250,0.5454545454545454,8,3,5,399.30374960219274,0.3430555555555555,0.11819136532402763,0.2766756531435442,137459.903240259,4777.650956758007,142237.55419701702,2260,88,932.0,30,1,20,27.36771554302314,0.7090277777777778,37.836021505376344,1048.6559139784947,34.95519713261649,0
2266,4,0,0,31,0.0,0.0,1.0,31,650,300,350,0.46153846153846156,10,3,7,402.455430884373,0.34287634408602147,0.118550970221736,0.27971190009372476,137565.6348457913,4872.8073693490405,142438.44221514033,2261,89,933.0,30,1,20,27.180226350629937,0.7100694444444444,37.73521505376343,1049.0591397849453,34.96863799283151,0
2267,4,0,0,31,0.0,0.0,1.0,31,700,300,400,0.42857142857142855,11,3,8,402.455430884373,0.34287634408602147,0.118550970221736,0.27971190009372476,137565.6348457913,4872.8073693490405,142438.44221514033,2262,90,934.0,30,1,20,27.180226350629937,0.7100694444444444,37.73521505376343,1049.0591397849453,34.96863799283151,0
2268,4,0,0,31,0.0,0.0,1.0,31,600,400,200,0.6666666666666666,8,4,4,400.7171606002889,0.34310035842293907,0.11580178251940976,0.27907215636096844,137636.1451649035,4830.633057289868,142466.77822219336,2263,91,935.0,30,1,20,27.155917766107347,0.710763888888889,37.668010752688176,1049.3279569892477,34.97759856630826,0
2269,4,0,0,31,0.0,0.0,1.0,31,650,400,250,0.6153846153846154,9,4,5,402.4457301368449,0.34292114695340503,0.11488166535872124,0.2811360601403183,137741.94451670718,4886.731486299001,142628.67600300617,2264,92,936.0,30,1,20,27.00570849338455,0.7118055555555556,37.56720430107527,1049.7311827956992,34.99103942652331,0
2270,4,0,0,31,0.0,0.0,1.0,31,550,300,250,0.5454545454545454,8,3,5,403.75409423028486,0.342652329749104,0.11648745519713266,0.2826278659611993,137812.49999999997,4928.472222222222,142740.9722222222,2265,93,937.0,30,1,20,26.901455026455036,0.7124999999999999,37.5,1049.9999999999998,34.99999999999999,0
2271,4,0,0,31,0.0,0.0,1.0,31,950,900,50,0.9473684210526315,10,9,1,405.00603978192123,0.34229390681003585,0.11300848244690753,0.28437755623501487,137918.36709807502,4971.554334316119,142889.92143239113,2266,94,938.0,30,1,20,26.76370228193645,0.7135416666666666,37.3991935483871,1050.4032258064522,35.01344086021507,0
2272,4,0,0,31,0.0,0.0,1.0,31,900,800,100,0.8888888888888888,10,8,2,406.52109011025186,0.3416666666666666,0.11384616654355484,0.28602838536380204,137988.96774554873,5019.085118221783,143008.0528637705,2267,95,939.0,30,1,20,26.653980640484424,0.7142361111111111,37.33198924731184,1050.6720430107537,35.02240143369179,0
2273,4,0,0,31,0.0,0.0,1.0,31,1000,700,300,0.7,13,7,6,406.4761636255249,0.3415770609318996,0.11516021752943995,0.2862910492994917,138024.27484391275,5020.715545149756,143044.9903890625,2268,96,940.0,30,1,20,26.620192717660114,0.7145833333333332,37.298387096774206,1050.8064516129045,35.026881720430154,0
2274,4,0,0,31,0.0,0.0,1.0,31,600,400,200,0.6666666666666666,8,4,4,406.5928807496056,0.3404121863799283,0.1152645276777573,0.287259523066185,138130.2232375131,5032.553076945322,143162.77631445843,2269,97,941.0,30,1,20,26.512221369816306,0.715625,37.197580645161295,1051.2096774193556,35.04032258064519,0
2275,4,0,0,31,0.0,0.0,1.0,31,900,900,0,1.0,9,9,0,408.25143393208083,0.3404121863799283,0.11288261625846019,0.28992520162908053,138306.89422187547,5092.797577754673,143399.69179963015,2270,98,942.0,30,1,20,26.293764375159718,0.7173611111111111,37.02956989247313,1051.8817204301085,35.06272401433695,0
2276,4,0,0,31,0.0,0.0,1.0,31,800,500,300,0.625,11,5,6,408.25850732927853,0.33982974910394265,0.11123470522803158,0.29113516506268217,138448.31230489066,5104.540264770484,143552.85256966113,2271,99,943.0,30,1,20,26.15368241805023,0.71875,36.89516129032258,1052.419354838709,35.0806451612903,0
2277,4,0,0,31,0.0,0.0,1.0,31,1100,800,300,0.7272727272727273,14,8,6,406.3104334818849,0.3393817204301075,0.11523972250241887,0.29125729609611767,138625.18652806673,5064.971925945179,143690.1584540119,2272,100,944.0,30,1,20,26.03009997872793,0.7204861111111112,36.7271505376344,1053.0913978494616,35.103046594982054,0
2278,4,0,0,31,0.0,0.0,1.0,31,500,200,300,0.4,8,2,6,407.8207033008232,0.3394713261648745,0.11588871194071038,0.29356349799588155,138766.76720213308,5118.392119031089,143885.15932116416,2273,101,945.0,30,1,20,25.850448611642648,0.721875,36.592741935483865,1053.6290322580635,35.12096774193545,0
2279,4,0,0,31,0.0,0.0,1.0,31,750,500,250,0.6666666666666666,10,5,5,409.16121170460406,0.33830645161290324,0.12316715542521983,0.2957651044607564,138908.42013888873,5167.1874999999745,144075.6076388887,2274,102,946.0,30,1,20,25.675230566534903,0.7232638888888889,36.45833333333332,1054.1666666666654,35.13888888888884,0
2280,4,0,0,31,0.0,0.0,1.0,31,700,500,200,0.7142857142857143,9,5,4,410.02033782674505,0.3372311827956989,0.11591033351558244,0.29763455975267983,139050.14533833385,5202.6775132963285,144252.8228516302,2275,103,947.0,30,1,20,25.512669385327715,0.7246527777777778,36.32392473118279,1054.7043010752684,35.15681003584228,0
2281,4,0,0,31,0.0,0.0,1.0,31,500,200,300,0.4,8,2,6,410.02033782674505,0.3372311827956989,0.11591033351558244,0.29763455975267983,139050.14533833385,5202.6775132963285,144252.8228516302,2276,104,948.0,30,1,20,25.512669385327715,0.7246527777777778,36.32392473118279,1054.7043010752684,35.15681003584228,0
2282,4,0,0,31,0.0,0.0,1.0,31,1050,900,150,0.8571428571428571,12,9,3,405.7978822670291,0.3365591397849463,0.11015409903431239,0.2955021684412038,139156.4866603075,5093.881518094569,144250.36817840207,2277,105,949.0,30,1,20,25.51910828025477,0.7256944444444445,36.22311827956989,1055.10752688172,35.17025089605734,0
2283,4,0,0,31,0.0,0.0,1.0,31,750,400,350,0.5333333333333333,11,4,7,402.51887374398893,0.3357974910394265,0.10793223012834208,0.29373403314477675,139227.40345704684,5008.33152676607,144235.7349838129,2278,106,950.0,30,1,20,25.53569154355578,0.726388888888889,36.15591397849461,1055.3763440860198,35.179211469533996,0
2284,4,0,0,31,0.0,0.0,1.0,31,1550,1200,350,0.7741935483870968,19,12,7,402.3174656347717,0.3347222222222222,0.10520219818132559,0.2942086941429694,139298.33831945862,5008.430887963891,144306.7692074225,2279,107,951.0,30,1,20,25.471097529921057,0.7270833333333335,36.08870967741934,1055.6451612903204,35.18817204301068,0
2285,4,0,0,31,0.0,0.0,1.0,31,850,600,250,0.7058823529411765,11,6,5,400.33224731679906,0.33508064516129027,0.10345578119545795,0.29306708319417096,139333.81252529184,4955.9636590935215,144289.77618438535,2280,108,952.0,30,1,20,25.48854232972628,0.7274305555555556,36.05510752688171,1055.7795698924724,35.19265232974908,0
2286,4,0,1,30,0.0,0.03225806451612903,0.967741935483871,31,700,500,200,0.7142857142857143,9,5,4,399.2719252035622,0.3348118279569892,0.1004368963931408,0.29260076906708804,139369.29124754303,4929.249046132491,144298.54029367553,2281,109,953.0,30,1,20,25.481585200271553,0.7277777777777779,36.02150537634408,1055.9139784946233,35.197132616487444,0
2287,4,0,0,30,0.0,0.0,1.0,30,1000,600,400,0.6,14,6,8,409.73790813813014,0.33110632183908045,0.08683506556154907,0.2997514763963355,139311.34500385798,5416.227816358016,144727.57282021598,2282,110,918.3666666666667,29,1,20,25.262438056396086,0.7302442528735633,36.076388888888886,1055.6944444444441,36.40325670498083,0
2288,4,0,0,30,0.0,0.0,1.0,30,950,700,250,0.7368421052631579,12,7,5,407.5182889151893,0.3307471264367816,0.0862879186393124,0.2991089834856272,139421.33487654311,5363.3487654320825,144784.6836419752,2283,111,919.3666666666667,29,1,20,25.212607399614242,0.7313218390804599,35.972222222222214,1056.1111111111104,36.417624521072774,0
2289,4,0,0,30,0.0,0.0,1.0,30,800,600,200,0.75,10,6,4,408.69023669858854,0.33024425287356324,0.08923204976562849,0.3016221155227506,139604.74778163573,5411.019483024683,145015.76726466042,2284,112,920.3666666666667,29,1,20,25.000958295001535,0.733117816091954,35.79861111111111,1056.805555555555,36.441570881226035,0
2290,4,0,0,30,0.0,0.0,1.0,30,750,600,150,0.8,9,6,3,409.0209868327934,0.32959770114942527,0.09324661673893009,0.30253243253492623,139678.14670138888,5426.258680555551,145104.40538194444,2285,113,921.3666666666667,29,1,20,24.919934962554198,0.7338362068965517,35.729166666666664,1057.0833333333333,36.451149425287355,0
2291,4,0,0,30,0.0,0.0,1.0,30,400,200,200,0.5,6,2,4,406.97587552086674,0.32959770114942527,0.0999381652753848,0.28101069831253267,137338.94917052478,5178.727816358032,142517.6769868828,2286,114,922.3666666666667,29,1,20,27.286642595291717,0.7108477011494252,37.95138888888889,1048.1944444444453,36.1446360153257,4
2292,4,0,0,30,0.0,0.0,1.0,30,1000,800,200,0.8,12,8,4,405.57107970922874,0.3300287356321839,0.10246324990067524,0.28121829411243215,137484.5703125,5151.953125,142636.5234375,2287,115,923.3666666666667,29,1,20,27.17893325387365,0.7122844827586207,37.8125,1048.75,36.16379310344828,0
2293,4,0,0,30,0.0,0.0,1.0,30,800,500,300,0.625,11,5,6,403.6939928361103,0.33000478927203064,0.10104166666666625,0.2802111244391825,137520.9876543211,5103.279320987671,142624.26697530877,2288,116,924.3666666666667,29,1,20,27.19202418785311,0.7126436781609196,37.777777777777786,1048.8888888888898,36.16858237547896,0
2294,4,0,0,30,0.0,0.0,1.0,30,350,300,50,0.8571428571428571,4,3,1,402.7535921668787,0.3300766283524904,0.09803168718831334,0.2798526110061119,137557.4098186729,5080.348186728399,142637.7580054013,2289,117,925.3666666666667,29,1,20,27.180562910984587,0.7130028735632183,37.74305555555556,1049.027777777778,36.17337164750959,0
2295,4,0,0,30,0.0,0.0,1.0,30,950,700,250,0.7368421052631579,12,7,5,400.77940404021126,0.3292624521072797,0.09314542807992554,0.2796574290241806,137703.14670138888,5037.717013888883,142740.86371527775,2290,118,926.3666666666667,29,1,20,27.08788209606986,0.7144396551724137,37.604166666666664,1049.5833333333333,36.19252873563218,0
2296,4,0,0,30,0.0,0.0,1.0,30,850,400,450,0.47058823529411764,13,4,9,403.4391534391534,0.3290948275862069,0.08994708994709,0.28240740740740733,137812.5,5119.791666666665,142932.29166666666,2291,119,927.3666666666667,29,1,21,26.909722222222218,0.7155172413793103,37.5,1050.0,36.206896551724135,0
2297,4,0,0,30,0.0,0.0,1.0,30,550,400,150,0.7272727272727273,7,4,3,402.09907792059914,0.32883141762452106,0.08799982365648251,0.281767481756965,137848.96074459888,5085.788001543227,142934.7487461421,2292,120,928.3666666666667,29,1,21,26.908780805008156,0.7158764367816092,37.465277777777786,1050.1388888888898,36.21168582375482,0
2298,4,0,0,30,0.0,0.0,1.0,30,850,600,250,0.7058823529411765,11,6,5,401.3784033126561,0.32828065134099615,0.08499515119456946,0.28156062020874806,137885.4263117284,5068.846450617287,142954.27276234567,2293,121,929.3666666666667,29,1,22,26.89158511857534,0.7162356321839081,37.43055555555556,1050.2777777777778,36.21647509578544,0
2299,4,0,0,30,0.0,0.0,1.0,30,450,100,350,0.2222222222222222,8,1,7,402.2207113558288,0.3280172413793104,0.08490017188946153,0.2824508115119901,137921.89670138893,5095.008680555561,143016.9053819445,2294,122,930.3666666666667,29,1,22,26.8333498611662,0.7165948275862069,37.395833333333336,1050.416666666667,36.221264367816104,0
2300,4,1,1,30,0.03225806451612903,0.03225806451612903,0.967741935483871,31,800,600,200,0.75,10,6,4,391.43010544151707,0.334005376344086,0.07798000618365442,0.2776918019111399,138271.55099216686,4624.729556885203,142896.28054905205,2295,0,901.3225806451613,30,1,19,26.771033013844512,0.7170138888888888,37.06317204301076,1051.747311827958,35.058243727598594,0
2301,4,0,0,30,0.0,0.0,1.0,30,1300,800,500,0.6153846153846154,18,8,10,398.2510512036346,0.32717911877394634,0.0824262012497301,0.2582122280855085,135109.15505043947,4761.472605214487,139870.62765565395,2296,124,932.3666666666667,30,0,20,29.73631760396466,0.6857638888888888,40.087365591397855,1039.6505376344096,34.655017921146985,6
2302,4,0,0,30,0.0,0.0,1.0,30,600,300,300,0.5,9,3,6,401.51387621581523,0.32641283524904213,0.08267200896126825,0.26083231404548807,135179.03307101974,4855.251510290198,140034.28458130994,2297,125,933.3666666666667,30,0,20,29.581610012494075,0.6864583333333333,40.02016129032258,1039.9193548387093,34.66397849462364,0
2303,4,0,0,30,0.0,0.0,1.0,30,900,700,200,0.7777777777777778,11,7,4,400.70708891693175,0.3261015325670498,0.08517657192075756,0.26106673974891026,135283.88397502608,4841.842265001738,140125.7262400278,2298,126,934.3666666666667,30,0,20,29.497739018087856,0.6875,39.91935483870968,1040.322580645162,34.67741935483873,0
2304,4,0,0,30,0.0,0.0,1.0,30,850,500,350,0.5882352941176471,12,5,7,403.0111460862302,0.32535919540229885,0.07887123853803457,0.2633346248224204,135388.775526795,4912.637118453003,140301.41264524803,2299,127,935.3666666666667,30,0,21,29.33294588660726,0.6885416666666667,39.818548387096776,1040.725806451613,34.69086021505377,0
2305,4,0,0,30,0.0,0.0,1.0,30,600,500,100,0.8333333333333334,7,5,2,407.69592077356015,0.32545498084291186,0.08205293737895447,0.26691503857913945,135458.72581006458,5045.193989189486,140503.91979925407,2300,128,936.3666666666667,30,0,21,29.14111254572843,0.6892361111111112,39.7513440860215,1040.9946236559126,34.699820788530424,0
2306,4,0,0,30,0.0,0.0,1.0,30,600,500,100,0.8333333333333334,7,5,2,399.01768047123176,0.32600574712643676,0.09168406402226803,0.24193603664015229,132640.18961729697,4585.15615967166,137225.34577696864,2301,129,937.3666666666667,30,0,20,32.19734037926235,0.6611111111111111,42.4731182795699,1030.107526881722,34.33691756272406,6
2307,4,0,0,30,0.0,0.0,1.0,30,600,600,0,1.0,6,6,0,399.01768047123176,0.32600574712643676,0.09168406402226803,0.24193603664015229,132640.18961729697,4585.15615967166,137225.34577696864,2302,130,938.3666666666667,30,0,20,32.19734037926235,0.6611111111111111,42.4731182795699,1030.107526881722,34.33691756272406,0
2308,4,0,0,30,0.0,0.0,1.0,30,750,600,150,0.8,9,6,3,399.93083701619355,0.32602969348659006,0.08531368201382539,0.2431617547504486,132744.0514257429,4617.687919123603,137361.73934486648,2303,131,939.3666666666667,30,0,20,32.06898613103778,0.6621527777777778,42.37231182795699,1030.5107526881723,34.350358422939074,0
2309,4,0,0,30,0.0,0.0,1.0,30,550,200,350,0.36363636363636365,9,2,7,398.5787053704206,0.3256226053639847,0.08382020518170719,0.24256361212542737,132778.68106139437,4584.550959648508,137363.23202104287,2304,132,940.3666666666667,30,0,20,32.06887932533473,0.6624999999999999,42.33870967741935,1030.6451612903224,34.354838709677416,0
2310,4,0,0,30,0.0,0.0,1.0,30,1050,800,250,0.7619047619047619,13,8,5,397.8679957304066,0.3255028735632184,0.08093748642425846,0.24325427340553069,132951.89698592323,4579.460956468958,137531.35794239218,2305,133,941.3666666666667,30,0,21,31.912496198792294,0.664236111111111,42.170698924731184,1031.3172043010754,34.37724014336918,0
2311,4,0,0,30,0.0,0.0,1.0,30,700,200,500,0.2857142857142857,12,2,10,400.4434685535419,0.3250478927203065,0.08830988361994074,0.24551150675854536,133055.88073765757,4656.271678806799,137712.15241646438,2306,134,942.3666666666667,30,0,21,31.741249782873016,0.6652777777777779,42.06989247311828,1031.7204301075271,34.39068100358424,0
2312,4,0,0,30,0.0,0.0,1.0,30,600,500,100,0.8333333333333334,7,5,2,399.3317215968155,0.32353927203065136,0.09083213960151038,0.2455138743108042,133159.9051371545,4634.994833217698,137794.8999703722,2307,135,943.3666666666667,30,0,21,31.665093111082175,0.6663194444444445,41.96908602150537,1032.1236559139777,34.404121863799254,0
2313,4,0,0,30,0.0,0.0,1.0,30,650,400,250,0.6153846153846154,9,4,5,400.9262317598799,0.32430555555555557,0.09403723473506043,0.24695384010807048,133229.27731890976,4683.022423112507,137912.29974202227,2308,136,944.3666666666667,30,0,21,31.554051121815732,0.6670138888888888,41.90188172043011,1032.39247311828,34.413082437275996,0
2314,4,0,0,30,0.0,0.0,1.0,30,500,400,100,0.8,6,4,2,401.3808860551088,0.32471264367816094,0.09631172437733215,0.24746452381022033,133263.97018441436,4697.922086368366,137961.89227078273,2309,137,945.3666666666667,30,0,21,31.507365703375857,0.6673611111111111,41.86827956989247,1032.5268817204299,34.41756272401433,0
2315,4,0,0,30,0.0,0.0,1.0,30,450,300,150,0.6666666666666666,6,3,3,402.15005334119274,0.32459291187739464,0.09858562193587583,0.24817018954380585,133298.66756633716,4721.21325442248,138019.88082075963,2310,138,946.3666666666667,30,0,21,31.45255759468958,0.6677083333333333,41.83467741935484,1032.6612903225807,34.42204301075269,0
2316,4,0,0,30,0.0,0.0,1.0,30,550,100,450,0.18181818181818182,10,1,9,402.3528923720215,0.3248802681992337,0.09855996530036859,0.2487596120578426,133368.07587943683,4732.2062160365185,138100.28209547335,2311,139,947.3666666666667,30,0,21,31.37741270873996,0.6684027777777778,41.76747311827956,1032.9301075268809,34.431003584229366,0
2317,4,0,0,30,0.0,0.0,1.0,30,350,300,50,0.8571428571428571,4,3,1,399.910008414457,0.32535919540229885,0.09477039157018341,0.24771218651748042,133437.50225820908,4672.598530176905,138110.100788386,2312,140,948.3666666666667,30,0,21,31.37060405012792,0.6690972222222222,41.700268817204304,1033.198924731183,34.4399641577061,0
2318,4,0,0,30,0.0,0.0,1.0,30,250,100,150,0.4,4,1,3,400.2991675338192,0.32490421455938695,0.09650537634408596,0.24818548387096795,133472.22222222225,4685.7638888889,138157.98611111115,2313,141,949.3666666666667,30,0,21,31.325604838709676,0.6694444444444445,41.66666666666667,1033.3333333333337,34.44444444444446,0
2319,4,0,0,30,0.0,0.0,1.0,30,450,300,150,0.6666666666666666,6,3,3,400.06933159271597,0.32523946360153255,0.09997399219765946,0.24850833279062873,133541.67569950272,4685.185787374253,138226.86148687697,2314,142,950.3666666666667,30,0,21,31.261649328131774,0.670138888888889,41.59946236559139,1033.6021505376336,34.45340501792112,0
2320,4,0,0,30,0.0,0.0,1.0,30,750,400,350,0.5333333333333333,11,4,7,399.1566795645093,0.3251197318007663,0.09335326487282813,0.2486406749708316,133645.88978855938,4669.129921089147,138315.01970964854,2315,143,951.3666666666667,30,0,21,31.18040209714459,0.6711805555555556,41.498655913978496,1034.005376344086,34.4668458781362,0
2321,4,0,0,30,0.0,0.0,1.0,30,600,400,200,0.6666666666666666,8,4,4,396.20103971715196,0.3254310344827586,0.09318260568260572,0.24749701312201317,133750.14452537868,4598.389264654875,138348.53379003354,2316,144,952.3666666666667,30,0,20,31.152005370755365,0.6722222222222222,41.39784946236559,1034.4086021505377,34.48028673835126,0
2322,4,1,1,30,0.03225806451612903,0.03225806451612903,0.967741935483871,31,600,500,100,0.8333333333333334,7,5,2,387.0061503137352,0.3333333333333333,0.08179129425797504,0.24324789732367672,133977.25635104717,4170.00444200305,138147.26079305023,2317,0,922.6129032258065,31,0,20,31.161829748878553,0.6717069892473118,41.17838541666667,1035.286458333334,33.396337365591414,0
2323,4,0,0,30,0.0,0.0,1.0,30,900,500,400,0.5555555555555556,13,5,8,393.4127171529769,0.32581417624521075,0.09232900432900437,0.24668386987605248,133889.214070991,4534.74390102904,138423.95797202003,2318,146,954.3666666666667,30,0,20,31.08441558441558,0.673611111111111,41.26344086021506,1034.9462365591407,34.498207885304694,0
2324,4,0,0,30,0.0,0.0,1.0,30,1000,800,200,0.8,12,8,4,394.8725744636856,0.32574233716475093,0.09401254596582298,0.24877295063309074,134063.1526224131,4587.572443346063,138650.72506575915,2319,147,955.3666666666667,30,0,20,30.871998702141465,0.6753472222222222,41.09543010752689,1035.6182795698933,34.52060931899644,0
2325,4,0,0,30,0.0,0.0,1.0,30,450,300,150,0.6666666666666666,6,3,3,394.8725744636856,0.32574233716475093,0.09401254596582298,0.24877295063309074,134063.1526224131,4587.572443346063,138650.72506575915,2320,148,956.3666666666667,30,0,20,30.871998702141465,0.6753472222222222,41.09543010752689,1035.6182795698933,34.52060931899644,0
2326,4,0,0,30,0.0,0.0,1.0,30,950,900,50,0.9473684210526315,10,9,1,395.89766962773365,0.32459291187739464,0.09452445828467626,0.2498921654235005,134132.75965790838,4620.569393860553,138753.32905176893,2321,149,957.3666666666667,30,0,20,30.77559361619307,0.6760416666666667,41.02822580645161,1035.887096774193,34.5295698924731,0
2327,4,0,0,30,0.0,0.0,1.0,30,750,700,50,0.9333333333333333,8,7,1,395.09965316835644,0.32471264367816094,0.09196505794845167,0.24962525628046667,134167.56995028333,4601.912070759636,138769.48202104296,2322,150,958.3666666666667,30,0,20,30.761330219685195,0.6763888888888889,40.99462365591398,1036.0215053763445,34.534050179211484,0
2328,4,0,0,30,0.0,0.0,1.0,30,1000,800,200,0.8,12,8,4,396.76960147952684,0.325838122605364,0.09498681879078585,0.25187522108737376,134341.68915842875,4660.539693895252,139002.228852324,2323,151,959.3666666666667,30,0,20,30.543400751977185,0.6781249999999999,40.82661290322581,1036.693548387097,34.55645161290324,0
2329,4,0,0,30,0.0,0.0,1.0,30,450,200,250,0.4444444444444444,7,2,5,394.6160135392526,0.3256704980842912,0.0913577046063434,0.2507469463296371,134376.5265493121,4605.425844028219,138981.95239334033,2324,152,960.3666666666667,30,0,20,30.564287874859577,0.6784722222222221,40.793010752688176,1036.8279569892477,34.56093189964159,0
2330,4,0,0,30,0.0,0.0,1.0,30,800,500,300,0.625,11,5,6,393.0037447922124,0.32600574712643676,0.09104258443465474,0.250677925810438,134515.9212770264,4573.052159209183,139088.9734362356,2325,153,961.3666666666667,30,0,20,30.46638809708906,0.679861111111111,40.65860215053765,1037.365591397851,34.57885304659503,0
2331,4,0,0,30,0.0,0.0,1.0,30,500,300,200,0.6,7,3,4,393.0481016725812,0.32600574712643676,0.07833160263066796,0.2473890992880364,134028.35587929236,4535.918169730598,138564.27404902296,2326,154,962.3666666666667,30,0,20,30.954158013153336,0.675,41.12903225806451,1035.4838709677415,34.51612903225805,1
2332,4,0,0,30,0.0,0.0,1.0,30,650,400,250,0.6153846153846154,9,4,5,393.12499743190085,0.32547892720306515,0.08260230123713153,0.24790681098283354,134097.95388195154,4543.45155509306,138641.4054370446,2327,155,963.3666666666667,30,0,20,30.882321135046293,0.6756944444444444,41.06182795698924,1035.752688172042,34.525089605734735,0
2333,4,0,0,30,0.0,0.0,1.0,30,700,700,0,1.0,7,7,0,393.12499743190085,0.32547892720306515,0.08260230123713153,0.24790681098283354,134097.95388195154,4543.45155509306,138641.4054370446,2328,156,964.3666666666667,30,0,20,30.882321135046293,0.6756944444444444,41.06182795698924,1035.752688172042,34.525089605734735,0
2334,4,0,0,30,0.0,0.0,1.0,30,600,400,200,0.6666666666666666,8,4,4,391.8646852999019,0.32533524904214556,0.08204462895692766,0.247581392974725,134167.56995028336,4515.106515204081,138682.67646548743,2329,157,965.3666666666667,30,0,20,30.84511762670818,0.6763888888888889,40.99462365591398,1036.0215053763447,34.53405017921149,0
2335,4,0,0,30,0.0,0.0,1.0,30,550,400,150,0.7272727272727273,7,4,3,393.14919394860044,0.3245210727969349,0.08443579766536935,0.24886537646500084,134237.20408428722,4555.049716730263,138792.25380101748,2330,158,966.3666666666667,30,0,20,30.742001729355817,0.6770833333333334,40.92741935483871,1036.2903225806454,34.543010752688176,0
2336,4,0,0,30,0.0,0.0,1.0,30,550,400,150,0.7272727272727273,7,4,3,393.419790357432,0.3246647509578544,0.08816562932226812,0.24951097230563435,134306.85628396334,4567.795048560511,138874.65133252385,2331,159,967.3666666666667,30,0,21,30.6651430670816,0.6777777777777778,40.86021505376343,1036.5591397849453,34.55197132616484,0
2337,4,0,0,30,0.0,0.0,1.0,30,650,400,250,0.6153846153846154,9,4,5,395.90798852602524,0.32418582375478927,0.08626739261947969,0.25156789320343986,134376.5265493121,4640.14806625044,139016.67461556254,2332,160,968.3666666666667,30,0,21,30.530798980209145,0.6784722222222221,40.793010752688176,1036.8279569892477,34.56093189964159,0
2338,4,0,0,30,0.0,0.0,1.0,30,450,300,150,0.6666666666666666,6,3,3,396.48869412456696,0.3230603448275862,0.08663556649820703,0.25265922812215386,134481.06582047054,4664.044434327658,139145.1102547982,2333,161,969.3666666666667,30,0,21,30.41094337177659,0.679513888888889,40.692204301075265,1037.2311827956987,34.57437275985662,0
2339,4,0,0,30,0.0,0.0,1.0,30,850,500,350,0.5882352941176471,12,5,7,397.7012663377916,0.3230603448275862,0.07196765498652224,0.24188060624806673,132755.59413580247,4564.331959539308,137319.92609534177,2334,162,970.3666666666667,29,1,20,32.11477987421383,0.6652298850574713,42.36111111111111,1030.5555555555554,35.536398467432946,7
2340,4,0,0,30,0.0,0.0,1.0,30,950,800,150,0.8421052631578947,11,8,3,397.56304020822773,0.32274904214559386,0.07331895970893365,0.242027507906912,132791.3797260802,4558.58892746913,137349.96865354932,2335,163,971.3666666666667,29,1,20,32.0822384674123,0.6655890804597702,42.326388888888886,1030.6944444444441,35.54118773946359,0
2341,4,0,0,30,0.0,0.0,1.0,30,500,400,100,0.8,6,4,2,397.906358348332,0.3220306513409962,0.07144011855045096,0.2426999916203507,132862.96537422837,4573.4037422839465,137436.3691165123,2336,164,972.3666666666667,29,1,20,32.001184381876136,0.666307471264368,42.25694444444444,1030.9722222222222,35.5507662835249,0
2342,4,2,1,31,0.0625,0.03125,0.96875,32,1000,900,100,0.9,11,9,2,373.5875433196337,0.3392137096774193,0.06603521038044846,0.23204522056895555,133539.5050048828,3577.7391221788203,137117.24412706163,2337,0,912.53125,31,1,22,31.948118753674315,0.6673387096774194,41.6015625,1033.59375,33.341733870967744,0
2343,4,0,0,31,0.0,0.0,1.0,31,800,600,200,0.75,10,6,4,380.4129268142034,0.3331541218637993,0.07256235827664392,0.23628464890854034,133539.50500488273,3960.0307888454718,137499.5357937282,2338,1,942.9677419354839,31,0,22,31.771751910640784,0.6673387096774195,41.60156249999999,1033.5937499999993,33.34173387096772,0
2344,4,0,0,31,0.0,0.0,1.0,31,900,500,400,0.5555555555555556,13,5,8,379.2130315728342,0.3323924731182796,0.07850464252930545,0.23639795107939157,133674.12143283413,3938.193766276038,137612.31519911016,2339,2,943.9677419354839,31,0,22,31.66761101317888,0.6686827956989247,41.471354166666664,1034.1145833333328,33.35853494623654,0
2345,4,0,0,31,0.0,0.0,1.0,31,750,600,150,0.8,9,6,3,378.31918654835977,0.33225806451612905,0.07537576198153828,0.23605571867663944,133707.78613620324,3916.844177246085,137624.63031344934,2340,3,944.9677419354839,31,0,19,31.656935876453066,0.6690188172043011,41.43880208333333,1034.2447916666658,33.36273521505374,0
2346,4,0,0,31,0.0,0.0,1.0,31,650,500,150,0.7692307692307693,8,5,3,380.39479254994524,0.33234767025089607,0.07561663858381218,0.23778415631859273,133775.1282585991,3977.4724324544222,137752.60069105355,2341,4,945.9677419354839,31,0,19,31.535688063771772,0.6696908602150538,41.373697916666664,1034.505208333333,33.37113575268816,0
2347,4,0,0,31,0.0,0.0,1.0,31,700,600,100,0.8571428571428571,8,6,2,380.1838269841034,0.3318100358422939,0.07195155608227677,0.23830449975312715,133876.17323133675,3979.5111762152746,137855.68440755203,2342,5,946.9677419354839,31,0,20,31.439775205502436,0.6706989247311828,41.276041666666664,1034.895833333333,33.38373655913978,0
2348,4,0,1,30,0.0,0.03225806451612903,0.967741935483871,31,800,400,400,0.5,12,4,8,379.87658174555105,0.33203405017921145,0.0742799865270134,0.2383298301732741,133909.86336602096,3973.8442314995577,137883.70759752052,2343,6,947.9677419354839,31,0,21,31.413935715184312,0.6710349462365591,41.24348958333333,1035.0260416666658,33.38793682795696,0
2349,4,0,0,30,0.0,0.0,1.0,30,600,400,200,0.6666666666666666,8,4,4,390.38957569184004,0.3221743295019157,0.08273113248418662,0.2434082168049446,133680.63685108104,4437.5054197016925,138118.14227078273,2344,172,980.3666666666667,30,0,21,31.37211896716054,0.6715277777777777,41.46505376344086,1034.1397849462364,34.47132616487455,0
2350,4,0,0,30,0.0,0.0,1.0,30,1050,900,150,0.8571428571428571,12,9,3,390.35992453352094,0.3221264367816092,0.08512647262647222,0.24384821259821254,133750.1445253787,4442.139264654876,138192.28379003357,2345,173,981.3666666666667,30,0,21,31.30305786555786,0.6722222222222223,41.39784946236559,1034.408602150538,34.48028673835127,0
2351,4,0,0,30,0.0,0.0,1.0,30,550,300,250,0.5454545454545454,8,3,5,390.00446443273074,0.322389846743295,0.08820319605040905,0.24385575651817448,133784.90513715454,4435.342055439927,138220.24719259446,2346,174,982.3666666666667,30,0,22,31.277337490797272,0.6725694444444444,41.36424731182795,1034.543010752688,34.484767025089596,0
2352,4,0,0,30,0.0,0.0,1.0,30,900,800,100,0.8888888888888888,10,8,2,395.2363851309287,0.32188697318007664,0.02148811090637892,0.22578992888908245,130365.5137154585,4305.038877326868,134670.55259278536,2347,175,983.3666666666667,30,0,21,34.60011406510486,0.6381944444444445,44.69086021505377,1021.2365591397854,34.04121863799285,8
2353,4,2,1,31,0.0625,0.03125,0.96875,32,700,600,100,0.8571428571428571,8,6,2,377.23037507787427,0.34045278897849457,0.018703732264034878,0.21854554610480134,130907.84940631056,3476.483426436081,134384.33283274664,2348,0,922.84375,32,0,17,34.509304955788615,0.6383463541666666,44.160353535353536,1023.3585858585857,31.979955808080803,0
2354,4,1,0,32,0.03125,0.0,1.0,32,600,400,200,0.6666666666666666,8,4,4,376.32854599581316,0.3416708669354838,0.026585820895522305,0.21838908535347604,130972.46334876555,3457.735339506187,134430.19868827175,2349,0,923.8125,32,0,18,34.46687019448213,0.6389973958333333,44.09722222222223,1023.6111111111121,31.987847222222253,0
2355,4,0,0,32,0.0,0.0,1.0,32,300,100,200,0.3333333333333333,5,1,4,376.3798708742109,0.34074680779569894,0.02810534591194913,0.21878597655333187,131037.09323347129,3463.9448461891875,134501.03807966047,2350,1,924.8125,32,0,19,34.40004932790726,0.6396484375,44.03409090909092,1023.8636363636381,31.99573863636369,0
2356,4,0,0,32,0.0,0.0,1.0,32,600,400,200,0.6666666666666666,8,4,4,373.4003536290747,0.3410198252688172,0.025171042899408302,0.21760227504590898,131134.06795224975,3393.1014692378303,134527.16942148758,2351,2,925.8125,32,0,19,34.378081854043394,0.640625,43.93939393939394,1024.242424242424,32.00757575757575,0
2357,4,0,0,32,0.0,0.0,1.0,32,800,500,300,0.625,11,5,6,373.9702953044441,0.3406207997311828,0.026813770794824388,0.21848588526965904,131231.07854109272,3415.305039026628,134646.38358011935,2352,3,926.8125,32,0,19,34.265249537892785,0.6416015625,43.84469696969697,1024.621212121212,32.019412878787875,0
2358,4,0,0,32,0.0,0.0,1.0,32,600,300,300,0.5,9,3,6,376.59688659979383,0.34074680779569894,0.02917804521783318,0.220770460774399,131361.49300469298,3494.101726997882,134855.59473169086,2353,4,927.8125,31,1,19,34.06592679622339,0.645497311827957,43.71744791666667,1025.130208333334,33.068716397849485,0
2359,4,0,0,32,0.0,0.0,1.0,32,1200,1000,200,0.8333333333333334,14,10,4,376.283512703019,0.34135584677419356,0.030504252348311223,0.2215516825915084,131528.39660644523,3498.393419053805,135026.79002549904,2354,5,928.8125,31,1,21,33.90507319962764,0.6471774193548387,43.55468749999999,1025.7812499999993,33.08971774193546,0
2360,4,0,0,32,0.0,0.0,1.0,32,600,400,200,0.6666666666666666,8,4,4,375.7271361658837,0.3416708669354838,0.029957005965224104,0.22141765937554203,131561.79004245327,3486.2669203016444,135048.05696275493,2355,6,929.8125,31,1,16,33.88556606168296,0.6475134408602151,43.522135416666664,1025.9114583333328,33.093918010752674,0
2361,4,1,0,33,0.030303030303030304,0.0,1.0,33,750,500,250,0.6666666666666666,10,5,5,366.715940175186,0.34919507575757575,0.026715836918664193,0.2179133800821868,131878.73247946633,3072.4066740638614,134951.13915353018,2356,0,902.6060606060606,32,1,18,33.79660930137267,0.6481119791666667,43.213383838383834,1027.1464646464642,32.09832702020201,0
2362,4,2,0,35,0.05714285714285714,0.0,1.0,35,1250,1000,250,0.8,15,10,5,347.8043722150576,0.3572478991596639,0.023556231003039496,0.2100427521589258,132489.9092970521,2216.11394557822,134706.02324263033,2357,0,851.9714285714285,34,1,21,33.66722556275053,0.6495098039215687,42.61904761904761,1029.523809523809,30.280112044817912,0
2363,4,2,3,34,0.05405405405405406,0.08108108108108109,0.9189189189189189,37,400,100,300,0.25,7,1,6,335.68128944909523,0.36768018018018017,0.031464652425351236,0.2055374740209699,133007.16256797328,1529.6031673565346,134536.76573532983,2358,0,806.8648648648649,36,1,16,33.4604712518195,0.650462962962963,42.11711711711711,1031.5315315315308,28.653653653653635,0
2364,4,1,0,35,0.02857142857142857,0.0,1.0,35,700,500,200,0.7142857142857143,9,5,4,354.94099271629676,0.356827731092437,0.07261053553188401,0.20085967160072493,129996.88042534713,2228.244357638878,132225.124782986,2359,0,853.6571428571428,35,0,20,36.0029366700715,0.6223214285714285,45.05208333333333,1019.7916666666658,29.136904761904738,5
2365,4,2,1,36,0.05405405405405406,0.02702702702702703,0.972972972972973,37,950,800,150,0.8421052631578947,11,8,3,339.02171710659604,0.3674924924924925,0.07735761512585504,0.1945617243493519,130542.57079101253,1451.3533010156834,131993.92409202823,2360,0,808.4594594594595,37,0,15,35.85613376251787,0.6238738738738739,44.517543859649116,1021.9298245614028,27.61972498814602,0
2366,4,4,3,37,0.1,0.075,0.925,40,300,100,200,0.3333333333333333,5,1,4,318.95444217992895,0.38115651709401704,0.06867245657568266,0.18542792873414754,131041.82287535502,359.27430348995995,131401.09717884497,2361,0,748.725,40,0,16,35.86517783291977,0.6236979166666667,44.029471544715435,1023.882113821136,25.597052845528403,0
2367,4,0,1,36,0.0,0.02702702702702703,0.972972972972973,37,500,200,300,0.4,8,2,6,337.2173664314232,0.3680242742742743,0.08394235703041875,0.19394679255028735,130626.62459843408,1409.9132665820168,132036.5378650161,2362,1,810.4324324324324,37,0,16,35.81722174550394,0.6247184684684685,44.435307017543856,1022.2587719298241,27.628615457562812,0
2368,4,0,0,36,0.0,0.0,1.0,36,1000,700,300,0.7,13,7,6,343.84899388368444,0.36593915343915345,0.06998310562656074,0.1975173081321722,130578.91506371237,1779.8857134161171,132358.8007771285,2363,2,833.8055555555555,36,0,16,35.696020640517105,0.6261574074074074,44.48198198198198,1022.0720720720722,28.390890890890894,0
2369,4,2,1,37,0.05263157894736842,0.02631578947368421,0.9736842105263158,38,1200,700,500,0.5833333333333334,17,7,10,331.9699826904562,0.3802009246088194,0.06134129001443833,0.19347089507923454,131136.55495516487,1106.6799757104407,132243.2349308753,2364,0,790.8684210526316,38,0,18,35.436441709259086,0.6280153508771928,43.93696581196582,1024.2521367521379,26.95400359874047,0
2370,4,0,0,37,0.0,0.0,1.0,37,900,500,400,0.5555555555555556,13,5,8,340.53252504425825,0.37496871871871873,0.06732439380254274,0.19771216752569637,130991.17036011086,1521.3508002462345,132512.5211603571,2365,1,813.2432432432432,37,0,18,35.36400314195944,0.6283783783783783,44.078947368421055,1023.6842105263162,27.667140825035574,0
2371,4,0,0,37,0.0,0.0,1.0,37,900,800,100,0.8888888888888888,10,8,2,338.9448989362674,0.37412412412412416,0.06049099002622249,0.1970776753590826,131047.29940943375,1483.5627308402677,132530.86214027402,2366,2,814.2432432432432,37,0,18,35.34795102448776,0.6289414414414414,44.02412280701755,1023.9035087719304,27.67306780464677,0
2372,4,1,0,38,0.02631578947368421,0.0,1.0,38,1250,700,550,0.56,18,7,11,330.0942255360267,0.37774122807017546,0.06262138928452798,0.19348281595838956,131356.2240905856,1072.286785357036,132428.51087594265,2367,0,793.7894736842105,37,1,20,35.26301832638071,0.6320382882882882,43.72258771929825,1025.1096491228072,27.705666192508303,0
2373,4,0,0,38,0.0,0.0,1.0,38,800,500,300,0.625,11,5,6,332.71093736755694,0.3763780227596017,0.06556579088049386,0.19559053407911747,131468.65051025312,1148.2115891428093,132616.86209939592,2368,1,794.7894736842105,37,1,20,35.082660643643756,0.6331644144144144,43.612938596491226,1025.5482456140348,27.71752015173067,0
2374,4,0,0,38,0.0,0.0,1.0,38,850,700,150,0.8235294117647058,10,7,3,333.79909565133926,0.37646692745376953,0.060088891389349364,0.1965192284341271,131524.88175448214,1180.5773170590942,132705.45907154123,2369,2,795.7894736842105,37,1,20,34.99810707286655,0.6337274774774775,43.55811403508772,1025.767543859649,27.723447131341867,0
2375,4,0,1,37,0.0,0.02631578947368421,0.9736842105263158,38,850,500,350,0.5882352941176471,12,5,7,330.09624516034773,0.3766891891891892,0.06125730994152012,0.1950568721402055,131665.51246537405,1092.4582563865902,132757.97072176065,2370,3,796.7894736842105,37,1,15,34.95147792022793,0.6351351351351351,43.42105263157895,1026.3157894736848,27.73826458036986,0
2376,4,0,0,37,0.0,0.0,1.0,37,750,400,350,0.5333333333333333,11,4,7,338.32514113688393,0.3699637137137137,0.06777971296579288,0.19921161671725127,131530.20154867708,1499.9948005437955,133030.19634922087,2371,4,819.1621621621622,36,1,21,34.8766787426355,0.6357060185185185,43.55292792792793,1025.7882882882886,28.49411911911913,0
2377,4,1,1,37,0.02631578947368421,0.02631578947368421,0.9736842105263158,38,1050,900,150,0.8571428571428571,12,9,3,332.64897201798834,0.3745406590801328,0.07894736842105288,0.19758547374080504,131862.52170138882,1172.7864583333294,133035.30815972216,2372,0,798.578947368421,37,1,19,34.687711291413116,0.6371058558558559,43.229166666666664,1027.0833333333328,27.759009009008995,0
2378,4,0,0,37,0.0,0.0,1.0,37,1100,900,200,0.8181818181818182,13,9,4,340.936253658944,0.3706206206206206,0.07942430861610572,0.20227701347533578,131819.15181651252,1588.3855561642767,133407.5373726768,2373,1,821.027027027027,36,1,20,34.518587564425914,0.638599537037037,43.2713963963964,1026.914414414415,28.525400400400414,0
2379,4,1,0,38,0.02631578947368421,0.0,1.0,38,850,700,150,0.8235294117647058,10,7,3,333.5144881312678,0.3719179706021811,0.0856708309481311,0.19972534289240285,132172.4052112188,1216.2824138196268,133388.68762503844,2374,0,800.3947368421053,37,1,21,34.353895642283355,0.6402027027027027,42.92763157894736,1028.2894736842102,27.791607396870546,0
2380,4,0,0,38,0.0,0.0,1.0,38,650,500,150,0.7692307692307693,8,5,3,334.09903650822235,0.37144381223328593,0.08070886019140744,0.20067331373368405,132285.1802958604,1239.2702562326995,133524.4505520931,2375,1,801.3947368421053,37,1,21,34.22555602927591,0.6413288288288288,42.817982456140356,1028.7280701754398,27.803461356092967,0
2381,4,0,0,38,0.0,0.0,1.0,38,950,400,550,0.42105263157894735,15,4,11,335.8520873969411,0.37105855855855857,0.0806520349456632,0.2023304038708404,132398.00347222234,1293.277258387202,133691.28073060955,2376,2,802.3947368421053,36,2,22,34.06713900134951,0.6443865740740742,42.708333333333336,1029.1666666666674,28.587962962962983,0
2382,4,0,0,38,0.0,0.0,1.0,38,1000,700,300,0.7,13,7,6,339.95017962848607,0.370154694167852,0.07564998216073726,0.20590624787298895,132600.90115453294,1415.5400332765203,134016.44118780945,2377,3,803.3947368421053,36,2,23,33.75792696260659,0.6464120370370371,42.51126126126126,1029.9549549549552,28.609859859859867,0
2383,4,0,0,38,0.0,0.0,1.0,38,650,300,350,0.46153846153846156,10,3,7,349.0526775190409,0.3697842579421527,0.09651431969195756,0.2067779896647889,131761.33639974458,1598.3294527636021,133359.6658525082,2378,4,804.3947368421053,36,2,17,34.368487441044195,0.6380208333333333,43.327702702702716,1026.6891891891912,28.5191441441442,1
2384,4,0,0,38,0.0,0.0,1.0,38,1350,1100,250,0.8148148148148148,16,11,5,347.65059741943077,0.3706436699857753,0.09020743441242307,0.20704726180514954,131963.7458404352,1575.4550158266602,133539.20085626186,2379,5,805.3947368421053,36,2,18,34.20055165862926,0.6400462962962962,43.13063063063064,1027.477477477479,28.541041041041083,0
2385,4,0,0,38,0.0,0.0,1.0,38,1200,700,500,0.5833333333333334,17,7,10,344.97570133333323,0.3714882645803699,0.08492070175438604,0.20612792861695353,132087.85545792946,1513.4201148430407,133601.2755727725,2380,6,806.3947368421053,37,1,18,34.144333333333336,0.6393581081081081,43.00986842105264,1027.9605263157903,27.78271692745379,0
2386,4,0,0,38,0.0,0.0,1.0,38,900,600,300,0.6666666666666666,12,6,6,347.2824728019966,0.3711178283546705,0.08278532151273676,0.20828066463444544,132228.78674207444,1584.148007079094,133812.93474915353,2381,7,807.3947368421053,37,1,19,33.94323027718549,0.6407657657657657,42.872807017543856,1028.5087719298242,27.797534376481735,0
2387,4,0,1,37,0.0,0.02631578947368421,0.9736842105263158,38,850,500,350,0.5882352941176471,12,5,7,347.8792397221401,0.3711178283546705,0.08555576748308602,0.20895025781518042,132285.18029586025,1603.853589566017,133889.03388542627,2382,8,808.3947368421053,37,1,19,33.871153982803946,0.6413288288288288,42.81798245614035,1028.7280701754385,27.80346135609293,0
2388,4,0,0,37,0.0,0.0,1.0,37,850,700,150,0.8235294117647058,10,7,3,355.4362015574502,0.3663038038038038,0.08973482190702065,0.21249358768945423,132108.41912436092,1991.2229374645026,134099.64206182543,2383,9,830.6756756756756,36,1,19,33.85479424544492,0.6414930555555556,42.98986486486487,1028.0405405405413,28.556681681681702,0
2389,4,0,0,37,0.0,0.0,1.0,37,500,300,200,0.6,7,3,4,355.00081373156195,0.366554054054054,0.08951389238323837,0.2125581921431407,132166.31063073222,1983.8295643616748,134150.1401950939,2384,10,831.6756756756756,36,1,20,33.807678969079696,0.6420717592592593,42.933558558558566,1028.265765765767,28.56293793793797,0
2390,4,0,0,37,0.0,0.0,1.0,37,900,600,300,0.6666666666666666,12,6,6,358.2871894519026,0.3658971471471471,0.09213745765469916,0.21518431792525522,132282.13168827622,2078.998635459794,134361.13032373603,2385,11,832.6756756756756,36,1,20,33.606549899653345,0.6432291666666666,42.82094594594595,1028.716216216217,28.57545045045047,0
2391,4,0,0,37,0.0,0.0,1.0,37,750,500,250,0.6666666666666666,10,5,5,357.08585358845517,0.36583458458458457,0.09191614729537445,0.2147921951440233,132340.06123944893,2051.352746327409,134391.41398577634,2386,12,833.6756756756756,36,1,21,33.579128816898326,0.6438078703703705,42.76463963963964,1028.9414414414416,28.58170670670671,0
2392,4,0,0,37,0.0,0.0,1.0,37,500,300,200,0.6,7,3,4,358.4717008965887,0.36520895895895894,0.09169493380019667,0.21595734175965256,132398.0034722224,2092.187500000019,134490.19097222242,2387,13,834.6756756756756,36,1,21,33.48515519568151,0.6443865740740741,42.70833333333334,1029.166666666668,28.587962962963005,0
2393,4,2,3,36,0.05128205128205128,0.07692307692307693,0.9230769230769231,39,1250,900,350,0.72,16,9,7,344.79309891082045,0.37483130904183537,0.0806860752263685,0.21078873163052667,132949.08717839443,1367.985553120672,134317.0727315151,2388,0,792.8205128205128,36,3,16,33.283740991482865,0.6498842592592593,42.173423423423415,1031.3063063063048,28.647397397397356,0
2394,4,0,0,36,0.0,0.0,1.0,36,700,600,100,0.8571428571428571,8,6,2,366.3529930521371,0.36511243386243386,0.08033908387864352,0.22200410285531444,132618.8113496011,2517.0596945886177,135135.87104418973,2389,15,816.8611111111111,33,3,23,33.060058496926416,0.6530934343434345,42.493872549019606,1030.0245098039215,31.21286393345217,0
2395,4,0,0,36,0.0,0.0,1.0,36,1200,800,400,0.6666666666666666,16,8,8,360.4270617437635,0.3641865079365079,0.07768666101999488,0.21944989455537975,132796.49234693858,2372.6899092970343,135169.18225623562,2390,16,817.8611111111111,34,2,17,33.03399553399554,0.6525735294117647,42.32142857142856,1030.7142857142842,30.315126050420123,0
2396,4,1,0,37,0.02702702702702703,0.0,1.0,37,1050,400,650,0.38095238095238093,17,4,13,350.7457458829402,0.3673360860860861,0.09051459836800113,0.21610463697948917,133239.59094229378,1946.6439412385428,135186.23488353234,2391,0,796.7297297297297,36,1,19,32.838859802210564,0.6527777777777778,41.891891891891895,1032.4324324324334,28.678678678678708,0
2397,4,0,0,37,0.0,0.0,1.0,37,1650,1300,350,0.7878787878787878,20,13,7,357.83970480143125,0.36624124124124124,0.09501141468443874,0.22168665034119733,133443.13221583076,2150.2502079782494,135593.382423809,2392,1,797.7297297297297,36,1,21,32.45163487738419,0.6548032407407407,41.69481981981982,1033.2207207207211,28.700575575575588,0
2398,4,0,0,37,0.0,0.0,1.0,37,850,700,150,0.8235294117647058,10,7,3,357.87705877017294,0.3658033033033033,0.09395992920020357,0.2220579965066853,133501.31539901384,2155.411619389651,135656.7270184035,2393,2,798.7297297297297,36,1,21,32.39234862518614,0.6553819444444444,41.63851351351351,1033.4459459459456,28.70683183183182,0
2399,4,0,0,37,0.0,0.0,1.0,37,850,700,150,0.8235294117647058,10,7,3,357.37797902990775,0.36533408408408413,0.09423541188247064,0.22227166988445474,133588.61395178956,2148.3257750994135,135736.939726889,2394,3,799.7297297297297,36,1,21,32.31776506899055,0.65625,41.55405405405405,1033.7837837837833,28.716216216216203,0
2400,4,0,0,37,0.0,0.0,1.0,37,900,600,300,0.6666666666666666,12,6,6,360.1580615887046,0.3656468968968969,0.10019187305772692,0.22470731233903943,133705.056407759,2230.990788085367,135936.04719584435,2395,4,800.7297297297297,36,1,14,32.12924651567943,0.6574074074074074,41.441441441441434,1034.2342342342333,28.728728728728704,0
2401,4,0,0,37,0.0,0.0,1.0,37,1000,500,500,0.5,15,5,10,358.73416361828953,0.3655530530530531,0.10240612918601188,0.22417224673453096,133763.2966581445,2197.0928698969137,135960.3895280414,2396,5,801.7297297297297,36,1,15,32.107736410479724,0.6579861111111112,41.38513513513513,1034.4594594594585,28.73498498498496,0
2402,4,0,1,36,0.0,0.02702702702702703,0.972972972972973,37,600,400,200,0.6666666666666666,8,4,4,358.73416361828953,0.3655530530530531,0.10240612918601188,0.22417224673453096,133763.2966581445,2197.0928698969137,135960.3895280414,2397,6,802.7297297297297,36,1,15,32.107736410479724,0.6579861111111112,41.38513513513513,1034.4594594594585,28.73498498498496,0
2403,4,0,1,35,0.0,0.027777777777777776,0.9722222222222222,36,900,800,100,0.8888888888888888,10,8,2,361.6954191252646,0.3670138888888889,0.08355704697986588,0.2264395691162371,133831.2596450617,2481.230709876541,136312.49035493826,2398,7,791.0277777777778,35,1,16,31.963087248322136,0.6607142857142857,41.31944444444444,1034.7222222222222,29.563492063492063,0
2404,4,0,0,35,0.0,0.0,1.0,35,900,700,200,0.7777777777777778,11,7,4,363.8781310917813,0.3657212885154062,0.08969096861774317,0.22873435577062456,133981.00090288508,2750.5512420696323,136731.5521449547,2399,8,800.4571428571429,35,0,17,31.75668436743061,0.6622023809523809,41.174768518518526,1035.300925925927,29.580026455026484,0
2405,4,0,0,35,0.0,0.0,1.0,35,550,300,250,0.5454545454545454,8,3,5,363.8781310917813,0.3657212885154062,0.08969096861774317,0.22873435577062456,133981.00090288508,2750.5512420696323,136731.5521449547,2400,9,801.4571428571429,35,0,17,31.75668436743061,0.6622023809523809,41.174768518518526,1035.300925925927,29.580026455026484,0
2406,4,0,0,35,0.0,0.0,1.0,35,850,700,150,0.8235294117647058,10,7,3,362.02353059110567,0.3656162464985995,0.08965087878932976,0.22831209127976082,134100.85419077936,2709.5329378858055,136810.38712866517,2401,10,802.4571428571429,35,0,17,31.684755279919536,0.6633928571428571,41.05902777777778,1035.7638888888891,29.593253968253975,0
2407,4,0,0,35,0.0,0.0,1.0,35,850,500,350,0.5882352941176471,12,5,7,361.75060555311967,0.3648809523809524,0.0919188050555344,0.22869995910392152,134190.77932098764,2708.7191358024684,136899.4984567901,2402,11,803.4571428571429,35,0,17,31.601876675603222,0.6642857142857144,40.97222222222222,1036.111111111111,29.6031746031746,0
2408,4,0,1,34,0.0,0.02857142857142857,0.9714285714285714,35,1050,800,250,0.7619047619047619,13,8,5,361.257986791063,0.36393557422969186,0.09256683468385152,0.22913785621110197,134310.7263803155,2704.1645233196145,137014.8909036351,2403,12,804.4571428571429,35,0,18,31.49471490248623,0.6654761904761904,40.85648148148148,1036.574074074074,29.61640211640211,0
2409,4,0,0,34,0.0,0.0,1.0,34,650,400,250,0.6153846153846154,9,4,5,372.00012940263827,0.3623737373737374,0.09388386643423718,0.23570837893590768,134273.02295918384,3189.916383219975,137462.9393424038,2404,13,828.2647058823529,34,0,19,31.254068075656644,0.6672794117647057,40.89285714285715,1036.428571428573,30.483193277310967,0
2410,4,0,0,34,0.0,0.0,1.0,34,900,600,300,0.6666666666666666,12,6,6,374.91541653615656,0.3616124480095068,0.09609734351887478,0.23815742980404014,134365.57716836748,3275.1452664399285,137640.72243480742,2405,14,829.2647058823529,34,0,20,31.085897730317303,0.6681985294117645,40.80357142857144,1036.7857142857154,30.493697478991628,0
2411,4,0,0,34,0.0,0.0,1.0,34,950,600,350,0.631578947368421,13,6,7,373.4728775402375,0.36116681521093286,0.0960752800718494,0.2376422378563196,134427.29768990958,3240.9899376417557,137668.28762755133,2406,15,830.2647058823529,34,0,20,31.061540963532707,0.6688112745098038,40.744047619047635,1037.023809523812,30.500700280112113,0
2412,4,0,1,33,0.0,0.029411764705882353,0.9705882352941176,34,650,400,250,0.6153846153846154,9,4,5,372.57646166987473,0.3613339275103981,0.09760033489980002,0.23727237822134165,134458.16326530642,3219.18934240366,137677.35260771008,2407,16,831.2647058823529,34,0,20,31.05391031527395,0.6691176470588234,40.71428571428573,1037.1428571428594,30.504201680672335,0
2413,4,0,0,33,0.0,0.0,1.0,33,750,500,250,0.6666666666666666,10,5,5,392.44704319998493,0.354363952020202,0.12909291876605922,0.24583255436058396,133852.39451172625,3905.995290272968,137758.3898019992,2408,17,856.3939393939394,33,0,18,31.14637612505921,0.6654040404040404,41.299019607843135,1034.8039215686274,31.357694592988707,1
2414,4,0,0,33,0.0,0.0,1.0,33,500,200,300,0.4,8,2,6,393.2707054072237,0.3540088383838384,0.13298168182715253,0.24656058702034156,133884.09994052752,3930.5388852844862,137814.638825812,2409,18,857.3939393939394,33,0,18,31.093225774620088,0.665719696969697,41.26838235294117,1034.926470588234,31.361408199643453,0
2415,4,0,1,32,0.0,0.030303030303030304,0.9696969696969697,33,1000,800,200,0.8,12,8,4,401.0824074220731,0.3541666666666667,0.1347715900968225,0.2408215828255282,132271.9101427337,4010.387230872766,136282.29737360645,2410,19,858.3939393939394,33,0,20,32.51628147089192,0.6496212121212119,42.83088235294119,1028.6764705882365,31.17201426024959,2
2416,4,0,0,32,0.0,0.0,1.0,32,700,200,500,0.2857142857142857,12,2,10,409.37335958638374,0.3542926747311828,0.13650386787819224,0.2451424000346702,132170.69686766676,4421.432443118074,136592.12931078483,2411,20,870.625,32,0,20,32.40550302881468,0.6510416666666665,42.92929292929294,1028.28282828283,32.13383838383844,0
2417,4,0,0,32,0.0,0.0,1.0,32,1150,900,250,0.782608695652174,14,9,5,409.782363547645,0.3541456653225807,0.12996610013498588,0.24644402070477947,132333.03880025013,4445.549083001757,136778.5878832519,2412,21,871.625,32,0,21,32.23069292755759,0.6526692708333333,42.77146464646466,1028.9141414141427,32.15356691919196,0
2418,4,0,0,32,0.0,0.0,1.0,32,850,600,250,0.7058823529411765,11,6,5,412.23426051893915,0.35389364919354843,0.1311993927125501,0.2483460057272639,132398.0034722225,4515.798611111146,136913.80208333366,2413,22,872.625,32,0,21,32.10188933873144,0.6533203124999998,42.70833333333335,1029.166666666669,32.16145833333341,0
2419,4,0,0,32,0.0,0.0,1.0,32,850,600,250,0.7058823529411765,11,6,5,412.67361129756625,0.3536836357526882,0.12990844104974575,0.24906754837888578,132467.17693158175,4533.141656549904,137000.31858813166,2414,23,873.625,30,2,21,32.02060756408583,0.6593749999999999,42.64112903225807,1029.4354838709683,34.31451612903228,0
2420,4,0,0,32,0.0,0.0,1.0,32,1000,800,200,0.8,12,8,4,416.0332204139624,0.35261256720430106,0.12756882828810023,0.2522530538965672,132640.18961729686,4636.545048560534,137276.7346658574,2415,24,874.625,30,2,20,31.75914448503827,0.6611111111111111,42.473118279569896,1030.107526881721,34.33691756272403,0
2421,4,2,2,32,0.058823529411764705,0.058823529411764705,0.9411764705882353,34,1100,800,300,0.7272727272727273,14,8,6,395.2621828456303,0.365975935828877,0.1030547151750596,0.24236797650235695,133060.97902549495,3718.7946042387503,136779.7736297337,2416,0,824.1176470588235,33,1,20,31.869753929603682,0.6575126262626263,42.064950980392155,1031.740196078431,31.26485442661912,0
2422,4,0,0,32,0.0,0.0,1.0,32,1100,800,300,0.7272727272727273,14,8,6,418.5382098907336,0.35261256720430106,0.13532982821775907,0.25508598981562275,132833.88137817394,4719.210984971804,137553.09236314576,2417,26,876.625,31,1,20,31.498805313460487,0.660282258064516,42.28515625000001,1030.859375000001,33.253528225806484,0
2423,4,0,0,32,0.0,0.0,1.0,32,1050,800,250,0.7619047619047619,13,8,5,417.01726388112075,0.353515625,0.13469748439221463,0.2551770807973691,132983.40292125818,4691.274965564754,137674.67788682293,2418,27,877.625,32,0,20,31.386950667156324,0.6591796875,42.14015151515152,1031.439393939395,32.23248106060609,0
2424,4,0,0,32,0.0,0.0,1.0,32,700,500,200,0.7142857142857143,9,5,4,417.7408720804285,0.35313760080645157,0.14047010769795598,0.2560660664493011,133048.5270157383,4715.961540914205,137764.4885566525,2419,28,878.625,32,0,20,31.302523150981102,0.6598307291666666,42.07702020202021,1031.69191919192,32.2403724747475,0
2425,4,0,0,32,0.0,0.0,1.0,32,700,600,100,0.8571428571428571,8,6,2,420.3784233177946,0.35248655913978494,0.1418063371666256,0.25835888963907205,133146.24304917888,4794.361544740361,137940.60459391924,2420,29,879.625,32,0,21,31.13581681755158,0.6608072916666665,41.982323232323246,1032.070707070709,32.252209595959656,0
2426,4,0,0,32,0.0,0.0,1.0,32,1200,900,300,0.75,15,9,6,424.18083195488776,0.35244455645161293,0.1356841526045487,0.2616101692101864,133276.58689164376,4906.674701561072,138183.26159320484,2421,30,880.625,32,0,21,30.90608950843727,0.662109375,41.85606060606061,1032.575757575758,32.267992424242436,0
2427,4,0,0,32,0.0,0.0,1.0,32,700,600,100,0.8571428571428571,8,6,2,427.32019775108984,0.3520245295698925,0.1394330684596583,0.2640090043507486,133341.7827262523,4995.927392612986,138337.7101188653,2422,31,881.625,32,0,21,30.759219641401803,0.6627604166666667,41.79292929292929,1032.8282828282818,32.275883838383805,0
2428,4,0,0,32,0.0,0.0,1.0,32,800,700,100,0.875,9,7,2,425.2103558729689,0.352570564516129,0.1330970422879496,0.263167256562226,133406.99450311178,4945.207121722257,138352.20162483404,2423,32,882.625,32,0,21,30.747881528558622,0.6634114583333335,41.72979797979797,1033.080808080807,32.28377525252522,0
2429,4,0,0,32,0.0,0.0,1.0,32,800,400,400,0.5,12,4,8,423.288841753997,0.3526965725806452,0.13627889008331118,0.26294787648858464,133543.99112654306,4905.584092184455,138449.57521872752,2424,33,883.625,29,3,22,30.659320971065128,0.6731321839080461,41.597222222222214,1033.61111111111,35.64176245210724,0
2430,4,1,1,32,0.030303030303030304,0.030303030303030304,0.9696969696969697,33,700,600,100,0.8571428571428571,8,6,2,409.0176252452926,0.359375,0.1206782814936842,0.2561436617670871,133842.48733520482,4348.787265353703,138191.2746005585,2425,0,857.8181818181819,31,2,19,30.727659284425997,0.6703629032258065,41.308593749999986,1034.765624999998,33.37953629032251,0
2431,4,1,1,32,0.030303030303030304,0.030303030303030304,0.9696969696969697,33,900,500,400,0.5555555555555556,13,5,8,406.7683019647842,0.358270202020202,0.11980906193286645,0.25496801766688504,133876.17323133672,4291.316731770815,138167.48996310754,2426,0,858.7878787878788,31,2,19,30.751971145780896,0.6706989247311829,41.27604166666666,1034.8958333333326,33.38373655913976,0
2432,4,0,1,31,0.0,0.03125,0.96875,32,550,300,250,0.5454545454545454,8,3,5,414.9367244284957,0.35227654569892475,0.1357008313847754,0.25968966704476076,133819.67026534845,4705.339128800999,138525.00939414944,2427,36,886.625,30,2,19,30.59750368060968,0.6729166666666667,41.33064516129031,1034.6774193548376,34.489247311827924,0
2433,4,0,0,31,0.0,0.0,1.0,31,1200,1100,100,0.9166666666666666,13,11,2,417.1252329248068,0.35165770609318997,0.11962662222091969,0.2622951566710028,133993.56365258968,4978.419289802264,138971.98294239194,2428,37,838.516129032258,30,1,20,30.365874767406634,0.674652777777778,41.16263440860214,1035.3494623655897,34.51164874551966,0
2434,4,0,0,31,0.0,0.0,1.0,31,700,500,200,0.7142857142857143,9,5,4,415.13419894057597,0.35152329749103944,0.11531023165861587,0.26178593592766586,134097.95388195154,4933.72933287084,139031.68321482238,2429,38,839.516129032258,30,1,20,30.312418894368022,0.6756944444444445,41.06182795698924,1035.752688172042,34.525089605734735,0
2435,4,0,0,31,0.0,0.0,1.0,31,1050,700,350,0.6666666666666666,14,7,7,416.9304178001466,0.35112007168458786,0.11906226848654544,0.2631681187539495,134132.75965790817,4984.805504971635,139117.56516287982,2430,39,840.516129032258,30,1,20,30.23090480515549,0.6760416666666668,41.028225806451594,1035.8870967741914,34.52956989247305,0
2436,4,0,0,31,0.0,0.0,1.0,31,650,400,250,0.6153846153846154,9,4,5,416.6067559197556,0.35143369175627237,0.11929918528406303,0.2634636161924029,134202.38475907597,4981.92403023468,139184.30878931066,2431,40,841.516129032258,30,1,21,30.169282656635097,0.6767361111111112,40.96102150537633,1036.155913978493,34.53853046594976,0
2437,4,0,0,31,0.0,0.0,1.0,31,700,500,200,0.7142857142857143,9,5,4,416.75220921840884,0.35161290322580646,0.11760177398435245,0.26380620140180017,134237.20408428696,4988.730272285773,139225.93435657275,2432,41,842.516129032258,30,1,21,30.13051232166017,0.6770833333333335,40.92741935483869,1036.290322580643,34.543010752688105,0
2438,4,0,0,31,0.0,0.0,1.0,31,500,200,300,0.4,8,2,6,419.06194933838793,0.3508512544802867,0.11536450818266619,0.266026733765184,134341.68915842863,5059.49802722857,139401.1871856572,2433,42,843.516129032258,30,1,21,29.965642421885125,0.6781250000000001,40.8266129032258,1036.6935483870961,34.5564516129032,0
2439,4,0,0,31,0.0,0.0,1.0,31,600,300,300,0.5,9,3,6,421.5940512345872,0.3503584229390681,0.11727620863225141,0.2684009652909304,134446.214880333,5136.34488091109,139582.55976124408,2434,43,844.516129032258,30,1,22,29.794960687748397,0.6791666666666667,40.725806451612904,1037.0967741935485,34.56989247311829,0
2440,4,0,0,31,0.0,0.0,1.0,31,600,500,100,0.8333333333333334,7,5,2,416.55785457861265,0.35058243727598565,0.11647677402636503,0.26570194393700236,134515.9212770261,5006.732714764693,139522.65399179078,2435,44,845.516129032258,30,1,22,29.855532521378603,0.6798611111111111,40.658602150537625,1037.3655913978482,34.57885304659494,0
2441,4,0,0,31,0.0,0.0,1.0,31,650,500,150,0.7692307692307693,8,5,3,419.8946013225354,0.3507616487455197,0.12175424376752142,0.2686003493629904,134620.51474520168,5105.285473754187,139725.80021895588,2436,45,846.516129032258,30,1,22,29.66395760480075,0.6809027777777779,40.55779569892473,1037.7688172043006,34.59229390681002,0
2442,4,0,0,31,0.0,0.0,1.0,31,800,700,100,0.875,9,7,2,419.9097879491562,0.3509408602150537,0.12290815516621989,0.2688676104928178,134655.38826742975,5108.623106717538,139764.0113741473,2437,46,847.516129032258,30,1,22,29.628550461883794,0.68125,40.524193548387096,1037.9032258064515,34.596774193548384,0
2443,4,0,0,31,0.0,0.0,1.0,31,500,400,100,0.8,6,4,2,417.63634649825633,0.35080645161290325,0.12144900302745598,0.26818294070648624,134760.03593262224,5056.137812174815,139816.17374479707,2438,47,848.516129032258,30,1,22,29.58252427184466,0.6822916666666667,40.42338709677419,1038.306451612903,34.61021505376343,0
2444,4,0,0,31,0.0,0.0,1.0,31,600,400,200,0.6666666666666666,8,4,4,416.5571592531152,0.3510752688172043,0.12335537300474186,0.2682628105590062,134864.7242455775,5035.7732830384975,139900.497528616,2439,48,849.516129032258,30,1,21,29.505531832298146,0.6833333333333333,40.32258064516129,1038.7096774193546,34.62365591397849,0
2445,4,0,0,31,0.0,0.0,1.0,31,650,400,250,0.6153846153846154,9,4,5,416.1066659526148,0.35089605734767026,0.12333180319659465,0.2684895265286904,134934.53903630472,5029.432232049938,139963.97126835465,2440,49,850.516129032258,30,1,21,29.44722940922811,0.6840277777777778,40.25537634408602,1038.9784946236555,34.63261648745518,0
2446,4,0,0,31,0.0,0.0,1.0,31,500,400,100,0.8,6,4,2,416.34787341750916,0.35058243727598565,0.12086238478517575,0.2689043783952183,134969.4532062955,5038.84896375303,140008.30217004853,2441,50,851.516129032258,30,1,21,29.405963006079418,0.684375,40.221774193548384,1039.1129032258063,34.637096774193544,0
2447,4,0,0,31,0.0,0.0,1.0,31,800,600,200,0.75,10,6,4,414.0063037787611,0.35067204301075267,0.12020426213640811,0.2676502291653329,135004.3718927044,4978.5322002543635,139982.90409295875,2442,51,852.516129032258,30,1,21,29.43179858596309,0.6847222222222222,40.18817204301075,1039.2473118279572,34.64157706093191,0
2448,4,1,0,32,0.03125,0.0,1.0,32,750,700,50,0.9333333333333333,8,7,1,403.1959887815741,0.354481686827957,0.11258133133133086,0.2632632632632632,135362.54882812503,4515.527343749999,139878.07617187503,2443,0,826.84375,31,1,23,29.354354354354356,0.685483870967742,39.84375,1040.6250000000002,33.56854838709678,0
2449,4,0,0,32,0.0,0.0,1.0,32,750,400,350,0.5333333333333333,11,4,7,403.11482982054525,0.35412466397849457,0.10854831144465282,0.26395602493163467,135464.19143676758,4521.524895562066,139985.71633232964,2444,1,827.84375,31,1,23,29.254872837189914,0.686491935483871,39.74609375,1041.015625,33.581149193548384,0
2450,4,0,0,32,0.0,0.0,1.0,32,600,500,100,0.8333333333333334,7,5,2,403.92132034000986,0.3541456653225807,0.1062875187593797,0.26473400634743605,135498.0807834202,4546.1127387152865,140044.1935221355,2445,2,828.84375,31,1,23,29.200016675004164,0.6868279569892473,39.71354166666667,1041.145833333334,33.58534946236561,0
2451,4,1,1,32,0.030303030303030304,0.030303030303030304,0.9696969696969697,33,850,700,150,0.8235294117647058,10,7,3,398.3109552017922,0.35858585858585856,0.10238055907347277,0.26325515894241736,135798.13483636864,4217.976960259145,140016.11179662778,2446,0,804.6969696969697,32,1,23,29.046537452049268,0.6871744791666667,39.425505050505045,1042.297979797979,32.571811868686844,0
2452,4,0,0,32,0.0,0.0,1.0,32,650,500,150,0.7692307692307693,8,5,3,405.44,0.354502688172043,0.10950000000000015,0.2667368421052632,135633.6805555556,4598.263888888893,140231.9444444445,2447,4,830.84375,32,0,23,29.02500000000001,0.685546875,39.583333333333336,1041.666666666667,32.55208333333334,0
2453,4,0,0,32,0.0,0.0,1.0,32,700,700,0,1.0,7,7,0,407.9056014923889,0.354481686827957,0.10808569611050545,0.26910031407807244,135732.3411673554,4673.1964531680505,140405.53762052345,2448,5,831.84375,32,0,23,28.86223191566704,0.6865234375,39.48863636363637,1042.0454545454547,32.56392045454546,0
2454,4,0,0,32,0.0,0.0,1.0,32,750,400,350,0.5333333333333333,11,4,7,412.0542915642043,0.3546496975806452,0.10880905511811023,0.2723385249689758,135798.13483636876,4791.24084914805,140589.3756855168,2449,6,832.84375,32,0,23,28.688421158893597,0.6871744791666666,39.42550505050505,1042.2979797979801,32.57181186868688,0
2455,4,0,0,32,0.0,0.0,1.0,32,800,500,300,0.625,11,5,6,412.3255272382464,0.3549437163978495,0.10853291146905653,0.273021000674114,135863.944447633,4804.034505407627,140667.9789530406,2450,7,833.84375,32,0,20,28.615619070687508,0.6878255208333333,39.362373737373744,1042.5505050505058,32.579703282828305,0
2456,4,0,0,32,0.0,0.0,1.0,32,500,300,200,0.6,7,3,4,413.295499182149,0.3547967069892473,0.11161470944309926,0.2744228957592084,135962.6887562495,4838.553463932269,140801.24222018177,2451,8,834.84375,32,0,20,28.491727199354308,0.6888020833333333,39.267676767676775,1042.929292929294,32.59154040404044,0
2457,4,0,0,32,0.0,0.0,1.0,32,900,800,100,0.8888888888888888,10,8,2,413.78513803649446,0.3541666666666667,0.10959059549745831,0.27525707008514627,136028.5382231405,4857.317493112945,140885.85571625343,2452,9,835.84375,32,0,20,28.41321713870733,0.689453125,39.20454545454545,1043.181818181818,32.59943181818181,0
2458,4,0,0,32,0.0,0.0,1.0,32,1050,700,350,0.6666666666666666,14,7,7,409.2558378336164,0.35355762768817206,0.11239340147574639,0.27350994433067977,136193.23163771565,4747.575024232231,140940.8066619479,2453,10,836.84375,32,0,21,28.367051731785008,0.6910807291666666,39.04671717171718,1043.8131313131323,32.619160353535385,0
2459,4,0,0,32,0.0,0.0,1.0,32,550,300,250,0.5454545454545454,8,3,5,409.9257344215789,0.35376764112903225,0.11012138710847741,0.2744676840430798,136259.13690248446,4771.225353280285,141030.36225576475,2454,11,837.84375,32,0,21,28.28385133228524,0.6917317708333333,38.98358585858586,1044.0656565656568,32.627051767676775,0
2460,4,0,0,32,0.0,0.0,1.0,32,950,700,250,0.7368421052631579,12,7,5,410.2455079401514,0.35378864247311825,0.11048216444981818,0.2749376297135377,136292.09551321305,4782.643990409155,141074.7395036222,2455,12,838.84375,32,0,21,28.242644095122927,0.6920572916666666,38.95202020202021,1044.19191919192,32.6309974747475,0
2461,4,0,1,31,0.0,0.03125,0.96875,32,1150,900,250,0.782608695652174,14,9,5,412.1279425079223,0.3541666666666667,0.10472074468085113,0.2767144756838907,136358.02469135806,4839.390432098774,141197.41512345683,2456,13,839.84375,32,0,21,28.127770390070925,0.6927083333333333,38.88888888888889,1044.4444444444448,32.6388888888889,0
2462,4,0,0,31,0.0,0.0,1.0,31,850,700,150,0.8235294117647058,10,7,3,421.88827324159934,0.34973118279569887,0.11376588069221572,0.28317705771304313,136346.69197930218,5304.61408827039,141651.30606757256,2457,66,867.516129032258,31,0,22,27.884225782321423,0.695228494623656,38.89973958333333,1044.4010416666656,33.69035618279567,0
2463,4,0,0,31,0.0,0.0,1.0,31,500,400,100,0.8,6,4,2,422.41788211314423,0.34955197132616483,0.1104060607522861,0.2838053810981275,136380.6915283203,5321.928575303819,141702.62010362413,2458,67,868.516129032258,31,0,22,27.836470539350124,0.6955645161290323,38.8671875,1044.53125,33.694556451612904,0
2464,4,0,0,31,0.0,0.0,1.0,31,800,500,300,0.625,11,5,6,424.5795751205831,0.34964157706093185,0.11473821726459654,0.2860832149741964,136482.71560668945,5389.554680718317,141872.27028740777,2459,68,869.516129032258,31,0,22,27.678219106957425,0.6965725806451613,38.76953125,1044.921875,33.70715725806452,0
2465,4,0,0,31,0.0,0.0,1.0,31,350,100,250,0.2857142857142857,6,1,5,423.0010186282816,0.3495967741935484,0.11625280806310978,0.28557015782415596,136550.75285169802,5352.221510145389,141902.9743618434,2460,69,870.516129032258,31,0,22,27.6515977326523,0.697244623655914,38.70442708333333,1045.1822916666658,33.7155577956989,0
2466,4,0,0,31,0.0,0.0,1.0,31,500,300,200,0.6,7,3,4,402.8897591076308,0.34910394265232975,0.09608439845810568,0.2529994932784881,133943.55773925755,4592.897542317679,138536.45528157524,2461,70,871.516129032258,31,0,16,30.784591194968563,0.6713709677419356,41.210937499999986,1035.156249999998,33.39213709677413,6
2467,4,0,0,31,0.0,0.0,1.0,31,950,700,250,0.7368421052631579,12,7,5,403.43554518187875,0.3484318996415771,0.09785297719954222,0.2542730844989432,134078.37761772994,4618.396674262133,138696.77429199207,2462,71,872.516129032258,31,0,16,30.63500544799261,0.672715053763441,41.08072916666666,1035.6770833333326,33.40893817204299,0
2468,4,0,0,31,0.0,0.0,1.0,31,600,400,200,0.6666666666666666,8,4,4,405.51364994410613,0.3489695340501792,0.09807554314115752,0.2562884918669778,134179.53703138555,4682.326761881491,138861.86379326705,2463,72,873.516129032258,31,0,17,30.479582966779763,0.67372311827957,40.98307291666666,1036.0677083333326,33.4215389784946,0
2469,4,0,0,31,0.0,0.0,1.0,31,750,600,150,0.8,9,6,3,400.9167540648997,0.34986559139784945,0.09854492262683823,0.25431858797694534,134314.47558932824,4569.784715440527,138884.26030476877,2464,73,874.516129032258,31,0,18,30.46322174768665,0.6750672043010754,40.85286458333333,1036.5885416666658,33.43834005376341,0
2470,4,0,0,31,0.0,0.0,1.0,31,800,500,300,0.625,11,5,6,399.2224175035782,0.349910394265233,0.09980395651399121,0.25394627260371355,134415.72401258667,4532.354058159712,138948.0780707464,2465,74,875.516129032258,31,0,20,30.40557508789554,0.6760752688172044,40.75520833333333,1036.9791666666656,33.45094086021502,0
2471,4,0,0,31,0.0,0.0,1.0,31,600,200,400,0.3333333333333333,10,2,8,401.4847435015839,0.34910394265232975,0.10366638860317612,0.25585819733868925,134483.24415418826,4598.594156901021,139081.8383110893,2466,75,876.516129032258,31,0,20,30.27920746505982,0.676747311827957,40.69010416666666,1037.2395833333323,33.45934139784943,0
2472,4,0,0,31,0.0,0.0,1.0,31,750,500,250,0.6666666666666666,10,5,5,398.26169830062577,0.34861111111111115,0.10489720875814812,0.25451823765569764,134585.64573939162,4520.078522021351,139105.72426141298,2467,76,877.516129032258,30,1,21,30.26014680483593,0.6805555555555556,40.59139784946235,1037.6344086021488,34.58781362007163,0
2473,4,1,0,32,0.03125,0.0,1.0,32,850,700,150,0.8235294117647058,10,7,3,386.5076224395576,0.3546496975806452,0.09854323308270696,0.24954132905078222,134956.35986328113,4032.3323567708176,138988.69222005195,2468,0,851.0625,31,1,18,30.19423558897243,0.6814516129032259,40.23437499999999,1039.062499999999,33.51814516129029,0
2474,4,0,0,32,0.0,0.0,1.0,32,850,600,250,0.7058823529411765,11,6,5,370.1213660040619,0.35504872311827956,0.07263389581804858,0.22826942165770878,133276.58689164376,3465.7024793388496,136742.28937098262,2469,1,852.0625,32,0,21,32.30160185864514,0.662109375,41.85606060606061,1032.575757575758,32.267992424242436,6
2475,4,0,0,32,0.0,0.0,1.0,32,700,500,200,0.7142857142857143,9,5,4,368.0198113931913,0.35540574596774194,0.07071644664466437,0.22757143439211663,133374.38662190104,3416.883321854936,136791.26994375596,2470,2,853.0625,32,0,21,32.25767021146558,0.6630859375,41.76136363636365,1032.954545454547,32.2798295454546,0
2476,4,0,0,32,0.0,0.0,1.0,32,750,600,150,0.8,9,6,3,367.13059313215416,0.3551327284946237,0.07333669354838745,0.22762096774193544,133472.22222222216,3400.347222222218,136872.56944444438,2471,3,854.0625,32,0,21,32.18245967741935,0.6640625,41.666666666666664,1033.333333333333,32.29166666666666,0
2477,4,0,0,32,0.0,0.0,1.0,32,650,400,250,0.6153846153846154,9,4,5,367.89614585729095,0.35391465053763443,0.0700433667236744,0.2284975606971005,133537.46588358338,3425.583805223964,136963.04968880734,2472,4,855.0625,32,0,21,32.09722900887693,0.6647135416666666,41.60353535353536,1033.5858585858591,32.2995580808081,0
2478,4,0,0,32,0.0,0.0,1.0,32,600,500,100,0.8333333333333334,7,5,2,368.4258794396625,0.3533896169354838,0.07343578233785264,0.229028297264428,133570.0936926079,3442.1358471074354,137012.22953971534,2473,5,856.0625,32,0,21,32.05081226334432,0.6650390625,41.571969696969695,1033.712121212121,32.30350378787878,0
2479,4,0,0,32,0.0,0.0,1.0,32,1000,700,300,0.7,13,7,6,365.0820485985321,0.35341061827956993,0.0730311355311355,0.22755113987990697,133668.00103305784,3359.957529843893,137027.95856290174,2474,6,857.0625,32,0,22,32.03907203907205,0.666015625,41.47727272727273,1034.090909090909,32.31534090909091,0
2480,4,0,0,32,0.0,0.0,1.0,32,800,500,300,0.625,11,5,6,373.1777224121294,0.3538516465053763,0.037714721093461856,0.21913060619731775,131425.20732897162,3408.991907713514,134834.19923668515,2475,7,858.0625,32,0,20,34.08909001354514,0.6435546875,43.65530303030304,1025.3787878787887,32.043087121212146,7
2481,4,1,0,33,0.030303030303030304,0.0,1.0,33,850,600,250,0.7058823529411765,11,6,5,366.85162705743943,0.36205808080808083,0.045255611739259516,0.2173608862437928,131768.1375552673,3067.8711312956675,134836.00868656297,2476,0,833.030303030303,33,0,17,33.90477043049256,0.644570707070707,43.321078431372555,1026.7156862745105,31.112596553773045,0
2482,4,0,1,32,0.0,0.030303030303030304,0.9696969696969697,33,650,600,50,0.9230769230769231,7,6,1,366.7066665863334,0.3617818813131313,0.0467257610114753,0.21745471757444368,131799.5951827423,3066.358041378328,134865.95322412063,2477,1,834.030303030303,33,0,18,33.87673051676811,0.6448863636363635,43.290441176470594,1026.8382352941185,31.116310160427833,0
2483,4,0,0,32,0.0,0.0,1.0,32,600,300,300,0.5,9,3,6,370.2690936985132,0.35702284946236557,0.05017442578414433,0.213260250410424,130681.82615294364,3277.4882665034265,133959.31441944707,2478,2,860.8125,32,0,16,34.91654317938586,0.6360677083333333,44.381313131313135,1022.474747474748,31.952335858585876,2
2484,4,0,0,32,0.0,0.0,1.0,32,750,400,350,0.5333333333333333,11,4,7,370.2690936985132,0.35702284946236557,0.05017442578414433,0.213260250410424,130681.82615294364,3277.4882665034265,133959.31441944707,2479,3,861.8125,32,0,16,34.91654317938586,0.6360677083333333,44.381313131313135,1022.474747474748,31.952335858585876,0
2485,4,0,0,32,0.0,0.0,1.0,32,750,600,150,0.8,9,6,3,375.3549306329487,0.35731686827956993,0.06160515921994558,0.2169133843072861,130810.95838434855,3420.1076420773406,134231.0660264259,2480,4,862.8125,32,0,16,34.65553772731012,0.6373697916666666,44.255050505050505,1022.9797979797981,31.968118686868692,0
2486,4,0,0,32,0.0,0.0,1.0,32,550,400,150,0.7272727272727273,7,4,3,374.6670477160312,0.3568968413978495,0.055089877613462734,0.21420468821315977,130395.54172092024,3372.00283443257,133767.54455535283,2481,5,863.8125,31,1,21,35.09476457589667,0.6357526881720429,44.66145833333334,1021.3541666666675,32.946908602150565,4
2487,4,0,0,32,0.0,0.0,1.0,32,400,300,100,0.75,5,3,2,374.47128295557513,0.3566238239247312,0.05288798597833,0.21427623740236978,130428.79104614271,3368.367343478745,133797.15838962144,2482,6,864.8125,31,1,21,35.0659921393669,0.6360887096774193,44.62890625000001,1021.484375000001,32.95110887096777,0
2488,4,0,0,32,0.0,0.0,1.0,32,900,700,200,0.7777777777777778,11,7,4,374.81776589034666,0.3572328629032258,0.053930937818552405,0.21502703411604115,130528.56445312512,3384.8849826389023,133913.44943576402,2483,7,865.8125,31,1,16,34.955827387020044,0.6370967741935483,44.53125000000001,1021.8750000000009,32.96370967741938,0
2489,4,0,0,32,0.0,0.0,1.0,32,1100,800,300,0.7272727272727273,14,8,6,373.8514054791556,0.3569598454301075,0.05235658347128447,0.21539655812383057,130694.93823581278,3372.0972696940153,134067.0355055068,2484,8,866.8125,31,1,16,34.811669637930294,0.63877688172043,44.368489583333336,1022.5260416666672,32.98471102150539,0
2490,4,0,0,32,0.0,0.0,1.0,32,1050,900,150,0.8571428571428571,12,9,3,373.28553092069967,0.35637180779569894,0.051454912816596865,0.2158134228435567,130828.11355590817,3367.2483656141494,134195.36192152233,2485,9,867.8125,31,1,18,34.69106635272158,0.6401209677419355,44.23828125,1023.0468749999998,33.001512096774185,0
2491,4,0,0,32,0.0,0.0,1.0,32,550,300,250,0.5454545454545454,8,3,5,374.9283501145272,0.355489751344086,0.05825725283114869,0.21713794425571634,130894.7266472711,3415.228780110682,134309.9554273818,2486,10,868.8125,31,1,18,34.58150422021462,0.6407930107526882,44.173177083333336,1023.3072916666671,33.009912634408614,0
2492,4,0,0,32,0.0,0.0,1.0,32,500,300,200,0.6,7,3,4,375.23583836735725,0.35551075268817206,0.05478689567430006,0.21750395940762762,130928.03955078138,3425.7785373264032,134353.81808810777,2487,11,869.8125,31,1,18,34.539864291772695,0.6411290322580644,44.14062500000001,1023.437500000001,33.014112903225836,0
2493,4,1,1,32,0.030303030303030304,0.030303030303030304,0.9696969696969697,33,1100,700,400,0.6363636363636364,15,7,8,365.3711720268827,0.3611505681818182,0.05159917100767397,0.21346199143255237,131231.0785410927,2989.6105945821837,134220.68913567488,2488,0,844.4242424242424,32,1,18,34.485520640788664,0.6416015625,43.84469696969697,1024.6212121212118,32.01941287878787,0
2494,4,0,0,32,0.0,0.0,1.0,32,850,600,250,0.7058823529411765,11,6,5,376.7540341008983,0.35546875,0.061026280666073296,0.2197126750386782,131161.3485548232,3483.113437228741,134644.46199205195,2489,13,871.8125,31,1,19,34.26457035718825,0.6434811827956989,43.91276041666667,1024.348958333334,33.043514784946254,0
2495,4,0,0,32,0.0,0.0,1.0,32,800,500,300,0.625,11,5,6,376.8545295848053,0.3553007392473118,0.06603841021730816,0.2201535481293865,131228.04641723644,3490.776740180135,134718.82315741657,2490,14,872.8125,31,1,19,34.19443914940484,0.6441532258064515,43.84765625000001,1024.609375000001,33.051915322580676,0
2496,4,0,0,32,0.0,0.0,1.0,32,700,500,200,0.7142857142857143,9,5,4,375.9205358170283,0.35542674731182794,0.06825292211917167,0.21999037452905815,131294.7612338597,3471.2793986002794,134766.04063245998,2491,15,873.8125,31,1,21,34.15081205268285,0.6448252688172043,43.78255208333334,1024.8697916666677,33.060315860215084,0
2497,4,0,0,32,0.0,0.0,1.0,32,550,300,250,0.5454545454545454,8,3,5,375.9205358170283,0.35542674731182794,0.06825292211917167,0.21999037452905815,131294.7612338597,3471.2793986002794,134766.04063245998,2492,16,874.8125,31,1,21,34.15081205268285,0.6448252688172043,43.78255208333334,1024.8697916666677,33.060315860215084,0
2498,4,1,1,32,0.030303030303030304,0.030303030303030304,0.9696969696969697,33,600,500,100,0.8333333333333334,7,5,2,369.21198482987205,0.3623342803030303,0.06646081787602842,0.21772253909488695,131587.0909218448,3116.7062034486416,134703.79712529344,2493,0,849.2727272727273,32,1,14,34.027094101238816,0.6451822916666666,43.497474747474755,1026.0101010101018,32.06281565656568,0
2499,4,1,1,32,0.030303030303030304,0.030303030303030304,0.9696969696969697,33,750,500,250,0.6666666666666666,10,5,5,367.55629175320865,0.36493844696969696,0.059987174898592066,0.2171146467565465,131651.87225793282,3077.894793898578,134729.76705183138,2494,0,850.2424242424242,32,1,15,34.00411130249344,0.6458333333333334,43.43434343434343,1026.2626262626259,32.07070707070706,0
2500,4,1,0,33,0.030303030303030304,0.0,1.0,33,800,600,200,0.75,10,6,4,367.8539050368044,0.3628866792929293,0.06373584610397587,0.2182170539507171,131813.89534550055,3097.651228191009,134911.54657369156,2495,0,851.2121212121212,32,1,16,33.83284150989796,0.6474609375,43.276515151515156,1026.89393939394,32.09043560606062,0
2501,4,1,0,34,0.029411764705882353,0.0,1.0,34,650,400,250,0.6153846153846154,9,4,5,358.87606705866136,0.36707144979203804,0.06950150739676086,0.21476249662069669,132145.87688629364,2684.7985149942174,134830.67540128785,2496,0,827.1470588235294,33,1,17,33.72864521255463,0.6483585858585859,42.95343137254901,1028.186274509803,31.157159833630395,0
2502,4,0,0,34,0.0,0.0,1.0,34,1050,700,350,0.6666666666666666,14,7,7,362.0345812435436,0.3672199940582293,0.06934224726345173,0.21737612839472836,132271.9101427335,2777.4011197616232,135049.31126249515,2497,1,828.1470588235294,33,1,18,33.52047097132872,0.6496212121212122,42.830882352941174,1028.676470588235,31.172014260249544,0
2503,4,0,0,34,0.0,0.0,1.0,34,800,500,300,0.625,11,5,6,363.7159281592606,0.3667743612596554,0.06545133536978387,0.21875063988718882,132334.949298347,2826.4657823914085,135161.4150807384,2498,2,829.1470588235294,33,1,18,33.41372875972685,0.6502525252525252,42.769607843137265,1028.9215686274524,31.179441473559166,0
2504,4,0,0,34,0.0,0.0,1.0,34,1200,900,300,0.75,15,9,6,361.38435374149645,0.367739898989899,0.0655322128851541,0.2180767651888342,132461.07266436,2773.871828143038,135234.94449250304,2499,3,830.1470588235294,33,1,18,33.3467261904762,0.6515151515151514,42.64705882352942,1029.4117647058833,31.194295900178282,0
2505,4,0,0,34,0.0,0.0,1.0,34,550,200,350,0.36363636363636365,9,2,7,361.6781950771613,0.367312834224599,0.06204093350231399,0.2184369889894488,132492.61289227713,2783.9378183871736,135276.5507106643,2500,4,831.1470588235294,33,1,18,33.30741875967147,0.651830808080808,42.61642156862746,1029.534313725491,31.198009506833063,0
2506,4,1,1,34,0.02857142857142857,0.02857142857142857,0.9714285714285714,35,800,700,100,0.875,9,7,2,355.1976732849915,0.37177871148459385,0.05016005016005032,0.21626592512668463,132796.49234693873,2433.8010204081593,135230.2933673469,2501,0,808.3714285714286,34,1,17,33.168745668745665,0.6525735294117647,42.32142857142857,1030.7142857142853,30.315126050420158,0
2507,4,0,0,34,0.0,0.0,1.0,34,1250,1000,250,0.8,15,10,5,383.5767459585468,0.3677770350564468,0.08862345178023201,0.21943117210463187,130419.01139285364,3205.1400002402816,133624.15139309393,2502,6,833.1470588235294,33,1,19,34.84340631873625,0.6309974747474747,44.63848039215686,1021.446078431372,30.952911467617334,3
2508,4,1,1,34,0.02857142857142857,0.02857142857142857,0.9714285714285714,35,1100,900,200,0.8181818181818182,13,9,4,377.2626716984142,0.3718137254901961,0.09533785581271625,0.2178387684968263,130779.59183673469,2867.651643990928,133647.24348072562,2503,0,810.3142857142857,34,1,16,34.63856882371198,0.6323529411764706,44.285714285714285,1022.8571428571428,30.084033613445374,0
2509,4,1,0,35,0.02857142857142857,0.0,1.0,35,600,300,300,0.5,9,3,6,375.418231895527,0.3747549019607843,0.1119138970551603,0.21832131254451828,131053.7149234693,2839.990787981851,133893.70571145116,2504,0,811.2857142857143,34,1,19,34.40782079603147,0.635110294117647,44.01785714285714,1023.9285714285708,30.115546218487374,0
2510,4,2,2,35,0.05405405405405406,0.05405405405405406,0.9459459459459459,37,1050,900,150,0.8571428571428571,12,9,3,360.05482830485755,0.3819444444444444,0.09685803184674535,0.21154414978654112,131446.78605109753,2065.896986366578,133512.6830374641,2505,0,768.3783783783783,35,2,19,34.40368698269376,0.6369047619047619,43.63425925925927,1025.462962962964,29.298941798941826,0
2511,4,0,0,35,0.0,0.0,1.0,35,550,200,350,0.36363636363636365,9,2,7,375.38043525036704,0.37485994397759104,0.1067069626874344,0.21864576062687277,131114.67013888902,2843.5763888889082,133958.24652777793,2506,2,813.2857142857143,34,1,19,34.34703010577705,0.6357230392156862,43.95833333333334,1024.1666666666679,30.122549019607877,0
2512,4,2,2,35,0.05405405405405406,0.05405405405405406,0.9459459459459459,37,750,500,250,0.6666666666666666,10,5,5,358.83076041272443,0.3844469469469469,0.09393729583324406,0.21098867737340116,131476.45968632132,2035.733212234244,133512.19289855557,2507,0,770.2702702702703,35,2,19,34.40509442124666,0.6372023809523808,43.60532407407408,1025.578703703705,29.302248677248716,0
2513,4,0,0,35,0.0,0.0,1.0,35,650,500,150,0.7692307692307693,8,5,3,379.38579945386135,0.3748949579831933,0.11423923508515665,0.22150571167570768,131206.12953514743,2955.548469387758,134161.67800453518,2508,4,815.2857142857143,34,1,19,34.151803005654976,0.6366421568627452,43.86904761904762,1024.5238095238096,30.13305322128852,0
2514,4,1,0,36,0.027777777777777776,0.0,1.0,36,800,400,400,0.5,12,4,8,370.7236606723344,0.3807043650793651,0.11117559063241544,0.21817999046125902,131511.2244897959,2550.921201814055,134062.14569160994,2509,0,793.6111111111111,34,2,20,34.06501470133085,0.6397058823529411,43.57142857142857,1025.7142857142853,30.168067226890745,0
2515,4,0,1,35,0.0,0.027777777777777776,0.9722222222222222,36,900,700,200,0.7777777777777778,11,7,4,370.05438934461364,0.38078703703703703,0.11199739593404723,0.21830929375504624,131602.8220663266,2540.04039115647,134142.86245748308,2510,1,794.6111111111111,34,2,15,33.98958695904396,0.640625,43.48214285714286,1026.0714285714291,30.178571428571445,0
2516,4,0,0,35,0.0,0.0,1.0,35,650,500,150,0.7692307692307693,8,5,3,380.5244023072674,0.3726890756302521,0.12088069636456766,0.22397955325680924,131516.61169982693,3009.056012110719,134525.66771193765,2511,7,818.2857142857143,33,2,20,33.808243727598565,0.6420454545454546,43.56617647058823,1025.7352941176466,31.082887700534744,0
2517,4,0,0,35,0.0,0.0,1.0,35,1100,600,500,0.5454545454545454,16,6,10,377.0200557820891,0.37230392156862746,0.06897571798348312,0.21989674425306172,131166.40082963475,2907.8488808782686,134074.24971051302,2512,8,819.2857142857143,32,3,20,34.25263979621184,0.6409505208333334,43.907828282828284,1024.368686868687,32.01152146464647,4
2518,4,0,0,35,0.0,0.0,1.0,35,600,300,300,0.5,9,3,6,379.2663262563823,0.37230392156862746,0.04519906323184997,0.21032041728763035,129201.38888888896,2800.4468612896694,132001.83575017864,2513,9,820.2857142857143,32,3,21,36.193647540983584,0.62109375,45.833333333333336,1016.6666666666673,31.770833333333353,7
2519,4,1,0,36,0.027777777777777776,0.0,1.0,36,500,300,200,0.6,7,3,4,381.01789476741715,0.3781415343915344,0.06668327520345474,0.20723656227593681,128432.33471074395,2604.364669421507,131036.69938016546,2514,0,798.4722222222222,32,4,17,36.9355692575984,0.61328125,46.5909090909091,1013.6363636363648,31.6761363636364,3
2520,4,2,1,37,0.05263157894736842,0.02631578947368421,0.9736842105263158,38,900,700,200,0.7777777777777778,11,7,4,364.90909446577353,0.3873133001422475,0.07657324330157556,0.20158570364177208,129050.14349489805,1818.3142006802814,130868.45769557833,2515,0,757.3947368421053,34,4,18,36.71280023432923,0.6148897058823529,45.98214285714286,1016.0714285714292,29.884453781512626,0
2521,4,1,1,37,0.02631578947368421,0.02631578947368421,0.9736842105263158,38,950,600,350,0.631578947368421,13,6,7,365.0602052230446,0.38749110953058324,0.07993971930646371,0.20228741676830492,129171.13272392296,1831.0480442176924,131002.18076814065,2516,0,758.3684210526316,34,4,18,36.585568177382214,0.6161151960784313,45.86309523809524,1016.5476190476195,29.898459383753515,0
2522,4,0,0,37,0.0,0.0,1.0,37,900,700,200,0.7777777777777778,11,7,4,376.8918943959575,0.3819444444444444,0.08530700682599446,0.208838895391748,129170.24289035458,2336.6435085063354,131506.88639886092,2517,2,779.8648648648649,33,4,19,36.28578963230863,0.6183712121212122,45.86397058823529,1016.5441176470581,30.804367201426004,0
2523,4,1,0,38,0.02631578947368421,0.0,1.0,38,1050,700,350,0.6666666666666666,14,7,7,353.03657605420995,0.3872540303461356,0.06498743726126288,0.1947581412965304,128995.54887099189,1508.0293799296905,130503.57825092158,2518,0,760.3157894736842,35,3,21,37.07001728001215,0.612202380952381,46.035879629629626,1015.856481481481,29.024470899470884,3
2524,4,1,1,38,0.02564102564102564,0.02564102564102564,0.9743589743589743,39,600,300,300,0.5,9,3,6,350.72498299517105,0.39170040485829954,0.0861720091382514,0.1954842826256244,129401.8231702987,1276.8904461894308,130678.71361648812,2519,0,741.7948717948718,36,3,22,36.71508946688801,0.6142939814814815,45.63626126126126,1017.4549549549552,28.262637637637642,0
2525,4,2,1,39,0.05,0.025,0.975,40,1000,800,200,0.8,12,8,4,344.18928198048485,0.39755608974358975,0.09391339429800949,0.1940108778658947,129843.17440221977,938.1257935133658,130781.30019573313,2520,0,723.625,37,3,20,36.43300609646762,0.6168355855855856,45.20285087719297,1019.1885964912269,27.545637743006132,0
2526,4,0,0,39,0.0,0.0,1.0,39,800,500,300,0.625,11,5,6,350.0184886812525,0.3934716599190284,0.10103380262531436,0.19695070184004804,129774.4704163623,1284.692800909008,131059.1632172713,2521,1,743.1794871794872,36,3,20,36.35425876805186,0.6180555555555556,45.27027027027027,1018.9189189189187,28.3033033033033,0
2527,4,1,0,40,0.025,0.0,1.0,40,1250,900,350,0.72,16,9,7,348.1181378370794,0.3961404914529914,0.12189514396218293,0.1980613463928813,130206.62607725461,1065.4576408125622,131272.08371806718,2522,0,725.575,37,3,21,35.96413479444205,0.6204954954954955,44.84649122807018,1020.6140350877199,27.584163110478915,0
2528,4,0,0,40,0.0,0.0,1.0,40,400,100,300,0.25,7,1,6,348.1181378370794,0.3961404914529914,0.12189514396218293,0.1980613463928813,130206.62607725461,1065.4576408125622,131272.08371806718,2523,1,726.575,37,3,21,35.96413479444205,0.6204954954954955,44.84649122807018,1020.6140350877199,27.584163110478915,0
2529,4,1,1,40,0.024390243902439025,0.024390243902439025,0.975609756097561,41,950,700,250,0.7368421052631579,12,7,5,342.6158355555674,0.40175304878048784,0.11625979422458443,0.19640341534315237,130498.99798525363,742.2407155667843,131241.23870082042,2524,0,709.829268292683,35,6,19,35.808412626491474,0.6273809523809524,44.560185185185176,1021.7592592592581,29.19312169312166,0
2530,4,1,1,40,0.024390243902439025,0.024390243902439025,0.975609756097561,41,1400,1200,200,0.8571428571428571,16,12,4,344.15134492558246,0.39857723577235776,0.11675831925187907,0.19813253396191238,130665.25298524857,793.724509982939,131458.97749523152,2525,0,710.8048780487804,36,5,19,35.60092888350408,0.627025462962963,44.397522522522515,1022.4099099099084,28.400275275275234,0
2531,4,0,0,40,0.0,0.0,1.0,40,1450,1100,350,0.7586206896551724,18,11,7,350.7818481699687,0.39579326923076924,0.1261436983354094,0.20154551081255642,130587.7074358067,1161.5594725222838,131749.26690832898,2526,4,729.575,35,5,19,35.50996961461517,0.6282738095238096,44.473379629629626,1022.1064814814811,29.203042328042315,0
2532,4,1,0,41,0.024390243902439025,0.0,1.0,41,1000,800,200,0.8,12,8,4,343.2239921711512,0.39972052845528455,0.12991488779199467,0.19878116104902793,130895.62694028475,785.3039272380365,131680.93086752278,2527,0,712.7560975609756,36,5,20,35.39167675433771,0.6293402777777779,44.17229729729729,1023.3108108108098,28.42530030030027,0
2533,4,2,1,42,0.046511627906976744,0.023255813953488372,0.9767441860465116,43,1050,700,350,0.6666666666666666,14,7,7,325.3940347164631,0.4064922480620155,0.12389503793060563,0.19086789363857776,131384.32618690358,-48.95146067870246,131335.37472622487,2528,0,680.5581395348837,37,6,21,35.355169340463455,0.6323198198198199,43.695175438596486,1025.2192982456133,27.708629682313873,0
2534,4,0,0,42,0.0,0.0,1.0,42,1150,1000,150,0.8695652173913043,13,10,3,337.8273247858763,0.4020034843205575,0.13305506736965467,0.1981688121682097,131385.84530476408,477.14572680787796,131862.99103157196,2529,1,697.7619047619048,36,6,21,35.034966315172824,0.6342592592592593,43.69369369369369,1025.2252252252242,28.47847847847845,0
2535,4,1,1,42,0.023255813953488372,0.023255813953488372,0.9767441860465116,43,1100,900,200,0.8181818181818182,13,9,4,333.5036050388154,0.40556939830195643,0.13452754409364953,0.19750754294613687,131749.9269606992,187.81512099874155,131937.74208169794,2530,0,682.5116279069767,37,6,17,34.77907276869949,0.6359797297297298,43.33881578947367,1026.6447368421032,27.74715504978657,0
2536,4,0,1,41,0.0,0.023809523809523808,0.9761904761904762,42,1300,1000,300,0.7692307692307693,16,10,6,338.7675903055177,0.4011203058459156,0.1296098957353895,0.20053281514448687,131732.43344696035,525.3358087817428,132257.76925574208,2531,3,699.7619047619048,36,6,17,34.6615840280825,0.6377314814814816,43.35585585585585,1026.5765765765757,28.516016016015993,0
2537,4,0,0,41,0.0,0.0,1.0,41,750,400,350,0.5333333333333333,11,4,7,345.6526882008787,0.3981707317073171,0.13390700566152947,0.20403173991937357,131624.87809713645,899.298589677634,132524.17668681408,2532,5,717.7560975609756,35,6,17,34.593296488457774,0.6386904761904761,43.460648148148145,1026.1574074074072,29.318783068783063,0
2538,4,1,1,41,0.023809523809523808,0.023809523809523808,0.9761904761904762,42,1050,800,250,0.7619047619047619,13,8,5,340.40570098961365,0.4019792876500194,0.13429949421399567,0.2025780306672047,131934.82069485038,582.2730247139147,132517.0937195643,2533,0,701.6428571428571,36,6,17,34.41576235887316,0.6397569444444444,43.15878378378379,1027.364864864866,28.537912912912944,0
2539,4,0,1,40,0.0,0.024390243902439025,0.975609756097561,41,900,600,300,0.6666666666666666,12,6,6,350.63658797857556,0.3978404471544716,0.13639299209893463,0.2084326669999906,131892.2422223295,1049.2491587362958,132941.4913810658,2534,7,719.7560975609756,35,6,18,34.195892018779354,0.6413690476190474,43.20023148148149,1027.199074074075,29.348544973545,0
2540,4,0,0,40,0.0,0.0,1.0,40,1100,600,500,0.5454545454545454,16,6,10,356.9977017393745,0.3930689102564102,0.14206652758460825,0.21213334508314918,131877.8061224491,1416.0147392290414,133293.82086167816,2535,13,738.575,34,6,19,34.04709473033533,0.6433823529411764,43.21428571428572,1027.1428571428582,30.210084033613477,0
2541,4,0,0,40,0.0,0.0,1.0,40,1000,700,300,0.7,13,7,6,356.56215425481275,0.3932425213675214,0.1441505388805191,0.21204512950136334,131908.37762188225,1406.7070578231446,133315.08467970538,2536,14,739.575,34,6,19,34.027455865878636,0.643688725490196,43.18452380952382,1027.261904761906,30.213585434173705,0
2542,4,0,0,40,0.0,0.0,1.0,40,1400,1000,400,0.7142857142857143,18,10,8,357.25834018532714,0.39228098290598296,0.1496200607902738,0.21370544349267756,132130.12695312512,1440.9179687500143,133571.04492187512,2537,15,740.575,35,5,19,33.78609422492402,0.6437499999999999,42.96875000000001,1028.125000000001,29.375000000000025,0
2543,4,0,0,40,0.0,0.0,1.0,40,1150,900,250,0.782608695652174,14,9,5,357.55285699587034,0.39189369658119655,0.15369036903690336,0.2147249860121148,132278.91375171486,1459.3407064472065,133738.25445816206,2538,16,741.575,35,5,19,33.628675367536765,0.6452380952380952,42.82407407407408,1028.703703703705,29.39153439153443,0
2544,4,0,0,40,0.0,0.0,1.0,40,1050,600,450,0.5714285714285714,15,6,9,361.8225730593455,0.39169337606837606,0.1522083111347896,0.2178130114279642,132369.7931695331,1578.875831986782,133948.66900151988,2539,17,742.575,37,3,19,33.42734416622271,0.6421734234234233,42.735745614035096,1029.0570175438609,27.812351825509754,0
2545,4,0,0,40,0.0,0.0,1.0,40,1100,700,400,0.6363636363636364,15,7,8,360.25290934747983,0.39126602564102564,0.14217160037002796,0.21756055586850565,132489.90929705193,1545.9840738869157,134035.89337093884,2540,18,743.575,34,6,20,33.346823928461305,0.6495098039215688,42.619047619047606,1029.5238095238076,30.28011204481787,0
2546,4,0,0,40,0.0,0.0,1.0,40,1300,800,500,0.6153846153846154,18,8,10,358.3439512352527,0.3913194444444445,0.1463848110045083,0.21693726536992075,132581.847009637,1501.9805839001992,134083.8275935372,2541,19,744.575,34,6,22,33.303471660309015,0.6504289215686276,42.52976190476189,1029.8809523809507,30.29061624649855,0
2547,4,0,0,40,0.0,0.0,1.0,40,1550,1200,350,0.7741935483870968,19,12,7,355.0904163730288,0.39180021367521367,0.14353099730458285,0.2159648270072024,132755.59413580227,1428.0478395061514,134183.64197530842,2542,20,745.575,35,5,17,33.21260107816712,0.6500000000000001,42.3611111111111,1030.5555555555538,29.444444444444397,0
2548,4,0,0,40,0.0,0.0,1.0,40,900,700,200,0.7777777777777778,11,7,4,354.12557303722997,0.3919337606837607,0.1435492926117219,0.21572109120858862,132815.23946544906,1406.6545567558017,134221.89402220485,2543,21,746.575,35,5,17,33.17753948648849,0.6505952380952382,42.303240740740726,1030.7870370370356,29.45105820105816,0
2549,4,1,0,41,0.024390243902439025,0.0,1.0,41,650,400,250,0.6153846153846154,9,4,5,347.6091975157555,0.39471544715447154,0.15399434814771484,0.2138379801630478,133181.46482631267,1059.0204224494641,134240.48524876212,2544,0,729.3414634146342,36,5,18,32.978080224016296,0.6521990740740742,41.94819819819819,1032.2072072072062,28.672422422422397,0
2550,4,0,0,41,0.0,0.0,1.0,41,750,400,350,0.5333333333333333,11,4,7,348.63364843635725,0.3943089430894309,0.15301752799425494,0.215139337561332,133297.72973987486,1094.4147694992114,134392.14450937408,2545,1,730.3414634146342,36,5,19,32.83510541621229,0.6533564814814816,41.83558558558558,1032.6576576576565,28.6849349349349,0
2551,4,0,0,41,0.0,0.0,1.0,41,950,800,150,0.8421052631578947,11,8,3,347.55975468153935,0.39435975609756097,0.14692636134994452,0.21514933801946284,133414.0453798391,1073.8705766577154,134487.9159564968,2546,2,731.3414634146342,36,5,21,32.74630295763389,0.6545138888888891,41.72297297297296,1033.1081081081065,28.697447447447402,0
2552,4,0,0,41,0.0,0.0,1.0,41,1050,800,250,0.7619047619047619,13,8,5,345.10947910403155,0.39410569105691057,0.14863946151555463,0.21432335461954233,133533.73724489796,1016.7770638813056,134550.51430877927,2547,3,732.3414634146342,34,7,22,32.68976042386547,0.6599264705882353,41.607142857142854,1033.5714285714284,30.399159663865543,0
2553,4,0,0,41,0.0,0.0,1.0,41,700,300,400,0.42857142857142855,11,3,8,345.1771369512812,0.39375,0.14890797077438878,0.21507952737150857,133656.80980725618,1027.0549886621227,134683.8647959183,2548,4,733.3414634146342,34,7,22,32.56485532274158,0.6611519607843137,41.488095238095234,1034.0476190476186,30.41316526610643,0
2554,4,0,1,40,0.0,0.024390243902439025,0.975609756097561,41,1150,900,250,0.782608695652174,14,9,5,344.1540420267519,0.39375,0.14930568226156438,0.21497875421786086,133749.15143140577,1006.0622165532768,134755.21364795906,2549,5,734.3414634146342,34,7,20,32.49894502627845,0.6620710784313726,41.39880952380952,1034.404761904761,30.42366946778709,0
2555,4,0,0,40,0.0,0.0,1.0,40,950,700,250,0.7368421052631579,12,7,5,343.37079189458404,0.39356303418803423,0.13789116428900172,0.21502729993859662,133841.52494331053,1191.45408163264,135032.97902494317,2550,6,732.025,34,6,20,32.42684844301274,0.6629901960784315,41.3095238095238,1034.7619047619037,30.434173669467754,0
2556,4,0,0,40,0.0,0.0,1.0,40,1100,700,400,0.6363636363636364,15,7,8,340.87787582084314,0.3931223290598291,0.13402738960313032,0.21427635974823872,133981.00090288473,1134.2317976251438,135115.23270050986,2551,7,733.025,35,5,20,32.35198900689397,0.6622023809523812,41.174768518518505,1035.300925925924,29.580026455026402,0
2557,4,0,0,40,0.0,0.0,1.0,40,950,600,350,0.631578947368421,13,6,7,343.8209793701824,0.39297542735042734,0.1453240223463692,0.21700971546989611,134130.82588520207,1223.3983839163002,135354.22426911836,2552,8,734.025,35,5,20,32.1261638733706,0.6636904761904763,41.03009259259258,1035.8796296296277,29.59656084656079,0
2558,4,0,0,40,0.0,0.0,1.0,40,1600,1000,600,0.625,22,10,12,344.9578961041321,0.3913327991452991,0.14540303673104815,0.2189785879096181,134340.7215175969,1268.3785311642687,135609.10004876115,2553,9,735.025,35,5,20,31.887187860518768,0.6657738095238095,40.8275462962963,1036.689814814815,29.619708994709,0
2559,4,0,0,40,0.0,0.0,1.0,40,1100,700,400,0.6363636363636364,15,7,8,343.97353378982166,0.39098557692307695,0.14791596919986638,0.21907226981454106,134460.7355565201,1250.1868730709919,135710.9224295911,2554,10,736.025,35,5,20,31.792977904251757,0.6669642857142857,40.71180555555556,1037.152777777778,29.632936507936517,0
2560,4,0,0,40,0.0,0.0,1.0,40,1350,1000,350,0.7407407407407407,17,10,7,341.4461057079722,0.38987713675213675,0.14407630522088355,0.2180002059520133,134550.78125000015,1188.3680555555704,135739.1493055557,2555,11,737.025,35,5,20,31.76874163319946,0.6678571428571427,40.62500000000001,1037.5000000000011,29.642857142857174,0
2561,4,0,0,40,0.0,0.0,1.0,40,700,500,200,0.7142857142857143,9,5,4,341.2309567261167,0.38985042735042735,0.14500557724484087,0.21804244668921152,134580.80317911954,1184.6272451560399,135765.43042427558,2556,12,738.025,35,5,21,31.74439951663877,0.6681547619047619,40.59606481481482,1037.615740740741,29.646164021164033,0
2562,4,0,0,40,0.0,0.0,1.0,40,750,500,250,0.6666666666666666,10,5,5,341.3291215546535,0.3897569444444444,0.1463361588222174,0.2182850858672627,134610.82845721874,1189.3191658093208,135800.14762302805,2557,13,739.025,35,5,21,31.711930255037554,0.668452380952381,40.567129629629626,1037.731481481481,29.649470899470888,0
2563,4,1,1,40,0.024390243902439025,0.024390243902439025,0.975609756097561,41,1200,900,300,0.75,15,9,6,334.60126960126325,0.393140243902439,0.14374428064384803,0.21518081647579165,134813.78971877292,821.7730399318375,135635.56275870476,2558,0,721.9756097560976,36,5,18,31.684423118629386,0.6684027777777777,40.37162162162163,1038.5135135135142,28.847597597597616,0
2564,4,0,0,40,0.0,0.0,1.0,40,850,600,250,0.7058823529411765,11,6,5,344.2578155418515,0.3882879273504274,0.15318526362724327,0.2210692099660665,134761.0050824117,1278.5058459790785,136039.51092839078,2559,15,741.025,35,5,21,31.486293798536018,0.6699404761904761,40.4224537037037,1038.3101851851852,29.66600529100529,0
2565,4,0,0,40,0.0,0.0,1.0,40,1100,700,400,0.6363636363636364,15,7,8,346.5863991171108,0.3877270299145299,0.15423771313941836,0.22293331607726388,134821.09917534704,1345.4318576388641,136166.53103298592,2560,16,742.025,35,5,18,31.365972918756253,0.6705357142857145,40.36458333333332,1038.5416666666652,29.672619047619005,0
2566,4,0,0,40,0.0,0.0,1.0,40,850,600,250,0.7058823529411765,11,6,5,342.0292058671916,0.3873798076923077,0.14727498153424068,0.2209550636675786,134977.72301333115,1233.2646824022945,136210.98769573343,2561,17,743.025,37,3,18,31.328369561394243,0.6680743243243242,40.21381578947369,1039.1447368421063,28.084992887624495,0
2567,4,1,0,41,0.024390243902439025,0.0,1.0,41,1250,1100,150,0.88,14,11,3,335.8757297004056,0.3890497967479675,0.14958748478427486,0.21892622863604763,135300.01849112439,888.7984878369627,136188.81697896135,2562,0,725.8780487804878,38,3,19,31.16784760731156,0.669407894736842,39.90384615384616,1040.3846153846164,27.378542510121484,0
2568,4,0,0,41,0.0,0.0,1.0,41,650,600,50,0.9230769230769231,7,6,1,335.9808828303869,0.3886686991869919,0.14780888465968856,0.21933336452868415,135355.60029951058,895.3788169333093,136250.9791164439,2563,1,726.8780487804878,38,3,19,31.109899041752232,0.6699561403508771,39.85042735042735,1040.5982905982908,27.384165542060284,0
2569,4,0,0,41,0.0,0.0,1.0,41,950,700,250,0.7368421052631579,12,7,5,334.46293455985364,0.38856707317073175,0.14499534613729392,0.2196997766906641,135578.0416757981,869.1659361531156,136447.20761195122,2564,2,727.8780487804878,38,3,20,30.928566543564486,0.6721491228070176,39.636752136752136,1041.4529914529915,27.406657669815566,0
2570,4,0,0,41,0.0,0.0,1.0,41,1250,900,350,0.72,16,9,7,337.1794266339562,0.3881605691056911,0.15104956859483343,0.22200566406439468,135662.23651748608,948.5144392434484,136610.75095672952,2565,3,728.8780487804878,37,4,20,30.77428253166333,0.674831081081081,39.555921052631575,1041.776315789473,28.156116642958732,0
2571,4,0,0,41,0.0,0.0,1.0,41,950,700,250,0.7368421052631579,12,7,5,333.17484831068447,0.38783028455284557,0.1449096111161008,0.22007136436365907,135776.49042253377,847.4623201369509,136623.95274267072,2566,4,729.8780487804878,37,4,20,30.76527704716814,0.6759572072072072,39.446271929824555,1042.214912280701,28.167970602181107,0
2572,4,0,0,41,0.0,0.0,1.0,41,1200,700,500,0.5833333333333334,17,7,10,327.7342038580798,0.38739837398373983,0.14522063302551103,0.21725956163042262,135905.08355034734,708.1488715277881,136613.23242187512,2567,5,730.8780487804878,39,2,15,30.77963702963703,0.673611111111111,39.32291666666667,1042.7083333333342,26.736111111111132,0
2573,4,0,0,41,0.0,0.0,1.0,41,1150,700,450,0.6086956521739131,16,7,9,329.8472161951777,0.38666158536585366,0.1459274502879826,0.21949633689001388,136040.88677300367,774.5415581597422,136815.42833116342,2568,6,731.8780487804878,39,2,16,30.590052421367957,0.6749465811965811,39.19270833333334,1043.2291666666683,26.749465811965855,0
2574,4,0,0,41,0.0,0.0,1.0,41,950,700,250,0.7368421052631579,12,7,5,332.9917508038332,0.3861026422764227,0.14502675671595977,0.22209796002348914,136122.40125868077,865.5273437500203,136987.9286024308,2569,7,732.8780487804878,39,2,16,30.427314167831238,0.6757478632478633,39.11458333333334,1043.5416666666683,26.757478632478676,0
2575,4,0,0,41,0.0,0.0,1.0,41,600,200,400,0.3333333333333333,10,2,8,333.02656164716456,0.3857469512195122,0.14585463219901662,0.22246174318030607,136176.75781250015,870.0954861111267,137046.85329861127,2570,8,733.8780487804878,39,2,16,30.372588157019305,0.6762820512820513,39.06250000000001,1043.7500000000011,26.762820512820543,0
2576,4,0,0,41,0.0,0.0,1.0,41,1400,1000,400,0.7142857142857143,18,10,8,333.8899153443811,0.3848069105691057,0.15183936399507592,0.22406829258653083,136339.89257812517,904.5030381944601,137244.39561631964,2571,9,734.8780487804878,39,2,17,30.188592991555286,0.6778846153846153,38.90625000000001,1044.3750000000014,26.77884615384619,0
2577,4,0,0,41,0.0,0.0,1.0,41,1300,800,500,0.6153846153846154,18,8,10,327.96444729285884,0.3849593495934959,0.17113236840787294,0.21410011505579374,135355.60029951046,678.8966120721841,136034.49691158265,2572,10,735.8780487804878,38,3,17,31.318446269678304,0.6699561403508772,39.850427350427346,1040.5982905982899,27.38416554206026,2
2578,4,0,0,41,0.0,0.0,1.0,41,1300,900,400,0.6923076923076923,17,9,8,329.92952960582693,0.38455284552845526,0.17431475207884173,0.21554953372839433,135383.39548405656,733.3959976988826,136116.79148175544,2573,11,736.8780487804878,38,3,17,31.239734113540695,0.6702302631578947,39.82371794871795,1040.7051282051284,27.386977058029697,0
2579,4,0,0,41,0.0,0.0,1.0,41,1300,900,400,0.6923076923076923,17,9,8,328.7267537628838,0.38427337398373984,0.16689037812931629,0.21528801946961101,135470.96896701408,706.5863715277975,136177.5553385419,2574,12,737.8780487804878,39,2,17,31.18412714295243,0.6693376068376068,39.73958333333334,1041.0416666666683,26.69337606837611,0
2580,4,0,0,41,0.0,0.0,1.0,41,1100,800,300,0.7272727272727273,14,8,6,329.5207828128169,0.3841717479674797,0.16715258479982986,0.2162980476546117,135552.31255425367,733.4608289930759,136285.77338324673,2575,13,738.8780487804878,39,2,17,31.082762328698607,0.6701388888888888,39.66145833333334,1041.3541666666683,26.701388888888932,0
2581,4,0,0,41,0.0,0.0,1.0,41,1550,1000,550,0.6451612903225806,21,10,11,332.9633519762178,0.3840701219512195,0.17324500528917897,0.21956670532955067,135717.16027695604,837.7925353642815,136554.95281232032,2576,14,739.8780487804878,38,3,18,30.829616528247723,0.6735197368421052,39.50320512820513,1041.9871794871801,27.420715249662635,0
2582,4,0,0,41,0.0,0.0,1.0,41,700,500,200,0.7142857142857143,9,5,4,335.2880392272561,0.38351117886178865,0.17575675756757603,0.22161721617216176,135800.66568047326,906.4677843523937,136707.13346482566,2577,15,740.8780487804878,38,3,19,30.686244362443627,0.6743421052631579,39.42307692307692,1042.3076923076915,27.42914979757083,0
2583,4,0,0,41,0.0,0.0,1.0,41,800,500,300,0.625,11,5,6,332.62374865627515,0.3834095528455284,0.1715013994402237,0.22054400726122586,135912.04616845635,841.5148568193342,136753.56102527567,2578,16,741.8780487804878,38,3,13,30.645278346994523,0.6754385964912281,39.31623931623931,1042.7350427350423,27.44039586144848,0
2584,4,0,0,41,0.0,0.0,1.0,41,1400,1000,400,0.7142857142857143,18,10,8,331.2639658707741,0.383130081300813,0.16457982091341639,0.22050392820232514,136051.3359837278,813.781023997368,136865.11700772517,2579,17,742.8780487804878,38,3,15,30.542754736303127,0.6768092105263158,39.18269230769231,1043.2692307692307,27.454453441295545,0
2585,4,0,0,41,0.0,0.0,1.0,41,850,700,150,0.8235294117647058,10,7,3,328.6849802926883,0.3828760162601626,0.16450116994258956,0.21913079880673633,136107.07188481628,747.2700480312686,136854.34193284754,2580,18,743.8780487804878,38,3,15,30.5548445445548,0.6773574561403508,39.129273504273506,1043.482905982906,27.46007647323437,0
2586,4,0,0,41,0.0,0.0,1.0,41,800,500,300,0.625,11,5,6,329.8996249330462,0.38259654471544713,0.16520152098849272,0.22028635925980358,136162.81920017893,784.0125967930409,136946.83179697196,2581,19,744.8780487804878,38,3,15,30.46797693383833,0.6779057017543859,39.0758547008547,1043.6965811965808,27.46569950517318,0
2587,4,0,0,41,0.0,0.0,1.0,41,850,600,250,0.7058823529411765,11,6,5,331.0338512255429,0.38191056910569104,0.1573163245444611,0.22191528545119707,136302.23742603548,824.130917159766,137126.36834319524,2582,20,745.8780487804878,38,3,16,30.300414364640897,0.6792763157894737,38.94230769230769,1044.230769230769,27.47975708502024,0
2588,4,0,1,40,0.0,0.024390243902439025,0.975609756097561,41,1400,1100,300,0.7857142857142857,17,11,6,326.94282656815574,0.382520325203252,0.11561763157020777,0.22029004867455962,136481.88598882948,724.3547161081434,137206.24070493763,2583,21,746.8780487804878,40,1,14,30.229608377099133,0.6776041666666668,38.770325203252035,1044.9186991869924,26.12296747967481,4
2589,4,0,0,40,0.0,0.0,1.0,40,550,200,350,0.36363636363636365,9,2,7,334.3233168719114,0.38000801282051283,0.11894634486885414,0.2245318083238219,136367.091200087,1118.1396484375202,137485.23084852452,2584,40,766.025,39,1,15,30.150364848243093,0.6781517094017093,38.88020833333334,1044.479166666668,26.78151709401713,0
2590,4,0,0,40,0.0,0.0,1.0,40,1450,1200,250,0.8275862068965517,17,12,5,316.1940110881644,0.379821047008547,0.04500512557662728,0.20883362072884526,135772.82769239898,633.034825093367,136405.86251749235,2585,41,767.025,38,2,18,31.211344609601912,0.6740679824561404,39.449786324786324,1042.2008547008545,27.426338281601435,7
2591,4,0,0,40,0.0,0.0,1.0,40,1050,700,350,0.6666666666666666,14,7,7,314.7427449616643,0.3796875,0.04964384544429623,0.2081996584807431,135828.50652211634,550.2073973628497,136378.7139194792,2586,42,768.025,38,2,18,31.19405725803697,0.6746162280701754,39.39636752136752,1042.4145299145302,27.43196131354027,0
2592,4,0,0,40,0.0,0.0,1.0,40,1200,1100,100,0.9166666666666666,13,11,2,315.7609621593812,0.3787393162393162,0.05064535955746807,0.20969105527890328,135967.75353385924,586.6617357001942,136554.41526955942,2587,43,769.025,38,2,14,31.02975824626102,0.6759868421052632,39.26282051282051,1042.9487179487173,27.446018893387297,0
2593,4,0,0,40,0.0,0.0,1.0,40,850,500,350,0.5882352941176471,12,5,7,314.6348058593743,0.37887286324786323,0.0469193129618537,0.20921334301963979,136013.720703125,558.9301215277785,136572.65082465278,2588,44,770.025,39,1,15,31.0136642034485,0.6746794871794872,39.21875,1043.125,26.746794871794872,0
2594,4,0,0,40,0.0,0.0,1.0,40,1050,800,250,0.7619047619047619,13,8,5,312.5095693535708,0.3784989316239316,0.04696485623003177,0.20811807490993142,136068.05555555568,504.5138888888993,136572.56944444458,2589,45,771.025,39,1,15,31.015375399361005,0.6752136752136751,39.16666666666667,1043.3333333333344,26.752136752136778,0
2595,4,0,0,40,0.0,0.0,1.0,40,550,400,150,0.7272727272727273,7,4,3,315.17802717917453,0.3784455128205128,0.041067864271457255,0.2105389221556886,136176.7578125,583.9843750000006,136760.7421875,2590,46,772.025,39,1,15,30.83832335329341,0.6762820512820513,39.0625,1043.75,26.762820512820515,0
2596,4,0,0,40,0.0,0.0,1.0,40,750,400,350,0.5333333333333333,11,4,7,312.95707416145046,0.37815170940170945,0.04311015765316273,0.2093762214449973,136231.12521701402,526.8988715277881,136758.0240885418,2591,47,773.025,39,1,15,30.84256302800505,0.6768162393162394,39.01041666666667,1043.9583333333344,26.76816239316242,0
2597,4,0,0,40,0.0,0.0,1.0,40,1000,700,300,0.7,13,7,6,319.66729955714743,0.3777644230769231,0.04147398843930694,0.2038003826720673,134498.06791798834,598.9268333994108,135096.99475138774,2592,48,774.025,40,0,16,32.386066751575726,0.6580729166666668,40.67581300813007,1037.2967479674776,25.93241869918694,6
2598,4,0,0,40,0.0,0.0,1.0,40,1000,700,300,0.7,13,7,6,320.5495562818423,0.377857905982906,0.03513712047012718,0.20480669396981274,134577.1417889483,627.7286172251864,135204.8704061735,2593,49,775.025,40,0,16,32.28452497551419,0.6588541666666667,40.599593495934954,1037.6016260162596,25.94004065040649,0
2599,4,0,0,40,0.0,0.0,1.0,40,1000,500,500,0.5,15,5,10,321.0359190618467,0.37706997863247865,0.03763585626162769,0.20556362641872306,134656.23889756398,645.8978823781856,135302.13677994217,2594,50,776.025,40,0,17,32.193242272920145,0.6596354166666668,40.52337398373982,1037.9065040650382,25.947662601625957,0
2600,4,0,0,40,0.0,0.0,1.0,40,800,700,100,0.875,9,7,2,321.7854844098586,0.37693643162393164,0.038624351570911264,0.20664250749311877,134761.73785651702,672.874219214725,135434.61207573174,2595,51,777.025,40,0,17,32.06889661022479,0.6606770833333335,40.42174796747966,1038.3130081300792,25.95782520325198,0
2601,4,0,0,40,0.0,0.0,1.0,40,900,400,500,0.4444444444444444,14,4,10,322.0571403283808,0.3758012820512821,0.039106828409313676,0.20757049737936342,134893.66964934868,688.693899134089,135582.36354848277,2596,52,778.025,40,0,16,31.930721320028702,0.6619791666666668,40.29471544715446,1038.82113821138,25.9705284552845,0
2602,4,0,0,40,0.0,0.0,1.0,40,1250,1100,150,0.88,14,11,3,321.23772967591,0.3755876068376069,0.03526881720430097,0.20825487798381193,135104.89477989255,680.1579334390524,135785.0527133316,2597,53,779.025,40,0,18,31.74222059302703,0.6640625000000002,40.09146341463413,1039.6341463414606,25.990853658536516,0
2603,4,0,0,40,0.0,0.0,1.0,40,1050,900,150,0.8571428571428571,12,9,3,320.81830256697344,0.3756009615384615,0.031758870100674574,0.20813519680169296,135131.30954003867,670.5194700574707,135801.82901009615,2598,54,780.025,40,0,18,31.726900270419964,0.6643229166666669,40.06605691056909,1039.735772357721,25.993394308943028,0
2604,4,0,0,40,0.0,0.0,1.0,40,1000,800,200,0.8,12,8,4,318.13672501711414,0.37525373931623934,0.031139493992380807,0.2073052612348945,135289.8523221129,608.1341091611862,135897.9864312741,2599,55,781.025,40,0,18,31.639314903454785,0.6658854166666668,39.91361788617885,1040.3455284552824,26.00863821138206,0
2605,4,1,1,40,0.024390243902439025,0.024390243902439025,0.975609756097561,41,1000,700,300,0.7,13,7,6,314.31365003217036,0.37779471544715443,0.035909278887035434,0.20648715256806757,135582.01550296025,323.0556342907357,135905.07113725098,2600,0,762.9512195121952,41,0,18,31.44924430050168,0.6671747967479675,39.6329365079365,1041.4682539682524,25.401664730932985,0
2606,4,0,0,40,0.0,0.0,1.0,40,950,700,250,0.7368421052631579,12,7,5,322.4506663370177,0.37485309829059826,0.026312835529527234,0.21135681872186454,135501.3872880724,738.5025241258384,136239.88981219823,2601,57,783.025,40,0,19,31.317309256547908,0.6679687500000002,39.71036585365853,1041.1585365853646,26.028963414634113,0
2607,4,0,1,39,0.0,0.025,0.975,40,850,700,150,0.8235294117647058,10,7,3,324.5676429642693,0.3743723290598291,0.029308578120425643,0.2130585930464358,135554.29684918022,799.3077244034438,136353.60457358367,2602,58,784.025,40,0,19,31.209744315409385,0.6684895833333334,39.659552845528445,1041.3617886178847,26.034044715447116,0
2608,4,0,0,39,0.0,0.0,1.0,39,1150,1000,150,0.8695652173913043,13,10,3,329.15767347355126,0.37148560503823663,0.03570659032843948,0.21589633228619537,135525.19531249997,1121.831597222223,136647.0269097222,2603,59,802.8717948717949,39,0,19,31.11911431239163,0.6698717948717949,39.6875,1041.2499999999998,26.698717948717942,0
2609,4,0,0,39,0.0,0.0,1.0,39,1200,1000,200,0.8333333333333334,14,10,4,327.6800000000001,0.37041722896986057,0.036307692307692596,0.2155789473684212,135633.6805555556,1089.0190972222283,136722.6996527778,2604,60,803.8717948717949,36,3,19,31.050000000000004,0.6765046296296295,39.583333333333336,1041.666666666667,28.935185185185194,0
2610,4,0,0,39,0.0,0.0,1.0,39,900,600,300,0.6666666666666666,12,6,6,329.100037820314,0.37064215024741337,0.03846846622162747,0.21704651817187243,135721.67342595992,1133.201571503956,136854.87499746386,2605,61,804.8717948717949,36,3,19,30.925780827839613,0.6773726851851851,39.49887387387388,1042.0045045045058,28.944569569569605,0
2611,4,0,0,39,0.0,0.0,1.0,39,900,800,100,0.8888888888888888,10,8,2,326.2837196307619,0.37041722896986057,0.03611794428561921,0.21572015063588112,135809.69482996527,1062.498478207957,136872.19330817324,2606,62,805.8717948717949,36,3,19,30.911930999711895,0.6782407407407407,39.41441441441442,1042.3423423423437,28.95395395395399,0
2612,4,0,0,39,0.0,0.0,1.0,39,1000,600,400,0.6,14,6,8,326.1027743110826,0.36923639226270805,0.038418623452637135,0.21649016436522836,135956.46057797657,1067.1557959986953,137023.61637397527,2607,63,806.8717948717949,36,3,17,30.771289997480476,0.6796875,39.273648648648646,1042.905405405405,28.969594594594582,0
2613,4,0,0,39,0.0,0.0,1.0,39,1250,1000,250,0.8,15,10,5,324.2003279796983,0.36915204678362573,0.042197093999132296,0.21621685503733618,136119.54068800012,1025.9999470991029,137145.54063509923,2608,64,807.8717948717949,37,2,17,30.659499667262086,0.6793355855855856,39.11732456140351,1043.5307017543857,28.203532479848263,0
2614,4,0,0,39,0.0,0.0,1.0,39,900,500,400,0.5555555555555556,13,5,8,323.76156344890916,0.36875843454790824,0.03873087696617139,0.21644733736191096,136205.3708833486,1019.612765466284,137224.98364881487,2609,65,808.8717948717949,37,2,18,30.586046918767504,0.6801801801801801,39.03508771929824,1043.859649122806,28.21242294926503,0
2615,4,0,0,39,0.0,0.0,1.0,39,1450,1100,350,0.7586206896551724,18,11,7,323.2838572343812,0.3688427800269905,0.038414428965610314,0.2170034348243468,136348.4813235803,1015.8525940674028,137364.3339176477,2610,66,809.8717948717949,37,2,18,30.457020997375334,0.6815878378378378,38.89802631578947,1044.4078947368419,28.227240398293024,0
2616,4,0,0,39,0.0,0.0,1.0,39,1050,700,350,0.6666666666666666,14,7,7,320.3940545654797,0.36740890688259115,0.03897952538943206,0.21576218699324756,136463.02377895112,944.3882973607172,137407.41207631183,2611,67,810.8717948717949,37,2,18,30.419312099905557,0.682713963963964,38.78837719298245,1044.8464912280695,28.23909435751539,0
2617,4,0,0,39,0.0,0.0,1.0,39,1050,500,550,0.47619047619047616,16,5,11,321.5566128027084,0.3677462887989204,0.034905366000624216,0.21707348677304653,136548.96218067096,981.6443521083381,137530.6065327793,2612,68,811.8717948717949,37,2,20,30.304063505385372,0.6835585585585586,38.70614035087719,1045.1754385964912,28.247984826932193,0
2618,4,0,0,39,0.0,0.0,1.0,39,1000,800,200,0.8,12,8,4,321.1798453268998,0.3679430949167792,0.035761724736896205,0.21753544264459276,136665.05868078372,978.8124817371495,137643.87116252087,2613,69,812.8717948717949,38,1,20,30.19928646844453,0.6828399122807018,38.595085470085465,1045.619658119657,27.516306792622554,0
2619,4,0,0,39,0.0,0.0,1.0,39,550,300,250,0.5454545454545454,8,3,5,321.7409247472263,0.3676057130004498,0.03902339360506679,0.2182620867879832,136720.92013888885,997.7544698297854,137718.67460871863,2614,70,813.8717948717949,37,2,20,30.129482071713134,0.6852477477477478,38.541666666666664,1045.833333333333,28.265765765765757,0
2620,4,0,0,39,0.0,0.0,1.0,39,550,200,350,0.36363636363636365,9,2,7,321.0009974336242,0.36763382816014395,0.03630440217084496,0.217937972563654,136749.5903186556,979.350978185578,137728.94129684116,2615,71,814.8717948717949,37,2,20,30.12053587028688,0.6855292792792793,38.514254385964904,1045.9429824561394,28.268729255571333,0
2621,4,0,0,39,0.0,0.0,1.0,39,1450,1200,250,0.8275862068965517,17,12,5,321.90352519749536,0.36771817363922626,0.043059295207691806,0.21908726372571316,136835.6188923514,1009.5736188057746,137845.19251115716,2616,72,815.8717948717949,37,2,20,30.012051980716816,0.6863738738738739,38.432017543859644,1046.2719298245606,28.277619724988124,0
2622,4,0,0,39,0.0,0.0,1.0,39,500,300,200,0.6,7,3,4,323.3497548651351,0.36754948268106163,0.03993261270846915,0.22025172809978458,136864.3010950484,1051.007641774382,137915.30873682277,2617,73,816.8717948717949,37,2,20,29.945924586957286,0.6866554054054055,38.40460526315789,1046.3815789473679,28.280583214793726,0
2623,4,0,0,39,0.0,0.0,1.0,39,450,300,150,0.6666666666666666,6,3,3,325.10386446784776,0.36735267656320286,0.04150278333010937,0.22162794874865274,136892.98630347796,1100.8877731609648,137993.87407663892,2618,74,817.8717948717949,37,2,20,29.871734423023177,0.6869369369369369,38.37719298245614,1046.491228070175,28.283546704599328,0
2624,4,0,0,39,0.0,0.0,1.0,39,700,400,300,0.5714285714285714,10,4,6,331.51790422908243,0.3666497975708502,0.04261420849545283,0.22692935250777813,137036.45743161344,1286.0078341412623,138322.4652657547,2619,75,818.8717948717949,37,2,16,29.562323279924613,0.6883445945945947,38.24013157894736,1047.0394736842095,28.298364153627283,0
2625,4,0,0,39,0.0,0.0,1.0,39,950,800,150,0.8421052631578947,11,8,3,331.51790422908243,0.3666497975708502,0.04261420849545283,0.22692935250777813,137036.45743161344,1286.0078341412623,138322.4652657547,2620,76,819.8717948717949,37,2,16,29.562323279924613,0.6883445945945947,38.24013157894736,1047.0394736842095,28.298364153627283,0
2626,4,0,0,39,0.0,0.0,1.0,39,650,500,150,0.7692307692307693,8,5,3,331.9501110166939,0.3665654520917679,0.04010202711773414,0.22741202010110628,137065.16067443806,1299.759060480123,138364.9197349182,2621,77,820.8717948717949,37,2,16,29.522687609075042,0.6886261261261262,38.2127192982456,1047.1491228070156,28.301327643432852,0
2627,4,0,0,39,0.0,0.0,1.0,39,1250,900,350,0.72,16,9,7,332.44680851063805,0.3665654520917679,0.03696126568466984,0.2232142857142858,136358.02469135812,1266.358024691367,137624.3827160495,2622,78,821.8717948717949,38,1,18,30.208333333333336,0.6798245614035088,38.88888888888889,1044.4444444444453,27.485380116959085,1
2628,4,0,0,39,0.0,0.0,1.0,39,950,700,250,0.7368421052631579,12,7,5,331.5491144451302,0.3667622582096266,0.0352632945452831,0.22278733277869692,136385.92260437217,1243.7263724523384,137629.6489768245,2623,79,822.8717948717949,38,1,18,30.20417817326378,0.6800986842105263,38.86217948717949,1044.5512820512824,27.488191632928487,0
2629,4,0,0,39,0.0,0.0,1.0,39,550,400,150,0.7272727272727273,7,4,3,332.2342629404066,0.3665654520917679,0.03765648682809686,0.22342411437629273,136413.82337095475,1264.269212506391,137678.09258346114,2624,80,823.8717948717949,38,1,18,30.158689575236934,0.6803728070175439,38.835470085470085,1044.6581196581194,27.491003148897878,0
2630,4,0,0,39,0.0,0.0,1.0,39,1000,800,200,0.8,12,8,4,332.3299636332797,0.3665092217723797,0.04033461001051242,0.22401925391434224,136497.542792114,1272.4446864270444,137769.98747854104,2625,81,824.8717948717949,38,1,18,30.073399107112426,0.6811951754385965,38.755341880341874,1044.9786324786314,27.49943769680609,0
2631,4,0,0,39,0.0,0.0,1.0,39,1100,800,300,0.7272727272727273,14,8,6,330.7613712109615,0.36594691857849754,0.03646979893913671,0.22349235192873243,136581.28789539033,1235.1628132076733,137816.45070859801,2626,82,825.8717948717949,38,1,18,30.031599209593907,0.6820175438596492,38.67521367521367,1045.2991452991444,27.507872244714324,0
2632,4,0,0,39,0.0,0.0,1.0,39,1000,700,300,0.7,13,7,6,336.8492817574043,0.3657219973009447,0.07082218799816276,0.2198555490975079,135348.2862515388,1318.46594139924,136666.75219293806,2627,83,826.8717948717949,37,2,17,31.094573234984203,0.6717342342342343,39.85745614035087,1040.5701754385955,28.123518255097174,2
2633,4,0,0,39,0.0,0.0,1.0,39,1000,700,300,0.7,13,7,6,337.1331042140928,0.36566576698155645,0.06535057862491533,0.22039031853995644,135405.3410664819,1329.924592182199,136735.26565866408,2628,84,827.8717948717949,37,2,17,31.030516926534613,0.6722972972972973,39.80263157894736,1040.7894736842097,28.12944523470837,0
2634,4,0,0,39,0.0,0.0,1.0,39,900,800,100,0.8888888888888888,10,8,2,338.98406626180014,0.3657219973009447,0.07055468230947515,0.22195273966134688,135462.40790435512,1383.9195714065797,136846.3274757617,2629,85,828.8717948717949,37,2,17,30.925672354469494,0.6728603603603605,39.747807017543856,1041.008771929824,28.135372214319567,0
2635,4,0,0,39,0.0,0.0,1.0,39,750,400,350,0.5333333333333333,11,4,7,336.7893538864602,0.36555330634278005,0.061727694200019334,0.21894770538814756,135205.70181450053,1312.9872893582547,136518.68910385878,2630,86,829.8717948717949,37,2,18,31.237809699525563,0.6703265765765766,39.994517543859644,1040.0219298245606,28.108700806069205,2
2636,4,0,0,39,0.0,0.0,1.0,39,900,700,200,0.7777777777777778,11,7,4,336.17681042568864,0.36521592442645073,0.05807208463754954,0.21872244332634294,135234.21269044312,1292.5212565404663,136526.7339469836,2631,87,830.8717948717949,37,2,18,31.225402347318862,0.6706081081081081,39.96710526315789,1040.1315789473679,28.111664295874807,0
2637,4,0,0,39,0.0,0.0,1.0,39,900,800,100,0.8888888888888888,10,8,2,333.00118476439644,0.3651034637876743,0.0551619788711466,0.2173439644713975,135348.28625153878,1214.2279355186065,136562.5141870574,2632,88,831.8717948717949,37,2,18,31.19467860906219,0.6717342342342343,39.85745614035087,1040.5701754385952,28.123518255097167,0
2638,4,0,0,39,0.0,0.0,1.0,39,1000,700,300,0.7,13,7,6,332.00447015154515,0.3654689608636977,0.05524760392017081,0.21703763296683642,135405.3410664819,1191.0357032933102,136596.3767697752,2633,89,832.8717948717949,37,2,18,31.163962635201564,0.6722972972972973,39.80263157894736,1040.7894736842097,28.12944523470837,0
2639,4,0,0,39,0.0,0.0,1.0,39,700,500,200,0.7142857142857143,9,5,4,331.6147606047375,0.3651315789473684,0.059027834043633876,0.21712762325388807,135462.40790435512,1184.2667936288026,136646.67469798392,2634,90,833.8717948717949,37,2,18,31.117460150270354,0.6728603603603605,39.747807017543856,1041.008771929824,28.135372214319567,0
2640,4,0,0,39,0.0,0.0,1.0,39,1050,700,350,0.6666666666666666,14,7,7,330.8057944934513,0.36442869995501576,0.06202768485594645,0.2171155929719632,135548.03070415897,1168.0147978224065,136716.04550198137,2635,91,834.8717948717949,37,2,18,31.053556386227235,0.673704954954955,39.665570175438596,1041.3377192982455,28.144262683736365,0
2641,4,0,0,39,0.0,0.0,1.0,39,1400,1200,200,0.8571428571428571,16,12,4,330.9602676550501,0.3636414754835808,0.06555015307041256,0.2186322110740535,135780.35119156327,1187.6073261240958,136967.95851768737,2636,92,835.8717948717949,36,3,19,30.81915180983253,0.6779513888888888,39.44256756756757,1042.2297297297303,28.95082582582584,0
2642,4,0,0,39,0.0,0.0,1.0,39,700,400,300,0.5714285714285714,10,4,6,328.629672514891,0.36347278452541615,0.06592377770945346,0.21744995557329155,135839.04163876726,1128.1479536969548,136967.18959246422,2637,93,836.8717948717949,36,3,19,30.821720499801952,0.6785300925925926,39.38626126126127,1042.4549549549558,28.957082082082106,0
2643,4,0,1,38,0.0,0.02564102564102564,0.9743589743589743,39,750,500,250,0.6666666666666666,10,5,5,327.62549622380095,0.363444669365722,0.0660740986874897,0.21732178331177615,135927.10108757394,1106.6367888158275,137033.73787638976,2638,94,837.8717948717949,36,3,15,30.760664146868248,0.6793981481481483,39.301801801801794,1042.792792792792,28.966466466466443,0
2644,4,0,0,38,0.0,0.0,1.0,38,800,300,500,0.375,13,3,10,336.2119008483481,0.3613827643432907,0.07380573992708284,0.2226909413854351,135874.91426611788,1536.5526406035588,137411.46690672144,2639,95,856.6578947368421,35,3,15,30.588550917702783,0.680952380952381,39.35185185185185,1042.592592592592,29.78835978835977,0
2645,4,0,0,38,0.0,0.0,1.0,38,1100,1000,100,0.9090909090909091,12,10,2,337.8424416454611,0.3612494073020389,0.07091219116247327,0.22472132299265965,136025.7941770617,1591.0572863082807,137616.85146337,2640,96,857.6578947368421,35,3,15,30.396487481045913,0.6824404761904763,39.20717592592592,1043.1712962962947,29.804894179894134,0
2646,4,0,0,38,0.0,0.0,1.0,38,900,700,200,0.7777777777777778,11,7,4,337.06752991764273,0.3610715979137032,0.07507164829007174,0.2249694979472524,136146.5583874526,1578.1168284893365,137724.67521594194,2641,97,858.6578947368421,35,3,16,30.297054637536505,0.6836309523809525,39.09143518518517,1043.6342592592573,29.818121693121636,0
2647,4,0,0,38,0.0,0.0,1.0,38,950,700,250,0.7368421052631579,12,7,5,337.6480571790554,0.36141239924134666,0.0739048219350773,0.22554890219560855,136176.75781249974,1595.963541666637,137772.72135416637,2642,98,859.6578947368421,35,3,16,30.25199600798403,0.6839285714285716,39.062499999999986,1043.749999999998,29.821428571428513,0
2648,4,0,0,38,0.0,0.0,1.0,38,950,700,250,0.7368421052631579,12,7,5,340.28902077394207,0.361190137505927,0.0804876341168852,0.22789511925773767,136267.3761815198,1674.0584008487335,137941.43458236853,2643,99,860.6578947368421,35,3,16,30.093323910874634,0.6848214285714287,38.97569444444443,1044.0972222222201,29.831349206349145,0
2649,4,0,0,38,0.0,0.0,1.0,38,800,500,300,0.625,11,5,6,342.526312811227,0.3610567804646752,0.08265677491601342,0.22998195288753787,136358.02469135786,1741.2422839505964,138099.26697530845,2644,100,861.6578947368421,35,3,16,29.945146276595743,0.6857142857142857,38.88888888888888,1044.444444444443,29.8412698412698,0
2650,4,0,0,38,0.0,0.0,1.0,38,750,600,150,0.8,9,6,3,340.7132518748839,0.36079006638217165,0.08071963248839853,0.22954919686018282,136478.93625685864,1700.0364368998573,138178.9726937585,2645,101,862.6578947368421,35,3,17,29.87280313099986,0.6869047619047619,38.773148148148145,1044.907407407407,29.85449735449734,0
2651,4,0,0,38,0.0,0.0,1.0,38,1200,900,300,0.75,15,9,6,341.9785653579982,0.36132349454717877,0.0773386955761497,0.23079719321246062,136539.41213348758,1738.7104552469004,138278.1225887345,2646,102,863.6578947368421,35,3,18,29.779900332225903,0.6875,38.71527777777777,1045.1388888888882,29.861111111111093,0
2652,4,0,1,37,0.0,0.02631578947368421,0.9736842105263158,38,750,500,250,0.6666666666666666,10,5,5,339.20019377636805,0.3608345187292556,0.07657012008600006,0.22951276032823462,136630.15106577933,1668.9947434413564,138299.14580922067,2647,103,864.6578947368421,35,3,19,29.762744935237457,0.6883928571428571,38.62847222222222,1045.486111111111,29.871031746031747,0
2653,4,0,0,37,0.0,0.0,1.0,37,450,200,250,0.4444444444444444,7,2,5,346.18137876554385,0.3582957957957958,0.08659485319697224,0.23359925627845574,136534.22796201814,2053.1214569160993,138587.34941893423,2648,104,885.6486486486486,34,3,19,29.67521927326575,0.6896446078431373,38.720238095238095,1045.1190476190475,30.73879551820728,0
2654,4,0,0,37,0.0,0.0,1.0,37,700,400,300,0.5714285714285714,10,4,6,347.3370848562366,0.35779529529529525,0.0876608788246227,0.23500110009302538,136627.55810657595,2091.163548752832,138718.7216553288,2649,105,886.6486486486486,34,3,20,29.552636073787298,0.6905637254901962,38.63095238095238,1045.4761904761904,30.74929971988795,0
2655,4,0,0,37,0.0,0.0,1.0,37,700,400,300,0.5714285714285714,10,4,6,348.3775041390044,0.3579517017017017,0.08916088219366958,0.23612253058310284,136689.7959183673,2123.9299886621275,138813.72590702944,2650,106,887.6486486486486,34,3,20,29.46384524893746,0.6911764705882353,38.57142857142857,1045.7142857142853,30.756302521008394,0
2656,4,0,0,37,0.0,0.0,1.0,37,1050,1000,50,0.9523809523809523,11,10,1,347.17113314407095,0.3576388888888889,0.0949574973243612,0.23614086053174127,136814.31405895695,2099.596088435382,138913.91014739234,2651,107,888.6486486486486,34,3,20,29.372202624791395,0.6924019607843137,38.452380952380956,1046.1904761904766,30.77030812324931,0
2657,4,0,0,37,0.0,0.0,1.0,37,800,700,100,0.875,9,7,2,346.21222617909217,0.3578265765765766,0.09602912731823898,0.23569785095956955,136845.45245181414,2075.5137471655407,138920.96619897967,2652,108,889.6486486486486,34,3,20,29.36649030985702,0.6927083333333333,38.42261904761905,1046.3095238095243,30.77380952380954,0
2658,4,0,0,37,0.0,0.0,1.0,37,950,700,250,0.7368421052631579,12,7,5,347.9373664792745,0.3573260760760761,0.09665066476528827,0.23792855371840904,137001.1975623583,2133.5671768707525,139134.76473922905,2653,109,890.6486486486486,34,3,16,29.16737737851565,0.6942401960784312,38.273809523809526,1046.9047619047622,30.79131652661065,0
2659,4,0,0,37,0.0,0.0,1.0,37,700,500,200,0.7142857142857143,9,5,4,345.50296289920476,0.3570758258258258,0.09599095514748601,0.23689708219986783,137094.68714569163,2073.324121315194,139168.01126700683,2654,110,891.6486486486486,34,3,16,29.138721533856234,0.6951593137254901,38.18452380952381,1047.2619047619048,30.801820728291318,0
2660,4,0,0,37,0.0,0.0,1.0,37,1100,900,200,0.8181818181818182,13,9,4,351.7377993877182,0.356763013013013,0.08214697679851635,0.2323578396383536,135780.3511915633,2151.816385642408,137932.16757720572,2655,111,892.6486486486486,36,1,18,30.27777777777777,0.6779513888888888,39.44256756756757,1042.2297297297305,28.950825825825845,6
2661,4,0,0,37,0.0,0.0,1.0,37,1450,1100,350,0.7586206896551724,18,11,7,351.81585581210203,0.3557932932932933,0.08278285846057787,0.23317559119285974,135897.74476757154,2162.1962756675484,138059.9410432391,2656,112,893.6486486486486,36,1,17,30.159169456744788,0.6791087962962964,39.32995495495495,1042.6801801801794,28.963338338338318,0
2662,4,0,0,37,0.0,0.0,1.0,37,850,600,250,0.7058823529411765,11,6,5,350.04579488910315,0.35566816816816815,0.0823447354059601,0.23238524060702392,135956.46057797657,2118.197462665362,138074.65804064192,2657,113,894.6486486486486,36,1,17,30.147032357916714,0.6796875,39.273648648648646,1042.905405405405,28.969594594594582,0
2663,4,0,0,37,0.0,0.0,1.0,37,650,400,250,0.6153846153846154,9,4,5,350.83645981547596,0.3556368868868869,0.0803925687345377,0.2334877129116789,136044.5580715852,2145.87822619918,138190.43629778438,2658,114,895.6486486486486,36,1,18,30.03899503454231,0.6805555555555556,39.18918918918919,1043.2432432432438,28.978978978978994,0
2664,4,0,0,37,0.0,0.0,1.0,37,700,500,200,0.7142857142857143,9,5,4,342.90215358917817,0.35501126126126126,0.04670746805578285,0.2267073095443883,135809.69482996524,1913.8873670968455,137723.5821970621,2659,115,896.6486486486486,36,1,19,30.478878565254977,0.6782407407407407,39.41441441441442,1042.3423423423435,28.953953953953985,2
2665,4,0,0,37,0.0,0.0,1.0,37,700,400,300,0.5714285714285714,10,4,6,342.5538878691582,0.3548235735735736,0.04951792704249769,0.22703696834506362,135897.7447675718,1910.4601645564674,137808.20493212825,2660,116,897.6486486486486,36,1,16,30.400601216834062,0.6791087962962963,39.329954954954964,1042.6801801801817,28.963338338338378,0
2666,4,0,0,37,0.0,0.0,1.0,37,700,500,200,0.7142857142857143,9,5,4,342.5538878691582,0.3543230730730731,0.04951792704249769,0.22703696834506362,135897.7447675718,1910.4601645564674,137808.20493212825,2661,117,898.6486486486486,36,1,16,30.400601216834062,0.6791087962962963,39.329954954954964,1042.6801801801817,28.963338338338378,0
2667,4,0,0,37,0.0,0.0,1.0,37,1250,1000,250,0.8,15,10,5,343.27164841931443,0.3543230730730731,0.05081431323331986,0.22770024816352813,135927.10108757418,1931.9840110380787,137859.08509861227,2662,118,899.6486486486486,36,1,16,30.352771778257743,0.6793981481481481,39.30180180180181,1042.7927927927935,28.966466466466485,0
2668,4,0,0,37,0.0,0.0,1.0,37,750,600,150,0.8,9,6,3,343.49868825710433,0.35300925925925924,0.04800914904541842,0.2286042994262801,136044.5580715853,1946.2254484214175,137990.78352000672,2663,119,900.6486486486486,36,1,18,30.23037204951065,0.6805555555555556,39.1891891891892,1043.243243243245,28.978978978979026,0
2669,4,0,0,37,0.0,0.0,1.0,37,1700,1200,500,0.7058823529411765,22,12,10,341.33304804383727,0.35279029029029024,0.04314786375494295,0.22837891429552887,136233.98695993004,1900.232403239463,138134.2193631695,2664,120,901.6486486486486,37,0,18,30.099144872737465,0.6804617117117118,39.00767543859649,1043.9692982456145,28.215386439070663,0
2670,4,0,0,37,0.0,0.0,1.0,37,650,400,250,0.6153846153846154,9,4,5,341.6882982183757,0.3524461961961962,0.042496182382761205,0.2288014047563552,136262.60604224366,1911.8675938750303,138174.4736361187,2665,121,902.6486486486486,37,0,18,30.06152418959603,0.6807432432432432,38.98026315789473,1044.0789473684201,28.21834992887622,0
2671,4,0,0,37,0.0,0.0,1.0,37,800,600,200,0.75,10,6,4,342.35324682845885,0.35260260260260257,0.04508004802029819,0.2294320879343709,136291.22813029,1931.948892928587,138223.17702321857,2666,122,903.6486486486486,37,0,18,30.015816969442405,0.6810247747747749,38.95285087719298,1044.1885964912274,28.22131341868182,0
2672,4,0,0,37,0.0,0.0,1.0,37,1100,800,300,0.7272727272727273,14,8,6,343.00930949041685,0.3525713213213213,0.04442830062317671,0.23005779321033296,136319.85322406876,1951.7957448445486,138271.6489689133,2667,123,904.6486486486486,37,0,18,29.97033809323812,0.6813063063063063,38.92543859649122,1044.2982456140337,28.224276908487397,0
2673,4,0,0,37,0.0,0.0,1.0,37,650,300,350,0.46153846153846156,10,3,7,341.43049890882855,0.35250875875875876,0.04700648580556188,0.22937002345595905,136377.11242882413,1912.6611072637588,138289.7735360879,2668,124,905.6486486486486,37,0,18,29.95486038211212,0.6818693693693694,38.87061403508771,1044.5175438596482,28.2302038880986,0
2674,4,0,0,37,0.0,0.0,1.0,37,900,600,300,0.6666666666666666,12,6,6,344.21548344048574,0.3512887887887888,0.05647032131817009,0.23199247221978977,136491.6669071252,1996.509022006765,138488.17592913198,2669,125,906.6486486486486,37,0,18,29.768712836656178,0.6829954954954955,38.7609649122807,1044.9561403508767,28.242057847320993,0
2675,4,0,1,36,0.0,0.02702702702702703,0.972972972972973,37,800,500,300,0.625,11,5,6,346.92597904429977,0.35106981981981983,0.05688348581456726,0.2343901742189445,136577.6143260425,2076.4645131194065,138654.0788391619,2670,126,907.6486486486486,37,0,19,29.612814259239833,0.6838400900900901,38.67872807017543,1045.2850877192973,28.250948316737766,0
2676,4,0,0,36,0.0,0.0,1.0,36,250,100,150,0.4,4,1,3,350.9039706819528,0.35117394179894185,0.06543322920033035,0.23724993152516888,136603.17147806592,2386.9190558802056,138990.09053394612,2671,127,925.25,36,0,19,29.483554167115503,0.6860532407407407,38.65427927927928,1045.3828828828832,29.038413413413423,0
2677,4,0,0,36,0.0,0.0,1.0,36,850,600,250,0.7058823529411765,11,6,5,351.7220771106068,0.3511904761904762,0.06487266025180749,0.23800202360749811,136632.60388767152,2411.3406480805234,139043.94453575203,2672,128,926.25,36,0,19,29.43302994398968,0.6863425925925926,38.62612612612613,1045.495495495496,29.041541541541555,0
2678,4,0,0,36,0.0,0.0,1.0,36,800,500,300,0.625,11,5,6,351.5817209250644,0.35090939153439155,0.06761841522797685,0.23850543770862498,136720.920138889,2413.7152777777883,139134.63541666677,2673,129,927.25,36,0,19,29.349269588313415,0.6872106481481481,38.54166666666667,1045.8333333333342,29.05092592592595,0
2679,4,0,0,36,0.0,0.0,1.0,36,950,700,250,0.7368421052631579,12,7,5,349.45871632981505,0.350462962962963,0.06505202726946546,0.23766262625944237,136809.26492370758,2361.838020452895,139171.10294416046,2674,130,928.25,36,0,19,29.317366343738787,0.6880787037037037,38.45720720720721,1046.1711711711719,29.060310310310328,0
2680,4,0,0,36,0.0,0.0,1.0,36,500,300,200,0.6,7,3,4,349.45871632981505,0.350462962962963,0.06505202726946546,0.23766262625944237,136809.26492370758,2361.838020452895,139171.10294416046,2675,131,929.25,36,0,19,29.317366343738787,0.6880787037037037,38.45720720720721,1046.1711711711719,29.060310310310328,0
2681,4,0,0,36,0.0,0.0,1.0,36,550,300,250,0.5454545454545454,8,3,5,347.8932669277824,0.34948743386243386,0.06049655056972392,0.23719531398091595,136897.63824212734,2325.15332055029,139222.79156267762,2676,132,930.25,36,0,19,29.27091179741022,0.6889467592592593,38.37274774774775,1046.5090090090098,29.069694694694718,0
2682,4,0,0,36,0.0,0.0,1.0,36,950,800,150,0.8421052631578947,11,8,3,343.89763154178576,0.3479662698412698,0.05426808139465433,0.235659843456674,137074.4704797704,2227.9171485674947,139302.3876283379,2677,133,931.25,36,0,16,29.20072050758146,0.6906828703703703,38.20382882882883,1047.1846846846852,29.088463463463476,0
2683,4,0,0,36,0.0,0.0,1.0,36,700,500,200,0.7142857142857143,9,5,4,341.152130606231,0.34742063492063496,0.049941470173678226,0.2343720176439558,137162.92939899364,2158.68512093175,139321.61451992538,2678,134,932.25,36,0,17,29.185255858955053,0.6915509259259259,38.11936936936937,1047.522522522523,29.097847847847863,0
2684,4,0,0,36,0.0,0.0,1.0,36,500,400,100,0.8,6,4,2,340.86130726047975,0.34732142857142856,0.048826072418075794,0.23456905345795148,137221.91786380977,2154.728461569676,139376.64632537944,2679,135,933.25,36,0,17,29.13464638865004,0.6921296296296297,38.06306306306306,1047.7477477477478,29.104104104104106,0
2685,4,0,0,36,0.0,0.0,1.0,36,850,600,250,0.7058823529411765,11,6,5,342.7487212828174,0.3476521164021164,0.047711154094132846,0.23626811853762206,137280.91901022647,2210.5718894570264,139491.4908996835,2680,136,934.25,36,0,17,29.02697184612078,0.6927083333333333,38.00675675675676,1047.9729729729731,29.110360360360364,0
2686,4,0,0,36,0.0,0.0,1.0,36,600,400,200,0.6666666666666666,8,4,4,343.299270376899,0.3471064814814815,0.050676764421527576,0.2372511438707169,137369.4445078526,2231.7660143251537,139601.21052217775,2681,137,935.25,36,0,19,28.925188885308117,0.6935763888888888,37.922297297297305,1048.310810810812,29.11974474474478,0
2687,4,0,0,36,0.0,0.0,1.0,36,950,700,250,0.7368421052631579,12,7,5,346.22447001059095,0.34594907407407405,0.047123495233664325,0.2400884951011641,137487.5228902889,2320.308949151851,139807.83183944077,2682,138,936.25,36,0,19,28.73201438848921,0.6947337962962963,37.80968468468468,1048.7612612612609,29.132257257257248,0
2688,4,0,0,36,0.0,0.0,1.0,36,850,500,350,0.5882352941176471,12,5,7,342.3807406840287,0.34604828042328045,0.04754451242054536,0.23823460500023125,137605.65199912759,2222.7050107540035,139828.35700988158,2683,139,937.25,36,0,19,28.716324997316732,0.6958912037037037,37.697072072072075,1049.2117117117123,29.144769769769784,0
2689,4,0,0,36,0.0,0.0,1.0,36,1050,700,350,0.6666666666666666,14,7,7,343.44581575628195,0.3454861111111111,0.04598040267496306,0.23979464034938616,137723.83183436817,2260.13475468712,139983.9665890553,2684,140,938.25,36,0,19,28.571907520652285,0.6970486111111112,37.58445945945946,1049.6621621621625,29.157282282282292,0
2690,4,0,0,36,0.0,0.0,1.0,36,700,600,100,0.8571428571428571,8,6,2,342.65558075081884,0.3451719576719577,0.04519400352733727,0.2398589065255732,137812.5,2244.4444444444443,140056.94444444444,2685,141,939.25,36,0,19,28.505291005291003,0.6979166666666667,37.5,1050.0,29.166666666666668,0
2691,4,0,0,36,0.0,0.0,1.0,36,650,400,250,0.6153846153846154,9,4,5,343.4244765649147,0.34538690476190476,0.04772415847482936,0.24060354950922824,137842.0623960108,2267.6676253956607,140109.73002140646,2686,142,940.25,36,0,19,28.45598748882931,0.6982060185185186,37.471846846846844,1050.112612612612,29.169794794794782,0
2692,4,0,0,36,0.0,0.0,1.0,36,700,300,400,0.42857142857142855,11,3,8,344.2071360000024,0.34479166666666666,0.04726301497123675,0.2419825449694065,137960.34368405573,2297.386956212974,140257.7306402687,2687,143,941.25,36,0,20,28.31895165612606,0.6993634259259259,37.359234234234236,1050.5630630630635,29.18230730730732,0
2693,4,0,0,36,0.0,0.0,1.0,36,950,700,250,0.7368421052631579,12,7,5,344.33123551756904,0.3434027777777778,0.055600190442183006,0.24332566870223377,138137.8607281268,2313.0360512539605,140450.89677938077,2688,144,942.25,36,0,18,28.14095697196929,0.701099537037037,37.19031531531532,1051.2387387387391,29.201076076076088,0
2694,4,0,0,36,0.0,0.0,1.0,36,1000,700,300,0.7,13,7,6,346.29180146554774,0.3432374338624338,0.05228600668784922,0.24513468917997094,138197.05843935144,2371.3016648405105,140568.36010419196,2689,145,943.25,36,0,18,28.031175252579356,0.7016782407407407,37.134009009009006,1051.4639639639634,29.207332332332314,0
2695,4,0,0,36,0.0,0.0,1.0,36,850,600,250,0.7058823529411765,11,6,5,347.2791208949393,0.3434358465608465,0.04830258478154881,0.24668701659921125,138315.49190660255,2406.8164870952055,140722.30839369775,2690,146,944.25,36,0,19,27.888698569032574,0.7028356481481481,37.0213963963964,1051.9144144144145,29.219844844844847,0
2696,4,0,0,36,0.0,0.0,1.0,36,450,100,350,0.2222222222222222,8,1,7,346.3274147535539,0.3433531746031746,0.04488689074430896,0.246224559256294,138345.10819941576,2382.5407333008816,140727.64893271663,2691,147,945.25,36,0,19,27.884598230214795,0.703125,36.99324324324325,1052.027027027028,29.222972972973,0
2697,4,0,0,36,0.0,0.0,1.0,36,1000,700,300,0.7,13,7,6,345.30363759357186,0.3428736772486773,0.04212294156114371,0.2461374899551436,138433.9761002558,2360.351102791994,140794.32720304778,2692,148,946.25,36,0,19,27.82414838594613,0.7039930555555556,36.90878378378379,1052.364864864866,29.232357357357387,0
2698,4,0,0,36,0.0,0.0,1.0,36,400,200,200,0.5,6,2,4,343.95152947169885,0.34224537037037034,0.0440931730917824,0.2456008362087066,138493.237219483,2326.9921526256,140820.22937210862,2693,149,947.25,36,0,20,27.801478192646492,0.7045717592592593,36.85247747747748,1052.5900900900901,29.238613613613616,0
2699,4,0,0,36,0.0,0.0,1.0,36,350,200,150,0.5714285714285714,5,2,3,345.0718350338105,0.34204695767195764,0.04584269262309704,0.24683064925257034,138552.5110203109,2362.113845264189,140914.62486557508,2694,150,948.25,36,0,20,27.713748350982282,0.705150462962963,36.796171171171174,1052.8153153153157,29.24486986986988,0
2700,4,0,0,36,0.0,0.0,1.0,36,1150,900,250,0.782608695652174,14,9,5,346.05914957327184,0.3419642857142857,0.04835566961315485,0.24818597904978829,138641.44549955367,2395.628145036935,141037.0736445906,2695,151,949.25,36,0,20,27.60037959794696,0.7060185185185185,36.711711711711715,1053.1531531531537,29.254254254254267,0
2701,4,0,0,36,0.0,0.0,1.0,36,700,600,100,0.8571428571428571,8,6,2,349.5938092546748,0.3409060846560847,0.05208110612215844,0.25115979199448757,138700.75100438285,2497.784778021277,141198.53578240413,2696,152,950.25,36,0,20,27.449041408310183,0.7065972222222222,36.65540540540541,1053.378378378379,29.260510510510528,0
2702,4,0,0,36,0.0,0.0,1.0,36,450,200,250,0.4444444444444444,7,2,5,347.77325426559787,0.34054232804232804,0.048334995962187266,0.25028973591607206,138760.0691908126,2451.408164921695,141211.47735573427,2697,153,951.25,36,0,20,27.438720250819436,0.7071759259259259,36.59909909909911,1053.6036036036048,29.2667667667668,0
2703,4,0,0,36,0.0,0.0,1.0,36,700,400,300,0.5714285714285714,10,4,6,349.3587300183648,0.3404431216931217,0.04481014461779553,0.2518720335525317,138819.40005884288,2499.5538612937476,141318.9539201366,2698,154,952.25,36,0,20,27.338685260383265,0.7077546296296295,36.5427927927928,1053.8288288288306,29.27302302302307,0
2704,4,0,0,36,0.0,0.0,1.0,36,650,300,350,0.46153846153846156,10,3,7,350.1379327375415,0.3406911375661376,0.046232978357137355,0.2526554288736047,138849.070248458,2523.265283864963,141372.33553232296,2699,155,953.25,36,0,20,27.28901770132137,0.7080439814814814,36.51463963963965,1053.9414414414423,29.276151151151176,0
2705,4,0,0,36,0.0,0.0,1.0,36,750,400,350,0.5333333333333333,11,4,7,350.419472261713,0.33996362433862437,0.03985507246376829,0.25330321852061,138908.42013888905,2535.243055555576,141443.6631944446,2700,156,954.25,36,0,20,27.223320158102766,0.7086226851851851,36.45833333333334,1054.166666666668,29.282407407407447,0
2706,4,0,0,36,0.0,0.0,1.0,36,450,200,250,0.4444444444444444,7,2,5,350.3537395536905,0.3396329365079365,0.043139663213357604,0.25370162903644283,138967.78271092047,2537.5764700511427,141505.3591809716,2701,157,955.25,36,0,20,27.166773470041655,0.7092013888888888,36.40202702702703,1054.3918918918926,29.288663663663684,0
2707,4,0,0,36,0.0,0.0,1.0,36,1000,900,100,0.9,11,9,2,347.6219567867766,0.33950066137566143,0.0422434551558073,0.2526124801568455,139086.54589978507,2469.9074496794283,141556.4533494645,2702,158,956.25,36,0,21,27.122255435749615,0.7103587962962963,36.28941441441442,1054.8423423423435,29.30117617617621,0
2708,4,0,0,36,0.0,0.0,1.0,36,1000,700,300,0.7,13,7,6,347.25055414672624,0.3389384920634921,0.043541540686989455,0.2532361823275468,139205.35981505178,2467.8276671942513,141673.18748224602,2703,159,957.25,36,0,20,27.015526624693212,0.7115162037037036,36.176801801801815,1055.292792792795,29.313688688688746,0
2709,4,0,0,36,0.0,0.0,1.0,36,1150,700,450,0.6086956521739131,16,7,9,348.28367611043114,0.3389219576719577,0.03990944219235204,0.25466545864736234,139294.50354070304,2502.8003510267163,141797.30389172977,2704,160,958.25,36,0,20,26.900869426072106,0.7123842592592593,36.09234234234235,1055.630630630632,29.323073073073108,0
2710,4,0,0,36,0.0,0.0,1.0,36,900,700,200,0.7777777777777778,11,7,4,347.3711382048714,0.3385251322751323,0.04165481607887811,0.2544493587350684,139353.94854313787,2481.507943754584,141835.45648689245,2705,161,959.25,36,0,20,26.86668977531287,0.7129629629629629,36.036036036036045,1055.8558558558568,29.329329329329354,0
2711,4,0,0,36,0.0,0.0,1.0,36,950,700,250,0.7368421052631579,12,7,5,347.3692701911125,0.33837632275132273,0.03978706764779072,0.2546740927742036,139383.67579995547,2483.5211478370393,141867.19694779252,2706,162,960.25,36,0,21,26.83760797696491,0.7132523148148149,36.00788288288289,1055.9684684684694,29.332457457457483,0
2712,4,0,0,36,0.0,0.0,1.0,36,900,600,300,0.6666666666666666,12,6,6,347.3692701911125,0.33837632275132273,0.03978706764779072,0.2546740927742036,139383.67579995547,2483.5211478370393,141867.19694779252,2707,163,961.25,36,0,21,26.83760797696491,0.7132523148148149,36.00788288288289,1055.9684684684694,29.332457457457483,0
2713,4,0,0,36,0.0,0.0,1.0,36,650,500,150,0.7692307692307693,8,5,3,347.98140204717197,0.33839285714285716,0.037262150186014864,0.2553497330515164,139413.40622717317,2502.6545126207366,141916.0607397939,2708,164,962.25,36,0,21,26.792315347977542,0.7135416666666667,35.97972972972973,1056.0810810810815,29.335585585585598,0
2714,4,0,0,36,0.0,0.0,1.0,36,550,400,150,0.7272727272727273,7,4,3,346.6531162443131,0.337880291005291,0.04108481682834131,0.2550551281166983,139502.61653122722,2471.8033489570726,141974.4198801843,2709,165,963.25,36,0,21,26.739997512702992,0.7144097222222222,35.895270270270274,1056.4189189189192,29.344969969969977,0
2715,4,0,0,36,0.0,0.0,1.0,36,800,600,200,0.75,10,6,4,343.3832250792009,0.3372685185185185,0.037676423226295164,0.2533261151055993,139591.85536888245,2386.7002982712506,141978.5556671537,2710,166,964.25,36,0,21,26.738997229326507,0.7152777777777778,35.810810810810814,1056.7567567567573,29.35435435435437,0
2716,4,0,0,36,0.0,0.0,1.0,36,750,400,350,0.5333333333333333,11,4,7,343.2344049506522,0.3367063492063492,0.04358145701635996,0.253669143690301,139651.36377931983,2386.6305494683834,142037.99432878822,2711,167,965.25,36,0,21,26.68468996377583,0.7158564814814815,35.7545045045045,1056.9819819819818,29.360610610610607,0
2717,4,0,0,36,0.0,0.0,1.0,36,600,500,100,0.8333333333333334,7,5,2,342.21491047760134,0.33659060846560845,0.039963661328314526,0.253141951509318,139681.12274013885,2360.1925827854943,142041.31532292435,2712,168,966.25,36,0,21,26.682513049962715,0.7161458333333334,35.726351351351354,1057.094594594595,29.36373873873875,0
2718,4,0,0,36,0.0,0.0,1.0,36,900,600,300,0.6666666666666666,12,6,6,342.0149083209242,0.3367559523809524,0.045866321108626096,0.2534473539246376,139740.65017297698,2358.677131523411,142099.3273045004,2713,169,967.25,36,0,21,26.629566514005745,0.716724537037037,35.67004504504504,1057.3198198198195,29.369994994994986,0
2719,4,0,0,36,0.0,0.0,1.0,36,700,500,200,0.7142857142857143,9,5,4,340.28720691660084,0.3367559523809524,0.05136139349622515,0.2425617047014213,138433.97610025562,2221.462213903089,140655.4383141587,2714,170,968.25,36,0,21,27.95612627073301,0.7039930555555556,36.90878378378378,1052.3648648648646,29.232357357357348,2
2720,4,0,0,36,0.0,0.0,1.0,36,900,600,300,0.6666666666666666,12,6,6,339.9298958200578,0.33667328042328043,0.051025988539363354,0.24251792414765336,138463.6050746692,2213.583769580383,140677.18884424958,2715,171,969.25,36,0,21,27.936416648833724,0.7042824074074074,36.88063063063063,1052.477477477477,29.23548548548547,0
2721,4,0,0,36,0.0,0.0,1.0,36,1150,800,350,0.6956521739130435,15,8,7,340.05969603083963,0.33579695767195766,0.056176537003363336,0.24324545510270226,138552.51102031078,2223.2249563752844,140775.73597668606,2716,172,970.25,36,0,21,27.845669768602693,0.705150462962963,36.79617117117117,1052.8153153153148,29.244869869869856,0
2722,4,0,0,36,0.0,0.0,1.0,36,500,300,200,0.6,7,3,4,341.1463893319581,0.33540013227513227,0.05572487790967107,0.24444903345924437,138611.79750273918,2257.382847374398,140869.18035011357,2717,173,971.25,36,0,21,27.75884040922539,0.7057291666666667,36.73986486486486,1053.0405405405402,29.251126126126117,0
2723,4,0,0,36,0.0,0.0,1.0,36,850,500,350,0.5882352941176471,12,5,7,339.48493700610516,0.33525132275132274,0.05363083357095344,0.2434710989939491,138641.44549955364,2213.3364783702677,140854.7819779239,2718,174,972.25,36,0,21,27.773470915312235,0.7060185185185186,36.711711711711715,1053.1531531531534,29.254254254254263,0
2724,4,0,1,35,0.0,0.027777777777777776,0.9722222222222222,36,450,200,250,0.4444444444444444,7,2,5,338.9543971840233,0.3350198412698413,0.04834533057753099,0.24351608535018077,138700.7510043827,2202.645889132371,140903.39689351508,2719,175,973.25,36,0,22,27.72922457415723,0.7065972222222223,36.6554054054054,1053.378378378378,29.260510510510503,0
2725,4,0,0,35,0.0,0.0,1.0,35,450,200,250,0.4444444444444444,7,2,5,343.47205467845794,0.33483893557422967,0.049738589797937216,0.24627677112051127,138634.033203125,2523.383246527778,141157.41644965278,2720,176,991.6857142857143,35,0,22,27.67577481041873,0.7080357142857143,36.71875,1053.125,30.089285714285715,0
2726,4,0,0,35,0.0,0.0,1.0,35,950,700,250,0.7368421052631579,12,7,5,343.69835740128826,0.33483893557422967,0.044293090190047346,0.2473269681758044,138755.9494625556,2538.038381987296,141293.98784454292,2721,177,992.6857142857143,35,0,22,27.550097953055776,0.7092261904761905,36.60300925925925,1053.587962962962,30.102513227513196,0
2727,4,0,0,35,0.0,0.0,1.0,35,650,300,350,0.46153846153846156,10,3,7,342.7581025951567,0.33483893557422967,0.04744124752910195,0.24731816816414387,138847.4218214163,2518.215770747596,141365.6375921639,2722,178,993.6857142857143,35,0,22,27.485083095394977,0.7101190476190476,36.5162037037037,1053.935185185185,30.112433862433857,0
2728,4,0,0,35,0.0,0.0,1.0,35,750,600,150,0.8,9,6,3,343.5454389226518,0.3346988795518207,0.04810841332580518,0.24833427442123096,138908.4201388888,2544.2976251714576,141452.71776406025,2723,179,994.6857142857143,33,2,22,27.404479578392625,0.7152777777777778,36.45833333333333,1054.1666666666658,31.944444444444418,0
2729,4,1,1,35,0.027777777777777776,0.027777777777777776,0.9722222222222222,36,1000,600,400,0.6,14,6,8,333.18286549925256,0.33791335978835974,0.036927367299617764,0.24310009075315836,139222.337372449,2077.2994614512454,141299.63683390024,2724,0,968.0277777777778,34,2,19,27.370041361158105,0.7159926470588236,36.160714285714285,1055.357142857143,31.039915966386555,0
2730,4,0,0,35,0.0,0.0,1.0,35,750,500,250,0.6666666666666666,10,5,5,342.1838061483673,0.3342436974789916,0.0459493103619979,0.24853806071890278,139069.95093533734,2517.4970263840814,141587.44796172142,2725,181,996.6857142857143,33,2,24,27.28193621470896,0.7168560606060606,36.30514705882353,1054.7794117647056,31.96301247771835,0
2731,4,0,0,35,0.0,0.0,1.0,35,1300,900,400,0.6923076923076923,17,9,8,340.5687954340968,0.3341036414565826,0.04745312759250053,0.248079300227375,139166.91446799305,2479.18168492887,141646.0961529219,2726,182,997.6857142857143,33,2,19,27.22948122338367,0.7178030303030303,36.213235294117645,1055.147058823529,31.974153297682697,0
2732,4,0,0,35,0.0,0.0,1.0,35,1100,900,200,0.8181818181818182,13,9,4,342.7528115660336,0.33389355742296917,0.048704766327241744,0.2506343564371657,139296.25174211833,2548.8363850442047,141845.08812716254,2727,183,998.6857142857143,33,2,20,27.045120346722392,0.7190656565656566,36.0906862745098,1055.63725490196,31.989007724301818,0
2733,4,0,0,35,0.0,0.0,1.0,35,600,200,400,0.3333333333333333,10,2,8,341.76229751993424,0.3337535014005602,0.05248706725029795,0.2503931934890948,139360.9429065745,2525.663206459057,141886.60611303354,2728,184,999.6857142857143,33,2,20,27.007892293407604,0.7196969696969697,36.029411764705884,1055.882352941177,31.996434937611426,0
2734,4,0,0,35,0.0,0.0,1.0,35,400,200,200,0.5,6,2,4,342.6027472439582,0.33354341736694676,0.045671849617080484,0.25149492979117827,139425.64908929262,2553.52208285275,141979.17117214538,2729,185,1000.6857142857143,33,2,20,26.92233310126094,0.7203282828282829,35.96813725490196,1056.1274509803925,32.00386215092099,0
2735,4,0,0,35,0.0,0.0,1.0,35,1250,1000,250,0.8,15,10,5,342.1600874241633,0.3332282913165266,0.04539608882996382,0.2516569926276697,139490.37029027307,2545.6074586697555,142035.97774894282,2730,186,1001.6857142857143,33,2,20,26.870649651972155,0.720959595959596,35.906862745098046,1056.3725490196086,32.011289364230564,0
2736,4,0,0,35,0.0,0.0,1.0,35,850,600,250,0.7058823529411765,11,6,5,340.1242922110878,0.3332983193277311,0.0414150518251466,0.25074279216491824,139568.0555555556,2494.0972222222267,142062.1527777778,2731,187,1002.6857142857143,34,1,21,26.84838328075711,0.7193627450980392,35.833333333333336,1056.666666666667,31.07843137254903,0
2737,4,0,0,35,0.0,0.0,1.0,35,550,300,250,0.5454545454545454,8,3,5,340.9812298281207,0.33266806722689074,0.0445982042287516,0.25184953065008775,139630.95946712012,2522.307256235816,142153.26672335595,2732,188,1003.6857142857143,34,1,21,26.76419238567244,0.7199754901960784,35.77380952380952,1056.9047619047615,31.085434173669455,0
2738,4,0,0,35,0.0,0.0,1.0,35,900,500,400,0.5555555555555556,13,5,8,341.49013878743597,0.3322829131652661,0.045302445302445093,0.25270270270270256,139693.87755102033,2540.8163265305993,142234.69387755092,2733,189,1004.6857142857143,34,1,21,26.689189189189182,0.7205882352941178,35.71428571428571,1057.1428571428567,31.0924369747899,0
2739,4,0,0,35,0.0,0.0,1.0,35,1050,900,150,0.8571428571428571,12,9,3,339.8554734000639,0.33165266106442576,0.045570190251041476,0.25220853552320516,139788.28124999985,2501.5624999999845,142289.84374999983,2734,190,1005.6857142857143,34,1,21,26.640070921985824,0.7215073529411765,35.62499999999999,1057.4999999999989,31.102941176470555,0
2740,4,0,0,35,0.0,0.0,1.0,35,1300,1000,300,0.7692307692307693,16,10,6,340.62310966796827,0.3311624649859944,0.04831355904954826,0.25349890724535706,139882.7168367346,2529.457199546468,142412.17403628107,2735,191,1006.6857142857143,34,1,21,26.527449546102478,0.7224264705882353,35.53571428571428,1057.857142857142,31.113445378151233,0
2741,4,0,0,35,0.0,0.0,1.0,35,750,400,350,0.5333333333333333,11,4,7,338.5169885848923,0.3306372549019608,0.04970509297205239,0.25265134437708703,139977.1843112244,2476.9309807256195,142454.11529195003,2736,192,1007.6857142857143,34,1,21,26.49084073949077,0.7233455882352942,35.44642857142857,1058.214285714285,31.123949579831915,0
2742,4,0,0,35,0.0,0.0,1.0,35,600,400,200,0.6666666666666666,8,4,4,340.07068014136024,0.3304971988795518,0.051293588301462245,0.2540528022232514,140008.6805555555,2522.569444444439,142531.24999999994,2737,193,1008.6857142857143,34,1,21,26.418963254593173,0.7236519607843137,35.416666666666664,1058.333333333333,31.127450980392148,0
2743,4,0,0,35,0.0,0.0,1.0,35,550,300,250,0.5454545454545454,8,3,5,340.07068014136024,0.3304971988795518,0.051293588301462245,0.2540528022232514,140008.6805555555,2522.569444444439,142531.24999999994,2738,194,1009.6857142857143,34,1,21,26.418963254593173,0.7236519607843137,35.416666666666664,1058.333333333333,31.127450980392148,0
2744,4,0,0,35,0.0,0.0,1.0,35,500,200,300,0.4,8,2,6,341.0334115729969,0.3304971988795518,0.029120010326245005,0.24628954535622483,138877.04790249435,2472.3426870748344,141349.39058956917,2739,195,1010.6857142857143,34,1,23,27.501458850990133,0.7126225490196079,36.48809523809524,1054.0476190476193,31.001400560224095,4
2745,4,0,0,35,0.0,0.0,1.0,35,550,200,350,0.36363636363636365,9,2,7,341.2173983709262,0.32993697478991596,0.031042040247061475,0.2471241157898526,138973.02119377165,2484.0060901811726,141457.02728395283,2740,196,1011.6857142857143,33,2,23,27.402467844413454,0.7159090909090908,36.39705882352941,1054.4117647058824,31.951871657754012,0
2746,4,0,0,35,0.0,0.0,1.0,35,1200,900,300,0.75,15,9,6,340.82262026505987,0.32976190476190476,0.03146574614976094,0.24778725635486804,139102.26835832384,2481.839917339498,141584.10827566334,2741,197,1012.6857142857143,33,2,23,27.286148543990084,0.7171717171717171,36.274509803921575,1054.9019607843145,31.966726084373168,0
2747,4,0,0,35,0.0,0.0,1.0,35,850,600,250,0.7058823529411765,11,6,5,349.14330920601765,0.32976190476190476,0.028594944150500012,0.23072757146831216,135793.2965235725,2482.264183246813,138275.56070681932,2742,198,1013.6857142857143,33,2,22,30.33252498530277,0.684659090909091,39.43014705882352,1042.2794117647047,31.584224598930447,5
2748,4,0,0,35,0.0,0.0,1.0,35,1050,700,350,0.6666666666666666,14,7,7,348.5300706500636,0.32948179271708683,0.0323997582107598,0.23094188793541565,135889.1111591694,2472.2883025759133,138361.3994617453,2743,199,1014.6857142857143,33,2,18,30.253388967246515,0.6856060606060607,39.33823529411764,1042.6470588235281,31.595365418894794,0
2749,4,0,0,35,0.0,0.0,1.0,35,800,700,100,0.875,9,7,2,347.009186676075,0.3294467787114846,0.03409770018465719,0.2303469718107173,135953.0063557285,2435.388432333711,138388.3947880622,2744,200,1015.6857142857143,33,2,18,30.229631805718768,0.6862373737373737,39.27696078431372,1042.8921568627445,31.60279263220438,0
2750,4,0,0,35,0.0,0.0,1.0,35,900,800,100,0.8888888888888888,10,8,2,348.95888428510466,0.32916666666666666,0.03224269270780877,0.23247542572796423,136080.84180363332,2497.3237456747443,138578.16554930806,2745,201,1016.6857142857143,33,2,19,30.05197322057787,0.6875,39.154411764705884,1043.382352941177,31.617647058823547,0
2751,4,0,0,35,0.0,0.0,1.0,35,750,600,150,0.8,9,6,3,348.21953337284907,0.32857142857142857,0.034795359749739685,0.2327125662052697,136192.29024943302,2484.96315192743,138677.25340136045,2746,202,1017.6857142857143,34,1,19,29.960747414841855,0.6862745098039216,39.047619047619044,1043.8095238095232,30.700280112044798,0
2752,4,0,0,35,0.0,0.0,1.0,35,850,500,350,0.5882352941176471,12,5,7,348.25107361703965,0.3282563025210084,0.0350545691480697,0.23314213096346836,136254.42885487518,2490.1502267573605,138744.57908163255,2747,203,1018.6857142857143,34,1,20,29.89832763207906,0.6868872549019608,38.988095238095234,1044.0476190476184,30.707282913165244,0
2753,4,0,0,35,0.0,0.0,1.0,35,650,500,150,0.7692307692307693,8,5,3,349.97888470304656,0.32846638655462185,0.03168162055657775,0.2349169667559164,136347.66333616775,2543.7606292516894,138891.42396541944,2748,204,1019.6857142857143,34,1,20,29.760819180060036,0.6878063725490196,38.89880952380952,1044.4047619047615,30.717787114845926,0
2754,4,0,0,35,0.0,0.0,1.0,35,500,400,100,0.8,6,4,2,350.4294892035751,0.3282563025210084,0.027822462470285636,0.23542636587076318,136378.74858276636,2558.227040816315,138936.97562358266,2749,205,1020.6857142857143,34,1,20,29.718248993237594,0.6881127450980393,38.86904761904761,1044.5238095238087,30.72128851540614,0
2755,4,0,0,35,0.0,0.0,1.0,35,450,400,50,0.8888888888888888,5,4,1,351.938222998166,0.32794117647058824,0.02739940096366733,0.23685658320796804,136440.92970521536,2603.7556689342264,139044.6853741496,2750,206,1021.6857142857143,34,1,20,29.617232604071692,0.6887254901960785,38.8095238095238,1044.7619047619041,30.728291316526594,0
2756,4,0,0,35,0.0,0.0,1.0,35,1100,800,300,0.7272727272727273,14,8,6,351.903387170772,0.32668067226890757,0.02744861927001141,0.23746040245750996,136534.22796201802,2609.3714569160843,139143.5994189341,2751,207,1022.6857142857143,34,1,20,29.52571477389224,0.6896446078431373,38.72023809523809,1045.1190476190466,30.73879551820725,0
2757,4,0,0,35,0.0,0.0,1.0,35,650,500,150,0.7692307692307693,8,5,3,360.1817639310433,0.3262605042016807,0.03743977526988829,0.23634732851499143,135540.6905470521,2763.857001133779,138304.5475481859,2752,208,1023.6857142857143,34,1,20,30.296101520521315,0.6798406862745099,39.672619047619044,1041.3095238095234,30.6267507002801,3
2758,4,0,0,35,0.0,0.0,1.0,35,700,400,300,0.5714285714285714,10,4,6,361.24357748718313,0.3262955182072829,0.03815619744297294,0.2374545499200123,135602.68034297042,2797.119472789107,138399.79981575953,2753,209,1024.6857142857143,34,1,20,30.206785537394758,0.680453431372549,39.613095238095234,1041.5476190476184,30.63375350140054,0
2759,4,0,0,35,0.0,0.0,1.0,35,550,300,250,0.5454545454545454,8,3,5,360.0272870197536,0.3261204481792717,0.03612974843691319,0.2370653716109752,135664.68431122438,2768.5976473922797,138433.28195861666,2754,210,1025.6857142857143,34,1,20,30.17678931931589,0.6810661764705883,39.55357142857142,1041.7857142857135,30.640756302520987,0
2760,4,0,0,35,0.0,0.0,1.0,35,450,100,350,0.2222222222222222,8,1,7,360.0451523851221,0.32622549019607844,0.03591668843039986,0.23728276910200213,135695.69160997725,2771.315192743753,138467.006802721,2755,211,1026.6857142857143,34,1,20,30.14549055453992,0.6813725490196079,39.52380952380952,1041.9047619047612,30.644257703081212,0
2761,4,0,0,35,0.0,0.0,1.0,35,700,500,200,0.7142857142857143,9,5,4,356.4812880314851,0.32622549019607844,0.04627296189464114,0.22819652519566477,134646.15660142718,2616.1502867078025,137262.30688813498,2756,212,1027.6857142857143,33,2,19,31.28357834455071,0.6732954545454546,40.53308823529411,1037.8676470588223,31.450534759358252,3
2762,4,0,0,35,0.0,0.0,1.0,35,1150,900,250,0.782608695652174,14,9,5,357.4560021344447,0.32675070028011205,0.04225712937369375,0.2302277411923671,134868.83049788536,2641.9345924644244,137510.76509034977,2757,213,1028.6857142857143,33,2,16,31.036160924964598,0.6755050505050505,40.31862745098039,1038.7254901960778,31.47653000594175,0
2763,4,0,0,35,0.0,0.0,1.0,35,700,500,200,0.7142857142857143,9,5,4,355.1079158945806,0.3274859943977591,0.04538271022526241,0.22931911796421547,134964.3184862793,2585.3795715590154,137549.69805783834,2758,214,1029.6857142857143,33,2,17,31.00196072650077,0.6764520202020202,40.22671568627451,1039.093137254902,31.487670825906125,0
2764,4,0,0,35,0.0,0.0,1.0,35,700,500,200,0.7142857142857143,9,5,4,355.05881502483925,0.32787114845938375,0.03985113083309488,0.23009655674986337,135091.6883680555,2593.098958333328,137684.78732638882,2759,215,1030.6857142857143,33,2,18,30.876336005344015,0.6777146464646465,40.104166666666664,1039.583333333333,31.502525252525242,0
2765,4,0,0,35,0.0,0.0,1.0,35,750,600,150,0.8,9,6,3,355.05881502483925,0.32787114845938375,0.03985113083309488,0.23009655674986337,135091.6883680555,2593.098958333328,137684.78732638882,2760,216,1031.6857142857143,33,2,18,30.876336005344015,0.6777146464646465,40.104166666666664,1039.583333333333,31.502525252525242,0
2766,4,0,0,35,0.0,0.0,1.0,35,1000,700,300,0.7,13,7,6,353.5767801876166,0.32734593837535014,0.043335353943557475,0.2293383335712337,135123.54022491336,2555.3092560553423,137678.8494809687,2761,217,1032.6857142857143,33,2,18,30.883132956152746,0.6780303030303031,40.073529411764696,1039.70588235294,31.50623885918,0
2767,4,0,0,35,0.0,0.0,1.0,35,800,800,0,1.0,8,8,0,354.1172386966229,0.3269607843137255,0.044119726608531584,0.2300948612235484,135187.255202326,2574.4275038446667,137761.68270617066,2762,218,1033.6857142857143,33,2,18,30.805640663052863,0.6786616161616161,40.01225490196078,1039.9509803921565,31.51366607248959,0
2768,4,0,0,35,0.0,0.0,1.0,35,1050,600,450,0.5714285714285714,15,6,9,357.05980939783143,0.3264705882352941,0.03864259636253564,0.23303572956164367,135346.6083507544,2665.3668360726497,138011.97518682704,2763,219,1034.6857142857143,33,2,18,30.570481490205314,0.680239898989899,39.859068627450974,1040.563725490195,31.53223410576349,0
2769,4,0,0,35,0.0,0.0,1.0,35,1150,1000,150,0.8695652173913043,13,10,3,354.19059280173497,0.3266106442577031,0.03830871781466505,0.2318145616361056,135447.73242630382,2594.8625283446654,138042.5949546485,2764,220,1035.6857142857143,34,1,18,30.54451623970723,0.678921568627451,39.76190476190476,1040.9523809523807,30.616246498599434,0
2770,4,0,0,35,0.0,0.0,1.0,35,500,300,200,0.6,7,3,4,352.7500651174818,0.3267857142857143,0.03605239946424521,0.23127076982889752,135509.7009637186,2560.211167800432,138069.91213151906,2765,221,1036.6857142857143,34,1,19,30.520380745483656,0.6795343137254903,39.70238095238094,1041.1904761904746,30.62324929971984,0
2771,4,0,0,35,0.0,0.0,1.0,35,800,600,200,0.75,10,6,4,353.5142084341338,0.3262955182072829,0.03311124175321689,0.2321728449986336,135571.6836734692,2585.3032879818365,138156.98696145104,2766,222,1037.6857142857143,34,1,19,30.43886221612558,0.6801470588235294,39.64285714285713,1041.42857142857,30.630252100840295,0
2772,4,0,0,35,0.0,0.0,1.0,35,800,600,200,0.75,10,6,4,353.5142084341338,0.32685574229691877,0.03311124175321689,0.2321728449986336,135571.6836734692,2585.3032879818365,138156.98696145104,2767,223,1038.6857142857143,34,1,19,30.43886221612558,0.6801470588235294,39.64285714285713,1041.42857142857,30.630252100840295,0
2773,4,0,0,35,0.0,0.0,1.0,35,1000,800,200,0.8,12,8,4,351.7393047620735,0.32587535014005603,0.03364723931386826,0.23201010810719128,135726.70245181397,2548.0831916099655,138274.78564342394,2768,224,1039.6857142857143,34,1,20,30.331029361361814,0.6816789215686274,39.49404761904761,1042.0238095238087,30.647759103641434,0
2774,4,0,0,35,0.0,0.0,1.0,35,650,500,150,0.7692307692307693,8,5,3,349.7956433466067,0.32563025210084034,0.015554955441533735,0.228779070590257,135422.7768802512,2474.0594725222845,137896.83635277348,2769,225,1040.6857142857143,35,0,19,30.68370306534711,0.6764880952380953,39.785879629629626,1040.8564814814813,29.738756613756607,1
2775,4,0,0,35,0.0,0.0,1.0,35,750,600,150,0.8,9,6,3,347.68478693460133,0.3250700280112045,0.012348345296322227,0.227971745135836,135513.14407578853,2423.171724965682,137936.3158007542,2770,226,1041.6857142857143,35,0,19,30.648806877130564,0.6773809523809524,39.69907407407406,1041.203703703702,29.748677248677204,0
2776,4,0,0,35,0.0,0.0,1.0,35,750,600,150,0.8,9,6,3,348.69513782451503,0.32450980392156864,0.019202133570396684,0.22921165414775788,135603.541412144,2456.859112439959,138060.40052458397,2771,227,1042.6857142857143,35,0,20,30.532674926843715,0.6782738095238097,39.612268518518505,1041.5509259259243,29.758597883597837,0
2777,4,0,0,35,0.0,0.0,1.0,35,750,700,50,0.9333333333333333,8,7,1,348.3907725974893,0.3246498599439776,0.013133044325705168,0.22961382547471731,135697.51567906578,2455.1591633574612,138152.67484242324,2772,228,1043.6857142857143,33,2,22,30.44724770642202,0.6837121212121212,39.52205882352941,1041.9117647058824,31.573083778966133,0
2778,4,0,0,35,0.0,0.0,1.0,35,750,600,150,0.8,9,6,3,346.8361156760305,0.32521008403361346,0.021856670936425626,0.2233877596101849,134868.83049788544,2355.476259131106,137224.30675701654,2773,229,1044.6857142857143,33,2,16,31.311939594148193,0.6755050505050504,40.318627450980394,1038.7254901960785,31.476530005941772,1
2779,4,1,1,35,0.027777777777777776,0.027777777777777776,0.9722222222222222,36,750,500,250,0.6666666666666666,10,5,5,337.4004997931641,0.32837301587301587,0.019992112561382225,0.21893432133681257,135138.10232426316,1919.13265306124,137057.2349773244,2774,0,1016.6388888888889,34,2,16,31.28911915120983,0.6758578431372548,40.05952380952382,1039.7619047619057,30.581232492997227,0
2780,4,0,0,35,0.0,0.0,1.0,35,500,200,300,0.4,8,2,6,344.5056491336831,0.3247549019607843,0.022075690887968902,0.22297100241558104,135045.282383787,2304.772534013623,137350.05491780062,2775,231,1046.6857142857143,34,1,17,31.19678921849348,0.674938725490196,40.14880952380953,1039.404761904763,30.57072829131656,0
2781,4,0,0,35,0.0,0.0,1.0,35,600,500,100,0.8333333333333334,7,5,2,345.35883935520553,0.325,0.022092794974150953,0.22371464282267484,135076.21882086183,2329.9532312925335,137406.17205215438,2776,232,1047.6857142857143,34,1,17,31.143829210566512,0.6752450980392156,40.11904761904763,1039.5238095238108,30.574229691876788,0
2782,4,0,0,35,0.0,0.0,1.0,35,700,500,200,0.7142857142857143,9,5,4,349.464893452149,0.32485994397759105,0.02260201161174291,0.22695731184420237,135169.0493905896,2447.3674886621316,137616.41687925172,2777,233,1048.6857142857143,34,1,17,30.944714749093677,0.6761642156862745,40.029761904761905,1039.8809523809525,30.584733893557427,0
2783,4,0,0,35,0.0,0.0,1.0,35,700,400,300,0.5714285714285714,10,4,6,349.77278613975227,0.32408963585434175,0.015575498994654602,0.22793917808167735,135292.87308673456,2464.3530328798015,137757.22611961435,2778,234,1049.6857142857143,34,1,20,30.813498874775902,0.677389705882353,39.91071428571428,1040.3571428571418,30.598739495798288,0
2784,4,0,0,35,0.0,0.0,1.0,35,700,500,200,0.7142857142857143,9,5,4,350.7859275697686,0.32338935574229694,0.01723044742948643,0.22919062621935105,135385.77806122444,2498.2851473922856,137884.06320861672,2779,235,1050.6857142857143,34,1,20,30.694730420193704,0.6783088235294117,39.82142857142857,1040.7142857142853,30.60924369747898,0
2785,4,0,1,34,0.0,0.02857142857142857,0.9714285714285714,35,650,400,250,0.6153846153846154,9,4,5,349.6087502508011,0.323109243697479,0.013816767699874166,0.22861849689175415,135416.75347222216,2468.576388888884,137885.32986111104,2780,236,1051.6857142857143,34,1,20,30.69455564451561,0.6786151960784315,39.791666666666664,1040.833333333333,30.612745098039206,0
2786,4,0,0,34,0.0,0.0,1.0,34,1000,900,100,0.9,11,9,2,352.6984158877518,0.3214869281045752,0.02707128760862787,0.23100794471599476,135474.15845167733,2756.304215926578,138230.46266760392,2781,237,1075.9117647058824,33,1,21,30.557067883068488,0.6815025252525253,39.73651960784314,1041.053921568628,31.54708853238267,0
2787,4,0,0,34,0.0,0.0,1.0,34,850,700,150,0.8235294117647058,10,7,3,353.33275986857444,0.3207999108734403,0.025604640538258394,0.23204186965712092,135569.8604503075,2780.254589580923,138350.11503988842,2782,238,1076.9117647058824,33,1,21,30.44539891739234,0.682449494949495,39.64460784313725,1041.4215686274504,31.55822935234698,0
2788,4,0,0,34,0.0,0.0,1.0,34,800,600,200,0.75,10,6,4,353.95137466322365,0.3205956625074272,0.023390295052013288,0.232655277127822,135601.7686256488,2799.2864823625587,138401.05510801138,2783,239,1077.9117647058824,33,1,21,30.39757128289604,0.6827651515151516,39.6139705882353,1041.544117647059,31.561942959001787,0
2789,4,0,0,34,0.0,0.0,1.0,34,650,400,250,0.6153846153846154,9,4,5,353.95137466322365,0.3205956625074272,0.023390295052013288,0.232655277127822,135601.7686256488,2799.2864823625587,138401.05510801138,2784,240,1078.9117647058824,33,1,21,30.39757128289604,0.6827651515151516,39.6139705882353,1041.544117647059,31.561942959001787,0
2790,4,0,0,34,0.0,0.0,1.0,34,700,300,400,0.42857142857142855,11,3,8,354.44483093986656,0.32085561497326204,0.02606101221242363,0.23340177973542206,135666.56344059276,2817.266183144264,138483.82962373702,2785,241,1079.9117647058824,32,2,21,30.320314709328166,0.6858723958333334,39.551767676767675,1041.7929292929289,32.55602904040403,0
2791,4,0,0,34,0.0,0.0,1.0,34,1200,1000,200,0.8333333333333334,14,10,4,349.78255692868015,0.32063279857397503,0.030573710965867917,0.231150011396925,135793.29652357262,2699.6252943579384,138492.92181793056,2786,242,1080.9117647058824,33,1,23,30.31586811679405,0.6846590909090908,39.43014705882353,1042.2794117647056,31.584224598930472,0
2792,4,0,0,34,0.0,0.0,1.0,34,750,500,250,0.6666666666666666,10,5,5,346.9330781681955,0.32065136660724897,0.026051605409441958,0.22988369385163604,135889.11115916952,2628.88552479815,138517.99668396768,2787,243,1081.9117647058824,33,1,20,30.295016455101088,0.6856060606060606,39.338235294117645,1042.647058823529,31.59536541889482,0
2793,4,0,0,34,0.0,0.0,1.0,34,800,500,300,0.625,11,5,6,348.1672829094285,0.3215983363042187,0.028154172511245967,0.23173949018045065,136048.87730980862,2673.5535911668494,138722.43090097548,2788,244,1082.9117647058824,33,1,20,30.10432573710795,0.6871843434343434,39.18504901960784,1043.259803921568,31.613933452168727,0
2794,4,0,0,34,0.0,0.0,1.0,34,1250,800,450,0.64,17,8,9,346.1724966386738,0.3212826797385621,0.018558409279204602,0.23187025718250792,136272.70761245675,2634.772683583234,138907.48029603998,2789,245,1083.9117647058824,33,1,21,29.93446791862285,0.6893939393939394,38.970588235294116,1044.1176470588236,31.639928698752232,0
2795,4,0,0,34,0.0,0.0,1.0,34,650,400,250,0.6153846153846154,9,4,5,346.1724966386738,0.3212826797385621,0.018558409279204602,0.23187025718250792,136272.70761245675,2634.772683583234,138907.48029603998,2790,246,1084.9117647058824,33,1,21,29.93446791862285,0.6893939393939394,38.970588235294116,1044.1176470588236,31.639928698752232,0
2796,4,0,0,34,0.0,0.0,1.0,34,950,800,150,0.8421052631578947,11,8,3,344.3191443385576,0.32157976827094475,0.008368864787294372,0.2318850730355879,136464.70858564015,2597.4823385236505,139062.1909241638,2791,247,1085.9117647058824,33,1,22,29.79269293924467,0.6912878787878787,38.786764705882355,1044.8529411764707,31.662210338680932,0
2797,4,1,0,35,0.02857142857142857,0.0,1.0,35,1150,800,350,0.6956521739130435,15,8,7,337.33673737659797,0.326890756302521,0.010072176344365635,0.22945164458711642,136814.31405895698,2230.4988662131605,139044.81292517015,2792,0,1055.857142857143,34,1,23,29.629418904566837,0.6924019607843137,38.452380952380956,1046.1904761904768,30.77030812324932,0
2798,4,0,0,35,0.0,0.0,1.0,35,400,300,100,0.75,5,3,2,337.33156733362773,0.32668067226890757,0.009180306552021289,0.22965198646748697,136845.45245181426,2232.4581916100005,139077.91064342426,2793,1,1056.857142857143,34,1,23,29.598788258049822,0.6927083333333333,38.42261904761906,1046.3095238095252,30.773809523809565,0
2799,4,0,0,35,0.0,0.0,1.0,35,900,700,200,0.7777777777777778,11,7,4,333.7320433221483,0.3253501400560224,0.00925411447417579,0.2280113330949225,136970.0414540818,2142.258361678024,139112.29981575982,2794,2,1057.857142857143,34,1,19,29.56992304484628,0.6939338235294117,38.30357142857144,1046.7857142857156,30.787815126050457,0
2800,4,0,0,35,0.0,0.0,1.0,35,1100,900,200,0.8181818181818182,13,9,4,334.18467528648443,0.3251750700280112,-0.00046774507893143635,0.22893211867756394,137063.5204081634,2160.9056122449147,139224.4260204083,2795,3,1058.857142857143,34,1,19,29.465808321964523,0.6948529411764706,38.21428571428572,1047.1428571428582,30.798319327731125,0
2801,4,0,1,34,0.0,0.02857142857142857,0.9714285714285714,35,800,700,100,0.875,9,7,2,332.7514400785767,0.325140056022409,-0.004747832299549115,0.2283578135578253,137125.85742630405,2125.7653061224655,139251.6227324265,2796,4,1059.857142857143,34,1,19,29.44182389937106,0.6954656862745097,38.15476190476191,1047.3809523809539,30.805322128851586,0
2802,4,0,0,34,0.0,0.0,1.0,34,1000,700,300,0.7,13,7,6,341.2847037527954,0.31872029114676176,0.0039626526017173536,0.23343436542515078,137009.44536055857,2551.845594242614,139561.2909548012,2797,253,1091.9117647058824,33,1,19,29.33334796519567,0.6966540404040403,38.265931372549026,1046.936274509805,31.72534165181227,0
2803,4,0,0,34,0.0,0.0,1.0,34,650,400,250,0.6153846153846154,9,4,5,342.73575037406084,0.3181818181818182,0.0013900740455283778,0.2355068484081571,137169.86856016924,2602.603565936187,139772.47212610542,2798,254,1092.9117647058824,33,1,19,29.13693261581656,0.6982323232323232,38.11274509803922,1047.5490196078438,31.743909685086177,0
2804,4,0,0,34,0.0,0.0,1.0,34,750,500,250,0.6666666666666666,10,5,5,342.04630484593537,0.31803327391562686,0.005882352941176672,0.2354666591330716,137234.06412197236,2588.0809063821675,139822.14502835454,2799,255,1093.9117647058824,33,1,19,29.091617933723192,0.6988636363636364,38.0514705882353,1047.7941176470592,31.751336898395735,0
2805,4,0,0,34,0.0,0.0,1.0,34,850,600,250,0.7058823529411765,11,6,5,341.52935271077314,0.31805184194890074,0.006490468950999917,0.23532775947057383,137266.16753472228,2576.0850694444493,139842.25260416672,2800,256,1094.9117647058824,33,1,19,29.073475811795895,0.6991792929292929,38.020833333333336,1047.916666666667,31.755050505050516,0
2806,4,0,0,34,0.0,0.0,1.0,34,950,700,250,0.7368421052631579,12,7,5,342.0476710925606,0.31853461081402257,0.008641618695882647,0.23612055939101462,137330.38562391873,2594.707714580933,139925.09333849966,2801,257,1095.9117647058824,33,1,19,28.996526559881524,0.6998106060606061,37.95955882352941,1048.1617647058827,31.76247771836008,0
2807,4,0,0,34,0.0,0.0,1.0,34,400,300,100,0.75,5,3,2,341.81832574024355,0.31821895424836605,0.00504064146116745,0.236180448980779,137362.50030036527,2590.6039744329123,139953.10427479818,2802,258,1096.9117647058824,33,1,20,28.970851843192268,0.7001262626262627,37.92892156862745,1048.2843137254904,31.76619132501486,0
2808,4,0,0,34,0.0,0.0,1.0,34,650,400,250,0.6153846153846154,9,4,5,340.4420151039062,0.3174762329174094,0.008500092803277681,0.2358835889266499,137458.86685709824,2559.354725346019,140018.22158244427,2803,259,1097.9117647058824,33,1,21,28.911880137119695,0.7010732323232324,37.83700980392157,1048.6519607843138,31.777332144979205,0
2809,4,0,0,34,0.0,0.0,1.0,34,950,600,350,0.631578947368421,13,6,7,342.10775153122626,0.3166963755199049,0.009948248489721978,0.23747771657386588,137523.1300010813,2609.5457576412878,140132.6757587226,2804,260,1098.9117647058824,33,1,21,28.804839934571785,0.7017045454545454,37.775735294117645,1048.8970588235293,31.784759358288767,0
2810,4,0,0,34,0.0,0.0,1.0,34,650,500,150,0.7692307692307693,8,5,3,341.840954191186,0.3168820558526441,0.008125081594371197,0.2377335831706533,137587.4081633266,2606.602178248744,140194.01034157534,2805,261,1099.9117647058824,33,1,21,28.74846688470971,0.7023358585858586,37.71446078431372,1049.142156862745,31.792186571598332,0
2811,4,0,0,34,0.0,0.0,1.0,34,850,800,50,0.9411764705882353,9,8,1,347.48043180507653,0.31745766488413546,-0.009059858941862009,0.22840768578982806,135602.6803429703,2623.8555839002033,138226.5359268705,2806,262,1100.9117647058824,34,0,19,30.56515982778985,0.6804534313725491,39.61309523809523,1041.5476190476174,30.633753501400513,4
2812,4,0,0,34,0.0,0.0,1.0,34,800,600,200,0.75,10,6,4,347.5840464379378,0.31821895424836605,-0.014346382830034088,0.22946838178866558,135757.71683673456,2637.4433106575843,138395.16014739213,2807,263,1101.9117647058824,34,0,21,30.408479932983028,0.6819852941176472,39.46428571428571,1042.1428571428562,30.65126050420165,0
2813,4,0,0,34,0.0,0.0,1.0,34,900,600,300,0.6666666666666666,12,6,6,346.57485841862103,0.31745766488413546,-0.017750505477970302,0.22939954914375374,135850.78124999985,2616.4930555555406,138467.2743055554,2808,264,1102.9117647058824,34,0,21,30.342392752464704,0.682904411764706,39.37499999999999,1042.4999999999989,30.66176470588232,0
2814,4,0,0,34,0.0,0.0,1.0,34,900,700,200,0.7777777777777778,11,7,4,345.855865298161,0.3168263517528223,-0.022682551728306244,0.22932259834569196,135912.84190759624,2601.250708616765,138514.09261621302,2809,265,1103.9117647058824,34,0,14,30.29954903527799,0.6835171568627452,39.31547619047618,1042.7380952380943,30.668767507002773,0
2815,4,0,0,34,0.0,0.0,1.0,34,1200,1000,200,0.8333333333333334,14,10,4,347.39814641062526,0.3167706476530006,-0.02091727101799612,0.2305460426179604,135943.8775510204,2645.3302154194994,138589.2077664399,2810,266,1104.9117647058824,34,0,14,30.228548325722986,0.6838235294117647,39.285714285714285,1042.857142857143,30.672268907563026,0
2816,4,0,0,34,0.0,0.0,1.0,34,850,600,250,0.7058823529411765,11,6,5,347.7247904949526,0.3176247771836007,-0.021847397105806854,0.23156991367004282,136068.0555555555,2662.8472222222176,138730.90277777772,2811,267,1105.9117647058824,34,0,16,30.096845047923324,0.6850490196078431,39.166666666666664,1043.333333333333,30.686274509803912,0
2817,4,0,0,34,0.0,0.0,1.0,34,650,400,250,0.6153846153846154,9,4,5,348.46928186698557,0.3173648247177659,-0.023956194387405816,0.23247197297153688,136130.1658163265,2687.4362244897898,138817.6020408163,2812,268,1106.9117647058824,34,0,17,30.015828199863098,0.6856617647058824,39.107142857142854,1043.5714285714282,30.69327731092436,0
2818,4,0,0,34,0.0,0.0,1.0,34,900,600,300,0.6666666666666666,12,6,6,349.2067000464161,0.3176247771836007,-0.023710510429941323,0.23378189003107397,136254.42885487535,2716.1918934240425,138970.6207482994,2813,269,1107.9117647058824,34,0,18,29.873384644621822,0.6868872549019607,38.98809523809524,1044.0476190476195,30.70728291316528,0
2819,4,1,1,34,0.02857142857142857,0.02857142857142857,0.9714285714285714,35,500,300,200,0.6,7,3,4,341.03127001722953,0.32226890756302523,-0.02529274004683879,0.22976345565041448,136478.93625685896,2308.716992455443,138787.6532493144,2814,0,1077.2285714285715,35,0,18,29.864495643184167,0.6869047619047618,38.77314814814816,1044.9074074074092,29.854497354497408,0
2820,4,0,0,34,0.0,0.0,1.0,34,950,600,350,0.631578947368421,13,6,7,351.7024962733367,0.31710487225193107,-0.020883894930207925,0.23628160048256197,136378.7485827666,2792.9492630385676,139171.69784580517,2815,271,1109.9117647058824,34,0,18,29.685006838386148,0.6881127450980391,38.86904761904763,1044.5238095238108,30.7212885154062,0
2821,4,0,0,34,0.0,0.0,1.0,34,700,500,200,0.7142857142857143,9,5,4,350.8705286483063,0.31649212715389186,-0.0209988268811796,0.23593018305661992,136409.83737244914,2772.438350340153,139182.2757227893,2816,272,1110.9117647058824,34,0,18,29.675925925925924,0.6884191176470588,38.83928571428572,1044.6428571428585,30.724789915966426,0
2822,4,0,0,34,0.0,0.0,1.0,34,650,400,250,0.6153846153846154,9,4,5,352.1363216654075,0.31625074272133097,-0.02087437845951734,0.23740803621958134,136503.12500000012,2813.541666666683,139316.6666666668,2817,273,1111.9117647058824,34,0,18,29.550438596491226,0.6893382352941175,38.75000000000001,1045.000000000001,30.735294117647086,0
2823,4,0,0,34,0.0,0.0,1.0,34,750,500,250,0.6666666666666666,10,5,5,350.70775888460514,0.3162878787878788,-0.021573093930054688,0.2368626248466796,136565.3344671203,2778.9044784580633,139344.23894557837,2818,274,1112.9117647058824,34,0,18,29.526148443432035,0.6899509803921567,38.6904761904762,1045.238095238096,30.742296918767533,0
2824,4,0,0,34,0.0,0.0,1.0,34,1100,800,300,0.7272727272727273,14,8,6,346.1849811907746,0.31556372549019607,-0.02402156081556095,0.23484440615914745,136720.92013888908,2666.1458333333585,139387.06597222245,2819,275,1113.9117647058824,34,0,19,29.490371845949536,0.6914828431372548,38.54166666666668,1045.8333333333348,30.759803921568672,0
2825,4,0,0,34,0.0,0.0,1.0,34,850,600,250,0.7058823529411765,11,6,5,346.2172779244464,0.31541518122400475,-0.02120445310251129,0.23528315708601028,136783.17920918376,2671.339994331076,139454.51920351482,2820,276,1114.9117647058824,34,0,19,29.427942794279424,0.692095588235294,38.48214285714286,1046.0714285714294,30.766806722689097,0
2826,4,0,0,34,0.0,0.0,1.0,34,900,600,300,0.6666666666666666,12,6,6,345.8177816544279,0.3155451574569222,-0.02435369052079417,0.23605822486845765,136938.88888888905,2671.1805555555766,139610.0694444446,2821,277,1115.9117647058824,34,0,22,29.2844347133758,0.6936274509803921,38.33333333333334,1046.666666666668,30.78431372549024,0
2827,4,0,0,34,0.0,0.0,1.0,34,900,500,400,0.5555555555555556,13,5,8,345.8177816544279,0.3155451574569222,-0.02435369052079417,0.23605822486845765,136938.88888888905,2671.1805555555766,139610.0694444446,2822,278,1116.9117647058824,34,0,22,29.2844347133758,0.6936274509803921,38.33333333333334,1046.666666666668,30.78431372549024,0
2828,4,0,0,34,0.0,0.0,1.0,34,900,700,200,0.7777777777777778,11,7,4,348.89384901743273,0.31569370172311345,-0.033229477287618714,0.23943588796063772,137125.85742630402,2768.4736394557995,139894.33106575982,2823,279,1117.9117647058824,34,0,18,29.019142608168515,0.6954656862745097,38.15476190476191,1047.3809523809537,30.80532212885158,0
2829,4,0,0,34,0.0,0.0,1.0,34,1000,600,400,0.6,14,6,8,347.3614863786354,0.3161579025549614,-0.02653906537061146,0.23988375588736344,137344.14859693873,2741.613520408159,140085.7621173469,2824,280,1118.9117647058824,34,0,18,28.84369676320273,0.6976102941176471,37.94642857142857,1048.2142857142853,30.829831932773097,0
2830,4,0,0,34,0.0,0.0,1.0,34,900,800,100,0.8888888888888888,10,8,2,346.70556412612376,0.31530377302436124,-0.02863697994242509,0.23986142209416908,137406.54939058964,2727.9230442176963,140134.47243480734,2825,281,1119.9117647058824,34,0,19,28.799297906967947,0.6982230392156863,37.886904761904766,1048.4523809523814,30.83683473389357,0
2831,4,0,0,34,0.0,0.0,1.0,34,1000,800,200,0.8,12,8,4,354.58624659734136,0.31530377302436124,-0.002697558458270244,0.23884907800344354,136472.02558106594,2878.220663265322,139350.24624433127,2826,282,1120.9117647058824,34,0,21,29.51725152861645,0.689031862745098,38.77976190476191,1044.8809523809539,30.73179271708688,2
2832,4,0,0,34,0.0,0.0,1.0,34,1250,1100,150,0.88,14,11,3,355.85821957397036,0.3139297385620915,-0.0024618661950597254,0.24055358168429844,136596.4445153062,2921.7935090703077,139518.2380243765,2827,283,1121.9117647058824,34,0,22,29.360740993812396,0.6902573529411764,38.66071428571429,1045.3571428571436,30.74579831932775,0
2833,4,1,0,35,0.02857142857142857,0.0,1.0,35,550,500,50,0.9090909090909091,6,5,1,346.3837348968075,0.3201680672268908,0.002596186015390023,0.2362713335478225,136913.23649557875,2485.0170215145063,139398.25351709325,2828,0,1090.8285714285714,33,2,23,29.29498438719751,0.6957070707070707,38.35784313725491,1046.5686274509815,31.714200831847922,0
2834,4,0,0,35,0.0,0.0,1.0,35,800,600,200,0.75,10,6,4,344.549981743681,0.3202731092436975,0.0031847133757962887,0.23519281362503477,136938.88888888905,2436.4583333333535,139375.3472222224,2829,1,1091.8285714285714,34,1,23,29.31760881104034,0.6936274509803921,38.33333333333334,1046.666666666668,30.78431372549024,0
2835,4,0,0,35,0.0,0.0,1.0,35,1000,900,100,0.9,11,9,2,345.4121529717975,0.3193977591036415,0.009969798330790036,0.23704649936395275,137125.85742630385,2472.9875283446722,139598.84495464852,2830,2,1092.8285714285714,34,1,17,29.11030916117299,0.6954656862745098,38.154761904761905,1047.3809523809523,30.80532212885154,0
2836,4,0,0,35,0.0,0.0,1.0,35,800,600,200,0.75,10,6,4,346.6656551885719,0.3189775910364146,0.005291606473290189,0.23854608532561544,137219.389526644,2513.849914965984,139733.23944160997,2831,3,1093.8285714285714,34,1,18,28.98510585918267,0.6963848039215685,38.06547619047619,1047.7380952380954,30.815826330532218,0
2837,4,0,0,35,0.0,0.0,1.0,35,650,500,150,0.7692307692307693,8,5,3,350.6081861754531,0.3190826330532213,-0.007618180931797447,0.23911532697194804,136907.73986678015,2601.4739229025,139509.21378968266,2832,4,1094.8285714285714,34,1,21,29.189891176582094,0.6933210784313726,38.36309523809524,1046.5476190476197,30.780812324929993,1
2838,4,0,0,35,0.0,0.0,1.0,35,1100,900,200,0.8181818181818182,13,9,4,350.2096936205973,0.31971288515406165,-0.0075774560933210555,0.23926914032679994,136970.0414540817,2593.6472505668985,139563.68870464858,2833,5,1095.8285714285714,34,1,19,29.138708821410965,0.6939338235294118,38.30357142857143,1046.7857142857147,30.787815126050432,0
2839,4,0,0,35,0.0,0.0,1.0,35,300,200,100,0.6666666666666666,4,2,2,350.2096936205973,0.31971288515406165,-0.0075774560933210555,0.23926914032679994,136970.0414540817,2593.6472505668985,139563.68870464858,2834,6,1096.8285714285714,34,1,19,29.138708821410965,0.6939338235294118,38.30357142857143,1046.7857142857147,30.787815126050432,0
2840,4,0,0,35,0.0,0.0,1.0,35,1000,600,400,0.6,14,6,8,351.9914313814022,0.31901260504201684,-0.01049297490457235,0.24091553610890507,137032.35721371873,2646.8431122448865,139679.2003259636,2835,7,1097.8285714285714,34,1,19,29.030462383930267,0.694546568627451,38.24404761904761,1047.0238095238087,30.794817927170843,0
2841,4,0,0,35,0.0,0.0,1.0,35,950,700,250,0.7368421052631579,12,7,5,352.37554506306884,0.31876750700280115,-0.013386159192024127,0.24182527655732264,137125.8574263037,2663.9597505668794,139789.8171768706,2836,8,1098.8285714285714,34,1,19,28.927976055164056,0.6954656862745099,38.1547619047619,1047.3809523809514,30.80532212885151,0
2842,4,0,0,35,0.0,0.0,1.0,35,700,500,200,0.7142857142857143,9,5,4,353.74483471074376,0.319327731092437,-0.012207792207792112,0.2431995738636363,137188.20861678006,2705.9240362811797,139894.13265306124,2837,9,1099.8285714285714,34,1,20,28.830492424242422,0.696078431372549,38.095238095238095,1047.6190476190477,30.812324929971993,0
2843,4,0,0,35,0.0,0.0,1.0,35,750,500,250,0.6666666666666666,10,5,5,356.2009218171458,0.31894257703081236,-0.009191671670371937,0.24554711940143562,137281.76197562343,2779.9780328798,140061.74000850323,2838,10,1100.8285714285714,34,1,20,28.673700253701394,0.6969975490196079,38.00595238095237,1047.9761904761892,30.822829131652625,0
2844,4,0,0,35,0.0,0.0,1.0,35,1050,800,250,0.7619047619047619,13,8,5,357.4451864439046,0.3183823529411765,-0.012288926016642776,0.24729141846123076,137406.54939058956,2823.061933106571,140229.61132369612,2839,11,1101.8285714285714,34,1,21,28.517798342227767,0.6982230392156863,37.88690476190476,1048.4523809523807,30.83683473389355,0
2845,4,0,0,35,0.0,0.0,1.0,35,650,500,150,0.7692307692307693,8,5,3,358.2063741904189,0.3182773109243698,-0.010905670169975457,0.24804101759978056,137437.75510204077,2846.215986394552,140283.97108843533,2840,12,1102.8285714285714,34,1,21,28.467018619436878,0.6985294117647058,37.857142857142854,1048.5714285714282,30.84033613445377,0
2846,4,0,0,35,0.0,0.0,1.0,35,1300,1300,0,1.0,13,13,0,356.0139800590006,0.31824229691876754,-0.006303808550999657,0.24718984856578818,137531.3934948979,2792.6197562358198,140324.01325113373,2841,13,1103.8285714285714,34,1,22,28.432026255059956,0.6994485294117647,37.76785714285714,1048.9285714285709,30.85084033613444,0
2847,4,0,0,35,0.0,0.0,1.0,35,450,300,150,0.6666666666666666,6,3,3,356.0139800590006,0.31824229691876754,-0.006303808550999657,0.24718984856578818,137531.3934948979,2792.6197562358198,140324.01325113373,2842,14,1104.8285714285714,34,1,22,28.432026255059956,0.6994485294117647,37.76785714285714,1048.9285714285709,30.85084033613444,0
2848,4,0,0,35,0.0,0.0,1.0,35,850,600,250,0.7058823529411765,11,6,5,354.1216709902196,0.31684173669467786,-0.008945790454582436,0.2467654173738171,137656.2942885488,2749.415391156467,140405.70967970527,2843,15,1105.8285714285714,34,1,22,28.358385328039326,0.7006740196078431,37.648809523809526,1049.4047619047622,30.864845938375357,0
2849,4,0,0,35,0.0,0.0,1.0,35,950,800,150,0.8421052631578947,11,8,3,352.3995399998721,0.31596638655462184,-0.0054622325174544795,0.24645610969539042,137781.25177154195,2710.809948979593,140492.06172052154,2844,16,1106.8285714285714,34,1,22,28.280322787920014,0.7018995098039216,37.529761904761905,1049.8809523809525,30.87885154061625,0
2850,4,0,0,35,0.0,0.0,1.0,35,600,400,200,0.6666666666666666,8,4,4,350.5394631523198,0.31579131652661063,-0.0051953941082156785,0.24560036572411537,137843.75177154198,2663.934948979592,140507.68672052157,2845,17,1107.8285714285714,34,1,22,28.267533915277927,0.7025122549019608,37.470238095238095,1050.1190476190477,30.885854341736696,0
2851,4,0,0,35,0.0,0.0,1.0,35,650,400,250,0.6153846153846154,9,4,5,344.384349024876,0.31579131652661063,-0.03124479770201183,0.22715871944346186,135726.70245181408,2348.4304138322045,138075.1328656463,2846,18,1108.8285714285714,34,1,26,30.522630336265678,0.6816789215686274,39.49404761904762,1042.0238095238096,30.64775910364146,6
2852,4,0,0,35,0.0,0.0,1.0,35,750,400,350,0.5333333333333333,11,4,7,343.7248850673901,0.31519607843137254,-0.03323109051752249,0.22731533939955204,135819.75623582778,2336.926020408181,138156.68225623597,2847,19,1109.8285714285714,34,1,26,30.447455078422422,0.6825980392156862,39.40476190476191,1042.3809523809534,30.65826330532216,0
2853,4,0,0,35,0.0,0.0,1.0,35,950,700,250,0.7368421052631579,12,7,5,342.28982923625443,0.3137254901960784,-0.033137638617090515,0.2271559775840599,135943.87755102053,2306.4413265306266,138250.31887755115,2848,20,1110.8285714285714,34,1,18,30.361729452054792,0.6838235294117647,39.28571428571429,1042.8571428571438,30.67226890756305,0
2854,4,0,0,35,0.0,0.0,1.0,35,1050,500,550,0.47619047619047616,16,5,11,342.3929175100526,0.313515406162465,-0.03717578780913211,0.22781997996511727,136037.00573979612,2315.6214569161257,138352.62719671224,2849,21,1111.8285714285714,34,1,20,30.266698999581603,0.6847426470588234,39.196428571428584,1043.2142857142871,30.68277310924374,0
2855,4,0,0,35,0.0,0.0,1.0,35,1000,800,200,0.8,12,8,4,341.4549577060976,0.31228991596638656,-0.03345392914181422,0.22779255397653406,136130.16581632677,2296.4640022675994,138426.62981859437,2850,22,1112.8285714285714,34,1,20,30.19882690698912,0.6856617647058822,39.10714285714287,1043.5714285714305,30.693277310924426,0
2856,4,0,0,35,0.0,0.0,1.0,35,950,700,250,0.7368421052631579,12,7,5,343.6123982205071,0.31134453781512605,-0.030554786601748596,0.2306435783923882,136347.66333616799,2370.1495181406085,138717.8128543086,2851,23,1113.8285714285714,34,1,22,29.927048900034205,0.6878063725490196,38.89880952380953,1044.4047619047633,30.71778711484598,0
2857,4,0,0,35,0.0,0.0,1.0,35,1000,700,300,0.7,13,7,6,340.91077401240653,0.31176470588235294,-0.031374208564592165,0.22963728806653066,136472.0255810659,2304.956774376433,138776.9823554423,2852,24,1114.8285714285714,34,1,22,29.874482549086636,0.689031862745098,38.77976190476191,1044.8809523809534,30.731792717086865,0
2858,4,0,0,35,0.0,0.0,1.0,35,800,400,400,0.5,12,4,8,340.91077401240653,0.31176470588235294,-0.031374208564592165,0.22963728806653066,136472.0255810659,2304.956774376433,138776.9823554423,2853,25,1115.8285714285714,34,1,22,29.874482549086636,0.689031862745098,38.77976190476191,1044.8809523809534,30.731792717086865,0
2859,4,0,1,34,0.0,0.02857142857142857,0.9714285714285714,35,950,700,250,0.7368421052631579,12,7,5,339.97099134786737,0.31092436974789917,-0.02331006881741393,0.22981410893191895,136596.4445153062,2287.765731292531,138884.21024659876,2854,26,1116.8285714285714,34,1,23,29.77593668147137,0.6902573529411764,38.66071428571429,1045.3571428571436,30.74579831932775,0
2860,4,0,0,34,0.0,0.0,1.0,34,950,800,150,0.8421052631578947,11,8,3,341.14348786229715,0.3108845811051693,-0.022759390876941454,0.23121345368776677,136688.88055375346,2526.1042928200814,139214.98484657356,2855,27,1126.764705882353,33,1,23,29.65386831516857,0.6934974747474747,38.57230392156863,1045.7107843137262,31.68820558526443,0
2861,4,0,0,34,0.0,0.0,1.0,34,1400,1200,200,0.8571428571428571,16,12,4,340.74092377470504,0.31073603683897805,-0.022471484200006886,0.2313622740188629,136752.96347858993,2519.4662209246385,139272.42969951456,2856,28,1127.764705882353,33,1,24,29.601030072251515,0.6941287878787878,38.5110294117647,1045.9558823529408,31.695632798573964,0
2862,4,0,0,34,0.0,0.0,1.0,34,950,600,350,0.631578947368421,13,6,7,344.164669361429,0.31040181224004754,-0.01917619506819146,0.23475768980404196,136913.23649557866,2624.139753940796,139537.37624951947,2857,29,1128.764705882353,33,1,25,29.353044496487122,0.6957070707070707,38.3578431372549,1046.5686274509808,31.714200831847904,0
2863,4,0,0,34,0.0,0.0,1.0,34,1250,900,350,0.72,16,9,7,344.0013974806771,0.3092134581105169,-0.01626184181537771,0.23550864904446353,137041.52249134946,2628.4950499807746,139670.01754133025,2858,30,1129.764705882353,33,1,21,29.230551654182275,0.696969696969697,38.23529411764706,1047.0588235294117,31.72905525846702,0
2864,4,0,0,34,0.0,0.0,1.0,34,400,300,100,0.75,5,3,2,343.5410630917828,0.30900920974450385,-0.016768869710045875,0.23584300933698524,137137.77641111586,2622.4914996635857,139760.26791077945,2859,31,1130.764705882353,33,1,22,29.147532272532274,0.6979166666666667,38.143382352941174,1047.426470588235,31.74019607843136,0
2865,4,0,0,34,0.0,0.0,1.0,34,650,500,150,0.7692307692307693,8,5,3,362.14926030270755,0.30900920974450385,0.01582906697314823,0.22704903513410274,133884.09994052764,2897.2055519511678,136781.3054924788,2860,32,1131.764705882353,33,1,19,31.898435958160643,0.665719696969697,41.268382352941174,1034.926470588235,31.36140819964348,6
2866,4,0,0,34,0.0,0.0,1.0,34,1100,800,300,0.7272727272727273,14,8,6,361.16092935884944,0.30919489007724305,0.014498757249378658,0.22721136948271903,134010.95920138882,2879.90451388888,136890.8637152777,2861,33,1132.764705882353,33,1,20,31.797032193158948,0.6669823232323233,41.14583333333333,1035.416666666666,31.37626262626261,0
2867,4,0,0,34,0.0,0.0,1.0,34,600,300,300,0.5,9,3,6,362.58954518399196,0.30858214497920383,0.01842673163940134,0.22830712792881772,134042.6834030181,2920.4951220684393,136963.17852508655,2862,34,1133.764705882353,33,1,20,31.728303747534518,0.6672979797979798,41.115196078431374,1035.539215686275,31.37997623291742,0
2868,4,0,0,34,0.0,0.0,1.0,34,650,500,150,0.7692307692307693,8,5,3,358.8179428727946,0.3097890671420083,0.017332554029418912,0.2267150141290436,134169.61775519018,2828.493247789297,136998.11100297948,2863,35,1134.764705882353,33,1,21,31.698998501695453,0.6685606060606062,40.99264705882352,1036.029411764705,31.394830659536513,0
2869,4,1,1,34,0.02857142857142857,0.02857142857142857,0.9714285714285714,35,1000,800,200,0.8,12,8,4,348.28888050359467,0.31918767507002804,0.015992915361529914,0.2216175630435948,134427.29768990932,2363.906604308394,136791.20429421772,2864,0,1103.3142857142857,34,1,21,31.71445107718211,0.6688112745098038,40.74404761904762,1037.0238095238096,30.50070028011205,0
2870,4,0,0,34,0.0,0.0,1.0,34,900,500,400,0.5555555555555556,13,5,8,355.94900770696745,0.31079174093879974,0.014156584619663404,0.22607572111118196,134360.13192041518,2765.071126489804,137125.203046905,2865,37,1136.764705882353,33,1,21,31.58293932230102,0.6704545454545455,40.80882352941176,1036.7647058823527,31.417112299465234,0
2871,4,0,0,34,0.0,0.0,1.0,34,900,600,300,0.6666666666666666,12,6,6,357.2907508825909,0.31043894830659535,0.01741490640921417,0.2275208145010811,134455.43968966266,2807.9370013936996,137263.37669105636,2866,38,1137.764705882353,33,1,21,31.45296683603135,0.6714015151515151,40.716911764705884,1037.1323529411766,31.428253119429595,0
2872,4,0,0,34,0.0,0.0,1.0,34,600,400,200,0.6666666666666666,8,4,4,368.58535186363565,0.3099004753416518,0.004650563292947663,0.23068688849404548,133820.69283749035,3064.8694312283715,136885.56226871873,2867,39,1138.764705882353,33,1,18,31.795446918551868,0.6650883838383839,41.3296568627451,1034.6813725490192,31.353980986333916,1
2873,4,0,0,34,0.0,0.0,1.0,34,500,300,200,0.6,7,3,4,369.2812581391592,0.31008615567439096,-0.0002751366976629921,0.2315204324413657,133884.09994052752,3088.1777741733736,136972.2777147009,2868,40,1139.764705882353,33,1,18,31.713908624432595,0.665719696969697,41.26838235294117,1034.926470588234,31.361408199643453,0
2874,4,0,0,34,0.0,0.0,1.0,34,850,500,350,0.5882352941176471,12,5,7,369.44036422463284,0.30969622697563876,-0.0012672682709446992,0.23221965751262622,133979.23875432517,3099.467752787381,137078.70650711254,2869,41,1140.764705882353,33,1,18,31.614484690656575,0.6666666666666667,41.17647058823529,1035.294117647058,31.37254901960782,0
2875,4,0,0,34,0.0,0.0,1.0,34,750,700,50,0.9333333333333333,8,7,1,370.36070165610465,0.3101418597742127,-0.003111729899060167,0.23320029277154106,134042.68340301796,3128.8284554017578,137171.51185841972,2870,42,1141.764705882353,33,1,18,31.527120315581854,0.6672979797979799,41.11519607843137,1035.5392156862738,31.379976232917386,0
2876,4,0,0,34,0.0,0.0,1.0,34,1250,900,350,0.72,16,9,7,374.02205979349463,0.31073603683897805,0.00029919703864522695,0.23632156154665207,134169.6177551904,3236.479358900436,137406.09711409084,2871,43,1142.764705882353,33,1,19,31.305200693951587,0.668560606060606,40.992647058823536,1036.0294117647068,31.39483065953657,0
2877,4,0,0,34,0.0,0.0,1.0,34,1000,600,400,0.6,14,6,8,373.91292712422916,0.31173871063576947,0.00025387948723287757,0.23686753742993297,134264.85794225777,3240.673208621679,137505.53115087945,2872,44,1143.764705882353,33,1,19,31.212678845926447,0.6695075757575758,40.900735294117645,1036.3970588235293,31.405971479500888,0
2878,4,0,0,34,0.0,0.0,1.0,34,1200,800,400,0.6666666666666666,16,8,8,369.5398316721755,0.31159016636957815,0.0012966065754991263,0.23491183439355956,134391.8974222655,3132.631830305657,137524.52925257114,2873,45,1144.764705882353,33,1,19,31.19890773352244,0.670770202020202,40.77818627450981,1036.8872549019611,31.420825906120033,0
2879,4,0,1,33,0.0,0.029411764705882353,0.9705882352941176,34,650,500,150,0.7692307692307693,8,5,3,371.16786818611166,0.3114601901366607,0.004747869367553115,0.23615206771359973,134423.6666786813,3178.749158977321,137602.41583765863,2874,46,1145.764705882353,33,1,19,31.124931064366184,0.6710858585858586,40.747549019607845,1037.0098039215688,31.424539512774814,0
2880,4,0,0,33,0.0,0.0,1.0,33,800,600,200,0.75,10,6,4,374.368699063793,0.3125,0.0018595796021825262,0.23816344890867036,134419.81565975418,3464.5143033874174,137884.3299631416,2875,47,1149.4848484848485,32,1,20,31.04580137180892,0.6735026041666666,40.75126262626263,1036.99494949495,32.40609217171719,0
2881,4,0,0,33,0.0,0.0,1.0,33,900,600,300,0.6666666666666666,12,6,6,373.70364994113,0.31214488636363635,0.0021905805038333614,0.23859540727010603,134550.78125,3456.423611111111,138007.20486111112,2876,48,1150.4848484848485,32,1,20,30.932061579651933,0.6748046875,40.625,1037.5,32.421875,0
2882,4,0,0,33,0.0,0.0,1.0,33,550,300,250,0.5454545454545454,8,3,5,373.2705176019661,0.3121843434343434,-0.001438084913383264,0.23853321257021437,134583.53261146814,3447.212975716755,138030.74558718488,2877,49,1151.4848484848485,32,1,21,30.910552040236876,0.6751302083333334,40.59343434343434,1037.6262626262621,32.42582070707069,0
2883,4,0,0,33,0.0,0.0,1.0,33,500,300,200,0.6,7,3,4,375.2757206031222,0.3120659722222222,-0.007962840079628553,0.2402466061805035,134649.04729109278,3506.1036501377425,138155.15094123053,2878,50,1152.4848484848485,32,1,21,30.793035279805355,0.67578125,40.53030303030303,1037.878787878788,32.433712121212125,0
2884,4,0,0,33,0.0,0.0,1.0,33,550,400,150,0.7272727272727273,7,4,3,408.74236017064777,0.3120659722222222,-0.007522085191988159,0.2385478000934667,131190.39231414025,4131.788130094802,135322.18044423504,2879,51,1153.4848484848485,30,3,18,33.415879471704706,0.6465277777777778,43.88440860215053,1024.462365591397,34.14874551971323,7
2885,4,0,0,33,0.0,0.0,1.0,33,850,800,50,0.9411764705882353,9,8,1,408.63666843204635,0.31214488636363635,-0.0062243632547931416,0.23891456749431886,131259.2496242338,4127.468493467432,135386.71811770124,2880,52,1154.4848484848485,30,3,18,33.34863588667366,0.6472222222222224,43.81720430107526,1024.7311827956974,34.15770609318991,0
2886,4,0,0,33,0.0,0.0,1.0,33,1050,800,250,0.7619047619047619,13,8,5,406.83455615043994,0.3116319444444445,-0.008869179600886845,0.23828881145954312,131328.12499999985,4085.7638888888764,135413.88888888873,2881,53,1155.4848484848485,30,3,18,33.324864498645,0.6479166666666667,43.74999999999999,1024.9999999999989,34.16666666666663,0
2887,4,0,0,33,0.0,0.0,1.0,33,950,700,250,0.7368421052631579,12,7,5,401.7966649651622,0.3115924873737374,-0.007171768471921247,0.2361604875571355,131461.6224500867,3964.1682942708144,135425.7907443575,2882,54,1156.4848484848485,31,2,18,33.31852039952598,0.6465053763440862,43.61979166666666,1025.5208333333323,33.081317204301044,0
2888,4,0,0,33,0.0,0.0,1.0,33,600,200,400,0.3333333333333333,10,2,8,401.1297541130129,0.3119081439393939,-0.0007307495567427935,0.23638753423009917,131561.79004245324,3954.6696980794095,135516.45974053265,2883,55,1157.4848484848485,31,2,17,33.23404514109235,0.6475134408602152,43.52213541666666,1025.9114583333323,33.09391801075266,0
2889,4,1,1,33,0.029411764705882353,0.029411764705882353,0.9705882352941176,34,700,500,200,0.7142857142857143,9,5,4,390.4745941836724,0.32274955436720143,-0.006741703075721306,0.23143873177125523,131781.48275686146,3491.4642000816143,135272.94695694308,2884,0,1124.4117647058824,32,2,17,33.28491351041153,0.6471354166666667,43.3080808080808,1026.7676767676762,32.08648989898988,0
2890,4,2,2,33,0.05714285714285714,0.05714285714285714,0.9428571428571428,35,450,300,150,0.6666666666666666,6,3,3,381.95357299018184,0.32727591036414566,-0.01585446865046225,0.22800317556360525,132051.39136690204,3087.500150182612,135138.89151708464,2885,0,1093.2285714285715,33,2,17,33.230868208735735,0.6474116161616161,43.045343137254896,1027.8186274509796,31.14601901366605,0
2891,4,0,0,33,0.0,0.0,1.0,33,750,300,450,0.4,12,3,9,403.4322125410027,0.31167140151515155,-0.005258060052580449,0.2387882555310256,131728.82080078102,4028.7299262152505,135757.55072699627,2886,58,1160.4848484848485,31,2,17,33.00566548283444,0.649193548387097,43.359374999999986,1026.5624999999982,33.11491935483865,0
2892,4,0,0,33,0.0,0.0,1.0,33,700,600,100,0.8571428571428571,8,6,2,402.14722655934304,0.3108822601010101,-0.005818489268077043,0.23823673038470458,131762.23966810427,3997.5638495551034,135759.80351765937,2887,59,1161.4848484848485,31,2,17,33.00478228704289,0.6495295698924732,43.32682291666666,1026.6927083333323,33.119119623655884,0
2893,4,0,0,33,0.0,0.0,1.0,33,700,600,100,0.8571428571428571,8,6,2,396.0560226648418,0.3108822601010101,-0.004198891616110423,0.22799354031996646,130661.65500217033,3751.397196451845,134413.05219862217,2888,60,1162.4848484848485,31,2,17,34.277890983188996,0.6384408602150536,44.40104166666668,1022.3958333333348,32.98051075268822,2
2894,4,0,0,33,0.0,0.0,1.0,33,600,500,100,0.8333333333333334,7,5,2,398.82860947150533,0.31040877525252525,0.003456150095661359,0.23038217323589327,130794.81336805568,3832.9427083333526,134627.75607638902,2889,61,1163.4848484848485,31,2,18,34.07162253903599,0.639784946236559,44.27083333333334,1022.9166666666677,32.99731182795702,0
2895,4,3,2,34,0.08333333333333333,0.05555555555555555,0.9444444444444444,36,750,500,250,0.6666666666666666,10,5,5,370.4816341140317,0.3368882275132275,0.014638742899612645,0.2184276225917378,131579.4706362939,2550.6405288831406,134130.11116517705,2890,0,1067.4444444444443,33,3,13,34.002229654403564,0.6426767676767676,43.50490196078432,1025.9803921568641,31.090314913844367,0
2896,4,1,1,34,0.02857142857142857,0.02857142857142857,0.9714285714285714,35,550,300,250,0.5454545454545454,8,3,5,377.68708311279335,0.33112745098039215,0.017208991451789224,0.22196631613908163,131457.5760764208,2929.965692276305,134387.54176869712,2891,0,1098.9142857142858,32,3,20,33.94073709267012,0.6438802083333333,43.62373737373738,1025.5050505050508,32.04703282828284,0
2897,4,0,0,34,0.0,0.0,1.0,34,700,400,300,0.5714285714285714,10,4,6,386.6745984533015,0.3215426322043969,0.021042563366810096,0.22648083623693388,131328.12500000012,3356.250000000013,134684.37500000012,2892,2,1132.235294117647,32,2,20,33.84146341463414,0.642578125,43.75000000000001,1025.000000000001,32.03125000000003,0
2898,4,0,0,34,0.0,0.0,1.0,34,1300,1000,300,0.7692307692307693,16,10,6,383.6381124287811,0.32157976827094475,0.019433573327756637,0.22548759503649857,131461.62245008687,3286.737738715286,134748.36018880215,2893,3,1133.235294117647,31,3,20,33.784069747756895,0.646505376344086,43.61979166666667,1025.520833333334,33.081317204301094,0
2899,4,0,0,34,0.0,0.0,1.0,34,700,500,200,0.7142857142857143,9,5,4,386.4016012731224,0.3217840166369578,0.016940608920983813,0.22731033705962567,131495.0074089899,3361.976284450972,134856.98369344088,2894,4,1134.235294117647,31,3,20,33.67940946214718,0.6468413978494623,43.58723958333334,1025.6510416666677,33.08551747311831,0
2900,4,0,0,34,0.0,0.0,1.0,34,900,700,200,0.7777777777777778,11,7,4,372.2227975935151,0.32228535353535354,0.0008966353139641114,0.20690401856855864,129294.84941188476,2825.2981125047927,132120.14752438955,2895,5,1135.235294117647,33,1,20,36.277337631039885,0.6196338383838385,45.741421568627445,1017.0343137254895,30.819221628045135,5
2901,4,0,0,34,0.0,0.0,1.0,34,1000,500,500,0.5,15,5,10,367.94804925548794,0.3231023469994058,-0.006222332400750874,0.2055015836628666,129481.87183114664,2728.5204308439,132210.39226199055,2896,6,1136.235294117647,33,1,17,36.19543949428055,0.6215277777777778,45.557598039215684,1017.769607843137,30.84150326797385,0
2902,4,0,0,34,0.0,0.0,1.0,34,550,400,150,0.7272727272727273,7,4,3,366.3481712378672,0.32289809863339275,-0.0060466170098272265,0.20509572821052546,129575.43372741234,2693.9446366781776,132269.37836409052,2897,7,1137.235294117647,33,1,17,36.140868239447926,0.6224747474747476,45.46568627450979,1018.1372549019592,30.852644087938156,0
2903,4,0,0,34,0.0,0.0,1.0,34,800,700,100,0.875,9,7,2,366.4597334630833,0.32274955436720143,-0.005528420754583152,0.20548450641553423,129637.82709775065,2701.4087129949758,132339.23581074562,2898,8,1138.235294117647,33,1,17,36.07450862414761,0.6231060606060608,45.40441176470587,1018.3823529411746,30.860071301247718,0
2904,4,1,0,35,0.02857142857142857,0.0,1.0,35,900,700,200,0.7777777777777778,11,7,4,357.9805127500295,0.3292016806722689,-0.005064980564221111,0.20206902641255756,129898.25857426283,2300.2090419500887,132198.4676162129,2899,0,1106.6857142857143,34,1,18,36.025633539647316,0.623468137254902,45.14880952380951,1019.4047619047602,29.98249299719883,0
2905,4,1,0,36,0.027777777777777776,0.0,1.0,36,700,400,300,0.5714285714285714,10,4,6,348.53093280479544,0.3366898148148148,-0.0059058094266164485,0.19843087775374352,130233.050478502,1878.0493130572474,132111.09979155925,2900,0,1076.9166666666667,35,1,19,35.92681048493782,0.6247023809523811,44.82060185185184,1020.7175925925908,29.163359788359738,0
2906,4,1,1,36,0.02702702702702703,0.02702702702702703,0.972972972972973,37,1000,900,100,0.9,11,9,2,343.39718750237165,0.3433433433433433,-0.003907378452832955,0.19711128884149395,130550.1420973336,1566.110324851853,132116.25242218547,2901,0,1048.7837837837837,36,1,15,35.73668503213956,0.6258680555555557,44.51013513513512,1021.9594594594578,28.387762762762716,0
2907,4,2,1,37,0.05263157894736842,0.02631578947368421,0.9736842105263158,38,800,700,100,0.875,9,7,2,334.80354145773254,0.35010668563300146,0.00037795453263367307,0.1935388501735217,130822.8553497228,1159.991054939959,131982.84640466276,2902,0,1022.1315789473684,37,1,18,35.680600214362265,0.6266891891891893,44.24342105263157,1023.026315789472,27.649359886201946,0
2908,4,0,0,37,0.0,0.0,1.0,37,800,400,400,0.5,12,4,8,341.6503969505157,0.34278028028028024,0.006482200733934906,0.19698585744175418,130722.82745160679,1532.301177867028,132255.12862947382,2903,1,1050.7567567567567,36,1,18,35.60662371985463,0.6276041666666667,44.3412162162162,1022.6351351351333,28.40653153153148,0
2909,4,0,1,36,0.0,0.02702702702702703,0.972972972972973,37,700,400,300,0.5714285714285714,10,4,6,341.4378965055758,0.34274899899899897,0.00032731178828249163,0.1971570511099899,130780.41459956563,1530.6779330005452,132311.09253256617,2904,2,1051.7567567567567,36,1,19,35.553827663400476,0.6281828703703705,44.2849099099099,1022.8603603603592,28.412787787787757,0
2910,4,0,0,36,0.0,0.0,1.0,36,650,500,150,0.7692307692307693,8,5,3,348.5312948523975,0.33662367724867726,0.001934035246613286,0.20055875748737603,130646.86381440732,1906.9041227280234,132553.76793713533,2905,3,1081.8333333333333,35,1,19,35.50758990905318,0.6288690476190477,44.415509259259245,1022.3379629629609,29.209656084656025,0
2911,4,1,1,36,0.02702702702702703,0.02702702702702703,0.972972972972973,37,700,300,400,0.42857142857142855,11,3,8,342.8924090709947,0.34484484484484484,-0.0018499846826030009,0.19858912181186264,130895.62694028465,1576.6233716824654,132472.25031196713,2906,0,1053.5675675675675,36,1,19,35.400159568614505,0.6293402777777779,44.172297297297284,1023.310810810809,28.42530030030025,0
2912,4,0,0,36,0.0,0.0,1.0,36,900,700,200,0.7777777777777778,11,7,4,352.88415214000725,0.3360945767195767,0.004460412658896518,0.2036862999648101,130765.21675936627,2028.9945291066397,132794.21128847293,2907,5,1083.8333333333333,35,1,19,35.27651257968391,0.6300595238095239,44.29976851851851,1022.8009259259247,29.222883597883563,0
2913,4,1,0,37,0.02702702702702703,0.0,1.0,37,850,500,350,0.5882352941176471,12,5,7,342.04235361816717,0.34259259259259256,0.008314636791821872,0.19928732902993135,131126.20380092924,1570.1430738170516,132696.3468747463,2908,0,1055.5135135135135,36,1,20,35.18897746014294,0.6316550925925927,43.94707207207207,1024.2117117117111,28.45032532532531,0
2914,4,0,0,37,0.0,0.0,1.0,37,800,400,400,0.5,12,4,8,342.04235361816717,0.34265515515515516,0.008314636791821872,0.19928732902993135,131126.20380092924,1570.1430738170516,132696.3468747463,2909,1,1056.5135135135135,36,1,20,35.18897746014294,0.6316550925925927,43.94707207207207,1024.2117117117111,28.45032532532531,0
2915,4,0,0,37,0.0,0.0,1.0,37,1100,700,400,0.6363636363636364,15,7,8,341.29670329670336,0.34278028028028024,0.006141966141966382,0.1996015424164524,131270.41737683627,1560.4321382192952,132830.84951505557,2910,2,1057.5135135135135,36,1,21,35.06249999999999,0.6331018518518519,43.806306306306304,1024.7747747747744,28.465965965965957,0
2916,4,1,0,38,0.02631578947368421,0.0,1.0,38,700,500,200,0.7142857142857143,9,5,4,334.17421658206047,0.3508920104314841,0.019319429198683125,0.19691637212565122,131559.08230865988,1192.7433345507563,132751.82564321064,2911,0,1030.657894736842,36,2,17,34.95403402854009,0.6359953703703705,43.52477477477477,1025.9009009008998,28.497247247247216,0
2917,4,1,1,38,0.02564102564102564,0.02564102564102564,0.9743589743589743,39,550,400,150,0.7272727272727273,7,4,3,326.58551138700466,0.3578778677462888,0.02038575188206737,0.19341050873602295,131749.9269606993,805.523454332089,132555.45041503137,2912,0,1005.2051282051282,37,2,17,34.95663337961482,0.6359797297297298,43.33881578947368,1026.644736842104,27.747155049786596,0
2918,4,0,0,38,0.0,0.0,1.0,38,950,700,250,0.7368421052631579,12,7,5,337.6962076279535,0.3507882882882883,0.016314923347864774,0.199746978100506,131703.53366457685,1295.1567699456286,132998.6904345225,2913,2,1032.657894736842,36,2,17,34.71818431157433,0.6374421296296295,43.38400900900901,1026.4639639639647,28.51288788788791,0
2919,4,0,1,37,0.0,0.02631578947368421,0.9736842105263158,38,1250,1000,250,0.8,15,10,5,348.23437571427706,0.3507882882882883,-0.008510081173082717,0.18962161589247384,128477.80687326868,1348.0777739304347,129825.88464719911,2914,3,1033.657894736842,37,1,16,37.71991491816281,0.6030405405405406,46.546052631578945,1013.8157894736842,27.400426742532005,7
2920,4,2,2,37,0.05128205128205128,0.05128205128205128,0.9487179487179487,39,800,700,100,0.875,9,7,2,337.98603878116376,0.3600708502024292,-0.001052631578946972,0.1853849519873585,128767.28121119119,904.3086602381193,129671.58987142931,2915,0,1007.9487179487179,38,1,16,37.68464912280701,0.6041666666666667,46.26068376068375,1014.9572649572627,26.70940170940165,0
2921,4,2,1,38,0.05128205128205128,0.02564102564102564,0.9743589743589743,39,1100,800,300,0.7272727272727273,14,8,6,345.0013437248051,0.3578216374269006,0.03551912568306004,0.19131892697466452,129201.38888888882,1116.3915826575972,130317.78047154642,2916,0,1008.8974358974359,36,3,18,37.06454918032785,0.6122685185185186,45.83333333333333,1016.6666666666661,28.240740740740723,0
2922,4,2,1,39,0.05,0.025,0.975,40,600,400,200,0.6666666666666666,8,4,4,339.75516429149167,0.3654113247863248,0.03920723825937111,0.19001728586037375,129536.03512619252,802.1073791935837,130338.1425053861,2917,0,984.275,37,3,17,36.85776604911676,0.6137387387387387,45.504385964912274,1017.9824561403497,27.513039355144585,0
2923,4,2,2,39,0.04878048780487805,0.04878048780487805,0.9512195121951219,41,1000,700,300,0.7,13,7,6,317.2376141746807,0.3701473577235772,0.05004452268610016,0.17787699637135584,129636.22708013696,25.097477901929352,129661.32455803889,2918,0,961.219512195122,38,3,18,37.329303049377536,0.6129385964912282,45.40598290598289,1018.3760683760653,26.79937022042277,2
2924,4,1,0,40,0.025,0.0,1.0,40,600,300,300,0.5,9,3,6,326.36468257445495,0.3674011752136752,0.06800021537798817,0.1827878433284913,129591.85157933188,458.84070098489366,130050.69228031677,2919,0,986.225,37,3,19,37.141934094335554,0.6143018018018018,45.44956140350876,1018.2017543859631,27.51896633475576,0
2925,4,1,0,41,0.024390243902439025,0.0,1.0,41,700,500,200,0.7142857142857143,9,5,4,319.6928473293325,0.3728150406504065,0.0726074581407985,0.1804218110706372,129890.67382812499,105.02387152777817,129995.69769965277,2920,0,963.1463414634146,39,2,20,37.00907759384156,0.6137820512820513,45.15625,1019.3749999999999,26.13782051282051,0
2926,4,0,0,41,0.0,0.0,1.0,41,1100,800,300,0.7272727272727273,14,8,6,320.1503393135929,0.37301829268292686,0.08211124701380879,0.18129508225676036,130023.43885633668,125.4096137152722,130148.84847005195,2921,1,964.1463414634146,39,2,22,36.863041739012026,0.6151175213675215,45.026041666666664,1019.8958333333323,26.151175213675188,0
2927,4,0,0,41,0.0,0.0,1.0,41,950,700,250,0.7368421052631579,12,7,5,320.29499064669545,0.37319613821138214,0.08150001867553147,0.18187185121068872,130129.69970703122,135.97819010416674,130265.67789713539,2922,2,965.1463414634146,39,2,22,36.751850433894845,0.6161858974358976,44.921875,1020.3124999999998,26.161858974358967,0
2928,4,0,0,41,0.0,0.0,1.0,41,850,500,350,0.5882352941176471,12,5,7,322.36568096626445,0.3726371951219512,0.08402190144350463,0.18367346938775517,130262.58680555545,198.50531684027203,130461.09212239571,2923,3,966.1463414634146,38,3,22,36.56462585034014,0.6192434210526316,44.791666666666664,1020.8333333333325,26.864035087719277,0
2929,4,0,0,41,0.0,0.0,1.0,41,800,200,600,0.25,14,2,12,323.61325081843813,0.3730691056910569,0.07995713848351871,0.18503245680767158,130398.95171305428,239.76573343560725,130638.71744648989,2924,4,967.1463414634146,38,3,22,36.394918061366795,0.6206140350877192,44.65811965811966,1021.3675213675214,26.878092667566353,0
2930,4,0,0,41,0.0,0.0,1.0,41,1050,800,250,0.7619047619047619,13,8,5,325.7156306034707,0.37294207317073175,0.0812039048872295,0.1867592500654432,130508.09500328731,301.70529257067545,130809.80029585799,2925,5,968.1463414634146,38,3,18,36.23091802593057,0.6217105263157894,44.55128205128205,1021.7948717948717,26.889338731443992,0
2931,4,0,0,41,0.0,0.0,1.0,41,950,700,250,0.7368421052631579,12,7,5,324.45629531036326,0.3733231707317073,0.08437540631285967,0.18643083346752218,130589.9824334319,274.14838099934263,130864.13081443124,2926,6,969.1463414634146,38,3,18,36.180359569353,0.6225328947368421,44.47115384615385,1022.1153846153842,26.897773279352215,0
2932,4,0,0,41,0.0,0.0,1.0,41,550,400,150,0.7272727272727273,7,4,3,325.3485349716444,0.37345020325203254,0.08225079533404012,0.1870754076086956,130617.28395061727,299.22839506172386,130916.512345679,2927,7,970.1463414634146,38,3,18,36.129981884057976,0.6228070175438596,44.44444444444444,1022.2222222222222,26.900584795321635,0
2933,4,0,0,41,0.0,0.0,1.0,41,1350,1100,250,0.8148148148148148,16,11,5,327.85572861602174,0.3733993902439024,0.0816336928775594,0.18931789781482464,130781.15297866901,375.47003981298747,131156.623018482,2928,8,971.1463414634146,38,3,19,35.90039864911915,0.6244517543859649,44.284188034188034,1022.8632478632479,26.917453891138102,0
2934,4,0,0,41,0.0,0.0,1.0,41,1050,700,350,0.6666666666666666,14,7,7,325.51563141490027,0.37322154471544716,0.08286726015157031,0.18890159082896177,130972.46334876529,326.71682098763785,131299.18016975292,2929,9,972.1463414634146,38,3,19,35.76718679330618,0.6263706140350878,44.097222222222214,1023.6111111111101,26.93713450292395,0
2935,4,2,3,40,0.046511627906976744,0.06976744186046512,0.9302325581395349,43,1000,800,200,0.8,12,8,4,314.7800558220733,0.3811138796603913,0.07804693682308383,0.18501550146676468,131461.6224500867,-323.21837625386263,131138.40407383282,2930,0,927.8837209302326,39,4,19,35.54945403758256,0.6295405982905983,43.619791666666664,1025.5208333333326,26.295405982905965,0
2936,4,2,0,42,0.047619047619047616,0.0,1.0,42,1300,800,500,0.6153846153846154,18,8,10,322.58193970472644,0.3777342237708092,0.08352426577796335,0.19002648988004803,131547.23340821092,86.95234312220822,131634.18575133313,2931,0,950.6904761904761,38,4,22,35.26326980490175,0.6321271929824561,43.53632478632478,1025.8547008547002,26.996176338281586,0
2937,4,1,2,41,0.023255813953488372,0.046511627906976744,0.9534883720930233,43,1050,800,250,0.7619047619047619,13,8,5,314.5164480273978,0.38122923588039864,0.08447394867584812,0.18655253577942768,131809.033203125,-308.7782118055567,131500.25499131944,2932,0,929.5581395348837,39,4,17,35.20702306079666,0.6330128205128205,43.28125,1026.875,26.330128205128204,0
2938,4,0,0,41,0.0,0.0,1.0,41,1150,900,250,0.782608695652174,14,9,5,334.1502905237779,0.37428861788617884,0.08190921478666313,0.1846819311081845,129069.04432508691,425.6917317708425,129494.73605685776,2933,2,975.8780487804878,39,2,16,37.47490603109517,0.6055021367521367,45.96354166666667,1016.1458333333343,26.05502136752139,5
2939,4,1,1,41,0.023809523809523808,0.023809523809523808,0.9761904761904762,42,800,500,300,0.625,11,5,6,328.7947702061968,0.3789198606271777,0.0923548250296129,0.18343781325781464,129439.78000217001,111.89236111110077,129551.6723632811,2934,0,953.6190476190476,39,3,14,37.23438512983249,0.6092414529914532,45.59895833333333,1017.6041666666656,26.092414529914503,0
2940,4,3,3,41,0.06818181818181818,0.06818181818181818,0.9318181818181819,44,1100,700,400,0.6363636363636364,15,7,8,316.0886360405822,0.38958994009866105,0.08934733749800916,0.17823790596492534,129857.80915375396,-590.6844450743423,129267.12470867962,2935,0,911.1363636363636,41,3,14,37.13418986438256,0.6102642276422765,45.188492063492056,1019.2460317460307,24.859659310878797,0
2941,4,0,0,41,0.0,0.0,1.0,41,1000,700,300,0.7,13,7,6,331.9814848247404,0.3743140243902439,0.09889195754167623,0.18575757891338526,129554.63927469129,401.94830246912625,129956.58757716042,2936,2,978.8048780487804,38,3,15,37.03672123692586,0.6121162280701755,45.48611111111111,1018.0555555555551,26.790935672514607,0
2942,4,1,1,41,0.023809523809523808,0.023809523809523808,0.9761904761904762,42,1200,1100,100,0.9166666666666666,13,11,2,327.21813704136827,0.37925861401471156,0.10373089667051105,0.18479422430605122,129917.22140842001,102.25423177082303,130019.47564019084,2937,0,956.4761904761905,39,3,15,36.79040649160453,0.6140491452991453,45.13020833333333,1019.4791666666656,26.140491452991427,0
2943,4,1,1,41,0.023809523809523808,0.023809523809523808,0.9761904761904762,42,850,500,350,0.5882352941176471,12,5,7,327.20633166535754,0.3783633372048006,0.10505718274642595,0.18503886658995855,129970.32470703122,105.42263454861032,130075.74734157983,2938,0,957.452380952381,39,3,15,36.73691984199952,0.6145833333333334,45.078125,1019.6874999999998,26.14583333333333,0
2944,4,0,1,40,0.0,0.024390243902439025,0.975609756097561,41,600,300,300,0.5,9,3,6,336.8695543670014,0.3742632113821138,0.10913349305418873,0.1898050017192454,129826.69850107741,546.932413799392,130373.6309148768,2939,5,981.8048780487804,38,3,15,36.6362214767446,0.6148574561403508,45.21901709401709,1019.1239316239308,26.819050832208706,0
2945,4,0,0,40,0.0,0.0,1.0,40,1200,800,400,0.6666666666666666,16,8,8,345.93469772870696,0.36961805555555555,0.1085950946643719,0.19513403823337738,129871.11418898116,985.3849261311118,130856.49911511227,2940,6,1006.65,37,3,16,36.360172834193925,0.617117117117117,45.175438596491226,1019.2982456140346,27.548601232811745,0
2946,4,2,1,41,0.047619047619047616,0.023809523809523808,0.9761904761904762,42,900,700,200,0.7777777777777778,11,7,4,333.63527394481196,0.3805289392179636,0.10810804078928382,0.19062878563290225,130371.67302441734,299.9068924054625,130671.5799168228,2941,0,959.6666666666666,38,4,18,36.166614359940006,0.6203399122807018,44.684829059829056,1021.260683760683,26.875281151596923,0
2947,4,1,0,42,0.023809523809523808,0.0,1.0,42,1150,800,350,0.6956521739130435,15,8,7,335.8660449510162,0.38098867595818814,0.12970704009475043,0.1932593015115018,130644.58832137122,375.8162347505356,131020.40455612176,2942,0,960.6428571428571,38,4,17,35.83359459365311,0.6230811403508771,44.417735042735046,1022.3290598290603,26.90339631129106,0
2948,4,2,0,44,0.045454545454545456,0.0,1.0,44,1050,700,350,0.6666666666666666,14,7,7,322.21808223127607,0.3894357822410148,0.1469868275134567,0.1883434738050989,131250.01161882808,-341.7745926697044,130908.23702615837,2943,0,917.9318181818181,40,4,19,35.57183708552349,0.62578125,43.826219512195124,1024.6951219512196,25.617378048780488,0
2949,4,0,0,44,0.0,0.0,1.0,44,1100,600,500,0.5454545454545454,16,6,10,321.8349454254012,0.38901735377026075,0.14440344569693386,0.18888846796956768,131406.26161882782,-341.77459266972573,131064.4870261581,2944,1,918.9318181818181,40,4,19,35.42430700102423,0.6273437500000001,43.67378048780487,1025.3048780487786,25.632621951219466,0
2950,4,0,0,44,0.0,0.0,1.0,44,1150,800,350,0.6956521739130435,15,8,7,321.0849493056498,0.3884007223396759,0.14502175224953406,0.18896270515113237,131510.47992473046,-354.7928440412636,131155.6870806892,2945,2,919.9318181818181,40,4,20,35.33864229333863,0.6283854166666667,43.57215447154471,1025.7113821138196,25.64278455284549,0
2951,4,0,0,44,0.0,0.0,1.0,44,1300,1100,200,0.8461538461538461,15,11,4,322.4753646696157,0.38869802677942217,0.14514611193660176,0.19004021052771583,131562.6045694528,-314.86022291624886,131247.74434653655,2946,3,920.9318181818181,40,4,16,35.25053656925869,0.62890625,43.521341463414636,1025.914634146342,25.64786585365855,0
2952,4,0,0,44,0.0,0.0,1.0,44,1350,900,450,0.6666666666666666,18,9,9,322.7558875444745,0.3890944326990839,0.13641987528456934,0.19124942708867,131771.20642681263,-294.0134633815959,131477.19296343104,2947,4,921.9318181818181,40,4,16,35.03352964466001,0.6309895833333334,43.318089430894304,1026.7276422764219,25.668191056910548,0
2953,4,0,3,41,0.0,0.06818181818181818,0.9318181818181819,44,900,700,200,0.7777777777777778,11,7,4,338.487235292463,0.38961196264975334,0.13036095478362109,0.19488544396224122,130667.99433893908,56.79841758456129,130724.79275652365,2948,5,922.9318181818181,41,3,13,35.742932919335,0.6183943089430894,44.39484126984126,1022.4206349206333,24.937088656600814,5
2954,4,0,0,41,0.0,0.0,1.0,41,950,500,450,0.5263157894736842,14,5,9,362.2117249326357,0.3772103658536585,0.16778141853556572,0.20783174259032142,130535.38795976691,1256.28960753159,131791.6775672985,2949,7,991.0487804878048,38,3,14,35.270953127722606,0.621984649122807,44.52457264957265,1021.9017094017089,26.892150247413394,0
2955,4,0,0,41,0.0,0.0,1.0,41,950,700,250,0.7368421052631579,12,7,5,362.01288117933643,0.37703252032520324,0.16983686299704037,0.20801064469926175,130589.98243343181,1255.0511587771064,131845.03359220893,2950,8,992.0487804878048,38,3,14,35.220680464095345,0.6225328947368423,44.47115384615384,1022.1153846153835,26.897773279352197,0
2956,4,1,0,42,0.023809523809523808,0.0,1.0,42,800,700,100,0.875,9,7,2,355.9815188432004,0.3788835656213705,0.18324877524022765,0.20662908361914517,130981.34901258674,925.3879123263839,131906.73692491313,2951,0,969.4047619047619,39,3,15,34.97856670397883,0.6247329059829061,44.088541666666664,1023.6458333333328,26.247329059829045,0
2957,4,0,0,42,0.0,0.0,1.0,42,1500,1200,300,0.8,18,12,6,356.31315622391054,0.37848432055749126,0.18445116044790533,0.20753974834084654,131114.67013888896,943.5763888888943,132058.24652777787,2952,1,970.4047619047619,39,3,16,34.83523189585028,0.6260683760683761,43.958333333333336,1024.1666666666672,26.260683760683776,0
2958,4,2,1,43,0.045454545454545456,0.022727272727272728,0.9772727272727273,44,850,600,250,0.7058823529411765,11,6,5,345.9064797568863,0.38519644115574353,0.19418091809180926,0.20454657175319416,131692.9613655895,310.8633460572645,132003.82471164677,2953,0,927.25,40,4,14,34.518151815181525,0.6302083333333333,43.39430894308944,1026.422764227644,25.6605691056911,0
2959,4,0,0,43,0.0,0.0,1.0,43,1100,900,200,0.8181818181818182,13,9,4,357.7640539517629,0.38261351052048725,0.20347952105249445,0.211460661282947,131675.35942925367,821.742078993074,132497.10150824673,2954,1,949.8139534883721,39,4,14,34.23164264690957,0.6316773504273504,43.41145833333334,1026.3541666666683,26.31677350427355,0
2960,4,0,0,43,0.0,0.0,1.0,43,1350,800,550,0.5925925925925926,19,8,11,358.23260588587186,0.382405869324474,0.20209676578851354,0.2066467523259396,130741.54188368065,769.1541883680641,131510.6960720487,2955,2,950.8139534883721,39,4,15,35.16372988388674,0.6223290598290598,44.32291666666667,1022.7083333333342,26.22329059829062,2
2961,4,0,0,43,0.0,0.0,1.0,43,900,600,300,0.6666666666666666,12,6,6,357.4267450332887,0.3830057216685124,0.2008779531474194,0.20675179562526289,130848.09570312512,753.7217881944591,131601.81749131958,2956,3,951.8139534883721,39,4,15,35.0764440371954,0.6233974358974359,44.21875000000001,1023.1250000000009,26.233974358974383,0
2962,4,0,0,43,0.0,0.0,1.0,43,850,600,250,0.7058823529411765,11,6,5,356.3128849354333,0.3832133628645256,0.20148570265594734,0.206821424705287,130981.34901258703,734.0684678819684,131715.417480469,2957,4,952.8139534883721,39,4,16,34.97008666598827,0.6247329059829059,44.08854166666668,1023.6458333333352,26.247329059829106,0
2963,4,0,0,43,0.0,0.0,1.0,43,700,300,400,0.42857142857142855,11,3,8,354.5350666729886,0.382844222960502,0.19712730445863413,0.20597383285257725,131015.81090124938,689.9398506180332,131705.75075186742,2958,5,953.8139534883721,40,3,16,34.98072596122031,0.6234374999999999,44.054878048780495,1023.780487804879,25.594512195121975,0
2964,4,0,0,43,0.0,0.0,1.0,43,1000,700,300,0.7,13,7,6,354.08795166963296,0.3833287190845331,0.19208374585459365,0.20613196354563224,131093.85456945281,683.7508881948698,131777.60545764767,2959,6,954.8139534883721,40,3,16,34.91325129833615,0.6242187499999999,43.97865853658537,1024.0853658536594,25.602134146341484,0
2965,4,0,0,43,0.0,0.0,1.0,43,900,800,100,0.8888888888888888,10,8,2,353.89778596623836,0.38261351052048725,0.1949889258028794,0.20644037514697255,131171.92147531247,684.29051821008,131856.21199352253,2960,7,955.8139534883721,40,3,16,34.83920304232806,0.625,43.902439024390254,1024.3902439024403,25.609756097561007,0
2966,4,0,0,43,0.0,0.0,1.0,43,1250,1100,150,0.88,14,11,3,347.43837467016067,0.3833287190845331,0.1924973659395819,0.20363805260301626,131354.1679576475,527.4957242712707,131881.66368191878,2961,8,956.8139534883721,40,3,16,34.820602425564275,0.6268229166666668,43.72459349593496,1025.1016260162598,25.627540650406495,0
2967,4,1,0,44,0.022727272727272728,0.0,1.0,44,950,700,250,0.7368421052631579,12,7,5,342.32340452024323,0.38743173009161386,0.1881842785090415,0.2023815967523681,131684.26890432116,215.7214506172997,131899.99035493846,2962,0,936.0454545454545,41,3,14,34.61885430762292,0.6285569105691056,43.402777777777786,1026.3888888888903,25.033875338753422,0
2968,4,0,0,44,0.0,0.0,1.0,44,900,400,500,0.4444444444444444,14,4,10,340.0734635423509,0.38641869274136714,0.18534846143037798,0.20186012010266158,131837.0496346688,166.85641849333564,132003.90605316215,2963,1,937.0454545454545,41,3,15,34.52271702730551,0.6300813008130081,43.25396825396826,1026.984126984128,25.04839334107629,0
2969,4,1,0,45,0.022222222222222223,0.0,1.0,45,550,300,250,0.5454545454545454,8,3,5,334.65876536015566,0.3894360269360269,0.18533877892973094,0.20015386135689142,132123.90049426127,-156.71571720448406,131967.18477705677,2964,0,917.2,42,3,17,34.37323279924599,0.6314484126984127,42.97480620155039,1028.1007751937993,24.478589885566652,0
2970,4,0,0,45,0.0,0.0,1.0,45,1500,1100,400,0.7333333333333333,19,11,8,333.795119736786,0.3898989898989899,0.17836406084780676,0.2000320500150488,132198.62768350777,-174.54864866893467,132024.07903483883,2965,1,918.2,42,3,17,34.32033041238733,0.6321924603174602,42.902131782945744,1028.3914728682184,24.485511258767104,0
2971,4,1,0,46,0.021739130434782608,0.0,1.0,46,1500,1100,400,0.7333333333333333,19,11,8,339.3472153775817,0.3950382447665057,0.20861998140661142,0.19464553625907474,130522.07396597581,-265.1844440341575,130256.88952194166,2966,0,899.2173913043479,40,6,13,35.86855627382729,0.6184895833333335,44.537601626016254,1021.849593495934,25.54623983739835,7
2972,4,1,1,46,0.02127659574468085,0.02127659574468085,0.9787234042553191,47,450,300,150,0.6666666666666666,6,3,3,331.8900057483627,0.39897471477027446,0.20414717154810003,0.19146357410519702,130744.07837498421,-721.4694153124254,130022.60895967178,2967,0,881.063829787234,41,6,13,35.83468732822453,0.6191565040650406,44.320436507936506,1022.7182539682536,24.944347657762282,0
2973,4,1,1,46,0.02127659574468085,0.02127659574468085,0.9787234042553191,47,1300,900,400,0.6923076923076923,17,9,8,337.1453059619819,0.39810746222633364,0.20630437518438827,0.1950072653048751,130845.55820302671,-577.2068491748412,130268.35135385187,2968,0,882.0425531914893,41,6,13,35.59776899705873,0.6201727642276422,44.221230158730165,1023.1150793650804,24.954026325977573,0
2974,4,0,0,46,0.0,0.0,1.0,46,1000,600,400,0.6,14,6,8,346.4061493763653,0.3943337359098229,0.21100735148023064,0.20016787024239344,130807.80805902569,-137.4741803820476,130670.33387864364,2969,3,902.2173913043479,40,6,13,35.39907444201603,0.6213541666666667,44.25813008130081,1022.9674796747966,25.574186991869915,0
2975,4,0,0,46,0.0,0.0,1.0,46,1000,800,200,0.8,12,8,4,348.278587336238,0.39339774557165863,0.21366774164303015,0.2019293985643782,130937.79047070185,-79.43426118713455,130858.3562095147,2970,4,903.2173913043479,40,6,14,35.219731572501914,0.6226562500000001,44.131097560975604,1023.4756097560967,25.586890243902417,0
2976,4,0,1,45,0.0,0.021739130434782608,0.9782608695652174,46,1000,700,300,0.7,13,7,6,352.07575934831186,0.3930756843800322,0.2139540403495519,0.2046833973129972,131041.82287535522,27.32985904553135,131069.15273440076,2971,5,904.2173913043479,40,6,15,35.01736972704714,0.6236979166666667,44.02947154471544,1023.8821138211378,25.597052845528445,0
2977,4,0,0,45,0.0,0.0,1.0,45,1700,1400,300,0.8235294117647058,20,14,6,358.7229079498987,0.39010942760942763,0.2170679326325302,0.2086536204229294,131061.33355034735,402.9405381944548,131464.2740885418,2972,6,925.1555555555556,39,6,17,34.82748389284503,0.625534188034188,44.01041666666667,1023.9583333333344,26.25534188034191,0
2978,4,0,0,45,0.0,0.0,1.0,45,1650,1200,450,0.7272727272727273,21,12,9,355.7582066974281,0.38998316498316493,0.21487282054758916,0.2073604295468769,131141.34250217024,330.9217664930648,131472.2642686633,2973,7,926.1555555555556,39,6,17,34.82247279568799,0.62633547008547,43.93229166666667,1024.2708333333342,26.263354700854723,0
2979,4,0,0,45,0.0,0.0,1.0,45,950,500,450,0.5263157894736842,14,5,9,353.2468845578154,0.38954124579124577,0.20940249121974897,0.20675765003952085,131301.4336480034,276.36447482638437,131577.7981228298,2974,8,927.1555555555556,39,6,18,34.72501016363451,0.6279380341880343,43.776041666666664,1024.895833333333,26.279380341880334,0
2980,4,0,0,45,0.0,0.0,1.0,45,900,600,300,0.6666666666666666,12,6,6,354.24848758540344,0.3896043771043771,0.20515955722291745,0.20778535983310076,131382.8849806413,308.4403724734433,131691.32535311475,2975,9,928.1555555555556,38,7,19,34.617071349173266,0.6304824561403508,43.69658119658119,1025.2136752136744,26.979307242465115,0
2981,4,1,1,45,0.021739130434782608,0.021739130434782608,0.9782608695652174,46,900,700,200,0.7777777777777778,11,7,4,350.5737946372864,0.3940519323671498,0.20689685607865993,0.2070655290627425,131648.63281249997,30.512152777777942,131679.14496527775,2976,0,908.9565217391304,39,7,13,34.44309108133713,0.6314102564102564,43.4375,1026.2499999999998,26.31410256410256,0
2982,4,0,0,45,0.0,0.0,1.0,45,1050,600,450,0.5714285714285714,15,6,9,358.7903694184915,0.38920454545454547,0.2084904023048353,0.2115079139058178,131574.6348002958,441.5423652202394,132016.17716551604,2977,11,930.1555555555556,38,7,13,34.3069873997709,0.6324013157894737,43.50961538461538,1025.9615384615379,26.998987854251,0
2983,4,0,0,45,0.0,0.0,1.0,45,1250,800,450,0.64,17,8,9,358.56511989384404,0.38920454545454547,0.20341844758997185,0.21213630984852513,131711.68456424848,445.44319343997154,132157.12775768846,2978,12,931.1555555555556,38,7,14,34.17442929503192,0.6337719298245614,43.37606837606837,1026.495726495725,27.013045434098025,0
2984,4,0,0,45,0.0,0.0,1.0,45,1100,700,400,0.6363636363636364,15,7,8,356.9780907448712,0.38897306397306397,0.21137467055070047,0.2118070005086234,131821.37573964478,411.46860618012556,132232.8443458249,2979,13,932.1555555555556,38,7,15,34.104504785684554,0.6348684210526316,43.26923076923076,1026.9230769230755,27.02429149797567,0
2985,4,0,0,45,0.0,0.0,1.0,45,1100,600,500,0.5454545454545454,16,6,10,354.4646746868317,0.3886574074074074,0.20674640318946103,0.21077166648818077,131903.6740836619,351.03858481260465,132254.7126684745,2980,14,933.1555555555556,38,7,15,34.08606344253771,0.6356907894736843,43.189102564102555,1027.2435897435885,27.03272604588391,0
2986,4,1,1,45,0.021739130434782608,0.021739130434782608,0.9782608695652174,46,900,700,200,0.7777777777777778,11,7,4,349.72116346939373,0.3921598228663446,0.20308646325135626,0.2094931629714717,132183.6805555555,45.48611111110563,132229.1666666666,2981,0,913.8478260869565,39,7,15,33.92591842247434,0.6367521367521367,42.916666666666664,1028.333333333333,26.36752136752136,0
2987,4,0,2,43,0.0,0.044444444444444446,0.9555555555555556,45,450,200,250,0.4444444444444444,7,2,5,355.3688823959098,0.38802609427609425,0.2033033033033036,0.21207497820401042,132040.89506172814,384.645061728369,132425.5401234565,2982,16,935.1555555555556,38,7,15,33.92454954954954,0.637061403508772,43.05555555555554,1027.7777777777758,27.046783625730942,0
2988,4,0,0,43,0.0,0.0,1.0,43,1500,1000,500,0.6666666666666666,20,10,10,364.07599473396283,0.37966039128829826,0.21113710380257822,0.2171606227413166,132021.6056428049,1013.1794801558287,133034.78512296075,2983,21,977.7441860465116,36,7,16,33.720277229892616,0.640625,43.07432432432432,1027.7027027027023,28.547297297297284,0
2989,4,0,0,43,0.0,0.0,1.0,43,1050,700,350,0.6666666666666666,14,7,7,364.3485368478378,0.37926818014027314,0.2078959704869252,0.2176553301274256,132079.47812677544,1024.5929206233272,133104.0710473988,2984,22,978.7441860465116,36,7,16,33.65491710487877,0.6412037037037037,43.01801801801802,1027.927927927928,28.553553553553556,0
2990,4,0,0,43,0.0,0.0,1.0,43,850,500,350,0.5882352941176471,12,5,7,367.0018896705598,0.37926818014027314,0.15632519700172964,0.21066047746744665,130550.14209733384,1005.3359102345634,131555.4780075684,2985,23,979.7441860465116,36,7,13,35.133608815427,0.6258680555555556,44.51013513513514,1021.9594594594596,28.387762762762765,8
2991,4,1,1,43,0.022727272727272728,0.022727272727272728,0.9772727272727273,44,1100,900,200,0.8181818181818182,13,9,4,360.4379132659976,0.38405126849894294,0.16352383550433025,0.2085087519333557,130850.9003371231,632.7250932979471,131483.62543042103,2986,0,958.4545454545455,37,7,13,34.99658396742042,0.6269707207207207,44.21600877192983,1023.1359649122818,27.652323376007615,0
2992,4,1,1,43,0.022727272727272728,0.022727272727272728,0.9772727272727273,44,1100,900,200,0.8181818181818182,13,9,4,361.03243863695246,0.3817829457364341,0.1642425865511028,0.20946164168278136,130963.11034404818,656.3862197984018,131619.4965638466,2987,0,959.4318181818181,37,7,13,34.86776914836637,0.6280968468468469,44.10635964912281,1023.5745614035088,27.66417733522997,0
2993,4,1,1,43,0.022727272727272728,0.022727272727272728,0.9772727272727273,44,1150,700,450,0.6086956521739131,16,7,9,365.12513437616116,0.38343463706835795,0.1621864322635289,0.2124550548248577,131075.36844269384,771.7823032086756,131847.15074590253,2988,0,960.4090909090909,37,7,14,34.64938697933399,0.629222972972973,43.99671052631579,1024.0131578947362,27.67603129445233,0
2994,4,1,1,43,0.022727272727272728,0.022727272727272728,0.9772727272727273,44,800,400,400,0.5,12,4,8,364.46955142166763,0.38286205073995777,0.16338329764453996,0.21222852931910052,131103.4404816865,756.6424284395046,131860.08291012602,2989,0,961.3863636363636,37,7,14,34.63775874375446,0.6295045045045045,43.96929824561403,1024.1228070175425,27.678994784257906,0
2995,4,0,0,43,0.0,0.0,1.0,43,550,200,350,0.36363636363636365,9,2,7,374.70182661830523,0.378922111480251,0.16913551820298278,0.21749933614051045,130982.0694850255,1215.8441380569634,132197.91362308245,2990,28,984.7441860465116,36,7,14,34.49876237623761,0.6302083333333335,44.08783783783783,1023.6486486486481,28.43468468468467,0
2996,4,1,0,44,0.022727272727272728,0.0,1.0,44,1100,700,400,0.6363636363636364,15,7,8,373.13434214411245,0.38402924594785065,0.18449295414269828,0.2183940051365753,131300.74929003208,998.5637418730248,132299.3130319051,2991,0,963.3409090909091,38,6,15,34.2161385037701,0.6296600877192983,43.7767094017094,1024.893162393162,26.970872694556892,0
2997,4,0,0,44,0.0,0.0,1.0,44,400,100,300,0.25,7,1,6,375.80177264099996,0.38345665961945036,0.1874595942492998,0.2206247782522608,131417.11576485322,1077.3655726655345,132494.48133751875,2992,1,964.3409090909091,35,9,16,34.03001185235354,0.6366071428571429,43.663194444444436,1025.347222222221,29.295634920634885,0
2998,4,1,1,44,0.022222222222222223,0.022222222222222223,0.9777777777777777,45,1400,1000,400,0.7142857142857143,18,10,8,365.7078790574147,0.3878367003367003,0.17668556104101896,0.2163158544846423,131703.53366457685,633.003992167851,132336.5376567447,2993,0,943.8888888888889,36,9,13,33.9993600292558,0.6374421296296295,43.38400900900901,1026.4639639639647,28.51288788788791,0
2999,4,0,0,44,0.0,0.0,1.0,44,1000,500,500,0.5,15,5,10,374.70678843369967,0.3830712649753347,0.185814101315398,0.22135410346712947,131654.57182623874,1066.3723583247436,132720.94418456347,2994,3,966.3409090909091,35,9,14,33.81792507800458,0.6389880952380953,43.431712962962955,1026.2731481481471,29.322089947089918,0
3000,4,1,0,45,0.022222222222222223,0.0,1.0,45,1200,800,400,0.6666666666666666,16,8,8,365.69573061849485,0.3881734006734007,0.18732257529442453,0.21899709845084556,132172.40521121875,666.9768582640693,132839.38206948282,2995,0,945.8444444444444,37,8,15,33.526604819791,0.6402027027027027,42.92763157894736,1028.2894736842097,27.791607396870532,0
3001,4,0,0,45,0.0,0.0,1.0,45,600,300,300,0.5,9,3,6,366.53381937980964,0.3886574074074074,0.19127736923751004,0.22031946362849175,132313.38158135206,699.4658212142328,133012.8474025663,2996,1,946.8444444444444,37,8,15,33.36297470602863,0.6416103603603602,42.7905701754386,1028.8377192982464,27.80642484589855,0
3002,4,0,0,45,0.0,0.0,1.0,45,1350,1000,350,0.7407407407407407,17,10,7,364.9026054845015,0.38878367003367004,0.18939692262816332,0.22033947287578035,132484.9405993833,668.847054027684,133153.78765341098,2997,2,947.8444444444444,36,9,16,33.232151972580766,0.6452546296296295,42.62387387387388,1029.5045045045056,28.597347347347377,0
3003,4,0,1,44,0.0,0.022222222222222223,0.9777777777777777,45,1550,1100,450,0.7096774193548387,20,11,9,365.5376137912766,0.38846801346801346,0.1913240011665207,0.22106322357853428,132542.91453615797,689.8841408976775,133232.79867705566,2998,3,948.8444444444444,36,9,16,33.15744386118402,0.6458333333333333,42.56756756756758,1029.7297297297314,28.60360360360365,0
3004,4,0,0,44,0.0,0.0,1.0,44,1450,900,550,0.6206896551724138,20,9,11,377.9484073817958,0.38883016208597604,0.22149952933165107,0.21742811420861471,130636.47050766974,1074.769194870536,131711.23970254028,2999,4,960.5227272727273,36,8,16,34.76628479106999,0.6267361111111112,44.42567567567567,1022.2972972972966,28.397147147147127,4
3005,4,1,0,45,0.022222222222222223,0.0,1.0,45,1050,700,350,0.6666666666666666,14,7,7,372.63186704264234,0.3894781144781145,0.232734630720705,0.21619132870373295,130963.11034404805,760.2056642428322,131723.3160082909,3000,0,940.1555555555556,37,8,17,34.57094715229424,0.6280968468468469,44.1063596491228,1023.5745614035078,27.66417733522994,0
3006,4,0,0,45,0.0,0.0,1.0,45,700,400,300,0.5714285714285714,10,4,6,370.4350362424488,0.38941498316498313,0.23127065289227478,0.21527464841184862,131027.14913662421,707.4093478340174,131734.55848445822,3001,1,941.1555555555556,38,7,17,34.56228912309993,0.6269188596491229,44.043803418803414,1023.8247863247856,26.94275753486278,0
3007,4,1,0,46,0.021739130434782608,0.0,1.0,46,1300,900,400,0.6923076923076923,17,9,8,364.5316940974289,0.3914754428341385,0.22711205372923304,0.21351142082849392,131328.12499999988,376.03390496017187,131704.15890496006,3002,0,921.6739130434783,35,11,18,34.40887533875339,0.6357142857142858,43.74999999999999,1024.999999999999,29.28571428571426,0
3008,4,0,0,46,0.0,0.0,1.0,46,800,400,400,0.5,12,4,8,364.9125151960691,0.39186795491143317,0.22315785453781656,0.21470434033629177,131501.3239590942,397.29577550523567,131898.61973459946,3003,1,922.6739130434783,36,10,19,34.22403381642512,0.6354166666666667,43.58108108108108,1025.6756756756756,28.49099099099099,0
3009,4,0,0,46,0.0,0.0,1.0,46,1300,1000,300,0.7692307692307693,16,10,6,368.15369314219754,0.39214975845410627,0.226283423825957,0.2177060468417002,131693.64762475004,496.70054728379085,132190.34817203382,3004,2,923.6739130434783,37,9,15,33.94658245201723,0.6354166666666665,43.3936403508772,1026.425438596492,27.741228070175463,0
3010,4,0,0,46,0.0,0.0,1.0,46,1450,1000,450,0.6896551724137931,19,10,9,366.68255279374216,0.3914251207729469,0.23150489147395503,0.21772201235369,131848.80566741532,469.3313289867658,132318.13699640209,3005,3,924.6739130434783,38,8,15,33.82767259613718,0.6351425438596492,43.24252136752136,1027.0299145299136,27.027103013945094,0
3011,4,0,0,46,0.0,0.0,1.0,46,550,300,250,0.5454545454545454,8,3,5,368.4754944216858,0.3918276972624799,0.233350819909371,0.2189445861168161,131876.23844875433,518.6324329753669,132394.8708817297,3006,4,925.6739130434783,38,8,15,33.75394390125512,0.6354166666666667,43.21581196581196,1027.136752136751,27.029914529914503,0
3012,4,0,0,46,0.0,0.0,1.0,46,1050,800,250,0.7619047619047619,13,8,5,367.332150533408,0.3909923510466989,0.2312105020477908,0.21889718858923898,131985.99810979614,496.5401051939482,132482.53821499008,3007,5,926.6739130434783,38,8,15,33.672541068829275,0.6365131578947368,43.10897435897436,1027.5641025641023,27.041160593792167,0
3013,4,0,0,46,0.0,0.0,1.0,46,1450,1200,250,0.8275862068965517,17,12,5,353.3932001079351,0.39138486312399356,0.2152260523124896,0.2006825638621983,130132.94004891258,-2.380775332153121,130130.55927358042,3008,6,927.6739130434783,40,6,17,35.90429946879152,0.6145833333333335,44.918699186991866,1020.3252032520317,25.50813008130079,7
3014,4,0,0,46,0.0,0.0,1.0,46,1250,1000,250,0.8,15,10,5,354.24399468305194,0.3911231884057971,0.21482866690907798,0.2017021928909623,130236.65229030346,27.110392292953065,130263.76268259641,3009,7,928.6739130434783,40,6,17,35.77737123324041,0.615625,44.81707317073171,1020.7317073170738,25.518292682926845,0
3015,4,2,1,47,0.041666666666666664,0.020833333333333332,0.9791666666666666,48,1050,700,350,0.6666666666666666,14,7,7,346.8028110377429,0.39572251773049644,0.2246129326047357,0.2002622084391787,130781.81932257595,-528.8943213364943,130252.92500123945,3010,0,890.9375,40,8,16,35.415217751283336,0.62109375,44.28353658536586,1022.8658536585374,25.571646341463435,0
3016,4,0,0,47,0.0,0.0,1.0,47,1800,1400,400,0.7777777777777778,22,14,8,355.68958150994894,0.3919210607462226,0.2261125796247343,0.20546304061339404,130794.8133680556,-95.52951388888408,130699.28385416672,3011,1,910.8936170212766,39,8,16,35.17481330617787,0.6228632478632479,44.270833333333336,1022.9166666666671,26.228632478632488,0
3017,4,1,0,48,0.020833333333333332,0.0,1.0,48,900,700,200,0.7777777777777778,11,7,4,351.1082162634015,0.39489140070921985,0.23731641361516354,0.20439731341919673,131093.85456945267,-394.37411180514533,130699.48045764753,3012,0,892.8958333333334,40,8,17,34.989538883927096,0.62421875,43.978658536585364,1024.0853658536582,25.602134146341456,0
3018,4,0,0,48,0.0,0.0,1.0,48,1250,900,350,0.72,16,9,7,351.17281575576834,0.3943465573286052,0.23829146093523113,0.20527809926096946,131251.87119118476,-381.58216411565235,130870.28902706911,3013,1,893.8958333333334,41,7,17,34.82821425113757,0.6242378048780488,43.82440476190476,1024.7023809523805,24.99274099883855,0
3019,4,0,0,48,0.0,0.0,1.0,48,1150,900,250,0.782608695652174,14,9,5,353.28055665608844,0.39376477541371163,0.23687901684905377,0.2070694527254223,131355.50356353621,-318.8644834235106,131036.6390801127,3014,2,894.8958333333334,38,10,18,34.669532742747954,0.6302083333333335,43.72329059829059,1025.106837606836,26.976495726495685,0
3020,4,1,2,47,0.02040816326530612,0.04081632653061224,0.9591836734693877,49,1050,600,450,0.5714285714285714,15,6,9,346.94724307077274,0.39753401360544216,0.23464001922328026,0.20492351551158589,131648.63281249997,-664.9739583333328,130983.65885416664,3015,0,877.6122448979592,39,10,14,34.5361347949655,0.6314102564102565,43.4375,1026.2499999999998,26.31410256410256,0
3021,4,0,0,47,0.0,0.0,1.0,47,1400,1100,300,0.7857142857142857,17,11,6,358.7439847879365,0.39078399629972244,0.23199585201895778,0.21136075073525995,131553.00188519518,38.769621421948386,131591.77150661714,3016,4,913.2978723404256,37,10,19,34.330019951546255,0.6340090090090091,43.53070175438595,1025.877192982454,27.72641062114741,0
3022,4,0,0,47,0.0,0.0,1.0,47,1550,1300,250,0.8387096774193549,18,13,5,366.96700958859844,0.3914777983348751,0.21882959648300004,0.19869869890973754,128252.72715547164,52.08668046650513,128304.81383593814,3017,5,914.2978723404256,38,9,17,37.47538937524172,0.5989583333333333,46.7681623931624,1012.9273504273513,26.655982905982928,8
3023,4,0,0,47,0.0,0.0,1.0,47,1300,900,400,0.6923076923076923,17,9,8,363.5547715904209,0.3905141843971631,0.21565426428904577,0.19778713720469707,128442.17985243637,-60.84652823433814,128381.33332420203,3018,6,915.2978723404256,38,9,15,37.3680350618325,0.6008771929824561,46.581196581196586,1013.6752136752145,26.675663517768804,0
3024,4,0,0,47,0.0,0.0,1.0,47,900,700,200,0.7777777777777778,11,7,4,367.2824041208111,0.3910923527597903,0.22482284443926526,0.2006317114340037,128604.67916757992,46.84714917088141,128651.5263167508,3019,7,916.2978723404256,38,9,15,37.107427498068965,0.6025219298245613,46.42094017094018,1014.3162393162403,26.69253261358527,0
3025,4,1,0,48,0.020833333333333332,0.0,1.0,48,800,500,300,0.625,11,5,6,338.13786305581834,0.3945497192671395,0.15584891592104833,0.18073387016744913,127733.27637525625,-951.0904484636025,126782.18592679265,3020,0,898.1875,40,8,16,38.736134848027895,0.5903645833333333,47.28150406504066,1010.8739837398383,25.271849593495958,5
3026,4,0,0,48,0.0,0.0,1.0,48,1200,800,400,0.6666666666666666,16,8,8,342.962046412969,0.3939864066193854,0.15702680067001618,0.1836637439079143,127810.33631601585,-833.1811008658624,126977.15521514998,3021,1,899.1875,40,8,16,38.53538525963149,0.5911458333333333,47.20528455284554,1011.1788617886199,25.2794715447155,0
3027,4,2,1,49,0.04,0.02,0.98,50,750,500,250,0.6666666666666666,10,5,5,333.2156948672062,0.39854591836734693,0.17292465134945312,0.18039982785124664,128247.44824715804,-1452.3147803886304,126795.13346676942,3022,0,864.18,40,10,17,38.33546536905121,0.5955729166666666,46.77337398373985,1012.9065040650428,25.32266260162607,0
3028,4,2,1,50,0.0392156862745098,0.0196078431372549,0.9803921568627451,51,1500,900,600,0.6,21,9,12,329.85263984370306,0.40393790849673206,0.18462022390879507,0.1800364942403725,128571.7841100561,-1718.051520376662,126853.73258967945,3023,0,848.1960784313726,41,10,15,38.090070592454914,0.5973069105691056,46.45337301587302,1014.1865079365083,24.73625629113435,0
3029,4,0,0,50,0.0,0.0,1.0,50,1400,1100,300,0.7857142857142857,17,11,6,335.65660577487625,0.3996343537414966,0.1769889529768307,0.18390098663477294,128722.74900990493,-1358.671796264797,127364.07721364014,3024,1,866.16,41,9,16,37.789108580180525,0.5988313008130081,46.304563492063494,1014.7817460317464,24.75077429345723,0
3030,4,1,0,51,0.0196078431372549,0.0,1.0,51,1000,500,500,0.5,15,5,10,333.90344177673717,0.4037908496732026,0.18768174890366263,0.18435900932222704,129029.04652852904,-1583.3514549906724,127445.69507353837,3025,0,850.156862745098,42,9,17,37.521856620569075,0.6004464285714286,46.00290697674419,1015.988372093024,24.190199335548193,0
3031,4,0,1,50,0.0,0.0196078431372549,0.9803921568627451,51,1050,700,350,0.6666666666666666,14,7,7,334.00472647974834,0.40308823529411764,0.19190185608949917,0.18475957654639258,129102.89345592218,-1575.804676702117,127527.08877922007,3026,1,851.156862745098,42,9,18,37.44418224002033,0.601190476190476,45.93023255813954,1016.2790697674424,24.197120708748628,0
3032,4,3,3,50,0.05660377358490566,0.05660377358490566,0.9433962264150944,53,1100,700,400,0.6363636363636364,15,7,8,323.91371260807773,0.40974238026124815,0.2103630904414837,0.182004535577163,129719.10609526165,-2196.365434018394,127522.74066124325,3027,0,817.9622641509434,42,11,13,37.07532737245949,0.607390873015873,45.32461240310077,1018.7015503875965,24.2547988187523,0
3033,4,1,1,50,0.0196078431372549,0.0196078431372549,0.9803921568627451,51,1300,800,500,0.6153846153846154,18,8,10,333.3964924226432,0.4039052287581699,0.21336887719751552,0.1865902827424603,129563.26116233719,-1560.812636327583,128002.44852600961,3028,0,849.5294117647059,40,11,13,36.99195614560459,0.6088541666666667,45.47764227642276,1018.0894308943086,25.452235772357717,0
3034,4,0,0,50,0.0,0.0,1.0,50,1250,700,550,0.56,18,7,11,337.77243543290473,0.40244897959183673,0.20711420384772783,0.1888279312957865,129519.29253472232,-1250.3906249999943,128268.90190972232,3029,2,867.52,39,11,13,36.92522854413972,0.6100427350427351,45.520833333333336,1017.9166666666674,26.10042735042737,0
3035,4,1,1,50,0.0196078431372549,0.0196078431372549,0.9803921568627451,51,1000,500,500,0.5,15,5,10,331.38679549458993,0.40336601307189546,0.2128331935147647,0.1865702076599806,129796.16057117132,-1597.4532561636563,128198.70731500766,3030,0,851.4901960784314,40,11,15,36.80687144709284,0.6111979166666668,45.2489837398374,1019.0040650406509,25.475101626016272,0
3036,4,2,0,52,0.038461538461538464,0.0,1.0,52,1150,800,350,0.6956521739130435,15,8,7,335.82424523076065,0.4039718451483157,0.24720258319666732,0.19173471613262344,130342.3516167534,-1643.902518096973,128698.44909865642,3031,0,835.9807692307693,39,13,18,36.14040344792412,0.6183226495726496,44.713541666666664,1021.1458333333327,26.18322649572648,0
3037,4,0,2,50,0.0,0.038461538461538464,0.9615384615384616,52,1100,800,300,0.7272727272727273,14,8,6,336.2015185978698,0.40378330819507285,0.25088259522221756,0.1922131714199486,130395.54172092034,-1632.1641710069234,128763.37754991342,3032,1,836.9807692307693,39,13,18,36.07693778684345,0.6188568376068375,44.66145833333334,1021.3541666666683,26.188568376068417,0
3038,4,0,0,50,0.0,0.0,1.0,50,1500,1100,400,0.7333333333333333,19,11,8,346.246783144553,0.4001360544217687,0.23970711297071157,0.19797363916638322,130398.9517130544,-969.9564887865977,129428.9952242678,3033,2,838.76,38,12,20,35.816989191073915,0.6206140350877192,44.658119658119666,1021.3675213675223,26.878092667566374,0
3039,4,1,2,49,0.0196078431372549,0.0392156862745098,0.9607843137254902,51,1000,800,200,0.8,12,8,4,339.3605121779519,0.40220588235294114,0.23787572707672733,0.19508756332760663,130608.41064453135,-1335.332573784708,129273.07807074665,3034,0,823.2941176470588,39,12,14,35.78087316145251,0.6209935897435896,44.45312500000001,1022.1875000000008,26.20993589743592,0
3040,4,0,0,49,0.0,0.0,1.0,49,1350,900,450,0.6666666666666666,18,9,9,353.3945058581062,0.3978706065759637,0.24406140161805556,0.20248721746681078,130480.80490037627,-577.7600856527092,129903.04481472356,3035,4,857.1020408163265,38,11,20,35.551518003415936,0.6214364035087719,44.577991452991455,1021.6880341880346,26.886527215474597,0
3041,4,0,0,49,0.0,0.0,1.0,49,850,600,250,0.7058823529411765,11,6,5,352.90177613811863,0.39779974489795916,0.24668167319201562,0.20248983135939458,130535.3879597671,-586.7659480239508,129948.62201174315,3036,5,858.1020408163265,38,11,14,35.508799442411565,0.6219846491228069,44.524572649572654,1021.9017094017105,26.892150247413433,0
3042,4,1,0,50,0.02,0.0,1.0,50,900,600,300,0.6666666666666666,12,6,6,348.38913062414684,0.4017006802721088,0.2556822810590629,0.20124595663112493,130794.81336805563,-886.5017361111065,129908.31163194453,3037,0,841.92,39,11,15,35.36150712830956,0.6228632478632479,44.270833333333336,1022.9166666666673,26.228632478632495,0
3043,4,1,0,51,0.0196078431372549,0.0,1.0,51,1350,1000,350,0.7407407407407407,17,10,7,345.8109088745451,0.404640522875817,0.26236021847460833,0.20131349097220042,131093.85456945264,-1133.2630006940367,129960.59156875861,3038,0,826.3921568627451,40,11,16,35.12516125831102,0.62421875,43.978658536585364,1024.085365853658,25.60213414634145,0
3044,4,0,2,49,0.0,0.0392156862745098,0.9607843137254902,51,1200,800,400,0.6666666666666666,16,8,8,344.24818255824977,0.4047058823529412,0.25876440637750875,0.20108401949897292,131223.97898902764,-1165.2767449930607,130058.70224403459,3039,1,827.3921568627451,40,11,16,35.033764795344844,0.6255208333333333,43.85162601626016,1024.593495934959,25.614837398373975,0
3045,4,0,1,48,0.0,0.02040816326530612,0.9795918367346939,49,2150,1800,350,0.8372093023255814,25,18,7,355.17562352144745,0.4016971371882086,0.25165095938707704,0.1972469791143093,129258.63997443387,-607.5981336498373,128651.04184078403,3040,2,861.4285714285714,36,13,21,36.747646733111836,0.6128472222222223,45.777027027027025,1016.8918918918918,28.246996996996995,5
3046,4,2,2,48,0.04,0.04,0.96,50,1250,1000,250,0.8,15,10,5,349.83923824147143,0.40525510204081633,0.25848866498740586,0.19561433462234346,129527.44904667951,-937.2431788297491,128590.20586784976,3041,0,845.12,38,12,16,36.609860411418985,0.611842105263158,45.5128205128205,1017.9487179487155,26.788124156545145,0
3047,4,0,0,48,0.0,0.0,1.0,48,1300,800,500,0.6153846153846154,18,8,10,365.9748607647173,0.39983192966903075,0.26744261145556525,0.20353971320362832,129315.90374157931,-134.72602670239326,129181.17771487692,3042,5,881.3333333333334,36,12,21,36.41473833776202,0.613425925925926,45.72072072072071,1017.1171171171163,28.25325325325323,0
3048,4,0,0,48,0.0,0.0,1.0,48,1300,800,500,0.6153846153846154,18,8,10,366.3066488656556,0.3995456560283688,0.27412110815995216,0.20431770858951023,129430.46932067211,-117.75170440710139,129312.71761626501,3043,6,882.3333333333334,36,12,18,36.28956396635679,0.6145833333333334,45.60810810810811,1017.5675675675684,28.26576576576579,0
3049,4,2,2,48,0.04,0.04,0.96,50,1200,900,300,0.75,15,9,6,348.9197615885121,0.4065391156462585,0.26449667858967896,0.1967827012762875,129864.12896050337,-937.5678168402824,128926.56114366309,3044,0,848.0,39,11,18,36.291198262646915,0.6135149572649572,45.182291666666664,1019.2708333333325,26.13514957264955,0
3050,4,0,0,48,0.0,0.0,1.0,48,900,500,400,0.5555555555555556,13,5,8,362.2010192393359,0.39967494089834515,0.2699000287170654,0.2028587855643228,129591.85157933201,-212.3398545706487,129379.51172476137,3045,8,884.3333333333334,37,11,18,36.22971857276187,0.6143018018018018,45.44956140350877,1018.2017543859641,27.51896633475579,0
3051,4,0,0,48,0.0,0.0,1.0,48,1300,900,400,0.6923076923076923,17,9,8,363.6462862067895,0.3998503989361702,0.27490493614578826,0.2045400297477902,129759.37307633145,-162.69717605413825,129596.67590027732,3046,9,885.3333333333334,37,11,18,36.02247453006172,0.6159909909909909,45.28508771929826,1018.8596491228092,27.536747273589437,0
3052,4,1,0,49,0.02040816326530612,0.0,1.0,49,850,400,450,0.47058823529411764,13,4,9,358.4049513741583,0.40334467120181405,0.2795021992453772,0.20281991178919162,129996.88042534742,-481.69487847220023,129515.18554687522,3047,0,868.2448979591836,39,10,19,35.91462376574736,0.6148504273504274,45.05208333333334,1019.7916666666683,26.148504273504315,0
3053,4,0,0,49,0.0,0.0,1.0,49,1150,700,450,0.6086956521739131,16,7,9,361.06430850303934,0.4022994614512472,0.28132775022359535,0.2050387815254819,130132.94004891287,-402.7279975543455,129730.21205135853,3048,1,869.2448979591836,40,9,20,35.70862383798141,0.6145833333333333,44.91869918699188,1020.325203252034,25.508130081300852,0
3054,4,2,2,49,0.0392156862745098,0.0392156862745098,0.9607843137254902,51,1250,1000,250,0.8,15,10,5,346.27814874497284,0.4076470588235294,0.2719364493300884,0.1992012750165985,130635.0314670142,-1152.5949813375469,129482.43648567665,3049,0,836.1176470588235,39,12,15,35.57715168806468,0.6212606837606836,44.42708333333335,1022.2916666666691,26.212606837606902,0
3055,4,0,0,49,0.0,0.0,1.0,49,1200,700,500,0.5833333333333334,17,7,10,360.89200994380286,0.40316751700680276,0.27276919135855104,0.20634734539849064,130398.95171305459,-388.01204434214094,130010.93966871244,3050,3,871.2448979591836,38,11,21,35.44303521617853,0.6206140350877192,44.65811965811967,1021.3675213675239,26.878092667566417,0
3056,4,1,1,49,0.02,0.02,0.98,50,900,400,500,0.4444444444444444,14,4,10,355.5096851612184,0.4064625850340136,0.27795211411105436,0.20465264280688342,130661.65500217036,-709.7032335069225,129951.95176866344,3051,0,854.8,39,11,15,35.314251146204796,0.6215277777777777,44.40104166666668,1022.3958333333351,26.21527777777782,0
3057,4,0,0,49,0.0,0.0,1.0,49,900,600,300,0.6666666666666666,12,6,6,366.99826868406683,0.4028663548752835,0.2898099973761843,0.2108752214114397,130589.9824334321,-214.74050788953133,130375.24192554258,3052,5,873.2448979591836,38,11,16,35.09328943242396,0.622532894736842,44.471153846153854,1022.1153846153859,26.89777327935226,0
3058,4,0,0,49,0.0,0.0,1.0,49,850,600,250,0.7058823529411765,11,6,5,370.1449153318465,0.4028309240362811,0.2890108085863119,0.21328458667315492,130699.20562358462,-124.47072010373563,130574.73490348089,3053,6,874.2448979591836,38,11,16,34.90209138717654,0.6236293859649122,44.36431623931624,1022.542735042735,26.90901934322987,0
3059,4,0,0,49,0.0,0.0,1.0,49,1050,600,450,0.5714285714285714,15,6,9,371.33113588526527,0.4030435090702948,0.28737268878723365,0.21442245446112967,130781.15297866902,-87.37718240923567,130693.77579625978,3054,7,875.2448979591836,38,11,16,34.78866374207922,0.6244517543859649,44.284188034188034,1022.863247863248,26.917453891138106,0
3060,4,1,1,49,0.02,0.02,0.98,50,1450,1100,350,0.7586206896551724,18,11,7,362.87228112515186,0.40522959183673474,0.2926321905868685,0.21169599858182575,131175.63952664385,-479.99929138323284,130695.64023526061,3055,0,858.72,41,9,18,34.605607205113316,0.6234756097560975,43.89880952380952,1024.4047619047608,24.98548199767709,0
3061,4,0,0,49,0.0,0.0,1.0,49,700,400,300,0.5714285714285714,10,4,6,373.29069095423836,0.4016439909297052,0.2953178889894752,0.21731081991599407,131093.85456945264,-12.776889582925094,131081.07767986972,3056,1,877.0816326530612,40,9,18,34.42162019119447,0.62421875,43.978658536585364,1024.085365853658,25.60213414634145,0
3062,4,0,0,49,0.0,0.0,1.0,49,1450,700,750,0.4827586206896552,22,7,15,375.21086637970575,0.4018211451247165,0.2924677459516696,0.21902146751440718,131197.94894118904,45.37921789278519,131243.32815908184,3057,2,878.0816326530612,40,9,20,34.267020467546224,0.6252604166666667,43.8770325203252,1024.4918699186987,25.61229674796747,0
3063,4,0,0,49,0.0,0.0,1.0,49,1700,1400,300,0.8235294117647058,20,14,6,372.0373847580641,0.4015022675736961,0.29094735564032237,0.21775954876872178,131302.08462431422,-30.143164617625473,131271.9414596966,3058,3,879.0816326530612,40,9,20,34.24289373657246,0.6263020833333334,43.77540650406504,1024.8983739837397,25.62245934959349,0
3064,4,0,1,48,0.0,0.02040816326530612,0.9795918367346939,49,1200,800,400,0.6666666666666666,16,8,8,372.327950041978,0.4019982993197279,0.2877678809632169,0.21824219763246108,131356.98356718183,-18.414389099514892,131338.5691780823,3059,4,880.0816326530612,36,13,21,34.1798949064411,0.6339699074074076,43.72184684684684,1025.112612612611,28.475350350350304,0
3065,4,0,0,48,0.0,0.0,1.0,48,1600,1100,500,0.6875,21,11,10,384.579925278367,0.3972554669030733,0.2875640673622557,0.22576403737327694,131414.7102127463,507.8918868192233,131922.6020995655,3060,5,898.9583333333334,36,12,21,33.8074318140216,0.6345486111111113,43.665540540540526,1025.3378378378359,28.48160660660655,0
3066,4,1,1,48,0.02040816326530612,0.02040816326530612,0.9795918367346939,49,1200,800,400,0.6666666666666666,16,8,8,376.16205932385,0.4010062358276644,0.2861009085636965,0.22238700947225967,131684.26890432072,106.92515432096062,131791.19405864167,3061,0,881.5918367346939,38,11,20,33.75056382498872,0.633497807017544,43.402777777777764,1026.3888888888869,27.010233918128602,0
3067,4,0,0,48,0.0,0.0,1.0,48,1250,900,350,0.72,16,9,7,381.78290976566274,0.397338578605201,0.28351034291267574,0.22522377551532063,131602.0390459491,448.6818796113383,132050.72092556042,3062,7,900.9583333333334,38,10,20,33.68952172705816,0.6326754385964914,43.48290598290597,1026.0683760683742,27.001799370220372,0
3068,4,0,0,48,0.0,0.0,1.0,48,750,500,250,0.6666666666666666,10,5,5,384.7315887871005,0.3971446513002364,0.282842805593144,0.22745331529093363,131684.26890432087,532.6195987654194,132216.8885030863,3063,8,901.9583333333334,38,10,20,33.530672079386555,0.6334978070175439,43.40277777777777,1026.388888888888,27.01023391812863,0
3069,4,0,0,48,0.0,0.0,1.0,48,1100,500,600,0.45454545454545453,17,5,12,376.7209731673078,0.3972277630023641,0.2465331904390755,0.21106244915880146,129605.14298311903,189.10777273871048,129794.25075585775,3064,9,902.9583333333334,41,7,16,35.846567290205236,0.6077235772357723,45.43650793650793,1018.2539682539671,24.83546264034066,8
3070,4,2,1,49,0.04,0.02,0.98,50,1450,800,650,0.5517241379310345,21,8,13,367.37123508163734,0.40188775510204083,0.2592686774941999,0.20866763616260622,130141.77755000281,-437.9308891471616,129703.84666085565,3065,0,867.8,43,7,18,35.53876643464811,0.6102228682170543,44.910037878787875,1020.3598484848479,23.729298801973208,0
3071,4,0,0,49,0.0,0.0,1.0,49,1050,600,450,0.5714285714285714,15,6,9,374.0228167926023,0.39967757936507936,0.267374268541114,0.21229575407058257,130114.25212013989,-66.8601834324999,130047.3919367074,3066,1,886.5102040816327,42,7,18,35.39707791179915,0.611359126984127,44.93701550387596,1020.251937984495,24.291712809154642,0
3072,4,0,0,49,0.0,0.0,1.0,49,1600,1300,300,0.8125,19,13,6,376.75020927893195,0.3993055555555556,0.2650300791958573,0.21482777890798663,130292.97052154191,18.256823416219106,130311.22734495813,3067,2,887.5102040816327,34,15,18,35.145804182213936,0.6274509803921569,44.76190476190476,1020.9523809523806,30.028011204481782,0
3073,4,2,2,49,0.0392156862745098,0.0392156862745098,0.9607843137254902,51,550,300,250,0.5454545454545454,8,3,5,361.4240658125896,0.4037091503267974,0.2568219269203442,0.20807667048272036,130665.25298524876,-754.886601128158,129910.3663841206,3068,0,853.6666666666666,36,15,16,35.15943385835443,0.627025462962963,44.39752252252252,1022.40990990991,28.400275275275277,0
3074,4,0,0,49,0.0,0.0,1.0,49,1300,900,400,0.6923076923076923,17,9,8,379.3846521756754,0.399234693877551,0.27047733013628683,0.21744516419392962,130492.60567577723,101.37836316047057,130593.9840389377,3069,4,889.5102040816327,36,13,17,34.875684264668074,0.6252893518518519,44.56644144144145,1021.734234234235,28.38150650650653,0
3075,4,0,0,49,0.0,0.0,1.0,49,1300,800,500,0.6153846153846154,18,8,10,374.79405520985705,0.39827806122448983,0.2777352504056687,0.21596351007908132,130699.20562358461,-2.9429423259560394,130696.26268125865,3070,5,890.5102040816327,38,11,17,34.783242782015115,0.6236293859649122,44.36431623931624,1022.5427350427349,26.909019343229865,0
3076,4,0,0,49,0.0,0.0,1.0,49,1350,900,450,0.6666666666666666,18,9,9,374.81729649188657,0.3984906462585034,0.2739337038481957,0.21628245806611385,130753.83434007232,1.7597386587794972,130755.5940787311,3071,6,891.5102040816327,38,11,17,34.72722761934609,0.6241776315789473,44.31089743589744,1022.7564102564103,26.914642375168693,0
3077,4,0,1,48,0.0,0.02040816326530612,0.9795918367346939,49,1550,1100,450,0.7096774193548387,20,11,9,370.88183453172246,0.39847293083900226,0.27292649452748186,0.21445533763531616,130833.79937743756,-95.22409362811408,130738.57528380945,3072,7,892.5102040816327,40,9,17,34.74677990795006,0.6216145833333333,44.23272357723578,1023.0691056910584,25.57672764227646,0
3078,4,0,0,48,0.0,0.0,1.0,48,1550,1200,350,0.7741935483870968,19,12,7,375.5271108350054,0.39605496453900707,0.2768354033051681,0.21737199821639738,130874.7409396703,229.40266927085403,131104.14360894114,3073,8,911.1666666666666,39,9,18,34.58645101632225,0.6236645299145298,44.19270833333334,1023.229166666668,26.236645299145334,0
3079,4,0,0,48,0.0,0.0,1.0,48,1200,800,400,0.6666666666666666,16,8,8,379.4584205459183,0.395630171394799,0.2776371790958725,0.22056160943499914,131034.66932508699,344.4417317708529,131379.11105685783,3074,9,912.1666666666666,39,9,18,34.32370620951607,0.6252670940170939,44.03645833333334,1023.8541666666681,26.252670940170976,0
3080,4,1,1,48,0.02040816326530612,0.02040816326530612,0.9795918367346939,49,1550,1300,250,0.8387096774193549,18,13,5,375.7683918302588,0.39902210884353745,0.2765886842541885,0.22009291521486654,131328.12500000047,69.79166666670949,131397.91666666718,3075,0,894.530612244898,40,9,18,34.1209349593496,0.6265624999999999,43.75000000000002,1025.0000000000036,25.625000000000092,0
3081,4,0,0,48,0.0,0.0,1.0,48,1200,900,300,0.75,15,9,6,379.53778502546044,0.3952330821513002,0.2784733240777466,0.22199878330607586,131276.04683059047,364.8440081962017,131640.89083878667,3076,11,914.1666666666666,40,8,18,34.077085812508265,0.6260416666666666,43.80081300813009,1024.7967479674815,25.619918699187036,0
3082,4,0,0,48,0.0,0.0,1.0,48,1100,600,500,0.5454545454545454,16,6,10,325.06838016369875,0.39532542848699764,0.12718294337063463,0.18907823532598556,131061.33355034713,-1079.220920138894,129982.11263020824,3077,12,915.1666666666666,43,5,15,35.689004747372,0.6194282945736433,44.010416666666664,1023.9583333333326,23.812984496124013,6
3083,4,0,0,48,0.0,0.0,1.0,48,1050,900,150,0.8571428571428571,12,9,3,327.69019757964475,0.39532542848699764,0.1205597934966871,0.1908438065064004,131109.8209097365,-1007.3193762913279,130102.50153344517,3078,13,916.1666666666666,43,5,16,35.572988904299585,0.6199127906976745,43.96306818181818,1024.1477272727268,23.817389006342484,0
3084,4,0,0,48,0.0,0.0,1.0,48,1450,1200,250,0.8275862068965517,17,12,5,323.9250378956121,0.39544547872340424,0.11672049567862208,0.18961006052176235,131304.39921982147,-1093.4435013717632,130210.95571844971,3079,14,917.1666666666666,44,4,16,35.4733188785497,0.620501893939394,43.77314814814814,1024.9074074074058,23.29335016835013,0
3085,4,1,1,48,0.02040816326530612,0.02040816326530612,0.9795918367346939,49,1100,800,300,0.7272727272727273,14,8,6,321.4887900837626,0.3993055555555556,0.11811985844583361,0.18952802390906873,131576.54663181282,-1339.9166139466083,130236.6300178662,3080,0,899.4285714285714,42,7,11,35.26181368845233,0.6259920634920635,43.50775193798449,1025.9689922480607,24.427833148763348,0
3086,4,0,0,48,0.0,0.0,1.0,48,1250,800,450,0.64,17,8,9,330.5094367364432,0.39429114952718675,0.12471593656319535,0.19474632964624272,131557.01929209183,-903.8327310090673,130653.18656108277,3081,16,919.1666666666666,41,7,11,35.05010395513006,0.6272865853658536,43.526785714285715,1025.892857142857,25.02177700348432,0
3087,4,0,2,46,0.0,0.041666666666666664,0.9583333333333334,48,1050,700,350,0.6666666666666666,14,7,7,335.4018614922331,0.39460512706855794,0.1352334235453314,0.19828958051420842,131684.26890432116,-766.5702160493661,130917.69868827179,3082,17,920.1666666666666,41,7,13,34.79645917907082,0.6285569105691056,43.402777777777786,1026.3888888888903,25.033875338753422,0
3088,4,0,0,46,0.0,0.0,1.0,46,900,600,300,0.6666666666666666,12,6,6,339.64454465248485,0.3929649758454106,0.1434696513129574,0.20084367101815576,131692.9613655895,-254.24082060940293,131438.72054498008,3083,18,948.2608695652174,40,6,13,34.67883663366338,0.6302083333333333,43.39430894308944,1026.422764227644,25.6605691056911,0
3089,4,0,0,46,0.0,0.0,1.0,46,800,600,200,0.75,10,6,4,337.28646483359313,0.39303542673107894,0.14401797319514875,0.19972261827367882,131745.1221577766,-312.8306976667184,131432.2914601099,3084,19,949.2608695652174,40,6,13,34.686819441694716,0.6307291666666666,43.34349593495936,1026.6260162601639,25.665650406504096,0
3090,4,1,0,47,0.02127659574468085,0.0,1.0,47,1350,1000,350,0.7407407407407407,17,10,7,316.06424082016434,0.39716312056737585,0.1332350375961051,0.18333808763225667,130955.93268320705,-1121.902511117129,129834.03017208992,3085,0,930.0425531914893,42,5,14,36.025710814478195,0.6197916666666667,44.11337209302325,1023.5465116279063,24.370155038759673,4
3091,4,0,0,47,0.0,0.0,1.0,47,1400,900,500,0.6428571428571429,19,9,10,317.48913091654964,0.39706675917360473,0.12965255675469933,0.18487838152380243,131104.74623107092,-1075.133612012497,130029.61261905843,3086,1,931.0425531914893,42,5,16,35.83928627747816,0.6212797619047619,43.968023255813954,1024.1279069767447,24.383997785160588,0
3092,4,1,0,48,0.020833333333333332,0.0,1.0,48,1250,800,450,0.64,17,8,9,308.0906690810302,0.39884382387706857,0.12383449883449904,0.1809220566157303,131427.46548434586,-1501.494708100473,129925.97077624538,3087,0,912.625,42,6,18,35.755292005292006,0.6245039682539684,43.6531007751938,1025.3875968992247,24.413990402362494,0
3093,4,0,0,48,0.0,0.0,1.0,48,650,400,250,0.6153846153846154,9,4,5,308.0906690810302,0.39884382387706857,0.12383449883449904,0.1809220566157303,131427.46548434586,-1501.6848446607755,129925.78063968508,3088,1,913.625,42,6,18,35.755292005292006,0.6245039682539684,43.6531007751938,1025.3875968992247,24.413990402362494,0
3094,4,0,0,48,0.0,0.0,1.0,48,1350,1000,350,0.7407407407407407,17,10,7,308.1698962503931,0.3984467346335698,0.11924805579169417,0.1815578570730611,131551.6939054893,-1491.9456275163898,130059.7482779729,3089,2,914.625,42,6,19,35.628404332357306,0.6257440476190477,43.53197674418604,1025.8720930232546,24.425526024363204,0
3095,4,1,0,49,0.02040816326530612,0.0,1.0,49,800,600,200,0.75,10,6,4,305.5458659763261,0.4030435090702948,0.1265072714199127,0.18102340321941693,131765.2779571282,-1747.9328081955846,130017.3451489326,3090,0,896.9387755102041,43,6,12,35.48123040029515,0.626453488372093,43.32386363636364,1026.7045454545462,23.876849894291773,0
3096,4,0,1,48,0.0,0.02040816326530612,0.9795918367346939,49,1050,700,350,0.6666666666666666,14,7,7,304.44949988063394,0.40307893990929705,0.1347401528590053,0.18118335843143152,131935.47804931412,-1766.4619382747965,130169.01611103932,3091,1,897.9387755102041,43,6,12,35.33860647678742,0.6281492248062015,43.15814393939394,1027.3674242424238,23.89226568005637,0
3097,4,0,1,47,0.0,0.020833333333333332,0.9791666666666666,48,950,400,550,0.42105263157894735,15,4,11,308.8107554218957,0.4016973256501182,0.13740093405038256,0.18336611746311887,131850.0815474581,-1456.6553429781845,130393.42620447993,3092,2,917.5625,42,6,12,35.31229361260497,0.6287202380952381,43.241279069767444,1027.0348837209303,24.45321151716501,0
3098,4,0,0,47,0.0,0.0,1.0,47,950,700,250,0.7368421052631579,12,7,5,311.47347810608755,0.40113320999074925,0.14230830991569654,0.185068322193079,131874.96244216093,-1184.889354606094,130690.07308755483,3093,3,935.3191489361702,42,5,14,35.21894654088052,0.628968253968254,43.21705426356589,1027.1317829457364,24.455518641565153,0
3099,4,0,0,47,0.0,0.0,1.0,47,1600,1100,500,0.6875,21,11,10,312.47065222582205,0.4013452050570459,0.14270124096757741,0.18639278613650578,132024.29710504191,-1149.2563547863604,130875.04075025556,3094,4,936.3191489361702,42,5,15,35.04345024828713,0.6304563492063491,43.071705426356594,1027.7131782945748,24.469361387966067,0
3100,4,0,1,46,0.0,0.02127659574468085,0.9787234042553191,47,1250,700,550,0.56,18,7,11,313.02704774030155,0.4014030218933087,0.1453121897706282,0.1870931802522174,132098.99612590892,-1129.88824664984,130969.10787925907,3095,5,937.3191489361702,42,5,15,34.95420554874792,0.6312003968253967,42.99903100775194,1028.0038759689924,24.476282761166484,0
3101,4,0,0,46,0.0,0.0,1.0,46,750,500,250,0.6666666666666666,10,5,5,313.14736979516556,0.4009057971014493,0.15382695123537293,0.18725598344993086,132117.37769471225,-925.5581341332731,131191.81956057897,3096,6,956.6304347826087,41,5,15,34.93267313197595,0.6328760162601625,42.9811507936508,1028.0753968253975,25.075009678668234,0
3102,4,0,0,46,0.0,0.0,1.0,46,1250,1000,250,0.8,15,10,5,315.28851873884594,0.4009057971014493,0.17974549310710475,0.18466898954703823,131328.12499999985,-918.7500000000173,130409.37499999984,3097,7,957.6304347826087,41,5,16,35.67073170731707,0.625,43.74999999999999,1024.9999999999989,24.99999999999997,1
3103,4,0,0,46,0.0,0.0,1.0,46,850,500,350,0.5882352941176471,12,5,7,316.36687654432814,0.4004730273752013,0.18445762604909466,0.18567016860225047,131404.40095308947,-885.6000212585133,130518.80093183095,3098,8,958.6304347826087,41,5,17,35.56634010643444,0.6257621951219512,43.675595238095234,1025.2976190476184,25.007259001161422,0
3104,4,0,0,46,0.0,0.0,1.0,46,800,600,200,0.75,10,6,4,316.93475769630146,0.40037238325281804,0.19071844072159538,0.1862509715921924,131455.2638908571,-867.4515581695806,130587.81233268754,3099,9,959.6304347826087,41,5,17,35.50060865499339,0.6262703252032521,43.625992063492056,1025.4960317460304,25.012098335269034,0
3105,4,0,0,46,0.0,0.0,1.0,46,800,400,400,0.5,12,4,8,317.97262521220455,0.3998087761674718,0.19440345101600598,0.18735925454811425,131557.01929209175,-833.693842120195,130723.32544997155,3100,10,960.6304347826087,41,5,12,35.37163958998161,0.6272865853658537,43.52678571428571,1025.8928571428564,25.021777003484303,0
3106,4,0,0,46,0.0,0.0,1.0,46,1400,1000,400,0.7142857142857143,18,10,8,317.9671207869194,0.3996376811594203,0.20045507834659038,0.18810782154272482,131709.72620819174,-824.1275155895573,130885.59869260219,3101,11,961.6304347826087,41,5,14,35.21823958635354,0.628810975609756,43.3779761904762,1026.4880952380963,25.036295005807226,0
3107,4,0,0,46,0.0,0.0,1.0,46,850,600,250,0.7058823529411765,11,6,5,317.6813992138189,0.3993558776167472,0.20352943153507796,0.18819031485196427,131760.64819735786,-828.4185838687097,130932.22961348915,3102,12,962.6304347826087,41,5,14,35.17439285599252,0.6293191056910568,43.32837301587303,1026.6865079365095,25.041134339914866,0
3108,4,0,0,46,0.0,0.0,1.0,46,1200,800,400,0.6666666666666666,16,8,8,319.31832675715566,0.3993961352657005,0.19591674750859833,0.18966739167623856,131862.52170138914,-778.7760416666426,131083.74565972248,3103,13,963.6304347826087,41,5,15,35.03000338066261,0.6303353658536585,43.22916666666668,1027.0833333333353,25.05081300813013,0
3109,4,1,0,47,0.02127659574468085,0.0,1.0,47,1350,900,450,0.6666666666666666,18,9,9,317.4559368024564,0.40294480419364787,0.1043438399038914,0.17953600459500293,129972.73875114809,-1146.7914227502104,128825.94732839789,3104,0,944.1063829787234,43,4,14,36.983036156513116,0.6085271317829457,45.075757575757585,1019.6969696969717,23.713883016208644,6
3110,4,1,0,48,0.020833333333333332,0.0,1.0,48,1200,900,300,0.75,15,9,6,325.3033398198452,0.4052618942080379,0.13538575667655817,0.18580885681235237,130359.27456382012,-1118.415691000906,129240.85887281921,3105,0,925.4166666666666,43,5,15,36.39187685459941,0.6124031007751938,44.6969696969697,1021.2121212121219,23.749119097956324,0
3111,4,0,0,48,0.0,0.0,1.0,48,1500,1100,400,0.7333333333333333,19,11,8,323.39862810501245,0.4054373522458629,-0.05842475792839985,0.1828477326257223,129962.24307032427,-1120.580015413387,128841.66305491088,3106,1,926.4166666666666,45,3,15,36.8421685765894,0.605787037037037,45.086050724637694,1019.6557971014515,22.65901771336559,8
3112,4,1,1,48,0.02040816326530612,0.02040816326530612,0.9795918367346939,49,1000,900,100,0.9,11,9,2,319.74190840737594,0.407312925170068,-0.051465451515097405,0.18165001805374634,130149.48710452198,-1477.1509229917906,128672.33618153019,3107,0,908.4897959183673,46,3,15,36.74594555459023,0.6064311594202898,44.90248226950355,1020.3900709219863,22.18239284613014,0
3113,4,1,1,48,0.02040816326530612,0.02040816326530612,0.9795918367346939,49,1350,800,550,0.5925925925925926,19,8,11,320.4183385890779,0.40609056122448983,-0.03912810603235961,0.18290476151434792,130335.09926143558,-1447.501445787651,128887.59781564793,3108,0,909.469387755102,43,6,17,36.541025224891044,0.6121608527131781,44.72064393939395,1021.1174242424258,23.746916842847114,0
3114,4,1,1,48,0.02040816326530612,0.02040816326530612,0.9795918367346939,49,750,600,150,0.8,9,6,3,319.977322464573,0.40601969954648526,-0.006871422709730846,0.18379538272273246,130576.9531698379,-1443.6672298266453,129133.28594001125,3109,0,908.7142857142857,43,6,16,36.30796581117391,0.6145833333333333,44.48390151515153,1022.0643939393965,23.768939393939455,0
3115,4,1,1,48,0.02040816326530612,0.02040816326530612,0.9795918367346939,49,800,500,300,0.625,11,5,6,318.24346645126093,0.4088010204081633,9.974122692790743e-05,0.18400167769858633,130830.33371913602,-1472.8202160493604,129357.51350308665,3110,0,890.5714285714286,44,5,16,36.0965924518056,0.6157670454545453,44.23611111111112,1023.0555555555572,23.251262626262665,0
3116,4,0,0,48,0.0,0.0,1.0,48,950,600,350,0.631578947368421,13,6,7,322.67163318552645,0.4053080673758865,-0.008189069925322645,0.18639031987540464,130794.8133680559,-1159.244791666632,129635.56857638927,3111,2,910.125,43,5,16,36.019178547182634,0.6167635658914727,44.27083333333335,1022.9166666666694,23.788759689922543,0
3117,4,0,0,48,0.0,0.0,1.0,48,1600,1200,400,0.75,20,12,8,323.53943460713765,0.40507720153664306,-0.007178389634428406,0.18724389881789652,130867.47378795073,-1131.8423044363878,129735.63148351434,3112,3,911.125,43,5,16,35.92366574116921,0.6174903100775193,44.199810606060616,1023.2007575757592,23.795366455250214,0
3118,4,1,1,48,0.02040816326530612,0.02040816326530612,0.9795918367346939,49,1600,1200,400,0.75,20,12,8,317.3966731461451,0.40784438775510207,-0.0012061213424465755,0.1854441174781016,131233.23473936907,-1469.4015775034236,129763.83316186565,3113,0,893.5102040816327,44,5,17,35.7122417013073,0.6197916666666666,43.842592592592595,1024.6296296296302,23.287037037037052,0
3119,4,0,2,46,0.0,0.041666666666666664,0.9583333333333334,48,1450,1000,450,0.6896551724137931,19,10,9,317.3012994906692,0.40565898345153667,-0.042297638363079204,0.18864633529204114,131898.1867283952,-1229.6724965706326,130668.51423182456,3114,1,912.9375,44,4,17,35.04597079502433,0.6264204545454545,43.19444444444445,1027.2222222222233,23.34595959595962,6
3120,4,0,1,45,0.0,0.021739130434782608,0.9782608695652174,46,1550,1200,350,0.7741935483870968,19,12,7,321.50346759948116,0.400432769726248,-0.023582788251892306,0.1912099570460074,131911.15702479353,-718.021120293836,131193.1359044997,3115,6,952.5434782608696,43,3,19,34.92502458210422,0.627906976744186,43.18181818181819,1027.2727272727284,23.890063424947172,0
3121,4,1,0,46,0.021739130434782608,0.0,1.0,46,1600,1100,500,0.6875,21,11,10,324.56939916834995,0.39898349436392916,-0.0005989711789160523,0.1944265235794874,132183.68055555565,-619.4444444444343,131564.2361111112,3116,0,952.9782608695652,44,2,21,34.57252836304701,0.6292613636363635,42.91666666666667,1028.3333333333342,23.37121212121214,0
3122,4,0,0,46,0.0,0.0,1.0,46,1100,500,600,0.45454545454545453,17,5,12,322.54109736015926,0.3985607890499195,-0.01035308479669439,0.1939435429581219,132326.5432098767,-663.8503086419585,131662.69290123472,3117,1,953.9782608695652,44,2,21,34.48130399568034,0.6306818181818181,42.777777777777786,1028.88888888889,23.38383838383841,0
3123,4,0,0,46,0.0,0.0,1.0,46,1400,1100,300,0.7857142857142857,17,11,6,323.8105956240379,0.3983695652173913,-0.00242976852805854,0.19521153050477683,132424.15229030317,-623.8541138799127,131800.29817642327,3118,2,954.9782608695652,40,6,21,34.35072735650343,0.6375000000000002,42.68292682926828,1029.2682926829252,25.73170731707313,0
3124,4,0,2,44,0.0,0.043478260869565216,0.9565217391304348,46,1100,700,400,0.6363636363636364,15,7,8,321.3165385120233,0.3975342190016103,0.004267419362944169,0.19462708884666413,132602.28194286957,-678.538753464368,131923.74318940518,3119,3,955.9782608695652,41,5,21,34.23633853464329,0.6377032520325204,42.509920634920626,1029.960317460316,25.120983352690633,0
3125,4,0,0,44,0.0,0.0,1.0,44,1250,800,450,0.64,17,8,9,332.0098175042325,0.3926180408738548,0.008587391364326624,0.20072887131677888,132532.04345703113,0.38791232637527173,132532.4313693575,3120,4,999.4090909090909,39,5,23,34.03146602596527,0.6402243589743591,42.57812499999999,1029.687499999999,26.402243589743566,0
3126,4,0,0,44,0.0,0.0,1.0,44,800,700,100,0.875,9,7,2,333.6244111918713,0.3923097251585624,0.01338074790588184,0.20199293040134889,132585.67843967,46.76378038192564,132632.44222005195,3121,5,1000.4090909090909,39,5,23,33.93608189204678,0.6407585470085471,42.52604166666666,1029.8958333333321,26.40758547008544,0
3127,4,0,0,44,0.0,0.0,1.0,44,1200,800,400,0.6666666666666666,16,8,8,332.3986755655838,0.39239781536293167,0.014422042046351002,0.2015067569098536,132633.43578557717,17.435678167737876,132650.8714637449,3122,6,1001.4090909090909,40,4,15,33.91973329387002,0.6395833333333334,42.47967479674796,1030.0813008130067,25.752032520325166,0
3128,4,0,0,44,0.0,0.0,1.0,44,1400,900,500,0.6428571428571429,19,9,10,334.3113471994854,0.3924418604651163,0.017039852279450374,0.20351654761687754,132790.50684942826,78.6746480269702,132869.18149745523,3123,7,1002.4090909090909,40,4,16,33.7129428778019,0.6411458333333333,42.327235772357724,1030.6910569105692,25.76727642276423,0
3129,4,1,1,44,0.022222222222222223,0.022222222222222223,0.9777777777777777,45,1150,800,350,0.6956521739130435,15,8,7,331.0394548310024,0.3952861952861953,0.030566771347390276,0.20327464044581364,133113.66705246898,-186.82484567903276,132926.84220678994,3124,0,981.1111111111111,41,4,17,33.47353073126961,0.6427845528455285,42.01388888888888,1031.9444444444432,25.169376693766907,0
3130,4,0,0,44,0.0,0.0,1.0,44,1250,1000,250,0.8,15,10,5,338.62062086229173,0.3923647815362932,0.040819938642264075,0.20778720221762198,133088.0744224771,213.27327806120672,133301.34770053832,3125,9,1004.4090909090909,41,3,17,33.30358859725028,0.6425304878048781,42.03869047619047,1031.8452380952365,25.166957026713085,0
3131,4,0,0,44,0.0,0.0,1.0,44,1150,900,250,0.782608695652174,14,9,5,337.234557077361,0.3921996124031008,0.03826624250581179,0.20707874042023058,133113.66705246898,178.10570987652284,133291.7727623455,3126,10,1005.4090909090909,41,3,17,33.31370569762223,0.6427845528455285,42.01388888888888,1031.9444444444432,25.169376693766907,0
3132,4,0,0,44,0.0,0.0,1.0,44,1000,600,400,0.6,14,6,8,337.234557077361,0.3921996124031008,0.03826624250581179,0.20707874042023058,133113.66705246898,178.10570987652284,133291.7727623455,3127,11,1006.4090909090909,41,3,17,33.31370569762223,0.6427845528455285,42.01388888888888,1031.9444444444432,25.169376693766907,0
3133,4,0,0,44,0.0,0.0,1.0,44,1300,1000,300,0.7692307692307693,16,10,6,337.9199138402622,0.39223264622973925,0.032259403258922736,0.20792765839786673,133190.45970529408,201.5417335915692,133392.00143888564,3128,12,1007.4090909090909,41,3,18,33.21910539804581,0.6435467479674797,41.93948412698412,1032.2420634920627,25.176635694928358,0
3134,4,0,0,44,0.0,0.0,1.0,44,1300,900,400,0.6923076923076923,17,9,8,339.5635728094702,0.39204545454545453,0.027974714490273778,0.20994868884157963,133369.72867850834,257.50031494078365,133627.22899344913,3129,13,1008.4090909090909,41,3,19,32.99718273786657,0.6453252032520326,41.76587301587301,1032.9365079365073,25.193573364305056,0
3135,4,0,0,44,0.0,0.0,1.0,44,1300,800,500,0.6153846153846154,18,8,10,339.4614992654081,0.39201242071881603,0.028182945969568385,0.2106229045794929,133499.82336410627,263.72814096601314,133763.55150507228,3130,14,1009.4090909090909,38,6,20,32.86962851924601,0.6515899122807017,41.63995726495727,1033.4401709401714,27.195793972109772,0
3136,4,0,0,44,0.0,0.0,1.0,44,1000,800,200,0.8,12,8,4,339.05366264046637,0.3919463530655391,0.028830162085975886,0.21068363429971182,133555.03420857998,256.4647024983675,133811.49891107835,3131,15,1010.4090909090909,38,6,21,32.8249354005168,0.6521381578947367,41.58653846153847,1033.6538461538469,27.2014170040486,0
3137,4,0,0,44,0.0,0.0,1.0,44,1200,1000,200,0.8333333333333334,14,10,4,338.0483317396354,0.3915169133192389,0.025685574755822893,0.21084457804379328,133693.11125721384,238.94664511652127,133932.05790233036,3132,16,1011.4090909090909,38,6,21,32.71285296143251,0.6535087719298245,41.452991452991455,1034.1880341880344,27.21547458389564,0
3138,4,0,0,44,0.0,0.0,1.0,44,1050,600,450,0.5714285714285714,15,6,9,338.0083222711179,0.3916050035236082,0.028045788669089022,0.2112498834785699,133768.3932834203,242.9660373264083,134011.3593207467,3133,17,1012.4090909090909,39,5,16,32.63864414459773,0.6525106837606837,41.38020833333334,1034.479166666668,26.525106837606874,0
3139,4,0,0,44,0.0,0.0,1.0,44,1200,700,500,0.5833333333333334,17,7,10,337.62006420316226,0.39079016913319237,0.02703450357106907,0.2125573817760379,134037.92453342024,250.77853732639926,134288.70307074665,3134,18,1013.4090909090909,39,5,16,32.379476410823855,0.6551816239316239,41.11979166666667,1035.5208333333342,26.55181623931626,0
3140,4,0,0,44,0.0,0.0,1.0,44,1200,800,400,0.6666666666666666,16,8,8,336.0382525623944,0.3909773608174771,0.028292589388439815,0.21208903457390033,134129.36377363023,214.51940395929876,134343.88317758954,3135,19,1014.4090909090909,40,4,16,32.32917198077112,0.6544270833333332,41.03150406504066,1035.8739837398384,25.89684959349596,0
3141,4,0,0,44,0.0,0.0,1.0,44,1000,700,300,0.7,13,7,6,336.94033312939155,0.39138477801268495,-0.01749146383210265,0.20067228465906312,131964.43457301898,117.62527033432515,132082.05984335332,3136,20,1015.4090909090909,41,3,14,34.47497264330084,0.6313516260162602,43.129960317460316,1027.4801587301583,25.060491676345325,8
3142,4,0,0,44,0.0,0.0,1.0,44,1200,900,300,0.75,15,9,6,336.94033312939155,0.39138477801268495,-0.01749146383210265,0.20067228465906312,131964.43457301898,92.82810925295793,132057.26268227195,3137,21,1016.4090909090909,41,3,14,34.47497264330084,0.6313516260162602,43.129960317460316,1027.4801587301583,25.060491676345325,0
3143,4,0,0,44,0.0,0.0,1.0,44,1250,900,350,0.72,16,9,7,338.5388197227082,0.3900854474982382,-0.025683039041817346,0.2026077504837933,132148.8072099783,147.5002441259485,132296.30745410424,3138,22,1017.4090909090909,42,2,15,34.24846071686615,0.6316964285714286,42.950581395348834,1028.197674418604,24.480897009966764,0
3144,4,1,0,45,0.022222222222222223,0.0,1.0,45,1100,800,300,0.7272727272727273,14,8,6,334.0661255875858,0.39375,-0.012878930521559084,0.2013876496022326,132422.93600895384,-152.16182921699203,132270.77417973685,3139,0,995.7777777777778,42,3,17,34.08805623548609,0.6344246031746031,42.684108527131784,1029.2635658914733,24.50627537836841,0
3145,4,0,0,45,0.0,0.0,1.0,45,750,400,350,0.5333333333333333,11,4,7,332.59635155709316,0.3931186868686869,-0.005454640522875476,0.20090029762900039,132497.74770333822,-186.3465048674894,132311.40119847073,3140,1,996.7777777777778,42,3,17,34.05078431372549,0.6351686507936507,42.611434108527135,1029.5542635658921,24.51319675156886,0
3146,4,0,0,45,0.0,0.0,1.0,45,950,600,350,0.631578947368421,13,6,7,332.5607847100384,0.39303451178451176,-0.005842560354652138,0.20114533062683995,132547.63390308578,-183.9709715461805,132363.66293153958,3141,2,997.7777777777778,42,3,18,34.001638907186084,0.6356646825396826,42.56298449612403,1029.748062015504,24.517811000369143,0
3147,4,0,0,45,0.0,0.0,1.0,45,1300,800,500,0.6153846153846154,18,8,10,330.8635047538812,0.3929713804713804,-0.0078003511412085835,0.20078429124105396,132672.39048134125,-220.7095802535925,132451.68090108765,3142,3,998.7777777777778,42,3,15,33.920201592676186,0.6369047619047619,42.44186046511628,1030.2325581395348,24.52934662236988,0
3148,4,0,0,45,0.0,0.0,1.0,45,800,500,300,0.625,11,5,6,329.9777343476124,0.39286616161616167,-0.007724380074610071,0.20037996855043747,132697.34883908712,-242.56589522865687,132454.78294385847,3143,4,999.7777777777778,42,3,15,33.917991159597484,0.6371527777777778,42.417635658914726,1030.3294573643404,24.53165374677001,0
3149,4,0,1,44,0.0,0.022222222222222223,0.9777777777777777,45,1000,700,300,0.7,13,7,6,319.0586274360285,0.39278198653198654,-0.03231222201340633,0.19491515001000076,132922.0796902229,-513.501104200475,132408.57858602243,3144,5,1000.7777777777778,42,3,14,33.974268621186496,0.6393849206349207,42.19961240310077,1031.2015503875966,24.55241786637135,1
3150,4,0,1,43,0.0,0.022727272727272728,0.9772727272727273,44,950,600,350,0.631578947368421,13,6,7,325.60576887177405,0.3889072410147991,-0.025430401007768277,0.1985736590443352,132857.8514739227,-148.14342403630155,132709.7080498864,3145,29,1024.409090909091,41,3,14,33.86980369515011,0.6402439024390245,42.26190476190475,1030.9523809523794,25.145180023228765,0
3151,4,0,0,43,0.0,0.0,1.0,43,850,500,350,0.5882352941176471,12,5,7,316.76120078076315,0.387781469176818,0.044140922285306194,0.1889078456469731,132015.40577168358,-236.52830924037158,131778.8774624432,3146,30,1046.093023255814,41,2,13,34.942139685297825,0.631859756097561,43.08035714285714,1027.6785714285706,25.065331010452944,3
3152,4,0,0,43,0.0,0.0,1.0,43,1150,800,350,0.6956521739130435,15,8,7,316.35480578703255,0.3871585455887781,0.03653232312603061,0.18895787048360574,132074.09410492145,-243.54512198787245,131830.54898293357,3147,31,1047.093023255814,42,1,13,34.893673014077436,0.630952380952381,43.02325581395348,1027.906976744185,24.47397563676631,0
3153,4,0,0,43,0.0,0.0,1.0,43,700,400,300,0.5714285714285714,10,4,6,313.5124358359969,0.3864433370247324,0.03318314501354358,0.1877536099938823,132173.71627306036,-312.37925154739276,131861.33702151297,3148,32,1048.093023255814,42,1,13,34.86677817565022,0.6319444444444444,42.92635658914728,1028.2945736434096,24.483204134366897,0
3154,4,0,0,43,0.0,0.0,1.0,43,800,500,300,0.625,11,5,6,313.3589679596996,0.38621262458471756,0.039706223899106385,0.18790915739685038,132223.5414413196,-313.3135027943053,131910.2279385253,3149,33,1049.093023255814,42,1,13,34.82075560580367,0.6324404761904763,42.877906976744185,1028.488372093023,24.487818383167212,0
3155,4,0,0,43,0.0,0.0,1.0,43,1100,800,300,0.7272727272727273,14,8,6,313.07038941183134,0.3853820598006645,0.04195114899097674,0.18810799798446057,132298.2967989455,-316.2641405264078,131982.03265841908,3150,34,1050.093023255814,42,1,14,34.753225958368624,0.6331845238095237,42.80523255813954,1028.779069767443,24.49473975636769,0
3156,4,0,0,43,0.0,0.0,1.0,43,800,500,300,0.625,11,5,6,314.9266815776535,0.3855204872646733,0.043892118254653445,0.18934832984096978,132323.21994621714,-265.5774893335737,132057.64245688356,3151,35,1051.093023255814,42,1,14,34.680495385194945,0.6334325396825395,42.781007751937985,1028.8759689922479,24.497046880767805,0
3157,4,0,0,43,0.0,0.0,1.0,43,1000,600,400,0.6,14,6,8,316.97433332978676,0.38531284606866006,0.0460780449349627,0.1908314863924228,132373.07328285565,-208.22666907036034,132164.84661378528,3152,36,1052.093023255814,42,1,15,34.57784055241685,0.6339285714285714,42.73255813953489,1029.069767441861,24.501661129568117,0
3158,4,1,0,44,0.022727272727272728,0.0,1.0,44,1050,700,350,0.6666666666666666,14,7,7,312.0794974575785,0.3893587033121917,0.04944688563270505,0.18963733576936512,132722.30954419807,-516.0153198425521,132206.29422435552,3153,0,1029.159090909091,42,2,14,34.35403736442858,0.6374007936507936,42.39341085271318,1030.4263565891474,24.533960871170176,0
3159,4,0,0,44,0.0,0.0,1.0,44,800,500,300,0.625,11,5,6,309.95019858475206,0.3888742071881606,0.04382628465930449,0.18859441145008154,132772.23799651474,-569.44369328765,132202.7943032271,3154,1,1030.159090909091,42,2,14,34.35893819731728,0.6378968253968254,42.344961240310084,1030.6201550387607,24.538575119970492,0
3160,4,0,0,44,0.0,0.0,1.0,44,1250,800,450,0.64,17,8,9,309.8046661545586,0.3887751057082452,0.043299096805065496,0.18888320018443255,132847.14828022657,-568.6667154918533,132278.4815647347,3155,2,1031.159090909091,42,2,14,34.2877620077075,0.638640873015873,42.27228682170543,1030.9108527131784,24.545496493170916,0
3161,4,0,0,44,0.0,0.0,1.0,44,1150,800,350,0.6956521739130435,15,8,7,307.63014824158216,0.38903937632135305,0.04148656267618822,0.18793341203139613,132922.07969022304,-621.8321840634484,132300.2475061596,3156,3,1032.159090909091,42,2,14,34.268895257783626,0.6393849206349207,42.19961240310078,1031.2015503875978,24.552417866371375,0
3162,4,0,0,44,0.0,0.0,1.0,44,1000,700,300,0.7,13,7,6,310.88127541083105,0.38858791402396053,0.04552070616959347,0.19081122200864203,133097.00180465414,-524.5268651222885,132572.47493953185,3157,4,1033.159090909091,42,2,15,34.0102357028829,0.6411210317460316,42.03003875968992,1031.8798449612402,24.568567737172387,0
3163,4,0,0,44,0.0,0.0,1.0,44,1450,1200,250,0.8275862068965517,17,12,5,312.59319850995877,0.38868701550387597,0.04213526289741831,0.19250681716330048,133222.0165930532,-471.1407442461414,132750.87584880707,3158,5,1034.159090909091,42,2,15,33.84116294349541,0.6423611111111112,41.90891472868217,1032.3643410852708,24.580103359173116,0
3164,4,1,0,45,0.022222222222222223,0.0,1.0,45,1200,900,300,0.75,15,9,6,308.0778903795439,0.3909511784511785,0.04606572589677116,0.19114040405501548,133497.8517593381,-773.9832189680034,132723.8685403701,3159,0,1012.1555555555556,41,4,16,33.682422162490795,0.6465955284552845,41.64186507936508,1033.4325396825404,25.205671699574157,0
3165,4,0,0,45,0.0,0.0,1.0,45,500,400,100,0.8,6,4,2,308.52540796068155,0.3907617845117845,0.044103154796186095,0.19155051848238283,133523.48375692876,-760.9225403124176,132762.56121661633,3160,1,1013.1555555555556,41,4,16,33.64529340244448,0.6468495934959348,41.617063492063494,1033.5317460317465,25.20809136662796,0
3166,4,0,0,45,0.0,0.0,1.0,45,1300,1100,200,0.8461538461538461,15,11,4,309.9097200057406,0.3905513468013468,0.0391223693468945,0.19294379342292856,133626.03635204062,-717.5984977324495,132908.43785430817,3161,2,1014.1555555555556,41,4,16,33.507244290923055,0.6478658536585367,41.51785714285713,1033.9285714285697,25.217770034843163,0
3167,4,0,0,45,0.0,0.0,1.0,45,950,600,350,0.631578947368421,13,6,7,310.7822576471202,0.39031986531986534,0.035568345323741646,0.19389018767033042,133702.97663336134,-689.4974135487852,133013.47921981255,3162,3,1015.1555555555556,41,4,13,33.40797362110312,0.6486280487804879,41.443452380952365,1034.2261904761876,25.225029036004578,0
3168,4,0,0,45,0.0,0.0,1.0,45,1000,800,200,0.8,12,8,4,310.933694933928,0.3907617845117845,0.03434343434343434,0.1943894826601319,133779.93905895684,-680.6618480725738,133099.27721088426,3163,4,1016.1555555555556,41,4,13,33.32733985423858,0.649390243902439,41.36904761904761,1034.5238095238087,25.232288037166068,0
3169,4,0,0,45,0.0,0.0,1.0,45,800,500,300,0.625,11,5,6,312.3107608245124,0.39019360269360265,0.03866679449078125,0.19565847124086982,133856.92362882625,-639.008467970543,133217.91516085571,3164,5,1017.1555555555556,41,4,13,33.214996165276595,0.6501524390243905,41.29464285714285,1034.8214285714264,25.239547038327473,0
3170,4,0,2,43,0.0,0.044444444444444446,0.9555555555555556,45,950,500,450,0.5263157894736842,14,5,9,312.3018991861643,0.38958333333333334,0.03263667935200787,0.19654052383411943,134023.50087885326,-628.8412279911248,133394.65965086213,3165,6,1018.1555555555556,42,3,13,33.049277871358164,0.6502976190476191,41.13372093023255,1035.4651162790683,24.653931339977817,0
3171,4,1,0,44,0.022727272727272728,0.0,1.0,44,1100,700,400,0.6363636363636364,15,7,8,316.0588709230468,0.3866279069767442,0.05807750184912841,0.19985910743821028,134199.14598168666,-317.03388843820744,133882.11209324843,3166,0,1038.1818181818182,42,2,15,32.777089373110144,0.6520337301587302,40.9641472868217,1036.143410852712,24.670081210778854,0
3172,4,0,0,44,0.0,0.0,1.0,44,1300,900,400,0.6923076923076923,17,9,8,314.20000709804924,0.3862204897815363,0.06112376452191359,0.19922925168511124,134299.56625390574,-360.6150659515905,133938.95118795414,3167,1,1039.1818181818182,42,2,15,32.72529681219033,0.6530257936507937,40.86724806201549,1036.531007751936,24.679309708379428,0
3173,4,0,0,44,0.0,0.0,1.0,44,1300,900,400,0.6923076923076923,17,9,8,316.4190611902477,0.3855157681465821,0.05759232357213895,0.2011883763396817,134400.02408396435,-294.6541110810592,134105.3699728833,3168,2,1040.1818181818182,42,2,15,32.567828551848734,0.6540178571428572,40.770348837209305,1036.9186046511632,24.688538205980073,0
3174,4,0,0,44,0.0,0.0,1.0,44,850,700,150,0.8235294117647058,10,7,3,314.77290944698046,0.38462385482734324,0.05987566245413789,0.20055531087621892,134475.39210383987,-334.15791569016665,134141.2341881497,3169,3,1041.1818181818182,42,2,15,32.53553967364225,0.6547619047619048,40.69767441860465,1037.2093023255811,24.695459579180504,0
3175,4,0,0,44,0.0,0.0,1.0,44,900,500,400,0.5555555555555556,13,5,8,315.4663530742996,0.38471194503171247,0.06504848598067325,0.20127430131188614,134525.64918724826,-312.33681118924255,134213.312376059,3170,4,1042.1818181818182,42,2,15,32.46758048446355,0.6552579365079365,40.649224806201545,1037.403100775193,24.700073827980788,0
3176,4,0,0,44,0.0,0.0,1.0,44,1100,900,200,0.8181818181818182,13,9,4,315.83120953682453,0.3844807082452431,0.06789249724032365,0.20208448068859963,134629.87061273048,-295.9323301891486,134333.93828254132,3171,5,1043.1818181818182,40,4,15,32.35450124037081,0.659375,40.548780487804876,1037.8048780487802,25.945121951219505,0
3177,4,0,0,44,0.0,0.0,1.0,44,1150,900,250,0.782608695652174,14,9,5,318.174040100303,0.3839521670190275,0.07347757979244185,0.20387889871922776,134682.60976435972,-229.49798400424083,134453.11178035548,3172,6,1044.1818181818182,40,4,15,32.2412864695516,0.6598958333333333,40.49796747967479,1038.0081300813,25.950203252032498,0
3178,4,0,0,44,0.0,0.0,1.0,44,1300,1000,300,0.7692307692307693,16,10,6,319.80485195017707,0.3820031712473573,0.07318884402625314,0.20611886485716951,134893.66964934886,-172.0699897547853,134721.59965959407,3173,7,1045.1818181818182,40,4,14,31.98921443944433,0.6619791666666668,40.294715447154466,1038.8211382113816,25.97052845528454,0
3179,4,0,0,44,0.0,0.0,1.0,44,1000,700,300,0.7,13,7,6,319.1860299555509,0.38186002466525726,0.07209627302237553,0.2061130997382514,134962.80253999733,-184.3517731166727,134778.45076688065,3174,8,1046.1818181818182,41,3,14,31.936620838902673,0.6610772357723578,40.228174603174594,1039.0873015873003,25.34359272164147,0
3180,4,0,0,44,0.0,0.0,1.0,44,1450,1000,450,0.6896551724137931,19,10,9,320.3973842402997,0.3810782241014799,0.0680377870033042,0.20785150743037561,135129.4665660115,-140.97447569258304,134988.49209031893,3175,9,1047.1818181818182,42,2,14,31.73967070518792,0.6612103174603176,40.06782945736433,1039.7286821705416,24.755444813584322,0
3181,4,0,0,44,0.0,0.0,1.0,44,1050,600,450,0.5714285714285714,15,6,9,322.18938609642566,0.3805717054263566,0.07517195997119508,0.20950894182930963,135214.7731308108,-87.04705076333153,135127.72608004746,3176,10,1048.1818181818182,43,1,14,31.60841376066042,0.6606104651162792,39.985795454545446,1040.0568181818169,24.187367864693417,0
3182,4,0,0,44,0.0,0.0,1.0,44,900,500,400,0.5555555555555556,13,5,8,324.09343761460195,0.3799550739957717,0.07023796718435849,0.211324308550245,135313.28129483742,-29.170702048913142,135284.1105927885,3177,11,1049.1818181818182,43,1,14,31.461139680228147,0.6615794573643412,39.89109848484848,1040.4356060606049,24.196176885130345,0
3183,4,0,0,44,0.0,0.0,1.0,44,1300,900,400,0.6923076923076923,17,9,8,320.36507820809896,0.3798669837914024,0.060406592162507655,0.2096358678239488,135440.84790809295,-121.89643347053561,135318.95147462242,3178,12,1050.1818181818182,44,0,14,31.431610626816106,0.6614583333333335,39.768518518518505,1040.9259259259234,23.657407407407348,0
3184,4,0,0,44,0.0,0.0,1.0,44,1050,800,250,0.7619047619047619,13,8,5,320.51153891771384,0.3799660852713178,0.05137733698683333,0.21043743597241804,135561.352237654,-110.20447530866943,135451.14776234532,3179,13,1051.1818181818182,44,0,14,31.308348893038144,0.6626420454545456,39.652777777777764,1041.3888888888864,23.667929292929237,0
3185,4,0,0,44,0.0,0.0,1.0,44,1300,1000,300,0.7692307692307693,16,10,6,324.2750118016994,0.3795146229739253,0.046438832334267266,0.21365471857268814,135686.6159362816,0.032957307920071344,135686.6488935895,3180,14,1052.1818181818182,40,4,15,31.086210820652894,0.6697916666666666,39.532520325203265,1041.8699186991892,26.046747967479728,0
3186,4,0,0,44,0.0,0.0,1.0,44,950,800,150,0.8421052631578947,11,8,3,325.5885266665472,0.37948158914728686,0.04972307559170952,0.2149784709385342,135762.8862453547,40.567621724620324,135803.4538670793,3181,15,1053.1818181818182,41,3,15,30.976419958749812,0.6689532520325203,39.4593253968254,1042.162698412699,25.41860240030973,0
3187,4,0,0,44,0.0,0.0,1.0,44,1400,1200,200,0.8571428571428571,16,12,4,325.7756810516075,0.37947057787174066,0.04606879606879577,0.21556995317948952,135840.43918493335,50.7023179642332,135891.14150289758,3182,16,1054.1818181818182,41,3,15,30.894715137672875,0.6697154471544715,39.38492063492064,1042.4603174603185,25.42586140147118,0
3188,4,0,0,44,0.0,0.0,1.0,44,800,500,300,0.625,11,5,6,325.18352810270113,0.37952563424947144,0.046486128772740276,0.21533419639768667,135866.29508574272,36.29623724490489,135902.59132298763,3183,17,1055.1818181818182,41,3,15,30.884539442382714,0.6699695121951219,39.36011904761905,1042.5595238095245,25.42828106852499,0
3189,4,0,0,44,0.0,0.0,1.0,44,1250,900,350,0.72,16,9,7,327.1929275869975,0.37907417195207893,0.053730801162308106,0.21713712467137128,135943.87755102056,95.97505668935523,136039.8526077099,3184,18,1056.1818181818182,41,3,15,30.75532724505327,0.6707317073170731,39.28571428571429,1042.857142857144,25.43554006968644,0
3190,4,0,0,44,0.0,0.0,1.0,44,1250,1100,150,0.88,14,11,3,319.88996729637506,0.3792393410852713,0.026238162436029944,0.2024203142170084,134224.2475286945,-210.3875420954112,134013.8599865991,3185,19,1057.1818181818182,42,2,15,32.652850508073044,0.6522817460317459,40.93992248062017,1036.2403100775218,24.67238833517909,5
3191,4,0,0,44,0.0,0.0,1.0,44,1450,900,550,0.6206896551724138,20,9,11,325.01644798367903,0.3789750704721635,-0.03329616191205287,0.20311668637149383,133765.94424357222,-104.77358815425437,133661.17065541795,3186,20,1058.1818181818182,43,1,15,32.97708409617968,0.6463178294573644,41.382575757575765,1034.469696969698,24.05743481324879,4
3192,4,0,0,44,0.0,0.0,1.0,44,1050,600,450,0.5714285714285714,15,6,9,322.00678815603817,0.3785456307258633,-0.029427544730866395,0.20190546114499955,133888.42369899282,-177.40374268250397,133711.0199563103,3187,21,1059.1818181818182,43,1,15,32.93273629792296,0.6475290697674418,41.26420454545455,1034.9431818181822,24.068446088794936,0
3193,4,0,0,44,0.0,0.0,1.0,44,750,500,250,0.6666666666666666,10,5,5,322.5015865983679,0.37850158562367864,-0.03143062682446074,0.20248505704231834,133937.4311743142,-160.9931882747899,133776.4379860394,3188,22,1060.1818181818182,43,1,16,32.87105861006922,0.6480135658914727,41.21685606060606,1035.132575757576,24.072850599013396,0
3194,4,0,0,44,0.0,0.0,1.0,44,700,500,200,0.7142857142857143,9,5,4,322.3180154479247,0.3784355179704017,-0.023920490924058124,0.2026396125872434,133986.44761715166,-162.7508214244677,133823.69679572718,3189,23,1061.1818181818182,43,1,17,32.826934510198484,0.6484980620155039,41.16950757575758,1035.32196969697,24.07725510923186,0
3195,4,0,1,43,0.0,0.022727272727272728,0.9772727272727273,44,750,600,150,0.8,9,6,3,319.19010974145954,0.37847956307258634,-0.02519225173546147,0.2009409240082248,134035.47302750533,-243.44053102041195,133792.03249648493,3190,24,1062.1818181818182,43,1,17,32.859034445968604,0.6489825581395348,41.1221590909091,1035.511363636365,24.081659619450352,0
3196,4,0,0,43,0.0,0.0,1.0,43,1200,900,300,0.75,15,9,6,322.3284751620895,0.376499630860096,-0.009020357811877933,0.20326661185885422,134098.76326730681,44.769977014617965,134143.53324432144,3191,25,1086.0,42,1,17,32.71470670783047,0.6510416666666665,41.061046511627914,1035.7558139534897,24.660852713178326,0
3197,4,0,0,43,0.0,0.0,1.0,43,1550,1000,550,0.6451612903225806,21,10,11,325.438070368379,0.3765227021040975,-0.009943475301164018,0.20579002285328687,134199.1459816871,134.70222267294787,134333.84820436005,3192,26,1087.0,42,1,17,32.53413448050129,0.65203373015873,40.96414728682172,1036.1434108527155,24.670081210778942,0
3198,4,0,0,43,0.0,0.0,1.0,43,850,400,450,0.47058823529411764,13,4,9,325.26209477787955,0.3763381321520856,-0.01526325859699762,0.20610209512702637,134274.457664804,134.87827504358842,134409.3359398476,3193,27,1088.0,42,1,17,32.46365463724757,0.6527777777777777,40.891472868217065,1036.4341085271335,24.67700258397937,0
3199,4,0,0,43,0.0,0.0,1.0,43,1900,1400,500,0.7368421052631579,24,14,10,324.02703182206716,0.3745385751199705,-0.011207621182403926,0.206878797240243,134550.78125000015,119.61805555556992,134670.3993055557,3194,28,1089.0,42,1,18,32.22054886211512,0.6555059523809523,40.62500000000001,1037.5000000000011,24.70238095238098,0
3200,4,0,0,43,0.0,0.0,1.0,43,1150,700,450,0.6086956521739131,16,7,9,321.229910316938,0.3743078626799557,-0.01631596964429405,0.20567364270108976,134653.72752110104,50.960963088941924,134704.68848418997,3195,29,1090.0,41,2,18,32.19070604728223,0.6580284552845528,40.52579365079365,1037.8968253968255,25.314556716995746,0
3201,4,0,0,43,0.0,0.0,1.0,43,1100,800,300,0.7272727272727273,14,8,6,318.36782038065684,0.3743770764119601,-0.01789011311297295,0.204564516631328,134782.46572066314,-17.92003259638429,134764.54568806675,3196,30,1091.0,41,2,15,32.137013948600355,0.659298780487805,40.40178571428571,1038.3928571428562,25.326655052264787,0
3202,4,0,0,43,0.0,0.0,1.0,43,350,100,250,0.2857142857142857,6,1,5,316.5257513184701,0.3739156515319306,-0.017549042910741885,0.20366982732348243,134833.97822381248,-64.3147478899157,134769.66347592257,3197,31,1092.0,41,2,15,32.13366048969974,0.6598069105691058,40.35218253968253,1038.5912698412683,25.3314943863724,0
3203,4,0,0,43,0.0,0.0,1.0,43,900,500,400,0.5555555555555556,13,5,8,315.3248919901326,0.3726698043558509,-0.0120176133979073,0.2034748979551855,134937.03275581068,-90.19894416099959,134846.83381164967,3198,32,1093.0,41,2,15,32.06250596772653,0.6608231707317074,40.25297619047619,1038.9880952380954,25.341173054587692,0
3204,4,0,0,43,0.0,0.0,1.0,43,950,600,350,0.631578947368421,13,6,7,317.2144833468922,0.37285437430786267,-0.008914321736872344,0.20527832872300117,135040.1266554074,-32.66319838121831,135007.46345702617,3199,33,1094.0,41,2,15,31.911071076325925,0.661839430894309,40.153769841269835,1039.3849206349196,25.350851722802915,0
3205,4,0,0,43,0.0,0.0,1.0,43,1450,1000,450,0.6896551724137931,19,10,9,318.52436412199864,0.37236987818383166,0.00048805485736602705,0.20701121569069494,135194.84131905073,12.570172745021225,135207.41149179573,3200,34,1095.0,41,2,16,31.723484848484855,0.6633638211382114,40.004960317460316,1039.9801587301583,25.365369725125813,0
3206,4,0,0,43,0.0,0.0,1.0,43,1100,600,500,0.5454545454545454,16,6,10,318.7845158265035,0.37075489110372833,-0.0005675394063007211,0.20822226469614052,135375.45371157696,31.11969324764587,135406.57340482462,3201,35,1096.0,41,2,17,31.53757546870035,0.6651422764227644,39.831349206349195,1040.6746031746013,25.382307394502472,0
3207,4,0,0,43,0.0,0.0,1.0,43,1250,1100,150,0.88,14,11,3,319.64827786013456,0.37093946105574016,-0.0028546162557983035,0.2092370168176163,135452.89592978376,59.456983024674,135512.35291280842,3202,36,1097.0,41,2,19,31.438319991105182,0.6659044715447155,39.756944444444436,1040.9722222222208,25.389566395663923,0
3208,4,0,0,43,0.0,0.0,1.0,43,1050,800,250,0.7619047619047619,13,8,5,318.15511330737854,0.37103174603174605,-0.001825375376040661,0.20901078720280694,135582.01550296028,27.222300957402,135609.23780391767,3203,37,1098.0,41,2,20,31.349225249253823,0.6671747967479675,39.6329365079365,1041.4682539682526,25.40166473093299,0
3209,4,0,0,43,0.0,0.0,1.0,43,1300,1000,300,0.7692307692307693,16,10,6,319.843110245158,0.3706164636397195,-0.0045953651682209,0.2108907658741869,135713.08749958692,81.38904326795802,135794.47654285489,3204,38,1099.0,40,3,20,31.175428329919693,0.6700520833333334,39.50711382113821,1041.9715447154474,26.049288617886184,0
3210,4,0,1,42,0.0,0.023255813953488372,0.9767441860465116,43,800,500,300,0.625,11,5,6,319.843110245158,0.3706164636397195,-0.0045953651682209,0.2108907658741869,135713.08749958692,81.37920136823521,135794.46670095515,3205,39,1100.0,40,3,20,31.175428329919693,0.6700520833333334,39.50711382113821,1041.9715447154474,26.049288617886184,0
3211,4,0,0,42,0.0,0.0,1.0,42,1200,800,400,0.6666666666666666,16,8,8,326.23936554778874,0.3680313588850174,-0.003945418994672378,0.21510818102646126,135713.08749958675,454.99031247933226,136168.07781206607,3206,40,1125.0714285714287,40,2,22,31.008810429467808,0.6700520833333334,39.507113821138205,1041.971544715446,26.049288617886152,0
3212,4,0,0,42,0.0,0.0,1.0,42,1050,800,250,0.7619047619047619,13,8,5,328.5972798059124,0.3675595238095238,0.0007772596047075364,0.2172795229024995,135814.5857445985,525.6606867283649,136340.24643132687,3207,41,1126.0714285714287,41,1,22,30.84679658005773,0.6694613821138213,39.40972222222221,1042.361111111109,25.423441734417295,0
3213,4,0,0,42,0.0,0.0,1.0,42,1000,600,400,0.6,14,6,8,327.1929275869981,0.3673054587688734,0.00573494237877803,0.21713712467137106,135943.8775510201,495.9750566893119,136439.8526077094,3208,42,1127.0714285714287,41,1,17,30.75532724505327,0.6707317073170733,39.28571428571427,1042.8571428571404,25.43554006968635,0
3214,4,0,0,42,0.0,0.0,1.0,42,1450,1200,250,0.8275862068965517,17,12,5,328.37253683008316,0.3660714285714286,0.008030056128915719,0.21919283549825325,136150.8723859913,541.6414714033656,136692.51385739466,3209,43,1128.0714285714287,41,1,17,30.519645120405585,0.6727642276422765,39.08730158730158,1043.6507936507926,25.454897406116892,0
3215,4,0,0,42,0.0,0.0,1.0,42,1000,900,100,0.9,11,9,2,327.31448785847857,0.3653455284552845,0.00613227613797851,0.21880578406905407,136202.6456994835,516.2198444192468,136718.86554390274,3210,44,1129.0714285714287,41,1,17,30.496024203256663,0.6732723577235773,39.03769841269841,1043.8492063492063,25.459736740224542,0
3216,4,0,0,42,0.0,0.0,1.0,42,1150,800,350,0.6956521739130435,15,8,7,324.8744477857834,0.36528503677893925,0.006707386042303032,0.2176514043886294,136280.32412328347,454.7990087238482,136735.1231320073,3211,45,1130.0714285714287,41,1,18,30.48287806809185,0.6740345528455285,38.963293650793645,1044.1468253968244,25.46699574138596,0
3217,4,0,0,42,0.0,0.0,1.0,42,1300,900,400,0.6923076923076923,17,9,8,321.1545506013541,0.3651519550909795,0.015512989619773876,0.20565449499947863,134658.87586805533,250.68430728770613,134909.56017534304,3212,46,1131.0714285714287,39,3,18,32.187541817208604,0.6613247863247864,40.52083333333332,1037.916666666665,26.613247863247818,4
3218,4,0,0,42,0.0,0.0,1.0,42,950,500,450,0.5263157894736842,14,5,9,320.79811878146097,0.36524874177313205,0.01404298424165984,0.20573192096370876,134712.93945312474,243.13151041663775,134956.07096354137,3213,47,1132.0714285714287,39,3,18,32.14303632349989,0.6618589743589745,40.468749999999986,1038.124999999998,26.61858974358969,0
3219,4,0,0,42,0.0,0.0,1.0,42,1100,800,300,0.7272727272727273,14,8,6,322.7006512935816,0.3648978900503291,0.015759659371477053,0.20798524952856168,134893.66964934883,306.0550102452138,135199.72465959404,3214,48,1133.0714285714287,40,2,16,31.91400900019564,0.6619791666666668,40.294715447154466,1038.8211382113814,25.970528455284533,0
3220,4,0,0,42,0.0,0.0,1.0,42,800,500,300,0.625,11,5,6,325.7892528141273,0.36413569492837783,0.023716381418092736,0.21043557233256166,134972.85970858944,394.54142292947324,135367.4011315189,3215,49,1134.0714285714287,40,2,16,31.75509372453138,0.6627604166666667,40.21849593495935,1039.1260162601625,25.978150406504064,0
3221,4,0,0,42,0.0,0.0,1.0,42,1150,1000,150,0.8695652173913043,13,10,3,322.18745109584967,0.3636517615176152,0.024191166782522533,0.20909267337062504,135143.25992260306,308.292489449458,135451.55241205252,3216,50,1135.0714285714287,41,1,16,31.67944773081448,0.6628556910569107,40.05456349206348,1039.7817460317442,25.360530391018152,0
3222,4,0,0,42,0.0,0.0,1.0,42,800,600,200,0.75,10,6,4,325.2661770820241,0.3633251064653504,0.03029621655015191,0.2113927671637229,135194.84131905044,394.86183941165876,135589.7031584621,3217,51,1136.0714285714287,41,1,16,31.548201055677442,0.6633638211382116,40.0049603174603,1039.980158730156,25.365369725125756,0
3223,4,0,0,42,0.0,0.0,1.0,42,1050,600,450,0.5714285714285714,15,6,9,325.86918108430325,0.36262340301974444,0.03239157778110746,0.21239217539037183,135298.0336376446,417.8918847631353,135715.92552240775,3218,52,1137.0714285714287,41,1,16,31.430084072343533,0.6643800813008132,39.905753968253954,1040.376984126982,25.375048393341025,0
3224,4,0,0,42,0.0,0.0,1.0,42,1000,600,400,0.6,14,6,8,322.6318405744817,0.36124419279907083,0.03181715012029551,0.21073524331421595,135375.453711577,335.2863599143127,135710.7400714913,3219,53,1138.0714285714287,41,1,16,31.43748013981569,0.6651422764227644,39.831349206349195,1040.6746031746015,25.382307394502476,0
3225,4,0,0,42,0.0,0.0,1.0,42,800,300,500,0.375,13,3,10,323.81383007840236,0.36099012775842043,0.03181486070078443,0.2119637254530676,135452.8959297838,372.3042052468961,135825.2001350307,3220,54,1139.0714285714287,41,1,16,31.329914387369342,0.6659044715447155,39.756944444444436,1040.972222222221,25.389566395663927,0
3226,4,0,0,42,0.0,0.0,1.0,42,950,800,150,0.8421052631578947,11,8,3,322.6824504573178,0.36117160278745647,0.0363857433217194,0.21167968749999996,135530.36029226476,346.6537540942036,135877.01404635896,3221,55,1140.0714285714287,41,1,16,31.282552083333346,0.6666666666666667,39.68253968253967,1041.2698412698387,25.396825396825335,0
3227,4,0,0,42,0.0,0.0,1.0,42,1250,1000,250,0.8,15,10,5,324.16416267801225,0.3611837011227255,0.05727367601017197,0.20823208837194973,134772.56059838185,337.8049544658912,135110.36555284774,3222,56,1141.0714285714287,38,4,16,31.99639023219123,0.6641995614035088,40.41132478632478,1038.3547008547002,27.325123706702637,1
3228,4,0,0,42,0.0,0.0,1.0,42,700,500,200,0.7142857142857143,9,5,4,321.55067429926817,0.3613651761517615,0.09056280442941911,0.20784938023921048,134999.26155892623,281.8207168351781,135281.0822757614,3223,57,1142.0714285714287,40,2,16,31.838980702783726,0.6630208333333336,40.19308943089429,1039.22764227642,25.9806910569105,3
3229,4,0,0,42,0.0,0.0,1.0,42,850,400,450,0.47058823529411764,13,4,9,325.09275901575637,0.361994289585753,0.0883535819019694,0.21075405099690628,135104.89477989264,384.3246001057328,135489.21937999837,3224,58,1143.0714285714287,40,2,16,31.642025089605735,0.6640625000000002,40.091463414634134,1039.6341463414612,25.99085365853653,0
3230,4,0,0,42,0.0,0.0,1.0,42,1150,800,350,0.6956521739130435,15,8,7,326.0560743529475,0.36186120789779325,0.08626851502840971,0.21184328945102893,135184.14680621625,415.52244447746517,135599.66925069373,3225,59,1144.0714285714287,40,2,16,31.538283005961098,0.6648437500000002,40.01524390243901,1039.9390243902417,25.998475609756042,0
3231,4,0,0,42,0.0,0.0,1.0,42,550,200,350,0.36363636363636365,9,2,7,327.11949613348963,0.36186120789779325,0.09474269340441088,0.21315864302473134,135289.85232211303,451.18966471675594,135741.04198682978,3226,60,1145.0714285714287,40,2,16,31.40568525935333,0.6658854166666668,39.913617886178855,1040.3455284552833,26.008638211382085,0
3232,4,0,1,41,0.0,0.023809523809523808,0.9761904761904762,42,550,400,150,0.7272727272727273,7,4,3,325.8386883783275,0.3615224545102594,0.09583106609183356,0.212636222454155,135342.72057183206,419.97891053603655,135762.6994823681,3227,61,1146.0714285714287,40,2,16,31.386528632353404,0.6664062500000001,39.86280487804877,1040.5487804878035,26.013719512195088,0
3233,4,0,0,41,0.0,0.0,1.0,41,850,500,350,0.5882352941176471,12,5,7,330.8714167624631,0.361255081300813,0.08460037748840787,0.2158768505578213,135335.45057508675,755.7264539930516,136091.17702907982,3228,62,1118.219512195122,39,2,16,31.26282660927019,0.6680021367521367,39.869791666666664,1040.520833333333,26.68002136752136,0
3234,4,0,0,41,0.0,0.0,1.0,41,650,500,150,0.7692307692307693,8,5,3,331.3841230002609,0.3615091463414634,0.08317729859312384,0.21653752602325754,135389.64979383684,773.1960720486168,136162.84586588547,3229,63,1119.219512195122,39,2,16,31.195680278917692,0.6685363247863249,39.817708333333336,1040.729166666667,26.685363247863254,0
3235,4,0,1,40,0.0,0.024390243902439025,0.975609756097561,41,950,700,250,0.7368421052631579,12,7,5,330.3878052082568,0.36107723577235773,0.0824802645225049,0.21653941724960846,135498.08078342024,753.3827039930654,136251.4634874133,3230,64,1120.219512195122,39,2,16,31.113994497248623,0.6696047008547008,39.71354166666667,1041.1458333333342,26.69604700854703,0
3236,4,0,0,40,0.0,0.0,1.0,40,600,300,300,0.5,9,3,6,336.34136137036387,0.36044337606837606,0.08771943332306731,0.21973851114075907,135383.39548405667,1107.0071088100092,136490.40259286668,3231,65,1144.25,38,2,16,31.072913458577148,0.6702302631578947,39.823717948717956,1040.7051282051293,27.386977058029718,0
3237,4,0,0,40,0.0,0.0,1.0,40,1300,900,400,0.6923076923076923,17,9,8,332.6925739961964,0.36044337606837606,0.028653744025491257,0.20485942342538865,133217.40974386365,942.0081328221816,134159.41787668582,3232,66,1145.25,37,3,15,33.32702690741725,0.6506193693693693,41.913377192982466,1032.3464912280715,27.90125651967761,7
3238,4,0,0,40,0.0,0.0,1.0,40,1050,800,250,0.7619047619047619,13,8,5,331.6059700416064,0.3597489316239317,0.028864118895965962,0.2049690444745362,133358.94217451525,844.5242767005243,134203.46645121576,3233,67,1146.25,37,3,15,33.21346426043878,0.652027027027027,41.776315789473685,1032.8947368421054,27.916073968705554,0
3239,4,0,0,40,0.0,0.0,1.0,40,950,400,550,0.42105263157894735,15,4,11,333.12740236215785,0.3598557692307693,0.025721715134791046,0.2062238097934463,133415.5761869037,888.876865958762,134304.45305286246,3234,68,1147.25,37,3,15,33.11752635675369,0.6525900900900901,41.72149122807018,1033.1140350877197,27.922000948316747,0
3240,4,1,1,40,0.024390243902439025,0.024390243902439025,0.975609756097561,41,1100,600,500,0.5454545454545454,16,6,10,322.69656136742884,0.36300813008130084,0.024760594677530445,0.20142007805274517,133720.73522764613,430.24428829715805,134150.9795159433,3235,0,1120.2439024390244,38,3,14,33.08219708707779,0.6537828947368423,41.426282051282044,1034.2948717948707,27.21828609986502,0
3241,4,0,0,40,0.0,0.0,1.0,40,1150,700,450,0.6086956521739131,16,7,9,331.5064945924203,0.3590544871794872,0.029846749390179284,0.2063217648522726,133613.88991083787,858.7744546398797,134472.66436547774,3236,70,1149.25,37,3,16,32.96114381164492,0.6545608108108107,41.52960526315789,1033.8815789473679,27.942745376955887,0
3242,4,0,1,39,0.0,0.025,0.975,40,1150,1000,150,0.8695652173913043,13,10,3,330.6212374126488,0.3590010683760683,0.03404272235768091,0.2064030531114172,133727.278164916,842.6156365419973,134569.893801458,3237,71,1150.25,37,3,14,32.87075073324145,0.6556869369369369,41.41995614035087,1034.3201754385955,27.954599336178255,0
3243,4,0,0,39,0.0,0.0,1.0,39,1100,500,600,0.45454545454545453,17,5,12,331.67016638091013,0.3561628430049482,0.05893252047098185,0.20785544689927166,133869.08111149597,1080.076081101886,134949.15719259786,3238,72,1175.4615384615386,37,2,14,32.7020202020202,0.6570945945945945,41.28289473684211,1034.8684210526324,27.96941678520628,0
3244,4,0,0,39,0.0,0.0,1.0,39,850,500,350,0.5882352941176471,12,5,7,331.89816144785965,0.3561628430049482,0.055747501086484075,0.20831905878110357,133925.8233302556,1089.9469067405485,135015.77023699615,3239,73,1176.4615384615386,37,2,14,32.63947740112995,0.6576576576576576,41.2280701754386,1035.0877192982466,27.975343764817477,0
3245,4,0,0,39,0.0,0.0,1.0,39,1000,500,500,0.5,15,5,10,338.97550291689754,0.3562190733243365,0.06294175308259797,0.21325420879708626,134010.95920138896,1285.286458333338,135296.2456597223,3240,74,1177.4615384615386,37,2,14,32.371311200536546,0.6585022522522522,41.145833333333336,1035.4166666666672,27.984234234234247,0
3246,4,0,0,39,0.0,0.0,1.0,39,1250,900,350,0.72,16,9,7,340.9913063851186,0.35633153396311296,0.06238121612962799,0.21468812650007058,134039.34383656504,1341.2501923668742,135380.5940289319,3241,75,1178.4615384615386,37,2,14,32.29078427220106,0.6587837837837838,41.118421052631575,1035.526315789473,27.987197724039813,0
3247,4,0,0,39,0.0,0.0,1.0,39,950,800,150,0.8421052631578947,11,8,3,339.28167839018954,0.3555443094916779,0.0626738414864143,0.21443963739858854,134181.31209843402,1305.052155470902,135486.36425390493,3242,76,1179.4615384615386,37,2,14,32.193331745863745,0.6601914414414415,40.9813596491228,1036.074561403508,28.002015173067782,0
3248,4,0,0,39,0.0,0.0,1.0,39,850,800,50,0.9411764705882353,9,8,1,338.0203362461815,0.355572424651372,0.0615536546125901,0.2139738913504796,134238.1204433094,1275.042921860564,135513.16336516995,3243,77,1180.4615384615386,37,2,14,32.169325115508066,0.6607545045045045,40.926535087719294,1036.2938596491222,28.00794215267898,0
3249,4,0,0,39,0.0,0.0,1.0,39,750,400,350,0.5333333333333333,11,4,7,339.2960308091525,0.3551225820962663,0.06399678876937198,0.2152821929711226,134323.35550361648,1315.0762734687585,135638.43177708524,3244,78,1181.4615384615386,37,2,14,32.05124814893167,0.6615990990990992,40.844298245614034,1036.6228070175437,28.016832622095773,0
3250,4,0,0,39,0.0,0.0,1.0,39,850,500,350,0.5882352941176471,12,5,7,337.4294375942828,0.35560053981106615,0.05330205584335168,0.2124455739093604,134039.34383656507,1245.7640812557638,135285.10791782083,3245,79,1182.4615384615386,37,2,16,32.38299449385853,0.6587837837837838,41.118421052631575,1035.5263157894733,27.98719772403982,4
3251,4,0,0,39,0.0,0.0,1.0,39,750,500,250,0.6666666666666666,10,5,5,340.7864057522733,0.35520692757534866,0.05403996807765599,0.21489108068998478,134096.1221241151,1339.6270967990113,135435.7492209141,3246,80,1183.4615384615386,37,2,16,32.2393958642106,0.6593468468468469,41.06359649122807,1035.7456140350876,27.993124703651016,0
3252,4,0,1,38,0.0,0.02564102564102564,0.9743589743589743,39,700,500,200,0.7142857142857143,9,5,4,339.57609941774945,0.35520692757534866,0.056015111053214106,0.21445955797452534,134152.91243459532,1311.0245460141587,135463.93698060946,3247,81,1184.4615384615386,37,2,17,32.214048828676255,0.6599099099099099,41.00877192982456,1035.964912280702,27.999051683262216,0
3253,4,0,0,38,0.0,0.0,1.0,38,350,200,150,0.5714285714285714,5,2,3,347.5196991357445,0.3541370317686107,0.05676863391355136,0.21923773612143876,134113.00447406853,1721.3821930038023,135834.38666707234,3248,82,1205.6052631578948,36,2,17,32.048180763934184,0.6614583333333335,41.04729729729729,1035.8108108108097,28.772522522522493,0
3254,4,0,0,38,0.0,0.0,1.0,38,1200,1100,100,0.9166666666666666,13,11,2,350.29734943704284,0.353959222380275,0.06548347613219074,0.2216943747950254,134229.6751988475,1804.0598875902888,136033.73508643778,3249,83,1206.6052631578948,36,2,17,31.85969535608201,0.6626157407407407,40.93468468468468,1036.261261261261,28.78503503503503,0
3255,4,1,0,39,0.02564102564102564,0.0,1.0,39,1150,800,350,0.6956521739130435,15,8,7,346.6269619351625,0.3591149347728295,0.060695780903034846,0.2204472884344876,134408.61761551624,1517.9301563942647,135926.5477719105,3250,0,1176.6410256410256,37,2,18,31.77617549610518,0.6624436936936937,40.76206140350877,1036.9517543859643,28.025723091512546,1
3256,4,1,1,39,0.025,0.025,0.975,40,900,800,100,0.8888888888888888,10,8,2,337.8160877007444,0.3614316239316239,0.05762122928034574,0.21601103751397838,134606.2089656842,1094.4285786032638,135700.63754428746,3251,0,1148.2,38,2,18,31.80767184872506,0.6625548245614035,40.5715811965812,1037.7136752136757,27.308254610886205,0
3257,4,0,0,39,0.0,0.0,1.0,39,1200,800,400,0.6666666666666666,16,8,8,345.44215781617464,0.35889001349527666,0.06147994017816516,0.22089625551164005,134607.66774392108,1499.8326408125467,136107.50038473363,3252,2,1178.6410256410256,37,2,19,31.608375598760215,0.6644144144144144,40.570175438596486,1037.7192982456131,28.046467520151705,0
3258,4,1,1,39,0.025,0.025,0.975,40,850,600,250,0.7058823529411765,11,6,5,341.5358401538496,0.3621394230769231,0.06334601933758499,0.2198947972169354,134855.7749379063,1211.6160786032538,136067.39101650956,3253,0,1150.15,38,2,14,31.462576287457996,0.6650219298245614,40.33119658119658,1038.6752136752134,27.333558254610878,0
3259,4,0,0,39,0.0,0.0,1.0,39,700,500,200,0.7142857142857143,9,5,4,345.93006983649815,0.35770917678812414,0.06467928410906243,0.22224950891123718,134778.3993632655,1524.780220837168,136303.17958410265,3254,4,1180.6410256410256,37,2,20,31.425554382259765,0.6661036036036037,40.40570175438596,1038.3771929824552,28.064248458985276,0
3260,4,0,0,39,0.0,0.0,1.0,39,850,500,350,0.5882352941176471,12,5,7,347.8468901228088,0.3575123706702654,0.06519620582120589,0.22383191190511148,134835.33394890715,1580.4103185595334,136415.74426746668,3255,5,1181.6410256410256,37,2,15,31.319063203828833,0.6666666666666667,40.350877192982445,1038.5964912280685,28.070175438596447,0
3261,4,0,0,39,0.0,0.0,1.0,39,1000,500,500,0.5,15,5,10,349.849639030639,0.3570906432748538,0.07234693187199803,0.2256518263999525,134920.7583703638,1640.3957227223593,136561.15409308617,3256,6,1182.6410256410256,37,2,16,31.181948109058922,0.6675112612612613,40.268640350877185,1038.92543859649,28.079065908013245,0
3262,4,0,0,39,0.0,0.0,1.0,39,800,600,200,0.75,10,6,4,349.68755007210393,0.35756860098965365,0.07753975981824057,0.22643702012865716,135063.19252077545,1645.9833795013647,136709.1759002768,3257,7,1183.6410256410256,37,2,17,31.044303797468338,0.668918918918919,40.13157894736841,1039.473684210525,28.093883357041218,0
3263,4,0,1,38,0.0,0.02564102564102564,0.9743589743589743,39,1050,800,250,0.7619047619047619,13,8,5,349.6298708751075,0.35793409806567705,0.07615262965816472,0.22729536156616817,135205.70181450056,1654.3904133964188,136860.09222789697,3258,8,1184.6410256410256,37,2,17,30.903949218063598,0.6703265765765766,39.994517543859644,1040.0219298245609,28.108700806069212,0
3264,4,0,0,38,0.0,0.0,1.0,38,800,500,300,0.625,11,5,6,358.5499528324842,0.3524033902323376,0.08731552155597444,0.23264172273382483,135135.59325795394,2090.5721177258365,137226.16537567976,3259,93,1216.6052631578948,36,2,17,30.741858911874075,0.6715856481481481,40.06193693693694,1039.7522522522527,28.88200700700702,0
3265,4,0,0,38,0.0,0.0,1.0,38,850,500,350,0.5882352941176471,12,5,7,358.16314453713727,0.35284791370317686,0.0890736477399654,0.2329573804890844,135223.42443795144,2086.4093823553303,137309.83382030678,3260,94,1217.6052631578948,36,2,17,30.664429045762958,0.6724537037037037,39.97747747747748,1040.09009009009,28.891391391391387,0
3266,4,0,0,38,0.0,0.0,1.0,38,750,500,250,0.6666666666666666,10,5,5,357.1607515041021,0.3520477714556662,0.08776203255784809,0.23249428200446726,135252.70783875088,2061.3917549306043,137314.0995936815,3261,95,1218.6052631578948,36,2,17,30.66133484897694,0.6727430555555556,39.94932432432432,1040.2027027027025,28.894519519519513,0
3267,4,0,0,38,0.0,0.0,1.0,38,550,300,250,0.5454545454545454,8,3,5,357.7540380407723,0.3523293029871977,0.09108829662378515,0.23306994382374147,135281.99440995042,2079.535954873785,137361.5303648242,3262,96,1219.6052631578948,36,2,17,30.616746048928334,0.6730324074074074,39.92117117117117,1040.3153153153148,28.897647647647634,0
3268,4,0,0,38,0.0,0.0,1.0,38,550,400,150,0.7272727272727273,7,4,3,357.23454335100007,0.35252192982456143,0.09474082891461966,0.23330066537855765,135369.87314595006,2071.7589633552543,137441.6321093053,3263,97,1220.6052631578948,36,2,17,30.542780362875593,0.6739004629629629,39.836711711711715,1040.6531531531534,28.90703203203204,0
3269,4,0,0,38,0.0,0.0,1.0,38,950,700,250,0.7368421052631579,12,7,5,356.9311989552056,0.35252192982456143,0.09005625838878228,0.22825267164276322,134609.20538359295,2009.2450135946658,136618.4503971876,3264,98,1221.6052631578948,36,2,19,31.308780973051178,0.6663773148148149,40.56869369369369,1037.7252252252247,28.825700700700686,1
3270,4,0,0,38,0.0,0.0,1.0,38,600,200,400,0.3333333333333333,10,2,8,354.2494860069416,0.3530257230915126,0.08817887543460046,0.227266945824495,134726.09169558066,1945.329746976706,136671.42144255736,3265,99,1222.6052631578948,36,2,19,31.26175109375566,0.6675347222222222,40.45608108108108,1038.1756756756754,28.838213213213205,0
3271,4,0,0,38,0.0,0.0,1.0,38,550,100,450,0.18181818181818182,10,1,9,354.36262769326305,0.35262565196775725,0.08517524831601753,0.2275225227946996,134755.32119957794,1950.4499431864247,136705.77114276437,3266,100,1223.6052631578948,36,2,19,31.229663774403466,0.6678240740740742,40.427927927927925,1038.2882882882882,28.841341341341337,0
3272,4,0,0,38,0.0,0.0,1.0,38,800,600,200,0.75,10,6,4,355.75483746361965,0.3522848506401138,0.08322821477291575,0.2286003732579815,134784.5538739752,1990.0514112084963,136774.6052851837,3267,101,1224.6052631578948,36,2,18,31.16437118172289,0.6681134259259259,40.39977477477477,1038.4009009008998,28.84446946946944,0
3273,4,1,0,39,0.02564102564102564,0.0,1.0,39,1450,1000,450,0.6896551724137931,19,10,9,346.5447929927992,0.35619095816464236,0.08786804377986757,0.2245790281862426,135091.6883680555,1563.0642361111065,136654.7526041666,3268,0,1194.179487179487,37,2,19,31.097611890447556,0.6692004504504505,40.104166666666664,1039.583333333333,28.096846846846837,0
3274,4,0,0,39,0.0,0.0,1.0,39,750,400,350,0.5333333333333333,11,4,7,345.69673283490175,0.3557973459289249,0.08057062976392304,0.22438344404335184,135148.68907981293,1544.0920523622503,136692.78113217518,3269,1,1195.179487179487,37,2,19,31.06293279201377,0.6697635135135136,40.04934210526315,1039.8026315789466,28.102773826458016,0
3275,4,0,0,39,0.0,0.0,1.0,39,850,600,250,0.7058823529411765,11,6,5,344.7783307400811,0.35619095816464236,0.07918329386064538,0.22396422525609092,135177.19394429043,1521.233456448125,136698.42740073855,3270,2,1196.179487179487,37,2,19,31.058449318149858,0.670045045045045,40.0219298245614,1039.9122807017536,28.10573731626361,0
3276,4,0,0,39,0.0,0.0,1.0,39,850,700,150,0.8235294117647058,10,7,3,362.44987678125347,0.35619095816464236,0.08130187108721532,0.2305103217700277,134408.61761551624,1943.2773786164873,136351.89499413272,3271,3,1197.179487179487,37,2,19,31.365985513376337,0.6624436936936937,40.76206140350877,1036.9517543859643,28.025723091512546,3
3277,4,0,0,39,0.0,0.0,1.0,39,750,400,350,0.5333333333333333,11,4,7,362.0726345288276,0.35655645524066576,0.0842374655020035,0.23044972929836147,134437.04433094792,1935.194963835018,136372.23929478292,3272,4,1198.179487179487,37,2,19,31.347360259392396,0.6627252252252254,40.734649122807014,1037.0614035087715,28.028686581318148,0
3278,4,0,0,39,0.0,0.0,1.0,39,750,700,50,0.9333333333333333,8,7,1,365.4877105784228,0.3569781826360774,0.08804683688404591,0.2329861012177818,134493.90677900903,2031.174015081574,136525.0807940906,3273,5,1199.179487179487,37,2,19,31.201990838618748,0.6632882882882882,40.679824561403514,1037.2807017543869,28.034613560929376,0
3279,4,0,0,39,0.0,0.0,1.0,39,1000,700,300,0.7,13,7,6,365.4877105784228,0.3569781826360774,0.08804683688404591,0.2329861012177818,134493.90677900903,2031.174015081574,136525.0807940906,3274,6,1200.179487179487,37,2,19,31.201990838618748,0.6632882882882882,40.679824561403514,1037.2807017543869,28.034613560929376,0
3280,4,0,0,39,0.0,0.0,1.0,39,1300,1000,300,0.7692307692307693,16,10,6,364.8164537217877,0.3570906432748538,0.08593193554131018,0.23348253038194458,134638.42220599003,2023.6743677073705,136662.0965736974,3275,7,1201.179487179487,36,3,20,31.075032552083343,0.6666666666666665,40.540540540540555,1037.83783783784,28.82882882882889,0
3281,4,0,0,39,0.0,0.0,1.0,39,550,200,350,0.36363636363636365,9,2,7,364.8164537217877,0.3570906432748538,0.08593193554131018,0.23348253038194458,134638.42220599003,2023.6623447772376,136662.08455076726,3276,8,1202.179487179487,36,3,20,31.075032552083343,0.6666666666666665,40.540540540540555,1037.83783783784,28.82882882882889,0
3282,4,0,0,39,0.0,0.0,1.0,39,750,500,250,0.6666666666666666,10,5,5,362.51717266551117,0.3571187584345479,0.08162527563893995,0.2329457037734274,134784.55387397553,1972.3430778751904,136756.8969518507,3277,9,1203.179487179487,36,3,16,30.988820807576904,0.6681134259259258,40.399774774774784,1038.4009009009023,28.84446946946951,0
3283,4,0,0,39,0.0,0.0,1.0,39,950,600,350,0.631578947368421,13,6,7,365.46778303843416,0.35638776428250113,0.08554975626295835,0.2357906130288528,134930.7648019642,2062.5694951708547,136993.33429713504,3278,10,1204.179487179487,36,3,17,30.76631259484067,0.6695601851851851,40.25900900900901,1038.9639639639645,28.860110110110124,0
3284,4,0,0,39,0.0,0.0,1.0,39,1000,1000,0,1.0,10,10,0,364.2165090740393,0.3563034188034188,0.0893120456273353,0.23528833377605127,134977.72301333104,2032.2230157356128,137009.94602906666,3279,11,1205.179487179487,37,2,18,30.751974077591353,0.6680743243243243,40.213815789473685,1039.1447368421054,28.08499288762447,0
3285,4,0,0,39,0.0,0.0,1.0,39,1000,700,300,0.7,13,7,6,367.3618900105042,0.3557692307692308,0.09912366114897764,0.23788187959696566,135063.19252077554,2123.413935056934,137186.6064558325,3280,12,1206.179487179487,37,2,18,30.58500351617439,0.668918918918919,40.13157894736842,1039.4736842105258,28.09388335704124,0
3286,4,0,0,39,0.0,0.0,1.0,39,800,500,300,0.625,11,5,6,365.7894500640493,0.35523504273504275,0.08287615267888415,0.23599814449586828,134930.76480196405,2072.4523437396306,137003.21714570367,3281,13,1207.179487179487,36,3,16,30.757957583640433,0.6695601851851851,40.259009009009006,1038.9639639639634,28.860110110110092,1
3287,4,0,0,39,0.0,0.0,1.0,39,700,500,200,0.7142857142857143,9,5,4,365.7894500640493,0.35523504273504275,0.08287615267888415,0.23599814449586828,134930.76480196405,2071.2500507263953,137002.01485269045,3282,14,1208.179487179487,36,3,16,30.757957583640433,0.6695601851851851,40.259009009009006,1038.9639639639634,28.860110110110092,0
3288,4,1,0,40,0.025,0.0,1.0,40,450,200,250,0.4444444444444444,7,2,5,367.48411095759394,0.36081730769230774,0.09039690721649496,0.23267597103711893,134246.13284388927,1868.4903060011388,136114.6231498904,3283,0,1178.95,38,2,18,31.397981099656363,0.6589912280701754,40.91880341880342,1036.3247863247864,27.27170490328385,2
3289,4,0,0,40,0.0,0.0,1.0,40,850,600,250,0.7058823529411765,11,6,5,359.026486777254,0.36064369658119655,0.11251041232819703,0.2117991633297756,131602.03904594926,1479.460584228212,133081.49963017748,3284,1,1179.95,38,2,14,34.27326287657921,0.6326754385964912,43.48290598290598,1026.0683760683758,27.001799370220414,7
3290,4,0,0,40,0.0,0.0,1.0,40,1150,700,450,0.6086956521739131,16,7,9,357.7692978084372,0.3604967948717949,0.1027240087418042,0.21181794101301743,131739.10307774486,1426.4412804076187,133165.5443581525,3285,2,1180.95,38,2,15,34.16718701217608,0.634046052631579,43.34935897435897,1026.6025641025637,27.015856950067466,0
3291,4,0,0,40,0.0,0.0,1.0,40,850,500,350,0.5882352941176471,12,5,7,358.94148590015834,0.3605635683760684,0.10048387096774225,0.21266508504935394,131766.52444480968,1459.294415223906,133225.81886003359,3286,3,1181.95,38,2,15,34.109434616718694,0.6343201754385964,43.322649572649574,1026.7094017094016,27.018668466036885,0
3292,4,0,0,40,0.0,0.0,1.0,40,1300,1000,300,0.7692307692307693,16,10,6,361.2349094433528,0.36064369658119655,0.0996411483253592,0.2146423003330279,131876.23844875433,1527.6602107531444,133403.89865950748,3287,4,1182.95,38,2,15,33.9398706747105,0.6354166666666667,43.21581196581196,1027.136752136751,27.029914529914503,0
3293,4,0,0,40,0.0,0.0,1.0,40,1150,700,450,0.6086956521739131,16,7,9,359.5318984443566,0.360136217948718,0.10145070715474236,0.21393927818322597,131931.1125721381,1486.6886733873826,133417.80124552548,3288,5,1183.95,38,2,15,33.92826192457016,0.6359649122807018,43.16239316239316,1027.3504273504266,27.03553756185333,0
3294,4,0,0,40,0.0,0.0,1.0,40,750,400,350,0.5333333333333333,11,4,7,359.439899222022,0.36005608974358977,0.10427323767935182,0.2141941109490337,131985.998109796,1488.2067718606006,133474.2048816566,3289,6,1184.95,38,2,15,33.87528592222915,0.636513157894737,43.10897435897435,1027.5641025641012,27.041160593792135,0
3295,4,0,0,40,0.0,0.0,1.0,40,1100,600,500,0.5454545454545454,16,6,10,377.23668150008814,0.3598023504273504,0.17266121470986562,0.2217449421750978,131465.0463533677,1919.3296168456502,133384.37597021335,3290,7,1185.95,38,2,17,33.94472514498039,0.6313048245614035,43.616452991452995,1025.5341880341884,26.98774179037338,2
3296,4,0,0,40,0.0,0.0,1.0,40,900,700,200,0.7777777777777778,11,7,4,377.0221445481857,0.36061698717948715,0.16914705269735508,0.22209611238967347,131547.23340821092,1919.2440097888757,133466.4774179998,3291,8,1186.95,38,2,17,33.867076303547876,0.6321271929824561,43.53632478632478,1025.8547008547002,26.996176338281586,0
3297,4,0,0,40,0.0,0.0,1.0,40,700,500,200,0.7142857142857143,9,5,4,375.5166483630572,0.36109775641025643,0.1715431070387341,0.22152714317437353,131602.0390459493,1883.7513240558112,133485.7903700051,3292,9,1187.95,38,2,15,33.85026204359294,0.6326754385964912,43.48290598290598,1026.068376068376,27.00179937022042,0
3298,4,0,0,40,0.0,0.0,1.0,40,1050,800,250,0.7619047619047619,13,8,5,370.47018963293755,0.361605235042735,0.17142039542143572,0.21949559324121623,131766.52444480962,1763.1138596683365,133529.63830447796,3293,10,1188.95,38,2,15,33.813518903919515,0.6343201754385965,43.32264957264957,1026.709401709401,27.018668466036868,0
3299,4,0,0,40,0.0,0.0,1.0,40,1100,800,300,0.7272727272727273,14,8,6,371.7945420908012,0.3619925213675214,0.17421972534332109,0.22059809497387523,131821.37573964492,1802.0936061801394,133623.46934582505,3294,11,1189.95,38,2,16,33.72412089055347,0.6348684210526316,43.26923076923077,1026.9230769230765,27.024291497975696,0
3300,4,0,0,40,0.0,0.0,1.0,40,750,400,350,0.5333333333333333,11,4,7,373.2204701604603,0.3623798076923077,0.17801092043681765,0.22192423132917888,131903.6740836619,1845.8302514792722,133749.50433514116,3295,12,1190.95,38,2,16,33.60439417576703,0.6356907894736843,43.189102564102555,1027.2435897435885,27.03272604588391,0
3301,4,1,1,40,0.024390243902439025,0.024390243902439025,0.975609756097561,41,900,600,300,0.6666666666666666,12,6,6,367.8758109075094,0.36765752032520327,0.1809665680977679,0.22052446151122287,132210.46142578128,1527.4061414930559,133737.86756727434,3296,0,1162.878048780488,39,2,16,33.4321930179952,0.6370192307692308,42.890625,1028.4375000000002,26.370192307692314,0
3302,4,1,0,41,0.024390243902439025,0.0,1.0,41,900,600,300,0.6666666666666666,12,6,6,372.4585372198283,0.367530487804878,0.220408490268438,0.20407711302562231,128725.26584201379,1388.964843749991,130114.23068576377,3297,0,1163.8536585365853,39,2,15,36.85288783959489,0.6020299145299146,46.30208333333333,1014.7916666666658,26.020299145299123,6
3303,4,3,2,42,0.06818181818181818,0.045454545454545456,0.9545454545454546,44,750,600,150,0.8,9,6,3,348.18934351269445,0.3846678999295278,0.2089339858503112,0.19382918177954217,129352.72285997722,208.72683708899,129561.44969706621,3298,0,1085.4318181818182,41,3,16,36.829529939535774,0.6051829268292683,45.6845238095238,1017.2619047619039,24.811265969802534,0
3304,4,0,1,41,0.0,0.023809523809523808,0.9761904761904762,42,650,500,150,0.7692307692307693,8,5,3,338.407359136485,0.37439508323654663,0.1798737911739614,0.1860774862483553,128865.81776926738,321.8282148522422,129187.64598411962,3299,1,1138.1190476190477,40,2,12,37.57360791378907,0.6018229166666668,46.16361788617885,1015.3455284552825,25.383638211382063,2
3305,4,2,1,42,0.046511627906976744,0.023255813953488372,0.9767441860465116,43,1300,900,400,0.6923076923076923,17,9,8,344.77384108748686,0.37622277593207826,0.21032394680139688,0.19270395046497038,129511.53413973168,330.8741696410915,129842.40830937277,3300,0,1112.5813953488373,40,3,12,36.75494209265176,0.6083333333333333,45.52845528455285,1017.886178861789,25.447154471544724,0
3306,4,1,0,43,0.023255813953488372,0.0,1.0,43,700,700,0,1.0,7,7,0,344.0954418508294,0.3777685492801772,0.21795942997725448,0.1928320093593573,129614.99851278993,319.98603675060247,129934.98454954053,3301,0,1113.5581395348838,40,3,13,36.66708250166333,0.609375,45.42682926829268,1018.2926829268287,25.457317073170717,0
3307,4,1,1,43,0.022727272727272728,0.022727272727272728,0.9772727272727273,44,850,600,250,0.7058823529411765,11,6,5,336.1426218858486,0.38401823467230445,0.2136151273293574,0.18954606461334828,129857.80915375397,-69.85111174100754,129787.95804201296,3302,0,1089.2272727272727,41,3,13,36.623191227045595,0.6102642276422765,45.188492063492056,1019.2460317460308,24.8596593108788,0
3308,4,1,0,44,0.022727272727272728,0.0,1.0,44,1100,700,400,0.6363636363636364,15,7,8,340.8501914934846,0.38373194150810425,0.22810825626425757,0.1931985484529219,130060.1192444568,66.20331002769029,130126.32255448449,3303,0,1090.2045454545455,41,3,15,36.298061336964274,0.6122967479674797,44.99007936507935,1020.0396825396805,24.87901664730928,0
3309,4,0,1,43,0.0,0.022727272727272728,0.9772727272727273,44,1350,1000,350,0.7407407407407407,17,10,7,341.85371525749946,0.38339059196617337,0.23956759192979704,0.1943974112135927,130186.64301658138,100.95751842401222,130287.60053500539,3304,1,1091.2045454545455,41,3,15,36.14422329153301,0.6135670731707318,44.866071428571416,1020.5357142857123,24.891114982578348,0
3310,4,0,0,43,0.0,0.0,1.0,43,900,600,300,0.6666666666666666,12,6,6,347.1273860942211,0.3838362864525655,0.24992532111918764,0.1975184327787115,130210.72035701277,439.9413997950681,130650.66175680784,3305,2,1114.3720930232557,40,3,15,35.985263367519664,0.6153645833333334,44.842479674796735,1020.630081300811,25.515752032520275,0
3311,4,0,0,43,0.0,0.0,1.0,43,950,400,550,0.42105263157894735,15,4,11,348.35485214493997,0.3842977113325951,0.25590887517797856,0.19848125296630273,130262.58680555534,475.5208333333136,130738.10763888866,3306,3,1115.3720930232557,40,3,15,35.90136054421769,0.6158854166666667,44.79166666666666,1020.8333333333317,25.520833333333293,0
3312,4,3,2,44,0.06521739130434782,0.043478260869565216,0.9565217391304348,46,1100,900,200,0.8181818181818182,13,9,4,328.84590553030796,0.39207930756843795,0.23835382170090358,0.19031494425575654,130867.47378795042,-592.9534155475272,130274.5203724029,3307,0,1043.5652173913043,43,3,15,35.78792611445319,0.6174903100775195,44.1998106060606,1023.2007575757567,23.795366455250157,0
3313,4,0,0,44,0.0,0.0,1.0,44,1250,1000,250,0.8,15,10,5,339.5056710948281,0.3880703840732911,0.2513979907741437,0.1956000532126542,130693.35322381226,74.22691877672924,130767.58014258898,3308,1,1092.0,41,3,16,35.69125755958734,0.6186483739837401,44.37003968253966,1022.5198412698379,24.939508323654582,0
3314,4,0,0,44,0.0,0.0,1.0,44,1750,1200,550,0.6857142857142857,23,12,11,341.3792722644363,0.3878942036645525,0.25471070374124194,0.1977162938465838,130896.31287989712,137.05760660743442,131033.37048650454,3309,2,1093.0,41,3,16,35.438176603651634,0.6206808943089432,44.17162698412697,1023.3134920634905,24.958865660085134,0
3315,4,1,0,45,0.022222222222222223,0.0,1.0,45,1150,700,450,0.6086956521739131,16,7,9,338.6792730393173,0.39088804713804715,0.25834357955799403,0.1977281034701654,131204.00221027856,-112.78478231479232,131091.21742796377,3310,0,1069.6888888888889,42,3,17,35.19656987925217,0.6222718253968256,43.87112403100774,1024.515503875967,24.393226282761116,0
3316,4,2,1,46,0.0425531914893617,0.02127659574468085,0.9787234042553191,47,1100,800,300,0.7272727272727273,14,8,6,325.5006774772672,0.39751002158495224,0.2533481485553202,0.19235421714823397,131668.07008293123,-828.332113052797,130839.73796987844,3311,0,1025.127659574468,43,4,10,35.06681737097864,0.6254844961240311,43.41856060606059,1026.3257575757546,23.868040873854756,0
3317,4,0,0,46,0.0,0.0,1.0,46,950,800,150,0.8421052631578947,11,8,3,334.5684857790727,0.3933574879227053,0.2602824649997948,0.19749611284283025,131626.25912655465,-392.4003590529679,131233.8587675017,3312,1,1048.4130434782608,42,4,12,34.87625904941767,0.6264880952380953,43.45930232558138,1026.1627906976726,24.43244739756363,0
3318,4,0,0,46,0.0,0.0,1.0,46,1050,700,350,0.6666666666666666,14,7,7,340.43408452183075,0.39346819645732695,0.2673278908549124,0.20135221984029883,131700.84547390474,-232.90864806802824,131467.93682583672,3313,2,1049.4130434782608,42,4,13,34.650634066521924,0.6272321428571429,43.38662790697674,1026.4534883720926,24.43936877076411,0
3319,4,0,1,45,0.0,0.021739130434782608,0.9782608695652174,46,1250,900,350,0.72,16,9,7,341.0391482353917,0.3932367149758454,0.2650664194228607,0.20237026276588346,131825.2030001201,-208.48901057629345,131616.7139895438,3314,3,1050.4130434782608,42,4,13,34.50985248789079,0.6284722222222223,43.26550387596899,1026.9379844961234,24.45090439276484,0
3320,4,1,0,46,0.021739130434782608,0.0,1.0,46,800,500,300,0.625,11,5,6,344.0304996026392,0.3929951690821256,0.26896178537169235,0.20521864335127074,132024.2971050419,-115.92302145302759,131908.37408358886,3315,0,1051.304347826087,42,4,14,34.23258847193412,0.6304563492063492,43.071705426356594,1027.7131782945746,24.469361387966064,0
3321,4,0,1,45,0.0,0.021739130434782608,0.9782608695652174,46,850,500,350,0.5882352941176471,12,5,7,345.78134204598905,0.3929045893719807,0.25511139952411854,0.19767363410478891,130392.2981112433,-99.41391444564653,130292.88419679766,3316,1,1052.304347826087,40,6,16,35.83561359867329,0.6171875,44.66463414634146,1021.3414634146341,25.53353658536585,6
3322,4,3,2,46,0.0625,0.041666666666666664,0.9583333333333334,48,1050,700,350,0.6666666666666666,14,7,7,335.9440367124243,0.4003028959810875,0.26687503946454516,0.1942440930783009,130831.98594585655,-809.554902049162,130022.43104380739,3317,0,1009.2083333333334,42,6,13,35.64220654164299,0.6185515873015873,44.234496124031004,1023.0620155038754,24.358619416758938,0
3323,4,0,1,45,0.0,0.021739130434782608,0.9782608695652174,46,1450,1100,350,0.7586206896551724,18,11,7,349.9521215268604,0.3948067632850241,0.27220126104682096,0.20095912798047458,130566.58340419491,-61.58942743765391,130504.99397675727,3318,1,1054.0869565217392,41,5,13,35.55256260920209,0.6173780487804879,44.49404761904761,1022.0238095238087,24.927409988385577,0
3324,4,0,0,45,0.0,0.0,1.0,45,800,500,300,0.625,11,5,6,355.28397301082987,0.39145622895622895,0.27975156377782184,0.20365023173608246,130496.11363110597,272.63554266641563,130768.74917377238,3319,2,1078.1333333333334,40,5,13,35.487741197533325,0.6182291666666666,44.56300813008131,1021.7479674796759,25.543699186991898,0
3325,4,2,2,45,0.0425531914893617,0.0425531914893617,0.9574468085106383,47,1000,700,300,0.7,13,7,6,344.5917975623036,0.3980881899475794,0.2799622053843227,0.19962885211494716,130906.34694617208,-378.1493187008002,130528.19762747128,3320,0,1033.212765957447,42,5,13,35.345847931067134,0.6192956349206349,44.161821705426355,1023.3527131782944,24.36554078995939,0
3326,4,0,0,45,0.0,0.0,1.0,45,700,400,300,0.5714285714285714,10,4,6,358.65651917229627,0.3908249158249158,0.28753231258699485,0.20613527256199748,130599.9704623571,368.1061620067419,130968.07662436385,3321,4,1080.1333333333334,40,5,13,35.296322993305495,0.6192708333333334,44.46138211382114,1022.1544715447158,25.553861788617894,0
3327,4,0,0,45,0.0,0.0,1.0,45,950,600,350,0.631578947368421,13,6,7,355.28282940715076,0.3914772727272727,0.2834929154380508,0.20460793054752963,130677.89019639428,285.5221139863785,130963.41231038065,3322,5,1081.1333333333334,40,5,13,35.30360633469173,0.6200520833333334,44.385162601626014,1022.4593495934954,25.561483739837385,0
3328,4,0,0,45,0.0,0.0,1.0,45,850,600,250,0.7058823529411765,11,6,5,357.19980519428367,0.3911616161616162,0.2859319619729037,0.20598863264584977,130729.84959556155,339.33536172252343,131069.18495728407,3323,6,1082.1333333333334,40,5,14,35.20197754148863,0.6205729166666667,44.334349593495936,1022.6626016260167,25.566565040650417,0
3329,4,1,0,46,0.021739130434782608,0.0,1.0,46,800,500,300,0.625,11,5,6,351.47440299427996,0.3948369565217391,0.28213674709456704,0.20396585433605066,130972.46334876539,6.693672839505467,130979.1570216049,3324,0,1059.5869565217392,41,5,16,35.10289461781999,0.6214430894308943,44.09722222222222,1023.6111111111109,24.966124661246607,0
3330,4,0,1,45,0.0,0.021739130434782608,0.9782608695652174,46,900,500,400,0.5555555555555556,13,5,8,353.2051812152077,0.39391103059581317,0.284449602541041,0.2053763760744878,131048.63596190796,57.41144258629936,131106.04740449425,3325,1,1060.5869565217392,41,5,16,34.98157074572876,0.6222052845528455,44.02281746031746,1023.9087301587306,24.973383662408065,0
3331,4,0,0,45,0.0,0.0,1.0,45,1050,700,350,0.6666666666666666,14,7,7,358.50427180957445,0.39044612794612793,0.28054667054376314,0.2079082952366149,130947.0773986678,389.01732568027455,131336.09472434808,3326,2,1084.8444444444444,41,4,16,34.9486890568964,0.6211890243902438,44.12202380952381,1023.5119047619047,24.9637049941928,0
3332,4,0,0,45,0.0,0.0,1.0,45,1100,900,200,0.8181818181818182,13,9,4,362.70606148741734,0.3891624579124579,0.2885745656526508,0.21104013340885716,131074.0317539054,508.269164147155,131582.30091805256,3327,3,1085.8444444444444,41,4,16,34.71266873344958,0.6224593495934958,43.99801587301588,1024.0079365079378,24.975803329461897,0
3333,4,0,0,45,0.0,0.0,1.0,45,1100,800,300,0.7272727272727273,14,8,6,360.22527880463537,0.38897306397306397,0.28045709858609325,0.21015176434670438,131175.63952664414,450.55626417235385,131626.1957908165,3328,4,1086.8444444444444,41,4,17,34.67339724966106,0.6234756097560974,43.89880952380953,1024.404761904763,24.985481997677148,0
3334,4,1,0,46,0.021739130434782608,0.0,1.0,46,1600,1200,400,0.75,20,12,8,351.97612663030003,0.3910829307568438,0.26858499129218716,0.19608419608769806,129382.26176754912,-71.999528544312,129310.2622390048,3329,0,1064.195652173913,40,6,18,36.70316818166682,0.60703125,45.65548780487805,1017.3780487804881,25.434451219512205,6
3335,4,0,0,46,0.0,0.0,1.0,46,1150,800,350,0.6956521739130435,15,8,7,354.82764318304754,0.39093196457326895,0.2674025906375883,0.19832330770766776,129511.53413973171,-9.145515235633695,129502.38862449607,3330,1,1065.195652173913,40,6,13,36.49910143769968,0.6083333333333333,45.52845528455285,1017.8861788617892,25.447154471544728,0
3336,4,1,1,46,0.02127659574468085,0.02127659574468085,0.9787234042553191,47,1050,700,350,0.6666666666666666,14,7,7,349.3210550307166,0.39508171446191803,0.26854631684288366,0.19634252403450628,129731.44531250001,-336.41493055555463,129395.03038194447,3331,0,1043.5106382978724,41,6,13,36.415729379686425,0.6089939024390244,45.3125,1018.7500000000001,24.84756097560976,0
3337,4,0,0,46,0.0,0.0,1.0,46,1250,900,350,0.72,16,9,7,355.71453142557135,0.3913949275362319,0.26994651432140837,0.19973819319207275,129692.62390318251,26.71018821467476,129719.33409139719,3332,3,1067.195652173913,40,6,14,36.292360903255855,0.6101562500000001,45.350609756097555,1018.5975609756088,25.46493902439022,0
3338,4,1,0,47,0.02127659574468085,0.0,1.0,47,1300,1100,200,0.8461538461538461,15,11,4,347.5244553692845,0.3938868331791551,0.27155077867953503,0.19698161246455245,130060.11924445696,-360.18557886118464,129699.93366559577,3333,0,1045.468085106383,41,6,15,36.12786098683784,0.6122967479674797,44.99007936507936,1020.039682539682,24.879016647309317,0
3339,4,0,1,46,0.0,0.02127659574468085,0.9787234042553191,47,1200,800,400,0.6666666666666666,16,8,8,346.9471671960885,0.3937519272278754,0.26927182899277535,0.19690974985897208,130110.72137188207,-371.6907596371892,129739.03061224488,3334,1,1046.468085106383,41,6,15,36.09125826526642,0.6128048780487805,44.94047619047619,1020.2380952380952,24.883855981416957,0
3340,4,0,0,46,0.0,0.0,1.0,46,1250,900,350,0.72,16,9,7,352.4113735141647,0.3894524959742351,0.2804481013407525,0.1998811998811999,130085.41907793209,-31.28375771604715,130054.13532021604,3335,2,1070.0,41,5,15,35.9775641025641,0.6125508130081301,44.96527777777778,1020.1388888888888,24.881436314363143,0
3341,4,0,0,46,0.0,0.0,1.0,46,1400,1000,400,0.7142857142857143,18,10,8,353.52848314954514,0.38931159420289857,0.27677299944643297,0.20129798357087253,130237.26974875582,8.51688476314888,130245.78663351896,3336,3,1071.0,41,5,16,35.7950035636764,0.6140752032520326,44.816468253968246,1020.7341269841257,24.895954316685994,0
3342,4,0,0,46,0.0,0.0,1.0,46,850,700,150,0.8235294117647058,10,7,3,352.212521919349,0.3893015297906602,0.2729843647898358,0.20094714410696754,130314.46358194528,-20.320367372248086,130294.14321457304,3337,4,1072.0,40,6,16,35.750306890945886,0.61640625,44.74085365853659,1021.0365853658537,25.525914634146343,0
3343,4,0,0,46,0.0,0.0,1.0,46,1250,1000,250,0.8,15,10,5,350.5004786008227,0.38912037037037034,0.2743205305117802,0.2005054246110913,130418.24811826645,-57.66832325333837,130360.57979501311,3338,5,1073.0,40,6,17,35.68882034955063,0.6174479166666667,44.63922764227643,1021.443089430896,25.5360772357724,0
3344,4,0,0,46,0.0,0.0,1.0,46,1200,900,300,0.75,15,9,6,352.67415623557827,0.38885869565217396,0.28713506923579035,0.20256105021480372,130574.00238160165,10.015223246753123,130584.0176048484,3339,6,1074.0,40,6,14,35.47549799476319,0.6190104166666666,44.486788617886184,1022.052845528456,25.5513211382114,0
3345,4,0,0,46,0.0,0.0,1.0,46,1300,900,400,0.6923076923076923,17,9,8,351.2237407957017,0.38813405797101447,0.282396985945067,0.2025423784313552,130729.84959556158,-16.914638277477934,130712.9349572841,3340,7,1075.0,40,6,14,35.354764980622065,0.6205729166666667,44.334349593495936,1022.6626016260169,25.566565040650424,0
3346,4,1,0,47,0.02127659574468085,0.0,1.0,47,1300,900,400,0.6923076923076923,17,9,8,346.68580136512554,0.39153561517113783,0.2870729782402117,0.2017497548913352,131079.93810468123,-311.2893230575038,130768.64878162373,3341,0,1053.1063829787233,42,5,17,35.116822798385066,0.621031746031746,43.992248062015506,1024.0310077519382,24.381690660760434,0
3347,4,0,0,47,0.0,0.0,1.0,47,1000,700,300,0.7,13,7,6,347.17683499384225,0.39159343200740054,0.28310307498521037,0.20282032338259076,131228.82207349336,-288.0785785108934,130940.74349498247,3342,1,1054.1063829787233,42,5,17,34.95385694470714,0.6225198412698412,43.84689922480621,1024.6124031007764,24.395533407161345,0
3348,4,2,1,48,0.04081632653061224,0.02040816326530612,0.9795918367346939,49,800,500,300,0.625,11,5,6,339.0368364997579,0.39772888321995464,0.2910783648806954,0.20039498728824998,131675.9810107567,-871.3232753440172,130804.65773541266,3343,0,1012.0408163265306,42,7,14,34.71153543554885,0.6269841269841269,43.4108527131783,1026.3565891472879,24.437061646363997,0
3349,4,0,0,48,0.0,0.0,1.0,48,1200,600,600,0.5,18,6,12,342.945471611239,0.3932845744680851,0.2939362816175284,0.20261398651160883,131658.81406092548,-569.6411840198857,131089.1728769056,3344,1,1034.125,41,7,14,34.62854438537136,0.6283028455284552,43.427579365079374,1026.289682539684,25.03145567169961,0
3350,4,0,0,48,0.0,0.0,1.0,48,1250,700,550,0.56,18,7,11,327.6224321173162,0.3930352393617021,0.2820099484156229,0.19585182395735615,132105.78799357222,-943.8360881542555,131161.95190541795,3345,2,1035.125,43,5,16,34.57227953819703,0.6298449612403101,42.99242424242425,1028.0303030303041,23.907681465821028,1
3351,4,1,1,48,0.02040816326530612,0.02040816326530612,0.9795918367346939,49,1300,800,500,0.6153846153846154,18,8,10,323.44574035008566,0.39702026643990934,0.2781489057742943,0.19473325884349166,132374.18124142676,-1236.8269890260488,131137.35425240072,3346,0,1014.9795918367347,44,5,17,34.41024083738229,0.631155303030303,42.73148148148149,1029.0740740740753,23.388047138047167,0
3352,4,0,1,47,0.0,0.020833333333333332,0.9791666666666666,48,950,500,450,0.5263157894736842,14,5,9,332.0997256914364,0.39294289302600477,0.2789933431498861,0.19981149608876814,132349.27847365724,-809.3681846877686,131539.91028896946,3347,4,1037.125,43,5,18,34.21260506779557,0.632267441860465,42.75568181818183,1028.9772727272743,23.929704016913355,0
3353,4,0,0,47,0.0,0.0,1.0,47,1100,800,300,0.7272727272727273,14,8,6,337.67545547916217,0.3918054270736972,0.2804053715538506,0.20289192477771734,132298.2967989454,-465.2224738597385,131833.07432508568,3348,5,1058.8297872340424,42,5,18,34.1203965338608,0.6331845238095237,42.80523255813954,1028.7790697674423,24.49473975636767,0
3354,4,0,1,46,0.0,0.02127659574468085,0.9787234042553191,47,900,600,300,0.6666666666666666,12,6,6,340.0420570432808,0.39236432315757014,0.2669029048195608,0.19683165152246018,130874.74093967021,-461.3519052739621,130413.38903439626,3349,6,1059.8297872340424,39,8,13,35.494184566832935,0.62366452991453,44.192708333333336,1023.2291666666673,26.236645299145316,8
3355,4,0,0,46,0.0,0.0,1.0,46,950,700,250,0.7368421052631579,12,7,5,351.2107080971257,0.38995571658615136,0.2809652655138444,0.20323534449825809,130863.12601587031,-7.8937696325651245,130855.23224623775,3350,7,1083.695652173913,38,8,13,35.22023250147924,0.6252741228070176,44.20405982905982,1023.1837606837598,26.92588843904631,0
3356,4,0,0,46,0.0,0.0,1.0,46,1400,900,500,0.6428571428571429,19,9,10,351.80209919345793,0.39026771336553945,0.28060703440950996,0.20386644332571863,130917.7889751806,11.430596646920492,130929.21957182753,3351,8,1084.695652173913,38,8,13,35.149806869193014,0.6258223684210528,44.150641025641015,1023.3974358974343,26.931511470985114,0
3357,4,3,2,47,0.061224489795918366,0.04081632653061224,0.9591836734693877,49,1500,1100,400,0.7333333333333333,19,11,8,332.04252518361375,0.3981009070294785,0.27895401845730894,0.1956783007430576,131562.60456945247,-1062.4820588794619,130500.122510573,3352,0,1019.2244897959183,40,9,13,35.00515931979528,0.6289062500000002,43.52134146341462,1025.9146341463395,25.647865853658487,0
3358,4,1,0,48,0.020833333333333332,0.0,1.0,48,1500,1200,300,0.8,18,12,6,341.1922027003793,0.39808658392434987,0.28430750220055545,0.20067971492162082,131488.33007812488,-627.4414062500157,130860.88867187487,3353,0,1041.4375,39,9,15,34.845368677635584,0.6298076923076924,43.59374999999999,1025.624999999999,26.2980769230769,0
3359,4,0,0,48,0.0,0.0,1.0,48,1150,700,450,0.6086956521739131,16,7,9,342.15609349851326,0.3978280141843971,0.28907730842133805,0.2015283019601288,131541.75347222202,-598.4375000000199,130943.315972222,3354,1,1042.4375,39,9,15,34.766788518819396,0.6303418803418805,43.54166666666666,1025.8333333333317,26.30341880341876,0
3360,4,0,0,48,0.0,0.0,1.0,48,1950,1400,550,0.717948717948718,25,14,11,338.2747999704148,0.3970984781323877,0.2840691612222004,0.20030785634824888,131745.12215777623,-686.7890310000937,131058.33312677614,3355,2,1043.4375,40,8,15,34.66145317758859,0.6307291666666668,43.343495934959336,1026.6260162601607,25.665650406504017,0
3361,4,0,0,48,0.0,0.0,1.0,48,1450,1100,350,0.7586206896551724,18,11,7,336.02763676900975,0.39775413711583923,0.2844253982388447,0.19966086565692978,131875.56932257564,-737.2328185934548,131138.3365039822,3356,3,1044.4375,40,8,15,34.58782691863724,0.6320312500000002,43.216463414634134,1027.1341463414617,25.678353658536544,0
3362,4,0,0,48,0.0,0.0,1.0,48,1400,1200,200,0.8571428571428571,16,12,4,339.2486422042034,0.3983266843971631,0.29012589809505007,0.20254786111294623,132058.30379569018,-639.8799491043973,131418.4238465858,3357,4,1045.4375,40,8,15,34.321237888075906,0.6338541666666668,43.03861788617885,1027.8455284552826,25.696138211382067,0
3363,4,0,0,48,0.0,0.0,1.0,48,2050,1700,350,0.8292682926829268,24,17,7,337.96990098757163,0.39775413711583923,0.28807956335809237,0.20264511067311453,132219.38898533926,-662.7652391975473,131556.6237461417,3358,5,1046.4375,41,7,15,34.19212806662166,0.6338922764227644,42.881944444444436,1028.4722222222204,25.084688346883425,0
3364,4,0,0,48,0.0,0.0,1.0,48,1300,1000,300,0.7692307692307693,16,10,6,340.47880845653924,0.3977818410165485,0.288171680164546,0.20484026689740265,132346.9584593096,-587.7330561854393,131759.22540312415,3359,6,1047.4375,41,7,15,33.9993893816686,0.6351626016260162,42.757936507936506,1028.9682539682535,25.096786682152526,0
3365,4,0,0,48,0.0,0.0,1.0,48,1100,600,500,0.5454545454545454,16,6,10,342.71548558925764,0.3976248522458629,0.2877439277558653,0.2066158315498693,132425.49332493253,-523.1170244505729,131902.37630048196,3360,7,1048.4375,38,10,15,33.86292471109266,0.6408991228070174,42.68162393162394,1029.273504273505,27.086144849302766,0
3366,4,1,1,48,0.02040816326530612,0.02040816326530612,0.9795918367346939,49,750,300,450,0.4,12,3,9,332.7056553089552,0.4011125283446712,0.2810937213856053,0.20239760350858543,132764.3218838822,-965.7118571947634,131798.61002668744,3361,0,1028.0204081632653,40,9,14,33.780568977418426,0.6408854166666667,42.35264227642278,1030.589430894311,25.764735772357774,0
3367,4,0,0,48,0.0,0.0,1.0,48,1700,1400,300,0.8235294117647058,20,14,6,336.4219277353971,0.39721852836879434,0.27998727799683176,0.20426944672994582,132692.98095703154,-671.8343098958057,132021.14664713573,3362,9,1050.4375,39,9,15,33.756382064503086,0.641826923076923,42.421875000000014,1030.3125000000023,26.41826923076929,0
3368,4,1,1,48,0.02040816326530612,0.02040816326530612,0.9795918367346939,49,1200,800,400,0.6666666666666666,16,8,8,329.2153366292693,0.4009353741496599,0.27482832281345404,0.20097586073649645,132895.27253123157,-1049.7676234384132,131845.50490779316,3363,0,1029.9795918367347,40,9,15,33.73928149024246,0.6421874999999999,42.22560975609757,1031.097560975611,25.777439024390276,0
3369,4,1,1,48,0.02040816326530612,0.02040816326530612,0.9795918367346939,49,1050,700,350,0.6666666666666666,14,7,7,330.5235264141326,0.4006342120181406,0.2721946315471997,0.20234100079031667,133000.07952442346,-1008.0689404454847,131992.01058397797,3364,0,1030.9591836734694,40,9,15,33.60057471264367,0.6432291666666666,42.123983739837406,1031.5040650406518,25.787601626016293,0
3370,4,0,0,48,0.0,0.0,1.0,48,1200,800,400,0.6666666666666666,16,8,8,340.82236506478915,0.3967383274231679,0.27781986531986513,0.2082803342062602,132934.57031250015,-538.5850694444289,132395.9852430557,3365,12,1053.4375,39,9,15,33.400673400673405,0.6442307692307692,42.18750000000001,1031.2500000000011,26.442307692307722,0
3371,4,0,0,48,0.0,0.0,1.0,48,1350,800,550,0.5925925925925926,19,8,11,339.7088401719798,0.39687684692671393,0.2750542874457125,0.20774905661166004,132961.42713758696,-566.365559895813,132395.06157769114,3366,13,1054.4375,39,9,15,33.40245513921153,0.6444978632478633,42.16145833333334,1031.354166666668,26.44497863247867,0
3372,4,0,0,48,0.0,0.0,1.0,48,1900,1500,400,0.7894736842105263,23,15,8,324.80932666066593,0.3964982269503546,0.1752891343538976,0.20098383122752145,133398.8421591626,-933.1831050203799,132465.65905414222,3367,14,1055.4375,43,5,17,33.349088672961166,0.6426841085271319,41.73768939393939,1033.049242424242,24.02440098661028,3
3373,4,0,0,48,0.0,0.0,1.0,48,900,700,200,0.7777777777777778,11,7,4,321.6656799124904,0.39695072399527187,0.16391002385031395,0.1998677859594014,133552.96359591998,-1008.0383244734475,132544.92527144653,3368,15,1056.4375,39,9,17,33.27633192246968,0.6503739316239316,41.58854166666666,1033.645833333332,26.50373931623928,0
3374,4,0,0,48,0.0,0.0,1.0,48,1850,1500,350,0.8108108108108109,22,15,7,321.3050311090849,0.3964705230496454,0.16348300930123205,0.20022567757814708,133660.65673828113,-1010.831705729182,132649.82503255195,3369,16,1057.4375,39,9,18,33.17813790671905,0.6514423076923078,41.48437499999999,1034.062499999999,26.514423076923055,0
3375,4,0,0,48,0.0,0.0,1.0,48,900,700,200,0.7777777777777778,11,7,4,324.4832043027707,0.3962858303782506,0.168641101822943,0.20250117759410471,133714.5195855033,-922.3768446180765,132792.14274088523,3370,17,1058.4375,39,9,12,33.04220381374425,0.6519764957264957,41.43229166666666,1034.270833333332,26.519764957264922,0
3376,4,0,0,48,0.0,0.0,1.0,48,1300,900,400,0.6923076923076923,17,9,8,326.0220117223962,0.3955839982269504,0.17085010904210707,0.2043551221742587,133876.1732313366,-870.684136284742,133005.48909505186,3371,18,1059.4375,39,9,14,32.84107112900519,0.6535790598290598,41.27604166666666,1034.8958333333317,26.535790598290557,0
3377,4,1,1,48,0.02040816326530612,0.02040816326530612,0.9795918367346939,49,1200,800,400,0.6666666666666666,16,8,8,315.52109626895526,0.3974454365079365,0.1649063990903663,0.19975353767427273,134242.17864229,-1328.7521258503634,132913.42651643965,3372,0,1038.795918367347,41,8,14,32.74818112196058,0.6539634146341464,40.92261904761904,1036.3095238095218,25.275842044134677,0
3378,4,0,1,47,0.0,0.020833333333333332,0.9791666666666666,48,900,400,500,0.4444444444444444,14,4,10,321.8692100412726,0.3951592050827423,0.1583312898479654,0.2034381026888265,134182.00481071105,-962.1888219644475,133219.8159887466,3373,20,1061.4375,40,8,14,32.643657021415756,0.6549479166666667,40.980691056910565,1036.0772357723565,25.90193089430891,0
3379,4,0,0,47,0.0,0.0,1.0,47,1600,1200,400,0.75,20,12,8,329.98906536811717,0.3890109466543324,0.1543466059062013,0.2088701737776969,134234.65617563977,-540.8062537179967,133693.84992192176,3374,22,1084.595744680851,40,7,16,32.380847308031775,0.6554687499999998,40.9298780487805,1036.28048780488,25.907012195122,0
3380,4,0,0,47,0.0,0.0,1.0,47,1550,1200,350,0.7741935483870968,19,12,7,326.05672511767733,0.3885676842429849,0.14932701468109522,0.20729591793977903,134396.43565759656,-635.8276643990753,133760.60799319748,3375,23,1085.595744680851,41,6,17,32.32156525066972,0.6554878048780487,40.77380952380953,1036.9047619047633,25.290360046457643,0
3381,4,0,0,47,0.0,0.0,1.0,47,900,600,300,0.6666666666666666,12,6,6,329.75675625605953,0.3882400555041628,0.1547299978631831,0.21009182734046947,134473.59738166106,-531.2845450680182,133942.31283659305,3376,24,1086.595744680851,41,6,18,32.148792443806805,0.65625,40.699404761904766,1037.2023809523814,25.297619047619058,0
3382,4,0,1,46,0.0,0.02127659574468085,0.9787234042553191,47,1100,700,400,0.6363636363636364,15,7,8,327.2183701136384,0.3880858772741289,0.15124084265133697,0.20907531648313532,134578.4936810579,-592.6224962439943,133985.8711848139,3377,25,1087.595744680851,38,9,18,32.110190142778684,0.6622807017543859,40.5982905982906,1037.6068376068386,27.305443094916804,0
3383,4,0,0,46,0.0,0.0,1.0,46,1200,800,400,0.6666666666666666,16,8,8,329.5739809265731,0.3857387278582931,0.1721365027654962,0.21122300782866665,134689.37194097458,-321.9775001826206,134367.39444079195,3378,26,1111.195652173913,38,8,18,31.938726499245227,0.6633771929824561,40.491452991452995,1038.0341880341887,27.31668915879444,0
3384,4,0,0,46,0.0,0.0,1.0,46,750,400,350,0.5333333333333333,11,4,7,328.4129039565236,0.38492351046698875,0.17357940048934295,0.2110862823689609,134794.05517578122,-346.37858072916697,134447.67659505206,3379,27,1112.195652173913,39,7,14,31.8647181261912,0.6626602564102565,40.390625,1038.4374999999998,26.62660256410256,0
3385,4,0,0,46,0.0,0.0,1.0,46,850,500,350,0.5882352941176471,12,5,7,328.86466381841893,0.3842894524959742,0.1709395001656817,0.21185002762256286,134875.19531249997,-328.8628472222227,134546.33246527775,3380,28,1113.195652173913,39,7,14,31.772295761465436,0.6634615384615385,40.3125,1038.7499999999998,26.63461538461538,0
3386,4,0,0,46,0.0,0.0,1.0,46,850,500,350,0.5882352941176471,12,5,7,328.62375825605966,0.3843498389694042,0.17504400547623722,0.21242140024819609,134999.26155892643,-327.20706094257247,134672.05449798386,3381,29,1114.195652173913,40,6,15,31.655217093682765,0.6630208333333334,40.193089430894304,1039.2276422764216,25.98069105691054,0
3387,4,0,0,46,0.0,0.0,1.0,46,750,300,450,0.4,12,3,9,327.1950181157065,0.3840680354267311,0.17038904286613032,0.21180700286629406,135052.07300548613,-362.32690528125073,134689.74610020488,3382,30,1115.195652173913,40,6,15,31.63986116542824,0.6635416666666667,40.142276422764226,1039.430894308943,25.985772357723572,0
3388,4,0,0,46,0.0,0.0,1.0,46,1400,900,500,0.6428571428571429,19,9,10,325.0927590157559,0.3836252012882448,0.17357728760253321,0.21075405099690642,135104.89477989293,-415.6753998942387,134689.21937999869,3383,31,1116.195652173913,40,6,15,31.64202508960574,0.6640625,40.09146341463415,1039.6341463414635,25.990853658536587,0
3389,4,0,0,46,0.0,0.0,1.0,46,650,400,250,0.6153846153846154,9,4,5,327.01926668288803,0.38369565217391305,0.17008272468866736,0.2124690892676821,135184.14680621654,-358.43588885583773,134825.7109173607,3384,32,1117.195652173913,40,6,16,31.51324147366364,0.66484375,40.015243902439025,1039.9390243902437,25.998475609756092,0
3390,4,0,0,46,0.0,0.0,1.0,46,1050,700,350,0.6666666666666666,14,7,7,327.34849089543434,0.38400764895330114,0.17006282266592043,0.21305083345987738,135246.43255739775,-345.45688066895707,134900.9756767288,3385,33,1118.195652173913,41,5,17,31.44283500238434,0.6638719512195121,39.95535714285713,1040.1785714285697,25.370209059233407,0
3391,4,0,1,45,0.0,0.021739130434782608,0.9782608695652174,46,1300,1000,300,0.7692307692307693,16,10,6,324.4767475349404,0.38372584541062804,0.16863993632474394,0.21163632637726681,135323.83786848056,-418.1122448979767,134905.72562358258,3386,34,1119.195652173913,41,5,17,31.440694126620897,0.6646341463414634,39.88095238095237,1040.4761904761892,25.37746806039486,0
3392,4,0,0,45,0.0,0.0,1.0,45,1550,1100,450,0.7096774193548387,20,11,9,331.8997608280037,0.38007154882154887,0.17917087090019423,0.2169103669840196,135395.5991493985,-12.44660503007269,135383.15254436844,3387,35,1143.4888888888888,40,5,17,31.17635810304984,0.6669270833333334,39.8119918699187,1040.7520325203252,26.01880081300813,0
3393,4,0,1,44,0.0,0.022222222222222223,0.9777777777777777,45,1250,900,350,0.72,16,9,7,331.18163984256233,0.380050505050505,0.17488116034090329,0.21709877015288487,135504.53637762953,-24.677087270115948,135479.85929035943,3388,36,1144.4888888888888,41,4,17,31.086926314117832,0.6664126016260163,39.70734126984126,1041.1706349206331,25.394405729771538,0
3394,4,0,0,44,0.0,0.0,1.0,44,1050,700,350,0.6666666666666666,14,7,7,337.0779150386179,0.37821529245947855,0.18377054417663574,0.2207817238910233,135474.93638046147,333.12181902308043,135808.05819948454,3389,37,1170.25,40,4,17,30.962840036444103,0.6677083333333333,39.73577235772358,1041.0569105691065,26.026422764227664,0
3395,4,0,0,44,0.0,0.0,1.0,44,1150,700,450,0.6086956521739131,16,7,9,335.0423615749803,0.3780170894996477,0.18172501907618077,0.21977234549918362,135527.84077764562,281.51356666006245,135809.35434430567,3390,38,1171.25,40,4,17,30.963302752293597,0.6682291666666667,39.6849593495935,1041.2601626016262,26.031504065040657,0
3396,4,0,0,44,0.0,0.0,1.0,44,1400,1100,300,0.7857142857142857,17,11,6,333.43999999999966,0.37735641296687805,0.1812727272727268,0.21936842105263168,135633.68055555577,245.1388888889092,135878.81944444467,3391,39,1172.25,40,4,17,30.899999999999988,0.6692708333333333,39.58333333333334,1041.6666666666683,26.041666666666707,0
3397,4,0,0,44,0.0,0.0,1.0,44,850,500,350,0.5882352941176471,12,5,7,332.37961004621064,0.37732337914023956,0.1865232037586988,0.21948183522368908,135766.03837208348,225.1725783264025,135991.21095040988,3392,40,1173.25,40,4,18,30.796359499431187,0.6705729166666666,39.456300813008134,1042.174796747968,26.0543699186992,0
3398,4,0,0,44,0.0,0.0,1.0,44,1050,800,250,0.7619047619047619,13,8,5,333.3695306951077,0.37736742424242425,0.1844345098317215,0.22079005909626284,135871.97110061813,259.11504808646384,136131.0861487046,3393,41,1174.25,40,4,15,30.665553822659785,0.6716145833333333,39.35467479674797,1042.581300813009,26.064532520325223,0
3399,4,0,0,44,0.0,0.0,1.0,44,1150,900,250,0.782608695652174,14,9,5,333.8667441432387,0.3775105708245243,0.17424537660313177,0.221943540277604,136004.4451054268,281.47225527134606,136285.91736069813,3394,42,1175.25,40,4,15,30.521320472850093,0.6729166666666666,39.22764227642277,1043.08943089431,26.07723577235775,0
3400,4,0,0,44,0.0,0.0,1.0,44,1200,900,300,0.75,15,9,6,339.26476051114685,0.37688292811839325,0.1825773068104355,0.2263749074521746,136136.9836592802,437.29623157512253,136574.27989085534,3395,43,1176.25,40,4,15,30.24921284123738,0.67421875,39.10060975609756,1043.59756097561,26.089939024390247,0
3401,4,0,0,44,0.0,0.0,1.0,44,1200,800,400,0.6666666666666666,16,8,8,340.5264520168958,0.3759579809725158,0.18366918184471936,0.22858199525654072,136349.17960745923,486.1004734285174,136835.28008088775,3396,44,1177.25,40,4,18,30.006122084914534,0.6763020833333333,38.89735772357724,1044.4105691056914,26.110264227642283,0
3402,4,0,0,44,0.0,0.0,1.0,44,850,500,350,0.5882352941176471,12,5,7,339.0778058713985,0.375275281888654,0.1840555359037852,0.2281230264632185,136428.79569039601,451.99534007536585,136880.7910304714,3397,45,1178.25,40,4,18,29.965142671854743,0.6770833333333333,38.82113821138212,1044.7154471544723,26.117886178861806,0
3403,4,0,0,44,0.0,0.0,1.0,44,1150,700,450,0.6086956521739131,16,7,9,341.2263362591271,0.374724718111346,0.19909338328856174,0.2309563518048621,136641.21885121308,525.1164981162149,137166.3353493293,3398,46,1179.25,40,4,18,29.698840072576445,0.6791666666666667,38.617886178861795,1045.5284552845542,26.138211382113855,0
3404,4,0,0,44,0.0,0.0,1.0,44,1200,600,600,0.5,18,6,12,343.962794241361,0.37507707892882314,0.20255342267294418,0.23333692257995062,136720.9201388891,605.3819444444684,137326.30208333358,3399,47,1180.25,40,4,18,29.548472775564413,0.6799479166666667,38.54166666666668,1045.833333333335,26.14583333333338,0
3405,4,0,0,44,0.0,0.0,1.0,44,1050,800,250,0.7619047619047619,13,8,5,343.92503336320186,0.3751541578576462,0.2084520395232059,0.23388373081384947,136806.93969538697,610.2662598106969,137417.20595519766,3400,48,1181.25,37,7,19,29.464394892219538,0.6860923423423424,38.4594298245614,1046.1622807017538,28.274656235182537,0
3406,4,0,0,44,0.0,0.0,1.0,44,1050,800,250,0.7619047619047619,13,8,5,342.2249023185681,0.3745705602536998,0.20565991008153572,0.2332996048377439,136892.98630347798,569.6377731609666,137462.62407663895,3401,49,1182.25,37,7,19,29.423809024867264,0.6869369369369369,38.37719298245614,1046.4912280701753,28.283546704599335,0
3407,4,0,0,44,0.0,0.0,1.0,44,700,500,200,0.7142857142857143,9,5,4,342.3811720336601,0.3742732558139535,0.20792656793180564,0.23359744725241502,136921.67451764006,575.8806796321886,137497.55519727225,3402,50,1183.25,37,7,19,29.391369827134625,0.6872184684684685,38.34978070175438,1046.6008771929826,28.286510194404933,0
3408,4,0,0,44,0.0,0.0,1.0,44,1050,600,450,0.5714285714285714,15,6,9,340.8299659152643,0.37333729739252997,0.20692974236703243,0.2330630032103053,137000.3986435276,538.7682400102223,137539.1668835378,3403,51,1184.25,38,6,15,29.354185801272244,0.6861293859649122,38.27457264957265,1046.9017094017088,27.550044984255493,0
3409,4,0,0,44,0.0,0.0,1.0,44,1100,700,400,0.6363636363636364,15,7,8,341.0099958350684,0.3735905567300916,0.2079638218923927,0.23337276251282635,137028.3621886187,545.6082438454292,137573.97043246412,3404,52,1185.25,38,6,16,29.321853741496597,0.6864035087719298,38.24786324786325,1047.0085470085478,27.55285650022494,0
3410,4,0,0,44,0.0,0.0,1.0,44,1150,900,250,0.782608695652174,14,9,5,340.86655538051434,0.37298493657505283,0.2052780688657454,0.23383588820120257,137112.26994530292,547.3974313317328,137659.66737663466,3405,53,1186.25,38,6,16,29.242748818388925,0.6872258771929824,38.167735042735046,1047.3290598290607,27.561291048133178,0
3411,4,0,1,43,0.0,0.022727272727272728,0.9772727272727273,44,1150,900,250,0.782608695652174,14,9,5,339.8855967760937,0.3725554968287526,0.20607992211765858,0.23353737045477213,137168.2227176017,524.3006474176327,137692.52336501933,3406,54,1187.25,38,6,17,29.21319904810471,0.6877741228070176,38.11431623931624,1047.5427350427346,27.566914080071964,0
3412,4,0,0,43,0.0,0.0,1.0,43,950,600,350,0.631578947368421,13,6,7,343.1875173276443,0.3732004429678848,0.20513955630448932,0.2295198652846279,136218.5779298159,749.7031147271541,136968.28104454305,3407,55,1205.3255813953488,38,5,18,30.066011667178383,0.678453947368421,39.0224358974359,1043.9102564102564,27.47132253711201,1
3413,4,0,0,43,0.0,0.0,1.0,43,1200,1000,200,0.8333333333333334,14,10,4,344.08949816497403,0.37287744555186414,0.20711807786200698,0.23066740432540858,136302.2374260355,780.0336949375445,137082.27112097305,3408,56,1206.3255813953488,38,5,19,29.9595866584817,0.6792763157894737,38.94230769230769,1044.2307692307693,27.479757085020243,0
3414,4,0,1,42,0.0,0.023255813953488372,0.9767441860465116,43,750,600,150,0.8,9,6,3,342.25071787861134,0.3726005906238465,0.2048081841432221,0.22961570125349542,136330.12963191263,731.8169470012551,137061.9465789139,3409,57,1207.3255813953488,38,5,19,29.979965899403258,0.6795504385964912,38.9155982905983,1044.3376068376078,27.48256860098968,0
3415,4,0,0,42,0.0,0.0,1.0,42,1000,700,300,0.7,13,7,6,350.34165530548614,0.3718665311653116,0.21448566829629234,0.2353564603977475,136377.1124288241,1155.7166628193147,137532.82909164342,3410,58,1227.857142857143,37,5,19,29.72216390230247,0.6818693693693694,38.87061403508771,1044.517543859648,28.230203888098593,0
3416,4,0,0,42,0.0,0.0,1.0,42,1200,900,300,0.75,15,9,6,347.89039858481675,0.372108497870693,0.2158924919661116,0.23432287177407096,136469.63346482583,1095.2950361604273,137564.92850098625,3411,59,1228.857142857143,38,4,20,29.694529652351747,0.680921052631579,38.782051282051285,1044.8717948717954,27.49662618083672,0
3417,4,0,0,42,0.0,0.0,1.0,42,800,700,100,0.875,9,7,2,347.9214817657479,0.37227787456445993,0.2148405560098121,0.23508727745829247,136581.28789539033,1103.9128132076726,137685.200708598,3412,60,1229.857142857143,38,4,20,29.58316298718998,0.6820175438596492,38.67521367521367,1045.2991452991444,27.507872244714324,0
3418,4,0,0,42,0.0,0.0,1.0,42,750,500,250,0.6666666666666666,10,5,5,349.67114655870245,0.3719754161827333,0.21640601653551084,0.2370255665295624,136693.68625217036,1159.5675998264092,137853.25385199676,3413,61,1230.857142857143,39,3,20,29.42617541587806,0.6813568376068375,38.56770833333334,1045.7291666666686,26.813568376068424,0
3419,4,0,0,42,0.0,0.0,1.0,42,850,500,350,0.5882352941176471,12,5,7,348.5069654859964,0.37183023615950445,0.21461889384386623,0.23701535207649402,136809.2649237075,1135.8044918070477,137945.06941551453,3414,62,1231.857142857143,36,6,20,29.342258701112293,0.6880787037037037,38.457207207207205,1046.1711711711712,29.06031031031031,0
3420,4,0,0,42,0.0,0.0,1.0,42,1100,700,400,0.6363636363636364,15,7,8,348.2103124103426,0.37124951606658924,0.2200709187150598,0.23741147712614183,136897.6382421272,1133.8338761058308,138031.47211823304,3415,63,1232.857142857143,36,6,20,29.26261702356613,0.6889467592592593,38.372747747747745,1046.5090090090084,29.06969469469468,0
3421,4,0,0,42,0.0,0.0,1.0,42,1050,600,450,0.5714285714285714,15,6,9,347.1236422781917,0.37099545102593884,0.21909116524501115,0.23706937949858872,136956.56963974112,1108.1726574547515,138064.7422971959,3416,64,1233.857142857143,36,6,16,29.232786444324887,0.689525462962963,38.31644144144144,1046.7342342342345,29.075950950950958,0
3422,4,0,0,42,0.0,0.0,1.0,42,1150,1000,150,0.8695652173913043,13,10,3,349.3222337842525,0.37016066589237323,0.22412698412698373,0.23957940812636788,137103.953615778,1178.6918675432225,138282.64548332122,3417,65,1234.857142857143,36,6,17,29.02956989247312,0.6909722222222222,38.17567567567568,1047.2972972972977,29.091591591591605,0
3423,4,0,0,42,0.0,0.0,1.0,42,1100,800,300,0.7272727272727273,14,8,6,348.45241721494426,0.3696041424699961,0.21838021537075702,0.2397929948053136,137221.91786380965,1163.0617949029945,138384.97965871263,3418,66,1235.857142857143,36,6,17,28.935807179707645,0.6921296296296298,38.063063063063055,1047.7477477477469,29.10410410410408,0
3424,4,0,0,42,0.0,0.0,1.0,42,900,700,200,0.7777777777777778,11,7,4,348.4200328262734,0.36959204413472707,0.21568251239466418,0.24038141182462036,137310.424339035,1168.3405111192255,138478.76485015423,3419,67,1236.857142857143,36,6,17,28.849253250241752,0.6929976851851851,37.9786036036036,1048.0855855855857,29.113488488488493,0
3425,4,0,0,42,0.0,0.0,1.0,42,1400,1100,300,0.7857142857142857,17,11,6,350.0126925516935,0.3689871273712737,0.22485977103178878,0.24271542857289047,137487.52289028876,1224.475615818503,138711.99850610725,3420,68,1237.857142857143,36,6,17,28.632690862235577,0.6947337962962964,37.809684684684676,1048.76126126126,29.132257257257223,0
3426,4,0,0,42,0.0,0.0,1.0,42,1050,900,150,0.8571428571428571,12,9,3,350.37367439979175,0.3687330623306233,0.22537774233781138,0.2435881455752581,137576.11496631763,1240.6097820793732,138816.724748397,3421,69,1238.857142857143,36,6,17,28.535807571203662,0.6956018518518519,37.72522522522522,1049.0990990990988,29.141641641641634,0
3427,4,0,0,42,0.0,0.0,1.0,42,900,600,300,0.6666666666666666,12,6,6,349.95068168233365,0.3688177506775068,0.22176819638448886,0.24350190449845419,137605.65199912747,1231.0383440873218,138836.69034321478,3422,70,1239.857142857143,36,6,17,28.51776322850702,0.6958912037037037,37.69707207207207,1049.2117117117114,29.14476976976976,0
3428,4,0,0,42,0.0,0.0,1.0,42,700,300,400,0.42857142857142855,11,3,8,350.5862417646217,0.3688177506775068,0.22535561677003102,0.23703511160240207,136603.17147806575,1178.2385003246347,137781.40997839038,3423,71,1240.857142857143,36,6,18,29.491857876404907,0.6860532407407408,38.65427927927927,1045.3828828828816,29.03841341341338,1
3429,4,0,0,42,0.0,0.0,1.0,42,1050,900,150,0.8571428571428571,12,9,3,348.72462341867583,0.3677168021680217,0.22396129766647666,0.23656724453537192,136720.92013888888,1135.6410041798508,137856.5611430687,3424,72,1241.857142857143,35,7,18,29.42397078353253,0.6892857142857143,38.541666666666664,1045.8333333333333,29.88095238095238,0
3430,4,0,0,42,0.0,0.0,1.0,42,1300,900,400,0.6923076923076923,17,9,8,349.37975840644646,0.3668578203639179,0.22602588209268926,0.23803635235513812,136872.26890700014,1164.0800486539777,138036.3489556541,3425,73,1242.857142857143,35,7,20,29.257111123400808,0.6907738095238095,38.39699074074074,1046.412037037037,29.89748677248677,0
3431,4,0,0,42,0.0,0.0,1.0,42,950,700,250,0.7368421052631579,12,7,5,347.57197648490757,0.36739014711575685,0.2212358627661597,0.2374200117318354,136963.1183556241,1120.9083504801063,138084.0267061042,3426,74,1243.857142857143,35,7,18,29.214580569069746,0.6916666666666667,38.31018518518518,1046.7592592592587,29.90740740740739,0
3432,4,0,0,42,0.0,0.0,1.0,42,900,800,100,0.8888888888888888,10,8,2,347.57197648490757,0.36739014711575685,0.2212358627661597,0.2374200117318354,136963.1183556241,1120.9083504801063,138084.0267061042,3427,75,1244.857142857143,35,7,18,29.214580569069746,0.6916666666666667,38.31018518518518,1046.7592592592587,29.90740740740739,0
3433,4,0,0,42,0.0,0.0,1.0,42,1100,800,300,0.7272727272727273,14,8,6,347.9022796465432,0.36702719705768483,0.2241885809049986,0.2378515585338612,136993.40820312503,1132.0638020833335,138125.47200520837,3428,76,1245.857142857143,35,7,18,29.175995024875622,0.6919642857142858,38.28125,1046.8750000000002,29.910714285714292,0
3434,4,0,0,42,0.0,0.0,1.0,42,950,600,350,0.631578947368421,13,6,7,349.8020341532458,0.3671118854045683,0.2274392458431369,0.2395654052221358,137053.99794506596,1188.3534540037647,138242.3513990697,3429,77,1246.857142857143,35,7,18,29.066380199697882,0.6925595238095238,38.223379629629626,1047.106481481481,29.91732804232803,0
3435,4,0,0,42,0.0,0.0,1.0,42,950,700,250,0.7368421052631579,12,7,5,349.1546412062281,0.36717237708091366,0.2235695339143613,0.23932963588135997,137084.29783950615,1172.7237654320966,138257.02160493826,3430,78,1247.857142857143,35,7,18,29.05338196286472,0.6928571428571428,38.19444444444444,1047.2222222222222,29.92063492063492,0
3436,4,0,0,42,0.0,0.0,1.0,42,1300,1000,300,0.7692307692307693,16,10,6,352.7442118933644,0.36703929539295393,0.2235486263432802,0.24284360078103634,137235.84754640347,1281.830177254803,138517.67772365827,3431,79,1248.857142857143,35,7,18,28.80962572259656,0.6943452380952381,38.04976851851852,1047.800925925926,29.937169312169317,0
3437,4,0,0,42,0.0,0.0,1.0,42,1000,800,200,0.8,12,8,4,353.44807845125933,0.36653116531165314,0.2226911821883888,0.2440574713816264,137339.93283824372,1308.507071260458,138648.43990950417,3432,80,1249.857142857143,36,6,18,28.688359475719803,0.693287037037037,37.950450450450454,1048.1981981981987,29.116616616616632,0
3438,4,0,0,42,0.0,0.0,1.0,42,900,500,400,0.5555555555555556,13,5,8,354.0417935757905,0.36630129694154084,0.22593854385668743,0.24467520834424927,137369.4445078526,1326.9049032140433,138696.34941106665,3433,81,1250.857142857143,36,6,18,28.64365130518852,0.6935763888888888,37.922297297297305,1048.310810810812,29.11974474474478,0
3439,4,0,0,42,0.0,0.0,1.0,42,800,600,200,0.75,10,6,4,353.9388517093214,0.36588995354239257,0.22410512910996205,0.24502041994538987,137428.4773582705,1328.2554936693518,138756.73285193986,3434,82,1251.857142857143,36,6,18,28.58804997673003,0.6941550925925926,37.865990990990994,1048.5360360360366,29.12600100100102,0
3440,4,0,0,42,0.0,0.0,1.0,42,900,600,300,0.6666666666666666,12,6,6,354.25912816439234,0.3652245451025939,0.2185491910129591,0.24607932728197723,137546.58110390799,1345.4263807726659,138892.00748468065,3435,83,1252.857142857143,36,6,18,28.46305242440508,0.6953125,37.75337837837838,1048.9864864864867,29.13851351351352,0
3441,4,0,0,42,0.0,0.0,1.0,42,800,400,400,0.5,12,4,8,351.52775272364704,0.36566008517228027,0.21615122382536778,0.24459925856058415,137605.65199912759,1274.4411218651157,138880.0931209927,3436,84,1253.857142857143,36,6,18,28.476396193338342,0.6958912037037037,37.697072072072075,1049.2117117117123,29.144769769769784,0
3442,4,0,0,42,0.0,0.0,1.0,42,800,700,100,0.875,9,7,2,350.8367256718671,0.365418118466899,0.21038217862252218,0.2447453804836679,137694.28211995785,1261.6422165408724,138955.92433649872,3437,85,1254.857142857143,36,6,18,28.407099427753938,0.6967592592592593,37.612612612612615,1049.54954954955,29.154154154154167,0
3443,4,0,0,42,0.0,0.0,1.0,42,1100,1000,100,0.9090909090909091,12,10,2,352.7354865440931,0.3644623499806427,0.21783164132705113,0.2475883212234315,137906.26594387752,1328.9882158427022,139235.2541597202,3438,86,1255.857142857143,34,8,19,28.14825833994484,0.703125,37.410714285714285,1050.3571428571427,30.89285714285714,0
3444,4,0,0,42,0.0,0.0,1.0,42,800,500,300,0.625,11,5,6,352.7354865440931,0.3644139566395664,0.21783164132705113,0.2475883212234315,137906.26594387752,1328.886763038547,139235.15270691607,3439,87,1256.857142857143,34,8,19,28.14825833994484,0.703125,37.410714285714285,1050.3571428571427,30.89285714285714,0
3445,4,0,0,42,0.0,0.0,1.0,42,900,600,300,0.6666666666666666,12,6,6,352.69041562005964,0.3639542198993419,0.2220828274652642,0.2480074038125118,137968.7942885486,1332.0542800453334,139300.84856859394,3440,88,1257.857142857143,34,8,19,28.087818696883847,0.7037377450980393,37.35119047619047,1050.595238095237,30.899859943977557,0
3446,4,0,0,42,0.0,0.0,1.0,42,700,500,200,0.7142857142857143,9,5,4,351.6650619669826,0.36317992644212155,0.22349986782976528,0.24773723080467297,138031.3368055554,1308.159722222202,139339.49652777758,3441,89,1258.857142857143,34,8,19,28.053132434575733,0.7043504901960785,37.29166666666666,1050.833333333332,30.906862745097996,0
3447,4,0,0,42,0.0,0.0,1.0,42,1200,800,400,0.6666666666666666,16,8,8,350.1411343239152,0.3627322880371661,0.22099409871806963,0.24815774933440635,138238.1754222392,1280.5743098422286,139518.74973208143,3442,90,1259.857142857143,35,7,19,27.889518673416976,0.7041666666666667,37.0949074074074,1051.620370370369,30.04629629629626,0
3448,4,0,1,41,0.0,0.023809523809523808,0.9761904761904762,42,1100,500,600,0.45454545454545453,17,5,12,350.51465542593877,0.3622241579558653,0.21994342291372004,0.24930971970436458,138359.91753472207,1299.4357638888687,139659.35329861095,3443,91,1260.857142857143,35,7,19,27.759900990099,0.7053571428571429,36.97916666666666,1052.0833333333321,30.059523809523775,0
3449,4,0,0,41,0.0,0.0,1.0,41,900,600,300,0.6666666666666666,12,6,6,357.8752639489812,0.36023882113821143,0.22885695749996593,0.2539620848987345,138281.64859693855,1697.5162981859148,139979.16489512447,3444,101,1290.3902439024391,34,7,19,27.64336917562723,0.7068014705882354,37.053571428571416,1051.7857142857126,30.93487394957978,0
3450,4,0,0,41,0.0,0.0,1.0,41,1300,1000,300,0.7692307692307693,16,10,6,358.8614174032362,0.36034044715447155,0.2269835530764499,0.2551293922439577,138344.26197562335,1729.2835884353453,140073.5455640587,3445,102,1291.3902439024391,34,7,19,27.55577873335597,0.7074142156862746,36.994047619047606,1052.0238095238076,30.941876750700224,0
3451,4,0,0,41,0.0,0.0,1.0,41,900,400,500,0.4444444444444444,14,4,10,358.38870006756656,0.3598577235772358,0.22996909833351786,0.25549646037074863,138438.2086167798,1722.9379251700382,140161.14654194983,3446,103,1292.3902439024391,34,7,19,27.475725867269997,0.7083333333333335,36.90476190476189,1052.3809523809502,30.95238095238089,0
3452,4,0,0,41,0.0,0.0,1.0,41,600,200,400,0.3333333333333333,10,2,8,358.0278186388186,0.359375,0.22944814383678813,0.25570936772249053,138500.85742630373,1717.4319727890988,140218.28939909284,3447,104,1293.3902439024391,34,7,19,27.423565558320142,0.7089460784313726,36.84523809523809,1052.6190476190466,30.95938375350137,0
3453,4,0,0,41,0.0,0.0,1.0,41,800,600,200,0.75,10,6,4,341.3266318463782,0.35978150406504067,0.15536474812190426,0.22753471731572242,136103.30558599145,1091.7353569441048,137195.04094293556,3448,105,1294.3902439024391,36,5,18,30.22879343837689,0.6811342592592593,39.13288288288289,1043.468468468469,28.985235235235248,8
3454,4,0,0,41,0.0,0.0,1.0,41,900,800,100,0.8888888888888888,10,8,2,338.4750194628597,0.3606961382113821,0.14700449917120495,0.22638264288749735,136220.83865960577,1021.4702033114418,137242.3088629172,3449,106,1295.3902439024391,36,5,18,30.186758360302065,0.6822916666666666,39.02027027027028,1043.9189189189206,28.997747747747795,0
3455,4,0,0,41,0.0,0.0,1.0,41,1200,800,400,0.6666666666666666,16,8,8,340.02355985084273,0.3603658536585366,0.14710957722174278,0.22779613055903297,136279.62421881352,1067.6565924032252,137347.28081121674,3450,107,1296.3902439024391,36,5,18,30.088123741731376,0.6828703703703703,38.96396396396397,1044.144144144145,29.004004004004027,0
3456,4,0,0,41,0.0,0.0,1.0,41,1000,800,200,0.8,12,8,4,338.55562751858974,0.3603658536585366,0.1428443715226282,0.22756826093206087,136397.23338203077,1035.6101878905993,137432.84356992136,3451,108,1297.3902439024391,36,5,18,30.010016889463838,0.6840277777777778,38.851351351351354,1044.5945945945953,29.016516516516536,0
3457,4,0,0,41,0.0,0.0,1.0,41,800,400,400,0.5,12,4,8,339.7232854382222,0.35983231707317076,0.14270250351228664,0.22915092947711935,136520.31304103188,1075.8258550707867,137596.13889610267,3452,109,1298.3902439024391,37,4,19,29.857723044101697,0.683277027027027,38.733552631578945,1045.0657894736844,28.245021337126605,0
3458,4,0,0,41,0.0,0.0,1.0,41,1250,1000,250,0.8,15,10,5,340.0860117700315,0.359349593495935,0.13849247535028497,0.22834346504559258,136358.024691358,1095.5451303392433,137453.56982169725,3453,110,1299.3902439024391,38,3,18,30.008865248226947,0.6798245614035088,38.888888888888886,1044.4444444444443,27.48538011695906,5
3459,4,0,0,41,0.0,0.0,1.0,41,850,600,250,0.7058823529411765,11,6,5,342.1656818096281,0.35813008130081303,0.13428101152177163,0.23046696749987305,136469.63346482554,1139.0450361603964,137608.67850098593,3454,111,1300.3902439024391,38,3,18,29.844069529652344,0.6809210526315791,38.78205128205127,1044.871794871793,27.49662618083666,0
3460,4,0,0,41,0.0,0.0,1.0,41,1250,900,350,0.72,16,9,7,344.7311891408776,0.35767276422764227,0.13266697408926076,0.23311642610528577,136609.20863695286,1218.6909882021894,137827.89962515506,3455,112,1301.3902439024391,38,3,19,29.638903082950094,0.6822916666666667,38.648504273504265,1045.4059829059815,27.510683760683726,0
3461,4,0,0,41,0.0,0.0,1.0,41,550,400,150,0.7272727272727273,7,4,3,344.3926890139359,0.357520325203252,0.1290394939510402,0.23307239658992893,136637.13223208397,1211.3658777120106,137848.49810979597,3456,113,1302.3902439024391,38,3,19,29.620120580421002,0.6825657894736843,38.62179487179486,1045.512820512819,27.51349527665313,0
3462,4,0,0,41,0.0,0.0,1.0,41,1150,800,350,0.6956521739130435,15,8,7,345.596152115073,0.3576219512195122,0.1283951478664771,0.2342586659904659,136692.98798305177,1248.1141336108983,137941.10211666266,3457,114,1303.3902439024391,38,3,19,29.53339974117968,0.6831140350877194,38.568376068376054,1045.7264957264933,27.51911830859193,0
3463,4,1,1,41,0.023809523809523808,0.023809523809523808,0.9761904761904762,42,600,300,300,0.5,9,3,6,338.42022724063065,0.3612078977932636,0.1269508641679642,0.23070590348461253,136892.98630347778,865.4768136314017,137758.46311710918,3458,0,1273.3333333333333,37,5,19,29.52334800223525,0.686936936936937,38.37719298245613,1046.4912280701737,28.283546704599292,0
3464,4,1,1,41,0.023809523809523808,0.023809523809523808,0.9761904761904762,42,1050,700,350,0.6666666666666666,14,7,7,337.45803453315204,0.3615466511807975,0.12389632157074004,0.23042735319409627,136950.36573753448,843.000250076929,137793.3659876114,3459,0,1274.3095238095239,37,5,19,29.49184649766046,0.6875,38.32236842105262,1046.7105263157882,28.289473684210492,0
3465,4,0,0,41,0.0,0.0,1.0,41,750,300,450,0.4,12,3,9,345.1393035394717,0.3565040650406504,0.12903124187845028,0.23492229078280094,136838.719526114,1245.684070895224,138084.40359700922,3460,117,1306.3902439024391,36,5,20,29.40121264305959,0.6883680555555556,38.429054054054056,1046.2837837837842,29.06343843843845,0
3466,4,0,0,41,0.0,0.0,1.0,41,950,700,250,0.7368421052631579,12,7,5,343.13758468938494,0.3566819105691057,0.12747071622228123,0.2339528668025278,136897.63824212723,1194.9449872169412,138092.58322934416,3461,118,1307.3902439024391,36,5,20,29.395333405071906,0.6889467592592593,38.372747747747745,1046.5090090090087,29.069694694694686,0
3467,4,0,0,41,0.0,0.0,1.0,41,1400,1000,400,0.7142857142857143,18,10,8,331.2115998741293,0.3567835365853658,0.09924255863062759,0.2241652614926927,136639.22661675332,851.2993706597032,137490.525987413,3462,119,1308.3902439024391,39,2,18,29.962575968915004,0.6808226495726497,38.61979166666666,1045.5208333333321,26.808226495726466,4
3468,4,0,0,41,0.0,0.0,1.0,41,800,500,300,0.625,11,5,6,330.8400478320633,0.35564024390243903,0.09319890871620773,0.22461802251032356,136749.59031865545,848.4970285327856,137598.08734718824,3463,120,1309.3902439024391,37,4,18,29.863258727329917,0.6855292792792794,38.5142543859649,1045.942982456138,28.268729255571298,0
3469,4,0,0,41,0.0,0.0,1.0,41,1250,1000,250,0.8,15,10,5,332.86343610206416,0.35574186991869916,0.09460132954048839,0.22673203217144847,136864.30109504826,911.4243084410357,137775.72540348928,3464,121,1310.3902439024391,37,4,19,29.697051067099807,0.6866554054054055,38.40460526315788,1046.3815789473665,28.28058321479369,0
3470,4,0,0,41,0.0,0.0,1.0,41,1000,700,300,0.7,13,7,6,329.80979046360096,0.35490345528455286,0.09513932173255535,0.22557477645748267,137007.75719452128,837.2999384425848,137845.05713296388,3465,122,1311.3902439024391,37,4,16,29.63535120793185,0.6880630630630631,38.267543859649116,1046.9298245614025,28.295400663821688,0
3471,4,0,0,41,0.0,0.0,1.0,41,1050,800,250,0.7619047619047619,13,8,5,331.20568644450634,0.3549288617886179,0.09848020590758733,0.2272756262153681,137122.57617728526,883.1553939673693,138005.73157125263,3466,123,1312.3902439024391,37,4,16,29.485535315466226,0.6891891891891893,38.1578947368421,1047.368421052631,28.30725462304408,0
3472,4,0,0,41,0.0,0.0,1.0,41,1100,800,300,0.7272727272727273,14,8,6,331.06046088452683,0.3544969512195122,0.09830641743721236,0.22755047793458769,137180.00370306245,882.9750500153887,138062.97875307783,3467,124,1313.3902439024391,37,4,17,29.432698346242425,0.6897522522522522,38.103070175438596,1047.5877192982452,28.313181602655277,0
3473,4,0,0,41,0.0,0.0,1.0,41,1000,600,400,0.6,14,6,8,334.4613678075872,0.35414126016260167,0.0991226861421155,0.23064803416341403,137294.89482340726,983.9676631271245,138278.86248653437,3468,125,1314.3902439024391,37,4,17,29.23031317569924,0.6908783783783783,37.99342105263158,1048.026315789474,28.325035561877677,0
3474,4,0,0,41,0.0,0.0,1.0,41,1150,800,350,0.6956521739130435,15,8,7,333.91731113659785,0.3538363821138211,0.09537220568314897,0.23084478754714483,137381.09472385744,974.7851502385492,138355.879874096,3469,126,1315.3902439024391,37,4,18,29.159584945786712,0.6917229729729728,37.91118421052632,1048.3552631578955,28.33392603129447,0
3475,4,0,0,41,0.0,0.0,1.0,41,850,300,550,0.35294117647058826,14,3,11,335.19306468324095,0.3536839430894309,0.09722427699073033,0.2319186747106478,137409.8340354726,1011.7646775931216,138421.59871306573,3470,127,1316.3902439024391,37,4,18,29.09781775081922,0.6920045045045045,37.88377192982457,1048.4649122807027,28.336889521100073,0
3476,4,0,0,41,0.0,0.0,1.0,41,950,800,150,0.8421052631578947,11,8,3,333.5475531290931,0.35279471544715446,0.10105367281330402,0.23173924769688006,137553.57567953624,976.1317184133839,138529.70739794962,3471,128,1317.3902439024391,37,4,19,28.999316225915486,0.6934121621621621,37.7467105263158,1049.0131578947385,28.351706970128067,0
3477,4,0,0,41,0.0,0.0,1.0,41,950,800,150,0.8421052631578947,11,8,3,336.2436384163763,0.35218495934959354,0.1069908504727679,0.23419589662625356,137639.8567347647,1056.1052439212242,138695.96197868593,3472,129,1318.3902439024391,37,4,19,28.843608498780913,0.6942567567567566,37.664473684210535,1049.342105263159,28.36059743954484,0
3478,4,0,0,41,0.0,0.0,1.0,41,700,400,300,0.5714285714285714,10,4,6,340.86556100898986,0.3521595528455284,0.08820821281663771,0.2239054911533447,135578.04167579822,1042.77704726424,136620.81872306246,3473,130,1319.3902439024391,38,3,19,30.761865681849265,0.6721491228070174,39.63675213675214,1041.4529914529924,27.406657669815587,6
3479,4,0,0,41,0.0,0.0,1.0,41,1200,900,300,0.75,15,9,6,339.21039848402734,0.35017784552845527,0.08943006088184902,0.22403503298657323,135772.82769239898,1011.1109969683657,136783.93868936735,3474,131,1320.3902439024391,38,3,20,30.611652144199557,0.6740679824561404,39.449786324786324,1042.2008547008545,27.426338281601435,0
3480,4,0,0,41,0.0,0.0,1.0,41,900,700,200,0.7777777777777778,11,7,4,337.9656093112262,0.3499491869918699,0.08658311629232296,0.2237359847801185,135856.35021732777,982.9548359997061,136839.30505332747,3475,132,1321.3902439024391,38,3,21,30.56124888979982,0.674890350877193,39.36965811965812,1042.5213675213674,27.43477282950967,0
3481,4,0,0,41,0.0,0.0,1.0,41,700,400,300,0.5714285714285714,10,4,6,337.4139176296695,0.35033028455284554,0.08228208716513397,0.22372009755880254,135912.04616845632,971.723190152667,136883.769358609,3476,133,1322.3902439024391,38,3,16,30.52040642076502,0.6754385964912281,39.31623931623931,1042.735042735042,27.440395861448476,0
3482,4,0,0,41,0.0,0.0,1.0,41,900,600,300,0.6666666666666666,12,6,6,333.4923165029848,0.35083841463414633,0.08236172907667805,0.2216395837997714,135995.61149691365,870.6983024691422,136866.30979938278,3477,134,1323.3902439024391,38,3,16,30.539835774522878,0.6762609649122806,39.236111111111114,1043.055555555556,27.44883040935674,0
3483,4,0,0,41,0.0,0.0,1.0,41,1550,1100,450,0.7096774193548387,20,11,9,334.45414239230195,0.351270325203252,0.08546701135214141,0.22262745061082698,136051.3359837279,900.5865795529382,136951.92256328085,3478,135,1324.3902439024391,38,3,16,30.459549411162307,0.6768092105263157,39.182692307692314,1043.2692307692316,27.45445344129557,0
3484,4,0,0,41,0.0,0.0,1.0,41,800,500,300,0.625,11,5,6,336.7889332262796,0.35094004065040646,0.08885659495415599,0.22470999315261614,136134.94411571347,969.7485207100736,137104.69263642354,3479,136,1325.3902439024391,38,3,16,30.315827190827203,0.6776315789473684,39.10256410256411,1043.5897435897446,27.462887989203804,0
3485,4,0,0,41,0.0,0.0,1.0,41,700,400,300,0.5714285714285714,10,4,6,335.4102937667346,0.34977134146341465,0.08424903854072818,0.2246720220001576,136274.34807372713,941.5638240558189,137215.91189778296,3480,137,1326.3902439024391,38,3,16,30.21376922814558,0.6790021929824561,38.9690170940171,1044.123931623932,27.476945569050844,0
3486,4,1,1,41,0.023809523809523808,0.023809523809523808,0.9761904761904762,42,700,500,200,0.7142857142857143,9,5,4,330.7673582929458,0.3523035230352303,0.09426521256299991,0.2233458730223029,136557.55750868068,633.7565104166774,137191.31401909736,3481,0,1295.7857142857142,39,3,17,30.054896684605666,0.6800213675213675,38.69791666666667,1045.2083333333344,26.8002136752137,0
3487,4,0,0,41,0.0,0.0,1.0,41,800,400,400,0.5,12,4,8,334.89250893711346,0.35043191056910566,0.10625112179167528,0.22628372288955237,136581.2878953904,948.0100354298961,137529.2979308203,3482,1,1325.0243902439024,38,3,18,29.923642341237375,0.6820175438596492,38.67521367521367,1045.2991452991448,27.50787224471434,0
3488,4,0,0,41,0.0,0.0,1.0,41,1200,900,300,0.75,15,9,6,336.13379039840095,0.35035569105691056,0.10331832932063212,0.22748307557667682,136637.13223208397,985.6714332675665,137622.80366535153,3483,2,1326.0243902439024,38,3,19,29.835990190067434,0.6825657894736843,38.62179487179486,1045.512820512819,27.51349527665313,0
3489,4,0,0,41,0.0,0.0,1.0,41,700,500,200,0.7142857142857143,9,5,4,339.10596065262007,0.35035569105691056,0.11936976139285949,0.2147527181752336,134253.74484592027,905.2490234375193,135158.9938693578,3484,3,1327.0243902439024,39,2,20,32.1256114517372,0.657318376068376,40.91145833333334,1036.3541666666679,26.573183760683794,5
3490,4,0,0,41,0.0,0.0,1.0,41,1100,800,300,0.7272727272727273,14,8,6,341.1019231359961,0.35083841463414633,0.11724372845054654,0.21665522916225724,134361.7201063369,966.2082248263994,135327.9283311633,3485,4,1328.0243902439024,39,2,20,31.966178539133942,0.6583867521367521,40.80729166666667,1036.7708333333342,26.583867521367544,0
3491,4,0,0,41,0.0,0.0,1.0,41,1000,700,300,0.7,13,7,6,342.8562635324554,0.3507367886178862,0.11226127329078417,0.2180916360041915,134415.724012587,1017.0545789930759,135432.77859158005,3486,5,1329.0243902439024,39,2,20,31.866838272225014,0.6589209401709402,40.75520833333334,1036.979166666668,26.58920940170944,0
3492,4,0,0,41,0.0,0.0,1.0,41,1050,1000,50,0.9523809523809523,11,10,1,341.3526158136951,0.3507621951219512,0.11128322632692655,0.21811072271742038,134579.22299409437,987.929594322294,135567.15258841665,3487,6,1330.0243902439024,37,4,20,31.742818521258243,0.6641328828828829,40.59758771929825,1037.6096491228072,28.043504030346142,0
3493,4,0,0,41,0.0,0.0,1.0,41,900,600,300,0.6666666666666666,12,6,6,347.4845020012311,0.35091463414634144,0.09338376923255476,0.22133709794139012,134465.4740521121,1153.1633531471161,135618.63740525924,3488,7,1331.0243902439024,37,4,20,31.697215174260837,0.6630067567567568,40.70723684210526,1037.1710526315783,28.03165007112374,4
3494,4,0,0,41,0.0,0.0,1.0,41,950,700,250,0.7368421052631579,12,7,5,344.35621696560327,0.3510670731707317,0.09680399137143803,0.220211140828455,134609.20538359313,1070.7303985208116,135679.93578211393,3489,8,1332.0243902439024,36,5,20,31.635015373485263,0.6663773148148149,40.568693693693696,1037.7252252252258,28.825700700700718,0
3495,4,0,0,41,0.0,0.0,1.0,41,1050,700,350,0.6666666666666666,14,7,7,346.26109946396423,0.3515243902439025,0.09996374673522124,0.22178516704373566,134667.6421987866,1126.0331699943135,135793.6753687809,3490,9,1333.0243902439024,36,5,20,31.527340783335138,0.6669560185185186,40.512387387387385,1037.9504504504503,28.83195695695695,0
3496,4,0,0,41,0.0,0.0,1.0,41,1200,900,300,0.75,15,9,6,343.51823090781414,0.3514735772357724,0.1011900196000115,0.2207373942300317,134784.55387397538,1060.1903000973991,135844.74417407278,3491,10,1334.0243902439024,36,5,14,31.482033763510827,0.6681134259259258,40.39977477477478,1038.4009009009012,28.844469469469477,0
3497,4,0,0,41,0.0,0.0,1.0,41,1000,800,200,0.8,12,8,4,346.10662377626454,0.35010162601626016,0.10202392755634837,0.2231190499186615,134901.51627556633,1138.0616680870337,136039.57794365336,3492,11,1335.0243902439024,36,5,14,31.2983288166215,0.6692708333333333,40.287162162162176,1038.8513513513533,28.856981981982035,0
3498,4,0,0,41,0.0,0.0,1.0,41,800,500,300,0.625,11,5,6,345.2985758464135,0.35007621951219514,0.09668347658769139,0.2231383233831028,134989.27136596083,1122.32063144228,136111.5919974031,3493,12,1336.0243902439024,36,5,15,31.2319390261523,0.6701388888888888,40.202702702702716,1039.1891891891912,28.86636636636642,0
3499,4,0,0,41,0.0,0.0,1.0,41,750,400,350,0.5333333333333333,11,4,7,345.0115980215237,0.35027947154471545,0.09483890916490689,0.22313328928806214,135018.52940355914,1116.5917184076184,136135.12112196675,3494,13,1337.0243902439024,36,5,15,31.210270162892353,0.6704282407407407,40.17454954954956,1039.301801801803,28.869494494494532,0
3500,4,0,0,41,0.0,0.0,1.0,41,900,600,300,0.6666666666666666,12,6,6,345.6967328349017,0.34966971544715447,0.09154250353006543,0.22438344404335214,135148.6890798131,1144.0920523622783,136292.78113217538,3495,14,1338.0243902439024,37,4,15,31.062932792013783,0.6697635135135134,40.049342105263165,1039.8026315789482,28.10277382645806,0
3501,4,0,0,41,0.0,0.0,1.0,41,900,400,500,0.4444444444444444,14,4,10,345.1356899290807,0.34949186991869924,0.0868945832315462,0.22437368190386114,135205.70181450076,1132.8626356186687,136338.56445011942,3496,15,1339.0243902439024,37,4,15,31.02080038657529,0.6703265765765765,39.99451754385966,1040.0219298245627,28.108700806069262,0
3502,4,0,0,41,0.0,0.0,1.0,41,1200,800,400,0.6666666666666666,16,8,8,343.59023584346505,0.34959349593495936,0.08795807211945017,0.22407750844801685,135319.76335266646,1098.909880924925,136418.67323359137,3497,16,1340.0243902439024,37,4,15,30.94756648048618,0.6714527027027026,39.884868421052644,1040.4605263157914,28.12055476529166,0
3503,4,0,0,41,0.0,0.0,1.0,41,1100,900,200,0.8181818181818182,13,9,4,340.0179608742756,0.3497205284552845,0.08255475727955774,0.2222762041748366,135405.34106648213,1008.0495921822272,136413.39065866434,3498,17,1341.0243902439024,37,4,16,30.955453715409455,0.6722972972972971,39.80263157894738,1040.7894736842118,28.129445234708427,0
3504,4,0,1,40,0.0,0.024390243902439025,0.975609756097561,41,900,800,100,0.8888888888888888,10,8,2,349.74065803606766,0.3497205284552845,0.06400146708234011,0.20224133703824773,130835.79881656796,958.0798045962158,131793.8786211642,3499,18,1342.0243902439024,38,3,16,35.285479323308266,0.625,44.230769230769226,1023.0769230769223,26.923076923076902,8
3505,4,0,0,40,0.0,0.0,1.0,40,1000,900,100,0.9,11,9,2,355.37312935602915,0.3470886752136752,0.0789228295819937,0.2054294483823881,130822.85534972265,1298.1854993843885,132121.04084910706,3500,183,1376.125,37,3,16,35.15451947123974,0.6266891891891895,44.24342105263156,1023.0263157894709,27.649359886201918,0
3506,4,0,0,40,0.0,0.0,1.0,40,700,400,300,0.5714285714285714,10,4,6,355.37312935602915,0.3470886752136752,0.0789228295819937,0.2054294483823881,130822.85534972265,1298.1854993843885,132121.04084910706,3501,184,1377.125,37,3,16,35.15451947123974,0.6266891891891895,44.24342105263156,1023.0263157894709,27.649359886201918,0
3507,4,0,0,40,0.0,0.0,1.0,40,800,500,300,0.625,11,5,6,354.5479248244824,0.3465811965811966,0.07393913416202347,0.20525069692692696,130878.94833025514,1280.5719067405023,132159.52023699565,3502,185,1378.125,37,3,16,35.11885626518074,0.6272522522522525,44.188596491228054,1023.2456140350852,27.655286865813114,0
3508,4,0,0,40,0.0,0.0,1.0,40,900,700,200,0.7777777777777778,11,7,4,355.3984305541892,0.34670138888888885,0.07613551151580089,0.20619293655831875,130963.11034404782,1308.8167753539142,132271.92711940172,3503,186,1379.125,37,3,17,35.01193983217281,0.6280968468468471,44.10635964912279,1023.574561403506,27.66417733522989,0
3509,4,1,1,40,0.024390243902439025,0.024390243902439025,0.975609756097561,41,1250,1000,250,0.8,15,10,5,349.22276764867553,0.35528455284552846,0.07632921622975108,0.20426002307536661,131274.74500868033,968.8259548610872,132243.57096354142,3504,0,1346.4634146341464,39,2,18,34.855068780917534,0.6276709401709404,43.80208333333332,1024.791666666665,26.276709401709358,0
3510,4,0,0,40,0.0,0.0,1.0,40,400,300,100,0.75,5,3,2,358.16242455760596,0.3480635683760684,0.07473404255319194,0.20888450892082236,131163.91354372093,1395.597057856641,132559.51060157758,3505,188,1381.125,38,2,19,34.73808406341258,0.6282894736842106,43.910256410256395,1024.358974358972,26.95681511470979,0
3511,4,0,0,40,0.0,0.0,1.0,40,1200,1100,100,0.9166666666666666,13,11,2,357.5913807918568,0.3463274572649573,0.07662601626016285,0.20944638017808725,131328.12499999977,1392.566568047308,132720.69156804707,3506,189,1382.125,36,4,19,34.58672086720866,0.6336805555555557,43.749999999999986,1024.9999999999982,28.47222222222217,0
3512,4,0,0,40,0.0,0.0,1.0,40,900,700,200,0.7777777777777778,11,7,4,359.64923748212095,0.34596688034188033,0.0756479244454209,0.2112881262265928,131443.57829112877,1454.7165408651697,132898.29483199393,3507,190,1383.125,36,4,19,34.41732557288236,0.6348379629629631,43.63738738738738,1025.450450450449,28.48473473473469,0
3513,4,1,1,40,0.024390243902439025,0.024390243902439025,0.975609756097561,41,1200,900,300,0.75,15,9,6,352.024263660491,0.351244918699187,0.07056166087155158,0.20856678013423635,131766.52444480947,1077.0027485572102,132843.5271933667,3508,0,1350.3658536585365,38,3,17,34.28698404439819,0.6343201754385966,43.32264957264956,1026.7094017093998,27.018668466036836,0
3514,4,0,0,40,0.0,0.0,1.0,40,1100,700,400,0.6363636363636364,15,7,8,360.4235152312079,0.3454326923076923,0.07417735042735063,0.21297753172753156,131665.51246537367,1491.069367497658,133156.58183287134,3509,192,1385.125,37,3,17,34.17334401709401,0.6351351351351353,43.42105263157893,1026.315789473682,27.73826458036978,0
3515,4,0,1,39,0.0,0.025,0.975,40,900,600,300,0.6666666666666666,12,6,6,374.07714970426485,0.34520566239316236,0.060224572915487995,0.2162503548879006,130824.41332572467,1804.059960564218,132628.47328628888,3510,193,1386.125,35,5,17,34.67457197269676,0.6306547619047618,44.24189814814816,1023.0324074074091,29.229497354497404,6
3516,4,0,0,39,0.0,0.0,1.0,39,900,500,400,0.5555555555555556,13,5,8,380.1563303747554,0.3425832208726946,0.07843593622716138,0.21968280745866026,130810.03578514763,2145.652636054447,132955.68842120207,3511,208,1417.7179487179487,34,5,17,34.53368051514799,0.6326593137254901,44.255952380952394,1022.9761904761924,30.08753501400566,0
3517,4,0,0,39,0.0,0.0,1.0,39,1150,900,250,0.782608695652174,14,9,5,377.5560629846188,0.34230206927575346,0.07382754486732179,0.2190436592133439,130962.30867346954,2089.1227324263264,133051.43140589586,3512,209,1418.7179487179487,34,5,17,34.4457528882686,0.6341911764705881,44.10714285714287,1023.5714285714298,30.10504201680676,0
3518,4,1,0,40,0.025,0.0,1.0,40,1050,800,250,0.7619047619047619,13,8,5,364.7718874532059,0.3498931623931624,0.07413736263736292,0.21333060255939446,131270.41737683647,1576.7515826637682,132847.16895950024,3513,0,1384.225,36,4,18,34.46108058608059,0.6331018518518517,43.80630630630632,1024.7747747747762,28.465965965966006,0
3519,4,0,0,40,0.0,0.0,1.0,40,1000,800,200,0.8,12,8,4,364.7718874532059,0.3499332264957265,0.07413736263736292,0.21333060255939446,131270.41737683647,1576.7515826637682,132847.16895950024,3514,1,1385.225,36,4,18,34.46108058608059,0.6331018518518517,43.80630630630632,1024.7747747747762,28.465965965966006,0
3520,4,0,0,40,0.0,0.0,1.0,40,850,300,550,0.35294117647058826,14,3,11,364.6563565952611,0.3502403846153846,0.07040160421931674,0.2134236335288409,131299.2696032183,1575.8226554257149,132875.09225864403,3515,2,1386.225,36,4,19,34.43486063802511,0.6333912037037036,43.77815315315316,1024.887387387389,28.46909409409414,0
3521,4,0,0,40,0.0,0.0,1.0,40,900,700,200,0.7777777777777778,11,7,4,362.1459600334235,0.34930555555555554,0.06461390833145186,0.2124429744355012,131387.44882758934,1516.2899288020717,132903.73875639142,3516,3,1387.225,35,5,19,34.410043651689634,0.6363095238095237,43.69212962962964,1025.231481481483,29.292328042328084,0
3522,4,0,0,40,0.0,0.0,1.0,40,250,200,50,0.8,3,2,1,362.1459600334235,0.34930555555555554,0.06461390833145186,0.2124429744355012,131387.44882758934,1516.2867584019418,132903.7355859913,3517,4,1388.225,35,5,19,34.410043651689634,0.6363095238095237,43.69212962962964,1025.231481481483,29.292328042328084,0
3523,4,0,0,40,0.0,0.0,1.0,40,1000,900,100,0.9,11,9,2,361.1305913206948,0.35012019230769226,0.06608378170637974,0.21231867625290982,131472.44953991182,1495.744688945735,132968.19422885755,3518,5,1389.225,36,4,20,34.350179349218564,0.6351273148148147,43.60923423423425,1025.5630630630653,28.487862862862926,0
3524,4,1,1,40,0.024390243902439025,0.024390243902439025,0.975609756097561,41,1100,800,300,0.7272727272727273,14,8,6,354.38237564825573,0.3565294715447154,0.06989925089340598,0.2100276307322957,131778.07113727328,1139.9651815943698,132918.03631886764,3519,0,1356.3170731707316,37,4,15,34.214812046134135,0.636261261261261,43.311403508771946,1026.7543859649145,27.750118539592282,0
3525,4,1,1,40,0.024390243902439025,0.024390243902439025,0.975609756097561,41,1000,700,300,0.7,13,7,6,359.9072682821615,0.356859756097561,0.09174587025782377,0.2120798974159439,131559.0823086601,1271.2687608295994,132830.3510694897,3520,0,1357.2926829268292,36,5,15,34.29404500548847,0.6359953703703705,43.52477477477478,1025.9009009009014,28.497247247247262,2
3526,4,0,0,40,0.0,0.0,1.0,40,1000,700,300,0.7,13,7,6,366.9150097051322,0.3492254273504274,0.1088090939862354,0.2160775901007698,131535.81700370798,1652.4931144975976,133188.31011820558,3521,1,1392.05,35,5,19,34.13782485238256,0.6377976190476191,43.5474537037037,1025.810185185185,29.30886243386243,0
3527,4,0,0,40,0.0,0.0,1.0,40,1050,900,150,0.8571428571428571,12,9,3,366.4266865477727,0.34907852564102565,0.10898375817730699,0.21629420791827908,131624.87809713642,1646.1735896776354,133271.05168681405,3522,2,1393.05,35,5,16,34.06036168132943,0.6386904761904761,43.460648148148145,1026.157407407407,29.318783068783056,0
3528,4,0,0,40,0.0,0.0,1.0,40,1050,700,350,0.6666666666666666,14,7,7,368.1133557597381,0.34902510683760685,0.10931261982632234,0.21745910229990645,131654.57182623874,1692.7612472136332,133347.33307345238,3523,3,1394.05,35,5,16,33.98709165068982,0.6389880952380953,43.431712962962955,1026.2731481481471,29.322089947089918,0
3529,4,0,0,40,0.0,0.0,1.0,40,1000,800,200,0.8,12,8,4,369.81782454570555,0.34913194444444445,0.10887824126268342,0.2189775770173836,131743.6731074245,1744.2317172496523,133487.90482467413,3524,4,1395.05,35,5,16,33.853344607290495,0.6398809523809523,43.344907407407405,1026.6203703703698,29.332010582010565,0
3530,4,0,0,40,0.0,0.0,1.0,40,1600,1200,400,0.75,20,12,8,369.1495430405261,0.3488514957264957,0.09399425610992229,0.22012617815022373,132011.15779588904,1746.3717153206444,133757.5295112097,3525,5,1396.05,35,5,17,33.60046645643278,0.6425595238095239,43.08449074074074,1027.662037037037,29.361772486772484,0
3531,4,0,0,40,0.0,0.0,1.0,40,850,600,250,0.7058823529411765,11,6,5,373.7962784702396,0.34850427350427354,0.09721346543571308,0.22342251314755474,132100.3796403462,1875.7260588134257,133976.1056991596,3526,6,1397.05,35,5,17,33.39103430158373,0.643452380952381,42.997685185185176,1028.0092592592578,29.371693121693077,0
3532,4,1,1,40,0.024390243902439025,0.024390243902439025,0.975609756097561,41,700,500,200,0.7142857142857143,9,5,4,365.833665125891,0.35312499999999997,0.09413806453335494,0.21971666869986956,132282.1316882762,1478.6514132375733,133760.78310151375,3527,0,1363.9512195121952,36,5,17,33.412470352125524,0.6432291666666666,42.82094594594595,1028.7162162162167,28.575450450450465,0
3533,4,1,0,41,0.024390243902439025,0.0,1.0,41,850,600,250,0.7058823529411765,11,6,5,365.9716553287984,0.35254065040650406,0.10124274099883857,0.2208449644225506,132461.07266435976,1495.5517851270215,133956.6244494868,3528,0,1364.9268292682927,33,8,19,33.22867063492064,0.6515151515151516,42.647058823529406,1029.4117647058815,31.19429590017823,0
3534,4,0,0,41,0.0,0.0,1.0,41,750,500,250,0.6666666666666666,10,5,5,360.63533242056906,0.3526422764227642,0.10475441159941568,0.21812185945246773,132546.94097490126,1360.2220239626006,133907.16299886385,3529,1,1365.9268292682927,35,6,19,33.2795933086059,0.6479166666666668,42.5636574074074,1029.745370370369,29.42129629629626,0
3535,4,0,0,41,0.0,0.0,1.0,41,600,400,200,0.6666666666666666,8,4,4,360.12472995920376,0.35261686991869917,0.10707698042257396,0.2181586093878117,132606.53941883138,1350.9788398062296,133957.5182586376,3530,2,1366.9268292682927,35,6,19,33.232783646102554,0.6485119047619048,42.50578703703703,1029.9768518518513,29.427910052910036,0
3536,4,0,1,40,0.0,0.024390243902439025,0.975609756097561,41,850,500,350,0.5882352941176471,12,5,7,355.42971682186527,0.3515752032520325,0.10851672806452961,0.21634324185226983,132785.4151261358,1239.1764992712435,134024.59162540705,3531,3,1367.9268292682927,35,6,16,33.173895751450495,0.6502976190476191,42.33217592592592,1030.671296296295,29.447751322751284,0
3537,4,0,0,40,0.0,0.0,1.0,40,950,700,250,0.7368421052631579,12,7,5,356.0640536631603,0.3507478632478633,0.11193309384822614,0.21724784863228977,132874.89819101506,1462.3949759945056,134337.29316700957,3532,4,1377.45,35,5,16,33.067654542733116,0.6511904761904762,42.24537037037037,1031.0185185185182,29.45767195767195,0
3538,4,0,0,40,0.0,0.0,1.0,40,1100,800,300,0.7272727272727273,14,8,6,355.960734968366,0.35102831196581197,0.1184014139827183,0.21770529233377542,132964.41139671204,1466.0219210819505,134430.433317794,3533,5,1378.45,35,5,16,32.980422137433145,0.6520833333333333,42.15856481481481,1031.36574074074,29.46759259259257,0
3539,4,0,0,40,0.0,0.0,1.0,40,1450,1200,250,0.8275862068965517,17,12,5,349.96124967865285,0.35130876068376066,0.12062633172591686,0.2150657796956957,133143.5282305597,1319.015105238324,134462.54333579802,3534,6,1379.45,35,5,16,32.95542689992897,0.6538690476190477,41.984953703703695,1032.060185185184,29.487433862433832,0
3540,4,0,0,40,0.0,0.0,1.0,40,1100,900,200,0.8181818181818182,13,9,4,350.26242232902354,0.3518830128205128,0.11780269058295967,0.21576939276069654,133233.13185871037,1333.311899862806,134566.44375857318,3535,7,1380.45,35,5,17,32.85781016442451,0.6547619047619049,41.89814814814814,1032.407407407406,29.497354497354458,0
3541,4,0,0,40,0.0,0.0,1.0,40,1000,800,200,0.8,12,8,4,350.26242232902354,0.3518830128205128,0.11780269058295967,0.21576939276069654,133233.13185871037,1333.311899862806,134566.44375857318,3536,8,1381.45,35,5,17,32.85781016442451,0.6547619047619049,41.89814814814814,1032.407407407406,29.497354497354458,0
3542,4,0,0,40,0.0,0.0,1.0,40,1250,800,450,0.64,17,8,9,351.5885261489033,0.35321848290598296,0.11478265740533322,0.21763378532629027,133412.42953746548,1381.2558942043624,134793.68543166984,3537,9,1382.45,35,5,18,32.64386810067968,0.6565476190476192,41.724537037037024,1033.10185185185,29.517195767195712,0
3543,4,0,0,40,0.0,0.0,1.0,40,450,300,150,0.6666666666666666,6,3,3,351.5885261489033,0.35321848290598296,0.11478265740533322,0.21763378532629027,133412.42953746548,1381.2558942043624,134793.68543166984,3538,10,1383.45,35,5,18,32.64386810067968,0.6565476190476192,41.724537037037024,1033.10185185185,29.517195767195712,0
3544,4,0,0,40,0.0,0.0,1.0,40,1050,1000,50,0.9523809523809523,11,10,1,352.61248438907955,0.3530982905982906,0.11377813864934483,0.21879616908339755,133502.12358807013,1414.903093921467,134917.02668199159,3539,11,1384.45,35,5,18,32.52755534401016,0.6574404761904762,41.63773148148148,1033.449074074074,29.5271164021164,0
3545,4,0,0,40,0.0,0.0,1.0,40,850,600,250,0.7058823529411765,11,6,5,352.3931937967193,0.3535122863247863,0.1166685330347148,0.21883666346347033,133532.02830289782,1411.1555855624179,134943.18388846025,3540,12,1385.45,35,5,19,32.50326614408361,0.6577380952380951,41.6087962962963,1033.564814814815,29.530423280423285,0
3546,4,1,1,40,0.024390243902439025,0.024390243902439025,0.975609756097561,41,800,600,200,0.75,10,6,4,344.87080355676954,0.3614583333333334,0.11424414668659577,0.21567924249666726,133792.42153893757,1028.2199851878893,134820.64152412547,3541,0,1352.6341463414635,36,5,15,32.43713943615979,0.658275462962963,41.35698198198198,1034.572072072072,28.73811311311311,0
3547,4,0,0,40,0.0,0.0,1.0,40,1050,900,150,0.8571428571428571,12,9,3,350.95752490203637,0.3545405982905983,0.1178171850525842,0.21936072430590217,133771.38658479083,1389.6149477023357,135161.00153249316,3542,14,1387.45,35,5,16,32.3007570672037,0.6601190476190476,41.37731481481482,1034.490740740741,29.556878306878318,0
3548,4,0,0,40,0.0,0.0,1.0,40,550,400,150,0.7272727272727273,7,4,3,351.64011559671735,0.353659188034188,0.12191344218295708,0.22050251848989108,133891.14610125174,1416.2996184842305,135307.44571973596,3543,15,1388.45,35,5,16,32.163293073883544,0.6613095238095238,41.261574074074076,1034.953703703704,29.570105820105827,0
3549,4,0,0,40,0.0,0.0,1.0,40,850,600,250,0.7058823529411765,11,6,5,350.8779032342953,0.3533653846153846,0.12761569416498997,0.22074217456638562,134010.95920138882,1404.2968749999914,135415.25607638882,3544,16,1389.45,35,5,17,32.06321260898724,0.6625,41.14583333333333,1035.416666666666,29.583333333333314,0
3550,4,0,0,40,0.0,0.0,1.0,40,650,500,150,0.7692307692307693,8,5,3,350.5025290257598,0.35372596153846153,0.12828601765955083,0.22068586398265128,134040.92084887266,1396.3363500943171,135437.25719896698,3545,17,1390.45,35,5,17,32.04297995603741,0.662797619047619,41.11689814814815,1035.5324074074078,29.586640211640223,0
3551,4,0,0,40,0.0,0.0,1.0,40,1200,800,400,0.6666666666666666,16,8,8,349.79434147807564,0.3535657051282051,0.12453062136790316,0.22041970193984659,134070.88584533607,1379.4474451303145,135450.3332904664,3546,18,1391.45,35,5,17,32.0313664133512,0.6630952380952382,41.08796296296296,1035.648148148148,29.58994708994709,0
3552,4,0,0,40,0.0,0.0,1.0,40,800,500,300,0.625,11,5,6,350.37185238645304,0.35341880341880344,0.12701139792155525,0.22096389760439536,134100.85419077936,1397.0329378858053,135497.88712866517,3547,19,1392.45,35,5,17,31.98646496815286,0.6633928571428571,41.05902777777778,1035.7638888888891,29.593253968253975,0
3553,4,0,0,40,0.0,0.0,1.0,40,1100,700,400,0.6363636363636364,15,7,8,351.7239396531274,0.35252403846153846,0.13264075067024073,0.2223610669332487,134190.7793209879,1439.6219135802764,135630.40123456818,3548,20,1393.45,35,5,17,31.861595174262725,0.6642857142857141,40.972222222222236,1036.1111111111131,29.60317460317466,0
3554,4,0,0,40,0.0,0.0,1.0,40,1450,1200,250,0.8275862068965517,17,12,5,356.2656902343223,0.35244391025641025,0.13417717985932787,0.2261567531841834,134340.72151759703,1572.1979756087285,135912.91949320576,3549,21,1394.45,35,5,17,31.59412098544899,0.6657738095238095,40.827546296296305,1036.6898148148161,29.619708994709033,0
3555,4,0,0,40,0.0,0.0,1.0,40,900,600,300,0.6666666666666666,12,6,6,355.1299426020407,0.35283119658119655,0.13357142857142867,0.22599178165584424,134430.72702331972,1548.0752743484372,135978.80229766815,3550,22,1395.45,35,5,18,31.533668154761916,0.6666666666666665,40.74074074074075,1037.0370370370379,29.629629629629655,0
3556,4,0,0,40,0.0,0.0,1.0,40,1100,800,300,0.7272727272727273,14,8,6,354.11236443231445,0.35269764957264954,0.1383229189912969,0.22571515007413953,134490.74743870032,1524.9673139574838,136015.7147526578,3551,23,1396.45,35,5,18,31.500130179275462,0.6672619047619047,40.682870370370374,1037.268518518519,29.636243386243397,0
3557,4,0,0,40,0.0,0.0,1.0,40,1050,400,650,0.38095238095238093,17,4,13,357.2899854908582,0.35228365384615384,0.1464375860486462,0.22830934849987683,134581.66099773246,1616.9493369621514,136198.61033469462,3552,24,1397.45,34,6,18,31.326965733516897,0.670343137254902,40.595238095238095,1037.6190476190477,30.518207282913167,0
3558,4,0,1,39,0.0,0.025,0.975,40,800,300,500,0.375,13,3,10,358.28544880102993,0.3521634615384615,0.1500028679591605,0.22913971072623454,134612.54428854873,1645.9431689342398,136258.48745748296,3553,25,1398.45,34,6,18,31.270314710718523,0.6706495098039216,40.56547619047619,1037.7380952380952,30.52170868347339,0
3559,4,1,0,40,0.025,0.0,1.0,40,750,700,50,0.9333333333333333,8,7,1,344.74547432783356,0.3563034188034188,0.13999511029012313,0.21835461804811118,134258.85080604267,1257.0262407678156,135515.8770468105,3554,0,1311.2,36,4,18,31.97440146329096,0.6629050925925926,40.90653153153154,1036.373873873875,28.788163163163194,2
3560,4,0,0,40,0.0,0.0,1.0,40,450,300,150,0.6666666666666666,6,3,3,344.2037749516709,0.35674412393162397,0.13730175972192038,0.2185337898072473,134346.3966500286,1248.5073756188826,135594.90402564747,3555,1,1312.2,36,4,20,31.901069954377576,0.6637731481481481,40.82207207207208,1036.7117117117132,28.797547547547587,0
3561,4,0,0,40,0.0,0.0,1.0,40,750,400,350,0.5333333333333333,11,4,7,343.0446818050409,0.3563969017094017,0.14012814943527352,0.21814609323624426,134404.77639801972,1221.3687505072744,135626.145148527,3556,2,1313.2,36,4,21,31.872873226180122,0.6643518518518519,40.76576576576577,1036.9369369369376,28.803803803803824,0
3562,4,0,0,40,0.0,0.0,1.0,40,400,300,100,0.75,5,3,2,336.08152913428955,0.3563969017094017,0.13248273215656203,0.1997003014484597,131876.97991488117,869.8759993101271,132746.8559141913,3557,3,1314.2,36,4,16,34.58502357197676,0.6391782407407407,43.215090090090094,1027.13963963964,28.53165665665667,5
3563,4,0,0,40,0.0,0.0,1.0,40,650,400,250,0.6153846153846154,9,4,5,336.1098771646265,0.35670405982905984,0.1289903529927645,0.19986925029307198,131905.89871966565,866.9750831913016,132772.87380285695,3558,4,1315.2,36,4,17,34.55519622889717,0.6394675925925926,43.18693693693694,1027.2522522522527,28.534784784784797,0
3564,4,0,0,40,0.0,0.0,1.0,40,700,500,200,0.7142857142857143,9,5,4,334.3419588392629,0.35622329059829055,0.1322129748186085,0.19932906095684264,132003.33275623253,826.8505694059472,132830.18332563847,3559,5,1316.2,37,3,19,34.50259638639919,0.6385135135135136,43.09210526315788,1027.631578947367,27.773826458036943,0
3565,4,0,1,39,0.0,0.025,0.975,40,500,200,300,0.4,8,2,6,339.7182577777778,0.35554220085470084,0.13746933333333322,0.2029865306989589,132087.85545792925,974.5312259541225,133062.38668388338,3560,6,1317.2,37,3,19,34.27944444444444,0.6393581081081081,43.00986842105262,1027.9605263157885,27.78271692745374,0
3566,4,0,0,39,0.0,0.0,1.0,39,600,500,100,0.8333333333333334,7,5,2,344.02193288890635,0.3521986054880792,0.14451243839803984,0.20519896467608884,132021.60564280496,1283.6655912669407,133305.2712340719,3561,33,1351.820512820513,36,3,19,34.2355175688509,0.640625,43.07432432432432,1027.7027027027027,28.5472972972973,0
3567,4,1,1,39,0.025,0.025,0.975,40,800,500,300,0.625,11,5,6,340.50970032604516,0.3584001068376068,0.14983750665956275,0.2049829081180203,132369.79316953302,1014.6397208756571,133384.43289040867,3562,0,1319.0,37,3,19,33.97564819747823,0.6421734234234234,42.73574561403509,1029.0570175438602,27.812351825509733,0
3568,4,0,0,39,0.0,0.0,1.0,39,1250,900,350,0.72,16,9,7,349.2525346968595,0.3514676113360324,0.20403049203049295,0.19070755288937108,128588.99493113249,1182.0064827639148,129771.0014138964,3563,35,1353.820512820513,37,2,14,37.580630630630644,0.6041666666666667,46.436403508771924,1014.254385964911,27.41228070175435,7
3569,4,1,0,40,0.025,0.0,1.0,40,1150,500,650,0.43478260869565216,18,5,13,341.7718084216599,0.35912126068376066,0.2007837155480745,0.18823191256409624,128929.98598327131,812.926893856385,129742.9128771277,3564,0,1320.95,38,2,16,37.42285574023424,0.6058114035087719,46.10042735042735,1015.5982905982912,26.72627080521819,0
3570,4,1,1,40,0.024390243902439025,0.024390243902439025,0.975609756097561,41,800,600,200,0.75,10,6,4,337.4631862753146,0.3667682926829268,0.20184064107498978,0.18688795525962107,129148.44292534735,516.5690104166757,129665.01193576402,3565,0,1289.7073170731708,39,2,17,37.30998496959759,0.6063034188034189,45.88541666666667,1016.4583333333344,26.063034188034216,0
3571,4,0,0,40,0.0,0.0,1.0,40,1150,800,350,0.6956521739130435,15,8,7,341.14492445709266,0.3604567307692308,0.20039165177163287,0.18853163140682205,129065.65176647305,806.0184043757724,129871.67017084883,3566,2,1322.95,38,2,17,37.30066940034345,0.6071820175438596,45.96688034188034,1016.1324786324784,26.740328385065222,0
3572,4,1,1,40,0.024390243902439025,0.024390243902439025,0.975609756097561,41,1300,1000,300,0.7692307692307693,16,10,6,334.83299445042036,0.3654979674796748,0.20113114174620028,0.1864491095413391,129364.36760355008,463.16305519027634,129827.53065874036,3567,0,1291.658536585366,38,3,18,37.15737240075615,0.6101973684210528,45.67307692307691,1017.3076923076906,26.7712550607287,0
3573,4,1,1,40,0.024390243902439025,0.024390243902439025,0.975609756097561,41,1100,700,400,0.6363636363636364,15,7,8,336.77090140791466,0.3653455284552845,0.20293973090864426,0.1883071096604817,129527.44904667966,524.2151545035983,130051.66420118326,3568,0,1292.6341463414635,38,3,13,36.942432829554996,0.611842105263158,45.512820512820504,1017.9487179487166,26.788124156545177,0
3574,4,1,1,40,0.024390243902439025,0.024390243902439025,0.975609756097561,41,550,400,150,0.7272727272727273,7,4,3,336.9910731156436,0.3643038617886179,0.20527517067029688,0.18895287699637134,129636.22708013727,537.2502556797376,130173.477335817,3569,0,1293.6097560975609,38,3,13,36.826391803049376,0.6129385964912281,45.4059829059829,1018.3760683760678,26.799370220422837,0
3575,4,0,0,40,0.0,0.0,1.0,40,850,600,250,0.7058823529411765,11,6,5,346.61536614101067,0.36025641025641025,0.21400613761171527,0.1942677673718507,129619.76431450057,985.6404133964228,130605.404727897,3570,6,1326.95,37,3,13,36.59808962348803,0.6145833333333334,45.422149122807014,1018.3114035087716,27.521929824561393,0
3576,4,1,1,40,0.024390243902439025,0.024390243902439025,0.975609756097561,41,1250,900,350,0.72,16,9,7,340.24726678246617,0.36529471544715447,0.22022244540418145,0.1921523369878823,129917.22140842036,640.79589843752,130558.01730685787,3571,0,1295.560975609756,39,2,15,36.45833333333334,0.6140491452991452,45.13020833333334,1019.4791666666684,26.140491452991498,0
3577,4,2,1,41,0.047619047619047616,0.023809523809523808,0.9761904761904762,42,750,500,250,0.6666666666666666,10,5,5,334.66212230296634,0.3783633372048006,0.23138433025438698,0.19108127628266142,130344.39718934908,325.183402418226,130669.58059176731,3572,0,1250.0714285714287,38,4,17,36.168000627746395,0.6200657894736842,44.71153846153846,1021.1538461538458,26.87246963562752,0
3578,4,0,0,41,0.0,0.0,1.0,41,1000,800,200,0.8,12,8,4,336.3270491703148,0.37383130081300814,0.22721357157074418,0.19203189581659905,130344.39718934908,567.6692965154482,130912.06648586453,3573,1,1281.3658536585365,38,3,18,36.125496965892445,0.6200657894736842,44.71153846153846,1021.1538461538458,26.87246963562752,0
3579,4,0,0,41,0.0,0.0,1.0,41,950,500,450,0.5263157894736842,14,5,9,334.5971709178759,0.37380589430894307,0.22093580977650729,0.191312736481752,130398.95171305424,526.2240667689268,130925.17577982317,3574,2,1282.3658536585365,38,3,19,36.11445258019524,0.6206140350877194,44.65811965811965,1021.367521367521,26.878092667566342,0
3580,4,0,1,40,0.0,0.024390243902439025,0.975609756097561,41,1200,800,400,0.6666666666666666,16,8,8,335.13261314611077,0.37357723577235774,0.22395259483461682,0.18908931176978358,129881.14458917729,505.48147691575525,130386.62606609304,3575,3,1283.3658536585365,38,3,16,36.62526639415855,0.615405701754386,45.16559829059828,1019.3376068376056,26.824673864147513,1
3581,4,1,0,41,0.024390243902439025,0.0,1.0,41,950,400,550,0.42105263157894735,15,4,11,337.53397536964707,0.37322154471544716,0.19375555100088815,0.17296597493822582,126017.68798828125,307.05023871527817,126324.73822699653,3576,0,1284.2682926829268,39,2,16,40.511744821385335,0.5745192307692308,48.984375,1004.0625,25.745192307692307,8
3582,4,3,1,43,0.06818181818181818,0.022727272727272728,0.9772727272727273,44,500,300,200,0.6,7,3,4,327.52804208330656,0.3874647639182523,0.23269101651671775,0.17135740687047835,126867.0391333619,-489.49470087511963,126377.54443248679,3577,0,1197.6363636363637,41,3,15,39.89075578532742,0.5800304878048779,48.13988095238096,1007.4404761904781,24.571718931475075,0
3583,4,3,1,45,0.06521739130434782,0.021739130434782608,0.9782608695652174,46,1350,900,450,0.6666666666666666,18,9,9,328.18989400988335,0.3975644122383253,0.2801890893761272,0.17039371476622237,126554.60048788773,-871.5325712688696,125683.06791661886,3578,0,1146.5,40,6,12,40.19459313874018,0.5783854166666667,48.45020325203253,1006.1991869918718,25.154979674796795,3
3584,4,2,0,47,0.0425531914893617,0.0,1.0,47,1050,900,150,0.8571428571428571,12,9,3,322.56563001537484,0.39964924452667283,0.2870800768362245,0.1689684942788118,126917.0163001542,-1212.186535493839,125704.82976466036,3579,0,1123.063829787234,41,6,14,39.96453595221684,0.5805386178861789,48.09027777777777,1007.6388888888879,24.57655826558263,0
3585,4,1,0,48,0.020833333333333332,0.0,1.0,48,1200,800,400,0.6666666666666666,16,8,8,321.0081998194908,0.40190972222222227,0.29456735125339684,0.17005730393637375,127373.97057183248,-1422.141074031822,125951.82949780066,3580,0,1100.6458333333333,40,8,15,39.536142152421206,0.58671875,47.63719512195123,1009.4512195121971,25.236280487804926,0
3586,4,1,0,49,0.02040816326530612,0.0,1.0,49,1750,1400,350,0.8,21,14,7,322.85787612377635,0.40532879818594103,0.3173304240774284,0.17314760899957415,127868.45243016208,-1543.3326050327355,126325.11982512935,3581,0,1079.1632653061224,41,8,16,38.98428559751511,0.5901930894308942,47.14781746031747,1011.4087301587318,24.668505613627605,0
3587,4,3,2,50,0.057692307692307696,0.038461538461538464,0.9615384615384616,52,1650,1200,450,0.7272727272727273,21,12,9,308.02800150537297,0.4158496732026144,0.3185037786270506,0.16794113238897854,128528.34093778719,-2481.6366833598086,126046.70425442737,3582,0,1017.8461538461538,43,9,17,38.68758560577761,0.5939922480620154,46.49621212121213,1014.0151515151533,23.581747709654728,0
3588,4,0,0,50,0.0,0.0,1.0,50,850,500,350,0.5882352941176471,12,5,7,319.6016688268464,0.40959183673469385,0.32505825908156316,0.17334529175404048,128320.37278163586,-1797.718942901226,126522.65383873464,3583,1,1059.56,41,9,18,38.60592300662555,0.5947662601626016,46.70138888888889,1013.1944444444449,24.712059620596218,0
3589,4,0,0,50,0.0,0.0,1.0,50,1500,1100,400,0.7333333333333333,19,11,8,317.56196155216475,0.40964285714285714,0.32023492560689126,0.1725645212349424,128395.77034517522,-1845.2774628369725,126550.49288233825,3584,2,1060.56,41,9,17,38.58082093448188,0.5955284552845528,46.626984126984134,1013.4920634920644,24.71931862175767,0
3590,4,1,0,51,0.0196078431372549,0.0,1.0,51,1450,1100,350,0.7586206896551724,18,11,7,329.6455163881752,0.41277777777777774,0.3490918069030531,0.18178190154114907,128979.82698042493,-1696.4756662760583,127283.35131414887,3585,0,1040.7450980392157,42,9,18,37.68005341982256,0.5999503968253967,46.05135658914729,1015.7945736434115,24.185585086747892,0
3591,4,0,0,51,0.0,0.0,1.0,51,1500,1000,500,0.6666666666666666,20,10,10,325.1712036492275,0.4129901960784314,0.3368683158266643,0.179985264120145,129127.5137931164,-1802.2901831320228,127325.22360998439,3586,1,1041.7450980392157,42,9,18,37.643602822004,0.6014384920634921,45.906007751937985,1016.3759689922481,24.199427833148764,0
3592,4,1,1,51,0.019230769230769232,0.019230769230769232,0.9807692307692307,52,1400,900,500,0.6428571428571429,19,9,10,319.2198774446057,0.41461632730015086,0.3231472393536756,0.1781321547780687,129447.79178685194,-2135.5172277807683,127312.27455907117,3587,0,1022.6923076923077,42,10,14,37.4698470132673,0.6046626984126984,45.59108527131784,1017.6356589147302,24.22942045035072,0
3593,4,1,1,51,0.019230769230769232,0.019230769230769232,0.9807692307692307,52,1350,900,450,0.6666666666666666,18,9,9,328.8094856508459,0.41460061588738056,0.3347832794013188,0.18068510997758686,128840.60890330876,-1927.1971311122472,126913.41177219652,3588,0,1023.6730769230769,43,9,17,37.842882349283336,0.5971414728682171,46.188446969696976,1015.2462121212129,23.61037702607472,1
3594,4,0,1,50,0.0,0.0196078431372549,0.9803921568627451,51,1400,900,500,0.6428571428571429,19,9,10,333.49818365284983,0.41245098039215683,0.3313834027598437,0.18333651460202327,128856.81918905124,-1605.2969698335362,127251.5222192177,3589,1,1044.5686274509803,42,9,18,37.70737895272633,0.5987103174603174,46.17248062015504,1015.3100775193807,24.17404946474716,0
3595,4,0,0,50,0.0,0.0,1.0,50,1200,1000,200,0.8333333333333334,14,10,4,333.39333024392903,0.4134268707482993,0.3275443617630218,0.18373443152559765,128955.22072742032,-1401.4379018688714,127553.78282555145,3590,2,1044.58,42,8,19,37.60991064046302,0.5997023809523809,46.07558139534884,1015.6976744186055,24.183277962347752,0
3596,4,2,0,52,0.038461538461538464,0.0,1.0,52,1150,700,450,0.6086956521739131,16,7,9,327.26687965521063,0.41747580442433385,0.3450038820444461,0.1826225701455377,129447.79178685162,-1926.7355477435399,127521.05623910809,3591,0,1005.3653846153846,42,10,16,37.26512410334538,0.6046626984126984,45.59108527131782,1017.6356589147276,24.22942045035066,0
3597,4,0,0,52,0.0,0.0,1.0,52,1400,1100,300,0.7857142857142857,17,11,6,329.17990407515356,0.4177978883861237,0.34671208205518744,0.18426708855181861,129571.08126201836,-1869.5607798509864,127701.52048216737,3592,1,1006.3653846153846,42,10,16,37.091343865994105,0.6059027777777779,45.46996124031007,1018.1201550387584,24.24095607235139,0
3598,4,1,0,53,0.018867924528301886,0.0,1.0,53,1400,900,500,0.6428571428571429,19,9,10,306.62791633371484,0.420355587808418,0.29316263583098934,0.16853008033078568,128848.62075617243,-2614.9165130968763,126233.70424307555,3593,0,988.3584905660377,44,9,13,38.39774281805745,0.5958806818181819,46.180555555555536,1015.2777777777745,23.074494949494877,7
3599,4,1,1,53,0.018518518518518517,0.018518518518518517,0.9814814814814815,54,1750,1500,250,0.8571428571428571,20,15,5,304.057351837662,0.42235907290938735,0.29166073580626484,0.1683313254216159,129135.20812988249,-2947.098117404542,126188.11001247795,3594,0,971.0370370370371,47,7,14,38.172292680843775,0.5950797872340426,45.898437499999986,1016.4062499999975,21.625664893616968,0
3600,4,1,2,52,0.018518518518518517,0.037037037037037035,0.962962962962963,54,900,600,300,0.6666666666666666,12,6,6,308.25962807140695,0.4208085837409737,0.3066908729789284,0.17146642491532782,129321.76097803308,-2826.9965950341552,126494.76438299892,3595,0,971.6111111111111,43,11,16,37.87638100114825,0.6019864341085273,45.71496212121212,1017.1401515151508,23.65442212825932,0
3601,4,0,0,52,0.0,0.0,1.0,52,1400,900,500,0.6428571428571429,19,9,10,316.111260413867,0.4167609351432881,0.31557377049180313,0.17529806259314468,129201.38888888911,-2231.5972222222017,126969.7916666669,3596,1,1009.8269230769231,43,9,17,37.79883879781421,0.6007751937984496,45.83333333333334,1016.6666666666684,23.64341085271322,0
3602,4,2,1,53,0.037037037037037035,0.018518518518518517,0.9814814814814815,54,1000,500,500,0.5,15,5,10,306.9700460715605,0.42145644071744703,0.31615862193896893,0.17233540529579144,129685.31037498711,-2838.098859877103,126847.21151511,3597,0,973.3888888888889,45,9,13,37.54103675707724,0.6030092592592592,45.357789855072475,1018.5688405797121,22.6348631239936,0
3603,4,0,0,53,0.0,0.0,1.0,53,1600,1100,500,0.6875,21,11,10,315.52119987871515,0.4197054910498306,0.31946956402108584,0.1772403303614401,129708.376818158,-2414.85146240285,127293.52535575515,3598,1,992.7547169811321,45,8,14,37.29992886359595,0.6032407407407406,45.335144927536234,1018.6594202898555,22.636876006441234,0
3604,4,1,1,53,0.018518518518518517,0.018518518518518517,0.9814814814814815,54,1450,900,550,0.6206896551724138,20,9,11,312.8945224083288,0.4211361518751456,0.32859574468085007,0.17726666529883678,130041.14598403785,-2662.167546778517,127378.97843725933,3599,0,975.3518518518518,47,7,15,37.03014184397161,0.6041666666666665,45.00868055555557,1019.9652777777812,21.701388888888964,0
3605,4,0,0,53,0.0,0.0,1.0,53,1300,700,600,0.5384615384615384,19,7,12,320.4873348763246,0.41928217223028547,0.3313138006140597,0.18144125494179367,130013.83230219844,-2266.442677682181,127747.38962451626,3600,1,994.6603773584906,46,7,16,36.86417043347241,0.6050724637681157,45.035460992907815,1019.8581560283717,22.170829478877646,0
3606,4,0,0,53,0.0,0.0,1.0,53,1500,800,700,0.5333333333333333,22,8,14,321.93841969691977,0.4191612239961297,0.32720353857575213,0.18321685743799518,130217.34103069534,-2215.607002288598,128001.73402840675,3601,2,995.6603773584906,46,7,18,36.62128318712179,0.6071105072463767,44.835992907801426,1020.656028368796,22.188174529756434,0
3607,4,0,0,53,0.0,0.0,1.0,53,1350,800,550,0.5925925925925926,19,8,11,324.9703924486438,0.4185413642960813,0.3315323890039754,0.18561868178846272,130359.2745638201,-2127.395499347136,128231.87906447296,3602,3,996.6603773584906,43,10,18,36.40037710187934,0.6124031007751938,44.6969696969697,1021.2121212121218,23.74911909795632,0
3608,4,0,0,53,0.0,0.0,1.0,53,1250,800,450,0.64,17,8,9,328.8044313849106,0.4179366231253024,0.33702764614335434,0.18851221119251804,130504.37345758738,-2017.916738406781,128486.4567191806,3603,4,997.6603773584906,43,10,15,36.15577695396973,0.6138565891472867,44.55492424242425,1021.7803030303043,23.762332628611727,0
3609,4,0,0,53,0.0,0.0,1.0,53,1500,1200,300,0.8,18,12,6,328.0993644208829,0.418148282535075,0.3347911663013341,0.18857851648344076,130601.15089101269,-2029.9690800045596,128571.18181100812,3604,5,998.6603773584906,43,10,15,36.07598357111978,0.6148255813953487,44.46022727272729,1022.1590909090933,23.77114164904868,0
3610,4,0,1,52,0.0,0.018867924528301886,0.9811320754716981,53,1950,1500,450,0.7692307692307693,24,15,9,329.2884163584592,0.41807268988872764,0.33527415451304954,0.1901541628600056,130782.9743227027,-1986.9362997256117,128796.0380229771,3605,6,999.6603773584906,44,9,15,35.86192329742617,0.6152935606060606,44.282407407407426,1022.8703703703734,23.24705387205394,0
3611,4,1,0,53,0.018867924528301886,0.0,1.0,53,950,700,250,0.7368421052631579,12,7,5,332.8019395431247,0.4180424528301887,0.34186589638006226,0.1927739536598858,130901.38888888914,-1887.152777777755,129014.23611111139,3606,0,1000.2075471698113,44,9,16,35.65248371335505,0.6164772727272726,44.16666666666668,1023.3333333333353,23.257575757575804,0
3612,4,0,0,53,0.0,0.0,1.0,53,1150,700,450,0.6086956521739131,16,7,9,336.731657908901,0.41781567489114657,0.3477493651530459,0.19553073581096692,130996.15912208508,-1777.8892318244136,129218.26989026066,3607,1,1001.2075471698113,44,9,16,35.4562379401833,0.6174242424242424,44.074074074074076,1023.703703703704,23.265993265993274,0
3613,4,0,0,53,0.0,0.0,1.0,53,1050,800,250,0.7619047619047619,13,8,5,337.5769063472194,0.41820875665215285,0.3494173818259978,0.19662654876811958,131114.67013888876,-1747.7430555555657,129366.9270833332,3608,2,1002.2075471698113,44,9,17,35.3149579604014,0.6186079545454546,43.95833333333333,1024.1666666666656,23.276515151515127,0
3614,4,1,0,54,0.018518518518518517,0.0,1.0,54,800,400,400,0.5,12,4,8,324.6678145774791,0.42032087118565103,0.3351921162400908,0.18456454681686885,130173.98787133506,-2340.915557484551,127833.07231385051,3609,0,984.6296296296297,47,7,18,36.59549733469433,0.6054964539007093,44.87847222222223,1020.4861111111126,21.712470449172606,7
3615,4,0,2,52,0.0,0.037037037037037035,0.962962962962963,54,1350,800,550,0.5925925925925926,19,8,11,321.2127365578096,0.4201607267645004,0.337766493370411,0.18335062415939554,130333.48765432094,-2426.9543306327173,127906.53332368823,3610,1,985.6296296296297,44,10,19,36.52237486398259,0.6107954545454546,44.72222222222222,1021.1111111111107,23.2070707070707,0
3616,4,0,0,52,0.0,0.0,1.0,52,1850,1400,450,0.7567567567567568,23,14,9,326.2675144413539,0.41427067621920566,0.34171195178268765,0.18612270469450634,130309.85189471871,-1896.8257030178377,128413.02619170088,3611,2,1023.8461538461538,44,8,20,36.4172410144796,0.6105587121212122,44.74537037037037,1021.0185185185179,23.204966329966314,0
3617,4,0,0,52,0.0,0.0,1.0,52,1250,700,550,0.56,18,7,11,330.46919610159716,0.41407428355957765,0.3480213004875261,0.1887490815020464,130357.1255572703,-1784.1971021947825,128572.92845507551,3612,3,1024.8461538461538,44,8,20,36.26216489860066,0.611032196969697,44.699074074074076,1021.2037037037042,23.209175084175094,0
3618,4,0,0,52,0.0,0.0,1.0,52,1500,1100,400,0.7333333333333333,19,11,8,330.31852019516134,0.4137757667169432,0.3457924168030555,0.1893289079167387,130493.85633270313,-1779.0924963243085,128714.76383637883,3613,4,1025.8461538461538,45,7,15,36.12773345153663,0.6111111111111112,44.565217391304344,1021.7391304347819,22.70531400966182,0
3619,4,0,2,50,0.0,0.038461538461538464,0.9615384615384616,52,1200,800,400,0.6666666666666666,16,8,8,332.55324965965633,0.4138621794871795,0.3153390920924912,0.18151051101284899,128571.78411005586,-1753.6050411706406,126818.17906888522,3614,5,1026.8461538461538,41,11,15,38.021597541491396,0.5973069105691058,46.453373015873005,1014.1865079365064,24.7362562911343,6
3620,4,2,2,50,0.038461538461538464,0.038461538461538464,0.9615384615384616,52,1050,800,250,0.7619047619047619,13,8,5,333.29634353077927,0.41313945449974865,0.31861712927799557,0.1826078359923054,128722.74900990492,-1819.435685153687,126903.31332475123,3615,0,1027.0192307692307,41,11,15,37.848987356209456,0.5988313008130082,46.304563492063494,1014.7817460317463,24.750774293457226,0
3621,4,2,1,51,0.038461538461538464,0.019230769230769232,0.9807692307692307,52,1050,700,350,0.6666666666666666,14,7,7,336.20958137144703,0.4166666666666667,0.3352029392760003,0.18525907933696856,128949.362441736,-1729.1977670697859,127220.16467466622,3616,0,1027.9807692307693,41,11,16,37.54436087777561,0.6011178861788617,46.08134920634921,1015.6746031746036,24.77255129694155,0
3622,4,4,4,51,0.07272727272727272,0.07272727272727272,0.9272727272727272,55,1150,700,450,0.6086956521739131,16,7,9,319.8006678602431,0.42215207631874296,0.3240229457417996,0.17901681498175678,129571.08126201855,-2712.124240420383,126858.95702159817,3617,0,972.8363636363637,42,13,13,37.330073601725815,0.6059027777777777,45.46996124031008,1018.12015503876,24.24095607235143,0
3623,4,1,1,51,0.019230769230769232,0.019230769230769232,0.9807692307692307,52,600,400,200,0.6666666666666666,8,4,4,337.70278887614666,0.4143649446958271,0.3282469342251948,0.18680521359351418,129102.89345592217,-1680.318565591005,127422.57489033116,3618,0,1029.9423076923076,42,10,18,37.350225654716496,0.601190476190476,45.93023255813954,1016.2790697674423,24.197120708748624,0
3624,4,1,2,50,0.019230769230769232,0.038461538461538464,0.9615384615384616,52,800,400,400,0.5,12,4,8,335.37786168027924,0.4145770487682252,0.3228793178035385,0.18586630464277906,129176.76150959972,-1735.3947892254141,127441.36672037431,3619,0,1030.923076923077,42,10,18,37.334183268198146,0.6019345238095237,45.85755813953488,1016.56976744186,24.204042081949048,0
3625,4,2,2,50,0.038461538461538464,0.038461538461538464,0.9615384615384616,52,1550,1100,450,0.7096774193548387,20,11,9,333.0444053093325,0.4143492332830568,0.32344402801671124,0.1861480336818233,129511.53413973158,-1773.3769316168753,127738.1572081147,3620,0,1031.076923076923,40,12,16,37.0534228567625,0.6083333333333334,45.52845528455284,1017.8861788617882,25.447154471544703,0
3626,4,1,1,50,0.0196078431372549,0.0196078431372549,0.9803921568627451,51,1250,1000,250,0.8,15,10,5,340.08206677622513,0.41333333333333333,0.32529521393221805,0.19008158375171147,129511.53413973158,-1391.0899596800923,128120.44418005149,3621,0,1052.2745098039215,40,11,16,36.87433439829605,0.6083333333333334,45.52845528455284,1017.8861788617882,25.447154471544703,0
3627,4,0,0,50,0.0,0.0,1.0,50,1350,700,650,0.5185185185185185,20,7,13,347.23695836301977,0.4088350340136055,0.3374941140341903,0.19372689013411404,129439.78000217001,-1010.7449001736205,128429.03510199639,3622,6,1074.32,39,11,16,36.765213942061656,0.6092414529914532,45.59895833333333,1017.6041666666656,26.092414529914503,0
3628,4,3,0,53,0.05660377358490566,0.0,1.0,53,1050,700,350,0.6666666666666666,14,7,7,323.487451754602,0.4169236816642477,0.3133451459479619,0.1779761901059313,128888.68375695893,-2256.0118676107522,126632.67188934817,3623,0,1014.4528301886793,43,10,18,37.92908156921259,0.5976259689922481,46.14109848484849,1015.4356060606071,23.61478153629319,6
3629,4,1,1,53,0.018518518518518517,0.018518518518518517,0.9814814814814815,54,1400,1000,400,0.7142857142857143,18,10,8,319.36007864840934,0.41963661774982525,0.3139685123812104,0.17689771312959715,129156.32780669985,-2550.524998742523,126605.80280795733,3624,0,996.6481481481482,46,8,19,37.7620065120065,0.5964673913043477,45.87765957446808,1016.4893617021276,22.09759481961147,0
3630,4,2,2,53,0.03636363636363636,0.03636363636363636,0.9636363636363636,55,1300,700,600,0.5384615384615384,19,7,12,325.73121216275587,0.42124017957351295,0.33912050256995996,0.18222215734727978,129546.41867225533,-2560.4983065954143,126985.92036565991,3625,0,979.4909090909091,42,13,16,37.20413731835777,0.6056547619047619,45.49418604651163,1018.0232558139539,24.238648947951283,0
3631,4,1,1,53,0.018518518518518517,0.018518518518518517,0.9814814814814815,54,1950,1600,350,0.8205128205128205,23,16,7,379.0832613668583,0.41652108082925693,0.4333895743259868,0.20553725371880602,128306.84222961869,-1012.8751094733191,127293.96712014537,3626,0,998.4444444444445,38,16,16,37.11312348412949,0.5995065789473684,46.71474358974359,1013.1410256410257,26.66160593792173,4
3632,4,0,0,53,0.0,0.0,1.0,53,1400,900,500,0.6428571428571429,19,9,10,389.7880278604356,0.41388485728108365,0.4482811424884592,0.21151093161821977,128338.88942992061,-595.007478262555,127743.88195165806,3627,1,1018.2264150943396,37,16,18,36.80912509468671,0.601632882882883,46.68311403508771,1013.2675438596481,27.385609293504,0
3633,4,2,0,55,0.03636363636363636,0.0,1.0,55,800,500,300,0.625,11,5,6,373.244413857939,0.4195707070707071,0.44109471484804996,0.20505299083762524,128830.99500868047,-1382.9101562500055,127448.08485243047,3628,0,982.1636363636363,39,16,18,36.7248956836993,0.6030982905982907,46.197916666666664,1015.2083333333327,26.03098290598289,0
3634,4,1,0,56,0.017857142857142856,0.0,1.0,56,1000,700,300,0.7,13,7,6,366.80193594479186,0.42158414502164504,0.44163976459496923,0.20300974883142564,129123.91067031852,-1727.4199178729666,127396.49075244556,3629,0,965.6071428571429,40,16,19,36.58946605339466,0.6044270833333334,45.90955284552845,1016.3617886178856,25.40904471544714,0
3635,4,1,1,56,0.017543859649122806,0.017543859649122806,0.9824561403508771,57,1650,1200,450,0.7272727272727273,21,12,9,360.84764175432707,0.4239896616541354,0.44219214771811344,0.20186399558471865,129545.80213758661,-2050.694084583536,127495.10805300307,3630,0,949.6491228070175,39,18,16,36.31103124253896,0.6103098290598292,45.49479166666666,1018.0208333333318,26.10309829059825,0
3636,4,0,0,56,0.0,0.0,1.0,56,1550,900,650,0.5806451612903226,22,9,13,367.0437091022004,0.42342397186147185,0.4453942437415679,0.20551859857485094,129581.83235627122,-1687.560723938956,127894.27163233227,3631,1,966.6964285714286,38,18,16,36.11664917803425,0.6123903508771931,45.459401709401696,1018.1623931623913,26.79374718848398,0
3637,4,1,0,57,0.017543859649122806,0.0,1.0,57,1700,1100,600,0.6470588235294118,23,11,12,359.56831706863574,0.4244204260651629,0.43496534060612424,0.2035120170210804,130003.35784131456,-2050.9822815453877,127952.37555976918,3632,0,950.719298245614,40,17,17,35.87838398937055,0.6132812500000002,45.04573170731707,1019.8170731707306,25.495426829268265,0
3638,4,1,2,56,0.017241379310344827,0.034482758620689655,0.9655172413793104,58,1050,600,450,0.5714285714285714,15,6,9,353.0195751770099,0.426799758015729,0.4268121041520059,0.20113906027527295,130262.58680555547,-2402.1768003503257,127860.41000520515,3633,0,935.3103448275862,38,20,17,35.782312925170075,0.6192434210526316,44.791666666666664,1020.8333333333327,26.86403508771928,0
3639,4,0,2,54,0.0,0.03571428571428571,0.9642857142857143,56,1500,1200,300,0.8,18,12,6,366.09677804934995,0.4224364177489177,0.4354132866535736,0.2076203083649364,130081.09941998808,-1675.545723445041,128405.55369654304,3634,2,969.625,40,16,17,35.63292820614996,0.6140625000000001,44.96951219512195,1020.121951219512,25.5030487804878,0
3640,4,0,0,54,0.0,0.0,1.0,54,1050,700,350,0.6666666666666666,14,7,7,379.1151545881037,0.418945085022129,0.4412923974566376,0.21480192171232185,130044.55133912251,-939.6279631456073,129104.9233759769,3635,3,1004.8148148148148,38,16,18,35.3381079571244,0.6170504385964912,45.005341880341874,1019.9786324786313,26.84154295996398,0
3641,4,1,1,54,0.01818181818181818,0.01818181818181818,0.9818181818181818,55,1400,1200,200,0.8571428571428571,16,12,4,370.8697936963431,0.4226150392817059,0.4344892221180885,0.21161394110908968,130318.55955678665,-1333.3912836984798,128985.16827308817,3636,0,987.5272727272727,37,18,18,35.26990263459338,0.6216216216216216,44.73684210526316,1021.052631578947,27.59601706970127,0
3642,4,1,1,54,0.01818181818181818,0.01818181818181818,0.9818181818181818,55,1200,900,300,0.75,15,9,6,368.9249270118527,0.421226150392817,0.4339784316595914,0.21095983395429127,130402.5412266273,-1378.2503991612907,129024.29082746601,3637,0,988.5090909090909,37,18,18,35.234277151547694,0.6224662162162162,44.65460526315789,1021.3815789473675,27.60490753911804,0
3643,4,0,0,54,0.0,0.0,1.0,54,1250,800,450,0.64,17,8,9,378.88000193107973,0.41898148148148145,0.44659738052634546,0.21603308789353276,130291.32806793283,-927.0442740037295,129364.2837939291,3638,6,1007.8148148148148,36,18,18,35.093113464225304,0.6232638888888888,44.763513513513516,1020.9459459459462,28.359609609609617,0
3644,4,1,0,55,0.01818181818181818,0.0,1.0,55,1350,700,650,0.5185185185185185,20,7,13,374.1298923701414,0.421506734006734,0.45218795414177326,0.2155808067353776,130699.20562358458,-1220.3040534370652,129478.90157014751,3639,0,990.4727272727273,38,17,18,34.80022115418104,0.6236293859649124,44.36431623931624,1022.5427350427346,26.909019343229858,0
3645,4,0,0,55,0.0,0.0,1.0,55,1700,1000,700,0.5882352941176471,24,10,14,396.43510989520524,0.4218855218855219,0.46460035819493295,0.2225066909858946,129675.59880203506,-704.4197545630228,128971.17904747205,3640,1,991.4727272727273,37,18,17,35.2727912943625,0.6151463963963965,45.3673245614035,1018.5307017543846,27.527856804172558,4
3646,4,0,0,55,0.0,0.0,1.0,55,1500,900,600,0.6,21,9,12,397.24559619838107,0.42209595959595964,0.4560094550029554,0.2236675617792299,129799.4797373802,-687.5456570969585,129111.93408028324,3641,2,992.4727272727273,38,17,17,35.12572516949744,0.6145833333333335,45.24572649572649,1019.0170940170926,26.81623931623928,0
3647,4,1,1,55,0.017857142857142856,0.017857142857142856,0.9821428571428571,56,1300,900,400,0.6923076923076923,17,9,8,374.93003754478843,0.4239650974025974,0.4124304707638038,0.21294570093563267,130138.96869929718,-1432.4495249063975,128706.51917439079,3642,0,975.7321428571429,42,14,18,35.34880500158278,0.6116071428571428,44.91279069767443,1020.3488372093045,24.29401993355487,2
3648,4,1,1,55,0.017857142857142856,0.017857142857142856,0.9821428571428571,56,1650,1200,450,0.7272727272727273,21,12,9,380.34508099523714,0.42343749999999997,0.43480532055855625,0.2183478987503966,130555.17713758702,-1268.6200630807205,129286.5570745063,3643,0,976.5,39,17,18,34.78758961030136,0.6204594017094017,44.50520833333334,1021.9791666666683,26.20459401709406,0
3649,4,0,1,54,0.0,0.01818181818181818,0.9818181818181818,55,1250,900,350,0.72,16,9,7,380.0678049554292,0.42258698092031427,0.44742934255792277,0.21823100973611267,130562.68376981525,-1075.4654741032869,129487.21829571197,3644,1,995.0545454545454,38,17,18,34.787049620182586,0.6222587719298245,44.49786324786325,1022.0085470085476,26.89496176338283,0
3650,4,1,1,54,0.01818181818181818,0.01818181818181818,0.9818181818181818,55,1100,700,400,0.6363636363636364,15,7,8,375.13738589805627,0.42317620650953985,0.45447139805364345,0.21677371574978216,130808.47447083435,-1185.7701667397062,129622.70430409464,3645,0,995.709090909091,38,17,19,34.66362053959965,0.6247258771929824,44.25747863247864,1022.9700854700862,26.920265407107532,0
3651,4,2,1,55,0.03571428571428571,0.017857142857142856,0.9821428571428571,56,1300,700,600,0.5384615384615384,19,7,12,370.3136432268185,0.4239448051948052,0.45656517947972586,0.21539545046861747,131061.33355034761,-1493.2400173610727,129568.09353298655,3646,0,978.8928571428571,39,17,20,34.530773143438466,0.6255341880341878,44.010416666666686,1023.9583333333364,26.25534188034196,0
3652,4,0,0,55,0.0,0.0,1.0,55,1000,700,300,0.7,13,7,6,378.4354147689384,0.42226430976430973,0.4649079521730881,0.21945588822557086,130945.12473518885,-1089.145481773688,129855.97925341516,3647,1,997.6909090909091,38,17,20,34.44067501739735,0.6260964912280702,44.123931623931625,1023.5042735042737,26.93432298695457,0
3653,4,0,0,55,0.0,0.0,1.0,55,1250,700,550,0.56,18,7,11,378.7924051215018,0.4222362514029181,0.4657914706328725,0.22028801035706755,131054.49631090659,-1071.5104280809408,129982.98588282564,3648,2,998.6909090909091,38,17,20,34.32065595436839,0.6271929824561404,44.01709401709402,1023.9316239316241,26.945569050832216,0
3654,4,0,0,55,0.0,0.0,1.0,55,1250,800,450,0.64,17,8,9,378.26157598813586,0.42210998877665545,0.46484786830666747,0.2200184196428034,131061.33355034732,-1084.9066840277667,129976.42686631955,3649,3,999.6909090909091,39,16,20,34.32731434384537,0.625534188034188,44.01041666666667,1023.9583333333342,26.255341880341902,0
3655,4,0,0,55,0.0,0.0,1.0,55,1250,800,450,0.64,17,8,9,374.4731640962507,0.42163299663299664,0.45828904191893494,0.2185723186282866,131194.69536675367,-1174.2214626735893,130020.47390408008,3650,4,1000.6909090909091,39,16,20,34.2892094560244,0.626869658119658,43.88020833333334,1024.4791666666683,26.268696581196625,0
3656,4,0,0,55,0.0,0.0,1.0,55,1400,1100,300,0.7857142857142857,17,11,6,372.63602887480704,0.4214646464646465,0.45034424759950853,0.2178027698182696,131248.05908203125,-1218.4488932291656,130029.61018880208,3651,5,1001.6909090909091,39,16,20,34.28223797905866,0.6274038461538461,43.828125,1024.6875,26.27403846153846,0
3657,4,0,0,55,0.0,0.0,1.0,55,1550,1200,350,0.7741935483870968,19,12,7,373.62509651405543,0.4213524130190797,0.45416042780748667,0.2191590120706661,131384.32618690358,-1182.2548614718087,130202.07132543177,3652,6,1002.6909090909091,37,18,20,34.11898395721926,0.6323198198198199,43.695175438596486,1025.2192982456133,27.708629682313873,0
3658,4,0,0,55,0.0,0.0,1.0,55,1250,700,550,0.56,18,7,11,375.1868451313412,0.4212682379349046,0.4563174434894559,0.22133258357748162,131602.03904594926,-1124.9292314997429,130477.10981444952,3653,7,1003.6909090909091,38,17,19,33.85872206025269,0.6326754385964912,43.48290598290598,1026.0683760683758,27.001799370220414,0
3659,4,0,0,55,0.0,0.0,1.0,55,1450,900,550,0.6206896551724138,20,9,11,374.75783235998676,0.4217031425364759,0.4598569969356485,0.22235631386692567,131821.37573964507,-1119.781393819847,130701.59434582521,3654,8,1004.6909090909091,38,17,19,33.648044111527255,0.6348684210526315,43.269230769230774,1026.9230769230776,27.024291497975724,0
3660,4,0,0,55,0.0,0.0,1.0,55,1600,1100,500,0.6875,21,11,10,374.7287269029732,0.4214927048260382,0.461626037785805,0.22266019656645145,131876.23844875448,-1116.437011469062,130759.80143728541,3655,9,1005.6909090909091,38,17,19,33.59337077872547,0.6354166666666666,43.215811965811966,1027.1367521367522,27.02991452991453,0
3661,4,0,0,55,0.0,0.0,1.0,55,1500,1300,200,0.8666666666666667,17,13,4,371.4955132624544,0.4217171717171717,0.4591906377910331,0.22121810223189006,131958.55391418294,-1195.5978568558694,130762.95605732707,3656,10,1006.6909090909091,38,17,19,33.59328966067034,0.6362390350877192,43.13568376068376,1027.4572649572651,27.038349077822765,0
3662,4,0,0,55,0.0,0.0,1.0,55,1000,700,300,0.7,13,7,6,374.2665868995828,0.4218013468013468,0.46147276128569015,0.2236765900091794,132095.8034279349,-1112.1909014537118,130983.6125264812,3657,11,1007.6909090909091,38,17,20,33.3835654403104,0.6376096491228069,43.00213675213676,1027.9914529914536,27.05240665766983,0
3663,4,0,0,55,0.0,0.0,1.0,55,1100,700,400,0.6363636363636364,15,7,8,372.42266839136585,0.42160493827160495,0.4605871684425302,0.22289774630587716,132150.7232084155,-1156.8150065746195,130993.90820184088,3658,12,1008.6909090909091,38,17,20,33.37554551122195,0.6381578947368421,42.94871794871795,1028.2051282051282,27.058029689608635,0
3664,4,0,0,55,0.0,0.0,1.0,55,1650,1200,450,0.7272727272727273,21,12,9,373.86184326354623,0.4215347923681257,0.45859656080908806,0.22424722523976087,132233.12428090078,-1112.616083168963,131120.5081977318,3659,13,1009.6909090909091,38,17,20,33.25542744364806,0.6389802631578947,42.868589743589745,1028.5256410256413,27.06646423751688,0
3665,4,0,1,54,0.0,0.01818181818181818,0.9818181818181818,55,1500,1100,400,0.7333333333333333,19,11,8,364.3724696356275,0.4211840628507295,0.4150165623849833,0.21951219512195125,132398.00347222228,-1351.1515861275439,131046.85188609474,3660,14,1010.6909090909091,36,19,16,33.33333333333333,0.6443865740740742,42.708333333333336,1029.166666666667,28.587962962962973,2
3666,4,0,0,54,0.0,0.0,1.0,54,1350,900,450,0.6666666666666666,18,9,9,369.7199614409192,0.42061932215234105,0.41994737543298655,0.2234394549577729,132517.14677640595,-1001.1531207133148,131515.99365569264,3661,15,977.5925925925926,35,19,16,33.07572691846522,0.6476190476190476,42.59259259259259,1029.629629629629,29.417989417989403,0
3667,4,0,0,54,0.0,0.0,1.0,54,1200,700,500,0.5833333333333334,17,7,10,367.3254390290277,0.4206993943629164,0.412732600000832,0.22252069992643397,132606.53941883135,-1058.0489379715482,131548.4904808598,3662,16,978.5925925925926,35,19,17,33.0473695546316,0.6485119047619048,42.50578703703703,1029.976851851851,29.42791005291003,0
3668,4,0,0,54,0.0,0.0,1.0,54,1100,800,300,0.7272727272727273,14,8,6,362.8284166101677,0.4205902049848591,0.40726550305094333,0.22022841101221796,132680.2718144044,-1171.9654124345964,131508.3064019698,3663,17,979.5925925925926,37,17,15,33.08899176954731,0.6452702702702702,42.43421052631579,1030.2631578947367,27.84495021337126,0
3669,4,0,0,54,0.0,0.0,1.0,54,1250,400,850,0.32,21,4,17,361.53522911521577,0.4201097717214069,0.4126919967663705,0.22030496473671002,132827.1701388887,-1195.6597222222417,131631.51041666645,3664,18,980.5925925925926,39,15,15,32.974602533009985,0.6431623931623933,42.29166666666666,1030.8333333333317,26.43162393162389,0
3670,4,0,0,54,0.0,0.0,1.0,54,1900,1600,300,0.8421052631578947,22,16,6,361.75933969095865,0.4204737363149313,0.41043335801970393,0.22139313854263754,132988.2866753473,-1178.0490451388814,131810.23763020843,3665,19,981.5925925925926,39,15,15,32.80692452703158,0.6447649572649572,42.13541666666667,1031.4583333333342,26.447649572649595,0
3671,4,0,0,54,0.0,0.0,1.0,54,1850,1400,450,0.7567567567567568,23,14,9,367.8830787836787,0.41926537386443047,0.4111611864109086,0.22660591633468272,133230.1445855037,-997.3768446180297,132232.76774088567,3666,20,982.5925925925926,39,15,17,32.40601772441396,0.6471688034188033,41.90104166666668,1032.395833333335,26.47168803418808,0
3672,4,1,0,55,0.01818181818181818,0.0,1.0,55,950,500,450,0.5263157894736842,14,5,9,323.03896621118776,0.42185746352413017,0.31718877263329404,0.1944935850508019,132375.19490971256,-2447.091323747409,129928.10358596515,3667,0,965.709090909091,46,9,15,34.41968900758097,0.6286231884057971,42.7304964539007,1029.0780141843952,22.371261177921635,6
3673,4,0,0,55,0.0,0.0,1.0,55,1550,1200,350,0.7741935483870968,19,12,7,326.5263352122911,0.42164702581369246,0.33031273244720416,0.1832066922718064,129662.24598298677,-2475.019431841102,127187.22655114566,3668,1,966.709090909091,45,10,13,37.06643543223053,0.6027777777777779,45.380434782608695,1018.4782608695652,22.632850241545896,6
3674,4,0,0,55,0.0,0.0,1.0,55,1500,1000,500,0.6666666666666666,20,10,10,326.90559560833594,0.42178731762065097,0.3303245829561623,0.18385170697012793,129754.51585801283,-2516.504542113017,127238.01131589981,3669,2,967.709090909091,45,10,13,36.96323790896159,0.6037037037037037,45.28985507246376,1018.8405797101434,22.64090177133652,0
3675,4,0,0,55,0.0,0.0,1.0,55,1650,1300,350,0.7878787878787878,20,13,7,324.6339376323784,0.421226150392817,0.32663306842411366,0.18343773102359695,129939.15406427221,-2563.4681526990116,127375.6859115732,3670,3,968.709090909091,45,10,13,36.83405887230516,0.6055555555555555,45.108695652173914,1019.5652173913043,22.657004830917874,0
3676,4,1,0,56,0.017857142857142856,0.0,1.0,56,1850,1400,450,0.7567567567567568,23,14,9,321.35312331100744,0.42226731601731604,0.331687873872047,0.18331439301425478,130308.82430161731,-2824.5684336273866,127484.25586798992,3671,0,952.3928571428571,45,11,14,36.54372190678969,0.6092592592592592,44.7463768115942,1021.0144927536231,22.689210950080515,0
3677,4,0,1,55,0.0,0.017857142857142856,0.9821428571428571,56,1250,800,450,0.64,17,8,9,321.2384265740467,0.4221726190476191,0.33631480261490876,0.1836858264730707,130401.32390779263,-2822.0167769376035,127579.30713085503,3672,1,953.3928571428571,45,11,14,36.453160104055804,0.6101851851851852,44.65579710144928,1021.376811594204,22.6972624798712,0
3678,4,0,1,54,0.0,0.01818181818181818,0.9818181818181818,55,1750,1000,750,0.5714285714285714,25,10,15,332.05275119786336,0.42079124579124577,0.3414648300542429,0.19020939465519074,130470.72014971924,-2335.367684703834,128135.35246501541,3673,2,970.0,45,10,15,36.10683201820491,0.6108796296296295,44.587862318840585,1021.6485507246391,22.703301127214203,0
3679,4,1,1,54,0.01818181818181818,0.01818181818181818,0.9818181818181818,55,1300,900,400,0.6923076923076923,17,9,8,331.23244054432024,0.4252244668911336,0.33461102004791354,0.19105487170596402,130738.14194457023,-2339.057234294045,128399.08471027619,3674,0,936.3272727272728,46,9,14,35.85749682154415,0.6123188405797101,44.326241134751776,1022.6950354609933,22.232500770891157,0
3680,4,1,0,55,0.01818181818181818,0.0,1.0,55,1050,800,250,0.7619047619047619,13,8,5,333.40673695739247,0.4222923681257014,0.3443392511145065,0.19298799187373242,130874.17399149945,-2273.1337395000255,128601.04025199942,3675,0,937.3090909090909,46,9,15,35.66449344423266,0.613677536231884,44.19326241134752,1023.2269503546102,22.2440641381437,0
3681,4,0,0,55,0.0,0.0,1.0,55,1400,900,500,0.6428571428571429,19,9,10,330.732740492102,0.4219135802469136,0.33206935105428115,0.19189146842823163,130964.90131909866,-2337.123855691361,128627.7774634073,3676,1,938.3090909090909,46,9,16,35.64131156533288,0.6145833333333333,44.104609929078016,1023.5815602836881,22.251773049645394,0
3682,4,1,0,56,0.017857142857142856,0.0,1.0,56,1400,900,500,0.6428571428571429,19,9,10,327.51707230753397,0.42372159090909095,0.34278331800358264,0.19138670898604607,131239.16437596452,-2603.38662229938,128635.77775366514,3677,0,922.5357142857143,47,9,17,35.44702360781656,0.6161347517730495,43.83680555555556,1024.6527777777778,21.80112293144208,0
3683,4,0,0,56,0.0,0.0,1.0,56,2000,1500,500,0.75,25,15,10,325.57188321541224,0.4230925324675325,0.34066876434632354,0.19164109044953967,131518.00840192044,-2636.1964431155698,128881.81195880487,3678,1,923.5357142857143,44,12,19,35.21600619847145,0.6226325757575758,43.56481481481482,1025.7407407407409,23.312289562289564,0
3684,4,0,0,56,0.0,0.0,1.0,56,1250,900,350,0.72,16,9,7,349.475468006395,0.422754329004329,0.37734443053135913,0.1942846669594874,129299.92187969478,-2124.943400104671,127174.9784795901,3679,2,924.5357142857143,42,14,14,36.85054623983739,0.6031746031746031,45.736434108527135,1017.0542635658919,24.21557770394981,5
3685,4,1,0,57,0.017543859649122806,0.0,1.0,57,1500,700,800,0.4666666666666667,23,7,16,345.8756049362156,0.42584325396825395,0.3828984883182289,0.1941669105790156,129683.2135273188,-2429.1480142332284,127254.06551308557,3680,0,909.2982456140351,43,14,14,36.552466840213235,0.6056201550387597,45.35984848484849,1018.5606060606074,23.687455954897846,0
3686,4,1,0,58,0.017241379310344827,0.0,1.0,58,1250,800,450,0.64,17,8,9,346.3421290848092,0.42621370235934664,0.38875529546585996,0.19590476977971272,129979.1763117285,-2596.54706790122,127382.62924382728,3681,0,894.6034482758621,44,14,15,36.240125306456015,0.6072443181818181,45.06944444444445,1019.7222222222231,23.17550505050507,0
3687,4,0,0,58,0.0,0.0,1.0,58,1700,1100,600,0.6470588235294118,23,11,12,357.2152966223457,0.4262200040330712,0.3860525864590383,0.19923639464140266,129428.42306193287,-2352.0029250126167,127076.42013692026,3682,1,895.6034482758621,41,17,15,36.52292336940625,0.6059451219512195,45.61011904761904,1017.5595238095219,24.81852497096395,1
3688,4,0,0,58,0.0,0.0,1.0,58,1400,600,800,0.42857142857142855,22,6,16,355.7832549990363,0.4258545069570478,0.38553890593970097,0.1989091587953631,129521.75842985688,-2383.6654385253346,127138.09299133155,3683,2,896.6034482758621,42,16,15,36.46438204029827,0.605406746031746,45.518410852713174,1017.9263565891465,24.236341823551108,0
3689,4,1,1,58,0.01694915254237288,0.01694915254237288,0.9830508474576272,59,2050,1500,550,0.7317073170731707,26,15,11,346.34777376495697,0.4269554841223456,0.37789465904611697,0.19531743307400887,129861.179698217,-2804.5739026062865,127056.60579561073,3684,0,882.3898305084746,44,15,15,36.359730801841096,0.606060606060606,45.1851851851852,1019.2592592592614,23.164983164983212,0
3690,4,1,3,56,0.01694915254237288,0.05084745762711865,0.9491525423728814,59,1200,800,400,0.6666666666666666,16,8,8,343.6197925084924,0.42775910773426845,0.37197941228982834,0.19424749256178253,129955.5727023322,-2868.938614540445,127086.63408779175,3685,0,883.3728813559322,44,15,15,36.33346954837148,0.6070075757575757,45.0925925925926,1019.6296296296315,23.173400673400717,0
3691,4,0,0,56,0.0,0.0,1.0,56,1000,600,400,0.6,14,6,8,350.30962657158926,0.4235998376623376,0.38723091976516666,0.19084031895317938,128496.33487654335,-2196.5749314128802,126299.75994513047,3686,5,930.5,41,15,15,37.648401826484026,0.5965447154471544,46.527777777777786,1013.8888888888899,24.728997289972924,4
3692,4,3,1,58,0.05084745762711865,0.01694915254237288,0.9830508474576272,59,1600,1200,400,0.75,20,12,8,343.97087447947683,0.42861143580752,0.41285159156676343,0.19099141188594979,129251.82370401848,-2902.440397455297,126349.38330656318,3687,0,884.1355932203389,41,18,17,37.039430894308936,0.6041666666666667,45.78373015873015,1016.865079365078,24.80158730158727,0
3693,4,1,0,59,0.01694915254237288,0.0,1.0,59,1600,1100,500,0.6875,21,11,10,342.7008762574878,0.4292445938047926,0.4114017063215898,0.19065176800152023,129327.49438027502,-2935.8708703388997,126391.62350993612,3688,0,885.1186440677966,41,18,19,36.99476169576383,0.6049288617886179,45.709325396825385,1017.1626984126965,24.808846302748695,0
3694,4,0,1,58,0.0,0.01694915254237288,0.9830508474576272,59,900,400,500,0.4444444444444444,14,4,10,357.5386274133556,0.42914718488213516,0.3459490638033531,0.1973695891212461,129021.19171570896,-2431.194378742035,126589.99733696693,3689,1,886.1186440677966,46,13,15,36.929537521815014,0.5951086956521738,46.01063829787236,1015.9574468085146,22.086031452359013,8
3695,4,2,1,59,0.03333333333333333,0.016666666666666666,0.9833333333333333,60,1550,1000,550,0.6451612903225806,21,10,11,349.4545124716553,0.4315795668549906,0.358384126984127,0.19475968051764236,129398.4924283397,-2955.5938417684683,126442.89858657123,3690,0,872.2833333333333,42,18,16,36.750793650793646,0.6041666666666666,45.639534883720934,1017.4418604651167,24.2248062015504,0
3696,4,1,0,60,0.016666666666666666,0.0,1.0,60,1500,800,700,0.5333333333333333,22,8,14,350.41515087587464,0.4314971751412429,0.36158028213663074,0.1971436763755923,129768.46648526228,-2905.432647527188,126863.0338377351,3691,0,873.2666666666667,42,18,15,36.35025360595975,0.6078869047619048,45.276162790697676,1018.8953488372091,24.259413067552597,0
3697,4,2,3,59,0.03225806451612903,0.04838709677419355,0.9516129032258065,62,1400,900,500,0.6428571428571429,19,9,10,339.9988320952971,0.43571523003701745,0.35845331928526636,0.193375408441076,130193.24594524532,-3546.8896863841555,126646.35625886117,3692,0,846.0645161290323,45,17,15,36.18485769651785,0.6081018518518517,44.85960144927537,1020.5615942028994,22.679146537842207,0
3698,4,0,0,59,0.0,0.0,1.0,59,1450,1100,350,0.7586206896551724,18,11,7,356.47282228769507,0.4289036625754919,0.35996848318055674,0.20105831729996046,129867.2154336427,-2541.173438345062,127326.04199529764,3693,2,890.0169491525423,42,17,15,36.09559685648192,0.6088789682539684,45.17926356589147,1019.2829457364332,24.26864156515317,0
3699,4,0,1,58,0.0,0.01694915254237288,0.9830508474576272,59,1100,700,400,0.6363636363636364,15,7,8,352.6676857125975,0.42885495811416324,0.35700481224513436,0.19954165185157943,129990.70443482965,-2631.295820563665,127359.40861426598,3694,3,891.0169491525423,42,17,15,36.06716394273407,0.6101190476190477,45.05813953488372,1019.7674418604652,24.28017718715393,0
3700,4,2,0,60,0.03333333333333333,0.0,1.0,60,1650,1500,150,0.9090909090909091,18,15,3,343.50306560189347,0.4323917137476459,0.3674715205547303,0.19426685978997843,129972.73875114789,-3063.664211532451,126909.07453961544,3695,0,876.2666666666667,43,17,12,36.31903169886081,0.6085271317829457,45.07575757575758,1019.69696969697,23.713883016208605,2
3701,4,0,0,60,0.0,0.0,1.0,60,1550,1100,450,0.7096774193548387,20,11,9,346.4704535103522,0.4317973163841808,0.3708565416511944,0.19643051185334318,130069.31889921965,-2986.964818640937,127082.35408057872,3696,1,877.2666666666667,43,17,12,36.14540784750589,0.6094961240310077,44.981060606060616,1020.0757575757591,23.72269203664556,0
3702,4,1,1,60,0.01639344262295082,0.01639344262295082,0.9836065573770492,61,2250,1900,350,0.8444444444444444,26,19,7,345.2414335574919,0.43245673952641167,0.3818978574383187,0.1975860582281803,130435.75074364523,-3193.3479247090117,127242.40281893621,3697,0,863.8688524590164,42,19,14,35.805389552899506,0.6145833333333334,44.622093023255815,1021.5116279069769,24.32170542635659,0
3703,4,0,0,60,0.0,0.0,1.0,60,2050,1900,150,0.926829268292683,22,19,3,344.31237937297044,0.43202095103578153,0.3695518897737331,0.19781083756133389,130584.26852352617,-3007.6439591971675,127576.624564329,3698,1,848.9166666666666,42,18,11,35.67876216660346,0.6160714285714286,44.47674418604651,1022.0930232558136,24.335548172757466,0
3704,4,0,2,58,0.0,0.03333333333333333,0.9666666666666667,60,1550,1300,250,0.8387096774193549,18,13,5,343.7097107605086,0.43163841807909603,0.36223348810764744,0.19809768310516893,130708.09789262943,-3014.871495853633,127693.2263967758,3699,2,849.9166666666666,42,18,11,35.568874569632634,0.6173115079365081,44.35562015503875,1022.5775193798432,24.347083794758174,0
3705,4,0,0,58,0.0,0.0,1.0,58,1300,600,700,0.46153846153846156,20,6,14,347.2297846347968,0.4302530752167775,0.3650201484415603,0.19987023773495546,130658.55910289318,-2526.291332401928,128132.26777049125,3700,3,878.1896551724138,42,16,11,35.529017786623704,0.6168154761904763,44.40406976744185,1022.3837209302304,24.34246954595787,0
3706,4,1,2,57,0.01694915254237288,0.03389830508474576,0.9661016949152542,59,1150,700,450,0.6086956521739131,16,7,9,339.58451699292334,0.4322642704071693,0.3617659235469024,0.19690072208473772,130940.15438475645,-2906.950183654752,128033.20420110169,3701,0,864.2881355932203,43,16,11,35.43979768073032,0.618217054263566,44.12878787878787,1023.4848484848468,23.801973220577832,0
3707,4,1,1,57,0.017241379310344827,0.017241379310344827,0.9827586206896551,58,1800,1300,500,0.7222222222222222,23,13,10,337.4406621178279,0.4314125831820932,0.3771448666220223,0.1870067314614053,129176.17517203644,-2857.3549696030013,126318.82020243345,3702,0,860.2241379310345,41,17,18,37.28235499821087,0.6034044715447153,45.858134920634924,1016.5674603174607,24.79432830042587,4
3708,4,0,1,56,0.0,0.017543859649122806,0.9824561403508771,57,1500,1300,200,0.8666666666666667,17,13,4,348.11434033929066,0.42928936925647454,0.38398636062261216,0.1927928921413945,129149.73416121355,-2408.2250974948806,126741.50906371867,3703,1,876.1929824561404,40,17,18,37.03800906485369,0.6046875,45.88414634146341,1016.4634146341461,25.411585365853654,0
3709,4,0,1,55,0.0,0.017857142857142856,0.9821428571428571,56,1600,1100,500,0.6875,21,11,10,346.5677796974714,0.4291734307359307,0.37753943641915755,0.19232701185546852,129230.01284646145,-2242.5669641164973,126987.44588234495,3704,2,860.8214285714286,36,20,18,36.99560674862481,0.6125578703703705,45.80518018018019,1016.7792792792802,28.243868868868894,0
3710,4,1,1,55,0.017857142857142856,0.017857142857142856,0.9821428571428571,56,1000,600,400,0.6,14,6,8,339.71263409645087,0.4296875,0.3796249268938341,0.189723987345563,129480.2306959834,-2402.7859533702726,127077.44474261312,3705,0,859.8928571428571,37,19,15,36.915535444947196,0.6131756756756757,45.55921052631579,1017.7631578947369,27.507112375533428,0
3711,4,3,3,55,0.05172413793103448,0.05172413793103448,0.9482758620689655,58,950,700,250,0.7368421052631579,12,7,5,328.26808226326335,0.4330258116555757,0.3628162917110247,0.1847594005005319,129784.51063368063,-3079.1775173611045,126705.33311631953,3706,0,831.1896551724138,39,19,15,36.89812921692906,0.6127136752136751,45.26041666666667,1018.958333333334,26.12713675213677,0
3712,4,0,0,55,0.0,0.0,1.0,55,950,500,450,0.5263157894736842,14,5,9,348.5770495709615,0.4277216610549944,0.38079523408258087,0.19412352136370828,129368.6579043552,-1981.0109841489639,127387.64692020624,3707,5,877.5272727272727,37,18,19,36.80345979737013,0.6120495495495495,45.66885964912281,1017.3245614035088,27.49525841631105,0
3713,4,2,2,55,0.03508771929824561,0.03508771929824561,0.9649122807017544,57,1300,1000,300,0.7692307692307693,16,10,6,333.72753841878347,0.4307774644945697,0.3741966864903359,0.18788804198344422,129796.1605711713,-2736.689367274765,127059.47120389654,3708,0,847.7017543859649,40,17,15,36.74724078321865,0.6111979166666668,45.2489837398374,1019.0040650406507,25.47510162601627,0
3714,4,0,0,55,0.0,0.0,1.0,55,950,600,350,0.631578947368421,13,6,7,347.49363932262764,0.4277216610549944,0.38107396381955594,0.1943027814240606,129527.44904667967,-1998.007067718623,127529.44197896105,3709,7,879.5272727272727,38,17,15,36.66955289672544,0.611842105263158,45.512820512820504,1017.9487179487168,26.788124156545177,0
3715,4,0,0,55,0.0,0.0,1.0,55,2050,1200,850,0.5853658536585366,29,12,17,346.7272480509501,0.4276234567901234,0.3762432171262913,0.19541355961581225,129837.58680555577,-1996.3541666666501,127841.23263888911,3710,8,880.5272727272727,39,16,17,36.37401199236849,0.6132478632478633,45.20833333333334,1019.1666666666683,26.132478632478676,0
3716,4,1,0,56,0.017857142857142856,0.0,1.0,56,1200,800,400,0.6666666666666666,16,8,8,349.5783427471097,0.42989042207792205,0.38844797178130497,0.19904562780906865,130236.65229030348,-2094.4173854848223,128142.23490481866,3711,0,865.7857142857143,40,16,19,35.89643070489844,0.615625,44.81707317073171,1020.7317073170739,25.518292682926848,0
3717,4,0,0,56,0.0,0.0,1.0,56,1200,700,500,0.5833333333333334,17,7,10,317.26492916675477,0.4298295454545455,0.27492260810680014,0.18644500129600627,131455.2638908575,-2858.7684206521967,128596.4954702053,3712,1,866.7857142857143,41,15,17,35.49214391667472,0.626270325203252,43.62599206349207,1025.4960317460334,25.01209833526911,4
3718,4,1,1,56,0.017543859649122806,0.017543859649122806,0.9824561403508771,57,1250,1000,250,0.8,15,10,5,313.1570158309104,0.4309079991645781,0.27551841658138154,0.185339967916909,131725.7122844182,-3149.8338065620865,128575.87847785611,3713,0,852.561403508772,42,15,14,35.32561670127746,0.6274801587301586,43.362403100775204,1026.550387596901,24.44167589516431,0
3719,4,2,1,57,0.034482758620689655,0.017241379310344827,0.9827586206896551,58,1550,1100,450,0.7096774193548387,20,11,9,315.458611390836,0.43147559991933854,0.29568878174894286,0.18870160572288247,132130.1269531255,-3263.6827256944007,128866.4442274311,3714,0,838.8275862068965,43,15,16,34.8604778790949,0.6300872093023253,42.96875000000002,1028.1250000000039,23.909883720930324,0
3720,4,0,0,57,0.0,0.0,1.0,57,1100,700,400,0.6363636363636364,15,7,8,319.87623931684635,0.4297462406015038,0.3103097045157661,0.19131267751700953,132123.90049426156,-2947.3407172044526,129176.5597770571,3715,1,854.2456140350877,42,15,16,34.75318096135723,0.6314484126984126,42.97480620155041,1028.1007751938016,24.478589885566706,0
3721,4,0,0,57,0.0,0.0,1.0,57,1700,1200,500,0.7058823529411765,22,12,10,319.75159442993396,0.4296287593984962,0.31077694235588926,0.19149006321052298,132173.71627306088,-2947.4486959917926,129226.26757706908,3716,2,855.2456140350877,42,15,17,34.70638585249404,0.6319444444444443,42.926356589147304,1028.2945736434137,24.483204134366993,0
3722,4,0,0,57,0.0,0.0,1.0,57,1400,700,700,0.5,21,7,14,320.2451147320734,0.42940685045948207,0.3085237391534983,0.19256297158564997,132326.54320987704,-2924.614197530819,129401.92901234623,3717,3,856.2456140350877,44,13,18,34.540361771058315,0.630681818181818,42.7777777777778,1028.888888888893,23.383838383838476,0
3723,4,0,3,54,0.0,0.05263157894736842,0.9473684210526316,57,1800,1500,300,0.8333333333333334,21,15,6,321.1313321818567,0.42872807017543857,0.3088696984860724,0.1937182363298049,132447.8708930504,-2893.3291748459155,129554.54171820448,3718,4,857.2456140350877,42,15,19,34.395886284477086,0.634672619047619,42.65988372093024,1029.3604651162798,24.508582502768565,0
3724,4,1,0,55,0.01818181818181818,0.0,1.0,55,1650,1200,450,0.7272727272727273,21,12,9,326.2550320658683,0.42483164983164984,0.32665529929103476,0.1969584907525176,132476.45767235113,-2355.777810826887,130120.67986152424,3719,0,887.6545454545454,40,15,21,34.23535702533728,0.6380208333333333,42.63211382113821,1029.4715447154472,25.73678861788618,0
3725,4,0,0,55,0.0,0.0,1.0,55,1350,1100,250,0.8148148148148148,16,11,5,329.31977720383884,0.42464927048260387,0.32997164698704395,0.19908520182752348,132528.77338224594,-2271.130775332146,130257.6426069138,3720,1,888.6545454545454,40,15,21,34.103993946571926,0.6385416666666668,42.58130081300813,1029.6747967479669,25.741869918699173,0
3726,4,0,0,55,0.0,0.0,1.0,55,1150,500,650,0.43478260869565216,18,5,13,329.2434850679814,0.4244248035914702,0.330582333009378,0.19956422098428792,132627.8278238379,-2266.630350056682,130361.19747378121,3721,2,889.6545454545454,41,14,14,34.00660936145624,0.6379573170731707,42.48511904761905,1030.059523809524,25.12340301974449,0
3727,4,0,0,55,0.0,0.0,1.0,55,1450,1000,450,0.6896551724137931,19,10,9,331.4649507532665,0.42410213243546574,0.33028640432625456,0.201733413788851,132781.1547796202,-2197.540214002265,130583.61456561794,3722,3,890.6545454545454,41,14,15,33.795661276349975,0.6394817073170731,42.336309523809526,1030.6547619047622,25.13792102206737,0
3728,4,0,1,54,0.0,0.01818181818181818,0.9818181818181818,55,800,500,300,0.625,11,5,6,330.4995456318129,0.4242564534231201,0.329036661125208,0.2012831347663854,132806.71788391282,-2221.488016502897,130585.22986740991,3723,4,891.6545454545454,41,14,15,33.79491498235484,0.6397357723577235,42.31150793650794,1030.7539682539682,25.140340689121174,0
3729,4,0,1,53,0.0,0.018518518518518517,0.9814814814814815,54,1150,700,450,0.6086956521739131,16,7,9,338.9170588402374,0.423669345446075,0.3347339549390629,0.20617623837425594,132764.3218838819,-1800.7813016392358,130963.54058224267,3724,10,909.0925925925926,40,14,15,33.620533806659445,0.6408854166666667,42.35264227642276,1030.5894308943086,25.764735772357717,0
3730,4,0,0,53,0.0,0.0,1.0,53,1650,1200,450,0.7272727272727273,21,12,9,346.35623560826207,0.42220004837929365,0.3415677883680217,0.21075329613211233,132773.48632812503,-1402.6150173611118,131370.8713107639,3725,11,926.8301886792453,39,14,16,33.419665116905854,0.6426282051282051,42.34375,1030.6250000000002,26.426282051282058,0
3731,4,0,0,53,0.0,0.0,1.0,53,1550,900,650,0.5806451612903226,22,9,13,344.6053103790344,0.42162554426705373,0.33415340169565466,0.21074349463019276,132961.42713758687,-1436.1572265624945,131525.26991102437,3726,12,927.8301886792453,39,14,16,33.2762052654614,0.6444978632478633,42.161458333333336,1031.3541666666672,26.444978632478644,0
3732,4,0,0,53,0.0,0.0,1.0,53,1700,1100,600,0.6470588235294118,23,11,12,340.7049379009941,0.42179184808901793,0.3354322007472774,0.20155940494348676,131709.72620819142,-1615.7263654159751,130093.99984277545,3727,13,928.8301886792453,41,12,16,34.634737121871076,0.6288109756097562,43.37797619047618,1026.4880952380938,25.036295005807165,3
3733,4,1,1,53,0.018518518518518517,0.018518518518518517,0.9814814814814815,54,1550,1200,350,0.7741935483870968,19,12,7,332.8530536566832,0.42342184952247847,0.3328095208163091,0.19855115225437478,132024.2971050419,-2011.0619103419167,130013.23519469997,3728,0,912.6111111111111,42,12,16,34.51976868439249,0.6304563492063492,43.071705426356594,1027.7131782945746,24.469361387966064,0
3734,4,1,1,53,0.018518518518518517,0.018518518518518517,0.9814814814814815,54,1200,700,500,0.5833333333333334,17,7,10,334.16354411666845,0.42378581411600275,0.332122415286902,0.20001917100434324,132154.46815455696,-1967.7589101239691,130186.70924443299,3729,0,913.5925925925926,43,11,17,34.35523730582672,0.6303294573643411,42.94507575757576,1028.2196969696972,23.91208597603947,0
3735,4,0,0,53,0.0,0.0,1.0,53,1150,700,450,0.6086956521739131,16,7,9,338.6007723050384,0.42171625544267055,0.3367311009549556,0.20251151038085996,132123.90049426112,-1652.549050537833,130471.35144372328,3730,1,931.4905660377359,42,11,17,34.271913289349655,0.6314484126984127,42.974806201550386,1028.1007751937982,24.478589885566624,0
3736,4,0,1,52,0.0,0.018867924528301886,0.9811320754716981,53,1050,800,250,0.7619047619047619,13,8,5,336.8966263993582,0.4217767295597484,0.33529818646722953,0.2016249352917986,132148.80720997832,-1695.9025336518291,130452.90467632649,3731,2,932.4905660377359,42,11,17,34.29067320076649,0.6316964285714286,42.950581395348834,1028.1976744186043,24.480897009966768,0
3737,4,0,0,52,0.0,0.0,1.0,52,1650,1200,450,0.7272727272727273,21,12,9,342.6066926142375,0.41977752639517346,0.33672030401092545,0.20501014793614059,132142.8768266565,-1345.3932035777382,130797.48362307875,3732,3,950.1923076923077,41,11,17,34.149861700759025,0.633130081300813,42.9563492063492,1028.1746031746025,25.07742934572201,0
3738,4,0,0,52,0.0,0.0,1.0,52,1200,900,300,0.75,15,9,6,348.51402478925917,0.4192276269482152,0.34358145952803065,0.20924967707237013,132270.40939350295,-1180.3814523494384,131090.0279411535,3733,4,951.1923076923077,41,11,17,33.86968769087345,0.6344004065040649,42.83234126984128,1028.6706349206363,25.08952768099113,0
3739,4,2,3,51,0.037037037037037035,0.05555555555555555,0.9444444444444444,54,1800,1500,300,0.8333333333333334,21,15,6,332.9671510278882,0.42188591893780575,0.3327509210877042,0.20283998876131382,132816.6943969366,-1955.096195922245,130861.59820101435,3734,0,916.925925925926,40,14,15,33.72132669492917,0.64140625,42.30182926829269,1030.7926829268313,25.76981707317078,0
3740,4,1,1,51,0.019230769230769232,0.019230769230769232,0.9807692307692307,52,950,500,450,0.5263157894736842,14,5,9,341.01959764313864,0.420146744595274,0.3292728172149393,0.20664801639707758,132618.00219382375,-1354.9324503250514,131263.0697434987,3735,0,937.1346153846154,38,14,19,33.713221311758815,0.6428179824561402,42.49465811965813,1030.0213675213695,27.10582546108867,0
3741,4,0,1,50,0.0,0.0196078431372549,0.9803921568627451,51,1800,1300,500,0.7222222222222222,23,13,10,346.91057765396863,0.4184150326797385,0.3374192328108505,0.21021777995989402,132618.00219382363,-998.6824503250627,131619.31974349858,3736,7,956.5098039215686,38,13,21,33.56152542958891,0.6428179824561402,42.494658119658126,1030.0213675213686,27.105825461088646,0
3742,4,0,1,49,0.0,0.02,0.98,50,1250,1000,250,0.8,15,10,5,345.8383882895654,0.4182057823129252,0.33604231487243275,0.20972161886087998,132645.51487508227,-825.2177843523913,131820.29709072987,3737,8,973.34,38,12,15,33.56150176311969,0.6430921052631577,42.46794871794872,1030.1282051282058,27.108636977058048,0
3743,4,1,1,49,0.02,0.02,0.98,50,1300,1100,200,0.8461538461538461,15,11,4,344.96370556839685,0.416641156462585,0.34226376958059546,0.21005636102149497,132800.32687717036,-837.7414279513692,131962.58544921898,3738,0,973.48,39,11,15,33.42860451406433,0.6428952991452991,42.31770833333334,1030.7291666666686,26.42895299145304,0
3744,4,0,0,49,0.0,0.0,1.0,49,1550,1100,450,0.7096774193548387,20,11,9,352.5838957868655,0.41622378117913833,0.3486990483524941,0.21444036940479894,132755.5941358028,-438.50308641971566,132317.09104938307,3739,10,994.3469387755102,38,11,16,33.27717879604672,0.644188596491228,42.36111111111113,1030.5555555555582,27.11988304093574,0
3745,4,0,0,49,0.0,0.0,1.0,49,1350,1000,350,0.7407407407407407,17,10,7,349.11830000477005,0.41622378117913833,0.34114793856103365,0.2127385897073407,132827.1701388893,-525.5208333332932,132301.64930555603,3740,11,995.3469387755102,39,10,16,33.29459714362706,0.6431623931623931,42.291666666666686,1030.8333333333367,26.431623931624017,0
3746,4,0,0,49,0.0,0.0,1.0,49,1050,800,250,0.7619047619047619,13,8,5,346.8264137962114,0.4156746031746032,0.33193622938618716,0.21179732696907502,132907.71620008722,-580.818684895793,132326.89751519143,3741,12,996.3469387755102,39,10,16,33.27282637976899,0.643963675213675,42.213541666666686,1031.1458333333367,26.43963675213684,0
3747,4,0,0,49,0.0,0.0,1.0,49,850,400,450,0.47058823529411764,13,4,9,347.54319250326694,0.41565688775510207,0.33118485248861607,0.2125401574413128,132961.42713758713,-558.0322265624665,132403.39491102466,3742,13,997.3469387755102,39,10,17,33.200455341211345,0.6444978632478631,42.16145833333335,1031.3541666666692,26.444978632478698,0
3748,4,1,0,50,0.02,0.0,1.0,50,1250,1000,250,0.8,15,10,5,341.86570051039587,0.417108843537415,0.3312069304981293,0.21046495671421853,133209.8174449734,-892.0264888624333,132317.79095611096,3743,0,978.38,40,10,18,33.09788672310822,0.6453125,41.92073170731708,1032.317073170733,25.807926829268325,0
3749,4,0,0,50,0.0,0.0,1.0,50,1200,900,300,0.75,15,9,6,341.3352281491095,0.4169727891156463,0.32902076567266936,0.21058331834991562,133288.51176754938,-900.7870852336289,132387.72468231575,3744,1,979.38,40,10,18,33.03275596233966,0.6460937499999999,41.844512195121965,1032.6219512195146,25.815548780487866,0
3750,4,0,0,50,0.0,0.0,1.0,50,850,800,50,0.9411764705882353,9,8,1,367.00013842997043,0.4169727891156463,0.299960305646521,0.21364878076018598,131093.85456945296,-351.306885782247,130742.54768367071,3745,2,980.38,40,10,20,34.582671760775376,0.6242187499999998,43.97865853658538,1024.0853658536605,25.602134146341513,7
3751,4,0,1,49,0.0,0.02,0.98,50,1200,600,600,0.5,18,6,12,366.6095716847091,0.41676870748299316,0.29869457395099674,0.2140006422787237,131197.94894118933,-380.315226551629,130817.6337146377,3746,3,981.38,40,10,20,34.48731937969118,0.6252604166666667,43.877032520325216,1024.491869918701,25.612296747967527,0
3752,4,0,0,49,0.0,0.0,1.0,49,550,300,250,0.5454545454545454,8,3,5,372.75247171036483,0.4149305555555556,0.30375384819780793,0.2169644493418946,131088.0004882814,-27.324761284708302,131060.67572699669,3747,18,1002.3469387755102,39,10,20,34.441329298477605,0.6258012820512819,43.98437500000001,1024.0625000000011,26.25801282051285,0
3753,4,0,0,49,0.0,0.0,1.0,49,750,600,150,0.8,9,6,3,372.0706166951418,0.41446995464852604,0.30244092756077423,0.21701912482681088,131168.01757812526,-39.246961805524336,131128.77061631973,3748,19,1003.3469387755102,39,10,20,34.377754050572854,0.6266025641025641,43.906250000000014,1024.375000000002,26.266025641025692,0
3754,4,0,0,49,0.0,0.0,1.0,49,1800,1500,300,0.8333333333333334,21,15,6,372.46348073236805,0.41381448412698413,0.30628836900613887,0.2181571815718157,131328.12500000015,-17.013888888874817,131311.11111111127,3749,20,1004.3469387755102,39,10,20,34.20562330623306,0.6282051282051282,43.75000000000001,1025.0000000000011,26.28205128205131,0
3755,4,0,0,49,0.0,0.0,1.0,49,1100,900,200,0.8181818181818182,13,9,4,374.750011159399,0.4140093537414966,0.30896806969152046,0.22014209198258178,131440.53939673756,51.468721144976655,131492.00811788253,3750,21,1005.3469387755102,37,12,20,34.0332727402338,0.6328828828828829,43.640350877192986,1025.438596491229,27.71455666192511,0
3756,4,2,1,50,0.0392156862745098,0.0196078431372549,0.9803921568627451,51,1300,1000,300,0.7692307692307693,16,10,6,371.2561962002563,0.4186764705882353,0.32025443560754097,0.21523635623187526,130935.05333371805,-467.4861495844856,130467.56718413357,3751,0,966.8823529411765,37,14,19,34.63457967288052,0.6278153153153152,44.13377192982456,1023.4649122807016,27.661213845424367,2
3757,4,0,0,50,0.0,0.0,1.0,50,1700,1300,400,0.7647058823529411,21,13,8,377.3770514872623,0.4160119047619048,0.3220798943545724,0.2185612024770397,130895.62694028488,-120.59885053972764,130775.02808974516,3752,1,987.22,36,14,19,34.51794688382673,0.6293402777777778,44.1722972972973,1023.3108108108108,28.4253003003003,0
3758,4,0,0,50,0.0,0.0,1.0,50,1100,700,400,0.6363636363636364,15,7,8,377.2905368381749,0.4169387755102041,0.32040915090189137,0.21933027883201342,131039.71370018685,-111.99121418713935,130927.72248599971,3753,2,988.22,36,14,20,34.374083443320146,0.630787037037037,44.03153153153154,1023.8738738738753,28.44094094094098,0
3759,4,0,0,50,0.0,0.0,1.0,50,1350,1200,150,0.8888888888888888,15,12,3,379.0163469181592,0.41681972789115646,0.31824876900021426,0.22102189219160054,131159.5935768697,-57.67399584488797,131101.91958102482,3754,3,989.22,37,13,20,34.20841361592808,0.6300675675675675,43.91447368421052,1024.342105263157,27.68492176386911,0
3760,4,0,0,50,0.0,0.0,1.0,50,1600,1100,500,0.6875,21,11,10,379.8641032177248,0.41623299319727897,0.3151879869030145,0.22266421986759694,131357.78523930474,-20.16212913861642,131337.6231101661,3755,4,990.22,35,15,21,33.98594802604343,0.6360119047619047,43.72106481481482,1025.115740740741,29.289021164021175,0
3761,4,0,0,50,0.0,0.0,1.0,50,1050,700,350,0.6666666666666666,14,7,7,382.17774358085956,0.41622448979591836,0.31359819413092627,0.22454209602960282,131446.78605109724,47.20721879285264,131493.99326989008,3756,5,991.22,35,15,21,33.83653122648609,0.6369047619047619,43.63425925925925,1025.4629629629617,29.29894179894176,0
3762,4,0,0,50,0.0,0.0,1.0,50,1100,900,200,0.8181818181818182,13,9,4,382.2691556172684,0.41617346938775507,0.31610202008802624,0.22477020490541566,131476.45968632106,51.87904556754853,131528.33873188862,3757,6,992.22,35,15,21,33.8041464469774,0.637202380952381,43.60532407407407,1025.578703703703,29.302248677248656,0
3763,4,0,0,50,0.0,0.0,1.0,50,650,300,350,0.46153846153846156,10,3,7,380.70087539519284,0.41649659863945576,0.3117806364251856,0.2240219892265736,131506.13667052466,12.90027006172238,131519.03694058637,3758,7,993.22,35,15,21,33.81431956668922,0.6375,43.576388888888886,1025.6944444444443,29.305555555555554,0
3764,4,1,1,50,0.0196078431372549,0.0196078431372549,0.9803921568627451,51,750,500,250,0.6666666666666666,10,5,5,370.40010451513854,0.4200816993464052,0.3025802438886478,0.21935839206674537,131749.92696069946,-439.96265677900806,131309.96430392045,3759,0,974.7254901960785,37,14,17,33.83208284381786,0.6359797297297298,43.338815789473685,1026.6447368421054,27.747155049786635,0
3765,4,0,0,50,0.0,0.0,1.0,50,1200,800,400,0.6666666666666666,16,8,8,377.3817599449385,0.41612244897959183,0.3030424099989317,0.223163023047667,131693.6476247499,-60.24389716066827,131633.40372758923,3760,9,995.22,37,13,17,33.70978438913221,0.6354166666666667,43.39364035087719,1026.425438596491,27.74122807017543,0
3766,4,0,0,50,0.0,0.0,1.0,50,1000,600,400,0.6,14,6,8,375.012166949679,0.41559523809523813,0.29580476343052386,0.2220897482068214,131749.92696069946,-118.43487900123077,131631.49208169823,3761,10,996.22,37,13,17,33.713709103207655,0.6359797297297298,43.338815789473685,1026.6447368421054,27.747155049786635,0
3767,4,0,0,50,0.0,0.0,1.0,50,1300,1000,300,0.7692307692307693,16,10,6,374.2076172906516,0.41550170068027215,0.29473322932917334,0.2225112084260734,131903.67408366175,-128.12808185407647,131775.54600180767,3762,11,997.22,38,12,17,33.57904316172647,0.6356907894736843,43.18910256410255,1027.2435897435873,27.032726045883877,0
3768,4,0,2,48,0.0,0.04,0.96,50,1200,900,300,0.75,15,9,6,376.53977706335877,0.4154081632653061,0.295882719900187,0.22438411250281187,131985.99810979614,-60.404339250494104,131925.59377054565,3763,12,998.22,38,12,17,33.43600540652942,0.6365131578947368,43.10897435897436,1027.5641025641023,27.041160593792167,0
3769,4,0,0,48,0.0,0.0,1.0,48,1150,1000,150,0.8695652173913043,13,10,3,388.5872696339805,0.41150450650118203,0.29866155681373074,0.22978935129776956,131693.64762474992,634.8949917282221,132328.54261647814,3764,35,1037.7708333333333,37,11,17,33.4222438842004,0.6354166666666667,43.39364035087719,1026.4254385964912,27.74122807017544,0
3770,4,1,0,49,0.02040816326530612,0.0,1.0,49,1200,900,300,0.75,15,9,6,381.47243413297514,0.4144522392290249,0.3064025360612117,0.22732353602794006,131985.99810979606,269.8039940828238,132255.80210387887,3765,0,1017.5714285714286,38,11,18,33.30928987315449,0.636513157894737,43.10897435897435,1027.5641025641016,27.04116059379215,0
3771,4,0,0,49,0.0,0.0,1.0,49,700,500,200,0.7142857142857143,9,5,4,381.56131377929796,0.41392077664399096,0.3058955266612522,0.22820164838397652,132123.26189139075,282.62507761705643,132405.8869690078,3766,1,1018.5714285714286,38,11,18,33.16836398905401,0.6378837719298246,42.975427350427346,1028.0982905982896,27.0552181736392,0
3772,4,0,0,49,0.0,0.0,1.0,49,1500,1100,400,0.7333333333333333,19,11,8,380.6789455088025,0.4131944444444444,0.3033422423968066,0.22819934602358274,132210.46142578125,265.94780815972126,132476.40923394097,3767,2,1019.5714285714286,39,10,18,33.10301242445727,0.6370192307692308,42.890625,1028.4375,26.370192307692307,0
3773,4,0,0,49,0.0,0.0,1.0,49,1550,1100,450,0.7096774193548387,20,11,9,386.6317823741982,0.4125035430839002,0.3065046243216387,0.2327565739228948,132371.20361328125,435.7828776041665,132806.9864908854,3768,3,1020.5714285714286,39,10,18,32.78766828626379,0.6386217948717949,42.734375,1029.0625,26.38621794871795,0
3774,4,0,0,49,0.0,0.0,1.0,49,800,500,300,0.625,11,5,6,386.1897830489971,0.41229095804988664,0.3011208859911576,0.2328347372736038,132426.97934420907,428.3974225756581,132855.37676678473,3769,4,1021.5714285714286,36,13,18,32.74275164113786,0.6446759259259259,42.68018018018018,1029.2792792792793,28.59109109109109,0
3775,4,0,0,49,0.0,0.0,1.0,49,1300,700,600,0.5384615384615384,19,7,12,383.54802789852494,0.4118657879818594,0.30540378881211283,0.2319552359195841,132542.91453615774,367.314696453204,132910.22923261093,3770,5,1022.5714285714286,36,13,18,32.6937973899096,0.6458333333333335,42.567567567567565,1029.7297297297293,28.60360360360359,0
3776,4,0,1,48,0.0,0.02040816326530612,0.9795918367346939,49,850,500,350,0.5882352941176471,12,5,7,380.6342555109408,0.41170634920634924,0.30233977973175863,0.23051563907248646,132595.5597515581,294.08243401814934,132889.64218557623,3771,6,1023.5714285714286,37,12,18,32.71574133219773,0.6444256756756757,42.51644736842105,1029.9342105263152,27.836059743954465,0
3777,4,1,1,48,0.02040816326530612,0.02040816326530612,0.9795918367346939,49,1250,900,350,0.72,16,9,7,374.9619775900786,0.4121315192743764,0.3043401809186608,0.22845220682594478,132821.51870046544,160.6038636888197,132982.12256415427,3772,0,1023.3877551020408,37,12,16,32.63427206325568,0.646677927927928,42.297149122807014,1030.8114035087713,27.859767662399225,0
3778,4,0,0,48,0.0,0.0,1.0,48,1600,1200,400,0.75,20,12,8,382.2647436471678,0.40947288711583923,0.3097859744990892,0.23225248369001225,132716.91243608468,546.5993020047026,133263.51173808938,3773,8,1045.7083333333333,36,12,16,32.551457194899825,0.6475694444444444,42.398648648648646,1030.405405405405,28.62237237237236,0
3779,4,0,0,48,0.0,0.0,1.0,48,1100,800,300,0.7272727272727273,14,8,6,381.27956499816474,0.4095559988179669,0.31109072537757965,0.23247668418370562,132849.77709487517,530.5810441674153,133380.3581390426,3774,9,1046.7083333333333,37,11,17,32.44300857973481,0.6469594594594594,42.26973684210525,1030.9210526315776,27.8627311522048,0
3780,4,0,0,48,0.0,0.0,1.0,48,1500,1000,500,0.6666666666666666,20,10,10,380.32057658918086,0.4085124852245863,0.3141478843291521,0.23259397551351302,132962.84072983972,513.7008502615937,133476.54158010133,3775,10,1047.7083333333333,37,11,17,32.35390530866822,0.6480855855855856,42.16008771929823,1031.3596491228052,27.874585111427166,0
3781,4,0,0,48,0.0,0.0,1.0,48,1200,900,300,0.75,15,9,6,382.72536905918855,0.40808769208037826,0.31845238095238115,0.2344192885487527,133019.39058171728,581.9790704832026,133601.3696522005,3776,11,1048.7083333333333,37,11,17,32.234977324263035,0.6486486486486487,42.105263157894726,1031.5789473684197,27.88051209103837,0
3782,4,0,0,48,0.0,0.0,1.0,48,750,500,250,0.6666666666666666,10,5,5,378.8959898631366,0.4083739657210402,0.3156880977683316,0.2324257669238666,133075.95245652494,484.3889465989354,133560.3414031239,3777,12,1049.7083333333333,37,11,17,32.27683315621679,0.6492117117117118,42.05043859649122,1031.798245614034,27.886439070649566,0
3783,4,0,0,48,0.0,0.0,1.0,48,1400,1000,400,0.7142857142857143,18,10,8,377.98107228533587,0.40791223404255317,0.3111233577676269,0.23239293490671858,133160.8178117303,466.45374057399556,133627.27155230427,3778,13,1050.7083333333333,37,11,18,32.215088175926894,0.6500563063063064,41.96820175438595,1032.1271929824543,27.89532954006633,0
3784,4,0,0,48,0.0,0.0,1.0,48,900,500,400,0.5555555555555556,13,5,8,378.55240257370895,0.4077460106382979,0.31401303538175074,0.2336582071058408,133306.67529585777,492.7124424720363,133799.3877383298,3779,14,1051.7083333333333,38,10,18,32.05371922201531,0.649671052631579,41.826923076923066,1032.692307692306,27.176113360323843,0
3785,4,1,1,48,0.02040816326530612,0.02040816326530612,0.9795918367346939,49,1150,900,250,0.782608695652174,14,9,5,371.5317307201709,0.4094033446712018,0.30912240672666647,0.23053054042048707,133501.31539901363,120.30313812730904,133621.61853714095,3780,0,1031.2244897959183,36,13,19,32.039564490937494,0.6553819444444446,41.6385135135135,1033.445945945944,28.706831831831778,0
3786,4,0,0,48,0.0,0.0,1.0,48,1350,900,450,0.6666666666666666,18,9,9,378.62122588997136,0.40742279846335694,0.31515520588345103,0.23493460222178958,133502.12358807004,509.3475383658978,134011.47112643594,3781,16,1053.7083333333333,35,13,19,31.855587598461927,0.6574404761904762,41.637731481481474,1033.4490740740732,29.527116402116377,0
3787,4,0,0,48,0.0,0.0,1.0,48,1350,1300,50,0.9629629629629629,14,13,1,383.0362642536912,0.4071919326241135,0.3211356511029002,0.2380582377209265,133561.9363667052,631.8130304783891,134193.7493971836,3782,17,1054.7083333333333,35,13,19,31.681432650319113,0.6580357142857143,41.57986111111111,1033.680555555555,29.53373015873014,0
3788,4,0,0,48,0.0,0.0,1.0,48,1500,1200,300,0.8,18,12,6,386.97201541701384,0.4063515809692671,0.32022917132841044,0.24187104012568322,133771.38658479083,753.1566143690019,134524.54319915985,3783,18,1055.7083333333333,35,13,15,31.369340642947712,0.6601190476190476,41.37731481481482,1034.490740740741,29.556878306878318,0
3789,4,0,1,47,0.0,0.020833333333333332,0.9791666666666666,48,1050,600,450,0.5714285714285714,15,6,9,389.58605468222146,0.40634234633569744,0.3233501118568234,0.2439005132254244,133831.2596450617,827.7584876543195,134659.01813271604,3784,19,1056.7083333333333,35,13,15,31.241610738255034,0.6607142857142857,41.31944444444444,1034.7222222222222,29.563492063492063,0
3790,4,0,0,47,0.0,0.0,1.0,47,1650,1400,250,0.8484848484848485,19,14,5,394.53223271059215,0.4073003391921061,0.31251850963479977,0.2472724368387297,133872.32320011352,1163.3893140589726,135035.71251417248,3785,20,1032.3617021276596,34,13,17,31.07241458644886,0.6632965686274509,41.27976190476191,1034.8809523809537,30.43767507002805,0
3791,4,1,0,48,0.020833333333333332,0.0,1.0,48,1350,900,450,0.6666666666666666,18,9,9,390.9000885996886,0.40793070330969267,0.31667843691148745,0.2477854280627778,134288.02958363772,898.6405324243177,135186.67011606204,3786,0,1011.8333333333334,36,12,18,30.749311893379677,0.6631944444444444,40.87837837837838,1036.4864864864867,28.791291291291298,0
3792,4,0,0,48,0.0,0.0,1.0,48,750,500,250,0.6666666666666666,10,5,5,390.63816720970345,0.4073766252955083,0.3205248545742996,0.2480513009380618,134351.7732018503,896.5860889888925,135248.3592908392,3787,1,1012.8333333333334,37,11,18,30.692204301075265,0.6618806306306307,40.81688596491227,1036.7324561403489,28.01979611190132,0
3793,4,0,0,48,0.0,0.0,1.0,48,1450,1200,250,0.8275862068965517,17,12,5,394.4624335432884,0.40692412825059104,0.31839841335256613,0.25089465137425637,134412.26189823923,1004.1175852874364,135416.37948352666,3788,2,1013.8333333333334,38,10,18,30.532445566316365,0.6606359649122808,40.758547008547,1036.9658119658102,27.28857399910027,0
3794,4,0,0,48,0.0,0.0,1.0,48,1500,1000,500,0.6666666666666666,20,10,10,395.71035094257684,0.4065639775413712,0.3214865073643016,0.25226210093903306,134495.36494858988,1044.2416127912725,135539.60656138114,3789,3,1014.8333333333334,38,10,19,30.416795413190513,0.6614583333333335,40.67841880341879,1037.2863247863231,27.297008547008502,0
3795,4,0,2,46,0.0,0.041666666666666664,0.9583333333333334,48,1250,1000,250,0.8,15,10,5,392.37236823628405,0.4064346926713948,0.31934520294476565,0.25073334655521656,134582.5692792437,961.3533576553084,135543.92263689902,3790,4,1015.8333333333334,33,15,20,30.416002322743196,0.6726641414141414,40.594362745098046,1037.622549019609,31.44310754604876,0
3796,4,0,0,46,0.0,0.0,1.0,46,1350,1000,350,0.7407407407407407,17,10,7,401.5660643614255,0.4037238325281804,0.322333947032998,0.2557692567613229,134463.1688276114,1599.1691015339666,136062.33792914537,3791,5,1032.8478260869565,36,10,20,30.2972312703583,0.6649305555555556,40.70945945945946,1037.1621621621623,28.810060060060064,0
3797,4,0,0,46,0.0,0.0,1.0,46,1150,700,450,0.6086956521739131,16,7,9,374.60978147762717,0.4033615136876006,0.2484221598877976,0.23225806451612901,133472.2222222223,800.0570672023473,134272.27928942465,3792,6,1033.8478260869565,38,8,21,31.98924731182795,0.6513157894736842,41.66666666666667,1033.3333333333342,27.192982456140374,4
3798,4,1,1,46,0.02127659574468085,0.02127659574468085,0.9787234042553191,47,750,400,350,0.5333333333333333,11,4,7,365.2049746006536,0.4057392846130126,0.23929206573675277,0.2280808426279554,133741.45507812503,368.6089409722216,134110.06401909725,3793,0,1012.8297872340426,35,12,17,31.962277609936216,0.6598214285714286,41.40625,1034.3750000000002,29.553571428571434,0
3799,4,0,0,46,0.0,0.0,1.0,46,1100,700,400,0.6363636363636364,15,7,8,373.18215830349357,0.40318035426731075,0.24447396852279035,0.23249716891795058,133651.6806520061,775.2845293209784,134426.96518132708,3794,8,1035.8478260869565,35,11,22,31.846037609133642,0.6589285714285715,41.49305555555555,1034.0277777777771,29.543650793650777,0
3800,4,0,0,46,0.0,0.0,1.0,46,1450,800,650,0.5517241379310345,21,8,13,375.9650466195217,0.40328099838969406,0.24981032973446138,0.23537307540465852,133831.2596450617,863.1751543209848,134694.4347993827,3795,9,1036.8478260869565,35,11,17,31.593959731543627,0.6607142857142857,41.31944444444444,1034.7222222222222,29.563492063492063,0
3801,4,0,0,46,0.0,0.0,1.0,46,950,900,50,0.9473684210526315,10,9,1,374.635916771781,0.4029488727858293,0.24862535186616674,0.23511361429403765,133921.0943528163,834.3303915894999,134755.42474440578,3796,10,1037.8478260869565,35,11,18,31.538284132841326,0.6616071428571428,41.232638888888886,1035.0694444444441,29.57341269841269,0
3802,4,0,0,46,0.0,0.0,1.0,46,1350,900,450,0.6666666666666666,18,9,9,371.1538518869286,0.40267713365539454,0.2520074528756937,0.233405507130535,133996.384475692,746.6548474149898,134743.039323107,3797,11,1038.8478260869565,36,10,18,31.552960263940246,0.6603009259259258,41.15990990990991,1035.360360360361,28.760010010010028,0
3803,4,0,0,46,0.0,0.0,1.0,46,1900,1500,400,0.7894736842105263,23,15,8,370.9996666980181,0.4019323671497585,0.24072216880661368,0.23485049229490743,134238.1204433094,760.459588527232,134998.58003183664,3798,12,1039.8478260869565,37,9,20,31.314918174443626,0.6607545045045045,40.926535087719294,1036.2938596491222,28.00794215267898,0
3804,4,0,0,46,0.0,0.0,1.0,46,1400,1100,300,0.7857142857142857,17,11,6,373.77393094458284,0.4014694041867955,0.242535574751783,0.23737580012344459,134356.8741325152,843.8193987873499,135200.69353130253,3799,13,1040.8478260869565,38,8,20,31.124192772739757,0.6600877192982456,40.81196581196581,1036.752136752137,27.282950967161497,0
3805,4,0,0,46,0.0,0.0,1.0,46,1100,700,400,0.6363636363636364,15,7,8,378.6373949254624,0.4020028180354267,0.24289732644752093,0.24101201262566982,134439.9600614545,980.7992503104718,135420.75931176497,3800,14,1041.8478260869565,38,8,20,30.91497544727173,0.6609100877192982,40.73183760683761,1037.0726495726499,27.291385515069734,0
3806,4,0,0,46,0.0,0.0,1.0,46,1150,1000,150,0.8695652173913043,13,10,3,378.6373949254624,0.4016304347826087,0.24289732644752093,0.24101201262566982,134439.9600614545,980.7992503104718,135420.75931176497,3801,15,1042.8478260869565,38,8,20,30.91497544727173,0.6609100877192982,40.73183760683761,1037.0726495726499,27.291385515069734,0
3807,4,0,0,46,0.0,0.0,1.0,46,1300,1000,300,0.7692307692307693,16,10,6,376.91224451015285,0.40113727858293075,0.24409863047189106,0.24046566579606757,134523.76437717024,940.7307942708433,135464.49517144109,3802,16,1043.8478260869565,39,7,21,30.875861866987982,0.6599893162393162,40.65104166666667,1037.3958333333342,26.599893162393183,0
3808,4,0,0,46,0.0,0.0,1.0,46,950,600,350,0.631578947368421,13,6,7,375.6391025951194,0.40100644122383255,0.24140038414527676,0.23983111934919163,134550.78125,908.5205078125001,135459.3017578125,3803,17,1044.8478260869565,34,12,21,30.881860776439083,0.6700367647058822,40.625,1037.5,30.514705882352942,0
3809,4,0,0,46,0.0,0.0,1.0,46,1000,700,300,0.7,13,7,6,348.2842253085625,0.4012177938808374,0.18909549032590278,0.22132900769608646,134380.19390581717,177.86145737150164,134558.05536318867,3804,18,1045.8478260869565,37,9,20,31.761579949238577,0.6621621621621622,40.78947368421053,1036.842105263158,28.02275960170697,5
3810,4,0,0,46,0.0,0.0,1.0,46,1050,800,250,0.7619047619047619,13,8,5,347.66114253764647,0.40027173913043473,0.1899031722908231,0.22179514966612773,134522.34251163815,153.63825888734723,134675.9807705255,3805,19,1046.8478260869565,37,9,20,31.63590441461439,0.6635698198198199,40.65241228070175,1037.3903508771928,28.03757705073494,0
3811,4,0,0,46,0.0,0.0,1.0,46,1100,900,200,0.8181818181818182,13,9,4,336.2685263113989,0.40027173913043473,0.17005979946944816,0.2081764820378509,133417.0284991601,-227.21048834829102,133189.8180108118,3806,20,1047.8478260869565,38,8,21,33.034944846604624,0.650767543859649,41.72008547008548,1033.1196581196596,27.187359424201567,3
3812,4,0,0,46,0.0,0.0,1.0,46,1300,800,500,0.6153846153846154,18,8,10,331.8313319114053,0.39955716586151374,0.1659150539270613,0.20652393588070223,133613.88991083784,-332.5335755303305,133281.3563353075,3807,21,1048.8478260869565,37,9,21,32.95274772863859,0.6545608108108107,41.52960526315789,1033.8815789473676,27.942745376955884,0
3813,4,0,0,46,0.0,0.0,1.0,46,1400,1200,200,0.8571428571428571,16,12,4,332.397569568092,0.39994967793880837,0.1709997418593503,0.20735276958771443,133698.92659279777,-311.76034933826236,133387.1662434595,3808,22,1049.8478260869565,37,9,22,32.85314178682499,0.6554054054054055,41.44736842105263,1034.2105263157891,27.951635846372678,0
3814,4,0,0,46,0.0,0.0,1.0,46,1000,700,300,0.7,13,7,6,333.0552969922953,0.39965780998389694,0.16773280732964024,0.20808236237253724,133755.63274276702,-290.39560249307414,133465.23714027394,3809,23,1050.8478260869565,37,9,18,32.779485548724466,0.6559684684684685,41.39254385964912,1034.4298245614034,27.957562825983874,0
3815,4,0,1,45,0.0,0.021739130434782608,0.9782608695652174,46,800,400,400,0.5,12,4,8,335.94788459986836,0.3992049114331723,0.17094568442781566,0.21021248269790177,133812.35091566638,-209.2047553093215,133603.14616035705,3810,24,1051.8478260869565,37,9,18,32.64801469549245,0.6565315315315314,41.33771929824562,1034.6491228070176,27.96348980559507,0
3816,4,1,1,45,0.021739130434782608,0.021739130434782608,0.9782608695652174,46,1050,700,350,0.6666666666666666,14,7,7,330.17602495278004,0.40071457326892107,0.165214699707513,0.20779649570404837,134024.7872379282,-349.6457009277579,133675.14153700043,3811,0,1046.5217391304348,38,8,18,32.58529371302792,0.6567982456140351,41.13247863247863,1035.470085470085,27.24921277552855,0
3817,4,0,0,45,0.0,0.0,1.0,45,1300,1100,200,0.8461538461538461,15,11,4,338.56980584166945,0.3990740740740741,0.16353409117654016,0.21283462761365127,133982.57757194512,72.49105493996936,134055.0686268851,3812,26,1070.7777777777778,37,8,19,32.41015321612652,0.6582207207207207,41.17324561403508,1035.3070175438588,27.981270744428617,0
3818,4,0,0,45,0.0,0.0,1.0,45,1300,1000,300,0.7692307692307693,16,10,6,335.2765875739873,0.39814814814814814,0.16667354377278065,0.2113245279546314,134080.10651800703,-9.215885017180625,134070.89063298985,3813,27,1071.7777777777778,38,7,20,32.398046901863694,0.6573464912280702,41.07905982905982,1035.6837606837596,27.25483580746736,0
3819,4,0,0,45,0.0,0.0,1.0,45,1450,1200,250,0.8275862068965517,17,12,5,333.04401131364665,0.3973063973063973,0.1707896294806921,0.210603228260448,134199.7734917537,-61.11382378469901,134138.659667969,3814,28,1072.7777777777778,39,6,21,32.3364875506853,0.6567841880341879,40.96354166666668,1036.145833333335,26.567841880341923,0
3820,4,0,1,44,0.0,0.022222222222222223,0.9777777777777777,45,750,400,350,0.5333333333333333,11,4,7,332.9634669834548,0.3970117845117845,0.16925430808233055,0.21086273284649237,134253.7448459203,-59.68153211803656,134194.06331380227,3815,29,1073.7777777777778,39,6,21,32.28475642443127,0.6573183760683761,40.91145833333334,1036.354166666668,26.573183760683797,0
3821,4,0,0,44,0.0,0.0,1.0,44,800,500,300,0.625,11,5,6,337.1988026109416,0.3954589499647639,0.17858548378028938,0.21382371130270292,134301.497781065,257.26084812622764,134558.75862919123,3816,87,1098.5227272727273,38,6,22,32.12739641311071,0.6595394736842106,40.86538461538461,1036.538461538461,27.277327935222658,0
3822,4,0,0,44,0.0,0.0,1.0,44,850,400,450,0.47058823529411764,13,4,9,336.6473248305698,0.394985465116279,0.18164254601658025,0.2139595473137316,134384.56658859312,248.04096811309503,134632.6075567062,3817,88,1099.5227272727273,38,6,22,32.0588614116435,0.660361842105263,40.785256410256416,1036.858974358975,27.285762483130924,0
3823,4,0,0,44,0.0,0.0,1.0,44,850,500,350,0.5882352941176471,12,5,7,336.33201389606353,0.39441287878787884,0.18547224224945924,0.2144088984187053,134495.36494859017,247.01939056907918,134742.38433915924,3818,89,1100.5227272727273,38,6,22,31.956603838363037,0.6614583333333333,40.67841880341881,1037.2863247863254,27.297008547008563,0
3824,4,0,0,44,0.0,0.0,1.0,44,1100,900,200,0.8181818181818182,13,9,4,336.9579812502849,0.39422568710359407,0.18442093436944096,0.21497122194088492,134523.07167251082,265.72453247133194,134788.79620498215,3819,90,1101.5227272727273,38,6,22,31.912761757638158,0.6617324561403508,40.651709401709404,1037.3931623931628,27.299820062977968,0
3825,4,0,0,44,0.0,0.0,1.0,44,950,700,250,0.7368421052631579,12,7,5,338.5606436703858,0.3938953488372093,0.18932190366421753,0.21666507723733616,134636.11549948063,316.50083852547493,134952.6163380061,3820,91,1102.5227272727273,37,7,22,31.75856224687446,0.6646959459459458,40.54276315789474,1037.8289473684213,28.04943100995733,0
3826,4,0,0,44,0.0,0.0,1.0,44,1000,700,300,0.7,13,7,6,338.9585360248401,0.39366411205074,0.18896981860433826,0.21725934059222524,134693.02002779723,331.069776277341,135024.08980407458,3821,92,1103.5227272727273,37,7,22,31.69155575507904,0.6652590090090089,40.48793859649124,1038.048245614037,28.055357989568563,0
3827,4,0,0,44,0.0,0.0,1.0,44,1150,700,450,0.6086956521739131,16,7,9,338.2013338403159,0.3934328752642706,0.18433810118076166,0.2172840319856035,134778.3993632659,316.446887503878,135094.84625076977,3822,93,1104.5227272727273,37,7,22,31.626187961985224,0.6661036036036034,40.40570175438598,1038.3771929824584,28.06424845898536,0
3828,4,0,0,44,0.0,0.0,1.0,44,1600,1300,300,0.8125,19,13,6,338.3848039997424,0.39254096194503174,0.1838328408611225,0.21842877402599203,134949.23918898136,332.9543705755766,135282.19355955694,3823,94,1105.5227272727273,37,7,17,31.451385957506687,0.6677927927927927,40.241228070175445,1039.0350877192993,28.0820293978189,0
3829,4,0,0,44,0.0,0.0,1.0,44,1150,700,450,0.6086956521739131,16,7,9,339.45676491567303,0.3921996124031008,0.18630032518921413,0.21929323524920497,134977.72301333115,363.8202379578498,135341.543251289,3824,95,1106.5227272727273,37,7,17,31.395198023284433,0.6680743243243242,40.21381578947369,1039.1447368421063,28.084992887624495,0
3830,4,0,0,44,0.0,0.0,1.0,44,950,700,250,0.7368421052631579,12,7,5,335.88316590817675,0.3916160147991543,0.18225025924645655,0.21775343687225004,135105.5720491821,275.93745434293237,135381.50950352504,3825,96,1107.5227272727273,38,6,17,31.36089987325728,0.6674890350877192,40.09081196581198,1039.6367521367545,27.358861898335643,0
3831,4,0,0,44,0.0,0.0,1.0,44,1000,700,300,0.7,13,7,6,323.8897254642459,0.391318710359408,0.1305189842637302,0.20826029767565876,134808.22074200035,-67.40047871001846,134740.82026329034,3826,97,1108.5227272727273,41,3,16,31.968061393453063,0.6595528455284554,40.37698412698412,1038.4920634920622,25.32907471931859,4
3832,4,0,0,44,0.0,0.0,1.0,44,900,500,400,0.5555555555555556,13,5,8,324.32297177500106,0.39136275546159266,0.13277831793874584,0.20913239904112113,134911.26543209862,-49.03549382717321,134862.22993827146,3827,98,1109.5227272727273,41,3,16,31.854389483065944,0.660569105691057,40.27777777777777,1038.8888888888878,25.33875338753385,0
3833,4,0,0,44,0.0,0.0,1.0,44,1000,800,200,0.8,12,8,4,329.07458672987974,0.3912085976039465,0.12914938659355557,0.2131052855226006,135065.90628149404,89.3514581758605,135155.2577396699,3828,99,1110.5227272727273,41,3,16,31.57727301647897,0.6620934959349594,40.12896825396825,1039.4841269841268,25.35327138985675,0
3834,4,0,0,44,0.0,0.0,1.0,44,700,400,300,0.5714285714285714,10,4,6,328.9872385059145,0.39108747357293866,0.13000520471894506,0.21335311012017236,135117.47291509205,90.38485764676835,135207.85777273882,3829,100,1111.5227272727273,41,3,16,31.52830788804071,0.6626016260162602,40.07936507936508,1039.6825396825402,25.358110723964394,0
3835,4,0,0,44,0.0,0.0,1.0,44,1250,800,450,0.64,17,8,9,329.4396803429919,0.390900281888654,0.12901190672343987,0.2141051561708358,135194.84131905073,107.70906163390958,135302.55038068464,3830,101,1112.5227272727273,41,3,16,31.439692041082395,0.6633638211382114,40.004960317460316,1039.9801587301583,25.365369725125813,0
3836,4,0,0,44,0.0,0.0,1.0,44,1650,1100,550,0.6666666666666666,22,11,11,330.89140122218794,0.39025061663143057,0.13233305596005862,0.2158202124389494,135323.83786848068,155.4988662131492,135479.33673469382,3831,102,1113.5227272727273,41,3,17,31.273836765827614,0.6646341463414633,39.88095238095238,1040.4761904761901,25.377468060394882,0
3837,4,0,0,44,0.0,0.0,1.0,44,1400,1100,300,0.7857142857142857,17,11,6,328.7234380921137,0.3899202783650458,0.12772770604038475,0.21471412612616889,135375.45371157714,100.21691546988203,135475.67062704702,3832,103,1114.5227272727273,41,3,17,31.27899586908167,0.6651422764227642,39.8313492063492,1040.6746031746025,25.382307394502497,0
3838,4,0,0,44,0.0,0.0,1.0,44,1100,900,200,0.8181818181818182,13,9,4,328.619200004721,0.38920454545454547,0.12504439343410256,0.21541901961583687,135504.53637762982,105.87846828546759,135610.41484591528,3833,104,1115.5227272727273,41,3,17,31.1536247419406,0.6664126016260162,39.70734126984127,1041.1706349206354,25.394405729771595,0
3839,4,0,0,44,0.0,0.0,1.0,44,1450,1100,350,0.7586206896551724,18,11,7,326.9974303548784,0.38829060958421424,0.11662906368577541,0.21529722777788124,135661.50427578719,72.37719487175832,135733.88147065893,3834,105,1116.5227272727273,38,6,19,31.040192458893095,0.6729714912280702,39.55662393162393,1041.7735042735046,27.415092217723807,0
3840,4,0,1,43,0.0,0.022727272727272728,0.9772727272727273,44,600,400,200,0.6666666666666666,8,4,4,326.8870917885237,0.38853285764622975,0.11479684572579041,0.21555982462565748,135717.160276956,72.83756574622521,135789.99784270223,3835,106,1117.5227272727273,38,6,19,30.987901158617873,0.6735197368421052,39.50320512820513,1041.98717948718,27.420715249662628,0
3841,4,0,0,43,0.0,0.0,1.0,43,650,300,350,0.46153846153846156,10,3,7,326.01945023140286,0.38697397563676633,0.10339254555336286,0.2154909049090491,135800.66568047326,254.73167324128156,136055.39735371454,3836,107,1110.9302325581396,38,5,20,30.92776240262404,0.6743421052631579,39.42307692307692,1042.3076923076915,27.42914979757083,0
3842,4,0,0,43,0.0,0.0,1.0,43,700,300,400,0.42857142857142855,11,3,8,326.01945023140286,0.38697397563676633,0.10339254555336286,0.2154909049090491,135800.66568047326,254.73167324128156,136055.39735371454,3837,108,1111.9302325581396,38,5,20,30.92776240262404,0.6743421052631579,39.42307692307692,1042.3076923076915,27.42914979757083,0
3843,4,0,0,43,0.0,0.0,1.0,43,1150,800,350,0.6956521739130435,15,8,7,323.6994736744575,0.3867201919527501,0.10027326975628781,0.2142582230511887,135850.78125000015,194.96527777779215,136045.74652777793,3838,109,1112.9302325581396,39,4,20,30.938582467359453,0.673076923076923,39.37500000000001,1042.5000000000011,26.73076923076926,0
3844,4,0,0,43,0.0,0.0,1.0,43,1200,1000,200,0.8333333333333334,14,10,4,326.06615990814834,0.3866971207087486,0.09776222898997111,0.21631864326311978,135932.2387695314,264.58062065973684,136196.81939019114,3839,110,1113.9302325581396,39,4,15,30.796228315519585,0.6738782051282051,39.29687500000001,1042.8125000000011,26.73878205128208,0
3845,4,0,0,43,0.0,0.0,1.0,43,950,700,250,0.7368421052631579,12,7,5,322.1902044586635,0.38607419712070873,0.09348767546354808,0.21440098987731035,136040.8867730037,166.2082248264083,136207.0949978301,3840,111,1114.9302325581396,39,4,15,30.78975287069396,0.6749465811965811,39.19270833333334,1043.2291666666686,26.74946581196586,0
3846,4,0,0,43,0.0,0.0,1.0,43,600,500,100,0.8333333333333334,7,5,2,324.19019482729675,0.38614341085271314,0.0914653200788027,0.21647810798935901,136163.49911593646,228.57426135239015,136392.07337728885,3841,112,1115.9302325581396,40,3,17,30.616277182732894,0.6744791666666665,39.07520325203253,1043.6991869918713,26.092479674796785,0
3847,4,0,0,43,0.0,0.0,1.0,43,1150,1000,150,0.8695652173913043,13,10,3,324.2573273897266,0.3857511997046881,0.09515984835624991,0.21733490143049197,136296.11512864372,239.00280504330306,136535.11793368703,3842,113,1116.9302325581396,40,3,17,30.483373884833743,0.67578125,38.94817073170732,1044.2073170731712,26.10518292682928,0
3848,4,0,0,43,0.0,0.0,1.0,43,1150,900,250,0.782608695652174,14,9,5,322.700488101653,0.3857281284606866,0.0995313535983493,0.21661612777404882,136349.1796074592,199.98936231740618,136549.1689697766,3843,114,1117.9302325581396,40,3,17,30.47156271285395,0.6763020833333333,38.89735772357724,1044.4105691056911,26.11026422764228,0
3849,4,0,0,43,0.0,0.0,1.0,43,1200,900,300,0.75,15,9,6,323.6586104385759,0.385358988556663,0.09629477123147878,0.217585798345201,136402.25441412197,229.55282487277,136631.80723899475,3844,115,1118.9302325581396,40,3,18,30.394088270584025,0.6768229166666666,38.84654471544716,1044.6138211382122,26.115345528455304,0
3850,4,0,0,43,0.0,0.0,1.0,43,850,500,350,0.5882352941176471,12,5,7,323.31188193988027,0.3852897748246586,0.09584173107764782,0.2176797287638447,136455.33954863177,223.52652604270153,136678.86607467447,3845,116,1119.9302325581396,40,3,18,30.350687352073397,0.67734375,38.795731707317074,1044.8170731707319,26.120426829268297,0
3851,4,0,0,43,0.0,0.0,1.0,43,950,600,350,0.631578947368421,13,6,7,323.6741316321012,0.38478220745662606,0.09756625202812308,0.21844375251404125,136539.41213348758,238.85513117282676,136778.26726466042,3846,117,1120.9302325581396,41,2,18,30.258167220376507,0.6765752032520326,38.71527777777777,1045.1388888888882,25.491192411924104,0
3852,4,0,0,43,0.0,0.0,1.0,43,900,700,200,0.7777777777777778,11,7,4,323.61358960403203,0.3847591362126246,0.09626702149491262,0.21904711758746895,136643.11623086722,243.91386763037505,136887.0300984976,3847,118,1121.9302325581396,41,2,20,30.157332289591047,0.677591463414634,38.61607142857142,1045.5357142857133,25.500871080139348,0
3853,4,0,0,43,0.0,0.0,1.0,43,1250,1000,250,0.8,15,10,5,321.2053168784367,0.3849437061646364,0.09413035275723591,0.21822880043760717,136774.06724048188,186.5336660206949,136960.60090650257,3848,119,1122.9302325581396,40,3,22,30.091040836814674,0.68046875,38.49085365853659,1046.0365853658539,26.150914634146346,0
3854,4,0,0,43,0.0,0.0,1.0,43,1650,1400,250,0.8484848484848485,19,14,5,299.99501558188604,0.38498984865263935,0.09841590832490721,0.18132804525444385,132522.68962952954,-648.7707319271649,131873.9188976024,3849,120,1123.9302325581396,42,1,18,34.864953886692994,0.6354166666666666,42.58720930232558,1029.6511627906982,24.515503875969006,8
3855,4,1,1,43,0.022727272727272728,0.022727272727272728,0.9772727272727273,44,500,200,300,0.4,8,2,6,295.3341536133086,0.3881804968287526,0.10119599635728682,0.17942662900426626,132714.93454610015,-960.9494267963773,131753.98511930378,3850,0,1099.3636363636363,43,1,14,34.792777165089,0.6359011627906976,42.40056818181818,1030.3977272727268,23.962737843551785,0
3856,4,0,0,43,0.0,0.0,1.0,43,1550,1100,450,0.7096774193548387,20,11,9,300.86789991583856,0.3850129198966408,0.10231245487759533,0.18233898381444474,132622.4808079441,-619.6305435370572,132002.85026440705,3851,122,1125.9302325581396,42,1,18,34.742670116023824,0.6364087301587302,42.490310077519375,1030.0387596899216,24.52473237356956,0
3857,4,0,0,43,0.0,0.0,1.0,43,1150,1000,150,0.8695652173913043,13,10,3,300.3067969570673,0.3843207825765966,0.10827490585266242,0.18248357021951164,132722.30954419807,-628.5176672074942,132093.79187699058,3852,123,1126.9302325581396,42,1,14,34.65730988652751,0.6374007936507936,42.39341085271318,1030.4263565891474,24.533960871170176,0
3858,4,0,0,43,0.0,0.0,1.0,43,1150,800,350,0.6956521739130435,15,8,7,301.90944989249704,0.3845284237726098,0.10596064131656147,0.18394689163553157,132822.1758382909,-579.9459918274207,132242.22984646348,3853,124,1127.9302325581396,42,1,15,34.51619978692737,0.6383928571428572,42.29651162790697,1030.8139534883715,24.543189368770747,0
3859,4,0,0,43,0.0,0.0,1.0,43,1100,700,400,0.6363636363636364,15,7,8,303.40799457779366,0.38319029162052415,0.1040098416034998,0.18547796015459278,132947.06152161837,-532.5597357430377,132414.50178587533,3854,125,1128.9302325581396,42,1,16,34.35278273669705,0.6396329365079365,42.17538759689923,1031.2984496124036,24.554724990771515,0
3860,4,0,1,42,0.0,0.023255813953488372,0.9767441860465116,43,1550,1200,350,0.7741935483870968,19,12,7,305.011496306816,0.38309800664451826,0.1093715536124149,0.187208497070391,133097.00180465414,-480.77686512228763,132616.22493953185,3855,126,1129.9302325581396,42,1,18,34.16165837167811,0.6411210317460316,42.03003875968992,1031.8798449612402,24.568567737172387,0
3861,4,1,1,42,0.023255813953488372,0.023255813953488372,0.9767441860465116,43,850,500,350,0.5882352941176471,12,5,7,302.99672561074567,0.38736618678479146,0.1167766603813114,0.18684798079329315,133272.03893996755,-523.8017171444096,132748.23722282314,3856,0,1124.5348837209303,42,1,18,34.03892173423422,0.6428571428571428,41.860465116279066,1032.5581395348836,24.58471760797342,0
3862,4,0,0,42,0.0,0.0,1.0,42,650,600,50,0.9230769230769231,7,6,1,305.7621675855521,0.38421893147502906,0.11484714958338471,0.18839945992083154,133241.66710955236,-251.94781037412702,132989.71929917825,3857,128,1152.3095238095239,41,1,19,33.99785000480446,0.6440548780487804,41.88988095238096,1032.440476190478,25.181475029036047,0
3863,4,0,0,42,0.0,0.0,1.0,42,1000,600,400,0.6,14,6,8,301.9674861418723,0.3837833914053426,0.1149859809450624,0.18657468832184176,133344.11144376747,-346.8827751007697,132997.2286686667,3858,129,1153.3095238095239,41,1,19,33.99359251432779,0.6450711382113821,41.79067460317461,1032.8373015873026,25.191153697251284,0
3864,4,0,0,42,0.0,0.0,1.0,42,700,400,300,0.5714285714285714,10,4,6,303.3949011446408,0.3833841463414634,0.12039170506912433,0.18810483870967748,133472.2222222223,-301.04166666665674,133171.18055555565,3859,130,1154.3095238095239,41,1,19,33.82896505376344,0.646341463414634,41.66666666666667,1033.3333333333342,25.203252032520346,0
3865,4,0,0,42,0.0,0.0,1.0,42,850,700,150,0.8235294117647058,10,7,3,305.92494988055626,0.3835414246999613,0.11844426770516203,0.1899360028519449,133523.48375692873,-230.3669847568612,133293.11677217187,3860,131,1155.3095238095239,41,1,19,33.71248480194535,0.6468495934959348,41.617063492063494,1033.5317460317463,25.208091366627958,0
3866,4,0,0,42,0.0,0.0,1.0,42,1300,900,400,0.6923076923076923,17,9,8,309.07121621273086,0.3832026713124274,0.12302348962617615,0.1921552549484881,133574.7551335351,-143.17759511210693,133431.577538423,3861,132,1156.3095238095239,41,1,19,33.580054382597574,0.6473577235772356,41.56746031746032,1033.7301587301602,25.212930700735612,0
3867,4,0,0,42,0.0,0.0,1.0,42,950,700,250,0.7368421052631579,12,7,5,309.4837741317737,0.3824888695315525,0.12535114765330602,0.19308009247897917,133702.97663336177,-124.21963577096389,133578.7569975908,3862,133,1157.3095238095239,41,1,17,33.44154676258994,0.6486280487804879,41.44345238095239,1034.2261904761913,25.225029036004667,0
3868,4,0,0,42,0.0,0.0,1.0,42,650,400,250,0.6153846153846154,9,4,5,308.40052249898645,0.38206542779713515,0.13266219239373633,0.1930742766905421,133831.25964506183,-145.27391975307438,133685.98572530877,3863,134,1158.3095238095239,41,1,17,33.341722595078295,0.6498983739837398,41.31944444444445,1034.722222222223,25.237127371273733,0
3869,4,1,0,43,0.023255813953488372,0.0,1.0,43,700,400,300,0.5714285714285714,10,4,6,303.23237146585825,0.38549741602067183,0.13797709882143572,0.19122423708546077,134098.7632673068,-467.3828007631602,133631.38046654363,3864,0,1132.3488372093022,42,1,19,33.209179218511245,0.6510416666666665,41.061046511627914,1035.7558139534895,24.660852713178322,0
3870,4,0,0,43,0.0,0.0,1.0,43,1300,1100,200,0.8461538461538461,15,11,4,305.01539869541534,0.38471299372462164,0.1328412802658301,0.1930079688549573,134224.2475286945,-411.9075250886081,133812.3400036059,3865,1,1133.3488372093022,42,1,19,33.03819119755624,0.6522817460317459,40.93992248062017,1036.2403100775218,24.67238833517909,0
3871,4,0,0,43,0.0,0.0,1.0,43,1150,600,550,0.5217391304347826,17,6,11,306.92582676012614,0.38399778516057587,0.13612226311087516,0.19488423860573242,134349.7904742054,-352.91589673095336,133996.87457747443,3866,2,1134.3488372093022,42,1,19,32.86385799295884,0.6535218253968254,40.81879844961241,1036.7248062015512,24.683923957179793,0
3872,4,0,0,43,0.0,0.0,1.0,43,1150,900,250,0.782608695652174,14,9,5,312.88526742765896,0.3830518641565153,0.14272805077787254,0.1996275132944288,134525.64918724826,-181.78125563368545,134343.86793161457,3867,3,1135.3488372093022,42,1,19,32.53452114079332,0.6552579365079365,40.649224806201545,1037.403100775193,24.700073827980788,0
3873,4,1,0,44,0.022727272727272728,0.0,1.0,44,900,500,400,0.5555555555555556,13,5,8,309.31480234205526,0.38428250528541225,0.1549856655753279,0.1989937605943663,134827.38886635387,-459.1762251367447,134368.21264121713,3868,0,1110.5227272727273,42,2,19,32.32743204577966,0.6582341269841271,40.35852713178293,1038.5658914728656,24.727759320782514,0
3874,4,0,0,44,0.0,0.0,1.0,44,900,500,400,0.5555555555555556,13,5,8,307.0252764400232,0.3834896934460888,0.15294805921554677,0.19807009711130708,134928.0438750673,-514.7360059491948,134413.30786911809,3869,1,1111.5227272727273,42,2,19,32.28700335758253,0.6592261904761907,40.26162790697673,1038.9534883720905,24.736987818383106,0
3875,4,0,0,44,0.0,0.0,1.0,44,1000,500,500,0.5,15,5,10,307.22984346968656,0.38219036293164205,0.15653623569086372,0.1991703317574778,135104.28051386593,-498.38660912809974,134605.89390473784,3870,2,1112.5227272727273,42,2,19,32.10690651505266,0.6609623015873018,40.09205426356587,1039.631782945733,24.75313768918412,0
3876,4,0,0,44,0.0,0.0,1.0,44,800,400,400,0.5,12,4,8,308.1413660698213,0.38155170894996476,0.1541359274285763,0.20031988382964205,135205.03880663714,-467.5469285199323,134737.4918781172,3871,3,1113.5227272727273,42,2,19,31.983330227646803,0.6619543650793652,39.995155038759684,1040.0193798449604,24.76236618678477,0
3877,4,0,0,44,0.0,0.0,1.0,44,850,500,350,0.5882352941176471,12,5,7,310.85396342635266,0.3806928294573643,0.15774467220401878,0.20264960566537585,135305.83465724677,-387.9290044168408,134917.90565282994,3872,4,1114.5227272727273,42,2,19,31.812890006519503,0.6629464285714288,39.89825581395347,1040.406976744183,24.771594684385313,0
3878,4,0,1,43,0.0,0.022727272727272728,0.9772727272727273,44,950,600,350,0.631578947368421,13,6,7,311.517173305732,0.37998810782241016,0.15789328909615685,0.2036522190186768,135406.6680656958,-363.69950348540647,135042.9685622104,3873,5,1115.5227272727273,42,2,20,31.695721999813784,0.6639384920634923,39.80135658914727,1040.7945736434078,24.7808231819859,0
3879,4,0,0,43,0.0,0.0,1.0,43,1000,600,400,0.6,14,6,8,299.5653028253485,0.37645348837209297,0.11649612981927526,0.1921881829024424,134726.77141548006,-528.1067844480274,134198.66463103204,3874,6,1142.2558139534883,42,1,18,32.680371476572695,0.6572420634920633,40.45542635658916,1038.1782945736452,24.71853082318203,2
3880,4,0,0,43,0.0,0.0,1.0,43,950,600,350,0.631578947368421,13,6,7,295.8360336946424,0.3761766334440753,0.0866880952482052,0.1886256061170609,134501.66168072735,-641.9123766070098,133859.74930412034,3875,7,1143.2558139534883,43,0,15,33.000502099689605,0.6535852713178296,40.67234848484847,1037.3106060606033,24.123502466525657,1
3881,4,0,0,43,0.0,0.0,1.0,43,950,600,350,0.631578947368421,13,6,7,297.14395672634015,0.3757613510520487,0.0892792331970007,0.18984293491839674,134575.3443974545,-602.3499375861031,133972.99445986838,3876,8,1144.2558139534883,43,0,16,32.89345091417968,0.6543120155038761,40.60132575757575,1037.5946969696956,24.130109231853385,0
3882,4,0,0,43,0.0,0.0,1.0,43,1100,900,200,0.8181818181818182,13,9,4,299.02765197932786,0.3756229235880399,0.08570701069427944,0.19143359028583098,134649.0472910925,-547.2423094582459,134101.80498163425,3877,9,1145.2558139534883,43,0,17,32.7714416058394,0.6550387596899225,40.53030303030302,1037.8787878787857,24.136715997181064,0
3883,4,0,1,42,0.0,0.023255813953488372,0.9767441860465116,43,850,700,150,0.8235294117647058,10,7,3,299.8657794595375,0.3755998523440384,0.08230840199790035,0.1926202853997553,134771.9302847363,-517.3020151802367,134254.62826955607,3878,10,1146.2558139534883,43,0,17,32.62777397780816,0.6562500000000002,40.411931818181806,1038.3522727272707,24.147727272727227,0
3884,4,0,0,42,0.0,0.0,1.0,42,1150,1000,150,0.8695652173913043,13,10,3,304.3949963331302,0.3742378048780488,0.09295200771360146,0.19569293195573803,134802.23098258802,-193.37507887148075,134608.85590371655,3879,11,1168.4761904761904,42,0,9,32.480132810799034,0.6579861111111112,40.38275193798449,1038.4689922480607,24.725452196382395,0
3885,4,0,0,42,0.0,0.0,1.0,42,1050,600,450,0.5714285714285714,15,6,9,309.2769910259527,0.3735723964382501,0.100261145308711,0.19952273753190528,134928.04387506755,-53.972117060278435,134874.07175800728,3880,12,1169.4761904761904,42,0,11,32.228517689485805,0.6592261904761905,40.26162790697674,1038.9534883720926,24.736987818383156,0
3886,4,0,0,42,0.0,0.0,1.0,42,950,500,450,0.5263157894736842,14,5,9,308.36396307831575,0.37370547812620986,0.1001563173063682,0.19907205154056462,134953.21349565827,-77.05845126495717,134876.15504439332,3881,13,1170.4761904761904,42,0,11,32.227260716839176,0.6594742063492064,40.23740310077519,1039.0503875968989,24.739294942783307,0
3887,4,0,0,42,0.0,0.0,1.0,42,800,400,400,0.5,12,4,8,308.18754827526953,0.3735723964382501,0.09696033521536895,0.19965193344789203,135079.09680908604,-74.06086623399625,135005.03594285203,3882,14,1171.4761904761904,42,0,11,32.10698639075317,0.6607142857142857,40.116279069767444,1039.5348837209306,24.75083056478406,0
3888,4,0,0,42,0.0,0.0,1.0,42,1050,600,450,0.5714285714285714,15,6,9,308.1827704293368,0.3728827913279133,0.09817351598173518,0.20006710886129558,135154.654965522,-69.53279926085298,135085.12216626114,3883,15,1172.4761904761904,42,0,12,32.03219644021991,0.6614583333333333,40.043604651162795,1039.8255813953497,24.757751937984516,0
3889,4,0,0,42,0.0,0.0,1.0,42,1000,600,400,0.6,14,6,8,309.35918909452795,0.3721447928765002,0.10371552717921384,0.20209961623328662,135381.45619253663,-23.70049876809412,135357.75569376853,3884,16,1173.4761904761904,42,0,14,31.776846679081316,0.663690476190476,39.82558139534884,1040.6976744186056,24.778516057585847,0
3890,4,0,0,42,0.0,0.0,1.0,42,1150,700,450,0.6086956521739131,16,7,9,307.129459984747,0.37127371273712734,0.10327652371203455,0.2014904259460373,135532.76264196867,-74.77915990625178,135457.9834820624,3885,17,1174.4761904761904,42,0,14,31.685045598362176,0.6651785714285714,39.68023255813954,1041.2790697674423,24.79235880398672,0
3891,4,0,0,42,0.0,0.0,1.0,42,1400,800,600,0.5714285714285714,20,8,12,304.43334780283715,0.37099545102593884,0.10514871599530196,0.20042975456285853,135659.51677256555,-140.1062716834748,135519.41050088208,3886,18,1175.4761904761904,41,1,15,31.629824937307582,0.6679369918699187,39.55853174603175,1041.7658730158732,25.40892373209447,0
3892,4,0,0,42,0.0,0.0,1.0,42,800,500,300,0.625,11,5,6,303.20984477145475,0.3706566976384049,0.10193558622878007,0.20020235193740626,135762.88624535463,-167.07126716426905,135595.81497819035,3887,19,1176.4761904761904,41,1,15,31.55947564651754,0.6689532520325203,39.4593253968254,1042.1626984126985,25.41860240030972,0
3893,4,0,0,42,0.0,0.0,1.0,42,900,600,300,0.6666666666666666,12,6,6,302.96467613676583,0.370668795973674,0.10098991052731798,0.2001853388360291,135788.73476473923,-172.16198979591707,135616.5727749433,3888,20,1177.4761904761904,41,1,15,31.54031029887683,0.6692073170731707,39.43452380952381,1042.2619047619048,25.42102206736353,0
3894,4,0,0,42,0.0,0.0,1.0,42,1050,400,650,0.38095238095238093,17,4,13,325.73168688019797,0.3708865660085172,0.10129459079983794,0.21511191598920018,135769.3481445314,463.03406453728724,136232.3822090687,3889,21,1178.4761904761904,39,3,16,30.966287689488595,0.672275641025641,39.45312500000001,1042.1875000000011,26.72275641025644,2
3895,4,0,0,42,0.0,0.0,1.0,42,550,300,250,0.5454545454545454,8,3,5,324.70435479814864,0.37081397599690286,0.10162172193750107,0.21475984656081126,135823.6341688369,420.50509982639886,136244.1392686633,3890,22,1179.4761904761904,39,3,17,30.93928000399721,0.672809829059829,39.40104166666667,1042.3958333333342,26.72809829059831,0
3896,4,0,0,42,0.0,0.0,1.0,42,950,700,250,0.7368421052631579,12,7,5,324.4696741086551,0.37003968253968256,0.10151452449924103,0.21525950347924117,135932.2387695314,421.177842881959,136353.41661241336,3891,23,1180.4761904761904,39,3,12,30.837849199214197,0.6738782051282051,39.29687500000001,1042.8125000000011,26.73878205128208,0
3897,4,0,0,42,0.0,0.0,1.0,42,850,800,50,0.9411764705882353,9,8,1,341.41894443668747,0.37003968253968256,0.03941824551698714,0.1997088163097948,131277.28666698138,564.1105284706248,131841.397195452,3892,24,1181.4761904761904,41,1,18,35.052436269764456,0.6244918699186993,43.79960317460316,1024.8015873015854,24.995160665892328,8
3898,4,1,0,43,0.023255813953488372,0.0,1.0,43,800,600,200,0.75,10,6,4,334.6593745367552,0.3743078626799557,0.05211927180170384,0.19717085064016887,131553.0018851955,205.13827536503655,131758.14016056052,3893,0,1154.9767441860465,37,6,19,34.94771626051018,0.634009009009009,43.530701754385966,1025.8771929824566,27.726410621147476,0
3899,4,0,1,42,0.0,0.023255813953488372,0.9767441860465116,43,1300,1000,300,0.7692307692307693,16,10,6,334.2945424138231,0.3736387966039129,0.05112786213602338,0.19772739621523455,131702.08875868036,205.45789930553647,131907.5466579859,3894,1,1155.9767441860465,39,4,15,34.806931195453615,0.6319444444444446,43.38541666666666,1026.4583333333317,26.3194444444444,0
3900,4,0,0,42,0.0,0.0,1.0,42,900,600,300,0.6666666666666666,12,6,6,337.98076274402615,0.3696888308168796,0.052616807000165355,0.19917780501464913,131562.60456945247,493.1258881948328,132055.7304576473,3895,27,1184.4761904761904,40,2,15,34.85285619943866,0.6289062500000002,43.52134146341462,1025.9146341463395,25.647865853658487,0
3901,4,1,0,43,0.023255813953488372,0.0,1.0,43,650,500,150,0.7692307692307693,8,5,3,330.53492586991155,0.37587670727205613,0.062022992947541544,0.19606687780398,131811.58002842325,113.66616669814726,131925.2461951214,3896,0,1157.906976744186,41,2,16,34.79323656329502,0.6298272357723578,43.278769841269835,1026.8849206349194,25.045973674022424,0
3902,4,0,0,43,0.0,0.0,1.0,43,750,400,350,0.5333333333333333,11,4,7,336.9903956797346,0.37629198966408267,0.06268021234740906,0.20056738722180043,131938.95266439894,292.4319727891028,132231.38463718805,3897,1,1158.906976744186,41,2,16,34.49932406334493,0.6310975609756098,43.1547619047619,1027.3809523809512,25.058072009291493,0
3903,4,0,0,43,0.0,0.0,1.0,43,1400,1100,300,0.7857142857142857,17,11,6,335.674170923066,0.3766611295681063,0.0672961889734085,0.20045648904518065,132066.38681224792,266.2549800012462,132332.64179224917,3898,2,1159.906976744186,41,2,16,34.40496010681079,0.6323678861788619,43.03075396825396,1027.8769841269832,25.070170344560566,0
3904,4,1,0,44,0.022727272727272728,0.0,1.0,44,750,400,350,0.5333333333333333,11,4,7,332.09830717056724,0.37908518322762513,0.07692851087877939,0.19954090137124583,132298.2967989454,-12.791918304184492,132285.5048806412,3899,0,1134.5227272727273,42,2,17,34.26383787008258,0.6331845238095237,42.80523255813954,1028.7790697674423,24.49473975636767,0
3905,4,0,0,44,0.0,0.0,1.0,44,1000,700,300,0.7,13,7,6,328.0478519224686,0.3789530479210712,0.05977350922706126,0.19791018758839035,132451.611328125,-109.79401051056055,132341.81731761445,3900,1,1135.5227272727273,39,5,18,34.21414356068273,0.6394230769230769,42.65625,1029.375,26.39423076923077,0
3906,4,0,0,44,0.0,0.0,1.0,44,1150,900,250,0.782608695652174,14,9,5,327.09748347779936,0.3788209126145173,0.05691589644548678,0.19775893725859625,132532.04345703125,-129.82042100694383,132402.2230360243,3901,2,1136.5227272727273,39,5,18,34.15792024953634,0.640224358974359,42.578125,1029.6875,26.40224358974359,0
3907,4,0,0,44,0.0,0.0,1.0,44,800,600,200,0.75,10,6,4,327.40463853254136,0.3786997885835095,0.05476658973675286,0.1982271684734376,132585.67843967007,-118.16677517361563,132467.51166449644,3902,3,1137.5227272727273,39,5,18,34.09622484069992,0.6407585470085471,42.526041666666664,1029.8958333333328,26.407585470085458,0
3908,4,0,0,44,0.0,0.0,1.0,44,900,700,200,0.7777777777777778,11,7,4,325.3008086392616,0.378457540521494,0.04826472183160124,0.19751689983124224,132692.98095703122,-166.97319878472257,132526.0077582465,3903,4,1138.5227272727273,39,5,15,34.04283776497153,0.6418269230769231,42.421875,1030.3124999999998,26.418269230769226,0
3909,4,0,1,43,0.0,0.022727272727272728,0.9772727272727273,44,1450,1000,450,0.6896551724137931,19,10,9,325.27601551281714,0.3787107998590557,0.08563241708083957,0.19307021294044963,131835.7760959203,-221.1154513888689,131614.66064453142,3904,5,1139.5227272727273,39,5,16,34.90391604963317,0.6332799145299144,43.25520833333334,1026.979166666668,26.332799145299184,2
3910,4,1,0,44,0.022727272727272728,0.0,1.0,44,1150,800,350,0.6956521739130435,15,8,7,322.95124175804835,0.3823775546159267,0.0890205254818146,0.19291058436249545,132076.58420138905,-269.14062499998045,131807.44357638908,3905,0,1093.0227272727273,39,5,17,34.721659235238484,0.6356837606837606,43.02083333333334,1027.916666666668,26.356837606837644,0
3911,4,1,1,44,0.022222222222222223,0.022222222222222223,0.9777777777777777,45,1250,1000,250,0.8,15,10,5,314.926681577653,0.38449074074074074,0.09084364077771467,0.18934832984096975,132323.2199462175,-665.5774893335451,131657.64245688394,3906,0,1069.7111111111112,42,3,17,34.680495385194945,0.6334325396825395,42.781007751938,1028.8759689922506,24.497046880767872,0
3912,4,0,0,44,0.0,0.0,1.0,44,700,500,200,0.7142857142857143,9,5,4,318.60236413431215,0.3817278893587033,0.08656620219753197,0.19103242966919726,132219.38898533978,-374.9180169752823,131844.4709683645,3907,2,1095.0227272727273,41,3,17,34.69010240828267,0.6338922764227641,42.88194444444446,1028.4722222222244,25.084688346883524,0
3913,4,0,0,44,0.0,0.0,1.0,44,1300,900,400,0.6923076923076923,17,9,8,318.17841770145884,0.3815406976744186,0.09041825894891797,0.19142381371227032,132346.9584593101,-378.01083396317495,131968.94762534692,3908,3,1096.0227272727273,41,3,17,34.57304923512018,0.6351626016260161,42.75793650793653,1028.9682539682574,25.09678668215262,0
3914,4,0,0,44,0.0,0.0,1.0,44,950,600,350,0.631578947368421,13,6,7,318.3194857227341,0.38127642706131076,0.08581346089984665,0.1920344294750196,132450.3036903466,-367.6876471940442,132082.61604315255,3909,4,1097.0227272727273,40,4,19,34.46580774673381,0.6377604166666666,42.657520325203265,1029.369918699189,25.734247967479725,0
3915,4,0,0,44,0.0,0.0,1.0,44,750,600,150,0.8,9,6,3,315.8923995599184,0.38100114517265676,0.08070290349208564,0.19096788737118725,132528.77338224626,-427.03355310989684,132101.73982913638,3910,5,1098.0227272727273,40,4,19,34.44963975523096,0.6385416666666666,42.58130081300814,1029.6747967479696,25.74186991869924,0
3916,4,0,0,44,0.0,0.0,1.0,44,1350,1100,250,0.8148148148148148,16,11,5,312.43712191387334,0.3801202431289641,0.07989972734447881,0.18940566194491773,132633.43578557757,-512.0782107211076,132121.35757485646,3911,6,1099.0227272727273,40,4,11,34.43378387266509,0.6395833333333333,42.47967479674798,1030.0813008130099,25.752032520325248,0
3917,4,0,1,43,0.0,0.022727272727272728,0.9772727272727273,44,750,500,250,0.6666666666666666,10,5,5,313.4342090418559,0.3802964235377026,0.07946476600322816,0.19054094002904204,132738.13950029764,-479.0652472073256,132259.0742530903,3912,7,1100.0227272727273,40,4,12,34.30329552925709,0.6406249999999998,42.378048780487816,1030.4878048780502,25.762195121951255,0
3918,4,0,0,43,0.0,0.0,1.0,43,1250,900,350,0.72,16,9,7,315.6282550155971,0.3758997785160576,0.08555807842197094,0.19205571679731379,132773.48632812523,-218.5872395833028,132554.89908854192,3913,14,1126.4418604651162,39,4,14,34.211390741863774,0.6426282051282051,42.343750000000014,1030.6250000000018,26.426282051282097,0
3919,4,0,0,43,0.0,0.0,1.0,43,1100,900,200,0.8181818181818182,13,9,4,319.1816989955454,0.37523071244001477,0.08608739374174634,0.1947756138506728,132880.86480034742,-117.3719618055348,132763.4928385419,3914,15,1127.4418604651162,39,4,15,34.012342560786685,0.6436965811965811,42.23958333333334,1031.0416666666683,26.436965811965855,0
3920,4,0,0,43,0.0,0.0,1.0,43,1000,600,400,0.6,14,6,8,321.29002785161697,0.3746539313399779,0.0871799448549273,0.1966263198879301,132988.28667534713,-54.43793402778226,132933.84874131935,3915,16,1128.4418604651162,39,4,15,33.85048475055545,0.6447649572649572,42.135416666666664,1031.4583333333328,26.44764957264956,0
3921,4,1,0,44,0.022727272727272728,0.0,1.0,44,950,700,250,0.7368421052631579,12,7,5,318.4815830216995,0.37789596546863985,0.09549122038052471,0.19676160050149138,133340.98755907532,-306.6702401017846,133034.31731897354,3916,0,1103.7727272727273,40,4,17,33.570304044081475,0.6466145833333332,41.79369918699187,1032.825203252033,25.820630081300823,0
3922,4,0,1,43,0.0,0.022727272727272728,0.9772727272727273,44,1200,900,300,0.75,15,9,6,323.09552053532616,0.3779510218463707,0.0966678304892421,0.20018083559639607,133446.59514558123,-176.80057555431188,133269.79457002692,3917,1,1104.7727272727273,41,3,17,33.345635301648244,0.6460873983739838,41.691468253968246,1033.2341269841259,25.200832365466486,0
3923,4,0,0,43,0.0,0.0,1.0,43,1300,900,400,0.6923076923076923,17,9,8,330.53050620761655,0.37230066445182725,0.09822984961270831,0.2046390454388935,133419.72061107805,219.85755833168395,133639.57816940974,3918,2,1130.9767441860465,40,3,19,33.18045445602991,0.6473958333333333,41.71747967479675,1033.1300813008131,25.82825203252033,0
3924,4,0,0,43,0.0,0.0,1.0,43,850,500,350,0.5882352941176471,12,5,7,319.86261478974495,0.37230066445182725,0.0956216972224131,0.18566390522970005,130981.34901258674,-180.43916233155778,130800.90985025518,3919,3,1131.9767441860465,39,4,16,35.90289084495098,0.6247329059829061,44.088541666666664,1023.6458333333328,26.247329059829045,6
3925,4,2,1,44,0.044444444444444446,0.022222222222222223,0.9777777777777777,45,650,600,50,0.9230769230769231,7,6,1,304.3293319646442,0.3801136363636364,0.09681831697888743,0.17861423095935403,131406.26161882808,-1001.3855952738774,130404.8760235542,3920,0,1082.6222222222223,40,5,17,35.87302177288794,0.62734375,43.673780487804876,1025.3048780487807,25.632621951219516,0
3926,4,0,0,44,0.0,0.0,1.0,44,950,700,250,0.7368421052631579,12,7,5,310.66164320179803,0.3762883192389006,0.1005173688100518,0.18195896244676746,131328.12500000012,-640.2777777777629,130687.84722222235,3921,1,1108.2272727272727,40,4,17,35.789295392953946,0.6265624999999999,43.75000000000001,1025.000000000001,25.62500000000002,0
3927,4,0,0,44,0.0,0.0,1.0,44,650,400,250,0.6153846153846154,9,4,5,310.7099250401266,0.37667371388301624,0.09759032249124733,0.18211413772006482,131354.8190646703,-637.3508029513698,130717.46826171892,3922,2,1109.2272727272727,39,5,18,35.761207363750316,0.6284722222222222,43.72395833333334,1025.104166666668,26.28472222222226,0
3928,4,0,0,44,0.0,0.0,1.0,44,1150,600,550,0.5217391304347826,17,6,11,316.93872497099863,0.3775325933756166,0.12354848574795185,0.1883186180647788,131875.569322576,-440.7050408156329,131434.86428176035,3923,3,1110.2272727272727,40,4,14,35.07799874674319,0.6320312499999998,43.216463414634156,1027.1341463414647,25.678353658536615,2
3929,4,0,0,44,0.0,0.0,1.0,44,1250,1000,250,0.8,15,10,5,322.1803992887923,0.37677281536293167,0.13166353476411818,0.19196028386617442,131979.97352972775,-295.7278860136119,131684.24564371415,3924,4,1111.2272727272727,40,4,14,34.83850097253815,0.6330729166666667,43.114837398373986,1027.5406504065047,25.68851626016262,0
3930,4,0,0,44,0.0,0.0,1.0,44,1450,1100,350,0.7586206896551724,18,11,7,321.69614436452395,0.37665169133192394,0.12945445557902358,0.1922006202154258,132084.41904826823,-301.7903323088061,131782.62871595944,3925,5,1112.2272727272727,40,4,15,34.74604547701435,0.6341145833333333,43.01321138211382,1027.9471544715448,25.69867886178862,0
3931,4,0,0,44,0.0,0.0,1.0,44,800,600,200,0.75,10,6,4,325.901361453863,0.37661865750528545,0.15291351650377982,0.19357755565874044,131862.52170138902,-205.16493055554514,131657.3567708335,3926,6,1113.2272727272727,41,3,13,34.860970250169025,0.6303353658536586,43.22916666666667,1027.0833333333344,25.050813008130106,1
3932,4,0,0,44,0.0,0.0,1.0,44,1350,1000,350,0.7407407407407407,17,10,7,329.6698875350415,0.37546247357293866,0.1549849976312052,0.19700342414291247,132091.88102324272,-90.65688775509136,132001.22413548763,3927,7,1114.2272727272727,41,3,13,34.53363250337774,0.6326219512195121,43.00595238095239,1027.9761904761913,25.072590011614423,0
3933,4,0,0,44,0.0,0.0,1.0,44,1050,800,250,0.7619047619047619,13,8,5,328.9070157640354,0.37517618040873857,0.15494273235928646,0.19707804193121364,132193.88247197043,-104.1009227765037,132089.78154919393,3928,8,1115.2272727272727,41,3,13,34.45076853816966,0.6336382113821137,42.90674603174604,1028.373015873017,25.082268679829685,0
3934,4,0,0,44,0.0,0.0,1.0,44,700,500,200,0.7142857142857143,9,5,4,329.9548825445814,0.3753083157152925,0.1533564814814814,0.19797292952674905,132244.89795918387,-73.03004535145163,132171.86791383242,3929,9,1116.2272727272727,41,3,13,34.3725887345679,0.6341463414634145,42.85714285714287,1028.5714285714303,25.087108013937325,0
3935,4,0,0,44,0.0,0.0,1.0,44,1100,800,300,0.7272727272727273,14,8,6,330.6404007704742,0.37451550387596905,0.1465045752550571,0.19892124343337367,132346.9584593099,-48.149722852078355,132298.80873645784,3930,10,1117.2272727272727,41,3,15,34.25247461113255,0.6351626016260161,42.75793650793652,1028.968253968256,25.096786682152587,0
3936,4,1,1,44,0.022222222222222223,0.022222222222222223,0.9777777777777777,45,750,300,450,0.4,12,3,9,324.2316964696216,0.3784090909090909,0.14359716330713623,0.19669280114377974,132659.60784131498,-397.49037552368145,132262.1174657913,3931,0,1093.3777777777777,40,5,13,34.10381934168557,0.6398437499999998,42.45426829268294,1030.1829268292706,25.754573170731767,0
3937,4,2,2,44,0.043478260869565216,0.043478260869565216,0.9565217391304348,46,550,300,250,0.5454545454545454,8,3,5,317.11193723365085,0.3832427536231884,0.1374636007631287,0.19339361805939576,132857.85147392313,-773.8378684807037,132084.01360544242,3932,0,1070.5652173913043,41,5,13,34.088722093918406,0.6402439024390243,42.26190476190477,1030.9523809523828,25.14518002322885,0
3938,4,0,0,44,0.0,0.0,1.0,44,800,500,300,0.625,11,5,6,325.02113746663196,0.37421819943622264,0.14516499678279238,0.1972060766592024,132666.15125868094,-176.1393229166282,132490.0119357643,3933,13,1120.2272727272727,39,5,13,34.07692955847656,0.641559829059829,42.447916666666686,1030.2083333333364,26.41559829059837,0
3939,4,0,0,44,0.0,0.0,1.0,44,1600,1200,400,0.75,20,12,8,326.04091333541885,0.3725665081042988,0.15031962379911423,0.1989613415655969,132880.86480034754,-135.0802951388547,132745.7845052087,3934,14,1121.2272727272727,39,5,13,33.83553916616152,0.6436965811965811,42.23958333333335,1031.0416666666692,26.436965811965877,0
3940,4,0,0,44,0.0,0.0,1.0,44,1100,800,300,0.7272727272727273,14,8,6,324.69299820367877,0.3725004404510219,0.14818751090339832,0.19856611335482574,132961.4271375871,-165.6711154513539,132795.75602213576,3935,15,1122.2272727272727,39,5,14,33.789621418711924,0.6444978632478631,42.16145833333335,1031.354166666669,26.444978632478694,0
3941,4,0,0,44,0.0,0.0,1.0,44,1000,700,300,0.7,13,7,6,326.84826710876285,0.37263257575757575,0.15197859882899256,0.20060464274965362,133095.75195312526,-99.57682291663707,132996.17513020863,3936,16,1123.2272727272727,39,5,15,33.599586109428635,0.6458333333333333,42.031250000000014,1031.875000000002,26.458333333333385,0
3942,4,0,0,44,0.0,0.0,1.0,44,900,600,300,0.6666666666666666,12,6,6,349.717633411431,0.37263257575757575,0.15702794007698073,0.20612621014178256,131568.46923828137,402.8944227430713,131971.36366102443,3937,17,1124.2272727272727,39,5,13,34.54591413679901,0.6306089743589742,43.51562500000001,1025.937500000001,26.306089743589766,4
3943,4,1,1,44,0.022222222222222223,0.022222222222222223,0.9777777777777777,45,700,500,200,0.7142857142857143,9,5,4,342.471550036391,0.37601010101010096,0.1550189144013372,0.20307115854270527,131797.2932778109,27.36466389055019,131824.65794170147,3938,0,1100.2222222222222,40,5,13,34.50118764845606,0.6312499999999999,43.29268292682927,1026.8292682926835,25.67073170731709,0
3944,4,0,0,44,0.0,0.0,1.0,44,1100,800,300,0.7272727272727273,14,8,6,348.3874887028836,0.37266560958421424,0.1514113740141132,0.20620772979981508,131728.8208007814,378.53461371529255,132107.35541449668,3939,19,1126.2272727272727,39,5,13,34.41833671571115,0.6322115384615383,43.35937500000001,1026.5625000000011,26.322115384615415,0
3945,4,0,0,44,0.0,0.0,1.0,44,1200,900,300,0.75,15,9,6,348.8653083519608,0.37236830514446795,0.1438225718686299,0.20678083851023943,131782.29302300359,394.8540581597321,132177.1470811633,3940,20,1127.2272727272727,39,5,13,34.352173582225824,0.6327457264957265,43.30729166666667,1026.7708333333344,26.327457264957292,0
3946,4,0,0,44,0.0,0.0,1.0,44,1150,700,450,0.6086956521739131,16,7,9,351.36393023558855,0.3719718992248062,0.1424827834167659,0.20884868692303427,131889.27001953125,468.2264539930557,132357.4964735243,3941,21,1128.2272727272727,39,5,13,34.18020907277828,0.6338141025641025,43.203125,1027.1875,26.338141025641026,0
3947,4,1,0,45,0.022222222222222223,0.0,1.0,45,1250,800,450,0.64,17,8,9,346.0427326984974,0.37561026936026937,0.14076561745467342,0.20803661673631776,132319.5725097497,157.64529215416457,132477.21780190387,3942,0,1104.1333333333334,40,5,15,33.883799222968534,0.6364583333333333,42.78455284552847,1028.861788617888,25.721544715447198,0
3948,4,0,0,45,0.0,0.0,1.0,45,1450,1200,250,0.8275862068965517,17,12,5,348.3794904070836,0.37506313131313135,0.13488032198949895,0.2103258707204161,132478.419325087,230.57608053812243,132708.99540562512,3943,1,1105.1333333333334,39,6,16,33.66397264663227,0.6396901709401708,42.63020833333334,1029.4791666666683,26.396901709401753,0
3949,4,0,0,45,0.0,0.0,1.0,45,1450,1100,350,0.7586206896551724,18,11,7,346.71866942203883,0.37584175084175087,0.1364620208354399,0.20992085024958404,132585.67843967056,193.9860026042067,132779.66444227478,3944,2,1106.1333333333334,39,6,16,33.59893884225076,0.6407585470085468,42.526041666666686,1029.8958333333367,26.407585470085557,0
3950,4,0,0,45,0.0,0.0,1.0,45,600,300,300,0.5,9,3,6,352.2197821646954,0.37617845117845117,0.1421062684688934,0.21355618797220594,132639.3242730038,343.63878038198004,132982.96305338576,3945,3,1107.1333333333334,39,6,12,33.40338170357638,0.6412927350427349,42.47395833333335,1030.1041666666692,26.412927350427417,0
3951,4,0,0,45,0.0,0.0,1.0,45,800,400,400,0.5,12,4,8,351.79523942711455,0.3758627946127946,0.1416371785798538,0.21360384979580085,132692.9809570315,336.15180121530744,133029.13275824682,3946,4,1108.1333333333334,39,6,12,33.360399184443786,0.641826923076923,42.421875000000014,1030.312500000002,26.418269230769283,0
3952,4,0,0,45,0.0,0.0,1.0,45,1100,600,500,0.5454545454545454,16,6,10,351.33749782329187,0.3755260942760943,0.1426058829475383,0.21363133779753146,132746.6484917539,327.775065104207,133074.42355685812,3947,5,1109.1333333333334,39,6,13,33.31827639071397,0.6423611111111109,42.369791666666686,1030.5208333333367,26.423611111111196,0
3953,4,0,0,45,0.0,0.0,1.0,45,1000,600,400,0.6,14,6,8,351.62936046676316,0.3755681818181818,0.14472174508549185,0.21442241408130377,132854.0161132815,343.0745442708631,133197.09065755238,3948,6,1110.1333333333334,39,6,14,33.20292765484491,0.643429487179487,42.265625000000014,1030.937500000002,26.434294871794926,0
3954,4,0,0,45,0.0,0.0,1.0,45,1400,1100,300,0.7857142857142857,17,11,6,356.53749300201116,0.3759469696969697,0.14561368073789804,0.21819742000654635,132988.28667534748,483.0620659722471,133471.34874131973,3949,7,1111.1333333333334,39,6,15,32.94157745909918,0.6447649572649572,42.13541666666668,1031.4583333333353,26.447649572649624,0
3955,4,0,1,44,0.0,0.022222222222222223,0.9777777777777777,45,900,700,200,0.7777777777777778,11,7,4,359.45845724696045,0.3763468013468014,0.1396504924063977,0.22061929848131295,133095.75195312503,568.4787326388896,133664.2306857639,3950,8,1112.1333333333334,39,6,15,32.758345110707296,0.6458333333333334,42.03125,1031.8750000000002,26.45833333333334,0
3956,4,0,0,44,0.0,0.0,1.0,44,1250,1000,250,0.8,15,10,5,359.96012548863035,0.3753853946441155,0.13193743693239113,0.22156551823554854,133203.26063368074,789.5724826389094,133992.83311631964,3951,9,1087.8636363636363,39,5,16,32.637487386478305,0.6469017094017093,41.92708333333334,1032.2916666666683,26.469017094017136,0
3957,4,0,0,44,0.0,0.0,1.0,44,900,400,500,0.4444444444444444,14,4,10,361.44786646945306,0.3754294397463002,0.13387018865224087,0.22330666668261745,133340.9875590755,839.1630932315641,134180.15065230706,3952,10,1088.8636363636363,40,4,16,32.46088753320869,0.6466145833333332,41.79369918699188,1032.8252032520343,25.820630081300855,0
3958,4,0,0,44,0.0,0.0,1.0,44,1200,900,300,0.75,15,9,6,363.1073008732184,0.3754294397463002,0.08750370151021558,0.210328191260525,130901.38888888914,731.2562999868059,131632.64518887593,3953,11,1089.8636363636363,39,5,16,34.87717155266016,0.6239316239316238,44.16666666666668,1023.3333333333353,26.239316239316288,8
3959,4,0,0,44,0.0,0.0,1.0,44,1000,800,200,0.8,12,8,4,362.7571271038911,0.3755395525017618,0.08830983830983818,0.21070786319013285,131008.00781250026,704.8177083333635,131712.82552083363,3954,12,1090.8636363636363,39,5,18,34.77818477818478,0.6249999999999998,44.062500000000014,1023.750000000002,26.250000000000053,0
3960,4,0,0,44,0.0,0.0,1.0,44,1700,1100,600,0.6470588235294118,23,11,12,365.9511722215869,0.3749669661733615,0.09491108728603592,0.21374677731422406,131221.3758680558,804.1232638889135,132025.4991319447,3955,13,1091.8636363636363,39,5,18,34.48047986986581,0.6271367521367521,43.85416666666668,1024.5833333333353,26.271367521367573,0
3961,4,0,0,44,0.0,0.0,1.0,44,1050,700,350,0.6666666666666666,14,7,7,363.43966400845113,0.3751211240310077,0.09244765196178073,0.21257547054192308,131274.7450086807,742.0898437500197,132016.83485243074,3956,14,1092.8636363636363,39,5,18,34.49083485803348,0.6276709401709402,43.80208333333334,1024.791666666668,26.27670940170944,0
3962,4,0,0,44,0.0,0.0,1.0,44,1150,800,350,0.6956521739130435,15,8,7,358.42900855043047,0.37453752642706134,0.08384540593096745,0.2102453720167204,131384.32618690358,618.4124562365234,132002.7386431401,3957,15,1093.8636363636363,37,7,18,34.50846702317291,0.6323198198198199,43.695175438596486,1025.2192982456133,27.708629682313873,0
3963,4,1,0,45,0.022222222222222223,0.0,1.0,45,750,700,50,0.9333333333333333,8,7,1,354.3273577391706,0.37847222222222227,0.05029480323597979,0.19184182776479394,128250.02170138905,104.95765524009221,128354.97935662915,3958,0,1070.5333333333333,39,6,14,37.79823118058413,0.5972222222222222,46.77083333333334,1012.916666666668,25.972222222222257,8
3964,4,2,1,46,0.0425531914893617,0.02127659574468085,0.9787234042553191,47,1550,1300,250,0.8387096774193549,18,13,5,339.95892632596957,0.3871993524514339,0.06262372531731875,0.1866126466827959,128798.26467624068,-642.7760456034475,128155.48863063724,3959,0,1025.936170212766,41,6,13,37.603026452958034,0.5995934959349594,46.23015873015872,1015.0793650793636,24.758033294618624,0
3965,4,1,0,47,0.02127659574468085,0.0,1.0,47,1550,1100,450,0.7096774193548387,20,11,9,344.09255981445307,0.38453977798334876,0.07273936170212769,0.18984417093211206,128999.74804736709,-522.4292957923922,128477.3187515747,3960,0,1026.9148936170213,41,6,14,37.292887369791664,0.6016260162601625,46.03174603174603,1015.8730158730158,24.777390631049165,0
3966,4,2,2,47,0.04081632653061224,0.04081632653061224,0.9591836734693877,49,1100,800,300,0.7272727272727273,14,8,6,331.8588544588189,0.3905541383219955,0.08027975453444536,0.18483745957364134,129373.84627013096,-1213.0712455770358,128160.77502455392,3961,0,985.9591836734694,42,7,16,37.22338635425596,0.6039186507936507,45.66375968992248,1017.3449612403098,24.222499077150232,0
3967,4,2,2,47,0.04081632653061224,0.04081632653061224,0.9591836734693877,49,1350,1000,350,0.7407407407407407,17,10,7,331.0917960489176,0.38998724489795916,0.08861797146042893,0.18522100155963417,129546.4186722553,-1221.6487140195875,128324.76995823572,3962,0,986.9183673469388,42,7,14,37.067707341836424,0.6056547619047619,45.49418604651163,1018.0232558139537,24.23864894795128,0
3968,4,0,0,47,0.0,0.0,1.0,47,1350,1200,150,0.8888888888888888,15,12,3,345.0631468650101,0.3861008325624422,0.08682312847120421,0.19261217127682326,129459.81744497322,-465.63759997356334,128994.17984499966,3963,1,995.8085106382979,40,7,15,36.80014646162039,0.6078125,45.579268292682926,1017.6829268292681,25.442073170731703,0
3969,4,1,1,47,0.020833333333333332,0.020833333333333332,0.9791666666666666,48,1100,900,200,0.8181818181818182,13,9,4,337.0366225004292,0.3891566932624113,0.09361031859248659,0.18961691201669395,129768.4664852622,-852.6548697494262,128915.81161551276,3964,0,976.0416666666666,42,6,15,36.691036614360435,0.6078869047619049,45.27616279069767,1018.8953488372084,24.259413067552583,0
3970,4,1,0,48,0.020833333333333332,0.0,1.0,48,1600,1100,500,0.6875,21,11,10,343.6047415665677,0.38950760933806144,0.12068289786223318,0.1945368426567038,130015.40927716177,-665.2177791298609,129350.19149803191,3965,0,977.0208333333334,42,6,16,36.27315914489312,0.6103670634920635,45.03391472868217,1019.8643410852709,24.282484311554068,0
3971,4,1,0,49,0.02040816326530612,0.0,1.0,49,1300,1000,300,0.7692307692307693,16,10,6,339.0822574363855,0.3921662414965987,0.1307501457449256,0.19344394946438503,130312.05047961352,-962.4644139474913,129349.58606566602,3966,0,958.0612244897959,42,7,18,36.087912435544574,0.6133432539682541,44.74321705426356,1021.027131782945,24.310169804355834,0
3972,4,4,0,53,0.07547169811320754,0.0,1.0,53,800,500,300,0.625,11,5,6,322.5678715208776,0.40198657474600874,0.17505567637819497,0.18826233956036673,131191.85717519233,-2136.3443740254493,129055.51280116689,3967,0,886.6792452830189,46,7,17,35.6214664820584,0.6168478260869565,43.88297872340426,1024.4680851063827,22.271045328399623,0
3973,4,1,0,54,0.018518518518518517,0.0,1.0,54,1550,1000,550,0.6451612903225806,21,10,11,318.6531947237384,0.4035784998835313,0.19554953965264676,0.18800538488700558,131606.80529300557,-2412.4727424727353,129194.33255053284,3968,0,871.2407407407408,45,9,12,35.304113700564976,0.6222222222222222,43.47826086956521,1026.0869565217383,22.80193236714974,0
3974,4,0,0,54,0.0,0.0,1.0,54,1650,1400,250,0.8484848484848485,19,14,5,318.5485121959699,0.4032509317493594,0.19438888235217244,0.1884024916599546,131699.76436147862,-2409.447201218234,129290.31716026038,3969,1,872.2407407407408,45,9,12,35.21333392163785,0.6231481481481482,43.38768115942029,1026.4492753623185,22.809983896940413,0
3975,4,0,3,51,0.0,0.05555555555555555,0.9444444444444444,54,1550,1200,350,0.7741935483870968,19,12,7,316.68022983342206,0.4036512928022362,0.19473195849342617,0.18775560070040118,131792.75624868722,-2452.7679321571145,129339.9883165301,3970,2,873.2407407407408,45,9,12,35.167828158080425,0.6240740740740741,43.29710144927536,1026.8115942028983,22.818035426731072,0
3976,4,0,0,51,0.0,0.0,1.0,51,1150,1000,150,0.8695652173913043,13,10,3,335.41895268861754,0.3963071895424837,0.19152318360400522,0.19720886306285185,131473.76194473152,-1380.2416924930951,130093.52025223842,3971,3,924.9411764705883,43,8,20,35.00807940904895,0.623546511627907,43.607954545454554,1025.568181818183,23.850422832980996,0
3977,4,0,0,51,0.0,0.0,1.0,51,1200,700,500,0.5833333333333334,17,7,10,335.91484046709616,0.3964052287581699,0.1900098971027,0.19838196872708028,131643.77371908003,-1355.7805505337403,130287.99316854628,3972,4,925.9411764705883,43,8,14,34.82407877333826,0.6252422480620154,43.44223484848485,1026.231060606061,23.865838618745602,0
3978,4,1,1,51,0.019230769230769232,0.019230769230769232,0.9807692307692307,52,1250,800,450,0.64,17,8,9,354.18631068609926,0.39969834087481143,0.10060783902745762,0.1999790400335359,129908.3719135802,-1182.8815897293696,128725.49032385083,3973,0,909.1153846153846,44,8,17,36.11205722070844,0.6065340909090909,45.138888888888886,1019.444444444444,23.16919191919191,8
3979,4,3,2,52,0.05555555555555555,0.037037037037037035,0.962962962962963,54,1550,1300,250,0.8387096774193549,18,13,5,331.2086502614947,0.4058569182389937,0.12093774241850186,0.18568305816134564,129630.39852804523,-2195.697023022205,127434.70150502303,3974,0,876.2777777777778,41,13,16,36.9795218379607,0.6079776422764229,45.411706349206334,1018.3531746031725,24.83788230739445,2
3980,4,0,0,52,0.0,0.0,1.0,52,1550,1300,250,0.8387096774193549,18,13,5,340.28821826113915,0.40046820010055306,0.11486216540151828,0.18969741877675497,129408.11107806179,-1592.788890541369,127815.32218752042,3975,1,910.6730769230769,40,12,20,36.974172659475286,0.6072916666666668,45.630081300812996,1017.4796747967463,25.436991869918657,0
3981,4,1,1,52,0.018867924528301886,0.018867924528301886,0.9811320754716981,53,1550,1200,350,0.7741935483870968,19,12,7,331.5902037320351,0.40351354620222546,0.1295764088466831,0.18625646673525856,129706.17992567354,-1998.1402746284123,127708.03965104512,3976,0,894.4716981132076,41,12,17,36.89293598233996,0.6087398373983741,45.33730158730157,1018.6507936507902,24.84514130855586,0
3982,4,1,1,52,0.018867924528301886,0.018867924528301886,0.9811320754716981,53,1150,900,250,0.782608695652174,14,9,5,329.68542345700104,0.40377056119980653,0.13706236183229636,0.18614546216726038,129908.37191358006,-2034.220679012368,127874.15123456769,3977,0,895.1132075471698,41,12,18,36.736489554950026,0.6107723577235773,45.13888888888888,1019.444444444443,24.864498644986416,0
3983,4,0,1,51,0.0,0.019230769230769232,0.9807692307692307,52,1050,800,250,0.7619047619047619,13,8,5,338.3287067451663,0.401332327802916,0.14149611856033917,0.19060450962025427,129822.05119307281,-1615.494662568586,128206.55653050423,3978,1,913.1153846153846,40,12,18,36.60375947347428,0.6114583333333334,45.22357723577235,1019.1056910569098,25.477642276422745,0
3984,4,1,1,51,0.019230769230769232,0.019230769230769232,0.9807692307692307,52,1250,800,450,0.64,17,8,9,333.0645003459855,0.4024399824032177,0.15134412310144518,0.18888708782333344,130081.0994199881,-1734.9207234450416,128346.17869654305,3979,0,913.75,40,12,18,36.47535199574948,0.6140625,44.96951219512195,1020.1219512195121,25.503048780487802,0
3985,4,0,1,50,0.0,0.0196078431372549,0.9803921568627451,51,1100,700,400,0.6363636363636364,15,7,8,336.19819421263236,0.3992156862745098,0.1468194652051158,0.1902847647447133,130003.3578413147,-1458.6211704342625,128544.73667088045,3980,3,932.6666666666666,40,11,18,36.47421524663677,0.61328125,45.045731707317074,1019.8170731707319,25.495426829268297,0
3986,4,1,1,50,0.0196078431372549,0.0196078431372549,0.9803921568627451,51,1150,900,250,0.782608695652174,14,9,5,335.56313891267456,0.40119281045751637,0.14386378243635822,0.19017770893656205,130055.18297846845,-1471.6549135765804,128583.52806489187,3981,0,933.2941176470588,40,11,18,36.43788814718874,0.6138020833333333,44.99491869918699,1020.0203252032517,25.500508130081293,0
3987,4,0,1,49,0.0,0.02,0.98,50,1300,900,400,0.6923076923076923,17,9,8,342.48674454743025,0.398843537414966,0.14676719525245607,0.19374910551475139,129984.23450688136,-1096.4245362497004,128887.80997063166,3982,5,952.96,41,9,18,36.333280636897214,0.6115345528455285,45.06448412698412,1019.7420634920627,24.87175764614787,0
3988,4,0,0,49,0.0,0.0,1.0,49,1500,1300,200,0.8666666666666667,17,13,4,347.54939674269144,0.39631164965986393,0.15327171227235326,0.1967094301360916,130003.35784131454,-763.4822815453899,129239.87555976915,3983,6,973.1020408163265,40,9,18,36.18481149310746,0.6132812500000002,45.04573170731707,1019.8170731707305,25.49542682926826,0
3989,4,0,0,49,0.0,0.0,1.0,49,2050,1700,350,0.8292682926829268,24,17,7,351.3349885470074,0.3962939342403628,0.14762080892902874,0.19977949915000245,130184.7910056843,-652.3055886046841,129532.48541707962,3984,7,974.1020408163265,40,9,18,35.90420235012945,0.6151041666666668,44.86788617886178,1020.5284552845517,25.51321138211379,0
3990,4,0,0,49,0.0,0.0,1.0,49,1700,1300,400,0.7647058823529411,21,13,8,349.3544356518115,0.3963293650793651,0.15043731778425617,0.19905078310393926,130262.58680555565,-698.4142623438356,129564.17254321181,3985,8,975.1020408163265,39,10,18,35.875850340136054,0.6175213675213675,44.79166666666667,1020.8333333333342,26.175213675213698,0
3991,4,0,0,49,0.0,0.0,1.0,49,1150,500,650,0.43478260869565216,18,5,13,347.8359443626283,0.39647108843537415,0.15049251034563094,0.1987286479330544,130368.94531250028,-730.5989583333046,129638.34635416698,3986,9,976.1020408163265,39,10,18,35.80681354549165,0.6185897435897435,44.687500000000014,1021.2500000000022,26.18589743589749,0
3992,4,0,0,49,0.0,0.0,1.0,49,1100,800,300,0.7272727272727273,14,8,6,346.5160776966698,0.3967722505668934,0.14771781469520895,0.19851808937201765,130475.3472222224,-757.63888888887,129717.70833333352,3987,10,977.1020408163265,39,10,19,35.73273518216423,0.6196581196581196,44.58333333333334,1021.666666666668,26.19658119658123,0
3993,4,1,0,50,0.02,0.0,1.0,50,2150,1800,350,0.8372093023255814,25,18,7,337.444245790884,0.3998979591836735,0.15314001986097314,0.19551573964983907,130911.78882444321,-1164.9140310000535,129746.87479344316,3988,0,958.54,40,10,19,35.52321251241311,0.6223958333333333,44.15650406504066,1023.3739837398381,25.58434959349595,0
3994,4,1,1,50,0.0196078431372549,0.0196078431372549,0.9803921568627451,51,1450,1100,350,0.7586206896551724,18,11,7,327.1377497981829,0.40330065359477124,0.14993562794089166,0.19084883640768577,131175.63952664402,-1617.499291383217,129558.14023526081,3989,0,940.7254901960785,41,10,19,35.520772806507836,0.6234756097560975,43.898809523809526,1024.4047619047622,24.985481997677127,0
3995,4,0,0,50,0.0,0.0,1.0,50,1550,1200,350,0.7741935483870968,19,12,7,333.3460430670827,0.4004761904761905,0.1475474622239441,0.19421357497881286,131124.83071932488,-1258.0113063743925,129866.81941295048,3990,2,960.54,41,9,19,35.41303435360971,0.6229674796747966,43.9484126984127,1024.20634920635,24.980642663569515,0
3996,4,0,0,50,0.0,0.0,1.0,50,1600,1100,500,0.6875,21,11,10,330.7942777289951,0.40005952380952386,0.14511645101663606,0.19326101970992055,131231.07854109284,-1317.9020316804285,129913.17650941241,3991,3,961.54,43,7,19,35.37122612446088,0.6211240310077519,43.844696969696976,1024.621212121213,23.828400281888673,0
3997,4,0,0,50,0.0,0.0,1.0,50,900,600,300,0.6666666666666666,12,6,6,328.67433878454744,0.40014455782312924,0.14483459619294026,0.1922656050987229,131279.5972867883,-1370.353033172637,129909.24425361567,3992,4,962.54,43,7,19,35.37662477668947,0.6216085271317829,43.797348484848484,1024.810606060606,23.832804792107115,0
3998,4,2,1,51,0.038461538461538464,0.019230769230769232,0.9807692307692307,52,1350,1000,350,0.7407407407407407,17,10,7,313.7118202770776,0.40649352689793866,0.15849507163906074,0.1861544160860286,131825.20300012027,-2128.9482191391835,129696.25478098108,3993,0,926.4807692307693,42,10,17,35.21143926527017,0.6284722222222222,43.265503875968996,1026.9379844961247,24.450904392764876,0
3999,4,1,0,52,0.019230769230769232,0.0,1.0,52,1000,700,300,0.7,13,7,6,314.7854773326368,0.4038304424333836,0.16830959343458174,0.1871587686597466,131899.84568422867,-2095.9688232377894,129803.87686099087,3994,0,927.4615384615385,42,10,18,35.10891268119361,0.6292162698412699,43.19282945736434,1027.2286821705422,24.457825765965293,0
4000,4,0,0,52,0.0,0.0,1.0,52,1250,1000,250,0.8,15,10,5,311.7334409310029,0.40371260683760685,0.16167671038638787,0.1856370929803174,131959.80131571405,-2172.7434142561874,129787.05790145787,3995,1,928.4615384615385,43,9,18,35.12711213517666,0.6283914728682171,43.1344696969697,1027.462121212122,23.894467935165626,0
4001,4,0,1,51,0.0,0.019230769230769232,0.9807692307692307,52,950,700,250,0.7368421052631579,12,7,5,312.0937099367065,0.4039639894419306,0.14765656030716268,0.17934421988502364,130593.62247085053,-2239.166222055001,128354.45624879553,3996,2,929.4615384615385,44,8,12,36.49258688890901,0.6133996212121211,44.467592592592595,1022.1296296296301,23.230218855218865,5
4002,4,0,1,50,0.0,0.0196078431372549,0.9803921568627451,51,400,300,100,0.75,5,3,2,316.8316525530365,0.4026797385620915,0.1555906885460394,0.18164790281866447,130504.37345758727,-1930.4167384067932,128573.95671918047,3997,4,948.6470588235294,43,8,12,36.4616156935434,0.6138565891472868,44.55492424242424,1021.7803030303033,23.762332628611706,0
4003,4,0,1,49,0.0,0.02,0.98,50,1150,800,350,0.6956521739130435,15,8,7,320.28502157094215,0.3997448979591837,0.15320811990134664,0.1833031866124251,130435.75074364513,-1644.6765518899226,128791.07419175521,3998,5,968.44,42,8,17,36.44272117877693,0.6145833333333334,44.62209302325581,1021.5116279069761,24.321705426356573,0
4004,4,0,0,49,0.0,0.0,1.0,49,1050,900,150,0.8571428571428571,12,9,3,325.1382694568809,0.3971619897959184,0.15518769443073066,0.18561554118245555,130338.55273880372,-1324.3897037981983,129014.16303500552,3999,22,989.1020408163265,41,8,17,36.41704313611192,0.6150914634146343,44.7172619047619,1021.1309523809513,24.90563298490125,0
4005,4,0,0,49,0.0,0.0,1.0,49,1400,1200,200,0.8571428571428571,16,12,4,321.2358832760359,0.3968962585034013,0.15320445325322862,0.18408212789470205,130485.24728081225,-1416.6912670512788,129068.55601376097,4000,23,990.1020408163265,42,7,18,36.36843228376327,0.6150793650793652,44.5736434108527,1021.7054263565875,24.326319675156846,0
4006,4,0,0,49,0.0,0.0,1.0,49,1400,900,500,0.6428571428571429,19,9,10,324.8006376195789,0.3975517290249433,0.15986039879977065,0.18672054093999635,130609.02970261678,-1315.6207747431258,129293.40892787365,4001,24,991.1020408163265,42,7,14,36.152320915094634,0.6163194444444446,44.45251937984495,1022.1899224806182,24.337855297157574,0
4007,4,1,1,49,0.02,0.02,0.98,50,1450,1000,450,0.6896551724137931,19,10,9,317.33630983939565,0.4002721088435374,0.1041741608049147,0.176698269499566,129362.59554354363,-1787.736125876906,127574.85941766672,4002,0,972.26,45,5,15,37.60415739174307,0.5997685185185186,45.6748188405797,1017.300724637679,22.6066827697262,6
4008,4,2,2,49,0.0392156862745098,0.0392156862745098,0.9607843137254902,51,1650,1300,350,0.7878787878787878,20,13,7,315.09927061352613,0.406421568627451,0.12662965142559868,0.17746526779531996,129810.48272376884,-2019.3623151501472,127791.12040861869,4003,0,911.5294117647059,46,5,11,37.207300275482105,0.6030344202898551,45.23492907801418,1019.0602836879426,22.15348442799875,0
4009,4,1,1,49,0.02,0.02,0.98,50,1500,1100,400,0.7333333333333333,19,11,8,320.15290459170456,0.4062840136054422,0.14341801385681308,0.1811196683363523,129985.33412754678,-1676.9635449485336,128308.37058259825,4004,0,924.1,45,5,13,36.90153668502399,0.6060185185185185,45.06340579710145,1019.7463768115946,22.661030595813212,0
4010,4,1,1,49,0.02,0.02,0.98,50,1650,1100,550,0.6666666666666666,22,11,11,322.0279844704115,0.4087159863945578,0.14936019167628012,0.18337207463350558,130239.47113428144,-1611.8491224269817,128627.62201185446,4005,0,924.48,45,5,15,36.59661830390158,0.6085648148148146,44.81431159420291,1020.7427536231908,22.68317230273757,0
4011,4,0,0,49,0.0,0.0,1.0,49,900,600,300,0.6666666666666666,12,6,6,323.1844083179499,0.4063031462585034,0.15417229774491847,0.18436901007852607,130310.92620093003,-1377.106032506685,128933.82016842335,4006,1,943.7551020408164,43,6,16,36.49485253199778,0.6119186046511627,44.744318181818194,1021.0227272727294,23.744714587737892,0
4012,4,1,1,49,0.02,0.02,0.98,50,1400,900,500,0.6428571428571429,19,9,10,318.350716484715,0.40904761904761905,0.15108997010057035,0.1827164252647846,130546.30594135843,-1688.0979938271225,128858.20794753131,4007,0,925.86,44,6,10,36.38047023647731,0.6129261363636362,44.51388888888891,1021.9444444444476,23.226010101010175,0
4013,4,0,1,48,0.0,0.02040816326530612,0.9795918367346939,49,1500,1100,400,0.7333333333333333,19,11,8,326.6251690751957,0.40601969954648526,0.14423936905439416,0.18761391430700347,130576.95316983791,-1270.056118715533,129306.89705112237,4008,3,945.7551020408164,43,6,11,36.138102628246706,0.6145833333333333,44.48390151515153,1022.0643939393966,23.768939393939455,0
4014,4,1,2,47,0.02040816326530612,0.04081632653061224,0.9591836734693877,49,1750,1400,350,0.8,21,14,7,319.8707678596059,0.40970450680272114,0.1412284783620288,0.18528363345830018,130901.38888888899,-1425.6944444444343,129475.69444444455,4009,0,929.2857142857143,44,5,12,35.98330618892508,0.6164772727272727,44.16666666666667,1023.3333333333342,23.257575757575776,0
4015,4,0,0,47,0.0,0.0,1.0,47,1250,800,450,0.64,17,8,9,329.9561788339922,0.4012295713845205,0.13766568460789275,0.189927312759272,130658.55910289357,-777.6802212907712,129880.87888160281,4010,6,969.7446808510638,42,5,12,35.970524120936425,0.616815476190476,44.40406976744187,1022.3837209302335,24.34246954595794,0
4016,4,0,1,46,0.0,0.02127659574468085,0.9787234042553191,47,1200,800,400,0.6666666666666666,16,8,8,328.8749621043907,0.4008826703669442,0.13240472902829148,0.18979088162995308,130757.64607182563,-799.416820653803,129958.22925117183,4011,7,970.7446808510638,42,5,12,35.898073582820146,0.6178075396825395,44.30717054263566,1022.7713178294575,24.351698043558514,0
4017,4,0,0,46,0.0,0.0,1.0,46,1200,800,400,0.6666666666666666,16,8,8,336.86326114915533,0.397061191626409,0.13590119957483382,0.19420506129337214,130718.71456916102,-393.1335034013604,130325.58106575966,4012,9,992.695652173913,41,5,14,35.733168412883195,0.6189024390243902,44.345238095238095,1022.6190476190478,24.941927990708482,0
4018,4,1,0,47,0.02127659574468085,0.0,1.0,47,1000,600,400,0.6,14,6,8,324.47810697755017,0.40072849213691025,0.08607176881549727,0.18549516354518641,130392.29811124329,-935.2763217620992,129457.0217894812,4013,0,972.5531914893617,40,7,18,36.37956053067993,0.6171875,44.66463414634146,1021.341463414634,25.533536585365848,3
4019,4,0,0,47,0.0,0.0,1.0,47,1100,600,500,0.5454545454545454,16,6,10,322.68934544784986,0.40038159111933397,0.09093871815600041,0.1849668574191954,130496.11363110607,-978.0589017780143,129518.05472932805,4014,1,973.5531914893617,40,7,14,36.32032855911413,0.6182291666666666,44.563008130081315,1021.7479674796767,25.54369918699192,0
4020,4,0,0,47,0.0,0.0,1.0,47,1250,800,450,0.64,17,8,9,324.73834672215827,0.40070921985815605,0.09128878281622876,0.1863909140775131,130548.03688280808,-921.2092669706974,129626.82761583739,4015,2,974.5531914893617,40,7,14,36.2155263855741,0.6187499999999999,44.51219512195123,1021.951219512197,25.548780487804926,0
4021,4,0,1,46,0.0,0.02127659574468085,0.9787234042553191,47,800,600,200,0.75,10,6,4,325.8651271480811,0.4010175763182238,0.09748504279680104,0.18761821231218562,130667.99433893918,-883.9714821113721,129784.02285682781,4016,3,975.5531914893617,41,6,16,36.0655605149104,0.6183943089430894,44.394841269841265,1022.4206349206341,24.93708865660083,0
4022,4,1,0,47,0.02127659574468085,0.0,1.0,47,800,400,400,0.5,12,4,8,332.46950408536173,0.401268115942029,0.1260077869980729,0.1880822252335405,129984.23450688134,-756.8412029163676,129227.39330396497,4017,0,976.468085106383,41,6,20,36.588655673379385,0.6115345528455285,45.06448412698412,1019.7420634920626,24.871757646147866,1
4023,4,0,0,47,0.0,0.0,1.0,47,1000,700,300,0.7,13,7,6,332.72612433681644,0.40115248226950356,0.1287893052155904,0.18871609137095846,130085.41907793185,-743.4365354938552,129341.982542438,4018,1,977.468085106383,41,6,21,36.47960630814614,0.6125508130081302,44.965277777777764,1020.1388888888869,24.881436314363093,0
4024,4,0,0,47,0.0,0.0,1.0,47,1300,500,800,0.38461538461538464,21,5,16,332.41435179394483,0.40007323465926614,0.13312145742835635,0.18952839220084117,130289.17236328153,-737.7607180748178,129551.41164520671,4019,2,978.468085106383,39,8,21,36.28126806788424,0.6177884615384615,44.765625000000014,1020.9375000000022,26.17788461538467,0
4025,4,3,2,48,0.06,0.04,0.96,50,900,600,300,0.6666666666666666,12,6,6,320.2906303881724,0.4072534013605442,0.16877910278250963,0.18614910894837353,131030.32889399686,-1606.4426717144304,129423.88622228244,4020,0,920.7,42,8,21,35.84256104486088,0.6205357142857142,44.04069767441861,1023.8372093023264,24.377076411960154,0
4026,4,0,0,48,0.0,0.0,1.0,48,1450,800,650,0.5517241379310345,21,8,13,324.9570382792466,0.4040983303782506,0.18329377381644374,0.18907590468536595,131074.03175390567,-1081.3141691861474,129992.71758471952,4021,1,951.9583333333334,41,7,21,35.679051217464334,0.6224593495934957,43.998015873015895,1024.0079365079398,24.975803329461947,0
4027,4,0,0,48,0.0,0.0,1.0,48,1350,1000,350,0.7407407407407407,17,10,7,331.155152065692,0.40437536938534274,0.18402239865737147,0.19344855263204025,131226.45817586317,-908.7364575459541,130317.72171831722,4022,2,952.9583333333334,41,7,21,35.366640846888714,0.6239837398373982,43.84920634920636,1024.6031746031765,24.99032133178479,0
4028,4,0,0,48,0.0,0.0,1.0,48,1350,1100,250,0.8148148148148148,16,11,5,332.9830055236522,0.4046247044917258,0.17752597360694367,0.1949035371141562,131302.70460325363,-855.6861575648443,130447.01844568878,4023,3,953.9583333333334,41,7,21,35.24293792146616,0.6247459349593494,43.7748015873016,1024.900793650796,24.997580332946242,0
4029,4,1,1,48,0.02040816326530612,0.02040816326530612,0.9795918367346939,49,1000,700,300,0.7,13,7,6,327.6525684034065,0.40653344671201813,0.1781750579789141,0.19285085720671533,131515.040418837,-1181.7444631932415,130333.29595564374,4024,0,935.469387755102,39,10,22,35.16563843471784,0.6300747863247863,43.56770833333334,1025.7291666666683,26.300747863247906,0
4030,4,0,0,48,0.0,0.0,1.0,48,1150,600,550,0.5217391304347826,17,6,11,334.91303920636676,0.40437536938534274,0.17628677092853962,0.19712424967514022,131515.0404188369,-790.7796223958283,130724.26079644107,4025,5,955.9583333333334,39,9,23,34.97945651805963,0.6300747863247864,43.567708333333336,1025.7291666666674,26.30074786324788,0
4031,4,0,0,48,0.0,0.0,1.0,48,1250,900,350,0.72,16,9,7,334.2129264906483,0.40429225768321514,0.17078933563475118,0.19698761897105901,131568.46923828128,-805.6233723958329,130762.84586588545,4026,6,956.9583333333334,39,9,19,34.94358564321249,0.6306089743589745,43.515625,1025.9375000000002,26.306089743589748,0
4032,4,0,0,48,0.0,0.0,1.0,48,1250,600,650,0.48,19,6,13,331.77629133470435,0.40369200650118203,0.17334799278304036,0.19614614343707715,131684.26890432098,-862.0563271604913,130822.21257716049,4027,7,957.9583333333334,41,7,19,34.8894903022102,0.6285569105691057,43.40277777777778,1026.388888888889,25.03387533875339,0
4033,4,0,0,48,0.0,0.0,1.0,48,1300,800,500,0.6153846153846154,18,8,10,332.5116572148709,0.40314716312056736,0.15907004830917892,0.19710742566860906,131786.11288265308,-835.9162414965942,130950.19664115648,4028,8,958.9583333333334,41,7,19,34.76811594202898,0.6295731707317073,43.30357142857143,1026.7857142857144,25.043554006968645,0
4034,4,0,0,48,0.0,0.0,1.0,48,1550,1100,450,0.7096774193548387,20,11,9,334.9669478948831,0.4033133865248227,0.15286561423835754,0.1994969913368202,131964.43457301895,-759.2552240803761,131205.17934893857,4029,9,959.9583333333334,41,7,20,34.52566299765054,0.6313516260162602,43.129960317460316,1027.480158730158,25.06049167634532,0
4035,4,1,2,47,0.02040816326530612,0.04081632653061224,0.9591836734693877,49,1100,900,200,0.8181818181818182,13,9,4,329.11511327711963,0.4066928854875283,0.15558580696269453,0.19735750352109302,132223.54144131948,-1096.6468361276518,131126.89460519183,4030,0,941.3469387755102,42,7,21,34.4156302996043,0.6324404761904763,42.87790697674418,1028.488372093022,24.48781838316719,0
4036,4,0,1,46,0.0,0.02127659574468085,0.9787234042553191,47,1550,1200,350,0.7741935483870968,19,12,7,344.63689938814514,0.4001503237742831,0.14965780299635378,0.2056231836880419,132032.19112507423,-299.36700624629793,131732.82411882794,4031,11,982.1276595744681,40,7,21,34.20906259270246,0.6335937500000002,43.064024390243894,1027.7439024390233,25.693597560975583,0
4037,4,0,1,45,0.0,0.021739130434782608,0.9782608695652174,46,950,600,350,0.631578947368421,13,6,7,348.9234379067107,0.3979166666666667,0.15023410014724958,0.20754420655223013,131916.021050347,5.7183159721982975,131921.73936631918,4032,12,1004.2391304347826,39,7,21,34.21592983167715,0.6340811965811968,43.17708333333332,1027.2916666666647,26.340811965811916,0
4038,4,0,0,45,0.0,0.0,1.0,45,1100,700,400,0.6363636363636364,15,7,8,366.90748124100514,0.3984638047138047,0.12694713279346903,0.2208861566614991,132371.8572361027,722.7703791662398,133094.62761526892,4033,13,1017.6222222222223,40,5,18,33.294448284943044,0.6369791666666667,42.73373983739837,1029.0650406504053,25.726626016260134,8
4039,4,2,2,45,0.0425531914893617,0.0425531914893617,0.9574468085106383,47,1100,800,300,0.7272727272727273,14,8,6,352.71267422095184,0.4038313290163429,0.11128502382221939,0.21492885616321078,132827.1701388891,-30.026976336812652,132797.1431625523,4034,0,975.2765957446809,39,8,17,33.20196712476422,0.6431623931623931,42.29166666666668,1030.833333333335,26.431623931623978,0
4040,4,0,0,45,0.0,0.0,1.0,45,1150,1000,150,0.8695652173913043,13,10,3,363.7639999112689,0.3989057239057239,0.1140228931078604,0.22010804740393758,132562.98539201205,644.3283612754989,133207.31375328754,4035,15,1019.6222222222223,38,7,18,33.18290279074594,0.6422697368421051,42.548076923076934,1029.807692307694,27.100202429149842,0
4041,4,0,0,45,0.0,0.0,1.0,45,1400,1200,200,0.8571428571428571,16,12,4,365.7902183824362,0.3984638047138047,0.10623811992396748,0.22230917809064898,132728.0700402697,710.125945101917,133438.19598537163,4036,16,1020.6222222222223,38,7,17,32.964618973561436,0.6439144736842104,42.38782051282052,1030.448717948719,27.11707152496629,0
4042,4,1,0,46,0.021739130434782608,0.0,1.0,46,1100,800,300,0.7272727272727273,14,8,6,362.4194529192688,0.40241545893719805,0.10852005338203274,0.22211647659111639,133042.01388888902,443.40277777779716,133485.41666666683,4037,0,999.4130434782609,39,7,18,32.73593161012386,0.6452991452991452,42.08333333333334,1031.6666666666679,26.452991452991483,0
4043,4,0,0,46,0.0,0.0,1.0,46,1350,800,550,0.5925925925925926,19,8,11,363.18289006708557,0.4016304347826087,0.11058276756443641,0.22306589534374588,133122.62505425364,469.5719401041865,133592.19699435783,4038,1,1000.4130434782609,39,7,18,32.635278927357774,0.6461004273504274,42.00520833333334,1031.979166666668,26.46100427350431,0
4044,4,0,0,46,0.0,0.0,1.0,46,1000,600,400,0.6,14,6,8,362.53637307116367,0.40165056360708534,0.11015134973133756,0.22271971376513394,133131.14636005348,452.9765888360015,133584.12294888948,4039,2,1001.4130434782609,40,6,18,32.64340226489414,0.64453125,41.99695121951219,1032.0121951219508,25.80030487804877,0
4045,4,0,0,46,0.0,0.0,1.0,46,1000,700,300,0.7,13,7,6,360.5147873655201,0.40165056360708534,0.11009979439346096,0.22167824159284072,133164.85969387725,401.5802154194738,133566.43990929672,4040,3,1002.4130434782609,41,5,18,32.661716647443285,0.6432926829268294,41.9642857142857,1032.1428571428548,25.174216027874508,0
4046,4,1,1,46,0.02127659574468085,0.02127659574468085,0.9787234042553191,47,900,600,300,0.6666666666666666,12,6,6,353.898114132443,0.4056429232192414,0.10459279896700457,0.21897317439152467,133397.13588613938,41.798964154774694,133438.93485029414,4041,0,982.063829787234,42,5,18,32.59954507081887,0.6440972222222223,41.739341085271306,1033.0426356589126,24.59625322997411,0
4047,4,0,0,46,0.0,0.0,1.0,46,950,500,450,0.5263157894736842,14,5,9,359.56093812820325,0.40150966183574877,0.10659045057162042,0.22185357468740138,133292.88435570963,385.3829089505898,133678.26726466022,4042,5,1004.4130434782609,41,5,18,32.557862586863926,0.6445630081300815,41.840277777777764,1032.6388888888869,25.18631436314358,0
4048,4,0,0,46,0.0,0.0,1.0,46,1200,700,500,0.5833333333333334,17,7,10,363.64554093956747,0.40139895330112724,0.10729258881892112,0.22483832376857316,133369.72867850823,499.86142605188047,133869.5901045601,4043,6,1005.4130434782609,41,5,18,32.37530413625303,0.6453252032520326,41.765873015873005,1032.9365079365064,25.193573364305035,0
4049,4,2,2,46,0.041666666666666664,0.041666666666666664,0.9583333333333334,48,1100,800,300,0.7272727272727273,14,8,6,350.58463909614517,0.40547429078014185,0.10308191701869873,0.21906697614239795,133761.16569378352,-220.95989723636777,133540.20579654715,4044,0,964.4791666666666,40,8,15,32.32062743556996,0.65078125,41.38719512195122,1034.4512195121956,25.86128048780489,0
4050,4,0,0,46,0.0,0.0,1.0,46,950,600,350,0.631578947368421,13,6,7,365.1031055023497,0.40141908212560384,0.10015190874688717,0.2267013762920236,133527.42735955864,550.2556797428454,134077.68303930148,4045,8,1007.4130434782609,38,8,18,32.17946730066845,0.6518640350877194,41.61324786324786,1033.5470085470076,27.19860548807915,0
4051,4,0,0,46,0.0,0.0,1.0,46,1050,700,350,0.6666666666666666,14,7,7,363.6251160494728,0.4008252818035427,0.10092285158443803,0.22628940501676825,133610.25646732768,516.8090026663624,134127.06546999404,4046,9,1008.4130434782609,38,8,18,32.13461472219352,0.652686403508772,41.53311965811965,1033.8675213675206,27.207040035987383,0
4052,4,0,0,46,0.0,0.0,1.0,46,900,600,300,0.6666666666666666,12,6,6,362.6196268335168,0.4000905797101449,0.11064927715875617,0.22633917520150046,133720.73522764607,497.95262163049165,134218.68784927655,4047,10,1009.4130434782609,38,8,17,32.049891540130155,0.6537828947368423,41.426282051282044,1034.2948717948702,27.218286099865008,0
4053,4,0,0,46,0.0,0.0,1.0,46,850,500,350,0.5882352941176471,12,5,7,363.56101890367586,0.4000905797101449,0.10581326437153149,0.2274370095002065,133803.62426035505,529.1563938198565,134332.78065417492,4048,11,1010.4130434782609,38,8,18,31.94250826104915,0.6546052631578947,41.34615384615385,1034.6153846153848,27.226720647773284,0
4054,4,0,0,46,0.0,0.0,1.0,46,1300,700,600,0.5384615384615384,19,7,12,363.91415617901094,0.3990136876006441,0.11154933369228703,0.2286853549529581,133969.47937212346,550.6780078895358,134520.157380013,4049,12,1011.4130434782609,38,8,18,31.767285861713106,0.65625,41.18589743589743,1035.2564102564093,27.243589743589716,0
4055,4,0,0,46,0.0,0.0,1.0,46,1350,700,650,0.5185185185185185,20,7,13,366.87596228966777,0.3987117552334944,0.10371221990050628,0.23182644986868095,134172.79188368074,644.9544270833527,134817.74631076408,4050,13,1012.4130434782609,39,7,18,31.48711374757022,0.6565170940170939,40.98958333333334,1036.041666666668,26.565170940170976,0
4056,4,0,0,46,0.0,0.0,1.0,46,1000,800,200,0.8,12,8,4,365.71803742329706,0.3993256843800322,0.10581166703080602,0.23177671798482866,134280.7345920141,621.7773437500242,134902.51193576414,4051,14,1013.4130434782609,39,7,18,31.409128978224473,0.65758547008547,40.88541666666668,1036.458333333335,26.575854700854745,0
4057,4,0,0,46,0.0,0.0,1.0,46,1900,1500,400,0.7894736842105263,23,15,8,367.89729197916125,0.39818840579710146,0.12126767941330518,0.23488827103284932,134550.78125000017,700.1736111111252,135250.9548611113,4052,15,1014.4130434782609,39,7,19,31.08266398929049,0.6602564102564102,40.62500000000001,1037.5000000000014,26.602564102564138,0
4058,4,0,1,45,0.0,0.021739130434782608,0.9782608695652174,46,1300,1000,300,0.7692307692307693,16,10,6,366.48203592212883,0.39826892109500805,0.12453265233007804,0.23471711448165597,134664.5662607728,670.4288819637036,135334.9951427365,4053,16,1015.4130434782609,37,9,19,31.005704627086416,0.6649774774774774,40.51535087719299,1037.9385964912299,28.05239449976297,0
4059,4,0,0,45,0.0,0.0,1.0,45,1350,1000,350,0.7407407407407407,17,10,7,368.1392988259741,0.39642255892255895,0.13921043984415338,0.23614789168592992,134721.47680055417,919.2540012311606,135640.73080178534,4054,17,1037.0222222222221,37,8,19,30.905858329812695,0.6655405405405406,40.46052631578948,1038.1578947368432,28.05832147937414,0
4060,4,0,0,45,0.0,0.0,1.0,45,1100,700,400,0.6363636363636364,15,7,8,367.18409382599833,0.395770202020202,0.13873049395752668,0.23590457045673047,134778.39936326578,897.6968875038635,135676.09625076965,4055,18,1038.0222222222221,37,8,19,30.873812038014783,0.6661036036036035,40.40570175438597,1038.3771929824575,28.064248458985336,0
4061,4,0,0,45,0.0,0.0,1.0,45,1000,700,300,0.7,13,7,6,364.0784134396807,0.3953493265993266,0.1417549292140241,0.23446055815867387,134863.80575032692,820.2000856032562,135684.00583593018,4056,19,1039.0222222222221,37,8,18,30.869202822055673,0.6669481981981982,40.3234649122807,1038.7061403508765,28.073138928402066,0
4062,4,0,0,45,0.0,0.0,1.0,45,1000,700,300,0.7,13,7,6,363.89495395509965,0.39539141414141415,0.14578453096971655,0.23508060522375457,134977.723013331,823.5424601800569,135801.26547351107,4057,20,1040.0222222222221,37,8,18,30.760327635327634,0.6680743243243243,40.213815789473685,1039.1447368421052,28.084992887624466,0
4063,4,0,0,45,0.0,0.0,1.0,45,450,200,250,0.4444444444444444,7,2,5,363.89495395509965,0.39539141414141415,0.14578453096971655,0.23508060522375457,134977.723013331,823.5424601800569,135801.26547351107,4058,21,1041.0222222222221,37,8,18,30.760327635327634,0.6680743243243243,40.213815789473685,1039.1447368421052,28.084992887624466,0
4064,4,0,0,45,0.0,0.0,1.0,45,850,600,250,0.7058823529411765,11,6,5,364.3096410425431,0.39532828282828286,0.14394035309840358,0.2355338866167274,135006.20984341338,836.8127693136383,135843.022612727,4059,22,1042.0222222222221,37,8,18,30.72114370120279,0.6683558558558558,40.18640350877193,1039.2543859649124,28.087956377430068,0
4065,4,0,0,45,0.0,0.0,1.0,45,1500,1100,400,0.7333333333333333,19,11,8,366.61308387770345,0.39412878787878786,0.1536216993732662,0.23804170416155387,135161.1139076085,910.3665580027961,136071.4804656113,4060,23,1043.0222222222221,38,7,18,30.506823863830956,0.6680372807017543,40.03739316239317,1039.8504273504288,27.364484930274443,0
4066,4,0,0,45,0.0,0.0,1.0,45,1050,500,550,0.47619047619047616,16,5,11,367.60156947763454,0.39442340067340065,0.1350885242044586,0.2316208688269679,134067.73147747343,857.5263827984877,134925.2578602719,4061,24,1044.0222222222221,37,8,15,31.573473619198865,0.6590653153153154,41.0910087719298,1035.6359649122774,27.990161213845333,3
4067,4,0,0,45,0.0,0.0,1.0,45,1400,1100,300,0.7857142857142857,17,11,6,363.8864777770342,0.39438131313131314,0.13150401486027352,0.2303476960127755,134238.12044330902,769.4873663049657,135007.60780961398,4062,25,1045.0222222222221,37,8,15,31.49920202447712,0.6607545045045047,40.92653508771927,1036.2938596491192,28.007942152678897,0
4068,4,0,0,45,0.0,0.0,1.0,45,1000,700,300,0.7,13,7,6,366.1354030114576,0.3941708754208754,0.13656334849606866,0.23213131889116695,134294.9408111145,834.0264552554165,135128.96726636993,4063,26,1046.0222222222221,37,8,15,31.384106456504107,0.6613175675675678,40.871710526315766,1036.5131578947332,28.013869132290086,0
4069,4,0,0,45,0.0,0.0,1.0,45,1450,1000,450,0.6896551724137931,19,10,9,365.4400132442892,0.39356060606060606,0.1410846700746229,0.232050727013079,134351.77320185016,819.5027556555435,135171.2759575057,4064,27,1047.0222222222221,37,8,15,31.345297902344424,0.6618806306306309,40.81688596491226,1036.7324561403477,28.01979611190129,0
4070,4,0,0,45,0.0,0.0,1.0,45,850,600,250,0.7058823529411765,11,6,5,362.12696015174186,0.39322390572390575,0.1384606346856534,0.23030495374277168,134408.61761551595,734.596823060903,135143.21443857686,4065,28,1048.0222222222221,37,8,15,31.374356737513647,0.6624436936936938,40.76206140350875,1036.951754385962,28.025723091512486,0
4071,4,1,0,46,0.021739130434782608,0.0,1.0,46,1100,700,400,0.6363636363636364,15,7,8,342.32343045182705,0.39493760064412237,0.11269025753002371,0.2103021437530736,133131.14636005362,-79.6602561547495,133051.48610389887,4066,0,1026.2173913043478,40,6,15,33.164902346955515,0.64453125,41.9969512195122,1032.012195121952,25.8003048780488,5
4072,4,0,0,46,0.0,0.0,1.0,46,1050,800,250,0.7619047619047619,13,8,5,343.0040265052422,0.3946960547504026,0.11694868820389459,0.2110170743315412,133183.5911680382,-63.498392986979525,133120.09277505122,4067,1,1027.2173913043478,40,6,15,33.094786846509805,0.6450520833333333,41.94613821138211,1032.2154471544713,25.805386178861784,0
4073,4,0,1,45,0.0,0.021739130434782608,0.9782608695652174,46,1350,1000,350,0.7407407407407407,17,10,7,343.0040265052422,0.3946960547504026,0.11694868820389459,0.2110170743315412,133183.5911680382,-63.498392986979525,133120.09277505122,4068,2,1028.2173913043478,40,6,15,33.094786846509805,0.6450520833333333,41.94613821138211,1032.2154471544713,25.805386178861784,0
4074,4,0,0,45,0.0,0.0,1.0,45,550,200,350,0.36363636363636365,9,2,7,347.6770905134009,0.39404461279461284,0.11765040597027987,0.21344094178192707,133104.92782900395,255.50680811686507,133360.4346371208,4069,3,1048.6888888888889,40,5,15,33.053066115159865,0.6442708333333333,42.02235772357724,1031.9105691056914,25.797764227642283,0
4075,4,0,0,45,0.0,0.0,1.0,45,1150,900,250,0.782608695652174,14,9,5,346.7530404914421,0.39320286195286197,0.1231607271772659,0.21347378092800431,133209.81744497325,238.18184447088592,133447.99928944412,4070,4,1049.6888888888889,40,5,17,32.97175461048762,0.6453125,41.920731707317074,1032.3170731707319,25.807926829268297,0
4076,4,0,0,45,0.0,0.0,1.0,45,1500,1000,500,0.6666666666666666,20,10,10,347.24090442132706,0.39265572390572395,0.12281254099435901,0.2146810555072002,133367.2293277812,262.1114663890641,133629.34079417028,4071,5,1050.6888888888889,40,5,17,32.80143152302242,0.646875,41.768292682926834,1032.9268292682937,25.823170731707343,0
4077,4,0,0,45,0.0,0.0,1.0,45,500,400,100,0.8,6,4,2,349.62547382841257,0.39265572390572395,0.12194786030496818,0.21630815224989738,133393.47367844867,327.5512880891002,133721.02496653778,4072,6,1051.6888888888889,40,5,17,32.71355959993441,0.6471354166666667,41.74288617886179,1033.0284552845528,25.82571138211382,0
4078,4,0,0,45,0.0,0.0,1.0,45,950,700,250,0.7368421052631579,12,7,5,349.163462165702,0.3922348484848485,0.12398282023540208,0.21632814867999356,133445.9701256693,318.8913882279124,133764.8615138972,4073,7,1052.6888888888889,40,5,17,32.67290416707648,0.64765625,41.69207317073171,1033.2317073170736,25.83079268292684,0
4079,4,0,1,44,0.0,0.022222222222222223,0.9777777777777777,45,1250,900,350,0.72,16,9,7,346.147592069877,0.3924242424242424,0.12145514675485791,0.21525219157250172,133582.64391116946,247.8672703594072,133830.51118152888,4074,8,1053.6888888888889,38,7,17,32.61398477332232,0.6524122807017544,41.559829059829056,1033.760683760683,27.20422852001797,0
4080,4,0,0,44,0.0,0.0,1.0,44,1150,700,450,0.6086956521739131,16,7,9,353.4806510493438,0.38869802677942217,0.12905089331003783,0.2201406525647071,133637.87187705454,647.6803911900054,134285.55226824453,4075,9,1077.7954545454545,38,6,17,32.369162016945644,0.6529605263157894,41.506410256410255,1033.974358974359,27.209851551956813,0
4081,4,0,1,43,0.0,0.022727272727272728,0.9772727272727273,44,1000,500,500,0.5,15,5,10,352.1250715961122,0.38829060958421424,0.12991774802351141,0.21995322214151963,133748.36205164713,619.2303126597812,134367.5923643069,4076,10,1078.7954545454545,38,6,15,32.29360325001721,0.6540570175438598,41.39957264957264,1034.4017094017079,27.221097615834417,0
4082,4,0,0,43,0.0,0.0,1.0,43,600,500,100,0.8333333333333334,7,5,2,355.2879408435165,0.3876199704688077,0.13220781077809485,0.22180219364506204,133727.278164916,902.3378587642205,134629.61602368022,4077,11,1096.8139534883721,37,6,15,32.232919007738786,0.655686936936937,41.41995614035087,1034.3201754385955,27.954599336178255,0
4083,4,0,0,43,0.0,0.0,1.0,43,1100,800,300,0.7272727272727273,14,8,6,355.86445795162876,0.38660483573274274,0.13686355784135196,0.22284624350958984,133840.71451071478,925.830664242837,134766.54517495763,4078,12,1097.8139534883721,37,6,15,32.10446028045636,0.6568130630630631,41.310307017543856,1034.758771929824,27.966453295400648,0
4084,4,0,0,43,0.0,0.0,1.0,43,1100,800,300,0.7272727272727273,14,8,6,355.01386885539955,0.38667404946474715,0.13858868404322977,0.22248478713527597,133869.08111149567,905.0760811018577,134774.15719259754,4079,13,1098.8139534883721,37,6,15,32.09807868898778,0.6570945945945947,41.282894736842096,1034.86842105263,27.969416785206217,0
4085,4,0,0,43,0.0,0.0,1.0,43,1250,1000,250,0.8,15,10,5,352.8233174312399,0.38630490956072355,0.13537730969493067,0.22179479115750764,133982.57757194512,854.4354993844141,134837.01307132954,4080,14,1099.8139534883721,37,6,15,32.0412342017934,0.6582207207207207,41.17324561403508,1035.3070175438588,27.981270744428617,0
4086,4,0,0,43,0.0,0.0,1.0,43,1250,900,350,0.72,16,9,7,354.7041791739166,0.3864894795127353,0.13684640724017538,0.22366726812261783,134096.1221241151,912.8909856879002,135009.013109803,4081,15,1100.8139534883721,37,6,17,31.879014044745574,0.6593468468468469,41.06359649122807,1035.7456140350876,27.993124703651016,0
4087,4,0,0,43,0.0,0.0,1.0,43,1050,600,450,0.5714285714285714,15,6,9,357.7355617143978,0.3852667035806571,0.14710471268610825,0.2262785179518781,134209.71476800556,1002.3175400123166,135212.0323080179,4082,16,1101.8139534883721,37,6,17,31.686948853615533,0.6604729729729729,40.953947368421055,1036.1842105263158,28.004978662873402,0
4088,4,0,1,42,0.0,0.023255813953488372,0.9767441860465116,43,1200,1000,200,0.8333333333333334,14,10,4,360.64117353590274,0.3860049833887043,0.14927708442502574,0.22864795529409038,134294.94081111494,1086.4570108110156,135381.39782192596,4083,17,1102.8139534883721,37,6,17,31.52647748510173,0.6613175675675675,40.87171052631579,1036.5131578947367,28.01386913229018,0
4089,4,0,0,42,0.0,0.0,1.0,42,550,200,350,0.36363636363636365,9,2,7,366.3363868212167,0.3858885017421603,0.15220090643819484,0.23221488321642408,134288.0295836377,1438.9183102020959,135726.9478938398,4084,18,1124.952380952381,36,6,18,31.385810517166448,0.6631944444444444,40.87837837837838,1036.4864864864865,28.79129129129129,0
4090,4,0,0,42,0.0,0.0,1.0,42,900,500,400,0.5555555555555556,13,5,8,368.11067261058116,0.3851867982965544,0.15726803430474945,0.23371219669331086,134346.39665002836,1490.8684867299646,135837.26513675833,4085,19,1125.952380952381,36,6,18,31.281455934535447,0.6637731481481481,40.82207207207207,1036.7117117117111,28.79754754754753,0
4091,4,0,0,42,0.0,0.0,1.0,42,850,600,250,0.7058823529411765,11,6,5,365.21338706070867,0.384569783197832,0.16055980433220096,0.23242916941548492,134433.9710276155,1419.4171790033336,135853.38820661884,4086,20,1126.952380952381,36,6,18,31.269003149093276,0.6646412037037037,40.737612612612615,1037.04954954955,28.806931931931942,0
4092,4,0,0,42,0.0,0.0,1.0,42,1100,800,300,0.7272727272727273,14,8,6,366.69711709084993,0.3846423732094464,0.16221229005289883,0.2339394082802788,134522.34251163833,1465.7910366651404,135988.13354830348,4087,21,1127.952380952381,37,5,18,31.142211006588465,0.6635698198198197,40.65241228070176,1037.390350877194,28.03757705073497,0
4093,4,0,0,42,0.0,0.0,1.0,42,750,500,250,0.6666666666666666,10,5,5,366.708731887563,0.38527148664343785,0.16657636841685908,0.23432243630591595,134580.80317911945,1470.39714550998,136051.20032462943,4088,22,1128.952380952381,35,7,18,31.083496002974517,0.6681547619047619,40.59606481481481,1037.6157407407402,29.646164021164005,0
4094,4,1,1,42,0.023255813953488372,0.023255813953488372,0.9767441860465116,43,1200,800,400,0.6666666666666666,16,8,8,358.1190381975967,0.38660483573274274,0.16452725948366909,0.23123613474102345,134960.0164987623,1066.3502607337093,136026.366759496,4089,0,1103.6744186046512,36,7,16,30.928028250424475,0.669849537037037,40.23085585585586,1039.0765765765768,28.863238238238246,0
4095,4,0,0,42,0.0,0.0,1.0,42,800,700,100,0.875,9,7,2,366.89609795082293,0.3844125048393341,0.17006764822920806,0.2363885483925795,134881.2066642017,1497.4776823988168,136378.6843466005,4090,24,1130.952380952381,35,7,17,30.778667595171775,0.6711309523809523,40.306712962962955,1038.7731481481471,29.679232804232775,0
4096,4,0,0,42,0.0,0.0,1.0,42,1250,1000,250,0.8,15,10,5,368.4128550949648,0.3837108013937282,0.1690423162583521,0.23835356186979698,135031.53399348413,1549.4705932784507,136581.00458676257,4091,25,1131.952380952381,35,7,17,30.58927245731254,0.6726190476190477,40.16203703703703,1039.351851851851,29.69576719576717,0
4097,4,0,0,42,0.0,0.0,1.0,42,1050,900,150,0.8571428571428571,12,9,3,373.22861419003846,0.38263404955478125,0.1663009778201765,0.24247715824276897,135181.94504726076,1690.7540027006091,136872.69904996137,4092,26,1132.952380952381,35,7,18,30.314065108514175,0.6741071428571428,40.01736111111111,1039.9305555555552,29.712301587301578,0
4098,4,0,0,42,0.0,0.0,1.0,42,1100,700,400,0.6363636363636364,15,7,8,332.45832331486463,0.38297280294231517,0.10907170873981653,0.20961528907544102,134091.86333550367,515.9912109375196,134607.8545464412,4093,27,1133.952380952381,39,3,17,32.45928877937578,0.655715811965812,41.06770833333334,1035.7291666666683,26.557158119658162,7
4099,4,0,0,42,0.0,0.0,1.0,42,600,400,200,0.6666666666666666,8,4,4,332.45832331486463,0.38297280294231517,0.10907170873981653,0.20961528907544102,134091.86333550367,515.9912109375196,134607.8545464412,4094,28,1134.952380952381,39,3,17,32.45928877937578,0.655715811965812,41.06770833333334,1035.7291666666683,26.557158119658162,0
4100,4,0,0,42,0.0,0.0,1.0,42,1150,700,450,0.6086956521739131,16,7,9,333.1729958759533,0.3826824428958575,0.10368185059170898,0.2113068503480951,134307.72705078125,549.5415581597223,134857.26860894097,4095,29,1135.952380952381,39,3,18,32.2255091615583,0.6578525641025641,40.859375,1036.5625,26.578525641025642,0
4101,4,0,0,42,0.0,0.0,1.0,42,650,400,250,0.6153846153846154,9,4,5,333.5883624032013,0.3825493612078978,0.10224314806308432,0.21172649123958268,134334.7222222221,562.4999999999909,134897.2222222221,4096,30,1136.952380952381,39,3,18,32.18783494105038,0.6581196581196582,40.83333333333333,1036.6666666666656,26.581196581196554,0
4102,4,1,2,41,0.023255813953488372,0.046511627906976744,0.9534883720930233,43,1000,700,300,0.7,13,7,6,325.6699892436068,0.38478220745662606,0.10223033574093177,0.2082364847782291,134604.8231336805,167.52387152777334,134772.34700520828,4097,0,1111.4883720930231,39,4,19,32.124155122799976,0.6607905982905983,40.572916666666664,1037.708333333333,26.607905982905976,0
4103,4,0,0,41,0.0,0.0,1.0,41,1200,1000,200,0.8333333333333334,14,10,4,332.1467697305193,0.38109756097560976,0.1130422985317614,0.21158010764723625,134467.66107823787,732.5998520709902,135200.26093030887,4098,32,1162.3902439024391,38,3,19,32.09273279769261,0.6611842105263158,40.7051282051282,1037.1794871794862,27.294197031039108,0
4104,4,0,0,41,0.0,0.0,1.0,41,900,700,200,0.7777777777777778,11,7,4,335.34477181200236,0.380640243902439,0.11343096129210517,0.21394203247664534,134523.07167251068,822.3217546935396,135345.39342720422,4099,33,1163.3902439024391,38,3,19,31.954600068657733,0.6617324561403508,40.6517094017094,1037.3931623931617,27.29982006297794,0
4105,4,0,0,41,0.0,0.0,1.0,41,700,400,300,0.5714285714285714,10,4,6,337.59353070184625,0.3798780487804878,0.11480550938631429,0.21604616417126263,134636.1154994805,890.4591718587931,135526.5746713393,4100,34,1164.3902439024391,37,4,19,31.78365469272759,0.6646959459459459,40.54276315789473,1037.8289473684204,28.049431009957306,0
4106,4,0,0,41,0.0,0.0,1.0,41,1250,1000,250,0.8,15,10,5,336.5911805077783,0.3795223577235773,0.12075102377211744,0.21624955762609616,134778.3993632655,873.0441097260574,135651.44347299155,4101,35,1165.3902439024391,37,4,19,31.667986624428018,0.6661036036036037,40.40570175438596,1038.3771929824552,28.064248458985276,0
4107,4,0,1,40,0.0,0.024390243902439025,0.975609756097561,41,1200,800,400,0.6666666666666666,16,8,8,340.21645345294945,0.3795223577235773,0.12373158586973143,0.21337562153770012,133897.4507180092,910.8231619344239,134808.27387994362,4102,36,1166.3902439024391,37,4,17,32.45256824522372,0.6573761261261262,41.25548245614034,1034.978070175437,27.972380275011812,1
4108,4,0,0,40,0.0,0.0,1.0,40,850,400,450,0.47058823529411764,13,4,9,341.57120184023375,0.3778979700854701,0.11151942117288649,0.21429221270399934,133908.95276611077,1147.8883866975164,135056.84115280828,4103,37,1136.35,36,4,18,32.40602219562616,0.6594328703703705,41.24436936936937,1035.022522522523,28.75062562562564,0
4109,4,0,0,40,0.0,0.0,1.0,40,1250,900,350,0.72,16,9,7,342.9985873704576,0.3766426282051282,0.11410514298140662,0.21621370857067201,134083.84471887446,1198.1138655547659,135281.95858442923,4104,38,1137.35,36,4,19,32.194374977347685,0.6611689814814814,41.07545045045046,1035.6981981981999,28.76939439439444,0
4110,4,0,1,39,0.0,0.025,0.975,40,1200,700,500,0.5833333333333334,17,7,10,342.9985873704576,0.3766426282051282,0.11410514298140662,0.21621370857067201,134083.84471887446,1198.1138655547659,135281.95858442923,4105,39,1138.35,36,4,19,32.194374977347685,0.6611689814814814,41.07545045045046,1035.6981981981999,28.76939439439444,0
4111,4,0,0,39,0.0,0.0,1.0,39,700,500,200,0.7142857142857143,9,5,4,344.9306718927572,0.37528115159694103,0.10008864803385387,0.21760441152740626,134113.0044740688,1451.937748559387,135564.9422226282,4106,40,1103.6410256410256,36,3,19,32.11522432412844,0.6614583333333333,41.047297297297305,1035.8108108108117,28.77252252252255,0
4112,4,0,0,39,0.0,0.0,1.0,39,950,800,150,0.8421052631578947,11,8,3,342.2956049149338,0.3758434547908232,0.09823299888517312,0.21628568442427157,134171.33349565798,1385.2515522279243,135556.5850478859,4107,41,1104.6410256410256,36,3,19,32.12522644927538,0.662037037037037,40.990990990991,1036.0360360360373,28.778778778778815,0
4113,4,1,0,40,0.025,0.0,1.0,40,1000,600,400,0.6,14,6,8,340.47837938097786,0.37728365384615387,0.10331325301204841,0.21738234991247032,134550.78124999988,1162.3263888888746,135713.10763888876,4108,0,1078.0,37,3,20,31.793842034805884,0.6638513513513514,40.62499999999999,1037.499999999999,28.040540540540515,0
4114,4,0,0,40,0.0,0.0,1.0,40,850,700,150,0.8235294117647058,10,7,3,334.4563365803886,0.37728365384615387,0.13609773448615536,0.20118022036438526,132340.06123944905,861.0749685496465,133201.1362079987,4109,1,1079.0,36,4,23,34.16124001313342,0.6438078703703705,42.76463963963965,1028.9414414414425,28.581706706706736,4
4115,4,0,0,40,0.0,0.0,1.0,40,950,600,350,0.631578947368421,13,6,7,333.9181968383245,0.37654914529914535,0.13494940978077552,0.20164306591153397,132487.35592689036,848.0004805974212,133335.3564074878,4110,2,1080.0,35,5,23,34.02719224283305,0.6473214285714286,42.62152777777777,1029.5138888888882,29.41468253968252,0
4116,4,0,0,40,0.0,0.0,1.0,40,1100,800,300,0.7272727272727273,14,8,6,335.4215186251855,0.37645566239316236,0.1328790603574248,0.20287187295773432,132546.94097490123,891.8192461848237,133438.76022108606,4111,3,1081.0,35,5,23,33.92868850923533,0.6479166666666668,42.5636574074074,1029.7453703703688,29.42129629629625,0
4117,4,0,0,40,0.0,0.0,1.0,40,1250,600,650,0.48,19,6,13,335.5768581302599,0.37582799145299145,0.13222553095853495,0.20328784618796308,132606.5394188312,899.9371731395494,133506.47659197074,4112,4,1082.0,35,5,23,33.86487713975353,0.6485119047619048,42.505787037037024,1029.97685185185,29.427910052909997,0
4118,4,0,0,40,0.0,0.0,1.0,40,1200,900,300,0.75,15,9,6,336.24481332582405,0.3751068376068376,0.13109223035733808,0.20445025161093805,132745.92318247305,927.0256320509743,133672.94881452402,4113,5,1083.0,36,4,19,33.707837030561315,0.6478587962962963,42.3704954954955,1030.5180180180184,28.62550050050051,0
4119,4,0,0,40,0.0,0.0,1.0,40,600,200,400,0.3333333333333333,10,2,8,339.73264217946365,0.37522702991452994,0.13347170635787586,0.207051438516033,132832.97444403885,1025.5394752861155,133858.51391932496,4114,6,1084.0,36,4,20,33.53065144563394,0.6487268518518519,42.286036036036045,1030.8558558558575,28.63488488488493,0
4120,4,0,0,40,0.0,0.0,1.0,40,1200,800,400,0.6666666666666666,16,8,8,338.0372814377476,0.3749332264957265,0.13508081667375627,0.2064222464052324,132906.30290089268,985.4570637119239,133891.7599646046,4115,7,1085.0,37,3,20,33.500815255919484,0.6475225225225224,42.21491228070176,1031.1403508771937,27.868658131816044,0
4121,4,0,0,40,0.0,0.0,1.0,40,1150,800,350,0.6956521739130435,15,8,7,335.9263853596825,0.3743990384615385,0.13673718902828003,0.20544366584480994,132962.8407298401,933.1452947060809,133895.98602454618,4116,8,1086.0,37,3,20,33.49856474590687,0.6480855855855854,42.160087719298254,1031.3596491228082,27.874585111427248,0
4122,4,0,0,40,0.0,0.0,1.0,40,450,300,150,0.6666666666666666,6,3,3,334.69519818757135,0.37414529914529915,0.1328186456893805,0.20484565578077335,132991.11415291257,902.2974617190098,133893.4116146316,4117,9,1087.0,37,3,20,33.50197990857873,0.648367117117117,42.1326754385965,1031.4692982456152,27.877548601232842,0
4123,4,0,0,40,0.0,0.0,1.0,40,800,700,100,0.875,9,7,2,333.76931372109925,0.37431891025641023,0.13260745727602297,0.20434639974490904,133003.4394061839,878.4933386295684,133881.93274481347,4118,10,1088.0,38,2,20,33.5135076816848,0.6466557017543859,42.1207264957265,1031.517094017095,27.14518668466039,0
4124,4,0,0,40,0.0,0.0,1.0,40,650,500,150,0.7692307692307693,8,5,3,326.7775162995252,0.3731837606837607,0.1219720496894412,0.20080603100848715,133141.23109796204,701.5121630506435,133842.74326101269,4119,11,1089.0,38,2,20,33.55590062111801,0.6480263157894736,41.987179487179496,1032.0512820512834,27.159244264507457,0
4125,4,1,0,41,0.024390243902439025,0.0,1.0,41,1050,900,150,0.8571428571428571,12,9,3,319.9791883454732,0.37571138211382116,0.12804878048780477,0.19838709677419367,133472.22222222248,341.6666666666913,133813.88888888917,4120,0,1063.4146341463415,39,2,21,33.40053763440861,0.6495726495726495,41.66666666666668,1033.3333333333353,26.495726495726547,0
4126,4,0,0,41,0.0,0.0,1.0,41,1250,800,450,0.64,17,8,9,321.0103117838528,0.37538109756097565,0.12092924578338837,0.19948346797537111,133557.21381819402,374.64856975223313,133931.86238794625,4121,1,1064.4146341463415,37,4,21,33.28902354937944,0.6539977477477477,41.584429824561404,1033.6622807017543,27.936818397344712,0
4127,4,0,0,41,0.0,0.0,1.0,41,800,600,200,0.75,10,6,4,318.6537251710264,0.37515243902439027,0.12109192896867493,0.19859944661496234,133665.49014034998,318.6012720067291,133984.0914123567,4122,2,1065.4146341463415,38,3,21,33.24185521920309,0.6532346491228069,41.47970085470086,1034.0811965811972,27.212663067926243,0
4128,4,0,0,41,0.0,0.0,1.0,41,850,500,350,0.5882352941176471,12,5,7,320.09993922329306,0.3752286585365854,0.1276122956457333,0.19979932376664736,133720.73522764628,360.7998438527282,134081.535071499,4123,3,1066.4146341463415,38,3,18,33.14933891126952,0.6537828947368421,41.42628205128205,1034.2948717948716,27.218286099865043,0
4129,4,0,0,41,0.0,0.0,1.0,41,900,700,200,0.7777777777777778,11,7,4,321.39204820276126,0.37461890243902435,0.1347356967993476,0.20105688596870408,133803.62426035502,400.68417159763476,134204.30843195267,4124,4,1067.4146341463415,38,3,18,33.033224907063214,0.6546052631578947,41.34615384615385,1034.6153846153845,27.226720647773277,0
4130,4,0,0,41,0.0,0.0,1.0,41,800,400,400,0.5,12,4,8,317.74313018219755,0.37454268292682924,0.1281073200945697,0.19922185773947865,133886.53897518068,308.3055966469308,134194.84457182762,4125,5,1068.4146341463415,38,3,18,33.04493135129555,0.6554276315789473,41.266025641025635,1034.9358974358965,27.23515519568149,0
4131,4,0,1,40,0.0,0.024390243902439025,0.975609756097561,41,850,700,150,0.8235294117647058,10,7,3,316.4365414898958,0.3742378048780488,0.12699739008534472,0.1989997744048395,133997.1318782415,280.31779622323097,134277.44967446473,4126,6,1069.4146341463415,38,3,18,32.96851890069825,0.6565241228070176,41.15918803418803,1035.3632478632467,27.24640125955912,0
4132,4,0,0,40,0.0,0.0,1.0,40,750,500,250,0.6666666666666666,10,5,5,323.8889322227474,0.375133547008547,0.12851769442678584,0.20297900015393666,133869.08111149567,671.7427477685246,134540.8238592642,4127,7,1086.85,37,3,18,32.90333403969768,0.6570945945945947,41.282894736842096,1034.86842105263,27.969416785206217,0
4133,4,0,1,39,0.0,0.025,0.975,40,1050,600,450,0.5714285714285714,15,6,9,324.210339720243,0.37375801282051285,0.12553658033226767,0.2038885400537879,133997.1318782415,688.6511295565638,134685.78300779805,4128,8,1087.85,38,2,18,32.7673012760981,0.6565241228070176,41.15918803418803,1035.3632478632467,27.24640125955912,0
4134,4,0,0,39,0.0,0.0,1.0,39,1300,1000,300,0.7692307692307693,16,10,6,326.54496318128963,0.3734817813765183,0.12423655108389409,0.20591079587519745,134096.12212411495,957.6826523545526,135053.8047764695,4129,9,1102.5897435897436,37,2,19,32.608158656221335,0.659346846846847,41.06359649122806,1035.7456140350864,27.993124703650984,0
4135,4,0,0,39,0.0,0.0,1.0,39,650,400,250,0.6153846153846154,9,4,5,328.89953906081405,0.3730319388214125,0.12183286654074155,0.20771676771701675,134152.9124345951,1024.566212680811,135177.47864727592,4130,10,1103.5897435897436,37,2,19,32.49056237651706,0.6599099099099099,41.008771929824555,1035.9649122807007,27.99905168326218,0
4136,4,0,0,39,0.0,0.0,1.0,39,900,600,300,0.6666666666666666,12,6,6,325.73665686767663,0.37289136302294196,0.11768343789924218,0.2065183512656032,134294.94081111468,948.9570108109858,135243.89782192567,4131,11,1104.5897435897436,37,2,20,32.43095225501604,0.6613175675675678,40.87171052631577,1036.5131578947346,28.013869132290125,0
4137,4,0,0,39,0.0,0.0,1.0,39,1100,900,200,0.8181818181818182,13,9,4,326.5593161624816,0.3717386414754836,0.12342827398864653,0.2078464342035495,134437.04433094777,980.3338527238923,135417.37818367165,4132,12,1105.5897435897436,37,2,20,32.268097554098816,0.6627252252252254,40.73464912280701,1037.0614035087704,28.02868658131812,0
4138,4,0,0,39,0.0,0.0,1.0,39,750,700,50,0.9333333333333333,8,7,1,327.0119498019681,0.37112010796221323,0.12291756441423529,0.20862171659315015,134522.34251163804,998.0827033317778,135520.42521496981,4133,13,1106.5897435897436,37,2,21,32.171436247049286,0.6635698198198199,40.652412280701746,1037.3903508771918,28.037577050734914,0
4139,4,0,0,39,0.0,0.0,1.0,39,750,400,350,0.5333333333333333,11,4,7,327.0119498019681,0.37112010796221323,0.12291756441423529,0.20862171659315015,134522.34251163804,998.0827033317778,135520.42521496981,4134,14,1107.5897435897436,37,2,21,32.171436247049286,0.6635698198198199,40.652412280701746,1037.3903508771918,28.037577050734914,0
4140,4,0,0,39,0.0,0.0,1.0,39,1100,900,200,0.8181818181818182,13,9,4,324.26035841062554,0.3706983805668016,0.12453748097103245,0.20767581547462644,134664.5662607725,933.2761041858967,135597.8423649584,4135,15,1108.5897435897436,37,2,21,32.10129234453131,0.6649774774774775,40.51535087719298,1037.9385964912276,28.052394499762908,0
4141,4,0,0,39,0.0,0.0,1.0,39,1100,800,300,0.7272727272727273,14,8,6,325.95805132624173,0.3703047683310841,0.1266025641025641,0.2097469199838426,134835.3339489074,990.1325407817858,135825.4664896892,4136,16,1109.5897435897436,37,2,15,31.887404983108098,0.6666666666666666,40.35087719298246,1038.5964912280706,28.070175438596504,0
4142,4,0,0,39,0.0,0.0,1.0,39,900,700,200,0.7777777777777778,11,7,4,329.05773729584723,0.37047345928924874,0.1331190267450293,0.2124081143471018,134949.23918898145,1081.2182594644794,136030.45744844593,4137,17,1110.5897435897436,37,2,15,31.693664696777837,0.6677927927927927,40.24122807017545,1039.0350877193,28.082029397818918,0
4143,4,0,0,39,0.0,0.0,1.0,39,1250,900,350,0.72,16,9,7,326.7879699336153,0.3705578047683311,0.13178388935325347,0.211441854402781,135034.6996792284,1025.5430757540992,136060.2427549825,4138,18,1111.5897435897436,37,2,16,31.667699651862016,0.6686373873873872,40.158991228070185,1039.3640350877206,28.09091986723569,0
4144,4,0,0,39,0.0,0.0,1.0,39,1200,800,400,0.6666666666666666,16,8,8,335.5665277698774,0.3705578047683311,0.12423414819407053,0.20903472577903726,133646.8288389739,1224.2599356054125,134871.0887745793,4139,19,1112.5897435897436,36,3,21,32.82327742684964,0.6568287037037038,41.49774774774774,1034.0090090090073,28.722472472472425,5
4145,4,1,0,40,0.025,0.0,1.0,40,1150,1000,150,0.8695652173913043,13,10,3,327.23178525905695,0.37425213675213675,0.12886570641813222,0.20570722479467451,133982.57757194497,768.6716104955115,134751.2491824405,4140,0,1085.75,37,3,17,32.703611522982435,0.6582207207207208,41.173245614035075,1035.3070175438577,27.981270744428585,0
4146,4,0,0,40,0.0,0.0,1.0,40,1250,900,350,0.72,16,9,7,327.2818784006724,0.3746260683760683,0.1380609652836582,0.20669513282951524,134152.912434595,781.1634349030187,134934.07586949802,4141,1,1086.75,37,3,18,32.53245836861415,0.6599099099099102,41.00877192982455,1035.9649122806998,27.999051683262156,0
4147,4,0,0,40,0.0,0.0,1.0,40,850,600,250,0.7058823529411765,11,6,5,327.67920735976037,0.3743055555555555,0.13808717731696984,0.20758873109681303,134266.52912434575,799.2699676823444,135065.7990920281,4142,2,1087.75,37,3,19,32.40892580053605,0.6610360360360361,40.899122807017534,1036.4035087719283,28.01090564248455,0
4148,4,0,0,40,0.0,0.0,1.0,40,700,500,200,0.7142857142857143,9,5,4,343.2172725303507,0.37466613247863245,0.07762265550492753,0.21492643668672323,133840.7145107148,1233.5051410049175,135074.21965171973,4143,3,1088.75,37,3,16,32.43162993182861,0.6568130630630631,41.310307017543856,1034.7587719298242,27.966453295400655,6
4149,4,0,0,40,0.0,0.0,1.0,40,1150,800,350,0.6956521739130435,15,8,7,341.5665016254472,0.37386485042735046,0.08234406438631803,0.21488424216183152,134010.95920138856,1154.7309027777394,135165.6901041663,4144,4,1089.75,37,3,16,32.30424211938295,0.6585022522522525,41.145833333333314,1035.416666666664,27.98423423423416,0
4150,4,1,0,41,0.024390243902439025,0.0,1.0,41,1050,700,350,0.6666666666666666,14,7,7,334.1834413859074,0.37649898373983737,0.0863967814935882,0.21159134343624658,134246.13284388903,772.5669333040887,135018.69977719313,4145,0,1064.1463414634147,38,3,17,32.260738831615114,0.6589912280701755,40.91880341880341,1036.3247863247846,27.271704903283805,0
4151,4,0,0,41,0.0,0.0,1.0,41,1450,900,550,0.6206896551724138,20,9,11,333.3492189741098,0.37616869918699186,0.08438196107069107,0.21173100041157059,134361.72010633664,757.8748914930367,135119.59499782967,4146,1,1065.1463414634147,39,2,17,32.167122977996584,0.6583867521367522,40.80729166666666,1036.770833333332,26.583867521367484,0
4152,4,0,1,40,0.0,0.024390243902439025,0.975609756097561,41,1150,1000,150,0.8695652173913043,13,10,3,336.9048564522719,0.37670223577235773,0.07930564093270243,0.2149414135431244,134523.76437716998,864.3419053819258,135388.10628255192,4147,2,1066.1463414634147,39,2,18,31.913449308832867,0.6599893162393163,40.65104166666666,1037.395833333332,26.599893162393126,0
4153,4,0,0,40,0.0,0.0,1.0,40,1050,700,350,0.6666666666666666,14,7,7,341.8149155894882,0.37246260683760685,0.08461360123647599,0.21724386089037187,134384.56658859277,1186.9298570019405,135571.4964455947,4148,3,1093.625,38,2,18,31.924909840288493,0.6603618421052633,40.785256410256395,1036.8589743589723,27.28576248313085,0
4154,4,0,0,40,0.0,0.0,1.0,40,900,600,300,0.6666666666666666,12,6,6,341.79760956513377,0.3719150641025641,0.0810865087538617,0.21805879033360345,134523.07167251053,1195.9328658046359,135719.00453831517,4149,4,1094.625,38,2,18,31.787246824579476,0.661732456140351,40.65170940170939,1037.3931623931605,27.299820062977908,0
4155,4,0,0,40,0.0,0.0,1.0,40,1300,1000,300,0.7692307692307693,16,10,6,339.35839747830425,0.37204861111111115,0.08063815932276963,0.21684107311824533,134579.99173159656,1134.175772472734,135714.16750406928,4150,5,1095.625,36,4,18,31.79378301135952,0.6660879629629629,40.59684684684685,1037.6126126126135,28.822572572572597,0
4156,4,0,0,40,0.0,0.0,1.0,40,850,500,350,0.5882352941176471,12,5,7,337.5591204223308,0.3717013888888889,0.07064934360420949,0.21621142549914005,134667.64219878672,1091.658169994329,135759.30036878106,4151,6,1096.625,36,4,19,31.753146359986992,0.6669560185185185,40.51238738738739,1037.9504504504512,28.831956956956976,0
4157,4,0,0,40,0.0,0.0,1.0,40,800,600,200,0.75,10,6,4,337.5591204223308,0.3717013888888889,0.07064934360420949,0.21621142549914005,134667.64219878672,1091.658169994329,135759.30036878106,4152,7,1097.625,36,4,19,31.753146359986992,0.6669560185185185,40.51238738738739,1037.9504504504512,28.831956956956976,0
4158,4,0,0,40,0.0,0.0,1.0,40,1400,1100,300,0.7857142857142857,17,11,6,335.5644556655342,0.37204861111111115,0.07028148389196232,0.21527966017957983,134726.09169558084,1041.857524754499,135767.94922033534,4153,8,1098.625,36,4,19,31.746709693748418,0.6675347222222221,40.45608108108109,1038.1756756756768,28.838213213213244,0
4159,4,0,0,40,0.0,0.0,1.0,40,1000,900,100,0.9,11,9,2,335.43583435234916,0.3717681623931624,0.07209701256201839,0.2160152045424748,134863.8057503271,1047.6306411588266,135911.4363914859,4154,9,1099.625,37,3,16,31.61298339139309,0.6669481981981982,40.323464912280706,1038.7061403508778,28.073138928402102,0
4160,4,0,0,40,0.0,0.0,1.0,40,800,600,200,0.75,10,6,4,333.2388361631107,0.37135416666666665,0.06910088644997892,0.21510703075487986,134949.23918898124,994.0654816866727,135943.30467066792,4155,10,1100.625,37,3,17,31.585056986070065,0.6677927927927928,40.24122807017544,1039.0350877192984,28.082029397818875,0
4161,4,0,1,39,0.0,0.025,0.975,40,1400,1000,400,0.7142857142857143,18,10,8,334.18267014916114,0.3701522435897436,0.06519401096583732,0.21708140025305778,135177.19394429057,1034.775123114806,136211.96906740539,4156,11,1101.625,37,3,18,31.333913257416,0.670045045045045,40.021929824561404,1039.9122807017545,28.105737316263635,0
4162,4,0,0,39,0.0,0.0,1.0,39,950,500,450,0.5263157894736842,14,5,9,340.83264485410575,0.36690283400809715,0.06576816111977024,0.22043058720101927,135018.52940355905,1403.744496185383,136422.27389974444,4157,37,1130.5897435897436,36,3,18,31.318850001805902,0.6704282407407407,40.17454954954955,1039.3018018018024,28.86949449449451,0
4163,4,0,0,39,0.0,0.0,1.0,39,950,600,350,0.631578947368421,13,6,7,339.6784702089055,0.3665654520917679,0.06809672492329333,0.22082592802820225,135205.7018145008,1385.2931911742262,136590.995005675,4158,38,1131.5897435897436,37,2,18,31.16269109119662,0.6703265765765765,39.99451754385966,1040.021929824563,28.10870080606927,0
4164,4,0,0,39,0.0,0.0,1.0,39,1300,1100,200,0.8461538461538461,15,11,4,342.9421019963336,0.3662843004948268,0.06707195158196244,0.22383222475551626,135348.2862515389,1483.3251577408425,136831.61140927975,4159,39,1132.5897435897436,37,2,18,30.93607305936074,0.6717342342342343,39.85745614035088,1040.5701754385964,28.1235182550972,0
4165,4,0,0,39,0.0,0.0,1.0,39,600,400,200,0.6666666666666666,8,4,4,343.19066528687597,0.36594691857849754,0.06822300912683299,0.22452853105226142,135433.87298255228,1495.928194252069,136929.80117680435,4160,40,1133.5897435897436,37,2,18,30.84454773692896,0.6725788288288288,39.77521929824561,1040.899122807017,28.132408724513972,0
4166,4,0,0,39,0.0,0.0,1.0,39,950,800,150,0.8421052631578947,11,8,3,342.77900760384665,0.3655251911830859,0.06707443863841944,0.22461605777767601,135490.94583189057,1488.6903903123987,136979.63622220297,4161,41,1134.5897435897436,37,2,18,30.798556257679472,0.6731418918918919,39.7203947368421,1041.1184210526314,28.138335704125176,0
4167,4,0,0,39,0.0,0.0,1.0,39,800,700,100,0.875,9,7,2,357.84695789452365,0.36566576698155645,0.039425833047255,0.22379441811960457,133792.42153893766,1800.720418013388,135593.14195695106,4162,42,1135.5897435897436,36,3,16,32.101520264141364,0.6582754629629629,41.35698198198199,1034.5720720720728,28.738113113113133,5
4168,4,0,0,39,0.0,0.0,1.0,39,1000,900,100,0.9,11,9,2,361.4142538586783,0.3649066576698156,0.04466051371305357,0.22710056293389153,133967.23740209817,1883.5338294375572,135850.77123153573,4163,43,1136.5897435897436,36,3,16,31.834230755284825,0.6600115740740741,41.18806306306307,1035.2477477477487,28.75688188188191,0
4169,4,0,0,39,0.0,0.0,1.0,39,1300,1100,200,0.8461538461538461,15,11,4,359.7952489695864,0.365019118308592,0.038543765905435734,0.2271624224619921,134142.16739966313,1852.7429033763444,135994.91030303948,4164,44,1137.5897435897436,36,3,17,31.701135993042712,0.6617476851851851,41.01914414414414,1035.9234234234232,28.775650650650643,0
4170,4,0,0,39,0.0,0.0,1.0,39,400,300,100,0.75,5,3,2,361.66416608789973,0.3651034637876743,0.03877504953475008,0.2287059788436264,134200.50276205258,1907.102584002923,136107.6053460555,4165,45,1138.5897435897436,36,3,17,31.59439191392241,0.6623263888888888,40.96283783783784,1036.1486486486485,28.781906906906904,0
4171,4,0,0,39,0.0,0.0,1.0,39,1150,800,350,0.6956521739130435,15,8,7,364.9662568550676,0.36532838506522713,0.03676374322762199,0.23153097135430017,134317.21153163293,2004.2499847820754,136321.461516415,4166,46,1139.5897435897436,36,3,17,31.392132898786887,0.6634837962962963,40.85022522522522,1036.5990990990988,28.794419419419413,0
4172,4,0,1,38,0.0,0.02564102564102564,0.9743589743589743,39,1000,700,300,0.7,13,7,6,363.5877460264631,0.3652440395861449,0.04007419910092058,0.2308406062013529,134346.39665002836,1969.3407089521872,136315.73735898055,4167,47,1140.5897435897436,36,3,17,31.398680208559625,0.6637731481481481,40.82207207207207,1036.7117117117111,28.79754754754753,0
4173,4,0,0,38,0.0,0.0,1.0,38,850,600,250,0.7058823529411765,11,6,5,369.9830903742401,0.3656205547652916,0.05071578007099009,0.2346719941495532,134310.72638031538,2338.5395233195995,136649.26590363498,4168,48,1166.6052631578948,35,3,17,31.268609498287912,0.6654761904761906,40.856481481481474,1036.574074074073,29.616402116402085,0
4174,4,0,0,38,0.0,0.0,1.0,38,600,300,300,0.5,9,3,6,373.87693137297583,0.36520566619250827,0.05074558465822965,0.23753117384674574,134370.72000385798,2447.622492283942,136818.3424961419,4169,49,1167.6052631578948,35,3,17,31.107669122572,0.6660714285714285,40.79861111111111,1036.805555555555,29.623015873015856,0
4175,4,0,0,38,0.0,0.0,1.0,38,850,600,250,0.7058823529411765,11,6,5,374.9615144030562,0.36495376955903275,0.0487815622081651,0.23880811162514462,134460.73555651997,2483.5202064043096,136944.25576292427,4170,50,1168.6052631578948,35,3,18,30.989496149983257,0.6669642857142857,40.71180555555555,1037.152777777777,29.632936507936485,0
4176,4,0,0,38,0.0,0.0,1.0,38,950,700,250,0.7368421052631579,12,7,5,373.4813050317449,0.3648500474158369,0.05074412187747668,0.2386500284825084,134580.8031791195,2452.6828007115932,137033.4859798311,4171,51,1169.6052631578948,35,3,19,30.907812790481508,0.6681547619047619,40.59606481481482,1037.6157407407409,29.646164021164026,0
4177,4,0,0,38,0.0,0.0,1.0,38,950,900,50,0.9473684210526315,10,9,1,375.66019252913156,0.36453888098624937,0.05004929808911229,0.24063718618580343,134670.8890603565,2518.0984224965564,137188.98748285306,4172,52,1170.6052631578948,35,3,19,30.761225096639908,0.6690476190476191,40.50925925925925,1037.9629629629617,29.65608465608462,0
4178,4,0,1,37,0.0,0.02631578947368421,0.9736842105263158,38,1100,800,300,0.7272727272727273,14,8,6,376.1429665717975,0.36351647700331907,0.05210062834044216,0.24154463515501767,134761.00508241175,2537.880845979091,137298.88592839084,4173,53,1171.6052631578948,35,3,19,30.65862687177201,0.6699404761904761,40.42245370370371,1038.3101851851857,29.666005291005305,0
4179,4,0,0,37,0.0,0.0,1.0,37,1050,1000,50,0.9523809523809523,11,10,1,381.8392929813132,0.36267517517517517,0.06565345021590008,0.24461842729640512,134674.3214994333,2884.789540816352,137559.11104024967,4174,54,1200.1351351351352,34,3,19,30.597450013380744,0.6712622549019607,40.505952380952394,1037.9761904761922,30.528711484593888,0
4180,4,0,0,37,0.0,0.0,1.0,37,850,600,250,0.7058823529411765,11,6,5,382.4372824499071,0.3622997997997998,0.06529000911023375,0.2456272442951466,134767.01388888896,2907.9861111111218,137675.0000000001,4175,55,1201.1351351351352,34,3,19,30.489232209737832,0.6721813725490196,40.41666666666667,1038.333333333334,30.539215686274527,0
4181,4,0,0,37,0.0,0.0,1.0,37,1250,800,450,0.64,17,8,9,384.77478171627905,0.3622997997997998,0.062485172545942325,0.2307090897659149,132219.38898533973,2774.93730709879,134994.32629243852,4176,56,1202.1351351351352,35,2,18,32.988690074274146,0.6446428571428571,42.88194444444446,1028.472222222224,29.384920634920686,5
4182,4,1,1,37,0.02631578947368421,0.02631578947368421,0.9736842105263158,38,1200,800,400,0.6666666666666666,16,8,8,376.0017969873509,0.3682136083451873,0.05940753722669445,0.2272564320156255,132520.55165816343,2365.834238788125,134886.38589695154,4177,0,1171.4736842105262,34,4,20,32.91059660076309,0.6498161764705882,42.58928571428572,1029.6428571428585,30.28361344537819,0
4183,4,1,2,36,0.02631578947368421,0.05263157894736842,0.9473684210526316,38,1350,1100,250,0.8148148148148148,16,11,5,375.7166692045125,0.3728959222380275,0.06533208526571044,0.22894656148077946,132827.17013888896,2381.076388888899,135208.24652777787,4178,0,1158.2894736842106,34,4,14,32.60913500404204,0.6528799019607843,42.29166666666667,1030.833333333334,30.31862745098041,0
4184,4,0,0,36,0.0,0.0,1.0,36,1000,600,400,0.6,14,6,8,396.7030566946887,0.36198743386243387,0.0755943865385924,0.23981567289438,132527.98064291908,3314.8510037241067,135842.83164664317,4179,59,1223.611111111111,32,4,20,32.370222767218465,0.6546223958333334,42.582070707070706,1029.671717171717,32.17724116161616,0
4185,4,3,2,37,0.07692307692307693,0.05128205128205128,0.9487179487179487,39,700,400,300,0.5714285714285714,10,4,6,371.948386113276,0.37342555105713,0.0679928374133063,0.22931247771365143,133263.0064327203,2113.392034250683,135376.398466971,4180,0,1130.4102564102564,35,4,17,32.2680799985054,0.6550595238095238,41.86921296296296,1032.5231481481478,29.500661375661366,0
4186,4,1,0,38,0.02631578947368421,0.0,1.0,38,650,500,150,0.7692307692307693,8,5,3,376.84719919731447,0.36779871977240397,0.08186055544765924,0.23210361586925535,133226.30385487544,2441.1918934240516,135667.4957482995,4181,0,1161.1315789473683,34,4,18,32.178515144526436,0.6568627450980391,41.90476190476191,1032.3809523809537,30.364145658263343,0
4187,4,0,0,38,0.0,0.0,1.0,38,1150,1000,150,0.8695652173913043,13,10,3,376.3236743147862,0.3672949265054528,0.08168515459051195,0.23182369992319704,133233.1318587106,2427.756344307278,135660.88820301788,4182,1,1162.1315789473683,35,3,18,32.185164424514205,0.6547619047619048,41.89814814814815,1032.4074074074078,29.49735449735451,0
4188,4,0,0,38,0.0,0.0,1.0,38,1050,700,350,0.6666666666666666,14,7,7,379.61367946095487,0.36753200568990047,0.08206208190280706,0.23422636570889624,133292.8843557099,2519.9604552469154,135812.8448109568,4183,2,1163.1315789473683,35,3,18,32.0401815736382,0.6553571428571429,41.84027777777778,1032.638888888889,29.503968253968253,0
4189,4,0,0,38,0.0,0.0,1.0,38,650,400,250,0.6153846153846154,9,4,5,378.4655253382168,0.3667170459933618,0.08177572774316433,0.23428088592798935,133414.04537983934,2498.523354435522,135912.56873427486,4184,3,1164.1315789473683,36,2,18,31.948077901315315,0.6545138888888888,41.722972972972975,1033.1081081081084,28.697447447447455,0
4190,4,0,0,38,0.0,0.0,1.0,38,1050,800,250,0.7619047619047619,13,8,5,385.06592778717817,0.36633179231863444,0.08882315506634941,0.23951315229770714,133591.8477794924,2688.3464436032596,136280.19422309566,4185,4,1165.1315789473683,35,3,18,31.598932676518892,0.6583333333333334,41.550925925925924,1033.7962962962958,29.537037037037024,0
4191,4,0,1,37,0.0,0.02631578947368421,0.9736842105263158,38,1050,700,350,0.6666666666666666,14,7,7,384.5042487920215,0.3660650782361308,0.08248899688245004,0.23989721609415235,133705.05640775897,2682.032454752035,136387.088862511,4186,5,1166.1315789473683,36,2,15,31.499755008710807,0.6574074074074074,41.441441441441434,1034.234234234233,28.728728728728697,0
4192,4,0,0,37,0.0,0.0,1.0,37,1300,1100,200,0.8461538461538461,15,11,4,387.2964702865185,0.3638638638638639,0.09670220679395003,0.24207383576369912,133771.3865847906,2961.83716992453,136733.22375471512,4187,6,1196.8648648648648,35,2,15,31.36094950399044,0.6601190476190477,41.3773148148148,1034.490740740739,29.556878306878257,0
4193,4,0,0,37,0.0,0.0,1.0,37,600,400,200,0.6666666666666666,8,4,4,390.5589838295575,0.36320695695695693,0.09947397061491015,0.24450961592690756,133831.25964506157,3053.8001543209703,136885.05979938255,4188,7,1197.8648648648648,35,2,15,31.216442953020128,0.6607142857142858,41.319444444444436,1034.722222222221,29.56349206349203,0
4194,4,0,0,37,0.0,0.0,1.0,37,1050,800,250,0.7619047619047619,13,8,5,386.3032348111902,0.36308183183183185,0.09035603869552244,0.24243577746782244,133921.09435281617,2946.830391589486,136867.92474440567,4189,8,1198.8648648648648,35,2,15,31.236372022811135,0.6616071428571428,41.23263888888888,1035.069444444443,29.573412698412657,0
4195,4,0,0,37,0.0,0.0,1.0,37,800,500,300,0.625,11,5,6,386.44460031878805,0.3628628628628629,0.09742054561547153,0.24331596333935238,134040.92084887266,2959.8780167609834,137000.79886563364,4190,9,1199.8648648648648,35,2,15,31.11250046570546,0.662797619047619,41.11689814814815,1035.5324074074078,29.586640211640223,0
4196,4,0,0,37,0.0,0.0,1.0,37,850,400,450,0.47058823529411764,13,4,9,388.4757654255487,0.36333208208208206,0.0941808847954102,0.24519450638636517,134130.82588520227,3021.3150505829817,137152.14093578525,4191,10,1200.8648648648648,35,2,15,30.96973929236498,0.6636904761904763,41.03009259259259,1035.879629629629,29.59656084656083,0
4197,4,0,0,37,0.0,0.0,1.0,37,1550,1200,350,0.7741935483870968,19,12,7,387.51071673062796,0.36242492492492495,0.0887698823586236,0.24518610932079932,134220.76106234986,3002.396663880303,137223.15772623016,4192,11,1201.8648648648648,35,2,16,30.904561785621205,0.6645833333333333,40.94328703703703,1036.226851851851,29.60648148148146,0
4198,4,0,1,36,0.0,0.02702702702702703,0.972972972972973,37,750,600,150,0.8,9,6,3,385.4943856332214,0.36214339339339335,0.09205364363917257,0.244510461595689,134310.7263803154,2955.2061899862665,137265.93257030167,4193,12,1202.8648648648648,35,2,16,30.866644335268713,0.6654761904761906,40.856481481481474,1036.5740740740732,29.616402116402092,0
4199,4,0,0,36,0.0,0.0,1.0,36,1250,1100,150,0.88,14,11,3,394.5028192912035,0.356712962962963,0.09290637564618054,0.24975614850399452,134242.1786422902,3391.7835884353676,137633.96223072556,4194,14,1236.9444444444443,34,2,16,30.701943327589508,0.6669730392156863,40.922619047619044,1036.3095238095234,30.47969187675069,0
4200,4,0,0,36,0.0,0.0,1.0,36,700,300,400,0.42857142857142855,11,3,8,393.44918233032445,0.3560515873015873,0.0868362620114087,0.24950925204298105,134303.8708191608,3368.3496315192524,137672.22045068006,4195,15,1237.9444444444443,34,2,16,30.667374909076983,0.6675857843137256,40.86309523809523,1036.5476190476174,30.4866946778711,0
4201,4,0,0,36,0.0,0.0,1.0,36,1300,1000,300,0.7692307692307693,16,10,6,393.25739362391806,0.35596891534391534,0.09114757758428271,0.2498439526300038,134370.7200038578,3368.4558256172622,137739.17582947508,4196,16,1238.9444444444443,35,1,17,30.605324849296718,0.6660714285714286,40.7986111111111,1036.8055555555538,29.623015873015824,0
4202,4,0,0,36,0.0,0.0,1.0,36,1100,800,300,0.7272727272727273,14,8,6,390.64492984693896,0.3558531746031746,0.09174107142857157,0.24859222808441556,134430.7270233195,3302.93638545952,137733.66340877902,4197,17,1239.9444444444443,35,1,17,30.612909226190474,0.6666666666666667,40.74074074074073,1037.037037037036,29.6296296296296,0
4203,4,0,0,36,0.0,0.0,1.0,36,1150,900,250,0.782608695652174,14,9,5,390.5076325162315,0.35616732804232804,0.09000688389169387,0.249535522361545,134581.66099773243,3311.086746941576,137892.747744674,4198,18,1240.9444444444443,34,2,17,30.465284151751575,0.6703431372549019,40.595238095238095,1037.6190476190475,30.51820728291316,0
4204,4,0,0,36,0.0,0.0,1.0,36,650,300,350,0.46153846153846156,10,3,7,391.185399511064,0.35654761904761906,0.09463050043965282,0.25060584117097473,134674.32149943305,3336.525651927436,138010.84715136047,4199,19,1241.9444444444443,34,2,17,30.35492411209237,0.6712622549019608,40.50595238095238,1037.9761904761901,30.528711484593828,0
4205,4,0,0,36,0.0,0.0,1.0,36,700,500,200,0.7142857142857143,9,5,4,389.2441187610471,0.3562334656084656,0.09238022426095838,0.24957417026443607,134705.2154195011,3286.6425736961432,137991.85799319725,4200,20,1242.9444444444443,34,2,17,30.374378822629975,0.6715686274509804,40.476190476190474,1038.0952380952378,30.532212885154053,0
4206,4,0,0,36,0.0,0.0,1.0,36,950,600,350,0.631578947368421,13,6,7,389.54917348162667,0.3563161375661376,0.08946158060365206,0.24998221794946768,134736.11288265302,3297.268282312922,138033.38116496595,4201,21,1243.9444444444443,34,2,17,30.33554064900815,0.671875,40.44642857142857,1038.2142857142853,30.535714285714274,0
4207,4,0,0,36,0.0,0.0,1.0,36,550,300,250,0.5454545454545454,8,3,5,387.5094838693809,0.35600198412698414,0.09140812063783166,0.2493091989141946,134828.82653061222,3249.4897959183627,138078.3163265306,4202,22,1244.9444444444443,34,2,16,30.29573590096286,0.6727941176470589,40.357142857142854,1038.5714285714282,30.54621848739495,0
4208,4,0,0,36,0.0,0.0,1.0,36,600,200,400,0.3333333333333333,10,2,8,374.88481567813574,0.35557208994708994,0.09899029342853982,0.2391524984286923,134520.7626698601,2885.9582636745363,137406.72093353464,4203,23,1245.9444444444443,35,1,20,30.93144501469003,0.6675595238095239,40.653935185185176,1037.384259259258,29.639550264550227,6
4209,4,0,0,36,0.0,0.0,1.0,36,1000,900,100,0.9,11,9,2,377.64471635384234,0.35461309523809526,0.09438710499490321,0.24213690636805174,134705.21541950098,2974.145922675895,137679.36134217688,4204,24,1246.9444444444443,34,2,20,30.675410932721718,0.6715686274509804,40.47619047619047,1038.095238095237,30.532212885154028,0
4210,4,0,0,36,0.0,0.0,1.0,36,800,600,200,0.75,10,6,4,377.4660115614061,0.3538525132275132,0.09819438252340618,0.24259491803215844,134791.0504543894,2975.8080418381073,137766.8584962275,4205,25,1247.9444444444443,35,1,17,30.594256204488016,0.6702380952380953,40.393518518518505,1038.4259259259243,29.66931216931212,0
4211,4,0,0,36,0.0,0.0,1.0,36,1350,1100,250,0.8148148148148148,16,11,5,377.4516080454575,0.35333994708994704,0.08834502728588967,0.2439984153088668,135001.46182966806,2991.3037712191194,137992.76560088719,4206,26,1248.9444444444443,35,1,17,30.38443869027731,0.6723214285714286,40.190972222222214,1039.23611111111,29.692460317460284,0
4212,4,0,0,36,0.0,0.0,1.0,36,1000,800,200,0.8,12,8,4,378.6502678872935,0.3537037037037037,0.08916044983854854,0.24518082594778506,135061.60950627978,3028.2229241683576,138089.83243044815,4207,27,1249.9444444444443,35,1,17,30.29323479196823,0.6729166666666668,40.13310185185184,1039.4675925925908,29.699074074074023,0
4213,4,0,0,36,0.0,0.0,1.0,36,850,500,350,0.5882352941176471,12,5,7,378.27157320653333,0.3538525132275132,0.08533734134936566,0.2451396299091689,135091.68836805542,3020.2690972222026,138111.9574652776,4208,28,1250.9444444444443,35,1,17,30.27304609218435,0.6732142857142858,40.10416666666666,1039.5833333333321,29.702380952380917,0
4214,4,0,0,36,0.0,0.0,1.0,36,550,400,150,0.7272727272727273,7,4,3,378.27173253505293,0.35281084656084655,0.08607834409080817,0.24595874012735025,135212.03730495524,3029.378322187911,138241.41562714314,4209,29,1251.9444444444443,35,1,18,30.152923065509306,0.674404761904762,39.98842592592592,1040.046296296295,29.715608465608426,0
4215,4,0,0,36,0.0,0.0,1.0,36,950,700,250,0.7368421052631579,12,7,5,384.0777714651588,0.35299272486772487,0.08655878100322534,0.25078019195666257,135362.548828125,3197.94921875,138560.498046875,4210,30,1252.9444444444443,35,1,18,29.851726726726728,0.6758928571428571,39.84375,1040.625,29.732142857142858,0
4216,4,0,0,36,0.0,0.0,1.0,36,1150,1000,150,0.8695652173913043,13,10,3,377.7915425481333,0.35221560846560845,0.09015117830146768,0.24771229714016071,135513.14407578867,3039.143947187919,138552.2880229766,4211,31,1253.9444444444443,35,1,18,29.86512524084777,0.6773809523809524,39.69907407407407,1041.203703703703,29.74867724867723,0
4217,4,0,0,36,0.0,0.0,1.0,36,800,500,300,0.625,11,5,6,377.7915425481333,0.35221560846560845,0.09015117830146768,0.24771229714016071,135513.14407578867,3039.143947187919,138552.2880229766,4212,32,1254.9444444444443,35,1,18,29.86512524084777,0.6773809523809524,39.69907407407407,1041.203703703703,29.74867724867723,0
4218,4,0,0,36,0.0,0.0,1.0,36,800,500,300,0.625,11,5,6,382.754769659335,0.3525793650793651,0.08745302660979082,0.2522492277152486,135695.69160997737,3187.688220864482,138883.37983084185,4213,33,1255.9444444444443,34,2,18,29.553959095063984,0.6813725490196079,39.523809523809526,1041.9047619047622,30.64425770308124,0
4219,4,0,0,36,0.0,0.0,1.0,36,800,600,200,0.75,10,6,4,383.9550262268203,0.3524305555555556,0.08741895372590824,0.25414166021680007,135850.78125,3232.1180555555557,139082.89930555556,4214,34,1256.9444444444443,34,2,18,29.368172128963504,0.6829044117647058,39.375,1042.5,30.66176470588235,0
4220,4,0,0,36,0.0,0.0,1.0,36,800,500,300,0.625,11,5,6,387.2339670990811,0.35190145502645503,0.08055587261728125,0.25720673129302896,135974.91673752843,3330.8212868480855,139305.7380243765,4215,35,1257.9444444444443,34,2,17,29.15905718525283,0.6841299019607843,39.25595238095239,1042.9761904761913,30.675770308123273,0
4221,4,0,0,36,0.0,0.0,1.0,36,950,800,150,0.8421052631578947,11,8,3,389.8299462074735,0.3510416666666667,0.08683883564075234,0.25961015566582835,136068.05555555565,3408.680555555566,139476.7361111112,4216,36,1258.9444444444443,34,2,17,28.998602236421725,0.6850490196078431,39.16666666666667,1043.3333333333342,30.686274509803948,0
4222,4,0,0,36,0.0,0.0,1.0,36,1200,900,300,0.75,15,9,6,365.05790987624266,0.3521825396825397,0.07186998245024467,0.22615350183658686,133442.32420535403,2544.397692686892,135986.7218980409,4217,37,1259.9444444444443,35,1,19,32.265995481871464,0.6568452380952381,41.69560185185185,1033.2175925925922,29.52050264550263,6
4223,4,0,0,36,0.0,0.0,1.0,36,800,700,100,0.875,9,7,2,366.9145144491447,0.35226521164021163,0.06476500037360844,0.2263908228157167,133292.88435570966,2581.4221375599873,135874.30649326963,4218,38,1260.9444444444443,35,1,19,32.36802286482851,0.655357142857143,41.840277777777764,1032.638888888887,29.503968253968203,3
4224,4,0,1,35,0.0,0.027777777777777776,0.9722222222222222,36,1350,1200,150,0.8888888888888888,15,12,3,366.04472511721804,0.3518353174603175,0.05995396292148847,0.22731428340033025,133532.02830289744,2575.7389188957086,136107.76722179315,4219,39,1261.9444444444443,35,1,19,32.15052258305337,0.6577380952380953,41.608796296296276,1033.564814814812,29.5304232804232,0
4225,4,0,0,35,0.0,0.0,1.0,35,1400,1100,300,0.7857142857142857,17,11,6,365.3225814839679,0.35087535014005605,0.08106059394540321,0.22741648922622162,133621.7625412592,2763.0094468020966,136384.7719880613,4220,40,1292.8,35,0,20,32.07920538079779,0.6586309523809525,41.521990740740726,1033.9120370370351,29.54034391534386,0
4226,4,0,0,35,0.0,0.0,1.0,35,750,600,150,0.8,9,6,3,365.8540295664822,0.3508403361344538,0.08332614012372352,0.2284861958235952,133741.45507812488,2785.9700520833194,136527.4251302082,4221,41,1293.8,35,0,17,31.94549345417925,0.6598214285714286,41.40624999999999,1034.374999999999,29.553571428571402,0
4227,4,0,0,35,0.0,0.0,1.0,35,600,400,200,0.6666666666666666,8,4,4,383.18519330191447,0.3508403361344538,0.022851828478426484,0.22301481953877372,131084.1907596375,3048.345601261372,134132.53636089887,4222,42,1294.8,34,1,19,34.178098116717045,0.6354166666666665,43.988095238095255,1024.0476190476215,30.11904761904769,8
4228,4,0,0,35,0.0,0.0,1.0,35,950,700,250,0.7368421052631579,12,7,5,381.14118341804294,0.35080532212885157,0.017859217580374898,0.2227075468892804,131236.62308673494,3003.9363662131836,134240.55945294813,4223,43,1295.8,34,1,20,34.07594593547887,0.6369485294117645,43.83928571428573,1024.6428571428592,30.1365546218488,0
4229,4,1,1,35,0.027777777777777776,0.027777777777777776,0.9722222222222222,36,500,400,100,0.8,6,4,2,374.00854035514857,0.358234126984127,0.009947120655188213,0.21993744540338614,131480.6990504536,2635.012755102052,134115.71180555565,4224,0,1260.7777777777778,34,2,20,34.011656026310696,0.6393995098039215,43.60119047619048,1025.5952380952388,30.164565826330552,0
4230,4,2,0,37,0.05405405405405406,0.0,1.0,37,900,700,200,0.7777777777777778,11,7,4,365.6073080151706,0.36280030030030025,0.024512460196172814,0.2178430658093078,131981.42387902955,2250.6746184842345,134232.0984975138,4225,0,1227.6486486486488,35,2,15,33.72146504467974,0.6422619047619047,43.11342592592593,1027.5462962962968,29.35846560846562,0
4231,4,0,0,37,0.0,0.0,1.0,37,950,600,350,0.631578947368421,13,6,7,361.9565986738951,0.3624874874874875,0.025558746040674096,0.21655725726688482,132137.36329234645,2165.598115006904,134302.96140735334,4226,1,1228.6486486486488,36,1,17,33.65804125593282,0.6417824074074073,42.961711711711715,1028.1531531531534,28.559809809809817,0
4232,4,0,0,37,0.0,0.0,1.0,37,1200,900,300,0.75,15,9,6,358.7256736615032,0.3614552052052052,0.03777926991235514,0.2157785701280551,132340.06123944905,2094.755524105201,134434.81676355423,4227,2,1229.6486486486488,36,1,17,33.53694684615666,0.6438078703703705,42.76463963963965,1028.9414414414425,28.581706706706736,0
4233,4,0,0,37,0.0,0.0,1.0,37,850,700,150,0.8235294117647058,10,7,3,356.8197876362315,0.3617992992992993,0.03861463559046596,0.2151420959337192,132429.5361910083,2050.7338408896044,134480.2700318979,4228,3,1230.6486486486488,33,4,17,33.49592709449537,0.651199494949495,42.677696078431374,1029.2892156862747,31.190582293523477,0
4234,4,0,0,37,0.0,0.0,1.0,37,1150,900,250,0.782608695652174,14,9,5,355.0603093989106,0.36161161161161165,0.033963443211997735,0.21477424309794246,132551.1975623583,2012.7338435374159,134563.93140589574,4229,4,1231.6486486486488,34,3,17,33.41883429672446,0.6501225490196079,42.55952380952381,1029.761904761905,30.287114845938383,0
4235,4,0,0,37,0.0,0.0,1.0,37,1100,1000,100,0.9090909090909091,12,10,2,349.8082484850528,0.360985985985986,0.032729748468135034,0.21228896089688964,132673.8166099773,1882.0790816326512,134555.89569160997,4230,5,1232.6486486486488,34,3,13,33.430831600030814,0.6513480392156863,42.44047619047619,1030.2380952380952,30.30112044817927,0
4236,4,0,0,37,0.0,0.0,1.0,37,750,500,250,0.6666666666666666,10,5,5,372.0638791512133,0.3612987987987988,0.10343677010343666,0.20091449474165535,128144.53125000012,2196.3931405895837,130340.9243905897,4231,6,1233.6486486486488,33,4,18,37.45713305898492,0.6079545454545454,46.87500000000001,1012.5000000000009,30.68181818181821,8
4237,4,0,0,37,0.0,0.0,1.0,37,950,700,250,0.7368421052631579,12,7,5,374.7238025726465,0.36073573573573575,0.10102858935849612,0.20345312695162263,128361.76478097361,2220.041720732404,130581.80650170601,4232,7,1234.6486486486488,33,4,19,37.16730660700609,0.6101641414141414,46.66053921568627,1013.3578431372545,30.70781342840165,0
4238,4,4,2,39,0.0975609756097561,0.04878048780487805,0.9512195121951219,41,800,600,200,0.75,10,6,4,344.5516506107007,0.3827997967479675,0.10337844590436363,0.1913396411834515,129257.13320444764,707.1517197599369,129964.28492420758,4233,0,1115.0975609756097,37,4,17,37.01926532959527,0.6109234234234234,45.77850877192983,1016.8859649122817,27.483404457088692,0
4239,4,1,0,40,0.025,0.0,1.0,40,1100,900,200,0.8181818181818182,13,9,4,349.3348817918365,0.3746928418803419,0.10989093123685123,0.19414420415151248,129287.27027280674,1032.9106555880398,130320.18092839478,4234,0,1143.95,36,4,19,36.86699516480274,0.6131365740740741,45.74887387387388,1017.0045045045057,28.25012512512516,0
4240,4,0,0,40,0.0,0.0,1.0,40,800,500,300,0.625,11,5,6,351.2303825133291,0.3747996794871795,0.10933141465574492,0.1956236298166101,129373.1801903255,1087.958313042777,130461.13850336827,4235,1,1144.95,36,4,19,36.73137591321674,0.6140046296296295,45.664414414414416,1017.3423423423426,28.259509509509517,0
4241,4,1,2,39,0.024390243902439025,0.04878048780487805,0.9512195121951219,41,1200,700,500,0.5833333333333334,17,7,10,351.6160782791851,0.3770833333333334,0.11775324293690459,0.19833877813612277,129871.11418898118,932.9543705755575,130804.06855955675,4236,0,1118.0,37,4,16,36.215397303499714,0.617117117117117,45.175438596491226,1019.2982456140348,27.54860123281175,0
4242,4,0,0,39,0.0,0.0,1.0,39,1550,1300,250,0.8387096774193549,18,13,5,366.110093115151,0.3703891138101664,0.12437558652607561,0.20516156682975129,129613.56122470838,1690.566593792851,131304.12781850123,4237,1,1176.2051282051282,35,4,16,36.108111692051224,0.618452380952381,45.42824074074073,1018.287037037036,29.093915343915317,0
4243,4,0,0,39,0.0,0.0,1.0,39,750,500,250,0.6666666666666666,10,5,5,366.13008165427476,0.37075461088618983,0.12618566795177788,0.20532686988374516,129643.02722318664,1693.2424286265314,131336.26965181317,4238,2,1177.2051282051282,35,4,17,36.0776082509376,0.61875,45.39930555555555,1018.402777777777,29.0972222222222,0
4244,4,0,0,39,0.0,0.0,1.0,39,1100,700,400,0.6363636363636364,15,7,8,369.1530544562054,0.37097953216374274,0.12686786757915058,0.2073335055691806,129701.96926708231,1775.9756247856471,131477.94489186796,4239,3,1178.2051282051282,35,4,17,35.94063648070295,0.6193452380952382,45.341435185185176,1018.6342592592579,29.10383597883594,0
4245,4,0,0,39,0.0,0.0,1.0,39,750,300,450,0.4,12,3,9,367.6735593476854,0.37109199280251914,0.12312118194471156,0.20728126527629417,129849.38298396766,1748.4369641632231,131597.8199481309,4240,4,1179.2051282051282,35,4,18,35.828317813611925,0.6208333333333333,45.19675925925925,1019.212962962962,29.120370370370342,0
4246,4,1,2,38,0.025,0.05,0.95,40,1200,900,300,0.75,15,9,6,361.23775354463595,0.3752136752136752,0.1171404128491007,0.2049125115441989,130090.20580969479,1398.6987409706958,131488.9045506655,4241,0,1150.7,36,4,18,35.74759907274534,0.6212384259259259,44.960585585585584,1020.1576576576573,28.3377127127127,0
4247,4,1,1,38,0.02564102564102564,0.02564102564102564,0.9743589743589743,39,800,600,200,0.75,10,6,4,366.74247600737476,0.3740721997300945,0.12592702505331643,0.20785218270437217,130055.9028447571,1739.4047657321357,131795.30761048925,4242,0,1179.6153846153845,35,4,18,35.64206758954574,0.6229166666666668,44.99421296296295,1020.0231481481459,29.143518518518455,0
4248,4,2,0,40,0.05,0.0,1.0,40,1050,900,150,0.8571428571428571,12,9,3,357.79877094491303,0.3828792735042735,0.12853401698092437,0.20446610294262219,130377.57087746522,1329.7869237480627,131707.35780121328,4243,0,1151.075,36,4,20,35.54370198845885,0.6241319444444444,44.67905405405405,1021.2837837837832,28.36899399399398,0
4249,4,0,0,40,0.0,0.0,1.0,40,900,700,200,0.7777777777777778,11,7,4,355.80393777619406,0.38275908119658114,0.12346764414066813,0.20362760375822417,130435.08193582078,1281.8631553850944,131716.94509120588,4244,1,1152.075,36,4,20,35.53632455076616,0.6247106481481483,44.62274774774774,1021.5090090090075,28.375250250250208,0
4250,4,1,3,38,0.024390243902439025,0.07317073170731707,0.926829268292683,41,850,500,350,0.5882352941176471,12,5,7,348.2845893422558,0.3881859756097561,0.11084667569815276,0.20074796540209358,130710.7054574483,904.9048745767775,131615.61033202507,4245,0,1124.9512195121952,37,4,15,35.44928157838301,0.6255630630630631,44.35307017543859,1022.5877192982445,27.63750592697958,0
4251,4,1,0,39,0.02564102564102564,0.0,1.0,39,1050,800,250,0.7619047619047619,13,8,5,349.33543628827107,0.37581533963112906,0.08928931385351602,0.19271634973615034,128995.54887099176,1241.410324066334,130236.9591950581,4246,0,1183.5128205128206,35,4,20,37.16401295051462,0.6122023809523811,46.03587962962962,1015.8564814814799,29.024470899470856,5
4252,4,0,0,39,0.0,0.0,1.0,39,1400,1000,400,0.7142857142857143,18,10,8,348.83567562305626,0.3758434547908232,0.09240230217339929,0.19301361484852225,129113.15164448263,1207.8546971450112,130321.00634162764,4247,1,1184.5128205128206,35,4,20,37.05692688759821,0.6133928571428573,45.920138888888864,1016.3194444444412,29.03769841269832,0
4253,4,1,0,40,0.025,0.0,1.0,40,950,400,550,0.42105263157894735,15,4,11,340.4948584514977,0.3824919871794872,0.09947420854549471,0.18964430032372545,129373.18019032526,810.1805352649685,130183.36072559023,4248,0,1155.875,36,4,21,37.00441849310013,0.6140046296296298,45.6644144144144,1017.3423423423408,28.259509509509467,0
4254,4,1,1,40,0.024390243902439025,0.024390243902439025,0.975609756097561,41,900,800,100,0.8888888888888888,10,8,2,333.37079843700053,0.38528963414634143,0.09195184975105519,0.18697753477553475,129647.68005540136,444.15012311476926,130091.83017851613,4249,0,1128.658536585366,37,4,15,36.90694085558425,0.6148648648648651,45.394736842105246,1018.4210526315766,27.524893314366935,0
4255,4,0,0,40,0.0,0.0,1.0,40,950,700,250,0.7368421052631579,12,7,5,346.354948879834,0.381383547008547,0.10380128276014666,0.1941777931010747,129631.08114448885,979.6732966073919,130610.75444109624,4250,2,1157.875,36,4,16,36.59322127612516,0.6166087962962965,45.41103603603602,1018.355855855854,28.287662662662612,0
4256,4,1,0,41,0.024390243902439025,0.0,1.0,41,1050,700,350,0.6666666666666666,14,7,7,342.1953106937857,0.38488313008130076,0.12354787204756956,0.1939940874700964,130066.776856821,701.6482234918096,130768.42508031281,4251,0,1130.6097560975609,37,4,19,36.25700938765273,0.6190878378378379,44.98355263157893,1020.0657894736815,27.569345661450853,0
4257,4,0,1,40,0.0,0.024390243902439025,0.975609756097561,41,1300,800,500,0.6153846153846154,18,8,10,330.0261091799413,0.3852642276422764,0.0484013389939586,0.1852465726499118,129678.39084201379,359.4509548611011,130037.84179687488,4252,1,1131.6097560975609,39,2,13,36.96094975114203,0.6116452991452992,45.36458333333333,1018.5416666666658,26.11645299145297,5
4258,4,1,0,41,0.024390243902439025,0.0,1.0,41,1100,800,300,0.7272727272727273,14,8,6,331.56118028840075,0.3875,0.05748292284189804,0.1872469285333282,129917.22140842007,415.1014539930458,130332.32286241312,4253,0,1131.9268292682927,39,2,16,36.67971543884746,0.6140491452991453,45.13020833333333,1019.4791666666661,26.140491452991437,0
4259,4,1,1,41,0.023809523809523808,0.023809523809523808,0.9761904761904762,42,850,500,350,0.5882352941176471,12,5,7,325.3769781432045,0.39095770421989934,0.06188579017264351,0.184772899352815,130132.94004891254,68.45255800118093,130201.39260691372,4254,0,1105.952380952381,40,2,18,36.61894090305447,0.6145833333333334,44.918699186991866,1020.3252032520313,25.508130081300784,0
4260,4,0,1,40,0.0,0.024390243902439025,0.975609756097561,41,700,400,300,0.5714285714285714,10,4,6,333.08614220626555,0.3909552845528455,0.06283233668648336,0.18887739378262633,130076.56385633672,465.3401692708236,130541.90402560755,4255,1,1117.6829268292684,39,2,19,36.4793942952449,0.6156517094017095,44.97395833333333,1020.104166666666,26.156517094017076,0
4261,4,1,1,40,0.024390243902439025,0.024390243902439025,0.975609756097561,41,700,600,100,0.8571428571428571,8,6,2,333.3028461719461,0.3899390243902439,0.0673813169984685,0.18925805091328746,130129.69970703113,474.51985677081905,130604.21956380195,4256,0,1118.439024390244,39,2,19,36.42004849412963,0.6161858974358976,44.92187499999999,1020.3124999999991,26.16185897435895,0
4262,4,0,0,40,0.0,0.0,1.0,40,1200,700,500,0.5833333333333334,17,7,10,340.57509388448796,0.3865785256410256,0.06761256544502636,0.19337052001170374,130126.29323727069,863.5549072247683,130989.84814449545,4257,3,1147.4,38,2,20,36.238001745200684,0.6178728070175439,44.92521367521367,1020.2991452991445,26.84997750787222,0
4263,4,1,1,40,0.024390243902439025,0.024390243902439025,0.975609756097561,41,1100,900,200,0.8181818181818182,13,9,4,335.50595194944253,0.39024390243902435,0.0629935656649041,0.19201100884122366,130435.08193582113,552.5632841381523,130987.64521995929,4258,0,1120.3902439024391,36,5,22,36.05468893543528,0.6247106481481481,44.62274774774776,1021.5090090090104,28.37525025025029,0
4264,4,0,0,40,0.0,0.0,1.0,40,1100,700,400,0.6363636363636364,15,7,8,343.99190906449775,0.3856837606837607,0.06302094818081616,0.19672172857597706,130406.32482144318,971.7441258826541,131378.06894732584,4259,5,1149.4,36,4,22,35.86709849320103,0.6244212962962963,44.65090090090091,1021.3963963963973,28.37212212212215,0
4265,4,0,0,40,0.0,0.0,1.0,40,1300,800,500,0.6153846153846154,18,8,10,341.9383416610922,0.38596420940170945,0.05369186687238248,0.19612822454062923,130521.37230135563,926.0523192111268,131447.42462056674,4260,6,1150.4,36,4,14,35.80307288222759,0.6255787037037036,44.5382882882883,1021.8468468468486,28.384634634634683,0
4266,4,1,1,40,0.024390243902439025,0.024390243902439025,0.975609756097561,41,1400,1000,400,0.7142857142857143,18,10,8,332.0028632003762,0.38976117886178857,0.04957524039992345,0.19184836542809924,130808.47447083436,485.7576110380703,131294.23208187244,4261,0,1123.3170731707316,38,3,14,35.766753698868584,0.6247258771929824,44.25747863247864,1022.9700854700864,26.920265407107536,0
4267,4,1,0,41,0.024390243902439025,0.0,1.0,41,650,500,150,0.7692307692307693,8,5,3,337.0635812051805,0.38920223577235774,0.06386660694653679,0.19602047101155654,131054.4963109067,634.739571919074,131689.23588282577,4262,0,1124.2926829268292,38,3,18,35.388842515303295,0.6271929824561402,44.017094017094024,1023.931623931625,26.945569050832237,0
4268,4,0,1,40,0.0,0.024390243902439025,0.975609756097561,41,900,400,500,0.4444444444444444,14,4,10,336.60361737070724,0.38833841463414637,0.06068685491277548,0.1961713604700895,131136.5549551649,628.207753488219,131764.7627086531,4263,1,1125.2926829268292,38,3,18,35.31779145370466,0.6280153508771928,43.93696581196582,1024.252136752138,26.954003598740474,0
4269,4,0,1,39,0.0,0.025,0.975,40,1400,1200,200,0.8571428571428571,16,12,4,342.9531440411504,0.3834134615384615,0.055537415694251635,0.19984562186452798,131131.51552641185,994.3931065327662,132125.90863294463,4264,2,1154.175,37,3,18,35.16029243835421,0.6297860360360361,43.941885964912274,1024.23245614035,27.681958274063515,0
4270,4,0,0,39,0.0,0.0,1.0,39,1100,800,300,0.7272727272727273,14,8,6,351.4162929153371,0.379189158794422,0.052590468294856585,0.2044419930568879,131068.5405633673,1411.9241285203993,132480.4646918877,4265,3,1184.5128205128206,36,3,18,35.00724000146632,0.631076388888889,44.00337837837837,1023.9864864864857,28.444069069069045,0
4271,4,1,0,40,0.025,0.0,1.0,40,1350,1000,350,0.7407407407407407,17,10,7,344.3074981337978,0.38502938034188033,0.06197222849401696,0.20197853102444904,131387.4488275891,1048.0503632229506,132435.49919081206,4266,0,1155.875,35,5,19,34.86725746970724,0.6363095238095239,43.692129629629626,1025.231481481481,29.29232804232803,0
4272,4,0,0,40,0.0,0.0,1.0,40,1050,800,250,0.7619047619047619,13,8,5,343.54519003918506,0.3846554487179487,0.06439051918735905,0.2018441899036589,131446.78605109727,1031.582218792853,132478.3682698901,4267,1,1156.875,35,5,19,34.826937547027846,0.6369047619047619,43.63425925925925,1025.462962962962,29.29894179894177,0
4273,4,0,0,40,0.0,0.0,1.0,40,1200,900,300,0.75,15,9,6,344.63567599307163,0.3838141025641026,0.06620866719331908,0.20264211844556132,131476.45968632118,1062.2957122342295,132538.7553985554,4268,2,1157.875,35,5,19,34.76904882819848,0.637202380952381,43.605324074074076,1025.578703703704,29.302248677248684,0
4274,4,0,0,40,0.0,0.0,1.0,40,900,700,200,0.7777777777777778,11,7,4,342.89919717447106,0.3841212606837607,0.06516245487364625,0.20209165450495423,131565.50068587108,1022.7409122085062,132588.2415980796,4269,3,1158.875,35,5,17,34.723789109506626,0.638095238095238,43.51851851851852,1025.925925925926,29.312169312169317,0
4275,4,0,0,40,0.0,0.0,1.0,40,1150,800,350,0.6956521739130435,15,8,7,345.3660130345703,0.3847889957264958,0.07081594676891889,0.20402134827298699,131654.57182623883,1093.802913880313,132748.37474011915,4270,4,1159.875,35,5,17,34.570716326453905,0.6389880952380952,43.43171296296296,1026.2731481481478,29.32208994708994,0
4276,4,1,0,41,0.024390243902439025,0.0,1.0,41,1350,1100,250,0.8148148148148148,16,11,5,359.91577658704483,0.3908282520325203,0.06931206558987935,0.2092023754035522,131034.669325087,1232.2889539930754,132266.95827908008,4271,0,1132.560975609756,39,2,16,34.82392664564046,0.6252670940170939,44.03645833333334,1023.8541666666682,26.25267094017098,8
4277,4,0,1,40,0.0,0.024390243902439025,0.975609756097561,41,900,600,300,0.6666666666666666,12,6,6,362.602710069443,0.3902693089430895,0.07485760781122863,0.21120318989352888,131114.67013888905,1308.5069444444634,132423.17708333352,4272,1,1133.560975609756,39,2,17,34.674193110930304,0.6260683760683761,43.95833333333334,1024.166666666668,26.260683760683797,0
4278,4,1,0,41,0.024390243902439025,0.0,1.0,41,1100,900,200,0.8181818181818182,13,9,4,362.5025167623784,0.38971036585365854,0.08798236981251817,0.2121750304833459,131301.43364800356,1319.4200303819548,132620.85367838552,4273,0,1134.3902439024391,39,2,18,34.48785869160145,0.6279380341880341,43.77604166666667,1024.8958333333342,26.279380341880362,0
4279,4,0,0,41,0.0,0.0,1.0,41,1100,900,200,0.8181818181818182,13,9,4,360.6211931795368,0.38943089430894307,0.08961485704487981,0.21153964837026443,131385.84530476423,1276.1121981620604,132661.9575029263,4274,1,1135.3902439024391,36,5,18,34.4507450937317,0.6342592592592593,43.693693693693696,1025.2252252252254,28.478478478478483,0
4280,4,0,0,41,0.0,0.0,1.0,41,1350,1200,150,0.8888888888888888,15,12,3,359.8100780746223,0.38973577235772355,0.08929609225816648,0.21154230994354964,131472.44953991144,1261.0224667234706,132733.4720066349,4275,2,1136.3902439024391,36,5,18,34.38403608945499,0.6351273148148149,43.60923423423423,1025.5630630630624,28.487862862862844,0
4281,4,0,1,40,0.0,0.024390243902439025,0.975609756097561,41,750,600,150,0.8,9,6,3,360.5670901206257,0.38910060975609756,0.07926963133517129,0.2124687057567208,131559.0823086602,1287.1750973947105,132846.2574060549,4276,3,1137.3902439024391,36,5,15,34.2771222100256,0.6359953703703702,43.524774774774784,1025.9009009009023,28.497247247247287,0
4282,4,0,0,40,0.0,0.0,1.0,40,900,500,400,0.5555555555555556,13,5,8,371.6000469183749,0.38689903846153845,0.08134025270758105,0.21900683616253175,131565.5006858712,1777.9492455418538,133343.44993141305,4277,4,1166.2,35,5,15,33.98766546329724,0.638095238095238,43.518518518518526,1025.925925925927,29.312169312169342,0
4283,4,0,0,40,0.0,0.0,1.0,40,850,500,350,0.5882352941176471,12,5,7,371.372876630366,0.3869123931623932,0.08338032934807105,0.21921384315611384,131624.87809713668,1776.3819230109968,133401.2600201477,4278,5,1167.2,35,5,15,33.93347244153696,0.6386904761904761,43.46064814814816,1026.157407407409,29.318783068783112,0
4284,4,0,0,40,0.0,0.0,1.0,40,950,700,250,0.7368421052631579,12,7,5,369.1589272073502,0.38680555555555557,0.08603720405862436,0.2185874288604273,131743.67310742478,1726.8706061385699,133470.54371356335,4279,6,1168.2,35,5,15,33.87025554302893,0.6398809523809522,43.34490740740742,1026.620370370372,29.33201058201063,0
4285,4,0,0,40,0.0,0.0,1.0,40,1500,1100,400,0.7333333333333333,19,11,8,368.26483608352197,0.3870325854700855,0.08766586248492114,0.21849102408885124,131819.15181651275,1708.8716672754151,133528.02348378816,4280,7,1169.2,36,4,15,33.816984683993134,0.6385995370370369,43.27139639639641,1026.9144144144168,28.525400400400468,0
4286,4,0,1,39,0.0,0.025,0.975,40,700,400,300,0.5714285714285714,10,4,6,370.00135703401446,0.38621794871794873,0.09073119929839946,0.22002297124278272,131905.89871966589,1761.0723054135528,133666.97102507943,4281,8,1170.2,36,4,15,33.6848187531974,0.6394675925925924,43.18693693693695,1027.2522522522545,28.534784784784847,0
4287,4,0,0,39,0.0,0.0,1.0,39,700,500,200,0.7142857142857143,9,5,4,379.3718359518484,0.38211313540260905,0.08671118434365344,0.22463472529325088,131743.67310742466,2195.9678283607773,133939.64093578543,4282,9,1199.974358974359,35,4,15,33.60813603908305,0.6398809523809523,43.34490740740741,1026.6203703703711,29.332010582010604,0
4288,4,0,0,39,0.0,0.0,1.0,39,1000,600,400,0.6,14,6,8,377.1925015389347,0.3823942869995502,0.08213562753036396,0.2239580477887427,131848.06428049685,2146.420237805385,133994.48451830223,4283,10,1200.974358974359,36,3,16,33.55857090643275,0.6388888888888888,43.24324324324325,1027.027027027028,28.528528528528554,0
4289,4,0,0,39,0.0,0.0,1.0,39,1000,600,400,0.6,14,6,8,373.4201518838769,0.38233805668016196,0.0768765613499367,0.22246155392904074,131975.16453379887,2056.437197022164,134031.60173082104,4284,11,1201.974358974359,37,2,17,33.5270826663821,0.6382319819819819,43.11951754385965,1027.5219298245615,27.77086296823139,0
4290,4,0,0,39,0.0,0.0,1.0,39,1200,900,300,0.75,15,9,6,374.5266574256364,0.38191632928475033,0.07628300864912774,0.22361865520432583,132059.6782182979,2091.973972760845,134151.65219105873,4285,12,1202.974358974359,37,2,18,33.41334186757698,0.6390765765765766,43.03728070175438,1027.8508771929821,27.779753437648164,0
4291,4,0,0,39,0.0,0.0,1.0,39,650,400,250,0.6153846153846154,9,4,5,377.18903150678983,0.38186009896536216,0.08615909575602454,0.2258798682931466,132172.40521121887,2170.7963027085293,134343.2015139274,4286,13,1203.974358974359,37,2,18,33.231143811758024,0.6402027027027026,42.92763157894737,1028.2894736842109,27.791607396870564,0
4292,4,0,0,39,0.0,0.0,1.0,39,1050,900,150,0.8571428571428571,12,9,3,376.1901763439657,0.3819444444444444,0.08686071720510369,0.22544969098594608,132200.59447378048,2146.512989573721,134347.10746335422,4287,14,1204.974358974359,37,2,18,33.22837811422683,0.6404842342342343,42.90021929824562,1028.399122807018,27.794570886676166,0
4293,4,0,0,39,0.0,0.0,1.0,39,1350,1000,350,0.7407407407407407,17,10,7,357.3165135421407,0.38216936572199733,-0.0386681323136171,0.21328747968059886,132049.8168945311,1636.7160373263753,133686.53293185748,4288,15,1205.974358974359,39,0,14,33.865515523124216,0.6354166666666667,43.04687499999999,1027.8124999999989,26.354166666666636,7
4294,4,1,2,38,0.025,0.05,0.95,40,900,700,200,0.7777777777777778,11,7,4,357.30114311842715,0.38559027777777777,-0.04079753086419757,0.2149538962610858,132345.71358194525,1457.4549499305945,133803.16853187585,4289,0,1176.8,40,0,14,33.56790123456789,0.63671875,42.75914634146341,1028.9634146341461,25.724085365853654,0
4295,4,0,0,38,0.0,0.0,1.0,38,1500,1200,300,0.8,18,12,6,366.3386408116891,0.37689663347558083,-0.030913126188966467,0.21989454075654224,132260.59701219943,2090.433468478324,134351.03048067776,4290,19,1239.3157894736842,38,0,15,33.421184738955816,0.6392543859649124,42.841880341880334,1028.6324786324774,27.06927575348625,0
4296,4,1,0,39,0.02564102564102564,0.0,1.0,39,800,700,100,0.875,9,7,2,357.11296430503535,0.38186009896536216,-0.023953469320881604,0.21578447457041688,132510.8747403046,1664.4129346606064,134175.28767496522,4291,0,1208.5128205128206,37,2,17,33.40654952076676,0.6435810810810811,42.59868421052631,1029.605263157894,27.827169274537674,0
4297,4,0,0,39,0.0,0.0,1.0,39,1150,800,350,0.6956521739130435,15,8,7,356.2695153421009,0.38191632928475033,-0.02486038551612335,0.21592231142733517,132623.79410010768,1649.9629693751842,134273.75706948288,4292,1,1209.5128205128206,37,2,17,33.31470442126178,0.6447072072072072,42.489035087719294,1030.0438596491224,27.839023233760066,0
4298,4,0,0,39,0.0,0.0,1.0,39,800,500,300,0.625,11,5,6,353.9781367364053,0.3817476383265857,-0.0270106569319164,0.21518024120625703,132736.7615516311,1597.1823060941688,134333.94385772527,4293,2,1210.5128205128206,37,2,14,33.260179470809405,0.6458333333333334,42.379385964912274,1030.4824561403495,27.85087719298242,0
4299,4,0,2,37,0.0,0.05128205128205128,0.9487179487179487,39,1350,1000,350,0.7407407407407407,17,10,7,354.36561833014605,0.3819444444444444,-0.020700411172550615,0.21639313472575902,132906.30290089242,1619.4848414896728,134525.7877423821,4294,3,1211.5128205128206,37,2,14,33.07989508010776,0.6475225225225225,42.214912280701746,1031.1403508771916,27.86865813181599,0
4300,4,0,0,37,0.0,0.0,1.0,37,650,400,250,0.6153846153846154,9,4,5,368.83114262754196,0.371214964964965,-0.01283214713871672,0.22450043233754313,132785.41512613572,2395.0792770490075,135180.4944031847,4295,24,1276.6756756756756,35,2,14,32.8285841287666,0.6502976190476192,42.33217592592591,1030.6712962962943,29.447751322751266,0
4301,4,0,0,37,0.0,0.0,1.0,37,850,500,350,0.5882352941176471,12,5,7,370.0814666386277,0.3713088088088088,-0.0052300588836677875,0.22598051996460108,132904.73257726742,2437.1156710819287,135341.84824834936,4296,25,1277.6756756756756,35,2,15,32.67634321098513,0.6514880952380953,42.21643518518517,1031.1342592592573,29.46097883597878,0
4302,4,1,1,37,0.02631578947368421,0.02631578947368421,0.9736842105263158,38,1100,700,400,0.6363636363636364,15,7,8,362.86681912341396,0.3773263394973921,-0.005262009611133767,0.22339826265307777,133210.52629910287,2067.535990382241,135278.06228948513,4297,0,1245.0263157894738,36,2,16,32.555179811643214,0.652488425925926,41.92004504504503,1032.3198198198174,28.675550550550483,0
4303,4,0,1,36,0.0,0.02702702702702703,0.972972972972973,37,850,500,350,0.5882352941176471,12,5,7,368.3187543134762,0.37077702702702703,-0.008366374449819913,0.22616597888835724,133113.66705246884,2405.6520061728042,135519.31905864165,4298,27,1279.6756756756756,35,2,16,32.511776581426645,0.6535714285714287,42.01388888888887,1031.944444444442,29.484126984126917,0
4304,4,0,0,36,0.0,0.0,1.0,36,800,400,400,0.5,12,4,8,371.86572877707783,0.36936177248677243,-0.0008683559554476528,0.2284694544839464,133134.14292800432,2701.6050170067774,135835.7479450111,4299,28,1307.0555555555557,34,2,17,32.399690467950926,0.6559436274509804,41.994047619047606,1032.0238095238078,30.353641456582583,0
4305,4,0,0,36,0.0,0.0,1.0,36,900,700,200,0.7777777777777778,11,7,4,369.80146841845067,0.36896494708994704,0.0031163124383466467,0.2279522484430149,133257.03124999985,2655.7291666666533,135912.7604166665,4300,29,1308.0555555555557,34,2,17,32.329499596448755,0.6571691176470589,41.87499999999999,1032.4999999999989,30.367647058823497,0
4306,4,0,0,36,0.0,0.0,1.0,36,600,300,300,0.5,9,3,6,368.28515315794846,0.36874999999999997,0.0018702123843925555,0.2272052217988652,133287.76218820864,2617.5807823129257,135905.34297052157,4301,30,1309.0555555555557,34,2,17,32.33778149258319,0.6574754901960784,41.845238095238095,1032.6190476190477,30.371148459383758,0
4307,4,0,0,36,0.0,0.0,1.0,36,1000,800,200,0.8,12,8,4,369.352470714221,0.36866732804232805,0.008414307843965796,0.2288087147272466,133441.47002551032,2657.3873299319835,136098.8573554423,4302,31,1310.0555555555557,34,2,19,32.15592234128355,0.6590073529411764,41.69642857142858,1033.2142857142865,30.388655462184897,0
4308,4,0,1,35,0.0,0.027777777777777776,0.9722222222222222,36,650,600,50,0.9230769230769231,7,6,1,370.3209268086101,0.3682539682539683,0.008793771243380322,0.2299916566055831,133535.54672481742,2690.2050280896747,136225.7517529071,4303,32,1311.0555555555557,33,3,20,32.03649909098095,0.6622474747474747,41.60539215686275,1033.5784313725494,31.32055852644089,0
4309,4,0,0,35,0.0,0.0,1.0,35,850,600,250,0.7058823529411765,11,6,5,377.4341743635365,0.36663165266106446,0.0003769962474911015,0.2342152173741885,133504.84206012142,3077.857967299256,136582.70002742068,4304,33,1309.9142857142858,32,3,20,31.88352677662391,0.6643880208333334,41.63510101010101,1033.459595959596,32.29561237373738,0
4310,4,0,0,35,0.0,0.0,1.0,35,450,100,350,0.2222222222222222,8,1,7,357.1140696037659,0.3660014005602241,-0.027342790126214433,0.2259535169726161,134220.76106234995,2586.424441658096,136807.18550400806,4305,34,1310.9142857142858,35,0,19,31.692007334599218,0.6645833333333333,40.94328703703704,1036.2268518518517,29.606481481481477,3
4311,4,0,0,35,0.0,0.0,1.0,35,1100,900,200,0.8181818181818182,13,9,4,361.83561456860616,0.36575630252100844,0.0062079867154192225,0.22782148089692636,134040.92084887283,2700.1557945387754,136741.0766434116,4306,35,1311.9142857142858,35,0,18,31.74958552214895,0.6627976190476189,41.11689814814816,1035.5324074074092,29.586640211640262,2
4312,4,0,0,35,0.0,0.0,1.0,35,1350,1000,350,0.7407407407407407,17,10,7,366.37210942244735,0.36544117647058827,-0.003675930948658257,0.23200112219014105,134250.74615269213,2837.145811899869,137087.89196459198,4307,36,1312.9142857142858,35,0,18,31.42217630853993,0.6648809523809524,40.914351851851855,1036.3425925925933,29.60978835978838,0
4313,4,0,0,35,0.0,0.0,1.0,35,600,400,200,0.6666666666666666,8,4,4,367.39787449774315,0.36544117647058827,-0.004823581956230338,0.23303224957519741,134310.7263803155,2869.095078875171,137179.82145919066,4308,37,1313.9142857142858,35,0,18,31.335603692124458,0.6654761904761904,40.85648148148148,1036.574074074074,29.61640211640211,0
4314,4,0,0,35,0.0,0.0,1.0,35,850,700,150,0.8235294117647058,10,7,3,363.69861980289676,0.36446078431372547,-0.011251255720504671,0.23125450211597967,134400.72183909905,2776.2714066786807,137176.99324577773,4309,38,1314.9142857142858,35,0,18,31.34150481824607,0.6663690476190476,40.76967592592593,1036.9212962962972,29.62632275132278,0
4315,4,0,0,35,0.0,0.0,1.0,35,900,500,400,0.5555555555555556,13,5,8,362.3726472789297,0.3649509803921569,-0.011248744559758439,0.23079042588958695,134460.73555652009,2744.9785397376577,137205.71409625775,4310,39,1315.9142857142858,35,0,18,31.315910612654854,0.6669642857142857,40.71180555555556,1037.1527777777778,29.63293650793651,0
4316,4,0,0,35,0.0,0.0,1.0,35,500,400,100,0.8,6,4,2,361.9789186503891,0.3645658263305322,-0.012852839451076736,0.2309193628372555,134520.76266986033,2738.736041452343,137259.49871131268,4311,40,1316.9142857142858,35,0,18,31.266154375395146,0.6675595238095238,40.65393518518519,1037.38425925926,29.639550264550287,0
4317,4,0,0,35,0.0,0.0,1.0,35,1000,600,400,0.6,14,6,8,363.1611935739437,0.36498599439775914,-0.01216158075053797,0.23205560230865335,134580.80317911954,2774.9050229338177,137355.70820205336,4312,41,1317.9142857142858,35,0,19,31.175520542851828,0.6681547619047619,40.59606481481482,1037.615740740741,29.646164021164033,0
4318,4,0,0,35,0.0,0.0,1.0,35,1300,800,500,0.6153846153846154,18,8,10,365.99156003982057,0.36442577030812323,-0.011239964317572904,0.23444373645979366,134670.88906035665,2857.6817558299053,137528.57081618655,4313,42,1318.9142857142858,35,0,19,31.012117157300043,0.669047619047619,40.50925925925926,1037.9629629629628,29.65608465608465,0
4319,4,0,0,35,0.0,0.0,1.0,35,600,400,200,0.6666666666666666,8,4,4,367.1249440582774,0.364670868347339,-0.009401723012246066,0.2357536058086474,134761.0050824117,2894.8252904235233,137655.83037283522,4314,43,1319.9142857142858,35,0,19,30.892714487422424,0.6699404761904761,40.4224537037037,1038.3101851851852,29.66600529100529,0
4320,4,0,0,35,0.0,0.0,1.0,35,1100,800,300,0.7272727272727273,14,8,6,363.3266902009943,0.3638655462184874,-0.009858145866169954,0.2337011033099298,134821.09917534716,2796.8207465277683,137617.91992187494,4315,44,1320.9142857142858,35,0,17,30.931335673687723,0.6705357142857142,40.36458333333333,1038.541666666666,29.67261904761903,0
4321,4,0,0,35,0.0,0.0,1.0,35,700,200,500,0.2857142857142857,12,2,10,360.46039369651095,0.36348039215686273,-0.009397532829287458,0.23224206987984095,134881.2066642018,2723.866571287721,137605.07323548952,4316,45,1321.9142857142858,35,0,17,30.94579851439184,0.6711309523809523,40.30671296296296,1038.7731481481478,29.679232804232793,0
4322,4,0,0,35,0.0,0.0,1.0,35,1200,900,300,0.75,15,9,6,361.02003462284375,0.3630252100840336,-0.007788736875596669,0.23357059876895828,135031.5339934844,2749.8178155007026,137781.35180898508,4317,46,1322.9142857142858,35,0,17,30.781365998515213,0.6726190476190474,40.162037037037045,1039.3518518518533,29.69576719576724,0
4323,4,0,0,35,0.0,0.0,1.0,35,800,700,100,0.875,9,7,2,363.8137999445785,0.36299019607843136,-0.007787002576581603,0.235770241782266,135091.68836805562,2829.6440972222317,137921.33246527784,4318,47,1323.9142857142858,35,0,17,30.648797595190377,0.6732142857142855,40.10416666666667,1039.583333333334,29.70238095238097,0
4324,4,1,0,36,0.027777777777777776,0.0,1.0,36,750,600,150,0.8,9,6,3,355.8683505075314,0.3666666666666667,-0.00822933948880733,0.23259796997104723,135399.1723987503,2436.8560283256397,137836.02842707594,4319,0,1288.111111111111,36,0,19,30.54916865036428,0.6741898148148149,39.808558558558566,1040.7657657657671,28.9101601601602,0
4325,4,0,0,36,0.0,0.0,1.0,36,1000,900,100,0.9,11,9,2,359.198926511982,0.36673280423280424,-0.006003894418000977,0.23515827738503994,135457.78041555075,2531.2578625923297,137989.03827814307,4320,1,1289.111111111111,36,0,19,30.404181090437028,0.6747685185185185,39.752252252252255,1040.9909909909916,28.916416416416432,0
4326,4,0,0,36,0.0,0.0,1.0,36,400,300,100,0.75,5,3,2,359.6085350224117,0.3660714285714286,-0.004224048837935479,0.23581138402959007,135516.40111395187,2546.5708952195555,138062.9720091714,4321,2,1290.111111111111,36,0,19,30.33518999206865,0.6753472222222222,39.69594594594595,1041.2162162162167,28.922672672672686,0
4327,4,0,0,36,0.0,0.0,1.0,36,750,500,250,0.6666666666666666,10,5,5,359.66207226326287,0.3660383597883598,-0.0033340542099189463,0.23623258837291614,135575.03449395354,2552.2395706517495,138127.2740646053,4322,3,1291.111111111111,36,0,19,30.27546496539792,0.6759259259259258,39.63963963963965,1041.4414414414425,28.928928928928958,0
4328,4,0,1,35,0.0,0.027777777777777776,0.9722222222222222,36,950,700,250,0.7368421052631579,12,7,5,358.4000000000001,0.36593915343915345,0.001777777777777878,0.23578947368421063,135633.6805555556,2522.247585423266,138155.92814097885,4323,4,1292.111111111111,34,2,19,30.250000000000004,0.6807598039215685,39.583333333333336,1041.666666666667,30.637254901960794,0
4329,4,0,0,35,0.0,0.0,1.0,35,1100,1000,100,0.9090909090909091,12,10,2,356.84593710178166,0.3595238095238095,0.01896059394631644,0.23578763617555454,135788.73476473914,2691.1316609977193,138479.86642573687,4324,5,1328.5428571428572,34,1,19,30.136350656767554,0.6822916666666667,39.4345238095238,1042.2619047619041,30.654761904761887,0
4330,4,0,0,35,0.0,0.0,1.0,35,600,300,300,0.5,9,3,6,356.7984940584702,0.35955882352941176,0.020098207148567138,0.2361666222577494,135850.78125,2694.270833333334,138545.05208333334,4325,6,1329.5428571428572,34,1,19,30.075939248601127,0.6829044117647058,39.375,1042.5,30.66176470588235,0
4331,4,0,0,35,0.0,0.0,1.0,35,550,400,150,0.7272727272727273,7,4,3,355.0583811035146,0.3594887955182073,0.02009642222786079,0.23517396301326912,135874.91426611805,2648.7054183813507,138523.6196844994,4326,7,1330.5428571428572,35,0,15,30.09732089994078,0.680952380952381,39.351851851851855,1042.5925925925933,29.78835978835981,0
4332,4,0,0,35,0.0,0.0,1.0,35,750,500,250,0.6666666666666666,10,5,5,335.6032225833251,0.3584033613445378,0.006658906446829427,0.2133902960343514,134400.72183909902,2021.0630733453472,136421.78491244436,4327,8,1331.5428571428572,35,0,20,32.06982271086804,0.6663690476190476,40.76967592592593,1036.921296296297,29.62632275132277,6
4333,4,0,0,35,0.0,0.0,1.0,35,1400,1000,400,0.7142857142857143,18,10,8,337.65367334149727,0.35861344537815126,0.008033920999776845,0.21522419775864157,134490.74743870032,2082.258980624151,136573.00641932446,4328,9,1332.5428571428572,35,0,20,31.926932232388605,0.6672619047619047,40.682870370370374,1037.268518518519,29.636243386243397,0
4334,4,0,0,35,0.0,0.0,1.0,35,850,600,250,0.7058823529411765,11,6,5,348.9765572542722,0.35861344537815126,0.019088077936596726,0.21936720341809296,133981.0009028848,2351.245686514048,136332.24658939886,4329,10,1333.5428571428572,35,0,21,32.14237469722377,0.662202380952381,41.17476851851851,1035.300925925925,29.580026455026427,1
4335,4,0,0,35,0.0,0.0,1.0,35,750,700,50,0.9333333333333333,8,7,1,348.35117505695837,0.3572478991596639,0.018158020750199455,0.2198690420846103,134130.82588520227,2344.926161694093,136475.75204689638,4330,11,1334.5428571428572,35,0,21,32.00884543761637,0.6636904761904763,41.03009259259259,1035.879629629629,29.59656084656083,0
4336,4,0,0,35,0.0,0.0,1.0,35,1150,800,350,0.6956521739130435,15,8,7,347.6162082613643,0.35714285714285715,0.015168297237339923,0.21958452224047062,134160.80092860496,2327.2937832218595,136488.09471182682,4331,12,1335.5428571428572,35,0,21,31.9979378467955,0.6639880952380952,41.0011574074074,1035.995370370369,29.59986772486769,0
4337,4,0,0,35,0.0,0.0,1.0,35,700,500,200,0.7142857142857143,9,5,4,348.3831177694544,0.3572829131652661,0.019071021684670786,0.22042926172366956,134220.7610623499,2352.049441658082,136572.81050400797,4332,13,1336.5428571428572,35,0,21,31.91818850292267,0.6645833333333333,40.94328703703703,1036.2268518518513,29.606481481481467,0
4338,4,0,0,35,0.0,0.0,1.0,35,1050,800,250,0.7619047619047619,13,8,5,349.31839923469397,0.35703781512605043,0.02089285714285749,0.22229352678571423,134430.72702331946,2391.825274348409,136822.55229766786,4333,14,1337.5428571428572,35,0,21,31.684337797619058,0.6666666666666667,40.74074074074073,1037.0370370370358,29.629629629629594,0
4339,4,0,0,35,0.0,0.0,1.0,35,750,600,150,0.8,9,6,3,349.7183164740302,0.35721288515406163,0.018131684225626055,0.22309788402539027,134520.76266986024,2408.8749303412196,136929.63760020147,4334,15,1338.5428571428572,35,0,21,31.58412826806501,0.6675595238095238,40.65393518518518,1037.3842592592591,29.639550264550262,0
4340,4,0,0,35,0.0,0.0,1.0,35,1400,1000,400,0.7142857142857143,18,10,8,351.1663235562105,0.35679271708683474,0.019727284312476057,0.22494711354657845,134670.8890603568,2458.3762002743642,137129.26526063116,4335,16,1339.5428571428572,35,0,21,31.396818316978898,0.6690476190476189,40.50925925925927,1037.962962962964,29.656084656084683,0
4341,4,0,0,35,0.0,0.0,1.0,35,900,600,300,0.6666666666666666,12,6,6,350.26793705418146,0.35703781512605043,0.017431470302470053,0.22455704985267746,134700.92438539542,2436.2829807527633,137137.20736614818,4336,17,1340.5428571428572,35,0,21,31.39018192291968,0.669345238095238,40.48032407407408,1038.0787037037053,29.65939153439158,0
4342,4,0,0,35,0.0,0.0,1.0,35,950,500,450,0.5263157894736842,14,5,9,350.649321595955,0.35731792717086835,0.020410893454371637,0.22498744025148212,134730.9630594138,2448.6641589506416,137179.62721836445,4337,18,1341.5428571428572,35,0,21,31.350334448160538,0.669642857142857,40.4513888888889,1038.1944444444462,29.66269841269846,0
4343,4,0,0,35,0.0,0.0,1.0,35,900,500,400,0.5555555555555556,13,5,8,350.16212200925025,0.35612745098039217,0.029790416779388318,0.22598169441244007,134941.32754897556,2450.2683202589237,137391.59586923447,4338,19,1342.5428571428572,35,0,20,31.153340945378915,0.6717261904761904,40.248842592592595,1039.0046296296302,29.685846560846578,0
4344,4,0,0,35,0.0,0.0,1.0,35,1100,800,300,0.7272727272727273,14,8,6,350.7343713572849,0.35525210084033615,0.031384027998727415,0.22691604141126948,135031.53399348422,2472.0400377229103,137503.57403120713,4339,20,1343.5428571428572,35,0,20,31.048626577579803,0.6726190476190477,40.16203703703704,1039.351851851852,29.6957671957672,0
4345,4,0,0,35,0.0,0.0,1.0,35,550,400,150,0.7272727272727273,7,4,3,351.7958908248084,0.35500700280112046,0.03984225925454776,0.2283623036972601,135151.856138546,2509.173525377232,137661.02966392323,4340,21,1344.5428571428572,35,0,20,30.901231819531013,0.6738095238095239,40.0462962962963,1039.8148148148152,29.70899470899472,0
4346,4,0,0,35,0.0,0.0,1.0,35,1250,800,450,0.64,17,8,9,350.9891776231961,0.35500700280112046,0.04760103618708578,0.22879200273059547,135302.33417191796,2497.9310003000764,137800.26517221803,4341,22,1345.5428571428572,35,0,21,30.77244873363741,0.675297619047619,39.901620370370374,1040.3935185185192,29.72552910052912,0
4347,4,0,0,35,0.0,0.0,1.0,35,850,600,250,0.7058823529411765,11,6,5,352.6801285786989,0.35535714285714287,0.04597861829041627,0.23066562882241737,135422.7768802512,2552.1844725222845,137974.96135277348,4342,23,1346.5428571428572,35,0,21,30.608644686608095,0.6764880952380953,39.785879629629626,1040.8564814814813,29.738756613756607,0
4348,4,0,0,35,0.0,0.0,1.0,35,950,900,50,0.9473684210526315,10,9,1,355.6919027892639,0.35535714285714287,0.04985072730737494,0.23322189194549703,135513.14407578882,2640.1856138546,138153.32968964343,4343,24,1347.5428571428572,35,0,21,30.440380910034087,0.6773809523809524,39.699074074074076,1041.2037037037042,29.74867724867726,0
4349,4,0,0,35,0.0,0.0,1.0,35,800,600,200,0.75,10,6,4,356.18816458359674,0.35437675070028013,0.046355518552982033,0.2345374438127205,135664.6843112245,2664.4845644018965,138329.1688756264,4344,25,1348.5428571428572,34,1,21,30.276777892050443,0.6810661764705881,39.55357142857143,1041.7857142857144,30.640756302521012,0
4350,4,0,0,35,0.0,0.0,1.0,35,850,700,150,0.8235294117647058,10,7,3,352.57713162590136,0.3545168067226891,0.04775551006807244,0.2325459279141385,135724.11807966826,2570.6440489969145,138294.76212866517,4345,26,1349.5428571428572,35,0,21,30.311771076307913,0.6794642857142856,39.49652777777778,1042.0138888888891,29.771825396825403,0
4351,4,0,0,35,0.0,0.0,1.0,35,800,500,300,0.625,11,5,6,351.7930085250741,0.3533963585434174,0.05276482345103317,0.23261731532869426,135814.5857445987,2555.7243441358005,138370.3100887345,4346,27,1350.5428571428572,35,0,22,30.242338441039326,0.6803571428571429,39.40972222222222,1042.3611111111106,29.781746031746017,0
4352,4,0,0,35,0.0,0.0,1.0,35,800,600,200,0.75,10,6,4,352.5245982788439,0.3538515406162465,0.048637077208506074,0.23369345885902185,135905.08355034728,2581.9769965277883,138487.06054687506,4347,28,1351.5428571428572,35,0,19,30.133408258408263,0.6812499999999999,39.32291666666667,1042.708333333334,29.791666666666686,0
4353,4,0,0,35,0.0,0.0,1.0,35,500,400,100,0.8,6,4,2,352.54054708975315,0.3535714285714286,0.051365791017327744,0.23410043255901028,135965.4321657452,2586.6655682013206,138552.09773394652,4348,29,1352.5428571428572,35,0,19,30.073081973883767,0.681845238095238,39.265046296296305,1042.9398148148161,29.79828042328046,0
4354,4,0,0,35,0.0,0.0,1.0,35,900,600,300,0.6666666666666666,12,6,6,353.7720998949983,0.352906162464986,0.04883831500206037,0.23551711288430707,136055.9802061901,2626.561964163252,138682.54217035338,4349,30,1353.5428571428572,35,0,19,29.951094593595155,0.6827380952380951,39.17824074074075,1043.287037037038,29.80820105820109,0
4355,4,0,0,35,0.0,0.0,1.0,35,850,600,250,0.7058823529411765,11,6,5,354.33408732498776,0.35266106442577033,0.04654582329826318,0.23629261326346854,136116.3623113857,2646.1334019204605,138762.49571330615,4350,31,1354.5428571428572,35,0,20,29.876515823720787,0.6833333333333332,39.12037037037038,1043.5185185185203,29.814814814814866,0
4356,4,0,0,35,0.0,0.0,1.0,35,600,500,100,0.8333333333333334,7,5,2,352.9468010087608,0.3530812324929972,0.03969204448246377,0.2357684630738523,136176.75781250012,2612.630208333348,138789.38802083346,4351,32,1355.5428571428572,35,0,20,29.85279441117765,0.6839285714285713,39.06250000000001,1043.750000000001,29.821428571428598,0
4357,4,0,0,35,0.0,0.0,1.0,35,950,500,450,0.5263157894736842,14,5,9,351.11842459601803,0.3527310924369748,0.029873153118913143,0.2351476843563979,136267.3761815201,2569.197289737665,138836.57347125778,4352,33,1356.5428571428572,35,0,20,29.81065014965083,0.6848214285714285,38.97569444444445,1044.0972222222226,29.831349206349216,0
4358,4,0,0,35,0.0,0.0,1.0,35,800,400,400,0.5,12,4,8,349.95230499781064,0.35241596638655465,0.013796477495107595,0.23224107513491082,135943.8775510205,2523.4853562374146,138467.36290725792,4353,34,1357.5428571428572,34,1,19,30.16195776255707,0.6838235294117647,39.28571428571429,1042.8571428571436,30.672268907563048,2
4359,4,0,0,35,0.0,0.0,1.0,35,650,400,250,0.6153846153846154,9,4,5,351.80310640120035,0.35217086834733896,0.017708350318783372,0.23367301100689292,135974.9167375284,2567.279620181418,138542.19635770982,4354,35,1358.5428571428572,34,1,19,30.08289578815205,0.6841299019607843,39.25595238095239,1042.976190476191,30.675770308123266,0
4360,4,0,0,35,0.0,0.0,1.0,35,650,600,50,0.9230769230769231,7,6,1,351.09068276976365,0.35241596638655465,0.01477157856979816,0.23340338106439074,136005.95946712015,2550.085034013602,138556.04450113376,4355,36,1359.5428571428572,34,1,19,30.07066499277182,0.6844362745098038,39.226190476190474,1043.0952380952378,30.679271708683466,0
4361,4,0,0,35,0.0,0.0,1.0,35,950,600,350,0.631578947368421,13,6,7,351.2179091598263,0.35094537815126053,0.019944923332627207,0.23451084612370118,136161.2262613378,2564.4522392290187,138725.67850056684,4356,37,1360.5428571428572,34,1,19,29.913311280939883,0.685968137254902,39.07738095238095,1043.6904761904757,30.69677871148458,0
4362,4,0,0,35,0.0,0.0,1.0,35,700,500,200,0.7142857142857143,9,5,4,349.81297077295005,0.35112044817927174,0.019519030239832924,0.23377744876045936,136192.29024943316,2528.3659297052227,138720.6561791384,4357,38,1361.5428571428572,34,1,19,29.91916628649634,0.6862745098039216,39.04761904761905,1043.8095238095243,30.700280112044833,0
4363,4,0,0,35,0.0,0.0,1.0,35,500,200,300,0.4,8,2,6,348.56961576016505,0.3509803921568628,0.021860237823749573,0.23335538398600347,136254.4288548752,2498.8307823129157,138753.25963718814,4358,39,1362.5428571428572,34,1,20,29.890013302926643,0.6868872549019608,38.988095238095234,1044.0476190476186,30.70728291316525,0
4364,4,0,0,35,0.0,0.0,1.0,35,750,400,350,0.5333333333333333,11,4,7,349.3422360547929,0.3513305322128852,0.0287896305222195,0.23448962791956368,136347.6633361678,2526.3995181405935,138874.0628543084,4359,40,1363.5428571428572,34,1,20,29.777442152057453,0.6878063725490196,38.898809523809526,1044.404761904762,30.71778711484594,0
4365,4,0,0,35,0.0,0.0,1.0,35,900,700,200,0.7777777777777778,11,7,4,349.3422360547929,0.3513305322128852,0.0287896305222195,0.23448962791956368,136347.6633361678,2526.3995181405935,138874.0628543084,4360,41,1364.5428571428572,34,1,20,29.777442152057453,0.6878063725490196,38.898809523809526,1044.404761904762,30.71778711484594,0
4366,4,0,0,35,0.0,0.0,1.0,35,850,600,250,0.7058823529411765,11,6,5,350.66579608429066,0.351155462184874,0.026826409688762043,0.23600023208862986,136440.9297052153,2569.033446712005,139009.9631519273,4361,42,1365.5428571428572,34,1,20,29.650467183226986,0.6887254901960784,38.8095238095238,1044.7619047619037,30.72829131652658,0
4367,4,0,0,35,0.0,0.0,1.0,35,550,400,150,0.7272727272727273,7,4,3,350.54651272228705,0.3511904761904762,0.02278423331054924,0.23633619728696134,136503.125,2570.138888888889,139073.26388888888,4362,43,1366.5428571428572,34,1,20,29.591972355130245,0.6893382352941176,38.75,1045.0,30.735294117647058,0
4368,4,0,0,35,0.0,0.0,1.0,35,1250,800,450,0.64,17,8,9,350.56168315176376,0.351015406162465,0.022250776662708915,0.23739269569174562,136658.67524092968,2581.45904195011,139240.1342828798,4363,44,1367.5428571428572,34,1,20,29.43754981213707,0.6908700980392157,38.601190476190474,1045.5952380952378,30.752801120448172,0
4369,4,0,0,35,0.0,0.0,1.0,35,850,700,150,0.8235294117647058,10,7,3,340.5469808141642,0.35157563025210087,-0.011098235706941129,0.22462756014064636,135726.70245181394,2244.263747165521,137970.96619897947,4364,45,1368.5428571428572,34,1,21,30.622596062302467,0.6816789215686274,39.49404761904761,1042.0238095238085,30.647759103641427,2
4370,4,0,0,35,0.0,0.0,1.0,35,850,700,150,0.8235294117647058,10,7,3,339.8655975299696,0.351155462184874,-0.004796163069544557,0.2249586574126941,135850.78125000003,2234.2013888888887,138084.9826388889,4365,46,1369.5428571428572,34,1,22,30.517252864375166,0.6829044117647058,39.375,1042.5000000000002,30.66176470588236,0
4371,4,0,0,35,0.0,0.0,1.0,35,800,600,200,0.75,10,6,4,339.1496679989167,0.35122549019607846,-0.003816482638266061,0.22487599863758592,135912.84190759624,2218.9590419500973,138131.80094954633,4366,47,1370.5428571428572,34,1,17,30.474369220230617,0.6835171568627452,39.31547619047618,1042.7380952380943,30.668767507002773,0
4372,4,0,0,35,0.0,0.0,1.0,35,950,600,350,0.631578947368421,13,6,7,340.5595878656987,0.3509803921568628,-0.009880327387745469,0.22640236030950292,136005.95946712003,2263.6267006802536,138269.5861678003,4367,48,1371.5428571428572,34,1,17,30.3452883664308,0.684436274509804,39.22619047619047,1043.095238095237,30.67927170868344,0
4373,4,0,0,35,0.0,0.0,1.0,35,850,700,150,0.8235294117647058,10,7,3,341.45495770609796,0.3503151260504202,6.518692350376831e-05,0.22779255397653372,136130.16581632648,2296.4640022675667,138426.62981859405,4368,49,1372.5428571428572,34,1,18,30.198826906989122,0.6856617647058824,39.107142857142854,1043.571428571428,30.69327731092435,0
4374,4,0,0,35,0.0,0.0,1.0,35,1250,900,350,0.72,16,9,7,339.3318936095246,0.35077030812324933,-0.0009447792800127974,0.2271710463324831,136254.42885487518,2247.094671201805,138501.52352607698,4369,50,1373.5428571428572,34,1,19,30.13112884834664,0.6868872549019608,38.988095238095234,1044.0476190476184,30.707282913165244,0
4375,4,0,0,35,0.0,0.0,1.0,35,700,500,200,0.7142857142857143,9,5,4,341.2403890919349,0.3508403361344538,-0.0031594032962023455,0.22885020589560043,136316.58163265313,2303.3446712018185,138619.92630385494,4370,51,1374.5428571428572,34,1,19,30.019759841921257,0.6875,38.92857142857143,1044.285714285715,30.714285714285733,0
4376,4,0,0,35,0.0,0.0,1.0,35,700,500,200,0.7142857142857143,9,5,4,340.1108306551107,0.3508403361344538,-0.005862141961537448,0.22829321479244724,136347.66333616784,2274.663407029482,138622.32674319734,4371,52,1375.5428571428572,34,1,19,30.018475246019992,0.6878063725490196,38.898809523809526,1044.4047619047622,30.717787114845947,0
4377,4,0,0,35,0.0,0.0,1.0,35,950,700,250,0.7368421052631579,12,7,5,338.7797176970965,0.3503151260504202,-0.0010093610093608874,0.22780015500322026,136409.8373724491,2242.5772392290423,138652.41461167816,4372,53,1376.5428571428572,34,1,19,29.991690408357076,0.6884191176470588,38.83928571428572,1044.6428571428582,30.72478991596642,0
4378,4,0,0,35,0.0,0.0,1.0,35,950,700,250,0.7368421052631579,12,7,5,337.9162555135476,0.3496148459383754,0.001171627097131367,0.2280220451309327,136534.22796201817,2227.427012471656,138761.65497448982,4373,54,1377.5428571428572,34,1,21,29.891170216805243,0.6896446078431373,38.720238095238095,1045.1190476190477,30.738795518207287,0
4379,4,0,0,35,0.0,0.0,1.0,35,650,500,150,0.7692307692307693,8,5,3,337.8069186776266,0.3487745098039216,0.0010410905423430261,0.22855318642734365,136627.5581065762,2230.746882086195,138858.3049886624,4374,55,1378.5428571428572,34,1,21,29.801725119562743,0.690563725490196,38.630952380952394,1045.4761904761924,30.74929971988801,0
4380,4,0,0,35,0.0,0.0,1.0,35,750,600,150,0.8,9,6,3,338.2166221246776,0.3487044817927171,0.0017889669529014274,0.2292357105511707,136689.79591836757,2246.15221088438,138935.94812925195,4375,56,1379.5428571428572,34,1,21,29.729479735883427,0.6911764705882352,38.571428571428584,1045.7142857142874,30.75630252100845,0
4381,4,0,0,35,0.0,0.0,1.0,35,750,500,250,0.6666666666666666,10,5,5,338.3968870958926,0.34856442577030816,0.005053632088890536,0.23019077491136558,136817.06142168897,2259.6970804253287,139076.7585021143,4376,57,1380.5428571428572,33,2,23,29.598976025926362,0.694760101010101,38.449754901960794,1046.2009803921583,31.703060011883583,0
4382,4,0,0,35,0.0,0.0,1.0,35,550,400,150,0.7272727272727273,7,4,3,338.3968870958926,0.34856442577030816,0.005053632088890536,0.23019077491136558,136817.06142168897,2259.6935373414285,139076.7549590304,4377,58,1381.5428571428572,33,2,23,29.598976025926362,0.694760101010101,38.449754901960794,1046.2009803921583,31.703060011883583,0
4383,4,0,0,35,0.0,0.0,1.0,35,650,400,250,0.6153846153846154,9,4,5,338.2361930348554,0.3481792717086835,-0.0016663041841631365,0.23050270170188578,136881.1743830498,2259.633464292584,139140.8078473424,4378,59,1382.5428571428572,33,2,24,29.53983194753485,0.6953914141414141,38.388480392156865,1046.4460784313726,31.71048722519311,0
4384,4,0,0,35,0.0,0.0,1.0,35,850,700,150,0.8235294117647058,10,7,3,336.6559692296238,0.3476540616246499,0.004749640432150315,0.2300572231327559,136977.3719843331,2222.849985582485,139200.22196991558,4379,60,1383.5428571428572,33,2,15,29.4861663935066,0.6963383838383839,38.29656862745099,1046.8137254901972,31.72162804515749,0
4385,4,0,0,35,0.0,0.0,1.0,35,900,600,300,0.6666666666666666,12,6,6,337.9838579584507,0.3474089635854342,0.011222578919208415,0.23138894891001632,137041.52249134946,2263.5644944252194,139305.0869857747,4380,61,1384.5428571428572,33,2,15,29.388069600499367,0.696969696969697,38.23529411764706,1047.0588235294117,31.72905525846702,0
4386,4,0,0,35,0.0,0.0,1.0,35,750,500,250,0.6666666666666666,10,5,5,338.6223389008728,0.3464635854341737,0.013476836686944438,0.2326803659907283,137169.86856016912,2289.7563437139497,139459.6249038831,4381,62,1385.5428571428572,33,2,15,29.244657619716108,0.6982323232323233,38.11274509803921,1047.5490196078429,31.743909685086148,0
4387,4,0,0,35,0.0,0.0,1.0,35,600,400,200,0.6666666666666666,8,4,4,337.21786682712354,0.34639355742296923,0.046136934158066856,0.21384966980799455,134303.87081916103,2057.932964852613,136361.80378401364,4382,63,1386.5428571428572,34,1,22,32.12453581409595,0.6675857843137254,40.86309523809524,1036.5476190476193,30.486694677871157,4
4388,4,0,0,35,0.0,0.0,1.0,35,650,600,50,0.9230769230769231,7,6,1,341.41972289923683,0.34579831932773114,0.05540429719534168,0.2170631960914124,134396.4356575962,2177.11876417231,136573.5544217685,4383,64,1387.5428571428572,34,1,22,31.923316111748935,0.6685049019607844,40.77380952380951,1036.9047619047606,30.49719887955178,0
4389,4,0,0,35,0.0,0.0,1.0,35,600,200,400,0.3333333333333333,10,2,8,341.91068587199317,0.3455882352941177,0.06142594778958399,0.21774312100269025,134458.16326530607,2194.5365646258388,136652.6998299319,4384,65,1388.5428571428572,34,1,22,31.84903007346188,0.6691176470588236,40.71428571428571,1037.1428571428567,30.504201680672253,0
4390,4,0,0,35,0.0,0.0,1.0,35,1200,1100,100,0.9166666666666666,13,11,2,337.869994832898,0.34530812324929977,0.05569859454352177,0.21590530160378457,134582.56927924347,2094.31428515032,136676.8835643938,4385,66,1389.5428571428572,33,2,23,31.8298246132042,0.6726641414141415,40.59436274509803,1037.622549019607,31.443107546048697,0
4391,4,0,0,35,0.0,0.0,1.0,35,650,500,150,0.7692307692307693,8,5,3,339.68197440534055,0.34530812324929977,0.0483506062453436,0.21132427257252606,133598.88624567474,2076.2266916570607,135675.1129373318,4386,67,1390.5428571428572,33,2,23,32.76483720562668,0.6628787878787878,41.544117647058826,1033.8235294117649,31.32798573975045,1
4392,4,0,0,35,0.0,0.0,1.0,35,700,500,200,0.7142857142857143,9,5,4,340.2736685512514,0.3456582633053222,0.04874447586311992,0.21187372262486415,133630.5616379518,2094.192287821996,135724.75392577378,4387,68,1391.5428571428572,33,2,23,32.717864762356285,0.6631944444444444,41.513480392156865,1033.9460784313728,31.331699346405237,0
4393,4,0,0,35,0.0,0.0,1.0,35,750,500,250,0.6666666666666666,10,5,5,340.5923673694217,0.34572829131652666,0.051930204613536146,0.2128009010337002,133757.3007527153,2111.3431432622074,135868.6438959775,4388,69,1392.5428571428572,33,2,18,32.582903881846555,0.6644570707070707,41.39093137254902,1034.4362745098038,31.346553773024358,0
4394,4,0,0,35,0.0,0.0,1.0,35,1350,1200,150,0.8888888888888888,15,12,3,343.5778425450608,0.3458333333333334,0.051160661297160015,0.21175152329496236,133250.70473195397,2156.3979298827267,135407.1026618367,4389,70,1393.5428571428572,33,2,18,33.012734915924824,0.6594065656565657,41.88112745098039,1032.4754901960778,31.287136066547813,3
4395,4,1,0,36,0.027777777777777776,0.0,1.0,36,700,500,200,0.7142857142857143,9,5,4,335.0910763952026,0.35090939153439155,0.05527406725011552,0.2084477727375313,133595.26643990923,1753.3163265306055,135348.58276643982,4390,0,1355.8055555555557,34,2,19,32.88711039459543,0.6605392156862746,41.547619047619044,1033.8095238095232,30.406162464985975,0
4396,4,0,0,36,0.0,0.0,1.0,36,950,700,250,0.7368421052631579,12,7,5,333.7932085576005,0.3504960317460317,0.056335686515244676,0.20833300258250248,133718.36734693885,1726.8565759637247,135445.22392290257,4391,1,1356.8055555555557,34,2,16,32.79763275015346,0.661764705882353,41.42857142857143,1034.285714285715,30.42016806722691,0
4397,4,0,1,35,0.0,0.027777777777777776,0.9722222222222222,36,1350,1200,150,0.8888888888888888,15,12,3,333.3699131382543,0.35115740740740736,0.05534141321162367,0.2085902026698755,133810.7302295919,1721.6943027210923,135532.424532313,4392,2,1357.8055555555557,34,2,16,32.71631572891498,0.6626838235294117,41.339285714285715,1034.6428571428576,30.430672268907575,0
4398,4,0,0,35,0.0,0.0,1.0,35,950,700,250,0.7368421052631579,12,7,5,341.663484647694,0.3462885154061625,0.05798239675016914,0.21328696822681517,133725.61034217625,2137.8316032295434,135863.4419454058,4393,74,1397.5428571428572,33,2,16,32.58688783570301,0.6641414141414141,41.42156862745099,1034.3137254901974,31.34284016636962,0
4399,4,1,1,35,0.027777777777777776,0.027777777777777776,0.9722222222222222,36,1100,900,200,0.8181818181818182,13,9,4,330.79766324304,0.35332341269841266,0.05248155600268323,0.20810941598960833,134010.95920138867,1666.1024305555322,135677.0616319442,4394,0,1359.6944444444443,35,1,16,32.58299798792756,0.6625000000000001,41.14583333333332,1035.416666666665,29.583333333333282,0
4400,4,0,0,35,0.0,0.0,1.0,35,600,400,200,0.6666666666666666,8,4,4,337.1470205694459,0.3460434173669468,0.05379040607385277,0.21130634821991287,133872.32320011323,2026.9309807256104,135899.25418083885,4395,76,1399.5428571428572,34,1,17,32.55708616127919,0.663296568627451,41.2797619047619,1034.8809523809514,30.437675070027982,0
4401,4,0,0,35,0.0,0.0,1.0,35,1100,800,300,0.7272727272727273,14,8,6,339.2834681934109,0.34495798319327736,0.05674867785697879,0.21353745342592523,134026.36763038544,2094.586167800451,136120.9537981859,4396,77,1400.5428571428572,34,1,18,32.34795355254083,0.664828431372549,41.13095238095238,1035.4761904761901,30.45518207282912,0
4402,4,0,0,35,0.0,0.0,1.0,35,850,500,350,0.5882352941176471,12,5,7,339.487339677937,0.34460784313725495,0.059179216001839174,0.21384506646331441,134057.18714569148,2102.1435657596194,136159.3307114511,4397,78,1401.5428571428572,34,1,18,32.31190366708817,0.6651348039215687,41.10119047619047,1035.5952380952372,30.45868347338933,0
4403,4,0,1,34,0.0,0.02857142857142857,0.9714285714285714,35,950,800,150,0.8421052631578947,11,8,3,337.9245577324734,0.34502801120448184,0.058522008964486893,0.21321838845759603,134118.8368055555,2064.409722222218,136183.24652777772,4398,79,1402.5428571428572,34,1,19,32.29082864038617,0.6657475490196079,41.041666666666664,1035.833333333333,30.465686274509796,0
4404,4,0,0,34,0.0,0.0,1.0,34,750,600,150,0.8,9,6,3,344.9958926112814,0.34386140819964345,0.06963161373360682,0.21817055138581784,134201.36072964728,2459.783646914647,136661.14437656192,4399,80,1422.5882352941176,33,1,19,32.025305539128716,0.6688762626262627,40.96200980392157,1036.1519607843138,31.398544266191326,0
4405,4,0,0,34,0.0,0.0,1.0,34,650,500,150,0.7692307692307693,8,5,3,345.7208285708915,0.34369429590017825,0.07295898491847064,0.21881851245474984,134233.10745866975,2481.436226451363,136714.5436851211,4400,81,1423.5882352941176,33,1,19,31.974830495111934,0.6691919191919191,40.931372549019606,1036.2745098039215,31.402257872846107,0
4406,4,0,0,34,0.0,0.0,1.0,34,650,300,350,0.46153846153846156,10,3,7,345.4658375210282,0.3433786393345217,0.0701368166990104,0.21884678561163567,134264.85794225777,2476.784319732791,136741.64226199058,4401,82,1424.5882352941176,33,1,20,31.94974084584762,0.6695075757575758,40.900735294117645,1036.3970588235293,31.405971479500888,0
4407,4,0,0,34,0.0,0.0,1.0,34,800,500,300,0.625,11,5,6,343.3803304862242,0.34259878193701726,0.06807358329219881,0.2182825677117912,134391.89742226544,2429.5068303056437,136821.40425257108,4402,83,1425.5882352941176,33,1,20,31.87701906788007,0.6707702020202021,40.7781862745098,1036.8872549019604,31.42082590612001,0
4408,4,0,0,34,0.0,0.0,1.0,34,750,500,250,0.6666666666666666,10,5,5,342.4771888797538,0.3425245098039216,0.06724087867267237,0.21791956116373526,134427.29768990932,2407.6566043083935,136834.95429421772,4403,84,1426.5882352941176,34,0,20,31.86512264187044,0.6688112745098038,40.74404761904762,1037.0238095238096,30.50070028011205,0
4409,4,0,0,34,0.0,0.0,1.0,34,950,600,350,0.631578947368421,13,6,7,341.3952859672654,0.34291443850267384,0.06497320066424539,0.21778320072611645,134519.90504535148,2384.892290249434,136904.79733560092,4404,85,1427.5882352941176,34,0,21,31.800837732384668,0.6697303921568627,40.654761904761905,1037.3809523809525,30.51120448179272,0
4410,4,0,0,34,0.0,0.0,1.0,34,750,600,150,0.8,9,6,3,342.02395570063,0.3425616458704694,0.06086582011170116,0.21875066894810682,134614.3610630526,2408.2707960635207,137022.63185911614,4405,86,1428.5882352941176,33,1,22,31.690383404188324,0.6729797979797979,40.56372549019608,1037.7450980392152,31.446821152703492,0
4411,4,0,0,34,0.0,0.0,1.0,34,500,200,300,0.4,8,2,6,345.7849009421404,0.342635918003565,0.06656712271685516,0.22154297359908712,134677.95589436774,2513.920727604792,137191.87662197254,4406,87,1429.5882352941176,33,1,22,31.52941755214484,0.6736111111111109,40.50245098039217,1037.9901960784327,31.454248366013115,0
4412,4,0,0,34,0.0,0.0,1.0,34,1050,600,450,0.5714285714285714,15,6,9,345.22704197021017,0.34100193107546045,0.07516031424367808,0.2223513987643996,134868.83049788533,2512.073481353314,137380.90397923865,4407,88,1430.5882352941176,33,1,17,31.353724240994186,0.6755050505050505,40.31862745098039,1038.7254901960775,31.476530005941743,0
4413,4,0,0,34,0.0,0.0,1.0,34,600,400,200,0.6666666666666666,8,4,4,343.35513684837457,0.3409276589423648,0.07660658035330226,0.22153461569258134,134932.48540224903,2465.9523981160946,137398.43780036512,4408,89,1431.5882352941176,33,1,17,31.338955728552325,0.6761363636363638,40.257352941176464,1038.9705882352932,31.48395721925131,0
4414,4,0,0,34,0.0,0.0,1.0,34,750,600,150,0.8,9,6,3,343.6966002135992,0.3408162507427213,0.07687291897891235,0.2221453635526921,134996.15532487503,2479.5439254133003,137475.69925028834,4409,90,1432.5882352941176,33,1,17,31.266705974842782,0.6767676767676767,40.19607843137255,1039.2156862745096,31.491384432560896,0
4415,4,0,0,34,0.0,0.0,1.0,34,600,400,200,0.6666666666666666,8,4,4,344.1740341342427,0.3410204991087344,0.07783141555171769,0.22264988432437163,135027.99591803632,2494.626015234522,137522.62193327086,4410,91,1433.5882352941176,33,1,17,31.222610344692047,0.6770833333333334,40.16544117647059,1039.3382352941176,31.495098039215684,0
4416,4,0,0,34,0.0,0.0,1.0,34,950,700,250,0.7368421052631579,12,7,5,345.02079825432855,0.3419489007724302,0.08260598287635612,0.22398634071828447,135155.39583633695,2526.2845119665435,137681.6803483035,4411,92,1434.5882352941176,33,1,18,31.073831270870166,0.6783459595959596,40.04289215686274,1039.8284313725487,31.50995246583481,0
4417,4,0,0,34,0.0,0.0,1.0,34,1150,1000,150,0.8695652173913043,13,10,3,344.8065935942294,0.3416332442067736,0.07979232230247746,0.22404508064629658,135187.2552023261,2522.691392733571,137709.94659505968,4412,93,1435.5882352941176,33,1,19,31.047706025610808,0.6786616161616161,40.01225490196079,1039.9509803921574,31.513666072489617,0
4418,4,0,0,34,0.0,0.0,1.0,34,850,600,250,0.7058823529411765,11,6,5,353.4795729922077,0.34172608437314317,0.06186340307935301,0.22129603519260077,133831.2596450619,2662.059197317298,136493.31884237917,4413,94,1436.5882352941176,32,2,18,32.17561521252796,0.6676432291666665,41.31944444444446,1034.7222222222235,32.335069444444485,2
4419,4,0,0,34,0.0,0.0,1.0,34,1250,1000,250,0.8,15,10,5,352.17861466160684,0.3407419786096257,0.0634014034987016,0.22106893437946828,133929.2626390166,2633.4044357718876,136562.6670747885,4414,95,1437.5882352941176,32,2,18,32.111236480442386,0.6686197916666665,41.22474747474749,1035.1010101010115,32.34690656565661,0
4420,4,0,0,34,0.0,0.0,1.0,34,250,200,50,0.8,3,2,1,350.6451551144959,0.3404263220439691,0.06509760874712112,0.22030188710986626,133961.93827479356,2594.6209251607165,136556.55919995427,4415,96,1438.5882352941176,32,2,18,32.118246127576526,0.6689453125,41.19318181818183,1035.227272727274,32.350852272727316,0
4421,4,0,0,34,0.0,0.0,1.0,34,1000,700,300,0.7,13,7,6,351.0458060678168,0.34024064171123,0.0660832137733145,0.22074966332485435,133994.61789613322,2607.64972961945,136602.26762575266,4416,97,1439.5882352941176,32,2,18,32.07520325203252,0.6692708333333333,41.16161616161617,1035.3535353535367,32.35479797979802,0
4422,4,0,0,34,0.0,0.0,1.0,34,350,100,250,0.2857142857142857,6,1,5,351.0458060678168,0.34024064171123,0.0660832137733145,0.22074966332485435,133994.61789613322,2607.64972961945,136602.26762575266,4417,98,1440.5882352941176,32,2,18,32.07520325203252,0.6692708333333333,41.16161616161617,1035.3535353535367,32.35479797979802,0
4423,4,0,0,34,0.0,0.0,1.0,34,900,800,100,0.8888888888888888,10,8,2,351.7062541591466,0.3402963458110517,0.06305901842455142,0.22164575346002607,134074.4113592129,2630.9617995482686,136705.37315876118,4418,99,1441.5882352941176,33,1,18,31.978340827515485,0.6676136363636362,41.08455882352942,1035.6617647058831,31.383689839572217,0
4424,4,0,0,34,0.0,0.0,1.0,34,900,800,100,0.8888888888888888,10,8,2,352.67159773463925,0.33953505644682114,0.05991594650635279,0.22283151623681927,134169.61775519038,2663.5626922337697,136833.18044742415,4419,100,1442.5882352941176,33,1,19,31.858193360145105,0.668560606060606,40.992647058823536,1036.0294117647065,31.394830659536563,0
4425,4,0,0,34,0.0,0.0,1.0,34,900,700,200,0.7777777777777778,11,7,4,352.434445271712,0.3395907605466429,0.05768601941072138,0.22287458749232059,134201.36072964733,2659.436424692439,136860.7971543398,4420,101,1443.5882352941176,33,1,20,31.832618766016164,0.6688762626262625,40.962009803921575,1036.1519607843143,31.39854426619134,0
4426,4,0,0,34,0.0,0.0,1.0,34,850,600,250,0.7058823529411765,11,6,5,351.3890307190384,0.339553624480095,0.05846540058274163,0.2229857322469879,134328.3701731307,2640.30315864093,136968.67333177163,4421,102,1444.5882352941176,33,1,22,31.73284371675138,0.6701388888888888,40.83946078431374,1036.6421568627466,31.413398692810503,0
4427,4,0,0,34,0.0,0.0,1.0,34,1150,900,250,0.782608695652174,14,9,5,351.14450977566855,0.3396278966131907,0.06636670025363989,0.22399685570844272,134518.99697532196,2647.121449682816,137166.11842500477,4422,103,1445.5882352941176,33,1,22,31.54890234298091,0.6720328282828283,40.65563725490196,1037.377450980392,31.435680332739153,0
4428,4,0,0,34,0.0,0.0,1.0,34,600,400,200,0.6666666666666666,8,4,4,350.15564265092496,0.34001782531194297,0.06555634301913571,0.22356091030789826,134550.78125,2622.746810121108,137173.5280601211,4423,104,1446.5882352941176,32,2,22,31.542838018741623,0.6748046875,40.625,1037.5,32.421875,0
4429,4,0,0,34,0.0,0.0,1.0,34,800,600,200,0.75,10,6,4,351.225481078188,0.3397207367795603,0.07130178997015535,0.22464764427872583,134616.2879584991,2656.1340998367477,137272.42205833585,4424,105,1447.5882352941176,32,2,22,31.449740438820605,0.6754557291666667,40.561868686868685,1037.7525252525252,32.42976641414141,0
4430,4,0,0,34,0.0,0.0,1.0,34,800,500,300,0.625,11,5,6,352.109264996442,0.3389965834818776,0.07621166170748461,0.22623020276021397,134780.12447709413,2691.466113151714,137471.59059024585,4425,106,1448.5882352941176,32,2,16,31.26342615110247,0.6770833333333334,40.4040404040404,1038.383838383838,32.44949494949494,0
4431,4,0,0,34,0.0,0.0,1.0,34,950,800,150,0.8421052631578947,11,8,3,356.0575276741258,0.33871806298276885,0.07703115280389539,0.22938804073414507,134878.47421500355,2804.899213090497,137683.37342809406,4426,107,1449.5882352941176,32,2,16,31.062862120659624,0.6780598958333334,40.30934343434343,1038.762626262626,32.461332070707066,0
4432,4,0,0,34,0.0,0.0,1.0,34,900,800,100,0.8888888888888888,10,8,2,356.21052877627517,0.33916369578134287,0.0755659406619793,0.2305287006986084,135042.4701561066,2820.7099403122234,137863.18009641883,4427,108,1450.5882352941176,32,2,18,30.895438532555882,0.6796875,40.151515151515156,1039.39393939394,32.48106060606062,0
4433,4,0,0,34,0.0,0.0,1.0,34,400,300,100,0.75,5,3,2,356.21052877627517,0.33916369578134287,0.0755659406619793,0.2305287006986084,135042.4701561066,2820.7099403122234,137863.18009641883,4428,109,1451.5882352941176,32,2,18,30.895438532555882,0.6796875,40.151515151515156,1039.39393939394,32.48106060606062,0
4434,4,0,0,34,0.0,0.0,1.0,34,1400,1200,200,0.8571428571428571,16,12,4,358.05640275151035,0.33791963755199045,0.0786538914631274,0.23320369187902698,135272.23186728387,2887.0177469135688,138159.24961419744,4429,110,1452.5882352941176,32,2,18,30.618602581219395,0.6819661458333334,39.93055555555555,1040.2777777777771,32.508680555555536,0
4435,4,0,0,34,0.0,0.0,1.0,34,800,300,500,0.375,13,3,10,356.3237204138407,0.336489898989899,0.08425378885178536,0.23313751992791298,135436.46694214878,2851.8451561065212,138288.3120982553,4430,111,1453.5882352941176,32,2,18,30.50021227559438,0.68359375,39.77272727272727,1040.909090909091,32.52840909090909,0
4436,4,0,0,34,0.0,0.0,1.0,34,600,300,300,0.5,9,3,6,352.6072888609891,0.3370840760546643,0.0965386508085031,0.22931632647993985,135219.11832288068,2735.8493428008514,137954.96766568153,4431,112,1454.5882352941176,33,1,19,30.81317996150975,0.6789772727272727,39.981617647058826,1040.073529411765,31.517379679144398,2
4437,4,0,0,34,0.0,0.0,1.0,34,400,200,200,0.5,6,2,4,352.6072888609891,0.3370840760546643,0.0965386508085031,0.22931632647993985,135219.11832288068,2735.8493428008514,137954.96766568153,4432,113,1455.5882352941176,33,1,19,30.81317996150975,0.6789772727272727,39.981617647058826,1040.073529411765,31.517379679144398,0
4438,4,0,0,34,0.0,0.0,1.0,34,500,200,300,0.4,8,2,6,352.6072888609891,0.3370840760546643,0.0965386508085031,0.22931632647993985,135219.11832288068,2735.8493428008514,137954.96766568153,4433,114,1456.5882352941176,33,1,19,30.81317996150975,0.6789772727272727,39.981617647058826,1040.073529411765,31.517379679144398,0
4439,4,0,0,34,0.0,0.0,1.0,34,650,500,150,0.7692307692307693,8,5,3,353.013757405254,0.3368055555555556,0.09749404002882978,0.2297838015993707,135250.98519800074,2749.09169550172,138000.07689350247,4434,115,1457.5882352941176,33,1,19,30.770892240025127,0.6792929292929293,39.95098039215686,1040.1960784313721,31.521093285799157,0
4440,4,0,0,34,0.0,0.0,1.0,34,550,400,150,0.7272727272727273,7,4,3,352.1269915578594,0.33697266785502084,0.09774240712894877,0.22940951890519334,135282.8558276865,2727.349006391776,138010.20483407826,4435,116,1458.5882352941176,33,1,19,30.76223642360703,0.6796085858585859,39.9203431372549,1040.3186274509806,31.524806892453956,0
4441,4,0,0,34,0.0,0.0,1.0,34,700,400,300,0.5714285714285714,10,4,6,354.5405512023286,0.33621137849079025,0.10249092571555263,0.2315967969853979,135378.49024413677,2799.432910419055,138177.92315455584,4436,117,1459.5882352941176,33,1,19,30.604294237713923,0.6805555555555556,39.82843137254901,1040.686274509803,31.535947712418274,0
4442,4,0,0,34,0.0,0.0,1.0,34,750,700,50,0.9333333333333333,8,7,1,357.167310832966,0.3365456030897207,0.10769539744317802,0.23372720633399163,135442.26529459818,2875.109933679352,138317.37522827752,4437,118,1460.5882352941176,33,1,20,30.472490385370072,0.6811868686868687,39.7671568627451,1040.9313725490192,31.543374925727854,0
4443,4,0,0,34,0.0,0.0,1.0,34,550,400,150,0.7272727272727273,7,4,3,360.38957266020094,0.33571004159239454,0.11267298492893696,0.23646565242422604,135537.95602953184,2969.293210544016,138507.24924007585,4438,119,1461.5882352941176,33,1,20,30.293412380840305,0.6821338383838385,39.67524509803921,1041.2990196078426,31.5545157456922,0
4444,4,0,0,34,0.0,0.0,1.0,34,800,600,200,0.75,10,6,4,360.0328055039553,0.3359514260249554,0.10963573569208851,0.23665265382661355,135601.76862564872,2964.2170379181,138565.98566356683,4439,120,1462.5882352941176,33,1,20,30.23921931991999,0.6827651515151516,39.61397058823529,1041.5441176470583,31.56194295900177,0
4445,4,0,0,34,0.0,0.0,1.0,34,800,600,200,0.75,10,6,4,362.3619483097662,0.33608140225787286,0.07812749142084652,0.23524415695549872,135155.39583633695,2995.034511966545,138150.4303483035,4440,121,1463.5882352941176,33,1,17,30.623035749361613,0.6783459595959596,40.04289215686274,1039.8284313725487,31.50995246583481,5
4446,4,0,0,34,0.0,0.0,1.0,34,1250,1000,250,0.8,15,10,5,352.5948852875344,0.336489898989899,0.0437137923351163,0.22163107075216468,133979.2387543254,2648.0788638985205,136627.31761822393,4441,122,1464.5882352941176,33,1,18,32.05048532196971,0.6666666666666665,41.176470588235304,1035.29411764706,31.372549019607877,5
4447,4,0,0,34,0.0,0.0,1.0,34,800,500,300,0.625,11,5,6,355.331182264614,0.33613710635769456,0.04752041661735151,0.22354379441204206,134010.959201389,2723.6545138889082,136734.6137152779,4442,123,1465.5882352941176,33,1,18,31.94793762575453,0.6669823232323231,41.14583333333334,1035.4166666666677,31.376262626262655,0
4448,4,1,1,34,0.02857142857142857,0.02857142857142857,0.9714285714285714,35,700,600,100,0.8571428571428571,8,6,2,346.65190405667124,0.33939075630252097,0.03974727168294101,0.21946216907733296,134242.17864229047,2307.0613662131736,136549.24000850364,4443,0,1424.6857142857143,34,1,18,31.94165230710319,0.6669730392156862,40.92261904761906,1036.3095238095254,30.47969187675075,0
4449,4,0,0,34,0.0,0.0,1.0,34,800,700,100,0.875,9,7,2,356.1347398687161,0.33513443256090314,0.042153499279754536,0.2248250153928498,134137.878535299,2754.231695742038,136892.11023104104,4444,125,1467.5882352941176,33,1,19,31.80022378642691,0.6682449494949494,41.0232843137255,1035.9068627450988,31.391117052881782,0
4450,4,0,0,34,0.0,0.0,1.0,34,1050,700,350,0.6666666666666666,14,7,7,359.78987873623527,0.3344659833630422,0.0462890203959585,0.2283167730104888,134328.37017313062,2865.997603085361,137194.36777621598,4445,126,1468.5882352941176,33,1,20,31.515126886550803,0.6701388888888888,40.83946078431373,1036.6421568627457,31.413398692810475,0
4451,4,0,0,34,0.0,0.0,1.0,34,700,300,400,0.42857142857142855,11,3,8,362.45009527487883,0.3337046939988117,0.0442184436998625,0.23060546663278386,134423.6666786813,2944.374158977321,137368.04083765863,4446,127,1469.5882352941176,33,1,20,31.350941463798954,0.6710858585858586,40.747549019607845,1037.0098039215688,31.424539512774814,0
4452,4,0,0,34,0.0,0.0,1.0,34,850,700,150,0.8235294117647058,10,7,3,362.4513563059023,0.33374183006535946,0.04567441343267009,0.2310081535973763,134487.21645520953,2949.014801999233,137436.23125720877,4447,128,1470.5882352941176,33,1,21,31.287413358538124,0.6717171717171717,40.68627450980392,1037.2549019607843,31.431966726084372,0
4453,4,0,0,34,0.0,0.0,1.0,34,750,500,250,0.6666666666666666,10,5,5,362.98145632148953,0.3336675579322638,0.04787573980938631,0.2321546051457986,134614.36106305264,2972.5033640907322,137586.86442714336,4448,129,1471.5882352941176,33,1,21,31.14666981577705,0.6729797979797979,40.56372549019608,1037.7450980392155,31.4468211527035,0
4454,4,1,0,35,0.02857142857142857,0.0,1.0,35,550,500,50,0.9090909090909091,6,5,1,369.28977691815953,0.3437675070028012,0.07541931752458075,0.22247457292386702,132398.00347222236,2778.6458333333526,135176.6493055557,4449,0,1430.5142857142857,34,1,22,33.20681511470986,0.6485906862745097,42.70833333333334,1029.1666666666679,30.26960784313729,6
4455,4,0,0,35,0.0,0.0,1.0,35,550,400,150,0.7272727272727273,7,4,3,361.2256762764612,0.3437675070028012,0.1105430242272345,0.20186140733096353,129504.14540816327,2356.0445011337856,131860.18990929704,4450,1,1431.5142857142857,34,1,16,36.34381091617932,0.619485294117647,45.535714285714285,1017.8571428571429,29.93697478991597,5
4456,4,1,0,36,0.027777777777777776,0.0,1.0,36,1200,900,300,0.75,15,9,6,352.9663487446285,0.3519179894179894,0.10422817775758975,0.1989898634471956,129849.38298396765,1966.4925197187797,131815.87550368643,4451,0,1392.7222222222222,35,1,17,36.20306230600349,0.6208333333333333,45.19675925925925,1019.2129629629619,29.120370370370342,0
4457,4,1,0,37,0.02702702702702703,0.0,1.0,37,750,600,150,0.8,9,6,3,349.9872412702457,0.35951576576576577,0.13589149412541035,0.18607205494681922,127518.18700034526,1525.9476960068537,129044.13469635212,4452,0,1356.054054054054,36,1,16,38.65699446240755,0.5951967592592591,47.49436936936939,1010.0225225225252,28.056181181181255,8
4458,4,2,0,39,0.05128205128205128,0.0,1.0,39,500,400,100,0.8,6,4,2,345.32029638632724,0.3734817813765183,0.16079341633255995,0.18659896061286266,128171.57594601512,1052.0493187961235,129223.62526481124,4453,0,1287.4615384615386,38,1,18,38.10644826616022,0.5981359649122806,46.8482905982906,1012.6068376068381,26.647548358074687,0
4459,4,0,0,39,0.0,0.0,1.0,39,1200,800,400,0.6666666666666666,16,8,8,345.89277401385124,0.37325686009896536,0.15942640236187278,0.1876685966102612,128333.90404704517,1077.9540141719758,129411.85806121715,4454,1,1288.4615384615386,38,1,18,37.92615633347393,0.5997807017543859,46.688034188034194,1013.247863247864,26.664417453891158,0
4460,4,4,5,38,0.09302325581395349,0.11627906976744186,0.8837209302325582,43,750,600,150,0.8,9,6,3,322.802905074329,0.39491048357327424,0.13339543755752992,0.17823004000549458,129029.04652852904,-269.80978832400586,128759.23674020503,4455,0,1169.5116279069769,42,1,14,37.80380702591004,0.6004464285714286,46.00290697674419,1015.988372093024,24.190199335548193,0
4461,4,3,1,40,0.07317073170731707,0.024390243902439025,0.975609756097561,41,1100,700,400,0.6363636363636364,15,7,8,336.584613556865,0.3816310975609756,0.16064045428933138,0.18604254013018787,129072.2714344143,488.748120331843,129561.01955474615,4456,0,1227.439024390244,40,1,17,37.40978264493117,0.6039062499999999,45.96036585365855,1016.158536585368,25.403963414634198,0
4462,4,0,1,39,0.0,0.025,0.975,40,1100,900,200,0.8181818181818182,13,9,4,341.43644964044523,0.3775507478632478,0.163230469550953,0.18858273668136494,129042.5835503473,811.9683159722272,129854.55186631954,4457,1,1259.125,39,1,18,37.31674184949763,0.6052350427350428,45.989583333333336,1016.0416666666673,26.052350427350444,0
4463,4,2,1,40,0.04878048780487805,0.024390243902439025,0.975609756097561,41,850,600,250,0.7058823529411765,11,6,5,335.82816910584205,0.38269817073170737,0.16501664046603826,0.18702363463169278,129368.6579043552,489.42087348992254,129858.07877784513,4458,0,1229.219512195122,37,4,19,37.12770352805922,0.6120495495495495,45.66885964912281,1017.3245614035088,27.49525841631105,0
4464,4,1,1,40,0.024390243902439025,0.024390243902439025,0.975609756097561,41,750,600,150,0.8,9,6,3,333.81036045606504,0.38386686991869917,0.16355996121107652,0.18629548739583512,129452.33298947747,442.5059874192001,129894.83897689666,4459,0,1230.1951219512196,37,4,15,37.09404069245413,0.6128941441441441,45.58662280701754,1017.6535087719293,27.50414888572782,0
4465,4,3,1,42,0.06976744186046512,0.023255813953488372,0.9767441860465116,43,850,600,250,0.7058823529411765,11,6,5,321.1953441436978,0.39068844592100405,0.1721296091721367,0.18163958543169598,129970.32470703125,-250.82736545138903,129719.49734157986,4460,0,1173.906976744186,39,4,17,36.89015306296183,0.6145833333333334,45.078125,1019.6875,26.145833333333332,0
4466,4,0,2,40,0.0,0.047619047619047616,0.9523809523809523,42,850,600,250,0.7058823529411765,11,6,5,329.98892448874665,0.38711043360433606,0.17418388739143476,0.1860575850840804,129853.9201183431,170.07108809992133,130023.99120644302,4461,1,1202.857142857143,38,4,17,36.783936058700206,0.6151315789473685,45.192307692307686,1019.2307692307684,26.821862348178115,0
4467,4,0,0,40,0.0,0.0,1.0,40,1200,800,400,0.6666666666666666,16,8,8,348.44587989994767,0.37883279914529916,0.1771948252985407,0.1954928373334445,129659.75265806341,1035.8813205096958,130695.63397857311,4462,2,1263.75,36,4,18,36.51085434173671,0.6168981481481481,45.38288288288288,1018.468468468468,28.29079079079078,0
4468,4,1,0,41,0.024390243902439025,0.0,1.0,41,900,600,300,0.6666666666666666,12,6,6,343.4984458944146,0.3823932926829268,0.19014477855777367,0.19445398936481728,130010.8582087757,731.7055488227046,130742.5637575984,4463,0,1233.9024390243903,37,4,19,36.2804850732896,0.6185247747747749,45.03837719298245,1019.8464912280696,27.563418681839718,0
4469,4,0,0,41,0.0,0.0,1.0,41,900,700,200,0.7777777777777778,11,7,4,342.1978841744858,0.38193597560975606,0.19266824654489012,0.1941347020950863,130094.74068944287,703.6290012311447,130798.36969067402,4464,1,1234.9024390243903,37,4,19,36.22859343651475,0.6193693693693694,44.95614035087719,1020.1754385964911,27.572309151256515,0
4470,4,2,2,41,0.046511627906976744,0.046511627906976744,0.9534883720930233,43,1100,700,400,0.6363636363636364,15,7,8,329.77726020595844,0.39006552233296415,0.18555041353666923,0.18895505927798517,130480.80490037582,6.028676273991437,130486.8335766498,4465,0,1178.4186046511627,38,5,19,36.154754435497935,0.621436403508772,44.577991452991434,1021.688034188031,26.8865272154745,0
4471,4,1,1,41,0.023809523809523808,0.023809523809523808,0.9761904761904762,42,1250,800,450,0.64,17,8,9,332.8751432688926,0.38871951219512196,0.18625406366926378,0.19048309795411536,130430.54112803908,283.4170129270185,130713.9581409661,4466,0,1207.452380952381,37,5,19,36.12646701016172,0.6227477477477479,44.62719298245612,1021.4912280701728,27.60787102892359,0
4472,4,1,1,41,0.023809523809523808,0.023809523809523808,0.9761904761904762,42,750,400,350,0.5333333333333333,11,4,7,332.6781357743062,0.38811459543166865,0.16369494398660156,0.19175255217745243,130710.70545744848,311.6468528778076,131022.35231032629,4467,0,1208.4285714285713,37,5,16,35.84825577239258,0.6255630630630631,44.353070175438596,1022.5877192982459,27.63750592697962,4
4473,4,0,1,40,0.0,0.024390243902439025,0.975609756097561,41,1050,700,350,0.6666666666666666,14,7,7,337.99097103148074,0.38386686991869917,0.1720550467353268,0.19481482050924512,130710.70545744832,635.8076523545549,131346.51310980288,4468,1,1238.7317073170732,37,4,16,35.71243477017656,0.6255630630630631,44.35307017543859,1022.5877192982446,27.637505926979582,0
4474,4,1,1,40,0.024390243902439025,0.024390243902439025,0.975609756097561,41,950,600,350,0.631578947368421,13,6,7,338.30713959465265,0.3840701219512195,0.17229319238362106,0.1954913012443451,130808.47447083422,650.6881665936112,131459.16263742783,4469,0,1239.5121951219512,38,3,16,35.605526544821586,0.6247258771929824,44.25747863247863,1022.9700854700852,26.920265407107507,0
4475,4,0,0,40,0.0,0.0,1.0,40,500,300,200,0.6,7,3,4,344.1715511980509,0.37913995726495725,0.17353171700282144,0.1980383387500993,130644.58832137124,992.8301236394259,131637.41844501067,4470,3,1271.5,38,2,16,35.62132058382972,0.6230811403508771,44.417735042735046,1022.3290598290604,26.90339631129106,0
4476,4,0,0,40,0.0,0.0,1.0,40,1050,900,150,0.8571428571428571,12,9,3,344.94245557639647,0.37919337606837605,0.1707850203697907,0.19904364841668737,130753.83434007234,1020.5097386587819,131774.3440787311,4471,4,1272.5,38,2,16,35.4910947456388,0.6241776315789473,44.31089743589744,1022.7564102564104,26.914642375168693,0
4477,4,0,0,40,0.0,0.0,1.0,40,750,500,250,0.6666666666666666,10,5,5,343.4951959582254,0.37916666666666665,0.17226125025453087,0.19869315752071207,130848.09570312499,989.1384548611113,131837.2341579861,4472,5,1273.5,39,1,18,35.43278694088101,0.6233974358974359,44.21875,1023.1249999999999,26.233974358974358,0
4478,4,0,0,40,0.0,0.0,1.0,40,1100,800,300,0.7272727272727273,14,8,6,345.21744919714155,0.3787660256410256,0.17146855281905138,0.2002424236016007,130954.6929253474,1041.569010416687,131996.26193576408,4473,6,1274.5,39,1,19,35.28097225049191,0.624465811965812,44.11458333333334,1023.541666666668,26.244658119658155,0
4479,4,1,0,41,0.024390243902439025,0.0,1.0,41,1100,600,500,0.5454545454545454,16,6,10,339.31227599612487,0.383104674796748,0.17856028634654209,0.19860500890429042,131302.08462431445,710.4818353824041,132012.56645969686,4474,0,1244.3902439024391,40,1,20,35.081391505536274,0.6263020833333333,43.77540650406505,1024.8983739837417,25.622459349593544,0
4480,4,0,0,41,0.0,0.0,1.0,41,1550,1000,550,0.6451612903225806,21,10,11,342.42198956286177,0.3827997967479675,0.17737142245187498,0.2017764763853604,131559.0823086601,809.754869686321,132368.8371783464,4475,1,1245.3902439024391,36,5,16,34.7424990852543,0.6359953703703705,43.52477477477478,1025.9009009009014,28.497247247247262,0
4481,4,0,0,41,0.0,0.0,1.0,41,1250,800,450,0.64,17,8,9,343.20762502655157,0.3828760162601626,0.17751837162874584,0.2028530670876777,131674.6370525931,838.3478918107277,132512.98494440384,4476,2,1246.3902439024391,36,5,16,34.60587191865994,0.6371527777777778,43.41216216216216,1026.3513513513512,28.509759759759756,0
4482,4,0,0,41,0.0,0.0,1.0,41,1000,800,200,0.8,12,8,4,342.3140939229997,0.3820121951219512,0.1825895589441746,0.20302542682640246,131806.21831957917,823.8252394967733,132630.04355907594,4477,3,1247.3902439024391,37,4,16,34.49624043424097,0.6365427927927928,43.28399122807018,1026.86403508772,27.753082029397834,0
4483,4,0,0,41,0.0,0.0,1.0,41,850,500,350,0.5882352941176471,12,5,7,340.50050700539913,0.3819613821138212,0.17673920654330333,0.20232211831581612,131876.23844875433,780.7852107531444,132657.02365950748,4478,4,1248.3902439024391,38,3,16,34.47229734415089,0.6354166666666667,43.21581196581196,1027.136752136751,27.029914529914503,0
4484,4,0,0,41,0.0,0.0,1.0,41,1400,1000,400,0.7142857142857143,18,10,8,338.9335281227174,0.380640243902439,0.17185234014502315,0.20226678291194422,132040.8950617284,750.6172839506189,132791.51234567902,4479,5,1249.3902439024391,38,3,16,34.34684684684685,0.6370614035087719,43.05555555555556,1027.7777777777778,27.046783625730995,0
4485,4,1,0,42,0.023809523809523808,0.0,1.0,42,1150,800,350,0.6956521739130435,15,8,7,332.47859151951457,0.38636033681765386,0.1771951137207266,0.20001361309560067,132344.40646701382,400.33637152777237,132744.7428385416,4480,0,1220.6190476190477,39,3,18,34.20775123169333,0.6383547008547009,42.760416666666664,1028.9583333333328,26.383547008546994,0
4486,4,0,1,41,0.0,0.023809523809523808,0.9761904761904762,42,1000,800,200,0.8,12,8,4,315.5373565340158,0.3866990902051877,0.09591070723034378,0.18969716137472534,132319.57250974944,-49.64637451253054,132269.92613523692,4481,1,1221.6190476190477,40,2,17,34.66844462004479,0.6364583333333333,42.78455284552845,1028.8617886178856,25.72154471544714,6
4487,4,0,1,40,0.0,0.024390243902439025,0.975609756097561,41,1400,1100,300,0.7857142857142857,17,11,6,320.13074827751973,0.38117378048780487,0.10884841000308731,0.1921757531453195,132264.0313042534,268.3566623263846,132532.3879665798,4482,8,1252.3902439024391,39,2,17,34.606012658227826,0.6375534188034189,42.838541666666664,1028.645833333333,26.37553418803418,0
4488,4,0,0,40,0.0,0.0,1.0,40,800,600,200,0.75,10,6,4,328.9190110425311,0.37577457264957265,0.09504786638150442,0.1898680640462449,130768.17626953173,602.4278428819883,131370.6041124137,4483,9,1284.325,39,1,18,35.8863131004515,0.6225961538461536,44.29687500000002,1022.8125000000039,26.225961538461636,2
4489,4,1,1,40,0.024390243902439025,0.024390243902439025,0.975609756097561,41,1500,1200,300,0.8,18,12,6,324.7730901362428,0.37855691056910573,0.09942485887741004,0.18893843280674288,131067.83743142328,313.4613160156205,131381.2987474389,4484,0,1253.9756097560976,40,1,18,35.69000595474396,0.6239583333333333,44.00406504065042,1023.9837398373998,25.599593495934993,0
4490,4,1,0,41,0.024390243902439025,0.0,1.0,41,950,600,350,0.631578947368421,13,6,7,329.61383010242685,0.3802845528455285,0.11856019194860656,0.19279732382557282,131276.04683059035,454.08011930729737,131730.12694989765,4485,0,1254.9512195121952,40,1,19,35.35613347877825,0.6260416666666666,43.800813008130085,1024.7967479674805,25.619918699187014,0
4491,4,0,2,39,0.0,0.04878048780487805,0.9512195121951219,41,1350,800,550,0.5925925925925926,19,8,11,327.4634217222266,0.3792682926829268,0.1169115348546419,0.19221201579622063,131410.26925131484,406.4319393892854,131816.70119070413,4486,1,1255.9512195121952,38,3,19,35.275997707616945,0.6307565789473685,43.66987179487179,1025.320512820512,26.982118758434527,0
4492,4,0,0,39,0.0,0.0,1.0,39,1150,1000,150,0.8695652173913043,13,10,3,335.84524927338373,0.3743252361673414,0.12017259249245194,0.1970061307593355,131385.84530476423,1025.06239347456,132410.9076982388,4487,2,1310.7179487179487,36,3,20,35.08576816051552,0.6342592592592593,43.693693693693696,1025.2252252252254,28.478478478478483,0
4493,4,0,0,39,0.0,0.0,1.0,39,1050,700,350,0.6666666666666666,14,7,7,335.8747781998376,0.3740159694107063,0.12714637291839148,0.19732101485727244,131443.57829112903,1029.716540865198,132473.29483199422,4488,3,1311.7179487179487,36,3,20,35.02681382238817,0.6348379629629629,43.63738738738739,1025.450450450451,28.484734734734747,0
4494,4,0,0,39,0.0,0.0,1.0,39,1750,1500,250,0.8571428571428571,20,15,5,333.314335695678,0.373959739091318,0.12384578798803347,0.19655837621510192,131587.96623904322,972.0311105024074,132559.99734954562,4489,4,1312.7179487179487,36,3,13,34.946996304832986,0.6362847222222221,43.49662162162163,1026.0135135135145,28.500375375375402,0
4495,4,0,1,38,0.0,0.02564102564102564,0.9743589743589743,39,1100,900,200,0.8181818181818182,13,9,4,332.22761502015794,0.37356612685560053,0.12560810563663605,0.19621453374456904,131645.7436110097,947.2702854881938,132593.0138964979,4490,5,1313.7179487179487,36,3,13,34.91669410000365,0.6368634259259258,43.44031531531532,1026.2387387387391,28.50663163163164,0
4496,4,0,0,38,0.0,0.0,1.0,38,950,600,350,0.631578947368421,13,6,7,337.87771376970807,0.3686729492650545,0.1344115393979699,0.19897742040803484,131535.8170037081,1288.604225608722,132824.42122931682,4491,6,1348.4473684210527,35,3,21,34.88249370040242,0.6377976190476189,43.54745370370371,1025.810185185186,29.308862433862455,0
4497,4,0,0,38,0.0,0.0,1.0,38,1100,600,500,0.5454545454545454,16,6,10,334.15717748883566,0.36754682313892845,0.132700788850439,0.19739984628870794,131654.57182623888,1198.664024991438,132853.23585123033,4492,7,1349.4473684210527,35,3,13,34.858299500018816,0.6389880952380952,43.43171296296297,1026.2731481481485,29.322089947089957,0
4498,4,0,0,38,0.0,0.0,1.0,38,1000,800,200,0.8,12,8,4,334.57301966613016,0.36800616405879566,0.13435527502254252,0.19841790310681187,131803.09070644714,1219.5516117969696,133022.64231824412,4493,8,1350.4473684210527,35,3,15,34.69811391644122,0.6404761904761905,43.28703703703703,1026.8518518518513,29.33862433862432,0
4499,4,0,0,38,0.0,0.0,1.0,38,1000,700,300,0.7,13,7,6,334.51178734378107,0.3672949265054528,0.13825055596738323,0.1988474288463533,131892.24222232925,1223.9019365140446,133116.1441588433,4494,9,1351.4473684210527,35,3,18,34.6099765258216,0.6413690476190477,43.200231481481474,1027.199074074073,29.348544973544943,0
4500,4,0,0,38,0.0,0.0,1.0,38,750,600,150,0.8,9,6,3,334.4240156762225,0.3676505452821242,0.1330196901513674,0.19910677311588337,131951.69331114946,1225.5630304783726,133177.25634162783,4495,10,1352.4473684210527,35,3,18,34.55242480567761,0.6419642857142858,43.1423611111111,1027.4305555555536,29.355158730158674,0
4501,4,0,0,38,0.0,0.0,1.0,38,1150,900,250,0.782608695652174,14,9,5,334.2643832846251,0.36622807017543857,0.1320588705807071,0.19995087654662103,132130.12695312477,1233.2790798610818,133363.40603298586,4496,11,1353.4473684210527,35,3,18,34.37711077338737,0.6437500000000002,42.968749999999986,1028.1249999999982,29.374999999999947,0
4502,4,1,0,39,0.02564102564102564,0.0,1.0,39,950,800,150,0.8421052631578947,11,8,3,332.2801998583814,0.372104138551507,0.13258961387123236,0.2006539292423831,132487.35592689048,1004.8562885802478,133492.21221547073,4497,0,1319.7179487179487,35,4,19,34.06935075885328,0.6473214285714286,42.62152777777778,1029.5138888888891,29.41468253968255,0
4503,4,0,0,39,0.0,0.0,1.0,39,1350,1000,350,0.7407407407407407,17,10,7,331.71367251609644,0.3715137201979308,0.13301065975223292,0.2011070630376879,132636.34366426617,999.457733196165,133635.80139746235,4498,1,1320.7179487179487,35,4,15,33.93445692883894,0.6488095238095237,42.476851851851855,1030.092592592593,29.431216931216944,0
4504,4,0,0,39,0.0,0.0,1.0,39,1100,700,400,0.6363636363636364,15,7,8,332.7502425569028,0.37176675663517766,0.1347126079178662,0.20189569931826787,132666.15125868045,1028.9388020833283,133695.09006076376,4499,2,1321.7179487179487,35,4,15,33.87786484664647,0.6491071428571429,42.447916666666664,1030.2083333333326,29.43452380952379,0
4505,4,0,1,38,0.0,0.02564102564102564,0.9743589743589743,39,1400,1100,300,0.7857142857142857,17,11,6,334.1913436889994,0.3723009446693657,0.13451029844472484,0.20357784588879804,132815.2394654491,1077.1406678669257,133892.380133316,4500,3,1322.7179487179487,35,4,15,33.691238116625485,0.6505952380952382,42.30324074074073,1030.787037037036,29.451058201058174,0
4506,4,0,0,38,0.0,0.0,1.0,38,950,700,250,0.7368421052631579,12,7,5,342.611190802465,0.3663021574205785,0.13874934621045343,0.20792126544211284,132673.81660997716,1491.106859410415,134164.92346938758,4501,16,1358.4473684210527,34,4,15,33.61619867498652,0.6513480392156863,42.44047619047618,1030.238095238094,30.301120448179237,0
4507,4,0,0,38,0.0,0.0,1.0,38,900,800,100,0.8888888888888888,10,8,2,341.68598019485506,0.36622807017543857,0.1405163853028799,0.20781229287260825,132755.59413580227,1472.1450617283722,134227.73919753064,4502,17,1359.4473684210527,35,3,15,33.55795148247979,0.6500000000000001,42.3611111111111,1030.5555555555538,29.444444444444397,0
4508,4,0,0,38,0.0,0.0,1.0,38,750,500,250,0.6666666666666666,10,5,5,339.7467846548997,0.36658368895210997,0.1433510229650028,0.20696202901070707,132815.23946544924,1424.7101123113848,134239.94957776062,4503,18,1360.4473684210527,35,3,16,33.548076203308625,0.6505952380952381,42.30324074074074,1030.787037037037,29.4510582010582,0
4509,4,0,0,38,0.0,0.0,1.0,38,850,800,50,0.9411764705882353,9,8,1,338.73068938737936,0.36645033191085824,0.1416456451489032,0.20683699189528165,132904.7325772675,1403.7823377486093,134308.51491501613,4504,19,1361.4473684210527,35,3,16,33.48451472293934,0.6514880952380953,42.216435185185176,1031.134259259258,29.4609788359788,0
4510,4,0,0,38,0.0,0.0,1.0,38,650,400,250,0.6153846153846154,9,4,5,335.67126821049305,0.36667259364627786,0.1401928502881835,0.20537161960854428,132978.123287984,1327.3870576657814,134305.5103456498,4505,20,1362.4473684210527,36,2,16,33.48982785602504,0.6501736111111112,42.145270270270274,1031.4189189189194,28.650525525525538,0
4511,4,0,0,38,0.0,0.0,1.0,38,750,500,250,0.6666666666666666,10,5,5,337.55127029494133,0.366020625889047,0.137436471702989,0.20748875870242361,133152.40652392252,1389.1527929956912,134541.5593169182,4506,21,1363.4473684210527,36,2,17,33.26673031460265,0.6519097222222223,41.97635135135135,1032.0945945945941,28.669294294294282,0
4512,4,0,0,38,0.0,0.0,1.0,38,700,500,200,0.7142857142857143,9,5,4,339.0187510088965,0.36566500711237554,0.1408388444934321,0.20887929497644903,133239.5909422936,1434.1439412385275,134673.73488353213,4507,22,1364.4473684210527,36,2,18,33.14154304828388,0.6527777777777779,41.89189189189189,1032.432432432432,28.67867867867867,0
4513,4,0,0,38,0.0,0.0,1.0,38,700,400,300,0.5714285714285714,10,4,6,337.4730839167583,0.36502785680417255,0.14169091357769648,0.20841519546131904,133326.8038942658,1398.8415357925405,134725.64543005833,4508,23,1365.4473684210527,36,2,18,33.09412823029114,0.6536458333333335,41.80743243243243,1032.7702702702695,28.68806306306304,0
4514,4,0,0,38,0.0,0.0,1.0,38,750,600,150,0.8,9,6,3,335.31391195198404,0.36482041251778097,0.13772972166598718,0.20740623832336819,133384.96171424803,1345.1666615940214,134730.12837584206,4509,24,1366.4473684210527,36,2,19,33.09168211054181,0.6542245370370371,41.751126126126124,1032.9954954954953,28.694319319319316,0
4515,4,0,0,38,0.0,0.0,1.0,38,650,200,450,0.3076923076923077,11,2,9,338.1893860561916,0.36456851588430533,0.14516129032258074,0.20967741935483875,133472.22222222213,1427.7777777777728,134899.9999999999,4510,25,1367.4473684210527,36,2,19,32.93010752688173,0.6550925925925927,41.666666666666664,1033.3333333333328,28.703703703703688,0
4516,4,0,0,38,0.0,0.0,1.0,38,950,500,450,0.5263157894736842,14,5,9,341.133039998861,0.36409435751541014,0.15591101937851182,0.21216811024319387,133588.61395178954,1514.297997321636,135102.91194911118,4511,26,1368.4473684210527,36,2,19,32.737608932461875,0.65625,41.55405405405405,1033.783783783783,28.716216216216196,0
4517,4,0,0,38,0.0,0.0,1.0,38,900,500,400,0.5555555555555556,13,5,8,341.38313133539634,0.3635016595542911,0.15809522718419888,0.21366677184670438,133821.54959013063,1536.88392784676,135358.4335179774,4512,27,1369.4473684210527,36,2,17,32.498231388767955,0.6585648148148149,41.328828828828826,1034.6846846846843,28.74124124124123,0
4518,4,0,0,38,0.0,0.0,1.0,38,1200,900,300,0.75,15,9,6,343.40043355741454,0.3630423186344239,0.15696399012549334,0.2150992899767608,133850.6808117238,1592.876364540205,135443.557176264,4513,28,1370.4473684210527,36,2,17,32.416929662277354,0.6588541666666667,41.30067567567567,1034.7972972972966,28.744369369369352,0
4519,4,0,0,38,0.0,0.0,1.0,38,950,700,250,0.7368421052631579,12,7,5,344.5322909163074,0.363590564248459,0.15526659337639126,0.21632109413269784,133938.09349890423,1629.1996388280068,135567.29313773222,4514,29,1371.4473684210527,36,2,17,32.30027922831447,0.6597222222222223,41.21621621621621,1035.1351351351345,28.753753753753738,0
4520,4,0,1,37,0.0,0.02631578947368421,0.9736842105263158,38,750,300,450,0.4,12,3,9,346.23557523195456,0.36319049312470364,0.15681600979724508,0.21825418679974518,134083.8447188741,1684.9194211102783,135768.76413998439,4515,30,1372.4473684210527,36,2,17,32.11056141495414,0.6611689814814816,41.07545045045044,1035.698198198197,28.769394394394357,0
4521,4,0,0,37,0.0,0.0,1.0,37,850,600,250,0.7058823529411765,11,6,5,352.3137987538954,0.36323823823823825,0.1498763262088778,0.22218859655028947,134100.8541907792,2049.116271219124,136149.97046199834,4516,31,1393.8918918918919,35,2,17,31.93618002011397,0.6633928571428572,41.05902777777777,1035.763888888888,29.593253968253943,0
4522,4,0,0,37,0.0,0.0,1.0,37,750,400,350,0.5333333333333333,11,4,7,353.17918717701025,0.36355105105105107,0.15991695134169492,0.2240136544162395,134310.72638031538,2087.150634430712,136397.87701474607,4517,32,1394.8918918918919,35,2,17,31.70407175822539,0.6654761904761906,40.856481481481474,1036.574074074073,29.616402116402085,0
4523,4,0,0,37,0.0,0.0,1.0,37,1150,800,350,0.6956521739130435,15,8,7,350.42936308424555,0.3636761761761762,0.15575602385110265,0.22318390352508338,134460.73555652,2023.7979841820888,136484.53354070208,4518,33,1395.8918918918919,35,2,17,31.62558587211249,0.6669642857142858,40.71180555555555,1037.1527777777771,29.63293650793649,0
4524,4,0,0,37,0.0,0.0,1.0,37,1050,800,250,0.7619047619047619,13,8,5,347.96777078499207,0.3631131131131131,0.15789587913024872,0.22254109009044554,134612.5442885486,1968.1955319743493,136580.73982052295,4519,34,1396.8918918918919,34,3,18,31.5379908990096,0.6706495098039216,40.56547619047618,1037.7380952380943,30.52170868347336,0
4525,4,0,0,37,0.0,0.0,1.0,37,1100,900,200,0.8181818181818182,13,9,4,346.36680072862356,0.3636761761761762,0.15287840006941145,0.2224603266535386,134767.0138888888,1935.7638888888696,136702.77777777766,4520,35,1397.8918918918919,34,3,18,31.425561797752795,0.6721813725490197,40.41666666666666,1038.3333333333323,30.53921568627448,0
4526,4,0,0,37,0.0,0.0,1.0,37,1100,1000,100,0.9090909090909091,12,10,2,347.1706343988521,0.36289414414414417,0.15584986774535303,0.22373788447299722,134890.65334467113,1966.0147392290178,136856.66808390015,4521,36,1398.8918918918919,34,3,17,31.281515012606004,0.6734068627450981,40.297619047619044,1038.8095238095232,30.553221288515388,0
4527,4,0,0,37,0.0,0.0,1.0,37,950,700,250,0.7368421052631579,12,7,5,347.3981974190048,0.3628628628628629,0.15885614167597906,0.22484311798853437,135045.28238378678,1982.8975340135944,137028.17991780036,4522,37,1399.8918918918919,34,3,17,31.121626006948418,0.6749387254901962,40.14880952380952,1039.4047619047612,30.570728291316506,0
4528,4,0,0,37,0.0,0.0,1.0,37,1050,900,150,0.8571428571428571,12,9,3,345.75101088377045,0.36255005005005003,0.1487878994176226,0.22435284762695762,135138.10232426293,1944.827097505656,137082.92942176858,4523,38,1400.8918918918919,34,3,18,31.072055568277225,0.675857843137255,40.0595238095238,1039.761904761904,30.581232492997174,0
4529,4,0,0,37,0.0,0.0,1.0,37,1150,900,250,0.782608695652174,14,9,5,345.14197074293236,0.36242492492492495,0.14756583506583532,0.22434228098290587,135199.99999999988,1932.6388888888746,137132.63888888876,4524,39,1401.8918918918919,34,3,18,31.02630876068376,0.6764705882352942,39.99999999999999,1039.999999999999,30.58823529411762,0
4530,4,0,0,37,0.0,0.0,1.0,37,750,500,250,0.6666666666666666,10,5,5,346.1001298134483,0.3621746746746746,0.14980854051579606,0.22535193251191574,135261.91184807243,1962.8330498866057,137224.74489795903,4525,40,1402.8918918918919,34,3,18,30.939812695506212,0.6770833333333334,39.94047619047618,1040.2380952380943,30.595238095238066,0
4531,4,0,0,37,0.0,0.0,1.0,37,1050,600,450,0.5714285714285714,15,6,9,346.0540137911239,0.3621746746746746,0.14773171391636408,0.22576383047766332,135332.4398255314,1966.4667995541654,137298.90662508554,4526,41,1403.8918918918919,35,2,18,30.87087504634779,0.6755952380952381,39.872685185185176,1040.509259259258,29.728835978835942,0
4532,4,0,0,37,0.0,0.0,1.0,37,800,600,200,0.75,10,6,4,350.2470640080931,0.3618305805805806,0.14774133849278348,0.22965179211492764,135513.14407578882,2092.6161694101543,137605.76024519897,4527,42,1404.8918918918919,35,2,18,30.58211056765969,0.6773809523809524,39.699074074074076,1041.2037037037042,29.74867724867726,0
4533,4,0,0,37,0.0,0.0,1.0,37,1050,500,550,0.47619047619047616,16,5,11,349.41846237286387,0.3618305805805806,0.14821156601750118,0.22930108723330836,135543.27317226084,2072.264419367292,137615.53759162815,4528,43,1405.8918918918919,35,2,18,30.57373291097032,0.6776785714285714,39.67013888888889,1041.3194444444448,29.751984126984137,0
4534,4,0,0,37,0.0,0.0,1.0,37,650,500,150,0.7692307692307693,8,5,3,348.90122281995855,0.3619557057057057,0.14868168902398748,0.22915424838934204,135573.40561771256,2060.3454003772254,137633.7510180898,4529,44,1406.8918918918919,35,2,18,30.557253463732696,0.6779761904761905,39.6412037037037,1041.4351851851848,29.755291005290992,0
4535,4,0,0,37,0.0,0.0,1.0,37,1150,800,350,0.6956521739130435,15,8,7,350.76939321678145,0.36082957957957956,0.15250877019615539,0.23116970854166197,135695.69160997728,2119.5924775517083,137815.284087529,4530,45,1407.8918918918919,34,3,18,30.387101995734298,0.6813725490196079,39.52380952380952,1041.9047619047615,30.64425770308122,0
4536,4,0,0,37,0.0,0.0,1.0,37,1250,1100,150,0.88,14,11,3,349.23641844810555,0.3605480480480481,0.15740857446387113,0.23092681237471638,135814.58574459873,2086.2798996913557,137900.86564429008,4531,46,1408.8918918918919,35,2,18,30.30896069287142,0.6803571428571429,39.40972222222222,1042.3611111111109,29.781746031746025,0
4537,4,0,0,37,0.0,0.0,1.0,37,500,500,0,1.0,5,5,0,347.9990748717469,0.3606106106106106,0.1565809175446129,0.23030328195222796,135844.74833086837,2054.7693490654874,137899.51767993387,4532,47,1409.8918918918919,35,2,18,30.311262536545645,0.6806547619047619,39.38078703703703,1042.4768518518508,29.78505291005288,0
4538,4,0,0,37,0.0,0.0,1.0,37,900,700,200,0.7777777777777778,11,7,4,350.30079733901164,0.3594844844844845,0.1602188073559574,0.23281052991291845,135995.61149691365,2127.8742283950683,138123.4857253087,4533,48,1410.8918918918919,35,2,17,30.101531291611195,0.6821428571428572,39.236111111111114,1043.055555555556,29.80158730158732,0
4539,4,0,0,37,0.0,0.0,1.0,37,1150,1100,50,0.9565217391304348,12,11,1,348.2756475917013,0.35889014014014015,0.1556152425717645,0.2322524584827499,136116.3623113854,2081.202846364876,138197.56515775027,4534,49,1411.8918918918919,35,2,17,30.034568175096123,0.6833333333333333,39.12037037037037,1043.518518518518,29.8148148148148,0
4540,4,0,0,37,0.0,0.0,1.0,37,550,400,150,0.7272727272727273,7,4,3,348.4846673917632,0.3582957957957958,0.15914117710524867,0.23278775781769784,136176.75781250003,2091.102430555555,138267.8602430556,4535,50,1412.8918918918919,35,2,17,29.969228210246172,0.6839285714285714,39.0625,1043.7500000000002,29.821428571428577,0
4541,4,0,0,37,0.0,0.0,1.0,37,850,400,450,0.47058823529411764,13,4,9,346.745591221282,0.35788913913913917,0.15748786480493804,0.23202115970444828,136237.16670953357,2047.9273834019125,138285.0940929355,4536,51,1413.8918918918919,35,2,17,29.954730229120457,0.6845238095238095,39.004629629629626,1043.981481481481,29.828042328042315,0
4542,4,0,0,37,0.0,0.0,1.0,37,900,700,200,0.7777777777777778,11,7,4,347.30081484834767,0.356763013013013,0.15957446808510634,0.23318768996960487,136358.02469135798,2071.450617283944,138429.4753086419,4537,52,1414.8918918918919,35,2,17,29.820478723404253,0.6857142857142857,38.888888888888886,1044.4444444444441,29.84126984126983,0
4543,4,0,0,37,0.0,0.0,1.0,37,700,300,400,0.42857142857142855,11,3,8,348.8139768133291,0.35607482482482483,0.1570962787313741,0.23480565016360316,136448.70334201376,2119.042968749989,138567.74631076376,4538,53,1415.8918918918919,35,2,17,29.691134928547704,0.6866071428571429,38.80208333333333,1044.7916666666656,29.851190476190446,0
4544,4,0,0,37,0.0,0.0,1.0,37,900,700,200,0.7777777777777778,11,7,4,350.8321166508847,0.355762012012012,0.15512412323749802,0.2371793171849392,136599.90140603547,2184.7265089163034,138784.62791495176,4539,54,1416.8918918918919,35,2,17,29.488669914378505,0.6880952380952382,38.6574074074074,1045.3703703703688,29.867724867724824,0
4545,4,0,0,37,0.0,0.0,1.0,37,800,600,200,0.75,10,6,4,350.318509977972,0.35538663663663667,0.15494538045185702,0.23703573787498267,136630.15106577915,2172.8141878857864,138802.96525366494,4540,55,1417.8918918918919,35,2,17,29.472143806044503,0.6883928571428573,38.628472222222214,1045.48611111111,29.87103174603171,0
4546,4,0,0,37,0.0,0.0,1.0,37,550,300,250,0.5454545454545454,8,3,5,349.4784590856899,0.35551176176176175,0.15282805497549834,0.23667079455623072,136660.4040745025,2151.9734867969546,138812.37756129945,4541,56,1418.8918918918919,35,2,17,29.46415393697883,0.6886904761904763,38.599537037037024,1045.60185185185,29.87433862433857,0
4547,4,0,0,37,0.0,0.0,1.0,37,1000,400,600,0.4,16,4,12,347.15795036171016,0.35485485485485485,0.1469106256267645,0.23571327294265731,136752.04790249432,2094.9255274383363,138846.97342993267,4542,57,1419.8918918918919,34,3,17,29.434137643220264,0.6917892156862746,38.51190476190476,1045.952380952381,30.76330532212885,0
4548,4,0,0,37,0.0,0.0,1.0,37,700,600,100,0.8571428571428571,8,6,2,346.53458870804377,0.3546046046046046,0.14630335354131874,0.23549879589927145,136783.17920918364,2080.0205498866153,138863.19975907027,4543,58,1420.8918918918919,34,3,17,29.419644550661957,0.6920955882352942,38.482142857142854,1046.0714285714282,30.766806722689065,0
4549,4,0,0,37,0.0,0.0,1.0,37,900,600,300,0.6666666666666666,12,6,6,346.53458870804377,0.3546046046046046,0.14630335354131874,0.23549879589927145,136783.17920918364,2080.0205498866153,138863.19975907027,4544,59,1421.8918918918919,34,3,17,29.419644550661957,0.6920955882352942,38.482142857142854,1046.0714285714282,30.766806722689065,0
4550,4,0,0,37,0.0,0.0,1.0,37,750,700,50,0.9333333333333333,8,7,1,347.8056102903596,0.3546671671671671,0.14806431374478746,0.23657242285074911,136814.31405895684,2116.9571995464785,138931.27125850332,4545,60,1422.8918918918919,34,3,17,29.3556080260962,0.6924019607843137,38.45238095238095,1046.1904761904757,30.770308123249286,0
4551,4,0,0,37,0.0,0.0,1.0,37,600,400,200,0.6666666666666666,8,4,4,347.2324695766839,0.3537912912912913,0.15116365951265887,0.23698288470807183,136932.83185710298,2109.505074374136,139042.33693147713,4546,61,1423.8918918918919,35,2,18,29.25340502782998,0.6913690476190476,38.33912037037037,1046.643518518518,29.904100529100514,0
4552,4,0,0,37,0.0,0.0,1.0,37,750,600,150,0.8,9,6,3,350.12004653350175,0.35372872872872874,0.15613822778001918,0.23936778691576124,136993.40820312488,2192.8276909722076,139186.2358940971,4547,62,1424.8918918918919,35,2,14,29.117951907131005,0.6919642857142858,38.28124999999999,1046.874999999999,29.91071428571426,0
4553,4,0,0,37,0.0,0.0,1.0,37,350,100,250,0.2857142857142857,6,1,5,350.12004653350175,0.35372872872872874,0.15613822778001918,0.23936778691576124,136993.40820312488,2192.8276909722076,139186.2358940971,4548,63,1425.8918918918919,35,2,14,29.117951907131005,0.6919642857142858,38.28124999999999,1046.874999999999,29.91071428571426,0
4554,4,0,0,37,0.0,0.0,1.0,37,1200,1000,200,0.8333333333333334,14,10,4,352.297014421587,0.35300925925925924,0.16500554040613724,0.24169338009863062,137114.60108292598,2261.0129190243333,139375.6140019503,4549,64,1426.8918918918919,35,2,14,28.9411583232033,0.693154761904762,38.16550925925925,1047.337962962962,29.92394179894177,0
4555,4,0,0,37,0.0,0.0,1.0,37,950,600,350,0.631578947368421,13,6,7,351.5388771587112,0.352759009009009,0.15869868985202618,0.24180318510947213,137205.53090706444,2246.615655006856,139452.1465620713,4550,65,1427.8918918918919,35,2,15,28.871151863308288,0.694047619047619,38.0787037037037,1047.685185185185,29.93386243386243,0
4556,4,0,0,37,0.0,0.0,1.0,37,800,700,100,0.875,9,7,2,352.194121539787,0.35250875875875876,0.16025212491643548,0.2430998448677066,137326.81755829905,2273.1395747599427,139599.95713305898,4551,66,1428.8918918918919,35,2,15,28.734172555948177,0.6952380952380952,37.96296296296296,1048.148148148148,29.947089947089943,0
4557,4,0,0,37,0.0,0.0,1.0,37,1050,700,350,0.6666666666666666,14,7,7,352.4152563394059,0.35188313313313313,0.16161059018201884,0.2437582493699756,137398.9593478615,2284.297895868854,139683.25724373036,4552,67,1429.8918918918919,36,1,15,28.657133906194055,0.6938657407407407,37.89414414414415,1048.4234234234243,29.122872872872897,0
4558,4,1,1,37,0.02631578947368421,0.02631578947368421,0.9736842105263158,38,1050,800,250,0.7619047619047619,13,8,5,347.8437157592207,0.3565670934091987,0.1595252104768239,0.2424772180285144,137668.62309797248,1977.4330803708876,139646.05617834337,4553,0,1393.2368421052631,37,1,16,28.510931459617602,0.6945382882882882,37.637061403508774,1049.4517543859652,28.36356092935041,0
4559,4,0,0,37,0.0,0.0,1.0,37,600,500,100,0.8333333333333334,7,5,2,356.87501213248146,0.35260260260260257,0.16980540772681652,0.247685086661843,137517.0504118984,2415.279806833867,139932.33021873227,4554,69,1431.8918918918919,36,1,16,28.423609619927003,0.6950231481481481,37.781531531531535,1048.8738738738741,29.13538538538539,0
4560,4,0,0,37,0.0,0.0,1.0,37,1050,800,250,0.7619047619047619,13,8,5,353.4928663441924,0.351758008008008,0.1710251940963392,0.24638743616017436,137664.73557594765,2332.7003946514187,139997.43597059906,4555,70,1432.8918918918919,36,1,16,28.366553993633083,0.6964699074074074,37.64076576576577,1049.4369369369376,29.151026026026045,0
4561,4,0,0,37,0.0,0.0,1.0,37,750,600,150,0.8,9,6,3,356.05297934340155,0.35132007007007005,0.170198086104983,0.24902340033147313,137782.94077438946,2411.6053130833725,140194.54608747282,4556,71,1433.8918918918919,36,1,17,28.18276484679466,0.6976273148148147,37.52815315315316,1049.8873873873888,29.163538538538578,0
4562,4,0,0,37,0.0,0.0,1.0,37,800,600,200,0.75,10,6,4,353.68815703361474,0.35091341341341337,0.170030363659204,0.24780645219964378,137843.75177154195,2350.7468453354063,140194.49861687736,4557,72,1434.8918918918919,34,3,17,28.184871329781217,0.7025122549019608,37.470238095238095,1050.1190476190475,30.88585434173669,0
4563,4,0,0,37,0.0,0.0,1.0,37,1050,800,250,0.7619047619047619,13,8,5,350.5333158014984,0.35041291291291293,0.16773548168128505,0.24667763107333343,137994.85194830238,2274.358603395055,140269.21055169744,4558,73,1435.8918918918919,35,2,18,28.1188037012558,0.7017857142857142,37.326388888888886,1050.694444444444,30.019841269841255,0
4564,4,0,0,37,0.0,0.0,1.0,37,1100,800,300,0.7272727272727273,14,8,6,350.24052011494456,0.3503503503503504,0.1654129071245496,0.2466899675813485,138025.25566111537,2268.4074663494484,140293.66312746482,4559,74,1436.8918918918919,35,2,19,28.096546058670192,0.7020833333333333,37.2974537037037,1050.810185185185,30.02314814814814,0
4565,4,0,1,36,0.0,0.02702702702702703,0.972972972972973,37,700,600,100,0.8571428571428571,8,6,2,349.2950239602873,0.349974974974975,0.16362613852429986,0.24689857608025595,138146.90400216478,2250.805228695129,140397.7092308599,4560,75,1437.8918918918919,35,2,17,28.001600976182605,0.7032738095238095,37.18171296296296,1051.273148148148,30.036375661375658,0
4566,4,0,0,36,0.0,0.0,1.0,36,900,800,100,0.8888888888888888,10,8,2,349.7878687671059,0.3497519841269841,0.14434129089301528,0.23976368459127073,137084.29783950615,2390.084876543207,139474.38271604935,4561,76,1394.638888888889,35,1,17,29.03680371352785,0.6928571428571428,38.19444444444444,1047.2222222222222,29.92063492063492,1
4567,4,0,0,36,0.0,0.0,1.0,36,800,500,300,0.625,11,5,6,353.69300432377725,0.3492724867724868,0.149038992599138,0.24349678845195105,137235.8475464035,2507.87184392147,139743.71939032496,4562,77,1395.638888888889,35,1,17,28.784772082919098,0.6943452380952381,38.04976851851852,1047.8009259259263,29.937169312169324,0
4568,4,0,0,36,0.0,0.0,1.0,36,750,700,50,0.9333333333333333,8,7,1,351.72661842068857,0.34909060846560847,0.1455157941241445,0.24235409461041962,137266.16753472216,2456.0329861111004,139722.20052083326,4563,78,1396.638888888889,35,1,17,28.80632869449967,0.6946428571428571,38.02083333333333,1047.916666666666,29.940476190476172,0
4569,4,0,0,36,0.0,0.0,1.0,36,550,400,150,0.7272727272727273,7,4,3,363.89086283253874,0.34909060846560847,0.17176218771963447,0.22844989547501254,133933.93034297053,2557.2323200113383,136491.16266298186,4564,79,1397.638888888889,34,2,17,31.803479010925813,0.6639093137254901,41.220238095238095,1035.1190476190477,30.44467787114846,7
4570,4,0,0,36,0.0,0.0,1.0,36,850,600,250,0.7058823529411765,11,6,5,361.5032341758677,0.34781746031746036,0.1720600068973448,0.2277130075377171,134057.18714569157,2492.4213435374118,136549.608489229,4565,80,1398.638888888889,34,2,18,31.741914779476563,0.6651348039215685,41.101190476190474,1035.5952380952378,30.45868347338935,0
4571,4,0,0,36,0.0,0.0,1.0,36,950,700,250,0.7368421052631579,12,7,5,358.73091253604565,0.34712301587301586,0.16913325142410374,0.22697652720390232,134220.76106234998,2429.827219435874,136650.58828178587,4566,81,1399.638888888889,35,1,18,31.650121933057832,0.6645833333333333,40.94328703703704,1036.226851851852,29.606481481481485,0
4572,4,0,0,36,0.0,0.0,1.0,36,750,300,450,0.4,12,3,9,357.5289247871189,0.34712301587301586,0.16807337384650034,0.214372606319726,132219.3889853395,2254.4511959876527,134473.84018132713,4567,82,1400.638888888889,35,1,20,33.68923024983118,0.6446428571428571,42.88194444444444,1028.4722222222222,29.384920634920633,7
4573,4,0,0,36,0.0,0.0,1.0,36,1050,800,250,0.7619047619047619,13,8,5,359.83505436398644,0.3470899470899471,0.1701349831271095,0.21643664636643017,132338.45191400885,2324.002807784634,134662.45472179347,4568,83,1401.638888888889,35,1,20,33.51002999625048,0.6458333333333334,42.7662037037037,1028.9351851851848,29.398148148148135,0
4574,4,1,1,36,0.02702702702702703,0.02702702702702703,0.972972972972973,37,800,600,200,0.75,10,6,4,349.4704315642174,0.3517892892892893,0.1493573889887252,0.2065547025470999,131674.63705259337,1803.2918432853805,133477.92889587875,4569,0,1364.7297297297298,36,1,15,34.4451759198303,0.6371527777777777,43.412162162162176,1026.3513513513533,28.509759759759813,2
4575,4,0,0,36,0.0,0.0,1.0,36,650,400,250,0.6153846153846154,9,4,5,360.1123450745959,0.34775132275132276,0.16105470953186662,0.21240159275357914,131595.18771701396,2277.810329861116,133872.9980468751,4570,85,1403.638888888889,35,1,15,34.25232656514382,0.6383928571428571,43.489583333333336,1026.0416666666672,29.315476190476204,0
4576,4,0,0,36,0.0,0.0,1.0,36,850,500,350,0.5882352941176471,12,5,7,361.48049646517876,0.34783399470899473,0.1638907687294786,0.21337457268044455,131624.87809713653,2315.9652563443165,133940.84335348086,4571,86,1404.638888888889,35,1,15,34.187250921121894,0.6386904761904761,43.46064814814815,1026.1574074074078,29.31878306878308,0
4577,4,0,0,36,0.0,0.0,1.0,36,1000,900,100,0.9,11,9,2,360.2658280123545,0.34781746031746036,0.15912336076353628,0.21348818706062792,131773.38023244613,2294.6891878858164,134068.06942033194,4572,87,1405.638888888889,35,1,17,34.06852384173147,0.6401785714285714,43.31597222222223,1026.7361111111122,29.33531746031749,0
4578,4,1,0,37,0.02702702702702703,0.0,1.0,37,800,600,200,0.75,10,6,4,357.735975080275,0.3517267267267267,0.16401547785050896,0.21386848176213719,132108.41912436104,2051.9868263534067,134160.40595071446,4573,0,1368.6216216216217,36,1,18,33.795687735056795,0.6414930555555554,42.98986486486488,1028.0405405405422,28.556681681681727,0
4579,4,0,0,37,0.0,0.0,1.0,37,800,500,300,0.625,11,5,6,358.2847654111275,0.3515703203203204,0.16447681938865832,0.21452447167009892,132166.31063073222,2070.635119917231,134236.94575064944,4574,1,1369.6216216216217,36,1,19,33.72325959186653,0.6420717592592592,42.933558558558566,1028.265765765767,28.56293793793797,0
4580,4,0,0,37,0.0,0.0,1.0,37,1000,700,300,0.7,13,7,6,353.45961347504465,0.351758008008008,0.15838062717852486,0.21212221481478713,132253.17166829004,1949.2309877445175,134202.40265603457,4575,2,1370.6216216216217,36,1,19,33.7598532953799,0.6429398148148147,42.84909909909911,1028.6036036036048,28.572322322322357,0
4581,4,0,0,37,0.0,0.0,1.0,37,800,600,200,0.75,10,6,4,353.69368251990926,0.3517892892892893,0.157954999334309,0.21242549571462052,132282.1316882764,1957.4708576820324,134239.60254595842,4576,3,1371.6216216216217,36,1,19,33.72468527640941,0.6432291666666665,42.82094594594596,1028.7162162162183,28.575450450450507,0
4582,4,1,0,38,0.02631578947368421,0.0,1.0,38,750,500,250,0.6666666666666666,10,5,5,345.74080227762755,0.35809329065908013,0.1595422756209086,0.20922665045048217,132567.32840874136,1566.7868959680084,134134.11530470938,4577,0,1336.5,37,1,20,33.64255039750142,0.644144144144144,42.543859649122815,1029.8245614035104,27.83309625414893,0
4583,4,0,0,38,0.0,0.0,1.0,38,950,600,350,0.631578947368421,13,6,7,346.264389165449,0.3583303698435278,0.1615732880588563,0.20970092891238343,132595.55975155838,1582.6241006848459,134178.18385224324,4578,1,1337.5,37,1,20,33.60070886120869,0.6444256756756757,42.51644736842106,1029.9342105263174,27.836059743954525,0
4584,4,0,0,38,0.0,0.0,1.0,38,800,500,300,0.625,11,5,6,346.7789064804246,0.3579895685158843,0.1610490458635403,0.2101703901598139,132623.79410010797,1598.2268582641025,134222.02095837207,4579,2,1338.5,37,1,20,33.55909800581931,0.6447072072072071,42.48903508771931,1030.0438596491247,27.839023233760127,0
4585,4,1,0,39,0.02564102564102564,0.0,1.0,39,900,700,200,0.7777777777777778,11,7,4,340.2958784432682,0.36234817813765186,0.1705347302447251,0.20834221346669363,133003.439406184,1252.1044497406938,134255.5438559247,4580,0,1305.1538461538462,38,1,20,33.34520110478165,0.6466557017543858,42.12072649572651,1031.5170940170958,27.145186684660416,0
4586,4,1,0,40,0.025,0.0,1.0,40,800,500,300,0.625,11,5,6,333.05537817795187,0.36630608974358975,0.1781265758951085,0.2057472943697443,133337.70751953148,881.768120659752,134219.47564019123,4581,0,1273.5,39,1,21,33.197281055639614,0.6482371794871793,41.796875000000014,1032.8125000000018,26.482371794871842,0
4587,4,0,0,40,0.0,0.0,1.0,40,600,300,300,0.5,9,3,6,331.3336275042221,0.36635950854700855,0.1800398015093556,0.20557987035589104,133499.82336410627,846.6639661207278,134346.48733022698,4582,1,1274.5,38,2,21,33.079620248802506,0.6515899122807017,41.63995726495727,1033.4401709401714,27.195793972109772,0
4588,4,0,0,40,0.0,0.0,1.0,40,1150,800,350,0.6956521739130435,15,8,7,330.42134024965344,0.3667735042735043,0.17419404835709873,0.20577977676551762,133637.87187705448,831.3609467455595,134469.23282380003,4583,2,1275.5,38,2,21,32.96523041950817,0.6529605263157894,41.506410256410255,1033.9743589743584,27.209851551956802,0
4589,4,0,0,40,0.0,0.0,1.0,40,950,600,350,0.631578947368421,13,6,7,332.9789388913241,0.3661858974358974,0.1731873579838883,0.20799368299005153,133748.36205164721,907.077534882018,134655.43958652925,4584,3,1276.5,38,2,16,32.78872305997385,0.6540570175438596,41.39957264957265,1034.4017094017086,27.221097615834434,0
4590,4,0,0,40,0.0,0.0,1.0,40,1000,800,200,0.8,12,8,4,331.44772583144095,0.3661057692307692,0.16875774473358152,0.20734753081083143,133803.62426035493,869.7813938198426,134673.40565417477,4585,4,1277.5,38,2,16,32.77313093762909,0.6546052631578948,41.34615384615384,1034.6153846153836,27.226720647773252,0
4591,4,0,0,40,0.0,0.0,1.0,40,1100,700,400,0.6363636363636364,15,7,8,331.35851437705367,0.36619925213675214,0.17037008361721906,0.20775857144145737,133886.53897518068,872.8889299802652,134759.42790516093,4586,5,1278.5,38,2,16,32.692655104779604,0.6554276315789473,41.266025641025635,1034.9358974358965,27.23515519568149,0
4592,4,0,0,40,0.0,0.0,1.0,40,1550,1100,450,0.7096774193548387,20,11,9,331.6602296909924,0.36601228632478633,0.16433546589619308,0.20857360713403006,133997.13187824146,888.3039073343413,134885.4357855758,4587,6,1279.5,38,2,17,32.574467719189634,0.6565241228070176,41.15918803418803,1035.3632478632464,27.246401259559118,0
4593,4,0,0,40,0.0,0.0,1.0,40,1000,500,500,0.5,15,5,10,332.3632172751094,0.36570512820512824,0.16795956261605172,0.20948823330721103,134080.106518007,912.6591149828197,134992.76563298982,4588,7,1280.5,38,2,18,32.47348015954888,0.6573464912280702,41.07905982905982,1035.6837606837594,27.25483580746735,0
4594,4,0,0,40,0.0,0.0,1.0,40,950,800,150,0.8421052631578947,11,8,3,331.29270067210695,0.3657719017094017,0.16192941886185386,0.2093416264856911,134172.79188368062,890.0933159722268,135062.88519965284,4589,8,1281.5,39,1,18,32.408757289362555,0.656517094017094,40.989583333333336,1036.0416666666672,26.565170940170955,0
4595,4,0,0,40,0.0,0.0,1.0,40,900,700,200,0.7777777777777778,11,7,4,328.6487670602936,0.3652777777777778,0.15359511606873677,0.20843746851606013,134307.72705078128,828.0137803819453,135135.74083116322,4590,9,1282.5,39,1,18,32.3427503098516,0.6578525641025641,40.859375,1036.5625000000002,26.578525641025646,0
4596,4,0,1,39,0.0,0.025,0.975,40,1100,800,300,0.7272727272727273,14,8,6,328.70867251826087,0.3654780982905983,0.15189835275210983,0.2092470296414196,134442.73003472204,838.4982638888708,135281.22829861092,4591,10,1283.5,39,1,18,32.20670952189634,0.6591880341880343,40.72916666666666,1037.083333333332,26.591880341880305,0
4597,4,0,0,39,0.0,0.0,1.0,39,750,700,50,0.9333333333333333,8,7,1,333.9670607097058,0.36052069275753484,0.15132486561057945,0.2117744067323898,134301.49778106497,1170.4552925706594,135471.95307363564,4592,11,1317.051282051282,38,1,18,32.211142032570585,0.6595394736842106,40.865384615384606,1036.5384615384605,27.277327935222644,0
4598,4,0,0,39,0.0,0.0,1.0,39,1100,700,400,0.6363636363636364,15,7,8,335.03245271840797,0.3604644624381466,0.15278405262949302,0.21293319932103127,134384.5665885929,1204.6381903352894,135589.2047789282,4593,12,1318.051282051282,38,1,19,32.10072127769191,0.6603618421052633,40.7852564102564,1036.8589743589732,27.285762483130874,0
4599,4,0,0,39,0.0,0.0,1.0,39,1100,800,300,0.7272727272727273,14,8,6,336.31269747497186,0.36099865047233465,0.15528268504581577,0.21455954615518896,134523.0716725107,1248.3634213602068,135771.4350938709,4594,13,1319.051282051282,38,1,19,31.92949708204598,0.6617324561403508,40.6517094017094,1037.393162393162,27.299820062977943,0
4600,4,0,0,39,0.0,0.0,1.0,39,1050,700,350,0.6666666666666666,14,7,7,335.2959135634791,0.3595647773279352,0.14790889875792623,0.2150541512934868,134717.09863987498,1234.0185322156372,135951.11717209063,4595,14,1320.051282051282,38,1,19,31.762632499742708,0.6636513157894738,40.464743589743584,1038.141025641025,27.319500674763816,0
4601,4,0,0,39,0.0,0.0,1.0,39,600,400,200,0.6666666666666666,8,4,4,334.8869060373496,0.35928362573099415,0.14667996474952671,0.21495580930455474,134744.82819234408,1224.855723573657,135969.68391591773,4596,15,1321.051282051282,38,1,19,31.745643822460025,0.6639254385964912,40.43803418803418,1038.2478632478621,27.322312190733214,0
4602,4,1,1,39,0.025,0.025,0.975,40,700,500,200,0.7142857142857143,9,5,4,326.9904083517064,0.36335470085470084,0.14442355889724334,0.2111151665571696,134956.35986328125,825.8870442708339,135782.2469075521,4597,0,1289.0,39,1,17,31.740288220551378,0.6642628205128206,40.234375,1039.0625,26.642628205128204,0
4603,4,0,0,39,0.0,0.0,1.0,39,650,400,250,0.6153846153846154,9,4,5,329.4995535544708,0.358974358974359,0.14239036701239738,0.212307764029829,134883.5187582182,1088.811842537796,135972.33060075602,4598,17,1323.051282051282,38,1,17,31.747531626041333,0.665296052631579,40.304487179487175,1038.7820512820508,27.336369770580284,0
4604,4,0,0,39,0.0,0.0,1.0,39,750,500,250,0.6666666666666666,10,5,5,329.0651196263115,0.3586088618983356,0.13829703095588397,0.21251576052360566,134966.76734056522,1082.5710880999131,136049.33842866513,4599,18,1324.051282051282,38,1,17,31.676048735348544,0.6661184210526316,40.224358974358964,1039.1025641025624,27.344804318488485,0
4605,4,0,0,39,0.0,0.0,1.0,39,850,600,250,0.7058823529411765,11,6,5,329.3322587562018,0.35855263157894735,0.14264105199357036,0.21334240197721974,135077.80540032132,1097.0957520636912,136174.90115238502,4600,19,1325.051282051282,38,1,17,31.558752997601914,0.6672149122807018,40.11752136752136,1039.5299145299136,27.35605038236615,0
4606,4,0,0,39,0.0,0.0,1.0,39,700,400,300,0.5714285714285714,10,4,6,330.5390887625605,0.35844017094017094,0.14779158367321177,0.21445376078914918,135133.34155161073,1133.3703155818505,136266.7118671926,4601,20,1326.051282051282,38,1,17,31.472205096588585,0.6677631578947368,40.06410256410256,1039.7435897435894,27.361673414304985,0
4607,4,0,0,39,0.0,0.0,1.0,39,700,600,100,0.8571428571428571,8,6,2,327.9507883409584,0.35852451641925326,0.14719292007427653,0.2132665948229278,135216.66718030898,1068.8825197238639,136285.54970003286,4602,21,1327.051282051282,38,1,18,31.456728299948626,0.6685855263157894,39.98397435897436,1040.0641025641023,27.37010796221322,0
4608,4,0,0,39,0.0,0.0,1.0,39,1400,900,500,0.6428571428571429,19,9,10,329.2883464293733,0.35695006747638325,0.1423009799973154,0.21513063598715793,135383.39548405653,1116.0348865877722,136499.4303706443,4603,22,1328.051282051282,38,1,19,31.256416179037057,0.6702302631578947,39.82371794871795,1040.7051282051282,27.38697705802969,0
4609,4,0,0,39,0.0,0.0,1.0,39,650,400,250,0.6153846153846154,9,4,5,327.7666856774844,0.3565002249212776,0.1402810883623522,0.21496730273302586,135522.41421031495,1083.9465081452354,136606.36071846017,4604,23,1329.051282051282,38,1,21,31.15808194814967,0.6716008771929824,39.690170940170944,1041.239316239317,27.401034637876766,0
4610,4,0,0,39,0.0,0.0,1.0,39,1150,900,250,0.782608695652174,14,9,5,327.7401767882609,0.35647210976158344,0.14070473364687608,0.21528377650484945,135578.04167579807,1086.87426948645,136664.91594528453,4605,24,1330.051282051282,38,1,21,31.10360244836548,0.6721491228070176,39.636752136752136,1041.4529914529912,27.40665766981556,0
4611,4,0,0,39,0.0,0.0,1.0,39,1100,900,200,0.8181818181818182,13,9,4,327.8425079416866,0.35638776428250113,0.1442505176155593,0.2158627075422451,135663.00834195685,1095.243006496689,136758.25134845354,4606,25,1331.051282051282,36,3,21,31.016691889165116,0.6767939814814815,39.55518018018018,1041.7792792792795,28.93831331331332,0
4612,4,0,0,39,0.0,0.0,1.0,39,850,300,550,0.35294117647058826,14,3,11,327.1812826201086,0.35638776428250113,0.1367539841548273,0.21578106971374666,135721.67342595977,1081.1182381706085,136802.79166413037,4607,26,1332.051282051282,36,3,21,30.975764616881,0.6773726851851851,39.498873873873876,1042.004504504505,28.94456956956958,0
4613,4,0,0,39,0.0,0.0,1.0,39,1200,1000,200,0.8333333333333334,14,10,4,323.61845151316464,0.3558816914080072,0.13636993092599048,0.21431041660292402,135868.3916179693,993.903700998291,136862.29531896758,4608,27,1333.051282051282,36,3,15,30.92325556275653,0.6788194444444444,39.358108108108105,1042.5675675675675,28.960210210210207,0
4614,4,0,0,39,0.0,0.0,1.0,39,950,700,250,0.7368421052631579,12,7,5,322.01847221048087,0.3555161943319838,0.13184282067892528,0.21395517142133966,135985.82323877935,957.9894083272503,136943.8126471066,4609,28,1334.051282051282,36,3,16,30.84871877924133,0.6799768518518519,39.2454954954955,1043.0180180180182,28.97272272272273,0
4615,4,0,0,39,0.0,0.0,1.0,39,700,500,200,0.7142857142857143,9,5,4,321.7234244288019,0.35531938821412506,0.12132637116371647,0.2068991227393593,134813.78971877295,874.5508177096154,135688.34053648257,4610,29,1335.051282051282,36,3,14,32.018768524542764,0.6684027777777777,40.37162162162163,1038.5135135135145,28.847597597597623,2
4616,4,0,0,39,0.0,0.0,1.0,39,900,500,400,0.5555555555555556,13,5,8,321.9010289534673,0.3550101214574899,0.11977672515400162,0.20734742256052963,134872.27091956837,883.104557259981,135755.37547682834,4611,30,1336.051282051282,36,3,14,31.95603859496964,0.6689814814814814,40.315315315315324,1038.73873873874,28.85385385385389,0
4617,4,0,0,39,0.0,0.0,1.0,39,1000,800,200,0.8,12,8,4,319.616421081061,0.35498200629779575,0.11343840902839686,0.20670917660526378,135018.52940355908,830.8278295187158,135849.35723307778,4612,31,1337.051282051282,36,3,16,31.87010149167478,0.6704282407407407,40.17454954954955,1039.3018018018026,28.869494494494518,0
4618,4,0,0,39,0.0,0.0,1.0,39,850,700,150,0.8235294117647058,10,7,3,334.1676856699575,0.35498200629779575,0.06170743397483269,0.21452432648195452,134749.9365790437,1368.96685124123,136118.9034302849,4613,32,1338.051282051282,37,2,19,31.759227479142456,0.665822072072072,40.433114035087726,1038.2675438596502,28.061284969179734,8
4619,4,0,0,39,0.0,0.0,1.0,39,1350,1200,150,0.8888888888888888,15,12,3,334.14852742707586,0.35450404858299595,0.05984078907123358,0.21518619988556698,134863.8057503271,1212.908418936604,136076.7141692637,4614,33,1339.051282051282,37,2,16,31.646411731588028,0.6669481981981982,40.323464912280706,1038.7061403508778,28.073138928402102,0
4620,4,0,0,39,0.0,0.0,1.0,39,950,700,250,0.7368421052631579,12,7,5,333.23883616311076,0.3539698605488079,0.0649197432650368,0.21510703075488014,134949.23918898133,1194.0654816866868,136143.304670668,4615,34,1340.051282051282,37,2,16,31.585056986070075,0.6677927927927927,40.241228070175445,1039.035087719299,28.082029397818893,0
4621,4,0,0,39,0.0,0.0,1.0,39,750,600,150,0.8,9,6,3,330.5534777375185,0.3537730544309492,0.06357502664740466,0.21370981323302884,135006.20984341353,1125.35443598032,136131.56427939385,4616,35,1341.051282051282,37,2,16,31.598174720405147,0.6683558558558558,40.18640350877194,1039.2543859649136,28.087956377430096,0
4622,4,0,0,39,0.0,0.0,1.0,39,1300,900,400,0.6923076923076923,17,9,8,330.867250956652,0.3533232118758434,0.05821556633621583,0.2145884592045812,135120.18722106816,1141.3689789166021,136261.55619998477,4617,36,1342.051282051282,37,2,17,31.476745412360245,0.6694819819819819,40.07675438596492,1039.6929824561414,28.09981033665247,0
4623,4,0,0,39,0.0,0.0,1.0,39,700,500,200,0.7142857142857143,9,5,4,329.9604639477122,0.35326698155645525,0.056825033731075836,0.21416940996688275,135148.68907981314,1118.7448301400573,136267.4339099532,4618,37,1343.051282051282,37,2,17,31.47199813701711,0.6697635135135134,40.049342105263165,1039.8026315789484,28.102773826458066,0
4624,4,0,0,39,0.0,0.0,1.0,39,750,500,250,0.6666666666666666,10,5,5,329.9604639477122,0.35281713900134953,0.056825033731075836,0.21416940996688275,135148.68907981314,1118.7448301400573,136267.4339099532,4619,38,1344.051282051282,37,2,17,31.47199813701711,0.6697635135135134,40.049342105263165,1039.8026315789484,28.102773826458066,0
4625,4,1,0,40,0.025,0.0,1.0,40,1150,800,350,0.6956521739130435,15,8,7,326.79705126969964,0.35713141025641026,0.08078639581409708,0.21449770092429382,135550.2265162722,859.4828648915225,136409.70938116373,4620,0,1311.425,38,2,18,31.155740227762383,0.671875,39.66346153846154,1041.346153846154,27.40384615384616,0
4626,4,0,0,40,0.0,0.0,1.0,40,800,600,200,0.75,10,6,4,327.3599999999999,0.35754540598290596,0.08259999999999978,0.2153684210526316,135633.68055555562,880.2596975673948,136513.940253123,4621,1,1312.425,36,4,18,31.05833333333333,0.6765046296296295,39.583333333333336,1041.6666666666672,28.9351851851852,0
4627,4,0,0,40,0.0,0.0,1.0,40,1350,900,450,0.6666666666666666,18,9,9,328.27631614532277,0.3565571581196581,0.09270045385779113,0.21668110054271172,135751.0107235615,912.7683426670055,136663.7790662285,4622,2,1313.425,36,4,18,30.918161515740934,0.677662037037037,39.47072072072073,1042.1171171171181,28.947697697697727,0
4628,4,0,0,40,0.0,0.0,1.0,40,850,500,350,0.5882352941176471,12,5,7,330.9124571307743,0.3559561965811966,0.08779045315949996,0.2196307313168731,135947.96145208125,997.3747932055852,136945.33624528683,4623,3,1314.425,37,3,14,30.654308169487955,0.6776463963963965,39.28179824561403,1042.8728070175425,28.185751541014664,0
4629,4,0,0,40,0.0,0.0,1.0,40,700,600,100,0.8571428571428571,8,6,2,328.8095876494483,0.35531517094017095,0.08613504992117726,0.21893794447057346,136062.33558643024,947.7200917589806,137010.05567818924,4624,4,1315.425,37,3,14,30.59587931336486,0.6787725225225226,39.17214912280701,1043.3114035087704,28.197605500237035,0
4630,4,0,0,40,0.0,0.0,1.0,40,1600,1300,300,0.8125,19,13,6,324.66907797099907,0.3553285256410256,0.006468902568457224,0.2009876512905881,133415.57618690352,674.3667522699202,134089.94293917343,4625,5,1316.425,37,3,20,33.335986697799484,0.6525900900900901,41.72149122807017,1033.1140350877183,27.92200094831671,7
4631,4,0,0,40,0.0,0.0,1.0,40,1250,1000,250,0.8,15,10,5,325.96762033288877,0.35551549145299144,-0.03794195117009447,0.19512591754432668,132156.90239800356,615.7741970486161,132772.67659505218,4626,6,1317.425,39,1,16,34.56347296795326,0.6364850427350428,42.942708333333336,1028.2291666666672,26.36485042735044,7
4632,4,0,1,39,0.0,0.025,0.975,40,650,400,250,0.6153846153846154,9,4,5,325.52698107246334,0.355221688034188,-0.03717968196090338,0.1951383050472637,132210.46142578137,607.6144748264039,132818.07590060777,4627,7,1318.425,39,1,16,34.521021135082215,0.6370192307692307,42.89062500000001,1028.437500000001,26.37019230769233,0
4633,4,0,0,39,0.0,0.0,1.0,39,900,600,300,0.6666666666666666,12,6,6,323.8193288966251,0.3523110661268556,-0.014539261197827669,0.1945279618116223,132290.8203125,767.6649305555552,133058.48524305556,4628,8,1349.3076923076924,39,0,16,34.48427163493994,0.6378205128205128,42.8125,1028.75,26.378205128205128,0
4634,4,0,0,39,0.0,0.0,1.0,39,700,300,400,0.42857142857142855,11,3,8,323.29590061311256,0.3520017993702204,-0.014536317431640411,0.1944894583590944,132344.4064670141,757.280815972247,133101.68728298636,4629,9,1350.3076923076924,39,0,16,34.44396638995748,0.6383547008547008,42.76041666666668,1028.958333333335,26.383547008547055,0
4635,4,0,0,39,0.0,0.0,1.0,39,1100,800,300,0.7272727272727273,14,8,6,323.3949089478599,0.3519174538911381,-0.01681719090625955,0.19482571343932073,132398.0034722224,763.3680555555752,133161.37152777796,4630,10,1351.3076923076924,39,0,16,34.387651821862356,0.6388888888888888,42.70833333333334,1029.166666666668,26.388888888888925,0
4636,4,1,1,39,0.025,0.025,0.975,40,1000,700,300,0.7,13,7,6,317.9113013156689,0.3558226495726496,-0.021090826337615054,0.1924794265834673,132585.67843967024,430.09711371528726,133015.77555338552,4631,0,1318.5,39,1,16,34.340653551802006,0.6407585470085471,42.52604166666667,1029.8958333333342,26.40758547008549,0
4637,4,0,0,39,0.0,0.0,1.0,39,1100,1000,100,0.9090909090909091,12,10,2,321.8528162177693,0.35104588394062075,-0.013072098849966407,0.1947268629821829,132558.85959201396,732.8884548611161,133291.7480468751,4632,12,1353.3076923076924,39,0,16,34.266049632476886,0.6404914529914529,42.552083333333336,1029.7916666666672,26.404914529914542,0
4638,4,0,0,39,0.0,0.0,1.0,39,1450,1100,350,0.7586206896551724,18,11,7,323.05819014211966,0.3510739991003149,-0.017007596380700374,0.19601506138070926,132666.15125868047,771.777343749995,133437.92860243047,4633,13,1354.3076923076924,39,0,14,34.12748567576676,0.6415598290598291,42.447916666666664,1030.2083333333328,26.415598290598275,0
4639,4,0,0,39,0.0,0.0,1.0,39,750,600,150,0.8,9,6,3,322.9557751823209,0.351102114260009,-0.021566248820595657,0.19623332482208336,132719.81336805545,772.5260416666576,133492.3394097221,4634,14,1355.3076923076924,39,0,14,34.076357999730426,0.6420940170940173,42.39583333333333,1030.4166666666658,26.42094017094015,0
4640,4,0,0,39,0.0,0.0,1.0,39,750,500,250,0.6666666666666666,10,5,5,323.39310103228945,0.35104588394062075,-0.025705808424352883,0.196921522136277,132800.32687717004,789.3419053819343,133589.66878255198,4635,15,1356.3076923076924,39,0,15,33.984440795014315,0.6428952991452992,42.31770833333333,1030.7291666666658,26.42895299145297,0
4641,4,0,0,39,0.0,0.0,1.0,39,1050,900,150,0.8571428571428571,12,9,3,327.88574441234186,0.3507085020242915,-0.0205148927242067,0.20023078247611173,132907.71620008672,915.7090928819395,133823.42529296866,4636,16,1357.3076923076924,39,0,15,33.76109118766206,0.6439636752136753,42.213541666666664,1031.1458333333328,26.43963675213674,0
4642,4,0,0,39,0.0,0.0,1.0,39,500,200,300,0.4,8,2,6,329.58946841073356,0.350314889788574,-0.018646135200018454,0.20156055137335852,132961.42713758684,964.5372178819493,133925.96435546878,4637,17,1358.3076923076924,39,0,15,33.66337154496179,0.6444978632478633,42.161458333333336,1031.354166666667,26.44497863247864,0
4643,4,0,0,39,0.0,0.0,1.0,39,1050,800,250,0.7619047619047619,13,8,5,327.7810275202025,0.349274628879892,-0.013457139012245545,0.20146739582321124,133149.50086805547,928.7760416666615,134078.27690972213,4638,18,1359.3076923076924,39,0,16,33.521733279504765,0.6463675213675215,41.979166666666664,1032.0833333333328,26.4636752136752,0
4644,4,0,0,39,0.0,0.0,1.0,39,900,900,0,1.0,9,9,0,332.04805383186306,0.3498931623931624,-0.013867006097860513,0.20453252091532598,133230.1445855034,1047.7620442708283,134277.90662977422,4639,19,1360.3076923076924,39,0,16,33.33091598560521,0.6471688034188035,41.901041666666664,1032.395833333333,26.471688034188027,0
4645,4,0,0,39,0.0,0.0,1.0,39,750,600,150,0.8,9,6,3,326.4006078984586,0.3504554655870445,-0.01988165680473375,0.20252308949591616,133500.54974848006,942.9323355503302,134443.4820840304,4640,20,1361.3076923076924,37,2,18,33.206343943412904,0.6534346846846848,41.6392543859649,1033.4429824561382,27.930891417733466,2
4646,4,0,0,39,0.0,0.0,1.0,39,800,500,300,0.625,11,5,6,323.1772985405861,0.35056792622582095,-0.019559849004057828,0.20098387669133524,133585.55036164954,834.3634579870482,134419.9138196366,4641,21,1362.3076923076924,37,2,19,33.2047270541649,0.6542792792792793,41.55701754385964,1033.7719298245597,27.939781887150264,0
4647,4,0,0,39,0.0,0.0,1.0,39,800,400,400,0.5,12,4,8,321.96111550308194,0.35048358074673863,-0.01858770427169132,0.20053456533646363,133642.2324657585,805.520448599548,134447.75291435805,4642,22,1363.3076923076924,37,2,20,33.17956875220926,0.6548423423423424,41.50219298245613,1033.991228070174,27.945708866761457,0
4648,4,0,0,39,0.0,0.0,1.0,39,1550,1300,250,0.8387096774193549,18,13,5,320.5598189079529,0.35000562303193883,-0.013515019557636121,0.2001218247358516,133727.278164916,773.5184143197755,134500.7965792358,4643,23,1364.3076923076924,37,2,16,33.13091893706492,0.655686936936937,41.41995614035087,1034.3201754385955,27.954599336178255,0
4649,4,0,0,39,0.0,0.0,1.0,39,750,300,450,0.4,12,3,9,320.55603719308976,0.349527665317139,-0.0125446713682007,0.2004271842887208,133783.99032635018,777.0531557786758,134561.04348212885,4644,24,1365.3076923076924,37,2,16,33.07443472884649,0.6562500000000002,41.365131578947356,1034.5394736842086,27.960526315789423,0
4650,4,0,0,39,0.0,0.0,1.0,39,1050,800,250,0.7619047619047619,13,8,5,321.4900565502068,0.34961201079622134,-0.011781232084294269,0.20132061470897805,133840.71451071464,805.691775353934,134646.40628606858,4645,25,1366.3076923076924,37,2,16,32.99369061495533,0.6568130630630632,41.31030701754385,1034.7587719298228,27.96645329540062,0
4651,4,0,0,39,0.0,0.0,1.0,39,850,500,350,0.5882352941176471,12,5,7,321.4157884842584,0.3494714349977508,-0.010605208613471806,0.20158429418624,133897.45071800923,807.3509397122018,134704.80165772143,4646,26,1367.3076923076924,37,2,17,32.939025143906484,0.6573761261261262,41.25548245614034,1034.9780701754373,27.97238027501182,0
4652,4,0,0,39,0.0,0.0,1.0,39,1000,700,300,0.7,13,7,6,321.77630891282047,0.34904970760233917,-0.01035269027597674,0.1976340912832805,133122.62505425356,767.1413845486167,133889.76643880218,4647,27,1368.3076923076924,39,0,15,33.70354715521012,0.6461004273504274,42.005208333333336,1031.9791666666672,26.461004273504287,2
4653,4,0,0,39,0.0,0.0,1.0,39,1000,800,200,0.8,12,8,4,321.90943384032687,0.34868421052631576,-0.014276625129963305,0.19871794066581577,133310.81271701396,782.8016493055661,134093.61436631953,4648,28,1369.3076923076924,39,0,15,33.51195279402865,0.6479700854700854,41.82291666666667,1032.708333333334,26.47970085470087,0
4654,4,0,0,39,0.0,0.0,1.0,39,1050,700,350,0.6666666666666666,14,7,7,318.92045118835074,0.34831871345029236,-0.008479790693947109,0.19744400966829367,133418.40820312506,709.971788194445,134128.3799913195,4649,29,1370.3076923076924,39,0,16,33.481632721650854,0.6490384615384615,41.71875,1033.1250000000005,26.490384615384627,0
4655,4,0,0,39,0.0,0.0,1.0,39,1200,1000,200,0.8333333333333334,14,10,4,318.35327783558796,0.3476158344579397,-0.0051695616211746565,0.19737903225806455,133472.22222222216,698.2855902777735,134170.50781249994,4650,30,1371.3076923076924,37,2,17,33.44254032258063,0.6531531531531531,41.666666666666664,1033.333333333333,27.927927927927918,0
4656,4,0,0,39,0.0,0.0,1.0,39,800,600,200,0.75,10,6,4,320.5780486869739,0.34744714349977507,-0.007060256954189548,0.19936740389319196,133585.55036164974,764.9190135426318,134350.46937519236,4651,31,1372.3076923076924,37,2,17,33.27190284259652,0.6542792792792793,41.55701754385965,1033.7719298245615,27.93978188715031,0
4657,4,0,0,39,0.0,0.0,1.0,39,1450,1100,350,0.7586206896551724,18,11,7,319.7369717871629,0.34691295546558704,-0.0060568495683004375,0.19945496811484933,133698.92659279783,749.6979839950728,134448.6245767929,4652,32,1373.3076923076924,37,2,18,33.180484874187144,0.6554054054054055,41.44736842105263,1034.2105263157896,27.951635846372692,0
4658,4,0,0,39,0.0,0.0,1.0,39,700,300,400,0.42857142857142855,11,3,8,318.4326852631709,0.34660368870895186,-0.004847773393767518,0.19925270677342713,133812.35091566644,722.0452446906797,134534.3961603571,4653,33,1374.3076923076924,37,2,14,33.10106683623003,0.6565315315315314,41.33771929824562,1034.649122807018,27.963489805595085,0
4659,4,0,0,39,0.0,0.0,1.0,39,900,500,400,0.5555555555555556,13,5,8,316.0182059752942,0.3465193432298695,-0.000956106040851834,0.1983518526866211,133925.8233302556,664.5996845183272,134590.42301477393,4654,34,1375.3076923076924,37,2,14,33.05040607344633,0.6576576576576576,41.2280701754386,1035.0877192982466,27.975343764817477,0
4660,4,0,0,39,0.0,0.0,1.0,39,1200,800,400,0.6666666666666666,16,8,8,315.4106123418437,0.34643499775078723,0.0008688191661505584,0.19858252153042497,134039.3438365652,655.486303478,134694.83014004322,4655,35,1376.3076923076924,37,2,15,32.95302131865028,0.6587837837837838,41.11842105263158,1035.5263157894744,27.98719772403985,0
4661,4,0,0,39,0.0,0.0,1.0,39,800,600,200,0.75,10,6,4,315.42365638172726,0.3459289248762933,0.0024752475247524774,0.19911118309096545,134135.43721236047,661.8980111768781,134797.33522353735,4656,36,1377.3076923076924,38,1,17,32.85697710396039,0.6578947368421051,41.025641025641036,1035.8974358974374,27.260458839406247,0
4662,4,0,0,39,0.0,0.0,1.0,39,800,500,300,0.625,11,5,6,315.51929411461157,0.3456477732793522,-0.0005499982812553483,0.19932186286836445,134163.10683988998,666.2097532690791,134829.31659315905,4657,37,1378.3076923076924,38,1,18,32.826948197036884,0.6581688596491226,40.99893162393164,1036.0042735042757,27.263270355375678,0
4663,4,1,0,40,0.025,0.0,1.0,40,900,500,400,0.5555555555555556,13,5,8,330.8240036796218,0.3496127136752137,0.04707649068665276,0.18961251960740427,130492.60567577725,643.1515250057489,131135.757200783,4658,0,1344.825,36,4,17,36.116086189793904,0.6252893518518519,44.56644144144145,1021.7342342342351,28.381506506506533,6
4664,4,1,1,40,0.024390243902439025,0.024390243902439025,0.975609756097561,41,1600,1100,500,0.6875,21,11,10,323.0864315313107,0.3558689024390244,0.057920619939396456,0.18662992691985136,130794.81336805568,251.605902777784,131046.41927083346,4659,0,1313.0,37,4,17,36.00857094365239,0.6264076576576576,44.270833333333336,1022.9166666666677,27.646396396396423,0
4665,4,0,0,40,0.0,0.0,1.0,40,550,400,150,0.7272727272727273,7,4,3,330.8646365509609,0.3497462606837607,0.06044993942064103,0.19048319817667556,130665.25298524872,646.5022877607325,131311.75527300945,4660,2,1346.825,36,4,17,35.94054044131146,0.627025462962963,44.39752252252252,1022.4099099099096,28.400275275275266,0
4666,4,0,0,40,0.0,0.0,1.0,40,1050,700,350,0.6666666666666666,14,7,7,330.938004760378,0.3487713675213675,0.06411878216123523,0.19102659086663387,130766.77439212053,655.1390812557601,131421.91347337628,4661,3,1347.825,37,3,17,35.83610277301317,0.6261261261261262,44.29824561403508,1022.8070175438586,27.64343290659077,0
4667,4,0,0,40,0.0,0.0,1.0,40,850,600,250,0.7058823529411765,11,6,5,331.146722248114,0.34927884615384613,0.059551103492607727,0.19198282642632872,130935.05333371785,671.7427477685171,131606.79608148636,4662,4,1348.825,37,3,17,35.66084565388187,0.6278153153153154,44.13377192982455,1023.4649122807,27.661213845424324,0
4668,4,0,0,40,0.0,0.0,1.0,40,350,200,150,0.5714285714285714,5,2,3,331.5863113660512,0.3488514957264957,0.05708011996572426,0.19251802256924447,130991.17036011061,686.9758002462065,131678.14616035682,4663,5,1349.825,37,3,17,35.59295558411881,0.6283783783783785,44.07894736842104,1023.6842105263142,27.66714082503552,0
4669,4,2,0,42,0.047619047619047616,0.0,1.0,42,950,600,350,0.631578947368421,13,6,7,315.8125303608365,0.36021583430120013,0.08187253702948771,0.18142579320260738,130581.79253472258,-151.69391062630854,130430.09862409628,4664,0,1286.5,39,3,19,36.40949857317571,0.6207264957264955,44.479166666666686,1022.0833333333362,26.207264957265032,1
4670,4,2,0,44,0.045454545454545456,0.0,1.0,44,1300,900,400,0.6923076923076923,17,9,8,312.7757199647068,0.3701880725863284,0.11298053645782868,0.18259100396130773,131201.04762101627,-592.6995740425509,130608.34804697373,4665,0,1228.9772727272727,41,3,22,35.863008779574585,0.6237296747967478,43.87400793650795,1024.5039682539705,24.987901664730988,0
4671,4,0,0,44,0.0,0.0,1.0,44,750,600,150,0.8,9,6,3,310.16810934205927,0.3706065010570825,0.11438887862065283,0.18130879464596125,131251.87119118506,-657.9710530045122,130593.90013818054,4666,1,1229.9772727272727,41,3,22,35.87865475844709,0.6242378048780487,43.82440476190477,1024.7023809523828,24.992740998838606,0
4672,4,2,1,45,0.043478260869565216,0.021739130434782608,0.9782608695652174,46,850,500,350,0.5882352941176471,12,5,7,301.36567486110147,0.3788144122383253,0.13394956603812247,0.17847788290404581,131750.5814422966,-1258.9572777855508,130491.62416451104,4667,0,1177.4565217391305,42,4,15,35.6032719836401,0.6277281746031743,43.338178294573666,1026.647286821709,24.443983019564502,0
4673,4,0,0,45,0.0,0.0,1.0,45,850,500,350,0.5882352941176471,12,5,7,308.04528666724025,0.3753787878787879,0.13285220267628928,0.1821163734776727,131684.26890432113,-887.0563271604773,130797.21257716065,4668,1,1204.6222222222223,41,4,15,35.498421290031594,0.6285569105691056,43.402777777777786,1026.38888888889,25.033875338753415,0
4674,4,0,0,45,0.0,0.0,1.0,45,1100,800,300,0.7272727272727273,14,8,6,307.8146787867572,0.3750841750841751,0.13010444508850427,0.18258966992101608,131811.5800284237,-885.2921666351423,130926.28786178854,4669,2,1205.6222222222223,41,4,15,35.37651354136477,0.6298272357723576,43.278769841269856,1026.884920634923,25.045973674022513,0
4675,4,0,2,43,0.0,0.044444444444444446,0.9555555555555556,45,1000,600,400,0.6,14,6,8,297.92550174810384,0.37539983164983165,0.02344437132441346,0.1813986011502332,132797.2057437201,-1030.9252146477515,131766.28052907233,4670,3,1206.6222222222223,42,3,17,34.64381404531353,0.6381448412698414,42.32073643410852,1030.717054263564,24.54088224437057,4
4676,4,0,0,43,0.0,0.0,1.0,43,1100,600,500,0.5454545454545454,16,6,10,304.93946550483525,0.3650562938353636,0.04496108739681204,0.18524752790614288,132711.9596986747,-506.1771886773835,132205.7825099973,4671,4,1263.4883720930231,40,3,17,34.548320018410756,0.6403645833333333,42.40345528455284,1030.3861788617883,25.759654471544707,0
4677,4,0,0,43,0.0,0.0,1.0,43,750,500,250,0.6666666666666666,10,5,5,308.186957159159,0.3650793650793651,0.04501643111201825,0.1874819395651487,132764.32188388178,-416.7535238614742,132347.56836002032,4672,5,1264.4883720930231,40,3,17,34.4122867567301,0.6408854166666668,42.352642276422756,1030.5894308943077,25.764735772357692,0
4678,4,0,0,43,0.0,0.0,1.0,43,850,700,150,0.8235294117647058,10,7,3,308.1313340691197,0.3652408637873754,0.044695734714512936,0.18771027756534983,132816.69439693599,-415.00295376433166,132401.69144317164,4673,6,1265.4883720930231,40,3,17,34.361341154819414,0.6414062500000002,42.301829268292664,1030.7926829268263,25.769817073170657,0
4679,4,0,0,43,0.0,0.0,1.0,43,1000,700,300,0.7,13,7,6,307.0631097970513,0.3650332225913621,0.040239779018190314,0.18732142206200092,132869.07723783742,-440.1615894970381,132428.9156483404,4674,7,1266.4883720930231,40,3,17,34.33649581074421,0.6419270833333336,42.25101626016258,1030.9959349593457,25.774898373983643,0
4680,4,0,0,43,0.0,0.0,1.0,43,750,400,350,0.5333333333333333,11,4,7,309.7272649542702,0.3650332225913621,0.043358607905005675,0.18947691452808244,132973.87390318266,-362.8731451186484,132611.000758064,4675,8,1267.4883720930231,40,3,18,34.16305383124774,0.6429687500000001,42.14939024390244,1031.4024390243903,25.78506097560976,0
4681,4,0,0,43,0.0,0.0,1.0,43,800,400,400,0.5,12,4,8,312.7865924832427,0.36514857881136953,0.04725368854524037,0.19202146675180448,133104.9278290038,-273.31263632759556,132831.6151926762,4676,9,1268.4883720930231,40,3,18,33.953162957126914,0.6442708333333333,42.02235772357723,1031.9105691056902,25.797764227642254,0
4682,4,0,0,43,0.0,0.0,1.0,43,1000,600,400,0.6,14,6,8,341.0967061269783,0.36514857881136953,0.02449192026864022,0.19213047192388696,129815.23762119107,288.02185038309585,130103.25947157417,4677,10,1269.4883720930231,37,6,15,36.54015135212683,0.6165540540540541,45.23026315789473,1019.0789473684206,27.542674253200556,7
4683,4,0,0,43,0.0,0.0,1.0,43,550,300,250,0.5454545454545454,8,3,5,342.25851031369154,0.36581764488741236,0.02515710683264616,0.19306038300218903,129871.11418898118,289.89881502000253,130161.01300400119,4678,11,1270.4883720930231,37,6,15,36.45385111876075,0.617117117117117,45.175438596491226,1019.2982456140348,27.54860123281175,0
4684,4,1,1,43,0.022727272727272728,0.022727272727272728,0.9772727272727273,44,1000,700,300,0.7,13,7,6,333.2998994661557,0.3707386363636364,0.04013628477859488,0.1897737196321247,130236.0039605037,-118.47059461803485,130117.53336588567,4679,0,1242.590909090909,39,5,16,36.312485117529,0.6172542735042734,44.81770833333334,1020.7291666666684,26.172542735042782,0
4685,4,1,1,43,0.022727272727272728,0.022727272727272728,0.9772727272727273,44,1050,800,250,0.7619047619047619,13,8,5,323.8820384628283,0.3799220401691332,0.039826597095431904,0.18567848715849725,130501.95448133702,-346.54947916664145,130155.40500217037,4680,0,1212.2954545454545,39,5,14,36.28396115812009,0.6199252136752136,44.55729166666668,1021.7708333333351,26.199252136752182,0
4686,4,0,1,42,0.0,0.023255813953488372,0.9767441860465116,43,950,600,350,0.631578947368421,13,6,7,333.1664184745087,0.37359265411591,0.03789223817144416,0.19076271218282956,130453.51765103375,92.546250639209,130546.06390167295,4681,2,1241.4883720930231,38,5,17,36.09578714355434,0.6211622807017543,44.60470085470086,1021.5811965811972,26.88371569950519,0
4687,4,0,0,42,0.0,0.0,1.0,42,950,600,350,0.631578947368421,13,6,7,337.08781840030406,0.37215689121176926,0.04586853524279699,0.19303301807225762,130458.54403518378,395.1972001000122,130853.74123528379,4682,3,1269.642857142857,37,5,17,35.990550427533876,0.6230292792792793,44.599780701754376,1021.6008771929814,27.610834518729227,0
4688,4,0,1,41,0.0,0.023809523809523808,0.9761904761904762,42,650,400,250,0.6153846153846154,9,4,5,337.69179760172403,0.37179394115369724,0.05248313917841774,0.19379849468276275,130542.57079101253,416.6310787934624,130959.201869806,4683,4,1270.642857142857,37,5,14,35.89011087267525,0.6238738738738739,44.517543859649116,1021.9298245614028,27.61972498814602,0
4689,4,0,0,41,0.0,0.0,1.0,41,950,900,50,0.9473684210526315,10,9,1,340.7375027510265,0.36791158536585367,0.07387757844520593,0.19558461970054153,130550.14209733362,696.6658804074098,131246.80797774103,4684,5,1302.1951219512196,36,5,15,35.80463728191,0.6258680555555557,44.51013513513512,1021.9594594594579,28.38776276276272,0
4690,4,0,0,41,0.0,0.0,1.0,41,1300,1000,300,0.7692307692307693,16,10,6,337.54963236810494,0.36765752032520327,0.07554880010883114,0.19413789158345723,130626.62459843411,618.5938221375739,131245.21842057168,4685,6,1303.1951219512196,37,4,15,35.808730201294274,0.6247184684684686,44.435307017543856,1022.2587719298243,27.62861545756282,0
4691,4,0,0,41,0.0,0.0,1.0,41,950,700,250,0.7368421052631579,12,7,5,335.13218068562804,0.3673526422764228,0.07267126386284795,0.1933072262990012,130738.73842191815,562.951701485059,131301.6901234032,4686,7,1304.1951219512196,37,4,16,35.75718791322685,0.6258445945945947,44.325657894736835,1022.6973684210516,27.640469416785177,0
4692,4,0,0,41,0.0,0.0,1.0,41,1050,800,250,0.7619047619047619,13,8,5,335.4670765512261,0.3677337398373984,0.0761770318667816,0.19392241785767864,130822.85534972267,577.3521660510567,131400.2075157737,4687,8,1305.1951219512196,37,4,16,35.663629867809924,0.6266891891891893,44.24342105263156,1023.026315789471,27.64935988620192,0
4693,4,0,0,41,0.0,0.0,1.0,41,750,400,350,0.5333333333333333,11,4,7,318.6944049784912,0.36783536585365856,-0.0804471048373484,0.1851139841683579,131008.00781250026,150.30381944447436,131158.31163194473,4688,9,1306.1951219512196,39,2,20,35.90591507258175,0.6249999999999998,44.062500000000014,1023.750000000002,26.250000000000053,7
4694,4,0,0,41,0.0,0.0,1.0,41,850,500,350,0.5882352941176471,12,5,7,318.79659951286504,0.3671239837398374,-0.07115185245812183,0.18594577459131204,131168.0175781253,163.18359375002993,131331.20117187532,4689,10,1307.1951219512196,39,2,20,35.742068334350215,0.6266025641025641,43.906250000000014,1024.3750000000023,26.2660256410257,0
4695,4,1,2,40,0.023809523809523808,0.047619047619047616,0.9523809523809523,42,700,500,200,0.7142857142857143,9,5,4,313.9603118590568,0.37175764614789003,-0.0706245812551175,0.1840225529803086,131355.50356353648,-151.72171485772157,131203.78184867874,4690,0,1277.047619047619,38,4,20,35.67721903769324,0.6302083333333333,43.7232905982906,1025.106837606838,26.976495726495738,0
4696,4,0,1,39,0.0,0.025,0.975,40,800,500,300,0.625,11,5,6,323.03212073169584,0.3657719017094017,-0.05740825454915133,0.1888096834009326,131248.0590820314,479.46777343751444,131727.5268554689,4691,12,1336.775,39,1,20,35.552950594693506,0.627403846153846,43.82812500000001,1024.6875000000011,26.274038461538492,0
4697,4,0,0,39,0.0,0.0,1.0,39,1000,700,300,0.7,13,7,6,334.1842666631195,0.3590868196131354,0.00757551844954385,0.18383906497923727,128883.87586805537,814.1927083333087,129698.06857638869,4692,25,1371.7435897435898,39,0,19,37.66242648064559,0.6036324786324787,46.14583333333332,1015.4166666666652,26.036324786324748,6
4698,4,1,1,39,0.025,0.025,0.975,40,850,600,250,0.7058823529411765,11,6,5,331.6262043644248,0.36625267094017094,0.02126575145989129,0.18402520641279949,129227.86593966985,571.4599609374661,129799.32590060732,4693,0,1338.425,39,1,21,37.377595362497,0.607104700854701,45.80729166666665,1016.770833333331,26.071047008546948,0
4699,4,1,0,40,0.025,0.0,1.0,40,1050,700,350,0.6666666666666666,14,7,7,332.8185203495037,0.372769764957265,0.02331098372402529,0.185682702758098,129439.78000216991,615.991210937476,130055.77121310738,4694,0,1256.7,39,1,18,37.132020507046114,0.6092414529914532,45.59895833333332,1017.6041666666648,26.092414529914482,0
4700,4,0,0,40,0.0,0.0,1.0,40,1050,800,250,0.7619047619047619,13,8,5,334.3293233711721,0.37251602564102565,0.027148557397176143,0.1871554872067487,129572.31445312488,663.9648437499854,130236.27929687487,4695,1,1257.7,39,1,18,36.95902394106813,0.6105769230769231,45.46874999999999,1018.1249999999991,26.10576923076921,0
4701,4,1,0,41,0.024390243902439025,0.0,1.0,41,1050,800,250,0.7619047619047619,13,8,5,327.8780498564338,0.3756859756097561,0.030530972375233834,0.18483917717876155,129847.94439693601,314.8581573467827,130162.8025542828,4696,0,1228.0,40,1,19,36.84377804367334,0.6117187500000001,45.1981707317073,1019.207317073168,25.4801829268292,0
4702,4,1,0,42,0.023809523809523808,0.0,1.0,42,850,700,150,0.8235294117647058,10,7,3,323.26274526890285,0.37983933410762677,0.03503361671389693,0.18346766403672105,130110.72137188165,11.989795918321306,130122.71116779996,4697,0,1199.7380952380952,41,1,20,36.69535200311164,0.6128048780487807,44.94047619047617,1020.2380952380918,24.883855981416872,0
4703,4,0,0,42,0.0,0.0,1.0,42,1500,1100,400,0.7333333333333333,19,11,8,324.184105158334,0.379875629113434,0.030586454470969526,0.18434946875421668,130186.64301658148,40.888073979581236,130227.53109056107,4698,1,1200.7380952380952,41,1,20,36.595034995625575,0.6135670731707317,44.86607142857142,1020.5357142857131,24.89111498257837,0
4704,4,1,1,42,0.023255813953488372,0.023255813953488372,0.9767441860465116,43,1200,800,400,0.6666666666666666,16,8,8,316.1983695746095,0.3847591362126246,0.024656707996284055,0.18104723412409648,130453.51765103343,-350.0735055966493,130103.44414543678,4699,0,1173.7906976744187,38,5,20,36.52914313602457,0.6211622807017545,44.604700854700845,1021.5811965811946,26.88371569950512,0
4705,4,0,1,41,0.0,0.023809523809523808,0.9761904761904762,42,750,500,250,0.6666666666666666,10,5,5,307.04111797903755,0.3800087108013937,0.009367681498828384,0.17026825633383005,129201.388888889,-465.97222222221524,128735.41666666679,4700,3,1202.7380952380952,39,3,22,38.02937158469945,0.6068376068376069,45.833333333333336,1016.6666666666677,26.068376068376093,4
4706,4,0,1,40,0.0,0.024390243902439025,0.975609756097561,41,450,200,250,0.4444444444444444,7,2,5,312.73781372500054,0.37538109756097565,0.016880168801687745,0.1729631582030106,129095.50781250004,-125.39062499999804,128970.11718750004,4701,5,1233.0,39,2,22,37.9920049200492,0.6057692307692308,45.9375,1016.2500000000003,26.057692307692317,0
4707,4,1,0,41,0.024390243902439025,0.0,1.0,41,850,500,350,0.5882352941176471,12,5,7,314.42385777840565,0.3758130081300813,0.04409715105554435,0.17484317325060864,129310.02995105548,-68.32490389182203,129241.70504716365,4702,0,1233.8536585365853,38,3,23,37.73153011204482,0.6096491228070176,45.72649572649572,1017.0940170940162,26.7656320287899,0
4708,4,0,0,41,0.0,0.0,1.0,41,1050,800,250,0.7619047619047619,13,8,5,313.703370649369,0.3755843495934959,0.05150244601657672,0.17478270514160787,129386.78521050341,-82.18587239583599,129304.59933810757,4703,1,1234.8536585365853,39,2,24,37.67202911163443,0.608707264957265,45.651041666666664,1017.3958333333328,26.087072649572637,0
4709,4,1,1,41,0.023809523809523808,0.023809523809523808,0.9761904761904762,42,750,400,350,0.5333333333333333,11,4,7,304.9169126816229,0.381508904374758,0.05667236954662114,0.17087625643567467,129614.99851279006,-495.6389632493807,129119.35954954068,4704,0,1206.4285714285713,40,2,16,37.6644627411843,0.609375,45.426829268292686,1018.2926829268297,25.457317073170742,0
4710,4,0,0,41,0.0,0.0,1.0,41,1300,900,400,0.6923076923076923,17,9,8,313.00330951001854,0.3755081300813008,0.061785622461689504,0.1748630838892163,129492.7856445313,-93.66590711805327,129399.11973741325,4705,3,1236.8536585365853,39,2,16,37.582407975983344,0.609775641025641,45.546875,1017.8125000000003,26.09775641025642,0
4711,4,1,0,42,0.023809523809523808,0.0,1.0,42,850,600,250,0.7058823529411765,11,6,5,312.8364178223564,0.3814605110336818,0.07254438319350065,0.17635955223948355,129847.94439693633,-275.7668426531866,129572.17755428315,4706,0,1208.3809523809523,40,2,18,37.22704157941967,0.6117187500000001,45.198170731707314,1019.2073170731705,25.480182926829265,0
4712,4,1,0,43,0.023255813953488372,0.0,1.0,43,1100,600,500,0.5454545454545454,16,6,10,307.8056482698264,0.38727390180878557,0.0751005337508528,0.17493261100537186,130163.68762581873,-586.9763498287413,129576.71127598999,4707,0,1181.2558139534883,42,1,19,37.03609185579085,0.6118551587301587,44.888565891472865,1020.4457364341082,24.296327057954958,0
4713,4,1,1,43,0.022727272727272728,0.022727272727272728,0.9772727272727273,44,950,700,250,0.7368421052631579,12,7,5,302.842008861167,0.39227669133192394,0.07744007236544603,0.17312640438309027,130392.29811124328,-902.234226476173,129490.0638847671,4708,0,1155.3863636363637,40,4,19,36.93200663349918,0.6171875,44.66463414634146,1021.3414634146338,25.533536585365844,0
4714,4,0,0,43,0.0,0.0,1.0,43,900,600,300,0.6666666666666666,12,6,6,310.09487536805403,0.3865586932447398,0.07748141504307848,0.17680278496115767,130289.17236328138,-519.5990668402615,129769.57329644111,4709,2,1183.2558139534883,39,4,20,36.8509378294732,0.6177884615384615,44.76562500000001,1020.937500000001,26.17788461538464,0
4715,4,0,0,43,0.0,0.0,1.0,43,800,600,200,0.75,10,6,4,314.23310391491793,0.38623569582871914,0.09086488858318575,0.17965338681549703,130395.54172092034,-405.0808376735904,129990.46088324675,4710,3,1184.2558139534883,39,4,20,36.637876083630786,0.6188568376068375,44.66145833333334,1021.3541666666683,26.188568376068417,0
4716,4,1,0,44,0.022727272727272728,0.0,1.0,44,1150,900,250,0.782608695652174,14,9,5,307.6444575751371,0.3919463530655391,0.10514340141813894,0.1773601268839216,130718.71456916118,-757.0223922902335,129961.69217687094,4711,0,1158.3181818181818,41,3,15,36.480161039968934,0.6189024390243901,44.3452380952381,1022.6190476190491,24.941927990708514,0
4717,4,0,0,44,0.0,0.0,1.0,44,650,300,350,0.46153846153846156,10,3,7,309.30244035435,0.39108747357293866,0.10622223005853737,0.17878513256356837,130820.18455530374,-707.3995338876107,130112.78502141613,4712,1,1159.3181818181818,41,3,15,36.33549909490561,0.6199186991869918,44.246031746031754,1023.0158730158741,24.951606658923758,0
4718,4,0,1,43,0.0,0.022727272727272728,0.9772727272727273,44,1000,600,400,0.6,14,6,8,311.159977513971,0.39170410500352365,0.11322217913920185,0.18033293977719794,130921.6939090451,-652.4817334341078,130269.212175611,4713,2,1160.3181818181818,41,3,15,36.185698591185215,0.6209349593495934,44.1468253968254,1023.4126984126984,24.961285327138985,0
4719,4,1,0,44,0.022727272727272728,0.0,1.0,44,700,300,400,0.42857142857142855,11,3,8,314.2583481194726,0.3911865750528541,0.1329489313360286,0.18297173872742906,131099.43000637766,-560.1819373582628,130539.24806901939,4714,0,1161.159090909091,41,3,17,35.92735881042334,0.6227134146341463,43.97321428571429,1024.1071428571436,24.978222996515697,0
4720,4,0,0,44,0.0,0.0,1.0,44,1150,900,250,0.782608695652174,14,9,5,314.9485414425433,0.39084522551092316,0.14121364692627236,0.18398125203725063,131226.45817586308,-534.0836797681901,130692.3744960949,4715,1,1162.159090909091,41,3,17,35.7817744642396,0.6239837398373983,43.849206349206355,1024.6031746031758,24.990321331784777,0
4721,4,0,0,44,0.0,0.0,1.0,44,1000,600,400,0.6,14,6,8,317.27146539758064,0.3906139887244538,0.14708056171470796,0.18583042973286878,131328.12500000015,-466.6666666666513,130861.45833333349,4716,2,1163.159090909091,42,2,18,35.619918699187004,0.6235119047619047,43.75000000000001,1025.0000000000011,24.404761904761934,0
4722,4,0,0,44,0.0,0.0,1.0,44,950,600,350,0.631578947368421,13,6,7,318.54573966680937,0.39096634954193094,0.14928670891471763,0.18697758187048125,131410.26925131484,-427.96371630507514,130982.30553500976,4717,3,1164.159090909091,38,6,19,35.50458476607272,0.6307565789473685,43.66987179487179,1025.320512820512,26.982118758434527,0
4723,4,0,0,44,0.0,0.0,1.0,44,900,600,300,0.6666666666666666,12,6,6,319.7911205482141,0.39085623678646936,0.1485405676727687,0.18797764642635081,131465.0463533677,-391.7291027467235,131073.31725062098,4718,4,1165.159090909091,38,6,20,35.41753481265411,0.6313048245614035,43.616452991452995,1025.5341880341884,26.98774179037338,0
4724,4,0,0,44,0.0,0.0,1.0,44,1200,700,500,0.5833333333333334,17,7,10,320.6191706224802,0.3906800563777308,0.1524095384870945,0.1892402306651919,131621.90890842018,-359.8985460069336,131262.01036241325,4719,5,1166.159090909091,39,5,18,35.23849101614051,0.6311431623931624,43.46354166666667,1026.1458333333337,26.311431623931632,0
4725,4,0,0,44,0.0,0.0,1.0,44,1050,800,250,0.7619047619047619,13,8,5,317.69304708378064,0.39037174066243835,0.1474056085929334,0.18844932552230467,131811.58002842357,-424.87549996848855,131386.7045284551,4720,6,1167.159090909091,41,3,18,35.12291485524749,0.6298272357723576,43.27876984126985,1026.884920634922,25.04597367402249,0
4726,4,0,0,44,0.0,0.0,1.0,44,1100,600,500,0.5454545454545454,16,6,10,314.52155337470373,0.3902726391825229,0.1440037564289347,0.18744615937026382,131989.91894211402,-497.2651329050027,131492.653809209,4721,7,1168.159090909091,41,3,19,35.02526227714487,0.6316056910569106,43.105158730158735,1027.5793650793662,25.062911343399175,0
4727,4,0,0,44,0.0,0.0,1.0,44,1000,800,200,0.8,12,8,4,315.9841103331744,0.3905919661733615,0.14971207979502799,0.18886058740983933,132098.99612590895,-451.76324664983866,131647.2328792591,4722,8,1169.159090909091,42,2,19,34.87820875357399,0.6312003968253967,42.99903100775194,1028.0038759689926,24.47628276116649,0
4728,4,0,0,44,0.0,0.0,1.0,44,1150,900,250,0.782608695652174,14,9,5,316.4556535215216,0.3915059020436928,0.1488490785777894,0.19001658471631658,132273.37599903866,-428.26847094524675,131845.10752809342,4723,9,1170.159090909091,42,2,20,34.691150150715885,0.6329365079365079,42.82945736434109,1028.6821705426366,24.49243263196754,0
4729,4,1,1,44,0.022222222222222223,0.022222222222222223,0.9777777777777777,45,1500,1000,500,0.6666666666666666,20,10,10,313.03466253992445,0.39375,0.15492840383308115,0.18950377958062078,132581.09941998802,-699.3280044077339,131881.7714155803,4724,0,1145.1333333333334,40,5,21,34.47079961844615,0.6390625000000001,42.53048780487804,1029.878048780487,25.746951219512177,0
4730,4,0,0,44,0.0,0.0,1.0,44,1050,700,350,0.6666666666666666,14,7,7,319.89272690569766,0.3897330866807611,0.1566307996505263,0.19340303397326125,132532.04345703128,-320.7926432291662,132211.25081380212,4725,11,1172.159090909091,39,5,21,34.34338644410722,0.640224358974359,42.578125,1029.6875000000002,26.402243589743595,0
4731,4,1,0,45,0.022222222222222223,0.0,1.0,45,1400,1100,300,0.7857142857142857,17,11,6,321.73797488315705,0.39335016835016834,0.1780500927847497,0.19275704960584208,132188.90587819775,-493.96182414566135,131694.9440540521,4726,0,1147.088888888889,40,5,17,34.640074776822466,0.6351562499999999,42.91158536585367,1028.3536585365873,25.708841463414682,1
4732,4,0,0,45,0.0,0.0,1.0,45,1200,800,400,0.6666666666666666,16,8,8,321.10016554934487,0.3923400673400674,0.17831758884390436,0.19344327046509338,132398.00347222242,-497.2305877784204,131900.772884444,4727,1,1148.088888888889,39,6,17,34.44669365721998,0.6388888888888888,42.70833333333334,1029.1666666666683,26.388888888888932,0
4733,4,0,0,45,0.0,0.0,1.0,45,1000,500,500,0.5,15,5,10,324.1500830619395,0.3925505050505051,0.1834654077446185,0.1959769768236865,132532.04345703142,-407.9454210069308,132124.0980360245,4728,2,1149.088888888889,39,6,18,34.23379278367896,0.6402243589743589,42.57812500000001,1029.6875000000014,26.402243589743623,0
4734,4,0,0,45,0.0,0.0,1.0,45,1650,1500,150,0.9090909090909091,18,15,3,334.66113752061784,0.39227693602693603,0.15710152609377404,0.19286141842683033,130703.86860499704,-251.69893086125964,130452.16967413579,4729,3,1150.088888888889,40,5,17,35.804470615517126,0.6203125,44.359756097560975,1022.5609756097563,25.564024390243908,4
4735,4,0,0,45,0.0,0.0,1.0,45,1800,1400,400,0.7777777777777778,22,14,8,338.6758952201552,0.39139309764309765,0.16065658523975745,0.19627980534219783,130921.69390904512,-131.99562232299837,130789.69828672212,4730,4,1151.088888888889,41,4,18,35.481695101460524,0.6209349593495934,44.1468253968254,1023.4126984126985,24.961285327138988,0
4736,4,0,1,44,0.0,0.022222222222222223,0.9777777777777777,45,1100,900,200,0.8181818181818182,13,9,4,337.15004018387725,0.39158249158249153,0.15757340827599609,0.19578228838815015,130997.85175933792,-166.81380306752808,130831.03795627039,4731,5,1152.088888888889,41,4,18,35.443821268210755,0.6216971544715446,44.07242063492063,1023.7103174603169,24.96854432830041,0
4737,4,0,0,44,0.0,0.0,1.0,44,1300,1000,300,0.7692307692307693,16,10,6,343.30644243959426,0.3876079105003523,0.16611377402262106,0.19904658502067682,130937.79047070212,190.35740547956027,131128.14787618167,4732,18,1179.159090909091,40,4,19,35.346953298249105,0.6226562499999999,44.13109756097562,1023.4756097560988,25.58689024390247,0
4738,4,0,0,44,0.0,0.0,1.0,44,1400,1100,300,0.7857142857142857,17,11,6,345.921814467323,0.38766296687808316,0.17066435648925204,0.20096980155385336,131015.81090124954,264.24540617360225,131280.05630742313,4733,19,1180.159090909091,40,4,19,35.20117794983787,0.6234374999999999,44.0548780487805,1023.7804878048803,25.594512195122007,0
4739,4,0,0,44,0.0,0.0,1.0,44,1350,600,750,0.4444444444444444,21,6,15,345.12028274295113,0.38769600070472165,0.17279720279720268,0.20063974891143893,131041.82287535546,245.03819237889218,131286.86106773434,4734,20,1181.159090909091,40,4,19,35.195409429280396,0.6236979166666665,44.029471544715456,1023.8821138211396,25.597052845528488,0
4740,4,0,0,44,0.0,0.0,1.0,44,1000,600,400,0.6,14,6,8,350.43928832842573,0.3869472339675828,0.1781810064129734,0.20428441799087396,131145.8965913976,391.734933736564,131537.63152513417,4735,21,1182.159090909091,40,4,20,34.9540711710818,0.6247395833333332,43.9278455284553,1024.2886178861813,25.607215447154534,0
4741,4,0,0,44,0.0,0.0,1.0,44,1800,1400,400,0.7777777777777778,22,14,8,353.9559785841758,0.38645172656800564,0.1851441241685139,0.20731707317073172,131328.12500000015,496.87500000001455,131825.00000000017,4736,22,1183.159090909091,40,4,20,34.679878048780495,0.6265624999999999,43.75000000000001,1025.0000000000011,25.62500000000003,0
4742,4,1,1,44,0.022222222222222223,0.022222222222222223,0.9777777777777777,45,900,600,300,0.6666666666666666,12,6,6,346.29584736545553,0.38878367003367004,0.1782655350697493,0.20436837831567545,131616.85333982625,115.67395097799789,131732.52729080425,4737,0,1157.8444444444444,36,9,16,34.5848880597015,0.6365740740740742,43.468468468468465,1026.1261261261257,28.50350350350349,0
4743,4,1,0,45,0.022222222222222223,0.0,1.0,45,1600,1300,300,0.8125,19,13,6,338.01504220806777,0.38933080808080806,0.15021676459584876,0.1996067775565541,131640.81090124958,-68.34389765725336,131572.46700359232,4738,0,1158.8222222222223,40,5,18,34.77318115798508,0.6296874999999998,43.44512195121953,1026.2195121951245,25.655487804878113,3
4744,4,0,0,45,0.0,0.0,1.0,45,1050,800,250,0.7619047619047619,13,8,5,338.46521470135025,0.3892255892255892,0.15403595579745932,0.20083329386712576,131823.38271077102,-76.47409362810492,131746.9086171429,4739,1,1159.8222222222223,40,5,19,34.57776678212106,0.6315104166666665,43.26727642276424,1026.9308943089454,25.673272357723636,0
4745,4,0,1,44,0.0,0.022222222222222223,0.9777777777777777,45,1250,900,350,0.72,16,9,7,337.41151977114237,0.3888257575757576,0.15462358500934115,0.20089696495207612,131953.8686049972,-95.44893086124421,131858.41967413595,4740,2,1160.8222222222223,40,5,20,34.47349983514671,0.6328125,43.14024390243903,1027.4390243902453,25.685975609756134,0
4746,4,0,0,44,0.0,0.0,1.0,44,1350,1000,350,0.7407407407407407,17,10,7,341.7179233685171,0.3844146405919662,0.1557730590577302,0.2035450239195081,131969.53125000006,219.2708333333337,132188.8020833334,4741,3,1187.4318181818182,39,5,21,34.34712084347119,0.6346153846153846,43.125,1027.5000000000005,26.346153846153857,0
4747,4,0,0,44,0.0,0.0,1.0,44,1300,1000,300,0.7692307692307693,16,10,6,342.59969266112955,0.38375396405919665,0.15595928893801214,0.2049369070645666,132130.12695312503,253.54817708333425,132383.67513020837,4742,4,1188.4318181818182,39,5,22,34.1628672745694,0.6362179487179487,42.96875,1028.1250000000002,26.362179487179493,0
4748,4,0,0,44,0.0,0.0,1.0,44,800,600,200,0.75,10,6,4,342.26954170492337,0.3836989076814658,0.16019585094334388,0.2051746924865033,132210.46142578128,250.32280815972274,132460.784233941,4743,5,1189.4318181818182,39,5,23,34.090554205071065,0.6370192307692308,42.890625,1028.4375000000002,26.370192307692314,0
4749,4,0,0,44,0.0,0.0,1.0,44,1350,800,550,0.5925925925925926,19,8,11,343.6290019058593,0.38304924242424243,0.169030352113972,0.20672151527564414,132344.40646701376,295.475260416648,132639.88172743042,4744,6,1190.4318181818182,39,5,23,33.92091853951541,0.6383547008547009,42.76041666666666,1028.9583333333321,26.383547008546977,0
4750,4,0,0,44,0.0,0.0,1.0,44,1400,1000,400,0.7142857142857143,18,10,8,338.21056160014405,0.38311531007751937,0.1613946105002324,0.20466969037039617,132567.32840874093,167.15581957907455,132734.48422832,4745,7,1191.4318181818182,37,7,23,33.83642106757524,0.6441441441441442,42.543859649122794,1029.824561403507,27.83309625414884,0
4751,4,0,0,44,0.0,0.0,1.0,44,1450,1100,350,0.7586206896551724,18,11,7,336.6479925070881,0.3835117159971811,0.14880825707597345,0.2046453967387846,132736.76155163103,137.11286164971028,132873.87441328075,4746,8,1192.4318181818182,37,7,18,33.706639710576695,0.6458333333333335,42.37938596491227,1030.482456140349,27.85087719298241,0
4752,4,0,0,44,0.0,0.0,1.0,44,1200,800,400,0.6666666666666666,16,8,8,339.7879426686725,0.3835337385482734,0.1520614569433969,0.2071780957828051,132849.77709487517,228.1504886118596,133077.92758348704,4747,9,1193.4318181818182,37,7,18,33.5123732539176,0.6469594594594594,42.26973684210525,1030.9210526315776,27.8627311522048,0
4753,4,1,0,45,0.022222222222222223,0.0,1.0,45,700,500,200,0.7142857142857143,9,5,4,330.36341190540526,0.38440656565656567,0.15875776397515562,0.20300957754492438,133141.23109796172,-203.00172583827475,132938.22937212343,4748,0,1167.888888888889,38,7,19,33.46337991718428,0.6480263157894738,41.98717948717948,1032.0512820512809,27.15924426450739,0
4754,4,0,1,44,0.0,0.022222222222222223,0.9777777777777777,45,1050,600,450,0.5714285714285714,15,6,9,330.18123953743327,0.3845749158249158,0.16031647461993148,0.20319816155482046,133196.36774965297,-204.21163890715627,132992.15611074583,4749,1,1168.888888888889,38,7,19,33.4128976057407,0.6485745614035088,41.93376068376068,1032.264957264957,27.16486729644624,0
4755,4,0,0,44,0.0,0.0,1.0,44,600,400,200,0.6666666666666666,8,4,4,336.14769703414026,0.3829721634954193,0.15884620090542012,0.2064113544598066,133113.66705246907,149.17052469135217,133262.83757716042,4750,2,1192.4545454545455,38,6,19,33.34174517720951,0.6477521929824561,42.013888888888886,1031.9444444444441,27.156432748538002,0
4756,4,0,1,43,0.0,0.022727272727272728,0.9772727272727273,44,1250,1100,150,0.88,14,11,3,335.7303912877342,0.38263081395348836,0.16110927623189197,0.2065023244736287,133176.37939453125,142.27159288194503,133318.6509874132,4751,3,1193.4545454545455,39,5,21,33.289707168567304,0.6466346153846154,41.953125,1032.1875,26.466346153846153,0
4757,4,0,0,43,0.0,0.0,1.0,43,850,500,350,0.5882352941176471,12,5,7,332.57069145815933,0.3823366555924696,0.14800073155706084,0.2049721404497229,133251.51581561845,263.10975052962334,133514.62556614808,4752,4,1188.3953488372092,38,5,21,33.29603856236202,0.6491228070175439,41.88034188034188,1032.478632478633,27.17049032838508,0
4758,4,0,0,43,0.0,0.0,1.0,43,2100,1900,200,0.9047619047619048,23,19,4,324.26006344735026,0.382844222960502,0.11198413266199747,0.20150294120752632,133557.21381819417,61.63675369555867,133618.85057188972,4753,5,1189.3953488372092,37,6,23,33.20504490647431,0.6539977477477477,41.58442982456141,1033.6622807017554,27.93681839734474,2
4759,4,1,0,44,0.022727272727272728,0.0,1.0,44,1100,800,300,0.7272727272727273,14,8,6,325.8642342520984,0.38699127906976744,-0.008869179600886845,0.19086333720480073,131328.12500000015,-240.9722222222075,131087.15277777793,4754,0,1163.340909090909,40,4,20,35.39972899728997,0.6265624999999999,43.75000000000001,1025.0000000000011,25.62500000000003,8
4760,4,1,1,44,0.022222222222222223,0.022222222222222223,0.9777777777777777,45,1250,800,450,0.64,17,8,9,322.51261015157,0.3888888888888889,-0.006695057938001625,0.1903220236528585,131614.7395420222,-510.5173631766545,131104.22217884555,4755,0,1138.4666666666667,40,5,14,35.19712951041564,0.6294270833333332,43.470528455284565,1026.117886178864,25.652947154471597,0
4761,4,0,0,44,0.0,0.0,1.0,44,850,400,450,0.47058823529411764,13,4,9,327.6525684034066,0.3871894820295983,-0.01022692652122914,0.19285085720671535,131515.04041883696,-181.75184461803553,131333.28857421892,4756,2,1165.340909090909,39,5,21,35.16563843471785,0.6300747863247863,43.56770833333334,1025.729166666668,26.3007478632479,0
4762,4,0,0,44,0.0,0.0,1.0,44,1000,600,400,0.6,14,6,8,328.9586034002957,0.3871894820295983,0.0048581192852334976,0.18218405045458244,129149.73416121356,-303.01676416154646,128846.71739705202,4757,3,1166.340909090909,40,4,18,37.524786709324786,0.6046875,45.88414634146341,1016.4634146341463,25.411585365853657,5
4763,4,0,0,44,0.0,0.0,1.0,44,1700,1400,300,0.8235294117647058,20,14,6,332.24227695052855,0.38688116631430586,0.0010028844868097408,0.18449719906739365,129255.70371283496,-211.1374822266149,129044.56623060835,4758,4,1167.340909090909,38,6,18,37.3336485256006,0.6091008771929824,45.77991452991452,1016.8803418803406,26.760008996851067,0
4764,4,1,1,44,0.022222222222222223,0.022222222222222223,0.9777777777777777,45,1050,600,450,0.5714285714285714,15,6,9,330.98685585784307,0.39006734006734006,0.020767644515399475,0.18573069817510102,129666.74619108994,-416.40227377883673,129250.34391731111,4759,0,1142.3777777777777,40,5,17,36.948297079757864,0.6098958333333333,45.3760162601626,1018.4959349593495,25.46239837398374,0
4765,4,0,0,44,0.0,0.0,1.0,44,1150,900,250,0.782608695652174,14,9,5,336.0789721440809,0.3872775722339676,0.025153126190852637,0.18902751158949124,129757.97661675338,-78.2145182291768,129679.76209852421,4760,1,1168.8636363636363,39,5,17,36.726071805882135,0.6124465811965812,45.28645833333333,1018.8541666666658,26.12446581196579,0
4766,4,0,0,44,0.0,0.0,1.0,44,1550,1100,450,0.7096774193548387,20,11,9,332.21548793340696,0.38714543692741366,0.019467584208620048,0.18787160088851065,129970.32470703125,-164.36903211805617,129805.95567491319,4761,2,1169.8636363636363,39,5,17,36.609225491197606,0.6145833333333334,45.078125,1019.6875,26.145833333333332,0
4767,4,0,0,44,0.0,0.0,1.0,44,1100,700,400,0.6363636363636364,15,7,8,333.7534842160944,0.38681509866102887,0.02173398438587859,0.1892558118661387,130076.56385633699,-117.29871961803605,129959.26513671895,4762,3,1170.8636363636363,39,5,19,36.46237533612445,0.6156517094017093,44.97395833333334,1020.1041666666681,26.15651709401713,0
4768,4,0,0,44,0.0,0.0,1.0,44,950,600,350,0.631578947368421,13,6,7,335.06563707722444,0.3866279069767442,0.01934927057426039,0.190388803991212,130156.27170138907,-77.82118055553713,130078.45052083353,4763,4,1171.8636363636363,39,5,19,36.348169320811216,0.6164529914529915,44.89583333333334,1020.4166666666681,26.16452991452995,0
4769,4,1,1,44,0.022222222222222223,0.022222222222222223,0.9777777777777777,45,1450,1000,450,0.6896551724137931,19,10,9,327.6545669956184,0.3890151515151515,0.01895789101203116,0.1870609709756804,130340.40584308287,-458.67415229029757,129881.73169079257,4764,0,1146.8,40,5,19,36.35093219214438,0.6166666666666667,44.71544715447155,1021.1382113821143,25.528455284552855,0
4770,4,0,0,44,0.0,0.0,1.0,44,950,700,250,0.7368421052631579,12,7,5,339.1541512236636,0.3873216173361522,0.011997718694648496,0.19363588494150155,130342.35161675383,41.229926215316425,130383.58154296914,4765,6,1173.8636363636363,39,5,19,36.05539545717297,0.6183226495726495,44.713541666666686,1021.1458333333362,26.18322649572657,0
4771,4,1,1,44,0.022222222222222223,0.022222222222222223,0.9777777777777777,45,1350,1100,250,0.8148148148148148,16,11,5,332.7344867653864,0.3905513468013468,0.007003822275247984,0.1912367695935007,130599.97046235735,-308.9771713265627,130290.99329103078,4766,0,1148.7555555555555,40,5,17,35.958731026711746,0.6192708333333332,44.46138211382115,1022.1544715447177,25.553861788617944,0
4772,4,0,0,44,0.0,0.0,1.0,44,1050,600,450,0.5714285714285714,15,6,9,338.15792618362474,0.3865177942212826,0.010958205912333874,0.1939958629158696,130528.56445312545,27.853732638932854,130556.41818576439,4767,8,1175.8636363636363,39,5,18,35.89237172952769,0.6201923076923075,44.53125000000002,1021.8750000000036,26.20192307692317,0
4773,4,0,0,44,0.0,0.0,1.0,44,1050,700,350,0.6666666666666666,14,7,7,337.2399580730519,0.38615442212825934,0.011936738757930776,0.19413549492592455,130661.65500217052,12.866210937539336,130674.52121310806,4768,9,1176.8636363636363,39,5,18,35.78122346748175,0.6215277777777776,44.401041666666686,1022.3958333333363,26.215277777777853,0
4774,4,1,1,44,0.022222222222222223,0.022222222222222223,0.9777777777777777,45,1100,900,200,0.8181818181818182,13,9,4,328.27720285951494,0.39036195286195285,0.018272274988692994,0.19050417205312042,130972.4633487657,-400.9452160493546,130571.51813271634,4769,0,1151.6888888888889,41,4,18,35.696517412935336,0.6214430894308942,44.097222222222236,1023.6111111111132,24.966124661246663,0
4775,4,0,0,44,0.0,0.0,1.0,44,1150,1000,150,0.8695652173913043,13,10,3,337.89006681677415,0.3859782417195208,0.009901436926853968,0.1960385226370137,130963.79469892295,50.27306827949971,131014.06776720245,4770,11,1178.8636363636363,40,4,18,35.45927654222929,0.6229166666666666,44.10569105691059,1023.5772357723606,25.589430894309015,0
4776,4,0,1,43,0.0,0.022727272727272728,0.9772727272727273,44,1100,1000,100,0.9090909090909091,12,10,2,338.52507644219224,0.3843816067653277,0.02426963353146494,0.19733916977795601,131145.8965913975,79.23493373655043,131225.13152513406,4771,12,1179.8636363636363,40,4,18,35.25916096173562,0.6247395833333333,43.92784552845529,1024.2886178861804,25.60721544715451,0
4777,4,0,0,43,0.0,0.0,1.0,43,800,500,300,0.625,11,5,6,340.7365991104532,0.3832133628645256,0.02497411023389562,0.1991679494974322,131250.01161882828,344.33651844142173,131594.3481372697,4772,13,1200.906976744186,40,3,18,35.097441237726876,0.62578125,43.82621951219513,1024.6951219512212,25.61737804878053,0
4778,4,1,0,44,0.022727272727272728,0.0,1.0,44,600,300,300,0.5,9,3,6,331.60028805147243,0.38834566596194503,0.026470111339315316,0.1950180715043974,131484.42147531232,-79.92235524488692,131404.49912006743,4773,0,1174.590909090909,40,4,19,35.095248711851006,0.628125,43.59756097560976,1025.609756097561,25.64024390243903,0
4779,4,1,2,43,0.022222222222222223,0.044444444444444446,0.9555555555555556,45,750,400,350,0.5333333333333333,11,4,7,326.8323320289825,0.393476430976431,0.03211547135769055,0.1932232746955346,131684.26890432113,-392.2646604938111,131292.0042438273,4774,0,1149.4666666666667,41,4,16,35.016350924673,0.6285569105691056,43.402777777777786,1026.38888888889,25.033875338753415,0
4780,4,0,0,43,0.0,0.0,1.0,43,1050,600,450,0.5714285714285714,15,6,9,343.1727333414783,0.38325950535252856,0.024668263348591513,0.20184460767504162,131488.330078125,424.64192708333377,131912.97200520834,4775,16,1203.906976744186,39,4,19,34.79458663416617,0.6298076923076923,43.59375,1025.625,26.298076923076923,0
4781,4,1,0,44,0.022727272727272728,0.0,1.0,44,850,500,350,0.5882352941176471,12,5,7,335.33904338775136,0.38853285764622975,0.03253728253728272,0.1984334901733847,131719.04047070196,34.107405479540375,131753.1478761815,4776,0,1177.5227272727273,40,4,18,34.76305976305975,0.63046875,43.36890243902439,1026.5243902439024,25.663109756097562,0
4782,4,1,0,45,0.022222222222222223,0.0,1.0,45,1450,900,550,0.6206896551724138,20,9,11,353.96639282420966,0.39194023569023567,0.08514030679854567,0.19495122244826774,128930.61682178019,127.42107220115662,129058.03789398135,4777,0,1152.3333333333333,42,3,15,37.112592627929914,0.5994543650793652,46.09980620155037,1015.6007751937956,24.180970837947513,8
4783,4,1,1,45,0.021739130434782608,0.021739130434782608,0.9782608695652174,46,1200,900,300,0.75,15,9,6,350.32265757215185,0.3961352657004831,0.09453579583550198,0.19440706185915954,129229.25954380157,-143.908285158941,129085.35125864262,4778,0,1128.2608695652175,37,9,17,36.90092652503684,0.610641891891892,45.80592105263156,1016.7763157894707,27.48044096728299,0
4784,4,2,1,46,0.0425531914893617,0.02127659574468085,0.9787234042553191,47,1350,800,550,0.5925925925925926,19,8,11,324.78389287214736,0.39914816527906255,0.1209532401447504,0.18044504794564262,129275.28511094592,-1002.69392990204,128272.59118104387,4779,0,1105.1702127659576,42,5,17,37.50337462283627,0.6029265873015872,45.76065891472869,1016.9573643410857,24.21327057954966,3
4785,4,1,0,47,0.02127659574468085,0.0,1.0,47,1550,1200,350,0.7741935483870968,19,12,7,325.6242296170926,0.3984543632439099,0.13561120844177554,0.1820480325773049,129521.75842985701,-964.9154385253235,128556.8429913317,4780,0,1106.1489361702127,42,5,16,37.23187371093131,0.605406746031746,45.51841085271318,1017.9263565891475,24.236341823551133,0
4786,4,0,1,46,0.0,0.02127659574468085,0.9787234042553191,47,1300,800,500,0.6153846153846154,18,8,10,324.47235939975656,0.39822309589885907,0.14345255325221595,0.18208910676192422,129669.7550947209,-985.1497243254604,128684.60537039544,4781,1,1107.1489361702127,42,5,16,37.111121682047376,0.6068948412698413,45.373062015503876,1018.5077519379847,24.25018456995202,0
4787,4,1,2,45,0.02127659574468085,0.0425531914893617,0.9574468085106383,47,1100,700,400,0.6363636363636364,15,7,8,326.0264096471444,0.3979918285538082,0.14476016283191573,0.18353820791484862,129793.15020131003,-936.8010486148669,128856.34915269515,4782,0,1108.0851063829787,42,5,16,36.94647838214783,0.6081349206349207,45.251937984496124,1018.9922480620156,24.261720191952755,0
4788,4,1,1,45,0.021739130434782608,0.021739130434782608,0.9782608695652174,46,750,300,450,0.4,12,3,9,333.570027353644,0.39601449275362316,0.1454348037742399,0.18773138361365874,129781.98346757666,-541.724044942071,129240.2594226346,4783,0,1131.608695652174,41,5,16,36.765630578002785,0.6095020325203253,45.262896825396815,1018.9484126984112,24.852400309717346,0
4789,4,1,2,44,0.021739130434782608,0.043478260869565216,0.9565217391304348,46,1000,600,400,0.6,14,6,8,332.5077615118745,0.3950382447665057,0.14065363405126963,0.18737532825076703,129832.5314645532,-565.9351182602941,129266.5963462929,4784,0,1132.5869565217392,41,5,17,36.74143791167784,0.6100101626016261,45.21329365079364,1019.1468253968237,24.85723964382497,0
4790,4,1,1,44,0.022222222222222223,0.022222222222222223,0.9777777777777777,45,950,600,350,0.631578947368421,13,6,7,337.9058045458184,0.39252946127946126,0.1566346484085046,0.19049226047161374,129847.94439693615,-224.72517598653596,129623.21922094961,4785,0,1158.0666666666666,40,5,17,36.588269019842464,0.6117187500000001,45.19817073170731,1019.2073170731691,25.480182926829226,0
4791,4,0,0,44,0.0,0.0,1.0,44,1850,1300,550,0.7027027027027027,24,13,11,342.1600547135202,0.3879382487667371,0.15558185082422105,0.19250823280346507,129770.27253123111,80.44070989487165,129850.71324112598,4786,6,1185.3863636363637,40,4,17,36.55869738679434,0.6109375000000001,45.274390243902424,1018.9024390243878,25.472560975609696,0
4792,4,1,0,45,0.022222222222222223,0.0,1.0,45,1100,700,400,0.6363636363636364,15,7,8,339.27474882531044,0.3910353535353535,0.17103591339297375,0.19255527135317263,130110.72137188187,-171.3435374149824,129939.37783446688,4787,0,1160.0222222222221,41,4,18,36.286950602878264,0.6128048780487806,44.94047619047618,1020.2380952380935,24.883855981416914,0
4793,4,1,1,45,0.021739130434782608,0.021739130434782608,0.9782608695652174,46,1500,900,600,0.6,21,9,12,331.18981070183247,0.39520933977455713,0.16601032409132022,0.18921823450587227,130368.94531250015,-564.3610048185802,129804.58430768157,4788,0,1135.7826086956522,39,7,18,36.231810145518835,0.6185897435897435,44.68750000000001,1021.2500000000011,26.185897435897466,0
4794,4,1,1,45,0.021739130434782608,0.021739130434782608,0.9782608695652174,46,750,600,150,0.8,9,6,3,331.54677474725133,0.39522946859903385,0.16742322150507083,0.18994221768230413,130475.34722222241,-548.2638888888691,129927.08333333353,4789,0,1136.7608695652175,39,7,18,36.11507612833062,0.6196581196581196,44.58333333333334,1021.6666666666681,26.196581196581235,0
4795,4,0,0,45,0.0,0.0,1.0,45,1150,900,250,0.782608695652174,14,9,5,335.43209367196545,0.39053030303030306,0.1729675717754775,0.19219515349221128,130480.80490037624,-246.5100856527099,130234.29481472353,4790,3,1163.0222222222221,38,7,19,36.010317543309284,0.6214364035087719,44.577991452991455,1021.6880341880344,26.88652721547459,0
4796,4,0,0,45,0.0,0.0,1.0,45,1150,600,550,0.5217391304347826,17,6,11,316.11126041386717,0.39053030303030306,0.17941712204007287,0.17529806259314473,129201.38888888905,-814.8724568996818,128386.51643198937,4791,4,1164.0222222222221,39,6,15,37.79883879781423,0.6068376068376068,45.83333333333334,1016.666666666668,26.068376068376104,5
4797,4,0,1,44,0.0,0.022222222222222223,0.9777777777777777,45,1250,900,350,0.72,16,9,7,313.3310246197358,0.3899410774410774,0.1734887334887334,0.17444068723267842,129356.41503899806,-893.7243869389787,128462.69065205909,4792,5,1165.0222222222221,40,5,15,37.712287712287726,0.6067708333333333,45.680894308943095,1017.2764227642285,25.431910569105714,0
4798,4,1,0,45,0.022222222222222223,0.0,1.0,45,500,400,100,0.8,6,4,2,342.5312478655828,0.3937079124579124,0.21744719926538125,0.18020122170319805,127092.01388888896,-161.32768606648438,126930.68620282249,4793,0,1161.3111111111111,37,8,19,39.282024793388416,0.5889639639639639,47.91666666666667,1008.333333333334,27.252252252252273,7
4799,4,1,0,46,0.021739130434782608,0.0,1.0,46,1200,1000,200,0.8333333333333334,14,10,4,319.6833229706381,0.3980776972624798,0.2303479663959871,0.16754650267319476,126938.3510146076,-1083.9852270474041,125854.3657875602,4794,0,1137.0434782608695,40,6,16,40.01529514589217,0.5822916666666667,48.069105691056905,1007.7235772357715,25.193089430894286,5
4800,4,3,3,46,0.061224489795918366,0.061224489795918366,0.9387755102040817,49,1300,900,400,0.6923076923076923,17,9,8,297.97880801468125,0.4094033446712018,0.21048181428512702,0.15876469244604396,127605.49175417644,-2195.1605835680302,125410.33117060842,4795,0,1068.3673469387754,42,7,12,39.881237812090404,0.5860615079365079,47.40794573643411,1010.3682170542636,24.05638612033961,0
4801,4,4,1,49,0.08,0.02,0.98,50,1100,700,400,0.6363636363636364,15,7,8,295.3948723185048,0.41131802721088434,0.23119116683821472,0.15903702773137818,128024.70842121485,-2436.4315204603017,125588.27690075454,4796,0,1047.92,43,7,15,39.51968513146812,0.5889050387596899,46.993371212121204,1012.0265151515139,23.53550035236079,0
4802,4,3,3,49,0.057692307692307696,0.057692307692307696,0.9423076923076923,52,1050,500,550,0.47619047619047616,16,5,11,284.23441136947076,0.4158418174962293,0.23550912056095608,0.1548752082713955,128504.33601820754,-3094.8170447371513,125409.51897347039,4797,0,1008.5576923076923,43,9,11,39.315109274306536,0.59375,46.51988636363636,1013.9204545454538,23.57954545454544,0
4803,4,3,5,47,0.057692307692307696,0.09615384615384616,0.9038461538461539,52,1300,800,500,0.6153846153846154,18,8,10,293.18029145055374,0.4152997737556561,0.25545914963522054,0.16130180940093808,128888.6837569586,-2842.4756262913347,126046.20813066728,4798,0,1009.5,43,9,13,38.69845581149555,0.5976259689922481,46.14109848484848,1015.4356060606045,23.61478153629313,0
4804,4,1,1,47,0.020833333333333332,0.020833333333333332,0.9791666666666666,48,1000,600,400,0.6,14,6,8,314.3553271160921,0.40796764184397166,0.258153263812293,0.17084826579448437,128401.90120174838,-1527.2356690792442,126874.66553266913,4799,0,1091.7291666666667,40,8,13,38.65582907182727,0.5971354166666667,46.6209349593496,1013.5162601626023,25.337906504065057,0
4805,4,1,0,48,0.020833333333333332,0.0,1.0,48,1400,1200,200,0.8571428571428571,16,12,4,319.87261095336953,0.4073950945626477,0.26923430193720765,0.17463504689904988,128582.2137946991,-1374.014310265034,127208.19948443407,4800,0,1092.7083333333333,40,8,15,38.332498329993314,0.5989583333333333,46.44308943089432,1014.2276422764241,25.355691056910604,0
4806,4,2,1,49,0.04,0.02,0.98,50,600,300,300,0.5,9,3,6,308.3960282640678,0.4110544217687075,0.2658756199923693,0.17016968212213104,129004.4355807946,-2043.1088876870224,126961.32669310758,4801,0,1049.96,42,8,16,38.194709398448445,0.6001984126984127,46.027131782945744,1015.8914728682184,24.187892211148057,0
4807,4,2,1,50,0.0392156862745098,0.0196078431372549,0.9803921568627451,51,650,500,150,0.7692307692307693,8,5,3,305.2012904641191,0.4157843137254902,0.27496821488111634,0.16980320824098796,129330.57089240885,-2305.177879366236,127025.39301304262,4802,0,1030.3333333333333,40,11,17,37.94522429813166,0.6065104166666666,45.70630081300814,1017.1747967479694,25.429369918699233,0
4808,4,0,1,49,0.0,0.02,0.98,50,1400,600,800,0.42857142857142855,22,6,16,311.9132035838539,0.41285714285714287,0.2724887601158952,0.17353747941471925,129330.57089240887,-1932.0174623239902,127398.55343008488,4803,1,1051.94,40,10,18,37.77454457654776,0.6065104166666666,45.70630081300814,1017.1747967479695,25.429369918699237,0
4809,4,1,0,50,0.02,0.0,1.0,50,650,400,250,0.6153846153846154,9,4,5,317.6285754294725,0.4126615646258503,0.289788338658147,0.17753168590968751,129511.53413973181,-1772.6871819022888,127738.84695782952,4804,0,1052.74,40,10,12,37.44571186102237,0.6083333333333333,45.528455284552855,1017.88617886179,25.44715447154475,0
4810,4,0,0,50,0.0,0.0,1.0,50,1550,1200,350,0.7741935483870968,19,12,7,315.85241311298205,0.4125170068027211,0.28931722996006526,0.17730217197545084,129680.91699932326,-1807.9938862118559,127872.9231131114,4805,1,1053.74,41,9,12,37.31930375637156,0.6084857723577234,45.36210317460319,1018.5515873015904,24.842721641502205,0
4811,4,0,1,49,0.0,0.02,0.98,50,1600,1100,500,0.6875,21,11,10,315.4887981483097,0.4131207482993197,0.2843691588785042,0.17767000737825892,129807.25623582787,-1809.452947845783,127997.80328798208,4806,2,1054.74,41,9,12,37.200642523364486,0.6097560975609755,45.23809523809525,1019.0476190476206,24.854819976771235,0
4812,4,1,1,49,0.02,0.02,0.98,50,1300,1000,300,0.7692307692307693,16,10,6,314.6507881118726,0.4139625850340136,0.2805449591280653,0.1776566757493189,129908.37191358033,-1824.8456790123355,128083.526234568,4807,0,1055.62,41,9,12,37.11966394187103,0.6107723577235772,45.13888888888889,1019.444444444445,24.864498644986465,0
4813,4,0,1,48,0.0,0.02040816326530612,0.9795918367346939,49,900,600,300,0.6666666666666666,12,6,6,322.6154243188875,0.41083829365079366,0.2862108545053439,0.1817521053410003,129822.05119307296,-1423.4807736796822,128398.57041939328,4808,4,1078.1632653061224,40,9,12,37.00409686211941,0.6114583333333332,45.22357723577236,1019.1056910569109,25.477642276422774,0
4814,4,0,0,48,0.0,0.0,1.0,48,950,600,350,0.631578947368421,13,6,7,326.1672253282003,0.4074597369976359,0.2885432252701574,0.18338903162732556,129744.3870732536,-1136.3266532817531,128608.06041997185,4809,5,1101.4583333333333,40,8,12,36.99231088944306,0.6106770833333333,45.29979674796749,1018.8008130081321,25.4700203252033,0
4815,4,0,0,48,0.0,0.0,1.0,48,1200,900,300,0.75,15,9,6,322.9497494768936,0.4071919326241135,0.2838635154899618,0.1819404543682185,129822.05119307293,-1214.800218124127,128607.2509749488,4810,6,1102.4583333333333,40,8,12,36.99557904533973,0.6114583333333332,45.22357723577236,1019.1056910569107,25.477642276422767,0
4816,4,0,0,48,0.0,0.0,1.0,48,1650,1000,650,0.6060606060606061,23,10,13,325.34105890719906,0.4071088209219858,0.2856582095503932,0.18365200685977015,129899.73855054866,-1147.6563016392347,128752.08224890943,4811,7,1103.4583333333333,40,8,14,36.855954873226324,0.6122395833333333,45.14735772357724,1019.4105691056915,25.485264227642286,0
4817,4,1,1,48,0.02040816326530612,0.02040816326530612,0.9795918367346939,49,1000,600,400,0.6,14,6,8,319.3280386280021,0.40970450680272114,0.2808572777740299,0.18147006659268666,130161.3333412068,-1487.1673437893746,128674.16599741743,4812,0,1081.9183673469388,41,8,14,36.744523300278686,0.6133130081300813,44.89087301587301,1020.4365079365075,24.888695315524572,0
4818,4,0,0,48,0.0,0.0,1.0,48,900,600,300,0.6666666666666666,12,6,6,324.05569733597696,0.40704417848699764,0.283771667662881,0.18377802767562354,130081.09941998811,-1169.2957234450423,128911.80369654307,4813,9,1105.4583333333333,40,8,15,36.70510393836753,0.6140625000000001,44.96951219512195,1020.1219512195122,25.503048780487806,0
4819,4,0,0,48,0.0,0.0,1.0,48,1100,700,400,0.6363636363636364,15,7,8,325.33020516967406,0.40688718971631205,0.28006108626612214,0.18488102156769423,130161.3333412068,-1130.9173437893746,129030.41599741743,4814,10,1106.4583333333333,41,7,15,36.591402553632754,0.6133130081300813,44.89087301587301,1020.4365079365075,24.888695315524572,0
4820,4,0,0,48,0.0,0.0,1.0,48,950,600,350,0.631578947368421,13,6,7,323.6984589754271,0.4068502511820331,0.2837585034013608,0.18443284290460363,130262.58680555537,-1166.7615425800163,129095.82526297536,4815,11,1107.4583333333333,39,9,16,36.53061224489796,0.6175213675213677,44.79166666666666,1020.8333333333319,26.175213675213637,0
4821,4,0,0,48,0.0,0.0,1.0,48,1250,900,350,0.72,16,9,7,321.83864006056535,0.40722887115839246,0.27896434764867917,0.1837498071353359,130342.3516167533,-1210.158962673632,129132.19265407966,4816,12,1108.4583333333333,39,9,16,36.49743700907886,0.6183226495726497,44.71354166666666,1021.1458333333319,26.18322649572646,0
4822,4,0,0,48,0.0,0.0,1.0,48,600,400,200,0.6666666666666666,8,4,4,319.8180243063292,0.4071088209219858,0.2754519071310122,0.18283112311027333,130392.29811124316,-1259.6385666600725,129132.65954458309,4817,13,1109.4583333333333,40,8,16,36.49854892205638,0.6171875000000002,44.664634146341456,1021.3414634146329,25.533536585365823,0
4823,4,0,0,48,0.0,0.0,1.0,48,1750,1500,250,0.8571428571428571,20,15,5,318.9559676519673,0.40696106678487,0.27343927033763915,0.182561956582118,130439.87509645037,-1279.0846836420003,129160.79041280838,4818,14,1110.4583333333333,41,7,16,36.47249603444368,0.6161077235772359,44.61805555555554,1021.5277777777758,24.915311653116483,0
4824,4,0,0,48,0.0,0.0,1.0,48,1600,1100,500,0.6875,21,11,10,320.8072424385637,0.4069518321513002,0.26975769927536275,0.18446416440217375,130617.28395061697,-1219.4058641975644,129397.8780864194,4819,15,1111.4583333333333,41,7,11,36.24603713768115,0.6178861788617888,44.44444444444443,1022.2222222222197,24.932249322493163,0
4825,4,0,0,48,0.0,0.0,1.0,48,1250,1000,250,0.8,15,10,5,317.47706335972526,0.4068964243498818,0.2688117912757835,0.1829784516458314,130708.09789262927,-1300.6353847425357,129407.46250788674,4820,16,1112.4583333333333,42,6,12,36.239497457279136,0.6173115079365081,44.35562015503874,1022.5775193798419,24.34708379475814,0
4826,4,0,0,48,0.0,0.0,1.0,48,700,500,200,0.7142857142857143,9,5,4,316.34249646225607,0.40688718971631205,0.2649880805784477,0.18279297948286966,130807.20364048099,-1324.0245290247303,129483.17911145627,4821,17,1113.4583333333333,42,6,12,36.168537463294484,0.6183035714285716,44.25872093023254,1022.9651162790669,24.356312292358737,0
4827,4,1,1,48,0.02040816326530612,0.02040816326530612,0.9795918367346939,49,1400,1000,400,0.7142857142857143,18,10,8,326.5021379537183,0.4098462301587302,0.21421923818387278,0.18912482330526717,130901.38888888898,-1164.6463366083674,129736.74255228062,4822,0,1091.7142857142858,44,5,15,35.8136536373507,0.6164772727272727,44.16666666666667,1023.333333333334,23.257575757575776,7
4828,4,1,1,48,0.02040816326530612,0.02040816326530612,0.9795918367346939,49,1350,800,550,0.5925925925925926,19,8,11,329.2477709243758,0.40936791383219956,0.21701781354552763,0.1915387216545336,131067.25930212664,-1169.2794067215,129897.97989540514,4823,0,1092.6938775510205,44,5,16,35.57603912348917,0.6181344696969695,44.00462962962965,1023.9814814814849,23.272306397306476,0
4829,4,0,0,48,0.0,0.0,1.0,48,1100,700,400,0.6363636363636364,15,7,8,335.6542555289263,0.4080322842789598,0.21786187657974243,0.19535872547307914,131085.5761091025,-800.1137081037527,130285.46240099873,4824,20,1116.4583333333333,43,5,16,35.39354848652982,0.6196705426356588,43.98674242424243,1024.0530303030312,23.815186751233284,0
4830,4,0,0,48,0.0,0.0,1.0,48,1350,800,550,0.5925925925925926,19,8,11,335.81285302365495,0.4074597369976359,0.21182449086483612,0.1960690370676162,131206.8225310636,-787.8125179350177,130419.01001312859,4825,21,1117.4583333333333,43,5,16,35.267141910835875,0.6208817829457364,43.86837121212122,1024.5265151515164,23.82619802677945,0
4831,4,0,0,48,0.0,0.0,1.0,48,1200,700,500,0.5833333333333334,17,7,10,335.53667593018116,0.4074043291962175,0.20459322738612196,0.19640418840412924,131303.86002245464,-788.5478542527533,130515.31216820188,4826,22,1118.4583333333333,43,5,17,35.17634127937418,0.6218507751937985,43.77367424242424,1024.905303030303,23.835007047216347,0
4832,4,0,0,48,0.0,0.0,1.0,48,1100,700,400,0.6363636363636364,15,7,8,334.6472711433464,0.40684101654846333,0.20057622018464194,0.19613481891553833,131352.95660003924,-808.6160615582618,130544.34053848097,4827,23,1119.4583333333333,42,6,17,35.149628194221265,0.6237599206349207,43.725775193798455,1025.0968992248074,24.40706902916208,0
4833,4,1,0,49,0.02040816326530612,0.0,1.0,49,1250,900,350,0.72,16,9,7,330.115607190341,0.4081809807256236,0.2071019956238629,0.1950814040746411,131668.07008293166,-1106.863019398522,130561.20706353315,4828,0,1097.591836734694,43,6,16,34.94840684013041,0.6254844961240309,43.41856060606061,1026.3257575757582,23.86804087385484,0
4834,4,0,0,49,0.0,0.0,1.0,49,1100,900,200,0.8181818181818182,13,9,4,332.4520882942914,0.40802154195011336,0.2084226735616297,0.19683850842154094,131740.97262576054,-1040.487707328961,130700.48491843157,4829,1,1098.591836734694,43,6,16,34.815073178981024,0.6262112403100775,43.34753787878788,1026.6098484848492,23.874647639182538,0
4835,4,0,0,49,0.0,0.0,1.0,49,1250,900,350,0.72,16,9,7,330.7657737150486,0.40802154195011336,0.20676156851527017,0.1962157576677237,131813.8953455006,-1080.094983930199,130733.80036157041,4830,2,1099.591836734694,43,6,16,34.78498094184189,0.626937984496124,43.276515151515156,1026.8939393939404,23.88125440451024,0
4836,4,0,0,49,0.0,0.0,1.0,49,1550,1200,350,0.7741935483870968,19,12,7,330.4412426511351,0.4081809807256236,0.21153811551070745,0.19663507734255933,131932.3056146296,-1080.8249973744757,130851.4806172551,4831,3,1100.591836734694,45,4,16,34.67421971433608,0.6254629629629629,43.16123188405798,1027.3550724637705,22.830112721417123,0
4837,4,0,0,49,0.0,0.0,1.0,49,950,700,250,0.7368421052631579,12,7,5,331.33195462067613,0.40821641156462585,0.20512119538923335,0.19777084108789142,132048.65316011623,-1049.612328686183,130999.04083143004,4832,4,1101.591836734694,45,4,16,34.53436664610323,0.6266203703703703,43.04800724637682,1027.8079710144941,22.840177133655423,0
4838,4,0,0,49,0.0,0.0,1.0,49,1000,600,400,0.6,14,6,8,330.9923044786116,0.40841128117913833,0.20783208887466453,0.1980544885680932,132141.76811758333,-1052.4183305765312,131089.3497870068,4833,5,1102.591836734694,45,4,17,34.449516195342554,0.6275462962962962,42.9574275362319,1028.1702898550752,22.848228663446115,0
4839,4,0,0,49,0.0,0.0,1.0,49,1200,700,500,0.5833333333333334,17,7,10,330.20817882356715,0.4076849489795918,0.20938362134814237,0.1980725763624729,132234.9158937857,-1066.9898491650683,131167.92604462063,4834,6,1103.591836734694,45,4,17,34.376100836635835,0.6284722222222221,42.86684782608697,1028.5326086956545,22.856280193236767,0
4840,4,1,1,49,0.02,0.02,0.98,50,1750,1100,650,0.6285714285714286,24,11,13,330.79318510922343,0.41018707482993194,0.20715942810898258,0.20004083804239683,132540.98186728408,-1231.0682753681426,131309.91359191595,4835,0,1082.5,44,6,17,34.05381710277853,0.6328125,42.56944444444445,1029.7222222222233,23.402777777777803,0
4841,4,0,1,48,0.0,0.02040816326530612,0.9795918367346939,49,1050,800,250,0.7619047619047619,13,8,5,333.60000881971104,0.40734835600907027,0.20686047600081459,0.20148280815135103,132493.31382887537,-960.0458676268718,131533.2679612485,4836,8,1105.591836734694,44,5,17,34.02940162484635,0.6323390151515151,42.61574074074075,1029.5370370370385,23.398569023569056,0
4842,4,1,2,47,0.02040816326530612,0.04081632653061224,0.9591836734693877,49,1250,700,550,0.56,18,7,11,334.7786660464223,0.40734835600907027,0.20334058484080297,0.2030941896637133,132660.1894718796,-917.6397462276855,131742.54972565192,4837,0,1103.6734693877552,44,5,14,33.83160315177661,0.6339962121212119,42.45370370370372,1030.1851851851875,23.413299663299714,0
4843,4,0,1,46,0.0,0.02127659574468085,0.9787234042553191,47,1400,900,500,0.6428571428571429,19,9,10,347.4359940045814,0.40415895775516497,0.20497563076200342,0.20957986985736993,132446.73743830374,-196.64722509180638,132250.09021321192,4838,10,1148.7659574468084,43,4,18,33.72010119595215,0.633236434108527,42.66098484848486,1029.3560606060626,23.93851303735029,0
4844,4,0,0,46,0.0,0.0,1.0,46,900,500,400,0.5555555555555556,13,5,8,351.69609222990726,0.4030293880837359,0.21171553137874422,0.21214964054046045,132446.73743830374,116.19999713041591,132562.93743543414,4839,11,1173.0217391304348,43,3,18,33.61047224777675,0.633236434108527,42.66098484848486,1029.3560606060626,23.93851303735029,0
4845,4,0,0,46,0.0,0.0,1.0,46,1200,900,300,0.75,15,9,6,354.07178435808,0.4029991948470209,0.17711809473507256,0.2130312297250774,132349.27847365706,172.22903753443927,132521.5075111915,4840,12,1174.0217391304348,43,3,15,33.64738634272042,0.632267441860465,42.75568181818182,1028.977272727273,23.929704016913323,1
4846,4,0,0,46,0.0,0.0,1.0,46,1300,1100,200,0.8461538461538461,15,11,4,352.96619133531453,0.4030394524959742,0.17585973278664713,0.21309498283243214,132478.41932508684,152.1164907240062,132630.53581581084,4841,13,1175.0217391304348,39,7,16,33.545924820398675,0.639690170940171,42.630208333333336,1029.479166666667,26.396901709401718,0
4847,4,1,1,46,0.02127659574468085,0.02127659574468085,0.9787234042553191,47,1100,800,300,0.7272727272727273,14,8,6,343.4631895006506,0.40431313598519886,0.1706449271409809,0.20908785521702264,132790.50684942814,-278.2697964174896,132512.23705301064,4842,0,1151.0,40,7,15,33.4771248274502,0.6411458333333334,42.32723577235772,1030.6910569105682,25.767276422764205,0
4848,4,1,0,47,0.02127659574468085,0.0,1.0,47,950,600,350,0.631578947368421,13,6,7,344.5652472521337,0.4027328091273512,0.18157034949314488,0.2103465101456164,132895.27253123128,-241.78151232733055,132653.49101890397,4843,0,1151.9787234042553,40,7,16,33.34360010513175,0.6421875000000001,42.225609756097555,1031.0975609756088,25.77743902439022,0
4849,4,0,0,47,0.0,0.0,1.0,47,1050,900,150,0.8571428571428571,12,9,3,345.7195741884906,0.4024051803885291,0.1835053967242264,0.21134712282318083,132947.67086390368,-207.47756791592798,132740.19329598776,4844,1,1152.9787234042553,40,7,16,33.26127479963211,0.6427083333333334,42.17479674796748,1031.3008130081296,25.78252032520324,0
4850,4,0,0,47,0.0,0.0,1.0,47,850,400,450,0.47058823529411764,13,4,9,345.61167138640155,0.40250154178230035,0.18696969634968963,0.2117864331612955,133036.89654391826,-204.17916587934064,132832.7173780389,4845,2,1153.9787234042553,41,6,17,33.174564060646844,0.6420223577235773,42.08829365079364,1031.6468253968235,25.162117692605452,0
4851,4,0,0,47,0.0,0.0,1.0,47,1300,900,400,0.6923076923076923,17,9,8,345.1216535175851,0.40221245760098673,0.1871757012445483,0.21182711748177294,133097.00180465402,-213.06853178896912,132883.93327286505,4846,3,1154.9787234042553,42,5,17,33.126936801577614,0.6411210317460319,42.030038759689916,1031.879844961239,24.56856773717236,0
4852,4,0,0,47,0.0,0.0,1.0,47,1250,900,350,0.72,16,9,7,344.7678959271183,0.4020197348134444,0.18455460849775696,0.21221427631290302,133203.26063368045,-215.15842013889718,132988.10221354154,4847,4,1155.9787234042553,43,4,17,33.02955768583923,0.640746124031008,41.92708333333333,1032.2916666666658,24.006782945736415,0
4853,4,0,0,47,0.0,0.0,1.0,47,1200,800,400,0.6666666666666666,16,8,8,317.73999467877536,0.4020197348134444,0.18538423820557437,0.185529975784731,131209.517532579,-1061.6264521176138,130147.89108046137,4848,5,1156.9787234042553,44,3,19,35.727330923331834,0.6195549242424242,43.86574074074075,1024.537037037038,23.284932659932682,7
4854,4,0,0,47,0.0,0.0,1.0,47,1000,800,200,0.8,12,8,4,317.3140213515102,0.40221245760098673,0.18428311385256513,0.1857402909751386,131304.3992198219,-1067.05461248283,130237.34460733908,4849,6,1157.9787234042553,44,3,20,35.64271087421329,0.6205018939393938,43.77314814814816,1024.9074074074092,23.29335016835021,0
4855,4,0,0,47,0.0,0.0,1.0,47,900,300,600,0.3333333333333333,15,3,12,354.74020955682727,0.4024051803885291,0.264555847151869,0.19699050843418223,129255.70371283522,-215.94851857938323,129039.75519425583,4850,7,1158.9787234042553,38,9,21,36.76170589059327,0.6091008771929824,45.779914529914535,1016.8803418803427,26.760008996851123,4
4856,4,1,0,48,0.020833333333333332,0.0,1.0,48,850,500,350,0.5882352941176471,12,5,7,347.1554219671461,0.40453235815602834,0.2704581116114064,0.19407338578163366,129519.29253472242,-607.3350694444237,128911.957465278,4851,0,1135.8125,39,9,19,36.68645108473188,0.610042735042735,45.52083333333334,1017.9166666666683,26.100427350427392,0
4857,4,0,0,48,0.0,0.0,1.0,48,1500,900,600,0.6,21,9,12,349.2704669707836,0.4038951684397163,0.2782324058919803,0.19578372047628362,129625.34722222244,-545.138888888863,129080.20833333358,4852,1,1136.8125,39,9,19,36.52482269503548,0.6111111111111109,45.41666666666668,1018.3333333333351,26.111111111111157,0
4858,4,1,0,49,0.02040816326530612,0.0,1.0,49,1450,1100,350,0.7586206896551724,18,11,7,339.81548042421184,0.4070649092970522,0.2718441204675275,0.19223793743976192,129984.23450688146,-965.868980694131,129018.36552618734,4853,0,1114.591836734694,41,8,21,36.40138064662581,0.6115345528455285,45.06448412698413,1019.7420634920635,24.87175764614789,0
4859,4,0,0,49,0.0,0.0,1.0,49,900,600,300,0.6666666666666666,12,6,6,336.0626072482312,0.4068168934240363,0.26940442616801685,0.19060848264388094,130085.41907793209,-1056.6309799382684,129028.78809799382,4854,1,1115.591836734694,41,8,21,36.39451440889495,0.6125508130081301,44.96527777777778,1020.1388888888888,24.881436314363143,0
4860,4,1,1,49,0.02,0.02,0.98,50,1050,400,650,0.38095238095238093,17,4,13,330.5873524524835,0.4090731292517007,0.267763629128531,0.18924055050412134,130444.20070725119,-1375.1182825386636,129069.08242471253,4855,0,1094.26,40,10,21,36.17107706592387,0.6177083333333333,44.61382113821139,1021.5447154471562,25.538617886178905,0
4861,4,3,1,51,0.057692307692307696,0.019230769230769232,0.9807692307692307,52,1200,1000,200,0.8333333333333334,14,10,4,317.40420994104625,0.4142628205128205,0.27516151588209214,0.18387854422311525,130906.34694617217,-2089.9548742563416,128816.39207191583,4856,0,1053.1153846153845,42,10,18,36.041410219991796,0.6192956349206348,44.16182170542636,1023.3527131782951,24.365540789959407,0
4862,4,1,1,51,0.019230769230769232,0.019230769230769232,0.9807692307692307,52,1050,600,450,0.5714285714285714,15,6,9,317.4436113937472,0.4144670688788336,0.2814407249861286,0.18475969933326075,131085.57610910252,-2077.5442636593098,129008.03184544321,4857,0,1054.0961538461538,43,9,18,35.85976511928982,0.6196705426356589,43.98674242424243,1024.0530303030314,23.815186751233288,0
4863,4,0,1,50,0.0,0.0196078431372549,0.9803921568627451,51,900,500,400,0.5555555555555556,13,5,8,324.0185705349282,0.4123529411764706,0.2860075773185349,0.18795212304011244,130955.9326832072,-1713.5691777837792,129242.36350542342,4858,2,1075.764705882353,42,9,18,35.82217015368108,0.6197916666666666,44.11337209302326,1023.5465116279074,24.3701550387597,0
4864,4,0,1,49,0.0,0.02,0.98,50,1150,900,250,0.782608695652174,14,9,5,327.4933239389621,0.40941326530612243,0.2784293193717271,0.1895491662798236,130870.93431122463,-1428.1285430838905,129442.80576814074,4859,3,1098.18,41,9,18,35.8190323831685,0.6204268292682926,44.19642857142858,1023.2142857142868,24.956445993031384,0
4865,4,2,2,49,0.0392156862745098,0.0392156862745098,0.9607843137254902,51,1050,900,150,0.8571428571428571,12,9,3,324.7046987735049,0.4152124183006536,0.2871575120114269,0.18920224178808995,131129.55670482558,-1684.3233579712646,129445.23334685431,4860,0,1077.2941176470588,42,9,19,35.62953327026176,0.6215277777777777,43.94379844961241,1024.2248062015515,24.38630490956075,0
4866,4,0,0,49,0.0,0.0,1.0,49,800,400,400,0.5,12,4,8,336.7126356520478,0.4107320011337869,0.28727931025395104,0.1946976509540016,130833.79937743745,-989.3213158503497,129844.4780615871,4861,1,1120.7755102040817,40,9,19,35.62071620145026,0.6216145833333333,44.232723577235774,1023.0691056910575,25.57672764227644,0
4867,4,1,0,50,0.02,0.0,1.0,50,1450,1000,450,0.6896551724137931,19,10,9,330.1495944294833,0.4138095238095238,0.2908514966579485,0.19222415472620166,131099.43000637763,-1343.515270691599,129755.91473568603,4862,0,1099.34,41,9,21,35.52050033904873,0.6227134146341463,43.97321428571429,1024.1071428571433,24.97822299651569,0
4868,4,0,0,50,0.0,0.0,1.0,50,1500,1000,500,0.6666666666666666,20,10,10,331.4077015638984,0.4131887755102041,0.2932488653555223,0.19385884135728929,131278.46884201674,-1298.6608752478755,129979.80796676886,4863,1,1100.34,42,8,21,35.307732917297045,0.623015873015873,43.798449612403104,1024.8062015503879,24.400147655961614,0
4869,4,0,1,49,0.0,0.02,0.98,50,1450,1100,350,0.7586206896551724,18,11,7,329.96720885250096,0.41295068027210885,0.2875469781615032,0.19394192066584287,131461.62245008664,-1324.3669054054374,130137.2555446812,4864,2,1101.34,39,11,21,35.1600854917894,0.6295405982905984,43.61979166666666,1025.520833333332,26.295405982905947,0
4870,4,0,0,49,0.0,0.0,1.0,49,1500,1000,500,0.6666666666666666,20,10,10,327.0255405075611,0.41220238095238093,0.2830371423314202,0.1924588210112426,131510.4799247305,-1198.5428440412627,130311.93708068923,4865,3,1119.8367346938776,40,9,21,35.186308993031474,0.6283854166666667,43.57215447154471,1025.7113821138198,25.642784552845495,0
4871,4,0,0,49,0.0,0.0,1.0,49,1450,1000,450,0.6896551724137931,19,10,9,329.76758109505084,0.411670918367347,0.2798042659670583,0.1946033469501301,131614.7395420218,-1119.5451409544771,130495.19440106732,4866,4,1120.8367346938776,40,9,18,35.0110181241953,0.6294270833333334,43.470528455284544,1026.1178861788605,25.652947154471512,0
4872,4,0,0,49,0.0,0.0,1.0,49,1450,1000,450,0.6896551724137931,19,10,9,324.79471445910434,0.41241496598639454,0.27193508826161916,0.19219399008502694,131719.0404707018,-1243.670372298252,130475.37009840354,4867,5,1121.8367346938776,40,9,18,35.03366003366003,0.6304687500000001,43.36890243902438,1026.524390243901,25.663109756097526,0
4873,4,0,0,49,0.0,0.0,1.0,49,650,400,250,0.6153846153846154,9,4,5,324.79471445910434,0.41241496598639454,0.27193508826161916,0.19219399008502694,131719.0404707018,-1243.670372298252,130475.37009840354,4868,6,1122.8367346938776,40,9,18,35.03366003366003,0.6304687500000001,43.36890243902438,1026.524390243901,25.663109756097526,0
4874,4,1,1,49,0.02,0.02,0.98,50,1250,800,450,0.64,17,8,9,341.8042315672668,0.4156547619047619,0.2893419773095629,0.18729414820337784,128728.04763244456,-1153.099072168524,127574.94856027604,4869,0,1101.36,37,13,19,37.62774626328111,0.6055743243243243,46.29934210526316,1014.8026315789471,27.427098150782353,8
4875,4,4,3,50,0.07547169811320754,0.05660377358490566,0.9433962264150944,53,900,600,300,0.6666666666666666,12,6,6,320.0636125251303,0.42384796806966624,0.29798574766806407,0.17868694253545844,129466.28146701383,-2311.642193992388,127154.63927302144,4870,0,1039.7735849056603,39,14,15,37.42963152507677,0.6095085470085471,45.572916666666664,1017.7083333333328,26.095085470085458,0
4876,4,3,3,50,0.05660377358490566,0.05660377358490566,0.9433962264150944,53,1450,900,550,0.6206896551724138,20,9,11,321.47937030062604,0.42186744073536525,0.30454250687088935,0.18020540848961683,129625.34722222206,-2265.625000000018,127359.72222222204,4871,0,1040.7169811320755,39,14,15,37.23233769776323,0.6111111111111112,45.41666666666666,1018.333333333332,26.11111111111108,0
4877,4,0,0,50,0.0,0.0,1.0,50,1500,1200,300,0.8,18,12,6,345.62063505005443,0.41472789115646264,0.3204205758654157,0.1917977348186206,129229.25954380176,-1067.1402498845998,128162.11929391716,4872,2,1104.16,37,13,22,37.02044915345628,0.6106418918918919,45.80592105263157,1016.7763157894722,27.48044096728303,0
4878,4,1,2,49,0.0196078431372549,0.0392156862745098,0.9607843137254902,51,1250,1000,250,0.8,15,10,5,333.7841754774031,0.4167647058823529,0.3135609376285571,0.1864725659571015,129492.7856445311,-1555.4714626736231,127937.31418185748,4873,0,1083.4901960784314,39,12,15,37.05363234742264,0.6097756410256412,45.54687499999999,1017.8124999999989,26.09775641025638,0
4879,4,0,0,49,0.0,0.0,1.0,49,1500,1000,500,0.6666666666666666,20,10,10,339.4831719364638,0.4155683106575964,0.30347579544261327,0.1891690021270298,129391.54071015022,-1014.7498675944432,128376.79084255578,4874,4,1089.3061224489795,38,11,22,37.01148972662678,0.6104714912280702,45.64636752136751,1017.4145299145277,26.7740665766981,0
4880,4,0,0,49,0.0,0.0,1.0,49,1350,1000,350,0.7407407407407407,17,10,7,337.19648076601186,0.41590490362811794,0.2995782127273079,0.1884147139154132,129500.26167223684,-1066.5935011688196,128433.66817106803,4875,5,1090.3061224489795,38,11,15,36.959212413841364,0.6115679824561404,45.539529914529915,1017.8418803418804,26.7853126405758,0
4881,4,1,1,49,0.02,0.02,0.98,50,1250,900,350,0.72,16,9,7,333.4641322945338,0.41869047619047617,0.30515060841811237,0.1876156784727833,129770.27253123144,-1345.2537345495407,128425.0187966819,4876,0,1069.48,40,10,16,36.780204800851095,0.6109375000000001,45.27439024390244,1018.9024390243906,25.472560975609763,0
4882,4,0,0,49,0.0,0.0,1.0,49,1450,900,550,0.6206896551724138,20,9,11,334.2876757893748,0.4183142006802721,0.2990582452568027,0.18814741338156862,129784.51063368049,-1122.9275173611145,128661.58311631938,4877,1,1089.6938775510205,39,10,16,36.7447863422613,0.6127136752136753,45.260416666666664,1018.9583333333328,26.12713675213674,0
4883,4,1,2,48,0.02,0.04,0.96,50,1050,800,250,0.7619047619047619,13,8,5,329.5210162537747,0.41997448979591834,0.29532835077229724,0.18650554980860834,130003.35784131457,-1432.2322815453872,128571.12555976919,4878,0,1068.88,40,10,16,36.64445274871283,0.61328125,45.04573170731707,1019.8170731707307,25.49542682926827,0
4884,4,0,0,48,0.0,0.0,1.0,48,1650,1300,350,0.7878787878787878,20,13,7,347.1628428221907,0.4162049349881796,0.30351247248716073,0.19587703627241412,129881.14458917746,-582.0185230842299,129299.12606609323,4879,3,1114.0833333333333,38,10,17,36.31869475596548,0.6154057017543859,45.16559829059829,1019.337606837607,26.824673864147552,0
4885,4,0,0,48,0.0,0.0,1.0,48,950,600,350,0.631578947368421,13,6,7,348.28382421727093,0.41619570035460995,0.3068801089918254,0.19664640536575137,129908.37191358021,-551.0030864197591,129357.36882716045,4880,4,1115.0833333333333,38,10,17,36.26248864668482,0.6156798245614036,45.138888888888886,1019.4444444444441,26.82748538011695,0
4886,4,1,1,48,0.02040816326530612,0.02040816326530612,0.9795918367346939,49,1550,1100,450,0.7096774193548387,20,11,9,340.6316747208754,0.41716269841269843,0.29717318093683054,0.19394827313131058,130236.00396050338,-927.4983723958419,129308.50558810754,4881,0,1093.3061224489795,39,10,17,36.12539119638059,0.6172542735042736,44.81770833333333,1020.7291666666658,26.172542735042715,0
4887,4,1,1,48,0.02040816326530612,0.02040816326530612,0.9795918367346939,49,1050,800,250,0.7619047619047619,13,8,5,347.5140312266308,0.4181016156462585,0.3168092685687647,0.1990898141513317,130475.34722222235,-731.5972222222167,129743.75000000013,4882,0,1094.2857142857142,39,10,18,35.70724578575311,0.6196581196581197,44.583333333333336,1021.6666666666677,26.19658119658122,0
4888,4,2,1,49,0.04,0.02,0.98,50,850,700,150,0.8235294117647058,10,7,3,343.58765850862477,0.4183333333333333,0.3162734770943052,0.19813883137950108,130729.84959556158,-1016.5674160552554,129713.28217950632,4883,0,1072.84,40,10,16,35.549993375070365,0.6205729166666667,44.334349593495936,1022.6626016260169,25.566565040650424,0
4889,4,2,1,50,0.0392156862745098,0.0196078431372549,0.9803921568627451,51,900,400,500,0.4444444444444444,14,4,10,343.2693026478662,0.42078431372549024,0.3311124663022855,0.1995990125424574,131048.63596190765,-1203.0052240803984,129845.63073782726,4884,0,1052.764705882353,41,10,17,35.23590656590124,0.6222052845528456,44.02281746031745,1023.9087301587281,24.973383662408,0
4890,4,0,1,49,0.0,0.02,0.98,50,1050,700,350,0.6666666666666666,14,7,7,353.7977712180012,0.41852040816326536,0.34164813343923783,0.20526792348546682,130963.7946989225,-733.060265053876,130230.73443386862,4885,1,1074.82,40,10,17,35.052207439767,0.6229166666666668,44.105691056910565,1023.577235772357,25.589430894308926,0
4891,4,0,0,49,0.0,0.0,1.0,49,1400,1100,300,0.7857142857142857,17,11,6,363.61258408924607,0.4145053854875283,0.34231707950355683,0.21076658635261628,130928.0395507814,-278.5834418402634,130649.45610894113,4886,2,1097.5714285714287,39,10,18,34.83725614927906,0.6241987179487178,44.14062500000001,1023.4375000000011,26.241987179487207,0
4892,4,0,0,49,0.0,0.0,1.0,49,1000,700,300,0.7,13,7,6,359.7163995450632,0.41459396258503406,0.3311810990927391,0.20923149156970272,131061.33355034747,-371.0177951388604,130690.3157552086,4887,3,1098.5714285714287,39,10,18,34.80205154289591,0.6255341880341879,44.01041666666668,1023.9583333333353,26.25534188034193,0
4893,4,1,0,50,0.02,0.0,1.0,50,1250,800,450,0.64,17,8,9,354.7951614286943,0.4171428571428571,0.3357390374331555,0.20811384939512467,131384.32618690343,-676.2815541801575,130708.04463272328,4888,0,1077.58,37,13,20,34.60160427807486,0.6323198198198199,43.69517543859648,1025.2192982456122,27.708629682313845,0
4894,4,0,0,50,0.0,0.0,1.0,50,1500,1100,400,0.7333333333333333,19,11,8,361.51881898200946,0.4169557823129251,0.346054516301443,0.21283880123201357,131524.88175448202,-490.2560162742534,131034.62573820776,4889,1,1078.58,37,13,20,34.28725725993228,0.6337274774774776,43.55811403508771,1025.7675438596482,27.723447131341842,0
4895,4,0,0,50,0.0,0.0,1.0,50,1050,900,150,0.8571428571428571,12,9,3,360.909254414409,0.4167517006802721,0.3474810302447364,0.21279318799972435,131581.1250216412,-502.2308546860669,131078.89416695514,4890,2,1079.58,37,13,15,34.24608581810407,0.6342905405405406,43.503289473684205,1025.9868421052627,27.729374110953046,0
4896,4,0,0,50,0.0,0.0,1.0,50,1150,600,550,0.5217391304347826,17,6,11,357.9369048963065,0.41706632653061226,0.344649075953424,0.21166439461366535,131693.64762474978,-572.3966749384576,131121.2509498113,4891,3,1080.58,37,13,15,34.20875173592564,0.6354166666666667,43.393640350877185,1026.42543859649,27.741228070175406,0
4897,4,0,2,48,0.0,0.04,0.96,50,1250,700,550,0.56,18,7,11,357.2227832735947,0.4171173469387755,0.3425034711096875,0.21155451738081377,131749.92696069932,-587.1848790012438,131162.7420816981,4892,4,1081.58,37,13,16,34.1702935312756,0.6359797297297298,43.33881578947368,1026.6447368421043,27.747155049786603,0
4898,4,0,1,47,0.0,0.020833333333333332,0.9791666666666666,48,1100,900,200,0.8181818181818182,13,9,4,368.44302739343607,0.4139055112293144,0.35274754708469613,0.21765385235826754,131654.57182623877,101.44180276918846,131756.01362900797,4893,9,1123.8541666666667,35,13,16,33.97863332205556,0.6389880952380953,43.431712962962955,1026.2731481481474,29.322089947089925,0
4899,4,0,1,46,0.0,0.02127659574468085,0.9787234042553191,47,1600,1300,300,0.8125,19,13,6,365.81100930265103,0.4132362010484119,0.33308877476155563,0.2172829248026589,131862.52170138885,247.35243055555293,132109.8741319444,4894,10,1119.723404255319,35,12,17,33.83620689655173,0.6410714285714285,43.229166666666664,1027.083333333333,29.345238095238088,0
4900,4,0,0,46,0.0,0.0,1.0,46,1050,600,450,0.5714285714285714,15,6,9,370.86899124326595,0.41292270531400965,0.3331292790189717,0.2209781814938065,131981.42387902958,589.5635073731245,132570.9873864027,4895,11,1117.4347826086957,35,11,17,33.586299466846896,0.6422619047619047,43.11342592592593,1027.546296296297,29.35846560846563,0
4901,4,0,1,45,0.0,0.021739130434782608,0.9782608695652174,46,1700,1300,400,0.7647058823529411,21,13,8,370.9322883101236,0.41227858293075687,0.3301587612317203,0.22205946424172113,132159.8776148836,604.4731652949436,132764.35078017853,4896,12,1118.4347826086957,35,11,17,33.404622542398315,0.644047619047619,42.939814814814824,1028.2407407407422,29.378306878306923,0
4902,4,0,0,45,0.0,0.0,1.0,45,1550,1000,550,0.6451612903225806,21,10,11,375.07033219719983,0.41058501683501686,0.336227856894755,0.2244963589180333,132153.07716836757,913.339710884378,133066.41687925195,4897,13,1144.0,34,11,17,33.30511172860948,0.6461397058823528,42.946428571428584,1028.2142857142874,30.241596638655512,0
4903,4,0,0,45,0.0,0.0,1.0,45,950,600,350,0.631578947368421,13,6,7,371.1674275548696,0.4108375420875421,0.3266460905349793,0.22270045653292192,132244.89795918373,816.9997165532963,133061.897675737,4898,14,1145.0,34,11,17,33.312837577160494,0.6470588235294117,42.85714285714286,1028.5714285714291,30.25210084033615,0
4904,4,0,0,45,0.0,0.0,1.0,45,1500,1100,400,0.7333333333333333,19,11,8,370.707235873993,0.41045875420875416,0.32464192959448646,0.22278525260243756,132306.1295351476,809.3679138322211,133115.49744897982,4899,15,1146.0,34,11,17,33.26294067731234,0.6476715686274509,42.79761904761906,1028.8095238095254,30.25910364145663,0
4905,4,0,0,45,0.0,0.0,1.0,45,850,500,350,0.5882352941176471,12,5,7,372.83205647376025,0.40984848484848485,0.3291171782610931,0.22442620446791015,132367.37528344698,870.1601473923233,133237.5354308393,4900,16,1147.0,34,11,17,33.1465467376215,0.6482843137254901,42.738095238095255,1029.047619047621,30.26610644257709,0
4906,4,1,1,45,0.021739130434782608,0.021739130434782608,0.9782608695652174,46,1350,1200,150,0.8888888888888888,15,12,3,366.1583549795394,0.411664653784219,0.3239086477879909,0.2223425427031282,132695.96220207473,517.5470464677632,133213.50924854248,4901,0,1123.0434782608695,35,11,17,32.98743728001198,0.6494047619047618,42.41898148148148,1030.324074074074,29.437830687830683,0
4907,4,1,1,45,0.021739130434782608,0.021739130434782608,0.9782608695652174,46,1400,900,500,0.6428571428571429,19,9,10,342.95171671925874,0.41132246376811593,0.264167702543733,0.20502987700917583,132108.4191243609,-138.6381736466077,131969.78095071428,4902,0,1124.0217391304348,36,10,17,34.17565815898055,0.6414930555555556,42.98986486486487,1028.040540540541,28.556681681681695,5
4908,4,0,0,45,0.0,0.0,1.0,45,1100,900,200,0.8181818181818182,13,9,4,350.92276319816494,0.4101641414141414,0.26917029693054917,0.20876611569349302,131921.9660922498,258.88417352539454,132180.85026577517,4903,19,1150.0,35,10,17,34.15859245906564,0.6416666666666666,43.171296296296305,1027.314814814816,29.351851851851883,0
4909,4,0,0,45,0.0,0.0,1.0,45,1050,600,450,0.5714285714285714,15,6,9,356.08221500268616,0.41005892255892257,0.3033324804133004,0.21126309164668156,131819.15181651252,388.54845054013356,132207.70026705266,4904,20,1151.0,36,9,17,34.12974741382461,0.638599537037037,43.2713963963964,1026.914414414415,28.525400400400414,3
4910,4,0,0,45,0.0,0.0,1.0,45,1000,500,500,0.5,15,5,10,357.18867583285737,0.40968013468013464,0.3069024307077788,0.2127277727349212,131963.74584043512,427.1911269377555,132390.93696737287,4905,21,1152.0,36,9,17,33.955547639924,0.6400462962962963,43.130630630630634,1027.4774774774783,28.541041041041062,0
4911,4,0,0,45,0.0,0.0,1.0,45,1050,800,250,0.7619047619047619,13,8,5,354.1920279132362,0.40963804713804713,0.30262834325505517,0.21142646427495798,132050.54029959018,354.2497311500757,132404.79003074026,4906,22,1153.0,36,9,17,33.94507139987583,0.6409143518518519,43.046171171171174,1027.8153153153157,28.550425425425438,0
4912,4,0,0,45,0.0,0.0,1.0,45,950,800,150,0.8421052631578947,11,8,3,356.9711847393013,0.40957491582491584,0.3038975894084863,0.21373795985931562,132166.31063073222,435.9128976950074,132602.22352842722,4907,23,1154.0,36,9,17,33.757027342751805,0.6420717592592592,42.933558558558566,1028.265765765767,28.56293793793797,0
4913,4,1,0,46,0.021739130434782608,0.0,1.0,46,1450,1100,350,0.7586206896551724,18,11,7,358.0817194384814,0.410859500805153,0.3214545202119532,0.217183844682023,132652.03145439003,300.0535020391128,132952.08495642914,4908,0,1129.891304347826,37,9,13,33.23964431435162,0.6449887387387386,42.461622807017555,1030.1535087719315,27.841986723565714,0
4914,4,0,1,45,0.0,0.021739130434782608,0.9782608695652174,46,1100,800,300,0.7272727272727273,14,8,6,357.92157056769514,0.4106280193236715,0.32008070039054504,0.2172500695771362,132680.27181440467,297.82625423209646,132978.09806863675,4909,1,1130.891304347826,37,9,13,33.21537533702286,0.6452702702702702,42.4342105263158,1030.2631578947387,27.844950213371316,0
4915,4,0,0,45,0.0,0.0,1.0,45,900,600,300,0.6666666666666666,12,6,6,360.51781380407135,0.40986952861952863,0.31367430422548503,0.21915565421285055,132736.76155163156,570.7934172053233,133307.5549688369,4910,2,1068.7555555555555,37,8,13,33.09170390863305,0.6458333333333333,42.379385964912295,1030.482456140353,27.850877192982512,0
4916,4,1,0,46,0.021739130434782608,0.0,1.0,46,1600,1400,200,0.875,18,14,4,352.2287972235156,0.4124597423510467,0.31894297098523805,0.21649397784681118,133149.50086805574,179.81770833336003,133329.3185763891,4911,0,1046.5,39,7,14,32.89092988830577,0.6463675213675213,41.97916666666668,1032.0833333333348,26.463675213675252,0
4917,4,0,0,46,0.0,0.0,1.0,46,1500,1100,400,0.7333333333333333,19,11,8,357.63272953971676,0.4116042673107891,0.31943238906862326,0.22141082469256665,133418.40820312526,342.9578993055859,133761.36610243085,4912,1,1047.5,39,7,16,32.48176715735701,0.6490384615384615,41.718750000000014,1033.125000000002,26.490384615384666,0
4918,4,0,0,46,0.0,0.0,1.0,46,1300,700,600,0.5384615384615384,19,7,12,356.0423576582273,0.4116243961352657,0.31567698524355037,0.22091069439564062,133499.82336410644,306.32922219713186,133806.15258630356,4913,2,1048.5,38,8,17,32.441245390950755,0.6515899122807016,41.639957264957275,1033.4401709401727,27.195793972109808,0
4919,4,0,0,46,0.0,0.0,1.0,46,800,400,400,0.5,12,4,8,354.2704245926852,0.41141304347826085,0.3193333572982,0.22030338228527163,133582.64391116978,264.8759953247369,133847.51990649453,4914,3,1049.5,38,8,18,32.40405815075099,0.6524122807017543,41.55982905982907,1033.7606837606857,27.204228520018045,0
4920,4,0,0,46,0.0,0.0,1.0,46,1350,1000,350,0.7407407407407407,17,10,7,356.4526492411938,0.4106582125603864,0.317423640209644,0.22248988377201792,133720.7352276463,333.0220660749519,134053.75729372125,4915,4,1050.5,38,8,14,32.209353372585475,0.6537828947368421,41.42628205128205,1034.2948717948718,27.218286099865047,0
4921,4,0,0,46,0.0,0.0,1.0,46,1300,800,500,0.6153846153846154,18,8,10,358.3709917404864,0.410426731078905,0.3184499757556165,0.2241902250655601,133803.62426035505,390.26750493096813,134193.891765286,4916,5,1051.5,38,8,14,32.07675030978934,0.6546052631578947,41.34615384615385,1034.6153846153848,27.226720647773284,0
4922,4,0,1,45,0.0,0.021739130434782608,0.9782608695652174,46,1050,600,450,0.5714285714285714,15,6,9,356.9684036959497,0.41010466988727856,0.3157997495522913,0.2238157234047031,133886.53897518068,358.65281886915295,134245.19179404984,4917,6,1052.5,38,8,14,32.03004026014247,0.6554276315789473,41.266025641025635,1034.9358974358965,27.23515519568149,0
4923,4,0,1,44,0.0,0.022222222222222223,0.9777777777777777,45,1250,700,550,0.56,18,7,11,363.5181057780032,0.41058501683501686,0.3113277754227308,0.22746398183827832,133812.3509156663,728.6424669128887,134540.99338257918,4918,7,1066.8,37,8,14,31.934877066553614,0.6565315315315315,41.33771929824561,1034.649122807017,27.963489805595053,0
4924,4,0,0,44,0.0,0.0,1.0,44,850,600,250,0.7058823529411765,11,6,5,364.74041155310346,0.40928911205074,0.3092382823787785,0.22858034556694445,133869.08111149556,965.4927477685096,134834.57385926406,4919,8,1081.4545454545455,37,7,14,31.846436391890933,0.6570945945945947,41.28289473684209,1034.8684210526292,27.969416785206192,0
4925,4,0,0,44,0.0,0.0,1.0,44,1000,400,600,0.4,16,4,12,363.8793593618193,0.4090358527131783,0.3058947885465526,0.22821643010074474,133897.45071800923,944.5037174899778,134841.9544354992,4920,9,1082.4545454545455,37,7,14,31.840303527916085,0.6573761261261262,41.25548245614034,1034.9780701754373,27.97238027501182,0
4926,4,0,0,44,0.0,0.0,1.0,44,1250,800,450,0.64,17,8,9,366.25071818443007,0.4087825933756166,0.30712634822804374,0.22988076992426967,133925.8233302553,1010.0857956294076,134935.90912588473,4921,10,1083.4545454545455,37,7,14,31.75052966101696,0.6576576576576577,41.22807017543859,1035.0877192982443,27.975343764817413,0
4927,4,1,1,44,0.022222222222222223,0.022222222222222223,0.9777777777777777,45,1600,1300,300,0.8125,19,13,6,359.8209959195917,0.4113636363636364,0.30028172885315807,0.22816884329489362,134301.49778106477,664.8997370150881,134966.39751807984,4922,0,1060.3555555555556,38,7,16,31.541177076891362,0.6595394736842106,40.8653846153846,1036.538461538459,27.277327935222605,0
4928,4,0,0,44,0.0,0.0,1.0,44,1000,500,500,0.5,15,5,10,365.96516752823936,0.4087715821000704,0.2707112006097614,0.2250534362501796,133168.79799702318,947.2594327562273,134116.0574297794,4923,12,1085.4545454545455,38,6,14,32.51712210606216,0.6483004385964912,41.960470085470085,1032.1581196581199,27.162055780476837,2
4929,4,0,0,44,0.0,0.0,1.0,44,700,300,400,0.42857142857142855,11,3,8,369.0090286684876,0.40830910852713176,0.2747805593971382,0.22726158343043945,133223.94035585134,1032.1673652202417,134256.10772107157,4924,13,1086.4545454545455,38,6,14,32.38318845079168,0.6488486842105263,41.90705128205128,1032.3717948717942,27.167678812415637,0
4930,4,0,0,44,0.0,0.0,1.0,44,950,700,250,0.7368421052631579,12,7,5,369.7615824786221,0.40785764622973925,0.2770300773094072,0.22823214918508059,133306.67529585803,1058.3374424720655,134365.0127383301,4925,14,1087.4545454545455,38,6,16,32.28067452927788,0.649671052631579,41.82692307692308,1032.692307692308,27.176113360323896,0
4931,4,0,0,44,0.0,0.0,1.0,44,1150,800,350,0.6956521739130435,15,8,7,368.1584300091002,0.40797877026074697,0.27212788762587126,0.22774944720140686,133389.43591798155,1021.6890614727099,134411.12497945427,4926,15,1088.4545454545455,38,6,17,32.23898541731306,0.6504934210526316,41.74679487179487,1033.01282051282,27.18454790823211,0
4932,4,0,0,44,0.0,0.0,1.0,44,850,600,250,0.7058823529411765,11,6,5,366.12713803463413,0.40801180408738547,0.269750891310524,0.22683417127829744,133445.31385633702,971.5901692708544,134416.90402560786,4927,16,1089.4545454545455,39,5,17,32.235377390193904,0.6493055555555556,41.69270833333334,1033.2291666666683,26.4930555555556,0
4933,4,0,1,43,0.0,0.022727272727272728,0.9772727272727273,44,1150,1000,150,0.8695652173913043,13,10,3,364.3792835082675,0.40804483791402396,0.2646363933549294,0.22609254122754333,133501.31539901363,929.0308685215796,134430.3462675352,4928,17,1090.4545454545455,36,8,17,32.22435618030584,0.6553819444444446,41.6385135135135,1033.445945945944,28.706831831831778,0
4934,4,0,0,43,0.0,0.0,1.0,43,900,400,500,0.4444444444444444,14,4,10,371.0058531266276,0.40490033222591365,0.27001971785415324,0.22985678058482337,133445.31385633696,1301.7985026041863,134747.11235894114,4929,21,1116.4186046511627,39,4,18,32.109356621971315,0.6493055555555556,41.69270833333334,1033.229166666668,26.493055555555593,0
4935,4,0,0,43,0.0,0.0,1.0,43,1100,900,200,0.8181818181818182,13,9,4,370.270199097372,0.40455426356589147,0.27060079689575267,0.2299383086188824,133532.02830289767,1288.5969918124028,134820.62529471007,4930,22,1117.4186046511627,35,8,18,32.04134005225831,0.6577380952380952,41.60879629629629,1033.5648148148139,29.530423280423253,0
4936,4,0,0,43,0.0,0.0,1.0,43,1000,800,200,0.8,12,8,4,372.79339963442186,0.4044619785898856,0.27158771109994606,0.23206713860169262,133621.76254125938,1362.662224579903,134984.42476583927,4931,23,1118.4186046511627,35,8,18,31.88610116049107,0.6586309523809524,41.52199074074074,1033.9120370370367,29.540343915343907,0
4937,4,0,0,43,0.0,0.0,1.0,43,1100,700,400,0.6363636363636364,15,7,8,373.6693657673377,0.4043235511258767,0.2783516420613321,0.23355641896702528,133771.3865847907,1397.2538365912092,135168.64042138192,4932,24,1119.4186046511627,35,8,15,31.71337734019542,0.6601190476190477,41.37731481481481,1034.49074074074,29.556878306878286,0
4938,4,0,0,43,0.0,0.0,1.0,43,750,600,150,0.8,9,6,3,373.68331243855323,0.4033314876338132,0.28240911715291794,0.23432511779982756,133891.14610125162,1406.57739626199,135297.72349751362,4933,25,1120.4186046511627,35,8,15,31.592950868560354,0.6613095238095239,41.26157407407407,1034.953703703703,29.570105820105802,0
4939,4,0,0,43,0.0,0.0,1.0,43,1200,900,300,0.75,15,9,6,374.5683905839084,0.403077703949797,0.28058289027259664,0.23545426941483188,133981.00090288479,1437.0095754029344,135418.01047828773,4934,26,1121.4186046511627,35,8,16,31.479993478665918,0.662202380952381,41.17476851851851,1035.3009259259247,29.58002645502642,0
4940,4,0,0,43,0.0,0.0,1.0,43,1150,700,450,0.6086956521739131,16,7,9,373.7499720546747,0.4022702104097453,0.2834088972389883,0.23559825174687066,134083.84471887434,1422.766643332527,135506.61136220687,4935,27,1122.4186046511627,36,7,17,31.398146134609114,0.6611689814814814,41.075450450450454,1035.6981981981987,28.76939439439441,0
4941,4,0,0,43,0.0,0.0,1.0,43,1500,1300,200,0.8666666666666667,17,13,4,376.1565351737999,0.4013935031376892,0.29212393584161767,0.23774602681319296,134181.3120984341,1494.63548880425,135675.94758723836,4936,28,1123.4186046511627,37,6,17,31.238204219141355,0.6601914414414414,40.98135964912281,1036.0745614035086,28.0020151730678,0
4942,4,0,0,43,0.0,0.0,1.0,43,1250,800,450,0.64,17,8,9,381.02279654122293,0.40113971945367294,0.2951625643158222,0.2411953416015472,134238.12044330954,1629.556810749467,135867.677254059,4937,29,1124.4186046511627,37,6,17,31.05524547666913,0.6607545045045045,40.9265350877193,1036.2938596491233,28.007942152679007,0
4943,4,0,1,42,0.0,0.023255813953488372,0.9767441860465116,43,450,200,250,0.4444444444444444,7,2,5,380.9465695306974,0.40088593576965675,0.29899278098213067,0.24189723404383773,134351.77320185056,1636.1694223222535,135987.9426241728,4938,30,1125.4186046511627,37,6,17,30.943394147717257,0.6618806306306306,40.81688596491228,1036.732456140351,28.019796111901375,0
4944,4,0,1,41,0.0,0.023809523809523808,0.9761904761904762,42,750,400,350,0.5333333333333333,11,4,7,382.11871065918604,0.399559620596206,0.2998014149187045,0.24299372152968104,134404.77639801946,1871.7159727294668,136276.49237074892,4939,31,1149.452380952381,36,6,17,30.859940631335068,0.6643518518518519,40.76576576576576,1036.9369369369356,28.803803803803767,0
4945,4,0,0,41,0.0,0.0,1.0,41,1650,1200,450,0.7272727272727273,21,12,9,381.09455223275893,0.398755081300813,0.2912784668522954,0.24271416365015988,134460.73555651997,2048.4507619598658,136509.18631847983,4940,32,1171.6341463414635,35,6,17,30.83047371945095,0.6669642857142858,40.71180555555555,1037.152777777777,29.632936507936485,0
4946,4,0,0,41,0.0,0.0,1.0,41,1250,900,350,0.72,16,9,7,349.5970659726108,0.39865345528455287,0.19219376968265878,0.20951251640620558,132200.59447378045,1084.6507692805098,133285.24524306096,4941,33,1172.6341463414635,37,4,18,33.91208639869213,0.6404842342342343,42.90021929824562,1028.3991228070179,27.79457088667616,7
4947,4,0,0,41,0.0,0.0,1.0,41,1350,1100,250,0.8148148148148148,16,11,5,350.0185204685947,0.39766260162601624,0.2014475616253233,0.21070710805630294,132369.793169533,1066.3758319867677,133436.16900151977,4942,34,1173.6341463414635,37,4,18,33.731020245071925,0.6421734234234234,42.73574561403509,1029.05701754386,27.81235182550973,0
4948,4,0,0,41,0.0,0.0,1.0,41,1000,700,300,0.7,13,7,6,351.78420665483304,0.3979928861788618,0.20070738108955877,0.21274568688173232,132542.91453615774,1125.30381329685,133668.21834945458,4943,35,1174.6341463414635,36,5,18,33.51150116652085,0.6458333333333335,42.567567567567565,1029.7297297297293,28.60360360360359,0
4949,4,1,0,42,0.023809523809523808,0.0,1.0,42,1150,700,450,0.6086956521739131,16,7,9,320.9818503620401,0.4006121757646148,0.06655335897665293,0.18640291455570107,130999.80481591063,9.711949375418527,131009.51676528604,4944,0,1147.642857142857,38,4,17,35.855640784804855,0.6266447368421052,44.070512820512825,1023.7179487179491,26.939946018893398,8
4950,4,0,0,42,0.0,0.0,1.0,42,750,500,250,0.6666666666666666,10,5,5,321.1668863799153,0.40102351916376305,0.06617179426027486,0.18677569411802836,131054.49631090659,18.072905252391507,131072.56921615897,4945,1,1148.642857142857,38,4,17,35.795770728992764,0.6271929824561404,44.01709401709402,1023.9316239316241,26.945569050832216,0
4951,4,0,0,42,0.0,0.0,1.0,42,1100,700,400,0.6363636363636364,15,7,8,325.0719375439577,0.40103561749903216,0.07025150485726228,0.18958575043622042,131163.91354372117,127.5415023011133,131291.45504602228,4946,2,1149.642857142857,38,4,18,35.58549749687109,0.6282894736842106,43.91025641025641,1024.358974358974,26.95681511470984,0
4952,4,0,0,42,0.0,0.0,1.0,42,1150,700,450,0.6086956521739131,16,7,9,328.4988897672025,0.40076945412311266,0.0684309784361894,0.19254409574320774,131355.5035635365,230.02741708672082,131585.53098062324,4947,3,1150.642857142857,38,4,19,35.30462914712523,0.6302083333333333,43.7232905982906,1025.1068376068383,26.976495726495745,0
4953,4,1,1,42,0.023255813953488372,0.023255813953488372,0.9767441860465116,43,1050,600,450,0.5714285714285714,15,6,9,319.9129495749432,0.40367755629383534,0.07238289474926574,0.1889557781302366,131648.63281250026,-176.77951388886152,131471.8532986114,4948,0,1124.860465116279,39,4,12,35.22973338746787,0.6314102564102563,43.437500000000014,1026.250000000002,26.314102564102615,0
4954,4,0,0,42,0.0,0.0,1.0,42,850,600,250,0.7058823529411765,11,6,5,328.0249829959437,0.3995959156020132,0.07261359354237351,0.1935105612219317,131602.03904594955,233.75132405584,131835.7903700054,4949,5,1152.642857142857,38,4,13,35.06850444259336,0.6326754385964911,43.482905982906,1026.068376068378,27.001799370220475,0
4955,4,0,0,42,0.0,0.0,1.0,42,850,600,250,0.7058823529411765,11,6,5,328.4837981882808,0.39945073557878435,0.07397162487730924,0.19405998557174853,131656.85609796204,249.42882971731072,131906.28492767934,4950,6,1153.642857142857,38,4,13,35.001561524047474,0.6332236842105262,43.42948717948719,1026.2820512820526,27.00742240215928,0
4956,4,0,0,42,0.0,0.0,1.0,42,850,700,150,0.8235294117647058,10,7,3,330.2844223358213,0.3989547038327526,0.06528417818740406,0.19568639325815304,131766.5244448097,304.08608189057173,132070.61052670027,4951,7,1154.642857142857,38,4,15,34.844996531390905,0.6343201754385964,43.322649572649574,1026.7094017094018,27.01866846603689,0
4957,4,0,0,42,0.0,0.0,1.0,42,850,400,450,0.47058823529411764,13,4,9,332.7137490367476,0.3989789005032907,0.05819525897246147,0.18843765154248343,130029.269118911,252.50512261223636,130281.77424152324,4952,8,1155.642857142857,40,2,13,36.536800850272364,0.6135416666666664,45.02032520325205,1019.9186991869943,25.49796747967486,4
4958,4,1,1,42,0.023255813953488372,0.023255813953488372,0.9767441860465116,43,750,600,150,0.8,9,6,3,325.23451116470017,0.40141657438169065,0.06516812840116581,0.1855554306457548,130314.4635819453,-123.23868894176476,130191.22489300353,4953,0,1129.7441860465117,40,3,15,36.43894529046813,0.61640625,44.74085365853659,1021.0365853658539,25.525914634146346,0
4959,4,0,1,41,0.0,0.023809523809523808,0.9761904761904762,42,1050,700,350,0.6666666666666666,14,7,7,334.92190514012054,0.39919667053813396,0.11905713144226948,0.1867059083665303,129408.11107806189,268.3222205697571,129676.43329863164,4954,1,1157.4285714285713,40,2,16,37.11067552270609,0.6072916666666668,45.630081300813,1017.4796747967471,25.43699186991868,2
4960,4,0,0,41,0.0,0.0,1.0,41,1000,700,300,0.7,13,7,6,336.69430563699177,0.3982723577235772,0.10093862598786307,0.1835040521316056,128513.9377170138,453.9822048611068,128967.91992187491,4955,2,1184.9512195121952,39,2,16,37.975566742003984,0.5998931623931625,46.510416666666664,1013.9583333333326,25.998931623931604,2
4961,4,1,1,41,0.023809523809523808,0.023809523809523808,0.9761904761904762,42,900,500,400,0.5555555555555556,13,5,8,330.9494019976553,0.40280197444831595,0.10573640749852165,0.18162212237102104,128788.44024720743,124.49145680481669,128912.93170401224,4956,0,1157.7142857142858,40,2,17,37.841659991990376,0.6010416666666667,46.239837398373986,1015.0406504065047,25.37601626016262,0
4962,4,0,0,41,0.0,0.0,1.0,41,1550,1300,250,0.8387096774193549,18,13,5,339.1653926731217,0.39728150406504065,0.11490247907405204,0.1860826343584963,128778.12499999988,535.416666666652,129313.54166666654,4957,4,1186.9512195121952,39,2,17,37.64367816091953,0.6025641025641026,46.24999999999999,1014.9999999999991,26.025641025641,0
4963,4,0,0,41,0.0,0.0,1.0,41,750,500,250,0.6666666666666666,10,5,5,338.8809182330309,0.39715447154471545,0.11060447563227949,0.18617437593568864,128830.99500868037,531.6731770833148,129362.66818576369,4958,5,1187.9512195121952,39,2,17,37.59704836172104,0.6030982905982907,46.19791666666666,1015.2083333333319,26.03098290598287,0
4964,4,3,3,41,0.06818181818181818,0.06818181818181818,0.9318181818181819,44,800,500,300,0.625,11,5,6,317.02541260048014,0.40575449260042284,0.09915008234013478,0.17711008041848444,129492.78564453125,-587.9041883680552,128904.88145616319,4959,0,1107.8863636363637,39,5,14,37.48006430593935,0.6097756410256411,45.546875,1017.8125,26.09775641025641,0
4965,4,1,0,42,0.023809523809523808,0.0,1.0,42,1200,1100,100,0.9166666666666666,13,11,2,332.3954926221116,0.4004548974061169,0.09840841997176253,0.18471948436609203,129285.00987082532,194.75090893348465,129479.7607797588,4960,0,1161.6190476190477,37,5,18,37.29997753818508,0.611204954954955,45.751096491228054,1016.9956140350852,27.486367946894195,0
4966,4,0,0,42,0.0,0.0,1.0,42,950,700,250,0.7368421052631579,12,7,5,330.69201602822966,0.4007210607820364,0.09723697648042995,0.18429376677032658,129396.5465936632,158.08097202983018,129554.62756569302,4961,1,1162.6190476190477,37,5,19,37.23001311204513,0.6123310810810811,45.64144736842104,1017.4342105263139,27.49822190611659,0
4967,4,0,0,42,0.0,0.0,1.0,42,1100,800,300,0.7272727272727273,14,8,6,329.9713934214179,0.4009751258226868,0.09637497563827746,0.18463284838007538,129554.63927469101,149.86496913576474,129704.50424382678,4962,2,1163.6190476190477,38,4,15,37.08788085493407,0.6121162280701755,45.48611111111109,1018.0555555555527,26.790935672514546,0
4968,4,0,1,41,0.0,0.023809523809523808,0.9761904761904762,42,1250,900,350,0.72,16,9,7,325.5200048176223,0.4006847657762292,0.09331785152445926,0.1829011930427828,129717.84056770014,45.15041730584605,129762.99098500599,4963,3,1164.6190476190477,38,4,15,37.03570180038455,0.6137609649122808,45.32585470085469,1018.6965811965795,26.80780476833104,0
4969,4,1,1,41,0.023809523809523808,0.023809523809523808,0.9761904761904762,42,1250,700,550,0.56,18,7,11,326.8668710130905,0.4007452574525745,0.09067691247622056,0.18391323592046258,129772.26382725165,83.65076429978868,129855.91459155144,4964,0,1165.5238095238096,38,4,15,36.946235713536765,0.6143092105263158,45.27243589743589,1018.9102564102551,26.81342780026987,0
4970,4,2,1,42,0.046511627906976744,0.023255813953488372,0.9767441860465116,43,650,400,250,0.6153846153846154,9,4,5,320.1729671113736,0.40570782576596526,0.09814023012479622,0.1812146488980615,130003.35784131453,-275.2878371009447,129728.07000421359,4965,0,1139.3720930232557,40,3,16,36.88278525161934,0.61328125,45.04573170731707,1019.8170731707304,25.49542682926826,0
4971,4,1,1,42,0.023255813953488372,0.023255813953488372,0.9767441860465116,43,650,400,250,0.6153846153846154,9,4,5,321.0527629993077,0.40409283868586193,0.09284254715800855,0.18207500762638687,130081.09941998796,-247.42072344505561,129833.6786965429,4966,0,1140.3488372093022,40,3,16,36.78168791924022,0.6140625000000002,44.96951219512194,1020.1219512195111,25.503048780487777,0
4972,4,2,1,43,0.045454545454545456,0.022727272727272728,0.9772727272727273,44,750,600,150,0.8,9,6,3,312.08715269109126,0.41030214940098664,0.09666497797157536,0.17829242736741177,130366.35068618199,-662.740845396278,129703.6098407857,4967,0,1115.3863636363637,40,4,17,36.72214482369721,0.6169270833333333,44.690040650406495,1021.2398373983726,25.530995934959314,0
4973,4,1,1,43,0.022727272727272728,0.022727272727272728,0.9772727272727273,44,1250,900,350,0.72,16,9,7,313.37659471556987,0.40762640944326994,0.09882543356782403,0.179628750471513,130496.1136311057,-621.1144573336128,129874.9991737721,4968,0,1116.3636363636363,40,4,14,36.5582106624229,0.6182291666666667,44.56300813008129,1021.7479674796739,25.543699186991848,0
4974,4,0,0,43,0.0,0.0,1.0,43,1100,800,300,0.7272727272727273,14,8,6,320.9026478146782,0.40520025839793283,0.10403692091695182,0.18359226163773235,130422.1408420138,-229.43793402778263,130192.70290798602,4969,2,1143.3255813953488,39,4,18,36.44069957169081,0.6191239316239316,44.635416666666664,1021.4583333333326,26.191239316239297,0
4975,4,0,0,43,0.0,0.0,1.0,43,800,600,200,0.75,10,6,4,319.2386812110628,0.4049234034699151,0.0991691642323298,0.1828909454040951,130475.34722222232,-269.44444444443945,130205.90277777788,4970,3,1144.3255813953488,39,4,18,36.42944535073408,0.6196581196581197,44.583333333333336,1021.6666666666674,26.196581196581217,0
4976,4,0,0,43,0.0,0.0,1.0,43,1100,600,500,0.5454545454545454,16,6,10,313.458972616291,0.40483111849390924,0.09649116722962425,0.18027923416508113,130625.94112507424,-410.8253395796271,130215.11578549462,4971,4,1145.3255813953488,40,3,15,36.425091957451045,0.6195312500000001,44.43597560975609,1022.2560975609747,25.556402439024367,0
4977,4,1,2,42,0.022727272727272728,0.045454545454545456,0.9545454545454546,44,900,500,400,0.5555555555555556,13,5,8,306.8948105590056,0.40861742424242425,0.0981514123297933,0.17774396243212456,130896.31287989712,-765.7201711703425,130130.59270872678,4972,0,1120.2727272727273,41,3,15,36.32038697689447,0.6206808943089432,44.17162698412697,1023.3134920634905,24.958865660085134,0
4978,4,0,0,42,0.0,0.0,1.0,42,1200,800,400,0.6666666666666666,16,8,8,316.06524145803905,0.4005879790940767,0.0888160074206592,0.18214481440726144,130703.86860499682,-137.81004197238724,130566.05856302443,4973,8,1174.5,40,2,16,36.27985655601935,0.6203125,44.35975609756097,1022.5609756097545,25.564024390243862,0
4979,4,0,0,42,0.0,0.0,1.0,42,1150,900,250,0.782608695652174,14,9,5,316.1447683652541,0.4003339140534263,0.0890817238785857,0.18280467450505508,130833.7993774372,-127.51576029481024,130706.28361714238,4974,9,1175.5,40,2,16,36.14677494122713,0.6216145833333333,44.23272357723577,1023.0691056910555,25.57672764227639,0
4980,4,0,0,42,0.0,0.0,1.0,42,1250,800,450,0.64,17,8,9,318.77719428282035,0.40011614401858303,0.09794033788671896,0.18482470487174887,130937.79047070172,-52.00370563159558,130885.78676507012,4975,10,1176.5,40,2,16,35.97458047860192,0.6226562500000001,44.1310975609756,1023.4756097560957,25.586890243902392,0
4981,4,0,0,42,0.0,0.0,1.0,42,700,600,100,0.8571428571428571,8,6,2,318.2197339546403,0.3999951606658924,0.09975039355561632,0.18475085764409707,130989.80150910467,-63.292042600338306,130926.50946650433,4976,11,1177.5,40,2,16,35.93641417651147,0.6231770833333334,44.08028455284551,1023.678861788615,25.591971544715374,0
4982,4,0,0,42,0.0,0.0,1.0,42,1550,1100,450,0.7096774193548387,20,11,9,318.8347795313246,0.3997652922957801,0.1079532031109729,0.1857350813940282,131119.87428944398,-38.88475775003158,131080.98953169395,4977,12,1178.5,40,2,16,35.78959118872792,0.6244791666666667,43.95325203252032,1024.1869918699176,25.60467479674794,0
4983,4,0,0,42,0.0,0.0,1.0,42,1350,1100,250,0.8148148148148148,16,11,5,322.1233299797531,0.40018873403019745,0.10769176287272475,0.18854403847044762,131302.08462431433,59.09294649350056,131361.17757080783,4978,13,1179.5,40,2,17,35.521814576103125,0.6263020833333333,43.775406504065046,1024.8983739837406,25.622459349593516,0
4984,4,0,0,42,0.0,0.0,1.0,42,1250,700,550,0.56,18,7,11,320.45141435225867,0.39965640727835855,0.11034631583647125,0.18836577626254314,131465.0463533676,25.63717228796486,131490.68352565556,4979,14,1180.5,38,4,17,35.40060596589923,0.6313048245614036,43.61645299145299,1025.5341880341875,26.987741790373356,0
4985,4,0,0,42,0.0,0.0,1.0,42,1500,1000,500,0.6666666666666666,20,10,10,319.0262099413021,0.39937814556716994,0.10768944746040043,0.18833723088421672,131629.44614517124,-1.351335926659715,131628.0948092446,4980,15,1181.5,38,4,16,35.27177685233386,0.6329495614035088,43.45619658119658,1026.1752136752132,27.00461088618982,0
4986,4,0,0,42,0.0,0.0,1.0,42,1100,800,300,0.7272727272727273,14,8,6,320.01026413597896,0.3990151955090979,0.10858510764838858,0.18932626957010368,131711.6845642485,29.818193439971367,131741.5027576885,4981,16,1182.5,38,4,16,35.16383916180959,0.6337719298245614,43.37606837606837,1026.4957264957252,27.013045434098032,0
4987,4,0,0,42,0.0,0.0,1.0,42,1100,800,300,0.7272727272727273,14,8,6,320.7600985659313,0.3983134920634921,0.11357826526365877,0.19031765848245236,131821.37573964478,56.60749506901405,131877.98323471379,4982,17,1183.5,38,4,16,35.034332084893876,0.6348684210526316,43.26923076923076,1026.9230769230755,27.02429149797567,0
4988,4,1,1,42,0.023255813953488372,0.023255813953488372,0.9767441860465116,43,900,600,300,0.6666666666666666,12,6,6,311.3006308109881,0.40259320782576596,0.10890424035014501,0.18581992281984394,132049.81689453125,-378.561740451388,131671.25515407987,4983,0,1156.953488372093,39,4,16,35.04790800986454,0.6354166666666666,43.046875,1027.8125,26.354166666666668,0
4989,4,0,0,42,0.0,0.0,1.0,42,750,500,250,0.6666666666666666,10,5,5,319.8562984560946,0.39764808362369336,0.10895141044875922,0.19046798899394812,131958.55391418294,41.554920921910906,132000.10883510485,4984,19,1185.5,38,4,16,34.91971682090742,0.6362390350877192,43.13568376068376,1027.4572649572651,27.038349077822765,0
4990,4,0,1,41,0.0,0.023809523809523808,0.9761904761904762,42,1350,1100,250,0.8148148148148148,16,11,5,318.3757012526542,0.39751500193573364,0.10424932186537705,0.18990898842555556,132023.05230034728,6.586371527789225,132029.63867187506,4985,20,1186.5,39,3,17,34.892982633961765,0.6351495726495726,43.07291666666667,1027.708333333334,26.35149572649574,0
4991,4,0,0,41,0.0,0.0,1.0,41,1300,900,400,0.6923076923076923,17,9,8,324.4610692031585,0.3965701219512195,0.1123163503653335,0.1932100373081595,131958.55391418294,363.0826986996889,132321.63661288263,4986,21,1213.1707317073171,38,3,17,34.80143669196908,0.6362390350877192,43.13568376068376,1027.4572649572651,27.038349077822765,0
4992,4,1,0,42,0.023809523809523808,0.0,1.0,42,1000,600,400,0.6,14,6,8,316.1040370569108,0.3989547038327526,0.11618295282463786,0.18962401348116267,132237.24500868065,-39.85460069443826,132197.3904079862,4987,0,1185.2619047619048,39,3,18,34.73642900546891,0.6372863247863249,42.864583333333336,1028.5416666666674,26.37286324786327,0
4993,4,0,0,42,0.0,0.0,1.0,42,750,400,350,0.5333333333333333,11,4,7,318.1497811798256,0.3985917537746806,0.1217466743782527,0.1916658437839439,132398.00347222234,24.47916666667237,132422.48263888902,4988,1,1186.2619047619048,39,3,18,34.52260458839406,0.638888888888889,42.708333333333336,1029.1666666666674,26.388888888888907,0
4994,4,0,0,42,0.0,0.0,1.0,42,1300,900,400,0.6923076923076923,17,9,8,313.6652264610231,0.39813201703445605,0.11594496155402689,0.18950287887168427,132505.2300347223,-87.5434027777676,132417.68663194453,4989,2,1187.2619047619048,39,3,18,34.53055443140429,0.6399572649572649,42.60416666666667,1029.5833333333342,26.399572649572672,0
4995,4,0,0,42,0.0,0.0,1.0,42,1250,1000,250,0.8,15,10,5,309.3809239534567,0.39841027874564455,0.10860687316998008,0.18744844216003564,132612.5,-194.4444444444439,132418.05555555556,4990,3,1188.2619047619048,39,3,18,34.53344120819849,0.641025641025641,42.5,1030.0,26.41025641025641,0
4996,4,0,0,42,0.0,0.0,1.0,42,1250,1000,250,0.8,15,10,5,309.66635269112913,0.39704316686024005,0.10155441661252662,0.18856298830022944,132800.32687717033,-175.24142795136856,132625.08544921895,4991,4,1189.2619047619048,39,3,13,34.33815479198249,0.6428952991452991,42.31770833333334,1030.7291666666683,26.428952991453034,0
4997,4,0,0,42,0.0,0.0,1.0,42,1000,600,400,0.6,14,6,8,310.3627091299938,0.39625677506775064,0.10260370060329604,0.18939396393148475,132880.86480034742,-151.7469618055351,132729.1178385419,4992,5,1190.2619047619048,39,3,13,34.239661211019055,0.6436965811965811,42.23958333333334,1031.0416666666683,26.436965811965855,0
4998,4,0,1,41,0.0,0.023809523809523808,0.9761904761904762,42,1050,800,250,0.7619047619047619,13,8,5,311.52700822891666,0.39603900503290745,0.09335333487191311,0.19092595850861352,133042.01388888905,-110.76388888886945,132931.25000000017,4993,6,1191.2619047619048,39,3,15,34.048532579429185,0.6452991452991452,42.08333333333334,1031.666666666668,26.45299145299149,0
4999,4,0,0,41,0.0,0.0,1.0,41,900,600,300,0.6666666666666666,12,6,6,318.62800955316203,0.3934959349593496,0.09589352574694199,0.19493249709925414,132975.889628534,273.96860618015995,133249.85823471416,4994,29,1221.1707317073171,38,3,16,33.93153097161798,0.6463815789473684,42.147435897435905,1031.4102564102575,27.142375168690986,0
5000,4,0,0,41,0.0,0.0,1.0,41,1200,900,300,0.75,15,9,6,317.1402534070467,0.3932164634146342,0.10103591613675511,0.19459596997492126,133086.1058605451,241.3922675140749,133327.49812805917,4995,30,1222.1707317073171,38,3,17,33.85966728791329,0.6474780701754386,42.0405982905983,1031.8376068376078,27.15362123256863,0
