period,mktsize,entries,exits,surviv,entryrate,exitrate,survivrate,firms,totresinv,totinninv,totimiinv,costshareinn,firmsres,firmsinn,firmsimi,hindex,div,gini,pcm,cs,totprofits,ts,maxage,minage,avgage,actfirms,inactfirms,profitablefirms,wmc,avgproxopt,price,totoutput,avgoutput,magtechshock
1,4,40,27,13,1.0,0.675,0.32499999999999996,40,0,0,0,0,0,0,0,390.6579823704579,0.5001469017094017,-0.053035538005922755,0.16839852601756383,118593.86556952696,1665.9280489809726,120259.79361850793,0,0,0.0,38,2,13,46.97748711198861,0.49917763157894735,56.490384615384635,974.0384615384644,25.632591093117483,0
2,4,36,34,15,0.7346938775510204,0.6938775510204082,0.30612244897959184,49,600,500,100,0.8333333333333334,7,5,2,326.08940157575086,0.49865362811791386,-0.10356423133516723,0.1529742927980362,122301.54437834283,-423.75251637520006,121877.79186196763,1,0,0.2653061224489796,42,7,15,44.649417123824435,0.5317460317460317,52.71317829457365,989.147286821707,23.55112587670731,0
3,4,24,18,21,0.6153846153846154,0.46153846153846156,0.5384615384615384,39,450,400,50,0.8888888888888888,5,4,1,322.0898780744342,0.49375843454790824,-0.06687456687456694,0.1573986385307139,124040.31065088743,390.42570677184364,124430.73635765928,2,0,0.6410256410256411,38,1,17,42.94026169026168,0.555921052631579,50.96153846153845,996.1538461538449,26.214574898785393,0
4,4,12,8,25,0.36363636363636365,0.24242424242424243,0.7575757575757576,33,500,0,500,0.0,10,0,10,335.2351539934175,0.48745265151515155,0.010349730305629246,0.16798800258123198,125091.92866025094,1787.0423935505692,126878.9710538015,3,0,1.393939393939394,33,0,19,41.52412817999918,0.5767045454545454,49.90808823529412,1000.3676470588241,30.31417112299467,0
5,4,6,6,25,0.1935483870967742,0.1935483870967742,0.8064516129032258,31,600,300,300,0.5,9,3,6,350.0168513907138,0.4839605734767025,0.06302432973792915,0.17749866416374918,125586.62414550773,2591.4869520399156,128178.11109754765,4,0,2.2580645161290325,31,0,18,40.643132415345974,0.5866935483870968,49.41406249999999,1002.3437499999993,32.33366935483869,0
6,4,5,3,27,0.16666666666666666,0.1,0.9,30,850,500,350,0.5882352941176471,12,5,7,358.9218076103903,0.4823036398467433,0.07121191846201858,0.18434520056855297,126111.33015738803,3052.8213160480814,129164.15147343611,5,0,2.9,30,0,22,39.87828404478344,0.5947916666666666,48.89112903225806,1004.4354838709669,33.4811827956989,0
7,4,2,5,24,0.06896551724137931,0.1724137931034483,0.8275862068965517,29,750,600,150,0.8,9,6,3,406.45981329581906,0.48204022988505746,-0.002443621110116201,0.20517243725453674,125395.42717416424,4546.548234090612,129941.97540825486,6,0,3.586206896551724,28,1,17,39.42732989049874,0.5933779761904762,49.60488505747126,1001.580459770114,35.7707307060755,8
8,4,3,5,22,0.1111111111111111,0.18518518518518517,0.8148148148148149,27,450,200,250,0.4444444444444444,7,2,5,414.1540750884299,0.47726733143399813,-0.018142382560470294,0.21178690193111888,125931.78954524509,5031.03276466835,130962.82230991343,7,0,4.0,27,0,19,38.67756980479367,0.6022376543209876,49.06994047619047,1003.7202380952374,37.17482363315694,0
9,4,6,8,20,0.21428571428571427,0.2857142857142857,0.7142857142857143,28,850,500,350,0.5882352941176471,12,5,7,395.8948461917433,0.478532848324515,-0.049530947282553583,0.20588295453401353,126621.6046744947,4425.7681414321605,131047.37281592685,8,0,4.25,28,0,20,38.42225791101593,0.6060267857142857,48.383620689655174,1006.4655172413796,35.94519704433499,0
10,4,4,1,23,0.16666666666666666,0.041666666666666664,0.9583333333333334,24,500,400,100,0.8,6,4,2,437.0353869128651,0.4744867149758454,-0.01312880044223319,0.2252413147935536,126253.125,6235.416666666667,132488.54166666666,9,0,5.25,24,0,23,37.769485903814264,0.6171875,48.75,1005.0,41.875,0
11,4,0,0,23,0.0,0.0,1.0,23,1000,800,200,0.8,12,8,4,450.89587140085337,0.4725790513833992,0.003246216504606547,0.23169480567720582,126131.01912133487,6774.391155478396,132905.41027681326,10,1,6.478260869565218,23,0,23,37.5482486461574,0.6204710144927537,48.87152777777778,1004.5138888888888,43.67451690821256,0
12,4,1,1,23,0.041666666666666664,0.041666666666666664,0.9583333333333334,24,650,300,350,0.46153846153846156,10,3,7,434.0270163589316,0.47335446859903385,-0.011382450331125948,0.22599337748344384,126672.22222222232,6195.833333333352,132868.05555555568,11,0,7.166666666666667,24,0,23,37.41032008830023,0.6215277777777778,48.33333333333334,1006.6666666666675,41.94444444444448,0
13,4,1,0,24,0.041666666666666664,0.0,1.0,24,1050,700,350,0.6666666666666666,14,7,7,431.3611697250916,0.47252415458937197,0.005855930335096904,0.2264646141056731,127008.00000000001,6157.2638888888905,133165.2638888889,12,0,8.041666666666666,24,0,24,37.12969852292768,0.625,48.0,1008.0000000000001,42.00000000000001,0
14,4,0,0,24,0.0,0.0,1.0,24,800,500,300,0.625,11,5,6,452.26733143926685,0.47199577294685985,0.01075671774372644,0.22704122558205353,125166.7222222223,6521.763888888907,131688.4861111112,13,1,9.041666666666666,24,0,22,38.51911225849434,0.6059027777777778,49.83333333333334,1000.6666666666674,41.69444444444448,7
15,4,3,1,26,0.1111111111111111,0.037037037037037035,0.962962962962963,27,650,400,250,0.6153846153846154,9,4,5,407.6193744145262,0.47329059829059833,0.0012285349172662663,0.20996595235860363,126230.69296077797,4890.815219316883,131121.50818009485,14,0,8.925925925925926,27,0,23,38.53179451108151,0.6053240740740741,48.77232142857142,1004.9107142857135,37.21891534391531,0
16,4,0,0,26,0.0,0.0,1.0,26,1150,900,250,0.782608695652174,14,9,5,418.9600317929349,0.4731410256410256,0.011807952342678618,0.21503090590760413,126082.58078036885,5364.712410455723,131447.29319082457,15,1,10.076923076923077,26,0,23,38.40049426347059,0.6073717948717949,48.91975308641975,1004.320987654321,38.62773029439696,0
17,4,0,0,26,0.0,0.0,1.0,26,850,600,250,0.7058823529411765,11,6,5,419.69731169348205,0.4730448717948718,0.010689341385300866,0.21561245476029003,126121.33070892391,5386.556689147992,131507.8873980719,16,2,11.076923076923077,26,0,23,38.34178317201823,0.6077724358974359,48.88117283950617,1004.4753086419751,38.63366571699904,0
18,4,1,0,27,0.037037037037037035,0.0,1.0,27,750,400,350,0.5333333333333333,11,4,7,407.8488908639979,0.47364672364672367,0.008589568713810669,0.21162443216665305,126529.95068470093,4921.020009566325,131450.97069426725,17,0,11.62962962962963,27,0,20,38.21627101513584,0.6084104938271605,48.47470238095238,1006.1011904761903,37.263007054673714,0
19,4,1,0,28,0.03571428571428571,0.0,1.0,28,750,400,350,0.5333333333333333,11,4,7,431.0976352141971,0.47420634920634924,-0.001189450801853953,0.21666855172453806,125215.61013674196,5196.030684370459,130411.64082111242,18,0,12.178571428571429,28,0,20,38.99775098095511,0.5915178571428572,49.78448275862069,1000.8620689655172,35.745073891625616,8
20,4,1,2,27,0.034482758620689655,0.06896551724137931,0.9310344827586207,29,900,600,300,0.6666666666666666,12,6,6,423.189254302427,0.47270114942528735,0.0014326031832443409,0.2153523330033702,125730.23003472216,4841.536458333325,130571.76649305549,19,0,12.724137931034482,29,0,20,38.66024442597978,0.59375,49.27083333333333,1002.9166666666661,34.583333333333314,0
21,4,4,1,30,0.12903225806451613,0.03225806451612903,0.967741935483871,31,1200,700,500,0.5833333333333334,17,7,10,427.31581571267856,0.4730286738351255,0.05504536145527328,0.21402681359652298,125071.84940216677,4582.221633884928,129654.0710360517,20,0,12.0,28,3,20,39.2421957291966,0.5900297619047619,49.92816091954023,1000.2873563218394,35.724548440065696,7
22,4,4,1,33,0.11764705882352941,0.029411764705882353,0.9705882352941176,34,950,600,350,0.631578947368421,13,6,7,392.8242553044752,0.4750445632798574,0.03686955726029151,0.2017474237961865,126109.22071668827,3107.7521430121474,129216.97285970041,21,0,11.382352941176471,31,3,21,39.02914614121512,0.5920698924731183,48.893229166666664,1004.4270833333326,32.400873655913955,0
23,4,1,1,33,0.029411764705882353,0.029411764705882353,0.9705882352941176,34,800,400,400,0.5,12,4,8,390.65077968969365,0.47502599524658345,0.04036542697939671,0.2011108783766085,126207.32837253138,3060.598246256505,129267.92661878788,22,0,12.352941176470589,31,3,22,38.982252386506005,0.5930779569892473,48.795572916666664,1004.8177083333326,32.41347446236556,0
24,4,1,4,30,0.029411764705882353,0.11764705882352941,0.8823529411764706,34,650,400,250,0.6153846153846154,9,4,5,381.0544246067041,0.4752302436125966,0.02223780352793603,0.19797938488366587,126583.26478165502,2847.0226252423317,129430.28740689735,23,0,12.705882352941176,32,2,16,38.83521539104976,0.5944010416666667,48.42171717171718,1006.313131313132,31.447285353535374,0
25,4,3,2,31,0.09090909090909091,0.06060606060606061,0.9393939393939394,33,750,500,250,0.6666666666666666,10,5,5,393.07824593374596,0.47537878787878785,0.02714523879572428,0.2036572400964579,126469.13528442383,3342.453172471787,129811.58845689561,24,0,13.787878787878787,31,2,17,38.65062028047466,0.595766129032258,48.53515625,1005.859375,32.447076612903224,0
26,4,3,2,32,0.08823529411764706,0.058823529411764705,0.9411764705882353,34,900,700,200,0.7777777777777778,11,7,4,445.3105502750744,0.47706847890671417,0.13942342989060874,0.22471199286448967,125382.23620756155,4606.043139799117,129988.27934736067,25,0,14.294117647058824,29,5,18,38.46828340960569,0.5901580459770115,49.61805555555554,1001.5277777777764,34.53544061302677,8
27,4,6,2,36,0.15789473684210525,0.05263157894736842,0.9473684210526316,38,950,600,350,0.631578947368421,13,6,7,392.31515711083046,0.47621799431009953,0.1650452127478892,0.20689350048588168,127190.50301445849,2394.8131985134496,129585.31621297194,26,0,13.18421052631579,31,7,19,37.92556796179167,0.6031586021505376,47.819010416666664,1008.7239583333328,32.539482526881706,0
28,4,0,2,34,0.0,0.05555555555555555,0.9444444444444444,36,1650,1200,450,0.7272727272727273,21,12,9,411.23839999999984,0.47420634920634924,0.17101481481481473,0.21598655462184882,127024.2585848076,3247.4505723205148,130271.70915712812,27,1,14.666666666666666,30,6,19,37.620000000000005,0.6041666666666667,47.98387096774194,1008.0645161290331,33.60215053763444,0
29,4,0,2,32,0.0,0.058823529411764705,0.9411764705882353,34,1350,900,450,0.6666666666666666,18,9,9,438.69994135384877,0.47231506238859183,0.1795791487326639,0.2293605733655359,126838.6082416767,4328.81799940549,131167.4262410822,28,2,16.352941176470587,28,6,20,37.12023962344887,0.6082589285714286,48.16810344827587,1007.3275862068976,35.97598522167492,0
30,4,2,1,33,0.058823529411764705,0.029411764705882353,0.9705882352941176,34,750,300,450,0.4,12,3,9,425.23015784476024,0.4718508615567439,0.17355621063915372,0.22491089071548173,127309.4200026424,4027.4138343902864,131336.83383703267,29,0,16.41176470588235,28,6,22,36.97264141989372,0.6130952380952381,47.70114942528736,1009.1954022988508,36.042692939244674,0
31,4,1,2,32,0.029411764705882353,0.058823529411764705,0.9411764705882353,34,1050,900,150,0.8571428571428571,12,9,3,422.45097147086807,0.47199940582293526,0.15631769556962594,0.22525380457578578,127635.87753088248,3983.9800914916023,131619.85762237408,30,0,16.529411764705884,28,6,20,36.705827290392904,0.6164434523809523,47.37787356321839,1010.4885057471258,36.088875205254496,0
32,4,2,3,31,0.058823529411764705,0.08823529411764706,0.9117647058823529,34,1000,800,200,0.8,12,8,4,405.11753407116095,0.4700311942959002,0.09877515993134645,0.22007105237006835,128382.79714417833,3602.0244392415043,131984.82158341983,31,0,15.705882352941176,30,4,18,36.37571839080458,0.6180555555555556,46.639784946236546,1013.4408602150522,33.781362007168404,0
33,4,0,1,30,0.0,0.03225806451612903,0.967741935483871,31,1350,1000,350,0.7407407407407407,17,10,7,433.474152573548,0.4666666666666666,0.11284391917217484,0.2329795069839962,127956.26339728598,4893.146568523243,132849.40996580923,32,1,17.70967741935484,27,4,22,36.096760553022506,0.623070987654321,47.061011904761905,1011.7559523809522,37.472442680776005,0
34,4,3,0,33,0.09090909090909091,0.0,1.0,33,800,500,300,0.625,11,5,6,409.13654979867323,0.4650410353535353,0.1249083201770198,0.22547216191994712,128954.40055941363,3951.991705246921,132906.39226466054,33,0,17.333333333333332,29,4,22,35.6874458726469,0.6267959770114943,46.07638888888889,1015.6944444444448,35.02394636015327,0
35,4,1,1,33,0.029411764705882353,0.029411764705882353,0.9705882352941176,34,1100,900,200,0.8181818181818182,13,9,4,398.7408871489224,0.46527777777777773,0.12387642480179273,0.22171446595228259,129307.31336805563,3512.258873456799,132819.57224151245,34,0,17.794117647058822,29,5,23,35.59034890072373,0.6303879310344828,45.72916666666667,1017.083333333334,35.071839080459796,0
36,4,1,1,33,0.029411764705882353,0.029411764705882353,0.9705882352941176,34,1050,600,450,0.5714285714285714,15,6,9,397.22659649962935,0.46483214497920383,0.12696156116963442,0.22181414370908503,129474.83090530692,3486.1692825760156,132961.00018788295,35,0,18.647058823529413,30,4,19,35.45766200035217,0.6291666666666667,45.564516129032256,1017.7419354838706,33.92473118279569,0
37,4,0,2,31,0.0,0.06060606060606061,0.9393939393939394,33,1450,1000,450,0.6896551724137931,19,10,9,412.1845648389544,0.46381786616161613,0.08555531293721885,0.21540523911458312,126821.10106659729,3857.1292562724057,130678.2303228697,36,1,19.303030303030305,30,3,20,37.80607819589005,0.6020833333333333,48.185483870967744,1007.258064516129,33.575268817204304,8
38,4,1,1,31,0.03125,0.03125,0.96875,32,1100,700,400,0.6363636363636364,15,7,8,421.6875283319588,0.46163054435483875,0.13685621171106988,0.22204236769407473,127128.23533904731,4321.9673190225885,131450.2026580699,37,0,20.78125,28,4,22,37.24919266752149,0.6112351190476191,47.88074712643677,1008.4770114942519,36.01703612479471,0
39,4,1,4,28,0.03125,0.125,0.875,32,1200,1000,200,0.8333333333333334,14,10,4,418.2864495676132,0.4633526545698925,0.12303478051465522,0.22139021332904896,127337.21305941344,4252.686149691336,131589.89920910477,38,0,21.1875,29,3,20,37.11914017705609,0.6102729885057472,47.6736111111111,1009.3055555555543,34.80363984674325,0
40,4,0,0,28,0.0,0.0,1.0,28,1000,700,300,0.7,13,7,6,444.47390422243734,0.4592702821869488,0.10705851344227746,0.23361603577246004,127054.50425612938,5694.482311153607,132748.986567283,39,2,22.357142857142858,27,1,22,36.751076260762595,0.6138117283950617,47.95386904761904,1008.1845238095226,37.34016754850084,0
41,4,2,2,28,0.06666666666666667,0.06666666666666667,0.9333333333333333,30,1100,700,400,0.6363636363636364,15,7,8,413.792008774902,0.4614942528735632,0.08682969272335961,0.22130727640503353,127758.10426311707,4573.0565200616975,132331.16078317876,40,0,21.8,29,1,21,36.798638778220436,0.6145833333333333,47.25694444444443,1010.9722222222205,34.86111111111105,0
42,4,0,1,27,0.0,0.03571428571428571,0.9642857142857143,28,1050,800,250,0.7619047619047619,13,8,5,429.6737166542673,0.45902226631393295,0.07076583210603826,0.22900192590914234,127617.73003472216,5366.796874999991,132984.52690972216,41,1,22.928571428571427,27,1,21,36.542096219931274,0.6195987654320987,47.39583333333333,1010.4166666666661,37.422839506172814,0
43,4,0,0,27,0.0,0.0,1.0,27,700,300,400,0.42857142857142855,11,3,8,427.88459444303334,0.45791785375118704,0.054653210548985864,0.2286876514596006,127730.52466429268,5530.784748795336,133261.30941308802,42,2,23.51851851851852,27,0,21,36.470907551891656,0.6207561728395061,47.28422619047618,1010.8630952380943,37.43937389770719,0
44,4,2,1,28,0.06896551724137931,0.034482758620689655,0.9655172413793104,29,1100,700,400,0.6363636363636364,15,7,8,403.8394459697463,0.4585899014778325,0.04777466770227279,0.22047197595517704,128581.32524524377,4585.912094118888,133167.23733936265,43,0,22.82758620689655,28,1,19,36.20437266846107,0.6261160714285714,46.44396551724138,1014.2241379310346,36.22229064039409,0
45,4,0,0,28,0.0,0.0,1.0,28,700,500,200,0.7142857142857143,9,5,4,417.614730524593,0.4564318783068783,0.05811173559265148,0.22721977191162385,128446.04768990945,5128.192318594125,133574.24000850358,44,1,24.642857142857142,27,1,21,35.994079076140146,0.6280864197530864,46.57738095238096,1013.6904761904774,37.54409171075842,0
46,4,0,0,28,0.0,0.0,1.0,28,1250,1200,50,0.96,13,12,1,421.0647677257464,0.4551917989417989,0.056402279345525885,0.23062173904593306,128710.16521843121,5239.063164328243,133949.22838275947,45,2,25.642857142857142,27,1,21,35.635265434814485,0.630787037037037,46.31696428571429,1014.7321428571436,37.582671957671984,0
47,4,0,1,27,0.0,0.03571428571428571,0.9642857142857143,28,1150,800,350,0.6956521739130435,15,8,7,423.18842547221476,0.4542548500881834,0.05731140470258156,0.2326683825138536,128861.21131395272,5306.514624078807,134167.72593803154,46,3,26.642857142857142,27,1,21,35.42628486980313,0.6323302469135803,46.168154761904766,1015.3273809523814,37.60471781305117,0
48,4,1,1,27,0.03571428571428571,0.03571428571428571,0.9642857142857143,28,800,600,200,0.75,10,6,4,411.3171274174879,0.45216049382716045,0.019900698340935996,0.22851668978500614,129274.43560906325,5034.557900647374,134308.99350971062,47,0,26.0,28,0,22,35.304229066591326,0.6331845238095238,45.76149425287356,1016.9540229885054,36.31978653530376,0
49,4,0,1,26,0.0,0.037037037037037035,0.962962962962963,27,700,400,300,0.5714285714285714,10,4,6,423.2495389661433,0.45026115859449195,-0.055120822875141195,0.22205028097735774,126979.50159881661,5348.803101969955,132328.30470078657,47,1,26.22222222222222,27,0,19,37.36358211526158,0.6130401234567902,48.02827380952381,1007.8869047619047,37.329144620811284,8
50,4,0,0,26,0.0,0.0,1.0,26,950,700,250,0.7368421052631579,12,7,5,438.06657023976004,0.44817307692307695,-0.010395810873248257,0.22169651134581178,125502.0463010594,5795.650196235341,131297.69649729473,48,6,28.192307692307693,26,0,18,38.52482160275167,0.6013621794871795,49.49845679012346,1002.006172839507,38.53869895536565,8
51,4,1,0,27,0.037037037037037035,0.0,1.0,27,650,200,450,0.3076923076923077,11,2,9,426.43007739474535,0.4482431149097816,-0.013835359225219612,0.21826231427199935,125969.1330959466,5343.405435090688,131312.53853103728,49,0,28.11111111111111,27,0,19,38.33073920347861,0.6026234567901234,49.03273809523809,1003.8690476190467,37.18033509700173,0
52,4,6,6,27,0.18181818181818182,0.18181818181818182,0.8181818181818181,33,700,600,100,0.8571428571428571,8,6,2,361.4643434707388,0.45951704545454547,-0.017238338770831696,0.19309312855872093,127710.61610918869,2632.5668012302826,130343.18291041897,50,0,23.818181818181817,33,0,15,38.16985935984481,0.6035353535353536,47.303921568627445,1010.7843137254896,30.6298276886512,0
53,4,1,0,28,0.03571428571428571,0.0,1.0,28,800,600,200,0.75,10,6,4,408.26483272830046,0.4541170634920635,0.007236560673035797,0.21382832501296264,126910.98405089827,4762.658334984788,131673.64238588305,51,0,28.107142857142858,28,0,19,37.81192071866534,0.6090029761904762,48.09626436781608,1007.6149425287346,35.98624794745481,0
54,4,1,2,27,0.034482758620689655,0.06896551724137931,0.9310344827586207,29,900,600,300,0.6666666666666666,12,6,6,393.46649242211447,0.45551108374384236,0.004556565488762265,0.20789338672339364,127267.1320408951,4215.07040895062,131482.20244984573,52,0,28.103448275862068,29,0,20,37.81759004358798,0.6095545977011494,47.74305555555556,1009.027777777778,34.794061302682,0
55,4,0,0,27,0.0,0.0,1.0,27,350,200,150,0.5714285714285714,5,2,3,414.36249650642725,0.4557811016144349,0.014086432512536051,0.2173878535118538,126979.50159881666,5123.108657525512,132102.61025634216,53,1,29.444444444444443,27,0,20,37.58751045819183,0.6130401234567902,48.02827380952381,1007.886904761905,37.3291446208113,0
56,4,0,0,27,0.0,0.0,1.0,27,900,700,200,0.7777777777777778,11,7,4,414.4124399177571,0.45536562203228875,0.008571819051523821,0.21781569281945726,127054.50425612948,5130.59342226473,132185.0976783942,54,2,30.444444444444443,27,0,21,37.50876383763837,0.6138117283950617,47.953869047619044,1008.1845238095234,37.340167548500865,0
57,4,0,0,27,0.0,0.0,1.0,27,900,800,100,0.8888888888888888,10,8,2,412.7809538726605,0.4549501424501425,0.004588659455916355,0.21796377470846082,127242.10778061216,5104.6237244897875,132346.73150510195,55,3,31.444444444444443,27,0,21,37.35619469026549,0.6157407407407407,47.76785714285714,1008.9285714285708,37.367724867724846,0
58,4,2,1,28,0.06896551724137931,0.034482758620689655,0.9655172413793104,29,550,300,250,0.5454545454545454,8,3,5,388.1121044130148,0.4562294745484401,0.01590201330847063,0.20884673506301513,128003.94483024687,4135.976080246908,132139.92091049376,56,0,30.20689655172414,29,0,19,37.19519169182907,0.6170977011494253,47.013888888888886,1011.944444444444,34.89463601532565,0
59,4,1,1,28,0.034482758620689655,0.034482758620689655,0.9655172413793104,29,750,400,350,0.5333333333333333,11,4,7,387.9013785649479,0.45751231527093594,0.017317082402816375,0.2090995005163712,128074.22839506157,4136.033950617266,132210.26234567884,57,0,30.93103448275862,29,0,20,37.12838455909259,0.617816091954023,46.944444444444436,1012.2222222222209,34.90421455938693,0
60,4,0,0,28,0.0,0.0,1.0,28,1000,800,200,0.8,12,8,4,397.9967361000555,0.453125,0.01985253848806323,0.2141398787129633,127999.09839889673,4588.6446773021435,132587.74307619888,58,1,32.82142857142857,28,0,20,36.95010412229637,0.6201636904761905,47.018678160919535,1011.9252873563212,36.14018883415433,0
61,4,0,1,27,0.0,0.03571428571428571,0.9642857142857143,28,900,600,300,0.6666666666666666,12,6,6,404.8233234562422,0.4522431657848325,0.02088312802598513,0.20830974988443712,126188.1549123068,4616.781650482231,130804.93656278902,59,2,33.82142857142857,28,0,22,38.64608656275323,0.6015625,48.814655172413794,1004.7413793103449,35.883620689655174,8
62,4,2,1,28,0.06896551724137931,0.034482758620689655,0.9655172413793104,29,700,300,400,0.42857142857142855,11,3,8,391.40278935134404,0.4561268472906404,0.033683489381136855,0.2037993834208723,126672.22222222228,4115.972222222228,130788.19444444451,60,0,33.51724137931034,29,0,19,38.483029801324484,0.603448275862069,48.333333333333336,1006.6666666666672,34.71264367816094,0
63,4,1,0,29,0.034482758620689655,0.0,1.0,29,800,600,200,0.75,10,6,4,393.949628279483,0.4549466338259442,0.042514944430970036,0.20565361804568252,126777.10503472219,4188.758680555551,130965.86371527774,61,0,34.48275862068966,29,0,20,38.31066404633844,0.6045258620689655,48.229166666666664,1007.083333333333,34.727011494252864,0
64,4,1,0,30,0.03333333333333333,0.0,1.0,30,1150,900,250,0.782608695652174,14,9,5,384.98235961368584,0.45459770114942527,0.041024957811528484,0.2032122075429202,127227.57869406867,3796.074690715688,131023.65338478435,62,0,34.3,30,0,21,38.07231992184029,0.60625,47.78225806451613,1008.8709677419354,33.62903225806451,0
65,4,1,2,29,0.03225806451612903,0.06451612903225806,0.935483870967742,31,950,800,150,0.8421052631578947,11,8,3,374.35499945591596,0.45439068100358426,0.042838909237556067,0.1993562416457412,127584.8409864636,3352.4046156141308,130937.24560207773,63,0,34.16129032258065,31,0,20,37.97324075267431,0.6071908602150538,47.42838541666666,1010.2864583333321,32.58988575268813,0
66,4,1,0,30,0.03333333333333333,0.0,1.0,30,800,400,400,0.5,12,4,8,389.52580353100956,0.45177203065134103,0.06320921985815575,0.20804219052224351,127702.62458087633,3948.6934905769326,131651.31807145328,64,0,35.86666666666667,30,0,21,37.46897163120567,0.6111111111111112,47.31182795698924,1010.7526881720424,33.69175627240141,0
67,4,2,2,30,0.0625,0.0625,0.9375,32,950,600,350,0.631578947368421,13,6,7,366.52144292077924,0.45091985887096775,0.04561915887850465,0.19887319671664985,128336.36435376483,3007.60588842974,131343.97024219457,65,0,34.5625,32,0,23,37.40109034267913,0.6123046875,46.685606060606055,1013.2575757575751,31.66429924242422,0
68,4,0,1,29,0.0,0.03333333333333333,0.9666666666666667,30,1000,600,400,0.6,14,6,8,383.45191865389205,0.44813218390804593,0.06557797840325685,0.20688824149721435,128110.51133078958,3824.844273904479,131935.35560469405,66,1,37.43333333333333,30,0,23,37.20376394052044,0.6152777777777778,46.908602150537625,1012.3655913978486,33.74551971326162,0
69,4,1,0,30,0.03333333333333333,0.0,1.0,30,1450,1000,450,0.6896551724137931,19,10,9,380.17883421801866,0.44863505747126436,0.057658493483542905,0.20740775879789947,128553.1225611342,3774.6352540756106,132327.7578152098,67,0,36.3,30,0,20,36.83316766070245,0.6197916666666667,46.471774193548384,1014.1129032258061,33.8037634408602,0
70,4,2,2,30,0.0625,0.0625,0.9375,32,550,300,250,0.5454545454545454,8,3,5,366.2876384077344,0.4494077620967742,0.07489525139664766,0.20361952569870956,129297.68207644635,3072.0285238751217,132369.71060032147,68,0,34.96875,32,0,22,36.42535692116697,0.6220703125,45.73863636363637,1017.0454545454551,31.78267045454547,0
71,4,0,0,30,0.0,0.0,1.0,30,850,300,550,0.35294117647058826,14,3,11,388.14807816130576,0.4479406130268199,0.0869312169312173,0.21450288529966915,129064.7762747139,4019.2489738698278,133084.02524858373,69,1,38.1,30,0,22,36.107528659612,0.625,45.96774193548388,1016.1290322580651,33.8709677419355,0
72,4,0,1,29,0.0,0.03333333333333333,0.9666666666666667,30,1050,700,350,0.6666666666666666,14,7,7,388.7753154092161,0.4466235632183908,0.08291253580083735,0.21578028327738244,129235.553333478,4048.71860186151,133284.27193533952,70,2,39.1,30,0,23,35.9170522141441,0.6267361111111112,45.79973118279571,1016.8010752688184,33.89336917562728,0
73,4,1,1,29,0.03333333333333333,0.03333333333333333,0.9666666666666667,30,750,300,450,0.4,12,3,9,384.8328595235761,0.4468630268199234,0.05988558855885584,0.21545520405699117,129577.44618236218,3973.131828824152,133550.57801118633,71,0,37.8,30,0,18,35.668316831683164,0.6302083333333333,45.46370967741936,1018.145161290323,33.938172043010766,0
74,4,1,0,30,0.03333333333333333,0.0,1.0,30,950,700,250,0.7368421052631579,12,7,5,385.96361763006377,0.4462164750957855,0.06080035180299026,0.2170329541272911,129748.56197248238,4015.644872239568,133764.20684472195,72,0,38.766666666666666,30,0,20,35.465039577836414,0.6319444444444444,45.295698924731184,1018.8172043010754,33.960573476702514,0
75,4,0,1,29,0.0,0.03333333333333333,0.9666666666666667,30,1000,600,400,0.6,14,6,8,382.9229368067795,0.44535440613026817,0.05368319268635746,0.21607794291239696,129885.535900104,3947.2301711180403,133832.76607122205,73,1,39.766666666666666,30,0,22,35.40293161040786,0.6333333333333333,45.16129032258064,1019.354838709677,33.9784946236559,0
76,4,2,0,31,0.06451612903225806,0.0,1.0,31,1050,900,150,0.8571428571428571,12,9,3,368.52826797802084,0.44453405017921144,0.04739355990636507,0.21015491994295715,130295.81917656786,3403.5385131835847,133699.35768975146,74,0,39.25806451612903,31,0,25,35.35276644135526,0.634744623655914,44.75911458333333,1020.9635416666661,32.934307795698906,0
77,4,1,0,32,0.03125,0.0,1.0,32,650,300,350,0.46153846153846156,10,3,7,357.98044710508157,0.4444724462365592,0.04304303531736209,0.20618247942083576,130681.82615294355,2956.3077109478554,133638.13386389142,75,0,39.0,32,0,15,35.230663949946475,0.6360677083333333,44.38131313131313,1022.4747474747473,31.952335858585855,0
78,4,1,2,31,0.030303030303030304,0.06060606060606061,0.9393939393939394,33,800,400,400,0.5,12,4,8,347.7314089347984,0.4439709595959596,0.03328728230008582,0.20250811041589625,131108.39468293454,2518.101361255294,133626.49604418984,76,0,38.78787878787879,33,0,20,35.06130090542859,0.6379419191919191,43.96446078431373,1024.1421568627457,31.034610814022596,0
79,4,0,0,31,0.0,0.0,1.0,31,950,700,250,0.7368421052631579,12,7,5,366.9815996472382,0.44086021505376344,0.043350109606811627,0.21235209204918978,130861.4179823133,3404.7465006510347,134266.16448296435,77,1,42.16129032258065,31,0,23,34.81855009756511,0.6404569892473118,44.205729166666664,1023.1770833333328,33.00571236559138,0
80,4,0,0,31,0.0,0.0,1.0,31,750,400,350,0.5333333333333333,11,4,7,367.9428160752094,0.4404569892473118,0.044127062299926356,0.21327658807899294,130928.03955078112,3434.8063151041515,134362.84586588526,78,2,43.16129032258065,31,0,23,34.726463104325695,0.6411290322580645,44.14062499999999,1023.437499999999,33.01411290322577,0
81,4,0,1,30,0.0,0.03225806451612903,0.967741935483871,31,1050,800,250,0.7619047619047619,13,8,5,410.187385155056,0.43942652329749105,0.01164300303478849,0.2263282870565594,129002.89747450102,4383.072238498281,133385.9697129993,79,3,44.16129032258065,31,0,16,35.611061266341956,0.6216397849462365,46.02864583333334,1015.8854166666679,32.770497311827995,8
82,4,0,0,30,0.0,0.0,1.0,30,950,600,350,0.631578947368421,13,6,7,422.5079003472334,0.43738026819923376,0.01682775056269037,0.23208743064164758,128825.8780820037,4885.990251763209,133711.8683337669,80,4,46.4,30,0,16,35.47983141356635,0.6225694444444445,46.20295698924731,1015.1881720430107,33.83960573476703,0
83,4,1,0,31,0.03225806451612903,0.0,1.0,31,700,300,400,0.42857142857142855,11,3,8,412.6657901888179,0.4386648745519713,0.018246652094687787,0.2286502359122853,129168.29639010954,4460.667419433588,133628.96380954311,81,0,45.87096774193548,31,0,18,35.37863989582001,0.6233198924731183,45.865885416666664,1016.5364583333328,32.79149865591396,0
84,4,1,1,31,0.03125,0.03125,0.96875,32,1000,600,400,0.6,14,6,8,405.4840352739586,0.4399781586021505,0.02040963161933984,0.22675781028410646,129532.54699707031,4104.680209689669,133637.22720675997,82,0,45.40625,31,1,15,35.1885605866803,0.627016129032258,45.5078125,1017.96875,32.837701612903224,0
85,4,0,0,31,0.0,0.0,1.0,31,900,600,300,0.6666666666666666,12,6,6,412.2933198878906,0.4405465949820788,0.02379197361749652,0.2300274668291245,129440.63484579144,4473.501813793509,133914.13665958494,83,1,47.67741935483871,30,1,15,35.10929863954565,0.6288194444444444,45.598118279569896,1017.6075268817206,33.920250896057354,0
86,4,0,1,30,0.0,0.03225806451612903,0.967741935483871,31,900,700,200,0.7777777777777778,11,7,4,411.2944046879936,0.43974014336917566,0.026240817630150293,0.2302701489661161,129577.44618236208,4458.895717713025,134036.34190007512,84,2,48.67741935483871,30,1,16,34.99477447744774,0.6302083333333333,45.46370967741935,1018.1451612903222,33.93817204301074,0
87,4,0,0,30,0.0,0.0,1.0,30,950,600,350,0.631578947368421,13,6,7,424.7870832637418,0.4386015325670498,0.0271635271635271,0.23683334642238754,129413.28124999999,4994.618055555556,134407.89930555553,85,3,51.2,29,1,18,34.81947856947857,0.6314655172413793,45.625,1017.4999999999999,35.08620689655172,0
88,4,0,0,30,0.0,0.0,1.0,30,1250,900,350,0.72,16,9,7,422.9098153573729,0.4380028735632184,0.015440471297437863,0.23018782567438206,128461.13281249993,4879.5572916666515,133340.69010416657,86,4,52.2,29,1,19,35.84437936703657,0.6217672413793103,46.56249999999999,1013.7499999999994,34.95689655172412,8
89,4,0,0,30,0.0,0.0,1.0,30,900,600,300,0.6666666666666666,12,6,6,421.851085091222,0.43723659003831417,0.017864476386036943,0.2308331218420504,128672.4175347221,4856.119791666649,133528.53732638876,87,5,53.2,29,1,19,35.654089664613274,0.6239224137931034,46.35416666666666,1014.5833333333323,34.98563218390801,0
90,4,1,1,30,0.03225806451612903,0.03225806451612903,0.967741935483871,31,950,600,350,0.631578947368421,13,6,7,402.671069123641,0.43947132616487455,0.015124566544254092,0.22310632203531847,129167.22896071801,4202.381236270091,133369.6101969881,88,0,52.45161290322581,30,1,21,35.633732205033276,0.6260416666666666,45.86693548387097,1016.5322580645162,33.88440860215054,0
91,4,1,0,31,0.03225806451612903,0.0,1.0,31,850,600,250,0.7058823529411765,11,6,5,394.2959363370816,0.4413978494623656,0.004223533827453885,0.22106010882382202,129631.97708129893,4022.672356499581,133654.6494377985,89,0,51.193548387096776,31,0,17,35.37178216766825,0.6280241935483871,45.41015625000001,1018.3593750000008,32.85030241935486,0
92,4,1,1,31,0.03125,0.03125,0.96875,32,650,400,250,0.6153846153846154,9,4,5,386.57657044116957,0.44329637096774194,0.0022979078979943335,0.218987765499563,130037.12153096625,3653.860894296501,133690.98242526274,90,0,50.5625,32,0,18,35.155411818106785,0.6295572916666667,45.01262626262626,1019.9494949494951,31.873421717171723,0
93,4,0,0,31,0.0,0.0,1.0,31,900,500,400,0.5555555555555556,13,5,8,394.99322284366554,0.44094982078853046,0.010019363078317634,0.22314552199609686,129930.4962158204,4064.333089192724,133994.82930501312,91,1,53.12903225806452,31,0,18,35.04948914431674,0.6310483870967742,45.11718750000001,1019.5312500000007,32.8881048387097,0
94,4,0,0,31,0.0,0.0,1.0,31,1150,800,350,0.6956521739130435,15,8,7,392.5261114720063,0.4396057347670251,0.007903966803339602,0.2228865659054089,130129.69970703132,4015.86100260418,134145.5607096355,92,2,54.12903225806452,31,0,19,34.909392547217976,0.6330645161290323,44.92187500000001,1020.3125000000006,32.91330645161292,0
95,4,0,1,30,0.0,0.03225806451612903,0.967741935483871,31,900,700,200,0.7777777777777778,11,7,4,392.2861002407712,0.439336917562724,0.003950974985389877,0.22313051187860428,130196.13477918849,4014.8267957899498,134210.96157497843,93,3,55.12903225806452,31,0,19,34.84785659607043,0.633736559139785,44.85677083333334,1020.5729166666677,32.92170698924734,0
96,4,0,0,30,0.0,0.0,1.0,30,600,400,200,0.6666666666666666,8,4,4,397.66847360817906,0.4373563218390804,0.0024499473129606653,0.22598046793662416,130159.70054341553,4352.081888079557,134511.78243149508,94,4,56.06666666666667,30,0,19,34.74765103617843,0.6361111111111111,44.892473118279575,1020.4301075268826,34.01433691756275,0
97,4,0,0,30,0.0,0.0,1.0,30,600,400,200,0.6666666666666666,8,4,4,394.3356934610576,0.4368534482758621,0.004761904761904301,0.2246796392975796,130262.58680555575,4273.437500000022,134536.02430555577,95,5,57.06666666666667,30,0,19,34.72789115646259,0.6371527777777778,44.79166666666668,1020.833333333335,34.027777777777835,0
98,4,0,0,30,0.0,0.0,1.0,30,850,800,50,0.9411764705882353,9,8,1,395.169428140553,0.4366139846743295,0.007481023210916149,0.22555237757954802,130331.20022907287,4300.58117267894,134631.7814017518,96,6,58.06666666666667,30,0,19,34.63675354306524,0.6378472222222222,44.72446236559141,1021.1021505376357,34.03673835125452,0
99,4,0,0,30,0.0,0.0,1.0,30,1000,800,200,0.8,12,8,4,394.7278167496456,0.4357758620689655,0.0013592914145399426,0.22629870761167492,130502.81282518228,4302.618077234389,134805.43090241667,97,7,59.06666666666667,30,0,15,34.47338419714111,0.6395833333333334,44.55645161290324,1021.7741935483886,34.05913978494628,0
100,4,0,0,30,0.0,0.0,1.0,30,800,700,100,0.875,9,7,2,394.4074397013002,0.43548850574712644,0.0008153603366647388,0.22651617609431218,130571.4894785527,4299.673372644269,134871.16285119698,98,8,60.06666666666667,30,0,15,34.41171313343854,0.6402777777777777,44.489247311827974,1022.0430107526903,34.06810035842301,0
101,4,1,0,31,0.03225806451612903,0.0,1.0,31,700,500,200,0.7142857142857143,9,5,4,383.81789456195224,0.4368727598566308,-0.003676787407002946,0.22267103093369087,130961.35669284423,3853.06243896488,134814.41913180912,99,0,59.096774193548384,31,0,16,34.286482847814106,0.6414650537634409,44.108072916666686,1023.5677083333354,33.01831317204308,0
102,4,0,0,31,0.0,0.0,1.0,31,850,400,450,0.47058823529411764,13,4,9,382.71820414875594,0.4365591397849462,0.0005251217420914056,0.22241782994986506,131028.00369262726,3829.360453287801,134857.36414591505,100,1,60.096774193548384,31,0,17,34.2470272160753,0.6421370967741935,44.04296875000002,1023.8281250000025,33.0267137096775,0
103,4,1,0,32,0.03125,0.0,1.0,32,750,500,250,0.6666666666666666,10,5,5,372.8474754324218,0.43760500672043007,-0.005968322866642506,0.218936684597737,131425.2073289718,3400.3113521579726,134825.51868112976,101,0,59.1875,32,0,19,34.097555719738956,0.6435546875,43.655303030303045,1025.37878787879,32.04308712121219,0
104,4,0,0,32,0.0,0.0,1.0,32,650,200,450,0.3076923076923077,11,2,9,374.7880889055675,0.4375,-0.0035542836041362325,0.22063611842527775,131522.32552800752,3458.600206611587,134980.92573461912,102,1,60.1875,32,0,20,33.949563023141295,0.64453125,43.56060606060607,1025.7575757575771,32.054924242424285,0
105,4,0,0,32,0.0,0.0,1.0,32,800,600,200,0.75,10,6,4,373.1700731931344,0.4368699596774193,-0.005583928131922544,0.22005660484524037,131587.09092184485,3420.8728701153086,135007.96379196015,103,2,61.1875,32,0,13,33.92556813520386,0.6451822916666667,43.497474747474755,1026.0101010101023,32.0628156565657,0
106,4,0,1,31,0.0,0.03125,0.96875,32,900,600,300,0.6666666666666666,12,6,6,376.73506624365126,0.43565188172043007,-0.009386531365313644,0.2229152902882741,131716.66953627186,3524.457644628107,135241.12718089996,104,3,62.1875,32,0,14,33.70310578105781,0.646484375,43.371212121212125,1026.515151515152,32.0785984848485,0
107,4,0,0,31,0.0,0.0,1.0,31,950,600,350,0.631578947368421,13,6,7,387.51166099356504,0.433736559139785,-0.003928919301634748,0.22896303687790717,131661.99578179262,4004.1117350260506,135666.10751681868,105,4,64.0,31,0,14,33.481878541825246,0.648521505376344,43.42447916666667,1026.3020833333342,33.106518817204325,0
108,4,0,0,31,0.0,0.0,1.0,31,800,500,300,0.625,11,5,6,387.0355704348269,0.4322580645161291,-0.008897648420217674,0.2300922091303956,131895.95752292202,4009.685431586361,135905.6429545084,106,5,65.0,31,0,15,33.25741010689991,0.6508736559139785,43.19661458333333,1027.213541666666,33.135920698924714,0
109,4,0,1,30,0.0,0.03225806451612903,0.967741935483871,31,650,400,250,0.6153846153846154,9,4,5,386.69024820046235,0.4322132616487455,-0.007064884091745327,0.23008944632742442,131929.3975830078,4003.1622992621524,135932.55988226997,107,6,66.0,31,0,16,33.23246725813267,0.6512096774193548,43.1640625,1027.34375,33.140120967741936,0
110,4,0,1,29,0.0,0.03333333333333333,0.9666666666666667,30,1300,1200,100,0.9230769230769231,14,12,2,393.6602818078489,0.43122605363984673,0.0010814582243152682,0.23435663505756957,131948.81633714863,4388.601644698787,136337.41798184742,108,7,67.3,30,0,17,33.03380647130647,0.6541666666666667,43.14516129032257,1027.4193548387082,34.24731182795694,0
111,4,0,0,29,0.0,0.0,1.0,29,900,600,300,0.6666666666666666,12,6,6,404.249869163375,0.4286227422003284,0.008954138024306557,0.2398895291006416,131826.86149691354,4858.19830246913,136685.05979938267,109,8,70.3103448275862,29,0,17,32.88533495627084,0.6558908045977012,43.263888888888886,1026.9444444444441,35.411877394636,0
112,4,0,1,28,0.0,0.034482758620689655,0.9655172413793104,29,600,600,0,1.0,6,6,0,407.508363312167,0.42887931034482757,0.007832752093396067,0.2422774803100311,131898.18672839506,4949.92283950617,136848.10956790124,110,9,71.3103448275862,29,0,17,32.72940328105282,0.6566091954022988,43.19444444444444,1027.2222222222222,35.421455938697314,0
113,4,0,0,28,0.0,0.0,1.0,28,1000,800,200,0.8,12,8,4,418.9258770559502,0.4293705908289242,0.005941553898738627,0.24846997869866172,131807.18896568223,5443.488447945544,137250.67741362777,111,10,71.82142857142857,28,0,17,32.52850846509024,0.6588541666666667,43.28304597701148,1026.8678160919528,36.6738505747126,0
114,4,0,0,28,0.0,0.0,1.0,28,950,800,150,0.8421052631578947,11,8,3,418.7753097019122,0.42766203703703703,0.005936570070499636,0.249833176838847,132028.58958003024,5458.062698176752,137486.65227820698,112,11,72.82142857142857,28,0,17,32.30783121301085,0.6610863095238095,43.06752873563217,1027.72988505747,36.7046387520525,0
115,4,0,0,28,0.0,0.0,1.0,28,750,600,150,0.8,9,6,3,420.0902749602077,0.42691798941798936,-0.003760973663208267,0.25233610475797674,132287.12511560298,5514.506952701793,137801.63206830478,113,12,73.82142857142857,28,0,18,32.01204608938548,0.6636904761904762,42.81609195402298,1028.7356321839068,36.74055829228239,0
116,4,0,0,28,0.0,0.0,1.0,28,800,600,200,0.75,10,6,4,419.44631119998706,0.42589836860670194,0.0013013302486988287,0.25269082650340663,132398.00347222216,5506.770833333325,137904.77430555547,114,13,74.82142857142857,28,0,18,31.91632928475034,0.6648065476190477,42.70833333333333,1029.166666666666,36.75595238095236,0
117,4,0,0,28,0.0,0.0,1.0,28,700,300,400,0.42857142857142855,11,3,8,435.706489609583,0.42633928571428575,0.0192315480409031,0.23700148683081015,128435.64467317349,5592.048776258431,134027.6934494319,115,14,75.82142857142857,28,0,16,35.546302858492794,0.6246279761904762,46.58764367816092,1013.6494252873565,36.20176518883416,8
118,4,1,0,29,0.034482758620689655,0.0,1.0,29,850,600,250,0.7058823529411765,11,6,5,423.5147163740309,0.4290845648604269,0.028012525465932248,0.23318822335293032,128919.13580246919,5119.830246913587,134038.96604938278,116,0,74.17241379310344,29,0,17,35.358543034281546,0.6264367816091954,46.111111111111114,1015.555555555556,35.01915708812262,0
119,4,1,0,30,0.03333333333333333,0.0,1.0,30,1000,600,400,0.6,14,6,8,412.237085486547,0.4300766283524904,0.024636098981077437,0.23024949408882728,129483.95061728386,4675.925925925916,134159.87654320977,117,0,72.66666666666667,29,1,17,35.066411935953425,0.632183908045977,45.55555555555555,1017.777777777777,35.095785440613,0
120,4,1,0,31,0.03225806451612903,0.0,1.0,31,350,200,150,0.5714285714285714,5,2,3,400.60317832675554,0.43230286738351253,0.025632842718000592,0.2254619669558376,129782.79867976058,4198.280328650705,133981.0790084113,118,0,71.29032258064517,30,1,18,35.057215406938404,0.6322916666666667,45.262096774193544,1018.9516129032252,33.96505376344084,0
121,4,0,0,31,0.0,0.0,1.0,31,750,500,250,0.6666666666666666,10,5,5,396.997499547374,0.4320340501792115,0.026630412392369962,0.22427780818585424,129930.49621582041,4116.4164225260565,134046.91263834646,119,1,72.29032258064517,31,0,19,34.99840357598979,0.6310483870967742,45.11718750000001,1019.5312500000008,32.8881048387097,0
122,4,0,2,29,0.0,0.06451612903225806,0.935483870967742,31,700,300,400,0.42857142857142855,11,3,8,398.48025020059595,0.43163082437275985,0.02767447894145114,0.22569022413747433,130030.07888793955,4162.883673773887,134192.96256171344,120,2,73.29032258064517,31,0,19,34.859063151623474,0.6320564516129032,45.01953125000001,1019.9218750000008,32.90070564516132,0
123,4,1,0,30,0.03333333333333333,0.0,1.0,30,800,600,200,0.75,10,6,4,408.65717674755206,0.43213601532567053,0.04673740534167692,0.2330518934267848,130298.0348186729,4649.653098023977,134947.6879166969,121,0,72.43333333333334,29,1,20,34.32625379766925,0.6404454022988506,44.75694444444445,1020.9722222222227,35.205938697318025,0
124,4,1,1,30,0.03225806451612903,0.03225806451612903,0.967741935483871,31,1100,700,400,0.6363636363636364,15,7,8,397.4972415091147,0.43458781362007165,0.04378788521046184,0.22951092624312314,130777.62783269744,4196.7492629205735,134974.37709561802,122,0,71.06451612903226,30,1,19,34.123138414367055,0.6423611111111112,44.28763440860215,1022.8494623655915,34.09498207885305,0
125,4,0,0,30,0.0,0.0,1.0,30,600,400,200,0.6666666666666666,8,4,4,407.02962378431994,0.4340517241379311,0.04378197292770181,0.23468748002536743,130723.7871334874,4641.69077932096,135365.47791280836,123,1,72.23333333333333,29,1,20,33.93416972248631,0.6447557471264368,44.340277777777764,1022.638888888887,35.26340996168576,0
126,4,0,0,30,0.0,0.0,1.0,30,750,500,250,0.6666666666666666,10,5,5,405.38242333489575,0.43333333333333335,0.04609640190088227,0.23416796453815733,130794.81336805549,4604.383680555547,135399.19704861104,124,2,73.23333333333333,29,1,20,33.904022403258644,0.6454741379310345,44.27083333333333,1022.9166666666661,35.27298850574711,0
127,4,1,0,31,0.03225806451612903,0.0,1.0,31,750,500,250,0.6666666666666666,10,5,5,395.50883688828776,0.43458781362007165,0.0537662623475339,0.23082452946114299,131190.39231414025,4177.391895016747,135367.784209157,125,0,71.83870967741936,30,1,21,33.75481063587859,0.6465277777777778,43.88440860215053,1024.462365591397,34.14874551971323,0
128,4,0,0,31,0.0,0.0,1.0,31,1250,800,450,0.64,17,8,9,393.2844206490849,0.43364695340501797,0.05507474429583037,0.2303523035230352,131328.12499999985,4129.861111111095,135457.98611111095,126,1,72.83870967741936,30,1,22,33.67208672086722,0.6479166666666667,43.74999999999999,1024.9999999999989,34.16666666666663,0
129,4,0,1,30,0.0,0.03225806451612903,0.967741935483871,31,950,600,350,0.631578947368421,13,6,7,391.60633095121966,0.4328853046594982,0.06201393115574527,0.230612617115718,131534.8595213318,4101.976745866557,135636.83626719835,127,2,73.83870967741936,30,1,22,33.50557957721874,0.65,43.548387096774185,1025.806451612902,34.19354838709673,0
130,4,0,1,29,0.0,0.03333333333333333,0.9666666666666667,30,900,500,400,0.5555555555555556,13,5,8,393.89662871770867,0.43069923371647506,0.047092718700890046,0.23280144403161146,131672.77286391472,4373.092265001706,136045.86512891643,128,3,73.7,30,0,17,33.30714160991792,0.6513888888888889,43.41397849462364,1026.344086021504,34.21146953405013,0
131,4,0,0,29,0.0,0.0,1.0,29,1050,800,250,0.7619047619047619,13,8,5,400.5522585654095,0.43011083743842365,0.0330362558909989,0.23680649526387,131684.2689043209,4749.286265432085,136433.55516975297,129,4,73.27586206896552,29,0,17,33.124718087505634,0.6544540229885057,43.40277777777777,1026.3888888888882,35.39272030651339,0
132,4,0,0,29,0.0,0.0,1.0,29,1000,600,400,0.6,14,6,8,398.15016725022537,0.4287253694581281,0.03301391900398687,0.2364916053667001,131862.52170138885,4700.217013888884,136562.73871527772,130,5,74.27586206896552,29,0,19,33.005831643002026,0.65625,43.229166666666664,1027.083333333333,35.41666666666666,0
133,4,0,0,29,0.0,0.0,1.0,29,850,700,150,0.8235294117647058,10,7,3,397.6730307374341,0.42795566502463056,0.03970713656551905,0.23709772396666207,132005.21074459885,4698.98244598767,136704.19319058652,131,6,75.27586206896552,29,0,20,32.873670991575445,0.6576867816091954,43.090277777777786,1027.6388888888896,35.4358237547893,0
134,4,0,0,29,0.0,0.0,1.0,29,1150,700,450,0.6086956521739131,16,7,9,397.344126090293,0.4270833333333333,0.0410830651133971,0.23779616535541165,132147.97694830265,4701.644483024715,136849.62143132737,132,7,76.27586206896552,29,0,21,32.73771331442208,0.6591235632183908,42.9513888888889,1028.194444444446,35.45498084291193,0
135,4,0,0,29,0.0,0.0,1.0,29,600,400,200,0.6666666666666666,8,4,4,386.29024541343017,0.42641625615763545,0.04624646924186804,0.21751431547186023,129802.20148533952,4228.264853395064,134030.46633873458,133,8,77.27586206896552,29,0,19,35.40204329653355,0.6354166666666667,45.24305555555556,1019.0277777777778,35.13888888888889,8
136,4,1,0,30,0.03333333333333333,0.0,1.0,30,1150,800,350,0.6956521739130435,15,8,7,383.3944255771607,0.4269875478927203,0.0672937771345874,0.2196067090287867,130468.4812731241,4004.1776867267963,134472.6589598509,134,0,75.66666666666667,30,0,20,34.797778801034944,0.6392361111111111,44.590053763440864,1021.6397849462369,34.0546594982079,0
137,4,0,0,30,0.0,0.0,1.0,30,550,200,350,0.36363636363636365,9,2,7,383.23739993207505,0.4269875478927203,0.006094561355561634,0.21214306298811855,129130.79668209885,3997.819152182029,133128.61583428088,135,1,76.66666666666667,29,1,22,36.164821900337074,0.6285919540229885,45.902777777777786,1016.3888888888896,35.047892720306535,7
138,4,0,1,29,0.0,0.03333333333333333,0.9666666666666667,30,950,700,250,0.7368421052631579,12,7,5,382.96505434858324,0.4261015325670498,0.005339341799808883,0.21294252794188864,129307.3133680555,3904.0364583333276,133211.34982638882,136,2,77.66666666666667,29,1,22,35.991482315990716,0.6303879310344828,45.729166666666664,1017.0833333333329,35.07183908045975,0
139,4,0,0,29,0.0,0.0,1.0,29,850,500,350,0.5882352941176471,12,5,7,382.069254018802,0.4225164203612479,0.02851603674145453,0.2133996565129405,129483.95061728387,4094.3672839506053,133578.3179012345,137,3,80.72413793103448,29,0,21,35.83401564774381,0.632183908045977,45.55555555555555,1017.7777777777771,35.09578544061301,0
140,4,0,0,29,0.0,0.0,1.0,29,600,500,100,0.8333333333333334,7,5,2,382.56878514170205,0.4226190476190476,0.02483887660535311,0.21406329733501334,129554.63927469132,4112.712191358016,133667.35146604932,138,4,81.72413793103448,29,0,21,35.74920418371985,0.6329022988505747,45.48611111111111,1018.0555555555553,35.10536398467432,0
141,4,0,0,29,0.0,0.0,1.0,29,950,700,250,0.7368421052631579,12,7,5,384.28398770988827,0.42066912972085385,0.026789113280350385,0.21638462147562915,129802.20148533944,4176.181520061717,133978.38300540115,139,5,82.72413793103448,29,0,22,35.4531541047658,0.6354166666666667,45.24305555555555,1019.0277777777771,35.138888888888864,0
142,4,0,0,29,0.0,0.0,1.0,29,900,800,100,0.8888888888888888,10,8,2,384.0328460379096,0.42082307060755336,0.017194400075166927,0.21683085307063502,129908.3719135802,4177.816358024684,134086.1882716049,140,6,83.72413793103448,29,0,23,35.3513851044505,0.6364942528735632,45.138888888888886,1019.444444444444,35.153256704980826,0
143,4,0,0,29,0.0,0.0,1.0,29,650,600,50,0.9230769230769231,7,6,1,384.4828717816487,0.42092569786535305,0.014937361723715403,0.21728165987290848,129943.7717013888,4192.230902777772,134136.00260416657,141,7,84.72413793103448,29,0,23,35.30385846614905,0.6368534482758621,45.104166666666664,1019.5833333333326,35.15804597701147,0
144,4,0,0,29,0.0,0.0,1.0,29,1150,700,450,0.6086956521739131,16,7,9,384.76120295612805,0.4202586206896552,0.018593644354293337,0.21803134834180585,130049.99999999999,4207.638888888889,134257.63888888888,142,8,85.72413793103448,29,0,23,35.18858932461875,0.6379310344827587,45.0,1019.9999999999999,35.172413793103445,0
145,4,0,0,29,0.0,0.0,1.0,29,1050,800,250,0.7619047619047619,13,8,5,383.3277714824939,0.41964285714285715,0.01238732926365782,0.21820881430091774,130227.14361496916,4183.936149691364,134411.07976466054,143,9,86.72413793103448,29,0,23,35.04487572005264,0.6397270114942528,44.82638888888889,1020.6944444444446,35.19636015325671,0
146,4,0,0,29,0.0,0.0,1.0,29,900,500,400,0.5555555555555556,13,5,8,383.34027488546474,0.4190784072249589,0.015482054890922248,0.2184148077835786,130262.58680555546,4186.97916666666,134449.56597222213,144,10,87.72413793103448,29,0,23,35.00850340136056,0.6400862068965517,44.791666666666664,1020.8333333333326,35.20114942528733,0
147,4,1,0,30,0.03333333333333333,0.0,1.0,30,800,500,300,0.625,11,5,6,393.40208978983543,0.422198275862069,0.11124828532235909,0.21243712848651125,128144.53125,4169.270833333333,132313.80208333334,145,0,85.76666666666667,28,2,22,36.91700960219479,0.6216517857142857,46.875,1012.5,36.160714285714285,6
148,4,1,0,31,0.03225806451612903,0.0,1.0,31,1000,700,300,0.7,13,7,6,390.2049653192089,0.426836917562724,0.12573059085188198,0.2022364238538058,126482.8665163601,3670.8485084980675,130153.71502485816,146,0,83.96774193548387,30,1,16,38.70868964902903,0.5986111111111111,48.521505376344074,1005.9139784946221,33.53046594982074,8
149,4,3,1,33,0.08823529411764706,0.029411764705882353,0.9705882352941176,34,1100,1000,100,0.9090909090909091,12,10,2,359.8786549159224,0.4369243909685086,0.1208230440926672,0.19136257250432467,127524.87775134562,2378.696294694342,129903.57404603995,147,0,77.47058823529412,33,1,17,38.40036803364877,0.6016414141414141,47.48774509803921,1010.049019607843,30.607546048722515,0
150,4,1,0,34,0.029411764705882353,0.0,1.0,34,550,200,350,0.36363636363636365,9,2,7,359.77206309577923,0.43601455733808675,0.12378774147048133,0.19145262208511987,127555.82475790556,2378.2044466070665,129934.02920451263,148,0,78.44117647058823,33,1,18,38.37132010999231,0.6019570707070707,47.45710784313725,1010.1715686274505,30.61125965537729,0
151,4,3,1,36,0.08108108108108109,0.02702702702702703,0.972972972972973,37,1100,900,200,0.8181818181818182,13,9,4,339.9743209876538,0.44413163163163166,0.12884684684684622,0.1847686527106818,128401.20525931365,1330.6225144063262,129731.82777371997,149,0,73.0,36,1,15,38.00740740740739,0.6041666666666667,46.621621621621635,1013.5135135135158,28.153153153153216,0
152,4,2,1,37,0.05263157894736842,0.02631578947368421,0.9736842105263158,38,950,600,350,0.631578947368421,13,6,7,335.30381610963633,0.4436344238975818,0.14568714239447322,0.18476616589075273,128950.68825263514,1047.5315722145,129998.21982484964,150,0,72.02631578947368,37,1,19,37.56601083162402,0.6078265765765766,46.08004385964911,1015.6798245614011,27.450806069227056,0
153,4,1,1,37,0.02631578947368421,0.02631578947368421,0.9736842105263158,38,1150,1000,150,0.8695652173913043,13,10,3,335.931201289976,0.44358997155049784,0.15120793787748066,0.18628912071535003,129201.38888888869,1081.0424842258915,130282.43137311458,151,0,72.26315789473684,35,3,21,37.29508196721311,0.6142857142857143,45.83333333333332,1016.666666666665,29.047619047619,0
154,4,0,3,34,0.0,0.08108108108108109,0.9189189189189189,37,1150,1000,150,0.8695652173913043,13,10,3,382.16015793390176,0.4422547547547548,0.16418470779627148,0.20184017330137502,127251.20722694094,2504.0196791143544,129755.2269060553,152,1,75.13513513513513,32,5,20,38.119186167772085,0.6012369791666667,47.75883838383837,1008.9646464646449,31.530145202020154,8
155,4,6,2,38,0.15,0.05,0.95,40,1100,700,400,0.6363636363636364,15,7,8,353.3402478937142,0.4451121794871795,0.197097793546956,0.1946716979690536,128943.91593874276,1112.21504443632,130056.13098317909,153,0,67.05,36,4,19,37.1149332889825,0.6096643518518519,46.08671171171171,1015.6531531531529,28.212587587587578,0
156,4,0,0,38,0.0,0.0,1.0,38,1150,900,250,0.782608695652174,14,9,5,369.521525791961,0.4409969179706022,0.2239048718312726,0.20289182552659704,128808.3351048753,1919.4905045351472,130727.82560941044,154,1,71.57894736842105,34,4,19,36.84252961182126,0.6124387254901961,46.220238095238095,1015.1190476190477,29.856442577030815,0
157,4,0,1,37,0.0,0.02631578947368421,0.9736842105263158,38,950,600,350,0.631578947368421,13,6,7,368.63893452579674,0.44041903745851113,0.22426876592489275,0.2030250968650467,128929.21095521541,1905.6653911564595,130834.87634637188,155,2,72.57894736842105,34,4,20,36.74149181416793,0.6136642156862745,46.101190476190474,1015.5952380952381,29.87044817927171,0
158,4,0,0,37,0.0,0.0,1.0,37,1000,600,400,0.6,14,6,8,381.15766759589167,0.4394707207207207,0.23716477094855537,0.21004220405816146,128952.32602845048,2430.2335640138276,131382.5595924643,156,3,75.27027027027027,33,4,20,36.4000160875161,0.6161616161616161,46.07843137254901,1015.686274509803,30.778371954842513,0
159,4,0,0,37,0.0,0.0,1.0,37,1700,1400,300,0.8235294117647058,20,14,6,376.9275308272234,0.43825075075075076,0.2442237344009066,0.20918847647314193,129232.53864198859,2342.260338571693,131574.79898056027,157,4,76.27027027027027,33,4,21,36.22129986742196,0.6190025252525253,45.80269607843137,1016.789215686274,30.811794414735576,0
160,4,2,0,39,0.05128205128205128,0.0,1.0,39,1500,1400,100,0.9333333333333333,16,14,2,361.618503382055,0.44028340080971656,0.2443623791938403,0.20463844786764834,129996.88042534713,1601.85546874999,131598.73589409713,158,0,73.3076923076923,35,4,21,35.83269492679606,0.6223214285714286,45.05208333333333,1019.7916666666658,29.136904761904738,0
161,4,0,1,38,0.0,0.02564102564102564,0.9743589743589743,39,1650,1400,250,0.8484848484848485,19,14,5,363.6763383519821,0.4400303643724696,0.24498580669179626,0.2065831571463318,130144.46159122066,1666.0922496570454,131810.55384087772,159,1,74.3076923076923,35,4,21,35.63029340592862,0.6238095238095238,44.9074074074074,1020.3703703703688,29.15343915343911,0
162,4,0,0,38,0.0,0.0,1.0,38,1250,1000,250,0.8,15,10,5,370.9363112324672,0.4375,0.19571573862191616,0.20313178948444655,128703.50346020782,2026.8749836838856,130730.3784438917,160,2,76.92105263157895,33,5,15,36.913747987117546,0.6136363636363636,46.32352941176472,1014.7058823529429,30.748663101604333,8
163,4,0,0,38,0.0,0.0,1.0,38,700,400,300,0.5714285714285714,10,4,6,372.44952267946127,0.43773707918444765,0.1946758420862007,0.20443998650457113,128796.78376405714,1994.060127114576,130790.84389117171,161,3,77.92105263157895,33,5,15,36.78002635920962,0.6145833333333333,46.231617647058826,1015.0735294117651,30.75980392156864,0
164,4,1,4,35,0.02564102564102564,0.10256410256410256,0.8974358974358975,39,1450,1300,150,0.896551724137931,16,13,3,369.5243214189734,0.43887764282501124,0.2044976881042455,0.20491803278688514,129201.38888888882,1749.2456326893403,130950.63452157816,162,0,76.8974358974359,33,6,16,36.44125683060109,0.6186868686868687,45.83333333333333,1016.6666666666661,30.80808080808079,0
165,4,0,0,35,0.0,0.0,1.0,35,1450,900,550,0.6206896551724138,20,9,11,399.31520442335966,0.43438375350140057,0.20365661524933176,0.2195952019811959,128870.65463595914,3292.0023600260365,132162.6569959852,163,1,81.65714285714286,31,4,18,36.022591262716944,0.6202956989247312,46.158854166666664,1015.3645833333328,32.75369623655912,0
166,4,0,0,35,0.0,0.0,1.0,35,950,600,350,0.631578947368421,13,6,7,398.32716475583425,0.43462885154061626,0.2015927939803377,0.21996793111038734,129035.96878051755,3279.706319173175,132315.67509969074,164,2,82.65714285714286,31,4,18,35.87842816865309,0.6219758064516129,45.99609375,1016.0156249999998,32.77469758064515,0
167,4,1,1,35,0.027777777777777776,0.027777777777777776,0.9722222222222222,36,1500,1200,300,0.8,18,12,6,387.29859440286964,0.4364252645502646,0.19503432689437594,0.21640551196906577,129499.41211276574,2831.094021267351,132330.5061340331,165,0,81.33333333333333,31,5,16,35.68517867041919,0.6266801075268817,45.54036458333333,1017.8385416666658,32.833501344085995,0
168,4,0,0,35,0.0,0.0,1.0,35,950,600,350,0.631578947368421,13,6,7,399.5515285831705,0.43403361344537816,0.2003736060531729,0.22291854258682262,129440.63484579137,3343.6407026823827,132784.27554847376,166,4,84.65714285714286,30,5,16,35.43345220798661,0.6288194444444444,45.59811827956989,1017.60752688172,33.92025089605733,0
169,4,1,0,36,0.027777777777777776,0.0,1.0,36,1350,1000,350,0.7407407407407407,17,10,7,387.7273831518134,0.43624338624338627,0.19270500532481383,0.21811407427483387,129764.60986667205,2862.6585218641453,132627.2683885362,167,0,83.27777777777777,31,5,18,35.40375399361022,0.6293682795698925,45.279947916666664,1018.8802083333329,32.86710349462364,0
170,4,0,0,36,0.0,0.0,1.0,36,1000,800,200,0.8,12,8,4,388.06074813608956,0.4366071428571428,0.18763752253595123,0.21867181250260428,129830.95169067383,2876.459248860677,132707.41093953451,168,1,84.27777777777777,31,5,19,35.327631915165455,0.6300403225806452,45.21484375,1019.140625,32.875504032258064,0
171,4,0,0,36,0.0,0.0,1.0,36,1550,1300,250,0.8387096774193549,18,13,5,387.8951818449172,0.4352513227513228,0.1877268976897697,0.22009782790076768,130101.52025303546,2893.150571370281,132994.67082440574,169,2,85.27777777777777,32,4,19,35.056208745874606,0.6302083333333333,44.949494949494955,1020.2020202020207,31.881313131313146,0
172,4,0,0,36,0.0,0.0,1.0,36,800,400,400,0.5,12,4,8,394.0024989587672,0.43450727513227516,0.1967120181405897,0.22448979591836749,130262.58680555562,3064.7569444444543,133327.3437500001,170,3,86.27777777777777,32,4,19,34.73639455782313,0.6318359375,44.79166666666667,1020.8333333333339,31.901041666666686,0
173,4,2,1,37,0.05263157894736842,0.02631578947368421,0.9736842105263158,38,1550,1200,350,0.7741935483870968,19,12,7,374.6275432761084,0.43520329540066377,0.19986013633557187,0.21763828209517444,131014.28086553246,2216.311634948094,133230.59250048056,171,0,82.6842105263158,33,5,18,34.468019312105966,0.6369949494949495,44.056372549019606,1023.7745098039214,31.023469994058225,0
174,4,0,1,36,0.0,0.02702702702702703,0.972972972972973,37,1000,500,500,0.5,15,5,10,389.49718616233304,0.4348098098098098,0.24803445912346977,0.2145969428417675,128944.78242016114,2667.568761410009,131612.35118157114,172,1,81.8108108108108,32,5,17,36.195974225095306,0.6184895833333333,46.08585858585858,1015.656565656565,31.739267676767657,7
175,4,0,1,35,0.0,0.027777777777777776,0.9722222222222222,36,1000,500,500,0.5,15,5,10,398.6003906557173,0.43348214285714287,0.2513819435540168,0.21938492919717262,128903.7089877657,3076.213751898847,131979.92273966456,173,2,83.77777777777777,31,5,17,36.006886566653826,0.6206317204301075,46.12630208333332,1015.4947916666655,32.75789650537631,0
176,4,1,0,36,0.027777777777777776,0.0,1.0,36,1000,500,500,0.5,15,5,10,397.7425423273315,0.43685515873015873,0.2620673952641166,0.22056631892697445,129201.38888888873,3077.777777777754,132279.16666666648,174,0,84.69444444444444,31,5,18,35.724043715846996,0.6236559139784946,45.83333333333332,1016.6666666666654,32.79569892473114,0
177,4,1,2,35,0.02702702702702703,0.05405405405405406,0.9459459459459459,37,850,300,550,0.35294117647058826,14,3,11,389.6774848189832,0.4380630630630631,0.261161843802886,0.21839811779465557,129618.91842987927,2701.9148237424356,132320.8332536217,175,0,83.37837837837837,32,5,15,35.50268650547633,0.6253255208333333,45.42297979797978,1018.3080808080781,31.82212752525244,0
178,4,0,0,35,0.0,0.0,1.0,35,1200,1000,200,0.8333333333333334,14,10,4,405.24062258518836,0.4388655462184874,0.25653944788052496,0.22707862105809035,129611.66030754971,3504.7819834662537,133116.44229101596,176,1,82.91428571428571,30,5,16,35.11390135515663,0.6305555555555555,45.4301075268817,1018.2795698924707,33.94265232974902,0
179,4,0,0,35,0.0,0.0,1.0,35,750,500,250,0.6666666666666666,10,5,5,408.8649260062213,0.4388655462184874,0.2183190013869627,0.21183645562696563,126469.13528442371,3341.7587280273287,129810.89401245104,177,2,83.91428571428571,31,4,17,38.25364077669904,0.595766129032258,48.53515624999999,1005.8593749999991,32.447076612903196,8
180,4,0,0,35,0.0,0.0,1.0,35,1450,900,550,0.6206896551724138,20,9,11,401.44589774078514,0.4380952380952381,0.20831527093596103,0.20938724882163212,126742.1392746911,3176.022376543175,129918.16165123427,178,3,84.91428571428571,32,3,18,38.158045977011504,0.5960286458333333,48.26388888888887,1006.9444444444423,31.467013888888822,0
181,4,2,1,36,0.05405405405405406,0.02702702702702703,0.972972972972973,37,1350,1100,250,0.8148148148148148,16,11,5,379.99889079252085,0.44228603603603606,0.2006110790738871,0.20184912902898855,127482.44224773209,2288.6373299319303,129771.07957766402,179,0,81.27027027027027,34,3,17,37.93592086133049,0.5989583333333333,47.529761904761884,1009.8809523809496,29.70238095238087,0
182,4,0,1,35,0.0,0.027777777777777776,0.9722222222222222,36,1450,1200,250,0.8275862068965517,17,12,5,389.0874165145269,0.4399140211640212,0.20481517444134245,0.20641926752499584,127432.05925905892,2716.442143646658,130148.50140270559,180,1,84.52777777777777,33,3,17,37.758298944046594,0.6006944444444444,47.57965686274509,1009.6813725490188,30.596405228758144,0
183,4,0,0,35,0.0,0.0,1.0,35,1350,700,650,0.5185185185185185,20,7,13,391.4707108885251,0.4405812324929972,0.18040938806130136,0.20790058072286988,127474.24529384746,2980.4866850321278,130454.73197887959,181,2,82.94285714285714,32,3,17,37.65472618154537,0.603515625,47.53787878787878,1009.848484848484,31.557765151515124,0
184,4,1,0,36,0.027777777777777776,0.0,1.0,36,1450,900,550,0.6206896551724138,20,9,11,377.6069333434476,0.44480820105820107,0.1736464475136632,0.20265069101539743,127896.48963139163,2458.9202470203563,130355.40987841199,182,0,81.61111111111111,33,3,19,37.571177610855344,0.6054292929292929,47.12009803921568,1011.5196078431361,30.652109328579883,0
185,4,2,2,36,0.05263157894736842,0.05263157894736842,0.9473684210526316,38,700,400,300,0.5714285714285714,10,4,6,362.74384573286807,0.4480648411569464,0.17944662077828966,0.1978138334156576,128536.57171201818,1725.4103602225252,130261.9820722407,183,0,78.26315789473684,34,4,17,37.292106910855445,0.6096813725490196,46.48809523809524,1014.0476190476194,29.824929971988805,0
186,4,0,0,36,0.0,0.0,1.0,36,1150,800,350,0.6956521739130435,15,8,7,384.107607651323,0.4429232804232804,0.19344755970924177,0.20841538549032254,128336.36435376508,2658.994777318658,130995.35913108374,184,1,83.16666666666667,32,4,21,36.955607476635514,0.6123046875,46.68560606060607,1013.257575757577,31.66429924242428,0
187,4,0,1,35,0.0,0.027777777777777776,0.9722222222222222,36,1050,600,450,0.5714285714285714,15,6,9,388.44590040520046,0.4423115079365079,0.10510377790872782,0.2066434774255878,127542.56129535148,2708.6770124716545,130251.23830782314,185,2,84.16666666666667,34,2,16,37.66082302101747,0.5995710784313726,47.470238095238095,1010.1190476190477,29.709383753501402,8
188,4,2,0,37,0.05405405405405406,0.0,1.0,37,1100,800,300,0.7272727272727273,14,8,6,378.8960156213401,0.44031531531531537,0.10467679162635113,0.20385771474322315,127998.08873724706,2299.593165937924,130297.68190318499,186,0,82.75675675675676,35,2,18,37.43435224369972,0.6020833333333333,47.019675925925924,1011.9212962962961,28.91203703703703,0
189,4,2,3,36,0.05128205128205128,0.07692307692307693,0.9230769230769231,39,1150,900,250,0.782608695652174,14,9,5,371.52925144097895,0.4430949167791273,0.12143712642991433,0.20380968613740388,128772.40997331798,1768.6271412217145,130541.0371145397,187,0,79.46153846153847,36,3,17,36.828285069714106,0.6079282407407407,46.255630630630634,1014.977477477478,28.193818818818833,0
190,4,1,1,36,0.02702702702702703,0.02702702702702703,0.972972972972973,37,1350,1000,350,0.7407407407407407,17,10,7,385.67560145962705,0.44003378378378377,0.13444392304082653,0.21127884491271579,128717.71541950101,2528.6564625850206,131246.37188208604,188,0,84.35135135135135,34,3,19,36.52530111058971,0.6115196078431373,46.3095238095238,1014.7619047619037,29.84593837535011,0
191,4,0,1,35,0.0,0.027777777777777776,0.9722222222222222,36,1000,600,400,0.6,14,6,8,388.6258322124729,0.4404265873015873,0.12919233401779628,0.21265256212075764,128672.41753472229,2801.0850694444543,131473.50260416674,189,1,85.27777777777777,33,3,19,36.49683436002738,0.6133207070707071,46.35416666666667,1014.5833333333339,30.744949494949513,0
192,4,2,0,37,0.05405405405405406,0.0,1.0,37,750,600,150,0.8,9,6,3,384.12480680665533,0.4415978478478479,0.14964531377549406,0.21334161896894982,129261.91184807247,2530.5413832199433,131792.45323129243,190,0,83.51351351351352,34,3,21,36.008350893623664,0.6170343137254901,45.77380952380952,1016.9047619047611,29.90896358543415,0
193,4,1,1,37,0.02631578947368421,0.02631578947368421,0.9736842105263158,38,850,700,150,0.8235294117647058,10,7,3,377.152285188165,0.44173779042200095,0.15692317810315837,0.21214514801989867,129760.92470689712,2187.9258562671207,131948.85056316425,191,0,82.28947368421052,35,3,20,35.67687625430722,0.6199404761904762,45.2835648148148,1018.8657407407394,29.1104497354497,0
194,4,2,1,38,0.05128205128205128,0.02564102564102564,0.9743589743589743,39,1150,900,250,0.782608695652174,14,9,5,361.16097149980965,0.44658119658119655,0.13516113935567575,0.20593412602455197,130292.1264815885,1612.2540509259097,131904.3805325144,192,0,76.87179487179488,35,4,22,35.54455749537089,0.625297619047619,44.762731481481474,1020.9490740740728,29.16997354497351,0
195,4,0,1,37,0.0,0.02631578947368421,0.9736842105263158,38,1250,900,350,0.72,16,9,7,364.75136485067765,0.4451754385964912,0.1300041160364358,0.20829781825744478,130351.21588059381,1909.1567804783576,132260.37266107218,193,1,78.78947368421052,35,3,22,35.392936076164574,0.6258928571428571,44.70486111111109,1021.1805555555529,29.176587301587226,0
196,4,0,0,37,0.0,0.0,1.0,37,1100,800,300,0.7272727272727273,14,8,6,346.9567253755081,0.44263013013013014,0.10061546695210088,0.1844348908575068,127512.49999999985,1448.2638888888741,128960.76388888873,194,2,81.78378378378379,34,3,15,38.73934268426844,0.5992647058823529,47.49999999999999,1009.9999999999989,29.705882352941142,7
197,4,3,3,37,0.075,0.075,0.925,40,900,400,500,0.4444444444444444,14,4,10,335.7956942400592,0.4468082264957265,0.12723953261927967,0.1824667608383814,128394.44739006234,622.8605195829527,129017.3079096453,195,0,76.575,37,3,13,38.12017652998665,0.6021959459459459,46.62828947368421,1013.4868421052633,27.391536273115225,0
198,4,1,1,37,0.02631578947368421,0.02631578947368421,0.9736842105263158,38,1100,800,300,0.7272727272727273,14,8,6,356.20944715936787,0.4408931958274063,0.13852994762697857,0.19305890346662202,128291.05748724703,1539.6973326045847,129830.75481985162,196,0,81.5,35,3,18,37.708618949693424,0.6050595238095238,46.73032407407407,1013.0787037037032,28.945105820105805,0
199,4,0,0,37,0.0,0.0,1.0,37,1300,900,400,0.6923076923076923,17,9,8,365.0022576605114,0.43956456456456455,0.1405024295741102,0.19784517278286312,128295.24518140586,1965.6108276643956,130260.85600907025,197,1,84.54054054054055,34,3,20,37.48163924794359,0.6072303921568627,46.726190476190474,1013.0952380952378,29.796918767506995,0
200,4,1,0,38,0.02631578947368421,0.0,1.0,38,1000,800,200,0.8,12,8,4,359.36152481167494,0.441130275011854,0.14104242351457663,0.19649430848249097,128643.06205257634,1645.8733871313507,130288.93543970768,198,0,83.28947368421052,35,3,16,37.26908632819929,0.6086309523809523,46.383101851851855,1014.4675925925928,28.984788359788368,0
201,4,2,0,40,0.05,0.0,1.0,40,1100,900,200,0.8181818181818182,13,9,4,345.4883355976783,0.44445779914529915,0.15770080862533753,0.19199546510895532,129285.00987082557,933.2925756001812,130218.30244642575,199,0,80.075,37,3,18,36.96709344115004,0.611204954954955,45.75109649122807,1016.9956140350871,27.486367946894244,0
202,4,1,0,41,0.024390243902439025,0.0,1.0,41,1750,1400,350,0.8,21,14,7,338.66509505979275,0.4464939024390244,0.16192440354953264,0.18989151094764387,129636.22708013743,580.6530334575286,130216.88011359495,200,0,79.09756097560975,38,3,18,36.78377220590293,0.6129385964912281,45.40598290598291,1018.376068376069,26.79937022042287,0
203,4,1,0,42,0.023809523809523808,0.0,1.0,42,1600,1200,400,0.75,20,12,8,332.8975012874882,0.4475295199380565,0.16564003756197532,0.1880016067571058,129917.22140842001,249.82367621526737,130167.04508463528,201,0,78.19047619047619,39,3,19,36.64565665338376,0.6140491452991452,45.13020833333333,1019.4791666666656,26.140491452991427,0
204,4,1,2,41,0.023255813953488372,0.046511627906976744,0.9534883720930233,43,1050,600,450,0.5714285714285714,15,6,9,324.4611349530188,0.4488510520487265,0.1567446028588697,0.18462114324833806,130210.72035701304,-150.33637798267975,130060.38397903036,202,0,77.34883720930233,40,3,20,36.563609811145405,0.6153645833333333,44.84247967479675,1020.6300813008131,25.51575203252033,0
205,4,0,2,39,0.0,0.04878048780487805,0.9512195121951219,41,800,600,200,0.75,10,6,4,327.59314664812024,0.44687499999999997,0.0715780897621836,0.17420804090613531,127527.89680621665,155.45300003306374,127683.34980624972,203,1,81.7560975609756,40,1,14,39.21252976489922,0.58828125,47.48475609756098,1010.0609756097571,25.251524390243926,8
206,4,5,4,40,0.11363636363636363,0.09090909090909091,0.9090909090909091,44,1400,1200,200,0.8571428571428571,16,12,4,316.09314223753415,0.44964543692741366,0.12573564710275065,0.1728539290118195,128647.25548784327,-664.1225345344492,127983.13295330883,204,0,76.97727272727273,41,3,14,38.3621813677554,0.598069105691057,46.37896825396825,1014.4841269841269,24.74351529229578,0
207,4,1,0,41,0.024390243902439025,0.0,1.0,41,1750,1600,150,0.9142857142857143,19,16,3,329.84144604820676,0.4455538617886179,0.13088013605968052,0.1766807745810002,127820.21747616681,243.35004848967984,128063.5675246565,205,0,80.65853658536585,38,3,17,38.856973058637095,0.5945723684210527,47.19551282051281,1011.2179487179473,26.610998650472297,8
208,4,0,1,40,0.0,0.024390243902439025,0.975609756097561,41,1750,1500,250,0.8571428571428571,20,15,5,326.61549279105566,0.44568089430894314,0.12201557371774263,0.1761344219803785,128090.4504186755,167.26511706479056,128257.71553574028,206,1,81.65853658536585,38,3,18,38.66270888302552,0.5973135964912281,46.9284188034188,1012.286324786324,26.63911381016642,0
209,4,1,0,41,0.024390243902439025,0.0,1.0,41,950,500,450,0.5263157894736842,14,5,9,325.37319591189333,0.4453506097560975,0.12209113540426486,0.176312196893254,128283.34349270923,148.00370517142898,128431.34719788066,207,0,82.58536585365853,37,4,20,38.49746996428185,0.6010698198198199,46.737938596491226,1013.0482456140346,27.37968231389283,0
210,4,0,2,39,0.0,0.04878048780487805,0.9512195121951219,41,1300,1200,100,0.9230769230769231,14,12,2,327.7956204283852,0.44491869918699184,0.11830403090873598,0.1779957182138152,128366.66690712525,215.60624422899483,128582.27315135425,208,1,83.58536585365853,37,4,20,38.35118661184448,0.6019144144144144,46.655701754385966,1013.3771929824561,27.388572783309623,0
211,4,1,3,37,0.025,0.075,0.925,40,1000,600,400,0.6,14,6,8,345.88713094453624,0.44304220085470086,0.14088402501421315,0.19339334498774255,129525.18332315216,1062.4858526477726,130587.66917579994,209,0,85.55,35,5,16,36.712739245783595,0.6175595238095238,45.51504629629628,1017.9398148148126,29.083994708994645,8
212,4,2,2,37,0.05128205128205128,0.05128205128205128,0.9487179487179487,39,1100,600,500,0.5454545454545454,16,6,10,354.30054080246157,0.4405926675663518,0.1555135861705208,0.1984873289923081,129602.41280131464,1383.640988961913,130986.05379027655,210,0,88.53846153846153,36,3,18,36.42008589545086,0.6163194444444444,45.43918918918918,1018.2432432432416,28.28453453453449,0
213,4,0,0,37,0.0,0.0,1.0,37,700,400,300,0.5714285714285714,10,4,6,360.6811231944078,0.43640515515515516,0.17285498322333281,0.20181623152786304,129554.63927469117,1945.5825617283729,131500.22183641954,211,1,93.02702702702703,35,2,18,36.30627557980902,0.6178571428571429,45.4861111111111,1018.055555555554,29.087301587301543,0
214,4,0,0,37,0.0,0.0,1.0,37,1150,800,350,0.6956521739130435,15,8,7,378.2492748428191,0.4355605605605606,0.13625807110226318,0.1992865582380824,127152.04081632654,2220.962459057692,129373.00327538422,212,2,94.02702702702703,34,3,19,38.3198575700346,0.5955882352941176,47.857142857142854,1008.5714285714287,29.66386554621849,8
215,4,1,0,38,0.02631578947368421,0.0,1.0,38,1100,900,200,0.8181818181818182,13,9,4,371.48790915758553,0.4371591986723566,0.14677504944763364,0.1977040531175247,127559.26354595333,1877.3448216735237,129436.60836762686,213,0,92.52631578947368,35,3,15,38.071914146043376,0.5976190476190476,47.4537037037037,1010.185185185185,28.862433862433857,0
216,4,1,2,37,0.02564102564102564,0.05128205128205128,0.9487179487179487,39,650,400,250,0.6153846153846154,9,4,5,405.8270030685028,0.4366565452091768,0.2337729595359752,0.20738132175151938,125902.52414576743,2421.607994380768,128324.1321401482,214,0,91.12820512820512,36,3,18,38.91686303111907,0.5787037037037037,49.0990990990991,1003.6036036036039,27.877877877877886,8
217,4,3,2,38,0.075,0.05,0.95,40,1350,1000,350,0.7407407407407407,17,10,7,386.93386795484827,0.4423344017094017,0.20956364263539218,0.20138622678655363,126654.74597318654,1801.6399308584876,128456.38590404502,215,0,84.575,35,5,17,38.61353052776821,0.5883928571428572,48.350694444444436,1006.5972222222207,28.75992063492059,0
218,4,3,1,40,0.07317073170731707,0.024390243902439025,0.975609756097561,41,900,500,400,0.5555555555555556,13,5,8,376.8589861846839,0.44308943089430897,0.21899997820353545,0.1979836645730804,127035.24470416368,1374.8747057868736,128410.11940995055,216,0,83.4390243902439,36,5,20,38.47510798331843,0.5902777777777778,47.972972972972975,1008.1081081081085,28.003003003003013,0
219,4,2,4,38,0.047619047619047616,0.09523809523809523,0.9047619047619048,42,1450,1100,350,0.7586206896551724,18,11,7,365.60623734085704,0.44583575300038714,0.22915633267195834,0.1949899932484567,127645.42936288066,933.5930286241692,128579.02239150483,217,0,82.0,37,5,14,38.132052951388886,0.5945945945945945,47.36842105263157,1010.5263157894718,27.311522048364104,0
220,4,1,1,38,0.02564102564102564,0.02564102564102564,0.9743589743589743,39,1350,1100,250,0.8148148148148148,16,11,5,353.6777192485005,0.43966486729644627,0.05348709694536358,0.18420891030080544,126683.87372470825,1161.0527049039504,127844.9264296122,218,0,87.51282051282051,35,4,15,39.42046064229325,0.5886904761904762,48.321759259259245,1006.7129629629608,28.763227513227452,8
221,4,3,2,39,0.07317073170731707,0.04878048780487805,0.9512195121951219,41,1050,700,350,0.6666666666666666,14,7,7,336.1374282415436,0.44326727642276426,0.09388476493460618,0.1788346815733477,127546.62390430948,375.2952280514737,127921.91913236096,219,0,84.09756097560975,36,5,14,38.97761055369752,0.5954861111111112,47.4662162162162,1010.1351351351332,28.059309309309256,0
222,4,0,2,37,0.0,0.05128205128205128,0.9487179487179487,39,900,700,200,0.7777777777777778,11,7,4,349.6701458482145,0.4405645524066577,0.10654376876808769,0.18518758067751437,127362.24666950085,1106.9550736961053,128469.20174319696,220,1,89.33333333333333,34,5,14,38.8248417659315,0.5977328431372548,47.648809523809504,1009.4047619047597,29.68837535013999,0
223,4,1,0,38,0.02631578947368421,0.0,1.0,38,1000,700,300,0.7,13,7,6,372.3898426573975,0.44038940256045517,0.07256474916932087,0.18766752346263427,125327.59530895673,1734.144699546463,127061.7400085032,221,0,87.63157894736842,34,4,18,40.350681647049505,0.5768995098039216,49.67261904761904,1001.3095238095223,29.450280112044773,8
224,4,2,1,39,0.05,0.025,0.975,40,850,600,250,0.7058823529411765,11,6,5,357.9090907625813,0.4457932692307693,0.07847845601436276,0.18289482894931886,125902.52414576725,1012.3315883450884,126914.85573411234,222,0,84.2,36,4,20,40.11912776780371,0.5787037037037037,49.09909909909909,1003.6036036036024,27.877877877877847,0
225,4,2,2,39,0.04878048780487805,0.04878048780487805,0.9512195121951219,41,1450,1000,450,0.6896551724137931,19,10,9,348.19382256768836,0.45055894308943084,0.09334741400636837,0.17986417797876797,126346.81013629178,598.6357581178656,126945.44589440964,223,0,82.8048780487805,37,4,17,39.905183226087914,0.5813626126126126,48.65679824561403,1005.3728070175426,27.17223802750115,0
226,4,4,2,41,0.09302325581395349,0.046511627906976744,0.9534883720930233,43,1100,700,400,0.6363636363636364,15,7,8,331.653844573226,0.4547572905131045,0.11191167667989466,0.1748265743504088,127172.82267011807,-160.14652921202492,127012.67614090604,224,0,74.83720930232558,38,5,22,39.47344031352608,0.5879934210526316,47.836538461538446,1008.6538461538439,26.54352226720642,0
227,4,2,2,41,0.046511627906976744,0.046511627906976744,0.9534883720930233,43,900,500,400,0.5555555555555556,13,5,8,334.86606307460573,0.45641842008121075,0.11958726345430537,0.17734386569108024,127361.47636788645,-70.19276426329779,127291.28360362316,225,0,75.69767441860465,38,5,17,39.199213237369456,0.5899122807017544,47.64957264957264,1009.401709401708,26.563202878992314,0
228,4,3,5,39,0.06818181818181818,0.11363636363636363,0.8863636363636364,44,1100,600,500,0.5454545454545454,16,6,10,324.2867813873998,0.45900502114164904,0.12812619968351724,0.17385424409112452,127854.65630425354,-507.6850043402742,127346.97129991326,226,0,74.6590909090909,39,5,19,38.962238644556585,0.593215811965812,47.161458333333336,1011.3541666666672,25.932158119658133,0
229,4,1,0,40,0.025,0.0,1.0,40,850,500,350,0.5882352941176471,12,5,7,356.8966985302908,0.452230235042735,0.14060385365294215,0.18870723556613744,127296.33012099199,1086.327991040815,128382.6581120328,227,0,82.675,35,5,23,38.71012061780784,0.5949404761904762,47.714120370370374,1009.1435185185189,28.83267195767197,0
230,4,2,2,40,0.047619047619047616,0.047619047619047616,0.9523809523809523,42,1100,800,300,0.7272727272727273,14,8,6,346.053121766403,0.45446186604723193,0.16951747439552323,0.18611408950877942,127982.32299884954,457.73648093360833,128440.05947978316,228,0,79.69047619047619,38,4,22,38.28133248864957,0.596217105263158,47.035256410256416,1011.8589743589752,26.62786774628882,0
231,4,0,1,39,0.0,0.025,0.975,40,1100,800,300,0.7272727272727273,14,8,6,352.7909536987926,0.4513888888888889,0.17772057229568627,0.18945572402939806,127922.58795975683,1025.9863611880567,128948.57432094488,229,1,83.75,37,3,22,38.172013873834814,0.5974099099099099,47.094298245614034,1011.6228070175437,27.3411569464201,0
232,4,0,0,39,0.0,0.0,1.0,39,650,600,50,0.9230769230769231,7,6,1,358.0582437587113,0.4487460638776428,0.17885329221632107,0.19184743609506139,127831.16731596473,1354.2006533560696,129185.3679693208,230,2,86.6923076923077,36,3,22,38.13242390497402,0.5983796296296297,47.18468468468469,1011.2612612612622,28.09059059059062,0
233,4,0,0,39,0.0,0.0,1.0,39,1400,1000,400,0.7142857142857143,18,10,8,359.30198386044424,0.4480994152046784,0.17684745230655152,0.19319738629479896,127973.55791179687,1396.2306478776088,129369.78855967449,231,3,87.6923076923077,36,3,23,37.95515674271937,0.5998263888888888,47.04391891891892,1011.8243243243238,28.106231231231217,0
234,4,2,1,40,0.04878048780487805,0.024390243902439025,0.975609756097561,41,1250,900,350,0.72,16,9,7,339.47581296919344,0.44941565040650405,0.17035192843277924,0.1851103961284847,128533.3948907356,526.9098792492427,129060.30476998484,232,0,84.36585365853658,37,4,20,37.88521842560554,0.6036036036036037,46.49122807017544,1014.0350877192982,27.406353722143194,0
235,4,1,1,40,0.024390243902439025,0.024390243902439025,0.975609756097561,41,1500,1300,200,0.8666666666666667,17,13,4,336.84840767553965,0.44913617886178864,0.16807732759052496,0.18432042082919964,128672.41753472215,468.619791666663,129141.0373263888,233,0,85.34146341463415,37,4,21,37.81014715947982,0.6050112612612613,46.354166666666664,1014.5833333333327,27.421171171171153,0
236,4,1,1,40,0.024390243902439025,0.024390243902439025,0.975609756097561,41,1400,1100,300,0.7857142857142857,17,11,6,335.6717630003489,0.4503810975609756,0.15960023589873185,0.1850990007401923,128978.53185595563,458.89023545705345,129437.42209141269,234,0,85.26829268292683,37,4,22,37.52833549222795,0.6081081081081081,46.05263157894736,1015.7894736842102,27.453769559032708,0
237,4,1,1,40,0.024390243902439025,0.024390243902439025,0.975609756097561,41,1450,1100,350,0.7586206896551724,18,11,7,333.544889249547,0.45172764227642276,0.17682094965560768,0.18663236932818164,129554.63927469136,442.84229549262295,129997.48157018398,235,0,85.09756097560975,35,6,18,36.99693042291949,0.6178571428571429,45.48611111111111,1018.0555555555557,29.08730158730159,0
238,4,2,2,40,0.047619047619047616,0.047619047619047616,0.9523809523809523,42,1400,900,500,0.6428571428571429,19,9,10,317.6128839335297,0.4536875725900116,0.1668611889200129,0.17998063422900026,130050.00000000003,-138.88888888888766,129911.11111111114,236,0,81.19047619047619,39,3,20,36.900871459694976,0.6153846153846154,45.0,1020.0000000000002,26.15384615384616,0
239,4,0,0,40,0.0,0.0,1.0,40,750,500,250,0.6666666666666666,10,5,5,358.51580890446905,0.4527110042735043,0.15483539094650212,0.19359853680841344,128144.5312500001,1188.3680555555693,129332.89930555568,237,1,84.975,38,2,24,37.800068587105635,0.5978618421052632,46.87500000000001,1012.5000000000008,26.644736842105285,8
240,4,1,1,40,0.024390243902439025,0.024390243902439025,0.975609756097561,41,1200,1000,200,0.8333333333333334,14,10,4,349.2254213692337,0.4547002032520325,0.16559984860460175,0.1908111965635887,128613.70991941006,783.0354080932661,129396.74532750332,238,0,83.8780487804878,35,6,17,37.5561007150464,0.6083333333333334,46.41203703703703,1014.3518518518512,28.981481481481463,0
241,4,0,0,40,0.0,0.0,1.0,40,1300,1000,300,0.7692307692307693,16,10,6,357.6745788899417,0.4536057692307693,0.16942099258414145,0.19557190792079437,128643.0620525761,1202.4706093535424,129845.53266192964,239,1,86.85,35,5,19,37.31187012740064,0.6086309523809523,46.38310185185184,1014.467592592591,28.984788359788315,0
242,4,1,2,39,0.024390243902439025,0.04878048780487805,0.9512195121951219,41,800,500,300,0.625,11,5,6,350.91419360073564,0.45406504065040654,0.1764446643468769,0.19361449177200188,129001.10995708525,853.6640948380623,129854.77405192332,240,0,85.70731707317073,36,5,20,37.11825185677864,0.6102430555555556,46.030405405405396,1015.8783783783766,28.218843843843796,0
243,4,1,1,39,0.025,0.025,0.975,40,1200,800,400,0.6666666666666666,16,8,8,350.3672887146601,0.45198985042735046,0.17308699612844447,0.19400539278008436,129142.56071030496,1049.4657707475676,130192.02648105253,241,0,88.175,35,5,23,36.98806270401577,0.6136904761904762,45.89120370370369,1016.4351851851832,29.041005291005234,0
244,4,0,0,39,0.0,0.0,1.0,39,1400,700,700,0.5,21,7,14,358.37995482831974,0.44928025191183085,0.18375060098641383,0.19889963998845359,129233.48263251208,1462.9647254673657,130696.44735797944,242,1,91.28205128205128,32,7,24,36.691812575023796,0.6214192708333333,45.80176767676768,1016.79292929293,31.774779040404063,0
245,4,0,0,39,0.0,0.0,1.0,39,700,500,200,0.7142857142857143,9,5,4,359.90969903144924,0.4491959064327486,0.18260994126915908,0.2000740252379798,129297.68207644644,1507.0979683195794,130804.78004476601,243,2,92.28205128205128,32,7,24,36.58752327746741,0.6220703125,45.738636363636374,1017.0454545454558,31.782670454545492,0
246,4,0,0,39,0.0,0.0,1.0,39,1500,1100,400,0.7333333333333333,19,11,8,355.3882489685826,0.4481275303643724,0.18300290456303459,0.19880203260484955,129544.24267409174,1407.700313581322,130951.94298767307,244,3,93.28205128205128,33,6,17,36.45156193571687,0.6221590909090908,45.49632352941177,1018.0147058823534,30.848930481283436,0
247,4,1,0,40,0.025,0.0,1.0,40,1100,600,500,0.5454545454545454,16,6,10,349.29315824190803,0.4483440170940171,0.1853059675347426,0.19716528108275946,129898.25857426318,1074.5145975056873,130972.77317176886,245,0,91.925,34,6,19,36.24703180349567,0.623468137254902,45.14880952380953,1019.404761904763,29.98249299719891,0
248,4,0,1,39,0.0,0.025,0.975,40,1100,700,400,0.6363636363636364,15,7,8,347.0182088509984,0.44809027777777777,0.18809875141884191,0.19622788318211168,129967.37423911196,1020.209083504817,130987.58332261677,246,1,92.925,35,5,19,36.234865682936054,0.6220238095238095,45.081018518518526,1019.6759259259272,29.133597883597922,0
249,4,0,0,39,0.0,0.0,1.0,39,1550,1200,350,0.7741935483870968,19,12,7,367.5245580235198,0.44767768780926676,0.2080854624439783,0.1925415541682938,126921.74437951474,1529.7064993077524,128451.45087882249,247,2,90.02564102564102,36,3,18,38.82711220384443,0.5891203703703703,48.08558558558559,1007.6576576576584,27.99049049049051,8
250,4,1,1,39,0.025,0.025,0.975,40,1750,1400,350,0.8,21,14,7,358.48179881764446,0.450133547008547,0.20779421885753635,0.18940874679346803,127267.13204089495,1124.818353685881,128391.95039458084,248,0,88.75,35,5,19,38.70010323468684,0.5946428571428571,47.74305555555555,1009.0277777777769,28.829365079365054,0
251,4,2,1,40,0.04878048780487805,0.024390243902439025,0.975609756097561,41,1350,1100,250,0.8148148148148148,16,11,5,352.7074812943198,0.45167682926829267,0.2254140841495147,0.18914963996853495,127867.13219452121,819.9388273314663,128687.07102185268,249,0,87.46341463414635,37,4,21,38.23088320323793,0.5968468468468469,47.149122807017534,1011.4035087719284,27.335229966808875,0
252,4,1,0,41,0.024390243902439025,0.0,1.0,41,800,500,300,0.625,11,5,6,345.3806332772255,0.4502794715447154,0.22126049697629746,0.18720950249612656,128295.24518140577,663.3408984553947,128958.58607986117,250,0,86.82926829268293,34,7,22,37.97860360360359,0.6072303921568627,46.72619047619047,1013.0952380952372,29.796918767506977,0
253,4,0,1,40,0.0,0.024390243902439025,0.975609756097561,41,900,600,300,0.6666666666666666,12,6,6,311.3197649039505,0.4502794715447154,0.11189601297315876,0.1628325281982749,126855.79562717005,-298.2679302189679,126557.52769695109,251,1,87.82926829268293,39,2,15,40.31048581670287,0.5830662393162394,48.151041666666664,1007.3958333333326,25.830662393162374,7
254,4,0,1,39,0.0,0.025,0.975,40,1500,1000,500,0.6666666666666666,20,10,10,316.46255660360475,0.4474225427350427,0.13236931396458473,0.16571673355516905,126903.55994091959,32.04500420043519,126935.60494512002,252,2,90.95,38,2,16,40.132055632135156,0.5852521929824561,48.10363247863247,1007.5854700854691,26.515407107512345,0
255,4,3,2,40,0.07142857142857142,0.047619047619047616,0.9523809523809523,42,1500,1100,400,0.7333333333333333,19,11,8,305.7649879257448,0.4536391792489354,0.1462434501058525,0.16291079903310596,127604.89477989299,-596.5781776720096,127008.31660222098,253,0,86.97619047619048,40,2,13,39.68517400925367,0.5890625,47.40853658536586,1010.3658536585372,25.259146341463428,0
256,4,1,0,41,0.024390243902439025,0.0,1.0,41,800,300,500,0.375,13,3,10,312.59064667823264,0.45,0.14693996615190397,0.16649185514180004,127591.41845703125,-223.22319878472226,127368.19525824653,254,0,89.97560975609755,39,2,15,39.526519056947436,0.5905448717948718,47.421875,1010.3125,25.90544871794872,0
257,4,0,1,40,0.0,0.024390243902439025,0.975609756097561,41,1850,1500,350,0.8108108108108109,22,15,7,309.52196605790374,0.4502032520325203,0.1472959734746675,0.16604741936034512,127880.99500868063,-283.60460069443434,127597.3904079862,255,1,90.97560975609755,39,2,16,39.30870236869206,0.593482905982906,47.13541666666667,1011.458333333334,25.934829059829077,0
258,4,2,1,41,0.047619047619047616,0.023809523809523808,0.9761904761904762,42,1350,900,450,0.6666666666666666,18,9,9,305.916230546039,0.45121951219512196,0.17256096069655413,0.16684002825578118,128540.34423828151,-535.2132161458034,128005.13102213571,256,0,89.21428571428571,39,3,14,38.7289205615477,0.6001602564102564,46.484375000000014,1014.062500000002,26.001602564102615,0
259,4,0,0,41,0.0,0.0,1.0,41,1100,800,300,0.7272727272727273,14,8,6,312.19140926037034,0.45002540650406503,0.17025356805001413,0.169843583203119,128442.17985243637,-180.29097267878228,128261.8888797576,257,1,92.39024390243902,38,3,14,38.669679243957276,0.6008771929824561,46.581196581196586,1013.6752136752145,26.675663517768804,0
260,4,0,0,41,0.0,0.0,1.0,41,1250,1100,150,0.88,14,11,3,313.82843052841474,0.4502032520325203,0.1671174816013563,0.17154870166190578,128631.77237426066,-126.33855193947466,128505.43382232118,258,2,93.39024390243902,38,3,15,38.43536071616643,0.602796052631579,46.39423076923079,1014.4230769230794,26.695344129554723,0
261,4,0,0,41,0.0,0.0,1.0,41,1600,1300,300,0.8125,19,13,6,314.05451523545673,0.4501524390243902,0.16731193838254121,0.1722585389570927,128767.28121119177,-112.01078420626567,128655.2704269855,259,3,94.39024390243902,38,3,15,38.29188596491227,0.6041666666666667,46.260683760683776,1014.9572649572674,26.709401709401774,0
262,4,0,1,40,0.0,0.024390243902439025,0.975609756097561,41,1050,900,150,0.8571428571428571,12,9,3,314.8407404025201,0.4496189024390244,0.1651434524023334,0.17339954103513094,128929.98598327143,-81.5175505880436,128848.46843268338,260,4,95.39024390243902,38,3,17,38.10663440633987,0.6058114035087719,46.10042735042736,1015.5982905982921,26.726270805218213,0
263,4,0,3,37,0.0,0.075,0.925,40,1200,700,500,0.5833333333333334,17,7,10,323.3667181355513,0.44809027777777777,0.1718142548596111,0.17781329037619992,128867.17547706995,334.2711218836665,129201.44659895361,261,5,98.625,37,3,17,37.9540136789057,0.6069819819819819,46.16228070175439,1015.350877192983,27.44191559981035,0
264,4,0,1,36,0.0,0.02702702702702703,0.972972972972973,37,1000,600,400,0.6,14,6,8,343.1892196731191,0.44675925925925924,0.16935964589648367,0.18800417149702225,128717.71541950112,1434.9064625850365,130152.62188208615,262,6,101.48648648648648,34,3,18,37.60314015329266,0.6115196078431373,46.30952380952381,1014.7619047619046,29.845938375350133,0
265,4,2,0,38,0.05263157894736842,0.0,1.0,38,850,600,250,0.7058823529411765,11,6,5,338.34261650265336,0.44627192982456143,0.1723940503953807,0.18692950473736913,129054.34355977802,1132.9168542095354,130187.26041398755,263,0,99.52631578947368,35,3,20,37.38336275961573,0.612797619047619,45.97800925925926,1016.0879629629635,29.031084656084673,0
266,4,0,2,36,0.0,0.05263157894736842,0.9473684210526316,38,1150,1000,150,0.8695652173913043,13,10,3,311.0518959986821,0.44684981033665244,0.10208605412496397,0.16749091607790056,128030.53634293107,364.82821503939647,128395.36455797046,264,1,100.52631578947368,36,2,21,39.11761433181262,0.6004050925925926,46.98761261261263,1012.0495495495519,28.112487487487552,8
267,4,0,0,36,0.0,0.0,1.0,36,1100,600,500,0.5454545454545454,16,6,10,310.8461880151101,0.44540343915343916,0.07408231368186868,0.1677375288268814,128116.02776763278,764.8757710413454,128880.90353867413,265,2,98.66666666666667,36,0,21,39.035734149054505,0.6012731481481481,46.90315315315317,1012.3873873873897,28.121871871871935,0
268,4,1,0,37,0.02702702702702703,0.0,1.0,37,700,500,200,0.7142857142857143,9,5,4,302.77506304428346,0.44666541541541543,0.07312094609216424,0.16440934974472812,128366.66690712556,373.24513311791344,128739.91204024348,266,0,96.97297297297297,37,0,22,38.985068167063396,0.6019144144144144,46.65570175438598,1013.3771929824585,27.38857278330969,0
269,4,0,0,37,0.0,0.0,1.0,37,1050,900,150,0.8571428571428571,12,9,3,303.51970560741006,0.4464777277277277,0.080616458170788,0.1656196906880789,128561.1934080679,404.1711151508181,128965.36452321873,267,1,97.97297297297297,37,0,17,38.768492990233156,0.6038851351351351,46.463815789473685,1014.1447368421057,27.409317211948803,0
270,4,1,1,37,0.02631578947368421,0.02631578947368421,0.9736842105263158,38,1150,800,350,0.6956521739130435,15,8,7,296.0927994363191,0.44652382645803695,0.07977778146850256,0.16318575328933832,128957.11343277448,36.65454470743083,128993.76797748191,268,0,96.36842105263158,38,0,21,38.55514357841591,0.6060855263157895,46.07371794871795,1015.7051282051282,26.729082321187583,0
271,4,0,1,36,0.0,0.02702702702702703,0.972972972972973,37,1100,900,200,0.8181818181818182,13,9,4,299.0432332842096,0.44610235235235235,0.05830090829011669,0.16513317041784753,129034.22807979355,317.3625538627065,129351.59063365626,269,1,94.43243243243244,37,0,22,38.40204331246855,0.6086711711711712,45.99780701754385,1016.0087719298226,27.459696538643854,0
272,4,0,0,36,0.0,0.0,1.0,36,1350,1000,350,0.7407407407407407,17,10,7,305.45624183785856,0.44561838624338623,0.054309294339205394,0.16926663567037084,129172.76810171624,691.3256584286654,129864.09376014491,270,2,96.86111111111111,36,0,22,38.098666962076734,0.6119791666666667,45.86148648648647,1016.5540540540512,28.237612612612534,0
273,4,0,1,35,0.0,0.027777777777777776,0.9722222222222222,36,1000,500,500,0.5,15,5,10,305.7799267375934,0.44422949735449735,0.056536309414007,0.17043316706194653,129401.82317029855,713.6960017449725,130115.51917204353,271,3,97.86111111111111,36,0,22,37.85832872163804,0.6142939814814814,45.636261261261254,1017.454954954954,28.26263763763761,0
274,4,0,0,35,0.0,0.0,1.0,35,900,600,300,0.6666666666666666,12,6,6,347.3646354934852,0.444187675070028,0.055739871562431764,0.17760043916589255,125924.32149943289,1811.3619324647104,127735.6834318976,272,4,96.48571428571428,34,1,22,40.3612165421263,0.5830269607843137,49.07738095238094,1003.6904761904743,29.520308123249244,8
275,4,5,3,37,0.125,0.075,0.925,40,900,500,400,0.5555555555555556,13,5,8,315.4413641476931,0.4527777777777778,0.10189458086367509,0.16705661482440567,127361.4763678863,35.07225841242564,127396.54862629873,273,0,85.3,38,2,14,39.689396344905454,0.5899122807017544,47.64957264957263,1009.4017094017067,26.563202878992282,0
276,4,1,2,36,0.02631578947368421,0.05263157894736842,0.9473684210526316,38,900,600,300,0.6666666666666666,12,6,6,328.5525371051399,0.45135431484115696,0.09692385393297975,0.17381864448266032,127319.21744379526,766.2103826799905,128085.42782647525,274,0,85.78947368421052,36,2,15,39.40177973666592,0.5931712962962963,47.69144144144145,1009.2342342342351,28.03428428428431,0
277,4,1,1,36,0.02702702702702703,0.02702702702702703,0.972972972972973,37,1250,900,350,0.72,16,9,7,336.6593500688526,0.4504817317317317,0.11513680863526066,0.178263885364327,127354.73632812513,1175.032552083348,128529.76888020847,275,0,88.91891891891892,35,2,16,39.160861713106286,0.5955357142857143,47.65625000000001,1009.375000000001,28.839285714285744,0
278,4,2,0,38,0.05263157894736842,0.0,1.0,38,1250,1000,250,0.8,15,10,5,324.66483833273446,0.45359174964438126,0.13852542551571356,0.17469690043460842,128002.04554216418,711.5526844412385,128713.59822660542,276,0,86.84210526315789,36,2,19,38.80225721492689,0.6001157407407407,47.015765765765785,1011.9369369369401,28.10935935935945,0
279,4,1,2,37,0.02564102564102564,0.05128205128205128,0.9487179487179487,39,1200,900,300,0.75,15,9,6,317.4798895891211,0.4560841205578048,0.14522789647831358,0.17217399437211114,128315.61872260785,347.6049529259137,128663.22367553377,277,0,85.58974358974359,36,3,20,38.66450853988367,0.6032986111111112,46.70608108108109,1013.1756756756765,28.143768768768794,0
280,4,1,0,38,0.02631578947368421,0.0,1.0,38,1500,1000,500,0.6666666666666666,20,10,10,317.3343453772522,0.45572546230440963,0.14548934802302882,0.17308272441684786,128543.91289515876,558.2796901631544,129102.19258532191,278,0,86.5,36,2,17,38.43582269109757,0.6056134259259259,46.480855855855864,1014.0765765765773,28.168793793793814,0
281,4,1,1,38,0.02564102564102564,0.02564102564102564,0.9743589743589743,39,1750,1300,450,0.7428571428571429,22,13,9,312.4978889747713,0.45434098065677014,0.15206406659029126,0.1725628986436371,129034.22807979377,264.5847760849428,129298.81285587871,279,0,85.25641025641026,37,2,19,38.06029210734583,0.6086711711711712,45.997807017543856,1016.0087719298244,27.459696538643904,0
282,4,1,1,38,0.02564102564102564,0.02564102564102564,0.9743589743589743,39,1650,1300,350,0.7878787878787878,20,13,7,308.58149471105975,0.4531601439496176,0.1526424564511366,0.17161995444767805,129315.90374157943,181.00717966881285,129496.91092124824,280,0,85.17948717948718,36,3,20,37.8741327133156,0.6134259259259259,45.72072072072072,1017.1171171171172,28.253253253253256,0
283,4,1,0,39,0.02564102564102564,0.0,1.0,39,1000,500,500,0.5,15,5,10,315.30896255522026,0.453525641025641,0.06367314309172278,0.17224069565588396,128604.67916757983,460.7116893867575,129065.3908569666,281,0,85.97435897435898,38,1,17,38.42536514289726,0.6025219298245614,46.42094017094017,1014.3162393162395,26.69253261358525,7
284,4,0,2,37,0.0,0.05128205128205128,0.9487179487179487,39,1000,700,300,0.7,13,7,6,350.80911993370626,0.4533850652271705,0.06493877317930741,0.18345974441790977,126849.74163790263,1155.1430436847004,128004.88468158733,282,1,86.97435897435898,38,1,19,39.322170961925984,0.584703947368421,48.15705128205128,1007.3717948717942,26.50978407557353,8
285,4,2,1,38,0.05128205128205128,0.02564102564102564,0.9743589743589743,39,1000,700,300,0.7,13,7,6,350.2948350613796,0.45360998650472334,0.10725446615083856,0.18554742529200577,127368.57133925823,1123.5416769110575,128492.11301616929,283,0,87.35897435897436,37,2,18,38.802592512129785,0.5917792792792793,47.64254385964912,1009.4298245614034,27.2818871503082,0
286,4,0,0,38,0.0,0.0,1.0,38,1200,800,400,0.6666666666666666,16,8,8,348.7211223250462,0.45421408250355616,0.13214409421544948,0.1769346010812666,125608.37733892725,1195.3253611955163,126803.70270012277,284,1,90.55263157894737,35,3,19,40.65314340145482,0.5776785714285715,49.3923611111111,1002.4305555555537,28.640873015872963,8
287,4,5,0,43,0.11627906976744186,0.0,1.0,43,1700,1300,400,0.7647058823529411,21,13,8,314.8628330931774,0.4608480989294943,0.16105504565101425,0.165004498772665,126934.51063368045,-605.8545524691413,126328.6560812113,285,0,80.90697674418605,39,4,21,40.140669147543264,0.5838675213675213,48.072916666666664,1007.7083333333325,25.83867521367519,0
288,4,2,1,44,0.044444444444444446,0.022222222222222223,0.9777777777777777,45,1100,600,500,0.5454545454545454,16,6,10,305.200917719592,0.46228956228956225,0.18069882437698537,0.16205738870462832,127467.41470025493,-1219.3656108276866,126248.04908942724,286,0,78.26666666666667,41,4,13,39.8396821888201,0.5861280487804879,47.54464285714285,1009.8214285714271,24.629790940766515,0
289,4,1,3,42,0.022222222222222223,0.06666666666666667,0.9333333333333333,45,1350,800,550,0.5925925925925926,19,8,11,309.39731618880495,0.4621422558922559,0.19272049445698025,0.1657218520185226,127818.28826727436,-1090.67293005167,126727.61533722268,287,0,79.17777777777778,41,4,16,39.37577667680431,0.5896849593495934,47.197420634920626,1011.2103174603163,24.663666279519912,0
290,4,0,0,42,0.0,0.0,1.0,42,1300,600,700,0.46153846153846156,20,6,14,327.64661900229606,0.45801877661633755,0.18506115537547485,0.1736361695430561,127388.43831041327,-52.32177752212277,127336.11653289114,288,1,85.69047619047619,38,4,16,39.353811690831485,0.5901864035087719,47.622863247863236,1009.5085470085453,26.56601439496172,0
291,4,3,0,45,0.06666666666666667,0.0,1.0,45,1300,1200,100,0.9230769230769231,14,12,2,309.6555004508642,0.46136363636363636,0.19739476210064444,0.16765535002139234,128250.02170138905,-1052.860673944392,127197.16102744466,289,0,80.91111111111111,39,6,21,38.92945290004115,0.5972222222222222,46.77083333333334,1012.916666666668,25.972222222222257,0
292,4,0,0,45,0.0,0.0,1.0,45,1750,1200,550,0.6857142857142857,23,12,11,312.1348034972298,0.4609848484848485,0.20292397660818695,0.16944460761278207,128355.55555555577,-987.1527777777553,127368.40277777801,290,1,81.91111111111111,39,6,23,38.75925164473685,0.5982905982905983,46.66666666666668,1013.3333333333351,25.98290598290603,0
293,4,2,2,45,0.0425531914893617,0.0425531914893617,0.9574468085106383,47,1750,1200,550,0.6857142857142857,23,12,11,299.9155753050056,0.4624961455442491,0.2111371271505651,0.165576032706122,129024.94454089506,-1660.6819058642018,127364.26263503086,291,0,79.38297872340425,41,6,18,38.38929710640237,0.6018800813008129,46.00694444444444,1015.9722222222222,24.77981029810298,0
294,4,2,2,45,0.0425531914893617,0.0425531914893617,0.9574468085106383,47,1700,1200,500,0.7058823529411765,22,12,10,302.09485489146675,0.46149398704902866,0.2240462948789912,0.16796473931965536,129304.72932778094,-1587.4207481171297,127717.3085796638,292,0,80.25531914893617,40,7,20,38.05039301891821,0.60625,45.731707317073166,1017.0731707317061,25.426829268292654,0
295,4,0,1,44,0.0,0.022222222222222223,0.9777777777777777,45,1200,700,500,0.5833333333333334,17,7,10,303.4470249097628,0.46138468013468015,0.21512034355338128,0.16927103400676616,129433.96297053661,-1144.7298028620596,128289.23316767455,293,1,81.95555555555555,40,5,17,37.88512433836014,0.6075520833333333,45.604674796747965,1017.5813008130073,25.43953252032518,0
296,4,1,3,42,0.022222222222222223,0.06666666666666667,0.9333333333333333,45,1250,700,550,0.56,18,7,11,299.806374178763,0.46220538720538723,0.20995228357191564,0.16851185859013226,129731.44531250001,-1221.1371527777776,128510.30815972223,294,0,81.66666666666667,41,4,18,37.67680640763462,0.6089939024390244,45.3125,1018.7500000000001,24.84756097560976,0
297,4,0,1,41,0.0,0.023809523809523808,0.9761904761904762,42,1300,1000,300,0.7692307692307693,16,10,6,313.47712344027764,0.46164827719705764,0.21118142827149744,0.17504003973576104,129473.07715136235,-282.63044232596474,129190.44670903638,295,1,87.69047619047619,38,4,18,37.59032297571557,0.6112938596491229,45.56623931623931,1017.7350427350423,26.782501124606377,0
298,4,0,0,41,0.0,0.0,1.0,41,1150,800,350,0.6956521739130435,15,8,7,320.39916058798525,0.460645325203252,0.207021425887139,0.17881086045803285,129452.33298947733,95.28376519696275,129547.6167546743,296,2,90.41463414634147,37,4,19,37.435239557518955,0.6128941441441442,45.586622807017534,1017.6535087719283,27.50414888572779,0
299,4,0,0,41,0.0,0.0,1.0,41,1550,1200,350,0.7741935483870968,19,12,7,320.1624601156227,0.45978150406504065,0.21081658862243868,0.17944168781495393,129619.76431450053,99.87652450753217,129719.64083900806,297,3,91.41463414634147,37,4,19,37.271522020027994,0.6145833333333333,45.422149122807014,1018.3114035087713,27.521929824561386,0
300,4,0,1,40,0.0,0.024390243902439025,0.975609756097561,41,1250,700,550,0.56,18,7,11,321.2607512273462,0.4593495934959349,0.2137099950116832,0.1804421027147549,129703.52055440133,133.7300900276988,129837.25064442903,298,4,92.41463414634147,37,4,19,37.15868317186939,0.615427927927928,45.33991228070175,1018.6403508771928,27.530820293978184,0
301,4,0,1,39,0.0,0.025,0.975,40,1250,900,350,0.72,16,9,7,362.9630149644879,0.4586404914529914,0.17342630779249024,0.19331452138050784,127590.03371229583,1351.0142543859388,128941.04796668177,299,5,94.85,37,3,14,38.255643585847636,0.5940315315315315,47.423245614035075,1010.3070175438575,27.305595068752904,7
302,4,1,1,39,0.025,0.025,0.975,40,1800,1500,300,0.8333333333333334,21,15,6,352.7909536987926,0.4605101495726496,0.16798721005853046,0.18945572402939811,127922.58795975683,1025.9863611880573,128948.57432094488,300,0,94.75,37,3,15,38.17201387383483,0.5974099099099099,47.094298245614034,1011.6228070175437,27.3411569464201,0
303,4,1,2,38,0.025,0.05,0.95,40,1650,1400,250,0.8484848484848485,19,14,5,352.8108238808177,0.4612847222222222,0.17663405958203637,0.19119796214649604,128287.09621783938,1052.4075888608425,129339.50380670023,301,0,95.35,36,4,18,37.79874388617162,0.6030092592592593,46.73423423423423,1013.0630630630625,28.140640640640626,0
304,4,0,1,37,0.0,0.02631578947368421,0.9736842105263158,38,1000,800,200,0.8,12,8,4,360.20690887449945,0.45945945945945943,0.17986218926090647,0.19509870067556428,128265.09530895688,1640.3946995464814,129905.49000850336,302,1,100.10526315789474,34,4,18,37.63392682258001,0.6069240196078431,46.75595238095238,1012.9761904761901,29.79341736694677,0
305,4,1,0,38,0.02631578947368421,0.0,1.0,38,1250,800,450,0.64,17,8,9,360.3090705069376,0.4578147226173542,0.19587573132786318,0.19657709064643744,128555.01570001707,1663.9076431755768,130218.92334319266,303,0,100.86842105263158,35,3,16,37.33498820664994,0.6077380952380953,46.469907407407405,1014.1203703703698,28.974867724867707,0
306,4,2,1,39,0.05,0.025,0.975,40,1050,700,350,0.6666666666666666,14,7,7,346.13452820117715,0.45989583333333334,0.19537556658752409,0.19113721920811141,129034.22807979387,932.6403316405125,129966.86841143439,304,0,96.775,37,3,18,37.20591409453917,0.6086711711711712,45.99780701754386,1016.0087719298252,27.459696538643925,0
307,4,0,1,38,0.0,0.02564102564102564,0.9743589743589743,39,950,500,450,0.5263157894736842,14,5,9,357.0428697047529,0.45802406657669814,0.20387159870472837,0.196711645807402,128943.915938743,1407.7011555474603,130351.61709429046,305,1,100.15384615384616,36,3,18,37.020918801049625,0.6096643518518519,46.08671171171172,1015.6531531531548,28.212587587587635,0
308,4,0,1,37,0.0,0.02631578947368421,0.9736842105263158,38,950,400,550,0.42105263157894735,15,4,11,366.1840614387254,0.45775545282124225,0.19802684072543175,0.20141271291548196,128877.99968117705,1838.6138706704323,130716.61355184749,306,2,102.94736842105263,35,3,18,36.856097306128646,0.6110119047619047,46.15162037037037,1015.393518518518,29.011243386243372,0
309,4,0,0,37,0.0,0.0,1.0,37,1400,900,500,0.6428571428571429,19,9,10,371.57244771227386,0.45579954954954954,0.19778127608972262,0.204376494280864,128877.99968117717,2177.5027595593347,131055.50244073651,307,3,106.35135135135135,35,2,18,36.71931399369277,0.6110119047619047,46.151620370370374,1015.3935185185189,29.011243386243397,0
310,4,0,0,37,0.0,0.0,1.0,37,1150,700,450,0.6086956521739131,16,7,9,374.66452455086073,0.4551739239239239,0.20052767199367016,0.20699684462127166,129054.34355977799,2270.4168542095344,131324.76041398753,308,4,107.35135135135135,35,2,18,36.460706420624966,0.612797619047619,45.97800925925926,1016.0879629629633,29.031084656084666,0
311,4,1,2,36,0.02631578947368421,0.05263157894736842,0.9473684210526316,38,1200,800,400,0.6666666666666666,16,8,8,384.079817309037,0.4567626837363679,0.14795976683049528,0.20755493030492608,128173.82979948942,2271.2819626628393,130445.11176215226,309,0,105.5,35,3,18,37.12293309711585,0.6038690476190476,46.84606481481479,1012.615740740737,28.9318783068782,7
312,4,0,1,35,0.0,0.027777777777777776,0.9722222222222222,36,1300,900,400,0.6923076923076923,17,9,8,399.62803285359445,0.4539517195767196,0.16479477831353684,0.21547477256525732,128084.27047902471,3037.2130102040537,131121.48348922876,310,1,112.05555555555556,34,2,18,36.82131796620801,0.6050857843137255,46.934523809523796,1012.2619047619029,29.772408963585377,0
313,4,0,2,33,0.0,0.05714285714285714,0.9428571428571428,35,1250,800,450,0.64,17,8,9,402.4175039461693,0.4523109243697479,0.16234527223181994,0.2176527848383159,128208.45967567095,3318.6798378289277,131527.1395134999,311,2,114.62857142857143,32,3,18,36.62313510368616,0.6110026041666667,46.81186868686869,1012.7525252525261,31.64851641414144,0
314,4,0,0,33,0.0,0.0,1.0,33,1350,1200,150,0.8888888888888888,15,12,3,420.30939337463366,0.4499684343434343,0.16537174615777195,0.22624444512408937,128016.72222541075,4161.326172074285,132178.04839748502,312,3,120.75757575757575,32,1,18,36.36748804325223,0.6090494791666667,47.00126262626263,1011.9949494949501,31.62484217171719,0
315,4,0,0,33,0.0,0.0,1.0,33,700,300,400,0.42857142857142855,11,3,8,417.84134860943016,0.45024463383838387,0.1674187623302117,0.22545436966018925,128112.5730155087,4106.146056524853,132218.71907203353,313,4,121.75757575757575,32,1,18,36.331275463540365,0.6100260416666667,46.90656565656566,1012.3737373737379,31.63667929292931,0
316,4,1,0,34,0.029411764705882353,0.0,1.0,34,1050,700,350,0.6666666666666666,14,7,7,402.02009797676504,0.4515002970885324,0.15514111058237812,0.21989322581642684,128656.40503838909,3544.49609733702,132200.9011357261,314,0,119.1470588235294,32,2,19,36.173511719560246,0.6155598958333333,46.3699494949495,1014.5202020202032,31.70375631313135,0
317,4,0,0,34,0.0,0.0,1.0,34,950,600,350,0.631578947368421,13,6,7,401.89125295508273,0.4513888888888889,0.15397536394176958,0.22017723244717116,128720.46100206616,3546.3254706152525,132266.78647268142,315,1,120.1470588235294,32,2,19,36.11111111111111,0.6162109375,46.30681818181819,1014.7727272727277,31.71164772727274,0
318,4,2,0,36,0.05555555555555555,0.0,1.0,36,1400,1200,200,0.8571428571428571,16,12,4,385.1744062708382,0.4512566137566138,0.1515282294217617,0.21478194058205302,129419.51600646385,2770.713799136772,132190.22980560063,316,0,114.41666666666667,33,3,21,35.82076257577581,0.6208964646464646,45.618872549019606,1017.5245098039215,30.83407605466429,0
319,4,1,2,35,0.02702702702702703,0.05405405405405406,0.9459459459459459,37,1200,700,500,0.5833333333333334,17,7,10,371.73280242854116,0.4512324824824825,0.1473732676458397,0.20941185703028178,129819.89354263117,2251.6625675154282,132071.5561101466,317,0,112.29729729729729,35,2,19,35.754897785349236,0.6205357142857143,45.22569444444444,1019.0972222222222,29.11706349206349,0
320,4,0,0,35,0.0,0.0,1.0,35,1000,700,300,0.7,13,7,6,389.56254527035657,0.4510854341736695,0.15789781423584248,0.21791892683911454,129544.24267409163,3093.116980247972,132637.3596543396,318,1,118.77142857142857,33,2,19,35.58181353075719,0.6221590909090908,45.49632352941176,1018.0147058823525,30.848930481283407,0
321,4,0,0,35,0.0,0.0,1.0,35,1400,1000,400,0.7142857142857143,18,10,8,387.8869498856727,0.45073529411764707,0.15782705862128243,0.21749936258771524,129637.82709775087,3056.9642685505605,132694.79136630142,319,2,119.77142857142857,33,2,19,35.5289811472122,0.6231060606060606,45.404411764705884,1018.3823529411765,30.86007130124777,0
322,4,1,0,36,0.027777777777777776,0.0,1.0,36,650,400,250,0.6153846153846154,9,4,5,376.0507477912166,0.4515376984126984,0.08496099004573598,0.2027532099709821,128082.49831795454,2434.605680507484,130517.10399846203,320,0,117.41666666666667,33,3,21,37.41979418886199,0.6073232323232323,46.936274509803916,1012.2549019607835,30.67439096850859,7
323,4,0,0,36,0.0,0.0,1.0,36,950,600,350,0.631578947368421,13,6,7,377.1803476561,0.451901455026455,0.09427772399698853,0.20399335032918903,128206.57920030745,2471.4004229142474,130677.97962322169,321,1,118.41666666666667,33,3,21,37.264036786060025,0.6085858585858586,46.81372549019607,1012.7450980392147,30.689245395127717,0
324,4,1,1,36,0.02702702702702703,0.02702702702702703,0.972972972972973,37,1150,800,350,0.6956521739130435,15,8,7,373.47224977407495,0.45207707707707706,0.10655373683542702,0.20397330564584082,128596.93877551013,2205.477607709741,130802.41638321987,322,0,116.1891891891892,34,3,19,36.958382237871675,0.6102941176470589,46.42857142857142,1014.2857142857137,29.831932773109227,0
325,4,1,1,36,0.02702702702702703,0.02702702702702703,0.972972972972973,37,900,700,200,0.7777777777777778,11,7,4,371.75794821341225,0.45145145145145144,0.12235054003346724,0.2042752437090191,128838.54875283434,2179.350907029463,131017.8996598638,323,0,117.0,34,3,21,36.754905409631014,0.6127450980392157,46.19047619047618,1015.2380952380942,29.859943977591005,0
326,4,1,0,37,0.02702702702702703,0.0,1.0,37,900,400,500,0.4444444444444444,14,4,10,369.8746760051238,0.4513263263263263,0.15861806123346445,0.20527425998759266,129232.53864198858,2160.4788759866587,131393.01751797524,324,0,117.72972972972973,33,4,22,36.40058153549475,0.6190025252525253,45.80269607843137,1016.7892156862739,30.811794414735573,0
327,4,0,0,37,0.0,0.0,1.0,37,1050,700,350,0.6666666666666666,14,7,7,366.43972616246907,0.450513013013013,0.15928431442765323,0.20417332930206833,129388.34372597077,2082.6058487120326,131470.9495746828,325,1,118.72972972972973,33,4,22,36.3290974062475,0.6205808080808081,45.64950980392157,1017.4019607843137,30.830362448009506,0
328,4,0,0,37,0.0,0.0,1.0,37,1300,1000,300,0.7692307692307693,16,10,6,365.8613403537308,0.4492304804804805,0.15464453866763783,0.20547563925812262,129700.23548635164,2090.4603998462426,131790.69588619788,326,2,119.72972972972973,33,4,17,36.02622714148218,0.6237373737373737,45.343137254901976,1018.6274509803941,30.867498514557397,0
329,4,0,1,36,0.0,0.02702702702702703,0.972972972972973,37,1000,700,300,0.7,13,7,6,363.20577551711085,0.4494494494494494,0.15378056252092187,0.20422569164753218,129746.60572562378,2024.9433106576182,131771.54903628142,327,3,120.72972972972973,34,3,17,36.04668146763263,0.6219362745098039,45.29761904761906,1018.8095238095254,29.964985994397807,0
330,4,0,0,36,0.0,0.0,1.0,36,1450,1100,350,0.7586206896551724,18,11,7,370.01481380760987,0.44713955026455027,0.15311367799034725,0.207643019416276,129669.0294147685,2395.8923551038233,132064.92176987234,328,4,124.58333333333333,33,3,17,35.95222696827498,0.6234217171717171,45.37377450980393,1018.5049019607854,30.863784907902588,0
331,4,0,1,35,0.0,0.027777777777777776,0.9722222222222222,36,550,400,150,0.7272727272727273,7,4,3,368.9022327807246,0.4464285714285714,0.15290808007911694,0.20751374582807505,129762.65889321435,2373.9469194540843,132136.60581266842,329,5,125.58333333333333,33,3,18,35.885253788789996,0.6243686868686869,45.28186274509805,1018.8725490196096,30.874925727866955,0
332,4,0,0,35,0.0,0.0,1.0,35,950,700,250,0.7368421052631579,12,7,5,376.08463132295196,0.44474789915966384,0.15949842371860723,0.2109526172636254,129651.06398581793,2751.9545199469667,132403.0185057649,330,6,130.0,32,3,19,35.8159765269857,0.6256510416666667,45.39141414141415,1018.4343434343447,31.82607323232327,0
333,4,1,1,35,0.027777777777777776,0.027777777777777776,0.9722222222222222,36,1150,700,450,0.6086956521739131,16,7,9,369.7754170879937,0.44510582010582006,0.17627743072240865,0.20967374467578076,130075.00120146113,2419.707564398325,132494.70876585945,331,0,127.36111111111111,33,3,20,35.545310748037785,0.6275252525252526,44.97549019607844,1020.0980392156875,30.912061794414775,0
334,4,1,0,36,0.027777777777777776,0.0,1.0,36,1150,800,350,0.6956521739130435,15,8,7,363.2315586075793,0.4449570105820106,0.1708919812326719,0.20796004619181224,130450.30757401025,2276.73370818919,132727.04128219944,332,0,124.55555555555556,33,3,21,35.33119401791427,0.6313131313131313,44.60784313725492,1021.5686274509825,30.956625074272196,0
335,4,0,0,36,0.0,0.0,1.0,36,1000,600,400,0.6,14,6,8,361.4234004115938,0.4439153439153439,0.1718279655824606,0.20793062111955304,130638.16350682451,2243.1378556324735,132881.301362457,333,1,125.55555555555556,33,3,17,35.18690561815711,0.6332070707070707,44.42401960784315,1022.3039215686291,30.978906714200882,0
336,4,0,0,36,0.0,0.0,1.0,36,1100,900,200,0.8181818181818182,13,9,4,360.88952633654844,0.4427083333333333,0.1649301397205587,0.20897555789945776,130888.84833958103,2247.282896001553,133136.13123558258,334,2,126.55555555555556,33,3,18,34.946606786427154,0.6357323232323233,44.17892156862746,1023.2843137254911,31.008615567439122,0
337,4,0,0,36,0.0,0.0,1.0,36,800,400,400,0.5,12,4,8,362.35244507604847,0.4423280423280423,0.16825330299764518,0.20999342601180307,130920.20083922059,2287.850976787787,133208.05181600837,335,3,127.55555555555556,33,3,18,34.87743483814315,0.6360479797979798,44.1482843137255,1023.4068627450988,31.012329174093903,0
338,4,0,0,36,0.0,0.0,1.0,36,1150,700,450,0.6086956521739131,16,7,9,361.9663436920874,0.4416170634920635,0.17303192267294243,0.21079809994667426,131108.39468293457,2291.3652501441975,133399.75993307878,336,4,128.55555555555554,33,3,20,34.696835985800355,0.6379419191919191,43.96446078431374,1024.142156862746,31.03461081402261,0
339,4,1,0,37,0.02702702702702703,0.0,1.0,37,1000,800,200,0.8,12,8,4,358.49348323811296,0.4427552552552552,0.17574626280372052,0.21081374457995522,131480.6990504536,2026.9947562358388,133507.69380668944,337,0,126.05405405405405,34,3,21,34.409460243760876,0.6393995098039216,43.60119047619048,1025.5952380952388,30.164565826330552,0
340,4,0,0,37,0.0,0.0,1.0,37,950,600,350,0.631578947368421,13,6,7,359.83054999234633,0.44181681681681684,0.18028052417192675,0.2122778583425075,131602.82206632663,2070.943168934249,133673.7652352609,338,1,127.05405405405405,34,3,16,34.2518466952856,0.640625,43.48214285714286,1026.0714285714294,30.178571428571452,0
341,4,0,0,37,0.0,0.0,1.0,37,1300,1100,200,0.8461538461538461,15,11,4,382.7612286188582,0.44087837837837834,0.19358380279746457,0.2169308493773631,130055.90284475735,2556.0714323988313,132611.97427715617,339,2,128.05405405405406,35,2,17,35.23358012784145,0.6229166666666667,44.99421296296296,1020.0231481481479,29.143518518518512,8
342,4,0,0,37,0.0,0.0,1.0,37,550,400,150,0.7272727272727273,7,4,3,382.6856630907015,0.4410347847847848,0.19679207338009586,0.21738123748760466,130144.46159122078,2560.8839163237258,132705.3455075445,340,3,129.05405405405406,35,2,17,35.14537961282518,0.6238095238095238,44.907407407407405,1020.3703703703698,29.153439153439137,0
343,4,0,0,37,0.0,0.0,1.0,37,1100,700,400,0.6363636363636364,15,7,8,385.2741294770041,0.4390640640640641,0.19559911185973533,0.22035283166782643,130410.31867551866,2648.7444005058296,133059.0630760245,341,4,130.05405405405406,35,2,19,34.808899905571295,0.6264880952380952,44.64699074074074,1021.4120370370368,29.183201058201053,0
344,4,0,0,37,0.0,0.0,1.0,37,1200,800,400,0.6666666666666666,16,8,8,385.5200602605417,0.4385635635635636,0.19439375941414916,0.22099812285584833,130498.99798525387,2661.9963134430836,133160.99429869695,342,5,131.05405405405406,35,2,16,34.712467905150284,0.6273809523809524,44.56018518518519,1021.75925925926,29.193121693121714,0
345,4,0,0,37,0.0,0.0,1.0,37,750,600,150,0.8,9,6,3,387.00962849227335,0.4380005005005005,0.19296887194067636,0.22236057444471471,130587.70743580667,2707.7400280778397,133295.4474638845,343,6,132.05405405405406,35,2,17,34.58425338768731,0.6282738095238095,44.473379629629626,1022.1064814814808,29.20304232804231,0
346,4,0,0,37,0.0,0.0,1.0,37,1700,1300,400,0.7647058823529411,21,13,8,387.41671842893015,0.43746871871871873,0.19705626858184622,0.2234473971304195,130735.62349965703,2729.83324759945,133465.45674725648,344,7,133.05405405405406,35,2,18,34.42357024294553,0.6297619047619047,44.3287037037037,1022.6851851851849,29.21957671957671,0
347,4,1,1,37,0.02631578947368421,0.02631578947368421,0.9736842105263158,38,1000,600,400,0.6,14,6,8,381.8454008599165,0.43711474632527264,0.20540083997639713,0.2229800678448987,131212.72243527317,2420.5949192435737,133633.31735451674,345,0,130.52631578947367,36,2,19,34.08212427639774,0.6325231481481481,43.862612612612615,1024.54954954955,28.45970970970972,0
348,4,0,1,36,0.0,0.02702702702702703,0.972972972972973,37,1250,1000,250,0.8,15,10,5,379.5629472533271,0.43574824824824826,0.18532011635459922,0.22284769357143183,131419.65880102038,2576.508057112543,133996.16685813293,346,1,129.86486486486487,34,3,19,33.93102480746158,0.6387867647058824,43.660714285714285,1025.3571428571427,30.157563025210077,0
349,4,0,0,36,0.0,0.0,1.0,36,850,500,350,0.5882352941176471,12,5,7,386.3342014034654,0.43440806878306876,0.19730025901574,0.22646710544779178,131359.53006355738,2949.735828767795,134309.26589232517,347,2,134.22222222222223,33,3,20,33.81836521219366,0.6404671717171717,43.719362745098046,1025.1225490196086,31.064319667260868,0
350,4,0,1,35,0.0,0.027777777777777776,0.9722222222222222,36,700,500,200,0.7142857142857143,9,5,4,387.5429518827755,0.4339781746031746,0.2007964145224741,0.22789641846212358,131480.6990504535,2990.8836451247125,134471.5826955782,348,3,135.22222222222223,34,2,20,33.66463532598183,0.6393995098039216,43.601190476190474,1025.5952380952378,30.164565826330524,0
351,4,0,0,35,0.0,0.0,1.0,35,900,600,300,0.6666666666666666,12,6,6,390.81592059732725,0.4324229691876751,0.19923185907174457,0.22984809834708575,131485.18786344188,3277.300947952705,134762.48881139458,349,4,138.02857142857144,33,2,20,33.57616899669415,0.641729797979798,43.59681372549019,1025.6127450980387,31.07917409387996,0
352,4,0,2,33,0.0,0.05714285714285714,0.9428571428571428,35,950,700,250,0.7368421052631579,12,7,5,386.4821822219992,0.43196778711484596,0.19257958142078313,0.2283662023945069,131663.90483276648,3177.1506519274435,134841.05548469393,350,5,139.02857142857144,34,1,15,33.50636043769091,0.6412377450980392,43.42261904761905,1026.309523809524,30.185574229691884,0
353,4,0,1,32,0.0,0.030303030303030304,0.9696969696969697,33,650,500,150,0.7692307692307693,8,5,3,398.68812526305004,0.4305950126262626,0.19625530200440933,0.23450714275972181,131489.9488094328,3884.696236353446,135374.64504578625,351,6,141.3939393939394,32,1,20,33.36949608108663,0.6442057291666667,43.59217171717172,1025.6313131313138,32.05097853535356,0
354,4,0,0,32,0.0,0.0,1.0,32,850,600,250,0.7058823529411765,11,6,5,406.74899747508414,0.4293304771505377,0.19176929913661755,0.23907127642640028,131461.62245008687,4294.376627604175,135755.99907769106,352,7,135.90625,31,1,20,33.19155239546301,0.646505376344086,43.61979166666667,1025.520833333334,33.081317204301094,0
355,4,0,0,32,0.0,0.0,1.0,32,1100,900,200,0.8181818181818182,13,9,4,407.06802843831605,0.428742439516129,0.19166851757837344,0.23988698549480114,131561.79004245327,4310.919698079421,135872.70974053268,353,8,136.90625,31,1,18,33.08174154926599,0.647513440860215,43.522135416666664,1025.9114583333328,33.093918010752674,0
356,4,0,0,32,0.0,0.0,1.0,32,1050,800,250,0.7619047619047619,13,8,5,409.53540597004735,0.4283644153225807,0.1922781055703593,0.24176393516478978,131628.58963012695,4381.31357828776,136009.9032084147,354,9,137.90625,31,1,18,32.95068836442076,0.6481854838709677,43.45703125,1026.171875,33.102318548387096,0
357,4,1,0,33,0.030303030303030304,0.0,1.0,33,1000,700,300,0.7,13,7,6,390.63377931443335,0.4280697601010101,0.06935993796230022,0.23074646499038642,131651.87225793296,3685.533682787481,135337.40594072043,355,0,134.6969696969697,32,1,16,33.41202222769027,0.6458333333333333,43.43434343434344,1026.262626262627,32.070707070707094,8
358,4,0,0,33,0.0,0.0,1.0,33,1100,900,200,0.8181818181818182,13,9,4,390.6945244986849,0.4268465909090909,0.07163754132146694,0.2313719722286095,131749.0741537854,3694.7283759310403,135443.80252971643,356,1,135.6969696969697,32,1,16,33.312066986430544,0.6468098958333333,43.33964646464647,1026.6414141414148,32.08254419191921,0
359,4,0,0,33,0.0,0.0,1.0,33,1000,700,300,0.7,13,7,6,390.7410632424789,0.4260969065656566,0.07114786463280653,0.23218981369448982,131878.73247946642,3706.0872296194307,135584.81970908586,357,2,136.6969696969697,32,1,17,33.17967629584101,0.6481119791666667,43.21338383838384,1027.146464646465,32.09832702020203,0
360,4,1,0,34,0.029411764705882353,0.0,1.0,34,1500,1200,300,0.8,18,12,6,384.0399625262633,0.4268419489007724,0.07758469677328961,0.23078135185454407,132303.42784325735,3361.960694204147,135665.3885374615,358,0,133.64705882352942,33,1,18,32.92274667460791,0.6499368686868687,42.80024509803921,1028.7990196078429,31.175727866904328,0
361,4,0,0,34,0.0,0.0,1.0,34,1250,900,350,0.72,16,9,7,384.9761904761904,0.42645202020202017,0.08406162464985956,0.23231321839080454,132461.0726643599,3398.8718281430242,135859.94449250292,359,1,134.64705882352942,33,1,18,32.73958333333332,0.6515151515151515,42.64705882352941,1029.4117647058827,31.19429590017826,0
362,4,0,0,34,0.0,0.0,1.0,34,1200,900,300,0.75,15,9,6,386.2471749038326,0.4264334521687463,0.08697493995812833,0.2332755223844068,132492.61289227704,3434.9794850538265,135927.59237733088,360,2,135.64705882352942,33,1,18,32.675053565051776,0.6518308080808081,42.61642156862745,1029.5343137254904,31.198009506833042,0
363,4,0,0,34,0.0,0.0,1.0,34,1200,900,300,0.75,15,9,6,386.2275277920572,0.42578357100415926,0.08701767644959446,0.23424448763492295,132650.37035034603,3446.644920222987,136097.015270569,361,3,136.64705882352942,33,1,15,32.51645649932588,0.6534090909090908,42.463235294117645,1030.1470588235293,31.216577540106947,0
364,4,0,1,33,0.0,0.029411764705882353,0.9705882352941176,34,1600,1400,200,0.875,18,14,4,387.40641979637525,0.42474376114081996,0.0810589634188994,0.23575166356639032,132776.6438989811,3487.704849096493,136264.34874807758,362,4,137.64705882352942,33,1,16,32.358799048751486,0.6546717171717171,42.3406862745098,1030.6372549019602,31.231431966726067,0
365,4,0,0,33,0.0,0.0,1.0,33,750,400,350,0.5333333333333333,11,4,7,392.3118512110726,0.42234848484848486,0.09021836007130135,0.2381893382352941,132690.54178145085,3811.2144168962313,136501.75619834708,363,5,141.06060606060606,32,1,16,32.319240196078425,0.65625,42.42424242424242,1030.3030303030303,32.196969696969695,0
366,4,0,1,32,0.0,0.030303030303030304,0.9696969696969697,33,1000,800,200,0.8,12,8,4,392.5765621712916,0.42234848484848486,0.09014826773553031,0.2393866788744285,132853.20255905017,3831.0107068156403,136684.2132658658,364,6,142.06060606060606,32,1,17,32.148397632169825,0.6578776041666667,42.266414141414145,1030.934343434344,32.21669823232325,0
367,4,0,0,32,0.0,0.0,1.0,32,1350,1000,350,0.7407407407407407,17,10,7,399.2725129470225,0.4204469086021505,0.11509377368022244,0.2435623850165273,132867.44011772997,4210.063340928814,137077.5034586588,365,7,146.90625,31,1,17,31.96145912267408,0.6606182795698925,42.252604166666664,1030.989583333333,33.25772849462365,0
368,4,0,0,32,0.0,0.0,1.0,32,1000,800,200,0.8,12,8,4,395.40554570860445,0.41922883064516125,0.11027788291698215,0.2429445236656123,133136.0626220703,4128.547498914931,137264.61012098525,366,8,147.90625,31,1,18,31.79041551013542,0.6633064516129032,41.9921875,1032.03125,33.29133064516129,0
369,4,1,0,33,0.030303030303030304,0.0,1.0,33,1000,800,200,0.8,12,8,4,385.267105123909,0.4205334595959596,0.10478825660343838,0.23823659765825428,133374.386621901,3676.95276629938,137051.3393882004,367,0,144.3939393939394,32,1,19,31.81227845006723,0.6630859375,41.76136363636365,1032.9545454545469,32.27982954545459,0
370,4,0,1,32,0.0,0.030303030303030304,0.9696969696969697,33,1000,800,200,0.8,12,8,4,386.13248412767473,0.4197048611111111,0.0970750722546112,0.23961950950127894,133505.86149427638,3710.2258589423373,137216.08735321873,368,1,145.3939393939394,31,2,19,31.657768468354956,0.667002688172043,41.63411458333334,1033.4635416666679,33.33753360215058,0
371,4,0,0,32,0.0,0.0,1.0,32,900,600,300,0.6666666666666666,12,6,6,387.9984819535607,0.4178217405913978,0.08965323839250883,0.2407845300840136,133506.94670265348,3960.098530176899,137467.0452328304,369,2,146.4375,30,2,20,31.60846664065548,0.6697916666666667,41.63306451612903,1033.467741935484,34.4489247311828,0
372,4,0,1,31,0.0,0.03125,0.96875,32,1300,900,400,0.6923076923076923,17,9,8,387.46749954677244,0.4168346774193548,0.0858054977904863,0.24158629996052408,133680.63685108107,3959.3804197017053,137640.0172707828,370,3,147.4375,30,2,21,31.447664847066985,0.6715277777777777,41.465053763440864,1034.139784946237,34.47132616487456,0
373,4,0,0,31,0.0,0.0,1.0,31,1250,1000,250,0.8,15,10,5,397.4027579008994,0.41491935483870973,0.09111982495288062,0.24758690649139709,133651.6806520061,4422.709297839495,138074.3899498456,371,4,151.48387096774192,29,2,22,31.219918289679875,0.6742097701149425,41.49305555555555,1034.0277777777771,35.65613026819921,0
374,4,0,0,31,0.0,0.0,1.0,31,750,600,150,0.8,9,6,3,398.8294957703793,0.41402329749103944,0.08891218373278686,0.2489591999163466,133723.49778163584,4466.575038580254,138190.0728202161,372,5,152.48387096774192,29,2,18,31.11082203124301,0.6749281609195402,41.423611111111114,1034.3055555555559,35.66570881226055,0
375,4,0,0,31,0.0,0.0,1.0,31,1200,1000,200,0.8333333333333334,14,10,4,403.0043486040125,0.4127240143369176,0.08742402992052356,0.2527936368516078,133903.125,4592.708333333333,138495.83333333334,373,6,153.48387096774192,29,2,18,30.82226247987117,0.6767241379310345,41.25,1035.0,35.689655172413794,0
376,4,0,0,31,0.0,0.0,1.0,31,800,600,200,0.75,10,6,4,402.18420335034324,0.4127240143369176,0.08749020745056169,0.25252559962679905,133939.06491126522,4573.635223765403,138512.7001350306,374,7,154.48387096774192,29,2,18,30.807365043159365,0.6770833333333333,41.215277777777764,1035.138888888887,35.694444444444386,0
377,4,0,1,30,0.0,0.03225806451612903,0.967741935483871,31,1000,700,300,0.7,13,7,6,401.48334676064457,0.4120071684587814,0.08398779775426757,0.25257876372157,134010.9592013889,4560.633680555561,138571.59288194447,375,8,155.48387096774192,29,2,19,30.75326961770624,0.677801724137931,41.145833333333336,1035.4166666666667,35.70402298850575,0
378,4,0,1,29,0.0,0.03333333333333333,0.9666666666666667,30,650,500,150,0.7692307692307693,8,5,3,413.1817129629629,0.4096743295019157,0.09437962962962954,0.25823857060185185,133769.32223543403,5054.20754062624,138823.52977606026,376,9,161.1,28,2,19,30.693576388888886,0.6785714285714286,41.37931034482759,1034.4827586206898,36.94581280788178,0
379,4,0,0,29,0.0,0.0,1.0,29,700,600,100,0.8571428571428571,8,6,2,430.7785387474108,0.4083025451559934,0.09561484147319432,0.23368078886513372,128326.43843308218,5256.055126172531,133582.4935592547,377,22,167.3448275862069,28,1,17,35.783583853280405,0.6235119047619048,46.69540229885057,1013.2183908045967,36.186371100164166,8
380,4,2,0,31,0.06451612903225806,0.0,1.0,31,850,800,50,0.9411764705882353,9,8,1,404.2299080138789,0.4166666666666667,0.09240600284956146,0.22377646884340785,129133.07354896519,4239.890088449529,133372.9636374147,378,0,157.48387096774192,30,1,18,35.62907740456669,0.6256944444444444,45.9005376344086,1016.3978494623655,33.87992831541218,0
381,4,0,0,31,0.0,0.0,1.0,31,550,300,250,0.5454545454545454,8,3,5,403.78930395055096,0.41706989247311826,0.09280803807509241,0.2239195230998509,129201.38888888883,4234.027777777768,133435.4166666666,379,1,158.48387096774192,30,1,18,35.570355191256844,0.6263888888888889,45.83333333333333,1016.6666666666662,33.88888888888887,0
382,4,0,0,31,0.0,0.0,1.0,31,750,400,350,0.5333333333333333,11,4,7,408.75163940076396,0.41689068100358423,0.09711096995869162,0.22726110619732384,129303.89577190987,4370.635875534718,133674.5316474446,380,2,159.48387096774192,30,1,18,35.33930223338177,0.6274305555555555,45.73252688172042,1017.0698924731169,33.90232974910389,0
383,4,1,0,32,0.03125,0.0,1.0,32,850,700,150,0.8235294117647058,10,7,3,397.72445871097733,0.41851478494623656,0.09649830627636513,0.22335954346704767,129698.28499688033,3916.8360392252516,133615.1210361056,381,0,155.46875,31,1,18,35.21680195151051,0.6286962365591398,45.34505208333333,1018.6197916666658,32.85870295698922,0
384,4,2,0,34,0.058823529411764705,0.0,1.0,34,1100,600,500,0.5454545454545454,16,6,10,379.25041266491763,0.42520796197266786,0.10267475916581437,0.21695622440371223,130419.01139285362,3092.2927780180603,133511.30417087168,382,0,147.26470588235293,33,1,22,34.95388422315538,0.6309974747474747,44.63848039215686,1021.4460784313718,30.952911467617326,0
385,4,0,1,33,0.0,0.029411764705882353,0.9705882352941176,34,1900,1700,200,0.8947368421052632,21,17,4,382.5635894162371,0.42455808080808083,0.11110170686979903,0.21973693772254915,130575.5298442905,3190.6886774317404,133766.21852172224,383,1,148.26470588235293,33,1,18,34.71023181454836,0.6325757575757576,44.48529411764705,1022.0588235294105,30.971479500891228,0
386,4,1,0,34,0.029411764705882353,0.0,1.0,34,1050,800,250,0.7619047619047619,13,8,5,384.6235121808583,0.42424242424242425,0.12739461576941213,0.22253788656950707,130857.49959450695,3266.1742178489067,134123.67381235585,384,0,149.2058823529412,33,1,19,34.37125703677087,0.6354166666666667,44.20955882352941,1023.1617647058827,31.004901960784323,0
387,4,0,0,34,0.0,0.0,1.0,34,900,400,500,0.4444444444444444,14,4,10,380.3766918424567,0.4236111111111111,0.11725264818571102,0.22061848126862482,130951.55709342561,3162.184015763166,134113.74110918876,385,1,150.2058823529412,33,1,20,34.38447876756066,0.6363636363636364,44.11764705882353,1023.529411764706,31.016042780748666,0
388,4,0,0,34,0.0,0.0,1.0,34,950,700,250,0.7368421052631579,12,7,5,380.4887101183216,0.4233325906120024,0.12041816606925315,0.22086325195401946,130982.91710219627,3167.5042351499396,134150.4213373462,386,2,151.2058823529412,33,1,20,34.349809449698704,0.6366792929292929,44.08700980392157,1023.6519607843137,31.019756387403447,0
389,4,0,0,34,0.0,0.0,1.0,34,1050,600,450,0.5714285714285714,15,6,9,382.33848725808406,0.42270127748068925,0.12555004048297946,0.22229909958533697,131045.64838343424,3220.758992935405,134266.40737636964,387,3,152.2058823529412,33,1,20,34.238853979652895,0.6373106060606061,44.025735294117645,1023.8970588235293,31.02718360071301,0
390,4,1,0,35,0.02857142857142857,0.0,1.0,35,850,600,250,0.7058823529411765,11,6,5,374.3386479533835,0.42408963585434173,0.12788326009451967,0.22013156669750159,131480.6990504535,2843.6614229024913,134324.36047335598,388,0,148.82857142857142,34,1,21,34.003192106790486,0.6393995098039216,43.601190476190474,1025.5952380952378,30.164565826330524,0
391,4,0,0,35,0.0,0.0,1.0,35,1250,1000,250,0.8,15,10,5,375.99081219431696,0.42317927170868347,0.1310924369747899,0.22181141754297193,131602.8220663266,2896.29039115647,134499.11245748308,389,1,149.82857142857142,34,1,19,33.83730711219399,0.640625,43.48214285714286,1026.0714285714291,30.178571428571445,0
392,4,0,0,35,0.0,0.0,1.0,35,1150,800,350,0.6956521739130435,15,8,7,379.7278208804182,0.42282913165266106,0.1284322820037107,0.22491570929070936,131755.5555555556,3006.2500000000045,134761.8055555556,390,2,150.82857142857142,34,1,20,33.58698593073594,0.642156862745098,43.333333333333336,1026.666666666667,30.19607843137256,0
393,4,0,0,35,0.0,0.0,1.0,35,1050,900,150,0.8571428571428571,12,9,3,381.4546293900277,0.4218487394957983,0.13216976601698982,0.22648376378167714,131847.2381660998,3058.7478741496625,134905.98604024947,391,3,151.82857142857142,34,1,20,33.44997295313164,0.6430759803921569,43.24404761904762,1027.0238095238096,30.206582633053223,0
394,4,0,0,35,0.0,0.0,1.0,35,500,100,400,0.2,9,1,8,384.20128831939974,0.42160364145658263,0.13017896462096235,0.22848193776072365,131908.3776218821,3135.873724489797,135044.2513463719,392,4,152.82857142857142,34,1,20,33.31764012824971,0.6436887254901961,43.18452380952381,1027.2619047619048,30.21358543417367,0
395,4,0,0,35,0.0,0.0,1.0,35,900,700,200,0.7777777777777778,11,7,4,382.9962714089874,0.4209733893557423,0.13129685095398047,0.22850081624559673,132030.69905045338,3113.4530895691455,135144.15214002252,393,5,153.82857142857142,34,1,20,33.22497972894707,0.6449142156862745,43.06547619047618,1027.7380952380943,30.227591036414537,0
396,4,0,0,35,0.0,0.0,1.0,35,1050,700,350,0.6666666666666666,14,7,7,384.30808216785147,0.42041316526610645,0.1381090247332286,0.22965399927469873,132091.8810232426,3152.7954931972768,135244.67651643988,394,6,154.82857142857142,34,1,20,33.129463424049405,0.6455269607843137,43.00595238095238,1027.9761904761904,30.234593837535012,0
397,4,0,2,33,0.0,0.05714285714285714,0.9428571428571428,35,1150,700,450,0.6086956521739131,16,7,9,380.78582658354236,0.41887254901960785,0.13422388281779551,0.22865672880530863,132275.51197562364,3073.7280328798265,135349.24000850346,395,7,155.82857142857142,34,1,20,33.03461212051076,0.6473651960784313,42.827380952380956,1028.6904761904766,30.25560224089637,0
398,4,0,0,33,0.0,0.0,1.0,33,1150,800,350,0.6956521739130435,15,8,7,391.9689932878131,0.41773200757575757,0.14844912782044384,0.23472025598058488,132170.69686766676,3761.36299867363,135932.0598663404,396,8,163.84848484848484,32,1,20,32.852918303863795,0.6510416666666667,42.92929292929294,1028.28282828283,32.13383838383844,0
399,4,0,0,33,0.0,0.0,1.0,33,850,500,350,0.5882352941176471,12,5,7,395.3515568628307,0.41753472222222227,0.12057001510408694,0.22098183252373316,129513.05537533657,3640.6376153402757,133153.69299067685,397,9,164.84848484848484,33,0,20,35.46632956095996,0.6218434343434344,45.52696078431374,1017.8921568627463,30.845216874628676,8
400,4,0,0,33,0.0,0.0,1.0,33,1000,700,300,0.7,13,7,6,391.62855562791276,0.41729797979797983,0.12073088925831943,0.2199470644850819,129700.23548635142,3558.8631776239913,133259.0986639754,398,10,165.84848484848484,33,0,20,35.37004732114213,0.6237373737373737,45.34313725490196,1018.6274509803923,30.86749851455734,0
401,4,0,0,33,0.0,0.0,1.0,33,1350,1000,350,0.7407407407407407,17,10,7,395.44174852519745,0.4166272095959596,0.1241269251369046,0.22297552694807246,129856.32216274999,3670.1222186178484,133526.44438136782,399,11,166.84848484848484,33,0,21,35.113697847781644,0.6253156565656566,45.18995098039216,1019.2401960784321,30.886066547831273,0
402,4,0,0,33,0.0,0.0,1.0,33,1050,600,450,0.5714285714285714,15,6,9,395.0227496234018,0.4161931818181818,0.1253355771927711,0.2230953329339499,129918.78311526826,3664.174986783937,133582.9581020522,400,12,167.84848484848484,33,0,21,35.06067936851384,0.6259469696969697,45.12867647058824,1019.4852941176478,30.893493761140842,0
403,4,0,0,33,0.0,0.0,1.0,33,850,500,350,0.5882352941176471,12,5,7,398.5706561129288,0.4156802398989899,0.13124879366917575,0.22545930860065844,129981.25908604881,3761.3431432622265,133742.60222931104,401,13,168.84848484848484,33,0,21,34.90653667427793,0.6265782828282829,45.06740196078432,1019.7303921568641,30.90092097445043,0
404,4,1,0,34,0.029411764705882353,0.0,1.0,34,1150,900,250,0.782608695652174,14,9,5,389.94087096502403,0.419247623291741,0.14015584635582123,0.22289212747753853,130387.71896626311,3369.004259179183,133756.72322544229,402,0,164.85294117647058,33,1,22,34.71272298216143,0.6306818181818181,44.66911764705883,1021.3235294117659,30.949197860962602,0
405,4,2,0,36,0.05555555555555555,0.0,1.0,36,900,800,100,0.8888888888888888,10,8,2,375.4448431335368,0.4226686507936508,0.13670284938941712,0.21787625936174537,130972.46334876539,2634.5871913580236,133607.05054012343,403,0,156.63888888888889,35,1,21,34.48948439620082,0.6321428571428571,44.09722222222222,1023.6111111111109,29.24603174603174,0
406,4,0,0,36,0.0,0.0,1.0,36,600,200,400,0.3333333333333333,10,2,8,374.9310749939334,0.4229662698412699,0.1394415555053128,0.2179132910247265,131031.70680084027,2625.571737825795,133657.27853866605,404,1,157.63888888888889,35,1,21,34.44259175521891,0.6327380952380952,44.039351851851855,1023.8425925925932,29.25264550264552,0
407,4,1,0,37,0.02702702702702703,0.0,1.0,37,1400,1100,300,0.7857142857142857,17,11,6,366.88455517522584,0.4247372372372373,0.12989081190909846,0.21538968020525678,131417.11576485334,2243.316909936553,133660.4326747899,405,0,154.35135135135135,35,2,23,34.2585929563156,0.6366071428571429,43.66319444444444,1025.347222222222,29.295634920634914,0
408,4,0,0,37,0.0,0.0,1.0,37,1150,1000,150,0.8695652173913043,13,10,3,370.87464096905353,0.4242992992992993,0.1255386041575819,0.21840943142250632,131535.817003708,2356.659781164263,133892.47678487227,406,1,155.35135135135135,35,2,23,34.03627910037984,0.6377976190476191,43.5474537037037,1025.8101851851852,29.308862433862434,0
409,4,0,1,36,0.0,0.02702702702702703,0.972972972972973,37,1150,900,250,0.782608695652174,14,9,5,372.45341389912375,0.4238613613613614,0.12275815838386239,0.22053816964520906,131743.6731074247,2413.6761616941103,134157.3492691188,407,2,156.35135135135135,35,2,17,33.785700864336704,0.6398809523809523,43.34490740740741,1026.6203703703713,29.33201058201061,0
410,4,0,1,35,0.0,0.027777777777777776,0.9722222222222222,36,1350,1200,150,0.8888888888888888,15,12,3,380.5612100286013,0.42051917989417986,0.12704455724760266,0.22446274962764826,131595.18771701396,2816.0047743055597,134411.19249131953,408,5,161.63888888888889,35,1,17,33.72779187817259,0.6383928571428572,43.489583333333336,1026.0416666666672,29.315476190476204,0
411,4,1,0,36,0.027777777777777776,0.0,1.0,36,700,700,0,1.0,7,7,0,373.75973773072354,0.4218253968253968,0.1352569882777277,0.22165751291089433,131803.0907064472,2652.537722908096,134455.6284293553,409,0,160.27777777777777,35,1,18,33.69214006612564,0.6404761904761904,43.28703703703704,1026.851851851852,29.338624338624342,0
412,4,0,0,36,0.0,0.0,1.0,36,950,800,150,0.8421052631578947,11,8,3,372.394043999358,0.42166005291005293,0.1303245436105478,0.22119308878516097,131862.52170138896,2620.963541666676,134483.48524305565,410,1,161.27777777777777,35,1,18,33.667173766058156,0.6410714285714285,43.22916666666667,1027.083333333334,29.345238095238113,0
413,4,0,0,36,0.0,0.0,1.0,36,650,500,150,0.7692307692307693,8,5,3,376.91403323462555,0.4217592592592592,0.13125281658404697,0.22422848250606828,131921.96609224976,2744.6480624142837,134666.61415466404,411,2,162.27777777777777,35,1,18,33.491062039957946,0.6416666666666666,43.171296296296305,1027.3148148148157,29.351851851851876,0
414,4,0,1,35,0.0,0.027777777777777776,0.9722222222222222,36,800,600,200,0.75,10,6,4,365.0066503798454,0.4221726190476191,0.10682250095020884,0.20031966982673605,128789.87295310342,2227.7665252057427,131017.63947830917,412,3,163.27777777777777,35,1,18,36.97595971113644,0.6101190476190477,46.23842592592592,1015.0462962962952,29.001322751322718,8
415,4,1,0,36,0.027777777777777776,0.0,1.0,36,1050,900,150,0.8571428571428571,12,9,3,335.33935546875,0.4238095238095238,0.03601810515873005,0.17716041420990572,127262.39753266788,1335.21807280254,128597.61560547042,413,0,164.0,36,0,20,39.28873697916669,0.5925925925925926,47.74774774774775,1009.0090090090096,28.028028028028043,8
416,4,1,1,36,0.02702702702702703,0.02702702702702703,0.972972972972973,37,1150,900,250,0.782608695652174,14,9,5,328.40897013497687,0.4266453953953954,0.043243243243243024,0.17503115441259767,127617.73003472229,982.161458333338,128599.89149305563,414,0,160.54054054054055,37,0,17,39.100085910652915,0.5943130630630631,47.395833333333336,1010.4166666666673,27.308558558558577,0
417,4,4,5,35,0.1,0.125,0.875,40,1100,800,300,0.7272727272727273,14,8,6,309.77415813124,0.43595085470085465,0.05588189947579436,0.1682743039898849,128381.94580078151,-45.033094618027235,128336.91270616348,415,0,143.0,39,1,15,38.79220629047179,0.5985576923076923,46.640625000000014,1013.437500000002,25.985576923076977,0
418,4,0,0,35,0.0,0.0,1.0,35,950,700,250,0.7368421052631579,12,7,5,346.916133317232,0.42748599439775914,0.0645211930926215,0.1857021654815773,127793.20987654335,1866.7052469135951,129659.91512345694,416,1,160.22857142857143,35,0,21,38.45295329670329,0.6,47.22222222222223,1011.1111111111122,28.88888888888892,0
419,4,1,0,36,0.027777777777777776,0.0,1.0,36,1000,900,100,0.9,11,9,2,332.7905522233573,0.43111772486772487,0.07743023612388877,0.1730829331420046,126625.62157064477,1235.6781550068672,127861.29972565164,417,0,156.75,35,1,18,40.0059414290095,0.5880952380952381,48.37962962962963,1006.4814814814819,28.756613756613767,8
420,4,2,0,38,0.05263157894736842,0.0,1.0,38,1350,900,450,0.6666666666666666,18,9,9,320.03463036881374,0.4366850403034614,0.07944095473695967,0.16871984603963905,127177.19144397795,541.0784298437818,127718.26987382173,418,0,149.44736842105263,36,2,21,39.76196457147113,0.591724537037037,47.83220720720722,1008.6711711711727,28.018643643643685,0
421,4,1,2,37,0.02564102564102564,0.05128205128205128,0.9487179487179487,39,1450,1200,250,0.8275862068965517,17,12,5,318.2482639713513,0.4378092667566352,0.09964895883750335,0.1699659616041664,127700.83703639565,328.1139389042602,128028.95097529991,419,0,146.5897435897436,37,2,17,39.271895566644965,0.5951576576576576,47.31359649122806,1010.7456140350863,27.317449027975307,0
422,4,1,1,37,0.02631578947368421,0.02631578947368421,0.9736842105263158,38,1050,600,450,0.5714285714285714,15,6,9,325.2436315415622,0.434506875296349,0.10393182644599008,0.17352772588905935,127660.40322417008,704.1466297378432,128364.54985390793,420,0,151.3684210526316,36,2,18,39.136440457618306,0.5966435185185186,47.3536036036036,1010.5855855855852,28.071821821821814,0
423,4,1,1,37,0.02631578947368421,0.02631578947368421,0.9736842105263158,38,1100,700,400,0.6363636363636364,15,7,8,326.02115346329225,0.43483285917496445,0.12688743894010557,0.1754267116779128,128002.04554216376,746.2749066634168,128748.32044882717,421,0,151.39473684210526,36,2,19,38.767944580458504,0.6001157407407407,47.015765765765764,1011.9369369369367,28.109359359359352,0
424,4,3,1,39,0.075,0.025,0.975,40,950,600,350,0.631578947368421,13,6,7,308.552300147944,0.44302884615384613,0.14600694444444384,0.16970376508136925,128875.73964497045,-47.018819855359084,128828.72082511509,422,0,143.925,38,2,20,38.32136468855217,0.6052631578947368,46.15384615384615,1015.3846153846157,26.72064777327936,0
425,4,0,0,39,0.0,0.0,1.0,39,1300,500,800,0.38461538461538464,21,5,16,315.1712381928167,0.4418297345928925,0.14407129118408113,0.17391670767459477,129006.37846500844,331.8200071175672,129338.19847212601,423,1,144.89743589743588,37,2,21,38.02066468789349,0.6083896396396397,46.02521929824561,1015.8991228070174,27.45673304883831,0
426,4,0,1,38,0.0,0.02564102564102564,0.9743589743589743,39,900,700,200,0.7777777777777778,11,7,4,315.19730437694625,0.4418016194331984,0.1426899419777372,0.17417611327735016,129062.08070031165,336.0039868036274,129398.08468711528,424,2,145.89743589743588,37,2,21,37.96345005575336,0.6089527027027026,45.9703947368421,1016.1184210526317,27.462660028449505,0
427,4,1,1,38,0.02564102564102564,0.02564102564102564,0.9743589743589743,39,950,800,150,0.8421052631578947,11,8,3,317.0123818427765,0.44048020692757534,0.1441281795695344,0.175925310120371,129230.01284646167,393.5779789192341,129623.5908253809,425,0,146.76923076923077,36,3,22,37.74688965186248,0.6125578703703703,45.805180180180194,1016.779279279282,28.243868868868944,0
428,4,0,0,38,0.0,0.0,1.0,38,1300,1000,300,0.7692307692307693,16,10,6,323.14876703304,0.43939663347558083,0.1347179124684008,0.17946808262656697,129260.23046339172,754.0568201303292,130014.28728352205,426,1,150.39473684210526,35,3,22,37.560228393656594,0.6148809523809524,45.77546296296297,1016.8981481481488,29.054232804232825,0
429,4,0,0,38,0.0,0.0,1.0,38,800,300,500,0.375,13,3,10,319.86359618706933,0.43867057847321006,0.1348964914276809,0.17804187124054183,129348.51794249416,674.7764221107789,130023.29436460494,427,2,151.39473684210526,35,3,22,37.55416334812454,0.6157738095238094,45.68865740740741,1017.2453703703717,29.064153439153475,0
430,4,0,2,36,0.0,0.05263157894736842,0.9473684210526316,38,1550,1200,350,0.7741935483870968,19,12,7,322.6198470659351,0.4383149596965386,0.1424608091364543,0.1801140517619537,129466.28146701407,753.6783854166915,130219.95985243075,428,3,152.39473684210526,35,3,17,37.36459399522348,0.6169642857142856,45.57291666666668,1017.7083333333348,29.077380952380995,0
431,4,1,1,36,0.02702702702702703,0.02702702702702703,0.972972972972973,37,1300,1000,300,0.7692307692307693,16,10,6,331.04039201457283,0.43455955955955955,0.1409528386599037,0.18470843805095105,129443.56575963725,1170.209750566894,130613.77551020414,429,0,156.9189189189189,34,3,17,37.173412884105424,0.6188725490196079,45.595238095238095,1017.6190476190482,29.929971988795533,0
432,4,0,0,36,0.0,0.0,1.0,36,1200,800,400,0.6666666666666666,16,8,8,342.62307364585035,0.43239087301587303,0.14588854091383552,0.19090313808106385,129388.34372597086,1666.28640426759,131054.63013023845,430,5,162.27777777777777,33,3,22,36.93487513049061,0.6205808080808081,45.64950980392157,1017.4019607843144,30.830362448009527,0
433,4,1,0,37,0.02702702702702703,0.0,1.0,37,950,500,450,0.5263157894736842,14,5,9,333.0990148958696,0.43365240240240244,0.1495360749859469,0.18729706763987197,129746.60572562362,1243.6933106576048,130990.29903628123,431,0,158.86486486486487,34,3,19,36.81350782893201,0.6219362745098039,45.29761904761905,1018.8095238095241,29.964985994397768,0
434,4,0,0,37,0.0,0.0,1.0,37,1000,700,300,0.7,13,7,6,332.9234540134506,0.4330580580580581,0.14258651174539017,0.18748847147073294,129807.25623582775,1243.1760204081702,131050.43225623592,432,1,159.86486486486487,34,3,19,36.75647390965731,0.6225490196078431,45.23809523809524,1019.0476190476197,29.97198879551823,0
435,4,0,1,36,0.0,0.02702702702702703,0.972972972972973,37,1300,1100,200,0.8461538461538461,15,11,4,335.4613699613928,0.43318318318318316,0.1479164825731849,0.18950469474600046,129928.59977324259,1317.2052154194903,131245.80498866207,433,2,160.86486486486487,34,3,19,36.56877627276972,0.6237745098039216,45.11904761904761,1019.5238095238092,29.985994397759093,0
436,4,0,0,36,0.0,0.0,1.0,36,850,500,350,0.5882352941176471,12,5,7,345.30620981413585,0.4297619047619048,0.14869477509251472,0.19470588115418067,129856.32216274973,1768.0388852844876,131624.36104803422,434,3,166.02777777777777,33,3,19,36.39120175544066,0.6253156565656566,45.18995098039215,1019.24019607843,30.886066547831213,0
437,4,0,1,35,0.0,0.027777777777777776,0.9722222222222222,36,950,600,350,0.631578947368421,13,6,7,348.2520768755075,0.4287202380952381,0.1549565252233842,0.1966808572659434,129918.78311526815,1848.8972090061457,131767.6803242743,435,4,167.02777777777777,33,3,19,36.252729695075516,0.6259469696969697,45.12867647058823,1019.4852941176468,30.893493761140814,0
438,4,0,1,34,0.0,0.02857142857142857,0.9714285714285714,35,1050,800,250,0.7619047619047619,13,8,5,352.38073224852076,0.4290966386554622,0.15063186813186857,0.19917171822742483,129950.01922337567,2158.376585928497,132108.39580930417,436,5,168.97142857142856,33,2,20,36.11578525641027,0.6262626262626263,45.09803921568628,1019.6078431372553,30.897207367795612,0
439,4,0,0,34,0.0,0.0,1.0,34,1050,800,250,0.7619047619047619,13,8,5,360.83746017587777,0.42606209150326796,0.15341753343239284,0.20407026109106363,129972.73875114783,2579.8065886134123,132552.54533976124,437,6,174.2941176470588,32,2,20,35.87713595839526,0.62890625,45.07575757575758,1019.6969696969695,31.865530303030297,0
440,4,0,0,34,0.0,0.0,1.0,34,650,300,350,0.46153846153846156,10,3,7,360.20580090187264,0.4263591800356506,0.15339254513686718,0.20438643759038838,130101.52025303544,2572.6644602591696,132674.1847132946,438,7,175.2941176470588,32,2,20,35.762427805280545,0.6302083333333333,44.949494949494955,1020.2020202020205,31.881313131313142,0
441,4,1,0,35,0.02857142857142857,0.0,1.0,35,550,300,250,0.5454545454545454,8,3,5,355.714017639332,0.4291666666666667,0.1553816046966734,0.1937845021468004,128496.33487654332,2161.6807277318812,130658.0156042752,439,0,171.25714285714287,32,3,16,37.51141552511415,0.6139322916666667,46.527777777777786,1013.8888888888897,31.684027777777803,8
442,4,2,0,37,0.05405405405405406,0.0,1.0,37,1000,800,200,0.8,12,8,4,340.39121283083944,0.4322447447447448,0.16617460453076927,0.18890717016167635,129231.64859693879,1397.863520408168,130629.51211734695,440,0,162.94594594594594,34,3,19,37.150948366701805,0.6167279411764706,45.80357142857143,1016.7857142857144,29.905462184873954,0
443,4,1,1,37,0.02631578947368421,0.02631578947368421,0.9736842105263158,38,650,300,350,0.46153846153846156,10,3,7,328.40331162696134,0.4346995021337126,0.15371219509240408,0.1699521366722256,126421.84452428418,810.740888916019,127232.5854132002,441,0,159.6315789473684,35,3,18,40.32553132312888,0.5860119047619048,48.58217592592593,1005.6712962962968,28.73346560846562,8
444,4,0,0,37,0.0,0.0,1.0,37,950,700,250,0.7368421052631579,12,7,5,334.01979668847565,0.43308933933933935,0.1605945434070435,0.17290436534462264,126432.65306122447,1046.2018140589523,127478.85487528342,442,1,164.9189189189189,34,3,18,40.173216540404034,0.5882352941176471,48.57142857142857,1005.7142857142854,29.5798319327731,0
445,4,0,0,37,0.0,0.0,1.0,37,950,800,150,0.8421052631578947,11,8,3,334.8705912272477,0.4336836836836837,0.1690995466722931,0.1741079937413992,126612.30867346926,1079.7477324262823,127692.05640589555,443,2,165.9189189189189,34,3,18,39.96727387430011,0.5900735294117647,48.39285714285713,1006.4285714285704,29.600840336134425,0
446,4,7,3,41,0.1590909090909091,0.06818181818181818,0.9318181818181819,44,950,500,450,0.5263157894736842,14,5,9,293.7359327016394,0.44835711768851305,0.1993587230978191,0.15964187775659147,128401.9012017485,-1247.5339967436282,127154.36720500486,444,0,140.36363636363637,40,4,12,39.17828135967112,0.5971354166666667,46.620934959349604,1013.5162601626032,25.33790650406508,0
447,4,1,0,42,0.023809523809523808,0.0,1.0,42,850,400,450,0.47058823529411764,13,4,9,308.64023096703886,0.44296844754161824,0.21420736126618456,0.1671056573454061,128250.02170138921,-483.37673611107584,127766.64496527813,445,0,148.02380952380952,39,3,18,38.955162484574245,0.5972222222222222,46.77083333333335,1012.9166666666692,25.97222222222229,0
448,4,0,0,42,0.0,0.0,1.0,42,1150,700,450,0.6086956521739131,16,7,9,307.6993140742328,0.44282326751838946,0.21025136355179397,0.16681625020546265,128302.78320312551,-504.26432291662246,127798.51888020888,446,1,149.02380952380952,39,3,18,38.92530331071353,0.5977564102564102,46.71875000000002,1013.1250000000041,25.97756410256421,0
449,4,2,0,44,0.045454545454545456,0.0,1.0,44,1600,1200,400,0.75,20,12,8,299.10025858111834,0.4460557610993658,0.22572117305489692,0.1649158614761483,128974.55401431423,-1084.7355087868316,127889.8185055274,447,0,143.20454545454547,41,3,18,38.461092391835145,0.6013719512195121,46.05654761904763,1015.7738095238109,24.774970963995386,0
450,4,1,0,45,0.022222222222222223,0.0,1.0,45,1300,1000,300,0.7692307692307693,16,10,6,306.104227482926,0.4463804713804714,0.19790471820754063,0.1617343427391602,127267.1320408948,-1208.3992740615033,126058.73276683329,448,0,141.0,41,4,18,40.02136384491857,0.5840955284552846,47.74305555555554,1009.0277777777756,24.610433604335988,8
451,4,1,1,45,0.021739130434782608,0.021739130434782608,0.9782608695652174,46,1200,800,400,0.6666666666666666,16,8,8,302.49832283843466,0.4484802737520129,0.20838616570456114,0.16087972026876735,127532.07439456746,-1484.3522775073834,126047.72211706008,449,0,138.91304347826087,42,4,15,39.84195126630849,0.5853174603174602,47.48062015503875,1010.0775193798436,24.049464747139133,0
452,4,0,1,44,0.0,0.022222222222222223,0.9777777777777777,45,1350,900,450,0.6666666666666666,18,9,9,352.2257789645452,0.44728535353535354,0.29443288985727367,0.1779101395800406,125421.9825227544,-153.77468583719977,125268.20783691721,450,1,142.95555555555555,41,4,14,40.757877752467735,0.5652947154471545,49.57837301587301,1001.6865079365074,24.431378242353837,8
453,4,3,1,46,0.06382978723404255,0.02127659574468085,0.9787234042553191,47,1400,1100,300,0.7857142857142857,17,11,6,343.507866456419,0.45355380820228186,0.306024936859401,0.1765665307481069,126143.47619834996,-730.6691310783345,125412.80706727163,451,0,132.5744680851064,41,6,18,40.23224043715847,0.5726626016260163,48.859126984126995,1004.5634920634941,24.501548586914492,0
454,4,4,2,48,0.08,0.04,0.96,50,1200,900,300,0.75,15,9,6,327.5262494999514,0.4579591836734694,0.3317523879500366,0.1721093535017122,127045.33607681782,-1677.8635116597807,125367.47256515804,452,0,125.14,44,6,15,39.70808841538086,0.5776515151515151,47.962962962962976,1008.1481481481503,22.912457912457963,0
455,4,0,1,47,0.0,0.020833333333333332,0.9791666666666666,48,1200,700,500,0.5833333333333334,17,7,10,339.33668346007653,0.45405769799054374,0.3405075835918643,0.1773722015707538,126829.56271701412,-992.4153645833094,125837.14735243081,453,1,131.27083333333334,43,5,16,39.63180799724234,0.5767926356589148,48.17708333333334,1007.2916666666686,23.42538759689927,0
456,4,3,2,48,0.06,0.04,0.96,50,1200,700,500,0.5833333333333334,17,7,10,330.5883660020033,0.4548639455782313,0.35039259110126797,0.17524358739935442,127399.6184893251,-1575.2773220615231,125824.34116726358,454,0,126.86,40,10,15,39.26812797798805,0.5869791666666666,47.61178861788618,1009.5528455284551,25.238821138211378,0
457,4,0,0,48,0.0,0.0,1.0,48,1600,1000,600,0.625,22,10,12,338.4829600138019,0.4552766696217494,0.3377854882537057,0.1793460013938631,127381.02349175356,-976.7388237847179,126404.28466796884,455,1,126.47916666666667,39,9,16,39.08792092319334,0.5884081196581197,47.630208333333336,1009.4791666666674,25.884081196581217,0
458,4,0,0,48,0.0,0.0,1.0,48,1350,900,450,0.6666666666666666,18,9,9,335.7492379570637,0.4553782505910165,0.3323646336553947,0.1782053647618261,127450.92207019633,-1041.6900076012898,126409.23206259505,456,2,127.47916666666667,40,8,16,39.0853546027912,0.5875,47.5609756097561,1009.7560975609758,25.243902439024396,0
459,4,1,2,47,0.02040816326530612,0.04081632653061224,0.9591836734693877,49,1650,1000,650,0.6060606060606061,23,10,13,325.888554454707,0.4571995464852608,0.3228422748442008,0.17461936141604717,127833.1084728681,-1468.1306136650353,126364.97785920306,457,0,125.85714285714286,43,6,17,38.94374083091427,0.5869670542635659,47.18276515151516,1011.2689393939411,23.517882311487003,0
460,4,0,0,47,0.0,0.0,1.0,47,1150,700,450,0.6086956521739131,16,7,9,342.18588877631964,0.4551919518963922,0.33345377608925886,0.18260071497979918,127667.85483001068,-662.7723253653315,127005.08250464534,458,1,131.7659574468085,41,6,17,38.700774680147894,0.588160569105691,47.34623015873016,1010.615079365079,24.64914827719705,0
461,4,3,0,50,0.06,0.0,1.0,50,1550,1300,250,0.8387096774193549,18,13,5,327.68946935595557,0.45790816326530615,0.33605263157894716,0.1778885690789475,128355.55555555577,-1583.4060649722605,126772.1494905835,459,0,124.8,39,11,20,38.36520010964912,0.5982905982905983,46.66666666666668,1013.3333333333351,25.98290598290603,0
462,4,0,3,47,0.0,0.06,0.94,50,1450,900,550,0.6206896551724138,20,9,11,326.65771212526823,0.45790816326530615,0.3329298119412183,0.1776806146836775,128434.73442925372,-1609.160698784699,126825.57373046901,460,1,125.8,39,11,15,38.31066094611723,0.5990918803418803,46.58854166666668,1013.6458333333353,25.990918803418854,0
463,4,0,1,46,0.0,0.02127659574468085,0.9787234042553191,47,1050,600,450,0.5714285714285714,15,6,9,343.3551937727793,0.45646392229417204,0.2734647039334386,0.18263934799860918,127538.80343967032,-639.4965277777594,126899.30691189255,461,2,133.70212765957447,39,8,17,38.80334553642022,0.5900106837606838,47.47395833333334,1010.1041666666681,25.900106837606874,8
464,4,2,1,47,0.041666666666666664,0.020833333333333332,0.9791666666666666,48,1900,1300,600,0.6842105263157895,25,13,12,335.83864830009594,0.45735446217494086,0.293675705141732,0.18147541097994932,128171.57594601513,-988.1362280788758,127183.43971793626,462,0,131.6875,38,10,20,38.34647780825772,0.5981359649122807,46.8482905982906,1012.6068376068382,26.64754835807469,0
465,4,0,1,46,0.0,0.02127659574468085,0.9787234042553191,47,1750,1500,250,0.8571428571428571,20,15,5,338.43879402364945,0.4560784767190873,0.2991900334491304,0.18301057971911147,128200.04712988604,-722.4261311172764,127477.62099876876,463,1,135.38297872340425,37,10,20,38.25158798902844,0.6002252252252251,46.820175438596486,1012.7192982456133,27.370791844476038,0
466,4,1,0,47,0.02127659574468085,0.0,1.0,47,1600,1200,400,0.75,20,12,8,331.971478560067,0.45723481344434164,0.30662683141665426,0.18121939309779822,128577.58881446761,-863.1815463145847,127714.40726815302,464,0,135.5531914893617,38,9,18,38.03043470627479,0.6022478070175439,46.44764957264956,1014.2094017094,26.68972109761579,0
467,4,1,1,47,0.020833333333333332,0.020833333333333332,0.9791666666666666,48,1650,1000,650,0.6060606060606061,23,10,13,324.5856052041119,0.45840721040189125,0.31050834273600714,0.17867786929050725,128910.3203667533,-1231.5131293402983,127678.807237413,465,0,133.70833333333334,39,9,19,37.87920555954455,0.6038995726495726,46.11979166666666,1015.5208333333319,26.03899572649569,0
468,4,0,2,45,0.0,0.0425531914893617,0.9574468085106383,47,1150,800,350,0.6956521739130435,15,8,7,331.46918388256046,0.45758171446191803,0.3094166291899356,0.1821025178195847,128830.99500868039,-859.2990451389085,127971.69596354148,466,1,137.12765957446808,39,8,19,37.7851597236473,0.6030982905982907,46.19791666666666,1015.208333333332,26.03098290598287,0
469,4,1,1,45,0.021739130434782608,0.021739130434782608,0.9782608695652174,46,1700,1100,600,0.6470588235294118,23,11,12,336.26966677781985,0.45932971014492757,0.30229940397380495,0.18560487040656903,129016.12548828113,-523.1580946180684,128492.96739366307,467,0,133.30434782608697,39,7,20,37.474900885197705,0.6049679487179487,46.01562499999999,1015.9374999999991,26.049679487179464,0
470,4,2,0,47,0.0425531914893617,0.0,1.0,47,1200,500,700,0.4166666666666667,19,5,14,329.8071357039414,0.4602991057662658,0.3080488612403509,0.18387877291986882,129413.28125000003,-863.5823567708317,128549.6988932292,468,0,131.08510638297872,39,8,22,37.235530985530986,0.608974358974359,45.625,1017.5000000000002,26.089743589743595,0
471,4,0,0,47,0.0,0.0,1.0,47,800,500,300,0.625,11,5,6,327.08067032663365,0.4598751156336725,0.30354261525094905,0.18272757174165466,129492.78564453128,-929.0825737847206,128563.70307074656,469,1,132.08510638297872,39,8,16,37.224205130829326,0.609775641025641,45.546875,1017.8125000000002,26.097756410256416,0
472,4,0,1,46,0.0,0.02127659574468085,0.9787234042553191,47,1700,1300,400,0.7647058823529411,21,13,8,329.56598497206056,0.4591813135985199,0.30785264301845805,0.18517765882062423,129718.50419723717,-849.8386790270289,128868.66551821014,470,2,133.08510638297872,40,7,18,36.9319882282522,0.6104166666666666,45.32520325203252,1018.6991869918704,25.46747967479676,0
473,4,3,2,47,0.061224489795918366,0.04081632653061224,0.9591836734693877,49,1800,1500,300,0.8333333333333334,21,15,6,317.36777360083283,0.4588293650793651,0.31165177429635116,0.18191651059194835,130496.11363110579,-1514.6705003635414,128981.44313074225,471,0,128.20408163265307,40,9,17,36.45626118957629,0.6182291666666666,44.5630081300813,1021.7479674796746,25.543699186991866,0
474,4,0,1,46,0.0,0.02127659574468085,0.9787234042553191,47,1750,1300,450,0.7428571428571429,22,13,9,333.93147879063713,0.4568493678692569,0.3209516602866551,0.19093211347120195,130398.95171305457,-691.1370443421415,129707.81466871242,472,1,134.5744680851064,38,9,21,36.13145048814505,0.6206140350877193,44.65811965811967,1021.3675213675238,26.878092667566413,0
475,4,0,0,46,0.0,0.0,1.0,46,1650,1100,550,0.6666666666666666,22,11,11,334.7668191465525,0.4554851046698873,0.3064960513573598,0.1918139659375965,130480.80490037639,-463.87119676380485,130016.93370361258,473,2,129.08695652173913,38,8,21,36.027310118860896,0.6214364035087719,44.57799145299146,1021.6880341880355,26.88652721547462,0
476,4,0,2,44,0.0,0.043478260869565216,0.9565217391304348,46,950,400,550,0.42105263157894735,15,4,11,336.2768675764821,0.455384460547504,0.3063455987636077,0.19295070416131097,130535.38795976709,-420.79372580172986,130114.59423396536,474,3,130.08695652173913,38,8,18,35.933525004356156,0.621984649122807,44.524572649572654,1021.9017094017104,26.89215024741343,0
477,4,0,0,44,0.0,0.0,1.0,44,1350,900,450,0.6666666666666666,18,9,9,341.49016185515063,0.4544133192389006,0.29411319981660156,0.19583672728173213,130514.55886667049,113.88756636657283,130628.44643303705,475,4,130.4090909090909,37,7,18,35.82141771291627,0.6235923423423424,44.54495614035088,1021.8201754385963,27.61676149834044,0
478,4,0,1,43,0.0,0.022727272727272728,0.9772727272727273,44,1450,1000,450,0.6896551724137931,19,10,9,342.5336214183317,0.4539838794926004,0.2913152223728215,0.19700437708100582,130626.6245984341,148.80215547090475,130775.42675390499,476,5,131.4090909090909,37,7,18,35.68135703814938,0.6247184684684685,44.435307017543856,1022.2587719298242,27.628615457562816,0
479,4,0,0,43,0.0,0.0,1.0,43,1500,1200,300,0.8,18,12,6,347.6204849351086,0.45355758582502764,0.2887551182241188,0.20036518186061952,130710.70545744846,487.5437634656799,131198.24922091415,477,6,133.27906976744185,37,6,18,35.466259203659995,0.6255630630630631,44.353070175438596,1022.5877192982458,27.637505926979617,0
480,4,0,0,43,0.0,0.0,1.0,43,1200,1000,200,0.8333333333333334,14,10,4,347.08349686673955,0.4534191583610188,0.2894422544201507,0.20020085190328266,130738.7384219183,475.4517014850734,131214.1901234034,478,7,134.27906976744185,37,6,18,35.451623423037056,0.6258445945945945,44.32565789473684,1022.6973684210528,27.640469416785212,0
481,4,1,0,44,0.022727272727272728,0.0,1.0,44,1400,800,600,0.5714285714285714,20,8,12,339.8553222545449,0.4534443269908386,0.28901523054454414,0.197925462887732,131109.19922017682,111.63183030170785,131220.83105047853,479,0,132.20454545454547,38,6,19,35.26214444676263,0.6277412280701755,43.96367521367522,1024.1452991452995,26.95119208277104,0
482,4,0,2,42,0.0,0.045454545454545456,0.9545454545454546,44,1100,900,200,0.8181818181818182,13,9,4,343.53506943084864,0.4528276955602537,0.29254345837145523,0.20079349245343187,131248.05908203122,217.66221788194372,131465.72129991316,480,1,133.20454545454547,39,5,19,35.02772271356444,0.6274038461538461,43.828125,1024.6874999999998,26.274038461538456,0
483,4,0,0,42,0.0,0.0,1.0,42,1550,1200,350,0.7741935483870968,19,12,7,355.1904115460089,0.45098964382500967,0.29430324902386573,0.20712789167682966,131159.59357686958,917.3260041550983,132076.91958102467,481,2,138.4047619047619,37,5,19,34.818561335902366,0.6300675675675675,43.91447368421051,1024.342105263156,27.684921763869085,0
484,4,0,1,41,0.0,0.023809523809523808,0.9761904761904762,42,1350,900,450,0.6666666666666666,18,9,9,354.6203014605587,0.45056620209059234,0.2950822113666156,0.20740962997619952,131273.37643363254,910.440864928009,132183.81729856055,482,3,139.4047619047619,38,4,19,34.718167917709216,0.6293859649122807,43.803418803418786,1024.7863247863222,26.968061178587426,0
485,4,1,1,41,0.023809523809523808,0.023809523809523808,0.9761904761904762,42,950,600,350,0.631578947368421,13,6,7,355.4842758289204,0.44959833526906695,0.2996121052438985,0.20931520804949155,131530.20154867697,951.4065179811402,132481.6080666581,483,0,133.76190476190476,36,6,20,34.43663775752918,0.6357060185185186,43.552927927927925,1025.7882882882877,28.494119119119105,0
486,4,0,0,41,0.0,0.0,1.0,41,1000,700,300,0.7,13,7,6,365.8937532345841,0.44786585365853654,0.300199053463613,0.21480800264447866,131417.11576485346,1416.9403452932202,132834.0561101467,484,1,137.0731707317073,35,6,20,34.28399085675584,0.6366071428571429,43.66319444444445,1025.3472222222229,29.29563492063494,0
487,4,0,0,41,0.0,0.0,1.0,41,950,600,350,0.631578947368421,13,6,7,367.829169357822,0.44786585365853654,0.3043413643344288,0.2164476825264954,131506.13667052472,1474.3586033950687,132980.49527391978,485,2,138.0731707317073,35,6,20,34.14438050101557,0.6375,43.57638888888889,1025.6944444444448,29.305555555555564,0
488,4,0,0,41,0.0,0.0,1.0,41,1100,800,300,0.7272727272727273,14,8,6,364.9626372100231,0.4473069105691057,0.3052874965879353,0.21571137973619645,131674.63705259308,1411.2645584773948,133085.90161107047,486,3,139.0731707317073,36,5,16,34.04766476483066,0.6371527777777778,43.41216216216216,1026.351351351351,28.50975975975975,0
489,4,0,0,41,0.0,0.0,1.0,41,1050,900,150,0.8571428571428571,12,9,3,361.17201123407483,0.4474339430894309,0.3023362835646781,0.21379506846817067,131732.43344696052,1315.6135865595352,133048.04703352007,487,4,140.0731707317073,36,5,16,34.086587684657,0.6377314814814814,43.35585585585586,1026.576576576577,28.516016016016028,0
490,4,0,0,41,0.0,0.0,1.0,41,1350,1000,350,0.7407407407407407,17,10,7,364.42445945683625,0.44669715447154473,0.3077544081008545,0.2170371258540585,131963.74584043506,1418.1633491599769,133381.90918959503,488,5,141.0731707317073,36,5,18,33.76968252228555,0.6400462962962963,43.130630630630634,1027.4774774774778,28.54104104104105,0
491,4,0,1,40,0.0,0.024390243902439025,0.975609756097561,41,1100,600,500,0.5454545454545454,16,6,10,363.36270365724664,0.44654471544715446,0.30442914858596426,0.21706641092822962,132079.47812677556,1398.5512539566748,133478.02938073225,489,6,142.0731707317073,36,5,19,33.680251241600956,0.6412037037037037,43.018018018018026,1027.927927927929,28.553553553553584,0
492,4,0,2,38,0.0,0.05,0.95,40,1650,1200,450,0.7272727272727273,21,12,9,369.74077393142255,0.4465010683760684,0.29617527862208726,0.22117220840625093,132130.126953125,1770.7790798611104,133900.90603298612,490,7,141.275,35,5,19,33.46525667004391,0.64375,42.96875,1028.125,29.375,0
493,4,0,0,38,0.0,0.0,1.0,38,1500,1300,200,0.8666666666666667,17,13,4,377.7768586363196,0.44433084400189665,0.2867466892667092,0.22584970153837353,132108.41912436092,2381.5007152422813,134489.91983960322,491,8,144.05263157894737,36,2,19,33.280616715960136,0.6414930555555556,42.98986486486487,1028.0405405405413,28.556681681681702,0
494,4,0,0,38,0.0,0.0,1.0,38,1050,700,350,0.6666666666666666,14,7,7,376.3464996487382,0.4441826695116169,0.2837096300053603,0.22533900906836926,132166.31063073222,2348.065675472787,134514.376306205,492,9,145.05263157894737,36,2,20,33.25895301719418,0.6420717592592593,42.933558558558566,1028.265765765767,28.56293793793797,0
495,4,0,0,38,0.0,0.0,1.0,38,1850,1300,550,0.7027027027027027,24,13,11,371.1262414132175,0.4434417970602181,0.27824396865551915,0.22307991820501083,132313.38158135195,2220.9935989919973,134534.37518034395,493,10,146.05263157894737,37,1,20,33.24485328075597,0.6416103603603603,42.790570175438596,1028.8377192982455,27.806424845898526,0
496,4,0,0,38,0.0,0.0,1.0,38,1350,1000,350,0.7407407407407407,17,10,7,369.10153067491126,0.44313063063063063,0.27417328487459036,0.22202876691367737,132341.5858725762,2169.496383502618,134511.0822560788,494,11,147.05263157894737,37,1,20,33.268506678033525,0.6418918918918919,42.76315789473684,1028.9473684210527,27.809388335704128,0
497,4,0,0,38,0.0,0.0,1.0,38,1450,1100,350,0.7586206896551724,18,11,7,369.34468565916205,0.4428194642010432,0.2717228532817124,0.22268857407315995,132428.63520408154,2182.3985971350576,134611.0338012166,495,12,148.05263157894737,34,4,20,33.17454121366335,0.6488970588235294,42.67857142857142,1029.2857142857135,30.27310924369746,0
498,4,0,1,37,0.0,0.02631578947368421,0.9736842105263158,38,1000,700,300,0.7,13,7,6,366.50379430168215,0.4424786628733997,0.263434774935952,0.22151581529806066,132520.5516581632,2113.8570011337742,134634.40865929698,496,13,149.05263157894737,34,4,21,33.155085366323654,0.6498161764705883,42.58928571428571,1029.6428571428567,30.283613445378137,0
499,4,1,0,38,0.02631578947368421,0.0,1.0,38,1350,1000,350,0.7407407407407407,17,10,7,352.8515978410855,0.4427157420578473,0.1253528527611112,0.2073303999865698,131450.1771541951,1686.6957199546612,133136.87287414976,497,0,147.0,34,4,19,34.58492957201456,0.639093137254902,43.63095238095239,1025.4761904761913,30.16106442577033,8
500,4,1,0,39,0.02564102564102564,0.0,1.0,39,700,300,400,0.42857142857142855,11,3,8,343.7913796806943,0.44385402609086816,0.11996646720434812,0.2035667248176073,131743.6731074245,1258.4678283607632,133002.14093578525,498,0,144.2051282051282,35,4,16,34.52132656895905,0.6398809523809523,43.344907407407405,1026.6203703703698,29.332010582010565,0
501,4,0,0,39,0.0,0.0,1.0,39,1150,900,250,0.782608695652174,14,9,5,345.37134695496934,0.44289811066126855,0.1275204044781515,0.20530279331717033,131892.24222232937,1310.3602698473933,133202.60249217675,499,1,145.2051282051282,35,4,16,34.33110328638499,0.6413690476190477,43.20023148148148,1027.199074074074,29.348544973544968,0
502,4,0,1,38,0.0,0.02564102564102564,0.9743589743589743,39,1400,1000,400,0.7142857142857143,18,10,8,347.37034331628934,0.44225146198830406,0.12092862092862133,0.20730165649520493,132040.8950617284,1373.4182098765468,133414.31327160494,500,2,146.2051282051282,35,4,16,34.13006756756757,0.6428571428571428,43.05555555555556,1027.7777777777778,29.365079365079367,0
503,4,0,0,38,0.0,0.0,1.0,38,1100,800,300,0.7272727272727273,14,8,6,350.89920798176956,0.44126363205310576,0.12250290291239119,0.21006661480525884,132159.87761488341,1674.95927640604,133834.83689128945,501,3,149.57894736842104,35,3,17,33.91959327630197,0.644047619047619,42.93981481481482,1028.2407407407409,29.378306878306883,0
504,4,1,1,38,0.02564102564102564,0.02564102564102564,0.9743589743589743,39,950,700,250,0.7368421052631579,12,7,5,344.50269100703963,0.44062078272604593,0.12570532282665425,0.20770592753393927,132427.7842747985,1324.5599440586366,133752.34421885712,502,0,146.71794871794873,35,4,18,33.814634169196744,0.6467261904761905,42.679398148148145,1029.2824074074072,29.408068783068774,0
505,4,0,1,37,0.0,0.02631578947368421,0.9736842105263158,38,1300,1000,300,0.7692307692307693,16,10,6,349.750124079309,0.4403745851114272,0.12700579419658808,0.21054128022639831,132369.03077063555,1659.2169872575382,134028.24775789308,503,1,149.94736842105263,36,2,18,33.738691909243464,0.6440972222222222,42.73648648648649,1029.0540540540546,28.58483483483485,0
506,4,0,1,36,0.0,0.02702702702702703,0.972972972972973,37,1200,800,400,0.6666666666666666,16,8,8,356.5553743352386,0.4404091591591592,0.12103487064116991,0.21446395655211575,132338.45191400888,2037.1972522290787,134375.64916623797,504,2,142.05405405405406,35,2,18,33.59439445069366,0.6458333333333333,42.7662037037037,1028.935185185185,29.39814814814814,0
507,4,0,0,36,0.0,0.0,1.0,36,1050,1000,50,0.9523809523809523,11,10,1,361.73592406162606,0.4388888888888889,0.1265593787620225,0.21810624739365345,132429.53619100802,2380.917525340418,134810.45371634845,505,3,145.83333333333334,33,3,18,33.369423939357866,0.651199494949495,42.67769607843136,1029.2892156862727,31.190582293523413,0
508,4,0,1,35,0.0,0.027777777777777776,0.9722222222222222,36,900,700,200,0.7777777777777778,11,7,4,358.4023311002719,0.43821097883597887,0.12889007922337292,0.21645851787012096,132492.6128922769,2297.1322628315897,134789.74515510848,506,4,146.83333333333334,33,3,18,33.39173411895408,0.6518308080808081,42.616421568627445,1029.5343137254895,31.198009506833014,0
509,4,0,1,34,0.0,0.02857142857142857,0.9714285714285714,35,700,400,300,0.5714285714285714,10,4,6,365.02811060663197,0.4380952380952381,0.13048004626952037,0.21990717882887317,132398.00347222204,2665.7986111110868,135063.80208333314,507,5,150.4857142857143,33,2,18,33.316464237516875,0.6508838383838385,42.70833333333332,1029.1666666666652,31.186868686868642,0
510,4,0,1,33,0.0,0.029411764705882353,0.9705882352941176,34,900,700,200,0.7777777777777778,11,7,4,370.1822511631311,0.43813131313131315,0.140261502049299,0.22320456445871628,132430.49178655236,3004.683514437299,135435.17530098965,508,6,154.35294117647058,32,2,18,33.15111833496891,0.6536458333333333,42.676767676767675,1029.292929292929,32.165404040404034,0
511,4,0,0,33,0.0,0.0,1.0,33,800,500,300,0.625,11,5,6,382.5658217746433,0.436355744949495,0.1477229590604261,0.2302679123750956,132364.5040724012,3527.627054850256,135892.13112725146,509,7,158.8181818181818,31,2,19,32.89903095870766,0.6555779569892473,42.740885416666664,1029.036458333333,33.194724462365585,0
512,4,0,0,33,0.0,0.0,1.0,33,800,600,200,0.75,10,6,4,384.041698765756,0.4360400883838384,0.150410992516256,0.2313617063296139,132398.00347222216,3569.270833333324,135967.27430555547,510,8,159.8181818181818,31,2,19,32.82726045883942,0.6559139784946236,42.70833333333333,1029.166666666666,33.19892473118278,0
513,4,0,0,33,0.0,0.0,1.0,33,900,600,300,0.6666666666666666,12,6,6,385.0307233400489,0.4350536616161616,0.14569516124706383,0.23299219517187797,132565.56404961468,3608.363003200936,136173.92705281562,511,9,160.8181818181818,31,2,19,32.63278648796728,0.6575940860215054,42.54557291666666,1029.8177083333323,33.21992607526879,0
514,4,0,0,33,0.0,0.0,1.0,33,600,500,100,0.8333333333333334,7,5,2,386.93576766064734,0.43426452020202017,0.1515457915862366,0.2347726835683312,132666.15125868045,3666.6558159722035,136332.80707465264,512,10,161.8181818181818,31,2,16,32.48230535894842,0.6586021505376345,42.44791666666666,1030.2083333333323,33.232526881720396,0
515,4,0,0,33,0.0,0.0,1.0,33,1050,700,350,0.6666666666666666,14,7,7,385.83754995926165,0.433554292929293,0.14635490835591902,0.23494538811365473,132800.32687716995,3647.8705512152546,136448.1974283852,513,11,162.8181818181818,31,2,16,32.37535792487787,0.6599462365591398,42.31770833333332,1030.7291666666652,33.2493279569892,0
516,4,0,1,32,0.0,0.030303030303030304,0.9696969696969697,33,900,700,200,0.7777777777777778,11,7,4,385.83754995926165,0.4332386363636364,0.14635490835591902,0.23494538811365473,132800.32687716995,3647.8705512152546,136448.1974283852,514,12,163.8181818181818,31,2,16,32.37535792487787,0.6599462365591398,42.31770833333332,1030.7291666666652,33.2493279569892,0
517,4,0,1,31,0.0,0.03125,0.96875,32,1150,900,250,0.782608695652174,14,9,5,419.8089307492493,0.4302125336021505,0.14856642573877465,0.23457086573744665,129499.41211276567,4474.697367350238,133974.1094801159,515,13,169.4375,31,1,14,34.85792183702188,0.6266801075268817,45.54036458333332,1017.8385416666653,32.833501344085974,8
518,4,0,0,31,0.0,0.0,1.0,31,650,400,250,0.6153846153846154,9,4,5,431.40600684497076,0.43068996415770605,0.16738744189415455,0.24069085319257721,129440.63484579138,4968.293480460162,134408.92832625154,516,19,175.48387096774192,30,1,14,34.623068286884155,0.6288194444444444,45.59811827956989,1017.6075268817201,33.92025089605734,0
519,4,0,0,31,0.0,0.0,1.0,31,1000,700,300,0.7,13,7,6,428.06164460310623,0.43028673835125447,0.16030222237365566,0.23944895836218044,129543.23657359224,4890.4981789802205,134433.73475257246,517,20,176.48387096774192,30,1,14,34.603027902473386,0.6298611111111111,45.497311827956985,1018.0107526881714,33.93369175627238,0
520,4,0,0,31,0.0,0.0,1.0,31,1000,700,300,0.7,13,7,6,426.1692150252172,0.42952508960573477,0.16414790134961854,0.23933393891904325,129698.28499688036,4854.683261447475,134552.96825832783,518,21,177.48387096774192,31,0,14,34.49244215774,0.6286962365591398,45.34505208333333,1018.6197916666661,32.85870295698923,0
521,4,1,0,32,0.03125,0.0,1.0,32,700,400,300,0.5714285714285714,10,4,6,413.94493071660816,0.43105258736559143,0.16023508109446571,0.2342980522353219,130004.92814827568,4362.976195031117,134367.9043433068,519,0,172.90625,32,0,16,34.490425488011226,0.6292317708333333,45.04419191919192,1019.8232323232322,31.869476010101007,0
522,4,0,0,32,0.0,0.0,1.0,32,1200,700,500,0.5833333333333334,17,7,10,406.50977811507767,0.4301495295698925,0.15005567928730512,0.23104163338439232,130165.93491735544,4182.7450642791655,134348.6799816346,520,1,173.90625,32,0,17,34.51574486513239,0.630859375,44.88636363636364,1020.454545454546,31.88920454545456,0
523,4,0,0,32,0.0,0.0,1.0,32,1000,700,300,0.7,13,7,6,403.665139525198,0.4295404905913978,0.14655612244897998,0.22999525391551986,130262.58680555559,4116.493055555567,134379.07986111115,521,2,174.90625,32,0,19,34.48979591836735,0.6318359375,44.79166666666667,1020.8333333333337,31.90104166666668,0
524,4,0,0,32,0.0,0.0,1.0,32,650,500,150,0.7692307692307693,8,5,3,405.8263747884944,0.4289104502688172,0.14907026709533833,0.23161029590081536,130327.04132550246,4178.030143607787,134505.07146911026,522,3,175.90625,32,0,19,34.36894604509294,0.6324869791666667,44.72853535353535,1021.0858585858582,31.90893308080807,0
525,4,1,0,33,0.030303030303030304,0.0,1.0,33,500,300,200,0.6,7,3,4,397.38051880362093,0.4300820707070707,0.150149626659694,0.22898777961998695,130700.81218762007,3787.5913110342126,134488.40349865428,523,0,171.54545454545453,33,0,15,34.20421860019175,0.6338383838383839,44.36274509803921,1022.5490196078426,30.986333927510383,0
526,4,0,0,33,0.0,0.0,1.0,33,1100,800,300,0.7272727272727273,14,8,6,396.7472447342702,0.4298453282828283,0.14316620928983226,0.22936606641562923,130826.15460399837,3780.983275663196,134607.13787966158,524,1,172.54545454545453,33,0,15,34.09299632646542,0.6351010101010102,44.24019607843137,1023.0392156862738,31.00118835412951,0
527,4,0,0,33,0.0,0.0,1.0,33,1050,700,350,0.6666666666666666,14,7,7,396.7023557675068,0.4300820707070707,0.13844311377245488,0.22971322265316793,130888.84833958095,3784.78289600154,134673.6312355825,525,2,173.54545454545453,33,0,15,34.03043912175649,0.6357323232323233,44.17892156862745,1023.2843137254904,31.008615567439104,0
528,4,0,1,32,0.0,0.030303030303030304,0.9696969696969697,33,850,800,50,0.9411764705882353,9,8,1,394.2972339660311,0.4300426136363636,0.13174851967955403,0.2286923957002979,130951.55709342548,3726.7673490964867,134678.32444252196,526,3,174.54545454545453,33,0,15,34.028276660280966,0.6363636363636364,44.11764705882352,1023.529411764705,31.016042780748634,0
529,4,0,0,32,0.0,0.0,1.0,32,1050,900,150,0.8571428571428571,12,9,3,403.0213871700042,0.4285744287634408,0.14328223416080066,0.23193064477011552,130649.5530589991,4130.912821395778,134780.46588039488,527,4,180.78125,32,0,15,34.112171174509086,0.6357421875,44.41287878787879,1022.348484848485,31.948390151515156,8
530,4,0,0,32,0.0,0.0,1.0,32,750,700,50,0.9333333333333333,8,7,1,403.3744855967077,0.4283854166666667,0.14208333333333312,0.23271604938271614,130746.38429752081,4147.951101928394,134894.3353994492,528,5,181.78125,32,0,15,34.00462962962964,0.63671875,44.31818181818183,1022.7272727272739,31.96022727272731,0
531,4,0,0,32,0.0,0.0,1.0,32,950,700,250,0.7368421052631579,12,7,5,400.81612929206125,0.4270833333333333,0.14045151739452266,0.23240454535346589,130940.15438475684,4096.585169880647,135036.7395546375,529,6,182.78125,32,0,16,33.87305699481866,0.638671875,44.12878787878789,1023.4848484848499,31.983901515151558,0
532,4,0,0,32,0.0,0.0,1.0,32,1250,900,350,0.72,16,9,7,401.2026889814781,0.42523521505376344,0.14873798076923062,0.23380432564782702,131134.06795224987,4122.26813590451,135256.33608815438,530,7,183.78125,32,0,17,33.66617357001972,0.640625,43.939393939393945,1024.242424242425,32.00757575757578,0
533,4,0,0,32,0.0,0.0,1.0,32,450,200,250,0.4444444444444444,7,2,5,414.8944114458048,0.4251092069892473,0.16728537559271284,0.22315193378031395,127984.77993317,4220.033988878675,132204.81392204866,531,8,184.78125,32,0,17,36.537361700357714,0.6087239583333333,47.03282828282828,1011.8686868686862,31.620896464646442,8
534,4,0,0,32,0.0,0.0,1.0,32,700,600,100,0.8571428571428571,8,6,2,419.2389973850165,0.42437415994623656,0.16863773855556974,0.22602818036554637,128080.61876657985,4339.278039230682,132419.89680581054,532,9,185.78125,32,0,17,36.328790902665176,0.6097005208333333,46.93813131313131,1012.2474747474739,31.63273358585856,0
535,4,0,0,32,0.0,0.0,1.0,32,1300,1000,300,0.7692307692307693,16,10,6,417.32216803372387,0.423807123655914,0.17342765779663205,0.22591156194393422,128243.42727661123,4303.780963680899,132547.20824029212,533,10,186.78125,31,1,17,36.20980095984917,0.6139112903225806,46.77734374999999,1012.8906249999992,32.673891129032235,0
536,4,1,0,33,0.030303030303030304,0.0,1.0,33,800,500,300,0.625,11,5,6,408.53770030879014,0.42641256313131315,0.1806265743547979,0.22363821251235913,128688.43102744599,3914.81513365981,132603.2461611058,534,0,182.0909090909091,32,1,17,35.97535050605609,0.6158854166666667,46.33838383838383,1014.6464646464631,31.70770202020197,0
537,4,4,2,35,0.10810810810810811,0.05405405405405406,0.9459459459459459,37,950,600,350,0.631578947368421,13,6,7,373.82747646588956,0.4390953453453454,0.164372961918974,0.21011682297910347,129731.44531250003,2300.456067939498,132031.90138043952,535,0,163.2972972972973,35,2,14,35.79158145875936,0.6196428571428572,45.3125,1018.7500000000002,29.107142857142865,0
538,4,0,1,34,0.0,0.02857142857142857,0.9714285714285714,35,800,700,100,0.875,9,7,2,410.0366874798929,0.43263305322128853,0.0891766220759711,0.2160536318990358,127155.67926742154,3534.0355097693873,130689.71477719092,536,1,173.62857142857143,32,3,15,37.514605241195106,0.6002604166666667,47.85353535353534,1008.5858585858573,31.51830808080804,8
539,4,1,0,35,0.02857142857142857,0.0,1.0,35,850,500,350,0.5882352941176471,12,5,7,407.7976957463231,0.4311624649859944,0.10772529121703767,0.21623013098060964,127410.50020406047,3391.54167942043,130802.04188348091,537,0,174.57142857142858,32,3,16,37.30823745205939,0.6028645833333333,47.60101010101008,1009.5959595959569,31.54987373737365,0
540,4,1,0,36,0.027777777777777776,0.0,1.0,36,1100,900,200,0.8181818181818182,13,9,4,395.5676435381302,0.43432539682539684,0.10960624301431499,0.21179939174776824,127803.53597474509,2910.9887122740956,130714.52468701918,538,0,170.69444444444446,33,3,17,37.21253484426129,0.6044823232323233,47.21200980392155,1011.151960784312,30.640968508615515,0
541,4,2,0,38,0.05263157894736842,0.0,1.0,38,800,400,400,0.5,12,4,8,383.40465385224996,0.43764817449027976,0.12226415547890102,0.20856260611416125,128437.66744898792,2248.719885973888,130686.38733496181,539,0,162.6578947368421,35,3,19,36.86962396285301,0.6065476190476191,46.585648148148124,1013.657407407404,28.961640211640113,0
542,4,0,1,37,0.0,0.02631578947368421,0.9736842105263158,38,1100,900,200,0.8181818181818182,13,9,4,378.92810611842253,0.43705547652916077,0.12174429914622298,0.2073460535726643,128672.41753472183,2151.5190972221744,130823.936631944,540,1,163.6578947368421,35,3,19,36.74281314168377,0.6089285714285715,46.35416666666664,1014.5833333333301,28.988095238095145,0
543,4,2,1,38,0.05128205128205128,0.02564102564102564,0.9743589743589743,39,850,500,350,0.5882352941176471,12,5,7,375.53806370423837,0.44048020692757534,0.13493571986646824,0.2078007985855761,129115.53603857213,1897.559679612021,131013.09571818415,541,0,159.30769230769232,36,3,22,36.376038781163444,0.611400462962963,45.91779279279278,1016.328828828827,28.231356356356304,0
544,4,0,1,37,0.0,0.02631578947368421,0.9736842105263158,38,1350,1200,150,0.8888888888888888,15,12,3,374.98678577253884,0.43921882408724516,0.13440578189660246,0.20824911903604088,129258.63997443383,2094.056387468545,131352.69636190237,542,1,162.3421052631579,36,2,22,36.24400147655963,0.6128472222222222,45.777027027027025,1016.8918918918914,28.246996996996984,0
545,4,0,0,37,0.0,0.0,1.0,37,950,600,350,0.631578947368421,13,6,7,377.48309382924793,0.43771896896896895,0.16632016632016677,0.202064479638009,127793.20987654306,2251.8389870726423,130045.0488636157,543,2,165.6216216216216,35,2,17,37.68028846153845,0.6,47.222222222222214,1011.11111111111,28.888888888888857,7
546,4,2,3,36,0.05128205128205128,0.07692307692307693,0.9230769230769231,39,1200,1000,200,0.8333333333333334,14,10,4,359.57975308641994,0.44121120107962214,0.15757834757834788,0.1954237788513151,128401.20525931334,1434.576989714939,129835.78224902829,544,0,158.07692307692307,36,3,15,37.51064814814814,0.6041666666666667,46.62162162162162,1013.5135135135133,28.15315315315315,0
547,4,1,0,37,0.02702702702702703,0.0,1.0,37,1400,900,500,0.6428571428571429,19,9,10,371.8147495122012,0.4361861861861862,0.1740259822741319,0.20168995112162777,128325.39859693854,2142.655187074798,130468.05378401333,545,0,167.24324324324326,34,3,19,37.27822817530254,0.6075367647058824,46.696428571428555,1013.2142857142837,29.80042016806717,0
548,4,0,0,37,0.0,0.0,1.0,37,1350,1000,350,0.7407407407407407,17,10,7,369.15955113712766,0.4366866866866867,0.1683747612369355,0.2013124876175448,128536.57171201796,2090.100623582744,130626.6723356007,546,1,168.24324324324326,34,3,17,37.12946114111293,0.6096813725490196,46.48809523809523,1014.0476190476177,29.824929971988755,0
549,4,1,0,38,0.02631578947368421,0.0,1.0,38,700,300,400,0.42857142857142855,11,3,8,362.4576590947819,0.43727773826458033,0.18057063017575814,0.19995542890477047,128995.54887099178,1751.0849354852332,130746.63380647702,547,0,164.78947368421052,35,3,19,36.83075557327863,0.6122023809523809,46.03587962962962,1015.8564814814802,29.024470899470863,0
550,4,0,2,36,0.0,0.05263157894736842,0.9473684210526316,38,1100,800,300,0.7272727272727273,14,8,6,361.94594604689564,0.4361367946894263,0.175993023213997,0.2002676340414483,129113.15164448271,1746.3963638116943,130859.54800829441,548,1,165.78947368421052,35,3,20,36.723821318756414,0.6133928571428571,45.92013888888887,1016.3194444444418,29.037698412698337,0
551,4,0,0,36,0.0,0.0,1.0,36,750,600,150,0.8,9,6,3,375.4358070839733,0.43305224867724873,0.19264800514800529,0.20688909369095515,128952.32602845036,2482.6641195693674,131434.99014801974,549,2,175.44444444444446,33,3,20,36.54530646718147,0.6161616161616161,46.078431372549005,1015.686274509802,30.778371954842488,0
552,4,2,1,37,0.05263157894736842,0.02631578947368421,0.9736842105263158,38,1250,800,450,0.64,17,8,9,355.3624734030662,0.4341512565196776,0.18184728047241006,0.19898941301889034,129584.09857520976,1609.8651566786366,131193.9637318884,550,0,167.1578947368421,35,3,13,36.41167917092946,0.6181547619047619,45.45717592592591,1018.171296296294,29.0906084656084,0
553,4,0,0,37,0.0,0.0,1.0,37,1050,700,350,0.6666666666666666,14,7,7,363.9083816479301,0.43071196196196193,0.18076399009841526,0.20320396830229595,129473.85381235804,2023.3241213151618,131497.1779336732,551,1,172.67567567567568,34,3,14,36.306390610987634,0.6191789215686274,45.565476190476176,1017.7380952380933,29.933473389355683,0
554,4,1,0,38,0.02631578947368421,0.0,1.0,38,1050,900,150,0.8571428571428571,12,9,3,356.388746513759,0.4305357989568516,0.185693106004448,0.20061678544163242,129790.40745027417,1651.1681241426404,131441.5755744168,552,0,169.10526315789474,35,3,15,36.175791306981665,0.6202380952380953,45.25462962962962,1018.98148148148,29.11375661375657,0
555,4,0,1,37,0.0,0.02631578947368421,0.9736842105263158,38,1150,1000,150,0.8695652173913043,13,10,3,354.0978315854571,0.42976529160739685,0.189093509120714,0.20012495425560092,129946.64216581441,1602.76484254524,131549.40700835965,553,1,170.10526315789474,36,2,17,36.07544547529636,0.6197916666666667,45.10135135135135,1019.5945945945942,28.32207207207206,0
556,4,0,0,37,0.0,0.0,1.0,37,1300,1000,300,0.7692307692307693,16,10,6,359.93064189459113,0.4283033033033033,0.1908371412175207,0.20306913281010008,129878.87577428405,1949.4774251971785,131828.35319948124,554,2,175.48648648648648,35,2,17,35.99563320843268,0.6211309523809524,45.16782407407407,1019.3287037037031,29.123677248677232,0
557,4,1,0,38,0.02631578947368421,0.0,1.0,38,1200,900,300,0.75,15,9,6,356.63350845696505,0.4287725225225225,0.19653617153289016,0.2035071676330753,130321.6695066014,1695.9808224022527,132017.65032900366,555,0,171.8421052631579,35,3,19,35.630148114562076,0.6255952380952381,44.73379629629629,1021.0648148148141,29.173280423280403,0
558,4,0,0,38,0.0,0.0,1.0,38,650,300,350,0.46153846153846156,10,3,7,355.7612300668677,0.42872807017543857,0.19367741011829143,0.20316384031585574,130351.21588059395,1674.7817804783738,132025.99766107232,556,1,172.8421052631579,35,3,19,35.62244984699082,0.6258928571428571,44.7048611111111,1021.1805555555541,29.176587301587258,0
559,4,0,0,38,0.0,0.0,1.0,38,900,600,300,0.6666666666666666,12,6,6,359.7445468497919,0.4286539829302987,0.1994883537872556,0.20590826008406363,130439.8750964505,1785.006751543199,132224.8818479937,557,2,173.8421052631579,35,3,19,35.43082936777703,0.6267857142857143,44.61805555555555,1021.5277777777768,29.18650793650791,0
560,4,1,0,39,0.02564102564102564,0.0,1.0,39,850,500,350,0.5882352941176471,12,5,7,353.6031677898581,0.4290654520917679,0.2027450947173446,0.20387748359998112,130722.82745160707,1444.8011778670589,132167.62862947411,558,0,170.35897435897436,36,3,14,35.30104063429137,0.6276041666666667,44.34121621621622,1022.6351351351356,28.40653153153154,0
561,4,0,0,39,0.0,0.0,1.0,39,1400,900,500,0.6428571428571429,19,9,10,355.4925668769388,0.4283344579397211,0.20357625573868599,0.20588661282413895,130895.62694028475,1506.4844827935929,132402.11142307834,559,1,171.35897435897436,36,3,14,35.0778126260959,0.6293402777777778,44.17229729729729,1023.3108108108098,28.42530030030027,0
562,4,0,0,39,0.0,0.0,1.0,39,750,600,150,0.8,9,6,3,354.35055015431215,0.42808142150247414,0.20406234719498095,0.2054352816857358,130935.05333371794,1479.381636657419,132414.43497037535,560,2,172.35897435897436,37,2,14,35.067138061567036,0.6278153153153153,44.133771929824555,1023.4649122807007,27.661213845424342,0
563,4,0,1,38,0.0,0.02564102564102564,0.9743589743589743,39,800,400,400,0.5,12,4,8,354.1532764402633,0.4275472334682861,0.20703404981010243,0.20577032620552185,131019.2333819059,1480.1781557786928,132499.4115376846,561,3,173.35897435897436,37,2,15,34.9870363428653,0.6286599099099099,44.051535087719294,1023.7938596491222,27.67010431484114,0
564,4,0,1,37,0.0,0.02631578947368421,0.9736842105263158,38,1000,600,400,0.6,14,6,8,358.0798636763677,0.42733522996680895,0.20199944427721284,0.20816253967682447,131039.71370018659,1784.5365635906091,132824.2502637772,562,4,175.26315789473685,36,2,16,34.865816102067754,0.630787037037037,44.03153153153153,1023.8738738738732,28.440940940940923,0
565,4,0,0,37,0.0,0.0,1.0,37,1350,900,450,0.6666666666666666,18,9,9,361.5791962859975,0.4263013013013013,0.20021445657254455,0.21031499996990244,131061.33355034704,2077.810329861091,133139.14388020814,563,5,180.67567567567568,35,2,17,34.75436588674127,0.6330357142857144,44.01041666666666,1023.9583333333319,29.25595238095234,0
566,4,0,0,37,0.0,0.0,1.0,37,1000,700,300,0.7,13,7,6,391.00238367346947,0.42623873873873874,0.22697760617760654,0.21145060921772915,128203.13169795947,2632.3277016889497,130835.45939964842,564,6,181.67567567567568,35,2,16,36.91761904761904,0.6041666666666667,46.817129629629626,1012.731481481481,28.93518518518517,8
567,4,1,2,36,0.02631578947368421,0.05263157894736842,0.9473684210526316,38,700,600,100,0.8571428571428571,8,6,2,391.0359106753708,0.4286836178283547,0.24646733565431123,0.21382176392248953,128644.60699445951,2460.9322099107067,131105.5392043702,565,0,177.8684210526316,37,1,13,36.46418792333188,0.6047297297297297,46.3815789473684,1014.4736842105237,27.418207681365505,0
568,4,1,1,36,0.02702702702702703,0.02702702702702703,0.972972972972973,37,1200,900,300,0.75,15,9,6,388.9214869709647,0.4280530530530531,0.24782656927828706,0.21356080227622692,128811.51532202195,2619.513215604777,131431.02853762673,566,0,180.59459459459458,37,0,15,36.34694318427306,0.6064189189189189,46.21710526315788,1015.1315789473667,27.4359886201991,0
569,4,0,0,36,0.0,0.0,1.0,36,800,500,300,0.625,11,5,6,393.7488093500233,0.4275462962962963,0.2550056714504123,0.21584332541742118,128743.83674214738,2938.5464856748467,131682.38322782223,567,1,186.38888888888889,36,0,16,36.29373797899097,0.6076388888888888,46.283783783783775,1014.8648648648635,28.190690690690655,0
570,4,0,0,36,0.0,0.0,1.0,36,1250,900,350,0.72,16,9,7,396.0886997120725,0.4270006613756614,0.26130329797587826,0.218223823011801,128943.91593874285,3014.64559999189,131958.56153873474,568,2,187.38888888888889,36,0,16,36.02949329193924,0.6096643518518519,46.086711711711715,1015.6531531531535,28.2125875875876,0
571,4,1,0,37,0.02702702702702703,0.0,1.0,37,1200,800,400,0.6666666666666666,16,8,8,385.0628525962283,0.43058683683683685,0.2555802644570142,0.21401311105395696,129289.65627411268,2557.4423760401737,131847.09865015285,569,0,183.2972972972973,35,2,17,35.956171048139296,0.6151785714285714,45.74652777777778,1017.0138888888891,29.05753968253969,0
572,4,0,0,37,0.0,0.0,1.0,37,1050,900,150,0.8571428571428571,12,9,3,384.2189406150697,0.43033658658658663,0.25806818215803484,0.21446488982942466,129459.11864144556,2548.1290834753704,132007.24772492092,570,1,184.2972972972973,36,1,14,35.80465493711039,0.6148726851851851,45.57995495495496,1017.6801801801806,28.268893893893907,0
573,4,1,0,38,0.02631578947368421,0.0,1.0,38,1000,800,200,0.8,12,8,4,380.7973654619695,0.43201754385964913,0.2605823550056041,0.2151065555325267,129927.0027797013,2295.172072176039,132222.17485187735,571,0,180.42105263157896,37,1,16,35.414874166487415,0.6176801801801801,45.12061403508771,1019.5175438596481,27.55452821242292,0
574,4,0,0,38,0.0,0.0,1.0,38,1450,1100,350,0.7586206896551724,18,11,7,380.89831276629883,0.43154338549075394,0.2580553921346791,0.2160901159742466,130094.74068944287,2310.5734456755904,132405.31413511847,572,1,181.42105263157896,37,1,16,35.241562768701634,0.6193693693693694,44.95614035087719,1020.1754385964911,27.572309151256515,0
575,4,1,0,39,0.02564102564102564,0.0,1.0,39,1200,900,300,0.75,15,9,6,371.0057444431453,0.43384502923976603,0.24962283822822107,0.21271491680397575,130505.75573979595,1884.1098379564255,132389.86557775238,573,0,177.74358974358975,34,5,14,35.07636218882288,0.6295955882352942,44.55357142857143,1021.7857142857146,30.05252100840337,0
576,4,0,0,39,0.0,0.0,1.0,39,1700,1400,300,0.8235294117647058,20,14,6,373.49662477441507,0.4329453441295547,0.2600045974129108,0.21515509793343052,130688.28124999987,1962.3263888888748,132650.60763888873,574,1,178.74358974358975,34,5,16,34.82749252920402,0.6314338235294117,44.37499999999999,1022.499999999999,30.073529411764675,0
577,4,2,0,41,0.04878048780487805,0.0,1.0,41,750,400,350,0.5333333333333333,11,4,7,358.74681985743007,0.4361280487804878,0.2637173915880411,0.20966160297483935,131243.84576263835,1216.662458641098,132460.50822127945,575,0,170.97560975609755,37,4,18,34.64229980381665,0.6309121621621622,43.83223684210525,1024.6710526315776,27.693812233285882,0
578,4,0,0,41,0.0,0.0,1.0,41,1400,1000,400,0.7142857142857143,18,10,8,356.42270788640957,0.4346544715447154,0.263326542971976,0.20941015861230688,131446.7860510974,1170.1779886451297,132616.96403974254,576,1,171.97560975609755,35,6,18,34.496802106847255,0.6369047619047619,43.63425925925926,1025.462962962963,29.2989417989418,0
579,4,0,0,41,0.0,0.0,1.0,41,1350,1000,350,0.7407407407407407,17,10,7,356.6076820431909,0.4342225609756098,0.26302491867166466,0.20984444078796538,131506.13667052472,1179.2197145061803,132685.3563850309,577,2,172.97560975609755,35,6,18,34.432125930941105,0.6375,43.57638888888889,1025.6944444444448,29.305555555555564,0
580,4,0,1,40,0.0,0.024390243902439025,0.975609756097561,41,1200,600,600,0.5,18,6,12,360.1615124431538,0.43401930894308943,0.2705429896617939,0.21259600328368863,131624.87809713653,1281.243034122093,132906.12113125864,578,3,173.97560975609755,35,6,15,34.221088051733226,0.6386904761904761,43.46064814814815,1026.1574074074078,29.31878306878308,0
581,4,1,0,41,0.024390243902439025,0.0,1.0,41,1200,1000,200,0.8333333333333334,14,10,4,361.8611884846265,0.4353912601626016,0.2770494236382528,0.21493682641315778,131862.52170138896,1343.1857638888996,133205.70746527787,579,0,174.3170731707317,35,6,17,33.93762677484787,0.6410714285714285,43.22916666666667,1027.083333333334,29.345238095238113,0
582,4,0,1,40,0.0,0.024390243902439025,0.975609756097561,41,1150,800,350,0.6956521739130435,15,8,7,362.4908692476262,0.4347815040650407,0.2791034937376402,0.21632519616390586,132040.89506172828,1372.7237654320875,133413.61882716036,580,1,175.3170731707317,35,6,17,33.74155405405405,0.6428571428571428,43.05555555555555,1027.777777777777,29.36507936507934,0
583,4,0,0,40,0.0,0.0,1.0,40,750,600,150,0.8,9,6,3,369.14691877662744,0.431917735042735,0.2823803730738037,0.21988316466259963,131969.53124999988,1743.2291666666526,133712.76041666654,581,2,180.575,34,6,17,33.64253852392539,0.6443014705882353,43.12499999999999,1027.499999999999,30.22058823529409,0
584,4,0,0,40,0.0,0.0,1.0,40,1450,1200,250,0.8275862068965517,17,12,5,369.3464049009717,0.4315838675213675,0.28222484807562487,0.2214583099831331,132219.38898533935,1766.951195987637,133986.340181327,582,3,181.575,35,5,17,33.385381498987165,0.6446428571428571,42.881944444444436,1028.472222222221,29.3849206349206,0
585,4,0,1,39,0.0,0.025,0.975,40,1150,800,350,0.6956521739130435,15,8,7,381.2096285158955,0.43175747863247865,0.30425556059918346,0.21588812638059565,130026.38996056226,1913.4623628257693,131939.85232338804,583,4,182.575,35,5,18,35.303185050688455,0.6226190476190476,45.02314814814814,1019.9074074074061,29.140211640211604,8
586,4,0,0,39,0.0,0.0,1.0,39,1050,600,450,0.5714285714285714,15,6,9,389.76397938056687,0.42884053081421497,0.3187170755842723,0.22039927203740642,129967.37423911168,2331.3201946158997,132298.6944337276,584,5,187.94871794871796,35,4,18,35.1451948543322,0.6220238095238095,45.08101851851851,1019.675925925925,29.133597883597854,0
587,4,0,0,39,0.0,0.0,1.0,39,550,300,250,0.5454545454545454,8,3,5,390.88982155930273,0.4286999550157445,0.3208678142858812,0.22137025112985675,130026.38996056224,2365.1984739368804,132391.58843449914,585,6,188.94871794871796,35,4,18,35.05636253593585,0.6226190476190476,45.02314814814814,1019.907407407406,29.1402116402116,0
588,4,0,0,39,0.0,0.0,1.0,39,950,700,250,0.7368421052631579,12,7,5,390.53241011141733,0.42816576698155645,0.31210685650971515,0.22200672211169337,130173.98787133474,2367.432243441343,132541.4201147761,586,7,189.94871794871796,35,4,18,34.91514971078598,0.6241071428571429,44.878472222222214,1020.4861111111101,29.156746031746003,0
589,4,1,3,37,0.025,0.075,0.925,40,1750,1500,250,0.8571428571428571,20,15,5,383.0561791115312,0.43019497863247863,0.30713315217391335,0.22025730298913054,130617.28395061736,2006.7816840277894,132624.06563464514,587,0,186.175,35,5,16,34.65523097826089,0.6285714285714286,44.44444444444445,1022.2222222222229,29.206349206349223,0
590,4,1,0,38,0.02631578947368421,0.0,1.0,38,1350,800,550,0.5925925925925926,19,8,11,387.3748317742725,0.42911332385016593,0.29397272013139997,0.22479941025010966,130972.46334876567,2547.087191358053,133519.55054012372,588,0,180.02631578947367,35,3,19,34.18419267299864,0.6321428571428571,44.097222222222236,1023.611111111113,29.2460317460318,0
591,4,0,1,37,0.0,0.02631578947368421,0.9736842105263158,38,900,400,500,0.4444444444444444,14,4,10,387.05835809839346,0.42869843527738266,0.29073522178177647,0.22551542388884657,131126.2038009296,2550.6986293726522,133676.90243030226,589,1,181.02631578947367,36,2,19,34.03632948506507,0.6316550925925926,43.94707207207209,1024.211711711714,28.45032532532539,0
592,4,0,0,37,0.0,0.0,1.0,37,1300,700,600,0.5384615384615384,19,7,12,395.4678770239365,0.42689564564564564,0.29369817477436766,0.22984946387343907,131031.70680084023,2963.7661822702403,133995.47298311046,590,2,185.56756756756758,35,2,19,33.91693043936998,0.6327380952380952,44.039351851851855,1023.8425925925928,29.25264550264551,0
593,4,0,0,37,0.0,0.0,1.0,37,1100,900,200,0.8181818181818182,13,9,4,370.8164485762437,0.4263013013013013,0.21179461670259214,0.20842441764802683,129731.44531250013,2221.310763888905,131952.75607638905,591,3,186.56756756756758,35,2,15,35.86826857532379,0.6196428571428572,45.31250000000001,1018.750000000001,29.107142857142886,8
594,4,2,0,39,0.05128205128205128,0.0,1.0,39,800,500,300,0.625,11,5,6,354.7397137011171,0.43314215024741337,0.20737582323144688,0.20197382231459948,130234.60493853883,1439.8772939750777,131674.4822325139,592,0,177.94871794871796,37,2,17,35.76679825974863,0.620777027027027,44.819078947368425,1020.7236842105268,27.58712660028451,0
595,4,0,1,38,0.0,0.02564102564102564,0.9743589743589743,39,950,700,250,0.7368421052631579,12,7,5,355.2163782312442,0.4330859199280252,0.20356419067759313,0.20268228640253366,130318.5595567868,1458.2573484149123,131776.8169052017,593,1,178.94871794871796,37,2,17,35.66947666093931,0.6216216216216216,44.736842105263165,1021.0526315789482,27.596017069701304,0
596,4,0,0,38,0.0,0.0,1.0,38,1000,400,600,0.4,16,4,12,356.50149025458086,0.4326102418207682,0.19291089466904654,0.20400294122921872,130430.54112803961,1699.7364573715215,132130.27758541112,594,2,180.07894736842104,37,1,17,35.523114355231144,0.6227477477477478,44.62719298245615,1021.4912280701772,27.607871028923707,0
597,4,1,0,39,0.02564102564102564,0.0,1.0,39,1000,700,300,0.7,13,7,6,356.2245567152273,0.4339293747188484,0.1907585191136103,0.20584490830104418,130808.47447083425,1519.4381665936107,132327.91263742786,595,0,176.43589743589743,38,1,14,35.147302001740634,0.6247258771929824,44.25747863247863,1022.9700854700855,26.92026540710751,0
598,4,0,2,37,0.0,0.05128205128205128,0.9487179487179487,39,900,500,400,0.5555555555555556,13,5,8,354.90191378175683,0.43395748987854255,0.18660135967025382,0.20580873692670867,130945.1247351887,1494.5350737818571,132439.65980897055,596,1,177.43589743589743,38,1,14,35.04284098816981,0.6260964912280702,44.12393162393162,1023.5042735042724,26.934322986954538,0
599,4,0,0,37,0.0,0.0,1.0,37,1200,700,500,0.5833333333333334,17,7,10,368.33028118871636,0.4265828328328329,0.18917470059316366,0.21245618631089386,130738.73842191813,2231.0072570406155,132969.74567895874,597,2,187.8108108108108,37,0,15,34.90839766269971,0.6258445945945945,44.325657894736835,1022.6973684210514,27.640469416785173,0
600,4,1,0,38,0.02631578947368421,0.0,1.0,38,1400,1100,300,0.7857142857142857,17,11,6,363.69041558580784,0.42540896159317215,0.1920728694258078,0.2118065810331439,131109.19922017655,1936.63183030168,133045.83105047824,598,0,183.8421052631579,38,0,16,34.651879477015086,0.6277412280701755,43.9636752136752,1024.1452991452973,26.95119208277098,0
601,4,0,0,38,0.0,0.0,1.0,38,1100,700,400,0.6363636363636364,15,7,8,362.8309026051544,0.42548304883831195,0.19404635794303826,0.2117580964747912,131191.274985846,1920.0497434070794,133111.32472925307,599,1,184.8421052631579,38,0,16,34.590850627455055,0.6285635964912281,43.88354700854699,1024.4658119658095,26.959626630679196,0
602,4,0,0,38,0.0,0.0,1.0,38,1450,1100,350,0.7586206896551724,18,11,7,363.8684569880916,0.4256015884305358,0.197216140131373,0.21266681115007824,131246.00643080202,1951.256369165007,133197.26279996702,600,2,185.8421052631579,38,0,16,34.50891460744447,0.6291118421052632,43.8301282051282,1024.6794871794864,26.965249662618064,0
603,4,1,0,39,0.02564102564102564,0.0,1.0,39,1100,700,400,0.6363636363636364,15,7,8,390.3435468118215,0.42805330634278005,0.2524230857183065,0.2104774759812694,128085.94419795947,2237.000241855781,130322.94443981526,601,0,182.05128205128204,35,4,19,37.0545582742587,0.6029761904761906,46.93287037037037,1012.268518518518,28.921957671957657,8
604,4,2,0,41,0.04878048780487805,0.0,1.0,41,1500,900,600,0.6,21,9,12,379.2014189256488,0.4327235772357723,0.2619427083767927,0.20795605019130792,128760.50407503854,1565.2599612054096,130325.76403624394,602,0,174.1219512195122,35,6,19,36.645783441669515,0.6098214285714285,46.26736111111111,1014.9305555555552,28.998015873015863,0
605,4,3,1,43,0.06818181818181818,0.022727272727272728,0.9772727272727273,44,1000,400,600,0.4,16,4,12,355.7676305897093,0.43730179704016914,0.26333970233306503,0.19901852602295628,129545.08562616674,419.09667444753586,129964.18230061427,603,0,163.1818181818182,36,8,19,36.441049041297944,0.6157407407407407,45.4954954954955,1018.0180180180183,28.278278278278286,0
606,4,1,1,43,0.022727272727272728,0.022727272727272728,0.9772727272727273,44,1050,600,450,0.5714285714285714,15,6,9,341.31139567516686,0.4373458421423538,0.22196322862406648,0.18442957628450776,128170.89979383671,-48.78076120357093,128122.11903263314,604,0,164.1590909090909,39,5,17,38.20862479854611,0.5964209401709402,46.84895833333333,1012.6041666666658,25.96420940170938,8
607,4,0,1,42,0.0,0.023255813953488372,0.9767441860465116,43,1400,1000,400,0.7142857142857143,18,10,8,340.2008310249306,0.43648486526393504,0.2175260097919216,0.1846804511278196,128355.55555555563,133.33333333334286,128488.88888888898,605,1,164.58139534883722,39,4,18,38.04824561403508,0.5982905982905983,46.66666666666667,1013.333333333334,25.982905982906,0
608,4,2,0,44,0.045454545454545456,0.0,1.0,44,1350,900,450,0.6666666666666666,18,9,9,339.1186353413938,0.43889843199436224,0.24392391927687807,0.18598450363286664,128762.65290377752,-66.83697286667933,128695.81593091085,606,0,161.72727272727272,40,4,17,37.6606254797904,0.60078125,46.265243902439025,1014.9390243902438,25.373475609756095,0
609,4,0,0,44,0.0,0.0,1.0,44,1350,900,450,0.6666666666666666,18,9,9,365.0489449746433,0.43859011627906974,0.23453563590158222,0.19281444274835208,127253.65713346495,516.8146506611301,127770.47178412607,607,1,162.72727272727272,38,6,18,38.54828462515883,0.5888157894736843,47.75641025641026,1008.97435897436,26.55195681511474,8
610,4,3,0,47,0.06382978723404255,0.0,1.0,47,1700,1100,600,0.6470588235294118,23,11,12,346.7041223490958,0.4448234659266112,0.2527203215371041,0.18663476264290918,128019.0039702225,-523.0567168997075,127495.9472533228,608,0,153.27659574468086,41,6,19,38.22735924582556,0.5917174796747968,46.999007936507944,1012.0039682539696,24.68302361595048,0
611,4,1,2,46,0.020833333333333332,0.041666666666666664,0.9583333333333334,48,1450,1300,150,0.896551724137931,16,13,3,340.7487024288314,0.4453679078014185,0.2581887038523276,0.18459690575057597,128273.183951352,-858.092778685846,127415.09117266614,609,0,151.0625,40,8,20,38.11843733279831,0.5958333333333333,46.74796747967481,1013.0081300813031,25.325203252032576,0
612,4,2,2,46,0.041666666666666664,0.041666666666666664,0.9583333333333334,48,1000,700,300,0.7,13,7,6,338.0783773710677,0.448082890070922,0.2649095781985773,0.18469404950961296,128607.98306439626,-904.0843537246263,127703.89871067164,610,0,150.83333333333334,40,8,19,37.84461309821995,0.59921875,46.41768292682927,1014.3292682926835,25.35823170731709,0
613,4,1,1,46,0.02127659574468085,0.02127659574468085,0.9787234042553191,47,1300,900,400,0.6923076923076923,17,9,8,346.82083129316163,0.4463652482269504,0.2770731998448266,0.18959285531042402,128633.7549160554,-477.42683753055815,128156.32807852485,611,0,154.7659574468085,40,7,20,37.59663227142189,0.5994791666666667,46.39227642276423,1014.4308943089443,25.360772357723608,0
614,4,0,1,45,0.0,0.021739130434782608,0.9782608695652174,46,1500,900,600,0.6,21,9,12,349.59264741557035,0.44440418679549115,0.280608843789349,0.19073728969710102,128556.44710696355,-211.5222627073682,128344.92484425618,612,1,159.06521739130434,40,6,20,37.60522096402447,0.5986979166666666,46.46849593495936,1014.1260162601634,25.353150406504085,0
615,4,0,0,45,0.0,0.0,1.0,45,1700,1400,300,0.8235294117647058,20,14,6,356.66684531232306,0.4444654882154882,0.28602806032170003,0.1942606830120225,128487.53390842023,165.4486762152822,128652.98258463551,613,2,160.46666666666667,39,6,20,37.496254152539464,0.5996260683760684,46.536458333333336,1013.8541666666674,25.996260683760703,0
616,4,0,0,45,0.0,0.0,1.0,45,1200,700,500,0.5833333333333334,17,7,10,352.4501228487954,0.44404461279461277,0.27944855290787873,0.1923460984336252,128566.7534722223,62.67361111111654,128629.42708333342,614,3,161.46666666666667,39,6,20,37.522254176937814,0.6004273504273504,46.458333333333336,1014.1666666666674,26.004273504273524,0
617,4,1,0,46,0.021739130434782608,0.0,1.0,46,1650,1100,550,0.6666666666666666,22,11,11,348.95656417177935,0.44598429951690827,0.2885885885885886,0.19175335952013625,128840.02267995238,-208.08567155793742,128631.93700839444,615,0,158.93478260869566,40,6,21,37.3321237904571,0.6015625,46.1890243902439,1015.2439024390242,25.381097560975604,0
618,4,0,1,45,0.0,0.021739130434782608,0.9782608695652174,46,1450,700,750,0.4827586206896552,22,7,15,351.3605727325897,0.4460245571658615,0.28935554733888735,0.19370374652301323,128969.02394614632,-137.07397630380223,128831.94996984252,616,1,159.93478260869566,40,6,21,37.13961147240287,0.6028645833333333,46.06199186991869,1015.752032520324,25.3938008130081,0
619,4,0,0,45,0.0,0.0,1.0,45,1950,1400,550,0.717948717948718,25,14,11,360.29457801527997,0.44539141414141414,0.2817749321951004,0.1987585321104159,128994.83194527056,295.22770837463474,129290.05965364519,617,2,163.66666666666666,40,5,22,36.886421235160746,0.603125,46.036585365853654,1015.8536585365845,25.39634146341461,0
620,4,0,0,45,0.0,0.0,1.0,45,1250,700,550,0.56,18,7,11,363.10447547386065,0.44469696969696965,0.2859491828594922,0.20096335690171996,129123.91067031851,377.0939710159218,129501.00464133442,618,3,164.66666666666666,40,5,22,36.68341499183416,0.6044270833333334,45.90955284552845,1016.3617886178855,25.409044715447138,0
621,4,0,0,45,0.0,0.0,1.0,45,1600,1000,600,0.625,22,10,12,356.06826389022007,0.44414983164983163,0.27946913191161493,0.19786420338418007,129282.865405161,206.75156242604436,129489.61696758705,619,4,165.66666666666666,38,7,22,36.70028364323983,0.609375,45.753205128205124,1016.987179487179,26.7628205128205,0
622,4,0,1,44,0.0,0.022222222222222223,0.9777777777777777,45,2100,1300,800,0.6190476190476191,29,13,16,357.05653960349144,0.4433922558922559,0.2794084027340378,0.19937400915960485,129473.07715136243,245.8417798962701,129718.91893125871,620,5,166.66666666666666,38,7,22,36.48151550143468,0.6112938596491229,45.56623931623932,1017.735042735043,26.782501124606394,0
623,4,0,0,44,0.0,0.0,1.0,44,1200,800,400,0.6666666666666666,16,8,8,358.4476883018264,0.4429065362931642,0.283424283765348,0.2005665309352968,129554.63927469139,487.7121913580297,130042.35146604943,621,6,170.4318181818182,38,6,22,36.36311959981809,0.6121162280701755,45.486111111111114,1018.0555555555559,26.790935672514628,0
624,4,0,0,44,0.0,0.0,1.0,44,1150,800,350,0.6956521739130435,15,8,7,356.9407142793241,0.4427744009866103,0.2817747918712985,0.20027756499263077,129663.42872242317,456.43137281759414,130119.86009524076,622,7,171.4318181818182,38,6,23,36.290823105703,0.6132127192982456,45.379273504273506,1018.4829059829063,26.80218173639227,0
625,4,2,0,46,0.043478260869565216,0.0,1.0,46,1000,700,300,0.7,13,7,6,344.5685387093659,0.4456924315619968,0.2841529268456435,0.1964690799961709,130291.32806793308,-215.61698749628584,130075.7110804368,623,0,164.93478260869566,36,10,25,35.968867196117365,0.6232638888888888,44.76351351351353,1020.9459459459483,28.359609609609677,0
626,4,0,1,45,0.0,0.021739130434782608,0.9782608695652174,46,1050,800,250,0.7619047619047619,13,8,5,341.3018318292665,0.4455213365539452,0.2820956636811722,0.19489452210502467,130348.82010388786,-302.3417843518971,130046.47831953596,624,1,165.93478260869566,36,10,25,35.994017423908254,0.6238425925925926,44.70720720720722,1021.1711711711727,28.365865865865906,0
627,4,1,0,46,0.021739130434782608,0.0,1.0,46,1450,1200,250,0.8275862068965517,17,12,5,331.75578070184,0.44675925925925924,0.2838898732451942,0.1910290506207351,130671.89554569396,-529.7686554897773,130142.12689020418,625,0,165.7173913043478,38,8,21,35.91105015673978,0.6233552631578947,44.39102564102566,1022.4358974359002,26.90620782726053,0
628,4,0,0,46,0.0,0.0,1.0,46,1000,500,500,0.5,15,5,10,335.14433012355437,0.44634661835748796,0.28914677999346194,0.19380085176709902,130835.79881656822,-430.2247698882115,130405.57404668,626,1,166.7173913043478,38,8,23,35.65880847953217,0.625,44.23076923076924,1023.0769230769243,26.923076923076955,0
629,4,1,0,47,0.02127659574468085,0.0,1.0,47,850,600,250,0.7058823529411765,11,6,5,326.11713177796605,0.44650015417823,0.28659857367849906,0.18997736728660972,131119.8742894444,-847.9125355277652,130271.96175391662,627,0,164.14893617021278,40,7,24,35.60312892769729,0.6244791666666667,43.95325203252034,1024.186991869921,25.604674796748025,0
630,4,1,1,47,0.020833333333333332,0.020833333333333332,0.9791666666666666,48,1200,700,500,0.5833333333333334,17,7,10,322.3808593749999,0.4465776447990544,0.29985677083333284,0.1896357996323529,131492.43918474694,-1121.3751541965876,130371.06403055035,628,0,161.70833333333334,38,10,25,35.32356770833333,0.631578947368421,43.58974358974359,1025.641025641026,26.990553306342793,0
631,4,1,1,47,0.020833333333333332,0.020833333333333332,0.9791666666666666,48,1050,800,250,0.7619047619047619,13,8,5,321.32837886274353,0.4465961140661938,0.293622502081599,0.19010610000697284,131711.68456424863,-1135.4595843377915,130576.22497991084,629,0,162.3125,38,10,18,35.13001318345824,0.6337719298245614,43.376068376068375,1026.495726495726,27.013045434098057,0
632,4,0,0,47,0.0,0.0,1.0,47,900,500,400,0.5555555555555556,13,5,8,326.8711679651203,0.4449969164353993,0.29484992045097025,0.1925531874111094,131547.23340821092,-800.2004346555677,130747.03297355535,630,2,166.7659574468085,38,9,26,35.15326668055266,0.6321271929824561,43.53632478632478,1025.8547008547002,26.996176338281586,0
633,4,0,2,45,0.0,0.0425531914893617,0.9574468085106383,47,1450,800,650,0.5517241379310345,21,8,13,327.30039659280754,0.4443609312365094,0.2972030614117467,0.1937264509562836,131728.8208007814,-777.0209418402646,130951.79985894113,631,3,167.7659574468085,39,8,19,34.9595171655674,0.6322115384615384,43.35937500000001,1026.5625000000011,26.322115384615415,0
634,4,0,2,43,0.0,0.044444444444444446,0.9555555555555556,45,1150,800,350,0.6956521739130435,15,8,7,330.13612525905125,0.4444234006734007,0.26790136302153833,0.19573956199042178,131793.94866544288,-298.0112910000883,131495.9373744428,632,4,150.62222222222223,38,7,20,34.82121180591684,0.6345942982456141,43.29594017094016,1026.816239316238,27.02147998200626,0
635,4,0,0,43,0.0,0.0,1.0,43,1650,1200,450,0.7272727272727273,21,12,9,341.8413428818777,0.4414913252122554,0.27072611642326905,0.20110590700107445,131496.76462950135,390.2061211141859,131886.97075061555,633,5,158.34883720930233,37,6,25,34.82021951393344,0.6334459459459459,43.58552631578947,1025.6578947368419,27.720483641536266,0
636,4,1,0,44,0.022727272727272728,0.0,1.0,44,1300,1000,300,0.7692307692307693,16,10,6,338.7017448339256,0.4418934989429175,0.2825979024616285,0.20110808357557294,131848.80566741535,131.48410676454495,131980.2897741799,634,0,155.72727272727272,38,6,21,34.54610076632338,0.6351425438596492,43.24252136752136,1027.0299145299139,27.0271030139451,0
637,4,0,0,44,0.0,0.0,1.0,44,950,500,450,0.5263157894736842,14,5,9,338.7579598352683,0.44127686751233264,0.2875285703752859,0.20178191520622488,131969.53124999985,141.1458333333194,132110.67708333317,635,1,156.72727272727272,39,5,22,34.42315490673155,0.6346153846153846,43.12499999999999,1027.4999999999989,26.34615384615382,0
638,4,0,0,44,0.0,0.0,1.0,44,1300,800,500,0.6153846153846154,18,8,10,334.83492108476946,0.44041798801973225,0.2807650509757693,0.2004339300198761,132156.9023980034,50.149197048601366,132207.051595052,636,2,157.72727272727272,39,5,24,34.33553253638605,0.6364850427350428,42.94270833333333,1028.229166666666,26.36485042735041,0
639,4,0,0,44,0.0,0.0,1.0,44,1450,1300,150,0.896551724137931,16,13,3,336.61468634723894,0.43980135658914726,0.2792536544055382,0.2022145159589616,132290.82031249985,106.2065972222062,132397.02690972207,637,3,158.72727272727272,39,5,24,34.15519103550695,0.6378205128205128,42.81249999999999,1028.7499999999989,26.3782051282051,0
640,4,1,0,45,0.022222222222222223,0.0,1.0,45,900,500,400,0.5555555555555556,13,5,8,333.0772456687436,0.4401515151515152,0.2791675309410231,0.20198306935459256,132645.51487508192,-163.67264546353147,132481.8422296184,638,0,156.17777777777778,38,7,20,33.890142086704024,0.643092105263158,42.46794871794871,1030.128205128203,27.108636977057973,0
641,4,0,0,45,0.0,0.0,1.0,45,650,400,250,0.6153846153846154,9,4,5,334.7247181635465,0.4401304713804714,0.2812925522723351,0.20342910565138,132728.07004026938,-114.52683267588947,132613.5432075935,639,1,157.17777777777778,38,7,20,33.76490409538621,0.6439144736842105,42.387820512820504,1030.4487179487164,27.11707152496622,0
642,4,0,0,45,0.0,0.0,1.0,45,1200,900,300,0.75,15,9,6,335.5131617095299,0.4394781144781145,0.28037987472216597,0.20474163221953942,132880.8648003473,-83.34418402777297,132797.52061631953,640,2,158.17777777777778,39,6,20,33.59138209739341,0.6436965811965811,42.239583333333336,1031.0416666666672,26.436965811965827,0
643,4,0,0,45,0.0,0.0,1.0,45,1200,700,500,0.5833333333333334,17,7,10,332.71281748368943,0.4388888888888889,0.27145133418613554,0.20361695418562975,132988.2866753471,-150.61848958333923,132837.66818576376,641,3,159.17777777777778,39,6,22,33.555931461657586,0.6447649572649572,42.135416666666664,1031.4583333333326,26.447649572649553,0
644,4,0,0,45,0.0,0.0,1.0,45,1300,900,400,0.6923076923076923,17,9,8,334.3486108405485,0.43813131313131315,0.2749130717634656,0.2052080135679351,133095.75195312497,-99.92404513888914,132995.8279079861,642,4,160.17777777777778,39,6,22,33.40610067972275,0.6458333333333333,42.03125,1031.8749999999998,26.45833333333333,0
645,4,0,1,44,0.0,0.022222222222222223,0.9777777777777777,45,950,700,250,0.7368421052631579,12,7,5,335.4044868144703,0.43789983164983165,0.27495094246532337,0.2063018659121407,133176.37939453122,-66.40896267361211,133109.9704318576,643,5,161.17777777777778,39,6,22,33.29811703165474,0.6466346153846154,41.953125,1032.1874999999998,26.46634615384615,0
646,4,0,1,43,0.0,0.022727272727272728,0.9772727272727273,44,1100,500,600,0.45454545454545453,17,5,12,334.686089386788,0.43787438336856943,0.1819390972934285,0.20345277283680696,132736.76155163138,85.68599533030965,132822.4475469617,644,6,157.72727272727272,37,7,17,33.75718237922962,0.6458333333333333,42.37938596491229,1030.4824561403518,27.85087719298248,7
647,4,0,1,42,0.0,0.023255813953488372,0.9767441860465116,43,1300,1000,300,0.7692307692307693,16,10,6,338.8525221409317,0.4363695090439277,0.18824045634050024,0.20608899297423902,132755.59413580265,396.9135802469357,133152.5077160496,645,7,161.4418604651163,38,5,17,33.63095238095241,0.6441885964912281,42.36111111111112,1030.555555555557,27.11988304093571,0
648,4,0,0,42,0.0,0.0,1.0,42,1050,800,250,0.7619047619047619,13,8,5,329.96160119889635,0.4357336430507162,0.19498609382442988,0.18625701313576995,129899.05698147471,172.34016716678914,130071.39714864151,646,12,166.11904761904762,37,5,17,36.7388897852354,0.6173986486486487,45.14802631578946,1019.4078947368392,27.551564722617275,8
649,4,0,0,42,0.0,0.0,1.0,42,1250,900,350,0.72,16,9,7,332.7839056538329,0.43544328300425866,0.197214541730671,0.1882536692567301,129982.9033933517,251.2436518928785,130234.14704524458,647,13,167.11904761904762,37,5,17,36.58198924731182,0.6182432432432432,45.065789473684205,1019.7368421052624,27.56045519203412,0
650,4,0,0,42,0.0,0.0,1.0,42,1000,700,300,0.7,13,7,6,333.17198138056085,0.435515873015873,0.19604078999907837,0.1887433477954919,130038.81602993225,265.05799861495194,130303.8740285472,648,14,168.11904761904762,37,5,18,36.51544470723141,0.6188063063063063,45.0109649122807,1019.9561403508769,27.566382171645323,0
651,4,0,0,42,0.0,0.0,1.0,42,1200,1100,100,0.9166666666666666,13,11,2,334.8811713151425,0.4353464963221061,0.09865625781031762,0.18047922028115582,128065.44189453125,183.70116736640057,128249.14306189764,649,15,169.11904761904762,39,3,19,38.47906161023636,0.5953525641025641,46.953125,1012.1875,25.953525641025642,8
652,4,1,0,43,0.023255813953488372,0.0,1.0,43,1300,1000,300,0.7692307692307693,16,10,6,330.2643968857393,0.43789221114802507,0.10609521701065683,0.17958612263598625,128422.23087873156,-117.26863223543805,128304.96224649611,650,0,166.1627906976744,37,6,17,38.23200634645897,0.6024774774774775,46.60087719298244,1013.5964912280673,27.394499762920738,0
653,4,1,0,44,0.022727272727272728,0.0,1.0,44,1400,1100,300,0.7857142857142857,17,11,6,323.66913451397977,0.43929483791402396,0.11511977337327406,0.1774110276254061,128740.17373666776,-466.15587789469816,128274.01785877306,651,0,163.36363636363637,38,6,18,38.0754991753518,0.6038925438596492,46.287393162393144,1014.8504273504243,26.70659019343222,0
654,4,1,1,44,0.022222222222222223,0.022222222222222223,0.9777777777777777,45,1250,800,450,0.64,17,8,9,321.4861596345071,0.4410353535353535,0.11402550091074737,0.17827868852459003,129201.38888888877,-690.2342893929526,128511.15459949581,652,0,160.7111111111111,36,9,20,37.662226775956306,0.6122685185185186,45.83333333333333,1016.6666666666657,28.240740740740716,0
655,4,0,1,43,0.0,0.022727272727272728,0.9772727272727273,44,1300,1000,300,0.7692307692307693,16,10,6,335.4826939971114,0.4411777660324172,0.07334814194417616,0.18387103085922926,128736.8681423096,-144.8406206622936,128592.02752164731,653,1,164.95454545454547,40,4,16,37.77914079711596,0.6005208333333334,46.29065040650407,1014.8373983739848,25.37093495934962,8
656,4,1,0,44,0.022727272727272728,0.0,1.0,44,1050,600,450,0.5714285714285714,15,6,9,333.4386922589334,0.4414750704721635,0.09499653831815524,0.18420059795663377,129050.14349489775,-193.93778344673353,128856.20571145102,654,0,165.88636363636363,41,3,17,37.51220464752977,0.6021341463414633,45.98214285714285,1016.0714285714268,24.782229965156752,0
657,4,0,1,43,0.0,0.022727272727272728,0.9772727272727273,44,850,600,250,0.7058823529411765,11,6,5,336.096675032904,0.4408694503171247,0.10481781807535717,0.18626190530352432,129176.1751720363,-116.86340624213392,129059.31176579416,655,1,166.88636363636363,41,3,18,37.31651133665139,0.6034044715447154,45.85813492063492,1016.5674603174594,24.79432830042584,0
658,4,1,2,42,0.022727272727272728,0.045454545454545456,0.9545454545454546,44,1350,900,450,0.6666666666666666,18,9,9,331.81342262213207,0.4393278717406624,0.1075786217563155,0.18476768480748165,129364.36760355011,-215.02590259889868,129149.34170095122,656,0,166.95454545454547,38,6,20,37.234168241965975,0.6101973684210527,45.67307692307691,1017.3076923076908,26.771255060728706,0
659,4,0,0,42,0.0,0.0,1.0,42,800,400,400,0.5,12,4,8,337.9373433533583,0.4375120983352691,0.12768136250943218,0.1880650710431373,129340.77222077921,341.81539031237514,129682.58761109159,657,1,173.07142857142858,37,5,20,37.10239930293557,0.6117680180180181,45.69627192982455,1017.2149122806997,27.492294926505394,0
660,4,1,0,43,0.023255813953488372,0.0,1.0,43,1000,700,300,0.7,13,7,6,315.8403824379253,0.4395302694721299,0.10160307067057994,0.17490085694143154,129145.65659626017,-438.8440433595233,128706.81255290065,658,0,170.02325581395348,37,6,20,37.86227975548364,0.6097972972972974,45.88815789473683,1016.4473684210509,27.47155049786624,8
661,4,0,0,43,0.0,0.0,1.0,43,900,500,400,0.5555555555555556,13,5,8,313.7140536501097,0.4393918420081211,0.10293450101444823,0.17409158704353453,129229.25954380163,-491.7930276623947,128737.46651613923,659,1,171.02325581395348,37,6,21,37.83149556058809,0.6106418918918919,45.80592105263156,1016.7763157894711,27.480440967283005,0
662,4,1,0,44,0.022727272727272728,0.0,1.0,44,1400,800,600,0.5714285714285714,20,8,12,305.9733810321649,0.440263830162086,0.11262053967436403,0.17144222778468884,129609.02829141973,-868.6174802761798,128740.41081114355,660,0,168.11363636363637,38,6,15,37.6436103242052,0.6126644736842105,45.432692307692285,1018.2692307692276,26.79655870445336,0
663,4,0,0,44,0.0,0.0,1.0,44,1150,700,450,0.6086956521739131,16,7,9,304.8368012742098,0.4399995595489781,0.11126579218919952,0.1712233819448876,129704.91672091998,-892.2336154514086,128812.68310546858,661,1,169.11363636363637,39,5,15,37.57552323005077,0.6119123931623931,45.33854166666666,1018.645833333332,26.119123931623896,0
664,4,1,2,43,0.022222222222222223,0.044444444444444446,0.9555555555555556,45,1050,800,250,0.7619047619047619,13,8,5,334.0051304234603,0.442003367003367,0.21084926245963187,0.17790315105818635,127592.67132779046,-466.5847759097766,127126.08655188068,662,0,166.33333333333334,41,4,14,38.984354543074105,0.5873983739837398,47.420634920634924,1010.317460317461,24.641889276035634,7
665,4,0,0,43,0.0,0.0,1.0,43,1850,1600,250,0.8648648648648649,21,16,5,347.6800680216539,0.43897655961609455,0.21704802332601703,0.18477243401065221,127502.23597891473,265.9972156124096,127768.23319452714,663,1,174.69767441860466,40,3,15,38.731594217481735,0.5880208333333333,47.51016260162602,1009.9593495934964,25.24898373983741,0
666,4,2,1,44,0.044444444444444446,0.022222222222222223,0.9777777777777777,45,1250,800,450,0.64,17,8,9,336.1331045480692,0.44185606060606064,0.22750228689344132,0.18117886533070854,128070.95896430501,-390.22219217595625,127680.73677212905,664,0,167.88888888888889,42,3,17,38.441748037526324,0.5907738095238095,46.94767441860465,1012.2093023255813,24.100221483942413,0
667,4,0,0,44,0.0,0.0,1.0,44,1400,1000,400,0.7142857142857143,18,10,8,341.49198155694523,0.44016472868217055,0.23574254602484412,0.18394409692945884,128044.10450522784,-54.79300516504594,127989.31150006279,665,1,172.47727272727272,41,3,17,38.33357838332353,0.5919715447154472,46.97420634920634,1012.1031746031731,24.685443283004222,0
668,4,0,2,42,0.0,0.045454545454545456,0.9545454545454546,44,1500,900,600,0.6,21,9,12,336.8388965096784,0.44014270613107825,0.2361578750467641,0.18189300411522635,128144.53124999999,-167.14813240110902,127977.38311759887,666,2,173.47727272727272,40,4,17,38.34876543209877,0.59453125,46.875,1012.4999999999999,25.312499999999996,0
669,4,1,0,43,0.023255813953488372,0.0,1.0,43,1450,900,550,0.6206896551724138,20,9,11,338.1719615650967,0.4391842008121078,0.24089657282741705,0.18357906484962408,128355.55555555565,81.25000000001012,128436.80555555566,667,0,176.97674418604652,39,4,18,38.09964364035088,0.5982905982905983,46.66666666666667,1013.3333333333342,25.982905982906004,0
670,4,2,1,44,0.044444444444444446,0.022222222222222223,0.9777777777777777,45,1200,800,400,0.6666666666666666,16,8,8,331.2742252469959,0.4420664983164983,0.2651744457162233,0.18279363039418461,129004.43558079447,-452.83110990925684,128551.60447088521,668,0,170.06666666666666,42,3,17,37.613665267709536,0.6001984126984127,46.02713178294574,1015.8914728682174,24.187892211148032,0
671,4,0,0,44,0.0,0.0,1.0,44,1450,900,550,0.6206896551724138,20,9,11,335.87188721703546,0.4426532769556026,0.27680061055695626,0.18578140457080494,129100.54878432839,-127.75100781054505,128972.79777651785,669,1,173.5681818181818,41,3,19,37.39912794481324,0.6026422764227642,45.93253968253968,1016.26984126984,24.787069299264388,0
672,4,0,0,44,0.0,0.0,1.0,44,1250,800,450,0.64,17,8,9,334.3864485550573,0.44281844608879495,0.2726141354984697,0.1850777506994359,129125.75511975608,-164.41946570296335,128961.33565405312,670,2,174.5681818181818,41,3,19,37.411237188872626,0.6028963414634146,45.90773809523809,1016.3690476190463,24.789488966318203,0
673,4,0,1,43,0.0,0.022727272727272728,0.9772727272727273,44,1650,1400,250,0.8484848484848485,19,14,5,337.4318369845521,0.44191552149400987,0.2849184769957076,0.18749840776779608,129280.82817925328,-75.26224356932545,129205.56593568396,671,3,175.5681818181818,39,5,21,37.17617962374952,0.6076388888888888,45.75520833333332,1016.979166666665,26.076388888888847,0
674,4,0,0,43,0.0,0.0,1.0,43,900,600,300,0.6666666666666666,12,6,6,336.48654281923234,0.44116832779623477,0.27092487407566224,0.1872245635686495,129333.80126953096,103.81673177080341,129437.61800130176,672,4,175.4418604651163,39,4,21,37.14637736815157,0.6081730769230769,45.703124999999986,1017.1874999999977,26.08173076923071,0
675,4,0,0,43,0.0,0.0,1.0,43,1400,1100,300,0.7857142857142857,17,11,6,337.4962939837347,0.44068383167220376,0.2631691699792915,0.18841935955549044,129466.28146701372,138.87803819442547,129605.15950520814,673,5,176.4418604651163,39,4,17,36.986096895257575,0.6095085470085471,45.57291666666666,1017.7083333333319,26.095085470085433,0
676,4,1,0,44,0.022727272727272728,0.0,1.0,44,1400,1100,300,0.7857142857142857,17,11,6,336.80034993462084,0.44072630373502464,0.2668897184744887,0.19037284005036897,129951.54303200802,-46.4549664551559,129905.08806555286,674,0,173.4090909090909,40,4,20,36.51138742150902,0.6127604166666667,45.09654471544715,1019.613821138211,25.490345528455276,0
677,4,1,1,44,0.022222222222222223,0.022222222222222223,0.9777777777777777,45,1600,1100,500,0.6875,21,11,10,332.19475885976914,0.44242424242424244,0.23993507639109435,0.17581198246208604,127334.51727892821,-429.61055142736365,126904.90672750084,675,0,170.53333333333333,38,7,15,39.294220387424566,0.5896381578947368,47.676282051282044,1009.2948717948707,26.560391363022912,8
678,4,2,0,46,0.043478260869565216,0.0,1.0,46,1250,900,350,0.72,16,9,7,322.02937812019525,0.444212962962963,0.25325885377937385,0.1723052449853703,127775.65646701396,-970.496961805551,126805.15950520842,676,0,167.6086956521739,39,7,17,39.0999553540765,0.5924145299145299,47.239583333333336,1011.0416666666673,25.924145299145316,0
679,4,2,1,47,0.041666666666666664,0.020833333333333332,0.9791666666666666,48,1100,500,600,0.45454545454545453,17,5,12,314.7791054264409,0.4473348847517731,0.253408482963855,0.17063800445873792,128298.92223750749,-1522.3043221523963,126776.61791535509,677,0,161.58333333333334,40,8,20,38.74991640753002,0.59609375,46.72256097560976,1013.1097560975613,25.327743902439032,0
680,4,1,3,45,0.020833333333333332,0.0625,0.9375,48,1150,600,550,0.5217391304347826,17,6,11,299.2003495795185,0.4503730791962175,0.12438232064421695,0.1609085344589065,127980.52126200289,-1906.2921847930675,126074.22907720982,678,0,159.79166666666666,44,4,17,39.46837634211812,0.5871212121212122,47.037037037037045,1011.851851851853,22.99663299663302,8
681,4,1,0,46,0.021739130434782608,0.0,1.0,46,1550,1000,550,0.6451612903225806,21,10,11,315.95576730591296,0.44692028985507243,0.1695399165070819,0.17105546619978482,128247.44824715791,-1095.6857687977895,127151.76247836012,679,0,167.6304347826087,40,6,19,38.772532691214344,0.5955729166666667,46.773373983739845,1012.9065040650418,25.322662601626043,0
682,4,0,2,44,0.0,0.043478260869565216,0.9565217391304348,46,1350,1000,350,0.7407407407407407,17,10,7,315.4445512276932,0.44636674718196456,0.17867494824016528,0.17166172386777098,128453.40617563965,-1096.0145870513425,127357.39158858832,680,1,168.6304347826087,40,6,15,38.57581453634086,0.59765625,46.57012195121952,1013.7195121951231,25.342987804878078,0
683,4,0,0,44,0.0,0.0,1.0,44,1350,900,450,0.6666666666666666,18,9,9,324.8800856108569,0.4457364341085271,0.1833540997747638,0.17638738477498433,128360.96871803999,-459.61549875813216,127901.35321928185,681,2,175.63636363636363,38,6,20,38.4308557371288,0.6000548245614035,46.66132478632478,1013.3547008547005,26.66722896986054,0
684,4,0,0,44,0.0,0.0,1.0,44,650,300,350,0.46153846153846156,10,3,7,325.10310831388614,0.44556025369978863,0.18637705185085807,0.1767480337291598,128415.10662073562,-450.3699366279493,127964.73668410767,682,3,176.63636363636363,38,6,15,38.37005024419381,0.6006030701754386,46.60790598290598,1013.568376068376,26.672852001799367,0
685,4,0,0,44,0.0,0.0,1.0,44,1350,1100,250,0.8148148148148148,16,11,5,327.58044832538144,0.44443710359408034,0.1887467445789659,0.179130038531212,128645.9974500867,-371.617296006954,128274.38015407974,683,4,177.63636363636363,39,5,17,38.072119827497694,0.6012286324786325,46.38020833333333,1014.4791666666657,26.0122863247863,0
686,4,0,2,42,0.0,0.045454545454545456,0.9545454545454546,44,1200,900,300,0.75,15,9,6,328.7359003065971,0.4441728329809725,0.19439622588683259,0.1800009221408973,128698.84033203125,-338.414171006944,128360.42616102431,684,5,178.63636363636363,39,5,17,37.989019778941255,0.6017628205128205,46.328125,1014.6875,26.017628205128204,0
687,4,1,1,42,0.023255813953488372,0.023255813953488372,0.9767441860465116,43,1250,1000,250,0.8,15,10,5,327.52291347119746,0.4455518641565153,0.18282269736920553,0.1807770783862246,129016.12548828126,-148.85253906250006,128867.27294921876,685,0,174.88372093023256,39,4,18,37.69705475238388,0.6049679487179487,46.015625,1015.9375000000001,26.04967948717949,0
688,4,0,0,42,0.0,0.0,1.0,42,1800,1300,500,0.7222222222222222,23,13,10,329.32804358555313,0.4439121176926055,0.1737065135670839,0.18189500210268875,129042.58355034712,99.46831597221225,129142.05186631934,686,1,179.5,39,3,19,37.624307976214894,0.6052350427350428,45.98958333333333,1016.0416666666657,26.052350427350405,0
689,4,0,0,42,0.0,0.0,1.0,42,700,300,400,0.42857142857142855,11,3,8,331.46008526164235,0.44386372435152927,0.17728393253764874,0.18319507828483397,129069.04432508674,156.24728732638425,129225.29161241313,687,2,180.5,39,3,19,37.54324705279345,0.6055021367521367,45.963541666666664,1016.1458333333328,26.055021367521356,0
690,4,1,0,43,0.023255813953488372,0.0,1.0,43,900,600,300,0.6666666666666666,12,6,6,327.11003737718625,0.44382152085640453,0.1832270478022946,0.18212979618161904,129360.29188368046,-136.9222005208431,129223.36968315962,688,0,177.27906976744185,39,4,20,37.3579254556625,0.608440170940171,45.67708333333333,1017.2916666666658,26.08440170940169,0
691,4,1,0,44,0.022727272727272728,0.0,1.0,44,1000,600,400,0.6,14,6,8,322.5833103068769,0.4441508104298802,0.18320816667120154,0.1811345949134916,129692.62390318252,-432.6648117853264,129259.95909139719,689,0,174.22727272727272,40,4,17,37.13604542884699,0.61015625,45.350609756097555,1018.5975609756089,25.464939024390222,0
692,4,1,0,45,0.022222222222222223,0.0,1.0,45,1450,900,550,0.6206896551724138,20,9,11,323.13342939637903,0.444212962962963,0.1987705936369033,0.18351338052687802,130136.02612630714,-589.7399179579124,129546.28620834924,690,0,171.33333333333334,41,4,18,36.6730473181008,0.6130589430894309,44.91567460317461,1020.3373015873027,24.886275648470797,0
693,4,0,1,44,0.0,0.022222222222222223,0.9777777777777777,45,1050,500,550,0.47619047619047616,16,5,11,323.36364339979013,0.44379208754208754,0.2018489718334191,0.18400249796996923,130211.95515243143,-578.8375535399301,129633.1175988915,691,1,172.33333333333334,41,4,19,36.59036417833073,0.6138211382113821,44.84126984126984,1020.6349206349214,24.89353464963223,0
694,4,0,2,42,0.0,0.045454545454545456,0.9545454545454546,44,800,600,200,0.75,10,6,4,330.5585157818763,0.44257619802677944,0.20825371958452932,0.1875905562427506,130107.01844346967,-198.40341810428572,129908.61502536539,692,2,177.11363636363637,40,4,19,36.51301590463859,0.6143229166666666,44.94410569105692,1020.2235772357737,25.505589430894343,0
695,4,0,0,42,0.0,0.0,1.0,42,1150,500,650,0.43478260869565216,18,5,13,338.2816094183657,0.4416739256678281,0.20498726136879242,0.19220271573794248,130153.54624379076,405.7102189714502,130559.2564627622,693,3,184.1904761904762,38,4,22,36.26888981956515,0.6181469298245614,44.89850427350428,1020.4059829059838,26.85278902384168,0
696,4,0,0,42,0.0,0.0,1.0,42,1000,600,400,0.6,14,6,8,336.6325245819373,0.4413714672861014,0.20275878491002497,0.19167124394993656,130236.00396050367,368.3349609375201,130604.33892144119,694,4,185.1904761904762,39,3,22,36.227442426097895,0.6172542735042735,44.81770833333334,1020.7291666666682,26.172542735042775,0
697,4,0,1,41,0.0,0.023809523809523808,0.9761904761904762,42,1550,1200,350,0.7741935483870968,19,12,7,338.6666731497876,0.44099641889276037,0.21262141019583103,0.19367633830192815,130406.32482144346,432.8633750146273,130839.18819645808,695,5,186.1904761904762,36,6,23,36.00307791253216,0.6244212962962963,44.65090090090092,1021.3963963963996,28.37212212212221,0
698,4,0,1,40,0.0,0.024390243902439025,0.975609756097561,41,1100,900,200,0.8181818181818182,13,9,4,345.43665639018707,0.44004065040650403,0.204108703221634,0.19771880215951992,130439.87509645084,811.7428626543388,131251.61795910518,696,6,189.97560975609755,35,6,23,35.796227056424186,0.6267857142857143,44.618055555555564,1021.5277777777795,29.186507936507986,0
699,4,0,1,39,0.0,0.025,0.975,40,1200,1000,200,0.8333333333333334,14,10,4,360.41388077766703,0.4403178418803419,0.20865234139882038,0.20161334058047659,129544.24267409153,1390.3536700627747,130934.5963441543,697,7,191.85,33,7,18,36.32365775851691,0.6221590909090908,45.496323529411754,1018.0147058823516,30.848930481283382,8
700,4,0,0,39,0.0,0.0,1.0,39,1000,600,400,0.6,14,6,8,360.97738208402143,0.4394680611785875,0.21612999762440266,0.20257143973668468,129669.02941476826,1561.5173551037947,131230.54676987205,698,8,195.48717948717947,33,6,18,36.182343681065255,0.6234217171717171,45.373774509803916,1018.5049019607835,30.86378490790253,0
701,4,0,0,39,0.0,0.0,1.0,39,550,200,350,0.36363636363636365,9,2,7,363.37251851573086,0.4395242914979757,0.22012479681191377,0.20424041557953124,129731.44531249985,1628.168402777764,131359.6137152776,699,9,196.48717948717947,33,6,18,36.057856169052485,0.6240530303030303,45.31249999999999,1018.7499999999989,30.871212121212086,0
702,4,0,0,39,0.0,0.0,1.0,39,1200,700,500,0.5833333333333334,17,7,10,364.21953828238725,0.43941183085919927,0.22369435552019135,0.20487965096615474,129762.65889321406,1652.419141676263,131415.07803489032,700,10,197.48717948717947,33,6,18,36.00453051078501,0.6243686868686869,45.28186274509803,1018.8725490196072,30.874925727866884,0
703,4,1,0,40,0.025,0.0,1.0,40,900,700,200,0.7777777777777778,11,7,4,354.5244350463498,0.44013087606837603,0.22001633986928115,0.20089717985959804,130049.99999999988,1221.1805555555413,131271.18055555542,701,0,193.525,34,6,20,35.959626906318086,0.625,44.99999999999999,1019.9999999999991,29.99999999999997,0
704,4,0,1,39,0.0,0.025,0.975,40,1550,1300,250,0.8387096774193549,18,13,5,355.66726113118244,0.43956997863247865,0.22118737585521897,0.20219929236955955,130176.38204082476,1259.8954528853274,131436.27749371008,702,1,194.525,36,4,23,35.80220517913631,0.6221064814814814,44.87612612612613,1020.4954954954967,28.34709709709713,0
705,4,1,0,40,0.025,0.0,1.0,40,1000,900,100,0.9,11,9,2,354.32327400848953,0.43811431623931624,0.228659707223422,0.20253293316781568,130387.71896626304,1239.9662957285395,131627.68526199157,703,0,194.55,33,7,24,35.622150227981756,0.6306818181818181,44.669117647058826,1021.3235294117653,30.949197860962585,0
706,4,0,0,40,0.0,0.0,1.0,40,1250,900,350,0.72,16,9,7,353.1977416083016,0.43807425213675216,0.2304336092119461,0.20237866472772603,130481.60750973201,1217.1618187716422,131698.76932850367,704,1,195.55,33,7,24,35.55573047858941,0.6316287878787878,44.57720588235295,1021.6911764705897,30.96033868092696,0
707,4,0,1,39,0.0,0.025,0.975,40,800,500,300,0.625,11,5,6,354.3927579779389,0.4381276709401709,0.23419774553303774,0.20339168677068348,130544.21864487213,1252.7851367262583,131797.00378159838,705,2,196.55,33,7,21,35.46176100251831,0.632260101010101,44.51593137254902,1021.9362745098036,30.967765894236475,0
708,4,0,1,38,0.0,0.02564102564102564,0.9743589743589743,39,1100,900,200,0.8181818181818182,13,9,4,355.3234424362316,0.4375,0.22641234619500872,0.20465215055822225,130681.82615294353,1486.8632665034118,132168.68941944695,706,3,198.53846153846155,32,7,21,35.298581954392034,0.6360677083333333,44.38131313131313,1022.4747474747471,31.952335858585847,0
709,4,0,1,37,0.0,0.02631578947368421,0.9736842105263158,38,1250,800,450,0.64,17,8,9,341.16411446890083,0.43672949265054534,0.16089374842682336,0.1940809524447171,130201.83000283445,1284.038407029474,131485.86840986394,707,4,195.52631578947367,34,4,20,36.146428710292,0.626531862745098,44.851190476190474,1020.595238095238,30.017507002801118,8
710,4,0,0,37,0.0,0.0,1.0,37,1500,1100,400,0.7333333333333333,19,11,8,349.97268568886955,0.43624874874874875,0.1481813225329074,0.19908282284268494,130200.04325259526,1713.2917627835564,131913.33501537883,691,5,182.7027027027027,33,4,21,35.92349103426192,0.6287878787878788,44.852941176470594,1020.5882352941186,30.926916221033895,0
711,4,0,0,37,0.0,0.0,1.0,37,850,500,350,0.5882352941176471,12,5,7,349.68431018531953,0.43568568568568566,0.14673019353206507,0.19972031232174592,130356.430294238,1716.7196811322776,132073.14997537027,692,6,183.7027027027027,33,4,22,35.77230589223568,0.6303661616161615,44.699754901960794,1021.2009803921586,30.945484254307836,0
712,4,0,0,37,0.0,0.0,1.0,37,1450,1000,450,0.6896551724137931,19,10,9,349.73809846718785,0.43512262262262263,0.14344840103324352,0.2007203030363303,130544.21864487218,1731.2573589484812,132275.47600382066,693,7,184.7027027027027,33,4,19,35.580680137506505,0.632260101010101,44.51593137254902,1021.936274509804,30.967765894236486,0
713,4,0,0,37,0.0,0.0,1.0,37,600,300,300,0.5,9,3,6,351.01188410727997,0.4345908408408408,0.14867942376033016,0.2021043581164276,130669.4859699394,1773.308493127638,132442.79446306702,694,8,185.7027027027027,33,4,19,35.42128630788285,0.6335227272727273,44.393382352941174,1022.4264705882349,30.982620320855602,0
714,4,0,0,37,0.0,0.0,1.0,37,950,700,250,0.7368421052631579,12,7,5,350.9472216178212,0.4341841841841842,0.14957157013231792,0.20255916401260962,130763.4758866782,1778.2157103037357,132541.69159698195,695,9,186.7027027027027,33,4,20,35.32780174135315,0.634469696969697,44.3014705882353,1022.7941176470589,30.993761140819966,0
715,4,0,0,37,0.0,0.0,1.0,37,1050,700,350,0.6666666666666666,14,7,7,352.2041661161757,0.4338088088088088,0.1434322253287772,0.2042784163473818,130951.55709342558,1824.3367935409453,132775.8938869665,696,10,187.7027027027027,33,4,21,35.10536398467435,0.6363636363636364,44.11764705882353,1023.5294117647057,31.01604278074866,0
716,4,1,1,37,0.02631578947368421,0.02631578947368421,0.9736842105263158,38,900,500,400,0.5555555555555556,13,5,8,344.88555036884134,0.4328621384542437,0.15371806388140286,0.20248801944968167,131419.6588010204,1464.948270975056,132884.60707199547,697,0,183.73684210526315,34,4,22,34.81994272224157,0.6387867647058824,43.660714285714285,1025.357142857143,30.157563025210084,0
717,4,0,0,37,0.0,0.0,1.0,37,1000,600,400,0.6,14,6,8,353.62548747438706,0.4304617117117117,0.16018457481872117,0.2071234998064265,131328.12499999988,1888.1944444444302,133216.31944444432,698,1,189.35135135135135,33,4,23,34.68834688346884,0.6401515151515151,43.74999999999999,1024.999999999999,31.060606060606034,0
718,4,0,0,37,0.0,0.0,1.0,37,750,300,450,0.4,12,3,9,350.6383115885944,0.43030530530530525,0.15455091716148428,0.20571108799089605,131390.93888168,1814.139393502483,133205.0782751825,699,2,190.35135135135135,33,4,23,34.70147023667225,0.6407828282828283,43.68872549019607,1025.2450980392146,31.068033273915592,0
719,4,0,0,37,0.0,0.0,1.0,37,1150,500,650,0.43478260869565216,18,5,13,348.63002306085076,0.4298048048048048,0.1483532977621127,0.20571382544668754,131610.90573637508,1776.702620386352,133387.60835676143,700,3,191.35135135135135,33,4,19,34.531007404753375,0.6429924242424243,43.474264705882334,1026.1029411764678,31.094028520499023,0
720,4,0,1,36,0.0,0.02702702702702703,0.972972972972973,37,800,500,300,0.625,11,5,6,352.4901605832541,0.4298360860860861,0.1482953647212928,0.20867915725836866,131736.68368235757,1887.176957179903,133623.86063953748,701,4,192.35135135135135,33,4,20,34.305116191158326,0.6442550505050505,43.351715686274495,1026.5931372549005,31.108882947118197,0
721,4,0,0,36,0.0,0.0,1.0,36,1150,800,350,0.6956521739130435,15,8,7,351.5584578607336,0.42954695767195766,0.141686889180624,0.2084719262855685,131799.595182742,2067.05248582273,133866.64766856472,702,5,194.66666666666666,33,3,20,34.26559951465967,0.6448863636363636,43.29044117647057,1026.8382352941157,31.11631016042775,0
722,4,0,0,36,0.0,0.0,1.0,36,850,200,650,0.23529411764705882,15,2,13,354.1197349243279,0.42800925925925926,0.1472636321473535,0.21103724074914618,131988.4197934687,2147.9408460687973,134136.36063953748,703,6,195.66666666666666,33,3,21,34.00951600079507,0.646780303030303,43.10661764705881,1027.5735294117633,31.138591800356462,0
723,4,0,0,36,0.0,0.0,1.0,36,800,600,200,0.75,10,6,4,354.4416723575179,0.42782738095238093,0.14678376516717018,0.21175617861359372,132082.88278546694,2163.1355728565677,134246.0183583235,704,7,196.66666666666666,33,3,22,33.9060761405182,0.6477272727272727,43.01470588235293,1027.9411764705867,31.14973262032081,0
724,4,0,0,36,0.0,0.0,1.0,36,1100,900,200,0.8181818181818182,13,9,4,357.76885233328403,0.42772817460317464,0.1478503163635405,0.2148148602636326,132271.9101427335,2264.5538975394034,134536.46404027293,705,8,197.66666666666666,33,3,22,33.63017234532603,0.6496212121212122,42.830882352941174,1028.676470588235,31.172014260249544,0
725,4,0,0,36,0.0,0.0,1.0,36,950,800,150,0.8421052631578947,11,8,3,357.8191732704118,0.4266534391534391,0.14602106572453089,0.2153840572008351,132366.47450800182,2272.652495434455,134639.12700343627,706,9,198.66666666666666,33,3,22,33.53367770235402,0.6505681818181819,42.7389705882353,1029.0441176470595,31.183155080213922,0
726,4,0,0,36,0.0,0.0,1.0,36,850,700,150,0.8235294117647058,10,7,3,358.1307573496698,0.42658730158730157,0.14997486473257382,0.21593253632303508,132429.53619100832,2285.418018310269,134714.9542093186,707,10,199.66666666666666,33,3,22,33.462192919792024,0.651199494949495,42.677696078431374,1029.289215686275,31.190582293523484,0
727,4,0,0,36,0.0,0.0,1.0,36,700,500,200,0.7142857142857143,9,5,4,357.3768524411928,0.4259259259259259,0.15151815705255345,0.21602016648999298,132524.15687475973,2272.213211264898,134796.37008602463,708,11,200.66666666666666,33,3,22,33.38639609616757,0.6521464646464646,42.58578431372549,1029.6568627450981,31.201723113487823,0
728,4,0,0,36,0.0,0.0,1.0,36,950,700,250,0.7368421052631579,12,7,5,354.52599528399054,0.4250165343915344,0.1290404040404043,0.20697187992836336,131202.54229142642,2118.321078431377,133320.8633698578,709,12,201.66666666666666,33,3,21,34.792165071770334,0.6388888888888888,43.872549019607845,1024.509803921569,31.045751633986942,8
729,4,0,0,36,0.0,0.0,1.0,36,1000,700,300,0.7,13,7,6,379.21271002484076,0.42536375661375664,0.14283656741823125,0.20188199857407763,127572.62613378685,2475.432256235826,130048.05839002268,710,13,202.66666666666666,34,2,17,37.8630980438369,0.5998774509803921,47.44047619047619,1010.2380952380953,29.712885154061627,8
730,4,0,0,36,0.0,0.0,1.0,36,900,500,400,0.5555555555555556,13,5,8,379.0925993207908,0.42549603174603173,0.13596973505079113,0.202119220039879,127632.76643990938,2476.9274376417347,130109.69387755111,711,14,203.66666666666666,34,2,17,37.80435124096766,0.6004901960784313,47.38095238095239,1010.476190476191,29.719887955182088,0
731,4,0,1,35,0.0,0.027777777777777776,0.9722222222222222,36,750,400,350,0.5333333333333333,11,4,7,376.35460400623094,0.4246031746031746,0.13896085204375352,0.20125965347738753,127753.08956916108,2416.092687074837,130169.18225623592,712,15,204.66666666666666,34,2,19,37.74999018684251,0.6017156862745099,47.261904761904766,1010.9523809523815,29.733893557422988,0
732,4,1,0,36,0.027777777777777776,0.0,1.0,36,750,500,250,0.6666666666666666,10,5,5,368.38424841930697,0.4250165343915344,0.15078411935897917,0.1982020605495386,127998.08873724716,2230.495943715716,130228.58468096287,713,0,204.22222222222223,35,1,20,37.70027927103588,0.6020833333333333,47.01967592592593,1011.9212962962969,28.912037037037052,0
733,4,1,0,37,0.02702702702702703,0.0,1.0,37,1200,1000,200,0.8333333333333334,14,10,4,358.1893364734231,0.42902277277277273,0.1438826344486721,0.19432476600802276,128330.72015570954,1793.5902738285527,130124.31042953809,714,0,199.67567567567568,33,4,21,37.6179245283019,0.6098484848484849,46.691176470588246,1013.2352941176486,30.704099821746926,0
734,4,2,1,38,0.05128205128205128,0.02564102564102564,0.9743589743589743,39,1050,800,250,0.7619047619047619,13,8,5,354.8542030154529,0.43671277552856497,0.10976704376509305,0.19069538329782063,127950.32035097327,1482.8275269985797,129433.14787797185,715,0,190.3846153846154,37,2,14,38.09144810519851,0.5976914414414414,47.066885964912274,1011.73245614035,27.344120436225676,8
735,4,1,2,37,0.02564102564102564,0.05128205128205128,0.9487179487179487,39,1100,700,400,0.6363636363636364,15,7,8,350.0130626180488,0.43631916329284753,0.1134531183645977,0.1899791917681969,128349.69142500425,1185.1082781376927,129534.79970314194,716,0,191.30769230769232,35,4,15,37.8056586712355,0.6056547619047619,46.6724537037037,1013.3101851851849,28.95171957671957,0
736,4,1,0,38,0.02631578947368421,0.0,1.0,38,850,500,350,0.5882352941176471,12,5,7,350.85570323721055,0.4343290659080133,0.12507959009598868,0.19141953124311561,128555.01570001697,1420.8520876200082,129975.86778763698,717,0,195.55263157894737,35,3,16,37.5746595145705,0.6077380952380953,46.4699074074074,1014.120370370369,28.974867724867686,0
737,4,0,0,38,0.0,0.0,1.0,38,1700,1300,400,0.7647058823529411,21,13,8,353.28659771237665,0.43309921763869136,0.13387823957063905,0.1934580638441226,128701.77636584778,1493.7225383658977,130195.49890421367,718,1,196.55263157894737,35,3,16,37.36324189194327,0.6092261904761904,46.325231481481474,1014.699074074073,28.991402116402085,0
738,4,2,0,40,0.05,0.0,1.0,40,700,400,300,0.5714285714285714,10,4,6,339.85064382140445,0.43645833333333334,0.14581072101007897,0.18859935237021905,129230.01284646145,784.7484685362758,130014.76131499773,719,0,187.675,36,4,18,37.166352862997016,0.6125578703703703,45.80518018018019,1016.7792792792802,28.243868868868894,0
739,4,1,0,41,0.024390243902439025,0.0,1.0,41,1350,900,450,0.6666666666666666,18,9,9,335.3184417911615,0.43866869918699186,0.16460330749869412,0.18874102238432855,129787.30384589492,504.01529797630343,130291.31914387122,720,0,184.0731707317073,37,4,19,36.71569550557768,0.6162725225225225,45.25767543859649,1018.9692982456143,27.53971076339498,0
740,4,1,1,41,0.023809523809523808,0.023809523809523808,0.9761904761904762,42,1350,1000,350,0.7407407407407407,17,10,7,331.4847805261547,0.43818960511033683,0.16663264264570787,0.18848266946109918,130182.84640842024,230.7264539930643,130413.5728624133,721,0,180.66666666666666,39,3,20,36.41261355516995,0.6167200854700854,44.86979166666667,1020.5208333333342,26.167200854700877,0
741,4,2,0,43,0.046511627906976744,0.0,1.0,43,1050,700,350,0.6666666666666666,14,7,7,325.2680420592869,0.4393918420081211,0.17046210834712916,0.18776054702999084,130768.17626953151,-93.0338541666384,130675.14241536487,722,0,167.95348837209303,39,4,18,35.97966951828089,0.6225961538461539,44.296875000000014,1022.812500000002,26.22596153846159,0
742,4,0,1,42,0.0,0.023255813953488372,0.9767441860465116,43,700,300,400,0.42857142857142855,11,3,8,327.01467920405815,0.43837670727205613,0.178645674529478,0.18921745920841743,130859.79327781104,-41.385336109436906,130818.4079417016,723,1,168.95348837209303,40,3,19,35.84252085816448,0.621875,44.20731707317074,1023.1707317073187,25.57926829268297,0
743,4,1,0,43,0.023255813953488372,0.0,1.0,43,1550,1300,250,0.8387096774193549,18,13,5,330.68298364191526,0.43754614248800294,0.18092626194070838,0.19211651540995728,131015.81090124951,64.93985061804631,131080.75075186757,724,0,169.88372093023256,40,3,21,35.591208391238176,0.6234375,44.0548780487805,1023.7804878048801,25.594512195122,0
744,4,0,1,42,0.0,0.023255813953488372,0.9767441860465116,43,850,500,350,0.5882352941176471,12,5,7,332.56764040240324,0.43701550387596905,0.190297499948074,0.19360393485470948,131093.85456945284,119.5147770837572,131213.3693465366,725,1,170.88372093023256,40,3,21,35.46421719427079,0.62421875,43.97865853658537,1024.0853658536596,25.60213414634149,0
745,4,0,0,42,0.0,0.0,1.0,42,1650,1100,550,0.6666666666666666,22,11,11,338.5481919043659,0.43495934959349597,0.1920622006557129,0.19732924546506386,131141.34250217004,479.5328776041614,131620.8753797742,726,2,175.8095238095238,39,3,21,35.263165700532234,0.6263354700854701,43.932291666666664,1024.2708333333326,26.26335470085468,0
746,4,0,1,41,0.0,0.023809523809523808,0.9761904761904762,42,1150,900,250,0.782608695652174,14,9,5,338.3121262562893,0.4349956445993031,0.18691855681081204,0.1978784006010328,131274.74500868042,482.367621527767,131757.1126302082,727,3,176.8095238095238,39,3,21,35.13459714034019,0.6276709401709402,43.80208333333333,1024.7916666666656,26.276709401709375,0
747,4,0,0,41,0.0,0.0,1.0,41,1150,700,450,0.6086956521739131,16,7,9,337.8559831400283,0.433739837398374,0.2020699297702404,0.19848494080471563,131443.57829112877,681.8324262818346,132125.4107174106,728,4,180.8048780487805,36,5,21,34.97602313492936,0.634837962962963,43.63738738738738,1025.450450450449,28.48473473473469,0
748,4,0,0,41,0.0,0.0,1.0,41,1250,900,350,0.72,16,9,7,333.54107723281334,0.4334857723577236,0.19681384815098069,0.19634137844955463,131519.83486969437,573.4534799838968,132093.28834967827,729,5,181.8048780487805,38,3,21,35.00980800611047,0.6318530701754386,43.56303418803417,1025.747863247861,26.99336482231213,0
749,4,0,0,41,0.0,0.0,1.0,41,1750,1300,450,0.7428571428571429,22,13,9,330.28442233582166,0.4324441056910569,0.19081241592852982,0.19568639325815274,131766.52444480936,504.0860818905276,132270.6105266999,730,6,182.8048780487805,38,3,18,34.84499653139088,0.6343201754385965,43.32264957264955,1026.709401709399,27.018668466036814,0
750,4,1,1,41,0.023809523809523808,0.023809523809523808,0.9761904761904762,42,950,700,250,0.7368421052631579,12,7,5,328.2665501574509,0.43374951606658924,0.1895957856346877,0.19650206892687622,132156.90239800312,276.5380859374608,132433.4404839406,731,0,179.42857142857142,39,3,19,34.504377300509894,0.6364850427350428,42.942708333333314,1028.2291666666638,26.364850427350355,0
751,4,0,0,41,0.0,0.0,1.0,41,1400,1000,400,0.7142857142857143,18,10,8,328.66271430860473,0.43307926829268295,0.19652979314603303,0.19729752606671527,132264.03130425327,494.0511067708135,132758.08241102408,732,1,183.02439024390245,39,2,19,34.386603375527436,0.6375534188034189,42.83854166666666,1028.6458333333317,26.375534188034145,0
752,4,0,0,41,0.0,0.0,1.0,41,1200,700,500,0.5833333333333334,17,7,10,334.49392714731226,0.43198678861788614,0.20290860303517477,0.20180644884560725,132452.98603121095,661.0117088338297,133113.99774004478,733,2,184.02439024390245,38,3,19,34.04687770281958,0.6411732456140351,42.65491452991452,1029.3803418803402,27.08895636527211,0
753,4,0,0,41,0.0,0.0,1.0,41,1050,400,650,0.38095238095238093,17,4,13,333.3519885515936,0.43107215447154473,0.21726197121598934,0.19403098871821897,131088.00048828137,577.4275717929465,131665.4280600743,734,3,185.02439024390245,39,2,15,35.45004323059709,0.625801282051282,43.98437500000001,1024.062500000001,26.258012820512842,7
754,4,1,0,42,0.023809523809523808,0.0,1.0,42,950,700,250,0.7368421052631579,12,7,5,327.52128759892355,0.4322251258226868,0.22282788239180662,0.19235679812998488,131432.3123223611,209.37603278471929,131641.68835514583,735,0,181.5952380952381,40,2,16,35.25231252064747,0.6276041666666667,43.64837398373984,1025.4065040650412,25.63516260162603,0
755,4,1,1,42,0.023255813953488372,0.023255813953488372,0.9767441860465116,43,1500,1100,400,0.7333333333333333,19,11,8,318.6792690611219,0.43281653746770027,0.216973373778228,0.18890781413417007,131786.1128826529,-200.49957482994222,131585.61330782296,736,0,178.34883720930233,41,2,16,35.1231884057971,0.6295731707317074,43.30357142857142,1026.785714285713,25.043554006968613,0
756,4,0,0,42,0.0,0.0,1.0,42,1250,1000,250,0.8,15,10,5,321.829121947922,0.43263646922183513,0.21951386237100512,0.19043913068517632,131719.04047070196,78.20462770176121,131797.2450984037,737,1,183.3095238095238,40,2,16,35.10976635976634,0.63046875,43.36890243902439,1026.5243902439024,25.663109756097562,0
757,4,0,1,41,0.0,0.023809523809523808,0.9761904761904762,42,1800,1600,200,0.8888888888888888,20,16,4,319.41952545466955,0.4326969608981804,0.2149926478905102,0.18940228199495207,131797.2932778109,19.725775001660622,131817.01905281257,738,2,184.3095238095238,40,2,16,35.0929499868039,0.63125,43.29268292682927,1026.8292682926835,25.67073170731709,0
758,4,0,0,41,0.0,0.0,1.0,41,1000,400,600,0.4,16,4,12,327.25132657312645,0.43175813008130076,0.2216323329680201,0.19424267481543953,131835.77609592004,428.6865234374909,132264.46261935754,739,3,187.6829268292683,39,2,17,34.85320096696756,0.6332799145299146,43.25520833333333,1026.9791666666658,26.332799145299123,0
759,4,0,0,41,0.0,0.0,1.0,41,1300,1000,300,0.7692307692307693,16,10,6,322.8146629267028,0.4308689024390244,0.21831308024180096,0.19242094560555414,131996.2904188367,322.06759982637845,132318.35801866307,740,4,188.6829268292683,39,2,17,34.80581601621894,0.6348824786324787,43.09895833333333,1027.6041666666658,26.348824786324766,0
760,4,0,1,40,0.0,0.024390243902439025,0.975609756097561,41,1250,700,550,0.56,18,7,11,321.4466384702941,0.43030995934959354,0.22368144646083277,0.1921475999432665,132103.35422092004,292.8358289930507,132396.1900499131,741,5,189.6829268292683,39,2,17,34.733445637855915,0.6359508547008548,42.994791666666664,1028.0208333333326,26.359508547008527,0
761,4,0,0,40,0.0,0.0,1.0,40,1150,700,450,0.6086956521739131,16,7,9,325.77402639639206,0.42844551282051285,0.22434110491637127,0.19418494080969215,131996.2904188367,600.1925998263787,132596.48301866307,742,6,195.175,39,1,17,34.7297896604156,0.6348824786324787,43.09895833333333,1027.6041666666658,26.348824786324766,0
762,4,0,0,40,0.0,0.0,1.0,40,1000,800,200,0.8,12,8,4,323.74650016749496,0.42764423076923075,0.21943712635525436,0.19352236281968532,132103.35422092004,553.5997178819398,132656.95393880198,743,7,196.175,39,1,17,34.67433799439322,0.6359508547008548,42.994791666666664,1028.0208333333326,26.359508547008527,0
763,4,0,0,40,0.0,0.0,1.0,40,900,500,400,0.5555555555555556,13,5,8,324.5421245646718,0.42761752136752135,0.22486832776258492,0.19454792931554363,132210.46142578122,581.572808159722,132792.03423394094,744,8,197.175,39,1,17,34.546342719200524,0.6370192307692308,42.890625,1028.4374999999998,26.370192307692303,0
764,4,0,0,40,0.0,0.0,1.0,40,850,500,350,0.5882352941176471,12,5,7,345.8213217958239,0.42720352564102565,0.20628651747326643,0.19791452429084702,130435.08193582128,1048.1039322948745,131483.18586811615,745,9,198.175,36,4,21,35.791257854701804,0.6247106481481481,44.622747747747766,1021.5090090090116,28.37525025025032,8
765,4,0,0,40,0.0,0.0,1.0,40,900,600,300,0.6666666666666666,12,6,6,344.1282909388143,0.4271768162393162,0.2079383886255921,0.19723790168590447,130492.60567577738,981.2394742715964,131473.84515004896,746,10,199.175,36,4,15,35.77625004592381,0.6252893518518519,44.566441441441455,1021.7342342342362,28.38150650650656,0
766,4,0,0,40,0.0,0.0,1.0,40,700,400,300,0.5714285714285714,10,4,6,399.5309487572945,0.42732371794871793,0.2682624113475178,0.21888413327623538,128720.46100206596,2457.286304760183,131177.74730682615,747,11,200.175,32,8,20,36.17099041931069,0.6162109375,46.30681818181817,1014.7727272727261,31.71164772727269,8
767,4,0,1,39,0.0,0.025,0.975,40,1450,1100,350,0.7586206896551724,18,11,7,403.91123671107215,0.4271768162393162,0.2733150957473267,0.22217880749866192,128880.670658606,2411.2702147739683,131291.94087337996,748,12,201.175,32,8,20,35.895662355964504,0.6178385416666667,46.14898989898988,1015.4040404040384,31.7313762626262,0
768,4,0,0,39,0.0,0.0,1.0,39,900,700,200,0.7777777777777778,11,7,4,407.39824450420053,0.42633828160143955,0.29564451108436773,0.22404030399462294,128870.65463595907,2700.335693359356,131570.99032931842,749,14,207.02564102564102,31,8,20,35.81741044712319,0.6202956989247312,46.15885416666666,1015.3645833333322,32.7536962365591,0
769,4,1,0,40,0.025,0.0,1.0,40,1200,900,300,0.75,15,9,6,401.36847020674793,0.4298611111111111,0.2914162423941391,0.22275811788938246,129233.48263251196,2374.049044740329,131607.5316772523,750,0,202.825,32,8,21,35.59905211308415,0.6214192708333333,45.801767676767675,1016.7929292929291,31.774779040404034,0
770,4,1,0,41,0.024390243902439025,0.0,1.0,41,1500,1200,300,0.8,18,12,6,388.3437362456418,0.4317073170731707,0.2878219033724816,0.2175824750145001,129606.62853529886,1866.3844735197895,131473.01300881864,751,0,198.85365853658536,33,8,17,35.549178601516424,0.622790404040404,45.43504901960784,1018.2598039215682,30.856357694592976,0
771,4,1,1,41,0.023809523809523808,0.023809523809523808,0.9761904761904762,42,900,700,200,0.7777777777777778,11,7,4,382.56255997919686,0.432261420828494,0.28488022953226166,0.21611251739194184,129928.59977324243,1541.163548752808,131469.76332199524,752,0,195.0952380952381,34,8,18,35.36825665576833,0.6237745098039216,45.119047619047606,1019.5238095238078,29.985994397759054,0
772,4,2,1,42,0.046511627906976744,0.023255813953488372,0.9767441860465116,43,1000,700,300,0.7,13,7,6,380.2753190865081,0.43173218899963084,0.30053667262969586,0.21751748251748249,130414.54081632644,1319.114937641714,131733.65575396814,753,0,191.46511627906978,34,9,21,34.93225524475525,0.6286764705882353,44.64285714285714,1021.4285714285706,30.042016806722668,0
773,4,0,0,42,0.0,0.0,1.0,42,1150,900,250,0.782608695652174,14,9,5,382.61762673097013,0.43141453735965934,0.3050098849234917,0.2187061249091843,130387.71896626311,1577.7279171472703,131965.4468834104,754,1,196.11904761904762,33,9,21,34.89970802335814,0.6306818181818181,44.66911764705883,1021.3235294117659,30.949197860962602,0
774,4,0,0,42,0.0,0.0,1.0,42,1050,700,350,0.6666666666666666,14,7,7,382.1370054534765,0.4315234223770809,0.3057540396511249,0.2189605645680849,130481.60750973198,1572.3701521049761,132053.97766183695,755,2,197.11904761904762,33,9,22,34.81655571548518,0.6316287878787878,44.57720588235295,1021.6911764705894,30.960338680926952,0
775,4,0,1,41,0.0,0.023809523809523808,0.9761904761904762,42,1550,1200,350,0.7741935483870968,19,12,7,376.422485468524,0.4317411924119241,0.3032873219136314,0.21701135236071278,130718.714569161,1441.0926870748292,132159.80725623583,756,3,198.11904761904762,34,8,17,34.721818005432674,0.6317401960784313,44.345238095238095,1022.6190476190477,30.07703081232493,0
776,4,0,0,41,0.0,0.0,1.0,41,1050,800,250,0.7619047619047619,13,8,5,385.5562067958017,0.43046239837398376,0.30752229852395585,0.22199416378863887,130669.48596993962,1876.086270905445,132545.57224084507,757,4,203.8780487804878,33,8,18,34.53831055975069,0.6335227272727273,44.39338235294119,1022.4264705882367,30.98262032085566,0
777,4,0,1,40,0.0,0.024390243902439025,0.975609756097561,41,800,500,300,0.625,11,5,6,364.52488006765185,0.43038617886178865,0.2577895260335574,0.2015608160374079,129086.92476260071,1211.079153477827,130298.00391607854,758,5,204.8780487804878,36,5,17,36.685043587470425,0.6111111111111112,45.94594594594596,1016.2162162162184,28.22822822822829,8
778,4,0,1,39,0.0,0.025,0.975,40,1200,900,300,0.75,15,9,6,369.6198150997209,0.42932692307692305,0.2579935072331698,0.20420971408184077,129054.343559778,1540.208520876201,130594.5520806542,759,6,208.125,35,5,19,36.58885313437368,0.612797619047619,45.97800925925926,1016.0879629629634,29.03108465608467,0
779,4,0,1,38,0.0,0.02564102564102564,0.9743589743589743,39,1200,1000,200,0.8333333333333334,14,10,4,373.37541257024225,0.42805330634278005,0.28095626045745625,0.20659165077374272,129113.15164448308,1841.535252700626,130954.68689718371,760,7,214.28205128205127,35,4,19,36.4334215920738,0.6133928571428571,45.92013888888889,1016.3194444444448,29.037698412698422,0
780,4,0,0,38,0.0,0.0,1.0,38,1550,1300,250,0.8387096774193549,18,13,5,376.8144114699396,0.42838726884779516,0.28372095891086646,0.20832174976084214,129080.38548752829,2127.8698979591773,131208.25538548746,761,8,219.26315789473685,34,4,20,36.37950054670414,0.6151960784313726,45.95238095238095,1016.1904761904758,29.88795518207282,0
781,4,0,0,38,0.0,0.0,1.0,38,1300,1000,300,0.7692307692307693,16,10,6,374.86350545719114,0.42792792792792794,0.27719868880730925,0.20870167396379222,129357.17520004314,2098.31351964804,131455.48871969117,762,9,220.26315789473685,33,5,20,36.14662390073485,0.6202651515151515,45.68014705882352,1017.2794117647051,30.8266488413547,0
782,4,0,0,38,0.0,0.0,1.0,38,950,600,350,0.631578947368421,13,6,7,375.72602381191086,0.4276463963963964,0.279624277456648,0.20967936167567897,129450.69204152231,2127.5987600922535,131578.29080161458,763,10,221.26315789473685,33,5,18,36.029323217726414,0.6212121212121212,45.58823529411764,1017.6470588235279,30.83778966131903,0
783,4,0,0,38,0.0,0.0,1.0,38,950,700,250,0.7368421052631579,12,7,5,375.5793116519708,0.4277797534376482,0.2791577426590799,0.20993013207141759,129513.05537533623,2128.4848375624547,131641.5402128987,764,11,222.26315789473685,33,5,18,35.969479894052476,0.6218434343434344,45.526960784313715,1017.8921568627436,30.845216874628594,0
784,4,0,0,38,0.0,0.0,1.0,38,850,400,450,0.47058823529411764,13,4,9,378.1777424441866,0.4269203413940256,0.280594084489201,0.21205513088469563,129637.82709775081,2205.228157439435,131843.05525519024,765,12,223.26315789473685,33,5,19,35.776173285198546,0.6231060606060606,45.40441176470588,1018.382352941176,30.860071301247757,0
785,4,0,0,38,0.0,0.0,1.0,38,1250,1100,150,0.88,14,11,3,377.71336675733403,0.4275871266002845,0.2808991254456683,0.21196325395814988,129669.02941476816,2195.545132881557,131864.5745476497,766,13,224.26315789473685,33,5,19,35.756201620342516,0.6234217171717171,45.37377450980391,1018.5049019607827,30.863784907902506,0
786,4,0,0,38,0.0,0.0,1.0,38,1250,900,350,0.72,16,9,7,364.79084577249546,0.42751303935514456,0.22404060297594786,0.19152040235217346,127009.1052655628,1666.3517861265325,128675.45705168933,767,14,225.26315789473685,37,1,17,38.80613419630878,0.5881193693693694,47.998903508771946,1008.0043859649148,27.243361782835535,8
787,4,1,0,39,0.02564102564102564,0.0,1.0,39,1150,700,450,0.6086956521739131,16,7,9,356.67049620383114,0.4294590643274854,0.22367581456968755,0.1885619065771409,127290.80590303172,1280.2290839095963,128571.03498694132,768,0,220.46153846153845,36,3,18,38.72149685674962,0.5928819444444444,47.71959459459461,1009.1216216216242,28.03115615615623,0
788,4,0,0,39,0.0,0.0,1.0,39,1050,800,250,0.7619047619047619,13,8,5,360.45663942494116,0.42872807017543857,0.23339429723101435,0.19158488780975963,127506.96277941299,1392.1462613496562,128899.10904076265,769,1,221.46153846153845,37,2,17,38.404149929432194,0.5931869369369369,47.505482456140356,1009.9780701754394,27.2967045993362,0
789,4,2,2,39,0.04878048780487805,0.04878048780487805,0.9512195121951219,41,1400,1100,300,0.7857142857142857,17,11,6,348.5624391927524,0.43328252032520326,0.2310985024415344,0.18760576713338467,128012.7292209203,724.0858289930745,128736.81504991338,770,0,211.609756097561,39,2,19,38.18676016469379,0.5948183760683761,47.00520833333334,1011.979166666668,25.948183760683794,0
790,4,0,0,39,0.0,0.0,1.0,39,1050,700,350,0.6666666666666666,14,7,7,359.9424408946614,0.4330859199280252,0.24466101435864118,0.19342975551165045,127950.32035097323,1410.9501240766244,129361.27047504985,771,1,211.10256410256412,37,2,19,37.962749720024576,0.5976914414414414,47.066885964912274,1011.7324561403497,27.344120436225666,0
791,4,1,0,40,0.025,0.0,1.0,40,850,400,450,0.47058823529411764,13,4,9,354.0145914645899,0.43532318376068374,0.25343649294366033,0.19226175670427534,128372.6732433446,1089.4544564802206,129462.12769982482,772,0,206.8,36,4,17,37.680807126717774,0.6038773148148149,46.64977477477477,1013.4009009009001,28.150025025025002,0
792,4,0,1,39,0.0,0.025,0.975,40,700,500,200,0.7142857142857143,9,5,4,351.61506885364884,0.43512286324786326,0.25077491389845563,0.19123185708469445,128429.74044568214,1031.5664059329533,129461.3068516151,773,1,207.8,36,4,17,37.68331296522608,0.6044560185185186,46.593468468468465,1013.6261261261259,28.156281281281274,0
793,4,0,0,39,0.0,0.0,1.0,39,800,600,200,0.75,10,6,4,357.0462129531943,0.4352789023841655,0.24108068227730284,0.19422426913317214,128437.66744898817,1371.6365526405834,129809.30400162876,774,2,205.94871794871796,35,4,17,37.537584684478944,0.6065476190476191,46.58564814814814,1013.657407407406,28.961640211640173,0
794,4,0,0,39,0.0,0.0,1.0,39,1500,1100,400,0.7333333333333333,19,11,8,359.66518057799817,0.43494152046783624,0.24786032180760031,0.19637046588193138,128584.36113522376,1449.4634934413566,130033.82462866513,775,3,206.94871794871796,35,4,17,37.321336870934616,0.6080357142857142,46.44097222222222,1014.2361111111111,28.9781746031746,0
795,4,0,0,39,0.0,0.0,1.0,39,1050,800,250,0.7619047619047619,13,8,5,361.973609108485,0.43556005398110664,0.2516972195421454,0.1986551033718032,128789.87295310364,1523.7070258916415,130313.57997899527,776,4,207.94871794871796,35,4,17,37.05292664386165,0.6101190476190477,46.23842592592593,1015.0462962962969,29.001322751322768,0
796,4,1,2,38,0.025,0.05,0.95,40,650,300,350,0.46153846153846156,10,3,7,354.84906996328175,0.43776709401709407,0.2539908053616926,0.19663735755423872,129172.76810171679,1167.3673250953896,130340.13542681218,777,0,203.725,36,4,18,36.84340497027437,0.6119791666666667,45.8614864864865,1016.5540540540558,28.23761261261266,0
797,4,0,0,38,0.0,0.0,1.0,38,1300,900,400,0.6923076923076923,17,9,8,367.6290134042088,0.4336770981507823,0.2619147505382844,0.20246889046812833,128929.21095521552,1879.6237244898066,130808.83467970532,778,1,215.07894736842104,34,4,19,36.76713359121634,0.6136642156862745,46.10119047619048,1015.5952380952389,29.870448179271733,0
798,4,0,0,38,0.0,0.0,1.0,38,800,600,200,0.75,10,6,4,367.634143830154,0.4334400189663348,0.2595526963429897,0.20278100512622554,128989.6701388891,1884.2013888889128,130873.87152777801,779,2,216.07894736842104,34,4,19,36.70529122231336,0.6142769607843137,46.04166666666668,1015.8333333333351,29.877450980392208,0
799,4,0,1,37,0.0,0.02631578947368421,0.9736842105263158,38,1150,800,350,0.6956521739130435,15,8,7,367.1895514140435,0.4336770981507823,0.25979482500323536,0.2031560078043872,129110.63102324285,1881.6149376417443,130992.2459608846,780,3,217.07894736842104,34,4,19,36.593163093983044,0.6155024509803921,45.92261904761906,1016.3095238095257,29.891456582633108,0
800,4,0,0,37,0.0,0.0,1.0,37,1350,1100,250,0.8148148148148148,16,11,5,372.4855614368667,0.4316504004004004,0.2640278425700011,0.2067282030496958,129233.48263251195,2227.5531547176533,131461.0357872296,781,4,222.72972972972974,32,5,19,36.33325054844985,0.6214192708333333,45.801767676767675,1016.792929292929,31.77477904040403,0
801,4,2,0,39,0.05128205128205128,0.0,1.0,39,1300,700,600,0.5384615384615384,19,7,12,357.9805127500292,0.4357287449392713,0.26026704036747206,0.20206902641255775,129898.25857426308,1500.2090419501164,131398.4676162132,782,0,212.25641025641025,34,5,20,36.02563353964732,0.623468137254902,45.148809523809526,1019.4047619047622,29.982492997198886,0
802,4,0,0,39,0.0,0.0,1.0,39,1150,700,450,0.6086956521739131,16,7,9,361.19921824939144,0.43457602339181284,0.26445449974861757,0.2046795570079884,130049.99999999999,1594.7916666666667,131644.79166666666,783,1,213.25641025641025,34,5,20,35.789419934640534,0.625,45.0,1019.9999999999999,29.999999999999996,0
803,4,0,1,38,0.0,0.02564102564102564,0.9743589743589743,39,1150,800,350,0.6956521739130435,15,8,7,396.6308993341139,0.4340418353576248,0.2063794146794944,0.21783654464993832,128819.24518014844,2418.7386134688077,131237.98379361726,784,2,214.25641025641025,35,4,15,36.143374947744455,0.6104166666666666,46.20949074074075,1015.1620370370381,29.004629629629658,8
804,4,0,0,38,0.0,0.0,1.0,38,800,700,100,0.875,9,7,2,402.54324149660914,0.43167674253200566,0.22074463160363678,0.2210229375558007,128808.33510487528,2770.184948979592,131578.52005385488,785,3,220.8421052631579,34,4,15,36.00450529690004,0.6124387254901961,46.220238095238095,1015.1190476190476,29.856442577030812,0
805,4,1,1,38,0.02564102564102564,0.02564102564102564,0.9743589743589743,39,900,600,300,0.6666666666666666,12,6,6,401.5850502161535,0.4336763382816014,0.22669884552347663,0.2230389791252525,129261.9118480726,2582.529053287986,131844.4409013606,786,0,216.15384615384616,34,5,18,35.56446577694529,0.6170343137254901,45.773809523809526,1016.9047619047622,29.90896358543418,0
806,4,1,0,39,0.02564102564102564,0.0,1.0,39,1300,900,400,0.6923076923076923,17,9,8,403.11890838206637,0.4336482231219074,0.22953966111860846,0.2252723311546841,129504.14540816325,2641.11394557823,132145.25935374148,787,0,217.02564102564102,34,5,17,35.27777777777778,0.6194852941176471,45.535714285714285,1017.8571428571428,29.936974789915965,0
807,4,0,0,39,0.0,0.0,1.0,39,1200,900,300,0.75,15,9,6,405.0371457759634,0.43342330184435446,0.23487934957594714,0.22686854668119305,129595.04145408173,2698.161139455794,132293.2025935375,788,1,218.02564102564102,34,5,18,35.13606336957792,0.6204044117647058,45.44642857142858,1018.2142857142866,29.947478991596665,0
808,4,1,0,40,0.025,0.0,1.0,40,1300,800,500,0.6153846153846154,18,8,10,431.29995539595075,0.434508547008547,0.29013749678745837,0.23405692140106604,128342.3614501952,3216.8072689687715,131559.16871916398,789,0,213.55,31,9,20,35.75398355178618,0.6149193548387097,46.67968749999999,1013.2812499999991,32.68649193548384,8
809,4,0,0,40,0.0,0.0,1.0,40,950,600,350,0.631578947368421,13,6,7,431.7331673908181,0.4337339743589744,0.29028384279476005,0.23506814274859467,128474.33302137561,3093.3261447482305,131567.65916612383,790,1,214.55,31,9,17,35.60717955304391,0.616263440860215,46.54947916666665,1013.8020833333313,32.703293010752624,0
810,4,1,1,40,0.024390243902439025,0.024390243902439025,0.975609756097561,41,850,600,250,0.7058823529411765,11,6,5,421.3817999442323,0.43419715447154467,0.28594307830903176,0.23160157575882234,128848.6207561728,2658.8927469135688,131507.51350308637,791,0,210.29268292682926,32,9,18,35.48506611947103,0.6175130208333333,46.18055555555555,1015.2777777777774,31.727430555555543,0
811,4,2,0,42,0.047619047619047616,0.0,1.0,42,1050,700,350,0.6666666666666666,14,7,7,404.63944069761,0.43854045683313975,0.2753472401359729,0.22635285076599615,129544.24267409154,2083.7419802479585,131627.9846543395,688,0,187.4047619047619,33,9,16,35.198100999157326,0.6221590909090908,45.496323529411754,1018.0147058823517,30.848930481283386,0
812,4,1,0,43,0.023255813953488372,0.0,1.0,43,1450,1200,250,0.8275862068965517,17,12,5,393.25219175628695,0.43895348837209297,0.2674798779096921,0.2221511721768364,129928.59977324256,1618.941326530602,131547.54109977317,689,0,184.02325581395348,34,9,17,35.09579830297368,0.6237745098039216,45.11904761904761,1019.523809523809,29.985994397759086,0
813,4,0,0,43,0.0,0.0,1.0,43,1150,800,350,0.6956521739130435,15,8,7,396.2698829034247,0.43872277593207826,0.266548659112011,0.22420395092144876,129989.29280045343,1702.1683673469265,131691.46116780036,690,1,185.02325581395348,34,9,17,34.95700054478947,0.6243872549019608,45.0595238095238,1019.761904761904,29.99299719887953,0
814,4,0,0,43,0.0,0.0,1.0,43,1050,600,450,0.5714285714285714,15,6,9,396.50804058595276,0.4372000738279808,0.26004827922806006,0.225062355297178,130114.93866008661,1718.3238758144776,131833.2625359011,691,2,186.02325581395348,35,8,18,34.82286349026281,0.6235119047619048,44.936342592592595,1020.2546296296299,29.150132275132282,0
815,4,0,1,42,0.0,0.023255813953488372,0.9767441860465116,43,650,500,150,0.7692307692307693,8,5,3,395.2003080442166,0.43747692875599853,0.2575943407423813,0.22466029116865635,130173.98787133499,1688.960021219149,131862.94789255413,692,3,187.02325581395348,35,8,18,34.79606158557333,0.6241071428571429,44.87847222222223,1020.486111111112,29.156746031746057,0
816,4,0,0,42,0.0,0.0,1.0,42,900,600,300,0.6666666666666666,12,6,6,397.867678291531,0.43783875338753386,0.25156758858698325,0.22617661634406366,130173.98787133486,1958.4044656635792,132132.39233699843,693,4,187.42857142857142,35,7,18,34.72801122830896,0.6241071428571429,44.87847222222222,1020.486111111111,29.156746031746028,0
817,4,0,1,41,0.0,0.023809523809523808,0.9761904761904762,42,1550,1300,250,0.8387096774193549,18,13,5,396.9230964999126,0.4381533101045296,0.24771209497897595,0.2263413369744918,130294.81207274768,1943.4944756115458,132238.30654835922,694,5,188.42857142857142,32,10,18,34.62903990436145,0.6321614583333333,44.76010101010101,1020.959595959596,31.904987373737374,0
818,4,1,0,42,0.023809523809523808,0.0,1.0,42,1200,900,300,0.75,15,9,6,417.5640839055536,0.43854045683313975,0.2671546520502326,0.22101913849910923,127339.27455786234,2272.22072618817,129611.49528405051,695,0,189.11904761904762,33,9,15,37.1352395985106,0.5997474747474747,47.67156862745098,1009.313725490196,30.58526440879382,8
819,4,1,1,42,0.023255813953488372,0.023255813953488372,0.9767441860465116,43,1200,900,300,0.75,15,9,6,408.83420625232793,0.4392764857881137,0.2646913159478328,0.21852863876424922,127734.70320001717,1844.4631987311445,129579.16639874832,696,0,185.69767441860466,35,8,16,36.94803831768568,0.5994047619047619,47.280092592592595,1010.8796296296299,28.88227513227514,0
820,4,1,1,42,0.023255813953488372,0.023255813953488372,0.9767441860465116,43,650,400,250,0.6153846153846154,9,4,5,403.98862120038683,0.44156053894425984,0.26125884095981133,0.21735830862492203,127998.08873724715,1741.9542770490507,129740.0430142962,697,0,184.72093023255815,35,8,17,36.79955869457472,0.6020833333333333,47.01967592592593,1011.9212962962968,28.91203703703705,0
821,4,0,1,41,0.0,0.023809523809523808,0.9761904761904762,42,1200,800,400,0.6666666666666666,16,8,8,412.3169408398247,0.44030681378242353,0.2663646703533751,0.22164969514216762,127963.79145408164,2152.3278061224537,130116.1192602041,698,1,189.88095238095238,34,8,17,36.62416166607837,0.6038602941176471,47.05357142857143,1011.7857142857144,29.75840336134454,0
822,4,2,1,42,0.046511627906976744,0.023255813953488372,0.9767441860465116,43,1050,700,350,0.6666666666666666,14,7,7,402.86750027497226,0.4419066076042821,0.2648242803412839,0.21839381146053732,128299.67928501051,1737.809317967377,130037.48860297789,699,0,186.2093023255814,33,10,20,36.51805874763114,0.6095328282828283,46.72181372549019,1013.1127450980388,30.700386215092085,0
823,4,1,3,40,0.023255813953488372,0.06976744186046512,0.9302325581395349,43,1050,600,450,0.5714285714285714,15,6,9,405.1138522524024,0.4417912513842746,0.2657807308970097,0.22081106808540044,128517.04422577856,1812.806973279507,130329.85119905807,700,0,186.37209302325581,33,10,17,36.2380146644106,0.6117424242424243,46.50735294117647,1013.9705882352943,30.726381461675583,0
824,4,1,0,41,0.024390243902439025,0.0,1.0,41,1200,1000,200,0.8333333333333334,14,10,4,426.60800901633155,0.44065040650406506,0.27305034610859624,0.2311057431693469,128272.40404359245,2744.4069801550786,131016.81102374753,701,0,196.390243902439,32,9,19,35.94483568075117,0.6116536458333333,46.74873737373737,1013.0050505050501,31.656407828282816,0
825,4,0,1,40,0.0,0.024390243902439025,0.975609756097561,41,1100,800,300,0.7272727272727273,14,8,6,430.69994370425997,0.4406758130081301,0.27818242565987283,0.23463504395829074,128496.3348765431,2868.67283950616,131365.00771604927,702,1,197.390243902439,32,9,17,35.61073059360729,0.6139322916666667,46.52777777777777,1013.888888888888,31.68402777777775,0
826,4,3,1,42,0.06976744186046512,0.023255813953488372,0.9767441860465116,43,1000,500,500,0.5,15,5,10,414.63517984037003,0.44370616463639717,0.2910342919503832,0.23013317208308148,129235.55333347792,2124.8374290219904,131360.3907624999,703,0,189.11627906976744,30,13,20,35.259693765146515,0.6267361111111112,45.7997311827957,1016.8010752688177,33.89336917562726,0
827,4,0,1,41,0.0,0.023809523809523808,0.9761904761904762,42,1150,900,250,0.782608695652174,14,9,5,412.70348692507804,0.44143195896244675,0.2761276831818378,0.22943963959941516,129300.69181654182,2272.569274902335,131573.26109144415,704,1,185.57142857142858,31,11,20,35.2420998164981,0.6246639784946236,45.73567708333333,1017.0572916666661,32.80829973118278,0
828,4,1,1,41,0.023809523809523808,0.023809523809523808,0.9761904761904762,42,1450,1200,250,0.8275862068965517,17,12,5,408.99498826548313,0.44007694541231124,0.27307720969692806,0.22878931767820643,129544.24267409155,2196.589202470182,131740.83187656174,705,0,186.35714285714286,33,9,17,35.08725071225069,0.6221590909090908,45.496323529411754,1018.0147058823518,30.84893048128339,0
829,4,2,1,42,0.046511627906976744,0.023255813953488372,0.9767441860465116,43,1850,1600,250,0.8648648648648649,21,16,5,399.4125111733772,0.4405454042081949,0.27606060688359113,0.22545611952390396,129898.25857426281,1776.5979308389767,131674.85650510178,706,0,182.97674418604652,34,9,19,34.969734127447545,0.623468137254902,45.14880952380951,1019.4047619047601,29.982492997198825,0
830,4,0,0,42,0.0,0.0,1.0,42,1050,600,450,0.5714285714285714,15,6,9,410.3156159745785,0.438939701897019,0.2851304009342157,0.23167050932718503,129908.37191358021,2260.686728395056,132169.05864197528,707,1,188.26190476190476,35,7,19,34.68153950953678,0.6214285714285714,45.138888888888886,1019.4444444444441,29.126984126984116,0
831,4,0,0,42,0.0,0.0,1.0,42,1500,1000,500,0.6666666666666666,20,10,10,414.5896045276438,0.4388792102206736,0.28555216912003134,0.2347920048263235,130026.38996056224,2381.517918381324,132407.90787894357,708,2,189.26190476190476,35,7,19,34.45207293085186,0.6226190476190476,45.02314814814814,1019.907407407406,29.1402116402116,0
832,4,1,1,42,0.023255813953488372,0.023255813953488372,0.9767441860465116,43,1450,1000,450,0.6896551724137931,19,10,9,406.5560539788216,0.4411452565522333,0.27972477457347966,0.23225660888203664,130365.51371545851,2001.4637744462084,132366.9774899047,709,0,185.8372093023256,30,13,20,34.31111257348425,0.6381944444444445,44.69086021505377,1021.2365591397855,34.04121863799285,0
833,4,1,2,41,0.023255813953488372,0.046511627906976744,0.9534883720930233,43,1750,1200,550,0.6857142857142857,23,12,11,408.62565083624054,0.44137596899224807,0.2771029020151483,0.2350271051073496,130628.37600707996,2075.6210327148306,132703.9970397948,710,0,186.25581395348837,31,12,19,33.99049484142147,0.6381048387096775,44.43359374999999,1022.2656249999991,32.97631048387094,0
834,4,0,1,40,0.0,0.024390243902439025,0.975609756097561,41,1650,1200,450,0.7272727272727273,21,12,9,422.8251197303454,0.43671239837398373,0.2841536513821967,0.24111794645859186,130295.81917656786,2818.4690687391403,133114.288245307,711,5,196.3170731707317,31,10,20,33.96688878969519,0.634744623655914,44.75911458333333,1020.9635416666661,32.934307795698906,0
835,4,0,0,40,0.0,0.0,1.0,40,1350,1000,350,0.7407407407407407,17,10,7,416.3707673044463,0.43474893162393163,0.29271283825528216,0.2388156357048109,130520.50053884798,2868.984191664098,133389.48473051208,712,6,201.15,32,8,19,33.90249804357674,0.6344401041666667,44.539141414141405,1021.8434343434335,31.932607323232297,0
836,4,0,0,40,0.0,0.0,1.0,40,1450,900,550,0.6206896551724138,20,9,11,418.9673531879098,0.4345219017094017,0.2933030752130419,0.24110722521410816,130649.5530589989,2947.579488062417,133597.13254706134,713,7,202.15,32,8,20,33.70461281956278,0.6357421875,44.412878787878775,1022.3484848484835,31.94839015151511,0
837,4,0,0,40,0.0,0.0,1.0,40,1200,900,300,0.75,15,9,6,419.4840274283681,0.4342147435897436,0.2948037521599609,0.24241509202743475,130810.95838434831,2974.6215309662007,133785.5799153145,714,8,203.15,32,8,20,33.52695836418991,0.6373697916666667,44.25505050505049,1022.9797979797962,31.968118686868632,0
838,4,0,2,38,0.0,0.05,0.95,40,1350,900,450,0.6666666666666666,18,9,9,423.0246422174873,0.43388087606837605,0.2900999259807553,0.2452816702299679,130940.1543847566,3078.1823921028404,134018.33677685945,715,9,204.15,32,8,21,33.30480508265483,0.638671875,44.128787878787875,1023.484848484848,31.9839015151515,0
839,4,0,0,38,0.0,0.0,1.0,38,1400,1300,100,0.9285714285714286,15,13,2,419.15549557506404,0.43133594120436225,0.26768609811442,0.24359347093176104,131028.00369262685,3384.221564398857,134412.2252570257,716,10,198.71052631578948,31,7,21,33.31438912204841,0.6421370967741935,44.04296874999999,1023.8281249999992,33.026713709677395,0
840,4,0,0,38,0.0,0.0,1.0,38,1000,700,300,0.7,13,7,6,416.2577227663982,0.4304765291607397,0.26648633669851307,0.24241573443615252,131108.39468293442,3314.9763612552792,134423.3710441897,717,11,199.71052631578948,33,5,22,33.30678373419488,0.6379419191919191,43.96446078431372,1024.1421568627447,31.034610814022567,0
841,4,0,1,37,0.0,0.02631578947368421,0.9736842105263158,38,1050,900,150,0.8571428571428571,12,9,3,418.07125388327063,0.42972083926031296,0.26979032948224213,0.2448703058459156,131328.125,3381.6386726259143,134709.7636726259,718,12,200.71052631578948,29,9,22,33.036924119241185,0.6508620689655172,43.75,1025.0,35.3448275862069,0
842,4,1,0,38,0.02631578947368421,0.0,1.0,38,850,600,250,0.7058823529411765,11,6,5,410.4948466324936,0.43112849691797056,0.24729264260126738,0.24349228480374624,131810.75846918725,3221.5274164643356,135032.2858856516,719,0,187.26315789473685,30,8,21,32.741328534031396,0.6527777777777778,43.27956989247312,1026.8817204301079,34.22939068100359,0
843,4,0,0,38,0.0,0.0,1.0,38,1300,900,400,0.6923076923076923,17,9,8,411.09271025143573,0.4294541251778094,0.2462617912736238,0.245690911993572,132096.66146172423,3260.794915093321,135357.45637681754,720,1,188.26315789473685,31,7,22,32.43627295756808,0.6528897849462365,43.001302083333336,1027.994791666667,33.16112231182797,0
844,4,0,0,38,0.0,0.0,1.0,38,850,600,250,0.7058823529411765,11,6,5,413.208979117599,0.4291577761972499,0.24928520490792616,0.2473928209318939,132163.59668307842,3322.236972384993,135485.83365546342,721,2,189.26315789473685,31,7,22,32.3140907939724,0.6535618279569892,42.93619791666667,1028.255208333334,33.16952284946238,0
845,4,0,0,38,0.0,0.0,1.0,38,1200,900,300,0.75,15,9,6,412.56208100444184,0.42835763394973925,0.24430002130833173,0.24854349758072486,132398.00347222228,3324.8945448133727,135722.89801703565,722,3,190.26315789473685,29,9,22,32.09345479082321,0.6616379310344828,42.708333333333336,1029.166666666667,35.488505747126446,0
846,4,0,0,38,0.0,0.0,1.0,38,1400,1100,300,0.7857142857142857,17,11,6,412.1107526946356,0.427898293029872,0.24844948728339133,0.2496446401501182,132605.57804731777,3329.636916117487,135935.21496343525,723,4,191.26315789473685,30,8,22,31.895145504371644,0.6607638888888889,42.506720430107535,1029.973118279571,34.332437275985704,0
847,4,0,0,38,0.0,0.0,1.0,38,650,300,350,0.46153846153846156,10,3,7,411.4113576545536,0.4272018729255571,0.24424320650308262,0.24991120980822565,132709.4263065094,3319.633050063592,136029.059356573,724,5,192.26315789473685,30,8,21,31.808200713105503,0.6618055555555555,42.405913978494624,1030.3763440860214,34.34587813620071,0
848,4,0,0,38,0.0,0.0,1.0,38,1400,1000,400,0.7142857142857143,18,10,8,408.17945123975676,0.4270092460881934,0.23787813295460003,0.24909662453939344,132882.59706685747,3247.989110012727,136130.5861768702,725,6,193.26315789473685,30,8,21,31.716584104636517,0.6635416666666667,42.237903225806456,1031.0483870967746,34.368279569892486,0
849,4,0,0,38,0.0,0.0,1.0,38,950,600,350,0.631578947368421,13,6,7,404.93883913874,0.42623873873873874,0.23771998408844608,0.2478070695016499,132986.5537200832,3170.28413689443,136156.83785697763,726,7,194.26315789473685,30,8,21,31.695226305273216,0.6645833333333333,42.137096774193544,1031.4516129032254,34.381720430107514,0
850,4,0,0,38,0.0,0.0,1.0,38,1350,1000,350,0.7407407407407407,17,10,7,405.8449246134756,0.4258386676149834,0.24415033284657528,0.24905447532035585,133090.55102107173,3202.824929182555,136293.3759502543,727,8,195.26315789473685,30,8,21,31.56696409187617,0.665625,42.03629032258064,1031.8548387096769,34.39516129032256,0
851,4,0,0,38,0.0,0.0,1.0,38,1050,600,450,0.5714285714285714,15,6,9,408.13223102037597,0.4257201280227596,0.2479386707424891,0.25092453178586627,133159.9051371547,3269.369833217727,136429.27497037244,728,9,196.26315789473685,30,8,21,31.438012762078394,0.6663194444444445,41.96908602150538,1032.1236559139795,34.40412186379932,0
852,4,0,0,38,0.0,0.0,1.0,38,1000,800,200,0.8,12,8,4,405.93268875438156,0.42454954954954954,0.24888881279320607,0.25097286509070166,133368.07587943683,3227.692327147629,136595.76820658447,729,10,197.26315789473685,30,8,22,31.284970722186074,0.6684027777777778,41.76747311827956,1032.9301075268809,34.431003584229366,0
853,4,0,0,38,0.0,0.0,1.0,38,1700,1400,300,0.8235294117647058,20,14,6,406.56959116343495,0.4238827643432907,0.25611525562932047,0.25254605460798163,133541.67569950275,3258.7968984853633,136800.47259798812,730,11,198.26315789473685,30,8,22,31.093682271348072,0.6701388888888888,41.59946236559139,1033.6021505376339,34.45340501792113,0
854,4,0,1,37,0.0,0.02631578947368421,0.9736842105263158,38,1050,500,550,0.47619047619047616,16,5,11,407.9220325622465,0.42330488383119963,0.25794535728455537,0.2543397178714686,133680.63685108098,3306.2554197016916,136986.89227078267,731,12,199.26315789473685,30,8,22,30.918843687722035,0.6715277777777777,41.46505376344086,1034.139784946236,34.47132616487453,0
855,4,0,0,37,0.0,0.0,1.0,37,1150,600,550,0.5217391304347826,17,6,11,408.662701779676,0.4216716716716717,0.2566785259964217,0.25568770301900023,133808.8056776258,3536.533610026031,137345.33928765182,732,13,201.24324324324326,31,6,19,30.770723215034824,0.6700268817204301,41.34114583333333,1034.635416666666,33.375336021505355,0
856,4,0,0,37,0.0,0.0,1.0,37,850,500,350,0.5882352941176471,12,5,7,396.52650455193157,0.4214214214214214,0.1726482691246698,0.24653883156903034,133576.40921277023,3205.6769462882653,136782.0861590585,733,14,202.24324324324326,30,7,20,31.318261604472763,0.6704861111111111,41.56586021505376,1033.7365591397847,34.45788530465949,8
857,4,0,0,37,0.0,0.0,1.0,37,1150,800,350,0.6956521739130435,15,8,7,393.62606453563217,0.4207645145145145,0.17391426514233532,0.24565714246566808,133715.38843002068,3126.7724231124803,136842.16085313316,734,15,203.24324324324326,30,7,17,31.253519601472814,0.671875,41.43145161290322,1034.2741935483862,34.475806451612875,0
858,4,0,0,37,0.0,0.0,1.0,37,750,400,350,0.5333333333333333,11,4,7,394.57850772169917,0.4206393893893894,0.1734140585491939,0.24648345742095726,133750.14452537845,3154.986486877067,136905.1310122555,735,16,204.24324324324326,30,7,17,31.1939643970894,0.6722222222222223,41.39784946236558,1034.408602150536,34.4802867383512,0
859,4,0,0,37,0.0,0.0,1.0,37,850,600,250,0.7058823529411765,11,6,5,394.2219515291466,0.41991991991991995,0.17269627689271738,0.24649279942484476,133784.90513715448,3148.189277662148,136933.09441481662,736,17,205.24324324324326,30,7,18,31.168258195833886,0.6725694444444444,41.36424731182795,1034.5430107526875,34.48476702508958,0
860,4,0,0,37,0.0,0.0,1.0,37,800,500,300,0.625,11,5,6,395.68190251307135,0.4196696696696696,0.17337311337311334,0.2481067304031473,133889.2140709908,3195.5077899178987,137084.7218609087,737,18,206.24324324324326,30,7,19,31.025703463203456,0.6736111111111112,41.26344086021505,1034.9462365591392,34.49820788530464,0
861,4,0,0,37,0.0,0.0,1.0,37,1400,900,500,0.6428571428571429,19,9,10,395.7057280237608,0.4193255755755756,0.17128331651153283,0.24917241923776437,134044.66629028297,3208.4484524196755,137253.11474270266,738,19,207.24324324324326,31,6,19,30.86898549813487,0.6723790322580645,41.113281249999986,1035.5468749999982,33.40473790322575,0
862,4,0,0,37,0.0,0.0,1.0,37,650,300,350,0.46153846153846156,10,3,7,395.61676479221416,0.41882507507507505,0.17560262965668416,0.24957425566392238,134112.09318372927,3211.3984849717776,137323.49166870106,739,20,208.24324324324326,31,6,20,30.803608841399537,0.6730510752688172,41.04817708333333,1035.8072916666658,33.41313844086019,0
863,4,0,1,36,0.0,0.02702702702702703,0.972972972972973,37,1400,1000,400,0.7142857142857143,18,10,8,398.0084673870414,0.41835585585585583,0.17703194967357816,0.252473737758425,134314.4755893282,3291.659715440527,137606.13530476874,740,21,209.24324324324326,31,6,20,30.538589163840403,0.6750672043010753,40.85286458333333,1036.5885416666656,33.438340053763405,0
864,4,1,0,37,0.02702702702702703,0.0,1.0,37,1050,600,450,0.5714285714285714,15,6,9,387.38050741289777,0.4179804804804805,0.17534527594131055,0.24821941944204431,134681.8106092489,3034.6216266197107,137716.43223586862,741,0,206.78378378378378,32,5,21,30.44616429469244,0.6761067708333333,40.49873737373736,1038.0050505050492,32.43765782828279,0
865,4,0,0,37,0.0,0.0,1.0,37,1200,1000,200,0.8333333333333334,14,10,4,389.63908415202786,0.4177302302302302,0.17813581549444413,0.25011726689946323,134747.34920224966,3100.566747015599,137847.91594926527,742,1,207.78378378378378,32,5,21,30.321962787303914,0.6767578125,40.435606060606055,1038.2575757575748,32.445549242424214,0
866,4,0,0,37,0.0,0.0,1.0,37,850,400,450,0.47058823529411764,13,4,9,390.6942868345609,0.41713588588588585,0.18372858635440736,0.25147505504703394,134845.68698347086,3136.6879017446963,137982.37488521557,743,2,208.78378378378378,32,5,18,30.19617675662533,0.677734375,40.34090909090908,1038.636363636362,32.45738636363631,0
867,4,0,0,37,0.0,0.0,1.0,37,1100,800,300,0.7272727272727273,14,8,6,388.66567531241947,0.4171046046046046,0.18564821505997942,0.2506223492531806,134911.2654320987,3087.075617283937,137998.34104938264,744,3,209.78378378378378,32,5,18,30.18326648841353,0.6783854166666667,40.27777777777777,1038.8888888888885,32.465277777777764,0
868,4,0,0,37,0.0,0.0,1.0,37,1400,1100,300,0.7857142857142857,17,11,6,388.6720244115973,0.41613488488488487,0.19143487510834478,0.25153680070410916,135042.4701561065,3097.446051423318,138139.9162075298,745,4,210.78378378378378,32,5,18,30.05193148688047,0.6796875,40.15151515151515,1039.393939393939,32.481060606060595,0
869,4,0,0,37,0.0,0.0,1.0,37,650,300,350,0.46153846153846156,10,3,7,388.08618575864284,0.4161661661661662,0.19271816453888646,0.2513858038828406,135075.28130101506,3084.1701420773234,138159.45144309237,746,5,211.78378378378378,32,5,18,30.034363739422655,0.6800130208333333,40.11994949494949,1039.520202020201,32.48500631313128,0
870,4,0,1,36,0.0,0.02702702702702703,0.972972972972973,37,800,600,200,0.75,10,6,4,391.4235327411709,0.41541541541541543,0.18918590801557866,0.25447163687364044,135206.56573627688,3184.606322058966,138391.17205833585,747,6,212.78378378378378,32,5,18,29.816427906600293,0.6813151041666667,39.993686868686865,1040.0252525252522,32.50078914141413,0
871,4,0,0,36,0.0,0.0,1.0,36,1400,1100,300,0.7857142857142857,17,11,6,397.81003503251884,0.4135085978835979,0.19416624937406146,0.25877089249509433,135227.08468967007,3558.938259548601,138786.02294921866,748,7,218.55555555555554,31,5,19,29.629861458854954,0.6841397849462365,39.97395833333333,1040.104166666666,33.55174731182794,0
872,4,0,0,36,0.0,0.0,1.0,36,900,500,400,0.5555555555555556,13,5,8,396.78316955594255,0.4127149470899471,0.18165387609832084,0.2590760695335857,135362.54882812477,3541.9162326388587,138904.4650607636,749,8,219.55555555555554,31,5,19,29.521187854521187,0.685483870967742,39.843749999999986,1040.6249999999982,33.56854838709672,0
873,4,0,1,35,0.0,0.027777777777777776,0.9722222222222222,36,1250,1000,250,0.8,15,10,5,398.77230915430755,0.41218584656084656,0.18696661384927604,0.26086627163498644,135430.30632866747,3601.1711968315863,139031.47752549907,750,9,220.55555555555554,31,5,19,29.401738804103086,0.6861559139784946,39.77864583333333,1040.885416666666,33.57694892473116,0
874,4,0,0,35,0.0,0.0,1.0,35,950,600,350,0.631578947368421,13,6,7,403.7570008879175,0.4103291316526611,0.17352420306965755,0.2640789032834487,135423.7484102208,3935.6573014221226,139359.40571164293,653,10,206.42857142857142,30,5,19,29.278581267217625,0.6888888888888889,39.784946236559136,1040.860215053763,34.6953405017921,0
875,4,0,0,35,0.0,0.0,1.0,35,550,300,250,0.5454545454545454,8,3,5,421.5838486266013,0.4103291316526611,0.2241752642975423,0.2424802048034757,130628.37600707995,4014.1626993814975,134642.53870646143,654,11,207.42857142857142,31,4,15,33.65932683734556,0.6381048387096775,44.43359374999999,1022.265624999999,32.97631048387093,8
876,4,0,0,35,0.0,0.0,1.0,35,950,600,350,0.631578947368421,13,6,7,422.3650244411491,0.4101540616246499,0.22280912364945982,0.24355762863148198,130728.2257080078,4043.0060492621524,134771.23175726994,655,12,208.42857142857142,31,4,17,33.53758169934641,0.6391129032258065,44.3359375,1022.6562499999999,32.98891129032258,0
877,4,0,0,35,0.0,0.0,1.0,35,1200,1000,200,0.8333333333333334,14,10,4,419.73112066232795,0.4103291316526611,0.22446953580974238,0.24266574062133262,130828.11355590819,3982.5261433919272,134810.6396993001,656,13,209.42857142857142,31,4,18,33.503165966653945,0.6401209677419355,44.23828125,1023.0468749999999,33.00151209677419,0
878,4,0,1,34,0.0,0.02857142857142857,0.9714285714285714,35,1200,700,500,0.5833333333333334,17,7,10,414.3529579343344,0.41011904761904766,0.21938204289349383,0.2401780419884858,130928.03955078124,3850.0840928819457,134778.1236436632,657,14,210.42857142857142,31,4,18,33.539016115352,0.6411290322580645,44.140625,1023.4374999999999,33.0141129032258,0
879,4,0,0,34,0.0,0.0,1.0,34,1200,800,400,0.6666666666666666,16,8,8,386.3346040641945,0.40905377302436124,0.1593320235756388,0.22812565367595714,131638.2877536421,3379.4909934719803,135017.7787471141,658,15,207.23529411764707,30,4,19,33.53607290984501,0.6510416666666667,43.447580645161295,1026.2096774193553,34.206989247311846,8
880,4,0,0,34,0.0,0.0,1.0,34,950,600,350,0.631578947368421,13,6,7,389.4849534792805,0.4087938205585264,0.1609580865989546,0.23082044682918734,131776.25529324208,3464.973732512444,135241.22902575452,659,16,208.23529411764707,30,4,20,33.31560631845355,0.6524305555555556,43.31317204301076,1026.7473118279577,34.22491039426526,0
881,4,0,0,34,0.0,0.0,1.0,34,550,500,50,0.9090909090909091,6,5,1,388.2725397825938,0.40866384432560904,0.16432409132195147,0.23072929619118068,131879.7783703319,3441.0592987628743,135320.83766909476,660,17,209.23529411764707,30,4,20,33.24200689173864,0.6534722222222222,43.212365591397855,1027.1505376344091,34.23835125448031,0
882,4,3,0,37,0.08108108108108109,0.0,1.0,37,800,500,300,0.625,11,5,6,392.8669976093538,0.41694819819819817,0.16788114632676754,0.2303023215588695,131360.48179076108,3000.896960465386,134361.37875122647,661,0,193.1891891891892,32,5,19,33.64997741922241,0.6429036458333333,43.71843434343434,1025.1262626262621,32.03519570707069,8
883,4,0,1,36,0.0,0.02702702702702703,0.972972972972973,37,950,700,250,0.7368421052631579,12,7,5,391.55404096394807,0.41694819819819817,0.16416539662045748,0.23011591322063563,131457.5760764207,2894.5490256096236,134352.12510203032,662,1,194.1891891891892,32,5,19,33.585221209882626,0.6438802083333333,43.62373737373737,1025.50505050505,32.04703282828281,0
884,4,0,0,36,0.0,0.0,1.0,36,1100,600,500,0.5454545454545454,16,6,10,398.39270118352863,0.4157738095238095,0.17981862288793016,0.23456933482240958,131528.3966064454,3279.9906412760556,134808.38724772146,663,2,199.0,31,5,19,33.338093424727084,0.6471774193548387,43.55468750000001,1025.7812500000007,33.08971774193551,0
885,4,0,0,36,0.0,0.0,1.0,36,750,500,250,0.6666666666666666,10,5,5,400.09324497118183,0.41511243386243385,0.1898987976940536,0.23660427982804422,131695.40617201073,3338.08848063153,135033.49465264226,664,3,200.0,31,5,18,33.12521142543026,0.6488575268817205,43.39192708333334,1026.4322916666677,33.11071908602154,0
886,4,0,0,36,0.0,0.0,1.0,36,1150,700,450,0.6086956521739131,16,7,9,396.33595491568394,0.414781746031746,0.18946595642969322,0.23551446261790296,131878.73247946653,3253.65667406389,135132.3891535304,665,4,201.0,32,4,18,33.03600696578571,0.6481119791666667,43.21338383838385,1027.1464646464658,32.098327020202056,0
887,4,0,1,35,0.0,0.027777777777777776,0.9722222222222222,36,950,800,150,0.8421052631578947,11,8,3,396.4592225171103,0.4145833333333333,0.1855550093537066,0.23599039455901466,131943.5855556833,3262.050269105223,135205.6358247885,666,5,202.0,32,4,18,32.967207406497074,0.6487630208333333,43.15025252525254,1027.3989898989917,32.10621843434349,0
888,4,0,0,35,0.0,0.0,1.0,35,1350,1100,250,0.8148148148148148,16,11,5,402.73802774351867,0.4131652661064426,0.1781188907392659,0.24006106608397676,131996.2904188369,3631.9851345486295,135628.27555338552,667,6,202.88571428571427,31,4,18,32.75257644872446,0.6518817204301075,43.09895833333334,1027.6041666666677,33.14852150537637,0
889,4,1,0,36,0.027777777777777776,0.0,1.0,36,950,600,350,0.631578947368421,13,6,7,396.6309138384972,0.41650132275132273,0.1615764630585219,0.22653361240686784,130356.43029423797,3140.6780144656113,133497.10830870358,668,0,198.22222222222223,33,3,19,34.573757950318,0.6303661616161615,44.699754901960794,1021.2009803921584,30.94548425430783,8
890,4,0,0,36,0.0,0.0,1.0,36,950,600,350,0.631578947368421,13,6,7,398.43613106742544,0.416005291005291,0.16408446950008648,0.22829979551265486,130481.60750973198,3197.7173743271974,133679.32488405917,669,1,199.22222222222223,33,3,19,34.40023889488625,0.6316287878787878,44.57720588235295,1021.6911764705894,30.960338680926952,0
891,4,0,0,36,0.0,0.0,1.0,36,1650,1300,350,0.7878787878787878,20,13,7,369.366677421803,0.4157572751322751,0.07455578250363826,0.20927425841944614,130043.75007509123,2420.736315359466,132464.4863904507,670,2,200.22222222222223,33,3,17,35.587503504345385,0.627209595959596,45.00612745098039,1019.9754901960778,30.908348187759934,8
892,4,0,1,35,0.0,0.027777777777777776,0.9722222222222222,36,950,800,150,0.8421052631578947,11,8,3,370.1738495252008,0.4157738095238095,0.07200867534200883,0.21006798209252187,130106.2560823961,2432.386732266422,132538.6428146625,671,3,201.22222222222223,33,3,18,35.50337837837837,0.6278409090909092,44.944852941176464,1020.2205882352933,30.915775401069496,0
893,4,2,1,36,0.05405405405405406,0.02702702702702703,0.972972972972973,37,1550,1300,250,0.8387096774193549,18,13,5,361.0169163821036,0.4161661661661662,0.07958570101843199,0.20731305867159597,130566.58340419496,2027.349064625839,132593.9324688208,672,0,196.45945945945945,34,3,16,35.26985051446321,0.6302083333333333,44.49404761904761,1022.0238095238091,30.059523809523796,0
894,4,1,0,37,0.02702702702702703,0.0,1.0,37,1250,900,350,0.72,16,9,7,362.4075355800084,0.41863738738738737,0.09681407632752115,0.2090962483658731,130749.15143140574,2076.8955498866057,132826.04698129234,673,0,197.43243243243242,34,3,17,35.04927637450045,0.632046568627451,44.31547619047618,1022.7380952380939,30.080532212885117,0
895,4,0,0,37,0.0,0.0,1.0,37,600,400,200,0.6666666666666666,8,4,4,360.9119268700749,0.41816816816816815,0.0960933003293063,0.20856194940111317,130810.03578514738,2042.1804138321975,132852.2161989796,674,1,198.43243243243242,34,3,18,35.02584467977811,0.6326593137254901,44.25595238095238,1022.9761904761904,30.0875350140056,0
896,4,0,0,37,0.0,0.0,1.0,37,1100,700,400,0.6363636363636364,15,7,8,413.5568525640048,0.4186061061061061,0.1392313270485861,0.2254130038283647,128517.04422577853,3360.433107066356,131877.4773328449,675,2,199.43243243243242,33,4,16,36.02399081459995,0.6117424242424243,46.50735294117647,1013.970588235294,30.726381461675576,8
897,4,0,1,36,0.0,0.02702702702702703,0.972972972972973,37,1300,1000,300,0.7692307692307693,16,10,6,412.22345241447107,0.41844969969969975,0.1431249345813368,0.22530827697393885,128627.12762188207,3204.6237244898,131831.75134637186,676,3,200.43243243243242,34,3,16,35.94477369635802,0.6106004901960784,46.398809523809526,1014.4047619047618,29.835434173669466,0
898,4,0,0,36,0.0,0.0,1.0,36,1300,600,700,0.46153846153846156,20,6,14,418.73045470186287,0.415327380952381,0.16284034154986315,0.22858926405756025,128579.18228565922,3568.0038927335477,132147.18617839276,677,4,206.77777777777777,33,3,16,35.82900354438536,0.6123737373737373,46.44607843137254,1014.2156862745087,30.733808674985113,0
899,4,0,1,35,0.0,0.027777777777777776,0.9722222222222222,36,1050,600,450,0.5714285714285714,15,6,9,421.16749002398603,0.4150297619047619,0.17334111459926493,0.23100060611779155,128765.68657487509,3646.3842031910863,132412.07077806618,678,5,207.77777777777777,33,3,16,35.57564597923207,0.6142676767676767,46.26225490196079,1014.9509803921571,30.756090314913852,0
900,4,0,0,35,0.0,0.0,1.0,35,550,300,250,0.5454545454545454,8,3,5,400.14745658818026,0.41320028011204485,0.15131617864537117,0.20781851777644214,126567.38281250009,3130.5950535851734,129697.97786608526,679,6,202.05714285714285,31,4,19,38.37129054520359,0.5967741935483871,48.43750000000001,1006.2500000000007,32.45967741935486,8
901,4,2,1,36,0.05405405405405406,0.02702702702702703,0.972972972972973,37,750,500,250,0.6666666666666666,10,5,5,380.1526289292206,0.4191691691691692,0.1396867097960659,0.20029808809779015,127153.8065287388,2267.570766051498,129421.3772947903,680,0,192.0810810810811,33,4,21,38.27004860267315,0.5978535353535354,47.855392156862735,1008.5784313725478,30.562982768865083,0
902,4,2,3,35,0.05263157894736842,0.07894736842105263,0.9210526315789473,38,1250,1000,250,0.8,15,10,5,368.3057983726685,0.423660502607871,0.1417223303136581,0.1972502806669257,127813.27239229005,1814.8738662131304,129628.14625850318,681,0,180.1578947368421,34,4,20,37.89169806137667,0.602328431372549,47.20238095238094,1011.1904761904746,29.74089635854337,0
903,4,2,0,37,0.05405405405405406,0.0,1.0,37,1450,1100,350,0.7586206896551724,18,11,7,374.9300813184843,0.4255505505505506,0.20550251232203798,0.19594091525853582,126822.06809807253,2109.881660997734,128931.94975907027,682,0,185.3783783783784,34,3,18,38.743204112989034,0.592218137254902,48.18452380952381,1007.2619047619045,29.625350140056014,8
904,4,0,0,37,0.0,0.0,1.0,37,1250,700,550,0.56,18,7,11,375.1494152036334,0.424486986986987,0.20728810095539774,0.19648914915120996,126912.01814058957,2122.1938775510207,129034.21201814059,683,1,186.3783783783784,34,3,18,38.64504568367989,0.5931372549019608,48.095238095238095,1007.6190476190477,29.635854341736696,0
905,4,0,1,36,0.0,0.02702702702702703,0.972972972972973,37,1150,900,250,0.782608695652174,14,9,5,374.3895437635231,0.4240803303303304,0.20854983467170563,0.19667063626485806,127032.00113378682,2111.8905895691573,129143.89172335598,684,2,187.3783783783784,34,3,18,38.54068256967407,0.5943627450980392,47.976190476190474,1008.0952380952378,29.649859943977585,0
906,4,2,0,38,0.05263157894736842,0.0,1.0,38,950,500,450,0.5263157894736842,14,5,9,369.80675015722426,0.4299282835467046,0.22507654844853775,0.19738096224773102,127676.20991941002,1843.104852537706,129519.31477194773,685,0,181.73684210526315,35,3,20,37.99435028248587,0.5988095238095238,47.337962962962955,1010.6481481481471,28.87566137566135,0
907,4,1,0,39,0.02564102564102564,0.0,1.0,39,1100,700,400,0.6363636363636364,15,7,8,360.47618453443056,0.43094916779127307,0.2251948466901741,0.19424220303330084,128059.03031409776,1432.4461285609787,129491.47644265874,686,0,178.05128205128204,36,3,21,37.837950600801065,0.6006944444444444,46.95945945945945,1012.1621621621612,28.11561561561559,0
908,4,2,0,41,0.04878048780487805,0.0,1.0,41,1050,900,150,0.8571428571428571,12,9,3,349.28393247920104,0.4346544715447154,0.2331320883385244,0.19160657841966153,128772.40997331796,795.6838172632143,129568.09379058117,687,0,170.3170731707317,36,5,18,37.39274751285182,0.6079282407407407,46.255630630630634,1014.9774774774779,28.19381881881883,0
909,4,0,0,41,0.0,0.0,1.0,41,800,300,500,0.375,13,3,10,351.3532637063292,0.43368902439024387,0.23827620997735988,0.19329788766564768,128886.73460200042,856.9549701728465,129743.68957217326,688,1,171.3170731707317,36,5,18,37.22367010461719,0.6090856481481481,46.143018018018005,1015.4279279279261,28.20633133133128,0
910,4,0,0,41,0.0,0.0,1.0,41,800,600,200,0.75,10,6,4,349.56838261376856,0.43412093495934956,0.23341201153946978,0.1928719498201104,129001.10995708546,818.941872615854,129820.0518297013,689,2,172.3170731707317,36,5,18,37.15243136385472,0.6102430555555556,46.0304054054054,1015.8783783783783,28.218843843843842,0
911,4,0,0,41,0.0,0.0,1.0,41,1100,800,300,0.7272727272727273,14,8,6,347.7134261355064,0.4344512195121952,0.23296683099809723,0.1922650709219858,129086.92476260039,777.0513757000191,129863.97613830041,690,3,173.3170731707317,36,5,18,37.11214539007092,0.6111111111111112,45.945945945945944,1016.2162162162158,28.228228228228218,0
912,4,1,1,41,0.023809523809523808,0.023809523809523808,0.9761904761904762,42,1350,1100,250,0.8148148148148148,16,11,5,344.0703349445127,0.4363143631436314,0.23694093021824125,0.19215769247623146,129480.23069598335,510.06126885195084,129990.2919648353,691,0,170.16666666666666,37,5,17,36.80465776054011,0.6131756756756757,45.55921052631579,1017.7631578947365,27.50711237553342,0
913,4,0,0,41,0.0,0.0,1.0,41,1300,1000,300,0.7692307692307693,16,10,6,352.36901044283644,0.43419715447154467,0.24155976648844701,0.19668676636021737,129459.11864144578,923.4763056976228,130382.5949471434,692,1,175.09756097560975,36,5,17,36.6149810040205,0.6148726851851851,45.57995495495497,1017.6801801801824,28.268893893893956,0
914,4,0,0,41,0.0,0.0,1.0,41,1400,800,600,0.5714285714285714,20,8,12,351.28651512534003,0.4338160569105691,0.23988325483785666,0.1967988023397355,129602.41280131513,905.5159889619724,130507.9287902771,693,2,176.09756097560975,36,5,18,36.49681117746811,0.6163194444444444,45.43918918918921,1018.2432432432457,28.284534534534604,0
915,4,0,0,41,0.0,0.0,1.0,41,1350,900,450,0.6666666666666666,18,9,9,371.9652227640732,0.43361280487804876,0.22321838269033956,0.19492912053194159,126934.51063368046,1243.0447048611056,128177.55533854157,694,3,177.09756097560975,39,2,15,38.702105299428034,0.5838675213675213,48.072916666666664,1007.7083333333326,25.838675213675195,8
916,4,0,1,40,0.0,0.024390243902439025,0.975609756097561,41,1100,1000,100,0.9090909090909091,12,10,2,371.38791166915877,0.43384146341463414,0.22175514997555434,0.1951298702027209,127039.501953125,1236.1870659722213,128275.68901909722,695,4,178.09756097560975,39,2,16,38.60861403871324,0.5849358974358974,47.96875,1008.125,25.849358974358974,0
917,4,3,0,43,0.06976744186046512,0.0,1.0,43,900,700,200,0.7777777777777778,11,7,4,357.83326184978876,0.4383305647840532,0.23128253452166025,0.19058895149264699,127591.41845703124,531.3123914930545,128122.73084852428,696,0,170.65116279069767,39,4,16,38.38378956593463,0.5905448717948718,47.421875,1010.3124999999999,25.905448717948715,0
918,4,1,0,44,0.022727272727272728,0.0,1.0,44,1150,800,350,0.6956521739130435,15,8,7,354.738228680279,0.44101259689922484,0.24441177544833592,0.1907005294136533,127964.52591050306,278.78185108070727,128243.30776158377,697,0,167.75,40,4,17,38.07984297576002,0.5927083333333334,47.052845528455286,1011.7886178861793,25.29471544715448,0
919,4,2,0,46,0.043478260869565216,0.0,1.0,46,1400,1000,400,0.7142857142857143,18,10,8,348.5868951782113,0.44373993558776165,0.25593261697473557,0.1900655759611037,128530.68300118999,-238.9246232401104,128291.75837794988,698,0,161.41304347826087,40,6,17,37.65701209327187,0.5984375,46.4939024390244,1014.0243902439042,25.350609756097604,0
920,4,2,1,47,0.041666666666666664,0.020833333333333332,0.9791666666666666,48,800,600,200,0.75,10,6,4,340.9674196782696,0.4435579196217494,0.26190391034811666,0.1882592625237841,129029.04652852904,-801.0597883240043,128227.98674020503,699,0,155.64583333333334,42,6,19,37.3424336353521,0.6004464285714286,46.00290697674419,1015.988372093024,24.190199335548193,0
921,4,0,2,45,0.0,0.0425531914893617,0.9574468085106383,47,1200,800,400,0.6666666666666666,16,8,8,339.74579987997737,0.44385985198889916,0.25528264348164664,0.18828701460860242,129176.76150959986,-622.5475670031773,128554.21394259669,700,1,155.38297872340425,42,5,19,37.22317542020144,0.6019345238095238,45.85755813953489,1016.5697674418611,24.204042081949076,0
922,4,0,1,44,0.0,0.022222222222222223,0.9777777777777777,45,1350,1000,350,0.7407407407407407,17,10,7,373.2995061669627,0.44057239057239056,0.2777354289931877,0.19466265560086438,126732.93856042255,523.8531945974966,127256.79175502005,701,2,163.11111111111111,37,8,18,38.87607081926748,0.5853040540540541,48.27302631578948,1006.9078947368431,27.213726884779543,8
923,4,5,3,46,0.10204081632653061,0.061224489795918366,0.9387755102040817,49,1100,800,300,0.7272727272727273,14,8,6,347.57003781944906,0.4492630385487528,0.2906702150372986,0.18592737523377323,127766.20513048803,-916.9351437554774,126849.26998673256,702,0,150.6530612244898,38,11,16,38.464061784494,0.5940241228070176,47.248931623931625,1011.0042735042739,26.605375618533525,0
924,4,1,0,47,0.02127659574468085,0.0,1.0,47,1150,700,450,0.6086956521739131,16,7,9,387.2855190411578,0.4454787234042554,0.3352101118881443,0.20141041242372745,126622.5560388774,424.4071151672116,127046.96315404461,703,0,158.04255319148936,37,10,16,38.637900824345415,0.584177927927928,48.38267543859649,1006.4692982456145,27.201872925557147,8
925,4,0,3,44,0.0,0.06382978723404255,0.9361702127659575,47,1250,900,350,0.72,16,9,7,386.0925806703964,0.44488128276287386,0.33406984216410374,0.20155200161562586,126777.10503472216,389.53993055555054,127166.64496527771,704,1,159.04255319148936,39,8,16,38.50848158874639,0.5822649572649572,48.229166666666664,1007.0833333333328,25.82264957264956,0
926,4,5,3,46,0.10204081632653061,0.061224489795918366,0.9387755102040817,49,1200,1000,200,0.8333333333333334,14,10,4,357.3332957422698,0.4475092120181406,0.32430269646011434,0.19105306705648328,127745.77100326665,-668.483401053098,127077.28760221355,705,0,147.57142857142858,36,13,15,38.23822917827039,0.5975115740740741,47.269144144144136,1010.9234234234224,28.081206206206176,0
927,4,1,0,47,0.02127659574468085,0.0,1.0,47,1150,700,450,0.6086956521739131,16,7,9,374.8622859486708,0.44461147086031455,0.3413324751504869,0.19935546431895448,127530.03532503829,161.24011381169043,127691.27543884997,706,0,154.82978723404256,35,12,16,38.01671536610519,0.5973214285714286,47.48263888888887,1010.0694444444421,28.859126984126917,0
928,4,1,0,48,0.020833333333333332,0.0,1.0,48,1700,1000,700,0.5882352941176471,24,10,14,370.7973483703056,0.44571882387706857,0.3351193056609225,0.19926308290115377,127950.3203509734,-111.27209814558455,127839.04825282782,707,0,152.58333333333334,37,11,17,37.68819316498682,0.5976914414414414,47.06688596491228,1011.732456140351,27.344120436225705,0
929,4,2,2,48,0.04,0.04,0.96,50,1550,1200,350,0.7741935483870968,19,12,7,356.34771661464737,0.4476275510204082,0.33276740636374313,0.1941787269614172,128506.39349489797,-840.6716170713387,127665.72187782664,708,0,147.44,34,16,14,37.48507886188409,0.609375,46.517857142857146,1013.9285714285716,29.821428571428577,0
930,4,1,1,48,0.02040816326530612,0.02040816326530612,0.9795918367346939,49,1200,600,600,0.5,18,6,12,364.40078887899375,0.44809382086167804,0.33665923230426076,0.1988680538411371,128566.75347222236,-430.03472222220233,128136.71875000016,709,0,150.10204081632654,34,15,15,37.21925499863052,0.6099877450980392,46.45833333333334,1014.1666666666679,29.828431372549055,0
931,4,1,2,47,0.02040816326530612,0.04081632653061224,0.9591836734693877,49,1650,1300,350,0.7878787878787878,20,13,7,361.784724591884,0.4478103741496599,0.3497592269219414,0.19958419407561068,128995.54887099197,-466.27617562584885,128529.27269536612,710,0,150.51020408163265,35,14,17,36.8478456951882,0.6122023809523809,46.03587962962963,1015.8564814814818,29.024470899470906,0
932,4,1,2,46,0.020833333333333332,0.041666666666666664,0.9583333333333334,48,1150,700,450,0.6086956521739131,16,7,9,371.76299974443657,0.4475657505910165,0.3606886534518119,0.20524123344381542,129024.94454089513,-6.659915123444023,129018.28462577169,711,0,154.33333333333334,35,13,18,36.564422419685584,0.6125,46.00694444444445,1015.9722222222229,29.027777777777796,0
933,4,0,0,46,0.0,0.0,1.0,46,1100,700,400,0.6363636363636364,15,7,8,387.3241781661246,0.44559178743961353,0.36944620755315727,0.2122536496350366,128731.13854595354,772.1364883402106,129503.27503429375,712,1,161.80434782608697,35,11,18,36.46973844282238,0.6095238095238096,46.296296296296305,1014.8148148148163,28.994708994709036,0
934,4,2,1,47,0.041666666666666664,0.020833333333333332,0.9791666666666666,48,1400,1000,400,0.7142857142857143,18,10,8,368.9125802147916,0.4482491134751773,0.35911479661479695,0.20568139746221936,129413.28124999988,-48.990483539108595,129364.29076646078,713,0,156.02083333333334,34,14,21,36.240786240786235,0.6185661764705883,45.62499999999999,1017.4999999999991,29.92647058823527,0
935,4,0,1,46,0.0,0.02127659574468085,0.9787234042553191,47,1750,1200,550,0.6857142857142857,23,12,11,365.5502095818473,0.44692414431082333,0.3502870942759857,0.2047345745583259,129591.85157933243,74.46570098495283,129666.31728031738,714,1,158.04255319148936,37,10,18,36.144464785698915,0.6143018018018018,45.44956140350879,1018.2017543859677,27.518966334755884,0
936,4,0,1,45,0.0,0.021739130434782608,0.9782608695652174,46,1850,1300,550,0.7027027027027027,24,13,11,373.52474743519446,0.4457628824476651,0.3601048480184683,0.20895196267414365,129545.08562616687,477.65907799693366,130022.7447041638,715,2,162.45652173913044,36,10,19,35.989122418879056,0.6157407407407407,45.495495495495504,1018.0180180180193,28.278278278278314,0
937,4,0,1,44,0.0,0.022222222222222223,0.9777777777777777,45,1250,700,550,0.56,18,7,11,376.85123966942143,0.44555976430976435,0.3532727272727274,0.21149814471243045,129672.49657064477,773.4482167352611,130445.94478738002,716,3,164.48888888888888,35,10,19,35.77462121212122,0.6190476190476191,45.370370370370374,1018.5185185185189,29.100529100529112,0
938,4,0,1,43,0.0,0.022727272727272728,0.9772727272727273,44,1250,800,450,0.64,17,8,9,377.41259028601473,0.4454391296687808,0.3506045730800289,0.21188596604246335,129685.96938775509,989.0235260770911,130674.99291383217,717,4,168.4318181818182,34,10,19,35.746600825931104,0.6213235294117647,45.357142857142854,1018.5714285714284,29.957983193277308,0
939,4,0,0,43,0.0,0.0,1.0,43,1150,700,450,0.6086956521739131,16,7,9,364.3170180653681,0.44472129937246213,0.2886579375305962,0.19734236378298392,128268.64216887741,803.4984336872103,129072.14060256463,718,5,165.67441860465115,33,10,20,37.526211791273504,0.6092171717171717,46.75245098039216,1012.9901960784318,30.69667260843733,7
940,4,1,0,44,0.022727272727272728,0.0,1.0,44,1350,1100,250,0.8148148148148148,16,11,5,353.1145226450076,0.4444701374207188,0.2804292632971346,0.19314775108990712,128657.32001133781,286.15362811790067,128943.47363945571,719,0,162.88636363636363,34,10,19,37.412970351247736,0.610906862745098,46.36904761904761,1014.5238095238091,29.83893557422968,0
941,4,0,1,43,0.0,0.022727272727272728,0.9772727272727273,44,1150,800,350,0.6956521739130435,15,8,7,353.21677660150846,0.44466834038054964,0.2755665155958411,0.19364456723651818,128747.91843820851,295.18494897957817,129043.10338718808,720,1,163.88636363636363,34,10,20,37.317937438905176,0.6118259803921569,46.2797619047619,1014.8809523809515,29.849439775910337,0
942,4,1,0,44,0.022727272727272728,0.0,1.0,44,850,600,250,0.7058823529411765,11,6,5,355.8572533195692,0.4445141825229035,0.29213587888731474,0.19628506416133695,128989.67013888882,380.38194444443917,129370.05208333326,721,0,164.61363636363637,34,10,22,37.00437517090512,0.6142769607843137,46.041666666666664,1015.8333333333327,29.877450980392137,0
943,4,0,0,44,0.0,0.0,1.0,44,1850,1300,550,0.7027027027027027,24,13,11,356.96779541669594,0.44412878787878785,0.29353003589407844,0.1982771465024874,129265.58036169769,429.0770712172098,129694.6574329149,722,1,165.61363636363637,32,12,23,36.69501696879396,0.6217447916666667,45.770202020202014,1016.9191919191912,31.778724747474726,0
944,4,1,0,45,0.022222222222222223,0.0,1.0,45,1250,1000,250,0.8,15,10,5,349.49047345632357,0.4453282828282828,0.30449481966191505,0.19651376293293116,129746.60572562339,69.04053287979673,129815.64625850318,723,0,162.9111111111111,34,11,18,36.396013476669005,0.6219362745098039,45.29761904761904,1018.8095238095223,29.964985994397715,0
945,4,0,0,45,0.0,0.0,1.0,45,1400,1000,400,0.7142857142857143,18,10,8,350.29554530053747,0.44482323232323234,0.2992305396602959,0.1977310978515819,129898.25857426284,100.55626417231025,129998.81483843515,724,1,163.9111111111111,34,11,19,36.22148584997469,0.623468137254902,45.14880952380951,1019.4047619047603,29.982492997198833,0
946,4,0,0,45,0.0,0.0,1.0,45,1400,900,500,0.6428571428571429,19,9,10,371.6733254236975,0.44450757575757577,0.2695681285570817,0.19649349080364298,127290.80590303117,511.1309047602226,127801.9368077914,725,2,164.9111111111111,36,9,20,38.343004872968045,0.5928819444444444,47.71959459459458,1009.1216216216196,28.0311561561561,8
947,4,1,0,46,0.021739130434782608,0.0,1.0,46,1050,800,250,0.7619047619047619,13,8,5,365.4798597087895,0.4463768115942029,0.272658000896459,0.1947887164382009,127617.73003472216,128.3420138888793,127746.07204861104,726,0,162.30434782608697,37,9,18,38.16365979381442,0.5943130630630631,47.39583333333333,1010.4166666666661,27.30855855855854,0
948,4,2,1,47,0.041666666666666664,0.020833333333333332,0.9791666666666666,48,1400,900,500,0.6428571428571429,19,9,10,355.46749309895154,0.44853538711583923,0.28798010973936927,0.191952446273434,128144.53125000013,-488.6718749999863,127655.85937500015,727,0,156.5,38,10,20,37.87722908093281,0.5978618421052632,46.87500000000001,1012.500000000001,26.64473684210529,0
949,4,2,0,49,0.04081632653061224,0.0,1.0,49,1100,500,600,0.45454545454545453,17,5,12,348.9916473063516,0.4514420351473923,0.30105183757281195,0.19096509240246395,128672.41753472203,-818.880208333355,127853.53732638867,728,0,154.10204081632654,37,12,16,37.50213894592745,0.6050112612612613,46.35416666666666,1014.5833333333318,27.421171171171128,0
950,4,0,0,49,0.0,0.0,1.0,49,1550,1000,550,0.6451612903225806,21,10,11,344.1825067505391,0.45094600340136054,0.2986614237443548,0.1891267554898064,128839.34389667957,-931.1503299092265,127908.19356677034,729,1,155.10204081632654,37,12,17,37.45398621161394,0.6067004504504505,46.18969298245613,1015.241228070174,27.438952110004703,0
951,4,0,0,49,0.0,0.0,1.0,49,1250,1000,250,0.8,15,10,5,323.37918168139106,0.450875141723356,0.2040652356151864,0.17395389043768789,127990.23321311684,-1391.3061270288486,126598.92708608799,730,2,156.10204081632654,40,9,16,38.84683304877641,0.59296875,47.027439024390226,1011.8902439024362,25.297256097560904,8
952,4,1,3,47,0.02,0.06,0.94,50,1750,1200,550,0.6857142857142857,23,12,11,314.8548956800193,0.4517772108843537,0.2044694082246743,0.17078908106255647,128324.66310562476,-1919.1773663163635,126405.4857393084,731,0,153.96,40,10,18,38.72179037111335,0.5963541666666667,46.69715447154471,1013.2113821138195,25.330284552845487,0
953,4,0,1,46,0.0,0.02127659574468085,0.9787234042553191,47,1350,900,450,0.6666666666666666,18,9,9,324.6456332876085,0.4484659266111625,0.21451711759040348,0.17530864197530852,128144.5312499999,-1079.687500000016,127064.84374999988,732,1,164.12765957446808,38,9,19,38.657407407407405,0.5978618421052632,46.87499999999999,1012.4999999999992,26.644736842105242,0
954,4,2,0,48,0.041666666666666664,0.0,1.0,48,1400,1000,400,0.7142857142857143,18,10,8,317.20331253497613,0.4505115986997636,0.22990261518450072,0.17334039604184065,128619.58007812513,-1440.2886284722076,127179.29144965293,733,0,161.4375,39,9,14,38.362172246183334,0.6009615384615384,46.40625000000001,1014.375000000001,26.00961538461541,0
955,4,0,1,47,0.0,0.020833333333333332,0.9791666666666666,48,1200,900,300,0.75,15,9,6,315.5233274168604,0.45029920212765956,0.23040577751076396,0.17304401268051542,128762.65290377753,-1474.475861755569,127288.17704202197,734,1,162.4375,40,8,14,38.259320449918235,0.60078125,46.265243902439025,1014.939024390244,25.3734756097561,0
956,4,0,0,47,0.0,0.0,1.0,47,900,500,400,0.5555555555555556,13,5,8,324.24269410912393,0.44852374344742524,0.2370521147739335,0.17765873599612422,128725.26584201405,-1052.3546006944264,127672.91124131963,735,2,166.82978723404256,39,8,15,38.076113734346144,0.6020299145299146,46.30208333333334,1014.791666666668,26.02029914529918,0
957,4,0,0,47,0.0,0.0,1.0,47,1700,1000,700,0.5882352941176471,24,10,14,321.5475885864986,0.4482924761023743,0.23380898432469155,0.17676956265948118,128857.43408203122,-1113.2405598958344,127744.19352213539,736,3,167.82978723404256,39,8,15,38.010092849081765,0.6033653846153846,46.171875,1015.3124999999998,26.03365384615384,0
958,4,0,1,46,0.0,0.02127659574468085,0.9787234042553191,47,1350,1000,350,0.7407407407407407,17,10,7,321.25577288229107,0.44750231267345053,0.230740034639362,0.17743651238357125,129042.5835503473,-1108.865017361105,127933.7185329862,737,4,168.82978723404256,39,8,17,37.82935206069304,0.6052350427350428,45.989583333333336,1016.0416666666673,26.052350427350444,0
959,4,0,0,46,0.0,0.0,1.0,46,1500,1200,300,0.8,18,12,6,327.41012017222647,0.44638687600644117,0.22681189892858478,0.18106541064408221,129092.79348381894,-746.7425944188976,128346.05088940004,738,5,172.65217391304347,38,8,19,37.62199502382954,0.6074561403508771,45.94017094017093,1016.2393162393147,26.743139901034596,0
960,4,0,0,46,0.0,0.0,1.0,46,1450,900,550,0.6206896551724138,20,9,11,329.7097812425079,0.44603462157809987,0.23286769014414643,0.1832269754957612,129285.00987082535,-674.6478784140221,128610.36199241133,739,6,173.65217391304347,37,9,21,37.36826145552559,0.611204954954955,45.751096491228054,1016.9956140350854,27.486367946894198,0
961,4,0,1,45,0.0,0.021739130434782608,0.9782608695652174,46,1100,800,300,0.7272727272727273,14,8,6,316.9471384236551,0.4461553945249597,0.1446806569739405,0.17633818279501756,129330.57089240871,-1001.8091289906716,128328.76176341804,740,7,174.65217391304347,40,6,17,37.64653478535985,0.6065104166666666,45.706300813008134,1017.1747967479682,25.429369918699205,8
962,4,1,0,46,0.021739130434782608,0.0,1.0,46,1350,1100,250,0.8148148148148148,16,11,5,314.2558474983161,0.4470008051529791,0.154526883410111,0.17668908987151344,129743.78511657976,-1045.4513701099484,128698.33374646981,741,0,174.80434782608697,42,4,14,37.29630334157631,0.6076388888888888,45.300387596899235,1018.798449612405,24.2571059431525,0
963,4,1,1,46,0.02127659574468085,0.02127659574468085,0.9787234042553191,47,1400,1100,300,0.7857142857142857,17,11,6,330.9914286418243,0.44902482269503546,0.19456589288576853,0.17514887777775234,127328.4518771705,-889.3136929895088,126439.13818418099,742,0,172.06382978723406,39,8,13,39.33079179137854,0.5878739316239316,47.682291666666686,1009.2708333333363,25.878739316239393,8
964,4,0,0,46,0.0,0.0,1.0,46,1650,1000,650,0.6060606060606061,23,10,13,335.5476314580058,0.4468599033816425,0.20777344181423207,0.177704821861841,127361.47636788686,-652.8316531521414,126708.64471473472,743,1,176.6086956521739,38,8,14,39.1820138300875,0.5899122807017544,47.64957264957266,1009.4017094017113,26.563202878992403,0
965,4,0,1,45,0.0,0.021739130434782608,0.9782608695652174,46,1500,1300,200,0.8666666666666667,17,13,4,315.7194804310629,0.44660829307568434,0.17917487301751867,0.16261323159201616,126226.95448133671,-1216.3434019359793,125010.61107940073,744,2,177.6086956521739,39,7,19,40.84441190698318,0.576655982905983,48.776041666666664,1004.8958333333326,25.76655982905981,7
966,4,3,0,48,0.0625,0.0,1.0,48,1600,900,700,0.5625,23,9,14,309.1003972112162,0.4512134308510638,0.1296703206267691,0.1588807422416635,126143.47619834953,-1582.3015823806604,124561.17461596886,745,0,163.64583333333334,41,7,18,41.09635262360917,0.5726626016260163,48.85912698412697,1004.5634920634906,24.501548586914403,8
967,4,1,1,48,0.02040816326530612,0.02040816326530612,0.9795918367346939,49,1350,1100,250,0.8148148148148148,16,11,5,306.7928717883587,0.4530541383219955,0.14943447258421516,0.1591488022402108,126519.74288337905,-2036.9289485766913,124482.81393480235,746,0,161.28571428571428,43,6,16,40.76854292168676,0.5736434108527132,48.48484848484848,1006.0606060606044,23.396758280479172,0
968,4,0,1,47,0.0,0.020833333333333332,0.9791666666666666,48,1700,1200,500,0.7058823529411765,22,12,10,305.98976641345183,0.4521553634751773,0.1555786841032396,0.15919555688735096,126638.85952027379,-1849.9609913050942,124788.8985289687,747,1,165.25,43,5,16,40.66674898861606,0.5748546511627908,48.36647727272727,1006.5340909090912,23.40776955602538,0
969,4,4,1,50,0.0784313725490196,0.0196078431372549,0.9803921568627451,51,1250,800,450,0.64,17,8,9,292.7590884483408,0.457483660130719,0.19143668945339964,0.15576571347213236,127549.09682839732,-2730.1498993712576,124818.94692902606,748,0,148.07843137254903,45,6,15,40.070540411286444,0.5814814814814815,47.463768115942024,1010.1449275362313,22.447665056360695,0
970,4,2,0,52,0.038461538461538464,0.0,1.0,52,1850,1600,250,0.8648648648648649,21,16,5,293.39209958513896,0.4575713298139769,0.20342142520056683,0.15746020020067886,127897.80836602773,-2895.158694230685,125002.64967179704,749,0,146.19230769230768,46,6,18,39.69945953841659,0.583786231884058,47.11879432624113,1011.5248226950343,21.989670058587702,0
971,4,1,1,52,0.018867924528301886,0.018867924528301886,0.9811320754716981,53,1250,700,550,0.56,18,7,11,293.14081084684904,0.45839380745041125,0.2171751704765954,0.1586939384276949,128244.99736237075,-3079.8050410643577,125165.19232130639,750,0,144.41509433962264,41,12,20,39.35275873326803,0.5940040650406504,46.775793650793645,1012.8968253968244,24.704800619434742,0
972,4,1,1,52,0.018867924528301886,0.018867924528301886,0.9811320754716981,53,1950,1400,550,0.717948717948718,25,14,11,280.28489908476377,0.45887760038703435,0.09911963221844933,0.14904420170215527,127526.22319529748,-3228.5920989794818,124297.631096318,751,0,145.30188679245282,45,8,17,40.40883851971423,0.58125,47.48641304347825,1010.054347826085,22.445652173913,8
973,4,3,1,54,0.05454545454545454,0.01818181818181818,0.9818181818181818,55,1750,1200,550,0.6857142857142857,23,12,11,287.5321558593107,0.45998877665544335,0.15780003568060752,0.15610764078389017,128360.35358019073,-3612.472947089129,124747.8806331016,752,0,140.92727272727274,43,12,20,39.37764772762667,0.592296511627907,46.6619318181818,1013.3522727272697,23.566331923889994,0
974,4,0,1,53,0.0,0.018518518518518517,0.9814814814814815,54,1700,1300,400,0.7647058823529411,21,13,8,293.1407972610024,0.4586609014675052,0.15883360063882623,0.15932071334751377,128402.47342249632,-3271.999314128965,125130.47410836736,753,1,144.46296296296296,44,10,13,39.19277970643769,0.5913825757575757,46.62037037037036,1013.5185185185164,23.034511784511736,0
975,4,0,1,52,0.0,0.018867924528301886,0.9811320754716981,53,1900,1300,600,0.6842105263157895,25,13,12,343.9064122135971,0.4574715771649734,0.23324551176962816,0.17680437364923202,126151.1423976368,-1732.081111354615,124419.06128628219,754,2,147.9811320754717,38,15,16,40.21433762274451,0.5775767543859649,48.85149572649573,1004.5940170940172,26.436684660368872,8
976,4,3,1,54,0.05454545454545454,0.01818181818181818,0.9818181818181818,55,1850,1100,750,0.5945945945945946,26,11,15,336.3018696897506,0.45875420875420875,0.26455352557047473,0.17581350909097104,126835.9607376563,-2468.9658520060643,124366.99488565025,755,0,143.45454545454547,40,15,14,39.70166633037396,0.58125,48.17073170731708,1007.317073170733,25.182926829268325,0
977,4,0,0,54,0.0,0.0,1.0,54,1850,1200,650,0.6486486486486487,25,12,13,341.7770081316062,0.4582459818308875,0.25354228320329963,0.17867582830171333,126835.96073765634,-2130.076963117177,124705.88377453916,756,1,147.11111111111111,40,14,14,39.56378631961258,0.58125,48.17073170731708,1007.3170731707332,25.182926829268332,0
978,4,0,0,54,0.0,0.0,1.0,54,1350,900,450,0.6666666666666666,18,9,9,342.2641176908564,0.45828237829023993,0.25314616895580766,0.17960717033110662,126989.56164485434,-2107.2059455350545,124882.35569931929,757,2,148.11111111111111,40,14,15,39.393863010015465,0.5828125,48.018292682926834,1007.9268292682934,25.198170731707336,0
979,4,1,1,54,0.01818181818181818,0.01818181818181818,0.9818181818181818,55,2200,1600,600,0.7272727272727273,28,16,12,328.7367547685137,0.46014309764309763,0.19262341658725957,0.1722183129893084,126921.0846422239,-2655.1922818256526,124265.89236039824,758,0,146.4,42,13,13,39.80490912587749,0.5791170634920635,48.086240310077514,1007.655038759689,23.99178663713545,8
980,4,3,3,54,0.05263157894736842,0.05263157894736842,0.9473684210526316,57,1250,900,350,0.72,16,9,7,319.67320008878755,0.46121814954051793,0.22293498606820839,0.16997180220074817,127522.06457328975,-3246.8076863033307,124275.25688698642,759,0,141.98245614035088,43,14,14,39.418479279955,0.5838178294573644,47.490530303030305,1010.0378787878791,23.489252995066956,0
981,4,0,2,52,0.0,0.037037037037037035,0.962962962962963,54,1400,900,500,0.6428571428571429,19,9,10,336.2954680632166,0.45787473794549266,0.21004310794886716,0.1780429951387989,127348.32523630116,-2234.66707151827,125113.65816478289,760,1,150.42592592592592,40,14,14,39.176609276412954,0.5864583333333333,47.66260162601626,1009.349593495935,25.233739837398375,0
982,4,2,1,53,0.037037037037037035,0.018518518518518517,0.9814814814814815,54,1900,1300,600,0.6842105263157895,25,13,12,324.9146716074591,0.45885744234800835,0.23208975398756482,0.17482568886189861,128000.75058109497,-2482.1356318870558,125518.61494920791,761,0,149.12962962962962,43,11,16,38.79725809470337,0.5886627906976745,47.01704545454545,1011.9318181818176,23.53329809725157,0
983,4,5,3,55,0.08620689655172414,0.05172413793103448,0.9482758620689655,58,1800,1300,500,0.7222222222222222,23,13,10,328.15736923783317,0.46389140955837865,0.24414260138553723,0.17102789949689426,126710.3564049587,-3235.352100550962,123475.00430440773,762,0,139.70689655172413,43,15,17,40.03558439929771,0.5755813953488372,48.29545454545455,1006.8181818181821,23.41437632135307,8
984,4,1,1,55,0.017857142857142856,0.017857142857142856,0.9821428571428571,56,1450,1100,350,0.7586206896551724,18,11,7,334.0051607487881,0.46428571428571425,0.25764618978904763,0.1745592582193889,126823.4624290154,-2728.0618089357868,124095.40062007961,763,0,144.35714285714286,42,14,19,39.7723264389931,0.578125,48.18313953488371,1007.2674418604628,23.982558139534827,0
985,4,3,4,54,0.05172413793103448,0.06896551724137931,0.9310344827586207,58,1750,1300,450,0.7428571428571429,22,13,9,320.114884897518,0.46618521879411173,0.26915050040316935,0.16987118344561686,127442.37075617262,-3439.9079373902664,124002.46281878235,764,0,140.29310344827587,41,17,14,39.48876662081617,0.5858739837398375,47.569444444444436,1009.7222222222204,24.62737127371269,0
986,4,1,1,54,0.01818181818181818,0.01818181818181818,0.9818181818181818,55,1650,1300,350,0.7878787878787878,20,13,7,335.7078590261575,0.46415544332211,0.2838586150582856,0.17729914517597384,127249.61480034713,-2456.26085069445,124793.35394965268,765,0,144.36363636363637,39,16,22,39.29253561841835,0.5870726495726496,47.760416666666664,1008.9583333333326,25.870726495726476,0
987,4,2,2,54,0.03571428571428571,0.03571428571428571,0.9642857142857143,56,2200,1700,500,0.7727272727272727,27,17,10,329.788681701359,0.46476596320346325,0.307074774540528,0.1770007222766318,127899.37245545643,-2764.0469134967834,125135.32554195964,766,0,142.39285714285714,42,14,20,38.777461123351536,0.5890376984126984,47.117248062015506,1011.5310077519382,24.084071613141386,0
988,4,2,2,54,0.03571428571428571,0.03571428571428571,0.9642857142857143,56,1550,1200,350,0.7741935483870968,19,12,7,323.19242690186564,0.4666599025974026,0.31007962625609653,0.17498458570121123,128250.02170138936,-2909.17390124537,125340.84780014398,767,0,141.42857142857142,39,17,22,38.5866584395996,0.5972222222222222,46.77083333333336,1012.9166666666705,25.97222222222232,0
989,4,1,2,53,0.01818181818181818,0.03636363636363636,0.9636363636363636,55,1400,800,600,0.5714285714285714,20,8,12,322.8870874965079,0.46725589225589226,0.30972791720762527,0.1758623403807229,128487.53390842045,-2702.6068793402437,125784.92702908021,768,0,142.65454545454546,39,16,16,38.35244785780336,0.5996260683760684,46.53645833333335,1013.8541666666691,25.996260683760745,0
990,4,1,4,50,0.018518518518518517,0.07407407407407407,0.9259259259259259,54,1600,1000,600,0.625,22,10,12,328.8188623371043,0.467388772420219,0.3059587936334025,0.17944957644137072,128566.75347222244,-2344.9652777777565,126221.78819444469,769,0,145.94444444444446,39,15,19,38.12140509449467,0.6004273504273504,46.45833333333334,1014.1666666666684,26.00427350427355,0
991,4,0,0,50,0.0,0.0,1.0,50,1300,900,400,0.6923076923076923,17,9,8,338.2772052784816,0.4650255102040816,0.2878814109500112,0.1836873050049194,128366.66690712527,-1315.2965335487816,127051.37037357649,770,3,146.0,37,13,23,38.085641636009534,0.6019144144144144,46.655701754385966,1013.3771929824562,27.388572783309627,0
992,4,1,0,51,0.0196078431372549,0.0,1.0,51,1850,1400,450,0.7567567567567568,23,14,9,334.4574443987381,0.4651797385620915,0.2795134265939241,0.18332436609022593,128740.1737366681,-1588.3781001168886,127151.79563655122,771,0,144.11764705882354,38,13,23,37.80178615292837,0.6038925438596492,46.28739316239316,1014.8504273504271,26.706590193432294,0
993,4,0,0,51,0.0,0.0,1.0,51,1850,1500,350,0.8108108108108109,22,15,7,338.20907297830354,0.4654901960784314,0.277606837606837,0.18630160799652315,128936.76757812504,-1478.4830729166645,127458.28450520837,772,1,145.11764705882354,39,12,23,37.50641025641027,0.6041666666666667,46.09375,1015.6250000000003,26.041666666666675,0
994,4,0,1,50,0.0,0.0196078431372549,0.9803921568627451,51,1600,1200,400,0.75,20,12,8,338.3847878564415,0.4651470588235294,0.2661296967285429,0.18727285167982416,129121.97401258688,-1461.4176432291608,127660.55636935773,773,2,146.11764705882354,39,12,23,37.31348860647057,0.6060363247863247,45.911458333333336,1016.3541666666673,26.060363247863265,0
995,4,0,0,50,0.0,0.0,1.0,50,1150,700,450,0.6086956521739131,16,7,9,342.97158923501917,0.4634948979591837,0.2691897004729378,0.19006259007403614,129174.2357572683,-1139.381414822155,128034.85434244614,774,3,149.88,38,12,23,37.1437642319145,0.6082785087719298,45.86004273504272,1016.5598290598266,26.751574448942804,0
996,4,0,0,50,0.0,0.0,1.0,50,1150,900,250,0.782608695652174,14,9,5,342.9173462661435,0.4633673469387755,0.269140280766472,0.19003579683198701,129174.9145507811,-1140.7362196180693,128034.17833116304,775,4,150.88,39,11,23,37.144452129658085,0.6065705128205128,45.85937499999999,1016.5624999999989,26.0657051282051,0
997,4,3,4,49,0.05660377358490566,0.07547169811320754,0.9245283018867925,53,1200,900,300,0.75,15,9,6,326.1126054378373,0.4641539671020803,0.27227507715106203,0.1843317053722714,129951.54303200787,-2124.2273188857253,127827.31571312215,776,0,143.28301886792454,40,13,16,36.783821721651876,0.6127604166666667,45.096544715447145,1019.6138211382099,25.490345528455247,0
998,4,1,2,48,0.02,0.04,0.96,50,1450,900,550,0.6206896551724138,20,9,11,333.58020131981743,0.46440476190476193,0.2141189574515483,0.17847932344751596,127774.23327043242,-1451.8512890131215,126322.3819814193,777,0,150.34,36,14,17,38.80945087992871,0.5978009259259259,47.24099099099098,1011.0360360360346,28.084334334334294,8
999,4,0,3,45,0.0,0.0625,0.9375,48,1900,1300,600,0.6842105263157895,25,13,12,366.4445534782318,0.46233192966903075,0.27901438064583073,0.1868304655663765,125808.5951063369,-379.08931088499355,125429.5057954519,778,1,156.9375,39,9,20,40.002011732945675,0.5723824786324787,49.192708333333336,1003.2291666666674,25.723824786324805,8
1000,4,4,2,47,0.08163265306122448,0.04081632653061224,0.9591836734693877,49,1000,400,600,0.4,16,4,12,356.09318726920174,0.46297477324263037,0.29093027340579947,0.18518863263138807,126622.55603887717,-781.2351817386357,125841.32085713853,581,0,137.91836734693877,37,12,17,39.422753931074524,0.584177927927928,48.38267543859648,1006.4692982456127,27.201872925557097,0
1001,4,2,1,48,0.04081632653061224,0.02040816326530612,0.9795918367346939,49,1400,1000,400,0.7142857142857143,18,10,8,356.36480179476393,0.4617524092970522,0.3101197067974475,0.18687422533140052,126960.75439453126,-751.1311848958326,126209.62320963544,582,0,138.57142857142858,39,10,19,39.06815245478036,0.5841346153846154,48.046875,1007.8125000000001,25.841346153846157,0
1002,4,1,1,48,0.02040816326530612,0.02040816326530612,0.9795918367346939,49,1350,700,650,0.5185185185185185,20,7,13,350.7833670016086,0.4623724489795918,0.32072093489743847,0.18638334799872727,127493.93449935134,-855.0427757653212,126638.89172358601,583,0,137.6122448979592,33,16,16,38.66174715851636,0.6013257575757576,47.51838235294118,1009.9264705882364,30.60383244206777,0
1003,4,1,2,47,0.02040816326530612,0.04081632653061224,0.9591836734693877,49,1200,1000,200,0.8333333333333334,14,10,4,351.3755038074923,0.46203585600907027,0.32855857855449,0.18795254291233573,127763.95486379022,-821.3751982596062,126942.57966553062,584,0,138.20408163265307,35,14,18,38.37018221713413,0.5997023809523809,47.251157407407405,1010.9953703703698,28.88558201058199,0
1004,4,1,2,46,0.020833333333333332,0.041666666666666664,0.9583333333333334,48,1800,1400,400,0.7777777777777778,22,14,8,355.3058746688546,0.46137152777777773,0.32865986354546517,0.19128912226472022,128024.02388038542,-502.46244331067146,127521.56143707475,585,0,141.58333333333334,34,14,19,38.00459749833351,0.6044730392156863,46.99404761904761,1012.023809523809,29.76540616246497,0
1005,4,1,3,44,0.02127659574468085,0.06382978723404255,0.9361702127659575,47,1450,1200,250,0.8275862068965517,17,12,5,363.6491563435616,0.4618987049028677,0.33362279329724087,0.19561244846441594,127989.47707912818,-91.34692786429292,127898.13015126389,586,0,144.9787234042553,33,14,20,37.82888761051227,0.6063762626262627,47.0281862745098,1011.8872549019604,30.663250148544254,0
1006,4,1,0,45,0.022222222222222223,0.0,1.0,45,1300,800,500,0.6153846153846154,18,8,10,375.0646089380879,0.4613215488215488,0.33109938359005153,0.2013736659875609,127913.92220391182,595.197041829447,128509.11924574127,587,0,145.6888888888889,31,14,21,37.61758806367185,0.6105510752688172,47.10286458333334,1011.5885416666679,32.63188844086025,0
1007,4,1,2,44,0.021739130434782608,0.043478260869565216,0.9565217391304348,46,1350,1100,250,0.8148148148148148,16,11,5,362.80422582515206,0.4622886473429952,0.3230822909277551,0.1969172828290728,128348.74561004162,113.508835482808,128462.25444552442,588,0,143.5,30,16,23,37.48259052924791,0.6177083333333333,46.67338709677419,1013.3064516129032,33.776881720430104,0
1008,4,0,1,43,0.0,0.022727272727272728,0.9772727272727273,44,1300,900,400,0.6923076923076923,17,9,8,365.926708509896,0.46282593375616626,0.3027427211681013,0.19882108652246555,128390.74315200625,596.3204089506291,128987.06356095689,589,1,139.70454545454547,29,15,20,37.360530583344755,0.6210488505747127,46.63194444444445,1013.4722222222229,34.94731800766286,0
1009,4,1,0,44,0.022727272727272728,0.0,1.0,44,1300,1000,300,0.7692307692307693,16,10,6,364.86222630156465,0.4623634601832276,0.30493804116138246,0.1997349489739314,128689.46419022445,590.7848812001635,129280.24907142461,590,0,140.6590909090909,30,14,22,37.08217423941361,0.6211805555555556,46.33736559139786,1014.6505376344097,33.82168458781366,0
1010,4,4,1,47,0.08333333333333333,0.020833333333333332,0.9791666666666666,48,1400,700,700,0.5,21,7,14,327.11270509942506,0.465056146572104,0.30354174177783144,0.18503771714019848,129981.25908604878,-1095.279551557982,128885.9795344908,591,0,129.85416666666666,33,15,21,36.728232784521104,0.6265782828282829,45.06740196078432,1019.7303921568639,30.900920974450422,0
1011,4,0,0,47,0.0,0.0,1.0,47,1100,700,400,0.6363636363636364,15,7,8,335.48903736659094,0.4631321307431391,0.31222883996849493,0.18989102696635976,130004.92814827565,-676.9543605244405,129327.97378775121,592,1,133.61702127659575,32,15,22,36.49070405678676,0.6292317708333333,45.04419191919192,1019.823232323232,31.869476010101,0
1012,4,0,1,46,0.0,0.02127659574468085,0.9787234042553191,47,1200,900,300,0.75,15,9,6,335.50797494756716,0.4625346901017577,0.31052086981019267,0.19052986265293684,130133.7255924141,-667.8194508213429,129465.90614159276,593,2,134.61702127659575,32,15,23,36.35972239409314,0.6305338541666667,44.917929292929294,1020.3282828282834,31.885258838383855,0
1013,4,1,1,46,0.02127659574468085,0.02127659574468085,0.9787234042553191,47,1250,900,350,0.72,16,9,7,328.29688263352807,0.4633248535306815,0.2197456064337444,0.17983484555688276,128715.26668137731,-874.9188725757596,127840.34780880155,594,0,133.61702127659575,36,11,18,37.98343691044279,0.607349537037037,46.31193693693694,1014.7522522522522,28.18756256256256,8
1014,4,1,3,44,0.02127659574468085,0.06382978723404255,0.9361702127659575,47,1100,800,300,0.7272727272727273,14,8,6,327.3625013288224,0.46303576934936785,0.24416786363732856,0.1806200076139025,129001.10995708543,-953.9747940508099,128047.13516303462,595,0,134.53191489361703,36,11,21,37.71639323061006,0.6102430555555556,46.0304054054054,1015.8783783783781,28.218843843843835,0
1015,4,0,0,44,0.0,0.0,1.0,44,1450,800,650,0.5517241379310345,21,8,13,336.8861479846578,0.4616697498238196,0.23188964960071257,0.18584850539669018,128995.5488709919,-108.6372867369765,128886.91158425492,596,1,139.9318181818182,35,9,21,37.48018020584103,0.6122023809523809,46.035879629629626,1015.8564814814811,29.024470899470888,0
1016,4,0,0,44,0.0,0.0,1.0,44,1400,1200,200,0.8571428571428571,16,12,4,338.89721533751276,0.4614605355884425,0.2338478972550997,0.18752589628577887,129115.53603857238,-48.620875943507684,129066.91516262887,597,2,140.9318181818182,36,8,22,37.30701754385966,0.611400462962963,45.917792792792795,1016.328828828829,28.23135635635636,0
1017,4,0,0,44,0.0,0.0,1.0,44,1250,900,350,0.72,16,9,7,336.30550170667243,0.46118525369978863,0.2379963590852201,0.18719373366054098,129348.51794249396,-99.84782206584788,129248.67012042811,598,3,141.9318181818182,35,9,23,37.13602704137748,0.6157738095238094,45.688657407407405,1017.24537037037,29.06415343915343,0
1018,4,1,2,43,0.022222222222222223,0.044444444444444446,0.9555555555555556,45,1350,1000,350,0.7407407407407407,17,10,7,325.0916964834936,0.46210016835016837,0.23300780050365466,0.18252355026028577,129688.42734203817,-567.8738282200902,129120.55351381807,599,0,139.75555555555556,36,9,19,37.076423438363754,0.6171875,45.35472972972974,1018.5810810810825,28.29391891891896,0
1019,4,0,3,40,0.0,0.06976744186046512,0.9302325581395349,43,1000,500,500,0.5,15,5,10,337.42511806102436,0.4612864525655223,0.23530499628766366,0.18870648688945865,129534.44054705238,141.63477891159087,129676.07532596398,600,1,144.46511627906978,34,9,20,36.91868397458387,0.6197916666666667,45.505952380952394,1017.9761904761923,29.940476190476243,0
1020,4,1,2,39,0.024390243902439025,0.04878048780487805,0.9512195121951219,41,1200,800,400,0.6666666666666666,16,8,8,346.8338268604048,0.460645325203252,0.21375569826639618,0.19406808785395185,129554.63927469151,786.7862654321196,130341.42554012363,601,0,140.5121951219512,32,9,20,36.6587085038654,0.6246744791666667,45.48611111111112,1018.0555555555568,31.81423611111115,0
1021,4,1,1,39,0.025,0.025,0.975,40,1150,800,350,0.6956521739130435,15,8,7,373.6305410119294,0.4608573717948718,0.2677532719340767,0.20020774184613252,127834.5167723952,1552.575932333715,129387.09270472892,602,0,144.75,33,7,18,37.7352964937793,0.6047979797979798,47.181372549019606,1011.2745098039213,30.644682115270342,8
1022,4,1,1,39,0.025,0.025,0.975,40,1750,1300,450,0.7428571428571429,22,13,9,369.0155633456958,0.45989583333333334,0.2770576131687239,0.19926840420667585,128144.53125000012,1457.4652777777912,129601.99652777791,603,0,145.325,33,7,19,37.53429355281207,0.6079545454545454,46.87500000000001,1012.5000000000009,30.68181818181821,0
1023,4,0,0,39,0.0,0.0,1.0,39,1150,1000,150,0.8695652173913043,13,10,3,380.2688589479051,0.45791160593792174,0.2850481189011811,0.20501785085308397,128080.61876658008,1941.0141503418195,130021.6329169219,604,1,149.84615384615384,32,7,19,37.314976508253295,0.6097005208333333,46.93813131313132,1012.2474747474758,31.63273358585862,0
1024,4,0,0,39,0.0,0.0,1.0,39,1300,1100,200,0.8461538461538461,15,11,4,377.70460445581676,0.4578272604588394,0.2758911702933644,0.20428648903169994,128208.45967567104,1884.9851099377852,130093.44478560882,605,2,150.84615384615384,32,7,20,37.24883638781534,0.6110026041666667,46.8118686868687,1012.7525252525268,31.64851641414146,0
1025,4,0,0,39,0.0,0.0,1.0,39,1300,900,400,0.6923076923076923,17,9,8,376.21283035467394,0.4574336482231219,0.2721539611646768,0.20429527580694273,128368.35048719523,1858.7640929497065,130227.11458014493,606,3,151.84615384615384,32,7,16,37.122840352188724,0.6126302083333333,46.65404040404041,1013.3838383838388,31.668244949494962,0
1026,4,1,0,40,0.025,0.0,1.0,40,950,600,350,0.631578947368421,13,6,7,367.90123456790116,0.4577056623931624,0.27050724637681167,0.20146972369194585,128703.50346020758,1470.0355632448986,130173.53902345247,607,0,149.025,33,7,19,36.99074074074071,0.6136363636363636,46.3235294117647,1014.7058823529409,30.74866310160427,0
1027,4,0,2,38,0.0,0.05,0.95,40,1150,900,250,0.782608695652174,14,9,5,371.51148865891355,0.45697115384615383,0.26573135409123827,0.20440532503504372,128890.09785899655,1576.8304257977716,130466.92828479433,608,1,150.025,33,7,20,36.708504304449264,0.615530303030303,46.13970588235294,1015.4411764705883,30.77094474153298,0
1028,4,2,0,40,0.05,0.0,1.0,40,950,600,350,0.631578947368421,13,6,7,370.84367475559367,0.45758547008547007,0.28153405666063946,0.20548752719423172,129170.2428903546,1580.3935085063358,130750.63639886094,609,0,150.25,33,7,22,36.439496684749855,0.6183712121212122,45.86397058823529,1016.5441176470582,30.804367201426007,0
1029,4,1,0,41,0.024390243902439025,0.0,1.0,41,950,700,250,0.7368421052631579,12,7,5,369.7770229487679,0.45752032520325203,0.3025758720474403,0.20743884795584983,129655.65653344667,1388.7365362811752,131044.39306972784,610,0,147.5609756097561,34,7,18,35.97189752581336,0.6210171568627452,45.38690476190476,1018.4523809523806,29.954481792717075,0
1030,4,0,1,40,0.0,0.024390243902439025,0.975609756097561,41,1350,900,450,0.6666666666666666,18,9,9,370.80801082978604,0.45701219512195124,0.3030271943097984,0.2086617859758144,129776.92920918361,1424.4649943310578,131201.39420351468,611,1,148.5609756097561,34,7,18,35.82218522413053,0.6222426470588236,45.26785714285714,1018.9285714285709,29.968487394957968,0
1031,4,0,0,40,0.0,0.0,1.0,40,1050,700,350,0.6666666666666666,14,7,7,372.18046003877737,0.4568108974358975,0.29237196441452307,0.21002693803273748,129887.55076172632,1668.3216791618702,131555.8724408882,612,2,146.05,33,7,18,35.674641340065726,0.6256313131313131,45.1593137254902,1019.3627450980397,30.88978015448605,0
1032,4,0,0,40,0.0,0.0,1.0,40,1650,1000,650,0.6060606060606061,23,10,13,374.1948130101915,0.45616987179487184,0.2927743059728396,0.2116706348781649,129981.25908604871,1727.6625877066572,131708.92167375537,613,3,147.05,33,7,18,35.52795637543566,0.6265782828282829,45.067401960784316,1019.7303921568633,30.900920974450404,0
1033,4,0,1,39,0.0,0.025,0.975,40,1300,1000,300,0.7692307692307693,16,10,6,372.84260837413973,0.45575587606837603,0.2866396396396391,0.21158246180741078,130106.25608239634,1701.8311767108964,131808.08725910724,614,4,148.05,33,7,20,35.43531031031032,0.6278409090909092,44.94485294117648,1020.2205882352953,30.915775401069553,0
1034,4,1,0,40,0.025,0.0,1.0,40,700,400,300,0.5714285714285714,10,4,6,374.4991127379981,0.45547542735042734,0.28883996267350964,0.21304451848061443,130201.83000283457,1752.0939625850447,131953.9239654196,615,0,148.85,34,6,21,35.29589019790817,0.626531862745098,44.85119047619048,1020.5952380952389,30.017507002801143,0
1035,4,0,0,40,0.0,0.0,1.0,40,750,600,150,0.8,9,6,3,374.6936190215828,0.4550480769230769,0.28447462382045363,0.21385351967738395,130329.05578613293,1766.7356322411924,132095.7914183741,616,1,149.85,31,9,22,35.16162968630451,0.6350806451612903,44.72656250000001,1021.0937500000009,32.93850806451616,0
1036,4,0,1,39,0.0,0.025,0.975,40,1500,1200,300,0.8,18,12,6,378.1412285479953,0.4545272435897436,0.22449465272064906,0.2048124579067403,128265.09530895685,1700.4641439909233,129965.55945294777,617,2,150.85,34,6,19,37.17975085203903,0.6069240196078431,46.75595238095238,1012.9761904761899,29.793417366946763,8
1037,4,0,1,38,0.0,0.02564102564102564,0.9743589743589743,39,1450,900,550,0.6206896551724138,20,9,11,383.9231383786638,0.45324448942869994,0.23301169617850448,0.20812410393287958,128299.6792850106,2051.443104815463,130351.12238982607,618,8,155.66666666666666,33,6,19,36.99787810975364,0.6095328282828283,46.7218137254902,1013.1127450980395,30.700386215092106,0
1038,4,2,0,40,0.05,0.0,1.0,40,1200,800,400,0.6666666666666666,16,8,8,369.8599386266599,0.4536458333333333,0.23681497094679305,0.2040390120255306,128995.54887099187,1542.0571577074668,130537.60602869935,619,0,149.125,35,5,15,36.64276423227375,0.6122023809523809,46.035879629629626,1015.8564814814808,29.02447089947088,0
1039,4,2,4,38,0.047619047619047616,0.09523809523809523,0.9047619047619048,42,1000,600,400,0.6,14,6,8,353.64655842198715,0.45611933797909404,0.2380670247200467,0.1976460567026672,129508.1314082216,760.020992035993,130268.15240025759,620,0,142.97619047619048,37,5,15,36.532617867786996,0.6134572072072072,45.53179824561403,1017.8728070175425,27.510075865338987,0
1040,4,0,1,37,0.0,0.02631578947368421,0.9736842105263158,38,1750,1300,450,0.7428571428571429,22,13,9,372.53982889606954,0.45046526789947844,0.2331157032428941,0.20738454970142722,129352.72285997706,2037.8082482992907,131390.53110827637,621,1,151.23684210526315,34,4,20,36.210259410961584,0.617953431372549,45.684523809523796,1017.2619047619027,29.919467787114783,0
1041,4,0,0,37,0.0,0.0,1.0,37,1250,800,450,0.64,17,8,9,378.18032951573184,0.4502627627627627,0.2246544303879887,0.21071497286171834,129388.34372597066,2386.4252931564615,131774.76901912712,622,2,150.32432432432432,33,4,20,36.030474584437485,0.6205808080808081,45.64950980392156,1017.4019607843127,30.830362448009474,0
1042,4,1,0,38,0.02631578947368421,0.0,1.0,38,1500,1000,500,0.6666666666666666,20,10,10,381.18867982414645,0.44997629208155526,0.18568364346866684,0.21122453841780575,129171.13272392294,2250.6582902769005,131421.79101419984,623,0,147.3421052631579,34,4,18,36.17568411601671,0.6161151960784313,45.86309523809524,1016.5476190476194,29.89845938375351,8
1043,4,1,3,36,0.02564102564102564,0.07692307692307693,0.9230769230769231,39,1200,1100,100,0.9166666666666666,13,11,2,372.6179274668806,0.45032051282051283,0.18159293521951403,0.20790718302786532,129443.56575963722,1846.6021825396829,131290.1679421769,624,0,144.53846153846155,34,5,15,36.11566058337233,0.6188725490196079,45.595238095238095,1017.6190476190479,29.92997198879553,0
1044,4,1,0,37,0.02702702702702703,0.0,1.0,37,950,600,350,0.631578947368421,13,6,7,388.2704069273832,0.4476664164164164,0.20894009618708487,0.21548873790394324,129233.48263251195,2635.507378073663,131868.9900105856,625,0,153.0810810810811,32,5,20,35.932002566331384,0.6214192708333333,45.801767676767675,1016.792929292929,31.77477904040403,0
1045,4,0,0,37,0.0,0.0,1.0,37,900,500,400,0.5555555555555556,13,5,8,390.35866363459786,0.4470407907907908,0.207050645481629,0.2171774443536132,129329.78777675741,2697.0006249362273,132026.78840169363,626,1,154.0810810810811,32,5,20,35.78052590201922,0.6223958333333333,45.707070707070706,1017.1717171717166,31.786616161616145,0
1046,4,0,1,36,0.0,0.02702702702702703,0.972972972972973,37,1350,700,650,0.5185185185185185,20,7,13,391.4843834111104,0.44629004004004,0.2028198718950165,0.21847354300039346,129450.69204152223,2735.5848712033494,132186.2769127256,627,2,155.0810810810811,33,4,17,35.628412010276165,0.6212121212121212,45.58823529411763,1017.6470588235272,30.837789661319007,0
1047,4,1,0,37,0.02702702702702703,0.0,1.0,37,1150,800,350,0.6956521739130435,15,8,7,388.8913506554814,0.4490740740740741,0.19273425049598303,0.21806255897078608,129637.82709775082,2683.005935217212,132320.83303296805,628,0,154.35135135135135,33,4,19,35.503409546730836,0.6231060606060606,45.40441176470588,1018.3823529411761,30.86007130124776,0
1048,4,0,1,36,0.0,0.02702702702702703,0.972972972972973,37,1350,1000,350,0.7407407407407407,17,10,7,390.20561197854994,0.4479792292292292,0.1859525140282241,0.21957724082343236,129776.92920918361,2727.9372165532795,132504.8664257369,629,1,155.35135135135135,34,3,19,35.32806597343926,0.6222426470588236,45.26785714285714,1018.9285714285709,29.968487394957968,0
1049,4,2,0,38,0.05263157894736842,0.0,1.0,38,900,500,400,0.5555555555555556,13,5,8,385.1906404443981,0.44985775248933146,0.18774356801403647,0.21930253441440592,130233.05047850228,2432.9104241683876,132665.96090267066,630,0,152.10526315789474,35,3,21,34.99133027176173,0.624702380952381,44.820601851851855,1020.717592592593,29.1633597883598,0
1050,4,0,0,38,0.0,0.0,1.0,38,1000,800,200,0.8,12,8,4,385.84459172811955,0.44944286391654814,0.18546660332046883,0.22020643707165163,130327.04132550258,2457.206857213769,132784.24818271634,631,1,153.10526315789474,32,6,21,34.87902394789992,0.6324869791666667,44.72853535353536,1021.0858585858592,31.9089330808081,0
1051,4,0,0,38,0.0,0.0,1.0,38,1200,800,400,0.6666666666666666,16,8,8,387.61381052104036,0.44883534850640117,0.18610276618157662,0.22250682144378026,130552.75769054181,2520.8103764921952,133073.568067034,632,2,154.10526315789474,32,6,18,34.604336545589305,0.634765625,44.50757575757576,1021.9696969696971,31.936553030303035,0
1052,4,1,2,37,0.02564102564102564,0.05128205128205128,0.9487179487179487,39,1500,1100,400,0.7333333333333333,19,11,8,376.87514684000274,0.4501799370220423,0.16194690265486744,0.2108261960045564,129545.08562616698,1964.4646335525044,131509.5502597195,633,0,151.12820512820514,36,3,15,35.903853244837755,0.6157407407407407,45.49549549549551,1018.0180180180203,28.27827827827834,8
1053,4,0,0,37,0.0,0.0,1.0,37,1850,1600,250,0.8648648648648649,21,16,5,387.6584320780987,0.44375625625625625,0.17921523019745678,0.2169669444458049,129564.73922902491,2645.3727324263014,132210.1119614512,634,1,160.0810810810811,34,3,16,35.60936038353603,0.6200980392156863,45.476190476190474,1018.0952380952378,29.943977591036408,0
1054,4,0,0,37,0.0,0.0,1.0,37,1150,700,450,0.6086956521739131,16,7,9,385.95310576427204,0.44325575575575576,0.172028069200306,0.2170162075644309,129746.6057256235,2615.221088435367,132361.82681405888,635,2,161.0810810810811,34,3,16,35.467301550206436,0.6219362745098039,45.297619047619044,1018.8095238095232,29.96498599439774,0
1055,4,0,0,37,0.0,0.0,1.0,37,750,400,350,0.5333333333333333,11,4,7,386.08721285701813,0.4434121621621621,0.16506693609497347,0.2174280619773733,129807.2562358276,2623.3843537414905,132430.64058956908,636,3,162.0810810810811,34,3,16,35.402063862928344,0.6225490196078431,45.238095238095234,1019.0476190476186,29.971988795518193,0
1056,4,0,0,37,0.0,0.0,1.0,37,1250,1100,150,0.88,14,11,3,388.39735610653804,0.4425988488488488,0.16639760359951072,0.21896460421729685,129849.38298396782,2686.6314086076836,132536.0143925755,637,4,163.0810810810811,35,2,16,35.3002687561511,0.6208333333333333,45.19675925925926,1019.2129629629635,29.120370370370384,0
1057,4,1,0,38,0.02631578947368421,0.0,1.0,38,1150,700,450,0.6086956521739131,16,7,9,384.4255408527622,0.44277501185395923,0.1907449783879991,0.21051874856222683,128703.50346020753,2305.068034952719,131008.57149516026,638,0,159.76315789473685,33,5,19,36.5715579710145,0.6136363636363636,46.3235294117647,1014.7058823529405,30.748663101604258,8
1058,4,0,0,38,0.0,0.0,1.0,38,1100,700,400,0.6363636363636364,15,7,8,385.6114478869338,0.44276019440493125,0.19025480014491025,0.2113334480444538,128734.59314025847,2328.3065707900737,131062.89971104854,639,1,160.76315789473685,33,5,19,36.50965563740289,0.6139520202020202,46.29289215686274,1014.8284313725483,30.75237670825904,0
1059,4,0,0,38,0.0,0.0,1.0,38,1100,700,400,0.6363636363636364,15,7,8,385.43069831482524,0.44256756756756754,0.19379433862803475,0.21223017919833603,128921.2100664408,2338.038404700115,131259.24847114092,640,2,161.76315789473685,33,5,20,36.323332729978674,0.6158459595959596,46.10906862745098,1015.5637254901962,30.774658348187764,0
1060,4,0,0,38,0.0,0.0,1.0,38,1250,1000,250,0.8,15,10,5,385.03465305475106,0.4418711474632527,0.19858421687511907,0.21251246829719608,129014.56921616681,2335.0159794309848,131349.58519559779,641,3,162.76315789473685,33,5,20,36.23793727382389,0.6167929292929293,46.0171568627451,1015.9313725490192,30.785799168152096,0
1061,4,0,0,38,0.0,0.0,1.0,38,1150,1000,150,0.8695652173913043,13,10,3,392.6529072884023,0.4418711474632527,0.17698357976454915,0.20911050178847468,127586.7755190311,2419.5988321799236,130006.37435121102,642,4,163.76315789473685,33,5,17,37.509097525473074,0.6022727272727273,47.42647058823529,1010.2941176470586,30.614973262032077,7
1062,4,0,0,38,0.0,0.0,1.0,38,800,500,300,0.625,11,5,6,389.31229947134347,0.44163406827880514,0.18188723081047242,0.20765001432346045,127648.6883049789,2339.0408737024263,129987.72917868133,643,5,164.76315789473685,33,5,17,37.52981243431159,0.6029040404040404,47.365196078431374,1010.5392156862749,30.622400475341664,0
1063,4,2,3,37,0.05,0.075,0.925,40,1200,800,400,0.6666666666666666,16,8,8,374.01481036460285,0.44505876068376066,0.19143159379407604,0.20242480957901016,128234.94897959182,1593.3151937245466,129828.26417331636,644,0,157.475,34,6,19,37.31512498041059,0.6066176470588236,46.785714285714285,1012.8571428571427,29.78991596638655,0
1064,4,1,0,38,0.02631578947368421,0.0,1.0,38,1100,700,400,0.6363636363636364,15,7,8,380.2929600544728,0.4431602655286866,0.18998778377277814,0.2069594319454343,128454.92118416006,2170.1004421376565,130625.02162629772,645,0,158.05263157894737,33,5,17,36.930810767246946,0.6111111111111112,46.5686274509804,1013.7254901960794,30.718954248366042,0
1065,4,1,1,38,0.02564102564102564,0.02564102564102564,0.9743589743589743,39,1050,700,350,0.6666666666666666,14,7,7,366.7047892561835,0.4434604138551507,0.18363039399624737,0.20149861100365563,128838.5487528346,1649.1425736961573,130487.69132653075,646,0,154.97435897435898,34,5,18,36.88315939649781,0.6127450980392157,46.1904761904762,1015.2380952380963,29.85994397759107,0
1066,4,1,0,39,0.02564102564102564,0.0,1.0,39,650,400,250,0.6153846153846154,9,4,5,370.49730212328774,0.44348852901484476,0.19010181879380128,0.20420432698423088,128959.43877551031,1755.824829931983,130715.26360544229,647,0,155.89743589743588,34,5,19,36.66344350679794,0.6139705882352942,46.07142857142858,1015.7142857142866,29.873949579831958,0
1067,4,1,0,40,0.025,0.0,1.0,40,1000,600,400,0.6,14,6,8,360.12491607265576,0.4450053418803419,0.19445582211819823,0.2004734467648758,129352.72285997731,1316.8544501133804,130669.5773100907,648,0,152.975,34,6,20,36.52598985761655,0.617953431372549,45.68452380952381,1017.2619047619046,29.91946778711484,0
1068,4,0,1,39,0.0,0.025,0.975,40,1300,900,400,0.6923076923076923,17,9,8,357.8743448366656,0.4450721153846154,0.19096677974032006,0.199834603135771,129473.85381235831,1267.0741213151928,130740.9279336735,649,1,153.975,34,6,17,36.45991733925994,0.6191789215686274,45.56547619047619,1017.7380952380955,29.93347338935575,0
1069,4,1,1,39,0.025,0.025,0.975,40,600,200,400,0.3333333333333333,10,2,8,350.0013059793536,0.4471554487179487,0.1967206132879038,0.19716964166015416,129819.89354263121,1087.426456404318,130907.31999903552,650,0,153.35,35,5,18,36.30856047700168,0.6205357142857143,45.22569444444444,1019.0972222222225,29.1170634920635,0
1070,4,1,3,37,0.025,0.075,0.925,40,850,600,250,0.7058823529411765,11,6,5,349.1648515446172,0.44746260683760686,0.19799137539718537,0.19774040307269686,130026.38996056229,1080.1290294924352,131106.51899005473,651,0,142.35,35,5,19,36.120252685731565,0.6226190476190476,45.02314814814814,1019.9074074074064,29.14021164021161,0
1071,4,0,0,37,0.0,0.0,1.0,37,1150,700,450,0.6086956521739131,16,7,9,368.0664419339817,0.4455705705705706,0.21470894615026448,0.20696363205333093,129747.52456700847,2151.1419434241366,131898.6665104326,652,1,152.3783783783784,32,5,19,35.9219440657661,0.6266276041666667,45.29671717171717,1018.8131313131313,31.837910353535353,0
1072,4,0,0,37,0.0,0.0,1.0,37,1000,800,200,0.8,12,8,4,368.8745238985131,0.44478853853853856,0.21314443079950096,0.20878763346379017,130004.92814827544,2191.1011950310854,132196.02934330652,653,2,153.3783783783784,32,5,20,35.63952168709503,0.6292317708333333,45.0441919191919,1019.8232323232304,31.86947601010095,0
1073,4,0,0,37,0.0,0.0,1.0,37,1300,1000,300,0.7692307692307693,16,10,6,371.8318196172968,0.4444444444444444,0.22061036537651235,0.21133226203565342,130165.93491735533,2279.96728650137,132445.9022038567,654,3,154.3783783783784,32,5,20,35.400426874535995,0.630859375,44.88636363636363,1020.4545454545452,31.889204545454536,0
1074,4,0,0,37,0.0,0.0,1.0,37,1200,1100,100,0.9166666666666666,13,11,2,383.2424324487046,0.4438188188188188,0.15948502011219756,0.20979129340311892,128688.43102744603,2505.239261299843,131193.67028874587,655,4,155.3783783783784,32,5,19,36.61699435871909,0.6158854166666667,46.33838383838383,1014.6464646464634,31.70770202020198,8
1075,4,0,1,36,0.0,0.02702702702702703,0.972972972972973,37,900,600,300,0.6666666666666666,12,6,6,385.88052543514516,0.44359984984984985,0.16162424397279507,0.2117469995886096,128784.53290799401,2539.088645291289,131323.6215532853,656,5,156.3783783783784,32,5,19,36.45172492432724,0.6168619791666667,46.243686868686865,1015.025252525252,31.719539141414124,0
1076,4,1,0,37,0.02702702702702703,0.0,1.0,37,1200,1000,200,0.8333333333333334,14,10,4,422.90374267459435,0.44666541541541543,0.23267809993119837,0.22266994956403413,127125.89831555694,3520.670109237326,130646.56842479427,657,0,157.0810810810811,30,7,20,37.22094495535117,0.6052083333333333,47.883064516129046,1008.4677419354858,33.61559139784953,8
1077,4,0,0,37,0.0,0.0,1.0,37,750,500,250,0.6666666666666666,10,5,5,417.0315920915711,0.44629004004004,0.22538099389712296,0.22046349513708588,127289.03028700102,3216.709391276066,130505.73967827708,658,1,158.0810810810811,31,6,21,37.200537634408605,0.6041666666666667,47.72135416666668,1009.1145833333346,32.55208333333338,0
1078,4,0,0,37,0.0,0.0,1.0,37,1450,1200,250,0.8275862068965517,17,12,5,418.12383892459616,0.44666541541541543,0.23349093582431202,0.2223020300574431,127519.07560560446,3263.7530856662393,130782.8286912707,659,2,159.0810810810811,31,6,18,36.93559043444629,0.606518817204301,47.493489583333336,1010.0260416666673,32.58148521505378,0
1079,4,1,0,38,0.02631578947368421,0.0,1.0,38,1000,700,300,0.7,13,7,6,410.4478361975162,0.44800557136083446,0.23764363473907535,0.2202342676341799,127888.97696982464,2898.350774155714,130787.32774398035,660,0,155.8684210526316,32,6,19,36.748429243124036,0.6077473958333333,47.12752525252526,1011.4898989899001,31.609059343434378,0
1080,4,0,0,38,0.0,0.0,1.0,38,1300,900,400,0.6923076923076923,17,9,8,410.4772360308514,0.44727951635846375,0.2413599500935748,0.2209519843376276,128016.72222541072,2909.590060963176,130926.3122863739,661,1,156.8684210526316,32,6,19,36.61624038261594,0.6090494791666667,47.00126262626263,1011.9949494949499,31.624842171717184,0
1081,4,0,0,38,0.0,0.0,1.0,38,800,600,200,0.75,10,6,4,408.0854010541792,0.44720542911332384,0.24109675386070029,0.21983955476144507,128048.66850321402,2850.9584481175534,130899.62695133158,662,2,157.8684210526316,32,6,19,36.643899700598816,0.609375,46.969696969696976,1012.1212121212126,31.628787878787893,0
1082,4,1,0,39,0.02564102564102564,0.0,1.0,39,800,600,200,0.75,10,6,4,400.679185955105,0.44925213675213677,0.23946321591181396,0.21740706337320617,128336.36435376496,2484.3778696051463,130820.7422233701,663,0,154.7948717948718,32,7,20,36.53582554517134,0.6123046875,46.68560606060606,1013.2575757575761,31.664299242424253,0
1083,4,0,1,38,0.0,0.02564102564102564,0.9743589743589743,39,1050,700,350,0.6666666666666666,14,7,7,399.372612040513,0.4486054880791723,0.23867164983916234,0.21768175178018495,128517.04422577866,2465.2375288350795,130982.28175461374,664,1,155.7948717948718,33,6,19,36.383550882281845,0.6117424242424243,46.50735294117648,1013.970588235295,30.726381461675608,0
1084,4,1,0,39,0.02564102564102564,0.0,1.0,39,1650,1200,450,0.7272727272727273,21,12,9,382.2249318362716,0.44618758434547906,0.18170307059195978,0.2064014631915867,128144.53124999999,2065.511461937716,130210.0427119377,665,0,156.74358974358975,33,6,18,37.19993141289439,0.6079545454545454,46.875,1012.4999999999999,30.68181818181818,8
1085,4,0,1,38,0.0,0.02564102564102564,0.9743589743589743,39,1300,900,400,0.6923076923076923,17,9,8,383.04774476661026,0.4454003598740441,0.17488540744354708,0.20825469341908778,128415.88010204065,2037.8826530612032,130453.76275510185,666,1,157.74358974358975,34,5,15,36.900986610288925,0.6084558823529411,46.60714285714285,1013.5714285714272,29.81092436974786,0
1086,4,0,0,38,0.0,0.0,1.0,38,1400,1100,300,0.7857142857142857,17,11,6,388.24894469011025,0.4450865339023234,0.1759743111558072,0.21079648874868812,128361.76478097358,2367.2639429546243,130729.0287239282,667,2,161.1315789473684,33,5,19,36.82466138589914,0.6101641414141414,46.66053921568627,1013.3578431372542,30.707813428401643,0
1087,4,0,0,38,0.0,0.0,1.0,38,1600,1400,200,0.875,18,14,4,388.9957076250063,0.44421230440967285,0.17896836252361847,0.2118605325333558,128485.98082768635,2396.0990063917593,130882.0798340781,668,3,162.1315789473684,33,5,15,36.678426810105165,0.6114267676767677,46.537990196078425,1013.8480392156853,30.722667855020767,0
1088,4,0,0,38,0.0,0.0,1.0,38,1350,900,450,0.6666666666666666,18,9,9,392.85234709431313,0.4444642010431484,0.17927492447129967,0.21429486962461686,128548.11137843602,2500.0854539119405,131048.19683234797,669,4,163.1315789473684,33,5,15,36.51699395770394,0.6120580808080809,46.4767156862745,1014.0931372549007,30.730095068330325,0
1089,4,2,0,40,0.05,0.0,1.0,40,1150,800,350,0.6956521739130435,15,8,7,372.54770223058324,0.4447248931623931,0.18114754098360653,0.2065946348733232,129201.3888888887,1630.047637927695,130831.4365268164,670,0,155.925,33,7,18,36.364412568306,0.6186868686868687,45.83333333333332,1016.6666666666652,30.808080808080764,0
1090,4,0,0,40,0.0,0.0,1.0,40,1100,900,200,0.8181818181818182,13,9,4,369.4950792885581,0.4447248931623931,0.19084146488374976,0.20571285400230144,129357.17520004297,1559.3679414167323,130916.5431414597,671,1,156.925,33,7,18,36.28315363610811,0.6202651515151515,45.680147058823515,1017.2794117647036,30.826648841354654,0
1091,4,0,1,39,0.0,0.025,0.975,40,1250,800,450,0.64,17,8,9,369.69090736966393,0.4443108974358974,0.19010115606936417,0.2063113773385542,129450.69204152234,1571.3487600922535,131022.0408016146,672,2,157.925,33,7,17,36.182863680154135,0.6212121212121212,45.58823529411764,1017.6470588235281,30.837789661319036,0
1092,4,0,1,38,0.0,0.02564102564102564,0.9743589743589743,39,1050,800,250,0.7619047619047619,13,8,5,375.2467320480067,0.44298245614035087,0.1966840703656687,0.20928120509168752,129426.12879106711,1913.3463740944653,131339.47516516157,673,3,162.43589743589743,32,7,17,36.066561194523715,0.6233723958333333,45.61237373737373,1017.5505050505041,31.798453282828252,0
1093,4,0,1,37,0.0,0.02631578947368421,0.9736842105263158,38,1000,800,200,0.8,12,8,4,383.60462792167704,0.43892247510668564,0.2031778319615265,0.21380075339372215,129400.03289116747,2327.69029405381,131727.7231852213,674,4,167.28947368421052,31,7,19,35.88057759576828,0.6256720430107527,45.63802083333333,1017.4479166666661,32.82090053763439,0
1094,4,1,2,36,0.02631578947368421,0.05263157894736842,0.9473684210526316,38,1000,300,700,0.3,17,3,14,377.27536469673595,0.4392040066382172,0.1901447026064731,0.21249054211216684,129811.8515489489,2194.9627270176293,132006.81427596652,675,0,161.31578947368422,32,6,18,35.621876677817696,0.6272786458333333,45.23358585858585,1019.065656565655,31.84580176767672,0
1095,4,0,0,36,0.0,0.0,1.0,36,950,700,250,0.7368421052631579,12,7,5,387.3482559031265,0.43979828042328045,0.1754055434921451,0.21864091531835445,129897.31046888557,2863.099331325946,132760.40980021152,628,1,152.38888888888889,31,5,20,35.278159194447994,0.6307123655913979,45.14973958333333,1019.4010416666661,32.88390456989245,0
1096,4,1,0,37,0.02702702702702703,0.0,1.0,37,1300,800,500,0.6153846153846154,18,8,10,377.7389610965124,0.4430055055055055,0.1782633697527316,0.21504519447212725,130230.36552392614,2438.6165952453875,132668.98211917153,629,0,149.24324324324326,32,5,21,35.18421161141349,0.6315104166666667,44.823232323232325,1020.7070707070709,31.897095959595966,0
1097,4,0,0,37,0.0,0.0,1.0,37,850,400,450,0.47058823529411764,13,4,9,386.199476186466,0.44247372372372373,0.06789794025337059,0.2090194111574078,128234.94897959183,2504.854024943309,130739.80300453515,630,1,150.24324324324326,34,3,17,37.00659183513555,0.6066176470588236,46.785714285714285,1012.8571428571428,29.789915966386552,7
1098,4,1,0,38,0.02631578947368421,0.0,1.0,38,1600,1100,500,0.6875,21,11,10,388.4111548171131,0.44298245614035087,0.08756231739727771,0.21363831104768236,128877.99968117716,2411.530537337113,131289.53021851426,631,0,147.26315789473685,35,3,16,36.291866142330655,0.6110119047619047,46.151620370370374,1015.3935185185188,29.011243386243393,0
1099,4,0,0,38,0.0,0.0,1.0,38,1200,700,500,0.5833333333333334,17,7,10,394.55354171644376,0.44250829777145567,0.09455522989229137,0.21830968177769985,129113.1516444832,2588.41025270064,131701.56189718383,632,1,148.26315789473685,35,3,16,35.89532798086779,0.6133928571428571,45.9201388888889,1016.3194444444459,29.037698412698454,0
1100,4,0,0,38,0.0,0.0,1.0,38,800,500,300,0.625,11,5,6,394.7191615157211,0.44196005215742057,0.10051768766177704,0.21888971684053649,129201.38888888908,2599.652777777797,131801.0416666669,633,2,149.26315789473685,35,3,16,35.800887978142065,0.6142857142857143,45.83333333333334,1016.6666666666682,29.047619047619094,0
1101,4,1,2,37,0.02564102564102564,0.05128205128205128,0.9487179487179487,39,1300,1100,200,0.8461538461538461,15,11,4,384.18934666150574,0.4426450742240216,0.10222951879481768,0.2153889808964664,129631.0811444894,2160.576074385229,131791.65721887464,634,0,146.4102564102564,36,3,14,35.629999262781524,0.6166087962962963,45.41103603603605,1018.3558558558584,28.287662662662733,0
1102,4,0,0,37,0.0,0.0,1.0,37,1050,700,350,0.6666666666666666,14,7,7,397.4308083771746,0.440284034034034,0.11375441414042387,0.22192266367187918,129473.8538123584,2891.3796768707616,132365.23348922917,635,4,155.13513513513513,34,3,15,35.45346434280811,0.6191789215686274,45.5654761904762,1017.7380952380963,29.933473389355775,0
1103,4,0,0,37,0.0,0.0,1.0,37,1000,700,300,0.7,13,7,6,397.66910838504646,0.4398148148148148,0.10429089208464859,0.2227415772113493,129595.04145408171,2907.1889172335696,132502.2303713153,636,5,156.13513513513513,34,3,15,35.32361939280565,0.6204044117647058,45.44642857142858,1018.2142857142865,29.94747899159666,0
1104,4,1,0,38,0.02631578947368421,0.0,1.0,38,1250,1000,250,0.8,15,10,5,383.880026596835,0.4428639165481271,0.10422390520104141,0.21740043665625397,130026.38996056249,2382.9068072702416,132409.29676783274,637,0,153.0,35,3,16,35.235096081101524,0.6226190476190476,45.02314814814815,1019.9074074074081,29.14021164021166,0
1105,4,0,0,38,0.0,0.0,1.0,38,1000,700,300,0.7,13,7,6,380.63245813988306,0.4427157420578473,0.09779298484468502,0.21588767606466724,130085.4190779321,2302.946566358026,132388.36564429014,638,1,154.0,35,3,16,35.25782845473112,0.6232142857142857,44.96527777777778,1020.1388888888889,29.1468253968254,0
1106,4,1,0,39,0.02564102564102564,0.0,1.0,39,900,600,300,0.6666666666666666,12,6,6,371.8573510470496,0.44436009896536216,0.09682218657739972,0.21251743948440185,130380.7656035665,1896.7297882373068,132277.4953918038,639,0,151.02564102564102,35,4,17,35.18151254155334,0.6261904761904762,44.675925925925924,1021.2962962962961,29.179894179894173,0
1107,4,0,1,38,0.0,0.02564102564102564,0.9743589743589743,39,650,300,350,0.46153846153846156,10,3,7,370.4776464899752,0.4432917228969861,0.0944015012214856,0.21221325019902718,130469.43486636224,1867.201833633395,132336.63669999564,640,1,152.02564102564102,35,4,18,35.12671821305842,0.6270833333333333,44.58912037037037,1021.643518518518,29.1898148148148,0
1108,4,0,0,38,0.0,0.0,1.0,38,1200,700,500,0.5833333333333334,17,7,10,377.304718428598,0.4429380037932669,0.08670011469648342,0.21598744421853225,130444.9422477324,2243.4984410430766,132688.44068877547,641,2,155.71052631578948,34,4,18,34.97722681894107,0.6289828431372548,44.613095238095234,1021.5476190476188,30.045518207282907,0
1109,4,0,1,37,0.0,0.02631578947368421,0.9736842105263158,38,1050,700,350,0.6666666666666666,14,7,7,372.2960508249414,0.44207859174964437,0.08421297828778762,0.2139580918596351,130597.00255102046,2124.1496598639487,132721.1522108844,642,3,156.71052631578948,34,4,13,34.9507919869555,0.6305147058823529,44.464285714285715,1022.1428571428576,30.063025210084046,0
1110,4,0,1,36,0.0,0.02702702702702703,0.972972972972973,37,800,500,300,0.625,11,5,6,375.1331285795118,0.43968968968968974,0.0695190437155131,0.21636268434259567,130735.62349965703,2408.6526920438937,133144.27619170092,643,4,153.48648648648648,35,2,14,34.73762637694282,0.6297619047619047,44.3287037037037,1022.6851851851849,29.21957671957671,0
1111,4,0,0,36,0.0,0.0,1.0,36,1600,1400,200,0.875,18,14,4,384.5639722889769,0.43835978835978834,0.07519915166563207,0.22205468077331253,130779.59183673467,2858.623866213149,133638.2157029478,644,7,158.63888888888889,34,2,14,34.451864137181886,0.6323529411764706,44.285714285714285,1022.8571428571427,30.08403361344537,0
1112,4,0,0,36,0.0,0.0,1.0,36,1050,700,350,0.6666666666666666,14,7,7,385.9103385797647,0.4380787037037037,0.08213754766983383,0.22336022626889396,130870.93431122437,2900.889314058938,133771.82362528332,645,8,159.63888888888889,34,2,14,34.324704285437264,0.6332720588235294,44.19642857142856,1023.2142857142846,30.094537815126017,0
1113,4,0,2,34,0.0,0.05555555555555555,0.9444444444444444,36,1150,800,350,0.6956521739130435,15,8,7,385.3571898094584,0.4376818783068783,0.0788689899342303,0.22374655470435725,130992.77388038542,2895.8014455782245,133888.57532596364,646,9,160.63888888888889,34,2,14,34.21521882389425,0.6344975490196079,44.07738095238095,1023.6904761904757,30.10854341736693,0
1114,4,1,0,35,0.02857142857142857,0.0,1.0,35,950,700,250,0.7368421052631579,12,7,5,396.5802378806128,0.4335434173669468,0.09999829015987016,0.23057953288048147,131045.64838343422,3394.022881824295,134439.6712652585,647,0,165.25714285714287,33,2,17,33.87430181528027,0.6373106060606061,44.025735294117645,1023.8970588235292,31.027183600713006,0
1115,4,0,1,34,0.0,0.02857142857142857,0.9714285714285714,35,1450,1100,350,0.7586206896551724,18,11,7,396.91464233164686,0.43196778711484596,0.0922677418252642,0.2320979188235826,131265.3261365821,3420.2259948096907,134685.55213139177,648,1,166.25714285714287,33,2,17,33.64276887506976,0.639520202020202,43.81127450980392,1024.7549019607843,31.053178847296493,0
1116,4,0,0,34,0.0,0.0,1.0,34,800,600,200,0.75,10,6,4,403.93946551883175,0.4315396613190731,0.09877961286769188,0.2363934132383822,131295.77219480177,3807.1088090501203,135102.8810038519,649,2,168.41176470588235,32,2,17,33.43189191408977,0.6422526041666667,43.78156565656567,1024.873737373739,32.027304292929344,0
1117,4,0,0,34,0.0,0.0,1.0,34,1150,800,350,0.6956521739130435,15,8,7,402.6990522041535,0.43142825311942956,0.100443810192691,0.23607219940456473,131361.4930046931,3779.833731385205,135141.3267360783,650,3,169.41176470588235,31,3,17,33.39697383462466,0.645497311827957,43.71744791666668,1025.1302083333348,33.068716397849514,0
1118,4,0,0,34,0.0,0.0,1.0,34,600,200,400,0.3333333333333333,10,2,8,400.372628510141,0.43077837195484253,0.10074966772695348,0.23573509472368434,131528.39660644555,3732.073974609403,135260.47058105495,651,4,170.41176470588235,31,3,18,33.287319116527044,0.6471774193548387,43.554687500000014,1025.7812500000018,33.089717741935544,0
1119,4,0,0,34,0.0,0.0,1.0,34,1050,600,450,0.5714285714285714,15,6,9,400.2170103420957,0.43062982768865127,0.10526125291366872,0.23600605413932324,131587.0909218449,3732.6784256708775,135319.76934751577,652,5,171.41176470588235,32,2,16,33.231807367298394,0.6451822916666667,43.49747474747476,1026.0101010101027,32.06281565656571,0
1120,4,0,0,34,0.0,0.0,1.0,34,850,600,250,0.7058823529411765,11,6,5,399.67333246661417,0.429794266191325,0.10256308206638542,0.23628687415426258,131684.26890432113,3726.1381172839656,135410.4070216051,653,6,172.41176470588235,32,2,16,33.147271087054584,0.6461588541666667,43.402777777777786,1026.38888888889,32.074652777777814,0
1121,4,0,0,34,0.0,0.0,1.0,34,1000,700,300,0.7,13,7,6,419.10019965009457,0.42957144979203804,0.10274987716571005,0.22892212102054132,128601.97000385787,4024.271797839485,132626.24180169735,654,7,173.41176470588235,29,5,17,35.79621959012278,0.6232040229885057,46.4236111111111,1014.3055555555543,34.9760536398467,8
1122,4,0,0,34,0.0,0.0,1.0,34,1200,900,300,0.75,15,9,6,407.2267016932316,0.4292743612596554,0.13914056432824284,0.21115661055583249,126501.88022189654,3531.5814736448483,130033.4616955414,655,8,174.41176470588235,31,3,17,38.26095866770213,0.5961021505376345,48.50260416666666,1005.989583333332,32.45127688172039,8
1123,4,1,1,34,0.02857142857142857,0.02857142857142857,0.9714285714285714,35,900,800,100,0.8888888888888888,10,8,2,394.85819291937275,0.4313375350140056,0.1424884099736876,0.2069181377340453,126932.92018990398,3024.100697632877,129957.02088753686,656,0,170.4,32,3,18,38.127009982040676,0.5979817708333333,48.07449494949494,1007.7020202020193,31.490688131313103,0
1124,4,2,0,36,0.05555555555555555,0.0,1.0,36,950,500,450,0.5263157894736842,14,5,9,384.0497564534488,0.4376984126984127,0.14977340778506076,0.20359085544810218,127401.12727076103,2585.6743800461068,129986.80165080715,657,0,164.36111111111111,33,3,18,37.91727361009953,0.6003787878787878,47.610294117647044,1009.55882352941,30.592691622103334,0
1125,4,0,0,36,0.0,0.0,1.0,36,950,500,450,0.5263157894736842,14,5,9,383.8081644251117,0.4371031746031746,0.14790554746886642,0.20440016198453617,127586.77551903107,2593.769223375617,130180.5447424067,658,1,165.36111111111111,33,3,19,37.73249231764515,0.6022727272727273,47.42647058823529,1010.2941176470583,30.61497326203207,0
1126,4,3,1,38,0.07692307692307693,0.02564102564102564,0.9743589743589743,39,1250,900,350,0.72,16,9,7,357.51548132857954,0.44129554655870445,0.16129258868984886,0.19476589654467372,128496.33487654301,1389.1022817078638,129885.43715825088,659,0,153.56410256410257,35,4,20,37.465753424657535,0.6071428571428572,46.527777777777764,1013.8888888888873,28.968253968253922,0
1127,4,0,0,38,0.0,0.0,1.0,38,800,400,400,0.5,12,4,8,359.2962097280382,0.4391743717401612,0.17630557791419887,0.19602449499608146,128555.01570001699,1637.8659765088973,130192.88167652588,660,1,157.3684210526316,35,3,20,37.36066727535571,0.6077380952380953,46.4699074074074,1014.1203703703691,28.97486772486769,0
1128,4,1,0,39,0.02564102564102564,0.0,1.0,39,1400,800,600,0.5714285714285714,20,8,12,351.6572379796057,0.4392712550607287,0.18119013706107623,0.19374444895162266,128943.91593874274,1268.8122666585427,130212.72820540128,661,0,154.30769230769232,36,3,21,37.157667147133814,0.6096643518518519,46.08671171171171,1015.6531531531526,28.212587587587574,0
1129,4,0,2,37,0.0,0.05128205128205128,0.9487179487179487,39,1250,1000,250,0.8,15,10,5,350.5484152341845,0.4384840305892937,0.09614572162100665,0.18815149633998107,127901.25739644993,1188.95750385163,129090.21490030157,662,1,155.30769230769232,38,1,17,38.2505544993663,0.5953947368421053,47.11538461538463,1011.5384615384635,26.61943319838062,8
1130,4,1,3,35,0.02631578947368421,0.07894736842105263,0.9210526315789473,38,1050,700,350,0.6666666666666666,14,7,7,356.86242646712947,0.4365516832622096,0.11390578114481942,0.19164218548228962,127922.58795975684,1530.153027854724,129452.74098761157,663,0,160.1578947368421,37,1,18,38.0690440060698,0.5974099099099099,47.094298245614034,1011.6228070175438,27.341156946420103,0
1131,4,2,0,37,0.05405405405405406,0.0,1.0,37,1050,700,350,0.6666666666666666,14,7,7,359.3019838604437,0.4388763763763764,0.13125178600971554,0.19319738629479888,127973.55791179708,1796.2306478776227,129769.7885596747,664,0,165.1081081081081,36,1,20,37.95515674271934,0.5998263888888888,47.043918918918926,1011.8243243243255,28.106231231231263,0
1132,4,1,0,38,0.02631578947368421,0.0,1.0,38,1100,800,300,0.7272727272727273,14,8,6,352.65790559235603,0.44073020388809864,0.13327541929181086,0.191251547716361,128315.61872260785,1450.4176051051193,129766.03632771297,665,0,161.73684210526315,36,2,21,37.77347078655849,0.6032986111111112,46.70608108108109,1013.1756756756765,28.143768768768794,0
1133,4,0,0,38,0.0,0.0,1.0,38,600,500,100,0.8333333333333334,7,5,2,347.16286433985226,0.4403745851114272,0.1283677605957776,0.18877491282103503,128422.23087873196,1316.6859033548844,129738.91678208685,666,1,162.73684210526315,37,1,16,37.80380066349342,0.6024774774774775,46.60087719298246,1013.5964912280706,27.394499762920827,0
1134,4,0,0,38,0.0,0.0,1.0,38,850,400,450,0.47058823529411764,13,4,9,349.4315887016935,0.44071538643907066,0.12554569618596045,0.19040624046697466,128505.59937913588,1380.7831496229596,129886.38252875884,667,2,163.73684210526315,37,1,16,37.66120093003135,0.603322072072072,46.51864035087719,1013.9254385964912,27.4033902323376,0
1135,4,0,3,35,0.0,0.07894736842105263,0.9210526315789473,38,1150,700,450,0.6086956521739131,16,7,9,349.2001542438842,0.4404634898055951,0.12459326006325755,0.19094561625676226,128644.60699445993,1384.5433210218614,130029.15031548179,668,3,164.73684210526315,37,1,16,37.52521977230148,0.6047297297297297,46.381578947368425,1014.4736842105272,27.418207681365597,0
1136,4,0,0,35,0.0,0.0,1.0,35,750,500,250,0.6666666666666666,10,5,5,370.4618520109321,0.4332983193277311,0.13358846534736513,0.2009560753642476,128325.39859693889,2507.932964852618,130833.3315617915,669,4,176.6,34,1,20,37.31249755218735,0.6075367647058824,46.69642857142858,1013.2142857142867,29.800420168067255,0
1137,4,0,0,35,0.0,0.0,1.0,35,800,600,200,0.75,10,6,4,372.23219074178644,0.432843137254902,0.1419376489143931,0.20237451289754604,128415.88010204089,2560.104875283455,130975.98497732435,670,5,177.6,34,1,17,37.17504502388223,0.6084558823529411,46.60714285714286,1013.5714285714291,29.810924369747916,0
1138,4,0,0,35,0.0,0.0,1.0,35,900,600,300,0.6666666666666666,12,6,6,374.24836077453165,0.4324229691876751,0.1408879719552496,0.20393303190765744,128506.39349489796,2618.661422902501,131125.05491780047,671,6,178.6,34,1,17,37.03132949786703,0.609375,46.517857142857146,1013.9285714285714,29.821428571428573,0
1139,4,0,0,35,0.0,0.0,1.0,35,1050,700,350,0.6666666666666666,14,7,7,374.48478035663095,0.43221288515406164,0.14171696847753168,0.2045263031178524,128596.93877551025,2631.5192743764214,131228.45804988669,672,7,179.6,34,1,17,36.93270735524257,0.6102941176470589,46.42857142857143,1014.2857142857147,29.831932773109255,0
1140,4,1,2,34,0.027777777777777776,0.05555555555555555,0.9444444444444444,36,700,500,200,0.7142857142857143,9,5,4,364.5662763562462,0.4347387566137566,0.13888888888888906,0.20037439700482398,128848.62075617285,2194.7723765432133,131043.39313271607,673,0,175.58333333333334,35,1,18,36.927154582763336,0.6107142857142858,46.18055555555556,1015.2777777777778,29.00793650793651,0
1141,4,0,0,34,0.0,0.0,1.0,34,750,300,450,0.4,12,3,9,379.34681136535784,0.4335635769459299,0.1481677625733071,0.2069278091000883,128548.1113784363,2952.8632316897483,131500.97461012605,674,1,184.97058823529412,33,1,18,36.85939073514602,0.6120580808080809,46.47671568627452,1014.093137254903,30.730095068330396,0
1142,4,0,0,34,0.0,0.0,1.0,34,800,400,400,0.5,12,4,8,378.9847846526255,0.43350787284610814,0.14963119821497117,0.20721506257294814,128641.33536380246,2950.6217560553737,131591.95711985783,675,2,185.97058823529412,33,1,19,36.773173874526854,0.6130050505050505,46.38480392156863,1014.460784313726,30.741235888294728,0
1143,4,0,0,34,0.0,0.0,1.0,34,1050,800,250,0.7619047619047619,13,8,5,379.7043104856591,0.4332479203802733,0.14472861608411502,0.20793331288500372,128703.50346020755,2973.8550076893443,131677.35846789688,676,3,186.97058823529412,33,1,20,36.69132447665055,0.6136363636363636,46.3235294117647,1014.7058823529406,30.74866310160426,0
1144,4,0,0,34,0.0,0.0,1.0,34,1100,800,300,0.7272727272727273,14,8,6,376.5626266243678,0.43269087938205586,0.1319660376822711,0.20718445711882544,128890.09785899652,2907.038759131105,131797.13661812764,677,4,187.97058823529412,33,1,20,36.58027596749539,0.615530303030303,46.13970588235294,1015.4411764705881,30.770944741532972,0
1145,4,2,0,36,0.05555555555555555,0.0,1.0,36,850,700,150,0.8235294117647058,10,7,3,358.87965527854755,0.43900462962962966,0.13534762833008473,0.20055039559683516,129504.14540816311,2095.6560688000523,131599.80147696316,678,0,178.47222222222223,34,2,17,36.40350877192983,0.6194852941176471,45.53571428571428,1017.8571428571416,29.93697478991593,0
1146,4,1,0,37,0.02702702702702703,0.0,1.0,37,1000,700,300,0.7,13,7,6,353.44544953141576,0.43987737737737737,0.1509267242040544,0.19971141532535194,129937.87140185597,1785.189873756841,131723.06127561282,679,0,174.6216216216216,35,2,20,36.100981004275944,0.6217261904761905,45.109953703703695,1019.5601851851839,29.130291005290967,0
1147,4,1,0,38,0.02631578947368421,0.0,1.0,38,1450,1100,350,0.7586206896551724,18,11,7,344.3109009899355,0.44015232337600757,0.1568984237969666,0.19647547015091915,130321.66950660145,1374.6395158178889,131696.30902241933,680,0,171.0,35,3,22,35.944702637346005,0.6255952380952381,44.73379629629629,1021.0648148148144,29.173280423280413,0
1148,4,0,1,37,0.0,0.02631578947368421,0.9736842105263158,38,600,300,300,0.5,9,3,6,343.8643464034162,0.4400189663347558,0.15446327953110295,0.19696888940317678,130469.43486636228,1372.7573891889492,131842.19225555123,681,1,172.0,35,3,23,35.80645085155392,0.6270833333333333,44.58912037037037,1021.6435185185184,29.18981481481481,0
1149,4,0,0,37,0.0,0.0,1.0,37,1400,1000,400,0.7142857142857143,18,10,8,350.6148928899961,0.43753128128128127,0.15550858003358314,0.20039474790827946,130384.14292800445,1742.9244614512384,132127.06738945568,682,2,177.43243243243242,34,3,23,35.72046081516883,0.6283700980392157,44.672619047619044,1021.3095238095232,30.038515406162446,0
1150,4,0,0,37,0.0,0.0,1.0,37,1200,800,400,0.6666666666666666,16,8,8,353.6809797912666,0.43743743743743746,0.15813692727805306,0.20246407522273888,130444.94224773225,1827.1789965986152,132272.12124433086,683,3,178.43243243243242,34,3,23,35.58054616789028,0.6289828431372548,44.61309523809523,1021.5476190476177,30.04551820728287,0
1151,4,1,1,37,0.02631578947368421,0.02631578947368421,0.9736842105263158,38,950,600,350,0.631578947368421,13,6,7,347.24605973218377,0.4396337126600285,0.1594791641847948,0.20027847152699552,130735.62349965687,1479.486025377211,132215.1095250341,684,0,174.71052631578948,35,3,18,35.45061868115288,0.6297619047619047,44.328703703703695,1022.6851851851836,29.219576719576676,0
1152,4,0,0,37,0.0,0.0,1.0,37,1750,1500,250,0.8571428571428571,20,15,5,356.2667260241175,0.43568568568568566,0.1580293199052656,0.20587760435273972,130810.03578514725,1920.652636054403,132730.68842120166,685,1,180.27027027027026,34,3,19,35.14464292641296,0.6326593137254901,44.25595238095237,1022.9761904761893,30.087535014005567,0
1153,4,0,0,37,0.0,0.0,1.0,37,750,600,150,0.8,9,6,3,356.39387457228696,0.4353728728728729,0.15559014511894098,0.20627645467668726,130870.93431122447,1928.3198696145078,132799.25418083897,686,2,181.27027027027026,34,3,19,35.07974597634283,0.6332720588235294,44.19642857142857,1023.2142857142854,30.094537815126042,0
1154,4,0,2,35,0.0,0.05405405405405406,0.9459459459459459,37,1050,700,350,0.6666666666666666,14,7,7,356.04380746349375,0.43477852852852855,0.15653676932746685,0.20689032055311124,131023.24263038555,1930.002834467127,132953.24546485266,687,3,182.27027027027026,34,3,19,34.93459302325581,0.6348039215686274,44.04761904761905,1023.8095238095242,30.11204481792718,0
1155,4,0,0,35,0.0,0.0,1.0,35,900,700,200,0.7777777777777778,11,7,4,370.9308843940247,0.4313025210084034,0.15772274610029058,0.21489598413249272,130907.8494063107,2711.5528708805386,133619.40227719126,688,4,187.54285714285714,32,3,19,34.67047090273494,0.6383463541666667,44.16035353535354,1023.3585858585869,31.97995580808084,0
1156,4,0,0,35,0.0,0.0,1.0,35,750,400,350,0.5333333333333333,11,4,7,367.1200242365205,0.4302170868347339,0.14674251897775537,0.21376242042946303,131101.73906042756,2626.0147242628354,133727.7537846904,689,5,188.54285714285714,32,3,19,34.571620844121156,0.6402994791666667,43.9709595959596,1024.116161616162,32.00363005050506,0
1157,4,0,0,35,0.0,0.0,1.0,35,800,600,200,0.75,10,6,4,365.7408670346987,0.42965686274509807,0.1396316771717312,0.21349794209493136,131198.73769258245,2596.9480155086285,133795.68570809107,690,6,189.54285714285714,32,3,20,34.50877084873879,0.6412760416666667,43.87626262626263,1024.49494949495,32.01546717171719,0
1158,4,1,0,36,0.027777777777777776,0.0,1.0,36,1150,900,250,0.782608695652174,14,9,5,358.0200720553398,0.4304398148148148,0.14533973108217535,0.21090682780965872,131548.03929077758,2219.367701124574,133767.40699190216,691,0,185.25,33,3,21,34.35359674272291,0.6423611111111112,43.53553921568628,1025.857843137255,31.086601307189547,0
1159,4,0,0,36,0.0,0.0,1.0,36,700,400,300,0.5714285714285714,10,4,6,369.83221298032464,0.43073743386243385,0.11412768770169923,0.21038961923558874,130201.83000283444,2430.5661848072527,132632.3961876417,692,1,186.25,34,2,19,35.4149655896419,0.626531862745098,44.851190476190474,1020.5952380952378,30.017507002801114,7
1160,4,1,1,36,0.02702702702702703,0.02702702702702703,0.972972972972973,37,1150,900,250,0.782608695652174,14,9,5,359.70598533517864,0.4321196196196196,0.11269933580239355,0.20651520484457916,130558.134269976,1992.5084662208549,132550.64273619687,693,0,182.1891891891892,35,2,15,35.3119101547754,0.6279761904761905,44.50231481481482,1021.9907407407408,29.19973544973545,0
1161,4,1,1,36,0.02702702702702703,0.02702702702702703,0.972972972972973,37,950,600,350,0.631578947368421,13,6,7,358.5336828370543,0.43071196196196193,0.11963344059315095,0.20678874814283368,130735.62349965704,1974.6249142661163,132710.24841392317,694,0,183.16216216216216,35,2,17,35.16202655802022,0.6297619047619047,44.3287037037037,1022.685185185185,29.219576719576715,0
1162,4,0,0,36,0.0,0.0,1.0,36,1100,700,400,0.6363636363636364,15,7,8,364.4624039946688,0.42919973544973544,0.12533291960799509,0.21077993943002576,130840.48327664398,2337.2874149659833,133177.77069160997,695,1,184.41666666666666,34,2,17,34.904196726398254,0.6329656862745099,44.226190476190474,1023.0952380952381,30.091036414565824,0
1163,4,0,0,36,0.0,0.0,1.0,36,950,800,150,0.8421052631578947,11,8,3,364.1062006895589,0.4292162698412698,0.1267334858413145,0.21107356758787169,130931.84700963715,2334.6194727891098,133266.46648242624,696,2,185.41666666666666,34,2,17,34.820770811523396,0.6338848039215687,44.13690476190476,1023.4523809523806,30.10154061624649,0
1164,4,1,1,36,0.02702702702702703,0.02702702702702703,0.972972972972973,37,1000,800,200,0.8,12,8,4,355.7819566993453,0.4315878378378379,0.12090861621988047,0.2075824719015097,131179.87403817286,1934.2864529749472,133114.1604911478,697,0,181.3783783783784,35,2,18,34.782910593906536,0.6342261904761906,43.89467592592592,1024.4212962962952,29.26917989417986,0
1165,4,0,0,36,0.0,0.0,1.0,36,600,300,300,0.5,9,3,6,366.6298873087753,0.42860449735449735,0.13064791133844822,0.21337958664614928,131084.19075963725,2411.876417233566,133496.06717687083,698,1,187.05555555555554,34,2,18,34.60193365883903,0.6354166666666667,43.98809523809524,1024.0476190476195,30.11904761904763,0
1166,4,0,0,36,0.0,0.0,1.0,36,950,500,450,0.5263157894736842,14,5,9,367.7613676530091,0.4281911375661376,0.13435874601515252,0.21523165289767196,131297.62081916095,2457.2385204081634,133754.8593395691,699,2,188.05555555555554,34,2,20,34.35697138653349,0.6375612745098039,43.779761904761905,1024.880952380952,30.143557422969177,0
1167,4,0,0,36,0.0,0.0,1.0,36,950,400,550,0.42105263157894735,15,4,11,370.96103763130105,0.4277612433862434,0.12608573734389283,0.21819815414040988,131489.9488094327,2555.536655854565,134045.4854652873,700,3,189.05555555555554,32,4,20,34.080440313513066,0.6442057291666667,43.592171717171716,1025.6313131313132,32.050978535353536,0
1168,4,0,0,36,0.0,0.0,1.0,36,1250,1000,250,0.8,15,10,5,369.72528295422615,0.4264880952380952,0.12589495545717821,0.21914037908044934,131781.4827568614,2544.589200081598,134326.071956943,701,4,190.05555555555554,32,4,16,33.817531562551224,0.6471354166666667,43.308080808080796,1026.7676767676755,32.08648989898986,0
1169,4,0,0,36,0.0,0.0,1.0,36,950,500,450,0.5263157894736842,14,5,9,370.3361641990249,0.4259755291005291,0.12688315235948933,0.22006462350321876,131878.7324794663,2567.8927851749727,134446.62526464128,702,5,191.05555555555554,32,4,16,33.70364679368981,0.6481119791666667,43.213383838383834,1027.146464646464,32.098327020202,0
1170,4,0,0,36,0.0,0.0,1.0,36,1000,700,300,0.7,13,7,6,369.8670289436443,0.42549603174603173,0.12742005952868585,0.2203497717088854,131976.01807213537,2562.7155392306686,134538.73361136604,703,6,192.05555555555554,32,4,17,33.61749406078479,0.6490885416666667,43.11868686868686,1027.5252525252513,32.1101641414141,0
1171,4,0,1,35,0.0,0.027777777777777776,0.9722222222222222,36,700,400,300,0.5714285714285714,10,4,6,369.6347695476129,0.4248181216931217,0.12502900271601947,0.22077745112891528,132073.3395348688,2563.7796844709655,134637.11921933977,704,7,193.05555555555554,32,4,17,33.525263071694724,0.6500651041666667,43.023989898989896,1027.9040404040397,32.12200126262624,0
1172,4,0,1,34,0.0,0.02857142857142857,0.9714285714285714,35,1250,1000,250,0.8,15,10,5,379.0631199860048,0.4219887955182073,0.13189486641083192,0.22594910445087227,131996.29041883672,3006.985134548601,135003.27555338532,705,11,199.37142857142857,31,4,18,33.3607872951512,0.6518817204301075,43.09895833333333,1027.604166666666,33.14852150537632,0
1173,4,0,0,34,0.0,0.0,1.0,34,850,500,350,0.5882352941176471,12,5,7,391.5636264309119,0.4204731134878194,0.13829148513632106,0.2326850103565341,131879.77837033186,3527.8648543184145,135407.64322465027,706,12,205.05882352941177,30,4,18,33.15749585623308,0.6534722222222222,43.21236559139785,1027.1505376344087,34.23835125448029,0
1174,4,0,0,34,0.0,0.0,1.0,34,750,400,350,0.5333333333333333,11,4,7,393.3313453385219,0.42028743315508016,0.14354972758334128,0.23416081026227878,131948.81633714866,3579.921089143229,135528.7374262919,707,13,206.05882352941177,30,4,18,33.042255363683935,0.6541666666666667,43.14516129032257,1027.4193548387084,34.24731182795695,0
1175,4,0,0,34,0.0,0.0,1.0,34,1250,1000,250,0.8,15,10,5,400.33115468409585,0.41852346999405826,0.15144175317185704,0.23963484611371946,132156.0386316337,3781.2359087755835,135937.2745404093,708,14,207.05882352941177,30,4,18,32.652777777777786,0.65625,42.943548387096776,1028.225806451613,34.274193548387096,0
1176,4,0,0,34,0.0,0.0,1.0,34,650,500,150,0.7692307692307693,8,5,3,399.8156678280417,0.4183934937611408,0.1539475808621713,0.23954500192265823,132190.59148817777,3770.3739232859216,135960.9654114637,709,15,208.05882352941177,30,4,19,32.63108308282142,0.6565972222222223,42.909946236559136,1028.3602150537629,34.27867383512543,0
1177,4,1,0,35,0.02857142857142857,0.0,1.0,35,1200,1000,200,0.8333333333333334,14,10,4,389.3862847041861,0.42076330532212886,0.15196676900848827,0.2358380943346182,132599.08888075093,3326.453314887157,135925.5421956381,710,0,203.0857142857143,31,4,22,32.48683101559208,0.6579301075268817,42.513020833333336,1029.9479166666672,33.22412634408604,0
1178,4,0,0,35,0.0,0.0,1.0,35,1100,800,300,0.7272727272727273,14,8,6,373.1227008864317,0.42023809523809524,0.09222463346212928,0.21472455643762883,130649.55305899907,2778.179802732584,133427.73286173164,711,1,204.0857142857143,32,3,18,34.87634309003335,0.6357421875,44.41287878787879,1022.3484848484848,31.94839015151515,8
1179,4,0,0,35,0.0,0.0,1.0,35,1250,1100,150,0.88,14,11,3,400.01149274050357,0.420203081232493,0.08345764930836697,0.22130055432268161,129107.96215698296,3359.1004574786166,132467.06261446158,712,2,205.0857142857143,33,2,19,35.76196290043812,0.617739898989899,45.92524509803922,1016.2990196078438,30.796939988116478,7
1180,4,0,1,34,0.0,0.02857142857142857,0.9714285714285714,35,1300,1100,200,0.8461538461538461,15,11,4,401.6262711225604,0.42006302521008404,0.08084569380178186,0.22328133834436406,129300.6918165417,3386.178523748918,132686.87034029062,713,3,206.0857142857143,31,4,19,35.52375389408099,0.6246639784946236,45.73567708333332,1017.0572916666652,32.80829973118275,0
1181,4,0,0,34,0.0,0.0,1.0,34,900,600,300,0.6666666666666666,12,6,6,412.7054901272715,0.419247623291741,0.08307288022266834,0.22926062689448856,129269.72229448489,3870.0648196323264,133139.7871141172,714,4,211.47058823529412,30,4,19,35.27375759978854,0.6270833333333333,45.766129032258064,1016.9354838709676,33.897849462365585,0
1182,4,0,0,34,0.0,0.0,1.0,34,800,500,300,0.625,11,5,6,408.6313363951877,0.41919191919191917,0.07917799143207827,0.2275578496974768,129366.91496107307,3772.6750691731722,133139.59003024624,715,5,212.47058823529412,31,3,19,35.27787554929817,0.6253360215053764,45.670572916666664,1017.3177083333328,32.816700268817186,0
1183,4,0,0,34,0.0,0.0,1.0,34,600,500,100,0.8333333333333334,7,5,2,408.6313363951877,0.41919191919191917,0.07917799143207827,0.2275578496974768,129366.91496107307,3772.6750691731722,133139.59003024624,716,6,213.47058823529412,31,3,19,35.27787554929817,0.6253360215053764,45.670572916666664,1017.3177083333328,32.816700268817186,0
1184,4,1,0,35,0.02857142857142857,0.0,1.0,35,1000,800,200,0.8,12,8,4,399.34255886392725,0.42349439775910364,0.08036532913252059,0.2249193156029837,129811.85154894904,3367.8793936843103,133179.73094263335,717,0,208.34285714285716,32,3,19,35.059678685003924,0.6272786458333333,45.233585858585855,1019.0656565656561,31.845801767676754,0
1185,4,0,0,35,0.0,0.0,1.0,35,900,700,200,0.7777777777777778,11,7,4,397.2366529853465,0.42300420168067226,0.07913394183825107,0.2246556869404522,129972.73875114777,3325.9871441689534,133298.72589531672,718,1,209.34285714285716,32,3,19,34.94923229321446,0.62890625,45.07575757575757,1019.6969696969691,31.865530303030283,0
1186,4,1,0,36,0.027777777777777776,0.0,1.0,36,850,300,550,0.35294117647058826,14,3,11,386.67221990837135,0.4262896825396825,0.07539682539682535,0.22031324157570012,130262.58680555565,2873.784722222233,133136.37152777787,719,0,204.5,33,3,20,34.923469387755105,0.6294191919191919,44.79166666666667,1020.8333333333342,30.93434343434346,0
1187,4,0,0,36,0.0,0.0,1.0,36,800,500,300,0.625,11,5,6,383.6650349893721,0.42569444444444443,0.06959780231503743,0.21895185421448257,130325.14537677808,2800.240292195303,133125.38566897338,720,1,205.5,33,3,20,34.93658985437671,0.630050505050505,44.73039215686274,1021.0784313725483,30.941770647652977,0
1188,4,0,0,36,0.0,0.0,1.0,36,1150,800,350,0.6956521739130435,15,8,7,383.9095408272876,0.4248346560846561,0.06792974738385671,0.2196215526970104,130419.01139285362,2813.8205557958386,133232.83194864946,721,2,206.5,33,3,20,34.83490801839633,0.6309974747474747,44.63848039215686,1021.4460784313718,30.952911467617326,0
1189,4,0,0,36,0.0,0.0,1.0,36,900,500,400,0.5555555555555556,13,5,8,385.13072240297765,0.42506613756613754,0.06417509629096552,0.22067593351708756,130481.60750973185,2850.4951521049625,133332.1026618368,722,3,207.5,33,3,20,34.7400893606813,0.6316287878787878,44.57720588235294,1021.6911764705883,30.960338680926917,0
1190,4,0,0,36,0.0,0.0,1.0,36,1100,1000,100,0.9090909090909091,12,10,2,381.9882393631047,0.42509920634920634,0.06472598632929638,0.21922917605291994,130544.21864487202,2773.271247837356,133317.48989270936,723,4,208.5,33,3,14,34.75674041651678,0.632260101010101,44.51593137254901,1021.9362745098027,30.967765894236447,0
1191,4,0,0,36,0.0,0.0,1.0,36,1250,800,450,0.64,17,8,9,380.9060095108088,0.424917328042328,0.056091600410191234,0.21931668994814885,130669.48596993937,2754.5584931276394,133424.04446306702,724,5,209.5,33,3,14,34.65717267969156,0.6335227272727273,44.393382352941174,1022.4264705882347,30.982620320855595,0
1192,4,0,0,36,0.0,0.0,1.0,36,650,300,350,0.46153846153846156,10,3,7,380.77665190665243,0.4249338624338624,0.05863161819537677,0.2194199159881982,130700.8121876202,2753.563533256449,133454.37572087665,725,6,210.5,33,3,15,34.62867529562161,0.6338383838383839,44.36274509803922,1022.5490196078437,30.986333927510415,0
1193,4,0,1,35,0.0,0.027777777777777776,0.9722222222222222,36,1250,1000,250,0.8,15,10,5,377.3454910360686,0.42476851851851855,0.05921895006402056,0.2177149169570761,130749.15143140576,2667.5205498866057,133416.67198129237,726,7,211.5,34,2,15,34.66733597175337,0.632046568627451,44.31547619047618,1022.738095238094,30.080532212885117,0
1194,4,0,0,35,0.0,0.0,1.0,35,600,400,200,0.6666666666666666,8,4,4,385.5551529999021,0.42118347338935574,0.06403562863994483,0.2214552325082082,130575.52984429068,3068.813677431756,133644.34352172245,727,10,218.34285714285716,33,2,15,34.63379296562749,0.6325757575757576,44.48529411764706,1022.0588235294119,30.97147950089127,0
1195,4,0,0,35,0.0,0.0,1.0,35,950,700,250,0.7368421052631579,12,7,5,387.1689551109434,0.42135854341736695,0.05923880497704448,0.22285569614562872,130657.8514739228,3117.3327664398957,133775.1842403627,728,11,219.34285714285716,34,1,15,34.5089077782953,0.6311274509803921,44.4047619047619,1022.3809523809515,30.070028011204457,0
1196,4,0,1,34,0.0,0.02857142857142857,0.9714285714285714,35,500,200,300,0.4,8,2,6,388.10942864601094,0.42135854341736695,0.060402840842938677,0.22357289622002582,130688.2812499999,3144.270833333319,133832.55208333323,729,12,220.34285714285716,34,1,15,34.453952730236345,0.6314338235294117,44.37499999999999,1022.4999999999992,30.07352941176468,0
1197,4,0,1,33,0.0,0.029411764705882353,0.9705882352941176,34,900,600,300,0.6666666666666666,12,6,6,392.2521455567239,0.42103015448603687,0.06775379932785253,0.2269517091651479,130857.4995945068,3465.826995626671,134323.32659013345,730,13,224.08823529411765,33,1,16,34.17612388709228,0.6354166666666667,44.209558823529406,1023.1617647058813,31.00490196078428,0
1198,4,0,1,32,0.0,0.030303030303030304,0.9696969696969697,33,700,500,200,0.7142857142857143,9,5,4,391.72835167987375,0.41994160353535354,0.06934494647069478,0.22683299143737484,130888.84833958095,3654.5745626682074,134543.42290224915,731,14,226.75757575757575,33,0,16,34.15768463073852,0.6357323232323233,44.17892156862745,1023.2843137254904,31.008615567439104,0
1199,4,0,0,32,0.0,0.0,1.0,32,850,600,250,0.7058823529411765,11,6,5,399.57616421238913,0.4145665322580645,0.07840656627993048,0.23091056222887146,130810.95838434855,4053.788197632895,134864.74658198145,732,22,234.40625,32,0,17,34.03609191146218,0.6373697916666667,44.255050505050505,1022.9797979797981,31.968118686868692,0
1200,4,0,1,31,0.0,0.03125,0.96875,32,850,400,450,0.47058823529411764,13,4,9,399.8571347039318,0.41349546370967744,0.07848541383989116,0.2320430773833054,130972.46334876552,4074.05478395063,135046.51813271616,733,23,235.40625,32,0,18,33.8647670737223,0.6389973958333333,44.09722222222223,1023.6111111111119,31.987847222222246,0
1201,4,0,0,31,0.0,0.0,1.0,31,900,600,300,0.6666666666666666,12,6,6,405.35997863009715,0.41191756272401436,0.09743486628558284,0.23516861933661962,130961.35669284404,4417.298550075966,135378.65524292,734,24,242.74193548387098,31,0,18,33.73523830725523,0.6414650537634409,44.10807291666667,1023.5677083333339,33.01831317204303,0
1202,4,0,0,31,0.0,0.0,1.0,31,750,500,250,0.6666666666666666,10,5,5,402.5193291034048,0.41097670250896057,0.09976044367144699,0.23412810680985033,131061.33355034729,4350.944010416677,135412.27756076396,735,25,243.74193548387098,31,0,18,33.70634113258731,0.6424731182795699,44.01041666666667,1023.9583333333339,33.030913978494645,0
1203,4,0,0,31,0.0,0.0,1.0,31,600,500,100,0.8333333333333334,7,5,2,402.11791457885795,0.4109318996415771,0.10259606080981332,0.23470799346487062,131194.69536675356,4351.147460937505,135545.84282769106,736,26,244.74193548387098,31,0,18,33.58117268259616,0.6438172043010753,43.880208333333336,1024.4791666666672,33.04771505376346,0
1204,4,1,1,31,0.03125,0.03125,0.96875,32,800,400,400,0.5,12,4,8,391.23263023750786,0.41336945564516125,0.09659775986800367,0.23055511545559657,131561.79004245342,3894.320848253048,135456.11089070648,737,0,238.0625,31,1,16,33.48788446080298,0.647513440860215,43.52213541666667,1025.911458333334,33.09391801075271,0
1205,4,0,0,31,0.0,0.0,1.0,31,900,700,200,0.7777777777777778,11,7,4,399.53494594079444,0.4121863799283154,0.08714832624844693,0.23570709252797714,131603.80715978722,4316.0639958376605,135919.8711556249,738,1,238.03225806451613,30,1,17,33.23235961924722,0.6506944444444445,43.48118279569892,1026.075268817204,34.20250896057347,0
1206,4,0,0,31,0.0,0.0,1.0,31,400,200,200,0.5,6,2,4,397.87453859346437,0.41205197132616483,0.08728901282295043,0.2349398377541454,131638.287753642,4275.104600242799,135913.39235388482,739,2,239.03225806451613,30,1,17,33.24001309757694,0.6510416666666667,43.44758064516129,1026.2096774193546,34.206989247311824,0
1207,4,0,0,31,0.0,0.0,1.0,31,750,500,250,0.6666666666666666,10,5,5,397.11552352486274,0.41191756272401436,0.09032933802971566,0.23512933090565122,131741.75663371483,4263.339331136543,136005.09596485138,740,3,240.03225806451613,30,1,17,33.154676180501006,0.6520833333333333,43.346774193548384,1026.6129032258061,34.22043010752687,0
1208,4,0,0,31,0.0,0.0,1.0,31,1050,700,350,0.6666666666666666,14,7,7,399.03365289548674,0.41164874551971326,0.09076827626375406,0.2373396271657746,131914.29509553118,4327.648608220592,136241.94370375178,741,4,241.03225806451613,30,1,17,32.93073182432727,0.6538194444444445,43.17876344086021,1027.2849462365584,34.242831541218614,0
1209,4,0,0,31,0.0,0.0,1.0,31,950,700,250,0.7368421052631579,12,7,5,396.36842933881275,0.4107078853046595,0.08621838954376315,0.23639883078974736,132017.87236963803,4265.543343161045,136283.4157127991,742,5,242.03225806451613,30,1,17,32.89437832417822,0.6548611111111111,43.077956989247305,1027.6881720430101,34.25627240143367,0
1210,4,0,0,31,0.0,0.0,1.0,31,800,400,400,0.5,12,4,8,393.9373206385314,0.4104838709677419,0.09003917864026079,0.23559238198312166,132121.49029150754,4209.517176841237,136331.00746834878,743,6,243.03225806451613,30,1,18,32.85206127162592,0.6559027777777777,42.9771505376344,1028.0913978494614,34.26971326164871,0
1211,4,0,0,31,0.0,0.0,1.0,31,800,600,200,0.75,10,6,4,393.57730571396104,0.41075268817204297,0.09188763012214318,0.23580735834123037,132190.59148817768,4205.4433677303505,136396.03485590804,744,7,244.03225806451613,30,1,18,32.7914651679519,0.6565972222222223,42.90994623655913,1028.3602150537622,34.27867383512541,0
1212,4,0,0,31,0.0,0.0,1.0,31,750,500,250,0.6666666666666666,10,5,5,393.79922345277475,0.4104838709677419,0.09075740722014358,0.23702255147440573,132363.4235171695,4224.922678922404,136588.34619609188,745,8,245.03225806451613,30,1,18,32.61113288052943,0.6583333333333333,42.74193548387096,1029.0322580645152,34.30107526881717,0
1213,4,1,1,31,0.03125,0.03125,0.96875,32,1100,1100,0,1.0,11,11,0,386.1894253984331,0.40975722446236557,0.11332612675167297,0.23621671340393713,132968.14176771362,3870.1780531141308,136838.31982082775,746,0,238.34375,31,1,18,32.197244666077516,0.6616263440860215,42.15494791666666,1031.3802083333321,33.27032930107523,0
1214,4,0,0,31,0.0,0.0,1.0,31,950,800,150,0.8421052631578947,11,8,3,392.2104219718719,0.4074372759856631,0.11698487561687143,0.240017765407667,132986.5537200832,4231.742470227766,137218.29619031097,747,1,244.2258064516129,30,1,18,32.023444965684995,0.6645833333333333,42.137096774193544,1031.4516129032254,34.381720430107514,0
1215,4,0,0,31,0.0,0.0,1.0,31,1300,1000,300,0.7692307692307693,16,10,6,390.17565429305023,0.4054659498207885,0.11194778905636449,0.24033193268844574,133229.27731890968,4196.56408977916,137425.84140868884,748,2,245.2258064516129,30,1,19,31.831521503276488,0.6670138888888889,41.901881720430104,1032.3924731182792,34.413082437275975,0
1216,4,0,0,31,0.0,0.0,1.0,31,1050,800,250,0.7619047619047619,13,8,5,370.0312750398539,0.40456989247311825,0.0576548115605795,0.21119252247907844,130329.05578613293,3445.165337456612,133774.22112358955,749,3,246.2258064516129,31,0,18,35.28064694380684,0.6350806451612903,44.72656250000001,1021.0937500000009,32.93850806451616,8
1217,4,0,0,31,0.0,0.0,1.0,31,600,300,300,0.5,9,3,6,371.3385000367959,0.40488351254480287,0.05369215837870733,0.21230169054581846,130395.54172092018,3484.176974826394,133879.7186957466,750,4,247.2258064516129,31,0,18,35.17975522692504,0.635752688172043,44.661458333333336,1021.3541666666671,32.94690860215055,0
1218,4,0,1,30,0.0,0.03225806451612903,0.967741935483871,31,600,300,300,0.5,9,3,6,371.6034037583932,0.4055555555555555,0.05630976951477251,0.21281754057579205,130462.04460991747,3496.0279676649266,133958.0725775824,751,5,248.2258064516129,31,0,18,35.1054677542697,0.6364247311827957,44.596354166666664,1021.6145833333328,32.95530913978493,0
1219,4,0,0,30,0.0,0.0,1.0,30,800,500,300,0.625,11,5,6,380.51658815392193,0.40715996168582375,0.048014567153701115,0.21718891962474413,130331.20022907264,3918.636728234467,134249.8369573071,752,6,239.9,30,0,20,35.01080470361108,0.6378472222222222,44.72446236559139,1021.1021505376337,34.036738351254456,0
1220,4,0,0,30,0.0,0.0,1.0,30,1400,1200,200,0.8571428571428571,16,12,4,384.05976294223535,0.40668103448275866,0.05152392229092673,0.21998781146374777,130468.4812731241,4021.5387978379076,134490.020070962,753,7,240.9,30,0,20,34.78078542297066,0.6392361111111111,44.590053763440864,1021.6397849462369,34.0546594982079,0
1221,4,0,0,30,0.0,0.0,1.0,30,950,800,150,0.8421052631578947,11,8,3,383.0794557267538,0.4073275862068966,0.04102901218336363,0.2204010847396135,130640.18419759512,4009.114131691526,134649.29832928666,754,8,241.9,30,0,18,34.63137654483302,0.6409722222222223,44.42204301075269,1022.3118279569895,34.07706093189965,0
1222,4,0,0,30,0.0,0.0,1.0,30,900,600,300,0.6666666666666666,12,6,6,384.8857147297371,0.4066570881226053,0.03666228646517733,0.22222915698735196,130777.62783269734,4066.888151809447,134844.51598450678,755,9,242.9,30,0,18,34.445630749014455,0.6423611111111112,44.287634408602145,1022.8494623655907,34.09498207885302,0
1223,4,0,0,30,0.0,0.0,1.0,30,850,400,450,0.47058823529411764,13,4,9,383.19599697762754,0.407183908045977,0.03637159618247088,0.222043707837721,130915.1437304889,4033.2318042548054,134948.3755347437,756,10,243.9,30,0,18,34.349279835390945,0.64375,44.1532258064516,1023.3870967741921,34.1129032258064,0
1224,4,0,0,30,0.0,0.0,1.0,30,900,700,200,0.7777777777777778,11,7,4,382.8270661827481,0.4065852490421456,0.03512709454434071,0.22282348489276962,131087.14022213532,4036.741061105303,135123.88128324063,757,11,244.9,30,0,19,34.18427615172594,0.6454861111111111,43.985215053763426,1024.0591397849448,34.13530465949816,0
1225,4,0,0,30,0.0,0.0,1.0,30,750,300,450,0.4,12,3,9,381.14646748591304,0.40567528735632186,0.03023662686436568,0.22224309324484615,131155.97043372047,3997.92696409986,135153.89739782034,758,12,245.9,30,0,19,34.1575361938503,0.6461805555555555,43.918010752688154,1024.3279569892456,34.14426523297485,0
1226,4,0,0,30,0.0,0.0,1.0,30,750,400,350,0.5333333333333333,11,4,7,373.96359991843974,0.40466954022988505,-0.004523146305876358,0.20297419580886336,128348.74561004133,3599.5517906693976,131948.29740071073,759,13,246.9,30,0,23,37.19989388513065,0.6177083333333333,46.67338709677417,1013.3064516129008,33.776881720430026,7
1227,4,1,0,31,0.03225806451612903,0.0,1.0,31,700,500,200,0.7142857142857143,9,5,4,362.2311516260557,0.407168458781362,-0.0037093462277277833,0.19820963015942566,128672.417534722,3121.8315972221885,131794.24913194418,760,0,239.90322580645162,31,0,19,37.16632443531828,0.6182795698924731,46.35416666666665,1014.5833333333316,32.728494623655855,0
1228,4,2,0,33,0.06060606060606061,0.0,1.0,33,950,600,350,0.631578947368421,13,6,7,341.2812904054782,0.41327335858585856,-0.004715913653518866,0.19015552167424674,129388.34372597064,2231.5641820453516,131619.907908016,761,0,226.3030303030303,33,0,22,36.96900345298323,0.6205808080808081,45.64950980392156,1017.4019607843126,30.83036244800947,0
1229,4,0,1,32,0.0,0.030303030303030304,0.9696969696969697,33,1000,700,300,0.7,13,7,6,341.56102244612765,0.41307607323232326,-0.0039684276564389,0.19121893359045994,129575.43372741234,2251.5835255670677,131827.0172529794,762,1,227.3030303030303,33,0,16,36.77178623013963,0.6224747474747474,45.46568627450979,1018.1372549019592,30.852644087938156,0
1230,4,1,0,33,0.030303030303030304,0.0,1.0,33,700,500,200,0.7142857142857143,9,5,4,341.6262059793996,0.4136679292929293,0.009171469294168677,0.19201748818842093,129731.44531249978,2263.932291666637,131995.37760416642,763,0,228.24242424242425,33,0,18,36.61170756646215,0.6240530303030303,45.312499999999986,1018.7499999999983,30.871212121212068,0
1231,4,0,0,33,0.0,0.0,1.0,33,650,500,150,0.7692307692307693,8,5,3,339.3073902694165,0.413470643939394,0.006691084021210214,0.19101834462357456,129793.87622849374,2208.004283208365,132001.8805117021,764,1,229.24242424242425,33,0,18,36.6074113048707,0.6246843434343434,45.25122549019607,1018.9950980392148,30.87863933452166,0
1232,4,1,1,33,0.029411764705882353,0.029411764705882353,0.9705882352941176,34,750,500,250,0.6666666666666666,10,5,5,330.6486493575636,0.41698232323232326,0.009730698207629063,0.1875134531002623,130080.35891439913,1802.1789965986397,131882.53791099778,765,0,223.47058823529412,34,0,19,36.53771346325903,0.6253063725490196,44.970238095238095,1020.1190476190479,30.003501400560232,0
1233,4,1,0,34,0.029411764705882353,0.0,1.0,34,900,600,300,0.6666666666666666,12,6,6,332.8530365332099,0.4186534462269756,0.015962663484421213,0.18994547533901135,130323.35778061222,1875.705073696138,132199.06285430834,766,0,224.2941176470588,34,0,21,36.23547471921029,0.6277573529411764,44.732142857142854,1021.0714285714284,30.031512605042014,0
1234,4,0,0,34,0.0,0.0,1.0,34,800,500,300,0.625,11,5,6,332.8530365332099,0.4186534462269756,0.015962663484421213,0.18994547533901135,130323.35778061222,1875.705073696138,132199.06285430834,767,1,225.2941176470588,34,0,21,36.23547471921029,0.6277573529411764,44.732142857142854,1021.0714285714284,30.031512605042014,0
1235,4,1,0,35,0.02857142857142857,0.0,1.0,35,950,400,550,0.42105263157894735,15,4,11,323.6757392371096,0.4192577030812325,0.01815742252542063,0.1868270743068804,130765.21675936643,1465.1056402177649,132230.3223995842,768,0,219.82857142857142,35,0,18,36.02337237373164,0.6300595238095238,44.29976851851852,1022.8009259259261,29.2228835978836,0
1236,4,0,1,34,0.0,0.02857142857142857,0.9714285714285714,35,450,300,150,0.6666666666666666,6,3,3,322.6537923618882,0.4189075630252101,0.01605870088730188,0.18652301312535832,130824.4133257244,1442.1986186128192,132266.6119443372,769,1,220.82857142857142,35,0,18,35.98976599917033,0.6306547619047619,44.241898148148145,1023.0324074074069,29.22949735449734,0
1237,4,0,1,33,0.0,0.029411764705882353,0.9705882352941176,34,1550,1200,350,0.7741935483870968,19,12,7,333.2804562600002,0.41354723707664887,0.027550000684472442,0.19274644960285603,130840.48327664392,1921.315192743761,132761.7984693877,770,2,228.23529411764707,34,0,19,35.701749282445114,0.6329656862745099,44.226190476190474,1023.0952380952376,30.091036414565814,0
1238,4,0,0,33,0.0,0.0,1.0,33,1500,1000,500,0.6666666666666666,20,10,10,366.18032347926226,0.41208964646464646,0.01241777787517262,0.20322395611420976,129232.53864198845,2864.482560793902,132097.02120278234,771,3,233.3939393939394,33,0,20,36.49449098067574,0.6190025252525253,45.80269607843136,1016.7892156862728,30.811794414735537,8
1239,4,0,0,33,0.0,0.0,1.0,33,1400,1100,300,0.7857142857142857,17,11,6,365.9368282020405,0.4105508207070707,0.013894514075128761,0.2043783025028876,129481.87183114636,2876.4370975105394,132358.3089286569,772,4,234.3939393939394,33,0,17,36.246613485851924,0.6215277777777778,45.55759803921567,1017.7696078431347,30.84150326797378,0
1240,4,1,0,34,0.029411764705882353,0.0,1.0,34,850,700,150,0.8235294117647058,10,7,3,356.88951675069507,0.4127859477124183,0.01767591746428754,0.2011409580581104,129837.58680555536,2467.534722222198,132305.12152777755,773,0,228.47058823529412,34,0,19,36.11508585445624,0.6228553921568627,45.20833333333332,1019.166666666665,29.975490196078383,0
1241,4,0,0,34,0.0,0.0,1.0,34,950,700,250,0.7368421052631579,12,7,5,358.0292730737003,0.4127859477124183,0.020792555200714657,0.2024106088367154,129958.94451530586,2505.821286848045,132464.7658021539,774,1,229.47058823529412,34,0,19,35.962735940844524,0.6240808823529411,45.0892857142857,1019.6428571428551,29.98949579831927,0
1242,4,2,0,36,0.05555555555555555,0.0,1.0,36,850,500,350,0.5882352941176471,12,5,7,342.6158355555676,0.4190310846560847,0.03240950511000373,0.19640341534315234,130498.99798525349,1742.5589551663954,132241.5569404199,775,0,217.66666666666666,35,1,18,35.80841262649146,0.6273809523809524,44.56018518518517,1021.759259259257,29.19312169312163,0
1243,4,0,1,35,0.0,0.027777777777777776,0.9722222222222222,36,900,700,200,0.7777777777777778,11,7,4,342.8491257088848,0.41906415343915343,0.029740338164251146,0.19713824728260854,130617.28395061703,1756.4043209876215,132373.68827160465,776,1,218.66666666666666,35,1,18,35.68274456521739,0.6285714285714286,44.44444444444443,1022.2222222222201,29.206349206349145,0
1244,4,0,0,35,0.0,0.0,1.0,35,1000,700,300,0.7,13,7,6,347.7277672151054,0.41673669467787117,0.03218612701371293,0.19952507712396123,130536.1678004532,2078.210034013565,132614.37783446675,777,2,225.54285714285714,34,1,19,35.64019299471885,0.6299019607843137,44.523809523809504,1021.9047619047594,30.056022408963514,0
1245,4,0,0,35,0.0,0.0,1.0,35,1050,700,350,0.6666666666666666,14,7,7,351.2770548186906,0.4158263305322129,0.06998892580287897,0.19098166313705817,128415.88010204081,2082.7132936507874,130498.5933956916,778,3,226.54285714285714,34,1,19,37.70603320021924,0.6084558823529411,46.607142857142854,1013.5714285714286,29.810924369747898,8
1246,4,1,0,36,0.027777777777777776,0.0,1.0,36,1150,900,250,0.782608695652174,14,9,5,340.4360797954917,0.41860119047619043,0.0701457477897387,0.18648446899922044,128715.26668137734,1563.864159767879,130279.13084114522,779,0,221.22222222222223,36,0,20,37.67547996892686,0.607349537037037,46.31193693693694,1014.7522522522524,28.18756256256257,0
1247,4,1,0,37,0.02702702702702703,0.0,1.0,37,1100,800,300,0.7272727272727273,14,8,6,333.3526052951434,0.4190753253253254,0.06716796658519097,0.18407897739361115,129034.22807979358,1202.7792205293722,130237.00730032295,780,0,216.21621621621622,37,0,21,37.5305777394057,0.6086711711711712,45.99780701754385,1016.0087719298228,27.45969653864386,0
1248,4,0,0,37,0.0,0.0,1.0,37,900,600,300,0.6666666666666666,12,6,6,333.3526052951434,0.4190753253253254,0.06716796658519097,0.18407897739361115,129034.22807979358,1202.7792205293722,130237.00730032295,781,1,217.21621621621622,37,0,21,37.5305777394057,0.6086711711711712,45.99780701754385,1016.0087719298228,27.45969653864386,0
1249,4,2,1,38,0.05128205128205128,0.02564102564102564,0.9743589743589743,39,850,400,450,0.47058823529411764,13,4,9,319.36836696792557,0.4234424201529465,0.07914255506323542,0.1789476722852023,129609.02829141992,478.71294831726317,130087.74123973718,782,0,207.02564102564102,38,1,17,37.30261777358095,0.6126644736842105,45.4326923076923,1018.2692307692291,26.7965587044534,0
1250,4,0,0,38,0.0,0.0,1.0,38,1400,800,600,0.5714285714285714,20,8,12,329.71387291696726,0.420074679943101,0.07699763084212785,0.18466363232249428,129591.85157933188,945.6462565404499,130537.49783587233,783,1,213.47368421052633,37,1,18,37.0566803072726,0.6143018018018018,45.44956140350876,1018.2017543859631,27.51896633475576,0
1251,4,0,0,38,0.0,0.0,1.0,38,1200,900,300,0.75,15,9,6,327.8210489103961,0.4195857041251778,0.07584239422973416,0.18399575367544826,129675.5988020352,902.0781634733733,130577.67696550857,784,2,214.47368421052633,37,1,19,37.01992948648942,0.6151463963963963,45.36732456140351,1018.5307017543856,27.527856804172586,0
1252,4,1,1,38,0.02564102564102564,0.02564102564102564,0.9743589743589743,39,1200,1000,200,0.8333333333333334,14,10,4,324.0458859444825,0.4224302744039586,0.0911388461404179,0.1836003604220754,130044.55133912251,628.0803701877285,130672.63170931024,785,0,209.94871794871796,38,1,20,36.7423448901924,0.6170504385964912,45.005341880341874,1019.9786324786313,26.84154295996398,0
1253,4,3,2,39,0.07317073170731707,0.04878048780487805,0.9512195121951219,41,1150,900,250,0.782608695652174,14,9,5,312.7861751801149,0.4296239837398374,0.10456010496268808,0.17965108873708846,130574.00238160166,-31.65144341991197,130542.35093818176,786,0,200.5121951219512,40,1,17,36.49468860826622,0.6190104166666667,44.486788617886184,1022.0528455284561,25.551321138211403,0
1254,4,0,0,39,0.0,0.0,1.0,39,1200,900,300,0.75,15,9,6,323.6989386088498,0.423836032388664,0.10354616779899328,0.18456247358867375,130289.85407991837,634.9374954343103,130924.79157535268,787,1,211.7948717948718,38,1,23,36.50302602204549,0.6195175438596492,44.764957264957275,1020.9401709401724,26.866846603688746,0
1255,4,0,0,39,0.0,0.0,1.0,39,650,500,150,0.7692307692307693,8,5,3,324.0237071701948,0.42375168690958165,0.10055188437525997,0.18487728772689876,130317.1242078495,645.1675387172338,130962.29174656673,788,2,212.7948717948718,38,1,23,36.46716194063689,0.6197916666666667,44.73824786324787,1021.0470085470096,26.869658119658148,0
1256,4,1,0,40,0.025,0.0,1.0,40,950,600,350,0.631578947368421,13,6,7,317.76913074238485,0.42465277777777777,0.10616799204771432,0.1828808612853771,130651.91436975347,303.4290518210119,130955.3434215745,789,0,208.45,40,0,20,36.28872597746854,0.6197916666666667,44.41056910569106,1022.3577235772359,25.558943089430898,0
1257,4,0,0,40,0.0,0.0,1.0,40,600,300,300,0.5,9,3,6,320.85710961735543,0.4232371794871795,0.11139976157361353,0.1854045732151726,130807.80805902605,394.12304184020314,131201.93110086626,790,1,209.45,40,0,20,36.052470362275635,0.6213541666666667,44.25813008130083,1022.9674796747995,25.574186991869986,0
1258,4,1,0,41,0.024390243902439025,0.0,1.0,41,550,300,250,0.5454545454545454,8,3,5,317.10482242053126,0.42527947154471546,0.11513348347319319,0.1843852885747779,131048.6359619081,111.23088703075794,131159.86684893887,791,0,205.3170731707317,41,0,21,35.905657559022046,0.6222052845528455,44.02281746031747,1023.9087301587317,24.97338366240809,0
1259,4,0,2,39,0.0,0.04878048780487805,0.9512195121951219,41,1250,700,550,0.56,18,7,11,345.7991967475815,0.4250508130081301,0.13570154168762394,0.19010179191757912,128857.43408203124,734.2629438204681,129591.69702585171,792,1,206.3170731707317,39,2,15,37.39451882630553,0.6033653846153846,46.171875,1015.3124999999999,26.033653846153843,8
1260,4,0,0,39,0.0,0.0,1.0,39,1100,700,400,0.6363636363636364,15,7,8,359.6787652488659,0.4237235717498875,0.14678995627262226,0.19764188056019283,128839.34389667968,1468.155225646346,130307.49912232603,793,2,217.2051282051282,37,2,15,37.06067519890558,0.6067004504504505,46.18969298245614,1015.2412280701749,27.438952110004728,0
1261,4,1,0,40,0.025,0.0,1.0,40,1100,900,200,0.8181818181818182,13,9,4,349.6700192747827,0.42698985042735044,0.1436199285263824,0.19364147633179757,129147.08547921687,1031.7727737599528,130178.85825297682,794,0,212.75,38,2,16,37.00117370892019,0.6080043859649122,45.886752136752136,1016.4529914529913,26.748762932973456,0
1262,4,1,0,41,0.024390243902439025,0.0,1.0,41,1000,600,400,0.6,14,6,8,339.48317193646324,0.42815040650406505,0.14193621091939157,0.18916900212702983,129391.54071015051,585.2615466798195,129976.80225683033,795,0,208.53658536585365,38,3,17,37.011489726626756,0.6104714912280702,45.64636752136752,1017.4145299145301,26.77406657669816,0
1263,4,0,1,40,0.0,0.024390243902439025,0.975609756097561,41,1450,1200,250,0.8275862068965517,17,12,5,336.7416660316654,0.42840447154471545,0.13469042964708522,0.18858662671723064,129589.12854658274,527.6118092735812,130116.74035585632,796,1,209.53658536585365,40,1,14,36.880551951292546,0.6091145833333333,45.452235772357724,1018.1910569105692,25.45477642276423,0
1264,4,0,0,40,0.0,0.0,1.0,40,1000,700,300,0.7,13,7,6,343.8659275936092,0.42662927350427354,0.13544012282497464,0.1919754350051177,129466.28146701383,903.8085937499947,130370.09006076383,797,3,215.75,39,1,14,36.82403616513135,0.6095085470085471,45.572916666666664,1017.7083333333328,26.095085470085458,0
1265,4,0,1,39,0.0,0.025,0.975,40,1100,800,300,0.7272727272727273,14,8,6,343.24348215074997,0.4263087606837607,0.1305237315875618,0.19240529137074125,129625.34722222203,898.6111111110908,130523.95833333312,798,4,216.75,39,1,15,36.67825968357884,0.6111111111111112,45.41666666666666,1018.3333333333318,26.11111111111107,0
1266,4,0,0,39,0.0,0.0,1.0,39,1000,900,100,0.9,11,9,2,352.9760220389804,0.42262708052181736,0.13978529340544066,0.1976416856657742,129581.8323562712,1347.8559427277096,130929.68829899891,799,8,223.2051282051282,38,1,15,36.47472892619797,0.612390350877193,45.459401709401696,1018.1623931623911,26.793747188483977,0
1267,4,3,0,42,0.07142857142857142,0.0,1.0,42,1250,900,350,0.72,16,9,7,336.3598500624743,0.4303135888501742,0.15792031098153592,0.19164689131466528,130262.58680555534,370.15475473005415,130632.7415602854,800,0,208.1904761904762,37,5,18,36.20748299319729,0.6210585585585586,44.79166666666666,1020.8333333333317,27.590090090090044,0
1268,4,0,0,42,0.0,0.0,1.0,42,1200,1000,200,0.8333333333333334,14,10,4,342.3944199760887,0.43015631049167635,0.1580160945632283,0.1956479526170117,130374.54433094799,527.9032971683623,130902.44762811635,801,1,209.1904761904762,37,5,18,35.94007229260612,0.6221846846846847,44.68201754385965,1021.2719298245614,27.601944049312472,0
1269,4,0,0,42,0.0,0.0,1.0,42,950,600,350,0.631578947368421,13,6,7,361.48496118545165,0.4303377855207124,0.22190597628914466,0.186816857205727,126365.89055309021,770.5118700610778,127136.40242315129,802,2,210.1904761904762,38,4,15,39.551455743279135,0.5797697368421053,48.63782051282052,1005.4487179487191,26.45917678812419,8
1270,4,2,2,42,0.045454545454545456,0.045454545454545456,0.9545454545454546,44,1250,900,350,0.72,16,9,7,327.9902205540538,0.43587033121916846,0.13098830629950942,0.16818221947558923,126043.83680555549,-398.91724194609753,125644.9195636094,803,0,201.5909090909091,39,5,18,40.72441217150759,0.5747863247863247,48.95833333333333,1004.1666666666661,25.747863247863233,8
1271,4,1,1,42,0.023255813953488372,0.023255813953488372,0.9767441860465116,43,1300,1100,200,0.8461538461538461,15,11,4,330.479998077776,0.4360695828719085,0.12932429023018388,0.16979087114356547,126124.31171926355,-263.6875410913955,125860.62417817216,804,0,205.90697674418604,38,5,20,40.57913209955328,0.5773026315789473,48.878205128205124,1004.4871794871789,26.433873144399445,0
1272,4,1,1,42,0.023255813953488372,0.023255813953488372,0.9767441860465116,43,850,700,150,0.8235294117647058,10,7,3,329.17123169098807,0.43745385751199706,0.15598476434606456,0.17019228170932527,126384.01828341995,-279.6034071180753,126104.41487630187,805,0,206.7906976744186,39,4,18,40.34507838668463,0.5782585470085471,48.61979166666666,1005.5208333333318,25.78258547008543,0
1273,4,1,0,43,0.023255813953488372,0.0,1.0,43,1050,700,350,0.6666666666666666,14,7,7,334.36346424757505,0.43503137689184196,0.17955327080761152,0.1739878381811697,126646.0083007814,-130.8403862847066,126515.16791449669,806,0,207.65116279069767,39,4,19,39.945431887957504,0.5809294871794872,48.35937500000001,1006.5625000000011,25.8092948717949,0
1274,4,2,0,45,0.044444444444444446,0.0,1.0,45,1200,1100,100,0.9166666666666666,13,11,2,320.2411552149772,0.43954124579124576,0.19269556652451802,0.16900765272828722,127220.13728807268,-850.9912909783009,126369.14599709438,807,0,199.37777777777777,40,5,21,39.7128202545247,0.58515625,47.78963414634147,1008.8414634146351,25.221036585365876,0
1275,4,1,1,45,0.021739130434782608,0.021739130434782608,0.9782608695652174,46,1250,900,350,0.72,16,9,7,321.78790629173756,0.440408615136876,0.2142180357744945,0.17171573606044702,127667.85483001085,-983.6056586986515,126684.2491713122,808,0,196.02173913043478,41,5,16,39.216137397336475,0.588160569105691,47.346230158730165,1010.6150793650806,24.64914827719709,0
1276,4,2,2,45,0.0425531914893617,0.0425531914893617,0.9574468085106383,47,1350,900,450,0.6666666666666666,18,9,9,322.67754002382577,0.44098828245451743,0.24086276585793942,0.1741416244520306,128120.56220048512,-1131.6744325355708,126988.88776794955,809,0,192.7872340425532,43,4,18,38.73166292520188,0.5898740310077519,46.89867424242425,1012.4053030303043,23.544309372797773,0
1277,4,1,1,45,0.021739130434782608,0.021739130434782608,0.9782608695652174,46,1250,800,450,0.64,17,8,9,318.2212450112412,0.4405797101449275,0.2488998499889883,0.1733237317310054,128488.14791967123,-1022.4660780837282,127465.6818415875,810,0,193.1304347826087,42,4,17,38.470085061645804,0.5949900793650793,46.53585271317829,1013.8565891472863,24.13944259874491,0
1278,4,2,0,47,0.0425531914893617,0.0,1.0,47,1450,700,750,0.4827586206896552,22,7,15,319.4912659394469,0.43983194572926304,0.2755861625764373,0.1762047717086093,128984.86036680746,-1158.092734877167,127826.7676319303,811,0,189.82978723404256,43,4,19,37.93280584817126,0.5985949612403101,46.04640151515152,1015.8143939393955,23.62359055673013,0
1279,4,3,3,47,0.06,0.06,0.94,50,1850,1400,450,0.7567567567567568,23,14,9,303.874083282992,0.44485544217687073,0.2816803033326687,0.1705165768567829,129666.74619108977,-2118.437720576372,127548.3084705134,812,0,179.38,40,10,15,37.638653296081955,0.6098958333333333,45.376016260162594,1018.4959349593481,25.462398373983703,0
1280,4,0,0,47,0.0,0.0,1.0,47,1750,1400,350,0.8,21,14,7,329.1054796468143,0.4394850447116867,0.2940272278022755,0.18276192923620088,129257.13320444745,-892.153835795634,128364.97936865182,813,2,191.82978723404256,37,10,20,37.4119401912156,0.6109234234234234,45.77850877192982,1016.8859649122801,27.48340445708865,0
1281,4,0,1,46,0.0,0.02127659574468085,0.9787234042553191,47,1500,1200,300,0.8,18,12,6,314.61790856945663,0.43956213382670367,0.17614073941477915,0.1716128207789216,128546.63190507707,-1201.2554632630467,127345.37644181402,814,3,192.82978723404256,41,6,15,38.50192395486861,0.5970528455284553,46.478174603174615,1014.0873015873034,24.73383662408057,8
1282,4,0,1,45,0.0,0.021739130434782608,0.9782608695652174,46,1600,1000,600,0.625,22,10,12,320.88989601411475,0.4398852657004831,0.17352737382937278,0.17485081881664824,128504.92147737822,-952.8138219644011,127552.10765541381,815,4,191.54347826086956,40,6,16,38.38536968360565,0.5981770833333333,46.51930894308945,1013.922764227645,25.348069105691124,0
1283,4,1,0,46,0.021739130434782608,0.0,1.0,46,1500,1100,400,0.7333333333333333,19,11,8,321.92776813923365,0.4394021739130434,0.18553031985058777,0.17655643165329654,128762.65290377769,-909.5453061999954,127853.10759757769,816,0,192.41304347826087,40,6,19,38.096817529454945,0.60078125,46.26524390243903,1014.9390243902453,25.373475609756134,0
1284,4,1,0,47,0.02127659574468085,0.0,1.0,47,1000,600,400,0.6,14,6,8,320.5367406637475,0.4403715695343817,0.20216401029452413,0.17718606770743475,129075.34490937582,-1125.3219285399298,127950.0229808359,817,0,189.29787234042553,41,6,20,37.814340687949496,0.6023882113821138,45.95734126984127,1016.1706349206352,24.784649632210613,0
1285,4,1,0,48,0.020833333333333332,0.0,1.0,48,1200,500,700,0.4166666666666667,19,5,14,317.7334135565092,0.44168328900709225,0.21807603057603053,0.17714725933904016,129413.28125000003,-1376.0307421579728,128037.25050784205,818,0,186.33333333333334,39,9,21,37.54265629265628,0.608974358974359,45.625,1017.5000000000002,26.089743589743595,0
1286,4,0,0,48,0.0,0.0,1.0,48,1200,600,600,0.5,18,6,12,317.2365159717076,0.44148012706855794,0.21514879169163104,0.1770795134303614,129459.8174449734,-1386.1237110846582,128073.69373388875,819,1,187.33333333333334,40,8,15,37.50811364090272,0.6078125,45.57926829268293,1017.6829268292697,25.442073170731742,0
1287,4,0,1,47,0.0,0.020833333333333332,0.9791666666666666,48,1600,1000,600,0.625,22,10,12,316.646101721033,0.4406582446808511,0.21198680839737882,0.17733243673242194,129589.12854658272,-1393.2215240597498,128195.90702252298,820,2,188.33333333333334,40,8,15,37.39208004790899,0.6091145833333333,45.452235772357724,1018.191056910569,25.454776422764226,0
1288,4,0,1,46,0.0,0.02127659574468085,0.9787234042553191,47,1850,1400,450,0.7567567567567568,23,14,9,322.6628075156386,0.43908032685784765,0.2090232958922118,0.1811134863311086,129678.39084201377,-1031.5212673611202,128646.86957465265,821,3,193.10638297872342,39,8,16,37.14844548987523,0.6116452991452992,45.36458333333333,1018.5416666666657,26.116452991452967,0
1289,4,0,0,46,0.0,0.0,1.0,46,900,700,200,0.7777777777777778,11,7,4,327.28174583957684,0.4381441223832528,0.20456950500830162,0.18350880007899079,129636.22708013716,-714.4858554313888,128921.74122470578,822,4,197.52173913043478,38,8,16,37.073585466498805,0.6129385964912281,45.405982905982896,1018.376068376067,26.799370220422816,0
1290,4,1,2,45,0.02127659574468085,0.0425531914893617,0.9574468085106383,47,1550,1100,450,0.7096774193548387,20,11,9,328.7297704532198,0.43832870798643236,0.22736158049746824,0.1867886793132099,130156.27170138876,-842.7517361111211,129313.51996527764,823,0,194.29787234042553,39,8,17,36.50979991833402,0.6164529914529915,44.89583333333333,1020.4166666666656,26.164529914529886,0
1291,4,0,1,44,0.0,0.022222222222222223,0.9777777777777777,45,1800,1300,500,0.7222222222222222,23,13,10,340.1931340199272,0.43444865319865317,0.22556642421202278,0.1928590326500535,130066.77685682103,-150.43510984152203,129916.34174697951,824,1,203.06666666666666,37,8,17,36.30806818588985,0.6190878378378378,44.98355263157893,1020.0657894736818,27.56934566145086,0
1292,4,0,0,44,0.0,0.0,1.0,44,1850,1400,450,0.7567567567567568,23,14,9,347.4678251507957,0.432588971106413,0.2201416191928105,0.197829671304448,130233.84871357848,250.41443470497484,130484.26314828345,825,2,208.38636363636363,36,8,19,35.953129596940265,0.6226851851851851,44.81981981981982,1020.720720720721,28.353353353353363,0
1293,4,1,1,44,0.022222222222222223,0.022222222222222223,0.9777777777777777,45,1250,800,450,0.64,17,8,9,337.74725918250476,0.4332281144781145,0.226006707302147,0.1943009897882622,130636.47050766976,-175.57485695155805,130460.8956507182,826,0,204.73333333333332,36,9,14,35.793722919879556,0.6267361111111112,44.42567567567567,1022.2972972972967,28.39714714714713,0
1294,4,1,2,43,0.022222222222222223,0.044444444444444446,0.9555555555555556,45,1000,500,500,0.5,15,5,10,318.86601976198506,0.43493265993265995,0.15894971444490857,0.18386659886516385,130726.51855504417,-620.9054884719798,130105.61306657219,827,0,204.73333333333332,38,7,17,36.18540186655523,0.6239035087719298,44.337606837606835,1022.6495726495724,26.911830859199274,8
1295,4,0,0,43,0.0,0.0,1.0,43,1450,1100,350,0.7586206896551724,18,11,7,330.63218989127154,0.4325858250276855,0.17226320025014008,0.18964326745090995,130521.37230135534,30.9134303222084,130552.28573167755,828,1,215.0,36,7,17,36.09190177062671,0.6255787037037037,44.538288288288285,1021.8468468468463,28.384634634634622,0
1296,4,0,0,43,0.0,0.0,1.0,43,1800,1500,300,0.8333333333333334,21,15,6,331.6897545843967,0.43210132890365444,0.17301649495624716,0.1912428356432321,130722.82745160689,71.88451120037809,130794.71196280727,829,2,216.0,36,7,18,35.86127629115736,0.6276041666666667,44.34121621621621,1022.6351351351341,28.406531531531503,0
1297,4,0,1,42,0.0,0.023255813953488372,0.9767441860465116,43,1850,1200,650,0.6486486486486487,25,12,13,329.25844793102704,0.43094776670358065,0.17634641218444158,0.19047182750430314,130850.90033712277,16.752871075696135,130867.65320819848,830,3,217.0,37,6,18,35.79410477619405,0.6269707207207207,44.216008771929815,1023.1359649122792,27.652323376007544,0
1298,4,0,0,42,0.0,0.0,1.0,42,1250,900,350,0.72,16,9,7,337.9081111774729,0.42889808362369336,0.1773870783304745,0.19504992952125383,130766.77439212042,437.43074792241134,131204.20514004285,831,4,222.57142857142858,37,5,18,35.657875929102346,0.6261261261261262,44.298245614035075,1022.8070175438578,27.64343290659075,0
1299,4,1,1,42,0.023255813953488372,0.023255813953488372,0.9767441860465116,43,1000,500,500,0.5,15,5,10,333.1663078803203,0.4303940568475452,0.18668704734869235,0.19389186770084166,131081.84633875705,134.41095496380552,131216.25729372085,832,0,218.37209302325581,38,5,19,35.46100678142933,0.627467105263158,43.9903846153846,1024.0384615384587,26.948380566801546,0
1300,4,0,0,42,0.0,0.0,1.0,42,1100,800,300,0.7272727272727273,14,8,6,333.1135529486951,0.4291037553232675,0.18333407807915147,0.19469177856983136,131246.00643080202,343.96470249834107,131589.97113330037,833,1,222.3095238095238,38,4,19,35.296762589928036,0.6291118421052632,43.8301282051282,1024.6794871794864,26.965249662618064,0
1301,4,0,0,42,0.0,0.0,1.0,42,1550,1100,450,0.7096774193548387,20,11,9,330.2613642026323,0.4283415602013163,0.18016378525932697,0.19402322467284952,131443.57829112888,282.1984606547975,131725.77675178368,834,2,223.3095238095238,36,6,20,35.17072077018817,0.634837962962963,43.637387387387385,1025.4504504504498,28.484734734734715,0
1302,4,0,0,42,0.0,0.0,1.0,42,1250,1100,150,0.88,14,11,3,331.5768770171014,0.4280512001548587,0.18042746303615842,0.19509058112866665,131501.32395909424,320.55966439412475,131821.88362348836,835,3,224.3095238095238,36,6,20,35.078822646757416,0.6354166666666667,43.58108108108108,1025.6756756756758,28.490990990990994,0
1303,4,0,0,42,0.0,0.0,1.0,42,1200,900,300,0.75,15,9,6,332.4456707322243,0.4273736933797909,0.18172791504661556,0.19619462122487225,131616.85333982628,351.0906176446665,131967.94395747094,836,4,225.3095238095238,36,6,19,34.94018876207199,0.6365740740740741,43.468468468468465,1026.1261261261259,28.503503503503495,0
1304,4,0,0,42,0.0,0.0,1.0,42,1400,600,800,0.42857142857142855,22,6,16,333.41206964462475,0.42655100658149436,0.18627850481937225,0.19721291465352056,131703.53366457665,382.3095477233932,132085.84321230004,837,5,226.3095238095238,36,6,19,34.82812214298776,0.6374421296296297,43.384009009009006,1026.4639639639631,28.512887887887864,0
1305,4,0,0,42,0.0,0.0,1.0,42,1200,900,300,0.75,15,9,6,329.1310787934751,0.4265752032520325,0.18065476190476248,0.1954215780336258,131848.06428049668,279.05912669426027,132127.12340719093,838,6,227.3095238095238,36,6,19,34.79258040935673,0.6388888888888888,43.24324324324324,1027.0270270270266,28.52852852852852,0
1306,4,0,0,42,0.0,0.0,1.0,42,900,600,300,0.6666666666666666,12,6,6,324.0505662657755,0.4262243515292296,0.159295887094697,0.1763300462111297,128450.01737313402,13.279462544207618,128463.29683567822,839,7,228.3095238095238,37,5,14,38.361163692085796,0.602759009009009,46.5734649122807,1013.706140350877,27.397463252726407,8
1307,4,1,0,43,0.023255813953488372,0.0,1.0,43,1350,1000,350,0.7407407407407407,17,10,7,314.4742028728493,0.42799464747139165,0.1730812820164105,0.17288099579253596,128857.43408203137,-495.5322265624866,128361.90185546888,840,0,223.97674418604652,39,4,16,38.189635272391506,0.6033653846153846,46.17187500000001,1015.3125000000009,26.033653846153868,0
1308,4,0,0,43,0.0,0.0,1.0,43,900,600,300,0.6666666666666666,12,6,6,313.3935427451153,0.42702565522332964,0.16953161698606745,0.17297833743028357,129016.12548828125,-513.4358723958333,128502.68961588542,841,1,224.97674418604652,39,4,18,38.05591869168461,0.6049679487179487,46.015625,1015.9375,26.049679487179485,0
1309,4,0,0,43,0.0,0.0,1.0,43,1700,1400,300,0.8235294117647058,20,14,6,312.31616338171995,0.42626430417128086,0.17537401387224127,0.17343832929353709,129257.13320444745,-525.9157715595238,128731.21743288793,842,2,225.97674418604652,37,6,19,37.83876069297679,0.6109234234234234,45.77850877192982,1016.8859649122801,27.48340445708865,0
1310,4,0,0,43,0.0,0.0,1.0,43,1400,1200,200,0.8571428571428571,16,12,4,310.0054806902232,0.425687523071244,0.17033549412027083,0.17301027458123622,129452.33298947736,-573.813457025259,128878.5195324521,843,3,226.97674418604652,37,6,13,37.69966867794419,0.6128941441441442,45.586622807017534,1017.6535087719285,27.504148885727798,0
1311,4,0,0,43,0.0,0.0,1.0,43,800,500,300,0.625,11,5,6,308.86543368652644,0.4251107419712071,0.16453567689330284,0.17282317778032322,129554.63927469104,-597.0100308642352,128957.62924382681,844,4,227.97674418604652,38,5,13,37.62505684402,0.6121162280701755,45.48611111111109,1018.0555555555529,26.79093567251455,0
1312,4,0,0,43,0.0,0.0,1.0,43,1400,1100,300,0.7857142857142857,17,11,6,307.3458865020949,0.42566445182724255,0.1614658037016159,0.17239935354738825,129651.86767578113,-630.4063585069589,129021.46131727418,845,5,228.97674418604652,39,4,14,37.56531059288807,0.6113782051282051,45.39062499999999,1018.4374999999991,26.113782051282026,0
1313,4,0,1,42,0.0,0.023255813953488372,0.9767441860465116,43,1150,600,550,0.5217391304347826,17,6,11,305.7402571297514,0.4255952380952381,0.14709427126790886,0.17219671476685983,129811.04736328113,-662.3074001736264,129148.73996310751,846,6,229.97674418604652,39,4,16,37.44516423046782,0.6129807692307692,45.23437499999999,1019.0624999999991,26.12980769230767,0
1314,4,0,0,42,0.0,0.0,1.0,42,1050,800,250,0.7619047619047619,13,8,5,311.1475601573357,0.4243007162214479,0.15092347099267545,0.17506868915755186,129772.26382725143,-324.3353468113524,129447.92848044008,847,7,236.11904761904762,38,4,16,37.34664988990247,0.6143092105263157,45.27243589743588,1018.9102564102534,26.813427800269825,0
1315,4,0,1,41,0.0,0.023809523809523808,0.9761904761904762,42,950,800,150,0.8421052631578947,11,8,3,314.5394204426493,0.42346593108788233,0.1606331906059426,0.17759379584992643,129908.3719135801,-227.73919753088506,129680.63271604921,848,8,237.11904761904762,38,4,18,37.12250227066302,0.6156798245614035,45.13888888888888,1019.4444444444432,26.827485380116926,0
1316,4,0,1,40,0.0,0.024390243902439025,0.975609756097561,41,1050,800,250,0.7619047619047619,13,8,5,321.12459890835385,0.4211382113821138,0.16454164971988616,0.18100989368424167,129843.17440221985,139.16746018004915,129982.3418623999,849,22,243.70731707317074,37,4,19,37.02068764568764,0.6168355855855856,45.20285087719298,1019.1885964912276,27.54563774300615,0
1317,4,0,0,40,0.0,0.0,1.0,40,1050,600,450,0.5714285714285714,15,6,9,330.9943001231699,0.41860309829059833,0.16428610896231644,0.18638254024981737,129803.15778193735,592.8210727619526,130395.97885469931,850,23,249.675,36,4,20,36.80977640254908,0.6183449074074074,45.24211711711712,1019.0315315315315,28.30643143143143,0
1318,4,0,0,40,0.0,0.0,1.0,40,1050,900,150,0.8571428571428571,12,9,3,330.0494995322716,0.4181623931623932,0.16821294455489322,0.1865335935558793,129946.64216581448,577.7648425452534,130524.40700835973,851,24,250.675,36,4,20,36.68843420955748,0.6197916666666667,45.101351351351354,1019.5945945945948,28.32207207207208,0
1319,4,0,1,39,0.0,0.025,0.975,40,700,500,200,0.7142857142857143,9,5,4,329.36545517133914,0.41790865384615383,0.17022363335173885,0.18628383488922398,129975.34855379032,561.8779674945224,130537.22652128484,852,25,251.675,36,4,20,36.67678998711577,0.6200810185185186,45.0731981981982,1019.7072072072076,28.32520020020021,0
1320,4,0,0,39,0.0,0.0,1.0,39,1000,800,200,0.8,12,8,4,333.5729585858701,0.4186347278452542,0.17113223854796855,0.18876758754657036,129996.88042534729,872.6888020833374,130869.56922743063,853,26,250.33333333333334,35,4,20,36.547710248552946,0.6223214285714286,45.052083333333336,1019.7916666666672,29.136904761904777,0
1321,4,0,0,39,0.0,0.0,1.0,39,1200,900,300,0.75,15,9,6,334.9226422534976,0.41795996401259555,0.17590895603148882,0.18996191562563247,130085.4190779321,913.7104552469149,130999.12953317902,854,27,251.33333333333334,35,4,20,36.42358747447243,0.6232142857142857,44.96527777777778,1020.1388888888889,29.1468253968254,0
1322,4,0,0,39,0.0,0.0,1.0,39,1450,900,550,0.6206896551724138,20,9,11,333.2005096100522,0.4178756185335133,0.17702454781488686,0.18970273042292124,130233.05047850226,878.7437575017209,131111.79423600397,855,28,252.33333333333334,35,4,20,36.31801130135692,0.624702380952381,44.820601851851855,1020.7175925925928,29.163359788359795,0
1323,4,0,1,38,0.0,0.02564102564102564,0.9743589743589743,39,1050,700,350,0.6666666666666666,14,7,7,333.17897879015396,0.4175663517768781,0.17190329603888177,0.1899787829287619,130292.12648158864,882.119529106652,131174.2460106953,856,29,253.33333333333334,35,4,21,36.25876223406266,0.625297619047619,44.76273148148148,1020.9490740740739,29.16997354497354,0
1324,4,0,0,38,0.0,0.0,1.0,38,1400,1100,300,0.7857142857142857,17,11,6,328.13409118322465,0.41519973921289716,0.15018426419549868,0.1878152716461181,130439.87509645066,960.3539737654352,131400.2290702161,857,30,253.05263157894737,35,3,23,36.23810333106729,0.6267857142857143,44.61805555555556,1021.527777777778,29.186507936507944,0
1325,4,0,0,38,0.0,0.0,1.0,38,1450,1200,250,0.8275862068965517,17,12,5,331.7810049904515,0.4149774774774775,0.15399058234487684,0.19048285267007062,130558.134269976,1063.3417995541877,131621.47606953018,858,31,254.05263157894737,35,3,17,36.025386938467356,0.6279761904761905,44.50231481481482,1021.9907407407408,29.19973544973545,0
1326,4,0,0,38,0.0,0.0,1.0,38,800,600,200,0.75,10,6,4,329.6506472451785,0.4150811996206733,0.1478997402968718,0.19013009915524787,130735.62349965704,1019.4165809327824,131755.04008058982,859,32,255.05263157894737,35,3,17,35.900482873094916,0.6297619047619047,44.3287037037037,1022.685185185185,29.219576719576715,0
1327,4,0,0,38,0.0,0.0,1.0,38,1100,800,300,0.7272727272727273,14,8,6,330.6161186600629,0.4153034613560929,0.14528614215706748,0.1911259563660101,130824.41332572438,1050.5319519461545,131874.94527767054,860,33,256.05263157894734,35,3,17,35.78612305313573,0.6306547619047619,44.241898148148145,1023.0324074074068,29.229497354497337,0
1328,4,0,0,38,0.0,0.0,1.0,38,1050,800,250,0.7619047619047619,13,8,5,331.2503838987735,0.41521455666192514,0.14655870445344088,0.19163962000426404,130854.01663237301,1069.0886488340038,131923.105281207,861,34,257.05263157894734,35,3,17,35.74000754147811,0.6309523809523809,44.212962962962955,1023.1481481481474,29.23280423280421,0
1329,4,0,0,38,0.0,0.0,1.0,38,1200,1000,200,0.8333333333333334,14,10,4,334.2341404801551,0.4149478425794215,-0.0005991137637912924,0.19071006839161786,130318.55955678668,1111.3823484148973,131429.9419052016,862,35,258.05263157894734,37,1,16,36.205075887743426,0.6216216216216216,44.73684210526316,1021.0526315789472,27.596017069701276,8
1330,4,0,1,37,0.0,0.02631578947368421,0.9736842105263158,38,1100,700,400,0.6363636363636364,15,7,8,347.00481167698723,0.4147848506401138,0.037462944735968895,0.1936925560917189,129459.11864144527,1388.4828461715565,130847.60148761682,863,36,259.05263157894734,36,2,16,36.751456973184304,0.6148726851851851,45.57995495495494,1017.6801801801782,28.26889389389384,8
1331,4,0,0,37,0.0,0.0,1.0,37,1350,1000,350,0.7407407407407407,17,10,7,348.6972203947445,0.4131006006006006,0.05762980529972994,0.19540370350528394,129613.56122470829,1639.1777049039483,131252.73892961224,864,37,265.64864864864865,35,2,18,36.551394256270356,0.618452380952381,45.428240740740726,1018.2870370370354,29.093915343915295,0
1332,4,0,0,37,0.0,0.0,1.0,37,1000,800,200,0.8,12,8,4,354.4751197406326,0.41291291291291293,0.07127108776971292,0.18864992957903925,127559.26354595346,1644.937950102892,129204.20149605635,865,38,266.64864864864865,35,2,16,38.50156584173539,0.5976190476190476,47.45370370370371,1010.185185185186,28.862433862433885,8
1333,4,1,1,37,0.02631578947368421,0.02631578947368421,0.9736842105263158,38,1000,500,500,0.5,15,5,10,357.5783821551763,0.4149478425794215,0.08735304411688771,0.18520985316258765,126457.0724285355,1533.737234023075,127990.80966255857,866,0,260.60526315789474,37,1,15,39.55573876230967,0.5824887387387387,48.54714912280701,1005.8114035087702,27.18409198672352,8
1334,4,2,0,39,0.05128205128205128,0.0,1.0,39,750,500,250,0.6666666666666666,10,5,5,325.07031324281274,0.42363922627080525,0.14688580537967555,0.1642611936828728,125438.98122499249,384.75696849032266,125823.73819348282,867,0,253.4102564102564,37,2,14,41.42038820782253,0.572072072072072,49.56140350877194,1001.7543859649138,27.07444286391659,8
1335,4,0,0,39,0.0,0.0,1.0,39,1250,900,350,0.72,16,9,7,323.7002952850435,0.4241734143049933,0.14463132256960187,0.16378589691665177,125493.90798130215,324.48301400433115,125818.39099530649,868,1,254.4102564102564,37,2,14,41.398099511198645,0.5726351351351351,49.50657894736843,1001.9736842105281,27.080369843527784,0
1336,4,4,2,41,0.09302325581395349,0.046511627906976744,0.9534883720930233,43,1100,800,300,0.7272727272727273,14,8,6,303.01532828217796,0.43558508674787744,0.16732534055695591,0.15698888162764468,126467.57610741079,-935.6771817523036,125531.89892565849,869,0,231.65116279069767,41,2,13,40.91698310155506,0.5759654471544715,48.53670634920636,1005.8531746031764,24.53300425861406,0
1337,4,0,1,40,0.0,0.024390243902439025,0.975609756097561,41,900,700,200,0.7777777777777778,11,7,4,315.3756332871926,0.43038617886178865,0.1741322337033877,0.16243613103692234,126226.95448133718,-238.21885850690512,125988.73562283027,870,1,243.9512195121951,39,2,16,40.85305017103763,0.576655982905983,48.776041666666686,1004.8958333333363,25.766559829059904,0
1338,4,2,1,41,0.047619047619047616,0.023809523809523808,0.9761904761904762,42,1500,1300,200,0.8666666666666667,17,13,4,308.3144577083968,0.4318379790940767,0.17415584415584395,0.15997448277322512,126529.03777513414,-597.8536667988325,125931.1841083353,871,0,239.0,40,2,14,40.72074915824915,0.578125,48.475609756097576,1006.0975609756122,25.152439024390304,0
1339,4,2,1,42,0.046511627906976744,0.023255813953488372,0.9767441860465116,43,950,800,150,0.8421052631578947,11,8,3,303.2380669780875,0.4335086747877446,0.17479303356119646,0.15864928233706777,126867.0391333619,-905.8168579931747,125961.22227536872,872,0,234.3953488372093,41,2,16,40.50252338749383,0.5800304878048781,48.13988095238096,1007.4404761904781,24.571718931475075,0
1340,4,1,0,43,0.023255813953488372,0.0,1.0,43,1000,800,200,0.8,12,8,4,299.5294828258928,0.4344084533038022,0.18418897464873796,0.1577728871714006,127142.03534423058,-983.4423815822286,126158.59296264836,873,0,234.06976744186048,41,2,19,40.314938684503915,0.5828252032520325,47.86706349206351,1008.5317460317484,24.598335269067036,0
1341,4,3,3,43,0.06521739130434782,0.06521739130434782,0.9347826086956522,46,1500,1100,400,0.7333333333333333,19,11,8,296.89222222702944,0.44030797101449276,0.2209651052252659,0.15994720952014127,128050.7983967768,-1596.5427812070998,126454.2556155697,874,0,219.7391304347826,44,2,16,39.455257219528555,0.5878314393939394,46.96759259259261,1012.1296296296327,23.0029461279462,0
1342,4,1,0,44,0.022727272727272728,0.0,1.0,44,1700,1200,500,0.7058823529411765,22,12,10,310.8110772315149,0.43558403805496826,0.22904509745858648,0.16671356753045008,127874.86948650943,-851.014812811708,127023.85467369772,875,0,230.63636363636363,42,2,17,39.282349747716694,0.5887896825396826,47.141472868217065,1011.4341085271335,24.081764488741275,0
1343,4,0,1,43,0.0,0.022727272727272728,0.9772727272727273,44,900,500,400,0.5555555555555556,13,5,8,313.31290332569586,0.4357822410147991,0.2313272048261994,0.168569121557457,127997.40780489442,-779.3521084970976,127218.05569639732,876,1,231.63636363636363,42,2,18,39.09416993839572,0.5900297619047619,47.0203488372093,1011.9186046511619,24.09330011074195,0
1344,4,1,0,44,0.022727272727272728,0.0,1.0,44,1150,800,350,0.6956521739130435,15,8,7,311.77496655320147,0.43611257928118397,0.22138047138047146,0.16835848193872893,128144.53125000013,-809.5486111110987,127334.98263888904,877,0,232.5,42,2,20,38.983196159122095,0.5915178571428572,46.87500000000001,1012.500000000001,24.107142857142883,0
1345,4,2,2,44,0.043478260869565216,0.043478260869565216,0.9565217391304348,46,1450,900,550,0.6206896551724138,20,9,11,302.478469491963,0.4392512077294686,0.22024872552521324,0.16531374312234248,128624.38303489462,-1418.778696051399,127205.60433884322,878,0,223.34782608695653,43,3,16,38.7307069952701,0.5949612403100775,46.40151515151516,1014.3939393939412,23.590556730091656,0
1346,4,0,0,44,0.0,0.0,1.0,44,1150,800,350,0.6956521739130435,15,8,7,312.160441137023,0.4353748238195913,0.21965543024487455,0.16930932476539676,128320.37278163603,-788.6911651234348,127531.6816165126,879,1,234.47727272727272,41,3,20,38.79440827050493,0.5947662601626016,46.7013888888889,1013.1944444444464,24.712059620596253,0
1347,4,2,0,46,0.043478260869565216,0.0,1.0,46,1350,1100,250,0.8148148148148148,16,11,5,304.8423925150366,0.4389694041867955,0.23702141466580118,0.1674134450697335,128816.57483930237,-1346.2494260789467,127470.32541322341,880,0,225.2391304347826,43,3,18,38.475590796019915,0.5968992248062015,46.212121212121225,1015.1515151515172,23.608174770965515,0
1348,4,0,0,46,0.0,0.0,1.0,46,1150,900,250,0.782608695652174,14,9,5,305.22845424851363,0.43875805152979064,0.23690805935526682,0.16772702501272804,128840.60890330911,-1334.8360200011075,127505.772883308,881,1,226.2391304347826,43,3,19,38.44139616951154,0.5971414728682171,46.18844696969699,1015.2462121212159,23.610377026074786,0
1349,4,0,2,44,0.0,0.043478260869565216,0.9565217391304348,46,1000,700,300,0.7,13,7,6,305.32873867119366,0.4382548309178744,0.23175161766375263,0.16808754586806407,128912.72454660268,-1327.8480831037361,127584.87646349895,882,2,227.2391304347826,43,3,19,38.36565957975879,0.5978682170542635,46.117424242424256,1015.5303030303054,23.61698379140245,0
1350,4,1,0,45,0.022222222222222223,0.0,1.0,45,1450,1100,350,0.7586206896551724,18,11,7,314.94322154886083,0.43794191919191916,0.239618320610687,0.1733511009365578,128906.01526350582,-880.3848551769722,128025.63040832884,883,0,232.93333333333334,42,3,20,38.12837945292621,0.5992063492063492,46.12403100775194,1015.5038759689924,24.178663713547436,0
1351,4,0,0,45,0.0,0.0,1.0,45,1300,1100,200,0.8461538461538461,15,11,4,318.0935864733074,0.43796296296296294,0.24041540825517949,0.1756298712044563,129029.04652852878,-791.3375661018107,128237.70896242697,884,1,233.93333333333334,42,3,21,37.923422349388,0.6004464285714286,46.00290697674418,1015.988372093022,24.190199335548144,0
1352,4,1,0,46,0.021739130434782608,0.0,1.0,46,1650,1100,550,0.6666666666666666,22,11,11,314.919595132129,0.43884863123993556,0.24391395462489784,0.17529299627237965,129349.20245928685,-1052.9652852893878,128296.23717399746,885,0,229.82608695652175,42,4,22,37.67920080015241,0.6036706349206349,45.68798449612401,1017.2480620155003,24.220191952750007,0
1353,4,1,1,46,0.02127659574468085,0.02127659574468085,0.9787234042553191,47,1250,800,450,0.64,17,8,9,311.1756315143728,0.44096901017576323,0.24873476074216883,0.17447250997422095,129634.99070965304,-1332.149979912795,128302.84072974024,886,0,225.91489361702128,43,4,15,37.484889343500086,0.6051356589147288,45.407196969696955,1018.3712121212095,23.68305144467929,0
1354,4,0,0,46,0.0,0.0,1.0,46,1000,800,200,0.8,12,8,4,316.54367712877166,0.4392713365539453,0.2536535310570831,0.17730495518492137,129595.74619914635,-995.4571915750594,128600.2890075713,887,1,231.80434782608697,42,4,15,37.38798217231316,0.6061507936507937,45.44573643410851,1018.2170542635632,24.243263196751506,0
1355,4,1,1,46,0.02127659574468085,0.02127659574468085,0.9787234042553191,47,1150,700,450,0.6086956521739131,16,7,9,318.46509070459217,0.4405257477644156,0.2683589420381196,0.18021810624265627,129996.88042534703,-1120.1063368055807,128876.77408854145,888,0,227.85106382978722,43,4,16,36.932882192713635,0.6087693798449613,45.05208333333332,1019.791666666665,23.71608527131779,0
1356,4,0,1,45,0.0,0.021739130434782608,0.9782608695652174,46,1450,1100,350,0.7586206896551724,18,11,7,314.2979339277972,0.440408615136876,0.2456828378683713,0.1786326232070642,130165.93491735515,-1017.8231175390489,129148.11179981609,889,1,226.08695652173913,43,3,16,36.86819475377382,0.6104651162790697,44.886363636363626,1020.4545454545437,23.73150105708241,0
1357,4,0,1,44,0.0,0.022222222222222223,0.9777777777777777,45,1750,1200,550,0.6857142857142857,23,12,11,322.1438978883342,0.43657407407407406,0.2517730720940299,0.18308134855164832,130163.68762581855,-613.7124609398684,129549.97516487868,890,2,231.9777777777778,42,3,16,36.67030671351249,0.6118551587301587,44.88856589147286,1020.4457364341068,24.296327057954926,0
1358,4,0,0,44,0.0,0.0,1.0,44,1650,1500,150,0.9090909090909091,18,15,3,323.69845897542683,0.4366190979563072,0.24981447124304257,0.18443284290460382,130262.58680555565,-366.76516209962176,129895.82164345603,891,3,236.61363636363637,39,5,17,36.530612244897966,0.6175213675213675,44.79166666666667,1020.8333333333342,26.175213675213698,0
1359,4,1,1,44,0.022222222222222223,0.022222222222222223,0.9777777777777777,45,1150,600,550,0.5217391304347826,17,6,11,317.42409570842426,0.4380050505050505,0.24973039865641278,0.18219273438606823,130548.03688280792,-712.1814891929334,129835.85539361498,892,0,232.33333333333334,40,5,15,36.40239657915673,0.61875,44.51219512195122,1021.9512195121956,25.54878048780489,0
1360,4,0,0,44,0.0,0.0,1.0,44,1650,1300,350,0.7878787878787878,20,13,7,325.877538589257,0.4357932522903453,0.2531835327482186,0.18682248837066184,130501.95448133699,-294.46885850691933,130207.48562283006,893,5,238.61363636363637,39,5,15,36.232987562442666,0.6199252136752137,44.55729166666668,1021.7708333333348,26.199252136752175,0
1361,4,0,1,43,0.0,0.022727272727272728,0.9772727272727273,44,1450,1200,250,0.8275862068965517,17,12,5,329.44236355290576,0.434802237491191,0.2532920629335009,0.18990814345266474,130714.91021050369,-187.3942057291489,130527.51600477454,894,6,239.61363636363637,39,5,15,35.92672999219042,0.6220619658119658,44.34895833333334,1022.6041666666683,26.220619658119702,0
1362,4,0,0,43,0.0,0.0,1.0,43,1450,1100,350,0.7586206896551724,18,11,7,333.87579302544356,0.4341777408637874,0.25707831967154915,0.1931288597818557,130848.09570312512,137.40234375001376,130985.49804687513,895,7,243.7906976744186,39,4,16,35.678833231521075,0.6233974358974359,44.21875000000001,1023.1250000000009,26.233974358974383,0
1363,4,0,0,43,0.0,0.0,1.0,43,1750,1500,250,0.8571428571428571,20,15,5,337.5765260108858,0.4344545957918051,0.2591470343155817,0.19553961034970194,130901.38888888902,237.84722222223263,131139.23611111124,896,8,244.7906976744186,39,4,16,35.53033387622148,0.6239316239316239,44.16666666666667,1023.3333333333344,26.239316239316267,0
1364,4,0,0,43,0.0,0.0,1.0,43,1400,1000,400,0.7142857142857143,18,10,8,339.74458032375725,0.43387781469176817,0.26149124031796633,0.197204370398202,130981.34901258671,300.0406901041619,131281.38970269088,897,9,245.7906976744186,39,4,16,35.394088565516775,0.624732905982906,44.088541666666664,1023.6458333333326,26.247329059829042,0
1365,4,0,0,43,0.0,0.0,1.0,43,1550,1300,250,0.8387096774193549,18,13,5,341.32416855631175,0.434108527131783,0.25737356958287205,0.19910576499118154,131171.92147531212,354.42940709892764,131526.35088241106,898,10,246.7906976744186,40,3,17,35.161210317460316,0.625,43.90243902439023,1024.3902439024373,25.609756097560933,0
1366,4,1,0,44,0.022727272727272728,0.0,1.0,44,1250,900,350,0.72,16,9,7,337.2119583462743,0.4350554968287526,0.25308525204482435,0.1983183615169347,131484.42147531224,67.71680216801445,131552.13827748026,899,0,242.1590909090909,40,4,19,34.95136411679219,0.628125,43.59756097560975,1025.6097560975604,25.64024390243901,0
1367,4,0,1,43,0.0,0.022727272727272728,0.9772727272727273,44,1200,800,400,0.6666666666666666,16,8,8,337.010931193663,0.4348132487667371,0.2528634202564475,0.19874196035813205,131588.67076475636,69.36409379337124,131658.03485854974,900,1,243.1590909090909,40,4,15,34.85146757791864,0.6291666666666667,43.49593495934959,1026.0162601626012,25.650406504065028,0
1368,4,0,2,41,0.0,0.046511627906976744,0.9534883720930233,43,1350,900,450,0.6666666666666666,18,9,9,347.74626182109523,0.4315014765596161,0.19375677660007362,0.19076632732930957,128773.09032698724,356.0721568720037,129129.16248385924,901,2,249.04651162790697,41,2,15,37.43107141693545,0.599339430894309,46.254960317460316,1014.9801587301583,24.755613627564838,8
1369,4,0,0,41,0.0,0.0,1.0,41,1750,1400,350,0.8,21,14,7,351.09984863114437,0.42652439024390243,0.1951219512195117,0.192118681217267,128672.41753472245,835.3732638889126,129507.79079861137,902,14,261.3170731707317,39,2,15,37.44866529774127,0.6014957264957265,46.35416666666668,1014.5833333333352,26.014957264957314,0
1370,4,1,0,42,0.023809523809523808,0.0,1.0,42,1000,400,600,0.4,16,4,12,349.19109700702967,0.42905536198219124,0.20848815716762847,0.19263323430917625,128994.83194527088,608.7693750413298,129603.60132031221,903,0,256.07142857142856,40,2,17,37.168409030278774,0.603125,46.03658536585367,1015.8536585365871,25.39634146341468,0
1371,4,0,0,42,0.0,0.0,1.0,42,1850,1400,450,0.7567567567567568,23,14,9,344.75368473595836,0.42876500193573364,0.19531807924129496,0.19093169184546271,129149.73416121362,504.96934694957895,129654.7035081632,904,1,257.07142857142856,40,2,18,37.12340865160302,0.6046875,45.88414634146342,1016.4634146341468,25.41158536585367,0
1372,4,0,0,42,0.0,0.0,1.0,42,1400,1000,400,0.7142857142857143,18,10,8,343.99355012093565,0.428837591947348,0.19184231069477042,0.19076005961251863,129201.38888888876,488.90954458324177,129690.298433472,905,2,258.07142857142856,38,4,19,37.09016393442625,0.6085526315789473,45.83333333333333,1016.6666666666656,26.754385964912252,0
1373,4,1,1,42,0.023255813953488372,0.023255813953488372,0.9767441860465116,43,1650,1400,250,0.8484848484848485,19,14,5,337.16105010953055,0.4311323366555924,0.1989478945990335,0.18823219768972077,129466.28146701385,130.1974826388847,129596.47894965274,906,0,253.04651162790697,39,4,14,36.99462640736949,0.6095085470085471,45.572916666666664,1017.7083333333329,26.095085470085458,0
1374,4,0,0,42,0.0,0.0,1.0,42,950,700,250,0.7368421052631579,12,7,5,344.1225694595728,0.4279544134727062,0.20176596468070662,0.19188661308741028,129418.7166703191,507.1802633501208,129925.89693366922,907,4,260.07142857142856,38,4,20,36.86585643287133,0.6107456140350878,45.61965811965811,1017.5213675213664,26.776878092667538,0
1375,4,0,0,42,0.0,0.0,1.0,42,1000,900,100,0.9,11,9,2,341.7937153761516,0.42751887340301975,0.19758103814591754,0.19107598321829244,129519.2925347221,453.77604166665674,129973.06857638876,908,5,261.07142857142856,39,3,16,36.82289534725066,0.6100427350427351,45.52083333333333,1017.9166666666656,26.100427350427324,0
1376,4,0,0,42,0.0,0.0,1.0,42,1500,1100,400,0.7333333333333333,19,11,8,343.9131471307536,0.42674457994579945,0.19877640090406046,0.19278067238246815,129625.34722222204,515.972222222203,130141.31944444425,909,6,262.07142857142856,39,3,16,36.66121112929623,0.6111111111111112,45.41666666666666,1018.3333333333319,26.111111111111075,0
1377,4,0,0,42,0.0,0.0,1.0,42,1550,1100,450,0.7096774193548387,20,11,9,340.9141309526336,0.4273615950445219,0.1894909524284345,0.19218818545946942,129847.94439693628,453.3998240134789,130301.34422094976,910,7,263.07142857142856,40,2,16,36.51161631269318,0.61171875,45.198170731707314,1019.2073170731701,25.48018292682925,0
1378,4,0,1,41,0.0,0.023809523809523808,0.9761904761904762,42,1250,900,350,0.72,16,9,7,341.34530596768303,0.4274220867208672,0.19338060119403555,0.19306983089513685,129977.44914568032,473.4384295062307,130450.88757518656,911,8,264.07142857142856,40,2,16,36.36926117865922,0.6130208333333333,45.071138211382106,1019.7154471544703,25.49288617886176,0
1379,4,1,1,41,0.023809523809523808,0.023809523809523808,0.9761904761904762,42,1100,800,300,0.7272727272727273,14,8,6,340.05214202949185,0.42701074332171896,0.1999098842724345,0.19310653314344428,130132.94004891258,450.3970024456255,130583.3370513582,912,0,264.3095238095238,40,2,18,36.24460491367863,0.6145833333333333,44.918699186991866,1020.3252032520317,25.50813008130079,0
1380,4,0,0,41,0.0,0.0,1.0,41,1100,700,400,0.6363636363636364,15,7,8,341.021426690386,0.42736280487804873,0.18672472409110874,0.19443918576690494,130289.85407991812,686.3909333680514,130976.24501328617,913,1,262.5121951219512,38,3,20,36.060895423468665,0.6195175438596492,44.76495726495726,1020.9401709401704,26.866846603688696,0
1381,4,0,0,41,0.0,0.0,1.0,41,850,600,250,0.7058823529411765,11,6,5,340.2935880970969,0.42738821138211386,0.1854260701828696,0.19443313859056474,130371.67302441735,672.9288799400906,131044.60190435745,914,2,263.5121951219512,38,3,20,35.99661749834361,0.6203399122807017,44.684829059829056,1021.2606837606832,26.875281151596926,0
1382,4,0,1,40,0.0,0.024390243902439025,0.975609756097561,41,1250,900,350,0.72,16,9,7,342.83928966389874,0.4269308943089431,0.1853549129843426,0.19654649867406088,130501.95448133675,748.239474826385,131250.19395616313,915,3,264.5121951219512,39,2,14,35.79971199918442,0.6199252136752137,44.557291666666664,1021.7708333333329,26.199252136752126,0
1383,4,0,0,40,0.0,0.0,1.0,40,1200,900,300,0.75,15,9,6,343.83308121063834,0.4260016025641025,0.1865722349989547,0.1974254054538396,130562.68376981522,978.3539703411553,131541.03774015637,916,4,269.45,38,2,15,35.71285455432433,0.6222587719298245,44.49786324786325,1022.0085470085473,26.894961763382824,0
1384,4,0,0,40,0.0,0.0,1.0,40,750,600,150,0.8,9,6,3,347.493753696865,0.4255876068376068,0.1897977845124883,0.19994995364553825,130644.58832137122,1079.6356791949806,131724.2240005662,917,5,270.45,38,2,15,35.53641097990037,0.6230811403508771,44.417735042735046,1022.3290598290603,26.90339631129106,0
1385,4,0,1,39,0.0,0.025,0.975,40,1300,1000,300,0.7692307692307693,16,10,6,355.6140484472015,0.42544070512820514,0.1368982263513514,0.19138501516431203,128009.35057345308,1104.3846793045448,129113.73525275761,918,6,271.45,38,2,17,38.01181552646394,0.5964912280701755,47.008547008547005,1011.9658119658114,26.630679262258194,8
1386,4,1,0,40,0.025,0.0,1.0,40,1200,900,300,0.75,15,9,6,358.8683861915589,0.42792467948717944,0.15814752678861344,0.19446246451752555,128283.34349270914,1207.4386301111485,129490.7821228203,919,0,272.275,37,3,18,37.64916387054873,0.6010698198198199,46.73793859649122,1013.0482456140339,27.379682313892808,0
1387,4,0,0,40,0.0,0.0,1.0,40,1150,900,250,0.782608695652174,14,9,5,355.95006741599184,0.4272702991452992,0.1573453050627438,0.19355308371726002,128422.23087873156,1142.380347799285,129564.61122653085,920,1,273.275,37,3,16,37.581133708351366,0.6024774774774775,46.60087719298244,1013.5964912280673,27.394499762920738,0
1388,4,0,1,39,0.0,0.025,0.975,40,950,700,250,0.7368421052631579,12,7,5,353.78280890897,0.4259481837606838,0.1603065093743421,0.1932574216215049,128604.67916757951,1099.6249269486138,129704.30409452812,921,2,274.275,38,2,17,37.44974896425813,0.6025219298245614,46.420940170940156,1014.3162393162369,26.692532613585183,0
1389,4,1,0,40,0.025,0.0,1.0,40,750,300,450,0.4,12,3,9,356.0340641682569,0.4251201923076923,0.1687467101800193,0.19515104301986513,128740.17373666778,1167.1774554386357,129907.35119210642,922,0,274.375,38,2,18,37.25436010808155,0.6038925438596492,46.287393162393144,1014.8504273504245,26.706590193432223,0
1390,4,0,0,40,0.0,0.0,1.0,40,1250,900,350,0.72,16,9,7,357.6846583257003,0.4245860042735043,0.1720179867466083,0.1971309012581118,128957.11343277433,1225.1962113740824,130182.30964414842,923,1,275.375,38,2,18,36.99116440517514,0.6060855263157895,46.07371794871794,1015.705128205127,26.729082321187555,0
1391,4,0,1,39,0.0,0.025,0.975,40,1150,900,250,0.782608695652174,14,9,5,353.9710098385752,0.4250534188034188,0.16424516400336442,0.1957542003246817,129092.79348381906,1139.0212944700056,130231.81477828906,924,2,276.375,38,2,18,36.947189514998605,0.6074561403508771,45.94017094017094,1016.2393162393156,26.74313990103462,0
1392,4,0,0,39,0.0,0.0,1.0,39,700,500,200,0.7142857142857143,9,5,4,356.86944118690457,0.42479194781826357,0.15272856032377002,0.19748196121560704,129117.79495854495,1415.6390668282531,130533.43402537321,925,3,269.5897435897436,37,2,18,36.84807332686013,0.6095157657657657,45.915570175438596,1016.3377192982458,27.468587008060698,0
1393,4,0,0,39,0.0,0.0,1.0,39,1350,1200,150,0.8888888888888888,15,12,3,356.979340305375,0.42425775978407554,0.15545918990375696,0.19810488405760512,129230.01284646148,1426.5159983097983,130656.52884477128,926,4,270.5897435897436,36,3,18,36.73095027134788,0.6125578703703703,45.80518018018019,1016.7792792792804,28.2438688688689,0
1394,4,1,1,39,0.025,0.025,0.975,40,1050,700,350,0.6666666666666666,14,7,7,350.57436029116485,0.4277777777777778,0.151543475918543,0.1956512710680877,129452.33298947733,1076.533765196963,130528.8667546743,927,0,264.8,37,3,16,36.6675421111231,0.6128941441441442,45.586622807017534,1017.6535087719283,27.50414888572779,0
1395,4,0,0,39,0.0,0.0,1.0,39,800,500,300,0.625,11,5,6,360.45122764680093,0.4239203778677463,0.150984850420254,0.20061342817828434,129344.54038075246,1524.4796739306946,130869.02005468315,928,6,272.5897435897436,36,3,18,36.52602494556995,0.6137152777777778,45.69256756756757,1017.2297297297304,28.2563813813814,0
1396,4,0,0,39,0.0,0.0,1.0,39,1450,1100,350,0.7586206896551724,18,11,7,357.7778702325944,0.4231893837156995,0.1379169503063311,0.200143066021204,129545.08562616682,1469.6729668858206,131014.75859305264,929,7,273.5897435897436,36,3,16,36.389887536873175,0.6157407407407407,45.495495495495504,1018.018018018019,28.278278278278307,0
1397,4,0,1,38,0.0,0.02564102564102564,0.9743589743589743,39,1050,500,550,0.47619047619047616,16,5,11,357.48395822399334,0.42240215924426455,0.13282640991619332,0.20056358053212145,129659.75265806357,1470.25632050971,131130.00897857329,930,8,274.5897435897436,36,3,16,36.280729397021986,0.6168981481481481,45.38288288288289,1018.4684684684693,28.290790790790812,0
1398,4,1,0,39,0.02564102564102564,0.0,1.0,39,900,500,400,0.5555555555555556,13,5,8,356.7654223009063,0.421474358974359,0.13872219861170132,0.20104153622809504,129831.8483179127,1463.9028386494856,131295.75115656218,931,0,275.35897435897436,36,3,17,36.12407918968693,0.6186342592592593,45.21396396396398,1019.1441441441458,28.309559559559606,0
1399,4,2,0,41,0.04878048780487805,0.0,1.0,41,850,600,250,0.7058823529411765,11,6,5,340.06406134662154,0.42444105691056916,0.1485620911609582,0.1943163599621126,130374.54433094816,667.8527483087054,131042.39707925687,932,0,262.8780487804878,37,4,19,35.999570538973586,0.6221846846846847,44.68201754385966,1021.2719298245629,27.60194404931251,0
1400,4,0,0,41,0.0,0.0,1.0,41,1500,1100,400,0.7333333333333333,19,11,8,336.7551243778562,0.4248221544715447,0.14286499632196037,0.1928425011572518,130458.54403518396,586.5166445444831,131045.06067972844,933,1,263.8780487804878,37,4,19,35.99904744016314,0.6230292792792793,44.59978070175439,1021.6008771929829,27.61083451872927,0
1401,4,0,0,41,0.0,0.0,1.0,41,1550,1300,250,0.8387096774193549,18,13,5,335.38042547051555,0.42418699186991865,0.13621286792018528,0.19303006710414128,130654.64854570644,563.8023237919448,131218.4508694984,934,2,264.8780487804878,37,4,19,35.835835835835844,0.625,44.40789473684211,1022.3684210526321,27.631578947368435,0
1402,4,0,1,40,0.0,0.024390243902439025,0.975609756097561,41,1600,1300,300,0.8125,19,13,6,338.87764468330533,0.42390752032520324,0.14506588319553781,0.19603641057284074,130850.90033712289,668.4889821868212,131519.3893193097,935,3,265.8780487804878,37,4,19,35.54806112242347,0.6269707207207207,44.21600877192982,1023.1359649122801,27.65232337600757,0
1403,4,1,0,41,0.024390243902439025,0.0,1.0,41,850,400,450,0.47058823529411764,13,4,9,335.9641049652332,0.42604166666666665,0.14026088001295545,0.19534450885213853,131047.29940943347,605.4377308402381,131652.7371402737,936,0,260.9024390243902,37,4,20,35.42425215963447,0.6289414414414414,44.024122807017534,1023.9035087719283,27.67306780464671,0
1404,4,1,0,42,0.023809523809523808,0.0,1.0,42,1250,900,350,0.72,16,9,7,329.14163206463166,0.4273736933797909,0.1417902300561742,0.19305886927213967,131382.88498064148,248.71543757762285,131631.6004182191,937,0,255.66666666666666,38,4,21,35.260568639710975,0.6304824561403508,43.6965811965812,1025.2136752136757,26.97930724246515,0
1405,4,0,0,42,0.0,0.0,1.0,42,1350,1100,250,0.8148148148148148,16,11,5,329.5809647992069,0.42658730158730157,0.14531472416067825,0.19401022949338947,131519.8348696945,269.28681331724624,131789.12168301173,938,1,256.6666666666667,38,4,22,35.111359927785294,0.6318530701754386,43.56303418803418,1025.747863247862,26.993364822312156,0
1406,4,0,0,42,0.0,0.0,1.0,42,1100,700,400,0.6363636363636364,15,7,8,333.0603594374263,0.4263211382113821,0.14656878058939982,0.19634000194460408,131574.6348002956,364.4590318868919,131939.0938321825,939,2,257.6666666666667,38,4,16,34.96693741539104,0.6324013157894737,43.50961538461537,1025.9615384615363,26.998987854250956,0
1407,4,0,0,42,0.0,0.0,1.0,42,1300,900,400,0.6923076923076923,17,9,8,332.5453269854195,0.42600658149438636,0.14840236979747679,0.19631824620128754,131629.4461451711,354.5514418511028,131983.9975870222,940,3,258.6666666666667,38,4,17,34.92495228179768,0.6329495614035088,43.45619658119657,1026.175213675212,27.00461088618979,0
1408,4,0,1,41,0.0,0.023809523809523808,0.9761904761904762,42,1400,1000,400,0.7142857142857143,18,10,8,331.7827402295138,0.4259702864885792,0.15254594190188864,0.1967158492502069,131793.94866544288,345.3914867776896,132139.34015222057,941,4,259.6666666666667,38,4,19,34.77894253112754,0.6345942982456141,43.29594017094016,1026.816239316238,27.02147998200626,0
1409,4,1,0,42,0.023809523809523808,0.0,1.0,42,800,600,200,0.75,10,6,4,330.68582518761144,0.4242765195509098,0.15807756743577506,0.19683490004981322,131942.77479383664,326.3210720485928,132269.09586588523,942,0,260.54761904761904,39,3,20,34.657410693162994,0.6343482905982907,43.15104166666666,1027.395833333332,26.34348290598287,0
1410,4,0,1,41,0.0,0.023809523809523808,0.9761904761904762,42,1150,900,250,0.782608695652174,14,9,5,328.14634832354574,0.42438540456833135,0.15417088821344183,0.19629117926990258,132130.12695312485,271.6037326388748,132401.73068576373,943,1,261.54761904761904,39,3,20,34.53436339074637,0.6362179487179487,42.96874999999999,1028.1249999999989,26.362179487179457,0
1411,4,0,1,40,0.0,0.024390243902439025,0.975609756097561,41,550,300,250,0.5454545454545454,8,3,5,336.85982994398705,0.4221798780487805,0.15981581169382775,0.20088373863801648,132013.4451589777,694.0053373145961,132707.4504962923,944,2,268.7560975609756,38,3,20,34.427738503655945,0.6367872807017544,43.08226495726494,1027.6709401709377,27.04397210976152,0
1412,4,0,1,39,0.0,0.025,0.975,40,1100,600,500,0.5454545454545454,16,6,10,339.32143725922424,0.42092681623931627,0.17211405099754695,0.20244811148508604,132031.5039843987,960.2239390966091,132991.72792349532,945,3,275.075,37,3,20,34.346327216472844,0.638795045045045,43.06469298245612,1027.7412280701726,27.776789947842502,0
1413,4,1,0,40,0.025,0.0,1.0,40,1400,1000,400,0.7142857142857143,18,10,8,332.9504011716142,0.42502670940170945,0.17273000765780533,0.20089106383562527,132455.9583865959,821.2688340737213,133277.22722066962,946,0,272.575,36,4,21,34.08361594282171,0.6449652777777778,42.65202702702702,1029.3918918918907,28.594219219219188,0
1414,4,0,0,40,0.0,0.0,1.0,40,850,500,350,0.5882352941176471,12,5,7,336.02235312958203,0.4235042735042735,0.17545375027334376,0.20352718157107016,132600.90115453303,911.3733666098667,133512.27452114288,947,1,273.575,36,4,22,33.85906407172535,0.646412037037037,42.51126126126127,1029.9549549549558,28.609859859859885,0
1415,4,0,1,39,0.0,0.025,0.975,40,450,300,150,0.6666666666666666,6,3,3,334.63365586634535,0.42321047008547014,0.1727809357236556,0.20299924959319143,132658.90045450858,878.4265684603558,133537.32702296894,948,2,274.575,36,4,19,33.83663095758635,0.6469907407407407,42.45495495495496,1030.1801801801803,28.616116116116117,0
1416,4,0,1,38,0.0,0.02564102564102564,0.9743589743589743,39,800,400,400,0.5,12,4,8,335.29470348573994,0.4234705353126406,0.16679759956355666,0.20413019512732886,132793.2633117883,1104.9755694059752,133898.23888119427,949,3,272.94871794871796,37,2,20,33.68484042553189,0.6463963963963963,42.324561403508774,1030.7017543859654,27.85680417259366,0
1417,4,0,0,38,0.0,0.0,1.0,38,1050,600,450,0.5714285714285714,15,6,9,344.00445218889877,0.4194967994310099,0.1733009960124976,0.20852277827513996,132629.89921932085,1525.0551649622826,134154.95438428313,950,8,281.05263157894734,36,2,20,33.6244123756423,0.6467013888888888,42.48310810810812,1030.067567567569,28.61298798798803,0
1418,4,0,0,38,0.0,0.0,1.0,38,1100,700,400,0.6363636363636364,15,7,8,346.9452058885005,0.41927453769559037,0.1749611734253662,0.21079340198404936,132716.91243608494,1609.09930200473,134326.01173808967,951,9,282.05263157894734,36,2,20,33.46129326047358,0.6475694444444444,42.39864864864866,1030.405405405407,28.622372372372418,0
1419,4,0,0,38,0.0,0.0,1.0,38,1200,900,300,0.75,15,9,6,347.30070534137906,0.41860775248933146,0.17793842881370514,0.21182797850768356,132861.99787202766,1628.61311480402,134490.61098683169,952,10,283.05263157894734,36,2,20,33.30648097578737,0.6490162037037037,42.257882882882896,1030.9684684684703,28.638013013013065,0
1420,4,0,1,37,0.0,0.02631578947368421,0.9736842105263158,38,1050,800,250,0.7619047619047619,13,8,5,353.95515913121403,0.41788169748696063,0.18495173523327946,0.21672655465520874,133007.16256797352,1815.7142784676737,134822.87684644118,953,11,284.05263157894734,36,2,20,32.98921943231439,0.650462962962963,42.117117117117125,1031.5315315315327,28.653653653653684,0
1421,4,0,0,37,0.0,0.0,1.0,37,1400,1100,300,0.7857142857142857,17,11,6,365.1464136312618,0.41554054054054057,0.1975429975429972,0.22314503055243795,132934.57031250015,2308.116319444459,135242.6866319446,954,22,292.43243243243245,35,2,20,32.77356902356902,0.6517857142857143,42.18750000000001,1031.2500000000011,29.464285714285747,0
1422,4,0,0,37,0.0,0.0,1.0,37,1200,800,400,0.6666666666666666,16,8,8,365.88599289126216,0.41444569569569567,0.18605412682145883,0.22431277445892103,133053.95474322708,2336.515667866941,135390.47041109402,955,23,293.43243243243245,35,2,21,32.634526213447,0.6529761904761905,42.07175925925926,1031.7129629629633,29.477513227513235,0
1423,4,0,0,37,0.0,0.0,1.0,37,900,600,300,0.6666666666666666,12,6,6,375.42705315711163,0.4141328828828829,0.16703424492742047,0.21443884222702814,130359.27456381998,2529.902255403358,132889.17681922333,956,24,294.43243243243245,32,5,20,35.112203264094966,0.6328125,44.696969696969695,1021.2121212121209,31.91287878787878,8
1424,4,0,0,37,0.0,0.0,1.0,37,1200,600,600,0.5,18,6,12,373.47361084076203,0.41241241241241244,0.15663185736088225,0.21421133469413814,130520.50053884818,2349.1925249974593,132869.69306384563,957,25,295.43243243243245,32,5,17,34.99835248568721,0.6344401041666667,44.53914141414142,1021.8434343434352,31.93260732323235,0
1425,4,0,0,37,0.0,0.0,1.0,37,1150,800,350,0.6956521739130435,15,8,7,373.05125830411896,0.41103603603603606,0.15116981409116237,0.21504214526726434,130714.1032324509,2352.612137792076,133066.71537024298,958,26,296.43243243243245,32,5,17,34.81268263571633,0.6363932291666667,44.34974747474748,1022.6010101010112,31.9562815656566,0
1426,4,1,0,38,0.02631578947368421,0.0,1.0,38,1000,600,400,0.6,14,6,8,364.6147036469315,0.41297712185870084,0.15085682976137216,0.21234042358030716,131108.39468293457,1960.8096945886286,133069.2043775232,959,0,289.60526315789474,33,5,19,34.62902855889275,0.6379419191919191,43.96446078431373,1024.1421568627459,31.034610814022603,0
1427,4,1,0,39,0.02564102564102564,0.0,1.0,39,1300,800,500,0.6153846153846154,18,8,10,355.4930718180653,0.41351776878092666,0.15014913111035666,0.20888249117604504,131450.17715419523,1545.9254535147666,132996.10260771,960,0,283.15384615384613,34,5,20,34.51721035523567,0.639093137254902,43.630952380952394,1025.4761904761924,30.161064425770366,0
1428,4,1,1,39,0.025,0.025,0.975,40,1050,700,350,0.6666666666666666,14,7,7,323.54740426786884,0.41643963675213674,0.1393031784841079,0.186381532881068,130688.28124999997,560.3741496598641,131248.65539965982,961,0,277.05,39,1,15,36.10431947840261,0.6217948717948718,44.375,1022.4999999999998,26.217948717948712,8
1429,4,2,0,41,0.04878048780487805,0.0,1.0,41,900,600,300,0.6666666666666666,12,6,6,320.94172121003146,0.4212652439024391,0.15484355141318162,0.18658325684887878,131041.82287535541,211.35763682333652,131253.18051217875,962,0,271.219512195122,40,1,17,35.81430934656743,0.6236979166666667,44.029471544715456,1023.8821138211392,25.59705284552848,0
1430,4,0,1,40,0.0,0.024390243902439025,0.975609756097561,41,1400,1300,100,0.9285714285714286,15,13,2,321.75695106514235,0.42014735772357725,0.1589889733453973,0.18794632564535133,131223.97898902764,244.44547722916172,131468.4244662568,963,1,272.219512195122,40,1,19,35.60987403292999,0.6255208333333333,43.85162601626016,1024.593495934959,25.614837398373975,0
1431,4,0,0,40,0.0,0.0,1.0,40,1050,600,450,0.5714285714285714,15,6,9,329.71611856264883,0.41670673076923076,0.16232967256457198,0.1923148463787123,131168.017578125,649.6419270833337,131817.65950520834,964,2,279.925,39,1,19,35.46242627618466,0.6266025641025641,43.90625,1024.375,26.266025641025642,0
1432,4,0,0,40,0.0,0.0,1.0,40,1200,700,500,0.5833333333333334,17,7,10,331.630131476502,0.41581196581196583,0.16622700010165703,0.19383515171327095,131248.05908203125,705.1622178819441,131953.2212999132,965,3,280.925,39,1,19,35.332693741316795,0.6274038461538461,43.828125,1024.6875,26.27403846153846,0
1433,4,0,0,40,0.0,0.0,1.0,40,900,500,400,0.5555555555555556,13,5,8,331.630131476502,0.41581196581196583,0.16622700010165703,0.19383515171327095,131248.05908203125,705.1622178819441,131953.2212999132,966,4,281.925,39,1,19,35.332693741316795,0.6274038461538461,43.828125,1024.6875,26.27403846153846,0
1434,4,0,0,40,0.0,0.0,1.0,40,1150,700,450,0.6086956521739131,16,7,9,332.7943786946098,0.41565170940170937,0.16719385096404404,0.19506182428679147,131355.50356353621,742.8990533714145,132098.40261690764,967,5,282.925,38,2,19,35.1945457703665,0.6302083333333333,43.72329059829059,1025.106837606836,26.976495726495685,0
1435,4,0,0,40,0.0,0.0,1.0,40,1400,1200,200,0.8571428571428571,16,12,4,335.308024943261,0.41511752136752134,0.17031722054380727,0.1970986975768743,131465.0463533674,816.2570083643571,132281.30336173176,968,6,283.925,38,2,22,35.01970691391466,0.6313048245614035,43.61645299145298,1025.534188034186,26.987741790373313,0
1436,4,0,0,40,0.0,0.0,1.0,40,1250,900,350,0.72,16,9,7,337.1849710194065,0.4139690170940171,0.16946981227803182,0.1995770504141888,131728.82080078096,883.3957248263603,132612.2165256073,969,7,284.925,39,1,20,34.705838829697264,0.6322115384615384,43.359374999999986,1026.5624999999977,26.322115384615326,0
1437,4,0,1,39,0.0,0.025,0.975,40,1300,1200,100,0.9230769230769231,14,12,2,337.3511067022134,0.41362179487179485,0.06962992125984258,0.188240731771446,129445.89548405661,792.4726036016688,130238.36808765828,970,8,285.925,38,2,16,37.010498687664054,0.6110197368421053,45.59294871794872,1017.6282051282058,26.779689608636993,8
1438,4,1,0,40,0.025,0.0,1.0,40,1250,1000,250,0.8,15,10,5,357.5423941975087,0.4141693376068376,0.09662627770759213,0.18742454101611727,126946.17419249391,1175.2428093559931,128121.4170018499,971,0,286.7,35,5,17,39.05346751655757,0.5913690476190476,48.06134259259259,1007.7546296296289,28.792989417989396,8
1439,4,1,0,41,0.024390243902439025,0.0,1.0,41,450,100,350,0.2222222222222222,8,1,7,351.5558953334229,0.41770833333333335,0.10422943867871903,0.185857957409015,127290.80590303145,749.9666473906377,128040.77255042209,972,0,280.6829268292683,36,5,18,38.85052821485697,0.5928819444444444,47.7195945945946,1009.1216216216219,28.031156156156165,0
1440,4,2,0,43,0.046511627906976744,0.0,1.0,43,850,700,150,0.8235294117647058,10,7,3,343.6024839179802,0.4226421188630491,0.12986419783404113,0.18467170957453322,127955.29827781444,193.15166374462828,128148.44994155907,973,0,268.5813953488372,38,5,18,38.37095212953186,0.5959429824561404,47.06196581196582,1011.7521367521379,26.625056230319416,0
1441,4,1,0,44,0.022727272727272728,0.0,1.0,44,1000,800,200,0.8,12,8,4,338.8580572361688,0.4259711945031712,0.12829571820291075,0.1836029770693343,128279.78326576077,-106.13254711813175,128173.65071864263,974,0,263.45454545454544,38,6,19,38.15958306967587,0.5992324561403508,46.74145299145299,1013.0341880341875,26.658794421952305,0
1442,4,0,0,44,0.0,0.0,1.0,44,1200,900,300,0.75,15,9,6,336.376527708345,0.4262684989429175,0.12658024632194342,0.18262915657204645,128360.96871804002,-164.47660986924427,128196.49210817077,975,1,264.45454545454544,38,6,20,38.13960639606396,0.6000548245614035,46.66132478632478,1013.3547008547007,26.667228969860545,0
1443,4,0,1,43,0.0,0.022727272727272728,0.9772727272727273,44,1550,1100,450,0.7096774193548387,20,11,9,341.3515485436513,0.42594917195207893,0.13330493222026507,0.18672087010198823,128658.86843450964,-16.41920520123756,128642.4492293084,976,2,265.45454545454544,38,6,14,37.70973743330527,0.6030701754385965,46.36752136752138,1014.5299145299159,26.698155645524103,0
1444,4,0,1,42,0.0,0.023255813953488372,0.9767441860465116,43,1150,800,350,0.6956521739130435,15,8,7,348.3872547833366,0.42218069398301955,0.14638769410220887,0.19036801500299172,128616.79945993004,361.69073657279785,128978.49019650284,977,4,272.5813953488372,37,6,14,37.5742036896912,0.6044481981981982,46.40899122807018,1014.3640350877199,27.41524419156,0
1445,4,1,0,43,0.023255813953488372,0.0,1.0,43,1500,1300,200,0.8666666666666667,17,13,4,360.0796474849501,0.42280361757105944,0.15480385247827022,0.1980438061167228,128875.73964497058,691.5691350923324,129567.30878006291,978,0,273.4651162790698,38,5,16,37.01336279461279,0.6052631578947368,46.15384615384616,1015.3846153846167,26.72064777327939,7
1446,4,0,0,43,0.0,0.0,1.0,43,1300,900,400,0.6923076923076923,17,9,8,358.69436093044357,0.4230574012550757,0.15021978909053524,0.19768737909366554,128957.11343277465,651.2378780407787,129608.35131081543,979,1,274.4651162790698,38,5,16,36.96552540233511,0.6060855263157895,46.073717948717956,1015.7051282051295,26.72908232118762,0
1447,4,0,1,42,0.0,0.023255813953488372,0.9767441860465116,43,1200,800,400,0.6666666666666666,16,8,8,361.94011284817213,0.4224575489110373,0.1507886435331225,0.19988678706075017,129038.51290269566,740.8427843524024,129779.35568704805,980,2,275.4651162790698,38,5,16,36.80007886435331,0.606907894736842,45.993589743589745,1016.0256410256416,26.73751686909583,0
1448,4,1,0,43,0.023255813953488372,0.0,1.0,43,1750,1500,250,0.8571428571428571,20,15,5,348.51730832502443,0.42236526393503143,0.18352559613754438,0.18668456838123115,127820.21747616694,329.64640861274876,128149.8638847797,981,0,276.0,38,5,16,38.38483888008453,0.5945723684210527,47.19551282051282,1011.2179487179483,26.61099865047232,8
1449,4,1,0,44,0.022727272727272728,0.0,1.0,44,1400,900,500,0.6428571428571429,19,9,10,350.3846244941044,0.42478197674418605,0.20328935382727198,0.1897199671518336,128252.72715547164,187.96764281541147,128440.69479828705,982,0,270.70454545454544,38,6,17,37.89530816018001,0.5989583333333333,46.7681623931624,1012.9273504273513,26.655982905982928,0
1450,4,0,0,44,0.0,0.0,1.0,44,1000,700,300,0.7,13,7,6,351.34485150553115,0.4246938865398168,0.20359638779442646,0.19049761159673834,128306.84222961872,215.9896860618046,128522.83191568052,983,1,271.70454545454544,38,6,17,37.815696509543386,0.5995065789473684,46.71474358974359,1013.141025641026,26.661605937921735,0
1451,4,0,1,43,0.0,0.022727272727272728,0.9772727272727273,44,1750,1500,250,0.8571428571428571,20,15,5,351.00857795631026,0.424572762508809,0.19879940203681157,0.19079963483323484,128408.33875868075,214.4856770833528,128622.82443576411,984,2,272.70454545454544,39,5,15,37.72053785542994,0.5988247863247863,46.61458333333334,1013.5416666666682,25.988247863247903,0
1452,4,0,1,42,0.0,0.023255813953488372,0.9767441860465116,43,950,700,250,0.7368421052631579,12,7,5,360.09725629936173,0.4227574750830565,0.2080272282326172,0.19537542212489395,128333.90404704506,642.5373475052951,128976.44139455035,985,3,279.90697674418607,38,5,18,37.56633980036551,0.5997807017543859,46.68803418803419,1013.247863247863,26.664417453891133,0
1453,4,0,0,42,0.0,0.0,1.0,42,1100,700,400,0.6363636363636364,15,7,8,361.0600651529523,0.4223407859078591,0.19614177774430863,0.19603060778338585,128360.96871803996,869.203945686311,129230.17266372628,986,4,277.4761904761905,38,4,18,37.51427692848357,0.6000548245614035,46.66132478632478,1013.3547008547002,26.66722896986053,0
1454,4,0,0,42,0.0,0.0,1.0,42,1500,1100,400,0.7333333333333333,19,11,8,363.0324638769001,0.4225222609368951,0.1975864318330074,0.19777141688816194,128496.3348765432,929.6682098765446,129426.00308641975,987,5,278.4761904761905,38,4,15,37.325913242009136,0.6014254385964912,46.52777777777778,1013.8888888888888,26.6812865497076,0
1455,4,1,0,43,0.023255813953488372,0.0,1.0,43,1650,1200,450,0.7272727272727273,21,12,9,357.80013645565936,0.42377260981912146,0.19744908543346207,0.19748866614895563,129016.12548828125,632.3974609375,129648.52294921875,988,0,272.9767441860465,39,4,18,36.92806059673947,0.6049679487179487,46.015625,1015.9375,26.049679487179485,0
1456,4,0,0,43,0.0,0.0,1.0,43,900,700,200,0.7777777777777778,11,7,4,357.78951475451606,0.42393410852713176,0.19907129303851168,0.19787950713974262,129095.5078125,637.8038194444443,129733.31163194444,989,1,273.9767441860465,39,4,19,36.84741014076806,0.6057692307692308,45.9375,1016.25,26.057692307692307,0
1457,4,2,0,45,0.044444444444444446,0.0,1.0,45,1150,600,550,0.5217391304347826,17,6,11,342.03194184135526,0.4291245791245791,0.19972714870395625,0.19138123157993386,129554.63927469132,-137.50482253087256,129417.13445216045,990,0,262.75555555555553,38,7,16,36.78092314688492,0.6121162280701755,45.48611111111111,1018.0555555555553,26.790935672514614,0
1458,4,0,0,45,0.0,0.0,1.0,45,1250,800,450,0.64,17,8,9,342.40984379717736,0.4290193602693602,0.19454103315833704,0.1921976723678991,129678.39084201398,-119.36848958332752,129559.02235243065,991,1,263.75555555555553,39,6,17,36.64561600872706,0.6116452991452992,45.364583333333336,1018.5416666666674,26.11645299145301,0
1459,4,0,2,43,0.0,0.044444444444444446,0.9555555555555556,45,1900,1400,500,0.7368421052631579,24,14,10,317.8621944816893,0.4287247474747475,0.012046397313137502,0.17478047248577666,128865.81776926779,-807.6856740366023,128058.13209523118,992,2,264.75555555555553,40,5,17,38.095118940379685,0.6018229166666667,46.16361788617887,1015.3455284552858,25.383638211382145,8
1460,4,1,1,43,0.022727272727272728,0.022727272727272728,0.9772727272727273,44,1200,1000,200,0.8333333333333334,14,10,4,315.863554477314,0.4243745595489781,0.04680322751963639,0.1748088883173656,129121.974012587,-643.0148654513695,128478.95914713563,993,0,271.65909090909093,39,5,18,37.885727341054285,0.6060363247863247,45.91145833333334,1016.3541666666682,26.060363247863286,0
1461,4,0,0,43,0.0,0.0,1.0,43,1150,800,350,0.6956521739130435,15,8,7,328.36374261252166,0.4247416020671835,0.09197214557876743,0.1736930969543477,127313.23580332407,-129.54163931450313,127183.69416400958,994,1,276.16279069767444,37,6,18,39.41266478342749,0.5912162162162162,47.69736842105263,1009.2105263157893,27.275960170697008,8
1462,4,0,0,43,0.0,0.0,1.0,43,1200,800,400,0.6666666666666666,16,8,8,328.6193428518547,0.4247416020671835,0.09502310431027983,0.17454349179155626,127479.27847991706,-221.568655740204,127257.70982417685,995,2,277.16279069767444,37,6,15,39.23633731451323,0.5929054054054055,47.53289473684212,1009.8684210526329,27.293741109530618,0
1463,4,0,0,43,0.0,0.0,1.0,43,2100,1500,600,0.7142857142857143,27,15,12,323.12622888767584,0.42455703211517165,0.08899608346425336,0.17238866322890728,127658.21468195271,-350.0565006574551,127308.15818129525,996,3,278.16279069767444,38,5,15,39.192171476900306,0.5929276315789473,47.35576923076923,1010.5769230769234,26.59412955465588,0
1464,4,1,0,44,0.022727272727272728,0.0,1.0,44,1500,1200,300,0.8,18,12,6,324.26723814292114,0.4263896229739253,0.09651371683071952,0.17464415109737386,128039.08420138898,-496.2239583333236,127542.86024305565,997,0,272.8181818181818,39,5,17,38.77452998490461,0.5950854700854701,46.97916666666667,1012.0833333333342,25.950854700854723,0
1465,4,3,3,44,0.06382978723404255,0.06382978723404255,0.9361702127659575,47,1500,1000,500,0.6666666666666666,20,10,10,304.39982510958015,0.43210376194881284,0.11569934531912729,0.16694349551726412,128762.6529037777,-1560.8473895333314,127201.80551424438,998,0,256.3404255319149,40,7,14,38.54156236440704,0.60078125,46.26524390243903,1014.9390243902454,25.373475609756134,0
1466,4,0,0,44,0.0,0.0,1.0,44,1800,1400,400,0.7777777777777778,22,14,8,322.61608126507133,0.42689614164904865,0.11293562552555336,0.17536617154799714,128408.33875868074,-514.6809895833139,127893.65776909742,999,1,274.79545454545456,39,5,14,38.4399623158616,0.5988247863247863,46.61458333333334,1013.5416666666681,25.9882478632479,0
1467,4,0,0,44,0.0,0.0,1.0,44,900,700,200,0.7777777777777778,11,7,4,320.43555874221016,0.4267309725158563,0.11996311341457688,0.1747585526249535,128540.34423828141,-562.2205946180409,127978.12364366336,1000,2,275.79545454545456,39,5,15,38.360832905324436,0.6001602564102564,46.48437500000001,1014.0625000000013,26.001602564102598,0
1468,4,0,0,44,0.0,0.0,1.0,44,1000,700,300,0.7,13,7,6,319.9029187847501,0.42659883720930236,0.12077802050075603,0.1748156354167171,128619.58007812516,-570.8441840277632,128048.7358940974,1001,3,276.79545454545456,39,5,15,38.29371191894297,0.6009615384615384,46.40625000000001,1014.3750000000013,26.009615384615415,0
1469,4,1,1,44,0.022222222222222223,0.022222222222222223,0.9777777777777777,45,1400,1100,300,0.7857142857142857,17,11,6,317.1760559082031,0.4279250841750842,0.12940104166666666,0.174993686018319,128999.7480473671,-816.8737402368353,128182.87430713026,1002,0,271.6222222222222,41,4,17,37.97648111979166,0.6016260162601625,46.03174603174603,1015.8730158730159,24.77739063104917,0
1470,4,1,0,45,0.022222222222222223,0.0,1.0,45,1450,1100,350,0.7586206896551724,18,11,7,321.13683708777614,0.42851430976430976,0.15633986928104582,0.178576091651614,129310.02995105562,-694.2847843717785,128615.74516668385,1003,0,271.7111111111111,38,7,18,37.56083683473389,0.6096491228070176,45.72649572649573,1017.0940170940173,26.76563202878993,0
1471,4,2,0,47,0.0425531914893617,0.0,1.0,47,900,600,300,0.6666666666666666,12,6,6,324.93066230602784,0.4309474252235584,0.1876163757789422,0.1844142897988518,130110.72137188222,-944.6074263038417,129166.11394557837,1004,0,261.1063829787234,41,6,16,36.652810190587324,0.6128048780487805,44.9404761904762,1020.2380952380963,24.883855981416982,0
1472,4,1,0,48,0.020833333333333332,0.0,1.0,48,1300,1000,300,0.7692307692307693,16,10,6,317.391603963775,0.43305814125295505,0.1963771282449669,0.18178524680861818,130465.21183704963,-1318.1988536155195,129147.0129834341,1005,0,256.6458333333333,41,7,17,36.486858289635535,0.6163617886178862,44.59325396825397,1021.6269841269841,24.917731320170343,0
1473,4,0,3,45,0.0,0.0625,0.9375,48,1800,1600,200,0.8888888888888888,20,16,4,319.14579395085053,0.4327349290780142,0.1923686594202898,0.1835088315217392,130617.28395061739,-1262.8086419752976,129354.4753086421,1006,1,257.6458333333333,41,7,15,36.288496376811594,0.6178861788617886,44.44444444444445,1022.2222222222231,24.932249322493245,0
1474,4,1,0,46,0.021739130434782608,0.0,1.0,46,1950,1500,450,0.7692307692307693,24,15,9,327.319483201374,0.43302133655394526,0.20655738413214086,0.1887573615733772,130729.8495955617,-641.9146382774626,130087.93495728423,1007,0,264.67391304347825,40,6,16,35.965914737155906,0.6205729166666667,44.33434959349594,1022.6626016260178,25.566565040650445,0
1475,4,1,2,45,0.02127659574468085,0.0425531914893617,0.9574468085106383,47,1000,600,400,0.6,14,6,8,319.51054624121093,0.4349367869256861,0.20200395843641705,0.18566153362664994,131023.24263038576,-1027.3384353741276,129995.90419501164,1008,0,260.02127659574467,41,6,17,35.869670542635646,0.6219512195121951,44.04761904761906,1023.809523809526,24.970963995354293,0
1476,4,0,0,45,0.0,0.0,1.0,45,1550,1300,250,0.8387096774193549,18,13,5,333.2294682827132,0.4326809764309764,0.2055373478553535,0.19294350294069282,130885.78976014645,-276.99957449265423,130608.7901856538,1009,1,272.0444444444444,40,5,17,35.65729797729005,0.6221354166666666,44.18191056910571,1023.2723577235802,25.581808943089506,0
1477,4,0,0,45,0.0,0.0,1.0,45,1100,700,400,0.6363636363636364,15,7,8,332.3393782968508,0.43255471380471383,0.20252354796726446,0.19307882912125032,131015.81090124953,-291.65737160417456,130724.15352964535,1010,2,273.0444444444444,40,5,18,35.54881377804249,0.6234375,44.0548780487805,1023.7804878048802,25.594512195122004,0
1478,4,0,1,44,0.0,0.022222222222222223,0.9777777777777777,45,1050,700,350,0.6666666666666666,14,7,7,331.7444039685526,0.43310185185185185,0.20228440387201974,0.19325549729451338,131119.87428944441,-300.34309108332025,130819.53119836109,1011,3,274.0444444444444,40,5,18,35.459044453264525,0.6244791666666667,43.95325203252034,1024.1869918699213,25.604674796748032,0
1479,4,0,0,44,0.0,0.0,1.0,44,1300,1000,300,0.7692307692307693,16,10,6,337.11346553754805,0.4304748062015504,0.2070234484799165,0.19635661096950083,131114.670138889,40.10416666667231,131154.77430555568,1012,4,280.6136363636364,39,5,18,35.326823976132346,0.6260683760683761,43.958333333333336,1024.1666666666674,26.26068376068378,0
1480,4,1,0,45,0.022222222222222223,0.0,1.0,45,1100,800,300,0.7272727272727273,14,8,6,331.34626211899354,0.4307449494949495,0.20123392483013336,0.19476991855971929,131465.04635336742,-287.5624360800866,131177.48391728732,1013,0,275.35555555555555,38,7,19,35.12127999444387,0.6313048245614035,43.61645299145298,1025.5341880341862,26.98774179037332,0
1481,4,0,1,44,0.0,0.022222222222222223,0.9777777777777777,45,1300,1100,200,0.8461538461538461,15,11,4,327.2142395039043,0.43066077441077444,0.19850438195783893,0.19313286239382618,131621.90890842007,-386.28743489583786,131235.62147352422,1014,1,276.35555555555555,39,6,16,35.069303454810004,0.6311431623931624,43.463541666666664,1026.1458333333328,26.31143162393161,0
1482,4,1,1,44,0.022222222222222223,0.022222222222222223,0.9777777777777777,45,1050,900,150,0.8571428571428571,12,9,3,344.37416492600636,0.4307239057239057,0.08902553252449108,0.20129418579414066,131250.01161882826,182.0779463928119,131432.08956522107,1015,0,277.1777777777778,40,5,20,35.00425633905254,0.62578125,43.82621951219513,1024.695121951221,25.617378048780523,8
1483,4,1,1,44,0.022222222222222223,0.022222222222222223,0.9777777777777777,45,900,600,300,0.6666666666666666,12,6,6,343.7019117074646,0.4305345117845118,0.12172932246021273,0.20286444171541218,131621.90890841998,47.763580538082635,131669.67248895805,1016,0,278.1111111111111,39,6,18,34.64633455148377,0.6311431623931624,43.46354166666666,1026.145833333332,26.311431623931586,0
1484,4,0,0,44,0.0,0.0,1.0,44,1000,700,300,0.7,13,7,6,344.51067583883236,0.4289222163495419,0.13214292304002107,0.20376999998294415,131702.0887586804,274.5551215277597,131976.64388020814,1017,1,284.6363636363636,39,5,18,34.544770313239965,0.6319444444444444,43.38541666666666,1026.458333333332,26.319444444444407,0
1485,4,0,1,43,0.0,0.022727272727272728,0.9772727272727273,44,1100,800,300,0.7272727272727273,14,8,6,342.8349843081145,0.4284377202255109,0.1298852800678727,0.20334941488022826,131809.03320312503,237.74956597222268,132046.78276909725,1018,2,285.6363636363636,39,5,18,34.480033137215116,0.6330128205128205,43.28125,1026.8750000000002,26.33012820512821,0
1486,4,0,0,43,0.0,0.0,1.0,43,1150,800,350,0.6956521739130435,15,8,7,345.2513014717161,0.4253414544112219,0.15259587127671148,0.20529321358383074,131903.67408366175,507.9830292570345,132411.6571129188,1019,3,292.9767441860465,38,5,18,34.32267290691627,0.6356907894736843,43.18910256410255,1027.2435897435873,27.032726045883877,0
1487,4,0,0,43,0.0,0.0,1.0,43,1500,900,600,0.6,21,9,12,347.15120525931366,0.4251107419712071,0.1492771841609053,0.20717088055797714,132040.89506172802,567.6311728394654,132608.5262345675,1020,4,293.9767441860465,38,5,18,34.135698198198185,0.6370614035087719,43.055555555555536,1027.7777777777749,27.046783625730917,0
1488,4,0,0,43,0.0,0.0,1.0,43,1450,1000,450,0.6896551724137931,19,10,9,347.7255906286997,0.4246493170911776,0.1523771777403462,0.20796540451336046,132123.26189139055,588.527855394803,132711.78974678536,1021,5,294.9767441860465,38,5,18,34.03802521736116,0.6378837719298245,42.97542735042733,1028.0982905982878,27.05521817363915,0
1489,4,0,0,43,0.0,0.0,1.0,43,900,400,500,0.4444444444444444,14,4,10,346.25170445943655,0.4238187523071244,0.15943254461028533,0.20753542385594825,132205.65440317008,555.2866352545465,132760.94103842461,1022,6,295.9767441860465,38,5,18,33.99300505575177,0.6387061403508771,42.89529914529913,1028.4188034188007,27.06365272154739,0
1490,4,0,1,42,0.0,0.023255813953488372,0.9767441860465116,43,1500,1200,300,0.8,18,12,6,344.3879706763722,0.42314968623108157,0.15356756547940975,0.20732155834717603,132370.51647308053,517.3627091094982,132887.87918219002,1023,7,296.9767441860465,38,5,18,33.8751470791805,0.6403508771929824,42.73504273504273,1029.0598290598286,27.080521817363913,0
1491,4,0,0,42,0.0,0.0,1.0,42,1500,1100,400,0.7333333333333333,19,11,8,378.300636310028,0.42324816105303914,0.23706004140786807,0.20599338535468306,128477.80687326864,1320.6472183748804,129798.45409164352,1024,8,299.4047619047619,37,5,14,36.95787367510276,0.6030405405405406,46.546052631578945,1013.8157894736838,27.400426742531995,8
1492,4,1,0,43,0.023255813953488372,0.0,1.0,43,1200,800,400,0.6666666666666666,16,8,8,339.59097434268534,0.4255029531192322,0.1607604493758521,0.1792982751874735,127237.93730977795,199.98075848777364,127437.91806826572,1025,0,293.4186046511628,35,8,21,39.206555198653966,0.5943452380952381,47.77199074074074,1008.912037037037,28.8260582010582,8
1493,4,0,1,42,0.0,0.023255813953488372,0.9767441860465116,43,1000,700,300,0.7,13,7,6,338.7041634317079,0.42520302694721296,0.1588307293541651,0.1793466308007241,127354.736328125,27.11588541666731,127381.85221354167,1026,1,294.4186046511628,35,8,18,39.109262125902994,0.5955357142857143,47.65625,1009.375,28.839285714285715,0
1494,4,1,0,43,0.023255813953488372,0.0,1.0,43,1350,1000,350,0.7407407407407407,17,10,7,335.5887185561744,0.4273947951273533,0.161213022426822,0.17942703552583544,127745.77100326677,-25.992081608640092,127719.77892165813,1027,0,288.8837209302326,36,7,20,38.78778173851695,0.5975115740740741,47.26914414414414,1010.9234234234234,28.081206206206204,0
1495,4,5,3,45,0.10416666666666667,0.0625,0.9375,48,1000,800,200,0.8,12,8,4,326.65460122347656,0.43452644799054374,0.13723373273423212,0.18245654385126167,129485.6745013717,-1066.9269905033977,128418.7475108683,1028,0,259.6875,40,8,14,37.242261607588624,0.6080729166666667,45.553861788617894,1017.7845528455298,25.444613821138244,8
1496,4,2,1,46,0.0425531914893617,0.02127659574468085,0.9787234042553191,47,1350,1000,350,0.7407407407407407,17,10,7,324.49459891418564,0.4349367869256861,0.15352682124476047,0.18244858968674788,129744.38707325346,-979.7294310595457,128764.65764219391,1029,0,263.8510638297872,40,7,16,37.03491271820448,0.6106770833333333,45.299796747967484,1018.800813008131,25.470020325203272,0
1497,4,0,0,46,0.0,0.0,1.0,46,1300,900,400,0.6923076923076923,17,9,8,331.5243450006828,0.43310185185185185,0.154913541592542,0.18583612366552066,129625.34722222247,-605.2083333333078,129020.13888888915,1030,1,270.5869565217391,39,7,16,36.976609383524284,0.6111111111111112,45.41666666666668,1018.3333333333353,26.11111111111116,0
1498,4,0,0,46,0.0,0.0,1.0,46,1000,500,500,0.5,15,5,10,348.80419338948434,0.4331421095008052,0.23485674888199393,0.1848842952525608,127396.24361582403,-169.32842316867783,127226.91519265535,1031,2,271.5869565217391,37,9,16,38.81184153361571,0.5920608108108107,47.61513157894736,1009.53947368421,27.28485064011378,8
1499,4,3,0,49,0.061224489795918366,0.0,1.0,49,1550,1100,450,0.7096774193548387,20,11,9,329.9749169133304,0.43719883786848074,0.23658090347442573,0.17843374312713822,128200.04712988618,-1332.8664829562906,126867.18064692989,1032,0,255.89795918367346,37,12,19,38.46587628121842,0.6002252252252251,46.82017543859649,1012.7192982456145,27.370791844476067,0
1500,4,1,2,48,0.02,0.04,0.96,50,1800,1500,300,0.8333333333333334,21,15,6,325.6731465395304,0.4391326530612245,0.24405815423514543,0.17766031649156447,128550.50131492435,-1626.9107495069102,126923.59056541744,1033,0,251.76,38,12,17,38.217709650231775,0.6019736842105263,46.47435897435897,1014.1025641025637,26.686909581646415,0
1501,4,3,1,50,0.058823529411764705,0.0196078431372549,0.9803921568627451,51,1250,700,550,0.56,18,7,11,319.36688000897175,0.4389869281045751,0.25532839315455425,0.1756878299281858,128883.87586805542,-1967.751736111119,126916.12413194429,1034,0,247.72549019607843,39,12,20,38.038572014772264,0.6036324786324787,46.14583333333333,1015.4166666666655,26.036324786324755,0
1502,4,0,0,50,0.0,0.0,1.0,50,1550,1100,450,0.7096774193548387,20,11,9,323.57553608813356,0.43674319727891153,0.2591465791363219,0.1781218464891705,128910.32036675331,-1657.554796006964,127252.76557074634,1035,1,253.5,39,11,20,37.90484921530412,0.6038995726495726,46.11979166666666,1015.520833333332,26.038995726495692,0
1503,4,0,1,49,0.0,0.02,0.98,50,1550,1100,450,0.7096774193548387,20,11,9,317.76691939842647,0.4366071428571428,0.24877883728083616,0.17539223344045582,129016.12548828126,-1800.5886501736104,127215.53683810766,1036,2,254.5,39,11,20,37.94484175809153,0.6049679487179487,46.015625,1015.9375000000001,26.04967948717949,0
1504,4,1,0,50,0.02,0.0,1.0,50,1600,1200,400,0.75,20,12,8,312.93343053760526,0.43811224489795914,0.2510667786644267,0.17449519862061763,129418.71667031912,-1899.8455613026572,127518.87110901646,1037,0,254.18,38,12,21,37.65924681506369,0.6107456140350878,45.61965811965811,1017.5213675213665,26.77687809266754,0
1505,4,0,1,49,0.0,0.02,0.98,50,1650,1200,450,0.7272727272727273,21,12,9,312.6021571699475,0.4376700680272109,0.2457362120126878,0.17487469273164852,129545.8021375869,-1900.7405598958226,127645.06157769107,1038,1,255.18,39,11,17,37.53890395306799,0.610309829059829,45.49479166666667,1018.0208333333342,26.10309829059831,0
1506,4,0,0,49,0.0,0.0,1.0,49,1600,1300,300,0.8125,19,13,6,316.4168144744252,0.43684452947845803,0.24045944608556136,0.17680369451600286,129500.26167223685,-1604.7879456132634,127895.47372662359,1039,2,261.18367346938777,38,11,17,37.48797277911899,0.6115679824561404,45.539529914529915,1017.8418803418805,26.785312640575803,0
1507,4,0,2,47,0.0,0.04081632653061224,0.9591836734693877,49,1250,600,650,0.48,19,6,13,347.64607970153014,0.43702168367346944,0.22948406565099,0.18589009385693384,127749.32861328124,-825.6303693459388,126923.6982439353,1040,3,262.18367346938777,39,10,14,38.479413532543376,0.5921474358974359,47.265625,1010.9374999999999,25.921474358974358,8
1508,4,1,1,47,0.020833333333333332,0.020833333333333332,0.9791666666666666,48,1750,1100,650,0.6285714285714286,24,11,13,346.0684449032743,0.43842346335697396,0.22954412874888463,0.18614113365395366,127986.37695312487,-741.5907118055718,127244.78624131929,1041,0,262.75,39,9,15,38.276799807837484,0.594551282051282,47.03124999999999,1011.874999999999,25.945512820512793,0
1509,4,0,2,45,0.0,0.0425531914893617,0.9574468085106383,47,1550,1200,350,0.7741935483870968,19,12,7,352.76095578880233,0.43761563367252543,0.22802579253634092,0.1895939983723017,127955.29827781419,-372.47333625540034,127582.82494155879,1042,1,268.4255319148936,38,9,16,38.13929954241463,0.5959429824561404,47.061965811965806,1011.7521367521359,26.625056230319366,0
1510,4,1,0,46,0.021739130434782608,0.0,1.0,46,850,600,250,0.7058823529411765,11,6,5,359.28959017177453,0.4374094202898551,0.24665397824438084,0.19334598412217538,128005.79415060407,-1.7701360033824756,128004.02401460068,1043,0,274.89130434782606,37,9,20,37.92246812583524,0.5982545045045045,47.012061403508774,1011.9517543859652,27.350047415836897,0
1511,4,1,1,46,0.02127659574468085,0.02127659574468085,0.9787234042553191,47,1450,1200,250,0.8275862068965517,17,12,5,361.5664195442044,0.43817452975639837,0.2677377816106894,0.19720809254970062,128543.91289515856,-104.41724543244436,128439.49564972612,1044,0,270.02127659574467,36,11,16,37.314454932444924,0.6056134259259259,46.48085585585585,1014.0765765765757,28.168793793793768,0
1512,4,0,0,46,0.0,0.0,1.0,46,1050,900,150,0.8571428571428571,12,9,3,363.5211073480372,0.4356481481481482,0.27935554869101864,0.1987013431426649,128629.57552146733,151.91314625435018,128781.48866772167,1045,1,276.54347826086956,36,10,17,37.17737011545294,0.6064814814814814,46.39639639639639,1014.4144144144137,28.178178178178158,0
1513,4,1,0,47,0.02127659574468085,0.0,1.0,47,1250,800,450,0.64,17,8,9,360.5736246461501,0.4371530989824237,0.2816576636166541,0.19883059873344838,128978.53185595557,-98.74865343183612,128879.78320252374,1046,0,271.63829787234044,37,10,18,36.89595926885434,0.6081081081081081,46.05263157894736,1015.7894736842097,27.453769559032697,0
1514,4,2,3,46,0.04081632653061224,0.061224489795918366,0.9387755102040817,49,950,800,150,0.8421052631578947,11,8,3,347.22156032414483,0.4411848072562358,0.27966286180456423,0.1937801143336372,129452.33298947748,-809.8870565943431,128642.44593288314,1047,0,261.51020408163265,37,12,11,36.7528418273893,0.6128941441441442,45.58662280701754,1017.6535087719294,27.504148885727822,0
1515,4,4,2,48,0.08,0.04,0.96,50,1350,1100,250,0.8148148148148148,16,11,5,345.2768971482454,0.44000850340136055,0.29558583106267045,0.19494864808216292,129908.37191358008,-1029.128086419773,128879.2438271603,1048,0,257.08,38,12,14,36.339123524069024,0.6156798245614035,45.13888888888888,1019.4444444444431,26.827485380116922,0
1516,4,1,0,49,0.02040816326530612,0.0,1.0,49,1500,900,600,0.6,21,9,12,352.8357476450011,0.4378720238095238,0.3021708264194196,0.19949433504288447,129962.83512309151,-628.8931806560015,129333.94194243551,1049,0,263.265306122449,38,11,17,36.09117421067337,0.6162280701754386,45.085470085470085,1019.6581196581195,26.833108412055775,0
1517,4,0,0,49,0.0,0.0,1.0,49,1850,1500,350,0.8108108108108109,22,15,7,352.64786208129345,0.43673823696145125,0.3069246075152883,0.20024265559920396,130129.69970703124,-622.0079210069449,129507.6917860243,1050,1,264.265306122449,39,10,19,35.9265994555045,0.6161858974358974,44.921875,1020.3124999999999,26.16185897435897,0
1518,4,1,0,50,0.02,0.0,1.0,50,1150,700,450,0.6086956521739131,16,7,9,347.9562022134001,0.4367942176870749,0.30777670424047243,0.19896943054744132,130402.54122662732,-924.921948640457,129477.61927798686,1051,0,259.96,37,13,20,35.76970388262659,0.6224662162162162,44.65460526315789,1021.3815789473676,27.604907539118045,0
1519,4,0,0,50,0.0,0.0,1.0,50,1200,800,400,0.6666666666666666,16,8,8,347.14353285551505,0.4365731292517007,0.30851164288013666,0.19907880508803333,130514.5588666704,-938.5429891889974,129576.0158774814,1052,1,260.96,37,13,15,35.67699949923095,0.6235923423423424,44.54495614035087,1021.8201754385956,27.61676149834042,0
1520,4,0,1,49,0.0,0.02,0.98,50,1350,900,450,0.6666666666666666,18,9,9,345.9495720877349,0.4364625850340136,0.30854756569566066,0.1995612748976137,130741.54188368078,-954.0039062499761,129787.53797743081,1053,2,261.96,39,11,16,35.47777890948598,0.6223290598290598,44.32291666666668,1022.7083333333352,26.223290598290646,0
1521,4,0,0,49,0.0,0.0,1.0,49,1750,1300,450,0.7428571428571429,22,13,9,356.9992433250458,0.43553358843537415,0.31185464781523886,0.2055645462467323,130671.89554569365,-470.04643326758685,130201.84911242606,1054,5,268.265306122449,38,11,16,35.265804597701155,0.6233552631578947,44.39102564102564,1022.4358974358977,26.906207827260467,0
1522,4,0,0,49,0.0,0.0,1.0,49,1300,700,600,0.5384615384615384,19,7,12,357.37941610935496,0.4354450113378685,0.3127062776635936,0.206074444036069,130726.51855504417,-456.20662575791323,130270.31192928625,1055,6,269.265306122449,38,11,16,35.200759158657185,0.6239035087719298,44.337606837606835,1022.6495726495724,26.911830859199274,0
1523,4,1,0,50,0.02,0.0,1.0,50,1400,800,600,0.5714285714285714,20,8,12,349.4503197283627,0.43727891156462584,0.31428280773143435,0.2032601563863791,131061.33355034732,-840.1150173610997,130221.21853298623,1056,0,264.86,39,11,17,35.06485249237029,0.625534188034188,44.01041666666667,1023.9583333333342,26.255341880341902,0
1524,4,1,2,49,0.0196078431372549,0.0392156862745098,0.9607843137254902,51,1450,800,650,0.5517241379310345,21,8,13,344.601182462701,0.43836601307189543,0.31883111201843106,0.2017006921147036,131302.08462431436,-1150.6292757287224,130151.45534858564,1057,0,260.6470588235294,40,11,18,34.945876714592636,0.6263020833333333,43.775406504065046,1024.8983739837408,25.62245934959352,0
1525,4,0,0,49,0.0,0.0,1.0,49,950,700,250,0.7368421052631579,12,7,5,356.4074704012552,0.43613591269841273,0.3233073742745587,0.2075651282664902,131109.19922017658,-454.34039192054314,130654.85882825604,1058,1,271.59183673469386,38,11,18,34.838349328882394,0.6277412280701755,43.9636752136752,1024.1452991452975,26.951192082770987,0
1526,4,0,0,49,0.0,0.0,1.0,49,1650,1200,450,0.7272727272727273,21,12,9,355.8913509019767,0.43597647392290245,0.3135999800875735,0.20830547302347077,131301.43364800327,-454.19108072918584,130847.24256727408,1059,2,272.59183673469386,39,10,19,34.65725260019649,0.6279380341880342,43.77604166666666,1024.8958333333317,26.279380341880298,0
1527,4,0,0,49,0.0,0.0,1.0,49,1750,1400,350,0.8,21,14,7,360.80046300917684,0.43532100340136054,0.31573828609076204,0.21212458467556966,131472.44953991158,-312.92772858901446,131159.52181132257,1060,3,273.59183673469386,36,13,19,34.35864353427766,0.6351273148148149,43.609234234234236,1025.5630630630635,28.487862862862876,0
1528,4,0,2,47,0.0,0.04081632653061224,0.9591836734693877,49,950,600,350,0.631578947368421,13,6,7,360.80046300917684,0.43480725623582767,0.31573828609076204,0.21212458467556966,131472.44953991158,-312.9358666098484,131159.51367330173,1061,4,274.59183673469386,36,13,19,34.35864353427766,0.6351273148148149,43.609234234234236,1025.5630630630635,28.487862862862876,0
1529,4,1,0,48,0.020833333333333332,0.0,1.0,48,1200,1000,200,0.8333333333333334,14,10,4,353.04282878139617,0.43457262115839246,0.29736846554405894,0.20940410385842376,131809.033203125,-293.1532118055561,131515.87999131944,1062,0,266.75,39,9,18,34.21797862987761,0.6330128205128205,43.28125,1026.875,26.330128205128204,0
1530,4,0,0,48,0.0,0.0,1.0,48,950,600,350,0.631578947368421,13,6,7,354.0468911223762,0.4343325206855792,0.2930228531855954,0.21051211620382224,131901.66650142104,-260.1250082622846,131641.54149315876,1063,1,267.75,40,8,18,34.09881611924546,0.6322916666666667,43.1910569105691,1027.2357723577231,25.680894308943078,0
1531,4,0,0,48,0.0,0.0,1.0,48,1250,700,550,0.56,18,7,11,353.3070042736542,0.43400007387706857,0.29094969672995763,0.21065096858580123,132006.08103642007,-272.26539262344494,131733.81564379664,1064,2,268.75,40,8,19,34.012600540611814,0.6333333333333333,43.08943089430894,1027.6422764227639,25.691056910569095,0
1532,4,0,1,47,0.0,0.020833333333333332,0.9791666666666666,48,1000,700,300,0.7,13,7,6,353.24162638798657,0.4338800236406619,0.29323817762399074,0.21104778800439955,132084.41904826826,-268.45699897547155,131815.96204929278,1065,3,269.75,40,8,19,33.93536826495304,0.6341145833333333,43.01321138211382,1027.947154471545,25.698678861788625,0
1533,4,0,0,47,0.0,0.0,1.0,47,1350,800,550,0.5925925925925926,19,8,11,360.7423420853683,0.43420444033302497,0.29199044407454955,0.2154845902965145,132076.58420138908,129.12326388890904,132205.70746527798,1066,4,270.3191489361702,39,8,19,33.75050668828536,0.6356837606837606,43.02083333333334,1027.9166666666683,26.35683760683765,0
1534,4,0,0,47,0.0,0.0,1.0,47,1800,1300,500,0.7222222222222222,23,13,10,346.4165654684744,0.4338189947579402,0.2329495109336568,0.20707359688724222,132103.35422091995,-247.44194878474286,131855.9122721352,1067,5,271.3191489361702,39,8,16,34.09170550883236,0.6359508547008548,42.99479166666666,1028.0208333333317,26.359508547008506,8
1535,4,0,0,47,0.0,0.0,1.0,47,900,600,300,0.6666666666666666,12,6,6,345.37838539445653,0.43376117792167745,0.23246767719457662,0.20692030087664312,132188.9058781974,-268.9618241456897,131919.9440540517,1068,6,272.3191489361702,40,7,16,34.03230721085747,0.63515625,42.911585365853654,1028.3536585365844,25.708841463414608,0
1536,4,0,1,46,0.0,0.02127659574468085,0.9787234042553191,47,1450,1200,250,0.8275862068965517,17,12,5,346.21706777644374,0.43360699969164357,0.23917035845390244,0.20787057184562482,132270.40939350254,-241.14534123836967,132029.2640522642,1069,7,273.3191489361702,41,6,18,33.9287579965924,0.634400406504065,42.83234126984126,1028.6706349206331,25.08952768099105,0
1537,4,0,0,46,0.0,0.0,1.0,46,1300,900,400,0.6923076923076923,17,9,8,376.6750227024713,0.4313003220611917,0.18855748561126084,0.21277048579680163,129925.63950029765,672.3970622534919,130598.03656255115,1070,8,279.9782608695652,40,6,14,35.52133173843701,0.6125,45.121951219512205,1019.5121951219529,25.487804878048824,8
1538,4,0,0,46,0.0,0.0,1.0,46,1250,900,350,0.72,16,9,7,375.6102421042141,0.43085748792270534,0.18359677887468484,0.21287408243929987,130055.18297846863,570.0117530901031,130625.19473155873,1071,9,280.9782608695652,40,6,16,35.41666666666667,0.6138020833333333,44.994918699187,1020.020325203253,25.500508130081325,0
1539,4,0,1,45,0.0,0.021739130434782608,0.9782608695652174,46,1500,1400,100,0.9333333333333333,16,14,2,375.0059350409614,0.4308373590982287,0.18804932327701862,0.21323950168071004,130184.79100568462,564.0138558397929,130748.8048615244,1072,10,281.9782608695652,40,6,16,35.300280488614476,0.6151041666666667,44.867886178861795,1020.5284552845542,25.513211382113855,0
1540,4,1,0,46,0.021739130434782608,0.0,1.0,46,1100,700,400,0.6363636363636364,15,7,8,368.6600645189771,0.4332024959742351,0.1930344799378294,0.21183008031549902,130589.98243343212,428.7087452005624,131018.69117863268,1073,0,279.9130434782609,38,8,15,35.05082575520015,0.622532894736842,44.471153846153854,1022.115384615386,26.897773279352265,0
1541,4,0,1,45,0.0,0.021739130434782608,0.9782608695652174,46,1100,900,200,0.8181818181818182,13,9,4,370.14491533184616,0.4330917874396136,0.19877755720405377,0.21328458667315495,130699.20562358477,475.5292798962801,131174.73490348106,1074,1,280.9130434782609,38,8,17,34.90209138717655,0.6236293859649122,44.364316239316246,1022.5427350427362,26.9090193432299,0
1542,4,0,1,44,0.0,0.022222222222222223,0.9777777777777777,45,1450,700,750,0.4827586206896552,22,7,15,373.4783657942993,0.433186026936027,0.19158688714824468,0.21581504842971744,130808.47447083436,770.8270554825149,131579.30152631688,1075,2,270.31111111111113,38,7,18,34.70604873803307,0.6247258771929824,44.25747863247864,1022.9700854700864,26.920265407107536,0
1543,4,0,0,44,0.0,0.0,1.0,44,1250,800,450,0.64,17,8,9,379.39500278638087,0.4329853770260747,0.23824041371074678,0.20371221219546057,127916.59216226345,934.0625327837113,128850.65469504715,1076,3,277.04545454545456,36,8,16,37.50533414969016,0.5992476851851851,47.100225225225216,1011.5990990990978,28.099974974974938,8
1544,4,0,1,43,0.0,0.022727272727272728,0.9772727272727273,44,1150,800,350,0.6956521739130435,15,8,7,382.30823138141693,0.43215953136011276,0.2448050502802337,0.20571387827505452,128002.04554216364,987.2471288856239,128989.29267104926,1077,4,278.04545454545456,36,8,16,37.343970250018536,0.6001157407407407,47.01576576576576,1011.9369369369358,28.109359359359328,0
1545,4,0,0,43,0.0,0.0,1.0,43,1500,1100,400,0.7333333333333333,19,11,8,391.46335851267827,0.43074012550756735,0.2508863917515105,0.21064010416736084,128002.04554216373,1421.6221288856382,129423.66767104936,1078,5,284.48837209302326,36,7,16,37.11235996735663,0.6001157407407407,47.015765765765764,1011.9369369369365,28.109359359359345,0
1546,4,0,0,43,0.0,0.0,1.0,43,1400,1200,200,0.8571428571428571,16,12,4,390.1200320217373,0.4306939830195644,0.2516129032258063,0.21051495125302624,128116.02776763243,1396.1257710413024,129512.15353867374,1079,6,285.48837209302326,36,7,16,37.02933815350388,0.6012731481481481,46.90315315315315,1012.3873873873869,28.121871871871857,0
1547,4,0,0,43,0.0,0.0,1.0,43,1350,900,450,0.6666666666666666,18,9,9,387.81924576623936,0.43050941306755264,0.24767018132809926,0.20973797353677015,128204.80619331053,1344.0645890995647,129548.8707824101,1080,7,286.48837209302326,34,9,17,36.996493084126804,0.6063112745098039,46.81547619047618,1012.7380952380942,29.7864145658263,0
1548,4,1,0,44,0.022727272727272728,0.0,1.0,44,950,400,550,0.42105263157894735,15,4,11,380.1371377059015,0.4331065010570825,0.2496113270405329,0.2073370639031886,128543.9128951587,972.8630234964721,129516.77591865517,1081,0,280.95454545454544,36,8,15,36.84365167499538,0.6056134259259259,46.48085585585586,1014.0765765765768,28.1687937937938,0
1549,4,2,0,46,0.043478260869565216,0.0,1.0,46,1150,600,550,0.5217391304347826,17,6,11,371.531743583782,0.4360305958132045,0.26010418332609797,0.20588960630167058,129174.23575726857,398.46580740009824,129572.70156466868,1082,0,269.69565217391306,38,8,18,36.417936591346994,0.6082785087719298,45.86004273504273,1016.5598290598288,26.75157444894286,0
1550,4,2,1,47,0.041666666666666664,0.020833333333333332,0.9791666666666666,48,1250,700,550,0.56,18,7,11,357.2754484306993,0.4389960106382979,0.26028226511416497,0.2004653825715042,129663.42872242315,-334.8823644897319,129328.54635793342,1083,0,259.4166666666667,38,10,16,36.2823000804224,0.6132127192982456,45.379273504273506,1018.4829059829062,26.80218173639227,0
1551,4,0,1,46,0.0,0.02127659574468085,0.9787234042553191,47,1450,800,650,0.5517241379310345,21,8,13,364.8849154851431,0.4376349059512797,0.2624144031827813,0.20407178044361848,129536.03512619267,53.149045860266426,129589.18417205293,1084,1,265.93617021276594,37,10,16,36.21822490305903,0.6137387387387387,45.50438596491228,1017.9824561403508,27.513039355144617,0
1552,4,0,1,45,0.0,0.021739130434782608,0.9782608695652174,46,950,800,150,0.8421052631578947,11,8,3,375.83738004342945,0.4361916264090177,0.26794915588570656,0.20978643628489657,129459.11864144565,531.1151945864967,129990.23383603214,1085,2,272.67391304347825,36,10,17,36.017898638928855,0.6148726851851851,45.579954954954964,1017.6801801801813,28.268893893893924,0
1553,4,0,1,44,0.0,0.022222222222222223,0.9777777777777777,45,1150,700,450,0.6086956521739131,16,7,9,380.44702199375007,0.43566919191919196,0.2754585417614068,0.21287608177207548,129554.6392746914,857.73533950618,130412.37461419759,1086,3,277.9111111111111,35,10,18,35.80320600272851,0.6178571428571429,45.486111111111114,1018.055555555556,29.0873015873016,0
1554,4,0,2,42,0.0,0.045454545454545456,0.9545454545454546,44,1000,600,400,0.6,14,6,8,384.68588625560017,0.4355069591261452,0.2737373737373743,0.2149715246722472,129504.14540816333,1163.6833900226884,130667.82879818602,1087,4,279.34090909090907,34,10,18,35.74683235867448,0.6194852941176471,45.53571428571429,1017.8571428571433,29.93697478991598,0
1555,4,0,0,42,0.0,0.0,1.0,42,1000,700,300,0.7,13,7,6,399.0547249237912,0.43694347657762295,0.2737119908204242,0.221994250460286,129326.01042868133,1921.6311034217604,131247.6415321031,1088,5,281.04761904761904,33,9,19,35.56325301204818,0.619949494949495,45.71078431372549,1017.1568627450985,30.822935234699955,0
1556,4,0,0,42,0.0,0.0,1.0,42,750,500,250,0.6666666666666666,10,5,5,399.2597368524765,0.4368829849012776,0.26778903781192076,0.22263623875662267,129419.51600646377,1934.4003808631112,131353.9163873269,1089,6,282.04761904761904,33,9,20,35.46245834838811,0.6208964646464646,45.6188725490196,1017.5245098039209,30.83407605466427,0
1557,4,1,0,43,0.023255813953488372,0.0,1.0,43,1350,1100,250,0.8148148148148148,16,11,5,385.0449633330225,0.437938353636028,0.26060742676034576,0.21734607917077586,129898.25857426293,1403.334041950103,131301.59261621302,1090,0,276.4651162790698,34,9,20,35.33589279458135,0.623468137254902,45.14880952380952,1019.404761904761,29.982492997198854,0
1558,4,0,0,43,0.0,0.0,1.0,43,1300,1000,300,0.7692307692307693,16,10,6,387.5886123317438,0.4373154300479882,0.25909897974143314,0.21929220959271561,129989.2928004534,1476.4739229024804,131465.7667233559,1091,1,277.4651162790698,34,9,20,35.17832127013775,0.6243872549019608,45.0595238095238,1019.7619047619038,29.99299719887952,0
1559,4,0,1,42,0.0,0.023255813953488372,0.9767441860465116,43,950,600,350,0.631578947368421,13,6,7,386.7037427438376,0.4369462901439645,0.2612011387722646,0.21930273802593947,130080.3589143991,1460.5123299319725,131540.87124433107,1092,2,278.4651162790698,34,9,20,35.10814175127397,0.6253063725490196,44.970238095238095,1020.1190476190477,30.003501400560225,0
1560,4,2,0,44,0.045454545454545456,0.0,1.0,44,1000,800,200,0.8,12,8,4,370.1532948567745,0.4402087737843552,0.26388946047162465,0.21349050348266704,130735.62349965703,878.5719097309683,131614.195409388,1093,0,270.3863636363636,35,9,18,34.86494643126605,0.6297619047619047,44.3287037037037,1022.6851851851849,29.21957671957671,0
1561,4,1,0,45,0.022222222222222223,0.0,1.0,45,1200,700,500,0.5833333333333334,17,7,10,383.4317999679608,0.4414351851851852,0.2293478911515765,0.2139886070657029,129452.33298947732,1233.5125031942198,130685.84549267153,1094,0,265.35555555555555,37,8,17,35.83160489171426,0.6128941441441442,45.586622807017534,1017.6535087719282,27.504148885727787,8
1562,4,0,0,45,0.0,0.0,1.0,45,1300,700,600,0.5384615384615384,19,7,12,382.9783363445723,0.4410143097643098,0.22971899085643188,0.21419101654355466,129536.03512619254,921.8990458602516,130457.93417205279,1095,1,266.35555555555555,37,8,17,35.75775527789745,0.6137387387387387,45.504385964912274,1017.9824561403498,27.51303935514459,0
1563,4,1,0,46,0.021739130434782608,0.0,1.0,46,950,600,350,0.631578947368421,13,6,7,379.792545747449,0.44199879227053135,0.24862977187922897,0.21458616128288346,129935.6020915515,669.7146203155714,130605.31671186707,1096,0,261.54347826086956,38,8,18,35.43173006392121,0.615953947368421,45.11217948717948,1019.5512820512811,26.830296896086345,0
1564,4,0,0,46,0.0,0.0,1.0,46,1700,1200,500,0.7058823529411765,22,12,10,378.21121034472765,0.4410124798711755,0.24346050757113247,0.21491900187161325,130158.8642363175,645.5083159825309,130804.37255230003,1097,1,262.54347826086956,40,6,18,35.24487102878197,0.61484375,44.89329268292682,1020.4268292682913,25.510670731707282,0
1565,4,1,0,47,0.02127659574468085,0.0,1.0,47,1200,800,400,0.6666666666666666,16,8,8,370.56048431327315,0.44141227258711074,0.2450530430692368,0.21235440300314148,130486.54994806103,270.7970745792201,130757.34702264026,1098,0,257.93617021276594,37,10,19,35.10722973456393,0.6233108108108107,44.57236842105264,1021.7105263157902,27.613798008534868,0
1566,4,1,2,46,0.020833333333333332,0.041666666666666664,0.9583333333333334,48,1200,900,300,0.75,15,9,6,369.50621366246594,0.44292996453900707,0.245867282983391,0.2132177807951047,130753.83434007234,62.87084976989226,130816.70518984224,1099,0,253.54166666666666,38,10,18,34.8630262195759,0.6241776315789473,44.31089743589744,1022.7564102564104,26.914642375168693,0
1567,4,0,1,45,0.0,0.021739130434782608,0.9782608695652174,46,1200,1000,200,0.8333333333333334,14,10,4,380.75568178332486,0.4411231884057971,0.2495976826520756,0.21867059210735487,130570.58572108716,743.0984774161159,131313.68419850327,1100,1,252.8695652173913,37,9,18,34.7614481636448,0.6241554054054055,44.49013157894736,1022.0394736842098,27.622688477951616,0
1568,4,0,1,44,0.0,0.022222222222222223,0.9777777777777777,45,1450,1000,450,0.6896551724137931,19,10,9,378.56573249108646,0.4414351851851852,0.2379903713237046,0.21788561047820304,130654.64854570634,892.2745460141521,131546.9230917205,1101,2,248.3111111111111,37,8,18,34.73205348205348,0.625,44.4078947368421,1022.3684210526313,27.631578947368414,0
1569,4,1,2,43,0.022222222222222223,0.044444444444444446,0.9555555555555556,45,1250,800,450,0.64,17,8,9,373.8935729244138,0.4428661616161616,0.24689450360780496,0.2165146699800505,130890.45606874129,787.8200562495388,131678.27612499084,1102,0,248.13333333333333,38,7,20,34.612305978979606,0.6255482456140351,44.177350427350426,1023.290598290598,26.928699955015738,0
1570,4,0,0,43,0.0,0.0,1.0,43,1400,1000,400,0.7142857142857143,18,10,8,376.50205834026144,0.4423218899963086,0.248854402607402,0.21811879022282188,130906.99932912049,1257.3509397122161,132164.3502688327,1103,1,256.7906976744186,37,6,20,34.52880013571913,0.6275337837837838,44.161184210526315,1023.3552631578946,27.658250355618772,0
1571,4,0,0,43,0.0,0.0,1.0,43,1200,900,300,0.75,15,9,6,375.3545741892806,0.44174510889627167,0.24942526731607928,0.21808871556971451,131019.23338190601,1235.7337113342626,132254.96709324027,1104,2,257.7906976744186,37,6,21,34.44439238156439,0.6286599099099099,44.0515350877193,1023.7938596491231,27.670104314841165,0
1572,4,0,1,42,0.0,0.023255813953488372,0.9767441860465116,43,1450,1200,250,0.8275862068965517,17,12,5,372.62857558503043,0.4417220376522702,0.24783235241316004,0.21701200033767357,131109.19922017696,1171.0068303017224,132280.20605047868,1105,3,258.7906976744186,38,5,21,34.42303011335975,0.6277412280701755,43.963675213675224,1024.1452991453007,26.95119208277107,0
1573,4,0,0,42,0.0,0.0,1.0,42,1400,1100,300,0.7857142857142857,17,11,6,371.82654624900044,0.4397744870305846,0.26042801462221865,0.21702754197975802,131194.69536675364,1356.3340928819644,132551.0294596356,1106,4,264.92857142857144,39,3,21,34.35699457719031,0.6268696581196581,43.88020833333334,1024.479166666668,26.268696581196618,0
1574,4,1,0,43,0.023255813953488372,0.0,1.0,43,1350,1300,50,0.9629629629629629,14,13,1,369.10356929822797,0.4414913252122554,0.25473859612580707,0.21743144002463705,131547.23340821092,1111.0463101360974,132658.279718347,1107,0,259.74418604651163,38,5,22,34.070158994653895,0.6321271929824561,43.53632478632478,1025.8547008547002,26.996176338281586,0
1575,4,0,0,43,0.0,0.0,1.0,43,950,500,450,0.5263157894736842,14,5,9,367.4920765801744,0.4413528977482466,0.2554125841104944,0.21675430864160014,131595.18771701405,1072.0377604166856,132667.22547743074,1108,1,260.74418604651163,39,4,15,34.06302876480541,0.6308760683760684,43.48958333333334,1026.041666666668,26.30876068376072,0
1576,4,0,1,42,0.0,0.023255813953488372,0.9767441860465116,43,1200,1000,200,0.8333333333333334,14,10,4,368.89757498240294,0.44084533038021406,0.2595192130689461,0.21819427994457385,131702.08875868062,1116.9162326388982,132819.00499131953,1109,2,261.74418604651163,39,4,18,33.91896691698803,0.6319444444444444,43.38541666666667,1026.458333333334,26.31944444444446,0
1577,4,0,3,39,0.0,0.07142857142857142,0.9285714285714286,42,950,600,350,0.631578947368421,13,6,7,350.26001814083264,0.4401374370886566,0.2328527270299965,0.19450966516395712,129257.13320444766,658.3886989266027,129915.52190337426,1110,3,263.3809523809524,37,5,18,36.87414635899646,0.6109234234234234,45.77850877192983,1016.8859649122818,27.483404457088696,8
1578,4,2,1,40,0.04878048780487805,0.024390243902439025,0.975609756097561,41,1250,900,350,0.72,16,9,7,346.8079331245352,0.43915142276422764,0.23425212787201932,0.19372373915819255,129487.77113261937,781.4772542813364,130269.2483869007,1111,0,264.4146341463415,36,5,17,36.72733643136387,0.615162037037037,45.551801801801815,1017.7927927927949,28.27202202202208,0
1579,4,0,0,40,0.0,0.0,1.0,40,900,800,100,0.8888888888888888,10,8,2,354.38785031640157,0.4371527777777778,0.23787534121929066,0.19770164847600272,129436.83556241429,1174.168381344313,130611.0039437586,1112,1,272.025,35,5,17,36.5862905671823,0.6166666666666667,45.601851851851855,1017.5925925925927,29.074074074074076,0
1580,4,1,0,41,0.024390243902439025,0.0,1.0,41,1000,600,400,0.6,14,6,8,345.75100346248706,0.4381859756097561,0.2397255659662998,0.19497771541052772,129860.5420242878,779.8825430159942,130640.4245673038,1113,0,266.3658536585366,36,5,18,36.37558464994662,0.6189236111111112,45.185810810810814,1019.2567567567568,28.31268768768769,0
1581,4,2,3,40,0.046511627906976744,0.06976744186046512,0.9302325581395349,43,750,400,350,0.5333333333333333,11,4,7,328.2164269618552,0.4409145441122185,0.23235843310333815,0.18781721336465865,130430.54112803943,-37.4893664252653,130393.05176161417,1114,0,254.93023255813952,37,6,20,36.24543795620439,0.6227477477477478,44.627192982456144,1021.4912280701757,27.607871028923668,0
1582,4,1,0,41,0.024390243902439025,0.0,1.0,41,1400,1100,300,0.7857142857142857,17,11,6,333.09549013092806,0.44174288617886176,0.23126883195417802,0.19074681509218533,130458.54403518382,491.0305334333574,130949.57456861717,1115,0,263.9756097560976,37,4,21,36.092514579084835,0.6230292792792793,44.59978070175438,1021.6008771929818,27.610834518729238,0
1583,4,0,1,40,0.0,0.024390243902439025,0.975609756097561,41,1300,1000,300,0.7692307692307693,16,10,6,333.72871643583903,0.44131097560975613,0.22759692518615804,0.19180142383568988,130598.60365689443,516.9008733456496,131115.50453024008,1116,1,264.9756097560976,37,4,20,35.9347064292355,0.6244369369369369,44.46271929824562,1022.1491228070175,27.625651967757232,0
1584,4,0,0,40,0.0,0.0,1.0,40,1150,1000,150,0.8695652173913043,13,10,3,339.47179039809726,0.4389957264957265,0.2315689408134025,0.1945690179584293,130492.60567577707,859.7116964937886,131352.31737227086,1117,2,272.55,36,4,20,35.89519269627835,0.6252893518518519,44.56644144144144,1021.7342342342338,28.381506506506494,0
1585,4,0,0,40,0.0,0.0,1.0,40,1400,1200,200,0.8571428571428571,16,12,4,342.8226740881203,0.43894230769230774,0.23302401145500662,0.19736760038338869,130665.25298524857,959.002287760716,131624.2552730093,1118,3,273.55,36,4,20,35.63489003928482,0.627025462962963,44.397522522522515,1022.4099099099084,28.400275275275234,0
1586,4,0,0,40,0.0,0.0,1.0,40,1150,600,550,0.5217391304347826,17,6,11,367.5823379298514,0.43796741452991456,0.24157309436406837,0.20241067859133657,128922.8476550476,1477.952350723284,130400.80000577089,1119,4,274.55,37,3,18,36.77481465486213,0.607545045045045,46.10745614035087,1015.5701754385957,27.447842579421504,8
1587,4,0,1,39,0.0,0.025,0.975,40,850,500,350,0.5882352941176471,12,5,7,368.3286011890112,0.4375267094017094,0.24736373448461935,0.2032498207275871,129006.37846500841,1503.3477848953435,130509.72624990376,1120,5,275.55,37,3,18,36.67060172692929,0.6083896396396397,46.02521929824561,1015.8991228070172,27.456733048838302,0
1588,4,0,1,38,0.0,0.02564102564102564,0.9743589743589743,39,1150,700,450,0.6086956521739131,16,7,9,377.3750260226893,0.4341824111560954,0.2667996601278213,0.20851530066152651,129058.31665702877,1940.6771213781515,130998.99377840692,1121,7,283.4871794871795,36,3,19,36.387796002807654,0.6108217592592593,45.97409909909911,1016.1036036036046,28.22510010010013,0
1589,4,0,0,38,0.0,0.0,1.0,38,1400,1100,300,0.7857142857142857,17,11,6,387.23696708371295,0.43201754385964913,0.27145015649170756,0.2137840312616876,129024.94454089516,2392.64564043211,131417.59018132728,1122,8,290.6842105263158,35,3,19,36.17139439507861,0.6125,46.00694444444445,1015.9722222222231,29.027777777777803,0
1590,4,0,0,38,0.0,0.0,1.0,38,1100,700,400,0.6363636363636364,15,7,8,390.3520558989517,0.4317063774300616,0.27264883520276095,0.21646795827123708,129201.38888888904,2486.9261188271794,131688.3150077162,1123,9,291.6842105263158,34,4,19,35.91188524590164,0.616421568627451,45.83333333333334,1016.6666666666679,29.90196078431376,0
1591,4,1,1,38,0.02564102564102564,0.02564102564102564,0.9743589743589743,39,1250,900,350,0.72,16,9,7,377.2737694058511,0.43378879892037786,0.26466143772037154,0.21115479554704458,129564.73922902504,1976.2755102040928,131541.01473922914,1124,0,285.1794871794872,34,5,19,35.873674773932024,0.6200980392156863,45.47619047619048,1018.0952380952389,29.943977591036436,0
1592,4,0,0,38,0.0,0.0,1.0,38,550,400,150,0.7272727272727273,7,4,3,386.2714110655376,0.4310395922238028,0.27291892543067053,0.21505291638196053,129357.17520004346,2393.3957191945683,131750.57091923803,1125,11,293.6842105263158,33,5,19,35.85649821306671,0.6202651515151515,45.68014705882354,1017.2794117647076,30.826648841354775,0
1593,4,0,0,38,0.0,0.0,1.0,38,1150,900,250,0.782608695652174,14,9,5,387.1865963539294,0.43050616405879566,0.2733286003156752,0.21590398317842016,129419.51600646385,2421.9003808631264,131841.416387327,1126,12,294.6842105263158,33,5,19,35.769576257577576,0.6208964646464646,45.618872549019606,1017.5245098039215,30.83407605466429,0
1594,4,0,1,37,0.0,0.02631578947368421,0.9736842105263158,38,900,500,400,0.5555555555555556,13,5,8,386.68003672503636,0.43059506875296344,0.2691005668773738,0.21625251759553873,129534.44054705223,2417.676445578243,131952.11699263047,1127,13,295.6842105263158,34,4,19,35.665175612988754,0.6197916666666667,45.50595238095239,1017.976190476191,29.940476190476208,0
1595,4,0,0,37,0.0,0.0,1.0,37,850,700,150,0.8235294117647058,10,7,3,396.15974208198594,0.42964839839839836,0.2792489167067882,0.22178538660492847,129575.4337274125,2866.5140811226365,132441.94780853513,1128,14,303.6756756756757,33,4,19,35.38206146685924,0.6224747474747474,45.4656862745098,1018.1372549019605,30.8526440879382,0
1596,4,0,0,37,0.0,0.0,1.0,37,1050,700,350,0.6666666666666666,14,7,7,395.82470799302445,0.4289602102102102,0.2814348090421712,0.22248078414780337,129731.44531250001,2870.182291666667,132601.6276041667,1129,15,304.6756756756757,33,4,20,35.23133946830266,0.6240530303030303,45.3125,1018.7500000000001,30.871212121212125,0
1597,4,0,1,36,0.0,0.02702702702702703,0.972972972972973,37,700,300,400,0.42857142857142855,11,3,8,392.96166039792786,0.4285222722722723,0.2732862732862731,0.22140035012663742,129825.09731833909,2803.257160707417,132628.3544790465,1130,16,305.6756756756757,33,4,20,35.208734167067504,0.625,45.220588235294116,1019.1176470588234,30.882352941176467,0
1598,4,1,0,37,0.02702702702702703,0.0,1.0,37,750,500,250,0.6666666666666666,10,5,5,385.51921290660033,0.42977352352352355,0.25840110380650927,0.21877624045313204,130106.2560823962,2631.692287821992,132737.9483702182,1131,0,295.2972972972973,33,4,21,35.11198698698699,0.6278409090909092,44.94485294117647,1020.2205882352941,30.91577540106952,0
1599,4,0,0,37,0.0,0.0,1.0,37,750,400,350,0.5333333333333333,11,4,7,381.9747231888354,0.4299612112112112,0.24937040787184905,0.21728726056807512,130200.0432525951,2546.625096116876,132746.66834871197,1132,1,296.2972972972973,33,4,21,35.10696845981428,0.6287878787878788,44.85294117647059,1020.5882352941172,30.926916221033856,0
1600,4,0,1,36,0.0,0.02702702702702703,0.972972972972973,37,1200,700,500,0.5833333333333334,17,7,10,383.18035398673635,0.42936686686686687,0.254141615338598,0.21868592256109654,130327.04132550256,2587.767384092231,132914.8087095948,1133,2,297.2972972972973,32,5,21,34.947034334940845,0.6324869791666667,44.72853535353536,1021.0858585858591,31.908933080808097,0
1601,4,1,1,36,0.02702702702702703,0.02702702702702703,0.972972972972973,37,900,500,400,0.5555555555555556,13,5,8,381.7943270176842,0.43327702702702703,0.24501610937682616,0.21934883443634867,130585.0188277981,2571.3238763901572,133156.34270418825,1134,0,295.0810810810811,32,5,20,34.72024912497426,0.6350911458333333,44.4760101010101,1022.095959595959,31.94049873737372,0
1602,4,0,0,36,0.0,0.0,1.0,36,1400,1200,200,0.8571428571428571,16,12,4,386.0907169803879,0.4330026455026455,0.23352861266768543,0.22225691420307941,130661.65500217001,2889.4504123263696,133551.1054144964,1135,1,289.3333333333333,31,5,21,34.53260315843097,0.6384408602150538,44.40104166666666,1022.3958333333322,32.98051075268814,0
1603,4,0,0,36,0.0,0.0,1.0,36,1350,1100,250,0.8148148148148148,16,11,5,385.2070528812123,0.4322916666666667,0.2354162246269187,0.2223219250831684,130761.51741875529,2874.0517510307977,133635.5691697861,1136,2,290.3333333333333,31,5,21,34.45377148313177,0.6394489247311828,44.30338541666666,1022.7864583333322,32.99311155913975,0
1604,4,0,0,36,0.0,0.0,1.0,36,1200,1000,200,0.8333333333333334,14,10,4,388.1917653458338,0.43235780423280423,0.24328441560277714,0.22481938716675795,130894.72664727089,2962.4510023328767,133857.17764960375,1137,3,291.3333333333333,31,5,21,34.24219048224964,0.6407930107526882,44.17317708333332,1023.3072916666653,33.00991263440856,0
1605,4,0,0,36,0.0,0.0,1.0,36,950,800,150,0.8421052631578947,11,8,3,391.0595653424007,0.43204365079365076,0.24403601006246678,0.22706870773426532,130994.67807345914,3045.344373914923,134040.02244737407,1138,4,292.3333333333333,31,5,21,34.06734927499364,0.6418010752688172,44.07552083333333,1023.6979166666662,33.0225134408602,0
1606,4,2,0,38,0.05263157894736842,0.0,1.0,38,700,500,200,0.7142857142857143,9,5,4,372.80807018539076,0.4346995021337126,0.23153618906942386,0.21947049001348662,131522.32552800738,2206.9407285299762,133729.26625653735,1139,0,277.89473684210526,32,6,23,34.000338503200396,0.64453125,43.56060606060606,1025.757575757576,32.05492424242425,0
1607,4,0,1,37,0.0,0.02631578947368421,0.9736842105263158,38,900,600,300,0.6666666666666666,12,6,6,371.3446627218932,0.4346995021337126,0.22748178137651776,0.21879444413454563,131554.70623214467,2170.427603050703,133725.1338351954,1140,1,278.89473684210526,32,6,20,34.00512820512819,0.6448567708333333,43.5290404040404,1025.8838383838383,32.05886994949495,0
1608,4,1,2,36,0.02631578947368421,0.05263157894736842,0.9473684210526316,38,600,300,300,0.5,9,3,6,364.58725310464047,0.4343735182550972,0.21922305474098858,0.217517744025733,132030.69905045332,2027.3419784580335,134058.04102891136,1141,0,264.1578947368421,34,4,21,33.6979709641299,0.6449142156862745,43.06547619047618,1027.7380952380938,30.227591036414523,0
1609,4,0,0,36,0.0,0.0,1.0,36,1200,900,300,0.75,15,9,6,379.6059073492006,0.43067129629629625,0.22907443843253006,0.2249967375046428,131781.48275686154,2805.005866748294,134586.48862360982,1142,1,279.72222222222223,32,4,21,33.563903918675194,0.6471354166666667,43.30808080808081,1026.767676767677,32.0864898989899,0
1610,4,0,0,36,0.0,0.0,1.0,36,1250,900,350,0.72,16,9,7,379.29316661010625,0.42977843915343916,0.22928957718780762,0.22557962014180005,131911.15702479344,2806.600091827375,134717.7571166208,1143,2,280.72222222222223,32,4,21,33.440880039331375,0.6484375,43.18181818181819,1027.2727272727277,32.10227272727274,0
1611,4,0,0,36,0.0,0.0,1.0,36,1250,1000,250,0.8,15,10,5,380.1586431315863,0.4284556878306878,0.23383069302877768,0.2274527429111323,132138.2404378381,2846.698838128781,134984.9392759669,1144,3,281.72222222222223,32,4,21,33.189293462687786,0.6507161458333333,42.960858585858595,1028.1565656565667,32.12989267676771,0
1612,4,0,0,36,0.0,0.0,1.0,36,1000,600,400,0.6,14,6,8,380.1254201303037,0.4283564814814815,0.23123593206466087,0.2278235133893546,132203.15728305807,2850.756140955035,135053.9134240131,1145,4,282.72222222222223,32,4,21,33.12461632903622,0.6513671875,42.89772727272729,1028.4090909090928,32.13778409090915,0
1613,4,0,0,36,0.0,0.0,1.0,36,1300,900,400,0.6923076923076923,17,9,8,382.0200586049191,0.4279927248677249,0.23134282557996788,0.22935279421181143,132268.09007052885,2905.812704060852,135173.9027745897,1146,5,283.72222222222223,32,4,21,33.010361687328675,0.6520182291666667,42.83459595959598,1028.6616161616187,32.14567550505058,0
1614,4,0,0,36,0.0,0.0,1.0,36,1400,1200,200,0.8571428571428571,16,12,4,380.99767325621815,0.42711640211640217,0.22789908406934933,0.22972581600478506,132430.49178655256,2891.14184777066,135321.63363432323,1147,6,284.72222222222223,32,4,22,32.8728123977756,0.6536458333333333,42.67676767676769,1029.2929292929307,32.165404040404084,0
1615,4,0,0,36,0.0,0.0,1.0,36,750,600,150,0.8,9,6,3,380.45223271017426,0.42647156084656085,0.2264328346006046,0.22979314855694566,132495.4803719011,2881.640266299393,135377.1206382005,1148,7,285.72222222222223,32,4,22,32.82131469217562,0.654296875,42.61363636363638,1029.5454545454568,32.173295454545524,0
1616,4,1,1,36,0.02702702702702703,0.02702702702702703,0.972972972972973,37,500,200,300,0.4,8,2,6,373.39611075724696,0.42705205205205204,0.2213054709488369,0.2276092814268093,132839.80320069235,2520.373173779348,135360.1763744717,1149,0,278.97297297297297,33,4,19,32.656225233792995,0.6553030303030303,42.2794117647059,1030.8823529411789,31.23885918003572,0
1617,4,0,0,36,0.0,0.0,1.0,36,1050,500,550,0.47619047619047616,16,5,11,376.0066424771949,0.42615740740740743,0.22281410727406348,0.22948208090200123,132885.74667125812,2793.1846877869743,135678.9313590451,1150,1,283.69444444444446,32,4,19,32.542707567964726,0.658203125,42.23484848484849,1031.0606060606067,32.22064393939396,0
1618,4,0,1,35,0.0,0.027777777777777776,0.9722222222222222,36,550,100,450,0.18181818181818182,10,1,9,377.0676439956292,0.4259093915343915,0.2243275784661849,0.23032995127242376,132918.29476902873,2823.837650494853,135742.13241952358,1151,2,284.69444444444446,32,4,19,32.482602750908114,0.6585286458333333,42.20328282828283,1031.1868686868693,32.224589646464665,0
1619,4,0,0,35,0.0,0.0,1.0,35,800,500,300,0.625,11,5,6,377.52559803601713,0.4238795518207283,0.20374586852735965,0.23101173111282589,132983.40292125818,3040.927743342531,136024.3306646007,1152,3,275.4,32,3,20,32.405282164279605,0.6591796875,42.14015151515152,1031.439393939395,32.23248106060609,0
1620,4,0,1,34,0.0,0.02857142857142857,0.9714285714285714,35,850,500,350,0.5882352941176471,12,5,7,379.57340706670993,0.42359943977591036,0.20843051208979468,0.23267024074584314,133048.5270157383,3100.336540914205,136148.8635566525,1153,4,276.4,32,3,20,32.28694978174845,0.6598307291666667,42.07702020202021,1031.69191919192,32.2403724747475,0
1621,4,0,0,34,0.0,0.0,1.0,34,1350,1100,250,0.8148148148148148,16,11,5,384.44730237610634,0.42388963161021986,0.2004483772307506,0.23578641052850371,133068.88156467024,3431.5945095486213,136500.47607421887,1154,5,277.1764705882353,31,3,21,32.14075382803297,0.6626344086021505,42.05729166666667,1031.7708333333342,33.28293010752691,0
1622,4,0,0,34,0.0,0.0,1.0,34,1100,900,200,0.8181818181818182,13,9,4,386.60346025617093,0.42309120617944146,0.20408632794525872,0.23753635860390776,133136.0626220703,3494.1724989149307,136630.23512098525,1155,6,278.1764705882353,31,3,21,32.017516191437466,0.6633064516129032,41.9921875,1032.03125,33.29133064516129,0
1623,4,0,0,34,0.0,0.0,1.0,34,750,500,250,0.6666666666666666,10,5,5,385.89804547673606,0.4219399881164587,0.20993249758919985,0.2379604588359656,133270.47559950093,3485.7632107204963,136756.23881022143,1156,7,279.1764705882353,31,3,22,31.900483396385038,0.6646505376344086,41.86197916666667,1032.552083333334,33.308131720430126,0
1624,4,0,0,34,0.0,0.0,1.0,34,850,600,250,0.7058823529411765,11,6,5,389.56815816857437,0.4210115864527629,0.2170303605313093,0.24153225806451595,133472.2222222221,3599.458143446161,137071.68036566826,1157,8,280.1764705882353,30,4,23,31.602822580645146,0.6694444444444445,41.66666666666666,1033.3333333333323,34.444444444444414,0
1625,4,0,1,33,0.0,0.029411764705882353,0.9705882352941176,34,750,400,350,0.5333333333333333,11,4,7,384.2361635223924,0.420770202020202,0.16666895222945177,0.21961106241563016,130384.14292800475,3219.6605725623813,133603.80350056713,1158,9,281.1764705882353,34,0,19,34.86201771768271,0.6283700980392157,44.67261904761906,1021.3095238095256,30.038515406162517,8
1626,4,1,1,33,0.029411764705882353,0.029411764705882353,0.9705882352941176,34,1000,700,300,0.7,13,7,6,381.402963350459,0.4215314913844326,0.15099637060877913,0.2198826479986874,130718.714569161,3171.301020408163,133890.01558956917,1159,0,267.11764705882354,34,0,19,34.59448971672487,0.6317401960784313,44.345238095238095,1022.6190476190477,30.07703081232493,0
1627,4,0,0,33,0.0,0.0,1.0,33,850,500,350,0.5882352941176471,12,5,7,404.4316054302967,0.4181265782828283,0.18128682388610184,0.21484736518612196,127486.19927300343,3714.724115557678,131200.92338856112,1160,11,276.2121212121212,31,2,18,37.31519683685748,0.6061827956989247,47.526041666666664,1009.8958333333329,32.577284946236546,8
1628,4,1,0,34,0.029411764705882353,0.0,1.0,34,1200,900,300,0.75,15,9,6,396.7875071746684,0.4215129233511587,0.17937540854773704,0.21256663177002805,127825.1282554076,3343.8827989490915,131169.0110543567,1161,0,269.05882352941177,32,2,19,37.1594976484788,0.6070963541666667,47.19065656565657,1011.2373737373738,31.60116792929293,0
1629,4,1,0,35,0.02857142857142857,0.0,1.0,35,1500,1300,200,0.8666666666666667,17,13,4,389.9660688920278,0.423109243697479,0.1849380430138159,0.21142484708038056,128304.38220589745,3007.2696663605875,131311.65187225802,1162,0,262.34285714285716,32,3,21,36.840000830840815,0.6119791666666667,46.71717171717172,1013.1313131313138,31.660353535353558,0
1630,4,1,1,35,0.027777777777777776,0.027777777777777776,0.9722222222222222,36,750,600,150,0.8,9,6,3,380.35972654502996,0.42764550264550266,0.18104397448808385,0.207480338639428,128548.11137843614,2578.9048983564007,131127.01627679254,1163,0,256.02777777777777,33,3,18,36.83371097683787,0.6120580808080809,46.47671568627451,1014.0931372549016,30.730095068330353,0
1631,4,0,0,35,0.0,0.0,1.0,35,750,500,250,0.6666666666666666,10,5,5,385.230760037539,0.4276960784313726,0.1706674254414824,0.2103710873814785,128592.36501696239,2907.546902101801,131499.91191906418,1164,1,256.25714285714287,32,3,18,36.664903108012766,0.6149088541666667,46.433080808080796,1014.2676767676754,31.695864898989857,0
1632,4,1,2,34,0.027777777777777776,0.05555555555555555,0.9444444444444444,36,900,800,100,0.8888888888888888,10,8,2,388.516026831579,0.4300595238095238,0.1561811840480647,0.2069161926914494,127588.49511584801,2714.0350383659284,130302.53015421394,1165,0,250.11111111111111,35,1,19,37.61181597739338,0.5979166666666667,47.424768518518526,1010.3009259259268,28.865740740740765,8
1633,4,2,0,36,0.05555555555555555,0.0,1.0,36,850,700,150,0.8235294117647058,10,7,3,382.1760230841191,0.4305224867724868,0.1976477392619711,0.20532271774912647,127939.53517500442,2579.084549682802,130518.61972468722,1166,0,250.91666666666666,35,1,21,37.411456545780425,0.6014880952380952,47.077546296296305,1011.6898148148159,28.90542328042331,0
1634,4,0,0,36,0.0,0.0,1.0,36,1050,900,150,0.8571428571428571,12,9,3,384.5829832555124,0.4298445767195767,0.20153339939527903,0.20737131760497587,128085.94419795947,2651.934906550062,130737.87910450953,1167,1,251.91666666666666,35,1,22,37.200339202683125,0.6029761904761906,46.93287037037037,1012.268518518518,28.921957671957657,0
1635,4,2,0,38,0.05263157894736842,0.0,1.0,38,800,500,300,0.625,11,5,6,366.924232868791,0.43271396396396394,0.21358629130966933,0.20167038663690684,128848.62075617276,1855.563057270223,130704.18381344299,1168,0,239.60526315789474,35,3,18,36.8673050615595,0.6107142857142858,46.18055555555555,1015.2777777777771,29.00793650793649,0
1636,4,0,1,37,0.0,0.02631578947368421,0.9736842105263158,38,850,600,250,0.7058823529411765,11,6,5,367.53115800711277,0.4324620673304884,0.21361893848950464,0.2021536582568275,128877.99968117703,1873.3360928926543,130751.33577406968,1169,1,240.60526315789474,35,3,18,36.82190147801968,0.6110119047619047,46.15162037037037,1015.3935185185178,29.011243386243365,0
1637,4,0,0,37,0.0,0.0,1.0,37,1250,900,350,0.72,16,9,7,375.83060439757867,0.42986736736736736,0.21852779909570863,0.2061074777962706,128760.50407503854,2278.4276138117207,131038.93168885027,1170,2,248.02702702702703,35,2,18,36.73131200821073,0.6098214285714285,46.26736111111111,1014.9305555555552,28.998015873015863,0
1638,4,1,1,37,0.02631578947368421,0.02631578947368421,0.9736842105263158,38,950,600,350,0.631578947368421,13,6,7,371.9853572721028,0.4298097439544808,0.22660381428812992,0.20613332228945783,129172.7681017164,2010.0756584286792,131182.84376014507,1171,0,242.47368421052633,36,2,19,36.407905911893955,0.6119791666666667,45.86148648648648,1016.5540540540526,28.237612612612573,0
1639,4,0,1,36,0.0,0.02702702702702703,0.972972972972973,37,850,500,350,0.5882352941176471,12,5,7,380.38186192881966,0.4273961461461462,0.23309309993442584,0.21015559256596,129054.34355977784,2417.986298653964,131472.3298584318,1172,1,249.75675675675674,35,2,19,36.31547347837641,0.612797619047619,45.97800925925925,1016.087962962962,29.03108465608463,0
1640,4,0,0,36,0.0,0.0,1.0,36,1300,1000,300,0.7692307692307693,16,10,6,389.1244879195868,0.4262896825396825,0.23333658790600786,0.21496294526819887,129050.14349489791,2843.3142006802664,131893.45769557817,1173,2,231.0,34,2,19,36.09768599882834,0.6148897058823529,45.982142857142854,1016.0714285714282,29.884453781512594,0
1641,4,1,0,37,0.02702702702702703,0.0,1.0,37,950,700,250,0.7368421052631579,12,7,5,387.12067294467334,0.42817817817817816,0.19660746283899866,0.20677216127375125,127705.4548852238,2487.6614809697053,130193.1163661935,1174,0,225.72972972972974,35,2,17,37.52683785640672,0.5991071428571428,47.30902777777778,1010.763888888889,28.878968253968257,8
1642,4,1,0,38,0.02631578947368421,0.0,1.0,38,1000,600,400,0.6,14,6,8,374.5299878498595,0.4298097439544808,0.1935383632953036,0.20182640501121163,128061.2799731649,1992.5579264773874,130053.83789964228,1175,0,220.76315789473685,37,1,19,37.48002654100314,0.5988175675675675,46.95723684210527,1012.1710526315795,27.355974395448094,0
1643,4,2,3,37,0.05,0.075,0.925,40,750,500,250,0.6666666666666666,10,5,5,357.8753409559677,0.4347889957264957,0.1863604412241806,0.19500726445608932,128505.599379136,1197.8511416974584,129703.45052083346,1176,0,210.675,37,3,15,37.447167549835974,0.603322072072072,46.5186403508772,1013.9254385964921,27.403390232337625,0
1644,4,0,1,36,0.0,0.02702702702702703,0.972972972972973,37,950,700,250,0.7368421052631579,12,7,5,374.05324181582296,0.4277715215215215,0.09046638284585407,0.2035808514405102,128458.27880245112,2210.0471248275353,130668.32592727867,1177,2,228.6216216216216,36,1,15,37.0855087758276,0.6047453703703703,46.56531531531532,1013.738738738739,28.159409409409417,8
1645,4,0,0,36,0.0,0.0,1.0,36,1300,1100,200,0.8461538461538461,15,11,4,383.56932562193487,0.42476851851851855,0.10857778792375328,0.20911330813775791,128525.67361379022,2659.7011906292782,131185.3748044195,1178,4,235.91666666666666,35,1,16,36.77531579347867,0.6074404761904761,46.49884259259259,1014.004629629629,28.971560846560827,0
1646,4,2,0,38,0.05263157894736842,0.0,1.0,38,1200,1000,200,0.8333333333333334,14,10,4,387.5904552707212,0.42909850640113795,0.1348272444472456,0.2026632619562955,126843.36917368785,2234.427451516992,129077.79662520485,1179,0,224.44736842105263,37,1,16,38.40243006422118,0.5864301801801801,48.163377192982445,1007.3464912280684,27.22558084400185,8
1647,4,2,1,39,0.05,0.025,0.975,40,1150,700,450,0.6086956521739131,16,7,9,376.53563002219425,0.43295940170940167,0.1439821182943608,0.19981124308476989,127442.37075617263,1597.5621371746681,129039.9328933473,1180,0,214.175,38,2,15,38.06453461714812,0.590734649122807,47.569444444444436,1009.7222222222206,26.57163742690054,0
1648,4,1,1,39,0.025,0.025,0.975,40,800,600,200,0.75,10,6,4,377.34778829429723,0.43361378205128204,0.147044829773737,0.20118125037697074,127631.22420374016,1632.2720341149782,129263.49623785514,1181,0,215.15,38,2,16,37.85001233523649,0.5926535087719298,47.38247863247863,1010.4700854700849,26.591318038686445,0
1649,4,1,0,40,0.025,0.0,1.0,40,1150,900,250,0.782608695652174,14,9,5,383.17158707684627,0.43485576923076924,0.181111739890935,0.20677649388117036,128118.16541883719,1818.2481553819835,129936.41357421917,1182,0,214.425,39,1,19,37.203008711458665,0.5958867521367521,46.901041666666686,1012.3958333333364,25.9588675213676,0
1650,4,1,1,40,0.024390243902439025,0.024390243902439025,0.975609756097561,41,1650,1200,450,0.7272727272727273,21,12,9,367.65483875218445,0.4350355691056911,0.17915303586709852,0.20042573662245788,128523.41666894987,1250.4566316077646,129773.87330055764,1183,0,210.17073170731706,38,3,14,37.18105749306362,0.6016995614035088,46.501068376068396,1013.9957264957293,26.684098065677087,0
1651,4,0,0,40,0.0,0.0,1.0,40,1050,700,350,0.6666666666666666,14,7,7,374.7350021250137,0.43354700854700856,0.17280421849648464,0.20390965830757826,128450.01737313425,1626.943506655917,130076.96087979017,1184,2,216.425,37,3,14,37.07668559581755,0.602759009009009,46.57346491228071,1013.7061403508789,27.397463252726457,0
1652,4,0,0,40,0.0,0.0,1.0,40,1050,700,350,0.6666666666666666,14,7,7,373.3957943021195,0.43396100427350426,0.1696633652934354,0.20355539826085128,128523.41666894977,1598.0206507049722,130121.43731965474,1185,3,217.425,38,2,14,37.035524883222706,0.6016995614035088,46.50106837606839,1013.9957264957285,26.684098065677066,0
1653,4,1,0,41,0.024390243902439025,0.0,1.0,41,1150,800,350,0.6956521739130435,15,8,7,365.67204232402406,0.43391768292682925,0.17976262865121728,0.20102681311518725,128857.43408203151,1223.9122178819734,130081.34629991348,1186,0,213.09756097560975,39,2,15,36.89009011319723,0.6033653846153846,46.171875000000014,1015.312500000002,26.0336538461539,0
1654,4,2,2,41,0.046511627906976744,0.046511627906976744,0.9534883720930233,43,1350,900,450,0.6666666666666666,18,9,9,356.0508607689559,0.4359080841638981,0.18934226523248499,0.1988124560190546,129473.07715136232,621.1754387504252,130094.25259011274,1187,0,204.13953488372093,38,5,14,36.50710336622576,0.6112938596491229,45.56623931623931,1017.735042735042,26.78250112460637,0
1655,4,0,1,40,0.0,0.024390243902439025,0.975609756097561,41,1450,1100,350,0.7586206896551724,18,11,7,365.9115932629883,0.43315548780487806,0.18664227379422127,0.2039215419752115,129396.54659366366,1269.5393053632097,130666.08589902688,1188,1,200.609756097561,37,4,19,36.33417304307217,0.6123310810810811,45.64144736842106,1017.4342105263177,27.498221906116694,0
1656,4,0,0,40,0.0,0.0,1.0,40,1650,1300,350,0.7878787878787878,20,13,7,366.4889086850965,0.4329994658119658,0.18061946902654835,0.20501607268027702,129545.08562616688,1495.3674113302677,131040.45303749715,1189,2,204.6,36,4,14,36.16818768436576,0.6157407407407407,45.495495495495504,1018.0180180180195,28.278278278278318,0
1657,4,0,0,40,0.0,0.0,1.0,40,1100,700,400,0.6363636363636364,15,7,8,362.30035406524416,0.43238514957264956,0.1756522219765646,0.20356329210398755,129717.10519641264,1399.3106281957669,131116.4158246084,1190,3,205.6,36,4,14,36.09974942884518,0.6174768518518519,45.32657657657658,1018.6936936936937,28.297047047047048,0
1658,4,0,0,40,0.0,0.0,1.0,40,1450,900,550,0.6206896551724138,20,9,11,361.4643453477123,0.432411858974359,0.18091029606716713,0.20398848217503096,129889.23890106339,1390.06574141711,131279.3046424805,1191,4,206.6,36,4,14,35.94601561349241,0.619212962962963,45.157657657657666,1019.3693693693707,28.315815815815853,0
1659,4,0,1,39,0.0,0.025,0.975,40,950,600,350,0.631578947368421,13,6,7,363.7839653291012,0.4320913461538462,0.18463662469626696,0.20559925231521142,129946.64216581464,1454.5009536563812,131401.14311947103,1192,5,207.6,36,4,14,35.82854723510787,0.6197916666666667,45.10135135135136,1019.5945945945961,28.322072072072114,0
1660,4,0,0,39,0.0,0.0,1.0,39,1150,900,250,0.782608695652174,14,9,5,371.48641035970905,0.4307242465137202,0.19085580570499383,0.20949056075798944,129860.54202428796,1848.285320793789,131708.82734508175,1193,6,213.30769230769232,36,3,15,35.71980996574965,0.6189236111111112,45.18581081081082,1019.2567567567581,28.312687687687728,0
1661,4,0,1,38,0.0,0.02564102564102564,0.9743589743589743,39,650,400,250,0.6153846153846154,9,4,5,374.48883594284405,0.43021817363922626,0.19406514910767636,0.21149391339928686,129917.93894823887,1930.5635449638944,131848.50249320277,1194,7,214.30769230769232,36,3,15,35.58488898707611,0.6195023148148149,45.12950450450451,1019.4819819819826,28.31894394394396,0
1662,4,0,1,37,0.0,0.02631578947368421,0.9736842105263158,38,600,400,200,0.6666666666666666,8,4,4,383.9915215516565,0.42677216690374586,0.19463883394190007,0.2166440314097014,129878.87577428417,2374.4774251971935,132253.35319948135,1195,8,220.21052631578948,35,3,17,35.3824845766625,0.6211309523809524,45.167824074074076,1019.328703703704,29.123677248677257,0
1663,4,0,0,37,0.0,0.0,1.0,37,950,600,350,0.631578947368421,13,6,7,391.2089361758997,0.4236111111111111,0.19401736120979018,0.22014183331555057,129776.92920918363,2753.9788832199474,132530.90809240358,1196,9,226.78378378378378,34,3,17,35.302508081162124,0.6222426470588236,45.26785714285714,1018.928571428571,29.96848739495797,0
1664,4,0,0,37,0.0,0.0,1.0,37,900,700,200,0.7777777777777778,11,7,4,428.5222086928121,0.42383008008008005,0.1313247673903415,0.22664613927972416,127308.35383326116,3563.672714796691,130872.02654805785,1197,10,227.78378378378378,33,4,18,36.890685083991094,0.5994318181818181,47.702205882352935,1009.1911764705875,30.581550802139017,8
1665,4,2,2,37,0.05128205128205128,0.05128205128205128,0.9487179487179487,39,900,800,100,0.8888888888888888,10,8,2,411.55401600057723,0.42844691857849754,0.13451635902717274,0.2207839500201991,127880.9950086805,2725.9874131944403,130606.98242187494,1198,0,217.05128205128204,35,4,16,36.728673189152076,0.6008928571428571,47.135416666666664,1011.4583333333329,28.89880952380951,0
1666,4,1,0,38,0.02631578947368421,0.0,1.0,38,800,600,200,0.75,10,6,4,417.24906296393806,0.4304617117117117,0.1536460591346569,0.22413290373372594,127933.6805555555,3076.0416666666574,131009.72222222216,1199,0,222.60526315789474,34,4,17,36.53040911587039,0.6035539215686274,47.08333333333333,1011.6666666666662,29.7549019607843,0
1667,4,2,1,39,0.05,0.025,0.975,40,1050,600,450,0.5714285714285714,15,6,9,397.34629196572797,0.43688568376068376,0.1487249214406572,0.21657728720187344,128517.0442257788,2213.6750288350927,130730.71925461388,1200,0,212.425,33,7,13,36.434916606236406,0.6117424242424243,46.507352941176485,1013.9705882352962,30.726381461675643,0
1668,4,1,0,40,0.025,0.0,1.0,40,1300,800,500,0.6153846153846154,18,8,10,402.6396122859227,0.43635149572649573,0.1748417536045015,0.2217507122279669,128929.21095521547,2382.401502267584,131311.61245748305,1201,0,213.4,34,6,14,35.87821865353809,0.6136642156862745,46.10119047619048,1015.5952380952385,29.870448179271722,0
1669,4,2,1,41,0.047619047619047616,0.023809523809523808,0.9761904761904762,42,1150,900,250,0.782608695652174,14,9,5,383.0962447457992,0.44173441734417346,0.1801132585918339,0.21447194079165088,129575.43372741254,1528.8333838437375,131104.26711125628,1202,0,204.1904761904762,33,9,16,35.714572299791385,0.6224747474747474,45.46568627450981,1018.1372549019609,30.85264408793821,0
1670,4,0,1,40,0.0,0.024390243902439025,0.975609756097561,41,1450,1100,350,0.7586206896551724,18,11,7,391.7232885625963,0.440015243902439,0.18245028002940988,0.21882754186438594,129490.37606175397,1944.8791896235175,131435.25525137747,1203,1,210.0731707317073,32,9,16,35.58181367076046,0.6240234375,45.54924242424243,1017.8030303030308,31.806344696969713,0
1671,4,0,0,40,0.0,0.0,1.0,40,1200,900,300,0.75,15,9,6,406.1315232584325,0.439196047008547,0.19382673942701256,0.22724763858658878,129554.6392746915,2523.244598765452,132077.88387345694,1204,2,215.925,32,8,16,35.149499772623926,0.6246744791666667,45.48611111111112,1018.0555555555567,31.814236111111146,0
1672,4,0,0,40,0.0,0.0,1.0,40,1150,800,350,0.6956521739130435,15,8,7,405.7502414703224,0.4389155982905983,0.19317110973341567,0.2274062333188432,129618.91842987975,2518.5814904091576,132137.49992028892,1205,3,216.925,32,8,16,35.093511056003315,0.6253255208333333,45.42297979797981,1018.308080808082,31.82212752525256,0
1673,4,0,0,40,0.0,0.0,1.0,40,950,600,350,0.631578947368421,13,6,7,410.1263019987659,0.43898237179487176,0.10699453862783037,0.22828372819931306,129348.51794249396,2609.8458665552075,131958.36380904916,1206,4,217.925,35,5,16,35.258680358023284,0.6157738095238094,45.688657407407405,1017.24537037037,29.06415343915343,8
1674,4,0,2,38,0.0,0.05,0.95,40,1100,700,400,0.6363636363636364,15,7,8,412.3982344773682,0.4392361111111111,0.10131938125568718,0.23006378664498883,129436.83556241433,2675.9044924554255,132112.74005486976,1207,5,218.925,35,5,12,35.110517136791024,0.6166666666666667,45.601851851851855,1017.5925925925931,29.074074074074087,0
1675,4,0,2,36,0.0,0.05263157894736842,0.9473684210526316,38,900,500,400,0.5555555555555556,13,5,8,425.9329374485227,0.4336326458036985,0.1362148895554951,0.2367593736024975,129294.84941188473,3414.1870013936823,132709.0364132784,1208,6,231.1315789473684,33,5,18,34.91171125035145,0.6196338383838385,45.741421568627445,1017.0343137254893,30.819221628045128,0
1676,4,2,2,36,0.05263157894736842,0.05263157894736842,0.9473684210526316,38,1050,800,250,0.7619047619047619,13,8,5,412.91843203027474,0.43181009957325744,0.16267719052361085,0.2328990523743883,129867.92091836738,3124.9716553288017,132992.89257369618,1209,0,229.89473684210526,34,4,15,34.65652495522852,0.6231617647058824,45.17857142857143,1019.2857142857147,29.978991596638668,0
1677,4,0,0,36,0.0,0.0,1.0,36,800,700,100,0.875,9,7,2,436.34252477806905,0.4279761904761905,0.17741824393200534,0.24475235082475,129651.06398581785,4114.454519946953,133765.5185057648,1210,1,242.33333333333334,32,4,15,34.281758823043226,0.6256510416666667,45.391414141414145,1018.434343434344,31.82607323232325,0
1678,4,0,0,36,0.0,0.0,1.0,36,1000,700,300,0.7,13,7,6,433.29729466054476,0.42733134920634924,0.17562757329147183,0.2436429178129573,129747.52456700856,4043.8502767574846,133791.37484376604,1211,2,243.33333333333334,32,4,16,34.260492832651714,0.6266276041666667,45.29671717171718,1018.813131313132,31.837910353535374,0
1679,4,0,0,36,0.0,0.0,1.0,36,800,500,300,0.625,11,5,6,433.29729466054476,0.42733134920634924,0.17562757329147183,0.2436429178129573,129747.52456700856,4043.8502767574846,133791.37484376604,1212,3,244.33333333333334,32,4,16,34.260492832651714,0.6266276041666667,45.29671717171718,1018.813131313132,31.837910353535374,0
1680,4,1,0,37,0.02702702702702703,0.0,1.0,37,950,700,250,0.7368421052631579,12,7,5,425.1037957739226,0.4295232732732733,0.171222045065611,0.24085356652323767,130043.75007509146,3656.418354719356,133700.16842981082,1213,0,238.7027027027027,33,4,17,34.16624113901238,0.627209595959596,45.0061274509804,1019.9754901960796,30.908348187759987,0
1681,4,0,0,37,0.0,0.0,1.0,37,900,700,200,0.7777777777777778,11,7,4,425.8634704383831,0.42889764764764765,0.1767006212747173,0.24169867163291012,130110.72137188206,3681.880668934239,133792.6020408163,1214,1,239.7027027027027,34,3,17,34.078422792687675,0.6256127450980392,44.94047619047619,1020.2380952380951,30.007002801120443,0
1682,4,1,0,38,0.02631578947368421,0.0,1.0,38,1200,700,500,0.5833333333333334,17,7,10,414.5765084400257,0.42964675201517305,0.17103116682407493,0.23750971932124842,130475.34722222225,3218.4913548752884,133693.83857709754,1215,0,234.3684210526316,34,4,18,33.99435834692768,0.6292892156862745,44.583333333333336,1021.6666666666669,30.049019607843142,0
1683,4,0,1,37,0.0,0.02631578947368421,0.9736842105263158,38,850,600,250,0.7058823529411765,11,6,5,416.40136940031107,0.42909850640113795,0.16931213688623004,0.23968196785588983,130657.85147392303,3281.221655328813,133939.07312925183,1216,1,235.3684210526316,34,4,15,33.76174118925633,0.6311274509803921,44.40476190476191,1022.3809523809534,30.070028011204514,0
1684,4,0,0,37,0.0,0.0,1.0,37,900,500,400,0.5555555555555556,13,5,8,420.62593245937626,0.4278966466466467,0.16764271462258074,0.24238278870449145,130700.81218762019,3595.2301999231154,134296.0423875433,1217,2,240.43243243243242,33,4,16,33.60997922658997,0.6338383838383839,44.36274509803922,1022.5490196078435,30.98633392751041,0
1685,4,0,0,37,0.0,0.0,1.0,37,1000,800,200,0.8,12,8,4,418.7473341447938,0.4277715215215215,0.16720141929639176,0.24179281552231646,130779.59183673478,3552.721088435387,134332.31292517018,1218,3,241.43243243243242,34,3,16,33.57774674115458,0.6323529411764706,44.28571428571429,1022.8571428571435,30.084033613445396,0
1686,4,0,2,35,0.0,0.05405405405405406,0.9459459459459459,37,1300,1000,300,0.7692307692307693,16,10,6,419.08923961367486,0.42752127127127126,0.16827006850759818,0.24264361279793709,130883.62328800156,3570.3836323302494,134454.0069203318,1219,4,242.43243243243242,35,2,16,33.46305564981338,0.63125,44.18402777777778,1023.263888888889,29.236111111111114,0
1687,4,0,0,35,0.0,0.0,1.0,35,850,500,350,0.5882352941176471,12,5,7,435.17992306941085,0.42566526610644256,0.1732780765147106,0.25036351160310527,130638.16350682436,4370.221188965794,135008.38469579016,1220,5,250.65714285714284,33,2,16,33.30186605929835,0.6332070707070707,44.42401960784314,1022.303921568628,30.978906714200846,0
1688,4,0,1,34,0.0,0.02857142857142857,0.9714285714285714,35,950,600,350,0.631578947368421,13,6,7,435.5630687976698,0.42514005602240895,0.17711000068450922,0.2518061286927251,130826.15460399864,4396.608275663224,135222.76287966187,1221,6,251.65714285714284,33,2,16,33.10024357131448,0.6351010101010102,44.24019607843138,1023.039215686276,31.001188354129575,0
1689,4,0,0,34,0.0,0.0,1.0,34,700,300,400,0.42857142857142855,11,3,8,437.718805548105,0.42184714795008915,0.18258314964302613,0.24499093347033915,129565.68611992749,4570.120857001201,134135.8069769287,1222,7,259.70588235294116,31,3,16,34.33423391738075,0.6273521505376345,45.47526041666668,1018.0989583333348,32.84190188172048,8
1690,4,0,1,33,0.0,0.029411764705882353,0.9705882352941176,34,1200,900,300,0.75,15,9,6,434.50995857000004,0.4211972667855021,0.18258456540376322,0.24381182897665307,129665.12891981355,4468.157958984399,134133.28687879795,1223,8,260.70588235294116,31,3,16,34.31400750021307,0.6283602150537635,45.37760416666668,1018.4895833333348,32.85450268817209,0
1691,4,0,0,33,0.0,0.0,1.0,33,750,400,350,0.5333333333333333,11,4,7,438.22573401573936,0.418560606060606,0.19455672971967997,0.24620554767274214,129714.32978162226,4768.831476182229,134483.1612578045,1224,9,268.8484848484849,30,3,16,34.16897567840964,0.6315972222222221,45.32930107526882,1018.6827956989256,33.956093189964186,0
1692,4,1,0,34,0.029411764705882353,0.0,1.0,34,1000,900,100,0.9,11,9,2,426.7612181773592,0.42208853238265004,0.19628617339200205,0.24191370356016134,130063.28158908414,4301.192898220481,134364.47448730463,1225,0,261.9117647058824,31,3,17,34.10401242447451,0.6323924731182795,44.986979166666664,1020.0520833333328,32.904905913978475,0
1693,4,1,0,35,0.02857142857142857,0.0,1.0,35,600,300,300,0.5,9,3,6,417.85684353122474,0.4238095238095238,0.19329849586893566,0.23946866698687477,130488.24737271712,3905.0814330170438,134393.32880573417,1226,0,255.4,32,3,17,33.89741926182237,0.6341145833333333,44.57070707070707,1021.717171717172,31.928661616161627,0
1694,4,0,0,35,0.0,0.0,1.0,35,1100,800,300,0.7272727272727273,14,8,6,417.7630521542084,0.4243347338935574,0.19461595455668146,0.24061487882964266,130681.8261529434,3918.807710947841,134600.63386389124,1227,1,256.4,32,3,17,33.70250884992179,0.6360677083333333,44.38131313131312,1022.474747474746,31.952335858585812,0
1695,4,0,0,35,0.0,0.0,1.0,35,700,500,200,0.7142857142857143,9,5,4,417.7630521542084,0.4243347338935574,0.19461595455668146,0.24061487882964266,130681.8261529434,3918.807710947841,134600.63386389124,1228,2,257.4,32,3,17,33.70250884992179,0.6360677083333333,44.38131313131312,1022.474747474746,31.952335858585812,0
1696,4,2,1,36,0.05405405405405406,0.02702702702702703,0.972972972972973,37,1300,900,400,0.6923076923076923,17,9,8,401.08651046745115,0.42633258258258255,0.20370021832417406,0.2360492741931391,131511.2244897958,3149.4756235827485,134660.70011337855,1229,0,244.43243243243242,34,3,19,33.28642448158464,0.6397058823529411,43.57142857142856,1025.7142857142846,30.168067226890724,0
1697,4,0,0,36,0.0,0.0,1.0,36,1150,800,350,0.6956521739130435,15,8,7,412.4367570595755,0.42303240740740744,0.2103772331805811,0.2417682882132688,131359.53006355718,3635.499717656655,134995.02978121385,1230,1,252.11111111111111,33,3,19,33.14940725244071,0.6404671717171717,43.71936274509803,1025.1225490196068,31.06431966726081,0
1698,4,0,1,35,0.0,0.027777777777777776,0.9722222222222222,36,1200,1000,200,0.8333333333333334,14,10,4,411.6679584248838,0.42271825396825397,0.20894412577012944,0.24191274410810568,131453.7677816223,3623.060841983835,135076.82862360612,1231,2,253.11111111111111,33,3,19,33.073414595283616,0.6414141414141414,43.62745098039215,1025.4901960784302,31.075460487225158,0
1699,4,0,0,35,0.0,0.0,1.0,35,750,400,350,0.5333333333333333,11,4,7,410.09842274872415,0.42195378151260504,0.19634944081029748,0.24142315843555326,131522.32552800738,3787.4196510560196,135309.7451790634,1232,3,257.4,32,3,19,33.044066962087626,0.64453125,43.56060606060606,1025.757575757576,32.05492424242425,0
1700,4,0,0,35,0.0,0.0,1.0,35,1400,900,500,0.6428571428571429,19,9,10,406.7880206072912,0.4211484593837535,0.1903613610798649,0.2402887377540744,131651.87225793296,3710.880905009705,135362.75316294268,1233,4,258.4,32,3,18,32.99755987532808,0.6458333333333333,43.43434343434344,1026.262626262627,32.070707070707094,0
1701,4,0,0,35,0.0,0.0,1.0,35,1100,1000,100,0.9090909090909091,12,10,2,419.2698321158527,0.4207282913165266,0.20887021475256784,0.23758623819898342,130050.0000000001,3905.208333333348,133955.20833333346,1234,5,259.4,34,1,16,34.30861928104576,0.625,45.00000000000001,1020.0000000000008,30.000000000000025,8
1702,4,0,0,35,0.0,0.0,1.0,35,1100,600,500,0.5454545454545454,16,6,10,416.9186612805517,0.42100840336134454,0.20693125395714618,0.2373612617409996,130232.20663265318,3859.247448979602,134091.45408163278,1235,6,260.4,34,1,16,34.18255773268018,0.6268382352941176,44.82142857142858,1020.7142857142867,30.021008403361375,0
1703,4,0,0,35,0.0,0.0,1.0,35,800,500,300,0.625,11,5,6,417.6070558963,0.4207282913165266,0.2105981382112423,0.2385140230831989,130356.43029423797,3887.5565575495107,134243.9868517875,1236,7,261.4,33,2,17,34.038236529461166,0.6303661616161615,44.699754901960794,1021.2009803921584,30.94548425430783,0
1704,4,1,0,36,0.027777777777777776,0.0,1.0,36,600,400,200,0.6666666666666666,8,4,4,407.3332549023516,0.42569444444444443,0.2131495528133136,0.23439574205553582,130646.8638144077,3443.3624560614007,134090.2262704691,1237,0,255.11111111111111,35,1,16,34.004703007660666,0.6288690476190476,44.41550925925927,1022.337962962964,29.209656084656114,0
1705,4,1,0,37,0.02702702702702703,0.0,1.0,37,900,500,400,0.5555555555555556,13,5,8,397.5659612165836,0.42883508508508505,0.2157583325900161,0.23077104645330446,130982.06948502568,3014.8024713903255,133996.871956416,1238,0,249.1891891891892,36,1,17,33.913641364136424,0.6302083333333333,44.087837837837846,1023.6486486486496,28.43468468468471,0
1706,4,1,1,37,0.02631578947368421,0.02631578947368421,0.9736842105263158,38,1200,800,400,0.6666666666666666,16,8,8,394.5407273867787,0.4308173304883831,0.21676322394368852,0.2316577028803633,131422.35145436847,2772.1201780122806,134194.47163238077,1239,0,243.60526315789474,33,5,19,33.54435580255766,0.6410984848484849,43.658088235294116,1025.3676470588234,31.071746880570405,0
1707,4,1,1,37,0.02631578947368421,0.02631578947368421,0.9736842105263158,38,1000,700,300,0.7,13,7,6,395.12310152534803,0.43098032242769085,0.2236967777610217,0.23372536005482425,131705.23356401373,2807.9560745866834,134513.18963860042,1240,0,244.23684210526315,33,5,17,33.24279687997453,0.6439393939393939,43.382352941176464,1026.4705882352932,31.10516934046343,0
1708,4,0,0,37,0.0,0.0,1.0,37,1300,1000,300,0.7692307692307693,16,10,6,402.23954899390344,0.4269269269269269,0.22423043791075337,0.23813149836904096,131736.68368235772,3197.9408460688187,134934.62452842653,1241,1,251.8108108108108,33,4,17,33.028306673033306,0.6442550505050505,43.35171568627451,1026.5931372549019,31.10888294711824,0
1709,4,0,0,37,0.0,0.0,1.0,37,900,800,100,0.8888888888888888,10,8,2,400.37194146036416,0.42633258258258255,0.21906693711967562,0.23781128571079455,131862.52170138882,3158.8107638888832,135021.3324652777,1242,2,252.8108108108108,35,2,18,32.948782961460445,0.6410714285714285,43.229166666666664,1027.0833333333328,29.34523809523808,0
1710,4,0,2,35,0.0,0.05405405405405406,0.9459459459459459,37,800,700,100,0.875,9,7,2,400.6563777028371,0.4260197697697698,0.22252607537114621,0.23816646698678337,131892.24222232922,3168.6936031807118,135060.93582550992,1243,3,253.8108108108108,35,2,18,32.911384976525824,0.6413690476190477,43.200231481481474,1027.1990740740728,29.348544973544936,0
1711,4,0,0,35,0.0,0.0,1.0,35,1150,800,350,0.6956521739130435,15,8,7,410.69320290099523,0.4209733893557423,0.23455473098330248,0.24325674325674326,131755.55555555547,3822.222222222213,135577.7777777777,1244,4,264.9714285714286,34,1,18,32.79220779220778,0.642156862745098,43.33333333333333,1026.666666666666,30.19607843137253,0
1712,4,0,1,34,0.0,0.02857142857142857,0.9714285714285714,35,950,600,350,0.631578947368421,13,6,7,405.3773989828163,0.4203781512605042,0.22274985098350908,0.24088128088317745,131877.80612244885,3692.056405895679,135569.86252834453,1245,5,265.9714285714286,34,1,18,32.804773218976976,0.6433823529411764,43.21428571428571,1027.1428571428562,30.210084033613416,0
1713,4,0,0,34,0.0,0.0,1.0,34,650,500,150,0.7692307692307693,8,5,3,407.81012919174947,0.4188576945929887,0.23011907852727198,0.24263110809186902,131925.4632382977,3960.1080413783084,135885.57127967602,1246,6,272.44117647058823,33,1,18,32.694018648852825,0.6461489898989898,43.16789215686274,1027.3284313725485,31.131164587046925,0
1714,4,0,0,34,0.0,0.0,1.0,34,650,400,250,0.6153846153846154,9,4,5,409.4686333149601,0.4183377896613191,0.2305593355873239,0.2442250326443279,132019.90370290252,4011.6019079200064,136031.50561082253,1247,7,273.44117647058823,33,1,19,32.55574767469592,0.6470959595959596,43.07598039215685,1027.6960784313708,31.142305407011236,0
1715,4,0,0,34,0.0,0.0,1.0,34,750,400,350,0.5333333333333333,11,4,7,406.6894846488013,0.41852346999405826,0.2252096833010746,0.24297089723889903,132082.88278546702,3943.343906189915,136026.22669165695,1248,8,274.44117647058823,33,1,19,32.563384199650294,0.6477272727272727,43.014705882352935,1027.9411764705874,31.14973262032083,0
1716,4,0,1,33,0.0,0.029411764705882353,0.9705882352941176,34,850,600,250,0.7058823529411765,11,6,5,406.22730533098553,0.417038027332145,0.2292266924646158,0.24330145032350425,132177.3795685551,3938.812145568982,136116.19171412408,1249,9,275.44117647058823,33,1,19,32.479616056886336,0.6486742424242424,42.922794117647044,1028.30882352941,31.160873440285147,0
1717,4,0,0,33,0.0,0.0,1.0,33,1150,700,450,0.6086956521739131,16,7,9,411.6425695864664,0.41631155303030304,0.22235615826776067,0.24671293077864356,132203.15728305775,4284.089474288325,136487.2467573461,1250,10,279.72727272727275,32,1,19,32.31430325352977,0.6513671875,42.897727272727266,1028.40909090909,32.137784090909065,0
1718,4,0,0,33,0.0,0.0,1.0,33,600,500,100,0.8333333333333334,7,5,2,412.5373083148155,0.4163904671717172,0.22299340526908984,0.24767438841862938,132268.0900705285,4313.104370727474,136581.19444125597,1251,11,280.72727272727275,32,1,19,32.22556360214393,0.6520182291666667,42.83459595959596,1028.661616161616,32.1456755050505,0
1719,4,0,0,33,0.0,0.0,1.0,33,1050,900,150,0.8571428571428571,12,9,3,413.21772197544624,0.41615372474747475,0.22647527910685805,0.24893848128764695,132398.00347222228,4341.9040467809455,136739.90751900323,1252,12,281.72727272727275,31,2,19,32.07658569500675,0.6559139784946236,42.708333333333336,1029.166666666667,33.19892473118281,0
1720,4,0,0,33,0.0,0.0,1.0,33,950,600,350,0.631578947368421,13,6,7,411.86125182377873,0.41603535353535354,0.2229530314529049,0.24856298144418293,132465.01498752178,4311.441379123274,136776.45636664506,1253,13,282.72727272727275,31,2,19,32.043700986592455,0.6565860215053764,42.64322916666667,1029.427083333334,33.20732526881722,0
1721,4,0,1,32,0.0,0.030303030303030304,0.9696969696969697,33,1100,700,400,0.6363636363636364,15,7,8,415.4594522649788,0.4153645833333333,0.22448674792918388,0.25230473106468,132699.68880547432,4426.268005371113,137125.95681084544,1254,14,283.72727272727275,31,2,19,31.713767429125074,0.6589381720430108,42.41536458333334,1030.3385416666679,33.236727150537675,0
1722,4,1,0,33,0.030303030303030304,0.0,1.0,33,500,200,300,0.4,8,2,6,412.8782507782809,0.41587752525252525,0.21093173308243363,0.2529956984467378,133035.29739379883,4385.476175944011,137420.77356974283,1255,0,271.030303030303,31,2,20,31.441294332954694,0.6622983870967742,42.08984375,1031.640625,33.27872983870968,0
1723,4,0,0,33,0.0,0.0,1.0,33,1050,700,350,0.6666666666666666,14,7,7,390.88149817164935,0.4155224116161616,0.1527102311088968,0.23450095883878866,132240.39619677523,3738.064836841596,135978.46103361683,1256,1,272.030303030303,33,0,18,32.81045216251639,0.6493055555555556,42.861519607843135,1028.5539215686272,31.168300653594763,8
1724,4,1,1,33,0.029411764705882353,0.029411764705882353,0.9705882352941176,34,600,300,300,0.5,9,3,6,382.5950010995335,0.41869058229352346,0.1434602405589711,0.23126353951354492,132524.15687475947,3340.7098531814413,135864.8667279409,1257,0,265.0,33,1,19,32.737245100372924,0.6521464646464646,42.585784313725476,1029.656862745096,31.20172311348776,0
1725,4,0,0,33,0.0,0.0,1.0,33,650,400,250,0.6153846153846154,9,4,5,387.5975056689345,0.41631155303030304,0.15945165945165973,0.23389504652435686,132461.07266435976,3668.316272587455,136129.38893694722,1258,1,273.969696969697,33,0,19,32.67212301587303,0.6515151515151515,42.647058823529406,1029.4117647058815,31.19429590017823,0
1726,4,0,0,33,0.0,0.0,1.0,33,1150,700,450,0.6086956521739131,16,7,9,392.9431396531334,0.41603535353535354,0.15839499228361698,0.23791744565165193,132587.25610342165,3819.8505382545018,136407.10664167616,1259,2,274.969696969697,33,0,19,32.40718705378391,0.6527777777777778,42.52450980392156,1029.9019607843127,31.209150326797353,0
1727,4,0,0,33,0.0,0.0,1.0,33,1150,800,350,0.6956521739130435,15,8,7,390.02150488985313,0.41528566919191917,0.15240154217562107,0.23734304313485247,132776.64389898098,3757.1492935409233,136533.7931925219,1260,3,275.969696969697,33,0,16,32.29141894569957,0.6546717171717171,42.34068627450979,1030.6372549019593,31.23143196672604,0
1728,4,0,1,32,0.0,0.030303030303030304,0.9696969696969697,33,1250,900,350,0.72,16,9,7,390.71071796815744,0.4148121843434343,0.14865555963725696,0.2385660363558833,132902.97752066492,3785.3235534409573,136688.30107410587,1261,4,276.969696969697,33,0,17,32.14632358767134,0.6559343434343434,42.21813725490195,1031.1274509803904,31.246286393345166,0
1729,4,0,1,31,0.0,0.03125,0.96875,32,800,600,200,0.75,10,6,4,401.3017319377071,0.4099882392473118,0.1601696472317493,0.24449457757757023,132820.6624324049,4260.232374247528,137080.89480665245,1262,22,286.5,32,0,17,31.956353094888136,0.6575520833333333,42.2979797979798,1030.808080808081,32.21275252525253,0
1730,4,0,0,31,0.0,0.0,1.0,31,1000,700,300,0.7,13,7,6,404.8257713041368,0.40878136200716847,0.14914160467371196,0.24694995818075177,132867.44011773012,4557.632785373273,137425.0729031034,1263,23,289.6774193548387,31,0,18,31.81832533468048,0.6606182795698925,42.25260416666667,1030.9895833333342,33.257728494623684,0
1731,4,0,0,31,0.0,0.0,1.0,31,950,600,350,0.631578947368421,13,6,7,403.1629982741611,0.4081989247311828,0.1456968206197491,0.246598772921207,132968.1417677137,4521.566942003035,137489.70870971674,1264,24,290.6774193548387,31,0,18,31.759589487859277,0.6616263440860215,42.154947916666664,1031.380208333333,33.27032930107526,0
1732,4,0,1,30,0.0,0.03225806451612903,0.967741935483871,31,950,600,350,0.631578947368421,13,6,7,402.1531313798552,0.4083333333333334,0.14437540210601751,0.24620224936562707,133001.71746148012,4497.411431206603,137499.1288926867,1265,25,291.6774193548387,31,0,18,31.751767230497332,0.6619623655913979,42.122395833333336,1031.5104166666672,33.27452956989249,0
1733,4,0,0,30,0.0,0.0,1.0,30,700,400,300,0.5714285714285714,10,4,6,410.87254733642857,0.403544061302682,0.16247718383311627,0.25050814293087476,132847.95388195157,4916.715443981953,137764.66932593353,1266,26,301.46666666666664,30,0,18,31.68214906562365,0.6631944444444444,42.27150537634408,1030.9139784946228,34.363799283154094,0
1734,4,0,0,30,0.0,0.0,1.0,30,800,400,400,0.5,12,4,8,410.3749696905772,0.4035919540229885,0.15839416058394074,0.25066853244156934,132917.24476818144,4909.182058619508,137826.42682680095,1267,27,302.46666666666664,30,0,19,31.62501086200902,0.6638888888888889,42.20430107526882,1031.1827956989257,34.37275985663086,0
1735,4,0,0,30,0.0,0.0,1.0,30,800,500,300,0.625,11,5,6,418.05140868450604,0.40323275862068964,0.16779569164069885,0.2450863739078901,131363.71768904311,4984.513649016894,136348.23133806,1268,28,303.46666666666664,29,1,21,33.00125886284605,0.6512212643678161,43.71527777777777,1025.1388888888882,35.349616858237525,8
1736,4,0,0,30,0.0,0.0,1.0,30,900,400,500,0.4444444444444444,14,4,10,416.86816906857507,0.40253831417624525,0.16283006093432606,0.2453044963005122,131506.13667052466,4964.144483024686,136470.28115354935,1269,29,304.46666666666664,29,1,21,32.886904761904745,0.6526580459770115,43.576388888888886,1025.6944444444443,35.36877394636015,0
1737,4,0,0,30,0.0,0.0,1.0,30,600,500,100,0.8333333333333334,7,5,2,419.34296415893454,0.40253831417624525,0.1615676187897659,0.24722158629226235,131577.37509645047,5035.20929783949,136612.58439428997,1270,30,305.46666666666664,29,1,19,32.751088624159564,0.6533764367816092,43.506944444444436,1025.972222222221,35.37835249042141,0
1738,4,0,0,30,0.0,0.0,1.0,30,1350,1100,250,0.8148148148148148,16,11,5,415.61079096082557,0.4025862068965517,0.15372649803868565,0.24640020670195506,131791.20611496893,4954.769483024669,136745.9755979936,1271,31,306.46666666666664,29,1,19,32.62982438342578,0.6555316091954023,43.2986111111111,1026.8055555555538,35.4070881226053,0
1739,4,0,0,30,0.0,0.0,1.0,30,750,500,250,0.6666666666666666,10,5,5,412.4723234019188,0.4029214559386973,0.12702397743300398,0.2317296967448182,129713.14944180219,4702.010536627852,134415.15997843005,1272,32,307.46666666666664,28,2,16,34.82604607428303,0.6376488095238095,45.33045977011495,1018.678160919541,36.381362889983606,8
1740,4,0,0,30,0.0,0.0,1.0,30,1100,900,200,0.8181818181818182,13,9,4,407.68299771508447,0.40229885057471265,0.12078751996992776,0.2298969146097622,129859.55253335972,4588.306331747914,134447.85886510764,1273,33,308.46666666666664,28,2,18,34.79847993609622,0.6391369047619048,45.1867816091954,1019.2528735632181,36.401888341543504,0
1741,4,1,0,31,0.03225806451612903,0.0,1.0,31,850,600,250,0.7058823529411765,11,6,5,393.63841723194867,0.40712365591397853,0.11651184434649742,0.22387423295823214,130191.70524691364,4049.691358024698,134241.39660493835,1274,0,299.48387096774195,29,2,19,34.817864271457076,0.639367816091954,44.861111111111114,1020.555555555556,35.19157088122607,0
1742,4,0,0,31,0.0,0.0,1.0,31,1150,1000,150,0.8695652173913043,13,10,3,394.32024448204436,0.4064964157706093,0.11995858050475605,0.2250809345832291,130333.48765432098,4078.6265432098744,134412.11419753087,1275,1,300.48387096774195,29,2,19,34.65610264780558,0.6408045977011494,44.72222222222222,1021.1111111111111,35.21072796934866,0
1743,4,0,0,31,0.0,0.0,1.0,31,600,500,100,0.8333333333333334,7,5,2,392.21458508273037,0.4066308243727599,0.12412008508585348,0.2244932508391815,130439.87509645062,4032.0842978395094,134471.95939429014,1276,2,301.48387096774195,29,2,20,34.6016032177657,0.641882183908046,44.61805555555556,1021.5277777777777,35.22509578544061,0
1744,4,0,0,31,0.0,0.0,1.0,31,550,400,150,0.7272727272727273,7,4,3,392.08561577013404,0.4066308243727599,0.11900011838626368,0.22483038778027095,130510.82417052468,4034.283371913573,134545.10754243826,1277,3,302.48387096774195,29,2,15,34.53272959992749,0.6426005747126438,44.54861111111111,1021.8055555555554,35.234674329501914,0
1745,4,0,0,31,0.0,0.0,1.0,31,850,500,350,0.5882352941176471,12,5,7,392.5756941465721,0.40627240143369175,0.12519232539484282,0.22552416340551312,130581.79253472218,4052.6475694444407,134634.44010416663,1278,4,303.48387096774195,29,2,15,34.44803981519229,0.6433189655172413,44.479166666666664,1022.0833333333329,35.244252873563205,0
1746,4,0,0,31,0.0,0.0,1.0,31,950,700,250,0.7368421052631579,12,7,5,393.9301580482704,0.40595878136200714,0.11818611904469867,0.22734339215262248,130759.2978395061,4102.006172839496,134861.30401234562,1279,5,304.48387096774195,29,2,15,34.232980264349095,0.6451149425287357,44.30555555555555,1022.7777777777773,35.26819923371646,0
1747,4,0,0,31,0.0,0.0,1.0,31,900,500,400,0.5555555555555556,13,5,8,393.1043922996833,0.40631720430107526,0.11431574797976451,0.22707559602252303,130794.81336805563,4083.203125000007,134878.01649305565,1280,6,305.48387096774195,29,2,15,34.218007467752884,0.6454741379310345,44.270833333333336,1022.9166666666673,35.27298850574715,0
1748,4,1,0,32,0.03125,0.0,1.0,32,1100,800,300,0.7272727272727273,14,8,6,380.8155425754096,0.41120631720430106,0.1113247933342083,0.22205013389190464,131155.97043372053,3589.24640854432,134745.21684226484,1281,0,296.90625,30,2,16,34.166010584787635,0.6461805555555555,43.91801075268816,1024.327956989246,34.14426523297487,0
1749,4,0,0,32,0.0,0.0,1.0,32,1000,700,300,0.7,13,7,6,383.00593022899113,0.41091229838709675,0.11023665819567952,0.2239418031873817,131261.4017062716,3654.779052734357,134916.18075900595,1282,1,297.90625,31,1,16,34.00307073274036,0.644489247311828,43.81510416666666,1024.7395833333323,33.05611559139782,0
1750,4,1,1,32,0.030303030303030304,0.030303030303030304,0.9696969696969697,33,1400,1300,100,0.9285714285714286,15,13,2,375.7462715435645,0.4145754419191919,0.01771907591066091,0.21030494611303743,129565.68611992746,3136.781650119382,132702.46777004685,1283,0,289.8484848484849,31,2,19,35.911588225263266,0.6273521505376345,45.47526041666668,1018.0989583333346,32.841901881720474,8
1751,4,0,0,32,0.0,0.0,1.0,32,1000,700,300,0.7,13,7,6,382.0289692316519,0.4104502688172043,0.023559414172422466,0.21364109309392412,129532.54699707055,3497.0370822482937,133029.58407931883,1284,1,299.625,31,1,19,35.78547369318667,0.627016129032258,45.507812500000014,1017.9687500000018,32.83770161290328,0
1752,4,0,0,32,0.0,0.0,1.0,32,1100,900,200,0.8181818181818182,13,9,4,382.69328080762426,0.40990423387096775,0.01961912065439675,0.21510001645394086,129731.44531250023,3529.4704861111395,133260.9157986114,1285,2,300.625,31,1,19,35.565780504430826,0.6290322580645161,45.312500000000014,1018.7500000000018,32.86290322580651,0
1753,4,0,1,31,0.0,0.03125,0.96875,32,1050,700,350,0.6666666666666666,14,7,7,384.71772575101244,0.4095052083333333,0.01892886802095317,0.21678802299878883,129830.95169067394,3589.6536933051366,133420.60538397907,1286,3,301.625,31,1,19,35.412807163238355,0.6300403225806452,45.21484375000001,1019.1406250000009,32.87550403225809,0
1754,4,0,0,31,0.0,0.0,1.0,31,550,400,150,0.7272727272727273,7,4,3,391.27698051861347,0.40766129032258064,0.013253708996869618,0.22079201043550328,129885.53590010399,3964.2440600069294,133849.77996011093,1287,4,304.6774193548387,30,1,19,35.190038238396625,0.6333333333333333,45.16129032258064,1019.3548387096769,33.9784946236559,0
1755,4,0,0,31,0.0,0.0,1.0,31,850,500,350,0.5882352941176471,12,5,7,391.56218522064535,0.4073924731182796,0.02169523801427342,0.22192422880055834,130056.85492903795,3985.0692637877055,134041.92419282565,1288,5,305.6774193548387,30,1,20,35.00818070013616,0.6350694444444445,44.993279569892465,1020.0268817204294,34.000896057347646,0
1756,4,0,0,31,0.0,0.0,1.0,31,1200,900,300,0.75,15,9,6,391.86505190497576,0.40779569892473116,0.01964125598650357,0.2224867321623539,130125.41415553827,3998.3204344432957,134123.73458998156,1289,6,306.6774193548387,30,1,20,34.93061959337813,0.6357638888888889,44.92607526881721,1020.2956989247316,34.00985663082439,0
1757,4,1,0,32,0.03125,0.0,1.0,32,450,300,150,0.6666666666666666,6,3,3,379.3646121883657,0.4090011760752688,0.020805921052631682,0.21710625396322117,130434.15423748402,3496.4927303734416,133930.64696785746,1290,0,298.0625,30,2,21,34.93558114035087,0.6388888888888888,44.62365591397849,1021.5053763440853,34.05017921146951,0
1758,4,0,0,32,0.0,0.0,1.0,32,1450,1100,350,0.7586206896551724,18,11,7,380.3926174906638,0.40912718413978494,0.016649960562639565,0.2190497078918605,130674.53833174339,3541.5259350791753,134216.06426682256,1291,1,299.0625,30,2,20,34.66516585600981,0.6413194444444444,44.38844086021504,1022.4462365591385,34.08154121863795,0
1759,4,0,0,32,0.0,0.0,1.0,32,550,300,250,0.5454545454545454,8,3,5,382.2933052300348,0.4085391465053763,0.01553669996057283,0.22053599389653772,130743.26014929461,3596.454611804818,134339.71476109943,1292,2,300.0625,30,2,20,34.54680860384632,0.6420138888888889,44.32123655913978,1022.71505376344,34.090501792114665,0
1760,4,1,0,33,0.030303030303030304,0.0,1.0,33,1100,900,200,0.8181818181818182,13,9,4,373.855861312265,0.4105113636363636,-0.07503884073122202,0.2161321835342651,130826.15460399847,3182.024942329875,134008.17954632835,1293,0,291.93939393939394,33,0,17,34.678465900015965,0.6351010101010102,44.240196078431374,1023.0392156862746,31.001188354129532,8
1761,4,0,0,33,0.0,0.0,1.0,33,1250,1000,250,0.8,15,10,5,378.1691752418202,0.41062973484848486,-0.08116118687171026,0.21951682562855612,130982.91710219627,3306.7403462610523,134289.65744845732,1294,1,292.93939393939394,33,0,17,34.40916936030967,0.6366792929292929,44.08700980392157,1023.6519607843137,31.019756387403447,0
1762,4,0,1,32,0.0,0.030303030303030304,0.9696969696969697,33,900,800,100,0.8888888888888888,10,8,2,379.92806807276924,0.41007733585858586,-0.08041148859918312,0.2207175994909536,131014.28086553246,3355.2005238369834,134369.48138936944,1295,2,293.93939393939394,33,0,17,34.33235575772085,0.6369949494949495,44.056372549019606,1023.7745098039214,31.023469994058225,0
1763,4,0,0,32,0.0,0.0,1.0,32,1100,800,300,0.7272727272727273,14,8,6,411.59492123873673,0.4100092405913978,-0.15004859311366114,0.2380552210419331,130843.25140610654,4370.88355142333,135214.13495752987,1296,3,301.4375,32,0,13,33.695853387634216,0.6376953125,44.22348484848485,1023.1060606060607,31.972064393939398,8
1764,4,0,3,29,0.0,0.09375,0.90625,32,750,500,250,0.6666666666666666,10,5,5,410.7602395571774,0.40973622311827956,-0.14401369356032556,0.23817042216383993,130940.15438475672,4357.0018365473,135297.15622130403,1297,4,302.4375,32,0,13,33.61861584011842,0.638671875,44.12878787878788,1023.484848484849,31.98390151515153,0
1765,4,0,0,29,0.0,0.0,1.0,29,700,600,100,0.8571428571428571,8,6,2,428.09537378555984,0.39973316912972084,-0.09330298176095342,0.24660705334970984,130688.28124999999,5389.409722222222,136077.69097222222,1298,17,333.86206896551727,29,0,14,33.431812007606624,0.6443965517241379,44.375,1022.4999999999999,35.25862068965517,0
1766,4,0,0,29,0.0,0.0,1.0,29,650,400,250,0.6153846153846154,9,4,5,427.5706700288979,0.3977832512315271,-0.09352049915045202,0.24744015130423339,130865.85889274698,5390.880594135811,136256.73948688278,1299,18,334.86206896551727,29,0,15,33.26419053436496,0.6461925287356323,44.20138888888889,1023.194444444445,35.28256704980845,0
1767,4,1,1,29,0.03333333333333333,0.03333333333333333,0.9666666666666667,30,850,500,350,0.5882352941176471,12,5,7,417.3441503041815,0.40043103448275863,-0.0905624070672616,0.24356792600447713,131190.39231414036,4950.308561683428,136140.7008758238,1300,0,324.6666666666667,30,0,16,33.19557421499169,0.6465277777777778,43.884408602150536,1024.4623655913979,34.148745519713266,0
1768,4,0,0,29,0.0,0.0,1.0,29,500,400,100,0.8,6,4,2,421.0142762362306,0.3958333333333333,-0.06731991921609703,0.24568048271506648,131185.80246913596,5246.219135802491,136432.02160493846,1301,1,336.2068965517241,29,0,17,33.10624548083876,0.6494252873563218,43.8888888888889,1024.4444444444457,35.325670498084335,0
1769,4,0,0,29,0.0,0.0,1.0,29,750,500,250,0.6666666666666666,10,5,5,423.69815649832196,0.39655172413793105,-0.06561912863031738,0.24770562588309192,131256.9540895062,5322.66589506174,136579.61998456795,1302,2,337.2068965517241,29,0,17,32.96512153248397,0.6501436781609196,43.81944444444445,1024.7222222222226,35.335249042145605,0
1770,4,0,0,29,0.0,0.0,1.0,29,950,700,250,0.7368421052631579,12,7,5,425.3202430925834,0.39629515599343185,-0.06755462534279544,0.2493477930314823,131363.71768904332,5374.32966820989,136738.0473572532,1303,3,338.2068965517241,29,0,18,32.8149697421307,0.6512212643678161,43.715277777777786,1025.1388888888898,35.34961685823758,0
1771,4,0,1,28,0.0,0.034482758620689655,0.9655172413793104,29,900,600,300,0.6666666666666666,12,6,6,424.71067950145226,0.39557676518883417,-0.0708703325023109,0.2501525581178409,131541.75347222216,5373.437499999996,136915.19097222216,1304,4,339.2068965517241,29,0,18,32.649607365285675,0.6530172413793103,43.541666666666664,1025.833333333333,35.37356321839079,0
1772,4,0,0,28,0.0,0.0,1.0,28,300,200,100,0.6666666666666666,4,2,2,427.41920297530766,0.3939043209876543,-0.04061624649859963,0.2517964611587209,131549.12306777647,5645.324266745939,137194.4473345224,1305,5,350.0357142857143,28,0,18,32.572654061624654,0.65625,43.53448275862069,1025.8620689655174,36.63793103448277,0
1773,4,0,0,28,0.0,0.0,1.0,28,700,500,200,0.7142857142857143,9,5,4,426.587233164754,0.39346340388007056,-0.037693968964965685,0.2522797345802155,131696.55833003038,5636.014087065661,137332.57241709606,1306,6,351.0357142857143,28,0,15,32.444183930571114,0.6577380952380952,43.39080459770115,1026.4367816091954,36.65845648604269,0
1774,4,1,0,29,0.034482758620689655,0.0,1.0,29,850,700,150,0.8235294117647058,10,7,3,415.4572367470561,0.3960385878489327,-0.03185603308556417,0.24887098550770242,132183.6805555555,5183.333333333328,137367.01388888882,1307,0,339.8965517241379,29,0,16,32.235953538627776,0.6594827586206897,42.916666666666664,1028.333333333333,35.459770114942515,0
1775,4,0,1,28,0.0,0.034482758620689655,0.9655172413793104,29,600,300,300,0.5,9,3,6,415.1664956201919,0.395935960591133,-0.03017532422175173,0.24893181377064955,132219.3889853396,5178.612075617294,137398.0010609569,1308,1,340.8965517241379,29,0,16,32.20726423587666,0.6598419540229885,42.88194444444445,1028.472222222223,35.46455938697321,0
1776,4,0,0,28,0.0,0.0,1.0,28,850,500,350,0.5882352941176471,12,5,7,424.3262763574462,0.3916721781305115,-0.023015873015872934,0.25363863887531546,132102.43107164084,5610.906534879111,137713.33760651996,1309,2,353.7857142857143,28,0,16,32.09032145352901,0.6618303571428572,42.99568965517241,1028.01724137931,36.7149014778325,0
1777,4,0,0,28,0.0,0.0,1.0,28,800,600,200,0.75,10,6,4,422.9283417185236,0.3910659171075838,-0.02590371065290742,0.25329691562171347,132176.29320666546,5580.220100079288,137756.51330674475,1310,3,354.7857142857143,28,0,18,32.05137161753063,0.6625744047619048,42.92385057471265,1028.3045977011504,36.725164203612515,0
1778,4,0,0,28,0.0,0.0,1.0,28,550,400,150,0.7272727272727273,7,4,3,422.7978223607719,0.39034942680776014,-0.022424321034462125,0.2537141333009863,132250.17598510374,5583.017282666147,137833.19326776988,1311,4,355.7857142857143,28,0,18,31.979850537784618,0.6633184523809523,42.85201149425288,1028.5919540229888,36.73542692939246,0
1779,4,0,1,27,0.0,0.03571428571428571,0.9642857142857143,28,800,700,100,0.875,9,7,2,424.683608501607,0.3904320987654321,-0.021987230646448808,0.2550951876570059,132287.1251156033,5636.034730479615,137923.1598460829,1312,5,356.7857142857143,28,0,18,31.893912942271893,0.6636904761904762,42.816091954023,1028.7356321839095,36.74055829228248,0
1780,4,0,0,27,0.0,0.0,1.0,27,800,600,200,0.75,10,6,4,432.8683106558253,0.38758309591642925,-0.03810319794697048,0.25998424253377245,132283.16603334047,6052.238121811234,138335.40415515171,1313,6,323.0740740740741,27,0,18,31.687430686146882,0.6670524691358024,42.81994047619048,1028.7202380952385,38.10074955908291,0
1781,4,0,0,27,0.0,0.0,1.0,27,700,300,400,0.42857142857142855,11,3,8,431.74657142969386,0.3873456790123457,-0.03147987536539132,0.2606302601353073,132474.58944515302,6039.089958900224,138513.67940405325,1314,7,324.0740740740741,27,0,18,31.522236677267045,0.6689814814814814,42.63392857142857,1029.4642857142853,38.128306878306866,0
1782,4,0,0,27,0.0,0.0,1.0,27,850,600,250,0.7058823529411765,11,6,5,430.9807243675792,0.3857431149097816,-0.03893568658911639,0.2620317397932824,132742.81473657175,6041.918889951815,138784.73362652355,1315,8,325.0740740740741,27,0,18,31.27030685920576,0.6716820987654322,42.373511904761905,1030.5059523809527,38.16688712522047,0
1783,4,0,0,27,0.0,0.0,1.0,27,550,300,250,0.5454545454545454,8,3,5,443.8913601054671,0.3859211775878442,-0.0018153821217277155,0.2516852997124049,130072.76885363518,6147.635655824825,136220.40450946,1316,9,326.0740740740741,27,0,18,33.65745805981035,0.6446759259259259,44.97767857142857,1020.0892857142854,37.781084656084644,8
1784,4,0,0,27,0.0,0.0,1.0,27,600,300,300,0.5,9,3,6,444.0675935292987,0.3860398860398861,-0.0024201564458274927,0.2520304156653041,130110.72137188219,6155.590986394572,136266.31235827677,1317,10,327.0740740740741,27,0,18,33.614109295993764,0.6450617283950617,44.9404761904762,1020.2380952380961,37.786596119929484,0
1785,4,2,1,28,0.06896551724137931,0.034482758620689655,0.9655172413793104,29,200,100,100,0.5,3,1,2,417.8341818751716,0.4007081280788178,-0.014062530286290231,0.24055890276890943,130666.24554102257,5119.453337964193,135785.69887898676,1318,0,305.44827586206895,28,1,19,33.71656595465616,0.6473214285714286,44.39655172413793,1022.4137931034481,36.514778325123146,0
1786,4,0,0,28,0.0,0.0,1.0,28,650,500,150,0.7692307692307693,8,5,3,428.1140210364434,0.39216820987654316,-0.011211865598200754,0.24577683871123676,130556.09486474436,5578.578948672218,136134.67381341656,1319,1,317.35714285714283,28,0,19,33.566181639252065,0.6462053571428572,44.50431034482759,1021.9827586206898,36.4993842364532,0
1787,4,0,0,28,0.0,0.0,1.0,28,950,700,250,0.7368421052631579,12,7,5,428.5560941511743,0.3916721781305115,-0.0030560629478713075,0.2469662932853368,130702.97275482237,5602.711099550811,136305.68385437317,1320,2,318.35714285714283,28,0,19,33.40505128565406,0.6476934523809523,44.36063218390805,1022.5574712643684,36.51990968801316,0
1788,4,0,0,28,0.0,0.0,1.0,28,1000,700,300,0.7,13,7,6,435.14126680967104,0.39131393298059963,-0.0017450956793838568,0.2519574066844292,130886.68623662314,5790.839691504832,136677.52592812796,1321,3,319.35714285714283,28,0,19,33.04929560984742,0.6495535714285714,44.181034482758626,1023.2758620689661,36.545566502463075,0
1789,4,1,0,29,0.034482758620689655,0.0,1.0,29,1050,900,150,0.8571428571428571,12,9,3,417.41854643265697,0.39557676518883417,0.0011215424947779162,0.24426101935976025,131292.53713348773,5160.788001543225,136453.32513503096,1322,0,309.3103448275862,29,0,20,33.08982133983828,0.6505028735632183,43.78472222222223,1024.8611111111118,35.34003831417627,0
1790,4,1,1,29,0.03333333333333333,0.03333333333333333,0.9666666666666667,30,850,700,150,0.8235294117647058,10,7,3,403.8093620656603,0.4039990421455939,0.0006767081423273424,0.23844427528007092,131638.2877536421,4631.354600242812,136269.6423538849,1323,0,299.96666666666664,30,0,19,33.087753765553366,0.6510416666666667,43.447580645161295,1026.2096774193553,34.206989247311846,0
1791,4,0,0,29,0.0,0.0,1.0,29,650,500,150,0.7692307692307693,8,5,3,411.5874691558074,0.395628078817734,0.0028015782223984598,0.24219708842355708,131506.13667052487,5025.255594135826,136531.39226466068,1324,2,311.3103448275862,29,0,20,33.02231437598736,0.6526580459770115,43.5763888888889,1025.694444444446,35.36877394636021,0
1792,4,0,0,29,0.0,0.0,1.0,29,850,600,250,0.7058823529411765,11,6,5,414.43674651382946,0.395628078817734,-0.030178743227505134,0.2250649317192326,128370.63536352031,4918.667820137304,133289.3031836576,1325,3,312.3103448275862,27,2,19,36.152104747919736,0.6273148148148149,46.65178571428571,1013.3928571428564,37.53306878306876,7
1793,4,2,0,31,0.06451612903225806,0.0,1.0,31,500,300,200,0.6,7,3,4,389.7074014728518,0.40318100358422937,-0.028368043610574434,0.21495625447755937,128989.67013888885,3853.6458333333294,132843.3159722222,1326,0,293.0967741935484,29,2,21,36.14472245009571,0.6271551724137931,46.041666666666664,1015.8333333333329,35.028735632183896,0
1794,4,0,0,31,0.0,0.0,1.0,31,1050,900,150,0.8571428571428571,12,9,3,388.1753212997212,0.4035394265232975,-0.030547275966066323,0.21449325155806326,129060.22376543198,3819.598765432084,132879.82253086407,1327,1,294.0967741935484,29,2,21,36.11149079642792,0.6278735632183908,45.972222222222214,1016.1111111111102,35.03831417624518,0
1795,4,0,0,31,0.0,0.0,1.0,31,1000,600,400,0.6,14,6,8,387.66460628863183,0.40309139784946235,-0.03305129561078812,0.21497764530551416,129201.38888888895,3817.3611111111154,133018.75000000006,1328,2,295.0967741935484,29,2,22,35.980191256830594,0.6293103448275862,45.833333333333336,1016.6666666666672,35.057471264367834,0
1796,4,0,0,31,0.0,0.0,1.0,31,700,500,200,0.7142857142857143,9,5,4,387.34022648750334,0.40340501792114697,-0.034139527915717394,0.2149899771125861,129236.69222608028,3811.713927469141,133048.4061535494,1329,3,296.0967741935484,29,2,22,35.95236875654509,0.6296695402298851,45.798611111111114,1016.8055555555559,35.062260536398476,0
1797,4,0,0,31,0.0,0.0,1.0,31,750,600,150,0.8,9,6,3,386.9929265529253,0.40318100358422937,-0.02838603956601582,0.21518217168922335,129307.3133680555,3808.203124999995,133115.5164930555,1330,4,297.0967741935484,29,2,22,35.8890652737949,0.6303879310344828,45.729166666666664,1017.0833333333329,35.07183908045975,0
1798,4,0,0,31,0.0,0.0,1.0,31,800,600,200,0.75,10,6,4,387.4803578734352,0.40300179211469533,-0.02983370330761259,0.21618377225201044,129440.6348457916,3831.1407026824136,133271.77554847402,1331,5,298.0967741935484,30,1,18,35.74054506229912,0.6288194444444444,45.5981182795699,1017.6075268817219,33.9202508960574,0
1799,4,0,0,31,0.0,0.0,1.0,31,650,400,250,0.6153846153846154,9,4,5,386.2010321753521,0.4025089605734767,-0.029304512828974394,0.21633897361112123,129598.82948133674,3810.240342881935,133409.06982421866,1332,6,299.0967741935484,31,0,18,35.61167945439044,0.6276881720430108,45.44270833333333,1018.2291666666661,32.84610215053762,0
1800,4,0,0,31,0.0,0.0,1.0,31,1000,700,300,0.7,13,7,6,384.7006327340554,0.40228494623655914,-0.023484398707038334,0.2162282866746586,129731.44531249996,3781.553819444443,133512.9991319444,1333,7,300.0967741935484,31,0,20,35.51465576005453,0.6290322580645161,45.3125,1018.7499999999997,32.86290322580644,0
1801,4,0,0,31,0.0,0.0,1.0,31,800,500,300,0.625,11,5,6,382.0433078429508,0.40170250896057347,-0.03006961015838483,0.21528099139573634,129830.95169067394,3720.20924886069,133551.16093953463,1334,8,301.0967741935484,31,0,20,35.48094736169669,0.6300403225806452,45.21484375000001,1019.1406250000009,32.87550403225809,0
1802,4,0,1,30,0.0,0.03225806451612903,0.967741935483871,31,1200,900,300,0.75,15,9,6,383.5877439057409,0.4021505376344086,-0.02504520907394503,0.21688632653616308,129963.68620130759,3770.495435926657,133734.18163723426,1335,9,302.0967741935484,31,0,20,35.30639445792364,0.6313844086021505,45.08463541666667,1019.661458333334,32.8923051075269,0
1803,4,0,0,30,0.0,0.0,1.0,30,850,600,250,0.7058823529411765,11,6,5,393.15755756059417,0.3995210727969349,-0.023441484217005204,0.22146512640597527,129817.03990345713,4207.710067637887,134024.749971095,1336,10,312.8666666666667,30,0,20,35.21196034467598,0.6326388888888889,45.22849462365592,1019.0860215053771,33.969534050179234,0
1804,4,0,0,30,0.0,0.0,1.0,30,950,600,350,0.631578947368421,13,6,7,395.88903684962327,0.3987308429118774,-0.019748692939677737,0.22398285776123006,129988.31376821036,4292.189667880697,134280.50343609106,1337,11,313.8666666666667,30,0,22,34.967707921444564,0.634375,45.06048387096775,1019.7580645161303,33.99193548387101,0
1805,4,0,0,30,0.0,0.0,1.0,30,1150,700,450,0.6086956521739131,16,7,9,393.86632635514104,0.3984434865900383,-0.013204233083037087,0.22362298304875672,130125.41415553827,4250.403767776629,134375.8179233149,1338,12,314.8666666666667,30,0,22,34.879572300531336,0.6357638888888889,44.92607526881721,1020.2956989247316,34.00985663082439,0
1806,4,2,2,30,0.0625,0.0625,0.9375,32,900,600,300,0.6666666666666666,12,6,6,371.52675963941954,0.40625,-0.01922434101617232,0.21405720054646837,130694.93823581278,3311.405643494455,134006.34387930724,1339,0,296.125,31,1,18,34.87109491064985,0.6387768817204301,44.368489583333336,1022.5260416666672,32.98471102150539,0
1807,4,0,0,30,0.0,0.0,1.0,30,900,500,400,0.5555555555555556,13,5,8,391.32312526863075,0.397389846743295,-0.013148349655422553,0.22337015659743567,130333.48765432087,4200.501543209859,134533.98919753073,1340,14,316.8666666666667,29,1,23,34.73261244105912,0.6408045977011494,44.722222222222214,1021.1111111111102,35.210727969348625,0
1808,4,0,0,30,0.0,0.0,1.0,30,1050,800,250,0.7619047619047619,13,8,5,391.63192202418315,0.3972701149425288,-0.01040391676866581,0.22375054565997032,130368.9453125,4211.328125,134580.2734375,1341,15,317.8666666666667,29,1,23,34.68864749082008,0.6411637931034483,44.6875,1021.25,35.21551724137931,0
1809,4,0,0,30,0.0,0.0,1.0,30,750,500,250,0.6666666666666666,10,5,5,391.5962400027396,0.397294061302682,-0.011467681987127332,0.2239345839020331,130404.4077932098,4213.175154320974,134617.58294753078,1342,16,318.8666666666667,29,1,23,34.65347656604116,0.6415229885057472,44.65277777777777,1021.3888888888882,35.22030651340994,0
1810,4,1,1,30,0.03225806451612903,0.03225806451612903,0.967741935483871,31,700,500,200,0.7142857142857143,9,5,4,380.63345761233666,0.40277777777777773,-0.015211188787471297,0.21957846694255265,130743.26014929471,3753.0518340270537,134496.31198332176,1343,0,309.5483870967742,30,1,20,34.58924738248565,0.6420138888888889,44.321236559139784,1022.7150537634408,34.090501792114694,0
1811,4,0,0,30,0.0,0.0,1.0,30,950,800,150,0.8421052631578947,11,8,3,380.63345761233666,0.40184386973180075,-0.043864721601612255,0.21957846694255265,130743.26014929471,3953.0518340270537,134696.31198332176,1344,1,290.73333333333335,30,0,20,34.58924738248565,0.6420138888888889,44.321236559139784,1022.7150537634408,34.090501792114694,0
1812,4,1,0,31,0.03225806451612903,0.0,1.0,31,600,300,300,0.5,9,3,6,369.2474370756712,0.4043906810035842,-0.03935410082028701,0.21570958295088752,131228.0464172362,3491.1239624023287,134719.17037963853,1345,0,282.3225806451613,31,0,23,34.389296606938636,0.6441532258064516,43.84765624999999,1024.609374999999,33.05191532258062,0
1813,4,1,0,32,0.03125,0.0,1.0,32,400,300,100,0.75,5,3,2,358.57212144834176,0.4066070228494623,-0.03194805812920387,0.211308133499737,131561.79004245327,3034.916178385413,134596.70622083868,1346,0,274.46875,31,1,19,34.325554215848044,0.647513440860215,43.522135416666664,1025.9114583333328,33.093918010752674,0
1814,4,0,0,32,0.0,0.0,1.0,32,1300,1100,200,0.8461538461538461,15,11,4,357.48487972445673,0.40652301747311825,-0.03387178619756459,0.21134506089309868,131684.2689043209,3015.027006172825,134699.29591049373,1347,1,275.46875,32,0,19,34.2298150654037,0.6461588541666667,43.40277777777777,1026.3888888888882,32.07465277777776,0
1815,4,0,1,31,0.0,0.03125,0.96875,32,850,600,250,0.7058823529411765,11,6,5,386.8773388238638,0.40601898521505375,-0.06199466115294405,0.223385126287393,130778.66934815334,3719.0607144679207,134497.73006262127,1348,2,276.46875,32,0,19,34.39364481751224,0.6370442708333333,44.286616161616166,1022.8535353535361,31.964172979798004,7
1816,4,0,0,31,0.0,0.0,1.0,31,800,600,200,0.75,10,6,4,385.2286825685468,0.4007168458781362,-0.03442174021932387,0.22271830455784186,130828.11355590822,3879.7483656141503,134707.86192152236,1349,3,286.2258064516129,31,0,19,34.385606253447044,0.6401209677419355,44.23828125,1023.0468750000001,33.0015120967742,0
1817,4,1,0,32,0.03125,0.0,1.0,32,700,400,300,0.5714285714285714,10,4,6,373.71106982964585,0.40685903897849457,-0.038768796992481036,0.21796677998043995,131166.40082963486,3403.6671959494083,134570.06802558427,1350,0,278.25,32,0,20,34.33738033608612,0.6409505208333333,43.90782828282829,1024.368686868688,32.0115214646465,0
1818,4,0,0,32,0.0,0.0,1.0,32,650,500,150,0.7692307692307693,8,5,3,373.68047594395097,0.4064180107526882,-0.040924636430860306,0.21813261739634668,131198.73769258245,3405.2813488419624,134604.0190414244,1351,1,279.25,32,0,20,34.305418618026444,0.6412760416666667,43.87626262626263,1024.49494949495,32.01546717171719,0
1819,4,0,1,31,0.0,0.03125,0.96875,32,650,400,250,0.6153846153846154,9,4,5,374.84908141432663,0.4066070228494623,-0.04459390784772688,0.2193691415890475,131295.7721948015,3443.2199201612034,134738.99211496272,1352,2,280.25,32,0,20,34.17724118106033,0.6422526041666667,43.781565656565654,1024.873737373737,32.02730429292928,0
1820,4,1,0,32,0.03125,0.0,1.0,32,750,600,150,0.8,9,6,3,371.74410117658425,0.40751008064516125,-0.04621706476237397,0.21847363167555847,131457.57607642084,3373.7156922763065,134831.29176869715,1353,0,281.0,32,0,21,34.093101042436174,0.6438802083333333,43.62373737373738,1025.505050505051,32.047032828282845,0
1821,4,0,1,31,0.0,0.03125,0.96875,32,1000,700,300,0.7,13,7,6,388.7413557448049,0.40744707661290325,-0.058282359905288295,0.22286665055595828,130502.8128251821,3815.019394701965,134317.83221988406,1354,1,282.0,30,2,17,34.62630448127686,0.6395833333333334,44.556451612903224,1021.7741935483871,34.05913978494623,7
1822,4,0,0,31,0.0,0.0,1.0,31,1000,900,100,0.9,11,9,2,393.66072034262726,0.40067204301075265,-0.016764913124924785,0.2081411752346793,127295.38819516712,3822.238842640774,131117.6270378079,1355,2,291.96774193548384,30,1,23,37.78358639673238,0.6069444444444445,47.715053763440864,1009.139784946237,33.63799283154123,8
1823,4,1,0,32,0.03125,0.0,1.0,32,550,400,150,0.7272727272727273,7,4,3,384.2703794239558,0.40566196236559143,-0.018363402061855938,0.20480344397870176,127617.73003472226,3407.9427083333385,131025.6727430556,1356,0,283.8125,31,1,19,37.68900343642612,0.6075268817204301,47.395833333333336,1010.416666666667,32.59408602150538,0
1824,4,2,0,34,0.058823529411764705,0.0,1.0,34,400,200,200,0.5,6,2,4,362.73844534113096,0.4154226084373143,-0.00767741651634446,0.19634870502878216,128240.42986685022,2504.6319014003548,130745.06176825057,1357,0,268.05882352941177,32,2,21,37.59505110944902,0.611328125,46.780303030303024,1012.8787878787871,31.652462121212096,0
1825,4,0,0,34,0.0,0.0,1.0,34,850,500,350,0.5882352941176471,12,5,7,361.6420999771488,0.41532976827094475,-0.008420643590852706,0.19591185470065253,128272.40404359244,2477.7403134884116,130750.14435708085,1358,1,269.05882352941177,32,2,21,37.590105529934775,0.6116536458333333,46.74873737373737,1013.00505050505,31.656407828282813,0
1826,4,1,0,35,0.02857142857142857,0.0,1.0,35,900,400,500,0.4444444444444444,14,4,10,347.6673901374596,0.41785714285714287,-0.009523809523809268,0.19038928507527525,128703.50346020733,1949.2022299115379,130652.70569011886,1359,0,262.34285714285716,33,2,19,37.50402576489534,0.6136363636363636,46.32352941176469,1014.7058823529389,30.748663101604212,0
1827,4,0,0,35,0.0,0.0,1.0,35,1350,1100,250,0.8148148148148148,16,11,5,346.12333914495287,0.41740196078431374,-0.005752220018967025,0.1902874495564653,128858.98940611772,1920.2207384179037,130779.21014453562,1360,1,263.34285714285716,33,2,19,37.38470629651982,0.6152146464646464,46.170343137254896,1015.3186274509794,30.767231134878163,0
1828,4,1,1,35,0.027777777777777776,0.027777777777777776,0.9722222222222222,36,700,500,200,0.7142857142857143,9,5,4,336.6030636925559,0.42012235449735447,-0.004326047358834018,0.18666169895678072,129201.38888888869,1497.9166666666417,130699.30555555533,1361,0,257.0,34,2,20,37.27800546448087,0.616421568627451,45.83333333333332,1016.666666666665,29.901960784313676,0
1829,4,1,0,36,0.027777777777777776,0.0,1.0,36,700,500,200,0.7142857142857143,9,5,4,337.30831953232814,0.418832671957672,0.0037546323385995173,0.1877719602868888,129352.72285997724,1526.3499149659724,130879.07277494321,1362,0,257.8333333333333,34,2,21,37.106251219036466,0.617953431372549,45.6845238095238,1017.261904761904,29.919467787114826,0
1830,4,1,0,37,0.02702702702702703,0.0,1.0,37,850,600,250,0.7058823529411765,11,6,5,331.6652892561983,0.42160910910910915,0.0033660933660937253,0.18613868274582546,129672.49657064467,1201.573216735246,130874.0697873799,1363,0,251.83783783783784,35,2,19,36.92518939393939,0.6190476190476191,45.37037037037037,1018.5185185185181,29.10052910052909,0
1831,4,0,0,37,0.0,0.0,1.0,37,1100,700,400,0.6363636363636364,15,7,8,331.3385273564432,0.4214214214214214,0.006632399270436684,0.186235103307242,129731.44531249985,1197.0052083333185,130928.45052083317,1364,1,252.83783783783784,35,2,19,36.87372188139058,0.6196428571428572,45.31249999999999,1018.7499999999989,29.107142857142826,0
1832,4,0,1,36,0.0,0.02702702702702703,0.972972972972973,37,950,800,150,0.8421052631578947,11,8,3,331.1912578597629,0.4201388888888889,0.007721130918587837,0.18685467059391003,129878.87577428427,1202.9496474194293,131081.8254217037,1365,2,253.83783783783784,35,2,19,36.728005185269296,0.6211309523809524,45.16782407407408,1019.3287037037048,29.123677248677282,0
1833,4,1,0,37,0.02702702702702703,0.0,1.0,37,850,700,150,0.8235294117647058,10,7,3,332.474863538743,0.4193255755755756,0.014550183410828144,0.18828846384983325,130026.38996056249,1246.101251714687,131272.49121227718,1366,0,254.59459459459458,35,2,20,36.545808745649865,0.6226190476190476,45.02314814814815,1019.9074074074081,29.14021164021166,0
1834,4,0,1,36,0.0,0.02702702702702703,0.972972972972973,37,900,700,200,0.7777777777777778,11,7,4,334.6621058560413,0.4181056056056056,0.0259233825477021,0.1901018766254421,130144.46159122081,1310.8839163237258,131455.34550754452,1367,1,255.59459459459458,35,2,20,36.37042498487598,0.6238095238095238,44.907407407407405,1020.37037037037,29.15343915343914,0
1835,4,0,0,36,0.0,0.0,1.0,36,1050,1000,50,0.9523809523809523,11,10,1,341.3794510391918,0.41550925925925924,0.0255147068093855,0.19347762713880365,130055.90284475745,1679.6825435099563,131735.5853882674,1368,2,263.47222222222223,35,1,21,36.2888394039109,0.6229166666666667,44.99421296296297,1020.0231481481487,29.143518518518533,0
1836,4,0,0,36,0.0,0.0,1.0,36,600,500,100,0.8333333333333334,7,5,2,341.46856235938264,0.4155753968253968,0.02557824415453469,0.19382133787494907,130114.93866008663,1686.032209147811,131800.97086923444,1369,3,264.47222222222223,35,1,21,36.22672055208923,0.6235119047619048,44.936342592592595,1020.25462962963,29.150132275132286,0
1837,4,0,0,36,0.0,0.0,1.0,36,900,600,300,0.6666666666666666,12,6,6,340.6650505103738,0.4155588624338624,0.023114539221617658,0.19351179673321237,130144.46159122081,1667.1339163237253,131811.59550754452,1370,4,265.47222222222223,35,1,21,36.217294313369635,0.6238095238095238,44.907407407407405,1020.37037037037,29.15343915343914,0
1838,4,1,0,37,0.02702702702702703,0.0,1.0,37,650,400,250,0.6153846153846154,9,4,5,333.24182214663887,0.4197947947947948,0.025703854352993494,0.19044856467758686,130380.76560356659,1289.718364197541,131670.48396776413,1371,0,259.27027027027026,35,2,22,36.16745995769116,0.6261904761904762,44.67592592592593,1021.2962962962968,29.179894179894195,0
1839,4,0,0,37,0.0,0.0,1.0,37,1000,600,400,0.6,14,6,8,333.21902636879287,0.41920045045045046,0.025952314612108562,0.19087114508483705,130469.43486636248,1294.979611411201,131764.41447777368,1372,1,260.27027027027026,35,2,22,36.078343906952156,0.6270833333333333,44.58912037037038,1021.64351851852,29.189814814814856,0
1840,4,1,1,37,0.02631578947368421,0.02631578947368421,0.9736842105263158,38,850,600,250,0.7058823529411765,11,6,5,326.9243665509712,0.4226677335229967,0.028951713350519714,0.1890584258507688,130838.01442912532,954.8269976057409,131792.84142673106,1373,0,254.39473684210526,36,2,18,35.866813428728676,0.6287615740740741,44.22860360360362,1023.0855855855876,28.4190440440441,0
1841,4,0,0,37,0.0,0.0,1.0,37,950,700,250,0.7368421052631579,12,7,5,336.2904255421614,0.41823073073073075,0.02933943450014076,0.19395967363515274,130735.62349965716,1393.0276920439073,132128.65119170106,1374,1,262.2162162162162,35,2,19,35.73072280066394,0.6297619047619047,44.32870370370371,1022.6851851851859,29.21957671957674,0
1842,4,0,0,37,0.0,0.0,1.0,37,800,700,100,0.875,9,7,2,335.956549207646,0.41804304304304307,0.028981340738724715,0.19391561236760105,130765.21675936655,1386.2861957733353,132151.50295513988,1375,2,263.2162162162162,35,2,19,35.70935177850703,0.6300595238095238,44.299768518518526,1022.800925925927,29.22288359788363,0
1843,4,1,0,38,0.02631578947368421,0.0,1.0,38,1100,800,300,0.7272727272727273,14,8,6,330.9050068666817,0.41974869606448556,0.035849405884462504,0.1932332318660509,131212.7224352733,1083.7893636880322,132296.51179896132,1376,0,257.2631578947368,36,2,21,35.38689821938887,0.6325231481481481,43.86261261261262,1024.5495495495509,28.459709709709745,0
1844,4,1,1,38,0.02564102564102564,0.02564102564102564,0.9743589743589743,39,600,400,200,0.6666666666666666,8,4,4,322.99694608860125,0.4222053531264058,0.0360652598737381,0.1897554961988906,131443.578291129,691.2256006006093,132134.80389172962,1377,0,251.64102564102564,36,3,23,35.3569532908705,0.634837962962963,43.63738738738739,1025.4504504504507,28.484734734734744,0
1845,4,0,0,38,0.0,0.0,1.0,38,800,400,400,0.5,12,4,8,329.16914534999023,0.41927453769559037,0.03701326486949119,0.19279907084785142,131328.1250000001,1045.8333333333476,132373.95833333343,1378,1,258.89473684210526,36,2,23,35.31504065040651,0.6336805555555556,43.75000000000001,1025.0000000000007,28.472222222222243,0
1846,4,0,1,37,0.0,0.02631578947368421,0.9736842105263158,38,950,500,450,0.5263157894736842,14,5,9,325.4609939985662,0.4194227121858701,0.0326454521806987,0.1910588233627949,131414.71021274666,954.0724423748209,132368.7826551215,1379,2,259.89473684210526,36,2,24,35.32285374336444,0.6345486111111112,43.66554054054055,1025.3378378378388,28.481606606606633,0
1847,4,0,0,37,0.0,0.0,1.0,37,1100,1000,100,0.9090909090909091,12,10,2,330.7707098157361,0.4204517017017017,0.027219183973500316,0.19448966553929917,131476.45968632118,1297.712378900895,132774.17206522208,1380,3,263.86486486486484,35,2,24,35.12453917917467,0.637202380952381,43.605324074074076,1025.578703703704,29.302248677248684,0
1848,4,0,0,37,0.0,0.0,1.0,37,1000,400,600,0.4,16,4,12,329.04361453948286,0.42004504504504503,0.02746609425309754,0.19392570473922724,131565.5006858711,1258.157578875172,132823.65826474628,1381,4,264.86486486486484,35,2,15,35.07915914560769,0.638095238095238,43.51851851851852,1025.9259259259263,29.312169312169324,0
1849,4,0,1,36,0.0,0.02702702702702703,0.972972972972973,37,1250,800,450,0.64,17,8,9,326.5274198815162,0.41963838838838835,0.023240926466733036,0.192742483666413,131624.87809713645,1195.8263674554116,132820.70446459186,1382,5,265.86486486486484,35,2,15,35.08393488232197,0.6386904761904761,43.460648148148145,1026.1574074074072,29.318783068783063,0
1850,4,0,2,34,0.0,0.05555555555555555,0.9444444444444444,36,1000,700,300,0.7,13,7,6,365.5768291473368,0.41840277777777773,-0.0036099711202308704,0.20092982113285945,128848.62075617274,2220.8140432098644,131069.4347993826,1383,6,272.1666666666667,35,1,19,36.901504787961684,0.6107142857142858,46.18055555555555,1015.2777777777769,29.007936507936485,8
1851,4,1,0,35,0.02857142857142857,0.0,1.0,35,850,400,450,0.47058823529411764,13,4,9,363.56379482945056,0.4173669467787115,0.013055485814712497,0.2008425235514149,129050.14349489793,2383.591978458043,131433.73547335598,1384,0,279.0,34,1,20,36.746973247412605,0.6148897058823529,45.982142857142854,1016.0714285714283,29.884453781512597,0
1852,4,0,0,35,0.0,0.0,1.0,35,500,100,400,0.2,9,1,8,363.49171064158577,0.4170168067226891,0.016640171354942668,0.2011100929194568,129110.63102324268,2386.128826530619,131496.75984977328,1385,1,280.0,34,1,20,36.68711686384756,0.6155024509803921,45.92261904761905,1016.3095238095241,29.89145658263306,0
1853,4,1,0,36,0.027777777777777776,0.0,1.0,36,800,600,200,0.75,10,6,4,353.12608403963776,0.42134589947089945,0.0178652647349975,0.19737989596455097,129513.05537533623,1946.9513908504355,131460.00676618668,1386,0,273.19444444444446,33,3,18,36.54085400112368,0.6218434343434344,45.526960784313715,1017.8921568627436,30.845216874628594,0
1854,4,2,0,38,0.05263157894736842,0.0,1.0,38,950,700,250,0.7368421052631579,12,7,5,336.66308740748576,0.42409020862968233,0.02727099054350912,0.19123851666136538,130144.46159122066,1162.967249657044,131307.42884087772,1387,0,259.7631578947368,35,3,20,36.31938142770721,0.6238095238095238,44.9074074074074,1020.3703703703688,29.15343915343911,0
1855,4,0,2,36,0.0,0.05263157894736842,0.9473684210526316,38,800,600,200,0.75,10,6,4,337.53302051291445,0.42398648648648646,0.018820011816592652,0.19216938075554485,130233.05047850212,1191.590979723927,131424.64145822605,1388,1,260.7631578947368,35,3,20,36.20745454889066,0.624702380952381,44.82060185185185,1020.7175925925917,29.163359788359763,0
1856,4,1,1,36,0.02702702702702703,0.02702702702702703,0.972972972972973,37,700,600,100,0.8571428571428571,8,6,2,341.3696455475127,0.42107732732732733,0.027286528006643662,0.19481451278779954,130325.14537677805,1497.8130856195119,131822.95846239757,1389,0,267.5135135135135,33,4,21,36.01626260201633,0.630050505050505,44.73039215686274,1021.078431372548,30.94177064765297,0
1857,4,0,0,36,0.0,0.0,1.0,36,850,500,350,0.5882352941176471,12,5,7,352.6863806747186,0.42233796296296294,0.021882086167800185,0.20094921689606074,130262.58680555566,1988.3680555555634,132250.95486111124,1390,1,259.0,33,3,21,35.79081632653062,0.6294191919191919,44.79166666666667,1020.8333333333343,30.934343434343464,0
1858,4,0,0,36,0.0,0.0,1.0,36,1150,700,450,0.6086956521739131,16,7,9,353.12585194359644,0.42076719576719573,0.02540889053681039,0.2022039113995499,130455.99819214887,2013.4771005509767,132469.47529269985,1391,2,260.0,32,4,23,35.58351872450872,0.6337890625,44.602272727272734,1021.59090909091,31.92471590909094,0
1859,4,0,1,35,0.0,0.027777777777777776,0.9722222222222222,36,700,500,200,0.7142857142857143,9,5,4,353.6615134553722,0.42066798941798944,0.026260504201681023,0.20267910530317798,130488.24737271717,2029.7342107948343,132517.981583512,1392,3,261.0,32,4,19,35.53715603888615,0.6341145833333333,44.57070707070708,1021.7171717171725,31.92866161616164,0
1860,4,0,1,34,0.0,0.02857142857142857,0.9714285714285714,35,1050,600,450,0.5714285714285714,15,6,9,361.25238291587596,0.4186624649859944,0.030691032312719413,0.19522749771313852,128175.55334787126,2323.019232847225,130498.57258071848,1393,4,268.57142857142856,33,2,17,37.699055024405986,0.608270202020202,46.84436274509805,1012.6225490196099,30.68553178847303,8
1861,4,0,0,34,0.0,0.0,1.0,34,900,600,300,0.6666666666666666,12,6,6,405.4385061118512,0.41729797979797983,0.0961170524967796,0.20872374594163798,126207.32837253134,3450.7163799070113,129658.04475243835,1394,5,277.29411764705884,31,3,20,38.61077815213166,0.5930779569892473,48.79557291666666,1004.8177083333322,32.413474462365556,8
1862,4,1,0,35,0.02857142857142857,0.0,1.0,35,1050,700,350,0.6666666666666666,14,7,7,394.98771722404524,0.42289915966386554,0.10591180970927816,0.2059149165426875,126721.57343329483,3010.693002691267,129732.2664359861,1395,0,270.34285714285716,33,2,18,38.34185329438495,0.5934343434343434,48.28431372549019,1006.8627450980388,30.510992275698143,0
1863,4,3,1,37,0.07894736842105263,0.02631578947368421,0.9736842105263158,38,850,500,350,0.5882352941176471,12,5,7,369.7572793907459,0.43040244191559984,0.12066906696097379,0.19664057143467623,127530.03532503842,1831.5724379178207,129361.60776295624,1396,0,249.92105263157896,35,3,16,38.14562564455138,0.5973214285714286,47.48263888888888,1010.0694444444432,28.85912698412695,0
1864,4,1,0,38,0.02631578947368421,0.0,1.0,38,1200,1000,200,0.8333333333333334,14,10,4,369.13625530384144,0.4308321479374111,0.12429094153319342,0.19688018601452892,127646.96830257626,1823.8247760202273,129470.79307859649,1397,0,250.6315789473684,35,3,17,38.041294429809476,0.5985119047619047,47.366898148148145,1010.5324074074072,28.87235449735449,0
1865,4,1,0,39,0.02564102564102564,0.0,1.0,39,1100,700,400,0.6363636363636364,15,7,8,357.90714574297795,0.43311403508771934,0.12117725849166194,0.1923360066261186,127950.32035097337,1358.8667907433057,129309.18714171668,1398,0,245.17948717948718,37,2,18,38.01422907409415,0.5976914414414414,47.06688596491228,1011.7324561403508,27.344120436225698,0
1866,4,0,0,39,0.0,0.0,1.0,39,700,400,300,0.5714285714285714,10,4,6,359.9563443189226,0.43277665317138997,0.1277579171631822,0.193972972236309,128061.27997316475,1419.294037588483,129480.57401075323,1399,1,246.17948717948718,37,2,18,37.84880204383779,0.5988175675675675,46.95723684210526,1012.1710526315784,27.355974395448065,0
1867,4,2,2,39,0.04878048780487805,0.04878048780487805,0.9512195121951219,41,1050,900,150,0.8571428571428571,12,9,3,343.7735812022374,0.4373221544715447,0.12230870476592837,0.18763787104893032,128572.46393352811,640.0444288632865,129212.5083623914,1400,0,235.1219512195122,36,5,14,37.73641646309867,0.6059027777777778,46.4527027027027,1014.1891891891892,28.17192192192192,0
1868,4,1,0,40,0.025,0.0,1.0,40,750,300,450,0.4,12,3,9,349.87642754113483,0.43469551282051283,0.12881718589524138,0.19102598969115045,128584.36113522376,997.7273823302451,129582.088517554,1401,0,241.975,35,5,16,37.569539541253,0.6080357142857142,46.44097222222222,1014.2361111111111,28.9781746031746,0
1869,4,0,1,39,0.0,0.025,0.975,40,1300,1000,300,0.7692307692307693,16,10,6,351.6004213827509,0.4344284188034188,0.13659461617429014,0.19253472169035438,128701.77636584776,1050.3197605881187,129752.09612643588,1402,1,242.975,35,5,17,37.406015930953195,0.6092261904761904,46.325231481481474,1014.6990740740729,28.99140211640208,0
1870,4,1,1,39,0.025,0.025,0.975,40,1200,1000,200,0.8333333333333334,14,10,4,355.27986062216365,0.43233173076923076,0.15230690362269317,0.196141296637821,129024.94454089516,1167.9928626543324,130192.93740354948,1403,0,243.8,35,5,18,36.983082706766915,0.6125,46.00694444444445,1015.9722222222231,29.027777777777803,0
1871,4,0,0,39,0.0,0.0,1.0,39,600,300,300,0.5,9,3,6,363.6728938818469,0.4295152946468736,0.15507288208976777,0.1998326313804375,128838.54875283445,1571.0175736961442,130409.56632653059,1404,1,250.92307692307693,34,5,18,36.960111788617894,0.6127450980392157,46.19047619047619,1015.2380952380952,29.859943977591033,0
1872,4,2,1,40,0.04878048780487805,0.024390243902439025,0.975609756097561,41,1000,600,400,0.6,14,6,8,350.2880861156522,0.4334857723577236,0.1668002342154189,0.19581039025351782,129516.42679419302,873.6122524551809,130390.03904664819,1405,0,239.6341463414634,36,5,16,36.609645240992755,0.6154513888888888,45.52364864864866,1017.9054054054068,28.27515015015019,0
1873,4,0,0,40,0.0,0.0,1.0,40,1100,700,400,0.6363636363636364,15,7,8,347.39952061851045,0.4303819444444445,0.15921793760831893,0.1873360031746546,128089.02739304397,899.613342566941,128988.64073561091,1406,1,246.625,37,3,17,38.138178798382434,0.5990990990990991,46.92982456140351,1012.2807017543856,27.358937885253667,8
1874,4,1,1,40,0.024390243902439025,0.024390243902439025,0.975609756097561,41,850,500,350,0.5882352941176471,12,5,7,337.94665607829864,0.43158028455284553,0.1628518614689678,0.183730654797411,128415.10662073575,479.491174483177,128894.59779521893,1407,0,241.58536585365854,38,3,14,38.044604897930505,0.6006030701754386,46.60790598290599,1013.5683760683771,26.6728520017994,0
1875,4,0,0,40,0.0,0.0,1.0,40,1300,800,500,0.6153846153846154,18,8,10,344.24675631089764,0.42954059829059826,0.16751325327274702,0.1870589517096785,128394.4473900625,839.874408471856,129234.32179853435,1408,1,246.4,37,3,14,37.90605052472141,0.6021959459459459,46.62828947368422,1013.4868421052646,27.39153627311526,0
1876,4,1,0,41,0.024390243902439025,0.0,1.0,41,1350,900,450,0.6666666666666666,18,9,9,339.62141858845376,0.43008130081300816,0.18084511091374833,0.18653657337731167,128821.50472094402,550.1084356052537,129371.61315654928,1409,0,241.3658536585366,38,3,15,37.58792008699925,0.6047149122807017,46.20726495726497,1015.1709401709418,26.715024741340574,0
1877,4,1,0,42,0.023809523809523808,0.0,1.0,42,1200,800,400,0.6666666666666666,16,8,8,338.09968113144043,0.43206784746418897,0.19464272838705088,0.18410304191644822,128477.80687326836,303.69245542649753,128781.49932869486,1410,0,236.5952380952381,37,5,15,37.976782752902146,0.6030405405405406,46.54605263157893,1013.8157894736814,27.40042674253193,8
1878,4,3,1,44,0.06666666666666667,0.022222222222222223,0.9777777777777777,45,1250,900,350,0.72,16,9,7,321.49699570572903,0.43954124579124576,0.21174383040321287,0.17853024533997225,129255.70371283496,-684.8721653140194,128570.83154752094,1411,0,221.75555555555556,38,7,19,37.60681515724591,0.6091008771929824,45.77991452991452,1016.8803418803406,26.760008996851067,0
1879,4,0,0,44,0.0,0.0,1.0,44,1750,1200,550,0.6857142857142857,23,12,11,329.12935877476406,0.4381276427061311,0.22317694907486896,0.18327308504405307,129364.36760355045,-284.4777284681029,129079.88987508234,1412,1,227.70454545454547,38,6,20,37.302431211930234,0.6101973684210527,45.67307692307693,1017.3076923076935,26.771255060728777,0
1880,4,0,1,43,0.0,0.022727272727272728,0.9772727272727273,44,1350,1200,150,0.8888888888888888,15,12,3,323.0277423076681,0.4381606765327695,0.2157648941316559,0.1805850742465982,129519.29253472232,-432.33506944443866,129086.95746527788,1413,2,228.70454545454547,39,5,15,37.30045026606631,0.6100427350427351,45.520833333333336,1017.9166666666674,26.10042735042737,0
1881,4,1,2,42,0.022727272727272728,0.045454545454545456,0.9545454545454546,44,1200,700,500,0.5833333333333334,17,7,10,328.6873270591584,0.4362887596899225,0.22722159207125414,0.18449510241012956,129678.39084201411,-275.2712673610905,129403.11957465301,1414,0,229.5909090909091,39,5,16,36.995039885457146,0.6116452991452992,45.36458333333334,1018.5416666666684,26.116452991453038,0
1882,4,1,0,43,0.023255813953488372,0.0,1.0,43,600,400,200,0.6666666666666666,8,4,4,336.4469740360188,0.43383167220376523,0.22987899949491553,0.18851711402335697,129609.02829142041,121.31307527945108,129730.34136669987,1415,0,235.7674418604651,38,5,17,36.867852271534986,0.6126644736842105,45.43269230769232,1018.2692307692331,26.796558704453503,0
1883,4,0,0,43,0.0,0.0,1.0,43,1600,1200,400,0.75,20,12,8,339.74618612337275,0.43300110741971204,0.2352017324800999,0.19102710087691543,129745.05077069195,216.0772335452013,129961.12800423715,1416,1,236.7674418604651,38,5,17,36.645780900447434,0.6140350877192983,45.29914529914531,1018.8034188034201,26.81061628430053,0
1884,4,0,0,43,0.0,0.0,1.0,43,1150,800,350,0.6956521739130435,15,8,7,339.93124902553296,0.4323781838316722,0.23610671060135613,0.19193041291133928,129908.37191358021,231.98302469135206,130140.35493827156,1417,2,237.7674418604651,38,5,17,36.47536330608538,0.6156798245614035,45.138888888888886,1019.4444444444441,26.82748538011695,0
1885,4,0,1,42,0.0,0.023255813953488372,0.9767441860465116,43,1350,900,450,0.6666666666666666,18,9,9,338.23549830542686,0.43226282761166485,0.23142763165909308,0.19137272266302913,129990.07100820012,193.45128844328724,130183.52229664341,1418,3,238.7674418604651,38,5,18,36.435742971887535,0.6165021929824561,45.05876068376069,1019.7649572649581,26.835919928025213,0
1886,4,0,0,42,0.0,0.0,1.0,42,1150,900,250,0.782608695652174,14,9,5,343.7646395945403,0.43091850561362754,0.23923975440267498,0.19432628471669508,129954.95158366053,534.7834189366129,130489.73500259714,1419,4,245.14285714285714,37,5,19,36.33040739147578,0.6179617117117118,45.09320175438597,1019.6271929824575,27.55749170222858,0
1887,4,1,0,43,0.023255813953488372,0.0,1.0,43,1050,600,450,0.5714285714285714,15,6,9,337.89770580177355,0.43129383536360283,0.2535762806681048,0.1928004556633651,130318.55955678683,207.2321531625256,130525.79170994935,1420,0,240.41860465116278,37,6,20,36.11155856242842,0.6216216216216216,44.736842105263165,1021.0526315789484,27.596017069701308,0
1888,4,1,1,43,0.022727272727272728,0.022727272727272728,0.9772727272727273,44,1300,800,500,0.6153846153846154,18,8,10,329.51509530568734,0.4316309901338971,0.2502943578251702,0.19027608699979798,130781.15297866905,-181.127182409234,130600.02579625981,1421,0,235.9318181818182,38,6,18,35.85796601907943,0.6244517543859649,44.284188034188034,1022.8632478632483,26.917453891138113,0
1889,4,0,0,43,0.0,0.0,1.0,43,1050,700,350,0.6666666666666666,14,7,7,337.12406671581306,0.4291712809154669,0.2528842245942631,0.19445616389971485,130738.73842191831,215.03503481840718,130953.77345673672,1422,1,241.86046511627907,37,6,19,35.70626049819519,0.6258445945945945,44.32565789473684,1022.6973684210529,27.640469416785216,0
1890,4,0,0,43,0.0,0.0,1.0,43,1000,600,400,0.6,14,6,8,333.6324391664017,0.42861757105943155,0.25367462258171836,0.1930633154016089,130863.1260158704,132.03678592300332,130995.1628017934,1423,2,242.86046511627907,38,5,19,35.66987748425047,0.6252741228070176,44.20405982905983,1023.1837606837605,26.92588843904633,0
1891,4,0,0,43,0.0,0.0,1.0,43,1000,700,300,0.7,13,7,6,332.9093490495055,0.42850221483942413,0.25933800294156195,0.1933295383389309,130999.80481591051,122.21194937540372,131122.01676528592,1424,3,243.86046511627907,38,5,19,35.55038092256314,0.6266447368421053,44.07051282051282,1023.7179487179482,26.939946018893373,0
1892,4,0,0,43,0.0,0.0,1.0,43,1200,800,400,0.6666666666666666,16,8,8,334.1596440055742,0.42870985603543743,0.26129490119008647,0.19446995675734222,131081.8463387573,160.4526216305002,131242.29896038782,1425,4,244.86046511627907,38,5,21,35.435576421491895,0.627467105263158,43.99038461538461,1024.038461538461,26.948380566801603,0
1893,4,0,0,43,0.0,0.0,1.0,43,1150,700,450,0.6086956521739131,16,7,9,330.07815284749256,0.42799464747139165,0.2588576542404457,0.19264269066674394,131191.27498584607,60.674743407093644,131251.94972925316,1426,5,245.86046511627907,38,5,21,35.42970243681998,0.6285635964912281,43.883547008547,1024.4658119658102,26.959626630679214,0
1894,4,1,1,43,0.022727272727272728,0.022727272727272728,0.9772727272727273,44,1200,900,300,0.75,15,9,6,325.1434332894057,0.4292855884425652,0.26160148817131,0.1916729521103844,131574.6348002958,-243.80296223245972,131330.83183806334,1427,0,241.25,38,6,17,35.169998958658745,0.6324013157894737,43.50961538461538,1025.9615384615379,26.998987854251,0
1895,4,0,0,43,0.0,0.0,1.0,43,1200,1000,200,0.8333333333333334,14,10,4,333.1437455042258,0.42709486895533405,0.2672727634432137,0.19570102436906506,131440.53939673724,157.718721144947,131598.2581178822,1428,7,247.86046511627907,37,6,22,35.09988950670089,0.6328828828828829,43.64035087719297,1025.4385964912265,27.71455666192504,0
1896,4,1,0,44,0.022727272727272728,0.0,1.0,44,1150,900,250,0.782608695652174,14,9,5,328.1601872944962,0.42917547568710357,0.27007169814890175,0.19456801727867976,131793.94866544288,-150.09462433342088,131643.85404110944,1429,0,243.20454545454547,38,6,19,34.871934935664,0.6345942982456141,43.29594017094016,1026.816239316238,27.02147998200626,0
1897,4,0,0,44,0.0,0.0,1.0,44,1000,500,500,0.5,15,5,10,328.9813945398696,0.4286909795630726,0.2644628099173558,0.1954775727506985,131876.2384487542,-123.03423369131443,131753.20421506287,1430,1,244.20454545454547,38,6,19,34.76808993828444,0.6354166666666667,43.21581196581195,1027.13675213675,27.02991452991447,0
1898,4,0,0,44,0.0,0.0,1.0,44,1000,800,200,0.8,12,8,4,329.2656824039801,0.42849277660324175,0.26699345787324136,0.19592938131167503,131931.11257213805,-111.9224377237438,131819.1901344143,1431,2,245.20454545454547,38,6,19,34.705612174154176,0.6359649122807017,43.16239316239315,1027.350427350426,27.035537561853314,0
1899,4,0,0,44,0.0,0.0,1.0,44,1550,1100,450,0.7096774193548387,20,11,9,327.10007304601925,0.4284046863988724,0.25694103194103257,0.1952048823016564,132040.89506172814,-161.8827160494081,131879.01234567873,1432,3,246.20454545454547,38,6,20,34.65090090090089,0.6370614035087719,43.05555555555554,1027.7777777777758,27.046783625730942,0
1900,4,0,1,43,0.0,0.022727272727272728,0.9772727272727273,44,1200,700,500,0.5833333333333334,17,7,10,326.22556067310103,0.42803030303030304,0.2553217611393388,0.19553220716309253,132205.6544031702,-174.22725363432914,132031.42714953586,1433,4,247.20454545454547,38,6,20,34.507886626497665,0.6387061403508771,42.895299145299134,1028.4188034188016,27.063652721547413,0
1901,4,0,1,42,0.0,0.023255813953488372,0.9767441860465116,43,850,500,350,0.5882352941176471,12,5,7,333.40277471022506,0.4255721668512366,0.2601984291234267,0.20040475561217436,132313.38158135198,222.72971010310656,132536.11129145508,1434,5,252.88372093023256,37,6,20,34.21513641692421,0.6416103603603603,42.790570175438596,1028.8377192982457,27.806424845898533,0
1902,4,0,0,42,0.0,0.0,1.0,42,1450,1000,450,0.6896551724137931,19,10,9,341.0710218324434,0.42362320944638016,0.2640894088939636,0.20453063968455087,132224.21481870403,619.569611841592,132843.7844305456,1435,6,259.5952380952381,36,6,22,34.10754042118325,0.642650462962963,42.87725225225226,1028.4909909909925,28.569194194194235,0
1903,4,0,1,41,0.0,0.023809523809523808,0.9761904761904762,42,650,200,450,0.3076923076923077,11,2,9,335.3031451602678,0.4240708478513357,0.16816471919837528,0.18704124749246592,129433.96297053681,279.92297491573254,129713.88594545255,1436,7,260.5952380952381,40,2,13,37.074719531275996,0.6075520833333333,45.60467479674797,1017.581300813009,25.439532520325223,8
1904,4,0,0,41,0.0,0.0,1.0,41,1100,900,200,0.8181818181818182,13,9,4,339.8684590017751,0.42101117886178857,0.18602212028058585,0.18936082367771478,129386.78521050357,594.8974609375092,129981.68267144109,1437,17,267.780487804878,39,2,16,37.00652281492098,0.6087072649572649,45.65104166666667,1017.3958333333342,26.087072649572672,0
1905,4,1,0,42,0.023809523809523808,0.0,1.0,42,900,500,400,0.5555555555555556,13,5,8,335.00356290596943,0.42301829268292684,0.19108912772852138,0.18798464207411109,129666.74619108991,287.7643928878281,129954.51058397774,1438,0,262.3809523809524,40,2,14,36.846022084746885,0.6098958333333333,45.3760162601626,1018.4959349593493,25.46239837398373,0
1906,4,0,0,42,0.0,0.0,1.0,42,850,700,150,0.8235294117647058,10,7,3,304.1376306497132,0.42299409601238874,0.13953710879569892,0.16328942694105938,127913.11905115993,-608.7856930398616,127304.33335812007,1439,1,263.3809523809524,40,2,14,39.41212912731901,0.5921875,47.103658536585364,1011.5853658536578,25.289634146341445,8
1907,4,1,1,42,0.023255813953488372,0.023255813953488372,0.9767441860465116,43,1600,1100,500,0.6875,21,11,10,299.17799064071994,0.42693337024732375,0.14275954417511505,0.16216590448105245,128295.24518140574,-923.3772675737139,127371.86791383203,1440,0,258.2325581395349,41,2,16,39.1487955346651,0.5945121951219512,46.72619047619047,1013.0952380952369,24.709639953542364,0
1908,4,0,0,42,0.0,0.0,1.0,42,900,400,500,0.4444444444444444,14,4,10,306.13007990950337,0.42537746806039484,0.14281177318986993,0.16616347451157618,128350.4065557041,-541.6159569370235,127808.79059876708,1441,1,263.5238095238095,40,2,17,38.91660816367467,0.5966145833333334,46.67174796747967,1013.3130081300799,25.332825203251996,0
1909,4,1,1,42,0.023255813953488372,0.023255813953488372,0.9767441860465116,43,1150,900,250,0.782608695652174,14,9,5,307.33345884571315,0.42891749723145073,0.15725468174160606,0.1683831789251634,128722.7490099049,-687.8384629314651,128034.91054697343,1442,0,258.3720930232558,41,2,13,38.5076538925278,0.5988313008130082,46.304563492063494,1014.7817460317461,24.750774293457223,0
1910,4,0,0,42,0.0,0.0,1.0,42,1200,900,300,0.75,15,9,6,315.70183768388404,0.4254137630662021,0.16433436355311382,0.172805216416442,128685.3063652589,-274.76245951481997,128410.54390574408,1443,1,265.4761904761905,40,2,15,38.33341680021369,0.6,46.341463414634156,1014.6341463414644,25.36585365853661,0
1911,4,0,0,42,0.0,0.0,1.0,42,900,500,400,0.5555555555555556,13,5,8,311.06591024968844,0.42511130468447544,0.15741270476953284,0.1707102368996642,128788.4402472074,-387.6613209729616,128400.77892623444,1444,2,266.4761904761905,40,2,15,38.3462238018956,0.6010416666666667,46.239837398373986,1015.0406504065045,25.37601626016261,0
1912,4,0,0,42,0.0,0.0,1.0,42,1550,1300,250,0.8387096774193549,18,13,5,314.3415629775868,0.42560733643050713,0.15898663617523057,0.17329530733375506,128969.0239461465,-291.93508741489666,128677.0888587316,1445,3,267.4761904761905,40,2,19,38.07966483241619,0.6028645833333333,46.0619918699187,1015.7520325203254,25.393800813008134,0
1913,4,0,1,41,0.0,0.023809523809523808,0.9761904761904762,42,1550,1100,450,0.7096774193548387,20,11,9,314.19830837497074,0.42540166473093305,0.16253167933840218,0.17332926548102676,128994.83194527059,-294.00840273647736,128700.82354253411,1446,4,268.4761904761905,40,2,19,38.05709783913564,0.603125,46.036585365853654,1015.8536585365847,25.39634146341462,0
1914,4,2,0,43,0.046511627906976744,0.0,1.0,43,900,700,200,0.7777777777777778,11,7,4,308.9162356691694,0.4282022886674049,0.17413416798308368,0.17274057189108133,129529.39111118951,-597.253617882372,128932.13749330715,1447,0,253.8372093023256,41,2,14,37.64933161160382,0.6069613821138211,45.51091269841268,1017.9563492063465,24.828203639179183,0
1915,4,0,0,43,0.0,0.0,1.0,43,1150,900,250,0.782608695652174,14,9,5,310.44984482096385,0.42799464747139165,0.17704776900508667,0.17404520246243496,129630.39852804503,-551.2525785777736,129079.14594946726,1448,1,254.8372093023256,41,2,15,37.508016723494066,0.6079776422764227,45.41170634920633,1018.3531746031709,24.837882307394413,0
1916,4,0,0,43,0.0,0.0,1.0,43,1200,800,400,0.6666666666666666,16,8,8,310.82889788380345,0.428110003691399,0.17941687252209348,0.17493280055696087,129781.98346757637,-532.001822719878,129249.9816448565,1449,2,255.8372093023256,41,2,17,37.34493152240937,0.6095020325203252,45.2628968253968,1018.9484126984089,24.85240030971729,0
1917,4,0,0,43,0.0,0.0,1.0,43,1050,900,150,0.8571428571428571,12,9,3,311.6438610428471,0.42808693244739754,0.17863253279259883,0.17595891846573025,129908.3719135799,-502.9706790123808,129405.40123456753,1450,3,256.83720930232556,41,2,18,37.19629881925521,0.6107723577235773,45.13888888888887,1019.4444444444416,24.86449864498638,0
1918,4,0,0,43,0.0,0.0,1.0,43,900,500,400,0.5555555555555556,13,5,8,310.58479373321427,0.42744093761535623,0.17632887941857178,0.17592960134276417,130034.82187145662,-522.6323341836954,129512.18953727292,1451,4,257.83720930232556,41,2,19,37.0954308919366,0.6120426829268293,45.01488095238094,1019.9404761904738,24.876596980255457,0
1919,4,0,0,43,0.0,0.0,1.0,43,1200,1000,200,0.8333333333333334,14,10,4,312.8969912762256,0.42702565522332964,0.18327259877647495,0.17771333970542882,130138.96869929672,-455.9816492398479,129682.98705005686,1452,5,258.83720930232556,42,1,21,36.93118866729979,0.6116071428571428,44.91279069767441,1020.3488372093008,24.29401993355478,0
1920,4,0,0,43,0.0,0.0,1.0,43,1100,800,300,0.7272727272727273,14,8,6,327.6710256330009,0.42744093761535623,0.23398614978295695,0.1695639012800132,126419.60612763913,-309.6072188102452,126109.99890882889,1453,6,259.83720930232556,38,5,17,40.34624101420021,0.5803179824561404,48.58440170940172,1005.6623931623944,26.46479982006301,8
1921,4,3,1,45,0.06521739130434782,0.021739130434782608,0.9782608695652174,46,1400,1100,300,0.7857142857142857,17,11,6,310.00627132717756,0.43374597423510464,0.2425510575023755,0.1636061805138168,127220.13728807273,-1310.408439969394,125909.72884810333,1454,0,243.82608695652175,40,6,20,39.97095463550586,0.58515625,47.78963414634147,1008.8414634146354,25.221036585365887,0
1922,4,3,4,44,0.0625,0.08333333333333333,0.9166666666666666,48,850,600,250,0.7058823529411765,11,6,5,298.2248167507247,0.4396978427895981,0.2476314864519431,0.1593791643618627,127727.90096749002,-1981.6740280031129,125746.2269394869,1455,0,234.45833333333334,42,6,15,39.75028757668713,0.5873015873015873,47.28682170542636,1010.8527131782952,24.06792174234036,0
1923,4,1,1,44,0.022222222222222223,0.022222222222222223,0.9777777777777777,45,1350,1000,350,0.7407407407407407,17,10,7,315.28015300297915,0.4348484848484848,0.2522920320506208,0.1672693225537976,127433.6059570315,-964.5426432291383,126469.06331380235,1456,0,251.04444444444445,39,6,17,39.619764262870135,0.5889423076923077,47.578125000000014,1009.6875000000019,25.889423076923126,0
1924,4,4,1,47,0.08333333333333333,0.020833333333333332,0.9791666666666666,48,1150,900,250,0.782608695652174,14,9,5,311.61804358819194,0.44208037825059104,0.29299128342416436,0.16930977235786504,128389.92478103789,-1598.2765646595647,126791.64821637832,1457,0,235.39583333333334,42,6,17,38.73737132294356,0.5939980158730158,46.6327519379845,1013.4689922480627,24.13021410114435,0
1925,4,0,0,47,0.0,0.0,1.0,47,1300,1100,200,0.8461538461538461,15,11,4,317.1228283533974,0.44004394079555964,0.2886743524853934,0.17221742113928534,128370.63536352059,-1258.148207199532,127112.48715632106,1458,1,241.40425531914894,41,6,18,38.617535487028874,0.5952743902439024,46.65178571428572,1013.3928571428586,24.71689895470387,0
1926,4,2,0,49,0.04081632653061224,0.0,1.0,49,1750,1200,550,0.6857142857142857,23,12,11,312.31137534557587,0.44277919501133783,0.30479131645203683,0.1727693649592124,129105.13157139583,-1735.7997589531687,127369.33181244266,1459,0,232.51020408163265,43,6,20,37.99307367374829,0.5998062015503876,45.928030303030305,1016.2878787878792,23.63460183227626,0
1927,4,0,3,46,0.0,0.061224489795918366,0.9387755102040817,49,1050,600,450,0.5714285714285714,15,6,9,312.30711902660545,0.4419465702947846,0.3000444631180479,0.1734153736393012,129253.0539444111,-1726.5626092532905,127526.49133515781,1460,1,233.51020408163265,40,9,21,37.84312745685921,0.6057291666666667,45.78252032520324,1016.8699186991846,25.421747967479615,0
1928,4,2,1,47,0.041666666666666664,0.020833333333333332,0.9791666666666666,48,1450,1000,450,0.6896551724137931,19,10,9,310.1626999362471,0.440270390070922,0.296676650108763,0.17410827994780984,129680.91699932252,-1555.5633306563736,128125.35366866615,1461,0,230.04166666666666,41,7,18,37.464185416057894,0.6084857723577235,45.362103174603156,1018.5515873015845,24.84272164150206,0
1929,4,1,0,48,0.020833333333333332,0.0,1.0,48,1250,900,350,0.72,16,9,7,303.7745672399245,0.44003028959810875,0.2805371127000349,0.17190479845542495,129996.8804253468,-1702.0507812500396,128294.82964409675,1462,0,220.0,43,5,19,37.307414027919634,0.6087693798449613,45.052083333333314,1019.7916666666632,23.71608527131775,0
1930,4,0,1,47,0.0,0.020833333333333332,0.9791666666666666,48,700,300,400,0.42857142857142855,11,3,8,303.4244963183149,0.4396701388888889,0.2786622725584855,0.1720257197021517,130069.3188992192,-1706.7564853076447,128362.56241391155,1463,1,221.0,43,5,20,37.24316128233693,0.6094961240310077,44.981060606060595,1020.0757575757555,23.722692036645476,0
1931,4,0,0,47,0.0,0.0,1.0,47,1450,1100,350,0.7586206896551724,18,11,7,310.88960229292337,0.43805889608387294,0.2844655581947748,0.17601468876455167,130015.40927716166,-1315.9122235743223,128699.49705358733,1464,2,226.5744680851064,42,5,20,37.107284243863816,0.6103670634920635,45.03391472868216,1019.86434108527,24.282484311554047,0
1932,4,0,1,46,0.0,0.02127659574468085,0.9787234042553191,47,1200,900,300,0.75,15,9,6,310.8959252675622,0.4382708911501696,0.27692307692307727,0.17657681192380947,130138.96869929685,-1308.0649825731625,128830.90371672368,1465,3,227.5744680851064,42,5,20,36.98223330167776,0.6116071428571428,44.91279069767442,1020.3488372093018,24.294019933554804,0
1933,4,1,0,47,0.02127659574468085,0.0,1.0,47,1400,700,700,0.5,21,7,14,310.286551488813,0.44060283687943264,0.2781707170878305,0.17725248396369817,130363.87963750314,-1309.909585591743,129053.9700519114,1466,0,226.0212765957447,41,6,21,36.77061071174147,0.6153455284552846,44.692460317460316,1021.2301587301586,24.90805265195509,0
1934,4,0,0,47,0.0,0.0,1.0,47,1050,600,450,0.5714285714285714,15,6,9,309.2521444056935,0.4405450200431699,0.27077050196240493,0.17735507168032522,130515.8926996724,-1327.5360607205894,129188.35663895181,1467,1,227.0212765957447,41,6,14,36.64360841423949,0.6168699186991871,44.54365079365079,1021.8253968253963,24.92257065427796,0
1935,4,0,1,46,0.0,0.02127659574468085,0.9787234042553191,47,1500,1200,300,0.8,18,12,6,306.46609140688327,0.44048720320690715,0.26212980726539103,0.17610262910011795,130591.93244716854,-1395.6001787289147,129196.33226843963,1468,2,228.0212765957447,41,6,14,36.63809489145556,0.6176321138211383,44.469246031746025,1022.1230158730148,24.929829655439384,0
1936,4,0,0,46,0.0,0.0,1.0,46,1300,1000,300,0.7692307692307693,16,10,6,313.74224460643006,0.4386473429951691,0.2610273928177633,0.17995882883728775,130522.07396597594,-1009.9423086456432,129512.1316573303,1469,3,233.82608695652175,40,6,14,36.5226669981767,0.6184895833333333,44.53760162601626,1021.849593495935,25.546239837398375,0
1937,4,0,2,44,0.0,0.043478260869565216,0.9565217391304348,46,900,600,300,0.6666666666666666,12,6,6,299.0276469315249,0.43831521739130436,0.13178145440554068,0.1696029395144438,130085.41907793198,-1420.172646604951,128665.24643132703,1470,4,234.82608695652175,41,5,16,37.33903449058317,0.6125508130081301,44.96527777777777,1020.1388888888879,24.881436314363118,8
1938,4,1,1,44,0.022222222222222223,0.022222222222222223,0.9777777777777777,45,1550,1200,350,0.7741935483870968,19,12,7,303.5883450928222,0.4346590909090909,0.16115314836939687,0.17285948628754566,130236.65229030345,-1092.3340521514924,129144.31823815196,1471,0,240.46666666666667,40,5,18,37.07001692552767,0.615625,44.81707317073171,1020.7317073170736,25.51829268292684,0
1939,4,1,0,45,0.022222222222222223,0.0,1.0,45,1400,900,500,0.6428571428571429,19,9,10,304.9360457378023,0.43419612794612794,0.16857346793106975,0.17457722128141426,130448.74267578125,-1044.2926654340374,129404.45001034721,1472,0,241.13333333333333,39,6,20,36.82159426939942,0.6193910256410257,44.609375,1021.5625,26.193910256410255,0
1940,4,1,2,44,0.021739130434782608,0.043478260869565216,0.9565217391304348,46,1200,900,300,0.75,15,9,6,303.53865615721884,0.4350342190016103,0.18484199342665075,0.17551543087505558,130833.79937743719,-1257.376871405921,129576.42250603126,1473,0,236.8695652173913,40,6,14,36.46919803980004,0.6216145833333333,44.23272357723577,1023.0691056910554,25.576727642276385,0
1941,4,1,1,44,0.022222222222222223,0.022222222222222223,0.9777777777777777,45,1550,1200,350,0.7741935483870968,19,12,7,310.7626581833912,0.4336069023569023,0.19393457820156246,0.17981370359714852,130859.79327781094,-866.7325583316738,129993.06071947927,1474,0,243.04444444444445,40,5,15,36.25823566415043,0.621875,44.207317073170735,1023.1707317073179,25.579268292682947,0
1942,4,0,1,43,0.0,0.022727272727272728,0.9772727272727273,44,2000,1700,300,0.85,23,17,6,315.8689403146656,0.4305078400281888,0.19852805036104337,0.18246076434647168,130794.81336805566,-537.1961805555507,130257.61718750012,1475,1,249.38636363636363,39,5,15,36.193143245078055,0.6228632478632479,44.270833333333336,1022.9166666666675,26.228632478632502,0
1943,4,1,0,44,0.022727272727272728,0.0,1.0,44,1000,600,400,0.6,14,6,8,308.64495865776917,0.4316970577871741,0.19108292033434404,0.17977471762578145,131114.67013888908,-706.4236111110918,130408.24652777798,1476,0,244.45454545454547,39,5,16,36.05573637103337,0.6260683760683761,43.95833333333334,1024.1666666666683,26.260683760683804,0
1944,4,0,0,44,0.0,0.0,1.0,44,1100,800,300,0.7272727272727273,14,8,6,309.47371917257914,0.43157593375616626,0.18834040311624967,0.18088490644686056,131248.05908203137,-676.4350043402626,130571.6240776911,1477,1,245.45454545454547,39,5,17,35.9002787096337,0.6274038461538461,43.82812500000001,1024.687500000001,26.274038461538485,0
1945,4,1,0,45,0.022222222222222223,0.0,1.0,45,1050,800,250,0.7619047619047619,13,8,5,304.2210489938528,0.433733164983165,0.1870259413470543,0.17905945424043468,131515.040418837,-998.0468749999791,130516.993543837,1478,0,240.9777777777778,39,6,18,35.76649825666022,0.6300747863247863,43.56770833333334,1025.7291666666683,26.300747863247906,0
1946,4,0,2,43,0.0,0.044444444444444446,0.9555555555555556,45,1100,700,400,0.6363636363636364,15,7,8,307.0551758391223,0.43280723905723906,0.19150990210673546,0.18136136644886297,131648.63281250012,-915.3211805555403,130733.31163194457,1479,1,241.9777777777778,39,6,13,35.559615644877525,0.6314102564102564,43.43750000000001,1026.250000000001,26.314102564102587,0
1947,4,0,0,43,0.0,0.0,1.0,43,1100,800,300,0.7272727272727273,14,8,6,318.40656689400623,0.4305555555555556,0.19651834061786766,0.18731918407085116,131496.76462950138,-226.1133233302578,131270.65130617112,1480,4,252.4418604651163,37,6,19,35.421121089017184,0.6334459459459459,43.58552631578947,1025.657894736842,27.720483641536273,0
1948,4,0,0,43,0.0,0.0,1.0,43,1650,1200,450,0.7272727272727273,21,12,9,319.0502216777565,0.4299095607235142,0.18465001975464412,0.18839060092631685,131637.38031173052,-200.21292609264975,131437.16738563788,1481,5,253.4418604651163,37,6,14,35.26318249813013,0.6348536036036037,43.4484649122807,1026.2061403508771,27.735301090564246,0
1949,4,1,0,44,0.022727272727272728,0.0,1.0,44,1300,800,500,0.6153846153846154,18,8,10,317.46751523892914,0.43019952431289643,0.18305984832566047,0.17629263769218922,129255.70371283499,-580.4033624131281,128675.30035042187,1482,0,248.6590909090909,38,6,20,37.709252644112894,0.6091008771929824,45.77991452991452,1016.8803418803408,26.760008996851074,8
1950,4,0,0,44,0.0,0.0,1.0,44,1550,1100,450,0.7096774193548387,20,11,9,315.7090395379284,0.4294948026779422,0.18330755570831236,0.17580008622690946,129364.36760355021,-631.699950690342,128732.66765285988,1483,1,249.6590909090909,38,6,20,37.64374606175175,0.6101973684210527,45.67307692307692,1017.3076923076916,26.771255060728727,0
1951,4,0,0,44,0.0,0.0,1.0,44,1300,1000,300,0.7692307692307693,16,10,6,313.271577845391,0.42935165609584214,0.1699045640518546,0.17567400568487193,129640.87106095905,-677.4399538964951,128963.43110706256,1484,2,250.6590909090909,40,4,13,37.42557296344343,0.6096354166666667,45.40142276422764,1018.3943089430892,25.45985772357723,0
1952,4,0,1,43,0.0,0.022727272727272728,0.9772727272727273,44,1050,800,250,0.7619047619047619,13,8,5,314.73445323825695,0.4291424418604651,0.17625990606241926,0.17707786914516088,129770.27253123141,-631.3648456606531,129138.90768557077,1485,3,251.6590909090909,40,4,14,37.257297692665716,0.6109375,45.27439024390244,1018.9024390243903,25.47256097560976,0
1953,4,0,1,42,0.0,0.023255813953488372,0.9767441860465116,43,1050,600,450,0.5714285714285714,15,6,9,312.21099529871725,0.42824843115540795,0.16120306639641147,0.17095263098396896,128698.84033203137,-554.4663307663325,128144.37400126504,1486,4,257.7906976744186,39,4,15,38.40821014269585,0.6017628205128205,46.32812500000001,1014.6875000000009,26.01762820512823,8
1954,4,0,0,42,0.0,0.0,1.0,42,800,300,500,0.375,13,3,10,318.55229367414614,0.4271801200154859,0.16570375385541247,0.17413091700840644,128631.77237426044,-204.81077416172639,128426.96160009872,1487,5,264.35714285714283,38,4,16,38.315560821484986,0.602796052631579,46.394230769230774,1014.4230769230776,26.695344129554673,0
1955,4,0,0,42,0.0,0.0,1.0,42,1350,900,450,0.6666666666666666,18,9,9,312.43811117370177,0.42702284165698795,0.09288878660606414,0.16541233049985107,127348.32523630116,-414.3381349633753,126933.98710133779,1488,6,265.35714285714283,40,2,13,39.77861961337093,0.5864583333333333,47.66260162601626,1009.349593495935,25.233739837398375,7
1956,4,2,0,44,0.045454545454545456,0.0,1.0,44,1050,700,350,0.6666666666666666,14,7,7,305.73683779495263,0.4296819943622269,0.1130614857979042,0.16389190426635447,127850.36886492705,-982.2865024637842,126868.08236246326,1489,0,254.25,42,2,15,39.43562166650699,0.5885416666666667,47.16569767441861,1011.3372093023261,24.079457364341096,0
1957,4,1,0,45,0.022222222222222223,0.0,1.0,45,1700,1400,300,0.8235294117647058,20,14,6,304.1559240265176,0.4311447811447811,0.1197113657883564,0.16455367400035595,128219.87714356567,-1199.556916663148,127020.32022690252,1490,0,249.57777777777778,41,4,17,39.0993853462631,0.59375,46.800595238095234,1012.7976190476184,24.702380952380935,0
1958,4,0,1,44,0.0,0.022222222222222223,0.9777777777777777,45,1600,1100,500,0.6875,21,11,10,322.4680117652065,0.430976430976431,0.14367937514004958,0.17036323726591016,127263.05815643565,-776.2037570064808,126486.85439942917,1491,1,250.57777777777778,42,3,19,39.612743685777396,0.5825892857142857,47.7470930232558,1009.0116279069746,24.02408637873749,7
1959,4,2,0,46,0.043478260869565216,0.0,1.0,46,1200,900,300,0.75,15,9,6,321.12412806100383,0.43331320450885663,0.15695639952908436,0.17145361774862874,127689.50267052604,-999.163958476836,126690.3387120492,1492,0,246.04347826086956,43,3,18,39.210800618382855,0.5855135658914729,47.324810606060595,1010.7007575757556,23.504668780831526,0
1960,4,1,1,46,0.02127659574468085,0.02127659574468085,0.9787234042553191,47,1150,900,250,0.782608695652174,14,9,5,315.5344549008239,0.43547641073080484,0.1679782465251083,0.16999049416071485,128050.79839677628,-1319.1122256515876,126731.6861711247,1493,0,241.7872340425532,44,3,19,38.98354831823865,0.5878314393939394,46.96759259259259,1012.1296296296287,23.002946127946107,0
1961,4,1,1,46,0.02127659574468085,0.02127659574468085,0.9787234042553191,47,1200,700,500,0.5833333333333334,17,7,10,308.97393259750856,0.4386948812827629,0.13713956293837004,0.1670605121179692,128195.9845846553,-1279.3310541177075,126916.6535305376,1494,0,236.25531914893617,40,7,21,39.0017143335006,0.5950520833333333,46.82418699186992,1012.7032520325204,25.31758130081301,8
1962,4,0,0,46,0.0,0.0,1.0,46,850,600,250,0.7058823529411765,11,6,5,313.60994249475084,0.4367351046698873,0.14935645734014313,0.1695726285280292,128197.27105034715,-1159.2122395833364,127038.0588107638,1495,1,242.34782608695653,39,7,22,38.88303161215116,0.5966880341880342,46.822916666666664,1012.7083333333327,25.966880341880326,0
1963,4,1,0,47,0.02127659574468085,0.0,1.0,47,1750,1300,450,0.7428571428571429,22,13,9,306.3311998062151,0.43825161887141534,0.16373301730348677,0.16745881908355073,128633.7549160551,-1519.0935041972546,127114.66141185784,1496,0,238.17021276595744,40,7,21,38.623480598410474,0.5994791666666667,46.39227642276422,1014.4308943089418,25.360772357723544,0
1964,4,0,1,46,0.0,0.02127659574468085,0.9787234042553191,47,1250,900,350,0.72,16,9,7,305.81408002848303,0.4380203515263645,0.1625467143362409,0.1676102855743374,128736.86814230931,-1526.0906206623208,127210.77752164699,1497,1,239.17021276595744,40,7,21,38.53186127244808,0.6005208333333334,46.29065040650406,1014.8373983739824,25.37093495934956,0
1965,4,2,1,47,0.041666666666666664,0.020833333333333332,0.9791666666666666,48,1400,900,500,0.6428571428571429,19,9,10,291.592727301342,0.4390421838061466,0.18589695546450846,0.16201934603578677,129278.89034511494,-2058.97004511208,127219.92030000286,1498,0,234.64583333333334,40,8,23,38.34357616335232,0.6059895833333333,45.75711382113819,1016.971544715444,25.4242886178861,0
1966,4,2,2,47,0.04081632653061224,0.04081632653061224,0.9591836734693877,49,1200,900,300,0.75,15,9,6,293.1041940323098,0.4419465702947846,0.20499166466313956,0.16495743435100535,129781.98346757652,-2192.0712671643087,127589.9122004122,1499,0,230.48979591836735,41,8,16,37.79644549378508,0.6095020325203252,45.26289682539681,1018.94841269841,24.852400309717318,0
1967,4,0,0,47,0.0,0.0,1.0,47,950,500,450,0.5263157894736842,14,5,9,306.97015487432645,0.43894542090656796,0.20193494862130001,0.17149258909531415,129492.78564453126,-1449.915907118054,128042.86973741322,1500,1,241.27659574468086,39,8,17,37.73592348104937,0.609775641025641,45.546875,1017.8125000000001,26.097756410256412,0
1968,4,0,0,47,0.0,0.0,1.0,47,800,400,400,0.5,12,4,8,307.1967911258532,0.4387141535615171,0.207201912150778,0.17196686348591575,129572.314453125,-1439.1601562500005,128133.154296875,1501,2,242.27659574468086,39,8,19,37.64963167587478,0.6105769230769231,45.46875,1018.125,26.10576923076923,0
1969,4,0,0,47,0.0,0.0,1.0,47,1650,1200,450,0.7272727272727273,21,12,9,307.41758356647887,0.439022510021585,0.21372318670321544,0.17278988317702088,129731.44531250001,-1423.6545138888873,128307.79079861112,1502,3,243.27659574468086,39,8,20,37.48295841854122,0.6121794871794872,45.3125,1018.7500000000001,26.121794871794876,0
1970,4,0,0,47,0.0,0.0,1.0,47,1700,1400,300,0.8235294117647058,20,14,6,308.5058491280409,0.43927304964539005,0.20874166262995164,0.17441271272486272,129958.94451530611,-1381.3810941043048,128577.5634212018,1503,4,244.27659574468086,41,6,20,37.22514107803077,0.6112804878048781,45.089285714285715,1019.6428571428571,24.869337979094077,0
1971,4,0,0,47,0.0,0.0,1.0,47,1050,600,450,0.5714285714285714,15,6,9,310.2529923793212,0.43909959913660196,0.21075498398669334,0.176083983092105,130110.72137188216,-1326.5518707482856,128784.16950113387,1504,5,245.27659574468086,41,6,20,37.027178140801254,0.6128048780487805,44.9404761904762,1020.2380952380959,24.88385598141697,0
1972,4,0,0,47,0.0,0.0,1.0,47,850,700,150,0.8235294117647058,10,7,3,313.2041111687563,0.4393886833179155,0.21393638734198683,0.17833741559575764,130237.26974875625,-1241.8303374590296,128995.43941129722,1505,6,246.27659574468086,41,6,21,36.82401512942624,0.6140752032520325,44.81646825396827,1020.7341269841291,24.895954316686076,0
1973,4,2,1,48,0.04081632653061224,0.02040816326530612,0.9795918367346939,49,1950,1500,450,0.7692307692307693,24,15,9,300.92634603306567,0.4416276927437642,0.22209779694718446,0.1742872127642379,130896.31287989765,-1921.9652502204206,128974.34762967723,1506,0,237.18367346938774,41,8,20,36.47307723380193,0.620680894308943,44.171626984127,1023.3134920634947,24.958865660085237,0
1974,4,1,0,49,0.02040816326530612,0.0,1.0,49,2000,1600,400,0.8,24,16,8,308.57613051895544,0.44160997732426305,0.23470256351854935,0.18015325389160275,131204.00221027934,-1702.7153378702737,129501.28687240907,1507,0,238.16326530612244,42,7,21,35.96759828493963,0.6222718253968254,43.871124031007774,1024.515503875973,24.393226282761265,0
1975,4,0,1,48,0.0,0.02040816326530612,0.9795918367346939,49,1750,1300,450,0.7428571428571429,22,13,9,309.62860022378567,0.4416454081632653,0.2344707188081352,0.18159488959776388,131378.97317491804,-1664.2038032788241,129714.76937163921,1508,1,239.16326530612244,41,8,21,35.76462808851043,0.6255081300813008,43.70039682539682,1025.198412698412,25.00483933410761,0
1976,4,0,0,48,0.0,0.0,1.0,48,1000,600,400,0.6,14,6,8,312.0005186227814,0.44152630023640665,0.23550545094152642,0.1832412824740317,131432.31232236105,-1398.6100783263928,130033.70224403465,1509,2,243.20833333333334,40,8,21,35.6501899570532,0.6276041666666667,43.64837398373984,1025.4065040650407,25.635162601626018,0
1977,4,1,0,49,0.02040816326530612,0.0,1.0,49,1500,1300,200,0.8666666666666667,17,13,4,309.45643786922875,0.4414328231292517,0.2506860549474812,0.18368652779944128,131837.04963466869,-1640.4352481733445,130196.61438649533,1510,0,239.22448979591837,41,8,18,35.30879701184956,0.6300813008130082,43.25396825396825,1026.984126984127,25.048393341076267,0
1978,4,0,0,49,0.0,0.0,1.0,49,1450,900,550,0.6206896551724138,20,9,11,311.00247190739697,0.44097222222222227,0.2527017759595154,0.18510009190074728,131938.95266439905,-1593.3319160997723,130345.62074829928,1511,1,240.22448979591837,41,8,18,35.16681151023564,0.6310975609756098,43.154761904761905,1027.380952380952,25.058072009291514,0
1979,4,0,1,48,0.0,0.02040816326530612,0.9795918367346939,49,1350,700,650,0.5185185185185185,20,7,13,313.0270477403015,0.4405647675736961,0.2543931702193558,0.18709318025221744,132098.99612590892,-1529.8882466498399,130569.10787925907,1512,2,241.22448979591837,42,7,18,34.95420554874793,0.6312003968253967,42.99903100775194,1028.0038759689924,24.476282761166484,0
1980,4,0,0,48,0.0,0.0,1.0,48,1000,500,500,0.5,15,5,10,322.6743569146347,0.4400672281323877,0.25809168837852603,0.19295293483591217,132117.3776947121,-1073.8220230221768,131043.55567168993,1513,3,246.95833333333334,41,7,20,34.68781160539097,0.6328760162601625,42.98115079365079,1028.0753968253964,25.075009678668206,0
1981,4,0,0,48,0.0,0.0,1.0,48,1300,1000,300,0.7692307692307693,16,10,6,327.3292824074079,0.4398548315602837,0.25675154320987725,0.19639756944444442,132244.89795918344,-942.4744897959386,131302.4234693875,1514,4,247.95833333333334,41,7,20,34.44010416666668,0.6341463414634146,42.85714285714285,1028.5714285714266,25.087108013937236,0
1982,4,0,2,46,0.0,0.041666666666666664,0.9583333333333334,48,1250,800,450,0.64,17,8,9,326.04914385031134,0.43945774231678486,0.24960631186527893,0.1961590324834932,132346.95845930933,-969.6775006299123,131377.28095867942,1515,5,248.95833333333334,41,7,20,34.37058105154903,0.6351626016260163,42.75793650793649,1028.9682539682515,25.096786682152477,0
1983,4,1,1,46,0.02127659574468085,0.02127659574468085,0.9787234042553191,47,1450,800,650,0.5517241379310345,21,8,13,333.5573439984267,0.43817452975639837,0.2556637091911449,0.20094796089661282,132398.00347222202,-567.515038422803,131830.4884337992,1516,0,252.85106382978722,38,9,21,34.12618083670715,0.640625,42.70833333333332,1029.166666666665,27.083333333333286,0
1984,4,0,0,46,0.0,0.0,1.0,46,1600,1300,300,0.8125,19,13,6,339.38136543982273,0.437902576489533,0.25391498881431773,0.20460969026227457,132426.21678064397,-211.40194579102098,132214.81483485294,1517,1,255.8913043478261,37,9,21,33.94799101594404,0.6427364864864865,42.680921052631575,1029.276315789473,27.818278805120894,0
1985,4,0,1,45,0.0,0.021739130434782608,0.9782608695652174,46,1300,800,500,0.6153846153846154,18,8,10,321.0228005976904,0.4375805152979066,0.22828078124585116,0.18620838480949867,130954.69292534734,-736.8241009252798,130217.86882442205,1518,2,256.89130434782606,39,7,19,35.90007802428929,0.624465811965812,44.114583333333336,1023.5416666666675,26.24465811965814,7
1986,4,1,1,45,0.021739130434782608,0.021739130434782608,0.9782608695652174,46,950,600,350,0.631578947368421,13,6,7,321.10141815768975,0.4378321256038647,0.23505282756851642,0.18690041692766438,131088.0004882814,-781.4914279513738,130306.50906033002,1519,0,256.54347826086956,39,7,20,35.76367697419727,0.625801282051282,43.98437500000001,1024.0625000000011,26.25801282051285,0
1987,4,0,0,45,0.0,0.0,1.0,45,1700,1300,400,0.7647058823529411,21,13,8,324.1577547720455,0.4367213804713805,0.2419261216699986,0.18973159721607114,131301.43364800338,-487.5244140625036,130813.90923394088,1520,1,260.8222222222222,39,6,20,35.470343361452734,0.6279380341880342,43.776041666666664,1024.8958333333328,26.27938034188033,0
1988,4,0,0,45,0.0,0.0,1.0,45,1550,1200,350,0.7741935483870968,19,12,7,319.03553108791357,0.4363846801346802,0.23724141208902205,0.1872756592092327,131412.4312889541,-614.9476130877028,130797.4836758664,1521,2,261.8222222222222,37,8,21,35.48985402630733,0.6326013513513513,43.667763157894726,1025.3289473684197,27.71159317211945,0
1989,4,0,0,45,0.0,0.0,1.0,45,1200,600,600,0.5,18,6,12,319.2792405733692,0.43577441077441076,0.24106419621117636,0.1879708807780911,131524.88175448205,-601.3671273853628,130923.51462709668,1522,3,262.8222222222222,37,8,21,35.37045697487973,0.6337274774774775,43.55811403508771,1025.7675438596484,27.72344713134185,0
1990,4,0,0,45,0.0,0.0,1.0,45,1050,800,250,0.7619047619047619,13,8,5,323.4806184678633,0.43531144781144776,0.2454461297443571,0.1914301864788957,131721.78578985814,-478.11105340107724,131243.67473645706,1523,4,263.8222222222222,37,8,20,35.06462294381542,0.6356981981981982,43.366228070175424,1026.5350877192961,27.744191559980976,0
1991,4,0,1,44,0.0,0.022222222222222223,0.9777777777777777,45,1750,1500,250,0.8571428571428571,20,15,5,321.18993400124486,0.43489057239057244,0.23632569829752925,0.19148804462211602,132003.33275623253,-520.3716528162764,131482.96110341625,1524,5,264.8222222222222,37,8,20,34.84048228766538,0.6385135135135135,43.09210526315788,1027.631578947367,27.773826458036943,0
1992,4,0,1,43,0.0,0.022727272727272728,0.9772727272727273,44,750,500,250,0.6666666666666666,10,5,5,325.2887370988929,0.4340644820295983,0.24005728518057312,0.1938771865465314,131992.67415641982,-212.85394347051079,131779.8202129493,1525,6,271.04545454545456,36,8,20,34.74589041095889,0.6403356481481481,43.10247747747747,1027.5900900900892,28.544169169169145,0
1993,4,0,0,43,0.0,0.0,1.0,43,1000,700,300,0.7,13,7,6,332.1321413513008,0.4318706164636397,0.24250196964327153,0.1973535675091343,131876.97991488103,160.1167468143741,132037.0966616954,1526,10,278.2093023255814,36,7,20,34.68643789058219,0.6391782407407407,43.21509009009009,1027.139639639639,28.531656656656637,0
1994,4,0,0,43,0.0,0.0,1.0,43,1250,1000,250,0.8,15,10,5,333.83682868274434,0.43133997785160577,0.24706626020819034,0.19882031494134186,131963.745840435,210.87168249329608,132174.6175229283,1527,11,279.2093023255814,36,7,20,34.555385065029945,0.6400462962962963,43.13063063063063,1027.4774774774771,28.54104104104103,0
1995,4,0,1,42,0.0,0.023255813953488372,0.9767441860465116,43,1300,1100,200,0.8461538461538461,15,11,4,338.0236305989199,0.4309016242155777,0.25253027026063113,0.20208367542485542,132108.4191243609,331.15349302005853,132439.57261738097,1528,12,280.2093023255814,36,7,20,34.302314966955144,0.6414930555555556,42.98986486486487,1028.040540540541,28.556681681681695,0
1996,4,0,1,41,0.0,0.023809523809523808,0.9761904761904762,42,1100,700,400,0.6363636363636364,15,7,8,347.81692792510023,0.42938201703445605,0.26394672669292785,0.20838525992006196,132189.63162562167,795.5583151148899,132985.18994073657,1529,13,286.23809523809524,35,7,20,33.96888482461077,0.6443452380952381,42.91087962962963,1028.3564814814822,29.381613756613778,0
1997,4,0,0,41,0.0,0.0,1.0,41,800,500,300,0.625,11,5,6,353.3280172272815,0.4288871951219512,0.2615761196389601,0.21182517285402386,132214.2874858276,1143.0024092970461,133357.28989512465,1530,14,290.4146341463415,34,7,20,33.80237874754023,0.6467524509803921,42.88690476190476,1028.4523809523805,30.248599439775898,0
1998,4,0,0,41,0.0,0.0,1.0,41,900,800,100,0.8888888888888888,10,8,2,352.7882265946502,0.42881097560975606,0.25988030713640486,0.21167293595679024,132244.8979591837,1130.8886054421841,133375.7865646259,1531,15,291.4146341463415,34,7,20,33.78544560185185,0.6470588235294117,42.85714285714286,1028.571428571429,30.252100840336144,0
1999,4,0,0,41,0.0,0.0,1.0,41,1600,1200,400,0.75,20,12,8,380.8574111166476,0.42787093495934964,0.2925182046417574,0.21922275111727701,130657.85147392303,1800.9424603174762,132458.7939342405,1532,16,292.4146341463415,34,7,19,34.67022783729235,0.6311274509803921,44.40476190476191,1022.3809523809534,30.070028011204514,8
2000,4,0,0,41,0.0,0.0,1.0,41,1100,700,400,0.6363636363636364,15,7,8,384.5639722889771,0.4275914634146341,0.29738951719126105,0.2220546807733126,130779.59183673479,1858.6238662131645,132638.21570294796,1533,17,293.4146341463415,34,7,19,34.45186413718188,0.6323529411764706,44.28571428571429,1022.8571428571436,30.0840336134454,0
2001,4,0,0,41,0.0,0.0,1.0,41,1350,1000,350,0.7407407407407407,17,10,7,386.3161227026276,0.42652439024390243,0.301387040856566,0.22394873276294616,130931.84700963728,1916.216695011348,132848.06370464864,1534,18,294.4146341463415,34,7,19,34.25250087239735,0.6338848039215687,44.136904761904766,1023.4523809523816,30.10154061624652,0
2002,4,0,0,41,0.0,0.0,1.0,41,1250,1000,250,0.8,15,10,5,384.5369985240963,0.4261432926829268,0.29552836337768773,0.22349633961525334,131031.70680084024,1877.3078489369059,132909.01464977715,1535,19,295.4146341463415,35,6,19,34.19671791393475,0.6327380952380952,44.039351851851855,1023.842592592593,29.252645502645514,0
2003,4,1,0,42,0.023809523809523808,0.0,1.0,42,950,500,450,0.5263157894736842,14,5,9,372.85830304501354,0.42715592334494773,0.28981479945363353,0.2185624811110016,131358.63272392293,1396.3011735043804,132754.9338974273,1536,0,289.35714285714283,34,8,20,34.16463438237912,0.6381740196078431,43.720238095238095,1025.1190476190477,30.150560224089638,0
2004,4,0,1,41,0.0,0.023809523809523808,0.9761904761904762,42,1600,1100,500,0.6875,21,11,10,369.8847331530731,0.4268897599690282,0.28756521225211307,0.21782647109207232,131535.8170037081,1330.6181144976117,132866.4351182057,1537,1,290.35714285714283,35,7,20,34.06166553838053,0.6377976190476191,43.54745370370371,1025.810185185186,29.308862433862455,0
2005,4,0,0,41,0.0,0.0,1.0,41,1200,800,400,0.6666666666666666,16,8,8,375.3440943368082,0.4264227642276423,0.2819881332518053,0.2208992292900234,131511.22448979606,1672.3922902494435,133183.6167800455,1538,2,297.3414634146341,34,7,21,33.94653358093468,0.6397058823529411,43.57142857142858,1025.7142857142867,30.168067226890784,0
2006,4,0,0,41,0.0,0.0,1.0,41,1050,600,450,0.5714285714285714,15,6,9,373.3291702779378,0.4263211382113821,0.279356007017147,0.22041763341067294,131633.36167800458,1628.5147392290335,133261.8764172336,1539,3,298.3414634146341,34,7,19,33.87470997679815,0.6409313725490196,43.452380952380956,1026.1904761904766,30.182072829131666,0
2007,4,0,0,41,0.0,0.0,1.0,41,1200,900,300,0.75,15,9,6,374.519362082445,0.4261432926829268,0.28124443137044164,0.22165274256945255,131725.0017715419,1666.7127267573603,133391.71449829926,1540,4,299.3414634146341,34,7,19,33.75154625227105,0.6418504901960784,43.363095238095234,1026.5476190476186,30.192577030812313,0
2008,4,0,1,40,0.0,0.024390243902439025,0.975609756097561,41,1200,800,400,0.6666666666666666,16,8,8,370.02319485641567,0.4261686991869919,0.2746206873151509,0.21951995040106184,131816.67375283435,1555.045351473912,133371.71910430826,1541,5,300.3414634146341,34,7,19,33.77434500347786,0.6427696078431373,43.27380952380952,1026.904761904761,30.20308123249297,0
2009,4,0,0,40,0.0,0.0,1.0,40,1300,900,400,0.6923076923076923,17,9,8,375.41705031731476,0.4243856837606838,0.2801403449442006,0.2224665767110819,131773.38023244584,1893.994743441341,133667.37497588719,1542,26,308.725,35,5,19,33.67961616503212,0.6401785714285715,43.315972222222214,1026.73611111111,29.335317460317427,0
2010,4,0,0,40,0.0,0.0,1.0,40,1350,1000,350,0.7407407407407407,17,10,7,374.36895440837066,0.424105235042735,0.27925963488843886,0.2223661379799115,131862.52170138873,1873.0468749999804,133735.5685763887,1543,27,309.725,35,5,19,33.61646382691006,0.6410714285714285,43.22916666666666,1027.083333333332,29.345238095238056,0
2011,4,0,0,40,0.0,0.0,1.0,40,900,600,300,0.6666666666666666,12,6,6,343.49025562262,0.42422542735042734,0.23364729913753957,0.19452674373692355,130026.38996056258,932.5595850480329,130958.94954561061,1544,28,310.725,35,5,19,36.264941746103815,0.6226190476190476,45.02314814814816,1019.9074074074088,29.140211640211678,8
2012,4,0,0,40,0.0,0.0,1.0,40,1350,1000,350,0.7407407407407407,17,10,7,347.3641849202138,0.4239850427350427,0.2421127239736902,0.19761660533073847,130203.51750042869,1045.6077460562424,131249.12524648494,1545,29,311.725,35,5,20,35.986523777122564,0.6244047619047619,44.84953703703704,1020.601851851852,29.16005291005291,0
2013,4,0,0,40,0.0,0.0,1.0,40,1050,600,450,0.5714285714285714,15,6,9,336.17354676980676,0.42403846153846153,0.1608520900321544,0.1852137579912577,128943.91593874284,669.5201070220672,129613.4360457649,1546,30,312.725,36,4,16,37.55081864212588,0.6096643518518519,46.086711711711715,1015.6531531531534,28.212587587587596,8
2014,4,2,0,42,0.047619047619047616,0.0,1.0,42,1400,800,600,0.5714285714285714,20,8,12,339.4792891808552,0.42951509872241583,0.19586124526146387,0.17548055703429788,126374.37120075416,208.84579435130325,126583.21699510547,1547,0,298.7857142857143,37,5,14,40.095874227553644,0.5816441441441442,48.62938596491229,1005.4824561403515,27.175201517306796,8
2015,4,2,0,44,0.045454545454545456,0.0,1.0,44,1400,1000,400,0.7142857142857143,18,10,8,328.8819826530974,0.43483527131782945,0.20661285169244636,0.17235126219859526,126934.51063368077,-450.7052951388633,126483.8053385419,1548,0,286.15909090909093,39,5,17,39.78748880159879,0.5838675213675213,48.07291666666668,1007.7083333333351,25.83867521367526,0
2016,4,1,0,45,0.022222222222222223,0.0,1.0,45,1100,800,300,0.7272727272727273,14,8,6,322.06450840513514,0.43691077441077436,0.2082455778098975,0.17009361114570026,127249.61480034747,-803.3854166666429,126446.22938368082,1549,0,280.77777777777777,39,6,20,39.636674926010045,0.5870726495726496,47.76041666666668,1008.9583333333353,25.870726495726547,0
2017,4,0,1,44,0.0,0.022222222222222223,0.9777777777777777,45,1150,800,350,0.6956521739130435,15,8,7,324.49889957790316,0.4375210437710438,0.20474159673499326,0.17204832246767185,127407.31336805577,-731.2934027777532,126676.01996527801,1550,1,281.77777777777777,39,6,14,39.41394964919522,0.5886752136752137,47.60416666666668,1009.5833333333351,25.886752136752182,0
2018,4,2,1,45,0.043478260869565216,0.021739130434782608,0.9782608695652174,46,1450,1000,450,0.6896551724137931,19,10,9,325.07473206395406,0.4382648953301127,0.22057674085524281,0.17486597013294408,127990.23321311736,-878.7218462885627,127111.5113668288,1551,0,276.5869565217391,40,6,18,38.803940276522404,0.59296875,47.027439024390254,1011.8902439024404,25.29725609756101,0
2019,4,0,0,45,0.0,0.0,1.0,45,1000,700,300,0.7,13,7,6,326.39946785243455,0.4361531986531986,0.22206666209136872,0.17556170712727304,127986.37695312515,-645.0629340277628,127341.31401909738,1552,1,283.6666666666667,39,6,18,38.77436346167043,0.594551282051282,47.03125000000001,1011.8750000000011,25.94551282051285,0
2020,4,1,1,45,0.021739130434782608,0.021739130434782608,0.9782608695652174,46,1300,1000,300,0.7692307692307693,16,10,6,321.79143833081,0.43905998389694045,0.22537103863988994,0.17411119392823962,128223.64501953125,-947.6481119791654,127275.99690755208,1553,0,278.4782608695652,39,7,19,38.6490152216394,0.5969551282051282,46.796875,1012.8125,25.96955128205128,0
2021,4,0,0,45,0.0,0.0,1.0,45,1750,1100,650,0.6285714285714286,24,11,13,326.90886951041364,0.4399200336700337,0.22560534176770375,0.17748887391564241,128360.96871803998,-607.5321654247972,127753.43655261518,1554,1,282.5111111111111,38,7,20,38.379458794587954,0.6000548245614035,46.66132478632478,1013.3547008547004,26.667228969860535,0
2022,4,2,1,46,0.0425531914893617,0.02127659574468085,0.9787234042553191,47,1150,800,350,0.6956521739130435,15,8,7,315.27375687971244,0.44287696577243296,0.22766830631312418,0.17328204231509006,128848.62075617287,-1275.4822530864146,127573.13850308645,1555,0,271.4468085106383,41,6,17,38.17829457364342,0.6001016260162602,46.18055555555556,1015.2777777777779,24.762872628726292,0
2023,4,0,0,46,0.0,0.0,1.0,46,1550,1100,450,0.7096774193548387,20,11,9,321.67308469876673,0.4393417874396135,0.2344314933496925,0.17710628845150295,128917.41569378354,-906.1474444774854,128011.26824930606,1556,1,278.30434782608694,40,6,18,37.94593715600919,0.60234375,46.112804878048784,1015.5487804878055,25.388719512195138,0
2024,4,1,0,47,0.02127659574468085,0.0,1.0,47,1250,800,450,0.64,17,8,9,316.89812314309347,0.44062210915818684,0.23735440914907802,0.17562483940275728,129176.76150959988,-1212.8253447809548,127963.93616481892,1557,0,273.36170212765956,42,5,19,37.80383185587646,0.6019345238095238,45.85755813953489,1016.5697674418612,24.204042081949076,0
2025,4,2,2,47,0.04081632653061224,0.04081632653061224,0.9591836734693877,49,1350,1000,350,0.7407407407407407,17,10,7,308.3355890498017,0.4430980725623583,0.24138332783160843,0.17292460196976603,129645.08311549776,-1805.1566913046197,127839.92642419314,1558,0,263.16326530612247,42,7,16,37.546979067554716,0.6066468253968254,45.39728682170542,1018.4108527131775,24.247877445551847,0
2026,4,0,0,47,0.0,0.0,1.0,47,1050,500,550,0.47619047619047616,16,5,11,319.24807965074206,0.4387719703977799,0.24223108924102044,0.17820235616625002,129459.81744497307,-1134.0403777513563,128325.77706722172,1559,1,275.1489361702128,40,7,16,37.45693529059316,0.6078125,45.57926829268292,1017.682926829267,25.442073170731675,0
2027,4,0,1,46,0.0,0.02127659574468085,0.9787234042553191,47,1300,800,500,0.6153846153846154,18,8,10,319.995362439472,0.4380974406413814,0.23691581739376066,0.1792081350632232,129589.12854658245,-1106.4159685042237,128482.71257807822,1560,2,276.1489361702128,40,7,16,37.306825365139574,0.6091145833333333,45.45223577235771,1018.1910569105669,25.454776422764173,0
2028,4,2,0,48,0.041666666666666664,0.0,1.0,48,1150,900,250,0.782608695652174,14,9,5,317.49026792818313,0.43871897163120566,0.259324547753355,0.17995782441221483,130060.11924445699,-1341.4355788611838,128718.6836655958,1561,0,271.2916666666667,41,7,19,36.89376256240677,0.6122967479674797,44.99007936507936,1020.0396825396822,24.87901664730932,0
2029,4,0,2,46,0.0,0.041666666666666664,0.9583333333333334,48,1350,700,650,0.5185185185185185,20,7,13,317.36776343190337,0.4387005023640662,0.26930272108843556,0.180825818699573,130262.58680555562,-1331.6133629377582,128930.97344261786,1562,1,272.2916666666667,40,8,20,36.6921768707483,0.6158854166666667,44.79166666666667,1020.8333333333339,25.52083333333335,0
2030,4,1,3,44,0.02127659574468085,0.06382978723404255,0.9361702127659575,47,1450,1200,250,0.8275862068965517,17,12,5,323.8655118910821,0.4385792476102374,0.2840698976535849,0.18503365259791227,130368.94531250026,-955.5989583333037,129413.34635416696,1563,0,277.4468085106383,39,8,22,36.41880864953082,0.6185897435897436,44.687500000000014,1021.250000000002,26.185897435897488,0
2031,4,0,0,44,0.0,0.0,1.0,44,1750,1300,450,0.7428571428571429,22,13,9,336.2301007395728,0.4377862931642001,0.278558704002672,0.19131141272046104,130209.42382812526,-43.93446180552627,130165.48936631973,1564,1,290.0681818181818,39,5,22,36.26462883581686,0.6169871794871795,44.843750000000014,1020.625000000002,26.16987179487185,0
2032,4,0,0,44,0.0,0.0,1.0,44,900,500,400,0.5555555555555556,13,5,8,337.4441672521863,0.4377862931642001,0.277361961959955,0.1925491670532141,130320.07250071016,-4.817779667337675,130315.25472104282,1565,2,291.0681818181818,36,8,22,36.121603985147594,0.6235532407407407,44.73536036036036,1021.0585585585584,28.36273773773773,0
2033,4,2,0,46,0.043478260869565216,0.0,1.0,46,2000,1600,400,0.8,24,16,8,324.44194270428375,0.43865740740740744,0.29125170443757753,0.18874578606745782,131067.8374314235,-695.219239539919,130372.61819188358,1566,0,279.3695652173913,40,6,23,35.6984831943893,0.6239583333333334,44.004065040650424,1023.9837398374016,25.59959349593504,0
2034,4,0,0,46,0.0,0.0,1.0,46,1600,1100,500,0.6875,21,11,10,322.73406775916385,0.4374798711755234,0.2869401053176579,0.1886542267053994,131251.871191185,-728.1099418933999,130523.7612492916,1567,1,280.3695652173913,41,5,23,35.55674557072322,0.6242378048780488,43.82440476190477,1024.7023809523823,24.992740998838592,0
2035,4,1,1,46,0.02127659574468085,0.02127659574468085,0.9787234042553191,47,1400,1200,200,0.8571428571428571,16,12,4,320.98665424573204,0.4391959605303731,0.15219838909899241,0.18627335762134198,130972.46334876528,-981.9303705278576,129990.53297823742,1568,0,275.3829787234043,41,6,14,35.88308457711442,0.6214430894308943,44.097222222222214,1023.61111111111,24.966124661246585,8
2036,4,0,0,46,0.0,0.0,1.0,46,1300,700,600,0.5384615384615384,19,7,12,325.84027004612193,0.4391002415458937,0.14489875221277138,0.18879237740877142,130911.788824443,-668.733475444526,130243.05534899847,1569,1,282.32608695652175,40,6,16,35.820092684541514,0.6223958333333333,44.15650406504064,1023.3739837398365,25.58434959349591,0
2037,4,0,1,45,0.0,0.021739130434782608,0.9782608695652174,46,1050,700,350,0.6666666666666666,14,7,7,330.8781163605465,0.43878824476650563,0.14274031718631952,0.19235989742253343,131041.82287535518,-528.225696510026,130513.59717884516,1570,2,283.32608695652175,40,6,18,35.559966914805614,0.6236979166666667,44.02947154471544,1023.8821138211374,25.597052845528435,0
2038,4,0,1,44,0.0,0.022222222222222223,0.9777777777777777,45,1000,700,300,0.7,13,7,6,340.0760121464045,0.4378787878787879,0.14174724342663314,0.1971237061556592,130928.03955078122,-94.90288628472285,130833.1366644965,1571,3,290.35555555555555,39,6,18,35.43946140797286,0.624198717948718,44.140625,1023.4374999999998,26.241987179487175,0
2039,4,1,1,44,0.022222222222222223,0.022222222222222223,0.9777777777777777,45,1300,1000,300,0.7692307692307693,16,10,6,333.52766901164756,0.4389309764309764,0.14382171080911332,0.1946897759876328,131197.94894118904,-248.37078210721606,130949.57815908182,1572,0,289.53333333333336,40,5,19,35.33462288794102,0.6252604166666667,43.8770325203252,1024.4918699186987,25.61229674796747,0
2040,4,0,0,44,0.0,0.0,1.0,44,1450,1100,350,0.7586206896551724,18,11,7,341.8056947274053,0.4362116807610994,0.14988539317534855,0.1996437537612088,131221.37586805545,170.44270833332746,131391.81857638876,1573,1,296.54545454545456,39,5,19,35.09895621526368,0.6271367521367521,43.854166666666664,1024.5833333333326,26.2713675213675,0
2041,4,0,0,44,0.0,0.0,1.0,44,1450,1200,250,0.8275862068965517,17,12,5,339.59907346506924,0.43616763565891475,0.15570734078755488,0.1992002093411791,131384.32618690355,123.68589373652318,131508.01208064007,1574,2,297.54545454545456,37,7,20,34.99108734402852,0.6323198198198199,43.695175438596486,1025.2192982456131,27.70862968231387,0
2042,4,0,1,43,0.0,0.022727272727272728,0.9772727272727273,44,1100,800,300,0.7272727272727273,14,8,6,340.0781231134213,0.4362006694855532,0.15657321720195938,0.19977453563798447,131440.53939673727,140.01038781161336,131580.54978454887,1575,3,298.54545454545456,37,7,20,34.92212004562304,0.6328828828828829,43.64035087719297,1025.4385964912267,27.714556661925045,0
2043,4,2,1,44,0.044444444444444446,0.022222222222222223,0.9777777777777777,45,1450,1000,450,0.6896551724137931,19,10,9,332.9425141170293,0.43703703703703706,0.15601331668747398,0.19754589170943718,131821.37573964478,-222.21194937543103,131599.16379026935,1576,0,292.6,38,7,17,34.72157199334164,0.6348684210526316,43.26923076923076,1026.9230769230755,27.02429149797567,0
2044,4,0,0,44,0.0,0.0,1.0,44,1700,1300,400,0.7647058823529411,21,13,8,344.1721327793232,0.43588134249471455,0.1667410974331096,0.20397644628769465,131778.07113727275,270.8679593720894,132048.93909664484,1577,1,300.25,37,7,17,34.47689733732023,0.6362612612612613,43.31140350877192,1026.7543859649104,27.750118539592172,0
2045,4,1,1,44,0.022222222222222223,0.022222222222222223,0.9777777777777777,45,1150,700,450,0.6086956521739131,16,7,9,338.4475250947952,0.43760521885521886,0.16266729702045346,0.202596453621026,132156.90239800332,-54.36469184028752,132102.53770616304,1578,0,294.55555555555554,39,6,18,34.24266791611793,0.6364850427350428,42.94270833333333,1028.2291666666654,26.364850427350394,0
2046,4,0,1,43,0.0,0.022727272727272728,0.9772727272727273,44,1300,1000,300,0.7692307692307693,16,10,6,343.91363305545553,0.43557302677942217,0.15798563138988686,0.20572288231862693,132130.12695312488,288.2703993055409,132418.39735243042,1579,1,302.1136363636364,39,5,18,34.129094900371484,0.6362179487179487,42.96874999999999,1028.124999999999,26.362179487179464,0
2047,4,0,0,43,0.0,0.0,1.0,43,950,600,350,0.631578947368421,13,6,7,349.6966036277634,0.4340854558877815,0.15568804390643542,0.2091442148359209,132123.26189139092,640.611188728182,132763.8730801191,1580,2,309.5813953488372,38,5,18,33.98736533998407,0.6378837719298245,42.97542735042735,1028.0982905982908,27.05521817363923,0
2048,4,0,0,43,0.0,0.0,1.0,43,1300,1100,200,0.8461538461538461,15,11,4,351.37856032871593,0.433577888519749,0.1661156479885464,0.21108361689819952,132290.82031250003,696.8315972222239,132987.65190972225,1581,3,310.5813953488372,39,4,20,33.77548265154583,0.6378205128205128,42.8125,1028.7500000000002,26.378205128205135,0
2049,4,0,1,42,0.0,0.023255813953488372,0.9767441860465116,43,1000,700,300,0.7,13,7,6,352.5315493501328,0.43346253229974163,0.17051909500302465,0.21222785959963203,132371.20361328128,733.0050998263899,133104.20871310766,1582,4,311.5813953488372,39,4,20,33.664950062421966,0.6386217948717949,42.734375,1029.0625000000002,26.386217948717956,0
2050,4,0,0,42,0.0,0.0,1.0,42,950,400,550,0.42105263157894735,15,4,11,355.3813999588219,0.4342092528068138,0.16583307283526127,0.2142602899487885,132426.9793442092,1012.4224876798412,133439.40183188903,1583,5,311.5952380952381,36,6,20,33.535512399708246,0.6446759259259259,42.68018018018019,1029.2792792792802,28.591091091091116,0
2051,4,0,0,42,0.0,0.0,1.0,42,1050,800,250,0.7619047619047619,13,8,5,352.45360148379143,0.43379790940766555,0.15819191382525455,0.21282237944285495,132484.94059938332,938.9588913237768,133423.8994907071,1584,6,312.5952380952381,36,6,20,33.55255961496391,0.6452546296296297,42.62387387387388,1029.5045045045058,28.597347347347384,0
2052,4,0,0,42,0.0,0.0,1.0,42,1100,800,300,0.7272727272727273,14,8,6,346.7993862047579,0.4336164343786295,0.15551703865880118,0.21049916232428348,132680.27181440452,802.6873653431944,133482.9591797477,1585,7,313.5952380952381,37,5,17,33.50184475663404,0.6452702702702703,42.434210526315795,1030.2631578947376,27.844950213371284,0
2053,4,0,0,42,0.0,0.0,1.0,42,1600,1100,500,0.6875,21,11,10,347.7654435221216,0.4334833526906698,0.15483030837361555,0.21140359884999335,132736.76155163127,832.251750538629,133569.0133021699,1586,8,314.5952380952381,37,5,17,33.42023125487693,0.6458333333333333,42.37938596491228,1030.482456140351,27.850877192982455,0
2054,4,0,0,42,0.0,0.0,1.0,42,2050,1500,550,0.7317073170731707,26,15,11,355.393080977613,0.4321888308168796,0.1569378235686094,0.1996131633785987,129703.52055440121,864.7617536164804,130568.28230801769,1587,9,315.5952380952381,37,5,19,36.28946896304269,0.615427927927928,45.339912280701746,1018.6403508771918,27.53082029397816,8
2055,4,1,0,43,0.023255813953488372,0.0,1.0,43,850,700,150,0.8235294117647058,10,7,3,337.855001778184,0.43556201550387597,0.09110919705234899,0.1824417009602195,128144.53125000017,86.55499769161167,128231.08624769178,1588,0,309.2325581395349,39,4,19,38.323045267489725,0.5961538461538461,46.87500000000001,1012.5000000000014,25.961538461538495,8
2056,4,1,1,43,0.022727272727272728,0.022727272727272728,0.9772727272727273,44,1250,800,450,0.64,17,8,9,332.64691526623733,0.4378853946441155,0.09371183258289784,0.18090623407118062,128427.65239771307,-255.78751900322794,128171.86487870985,1589,0,303.1818181818182,40,4,15,38.1661068778825,0.5973958333333333,46.59552845528456,1013.6178861788624,25.34044715447156,0
2057,4,0,0,43,0.0,0.0,1.0,43,1650,1300,350,0.7878787878787878,20,13,7,339.20719027694884,0.4349390919158361,0.09282731916680231,0.18399867720681087,128324.66310562509,105.72968305903669,128430.39278868413,1590,2,311.2325581395349,40,3,20,38.10493981945836,0.5963541666666667,46.69715447154472,1013.2113821138222,25.330284552845555,0
2058,4,0,0,43,0.0,0.0,1.0,43,1500,1200,300,0.8,18,12,6,336.90229899556,0.4345699520118125,0.09160360917856147,0.18376815903589205,128546.63190507695,61.53116339129218,128608.16306846825,1591,3,312.2325581395349,41,2,15,37.93696602100047,0.5970528455284553,46.47817460317461,1014.0873015873025,24.73383662408055,0
2059,4,0,0,43,0.0,0.0,1.0,43,800,500,300,0.625,11,5,6,338.6296217455504,0.43422388335179035,0.09261378241948726,0.18482704875092174,128571.78411005613,107.64292406778276,128679.42703412392,1592,4,313.2325581395349,41,2,15,37.86753317682351,0.5973069105691057,46.45337301587302,1014.1865079365085,24.736256291134353,0
2060,4,1,2,42,0.022727272727272728,0.045454545454545456,0.9545454545454546,44,850,500,350,0.5882352941176471,12,5,7,333.841258283221,0.43610156800563776,0.10384001318906311,0.18341137194721088,128832.22467287137,-198.09760155638588,128634.12707131499,1593,0,307.09090909090907,42,2,16,37.72370430466736,0.5984623015873016,46.196705426356594,1015.2131782945748,24.17174234034702,0
2061,4,0,1,41,0.0,0.023809523809523808,0.9761904761904762,42,1450,1200,250,0.8275862068965517,17,12,5,350.1708218145782,0.43451171118854043,0.019895274386292572,0.18284928927611738,126788.14785559034,536.3457756238066,127324.49363121415,1594,1,316.7142857142857,37,5,18,39.401537833424044,0.5858671171171171,48.21820175438597,1007.1271929824575,27.219653864390743,8
2062,4,1,0,42,0.023809523809523808,0.0,1.0,42,850,500,350,0.5882352941176471,12,5,7,346.20863767759886,0.43668941153697255,0.0552967001107898,0.18238413799304454,127147.30133310265,404.26248941983766,127551.56382252248,1595,0,317.0238095238095,37,5,19,39.132601290135526,0.589527027027027,47.861842105263165,1008.5526315789486,27.258179231863476,0
2063,4,2,1,43,0.045454545454545456,0.022727272727272728,0.9772727272727273,44,1200,900,300,0.75,15,9,6,336.35782627766457,0.44069326990838614,0.08278502759805462,0.17989718579624814,127758.96044021452,-205.45475576703654,127553.50568444749,1596,0,303.5681818181818,40,4,19,38.75485859804314,0.590625,47.256097560975626,1010.9756097561005,25.274390243902513,0
2064,4,0,0,43,0.0,0.0,1.0,43,1000,500,500,0.5,15,5,10,339.013355732935,0.4377768549280177,0.09263030779330905,0.18139270290760034,127775.6564670141,63.530815972242465,127839.18728298634,1597,1,311.5581395348837,39,4,19,38.670667628271175,0.5924145299145299,47.23958333333334,1011.0416666666683,25.92414529914534,0
2065,4,1,0,44,0.022727272727272728,0.0,1.0,44,1250,800,450,0.64,17,8,9,327.71075099755154,0.4383588794926004,0.10387521454392035,0.17744292576857693,128252.7271554714,-392.9771252237363,127859.75003024765,1598,0,305.45454545454544,38,6,22,38.4694828252997,0.5989583333333333,46.768162393162385,1012.9273504273492,26.655982905982874,0
2066,4,0,1,43,0.0,0.022727272727272728,0.9772727272727273,44,1650,1100,550,0.6666666666666666,22,11,11,327.3976678449254,0.4386892177589852,0.10605741223363552,0.1781163459009545,128442.17985243603,-389.66597267881224,128052.51387975723,1599,1,306.45454545454544,38,6,18,38.28432405845983,0.6008771929824561,46.58119658119657,1013.6752136752118,26.675663517768733,0
2067,4,0,0,43,0.0,0.0,1.0,43,1950,1600,350,0.8205128205128205,23,16,7,313.4472480668516,0.4375922849760059,0.019507238549452577,0.16469756643512623,127042.00227544708,-622.997130311704,126419.00514513538,1600,2,313.4651162790698,41,2,20,40.066341927442096,0.5818089430894309,47.966269841269835,1008.1349206349195,24.588656600851696,8
2068,4,2,3,42,0.044444444444444446,0.06666666666666667,0.9333333333333333,45,1000,900,100,0.9,11,9,2,302.0612214072306,0.4427819865319866,0.02753252292599706,0.1602585502578074,127434.21744486487,-1301.4030840061946,126132.81436085868,1601,0,300.4888888888889,42,3,15,39.95281509916826,0.5843253968253967,47.57751937984495,1009.6899224806183,24.04023624953853,0
2069,4,1,1,42,0.023255813953488372,0.023255813953488372,0.9767441860465116,43,800,500,300,0.625,11,5,6,308.61525273318875,0.4402685492801772,0.032016456202502264,0.163464872283196,127367.25368677558,-738.5045627047211,126628.74912407086,1602,0,313.3255813953488,41,2,17,39.85575348075348,0.5851117886178862,47.6438492063492,1009.4246031746028,24.62011227255129,0
2070,4,1,0,43,0.023255813953488372,0.0,1.0,43,1350,900,450,0.6666666666666666,18,9,9,305.79232649590836,0.44070690291620523,0.039702709182450446,0.16297722895661032,127617.73003472212,-795.0954861111218,126822.634548611,1603,0,314.16279069767444,41,2,19,39.67139175257732,0.5876524390243902,47.39583333333333,1010.4166666666657,24.644308943089406,0
2071,4,1,1,43,0.022727272727272728,0.022727272727272728,0.9772727272727273,44,900,700,200,0.7777777777777778,11,7,4,302.56741762592117,0.44157417195207893,0.06522146084927449,0.1625891100068057,127948.38543544523,-1057.3974858782856,126890.98794956694,1604,0,308.0,42,2,20,39.41592440060022,0.5895337301587302,47.06879844961239,1011.7248062015475,24.088685861941606,0
2072,4,2,1,44,0.044444444444444446,0.022222222222222223,0.9777777777777777,45,1450,1100,350,0.7586206896551724,18,11,7,307.8116852086068,0.4433712121212121,0.10386459250562563,0.16779430584091573,128521.48216057256,-1087.6167354166769,127433.86542515588,1605,0,301.93333333333334,41,4,13,38.700041581058606,0.5967987804878049,46.50297619047619,1013.9880952380953,24.731416957026713,0
2073,4,0,1,43,0.0,0.022727272727272728,0.9772727272727273,44,1000,700,300,0.7,13,7,6,316.1203258773499,0.44168428470754056,0.10955342902711318,0.17202947357482645,128453.40617563965,-678.6534759402327,127774.75269969943,1606,1,309.79545454545456,40,4,14,38.55868838763576,0.59765625,46.57012195121952,1013.7195121951231,25.342987804878078,0
2074,4,1,0,44,0.022727272727272728,0.0,1.0,44,1350,900,450,0.6666666666666666,18,9,9,311.39240374208316,0.43977933403805497,0.11620006921549675,0.17022557361191018,128633.7549160555,-788.885170863878,127844.86974519162,1607,0,310.52272727272725,40,4,15,38.49512455753691,0.5994791666666667,46.39227642276424,1014.4308943089451,25.360772357723626,0
2075,4,1,2,43,0.022222222222222223,0.044444444444444446,0.9555555555555556,45,1300,1100,200,0.8461538461538461,15,11,4,306.79911192973896,0.4414141414141414,0.12025837268631578,0.16873126870504468,128873.80248685137,-1092.3263692050746,127781.4761176463,1608,0,304.6,41,4,17,38.36783504315257,0.6003556910569106,46.155753968253975,1015.3769841269853,24.76529229578013,0
2076,4,2,2,43,0.044444444444444446,0.044444444444444446,0.9555555555555556,45,1200,800,400,0.6666666666666666,16,8,8,308.192943842948,0.442276936026936,0.10456010423095341,0.16664359288326733,128197.27105034747,-1043.9411542973423,127153.32989605013,1609,0,304.3777777777778,39,6,18,39.020177604059526,0.5966880341880342,46.82291666666668,1012.7083333333353,25.966880341880394,7
2077,4,0,1,42,0.0,0.023255813953488372,0.9767441860465116,43,1400,1200,200,0.8571428571428571,16,12,4,317.6877922241283,0.4385843484680694,0.10847395827398754,0.17144388787135031,128119.42087309479,-459.60480835851183,127659.81606473628,1610,1,319.3488372093023,41,2,19,38.85911726277968,0.5927337398373984,46.899801587301596,1012.4007936507951,24.692702284165733,0
2078,4,1,0,43,0.023255813953488372,0.0,1.0,43,1250,1000,250,0.8,15,10,5,312.614389685423,0.43964562569213733,0.1177669567813131,0.16979252145659277,128376.15258774557,-573.5510212488919,127802.60156649668,1611,0,319.1860465116279,40,3,17,38.72614152961626,0.596875,46.64634146341464,1013.4146341463429,25.335365853658573,0
2079,4,0,0,43,0.0,0.0,1.0,43,1450,900,550,0.6206896551724138,20,9,11,314.1342805852187,0.4392995570321152,0.11925711888894086,0.17150219476151451,128582.21379469904,-521.5837547094789,128060.63003998956,1612,1,320.1860465116279,40,3,19,38.47799766199068,0.5989583333333333,46.44308943089432,1014.2276422764237,25.355691056910594,0
2080,4,0,0,43,0.0,0.0,1.0,43,1250,900,350,0.72,16,9,7,315.38960519286326,0.4391842008121078,0.11710874155837425,0.17301614213019736,128773.09032698718,-477.26117646132764,128295.82915052585,1613,2,321.1860465116279,41,2,20,38.252105528947986,0.599339430894309,46.254960317460316,1014.9801587301579,24.755613627564827,0
2081,4,1,0,44,0.022727272727272728,0.0,1.0,44,1150,1000,150,0.8695652173913043,13,10,3,309.68408897148294,0.4405831571529246,0.1243789829626738,0.1709867126311742,129029.04652852894,-808.3514549906869,128220.69507353826,1614,0,314.8636363636364,42,2,21,38.137021141312985,0.6004464285714286,46.002906976744185,1015.9883720930233,24.190199335548172,0
2082,4,1,0,45,0.022222222222222223,0.0,1.0,45,1100,900,200,0.8181818181818182,13,9,4,307.98547993139834,0.44162457912457914,0.1287004801237861,0.17148153916818878,129360.29188368031,-1031.321600499168,128328.97028318114,1615,0,308.84444444444443,39,6,22,37.844306778619696,0.608440170940171,45.67708333333332,1017.2916666666647,26.084401709401657,0
2083,4,0,0,45,0.0,0.0,1.0,45,1650,1500,150,0.9090909090909091,18,15,3,304.83187328433263,0.44145622895622894,0.1270665512726632,0.1701553165590469,129459.81744497304,-1107.304266640243,128352.5131783328,1616,1,309.84444444444443,40,5,14,37.82371346781174,0.6078125,45.57926829268292,1017.6829268292668,25.442073170731668,0
2084,4,0,1,44,0.0,0.022222222222222223,0.9777777777777777,45,700,300,400,0.42857142857142855,11,3,8,303.90693811934295,0.4413930976430977,0.1272991470056457,0.1699740814707682,129537.3963600535,-1126.5373000528846,128410.85906000063,1617,2,310.84444444444443,40,5,14,37.76870985990483,0.60859375,45.5030487804878,1017.9878048780486,25.449695121951216,0
2085,4,0,0,44,0.0,0.0,1.0,44,1150,700,450,0.6086956521739131,16,7,9,306.67635850290975,0.4420476568005638,0.12983393307112245,0.17202379558708827,129651.86767578128,-847.7674696180551,128804.10020616322,1618,3,317.3181818181818,39,5,14,37.58235740342981,0.6113782051282051,45.390625,1018.4375000000002,26.113782051282058,0
2086,4,0,2,42,0.0,0.045454545454545456,0.9545454545454546,44,1300,900,400,0.6923076923076923,17,9,8,311.1532595671528,0.44165125088090207,0.1332396525293824,0.17548326483369392,129864.12896050338,-718.4705946180607,129145.65836588532,1619,4,318.3181818181818,39,5,16,37.253555612331816,0.6135149572649572,45.182291666666664,1019.2708333333326,26.135149572649553,0
2087,4,0,1,41,0.0,0.023809523809523808,0.9761904761904762,42,1450,1200,250,0.8275862068965517,17,12,5,323.9483431704473,0.43743950832365464,0.14022074987317668,0.18234112374821096,129787.30384589467,8.876409087385753,129796.18025498206,1620,5,333.6190476190476,37,5,16,37.005340040890985,0.6162725225225225,45.25767543859648,1018.9692982456123,27.53971076339493,0
2088,4,1,0,42,0.023809523809523808,0.0,1.0,42,1700,1500,200,0.8823529411764706,19,15,4,322.0125182457763,0.43812911343399147,0.14701590544287169,0.18222558113445922,129996.88042534703,-27.875434027802953,129969.00499131922,1621,0,332.95238095238096,39,3,17,36.842441266598556,0.6148504273504274,45.05208333333332,1019.791666666665,26.148504273504233,0
2089,4,0,0,42,0.0,0.0,1.0,42,1000,600,400,0.6,14,6,8,320.40664401951193,0.43792344173441733,0.14256782055209505,0.18168745019589339,130076.56385633672,-64.52094184028797,130012.04291449644,1622,1,333.95238095238096,39,3,17,36.80275451853365,0.6156517094017093,44.97395833333333,1020.104166666666,26.156517094017076,0
2090,4,0,0,42,0.0,0.0,1.0,42,850,500,350,0.5882352941176471,12,5,7,322.06043716479314,0.43740321331784743,0.142011316572362,0.18299907438899715,130156.2717013888,-16.362847222231267,130139.90885416657,1623,2,334.95238095238096,39,3,17,36.67993738941063,0.6164529914529915,44.89583333333333,1020.416666666666,26.164529914529897,0
2091,4,0,0,42,0.0,0.0,1.0,42,1050,700,350,0.6666666666666666,14,7,7,343.6129316330508,0.4370886566008518,0.16000391926317858,0.18555098308184728,128144.53124999987,479.42708333331876,128623.95833333318,1624,3,335.95238095238096,37,5,20,38.177297668038406,0.5996621621621622,46.87499999999999,1012.499999999999,27.36486486486484,8
2092,4,0,0,42,0.0,0.0,1.0,42,1250,800,450,0.64,17,8,9,378.27348394768154,0.43681039488966317,0.18302134646962265,0.19730091788638038,126742.13927469119,1240.7214506172616,127982.86072530845,1625,4,336.95238095238096,35,7,19,38.74137931034483,0.5892857142857143,48.26388888888888,1006.9444444444431,28.76984126984123,8
2093,4,3,1,44,0.06666666666666667,0.022222222222222223,0.9777777777777777,45,600,100,500,0.16666666666666666,11,1,10,357.23537768033947,0.4436026936026936,0.19082868821999277,0.19005939132815194,127546.62390430958,113.79777863447859,127660.42168294407,1626,0,315.4222222222222,36,9,16,38.444816053511715,0.5954861111111112,47.46621621621621,1010.1351351351341,28.05930930930928,0
2094,4,2,0,46,0.043478260869565216,0.0,1.0,46,800,700,100,0.875,9,7,2,353.24063241873637,0.4443236714975845,0.21261291862514686,0.1901076858108107,128009.35057345309,-156.37920958434444,127852.97136386875,1627,0,309.5217391304348,38,8,18,38.0718609234234,0.5964912280701755,47.008547008547005,1011.9658119658116,26.630679262258198,0
2095,4,3,2,47,0.061224489795918366,0.04081632653061224,0.9591836734693877,49,900,600,300,0.6666666666666666,12,6,6,332.94172247852987,0.4485189909297052,0.2257145435558936,0.18236911649948512,128713.06911571305,-1228.9957949814052,127484.07332073164,1628,0,291.51020408163265,38,11,19,37.867840598020635,0.6036184210526316,46.31410256410255,1014.7435897435873,26.703778677462825,0
2096,4,0,0,47,0.0,0.0,1.0,47,1350,800,550,0.5925925925925926,19,8,11,351.2002189277521,0.4463459759481961,0.23157138739658167,0.19169146494929298,128572.46393352801,-369.0645036928994,128203.3994298351,1629,1,304.40425531914894,36,11,19,37.54811607076762,0.6059027777777778,46.452702702702695,1014.1891891891883,28.171921921921896,0
2097,4,0,1,46,0.0,0.02127659574468085,0.9787234042553191,47,1350,1100,250,0.8148148148148148,16,11,5,349.94173079968465,0.44607616404563677,0.23049212314771772,0.1911416112378868,128601.01814229751,-399.4274257365701,128201.59071656094,1630,2,305.40425531914894,36,11,19,37.55088634765553,0.6061921296296297,46.42454954954954,1014.3018018018003,28.175050050050007,0
2098,4,0,0,46,0.0,0.0,1.0,46,750,200,550,0.26666666666666666,13,2,11,356.325022152555,0.4459239130434782,0.22692775118430508,0.19483398747143718,128643.06205257599,-32.25161286869485,128610.81043970729,1631,3,307.95652173913044,35,11,20,37.34609716676175,0.6086309523809523,46.38310185185183,1014.4675925925901,28.98478835978829,0
2099,4,1,0,47,0.02127659574468085,0.0,1.0,47,1500,1200,300,0.8,18,12,6,348.14226081071035,0.448504471168671,0.23320434947353985,0.19211066387202028,129006.37846500798,-417.48554843803396,128588.89291656994,1632,0,302.3829787234043,37,10,22,37.18328386400431,0.6083896396396397,46.02521929824559,1015.8991228070136,27.456733048838203,0
2100,4,1,0,48,0.020833333333333332,0.0,1.0,48,1350,1100,250,0.8148148148148148,16,11,5,341.33873809022435,0.449680481678487,0.2317598702924113,0.1899953241972754,129348.51794249383,-769.2261796513326,128579.29176284249,1633,0,297.0625,35,13,23,37.008026131148775,0.6157738095238094,45.6886574074074,1017.245370370369,29.064153439153397,0
2101,4,1,1,48,0.02040816326530612,0.02040816326530612,0.9795918367346939,49,1600,1100,500,0.6875,21,11,10,336.67865507131205,0.4496350623582766,0.2420833511877516,0.18958339450779732,129803.15778193735,-1059.609482793602,128743.54829914375,1634,0,291.9795918367347,36,13,19,36.66496297933473,0.6183449074074074,45.24211711711712,1019.0315315315315,28.30643143143143,0
2102,4,0,0,48,0.0,0.0,1.0,48,750,400,350,0.5333333333333333,11,4,7,346.0428720106471,0.4474918735224586,0.24614302761677465,0.1940619012633322,129643.02722318665,-627.5909047068017,129015.43631847986,1635,1,299.0416666666667,35,13,19,36.58903000340947,0.61875,45.39930555555555,1018.4027777777771,29.097222222222204,0
2103,4,0,0,48,0.0,0.0,1.0,48,1250,1100,150,0.88,14,11,3,347.0442435061592,0.44681774527186763,0.2469402696430545,0.19542024638999606,129803.1577819375,-590.5122605713668,129212.64552136612,1636,2,300.0416666666667,36,12,20,36.40089144288501,0.6183449074074074,45.242117117117125,1019.0315315315328,28.306431431431466,0
2104,4,0,1,47,0.0,0.020833333333333332,0.9791666666666666,48,1750,1300,450,0.7428571428571429,22,13,9,346.4157255129114,0.4462821365248227,0.24670035343494545,0.19578326958763462,129946.64216581479,-596.8879352324943,129349.7542305823,1637,3,301.0416666666667,36,12,21,36.271261320963106,0.6197916666666667,45.10135135135137,1019.5945945945972,28.322072072072146,0
2105,4,0,0,47,0.0,0.0,1.0,47,1650,1500,150,0.9090909090909091,18,15,3,353.92847038963225,0.4452474560592044,0.24037091938521904,0.20025176347771437,129990.07100820009,-198.56260044560497,129791.50840775449,1638,4,308.25531914893617,38,9,21,36.0356643967173,0.6165021929824561,45.05876068376069,1019.7649572649578,26.835919928025206,0
2106,4,1,2,46,0.020833333333333332,0.041666666666666664,0.9583333333333334,48,1250,800,450,0.64,17,8,9,348.02459166683525,0.4456541814420804,0.25415404187546153,0.19922608546318288,130444.94224773234,-518.963663566466,129925.97858416587,1639,0,302.8125,34,14,22,35.72500291341336,0.6289828431372548,44.613095238095234,1021.5476190476184,30.045518207282893,0
2107,4,0,0,46,0.0,0.0,1.0,46,1600,1300,300,0.8125,19,13,6,361.00476780381683,0.4439714170692432,0.25599371800959014,0.20618593078198805,130356.43029423781,211.85857002115063,130568.28886425897,1640,1,311.4347826086956,33,13,22,35.483294331773266,0.6303661616161615,44.69975490196079,1021.200980392157,30.94548425430779,0
2108,4,0,0,46,0.0,0.0,1.0,46,1350,1100,250,0.8148148148148148,16,11,5,396.44359328701313,0.4432367149758454,0.23108587748580045,0.21292821241263327,127928.27641034762,962.7402935776516,128891.01670392527,1641,2,312.4347826086956,38,8,17,37.06216777554828,0.5956688596491229,47.08867521367521,1011.6452991452983,26.622244714349954,8
2109,4,2,1,47,0.041666666666666664,0.020833333333333332,0.9791666666666666,48,1600,1200,400,0.75,20,12,8,378.5700881966598,0.4448969414893617,0.24252283105022832,0.20623594356982214,128496.33487654323,129.33902220761468,128625.67389875084,1642,0,300.375,38,10,16,36.93207762557078,0.6014254385964912,46.52777777777778,1013.888888888889,26.681286549707607,0
2110,4,1,1,47,0.020833333333333332,0.020833333333333332,0.9791666666666666,48,1200,900,300,0.75,15,9,6,370.28901148679745,0.4439550088652482,0.25253594599333695,0.2037983239248413,128902.86138733652,-53.73737581270103,128849.12401152382,1643,0,301.0416666666667,38,10,17,36.72650359459932,0.6055372807017544,46.12713675213675,1015.4914529914528,26.72345928924876,0
2111,4,0,0,47,0.0,0.0,1.0,47,1100,700,400,0.6363636363636364,15,7,8,364.63095463185044,0.44308896083872956,0.2477078998590514,0.20137284428274654,129038.51290269547,10.287228796832153,129048.8001314923,1644,1,304.8510638297872,38,9,17,36.7317297581493,0.606907894736842,45.99358974358974,1016.02564102564,26.73751686909579,0
2112,4,1,1,47,0.020833333333333332,0.020833333333333332,0.9791666666666666,48,1000,600,400,0.6,14,6,8,361.04524902696323,0.44307771867612294,0.24377034975317713,0.2009065935701761,129337.19735051853,-260.5811463584063,129076.61620416012,1645,0,299.4791666666667,38,10,18,36.51839792738857,0.6099232456140351,45.69978632478632,1017.2008547008536,26.768443544759304,0
2113,4,0,2,45,0.0,0.0425531914893617,0.9574468085106383,47,1350,1000,350,0.7407407407407407,17,10,7,374.60943318232296,0.44143154486586494,0.25396126356738535,0.2083259653596656,129312.88954293601,288.36565096949914,129601.25519390551,1646,1,306.4468085106383,37,10,18,36.1982535575679,0.6114864864864865,45.7236842105263,1017.1052631578925,27.489331436699796,0
2114,4,0,1,44,0.0,0.022222222222222223,0.9777777777777777,45,1550,1300,250,0.8387096774193549,18,13,5,382.81324757562265,0.44080387205387206,0.22300922489661779,0.2004615068231924,126903.55994091956,719.5474087864604,127623.10734970601,1647,2,315.5777777777778,38,7,17,38.460705828296746,0.5852521929824561,48.10363247863247,1007.5854700854688,26.51540710751234,8
2115,4,4,3,45,0.08333333333333333,0.0625,0.9375,48,950,200,750,0.21052631578947367,17,2,15,365.03522638317185,0.4444536790780142,0.2510804020100501,0.19548441886504644,127810.33631601572,-268.8051648953897,127541.53115112033,1648,0,296.6666666666667,40,8,20,37.97738693467336,0.5911458333333333,47.205284552845534,1011.1788617886189,25.27947154471547,0
2116,4,0,1,44,0.0,0.022222222222222223,0.9777777777777777,45,1250,900,350,0.72,16,9,7,357.8226095623518,0.44290824915824917,0.2028894487652293,0.17997590097491514,125246.8322584834,-29.241327775379943,125217.59093070801,1649,1,309.46666666666664,37,8,14,40.79889637419214,0.5701013513513513,49.75328947368421,1000.9868421052633,27.053698435277386,8
2117,4,2,2,44,0.043478260869565216,0.043478260869565216,0.9565217391304348,46,1250,800,450,0.64,17,8,9,355.8921699721338,0.44474637681159424,0.22494790943186538,0.18142385863400326,125802.56615713361,-245.5703484549483,125556.99580867866,1650,0,303.67391304347825,38,8,17,40.27289669861555,0.5740131578947368,49.198717948717956,1003.2051282051294,26.400134952766564,0
2118,4,1,1,44,0.022222222222222223,0.022222222222222223,0.9777777777777777,45,1550,1200,350,0.7741935483870968,19,12,7,356.24542393225875,0.4456228956228956,0.2435246866392442,0.182548368603676,126016.31180988369,-21.453115381667033,125994.85869450202,1651,0,310.68888888888887,37,8,18,40.04347766735832,0.5779842342342343,48.98574561403508,1004.0570175438586,27.136676149834017,0
2119,4,1,2,43,0.022222222222222223,0.044444444444444446,0.9555555555555556,45,1450,1100,350,0.7586206896551724,18,11,7,349.9927741969713,0.4472222222222222,0.25506662187884865,0.18120495457119715,126439.93391617967,-149.384346146381,126290.54957003328,1652,0,311.2888888888889,36,9,15,39.76411749337512,0.5842013888888888,48.564189189189186,1005.743243243243,27.937312312312304,0
2120,4,3,1,45,0.06521739130434782,0.021739130434782608,0.9782608695652174,46,1350,900,450,0.6666666666666666,18,9,9,341.2068939292956,0.4489130434782609,0.2636600572833687,0.1799818710882909,127199.76463766517,-519.7126798889706,126680.0519577762,1653,0,275.5,38,8,18,39.204926569229706,0.5882675438596492,47.809829059829056,1008.7606837606828,26.546333783175864,0
2121,4,3,5,43,0.0625,0.10416666666666667,0.8958333333333334,48,950,700,250,0.7368421052631579,12,7,5,327.3975694878894,0.4525801566193854,0.2692035361153007,0.17477020013725514,127681.91599122556,-1239.4502073831652,126442.46578384239,1654,0,264.8958333333333,40,8,14,39.06003854533266,0.58984375,47.332317073170735,1010.6707317073178,25.266768292682947,0
2122,4,1,1,43,0.022727272727272728,0.022727272727272728,0.9772727272727273,44,1650,1400,250,0.8484848484848485,19,14,5,356.8306644197896,0.44712385482734324,0.29141312725650126,0.18904433072452675,127376.05003652297,290.33611314016895,127666.38614966314,1655,0,289.54545454545456,36,8,16,38.62998289454114,0.59375,47.63513513513514,1009.4594594594591,28.040540540540533,0
2123,4,0,0,43,0.0,0.0,1.0,43,1150,800,350,0.6956521739130435,15,8,7,358.7271543742403,0.4470284237726098,0.28537124245378864,0.1905844265656509,127489.75326678032,546.8072802532226,128036.56054703354,1656,1,286.27906976744185,36,7,18,38.465469818614324,0.5949074074074074,47.52252252252252,1009.9099099099102,28.053053053053063,0
2124,4,1,0,44,0.022727272727272728,0.0,1.0,44,1150,700,450,0.6086956521739131,16,7,9,349.7122637292315,0.4484672304439747,0.28211398146322253,0.18702709231922937,127756.25673284088,135.58594952292978,127891.8426823638,1657,0,280.75,37,7,19,38.42010122921185,0.5957207207207207,47.25877192982456,1010.9649122807017,27.323376007586532,0
2125,4,1,0,45,0.022222222222222223,0.0,1.0,45,1250,900,350,0.72,16,9,7,345.59079928432715,0.4502946127946128,0.28143301084725936,0.18636726370056897,128090.45041867548,-146.62377182410046,127943.82664685138,1658,0,275.4888888888889,38,7,21,38.182497801231335,0.5973135964912281,46.9284188034188,1012.2863247863239,26.639113810166418,0
2126,4,0,2,43,0.0,0.044444444444444446,0.9555555555555556,45,1850,1200,650,0.6486486486486487,25,12,13,344.58547773075605,0.44966329966329965,0.2846273235878003,0.1862052011026054,128172.28768707656,-166.7267888267478,128005.56089824981,1659,1,276.4888888888889,37,8,21,38.12432322685436,0.5999436936936937,46.84758771929823,1012.6096491228052,27.36782835467041,0
2127,4,1,1,43,0.022727272727272728,0.022727272727272728,0.9772727272727273,44,1650,1200,450,0.7272727272727273,21,12,9,348.08058834100956,0.4512971282593376,0.2803194156335711,0.18967007662871632,128505.59937913588,146.06092740073518,128651.6603065366,1660,0,276.77272727272725,37,7,16,37.69544627086261,0.603322072072072,46.51864035087719,1013.9254385964912,27.4033902323376,0
2128,4,1,0,44,0.022727272727272728,0.0,1.0,44,950,700,250,0.7368421052631579,12,7,5,350.8870799064447,0.4509778012684989,0.295936013834847,0.19186804156586412,128644.60699445962,227.9460987996094,128872.55309325924,1661,0,277.75,37,7,17,37.48243623000432,0.6047297297297297,46.38157894736841,1014.4736842105247,27.41820768136553,0
2129,4,2,1,45,0.043478260869565216,0.021739130434782608,0.9782608695652174,46,1050,600,450,0.5714285714285714,15,6,9,333.06675640027805,0.4519223027375201,0.25981000284802613,0.18192433443889022,128601.01814229753,-609.6257559920319,127991.3923863055,1662,0,266.6304347826087,36,10,21,37.97879427112245,0.6061921296296297,46.42454954954954,1014.3018018018004,28.17505005005001,7
2130,4,1,0,46,0.021739130434782608,0.0,1.0,46,1700,1200,500,0.7058823529411765,22,12,10,330.13551182596416,0.4514492753623189,0.27466629373866724,0.18149401064773724,128858.14868922971,-691.8698259069963,128166.27886332272,1663,0,267.5,36,10,22,37.79138013901212,0.6087962962962963,46.17117117117117,1015.3153153153149,28.20320320320319,0
2131,4,2,1,47,0.041666666666666664,0.020833333333333332,0.9791666666666666,48,1800,1200,600,0.6666666666666666,24,12,12,312.95009635159636,0.4530972960992908,0.27610225477524075,0.17502582497157945,129536.03512619257,-1491.8805276321586,128044.1545985604,1664,0,257.3125,37,11,16,37.53994327157832,0.6137387387387387,45.504385964912274,1017.98245614035,27.513039355144596,0
2132,4,0,0,47,0.0,0.0,1.0,47,1400,600,800,0.42857142857142855,22,6,16,318.3111099395756,0.45178075855689176,0.2797675250029794,0.17802411714933836,129536.03512619255,-1153.448176361971,128382.58694983058,1665,1,263.78723404255317,37,10,17,37.40350782708601,0.6137387387387387,45.504385964912274,1017.9824561403499,27.513039355144592,0
2133,4,1,1,47,0.020833333333333332,0.020833333333333332,0.9791666666666666,48,2100,1600,500,0.7619047619047619,26,16,10,311.61494911074675,0.4519244976359338,0.28807877645086966,0.17643394449651165,130017.30974687698,-1496.9325279421532,128520.37721893484,1666,0,259.2708333333333,38,10,19,37.08686884558978,0.6167763157894737,45.03205128205128,1019.8717948717942,26.838731443994586,0
2134,4,1,0,48,0.020833333333333332,0.0,1.0,48,1400,1200,200,0.8571428571428571,16,12,4,307.8313562794178,0.4504007830969267,0.2855600062833812,0.17465725615639666,130099.0430843193,-1590.2870233399306,128508.75606097937,1667,0,260.1875,38,10,20,37.10074353335427,0.6175986842105263,44.951923076923066,1020.1923076923059,26.847165991902788,0
2135,4,0,1,47,0.0,0.020833333333333332,0.9791666666666666,48,1250,1000,250,0.8,15,10,5,306.9741767884651,0.4499667553191489,0.28406354690117275,0.17453674623115584,130180.80210387894,-1607.571088099941,128573.231015779,1668,1,261.1875,38,10,20,37.04001779731995,0.618421052631579,44.87179487179487,1020.5128205128199,26.85560053981105,0
2136,4,0,0,47,0.0,0.0,1.0,47,1500,1000,500,0.6666666666666666,20,10,10,312.49635669821964,0.44929463459759483,0.284063022452149,0.17715744097279335,130066.77685682142,-1270.9212209525892,128795.85563586884,1669,2,267.3829787234043,37,10,20,37.01438156150345,0.6190878378378378,44.98355263157895,1020.065789473685,27.569345661450946,0
2137,4,1,0,48,0.020833333333333332,0.0,1.0,48,1350,900,450,0.6666666666666666,18,9,9,303.60336828831487,0.4511210845153664,0.28399879719694554,0.17371345327376314,130426.23325525984,-1680.431254109127,128745.80200115072,1670,0,262.7916666666667,38,10,21,36.87833385629118,0.6208881578947368,44.63141025641026,1021.4743589743601,26.880904183535794,0
2138,4,0,0,48,0.0,0.0,1.0,48,1700,1300,400,0.7647058823529411,21,13,8,304.1872623107084,0.4502622635933806,0.28851880877742975,0.17515475934497488,130671.89554569377,-1650.254766600906,129021.64077909286,1671,1,263.7916666666667,38,10,18,36.61572622779522,0.6233552631578947,44.39102564102565,1022.4358974358986,26.906207827260488,0
2139,4,0,1,47,0.0,0.020833333333333332,0.9791666666666666,48,1550,1200,350,0.7741935483870968,19,12,7,302.6333549331018,0.4498744089834515,0.2865834551911426,0.17475342220322793,130781.15297866914,-1684.2521824092191,129096.90079625991,1672,2,264.7916666666667,38,10,18,36.545374625722445,0.6244517543859649,44.28418803418804,1022.863247863249,26.91745389113813,0
2140,4,0,1,46,0.0,0.02127659574468085,0.9787234042553191,47,1150,1000,150,0.8695652173913043,13,10,3,307.4421683027288,0.4498342584027135,0.2867298470074513,0.17720677760143708,130710.70545744855,-1362.8034587565276,129347.90199869202,1673,3,270.0851063829787,37,10,18,36.49340553291873,0.6255630630630631,44.3530701754386,1022.5877192982465,27.637505926979635,0
2141,4,0,1,45,0.0,0.021739130434782608,0.9782608695652174,46,1700,1300,400,0.7647058823529411,21,13,8,308.0610828048395,0.449194847020934,0.2676688647963934,0.178859345091168,130991.17036011085,-1129.3436441982128,129861.82671591263,1674,4,262.9130434782609,37,9,20,36.1950157097972,0.6283783783783784,44.078947368421055,1023.6842105263161,27.66714082503557,0
2142,4,0,1,44,0.0,0.022222222222222223,0.9777777777777777,45,1500,1100,400,0.7333333333333333,19,11,8,362.73292213491635,0.4478114478114478,0.3135447101684521,0.19683000196410796,128338.88942992063,318.06240862571497,128656.95183854635,1675,5,268.8222222222222,37,8,18,37.49447660787071,0.6016328828828829,46.68311403508771,1013.2675438596482,27.385609293504004,8
2143,4,1,1,44,0.022222222222222223,0.022222222222222223,0.9777777777777777,45,1200,800,400,0.6666666666666666,16,8,8,354.539309032106,0.448526936026936,0.2920965641590707,0.19393785874342548,128659.52934967612,122.97212720602923,128782.50147688214,1676,0,256.8666666666667,40,5,17,37.37457845003173,0.5997395833333333,46.36686991869919,1014.5325203252032,25.36331300813008,0
2144,4,0,1,43,0.0,0.022727272727272728,0.9772727272727273,44,1500,800,700,0.5333333333333333,22,8,14,361.40972441295185,0.44851127554615927,0.29302881027018945,0.19828695690764656,128778.125,508.3333333333327,129286.45833333333,1677,1,263.0681818181818,39,5,17,37.07922824302133,0.6025641025641026,46.25,1015.0,26.025641025641026,0
2145,4,0,0,43,0.0,0.0,1.0,43,1250,700,550,0.56,18,7,11,366.77873503884246,0.448827980804725,0.2906866596661797,0.201315121987524,128794.39153928321,847.8088017751302,129642.20034105834,1678,2,269.6279069767442,38,5,17,36.926376170929366,0.6044407894736843,46.23397435897435,1015.0641025641014,26.71221322537109,0
2146,4,0,0,43,0.0,0.0,1.0,43,1350,900,450,0.6666666666666666,18,9,9,367.93204717138553,0.4486895533407161,0.29233084178461777,0.20250110644840874,128902.8613873365,885.4987352984086,129788.3601226349,1679,3,270.6279069767442,38,5,17,36.78634052253199,0.6055372807017544,46.12713675213675,1015.4914529914525,26.72345928924875,0
2147,4,1,0,44,0.022727272727272728,0.0,1.0,44,1000,700,300,0.7,13,7,6,363.3606193876386,0.44926004228329813,0.30269887936849926,0.20164616056859208,129230.01284646145,592.4553476593635,129822.46819412081,1680,0,265.45454545454544,36,8,20,36.56874146269429,0.6125578703703703,45.80518018018019,1016.7792792792802,28.243868868868894,0
2148,4,0,0,44,0.0,0.0,1.0,44,1450,1000,450,0.6896551724137931,19,10,9,369.851786080186,0.44910588442565186,0.29057099924868557,0.19457420050305424,127092.01388888882,638.9406298190055,127730.95451870782,1681,1,266.45454545454544,34,10,18,38.59331955922866,0.5949754901960784,47.916666666666664,1008.3333333333327,29.65686274509802,8
2149,4,1,0,45,0.022222222222222223,0.0,1.0,45,950,800,150,0.8421052631578947,11,8,3,361.7075346984784,0.4505050505050505,0.2938897168405368,0.19180394074011095,127413.15593117707,217.25970400376548,127630.41563518083,1682,0,261.5111111111111,35,10,16,38.468822843822856,0.5961309523809524,47.598379629629626,1009.606481481481,28.845899470899457,0
2150,4,2,0,47,0.0425531914893617,0.0,1.0,47,1400,1000,400,0.7142857142857143,18,10,8,347.4237876630563,0.45330326857847675,0.3003434683386734,0.1870899393308059,128033.53555901833,-503.6208256386365,127529.9147333797,1683,0,251.3404255319149,37,10,18,38.19429396894186,0.5985360360360361,46.98464912280703,1012.0614035087733,27.35301090564252,0
2151,4,1,1,47,0.020833333333333332,0.020833333333333332,0.9791666666666666,48,1150,600,550,0.5217391304347826,17,6,11,341.11035680731055,0.45508274231678486,0.29868871903004734,0.1851992979002487,128360.96871804025,-842.9488320914371,127518.01988594882,1684,0,247.08333333333334,38,10,20,38.019680196801986,0.6000548245614035,46.6613247863248,1013.3547008547026,26.667228969860595,0
2152,4,0,0,47,0.0,0.0,1.0,47,1450,1100,350,0.7586206896551724,18,11,7,351.3343078278142,0.4542668825161887,0.3048448005894815,0.19051226551226563,128311.11495844884,-383.98064789164766,127927.1343105572,1685,1,253.25531914893617,37,10,20,37.81159812409813,0.6013513513513513,46.71052631578948,1013.1578947368429,27.382645803698455,0
2153,4,1,1,47,0.020833333333333332,0.020833333333333332,0.9791666666666666,48,1300,900,400,0.6923076923076923,17,9,8,345.2448293414844,0.45470412234042556,0.3069324523533743,0.1889792590349326,128685.96734832729,-714.3670328365705,127971.60031549072,1686,0,248.95833333333334,38,10,15,37.583359657435665,0.6033442982456141,46.34081196581197,1014.6367521367536,26.700967161493516,0
2154,4,0,2,45,0.0,0.0425531914893617,0.9574468085106383,47,1100,800,300,0.7272727272727273,14,8,6,352.5740055690039,0.45216620413197656,0.30862562206216415,0.1927904668749662,128644.60699446005,-328.65112342257083,128315.95587103747,1687,1,255.2127659574468,37,10,15,37.439652687707174,0.6047297297297297,46.38157894736843,1014.4736842105281,27.418207681365622,0
2155,4,1,1,45,0.021739130434782608,0.021739130434782608,0.9782608695652174,46,1250,900,350,0.72,16,9,7,352.3591819759326,0.4498188405797101,0.3162723962477991,0.1935720917436342,128829.56594685923,-121.143905730028,128708.4220411292,1688,0,260.9130434782609,36,10,16,37.25642447772231,0.6085069444444444,46.19932432432434,1015.2027027027044,28.200075075075123,0
2156,4,0,1,44,0.0,0.022222222222222223,0.9777777777777777,45,1450,800,650,0.5517241379310345,21,8,13,359.019597233104,0.4484006734006734,0.3163225732861865,0.19659742716693476,128701.77636584808,241.2919828103704,128943.06834865846,1689,1,267.44444444444446,35,10,17,37.217810159309515,0.6092261904761904,46.32523148148149,1014.6990740740755,28.991402116402156,0
2157,4,0,0,44,0.0,0.0,1.0,44,1600,800,800,0.5,24,8,16,368.3869247770486,0.448213971106413,0.3182484670754462,0.2019613204967422,128747.91843820874,685.8099489796077,129433.72838718834,1690,2,270.09090909090907,34,10,17,36.93304007820138,0.6118259803921569,46.27976190476191,1014.8809523809534,29.849439775910394,0
2158,4,1,1,44,0.022222222222222223,0.022222222222222223,0.9777777777777777,45,1450,1100,350,0.7586206896551724,18,11,7,365.0279034852609,0.4494739057239057,0.312184553265874,0.20213140226122495,129144.15048494453,428.2436997808772,129572.39418472542,1691,0,265.06666666666666,36,9,18,36.61390243001699,0.6116898148148149,45.88963963963965,1016.4414414414425,28.234484484484515,0
2159,4,1,0,45,0.022222222222222223,0.0,1.0,45,1150,500,650,0.43478260869565216,18,5,13,365.5310896074925,0.4496001683501683,0.30834438463738745,0.20363941928198362,129383.00028344661,458.7271772599825,129841.72746070659,1692,0,265.02222222222224,34,11,20,36.35765270301895,0.6182598039215687,45.6547619047619,1017.3809523809516,29.922969187675047,0
2160,4,0,0,45,0.0,0.0,1.0,45,1150,900,250,0.782608695652174,14,9,5,360.8593026013315,0.44859006734006734,0.3068547967986699,0.20196785051351984,129564.7392290248,350.92828798184274,129915.66751700664,1693,1,266.02222222222224,34,11,17,36.291462036170884,0.6200980392156863,45.47619047619047,1018.0952380952369,29.94397759103638,0
2161,4,0,1,44,0.0,0.022222222222222223,0.9777777777777777,45,1300,900,400,0.6923076923076923,17,9,8,356.4369363827836,0.4486952861952862,0.29958716812483477,0.20019154289118532,129701.9692670823,246.1145136745376,129948.08378075683,1694,2,267.02222222222224,35,10,17,36.264463318562285,0.6193452380952381,45.341435185185176,1018.6342592592578,29.103835978835935,0
2162,4,0,0,44,0.0,0.0,1.0,44,1500,1300,200,0.8666666666666667,17,13,4,365.2141611413062,0.4470137420718816,0.3044423420358877,0.20440520327751616,129564.7392290248,663.7755102040642,130228.51473922886,1695,3,274.02272727272725,34,10,17,36.18062051761771,0.6200980392156863,45.47619047619047,1018.0952380952369,29.94397759103638,0
2163,4,0,0,44,0.0,0.0,1.0,44,1000,600,400,0.6,14,6,8,366.3682832308381,0.4468595842142354,0.30532534319350635,0.20568550074298203,129685.96938775493,702.565192743743,130388.53458049867,1696,4,275.02272727272725,34,10,17,36.027836216300464,0.6213235294117647,45.35714285714285,1018.5714285714271,29.95798319327727,0
2164,4,0,1,43,0.0,0.022727272727272728,0.9772727272727273,44,1100,800,300,0.7272727272727273,14,8,6,368.2235689539852,0.44690362931641997,0.30660307208566184,0.20704712898214192,129746.6057256234,755.1516439909086,130501.75736961431,1697,5,276.02272727272725,34,10,18,35.91887707408273,0.6219362745098039,45.29761904761904,1018.8095238095224,29.96498599439772,0
2165,4,1,0,44,0.022727272727272728,0.0,1.0,44,1400,1000,400,0.7142857142857143,18,10,8,368.6726413754094,0.4485553206483439,0.3035708598303486,0.20810440528000165,129898.25857426274,777.9868197278505,130676.2453939906,1698,0,275.8863636363636,34,10,19,35.75314336875704,0.623468137254902,45.148809523809504,1019.4047619047595,29.98249299719881,0
2166,4,0,0,44,0.0,0.0,1.0,44,1200,800,400,0.6666666666666666,16,8,8,366.83893006642035,0.4475973396758281,0.30295003010234844,0.2082431520301859,130118.92804967119,746.5376694261727,130865.46571909737,1699,1,276.8863636363636,36,8,20,35.57556107431935,0.6215277777777778,44.93243243243243,1020.2702702702694,28.340840840840816,0
2167,4,0,1,43,0.0,0.022727272727272728,0.9772727272727273,44,1100,800,300,0.7272727272727273,14,8,6,369.79678294353215,0.4470467758985201,0.30448627938698536,0.21054259048996068,130233.84871357835,832.0116569271838,131065.86037050553,1700,2,277.8863636363636,36,8,20,35.38333884966166,0.6226851851851851,44.81981981981981,1020.72072072072,28.353353353353334,0
2168,4,0,0,43,0.0,0.0,1.0,43,950,700,250,0.7368421052631579,12,7,5,376.52871631301883,0.4450904392764858,0.3074451838546577,0.21404601494080458,130173.98787133448,1202.8489101079801,131376.83678144246,1701,3,284.6511627906977,35,8,20,35.27241408642396,0.6241071428571429,44.8784722222222,1020.4861111111079,29.15674603174594,0
2169,4,1,2,42,0.022727272727272728,0.045454545454545456,0.9545454545454546,44,1200,900,300,0.75,15,9,6,369.06484194821473,0.4460667723749119,0.31030818857479137,0.212326821484966,130638.16350682426,842.8810558639261,131481.04456268818,1702,0,279.15909090909093,33,11,16,34.991608726924,0.6332070707070707,44.424019607843135,1022.3039215686272,30.978906714200825,0
2170,4,0,0,42,0.0,0.0,1.0,42,1000,900,100,0.9,11,9,2,379.9673700585942,0.4441661827332559,0.31116523703625276,0.21811743923789095,130552.7576905418,1521.157598714416,132073.9152892562,1703,1,290.35714285714283,32,10,16,34.7996973066469,0.634765625,44.50757575757576,1021.969696969697,31.93655303030303,0
2171,4,1,0,43,0.023255813953488372,0.0,1.0,43,750,400,350,0.5333333333333333,11,4,7,371.02464398909916,0.44511351052048725,0.31275156194725984,0.2146697680294519,130857.49959450694,1110.2714400711288,131967.77103457807,1704,0,284.5813953488372,33,10,17,34.71910308619796,0.6354166666666667,44.20955882352941,1023.1617647058825,31.00490196078432,0
2172,4,0,1,42,0.0,0.023255813953488372,0.9767441860465116,43,1300,900,400,0.6923076923076923,17,9,8,374.0793037389351,0.4447674418604651,0.3142987614719772,0.2169659961685823,130951.5570934256,1197.25346020761,132148.8105536332,1705,1,285.5813953488372,33,10,17,34.54561781609196,0.6363636363636364,44.11764705882353,1023.5294117647059,31.016042780748663,0
2173,4,0,1,41,0.0,0.023809523809523808,0.9761904761904762,42,1250,900,350,0.72,16,9,7,374.0436937581232,0.4433918892760356,0.2952855955349718,0.20214490727359505,128176.49347005412,1197.2071322474749,129373.7006023016,1706,2,292.92857142857144,32,10,20,37.374272651704075,0.6106770833333333,46.843434343434346,1012.626262626263,31.64457070707072,8
2174,4,0,0,41,0.0,0.0,1.0,41,1550,1300,250,0.8387096774193549,18,13,5,371.76762336824396,0.44164126016260163,0.3160255558998426,0.20122196510403006,128237.60880730975,1334.9182105440327,129572.52701785378,1707,3,300.8780487804878,33,8,20,37.36930328695301,0.6089015151515151,46.78308823529412,1012.867647058824,30.692959001782544,0
2175,4,0,0,41,0.0,0.0,1.0,41,1300,900,400,0.6923076923076923,17,9,8,370.1236276356153,0.44166666666666665,0.3124335508423819,0.20077260642490247,128325.39859693873,1299.2524092970477,129624.65100623577,1708,4,301.8780487804878,34,7,21,37.32106489640857,0.6075367647058824,46.69642857142857,1013.2142857142853,29.800420168067216,0
2176,4,2,0,43,0.046511627906976744,0.0,1.0,43,1200,800,400,0.6666666666666666,16,8,8,357.92921964540903,0.44525193798449614,0.3230604259355687,0.19762774906002936,129029.71172185699,636.7008055352709,129666.41252739227,1709,0,288.7906976744186,36,7,20,36.910930687947996,0.6105324074074074,46.002252252252255,1015.990990990991,28.22197197197197,0
2177,4,0,0,43,0.0,0.0,1.0,43,1550,1200,350,0.7741935483870968,19,12,7,358.8631026789916,0.44525193798449614,0.31971094283932766,0.19915852891366265,129231.6485969388,675.5223447730741,129907.17094171187,1710,1,289.7906976744186,34,9,21,36.68139952386529,0.6167279411764706,45.80357142857143,1016.7857142857146,29.905462184873958,0
2178,4,0,0,43,0.0,0.0,1.0,43,1300,1000,300,0.7692307692307693,16,10,6,359.27753733929256,0.44472129937246213,0.32241782056378065,0.19954152951575002,129261.91184807247,688.1802721088336,129950.0921201813,1711,2,290.7906976744186,34,9,21,36.64003355966596,0.6170343137254901,45.77380952380952,1016.9047619047611,29.90896358543415,0
2179,4,0,0,43,0.0,0.0,1.0,43,1650,1200,450,0.7272727272727273,21,12,9,360.33520026563605,0.44449058693244736,0.3197720713308805,0.2008691658551178,129407.39300679442,726.007774991429,130133.40078178585,1712,3,291.7906976744186,35,8,21,36.464968907594894,0.6163690476190475,45.63078703703704,1017.476851851852,29.0707671957672,0
2180,4,0,0,43,0.0,0.0,1.0,43,1500,1100,400,0.7333333333333333,19,11,8,361.57041033717724,0.4433831672203765,0.3241615071393107,0.2024122650067136,129573.74762854094,770.0066197954998,130343.75424833644,1713,4,292.7906976744186,36,7,19,36.264194594993185,0.6160300925925926,45.467342342342356,1018.1306306306326,28.28140640640646,0
2181,4,0,0,43,0.0,0.0,1.0,43,1150,800,350,0.6956521739130435,15,8,7,360.16190735704413,0.4432216685123662,0.32291227384466636,0.2020660229613592,129659.75265806368,739.7007649541706,130399.45342301785,1714,5,293.7906976744186,36,7,19,36.21254422821762,0.6168981481481481,45.382882882882896,1018.4684684684701,28.290790790790837,0
2182,4,0,1,42,0.0,0.023255813953488372,0.9767441860465116,43,1250,1000,250,0.8,15,10,5,361.0683710204264,0.44266795865633074,0.32851934063899035,0.20323491047200626,129787.30384589493,772.418075754083,130559.72192164902,1715,6,294.7906976744186,37,6,19,36.05973582266222,0.6162725225225225,45.25767543859649,1018.9692982456144,27.539710763394982,0
2183,4,1,0,43,0.023255813953488372,0.0,1.0,43,900,600,300,0.6666666666666666,12,6,6,360.08594932328623,0.44222960502030273,0.33628637316352084,0.20340699616086969,129927.00277970143,756.9776277316103,130683.98040743305,1716,0,295.0232558139535,37,6,20,35.942765469276544,0.6176801801801801,45.12061403508772,1019.5175438596491,27.554528212422948,0
2184,4,0,0,43,0.0,0.0,1.0,43,950,700,250,0.7368421052631579,12,7,5,359.52274849526214,0.4420450350682909,0.33626791817834034,0.20352532463508427,130010.85820877583,748.3722154893882,130759.23042426522,1717,1,296.0232558139535,37,6,20,35.87192685374333,0.6185247747747749,45.03837719298246,1019.8464912280706,27.563418681839746,0
2185,4,0,0,43,0.0,0.0,1.0,43,1050,600,450,0.5714285714285714,15,6,9,360.2149007585103,0.44183739387227755,0.33321584185146524,0.2042095808504827,130066.77685682132,770.3982234918399,130837.17508031316,1718,2,297.0232558139535,37,6,20,35.79748020351856,0.6190878378378378,44.983552631578945,1020.0657894736842,27.569345661450924,0
2186,4,1,0,44,0.022727272727272728,0.0,1.0,44,1200,900,300,0.75,15,9,6,350.469045208671,0.4424220401691332,0.32824191046639806,0.20098590967997543,130514.55886667038,348.40984726068,130862.96871393107,1719,0,291.25,37,7,18,35.59204760882783,0.6235923423423424,44.54495614035087,1021.8201754385955,27.616761498340416,0
2187,4,1,1,44,0.022222222222222223,0.022222222222222223,0.9777777777777777,45,1350,1100,250,0.8148148148148148,16,11,5,344.073391522712,0.44215067340067343,0.32757424996230977,0.19967093665530605,130972.46334876532,12.827932098749386,130985.29128086407,1720,0,285.75555555555553,38,7,20,35.29228855721391,0.6263706140350878,44.097222222222214,1023.6111111111103,26.937134502923954,0
2188,4,1,1,44,0.022222222222222223,0.022222222222222223,0.9777777777777777,45,1400,1100,300,0.7857142857142857,17,11,6,341.28627618064525,0.44330808080808076,0.3212070643860383,0.19904214209367546,131163.9135437212,-47.111275476664446,131116.80226824453,1721,0,285.44444444444446,38,7,21,35.17026491447644,0.6282894736842105,43.91025641025641,1024.3589743589741,26.956815114709844,0
2189,4,1,1,44,0.022222222222222223,0.022222222222222223,0.9777777777777777,45,1400,1100,300,0.7857142857142857,17,11,6,336.70109626834545,0.44465488215488214,0.30381513609799526,0.1979558995297497,131472.44953991158,-146.41096522917803,131326.0385746824,1722,0,277.64444444444445,36,9,22,34.97652904359283,0.6351273148148149,43.609234234234236,1025.5630630630635,28.487862862862876,0
2190,4,2,1,45,0.043478260869565216,0.021739130434782608,0.9782608695652174,46,1500,1100,400,0.7333333333333333,19,11,8,329.18626919504084,0.44658816425120773,0.298787599338197,0.19616564666158004,131985.99810979606,-510.40433925051,131475.59377054556,1723,0,271.0,38,8,20,34.652474526928664,0.6365131578947368,43.10897435897435,1027.5641025641016,27.04116059379215,0
2191,4,0,1,44,0.0,0.022222222222222223,0.9777777777777777,45,900,700,200,0.7777777777777778,11,7,4,334.294730692165,0.44530723905723907,0.3034482758620689,0.19856301473643034,131862.52170138876,-183.81076388890904,131678.71093749985,1724,1,278.0,37,8,20,34.645453008789715,0.6371058558558558,43.22916666666666,1027.0833333333321,27.759009009008977,0
2192,4,0,0,44,0.0,0.0,1.0,44,900,600,300,0.6666666666666666,12,6,6,341.8694938786301,0.4433249647639183,0.3104997108616325,0.20267659591582216,131790.24252292817,211.01270189105887,132001.25522481924,1725,2,285.25,36,8,21,34.523744242158365,0.6383101851851851,43.29954954954954,1026.8018018018004,28.522272272272232,0
2193,4,0,0,44,0.0,0.0,1.0,44,1600,900,700,0.5625,23,9,14,345.34830262998287,0.44230091613812544,0.3110129129966914,0.20567610399451483,131963.74584043512,314.6911269377563,132278.43696737287,1726,3,286.25,36,8,21,34.25969055969603,0.6400462962962963,43.130630630630634,1027.4774774774783,28.541041041041062,0
2194,4,0,1,43,0.0,0.022727272727272728,0.9772727272727273,44,1750,1300,450,0.7428571428571429,22,13,9,344.3315356321803,0.4418274312896406,0.30601761008795103,0.20554047911804527,132050.5402995902,293.83306448340966,132344.37336407363,1727,4,287.25,36,8,21,34.19844052445126,0.6409143518518519,43.046171171171174,1027.815315315316,28.550425425425445,0
2195,4,0,0,43,0.0,0.0,1.0,43,1650,1200,450,0.7272727272727273,21,12,9,351.0665808300991,0.4417220376522702,0.3038682860263442,0.20934319484153452,132011.15779588904,668.9411597650894,132680.09895565413,1728,5,292.1860465116279,35,8,21,34.065045800953555,0.6425595238095239,43.08449074074074,1027.662037037037,29.361772486772484,0
2196,4,0,0,43,0.0,0.0,1.0,43,1300,900,400,0.6923076923076923,17,9,8,353.7541752480329,0.44139904023624954,0.30621638746772906,0.21144310797799648,132100.3796403464,746.2121699245531,132846.59181027094,1729,6,293.1860465116279,35,8,22,33.90612099377016,0.6434523809523809,42.99768518518518,1028.0092592592594,29.371693121693124,0
2197,4,0,0,43,0.0,0.0,1.0,43,1100,800,300,0.7272727272727273,14,8,6,354.8401418168559,0.4413298265042451,0.30809503366386437,0.21242586387472692,132159.8776148834,779.1259430727072,132939.00355795608,1730,7,294.1860465116279,35,8,22,33.818287558156996,0.644047619047619,42.93981481481482,1028.2407407407406,29.378306878306876,0
2198,4,0,0,43,0.0,0.0,1.0,43,1150,700,450,0.6086956521739131,16,7,9,356.72510925056304,0.44109911406423036,0.3136433934071452,0.21405915232341355,132249.14969403727,835.3184745799048,133084.46816861717,1731,8,295.1860465116279,35,8,22,33.679930422714804,0.6449404761904762,42.85300925925926,1028.5879629629635,29.38822751322753,0
2199,4,0,0,43,0.0,0.0,1.0,43,1200,700,500,0.5833333333333334,17,7,10,357.16041895458045,0.44077611664820965,0.3157894736842106,0.21516737434580818,132398.00347222216,857.6327267661086,133255.63619898827,1732,9,296.1860465116279,33,10,22,33.51889338731444,0.6508838383838385,42.70833333333333,1029.166666666666,31.186868686868667,0
2200,4,0,0,43,0.0,0.0,1.0,43,1000,400,600,0.4,16,4,12,357.4752724929507,0.44040697674418605,0.3160841406922752,0.2155373161283771,132429.5361910082,868.0569071991429,133297.59309820735,1733,10,297.1860465116279,33,10,22,33.47906000714369,0.651199494949495,42.67769607843137,1029.289215686274,31.190582293523455,0
2201,4,0,0,43,0.0,0.0,1.0,43,1350,1100,250,0.8148148148148148,16,11,5,356.04263423435486,0.4398301956441491,0.31334856835596225,0.21536844658231938,132551.19756235814,838.7755102040676,133389.9730725622,1734,11,298.1860465116279,34,9,22,33.39354527938343,0.6501225490196079,42.5595238095238,1029.7619047619037,30.287114845938344,0
2202,4,0,0,43,0.0,0.0,1.0,43,1100,700,400,0.6363636363636364,15,7,8,356.70712165576197,0.43920727205610927,0.315382278698793,0.2159463477567526,132581.84700963704,858.5778061224348,133440.42481575947,1735,12,299.1860465116279,34,9,22,33.3456151504643,0.6504289215686274,42.5297619047619,1029.8809523809514,30.29061624649857,0
2203,4,0,0,43,0.0,0.0,1.0,43,1150,1000,150,0.8695652173913043,13,10,3,357.95753582428836,0.4387689184200812,0.3174935848346838,0.21741210333748864,132704.4802295917,900.5137471655169,133604.9939767572,1736,13,300.1860465116279,34,9,19,33.19011168881186,0.6516544117647058,42.41071428571428,1030.3571428571418,30.304621848739462,0
2204,4,1,1,43,0.022727272727272728,0.022727272727272728,0.9772727272727273,44,1100,800,300,0.7272727272727273,14,8,6,333.7999213088332,0.438468992248062,0.1859413758497288,0.19663477573051635,131547.23340821092,209.7343726006672,131756.9677808116,1737,0,294.34090909090907,38,6,17,34.9755693258349,0.6321271929824561,43.53632478632478,1025.8547008547002,26.996176338281586,8
2205,4,0,0,43,0.0,0.0,1.0,43,1400,1000,400,0.7142857142857143,18,10,8,335.20805613408635,0.4352620893318568,0.21424610338277117,0.19840693052260777,131728.82080078113,231.31239149304054,131960.13319227417,1738,1,301.86046511627904,39,4,16,34.75657449687129,0.6322115384615384,43.35937499999999,1026.562499999999,26.322115384615362,0
2206,4,0,1,42,0.0,0.023255813953488372,0.9767441860465116,43,800,600,200,0.75,10,6,4,335.20805613408635,0.4352620893318568,0.21424610338277117,0.19840693052260777,131728.82080078113,231.31239149304054,131960.13319227417,1739,2,302.86046511627904,39,4,16,34.75657449687129,0.6322115384615384,43.35937499999999,1026.562499999999,26.322115384615362,0
2207,4,0,0,42,0.0,0.0,1.0,42,1150,800,350,0.6956521739130435,15,8,7,340.30791262757225,0.43257597754548976,0.2220016948396597,0.20147989725436455,131739.1030777447,566.3718359631599,132305.47491370785,1740,3,310.5952380952381,38,4,16,34.61533458216256,0.634046052631579,43.349358974358964,1026.6025641025624,27.01585695006743,0
2208,4,0,0,42,0.0,0.0,1.0,42,1400,1100,300,0.7857142857142857,17,11,6,336.95973265947526,0.43204365079365076,0.21775179865020822,0.20065273987530455,131958.55391418267,492.9438098107691,132451.49772399344,1741,4,311.5952380952381,38,4,17,34.480390627707884,0.6362390350877193,43.13568376068375,1027.4572649572629,27.038349077822705,0
2209,4,0,0,42,0.0,0.0,1.0,42,1350,1000,350,0.7407407407407407,17,10,7,342.8024970871584,0.4326727642276423,0.21984424532808378,0.20491325522429846,132103.3542209202,657.0719401041761,132760.4261610244,1742,5,312.5952380952381,39,3,17,34.184588948559465,0.6359508547008548,42.99479166666667,1028.020833333334,26.359508547008563,0
2210,4,0,0,42,0.0,0.0,1.0,42,1550,1300,250,0.8387096774193549,18,13,5,343.5826837153122,0.43192266744096014,0.22038218710962565,0.20596186012879691,132210.4614257815,685.0450303819741,132895.50645616348,1743,6,313.5952380952381,39,3,17,34.056792092913355,0.6370192307692308,42.890625000000014,1028.437500000002,26.37019230769236,0
2211,4,0,0,42,0.0,0.0,1.0,42,1400,900,500,0.6428571428571429,19,9,10,345.6809576163126,0.4312209639953542,0.1604507527392578,0.2065926816263453,132095.80342793488,776.4863988934968,132872.28982682838,1744,7,314.5952380952381,38,4,18,34.118210004849985,0.637609649122807,43.00213675213675,1027.9914529914531,27.05240665766982,8
2212,4,0,0,42,0.0,0.0,1.0,42,1250,800,450,0.64,17,8,9,345.81952226665214,0.4310757839721255,0.16259945374658535,0.20697556481929508,132150.7232084157,740.059993425394,132890.78320184108,1745,8,315.5952380952381,38,4,18,34.059382793017434,0.638157894736842,42.948717948717956,1028.2051282051298,27.058029689608677,0
2213,4,0,0,42,0.0,0.0,1.0,42,1300,1000,300,0.7692307692307693,16,10,6,343.2043767098945,0.43102739063104917,0.1333376900623009,0.20060020521064964,131248.05908203137,608.9816623264026,131857.04074435777,1746,9,316.5952380952381,39,3,20,35.03619413100201,0.6274038461538461,43.82812500000001,1024.687500000001,26.274038461538485,8
2214,4,0,0,42,0.0,0.0,1.0,42,1000,500,500,0.5,15,5,10,348.92818906125154,0.43088221060782034,0.1348323477428195,0.20452223445351955,131356.22409058549,766.8267068953775,132123.05079748086,1747,10,317.5952380952381,37,5,20,34.78034638285732,0.6320382882882882,43.72258771929824,1025.1096491228063,27.70566619250828,0
2215,4,0,1,41,0.0,0.023809523809523808,0.9761904761904762,42,1150,800,350,0.6956521739130435,15,8,7,346.20287270999523,0.4302047038327526,0.14213038064480865,0.2035028398740504,131465.04635336762,702.7153416977053,132167.76169506533,1748,11,318.5952380952381,38,4,21,34.740380942459275,0.6313048245614035,43.61645299145299,1025.5341880341878,26.987741790373363,0
2216,4,0,0,41,0.0,0.0,1.0,41,1300,1000,300,0.7692307692307693,16,10,6,346.7923518933998,0.429979674796748,0.15403870523631458,0.20401859494407923,131496.76462950127,920.4144544475048,132417.17908394878,1749,26,327.0975609756098,37,4,21,34.693268476943906,0.6334459459459459,43.585526315789465,1025.6578947368412,27.720483641536248,0
2217,4,0,0,41,0.0,0.0,1.0,41,1550,1100,450,0.7096774193548387,20,11,9,347.40568484520645,0.4301321138211382,0.16391161240386798,0.2051337416067058,131637.38031173052,946.3148516851273,132583.69516341566,1750,27,328.0975609756098,37,4,16,34.53571873775687,0.6348536036036037,43.4484649122807,1026.2061403508771,27.735301090564246,0
2218,4,0,0,41,0.0,0.0,1.0,41,950,600,350,0.631578947368421,13,6,7,345.8696136449483,0.43005589430894314,0.17975868272634687,0.18833394863140138,128477.8068732689,700.0131049938683,129177.81997826276,1751,28,329.0975609756098,37,4,13,37.77985074626866,0.6030405405405406,46.54605263157896,1013.8157894736859,27.40042674253205,7
2219,4,0,0,41,0.0,0.0,1.0,41,850,500,350,0.5882352941176471,12,5,7,347.7458343338416,0.4302337398373984,0.17682597195741612,0.18975228446924508,128561.19340806802,741.323892928609,129302.51730099664,1752,29,330.0975609756098,37,4,14,37.64720059826286,0.6038851351351351,46.46381578947369,1014.1447368421066,27.409317211948824,0
2220,4,1,0,42,0.023809523809523808,0.0,1.0,42,1200,800,400,0.6666666666666666,16,8,8,343.9142051831444,0.4323703058459156,0.17948833573833545,0.18915281285072957,128875.73964497054,464.43951347798753,129340.17915844853,1753,0,323.2142857142857,38,4,15,37.42371632996633,0.6052631578947368,46.15384615384616,1015.3846153846164,26.720647773279378,0
2221,4,0,0,42,0.0,0.0,1.0,42,1400,1000,400,0.7142857142857143,18,10,8,345.91993854562315,0.4323945025164537,0.17625881721217396,0.19118691221034323,129069.04432508693,529.5111762152858,129598.55550130221,1754,1,324.2142857142857,39,3,17,37.175914061165216,0.6055021367521367,45.96354166666667,1016.1458333333344,26.055021367521395,0
2222,4,1,0,43,0.023255813953488372,0.0,1.0,43,1250,900,350,0.72,16,9,7,339.8597423410449,0.4337855297157623,0.17586405612257128,0.18922863419057256,129360.29188368042,192.93891059026703,129553.23079427068,1755,0,317.6511627906977,39,4,20,37.033671240357705,0.608440170940171,45.67708333333333,1017.2916666666655,26.08440170940168,0
2223,4,1,1,43,0.022727272727272728,0.022727272727272728,0.9772727272727273,44,950,500,450,0.5263157894736842,14,5,9,334.66883731862566,0.4363658386187456,0.181346492262477,0.18779681341586016,129666.7461910898,-120.9161626677415,129545.83002842206,1756,0,311.40909090909093,40,4,13,36.85454500099779,0.6098958333333333,45.376016260162594,1018.4959349593483,25.46239837398371,0
2224,4,0,0,43,0.0,0.0,1.0,43,900,700,200,0.7777777777777778,11,7,4,340.96846566937666,0.43429309708379477,0.17679176827454923,0.19100095999530992,129598.82948133688,237.82280815972692,129836.65228949662,1757,1,319.6279069767442,39,4,13,36.76310741687978,0.610844017094017,45.442708333333336,1018.2291666666673,26.108440170940188,0
2225,4,0,0,43,0.0,0.0,1.0,43,1250,800,450,0.64,17,8,9,340.2729299640959,0.435077519379845,0.1704606618534128,0.19119371356278578,129718.50419723711,227.93909875074903,129946.44329598786,1758,2,320.6279069767442,40,3,14,36.659309324288394,0.6104166666666666,45.32520325203252,1018.69918699187,25.46747967479675,0
2226,4,1,1,43,0.022727272727272728,0.022727272727272728,0.9772727272727273,44,1250,800,450,0.64,17,8,9,331.2160127100579,0.43553999295278367,0.1651674361831974,0.18725182500736934,129958.94451530615,-191.10331632652824,129767.84119897963,1759,0,314.3181818181818,41,3,15,36.646234676007005,0.6112804878048781,45.089285714285715,1019.6428571428575,24.869337979094084,0
2227,4,0,0,43,0.0,0.0,1.0,43,1100,700,400,0.6363636363636364,15,7,8,339.4722860588165,0.4330933923957179,0.1706044471847552,0.19188312371989327,129951.54303200803,222.9894779892868,130174.53250999733,1760,1,322.48837209302326,40,3,15,36.44327884647331,0.6127604166666667,45.09654471544715,1019.6138211382112,25.49034552845528,0
2228,4,0,0,43,0.0,0.0,1.0,43,1300,700,600,0.5384615384615384,19,7,12,338.7180362216477,0.43277039497969727,0.17497915315482349,0.19234893007156897,130132.94004891254,215.67478022340381,130348.61482913594,1761,2,323.48837209302326,40,3,17,36.278635458167365,0.6145833333333333,44.918699186991866,1020.3252032520313,25.508130081300784,0
2229,4,0,0,43,0.0,0.0,1.0,43,1050,500,550,0.47619047619047616,16,5,11,334.6938775510209,0.43263196751568844,0.16971998101566266,0.19069767441860472,130262.58680555543,119.68260460043189,130382.26941015586,1762,3,324.48837209302326,39,4,18,36.250000000000014,0.6175213675213675,44.791666666666664,1020.8333333333323,26.17521367521365,0
2230,4,0,0,43,0.0,0.0,1.0,43,1350,1100,250,0.8148148148148148,16,11,5,333.1873467411283,0.43226282761166485,0.16879678916057061,0.19035948411713405,130368.94531249999,87.45659722222217,130456.4019097222,1763,4,325.48837209302326,39,4,19,36.18081055351556,0.6185897435897436,44.6875,1021.2499999999999,26.185897435897434,0
2231,4,0,1,42,0.0,0.023255813953488372,0.9767441860465116,43,1000,600,400,0.6,14,6,8,336.53654239705736,0.43226282761166485,0.1688227929739361,0.19280084157887512,130475.34722222232,181.9444444444497,130657.29166666677,1764,5,326.48837209302326,39,4,19,35.98762914627514,0.6196581196581197,44.583333333333336,1021.6666666666674,26.196581196581217,0
2232,4,0,0,42,0.0,0.0,1.0,42,1250,900,350,0.72,16,9,7,342.25263038112075,0.4328421409214092,0.1677475592747555,0.19568990110308088,130398.95171305421,525.8768445467038,130924.82855760091,1765,6,330.7857142857143,38,4,20,35.91897663877266,0.6206140350877193,44.65811965811965,1021.3675213675208,26.878092667566335,0
2233,4,0,0,42,0.0,0.0,1.0,42,750,400,350,0.5333333333333333,11,4,7,341.6788804944516,0.4323945025164537,0.16931050964928063,0.19591227895976823,130508.09500328726,518.3719592373423,131026.4669625246,1766,7,331.7857142857143,38,4,16,35.823138854035975,0.6217105263157895,44.55128205128205,1021.7948717948714,26.889338731443985,0
2234,4,0,0,42,0.0,0.0,1.0,42,950,500,450,0.5263157894736842,14,5,9,343.1748904484069,0.43192266744096014,0.1709712414592759,0.19746485428146754,130644.58832137121,566.7884569727587,131211.37677834395,1767,8,332.7857142857143,38,4,17,35.64679346500855,0.6230811403508771,44.417735042735046,1022.3290598290602,26.903396311291058,0
2235,4,0,0,42,0.0,0.0,1.0,42,650,400,250,0.6153846153846154,9,4,5,365.38848638117474,0.4313298490127759,0.24817463114960492,0.19820404127407104,128325.39859693863,1053.526826712477,129378.9254236511,1768,9,333.7857142857143,34,8,18,37.44100771550542,0.6075367647058824,46.69642857142856,1013.2142857142845,29.80042016806719,8
2236,4,1,1,42,0.023255813953488372,0.023255813953488372,0.9767441860465116,43,1150,1000,150,0.8695652173913043,13,10,3,361.3858599177547,0.43283960871170174,0.2517942663075923,0.19760118915652658,128643.06205257637,697.9567204646838,129341.01877304105,1769,0,327.0,35,8,17,37.21774576915764,0.6086309523809523,46.383101851851855,1014.4675925925931,28.98478835978837,0
2237,4,0,2,40,0.0,0.047619047619047616,0.9523809523809523,42,1450,1100,350,0.7586206896551724,18,11,7,400.96368659295246,0.43255178087495155,0.2150973732235264,0.2131146288059831,127506.9627794129,1852.8652739096574,129359.82805332256,1770,1,334.1904761904762,37,5,13,37.381369196250844,0.5931869369369369,47.50548245614035,1009.9780701754387,27.29670459933618,8
2238,4,2,1,41,0.047619047619047616,0.023809523809523808,0.9761904761904762,42,1000,700,300,0.7,13,7,6,400.90747091376704,0.43597560975609756,0.2552038161318304,0.21499828556445283,127867.13219452143,1852.5777162203854,129719.70991074182,1771,0,334.85714285714283,37,5,16,37.01214223764096,0.5968468468468469,47.14912280701755,1011.4035087719301,27.33522996680892,0
2239,4,0,0,41,0.0,0.0,1.0,41,1450,1200,250,0.8275862068965517,17,12,5,407.1524935093774,0.43663617886178857,0.29409668606722916,0.20637067085222427,125566.11571712005,2061.2928094829667,127627.40852660302,1772,1,342.390243902439,34,7,15,39.23268796769213,0.5793504901960784,49.4345238095238,1002.2619047619037,29.47829131652658,8
2240,4,1,0,42,0.023809523809523808,0.0,1.0,42,850,200,650,0.23529411764705882,15,2,13,399.53883066656823,0.4393873403019744,0.29227371613158404,0.20371779907163598,125811.49798525369,1653.3157578875068,127464.8137431412,1773,0,335.2142857142857,35,7,16,39.16897400399938,0.5797619047619047,49.18981481481481,1003.2407407407401,28.664021164021147,0
2241,4,1,1,42,0.023255813953488372,0.023255813953488372,0.9767441860465116,43,1050,700,350,0.6666666666666666,14,7,7,391.81798891320824,0.44049926172019194,0.2970346894983167,0.2016225229256406,126189.15741008644,1288.8507105195279,127478.00812060597,1774,0,328.3953488372093,35,8,19,38.971724647698025,0.5836309523809524,48.8136574074074,1004.7453703703691,28.707010582010543,0
2242,4,4,3,43,0.08695652173913043,0.06521739130434782,0.9347826086956522,46,1100,900,200,0.8181818181818182,13,9,4,364.3455139577287,0.4479066022544283,0.2858799000665029,0.1911826026602485,126987.00086805546,53.42881944443556,127040.4296874999,1775,0,307.82608695652175,39,7,16,38.84008543475266,0.5844017094017093,48.02083333333333,1007.9166666666658,25.844017094017072,0
2243,4,2,1,44,0.044444444444444446,0.022222222222222223,0.9777777777777777,45,1300,900,400,0.6923076923076923,17,9,8,371.5593197185982,0.4434132996632996,0.3090909090909091,0.1954725116780453,127092.01388888898,444.53125000000995,127536.54513888899,1776,0,315.5777777777778,36,9,19,38.55027548209365,0.5908564814814814,47.91666666666667,1008.3333333333342,28.00925925925928,0
2244,4,0,0,44,0.0,0.0,1.0,44,1150,800,350,0.6956521739130435,15,8,7,378.4222044216884,0.4437654157857646,0.31353749567452693,0.1989475225647468,127064.37467538081,816.7961536241858,127881.170829005,1777,1,322.3863636363636,37,7,20,38.40572321914085,0.5886824324324325,47.94407894736842,1008.2236842105257,27.24928876244664,0
2245,4,3,3,44,0.06382978723404255,0.06382978723404255,0.9361702127659575,47,1500,900,600,0.6,21,9,12,361.40687042168616,0.4496222633364169,0.31413649269164656,0.1941362569433308,127933.68055555575,-152.77477204522472,127780.90578351052,1778,0,302.74468085106383,39,8,18,37.94275123558486,0.594017094017094,47.08333333333334,1011.6666666666682,25.94017094017098,0
2246,4,0,1,43,0.0,0.022727272727272728,0.9772727272727273,44,1400,1100,300,0.7857142857142857,17,11,6,382.1037470962293,0.44563733262861166,0.31851891278120825,0.20286111901787385,127461.3227036158,940.6898029786582,128402.01250659446,1779,1,318.3863636363636,36,8,18,37.90449239805211,0.5946180555555556,47.55067567567568,1009.7972972972975,28.04992492492493,0
2247,4,1,2,42,0.022727272727272728,0.045454545454545456,0.9545454545454546,44,1450,800,650,0.5517241379310345,21,8,13,386.2399800075516,0.4441728329809725,0.33974982028774225,0.20680076210422205,127802.69870799844,1072.5023587776845,128875.20106677612,1780,0,318.84090909090907,36,8,19,37.449186991869915,0.5980902777777778,47.21283783783783,1011.1486486486478,28.08746246246244,0
2248,4,0,0,42,0.0,0.0,1.0,42,1500,1200,300,0.8,18,12,6,399.5660424737098,0.44093592721641506,0.3485526884254355,0.21287614579249037,127602.69451530598,1797.1407312924994,129399.83524659848,1781,1,334.76190476190476,34,8,19,37.318104159302464,0.6001838235294117,47.41071428571428,1010.3571428571416,29.716386554621813,0
2249,4,0,0,42,0.0,0.0,1.0,42,1600,1300,300,0.8125,19,13,6,396.7389772957464,0.4408633372048006,0.34118385931857476,0.21216041531457663,127753.08956916096,1736.9260204081575,129490.01558956911,1782,2,335.76190476190476,34,8,19,37.234799419061076,0.6017156862745099,47.26190476190476,1010.9523809523806,29.73389355742296,0
2250,4,1,1,42,0.023255813953488372,0.023255813953488372,0.9767441860465116,43,1250,1000,250,0.8,15,10,5,384.168698549489,0.44308324104835733,0.3268114278216945,0.20792031089434146,128234.9489795916,1253.3694727890838,129488.31845238068,1783,0,328.93023255813955,34,9,20,37.05801402601471,0.6066176470588236,46.78571428571427,1012.857142857141,29.7899159663865,0
2251,4,0,0,42,0.0,0.0,1.0,42,1150,900,250,0.782608695652174,14,9,5,384.168698549489,0.44293215253581103,0.31326258759263026,0.20792031089434146,128234.9489795916,1452.7706916099455,129687.71967120154,1784,1,322.4761904761905,34,8,20,37.05801402601471,0.6066176470588236,46.78571428571427,1012.857142857141,29.7899159663865,0
2252,4,1,1,42,0.023255813953488372,0.023255813953488372,0.9767441860465116,43,1100,900,200,0.8181818181818182,13,9,4,382.23515200091254,0.44469822812846066,0.33014822299485314,0.2096197653468416,128760.50407503836,1243.3581693672622,130003.86224440562,1785,0,315.95348837209303,35,8,19,36.56880773178242,0.6098214285714285,46.2673611111111,1014.9305555555537,28.99801587301582,0
2253,4,0,0,42,0.0,0.0,1.0,42,850,500,350,0.5882352941176471,12,5,7,391.6978002600896,0.44269018583042974,0.33914598703331134,0.2139272601420489,128596.93877551022,1674.2276077097547,130271.16638321997,1786,1,324.42857142857144,34,8,19,36.49623435054774,0.6102941176470589,46.42857142857143,1014.2857142857144,29.831932773109248,0
2254,4,2,0,44,0.045454545454545456,0.0,1.0,44,950,800,150,0.8421052631578947,11,8,3,373.6756863139255,0.4460227272727273,0.3296147219731389,0.20647126256035211,129058.31665702868,845.1910102670261,129903.50766729571,1787,0,310.6363636363636,36,8,21,36.48176881303335,0.6108217592592593,45.9740990990991,1016.1036036036039,28.225100100100107,0
2255,4,1,0,45,0.022222222222222223,0.0,1.0,45,1250,900,350,0.72,16,9,7,366.2020089351121,0.4480429292929293,0.32669735028733426,0.20401319220074743,129383.0002834466,476.30070517979476,129859.30098862639,1788,0,304.7111111111111,34,11,22,36.34058818940635,0.6182598039215687,45.6547619047619,1017.3809523809515,29.922969187675044,0
2256,4,0,1,44,0.0,0.022222222222222223,0.9777777777777777,45,1650,1200,450,0.7272727272727273,21,12,9,341.47717108762544,0.4480429292929293,0.2151097271648874,0.18452900976081293,128173.03790276761,-9.256460680210466,128163.7814420874,1789,1,305.7111111111111,36,9,18,38.202244587781735,0.6018518518518519,46.846846846846844,1012.6126126126125,28.128128128128125,8
2257,4,0,0,44,0.0,0.0,1.0,44,1050,700,350,0.6666666666666666,14,7,7,342.8486511299153,0.44676048273431995,0.23557094789172117,0.18593184534152188,128315.61872260777,-1.4326404106801647,128314.18608219709,1790,2,313.6136363636364,36,8,19,38.021933237004916,0.6032986111111112,46.70608108108108,1013.175675675676,28.143768768768776,0
2258,4,1,0,45,0.022222222222222223,0.0,1.0,45,1100,800,300,0.7272727272727273,14,8,6,355.82536823434776,0.4467171717171717,0.2526030119095217,0.18405383260446678,126401.93527094841,10.062962864325982,126411.99823381273,1791,0,307.6222222222222,37,8,15,39.65659415549011,0.5819256756756757,48.601973684210506,1005.5921052631551,27.178165007112298,8
2259,4,2,0,47,0.0425531914893617,0.0,1.0,47,650,400,250,0.6153846153846154,9,4,5,350.6739483703586,0.450431699044095,0.27709709480794875,0.1840087377674393,126987.00086805517,-493.79340277781614,126493.20746527736,1792,0,295.48936170212767,39,8,17,39.18458040512609,0.5844017094017093,48.020833333333314,1007.9166666666636,25.844017094017016,0
2260,4,1,0,48,0.020833333333333332,0.0,1.0,48,900,700,200,0.7777777777777778,11,7,4,346.5107252263245,0.4517121010638298,0.2850177304964543,0.18338861743490642,127334.51727892795,-775.358008711418,126559.15927021652,1793,0,290.3125,38,10,14,38.93299460146077,0.5896381578947368,47.67628205128203,1009.2948717948686,26.56039136302286,0
2261,4,1,1,48,0.02040816326530612,0.02040816326530612,0.9795918367346939,49,1650,1100,550,0.6666666666666666,22,11,11,341.783559578919,0.4527529761904762,0.2915992739464126,0.1825165590860895,127696.6810438366,-1071.0747612847447,126625.60628255185,1794,0,285.3673469387755,39,10,15,38.681443024494136,0.5916132478632479,47.31770833333332,1010.7291666666649,25.916132478632434,0
2262,4,0,0,48,0.0,0.0,1.0,48,1650,1100,550,0.6666666666666666,22,11,11,349.1374359525044,0.4504838947990544,0.29855386095081116,0.18656551092968604,127723.00347222202,-681.4236111111311,127041.57986111089,1795,1,292.2708333333333,39,9,15,38.468672712283606,0.5918803418803419,47.29166666666666,1010.8333333333317,25.918803418803375,0
2263,4,0,0,48,0.0,0.0,1.0,48,1400,800,600,0.5714285714285714,20,8,12,350.42594585346376,0.45065011820330975,0.29748815531980677,0.18786778068974458,127854.65630425325,-639.2822265625254,127215.37407769072,1796,2,293.2708333333333,39,9,15,38.30133982215815,0.593215811965812,47.16145833333332,1011.3541666666648,25.932158119658073,0
2264,4,1,1,48,0.02040816326530612,0.02040816326530612,0.9795918367346939,49,1350,1000,350,0.7407407407407407,17,10,7,343.82228456893495,0.45190263605442177,0.30009136760506294,0.1855448320084359,128118.80845561488,-989.979716108154,127128.82873950673,1797,0,288.265306122449,40,9,16,38.19827845814093,0.5942708333333333,46.90040650406503,1012.3983739837385,25.309959349593463,0
2265,4,1,1,48,0.02040816326530612,0.02040816326530612,0.9795918367346939,49,1300,1100,200,0.8461538461538461,15,11,4,341.87319935776134,0.4542765022675737,0.30038285481861204,0.18536212404286162,128306.84222961868,-1027.060705570162,127279.7815240485,1798,0,286.8979591836735,38,11,20,38.05559949383107,0.5995065789473684,46.71474358974359,1013.1410256410256,26.661605937921728,0
2266,4,1,0,49,0.02040816326530612,0.0,1.0,49,1100,800,300,0.7272727272727273,14,8,6,338.8001625331684,0.45482568027210885,0.29836407760886186,0.18514231104085302,128619.58007812529,-1084.7330729166374,127534.84700520865,1799,0,284.9387755102041,39,10,14,37.814489628260425,0.6009615384615384,46.406250000000014,1014.3750000000023,26.009615384615444,0
2267,4,1,0,50,0.02,0.0,1.0,50,1400,1000,400,0.7142857142857143,18,10,8,336.88950528290627,0.4546598639455783,0.3160520260130062,0.1857259021126671,128969.02394614676,-1310.3378651926446,127658.68608095411,1800,0,280.22,40,10,16,37.507086876771716,0.6028645833333333,46.061991869918714,1015.7520325203275,25.393800813008188,0
2268,4,1,2,49,0.0196078431372549,0.0392156862745098,0.9607843137254902,51,1300,800,500,0.6153846153846154,18,8,10,331.514567483763,0.4546732026143791,0.3241542492118168,0.18396975369700372,129229.25954380188,-1630.8870275962668,127598.3725162056,1801,0,275.70588235294116,37,14,17,37.37901703871455,0.6106418918918919,45.805921052631575,1016.7763157894731,27.480440967283055,0
2269,4,1,1,49,0.02,0.02,0.98,50,1750,1100,650,0.6285714285714286,24,11,13,325.5998479012677,0.4551955782312925,0.2744831754986905,0.17172710362741683,127194.5074443123,-1614.7493459668954,125579.75809834541,1802,0,269.6,40,10,17,39.60390220968503,0.5848958333333334,47.81504065040651,1008.7398373983744,25.21849593495936,8
2270,4,1,1,49,0.02,0.02,0.98,50,1200,500,700,0.4166666666666667,19,5,14,323.26830829042177,0.45413265306122447,0.27894840294840373,0.17122618619755522,127367.25368677537,-1765.2406738158463,125602.01301295952,1803,0,270.48,41,9,15,39.48597461097462,0.5851117886178862,47.643849206349195,1009.424603174601,24.620112272551243,0
2271,4,0,0,49,0.0,0.0,1.0,49,1350,900,450,0.6666666666666666,18,9,9,334.6765519754721,0.45277069160997735,0.28838908222842186,0.17741071864057306,127399.61848932509,-1272.4669922004175,126127.15149712468,1804,2,277.0,40,9,17,39.16494698342392,0.5869791666666666,47.61178861788618,1009.552845528455,25.238821138211375,0
2272,4,1,0,50,0.02,0.0,1.0,50,1250,800,450,0.64,17,8,9,331.63799717258973,0.45386054421768707,0.29356890459363916,0.1770821758487603,127692.92091836747,-1530.435090702937,126162.48582766452,1805,0,272.44,41,9,18,38.9416470357283,0.5884146341463414,47.32142857142858,1010.7142857142867,24.651567944250896,0
2273,4,2,1,51,0.038461538461538464,0.019230769230769232,0.9807692307692307,52,1050,700,350,0.6666666666666666,14,7,7,319.5858390277145,0.4563379839115133,0.2994505494505495,0.17247539802216327,128121.09482167344,-2210.8624828532315,125910.2323388202,1806,0,262.9230769230769,44,8,20,38.809371379793916,0.5885416666666667,46.898148148148145,1012.4074074074067,23.00925925925924,0
2274,4,1,0,52,0.019230769230769232,0.0,1.0,52,1650,1200,450,0.7272727272727273,21,12,9,316.87108677077305,0.4561965811965812,0.3028086737078233,0.17182989140195123,128312.37736921763,-2268.3013640278473,126044.07600518978,1807,0,263.5576923076923,43,9,21,38.683229741097286,0.591812015503876,46.7092803030303,1013.162878787878,23.56192741367158,0
2275,4,0,2,50,0.0,0.038461538461538464,0.9615384615384616,52,1550,1000,550,0.6451612903225806,21,10,11,317.3502104439452,0.4555052790346908,0.30063773218840995,0.1727114388816689,128456.33290468593,-2246.8711439681,126209.46176071782,1808,1,264.5576923076923,43,9,13,38.52454071306243,0.593265503875969,46.567234848484844,1013.7310606060595,23.575140944326964,0
2276,4,0,1,49,0.0,0.02,0.98,50,1250,1000,250,0.8,15,10,5,328.1731011187302,0.45427721088435374,0.29983551987468227,0.17810627283882607,128345.50284234053,-1576.09166351727,126769.41117882325,1809,3,275.52,41,9,20,38.3631943084655,0.595020325203252,46.6765873015873,1013.2936507936499,24.714479287649997,0
2277,4,1,2,48,0.02,0.04,0.96,50,1250,900,350,0.72,16,9,7,324.3100229882911,0.4555017006802721,0.2993048128342246,0.17762419250697614,128709.28730244575,-1651.657615227454,127057.6296872183,1810,0,274.08,42,8,15,38.09066240132417,0.5972222222222222,46.31782945736434,1014.7286821705425,24.16020671834625,0
2278,4,0,0,48,0.0,0.0,1.0,48,1450,1100,350,0.7586206896551724,18,11,7,337.4433173707752,0.45359596631205673,0.29660252555622346,0.18398958583199973,128530.68300118977,-925.6359888294055,127605.04701236036,1811,1,286.3333333333333,40,8,15,37.93950858555487,0.5984375,46.49390243902439,1014.0243902439024,25.350609756097562,0
2279,4,0,0,48,0.0,0.0,1.0,48,800,300,500,0.375,13,3,10,337.62493547368086,0.45350361997635935,0.302371294070513,0.18480522783822542,128685.30636525882,-910.5263484037255,127774.78001685509,1812,2,287.3333333333333,40,8,16,37.777318709935905,0.6,46.34146341463415,1014.6341463414637,25.365853658536594,0
2280,4,0,2,46,0.0,0.041666666666666664,0.9583333333333334,48,1400,1000,400,0.7142857142857143,18,10,8,334.2519892615454,0.4528571956264775,0.2996230317587405,0.18391221788003084,128891.61544054456,-983.5442279727764,127908.07121257178,1813,3,288.3333333333333,40,8,17,37.65283059781158,0.6020833333333333,46.138211382113816,1015.447154471544,25.3861788617886,0
2281,4,1,0,47,0.02127659574468085,0.0,1.0,47,1250,900,350,0.72,16,9,7,341.772794253082,0.45260946654332407,0.3057163673168466,0.188768507086328,129042.58355034684,-579.3511284722613,128463.23242187458,1814,0,293.06382978723406,39,8,18,37.308198345977715,0.6052350427350428,45.989583333333314,1016.0416666666636,26.052350427350348,0
2282,4,0,0,47,0.0,0.0,1.0,47,1100,600,500,0.5454545454545454,16,6,10,328.5249204584587,0.45251310514955284,0.2556622583461361,0.17579075561636248,127777.9459737977,-1004.352092522565,126773.59388127514,1815,1,294.06382978723406,45,2,16,38.93343486830319,0.5837962962962964,47.23731884057972,1011.0507246376826,22.46779388083739,8
2283,4,0,0,47,0.0,0.0,1.0,47,1700,1300,400,0.7647058823529411,21,13,8,329.628084897667,0.4523011100832563,0.2560049376789475,0.17708591054459086,127938.26242025048,-965.5911146555356,126972.67130559495,1816,2,295.06382978723406,45,2,16,38.74181141254067,0.5854166666666667,47.078804347826086,1011.6847826086957,22.481884057971016,0
2284,4,1,0,48,0.020833333333333332,0.0,1.0,48,1500,1100,400,0.7333333333333333,19,11,8,291.8562008375873,0.45421468676122934,0.13545283225422988,0.15435789242313502,127306.94843498926,-2118.2408473225114,125188.70758766675,1817,0,289.8958333333333,43,5,18,40.3401715617278,0.5816375968992248,47.70359848484849,1009.1856060606074,23.469432699083892,8
2285,4,1,1,48,0.02040816326530612,0.02040816326530612,0.9795918367346939,49,1200,500,700,0.4166666666666667,19,5,14,296.7839896007743,0.45516227324263037,0.16261855539064807,0.15868205673169725,127746.40346364901,-2217.382544581605,125529.0209190674,1818,0,284.9591836734694,44,5,13,39.76785278133969,0.5847537878787878,47.268518518518526,1010.9259259259273,22.975589225589257,0
2286,4,1,1,48,0.02040816326530612,0.02040816326530612,0.9795918367346939,49,1600,1100,500,0.6875,21,11,10,294.82161292259815,0.45408163265306123,0.1730912513234779,0.15864625345303177,128003.94483024692,-2252.3341049382657,125751.61072530865,1819,0,285.85714285714283,44,5,15,39.555311556409585,0.5873579545454546,47.01388888888889,1011.9444444444446,22.998737373737377,0
2287,4,1,1,48,0.02040816326530612,0.02040816326530612,0.9795918367346939,49,1850,1400,450,0.7567567567567568,23,14,9,298.1630790346879,0.4547548185941043,0.1907959423487373,0.16161578360415244,128295.24518140586,-2149.1874527588843,126146.05772864698,1820,0,284.8775510204082,41,8,16,39.17450058754406,0.5945121951219512,46.726190476190474,1013.0952380952378,24.709639953542386,0
2288,4,1,1,48,0.02040816326530612,0.02040816326530612,0.9795918367346939,49,1550,1200,350,0.7741935483870968,19,12,7,297.1467301461354,0.45388676303854875,0.21272875347322096,0.16228782954135065,128596.93877551005,-2157.568027210895,126439.37074829914,1821,0,285.6530612244898,41,8,14,38.89377934272301,0.5975609756097561,46.42857142857142,1014.285714285713,24.73867595818812,0
2289,4,1,0,49,0.02040816326530612,0.0,1.0,49,1100,800,300,0.7272727272727273,14,8,6,319.2928230503597,0.45546343537414963,0.25062210467008916,0.17063845953183138,127727.90096748975,-1614.7806039668594,126113.12036352289,1822,0,286.0816326530612,42,7,18,39.217871293456035,0.5873015873015873,47.28682170542635,1010.8527131782931,24.067921742340314,8
2290,4,0,1,48,0.0,0.02040816326530612,0.9795918367346939,49,1750,1300,450,0.7428571428571429,22,13,9,317.93881340824305,0.4551977040816326,0.25460347005251593,0.17053675921661032,127874.86948650905,-1668.7231461450826,126206.14634036396,1823,1,287.0816326530612,42,7,18,39.10211886057353,0.5887896825396826,47.14147286821704,1011.4341085271304,24.0817644887412,0
2291,4,1,1,48,0.02040816326530612,0.02040816326530612,0.9795918367346939,49,1350,900,450,0.6666666666666666,18,9,9,317.1941946518991,0.4546662414965987,0.2744604014445282,0.17128486511202565,128144.53125000015,-1670.0916599062416,126474.4395900939,1824,0,287.9387755102041,40,9,20,38.84602194787382,0.59453125,46.87500000000001,1012.5000000000011,25.31250000000003,0
2292,4,0,0,48,0.0,0.0,1.0,48,1450,1200,250,0.8275862068965517,17,12,5,330.31553351180406,0.45404846335697396,0.321937199725463,0.17759030713162302,127968.81028163576,-1089.5592206790188,126879.25106095674,1825,1,293.9375,41,7,18,38.69323381377258,0.5912093495934959,47.04861111111111,1011.8055555555552,24.67818428184281,7
2293,4,0,0,48,0.0,0.0,1.0,48,1350,1000,350,0.7407407407407407,17,10,7,331.8139810505274,0.4538730053191489,0.32396880485080537,0.1787414663265994,128046.4395638034,-1102.4802257977158,126943.95933800569,1826,2,294.9375,42,6,18,38.57607308121909,0.5905257936507937,46.97189922480621,1012.1124031007764,24.097914359542294,0
2294,4,0,0,48,0.0,0.0,1.0,48,1150,900,250,0.782608695652174,14,9,5,331.0798402629687,0.45364213947990545,0.32052475182863027,0.17900757465065636,128194.75938523596,-1111.422350198178,127083.33703503778,1827,3,295.9375,41,7,18,38.443296107628015,0.5934959349593496,46.825396825396844,1012.6984126984157,24.699961285327213,0
2295,4,2,0,50,0.04,0.0,1.0,50,1600,1100,500,0.6875,21,11,10,321.50474141301305,0.45548469387755103,0.32958949096879997,0.17639314191038347,128778.12500000051,-1719.4444444443984,127058.68055555611,1828,0,285.06,44,6,17,38.09181718664477,0.5951704545454546,46.25000000000002,1015.0000000000041,23.068181818181912,0
2296,4,0,1,49,0.0,0.02,0.98,50,1300,900,400,0.6923076923076923,17,9,8,321.1910712763326,0.45522959183673467,0.32218493525442216,0.17663898132478795,128872.1236282583,-1721.4849108367227,127150.63871742158,1829,1,286.06,44,6,19,38.00420998236976,0.5961174242424243,46.157407407407426,1015.3703703703736,23.0765993265994,0
2297,4,0,0,49,0.0,0.0,1.0,49,1700,1300,400,0.7647058823529411,21,13,8,320.15557713672456,0.4546839569160998,0.3106051024128196,0.17669753482616454,129013.18587105662,-1539.141803840845,127474.04406721577,1830,2,284.55102040816325,44,5,19,37.88715973994408,0.5975378787878788,46.01851851851853,1015.9259259259289,23.08922558922566,0
2298,4,0,0,49,0.0,0.0,1.0,49,1150,800,350,0.6956521739130435,15,8,7,318.83525380047433,0.4546130952380953,0.3084751625976181,0.17607343935342804,129036.70374657105,-1571.7099622770547,127464.993784294,1831,3,285.55102040816325,44,5,19,37.89680731492452,0.5977746212121212,45.99537037037039,1016.0185185185217,23.091329966330036,0
2299,4,1,0,50,0.02,0.0,1.0,50,1200,700,500,0.5833333333333334,17,7,10,312.3822019657579,0.4556292517006803,0.303924415898724,0.17397210967953045,129369.92550684429,-1917.2175123941897,127452.7079944501,1832,0,280.82,43,7,20,37.72272254801577,0.6024709302325582,45.66761363636365,1017.3295454545478,23.658826638477855,0
2300,4,0,1,49,0.0,0.02,0.98,50,1500,900,600,0.6,21,9,12,337.3048390847564,0.4556972789115646,0.2622128378378381,0.18153133158015963,128009.35057345293,-1322.670854728986,126686.67971872394,1833,1,281.82,38,12,15,38.475022874436924,0.5964912280701755,47.008547008547,1011.9658119658103,26.630679262258166,8
2301,4,3,5,47,0.057692307692307696,0.09615384615384616,0.9038461538461539,52,1400,900,500,0.6428571428571429,19,9,10,324.2416477490985,0.45795625942684764,0.2674523903108219,0.17713496913977833,128607.9830643961,-2059.987131502421,126547.99593289368,1834,0,271.90384615384613,40,12,13,38.195488094045345,0.59921875,46.417682926829265,1014.3292682926822,25.358231707317053,0
2302,4,2,1,48,0.04081632653061224,0.02040816326530612,0.9795918367346939,49,1250,1100,150,0.88,14,11,3,340.9878364474191,0.455516581632653,0.2813002783031673,0.18580521647786008,128505.59937913589,-1036.2307392659316,127469.36863986996,1835,0,287.0204081632653,37,12,15,37.87523431022673,0.603322072072072,46.51864035087719,1013.9254385964913,27.403390232337603,0
2303,4,1,0,49,0.02040816326530612,0.0,1.0,49,1450,800,650,0.5517241379310345,21,8,13,341.80423156726675,0.4550736961451247,0.2941112911939494,0.1872941482033778,128728.04763244456,-1000.0417195675606,127728.00591287701,1836,0,287.85714285714283,37,12,16,37.62774626328111,0.6055743243243243,46.29934210526316,1014.8026315789471,27.427098150782353,0
2304,4,0,1,48,0.0,0.02040816326530612,0.9795918367346939,49,800,600,200,0.75,10,6,4,344.1074078103141,0.45487882653061223,0.29698308357691783,0.1889529289150583,128811.51532202195,-935.0006732841119,127876.51464873784,1837,1,288.85714285714283,37,12,17,37.484247857708645,0.6064189189189189,46.21710526315788,1015.1315789473667,27.4359886201991,0
2305,4,0,1,47,0.0,0.020833333333333332,0.9791666666666666,48,1150,700,450,0.6086956521739131,16,7,9,324.1037864778997,0.45434397163120566,0.20840412342731174,0.17040879434851972,127068.67391117949,-1363.3123285322608,125705.36158264722,1838,2,295.0833333333333,44,4,16,39.77044877093088,0.5778882575757576,47.9398148148148,1008.240740740739,22.91456228956225,8
2306,4,2,2,47,0.04081632653061224,0.04081632653061224,0.9591836734693877,49,1850,1300,550,0.7027027027027027,24,13,11,317.89192830086336,0.45553429705215415,0.23213424852505682,0.16922510434698657,127569.89282024797,-1689.3078689532783,125880.58495129469,1839,0,289.6734693877551,43,6,14,39.41460442444694,0.5843023255813953,47.44318181818182,1010.227272727273,23.49365750528542,0
2307,4,3,2,48,0.06,0.04,0.96,50,1150,600,550,0.5217391304347826,17,6,11,313.40971773802835,0.4583503401360544,0.2509435343644184,0.16845194223922472,127957.09983710574,-1979.400291495189,125977.69954561055,1840,0,284.6,44,6,17,39.13280558860316,0.5868844696969697,47.06018518518519,1011.7592592592601,22.99452861952864,0
2308,4,1,1,48,0.02040816326530612,0.02040816326530612,0.9795918367346939,49,1250,800,450,0.64,17,8,9,316.0436238301839,0.45859906462585037,0.25302456311866073,0.1702557586440024,128048.66850321405,-1706.2069559228532,126342.4615472912,1841,0,290.0,43,6,18,38.972835578842336,0.5891472868217054,46.969696969696976,1012.1212121212129,23.537702607470067,0
2309,4,0,3,45,0.0,0.0625,0.9375,48,1050,700,350,0.6666666666666666,14,7,7,311.01469538668925,0.45886894208037826,0.08395218675527838,0.16455444538546635,127322.68248273154,-1491.765360769314,125830.91712196222,1842,1,296.0,40,8,14,39.84073440069813,0.5861979166666667,47.688008130081286,1009.2479674796724,25.23119918699181,8
2310,4,1,0,46,0.021739130434782608,0.0,1.0,46,1550,1300,250,0.8387096774193549,18,13,5,344.23330518931976,0.45675322061191626,0.0822589657099102,0.1726095881152173,125119.07596371879,-553.1629811849429,124565.91298253385,1843,0,309.7391304347826,34,12,21,41.27102173568142,0.5747549019607843,49.88095238095238,1000.4761904761903,29.425770308123244,8
2311,4,2,0,48,0.041666666666666664,0.0,1.0,48,1450,1200,250,0.8275862068965517,17,12,5,340.28972917189,0.4599955673758865,0.13079911365421348,0.1740104621978804,125930.78033692483,-1029.409772948614,124901.37056397622,1844,0,297.7916666666667,36,12,18,40.53208796140469,0.5789930555555556,49.07094594594595,1003.7162162162167,27.881006006006018,0
2312,4,1,1,48,0.02040816326530612,0.02040816326530612,0.9795918367346939,49,1300,900,400,0.6923076923076923,17,9,8,335.46089986239684,0.461734693877551,0.1287790777449478,0.17284371076050975,126241.80768606445,-1330.1111922733548,124911.6964937911,1845,0,292.6938775510204,36,13,19,40.33318392350216,0.5821759259259259,48.76126126126126,1004.954954954955,27.915415415415417,0
2313,4,1,2,47,0.02040816326530612,0.04081632653061224,0.9591836734693877,49,1450,800,650,0.5517241379310345,21,8,13,337.2918597940709,0.46001629818594103,0.1281662816285396,0.17462919419251302,126439.93391617977,-1270.5679074344537,125169.36600874532,1846,0,293.57142857142856,36,13,15,40.08346396446832,0.5842013888888888,48.56418918918919,1005.7432432432439,27.93731231231233,0
2314,4,1,1,47,0.020833333333333332,0.020833333333333332,0.9791666666666666,48,1400,1100,300,0.7857142857142857,17,11,6,345.1870228012793,0.45872118794326244,0.12636462882096078,0.1787168290225059,126439.93391617975,-870.9151296566774,125569.01878652308,1847,0,300.4166666666667,36,12,17,39.884951293248236,0.5842013888888888,48.56418918918919,1005.7432432432438,27.93731231231233,0
2315,4,3,0,50,0.06,0.0,1.0,50,1650,1400,250,0.8484848484848485,19,14,5,332.45470244122265,0.462015306122449,0.16215558452846568,0.17585707363615016,127313.23580332407,-1533.1460731666418,125780.08973015743,1848,0,288.36,37,13,20,39.30944879038099,0.5912162162162162,47.69736842105263,1009.2105263157893,27.275960170697008,0
2316,4,1,2,49,0.0196078431372549,0.0392156862745098,0.9607843137254902,51,1200,900,300,0.75,15,9,6,326.0165449033729,0.46246732026143794,0.17536399467840424,0.17428070891953196,127739.20323800136,-1870.981262327408,125868.22197567395,1849,0,283.6862745098039,38,13,16,39.03640879306701,0.59375,47.27564102564103,1010.8974358974363,26.602564102564113,0
2317,4,3,1,51,0.057692307692307696,0.019230769230769232,0.9807692307692307,52,850,400,450,0.47058823529411764,13,4,9,323.485095649643,0.4616720085470085,0.20612128479942693,0.17504580131902459,128227.80957842791,-2102.7588448642,126125.05073356371,1850,0,278.96153846153845,37,15,19,38.60188643498972,0.6005067567567568,46.79276315789473,1012.8289473684206,27.373755334281636,0
2318,4,1,1,51,0.019230769230769232,0.019230769230769232,0.9807692307692307,52,1350,1100,250,0.8148148148148148,16,11,5,321.11994835456557,0.4637223479135244,0.2179810603120398,0.1676658950576262,126784.7810909512,-2204.3243495767774,124580.45674137442,1851,0,279.36538461538464,40,12,19,40.13643625967039,0.5807291666666667,48.22154471544716,1007.1138211382117,25.177845528455293,8
2319,4,0,0,51,0.0,0.0,1.0,51,1550,1200,350,0.7741935483870968,19,12,7,325.1667087415107,0.4623856209150327,0.2152159457662306,0.17018465405562183,126882.03125,-1948.437500000001,124933.59375,1852,1,285.7843137254902,39,12,19,39.934863523573185,0.5833333333333333,48.125,1007.5,25.833333333333332,0
2320,4,1,1,51,0.019230769230769232,0.019230769230769232,0.9807692307692307,52,1650,1500,150,0.9090909090909091,18,15,3,319.3615619487616,0.46263826043237805,0.22231974845021552,0.16857077861834302,127226.7094587808,-2273.388646906272,124953.32081187452,1853,0,281.2692307692308,38,14,22,39.72828197253698,0.5885416666666667,47.78311965811966,1008.8675213675216,26.549145299145305,0
2321,4,1,4,48,0.019230769230769232,0.07692307692307693,0.9230769230769231,52,1750,1500,250,0.8571428571428571,20,15,5,318.85678952536864,0.4637537707390649,0.22405533776859654,0.16999704145044733,127631.2242037402,-2260.7835214405773,125370.44068229962,1854,0,278.5,38,14,16,39.32759744836822,0.5926535087719298,47.38247863247863,1010.4700854700852,26.591318038686452,0
2322,4,1,0,49,0.02040816326530612,0.0,1.0,49,1500,1300,200,0.8666666666666667,17,13,4,340.9281306793632,0.46290391156462585,0.23373347963511937,0.18078517227453395,127413.15593117705,-1112.2541848851226,126300.90174629193,1855,0,294.9183673469388,35,14,18,38.99329836829839,0.5961309523809524,47.598379629629626,1009.6064814814808,28.845899470899454,0
2323,4,1,0,50,0.02,0.0,1.0,50,1300,900,400,0.6923076923076923,17,9,8,343.63159738521693,0.4633503401360544,0.25607118095678283,0.1734998741990469,125405.42079260958,-1318.3258852023514,124087.09490740723,1856,0,290.0,35,15,17,40.990197211308846,0.575595238095238,49.5949074074074,1001.6203703703691,28.61772486772483,7
2324,4,4,1,53,0.07407407407407407,0.018518518518518517,0.9814814814814815,54,1600,1000,600,0.625,22,10,12,336.30973194356045,0.46500116468669933,0.26105040694275816,0.17276951094231538,126120.38551787945,-2228.122635114265,123892.26288276518,1857,0,269.44444444444446,40,14,19,40.436774922433564,0.5739583333333333,48.882113821138205,1004.4715447154462,25.111788617886155,8
2325,4,2,0,55,0.03636363636363636,0.0,1.0,55,1800,1300,500,0.7222222222222222,23,13,10,331.6631347515171,0.46621773288439955,0.28804572780132043,0.17267243860049453,126667.22888518813,-2597.829959530134,124069.398925658,1858,0,265.3090909090909,41,14,18,39.99160260832428,0.5779979674796748,48.33829365079364,1006.6468253968237,24.55236159504448,0
2326,4,2,3,54,0.03508771929824561,0.05263157894736842,0.9473684210526316,57,1800,1300,500,0.7222222222222222,23,13,10,320.07645054385057,0.4676274018379281,0.2960775894818115,0.16913459699041475,127271.40472147857,-3250.55087243893,124020.85384903963,1859,0,256.96491228070175,40,17,21,39.66453486420248,0.5856770833333333,47.73882113821138,1009.0447154471541,25.22611788617885,0
2327,4,1,2,53,0.01818181818181818,0.03636363636363636,0.9636363636363636,55,1500,1000,500,0.6666666666666666,20,10,10,320.0582957787243,0.4658389450056117,0.3018424623295013,0.17047456507377218,127592.67132779016,-2832.5814121945277,124760.08991559563,1860,0,265.41818181818184,41,14,18,39.33662280701755,0.5873983739837398,47.42063492063491,1010.3174603174585,24.641889276035574,0
2328,4,1,0,54,0.018518518518518517,0.0,1.0,54,2100,1700,400,0.8095238095238095,25,17,8,326.47652516457345,0.46493565105986495,0.2964620559410862,0.17405662679417466,127630.5659350421,-2466.3232657478884,125164.24266929421,1861,0,271.2037037037037,40,14,20,39.135782292400016,0.5893229166666667,47.38313008130082,1010.4674796747978,25.261686991869944,0
2329,4,2,0,56,0.03571428571428571,0.0,1.0,56,1550,1000,550,0.6451612903225806,21,10,11,315.1619841148876,0.464745670995671,0.3063639035861261,0.17018747142203944,128144.53125000012,-3122.743055555542,125021.78819444457,1862,0,262.48214285714283,42,14,22,38.89746227709192,0.5915178571428572,46.87500000000001,1012.5000000000009,24.10714285714288,0
2330,4,2,4,54,0.034482758620689655,0.06896551724137931,0.9310344827586207,58,1900,1300,600,0.6842105263157895,25,13,12,302.7282254661706,0.4664750957854406,0.30385461394589175,0.16580386909423364,128709.28730244617,-3807.2131707829626,124902.0741316632,1863,0,254.39655172413794,42,16,17,38.63815412528648,0.5972222222222222,46.31782945736436,1014.7286821705459,24.16020671834633,0
2331,4,0,0,54,0.0,0.0,1.0,54,2250,1400,850,0.6222222222222222,31,14,17,323.2971741618985,0.4660930584672723,0.3036378448548247,0.17562022375327274,128381.9458007814,-2498.8959418402637,125883.04985894113,1864,1,273.8703703703704,39,15,18,38.449588001507514,0.5985576923076923,46.64062500000001,1013.4375000000011,25.98557692307695,0
2332,4,3,1,56,0.05263157894736842,0.017543859649122806,0.9824561403508771,57,1900,1500,400,0.7894736842105263,23,15,8,313.01825820660537,0.46905022974101923,0.33631898710528074,0.17428371206645998,129360.29188368062,-3293.752712673605,126066.53917100701,1865,0,260.4035087719298,39,18,21,37.716311693630956,0.608440170940171,45.677083333333336,1017.2916666666672,26.084401709401725,0
2333,4,0,0,56,0.0,0.0,1.0,56,1750,1300,450,0.7428571428571429,22,13,9,315.3251810121363,0.46847943722943725,0.30667318378267105,0.1700516153760235,128091.80230034738,-3118.7499999999827,124973.0523003474,1866,1,265.5357142857143,39,17,20,38.94705700761474,0.5956196581196581,46.92708333333334,1012.291666666668,25.956196581196615,8
2334,4,3,5,54,0.05084745762711865,0.0847457627118644,0.9152542372881356,59,1300,900,400,0.6923076923076923,17,9,8,319.56092747997945,0.46975452951490354,0.28687773532115424,0.17179222163584598,127965.07284750529,-3616.6873709116026,124348.38547659368,1867,0,252.98305084745763,46,13,16,38.9690849615935,0.5844655797101449,47.05230496453901,1011.7907801418451,21.995451742214023,8
2335,4,1,4,51,0.01818181818181818,0.07272727272727272,0.9272727272727272,55,1450,900,550,0.6206896551724138,20,9,11,334.02061855670144,0.4682098765432099,0.18706654170571757,0.17802197802197797,127617.7300347221,-2398.87752046553,125218.85251425658,1868,0,255.3090909090909,41,14,15,38.95833333333335,0.5876524390243902,47.39583333333333,1010.4166666666656,24.644308943089406,8
2336,4,0,3,48,0.0,0.058823529411764705,0.9411764705882353,51,1450,1100,350,0.7586206896551724,18,11,7,351.77125368851557,0.46375816993464053,0.22254582614804908,0.1868404409729657,127479.27847991673,-1231.2908779624718,126247.98760195426,1869,1,276.05882352941177,37,14,15,38.65182772348895,0.5929054054054055,47.532894736842096,1009.8684210526301,27.293741109530544,0
2337,4,1,2,47,0.02040816326530612,0.04081632653061224,0.9591836734693877,49,2150,2000,150,0.9302325581395349,23,20,3,350.8695652173912,0.4616284013605442,0.23501330967169487,0.18509174311926618,127202.60080024636,-786.3972568482433,126416.20354339812,1870,0,287.7959183673469,37,12,17,38.95833333333333,0.5900900900900901,47.80701754385966,1008.7719298245626,27.264106211474665,8
2338,4,1,1,47,0.020833333333333332,0.020833333333333332,0.9791666666666666,48,1550,1100,450,0.7096774193548387,20,11,9,348.85914827702607,0.4610944887706856,0.2454719725013219,0.18561976628921104,127550.26989051423,-700.5842966980849,126849.68559381615,1871,0,276.5833333333333,38,10,17,38.65260884893354,0.5918311403508771,47.462606837606835,1010.1495726495723,26.58288349077822,0
2339,4,1,2,46,0.020833333333333332,0.041666666666666664,0.9583333333333334,48,1700,1100,600,0.6470588235294118,23,11,12,340.78359812178456,0.4607805112293144,0.2374882794186597,0.1829643978265502,127913.11905115993,-881.8614085531142,127031.25764260681,1872,0,273.25,40,8,18,38.48536601701159,0.5921875,47.103658536585364,1011.5853658536578,25.289634146341445,0
2340,4,0,2,44,0.0,0.043478260869565216,0.9565217391304348,46,1550,1300,250,0.8387096774193549,18,13,5,351.40414514127303,0.46066827697262475,0.23882741839217658,0.1888647704022619,127955.29827781432,-207.19555847760682,127748.10271933672,1873,1,280.7826086956522,38,8,18,38.173618444209794,0.5959429824561404,47.06196581196581,1011.752136752137,26.625056230319395,0
2341,4,1,0,45,0.022222222222222223,0.0,1.0,45,1400,1000,400,0.7142857142857143,18,10,8,353.5521017378517,0.4583333333333333,0.2475307955570385,0.19119026163129882,128201.5477259353,65.32515376935777,128266.87287970466,1874,0,287.0888888888889,36,9,20,37.867415397160755,0.6021412037037037,46.81869369369369,1012.7252252252246,28.131256256256236,0
2342,4,0,0,45,0.0,0.0,1.0,45,1450,1000,450,0.6896551724137931,19,10,9,354.9545792388297,0.45822811447811446,0.2523103560220763,0.1926092346885509,128338.8894299206,110.89529951522198,128449.78472943582,1875,1,288.0888888888889,37,8,21,37.69151516791111,0.6016328828828829,46.68311403508771,1013.267543859648,27.385609293504,0
2343,4,0,0,45,0.0,0.0,1.0,45,1350,1000,350,0.7407407407407407,17,10,7,354.1233315422574,0.45854377104377103,0.2546337359533686,0.1926939493883559,128450.01737313396,97.42961776700017,128547.44699090096,1876,2,289.0888888888889,37,8,17,37.59904002163333,0.602759009009009,46.5734649122807,1013.7061403508766,27.397463252726393,0
2344,4,0,2,43,0.0,0.044444444444444446,0.9555555555555556,45,1250,800,450,0.64,17,8,9,354.49791505543453,0.4581228956228956,0.2549464807006163,0.19343664993201862,128561.19340806786,114.93500403970663,128676.12841210757,1877,3,290.0888888888889,37,8,17,37.47601092009947,0.6038851351351351,46.463815789473685,1014.1447368421053,27.409317211948792,0
2345,4,2,0,45,0.044444444444444446,0.0,1.0,45,750,500,250,0.6666666666666666,10,5,5,354.74392038786493,0.4571759259259259,0.26630673433394514,0.1952040075289374,128895.01006319253,144.94423765004615,129039.95430084258,1878,0,284.3333333333333,37,8,20,37.129157218442934,0.6072635135135135,46.13486842105263,1015.4605263157896,27.444879089615934,0
2346,4,2,2,45,0.0425531914893617,0.0425531914893617,0.9574468085106383,47,1150,600,550,0.5217391304347826,17,6,11,339.45158588659297,0.45856460067838417,0.26690873037140284,0.18980602760137652,129527.44904667977,-605.9767074154382,128921.47233926434,1879,0,273.1914893617021,38,9,15,36.87421284634763,0.611842105263158,45.51282051282051,1017.9487179487176,26.788124156545198,0
2347,4,0,0,45,0.0,0.0,1.0,45,1550,1100,450,0.7096774193548387,20,11,9,345.45124122871914,0.4566077441077441,0.2521997223419026,0.19320297129924266,129536.03512619268,-50.323176361956314,129485.71194983073,1880,1,278.06666666666666,37,8,15,36.71280338934367,0.6137387387387387,45.50438596491228,1017.9824561403509,27.51303935514462,0
2348,4,0,2,43,0.0,0.044444444444444446,0.9555555555555556,45,1400,1200,200,0.8571428571428571,16,12,4,345.0195297790024,0.45650252525252527,0.2576151178088746,0.19378666454939136,129703.52055440134,-49.950465527857006,129653.57008887349,1881,2,279.06666666666666,37,8,15,36.55364190886257,0.615427927927928,45.33991228070175,1018.6403508771929,27.530820293978184,0
2349,4,0,1,42,0.0,0.023255813953488372,0.9767441860465116,43,900,700,200,0.7777777777777778,11,7,4,347.9127415632649,0.455749354005168,0.2491092041195131,0.19547941988703707,129717.10519641278,426.04673930689194,130143.15193571968,1882,3,287.7906976744186,36,7,16,36.46616368192202,0.6174768518518519,45.326576576576585,1018.693693693695,28.297047047047084,0
2350,4,0,0,42,0.0,0.0,1.0,42,1450,1000,450,0.6896551724137931,19,10,9,359.77601298087575,0.45426829268292684,0.2551855097867368,0.20221893143407857,129731.44531250012,934.8524305555707,130666.2977430557,1883,4,295.54761904761904,35,7,17,36.149454669393336,0.6196428571428572,45.31250000000001,1018.7500000000009,29.107142857142883,0
2351,4,0,0,42,0.0,0.0,1.0,42,1050,700,350,0.6666666666666666,14,7,7,361.09711805646384,0.45426829268292684,0.2580153951845423,0.20311424474447612,129760.9247068973,971.2591896004833,130732.1838964978,1884,5,296.54761904761904,35,7,17,36.085827748116166,0.6199404761904762,45.28356481481482,1018.8657407407409,29.110449735449738,0
2352,4,0,0,42,0.0,0.0,1.0,42,1300,900,400,0.6923076923076923,17,9,8,362.57082813801685,0.4540747193186218,0.2226422149604126,0.2015123255438807,129289.65627411265,986.6745434670797,130276.33081757973,1885,6,297.54761904761904,35,7,19,36.52803857972004,0.6151785714285714,45.74652777777778,1017.0138888888889,29.057539682539684,7
2353,4,0,2,40,0.0,0.047619047619047616,0.9523809523809523,42,1250,1000,250,0.8,15,10,5,366.0369395950383,0.4536875725900116,0.2238951091755097,0.2040476053252997,129407.39300679421,1073.577219435845,130480.97022623006,1886,7,298.54761904761904,35,7,19,36.31993421302087,0.6163690476190475,45.630787037037024,1017.4768518518501,29.070767195767147,0
2354,4,0,0,40,0.0,0.0,1.0,40,1200,600,600,0.5,18,6,12,365.7455846482332,0.45042735042735044,0.20290155734909643,0.20480355876196737,129584.09857521,1478.962378900887,131063.06095411089,1887,8,293.275,35,5,16,36.14738452502747,0.6181547619047619,45.457175925925924,1018.1712962962958,29.090608465608454,0
2355,4,0,1,39,0.0,0.025,0.975,40,1150,600,550,0.5217391304347826,17,6,11,369.8127726130284,0.4502270299145299,0.20782208588957052,0.20786028253766786,129731.44531250013,1595.2690972222367,131326.71440972236,1888,9,294.275,35,5,16,35.89383094751192,0.6196428571428572,45.31250000000001,1018.750000000001,29.107142857142886,0
2356,4,1,0,40,0.025,0.0,1.0,40,1050,700,350,0.6666666666666666,14,7,7,373.82110611160016,0.4503605769230769,0.2243869905778182,0.2112245108234181,129937.87140185623,1714.7037626457593,131652.575164502,1889,0,294.85,35,5,17,35.581625799371864,0.6217261904761905,45.10995370370371,1019.5601851851859,29.130291005291024,0
2357,4,0,0,40,0.0,0.0,1.0,40,1000,600,400,0.6,14,6,8,375.9751513134348,0.4500934829059829,0.2309244126659853,0.21276281684153364,129996.8804253474,1775.119357638909,131771.9997829863,1890,1,295.85,35,5,18,35.466675178753825,0.6223214285714286,45.05208333333334,1019.791666666668,29.1369047619048,0
2358,4,0,0,40,0.0,0.0,1.0,40,1250,900,350,0.72,16,9,7,373.69849224361735,0.4499465811965812,0.22724540712179642,0.21259827771640127,130203.5175004288,1731.3716349451458,131934.88913537396,1891,2,296.85,35,5,18,35.314602706585035,0.6244047619047619,44.849537037037045,1020.6018518518529,29.16005291005294,0
2359,4,0,0,40,0.0,0.0,1.0,40,1350,800,550,0.5925925925925926,19,8,11,376.2024462367769,0.449732905982906,0.23560270459314525,0.21485117069367995,130353.7485827665,1807.893214513179,132161.64179727968,1892,3,297.85,34,6,18,35.09802207196706,0.6280637254901961,44.702380952380956,1021.1904761904766,30.035014005602253,0
2360,4,0,0,40,0.0,0.0,1.0,40,1800,1300,500,0.7222222222222222,23,13,10,373.95775733159826,0.44863782051282053,0.23482995574190557,0.21491307258695472,130597.00255102043,1767.5524376417263,132364.55498866216,1893,4,298.85,34,6,17,34.908329451044345,0.6305147058823529,44.464285714285715,1022.1428571428573,30.06302521008404,0
2361,4,1,1,40,0.024390243902439025,0.024390243902439025,0.975609756097561,41,1000,800,200,0.8,12,8,4,367.6438226607067,0.4485264227642276,0.24254589369316704,0.21367787485260273,131031.70680084026,1434.5995156035729,132466.30631644384,1894,0,292.5365853658537,35,6,18,34.62911673826212,0.6327380952380952,44.039351851851855,1023.8425925925931,29.252645502645517,0
2362,4,0,0,40,0.0,0.0,1.0,40,1050,600,450,0.5714285714285714,15,6,9,367.09171470091826,0.4470886752136752,0.2294516477579691,0.2011506109862047,128728.04763244458,1450.9999470991088,130179.04757954368,1895,1,299.95,37,3,19,36.98620115253016,0.6055743243243243,46.29934210526316,1014.8026315789472,27.427098150782356,7
2363,4,1,0,41,0.024390243902439025,0.0,1.0,41,900,500,400,0.5555555555555556,13,5,8,358.2402053956157,0.4485772357723577,0.216526890820959,0.19784345838050543,129038.51290269547,1045.3566732412776,130083.86957593674,1896,0,293.609756097561,38,3,20,36.89405888538379,0.606907894736842,45.99358974358974,1016.02564102564,26.73751686909579,0
2364,4,2,2,41,0.046511627906976744,0.046511627906976744,0.9534883720930233,43,900,500,400,0.5555555555555556,13,5,8,343.3711527919177,0.4534191583610188,0.21336180284009032,0.19208386270042951,129545.08562616688,296.81999186938685,129841.90561803627,1897,0,280.90697674418607,36,7,16,36.75654498525072,0.6157407407407407,45.495495495495504,1018.0180180180195,28.278278278278318,0
2365,4,2,2,41,0.046511627906976744,0.046511627906976744,0.9534883720930233,43,1300,700,600,0.5384615384615384,19,7,12,345.23597644661766,0.45226559616094497,0.21568314917553155,0.19397544366062777,129717.10519641277,356.6022948624483,130073.70749127521,1898,0,276.3720930232558,36,7,18,36.53433377551773,0.6174768518518519,45.326576576576585,1018.6936936936949,28.29704704704708,0
2366,4,1,0,42,0.023809523809523808,0.0,1.0,42,1650,1200,450,0.7272727272727273,21,12,9,354.637622676794,0.45073557878435927,0.23558071877399644,0.1999320682005023,129849.38298396765,809.8952974965573,130659.2782814642,1899,0,283.8809523809524,35,7,21,36.160477704595344,0.6208333333333333,45.19675925925925,1019.2129629629619,29.120370370370342,0
2367,4,0,0,42,0.0,0.0,1.0,42,1450,1200,250,0.8275862068965517,17,12,5,355.03304082529297,0.4502274487030585,0.23885735906167294,0.2007600185924793,129967.37423911165,828.5424168381207,130795.91665594977,1900,1,284.8809523809524,35,7,21,36.030552402572845,0.6220238095238095,45.08101851851851,1019.6759259259247,29.13359788359785,0
2368,4,0,1,41,0.0,0.023809523809523808,0.9761904761904762,42,1350,900,450,0.6666666666666666,18,9,9,354.7534649121425,0.4495620402632598,0.23732006874044198,0.20153110630526164,130147.65346004786,834.0662030273519,130981.71966307522,1901,2,285.8809523809524,36,6,21,35.8546701982857,0.6218171296296297,44.90427927927928,1020.3828828828827,28.343968968968962,0
2369,4,1,0,42,0.023809523809523808,0.0,1.0,42,1250,900,350,0.72,16,9,7,357.49970363596333,0.4505541037553233,0.23564569860866147,0.19304983996342012,128144.5312499999,860.1934704975101,129004.72472049741,1902,0,282.2857142857143,35,7,21,37.82578875171467,0.6035714285714286,46.87499999999999,1012.4999999999992,28.928571428571406,8
2370,4,0,1,41,0.0,0.023809523809523808,0.9761904761904762,42,1350,1000,350,0.7407407407407407,17,10,7,358.1633306122451,0.45056620209059234,0.23934149659864,0.19369154158573176,128203.13169795935,783.5321287722688,128986.66382673162,1903,1,283.2857142857143,35,7,21,37.74904761904761,0.6041666666666667,46.81712962962962,1012.73148148148,28.935185185185144,0
2371,4,0,0,41,0.0,0.0,1.0,41,1100,900,200,0.8181818181818182,13,9,4,364.798354611514,0.44974593495934956,0.24630505150708082,0.19728795948379826,128204.80619331049,1153.7804705215271,129358.58666383201,1904,2,290.1219512195122,34,7,21,37.579346420594824,0.6063112745098039,46.81547619047618,1012.7380952380938,29.786414565826288,0
2372,4,1,0,42,0.023809523809523808,0.0,1.0,42,1350,1100,250,0.8148148148148148,16,11,5,355.2198137228213,0.4500217770034843,0.25906664552613523,0.19444292355058437,128686.69979100717,742.4131056732335,129429.1128966804,1905,0,284.1904761904762,36,6,20,37.3295874953755,0.6070601851851851,46.34009009009009,1014.6396396396392,28.184434434434422,0
2373,4,1,0,43,0.023255813953488372,0.0,1.0,43,1650,1200,450,0.7272727272727273,21,12,9,348.14226081071007,0.45175802879291255,0.26305551023481755,0.1921106638720204,129006.37846500822,382.51445156199486,129388.89291657021,1906,0,278.5581395348837,37,6,21,37.18328386400433,0.6083896396396397,46.0252192982456,1015.8991228070156,27.45673304883826,0
2374,4,0,0,43,0.0,0.0,1.0,43,1700,1300,400,0.7647058823529411,21,13,8,347.6756146571682,0.4516426725729051,0.26426816898654537,0.1926693927468229,129174.23575726832,382.1463629556242,129556.38212022395,1907,1,279.5581395348837,38,5,23,37.02421614993867,0.6082785087719298,45.86004273504272,1016.5598290598268,26.75157444894281,0
2375,4,0,0,43,0.0,0.0,1.0,43,1200,1000,200,0.8333333333333334,14,10,4,344.97067710315747,0.45157345884090067,0.2589684626338735,0.19171878061037606,129287.27027280639,320.0691405028913,129607.33941330928,1908,2,280.5581395348837,36,7,23,36.977955560476865,0.6131365740740741,45.74887387387386,1017.0045045045028,28.25012512512508,0
2376,4,1,0,44,0.022727272727272728,0.0,1.0,44,1400,800,600,0.5714285714285714,20,8,12,335.24045157692655,0.4505373502466526,0.25281000636412587,0.18762553302542245,129563.94184989591,-112.98512523086646,129450.95672466504,1909,0,275.15909090909093,37,7,17,36.944332256327385,0.6140202702702703,45.47697368421051,1018.0921052631562,27.51600284495017,0
2377,4,0,0,44,0.0,0.0,1.0,44,1300,1000,300,0.7692307692307693,16,10,6,333.8911834958874,0.45046027131782945,0.25069500866313565,0.18713623543309005,129619.76431450045,-144.22069771470467,129475.54361678576,1910,1,276.15909090909093,37,7,18,36.922019130684454,0.6145833333333333,45.42214912280701,1018.3114035087707,27.52192982456137,0
2378,4,1,0,45,0.022222222222222223,0.0,1.0,45,1350,1000,350,0.7407407407407407,17,10,7,331.0237290909432,0.4499158249158249,0.2544552726256599,0.18703134675635677,129935.60209155137,-397.6464907955549,129537.95560075581,1911,0,271.0,38,7,19,36.67478780257778,0.615953947368421,45.112179487179475,1019.55128205128,26.830296896086317,0
2379,4,0,0,45,0.0,0.0,1.0,45,1450,1200,250,0.8275862068965517,17,12,5,316.95986637603573,0.44913720538720536,0.22375353203901227,0.17482989914587657,128989.6701388888,-742.5511587771254,128247.11898011167,1912,1,272.0,39,6,17,37.99220672682528,0.6047008547008548,46.041666666666664,1015.8333333333326,26.047008547008527,8
2380,4,0,1,44,0.0,0.022222222222222223,0.9777777777777777,45,1300,900,400,0.6923076923076923,17,9,8,319.798154931119,0.44962121212121214,0.23100542116532297,0.17686795915578193,129095.50781249985,-743.0989583333488,128352.40885416651,1913,2,273.0,39,6,18,37.81262812628127,0.6057692307692308,45.93749999999999,1016.2499999999989,26.057692307692278,0
2381,4,2,1,45,0.043478260869565216,0.021739130434782608,0.9782608695652174,46,1100,700,400,0.6363636363636364,15,7,8,318.9678808303866,0.45233494363929144,0.24365042997788922,0.17843578130253954,129545.80213758662,-935.7666015625199,128610.03553602411,1914,0,267.9347826086956,39,7,17,37.37689297042873,0.610309829059829,45.49479166666666,1018.0208333333319,26.103098290598254,0
2382,4,0,0,45,0.0,0.0,1.0,45,1200,900,300,0.75,15,9,6,326.7183346128711,0.45126262626262625,0.2546039742513293,0.18268616738212645,129527.4490466798,-536.2015121630541,128991.24753451675,1915,1,274.7111111111111,38,7,17,37.19825776658271,0.611842105263158,45.51282051282051,1017.9487179487178,26.788124156545205,0
2383,4,0,0,45,0.0,0.0,1.0,45,1000,600,400,0.6,14,6,8,330.75410501332124,0.45071548821548824,0.26259574021613696,0.1853273001106388,129609.02829142023,-426.2563691650094,129182.77192225521,1916,2,275.7111111111111,38,7,17,37.012774105550314,0.6126644736842105,45.432692307692314,1018.2692307692316,26.796558704453464,0
2384,4,0,0,45,0.0,0.0,1.0,45,1900,1600,300,0.8421052631578947,22,16,6,330.7883635408591,0.44932659932659935,0.25589211473290696,0.18663818903272267,129881.14458917757,-407.3657453064372,129473.77884387113,1917,3,276.7111111111111,38,7,17,36.735972819061594,0.6154057017543859,45.1655982905983,1019.3376068376078,26.824673864147574,0
2385,4,1,0,46,0.021739130434782608,0.0,1.0,46,1250,700,550,0.56,18,7,11,323.06083715805676,0.4495571658615137,0.2509897562447847,0.18356751512762928,130156.27170138908,-790.3211805555359,129365.95052083355,1918,0,271.67391304347825,39,7,19,36.65441676874915,0.6164529914529915,44.89583333333334,1020.4166666666682,26.164529914529954,0
2386,4,0,1,45,0.0,0.021739130434782608,0.9782608695652174,46,1350,1200,150,0.8888888888888888,15,12,3,329.49436950849923,0.4493458132045089,0.2611742016464116,0.1796226916143116,128523.41666894945,-719.9480992950558,127803.46856965439,1919,1,272.67391304347825,38,8,18,38.148421311417835,0.6016995614035088,46.501068376068375,1013.9957264957259,26.684098065676995,8
2387,4,1,0,46,0.021739130434782608,0.0,1.0,46,900,500,400,0.5555555555555556,13,5,8,326.6946111089391,0.4512177938808373,0.2713923389995019,0.17882528655340585,128685.96734832705,-791.7975883921397,127894.1697599349,1920,0,273.6304347826087,38,8,19,38.0539029869082,0.6033442982456141,46.340811965811966,1014.6367521367515,26.700967161493462,0
2388,4,1,0,47,0.02127659574468085,0.0,1.0,47,1050,700,350,0.6666666666666666,14,7,7,324.95556362128593,0.4511640456367561,0.28217556136271393,0.17947998683816677,129042.5835503473,-1013.3789062499934,128029.2046440973,1921,0,268.78723404255317,39,8,21,37.73537352197389,0.6052350427350428,45.989583333333336,1016.0416666666673,26.052350427350444,0
2389,4,0,0,47,0.0,0.0,1.0,47,1650,1400,250,0.8484848484848485,19,14,5,321.8318592802785,0.4514531298180697,0.2850174044654694,0.17859322476795383,129228.54487407763,-1081.9297699681438,128146.61510410949,1922,1,269.78723404255317,38,9,22,37.62587124794226,0.6088267543859649,45.806623931623925,1016.7735042735036,26.757197480881672,0
2390,4,0,0,47,0.0,0.0,1.0,47,1150,900,250,0.782608695652174,14,9,5,321.4891563101014,0.4512025901942646,0.2852927962663705,0.1786488779285377,129282.86540516083,-1087.3921351085053,128195.47327005233,1923,2,270.78723404255317,38,9,22,37.579446370417074,0.609375,45.75320512820512,1016.9871794871775,26.76282051282046,0
2391,4,0,1,46,0.0,0.02127659574468085,0.9787234042553191,47,1000,700,300,0.7,13,7,6,336.35978339259293,0.45100986740672216,0.24710350053174612,0.17993061787699888,127766.20513048815,-772.8147371977327,126993.3903932904,1924,3,271.78723404255317,38,9,16,38.74740216280954,0.5940241228070176,47.24893162393163,1011.0042735042748,26.605375618533547,8
2392,4,1,0,47,0.02127659574468085,0.0,1.0,47,1250,900,350,0.72,16,9,7,333.644217904567,0.44960299105766266,0.26962035019327435,0.17957637545389885,128012.72922092033,-857.8586154513705,127154.87060546895,1925,0,272.6808510638298,39,8,17,38.56418339337795,0.5948183760683761,47.00520833333334,1011.9791666666682,25.9481837606838,0
2393,4,0,0,47,0.0,0.0,1.0,47,1550,1100,450,0.7096774193548387,20,11,9,335.9187274839179,0.4493717237126118,0.22971636438665266,0.18262813568137126,128415.10662073562,-741.9389470446145,127673.167673691,1926,1,273.6808510638298,38,9,16,38.09599100523525,0.6006030701754386,46.60790598290598,1013.568376068376,26.672852001799367,8
2394,4,2,1,48,0.04081632653061224,0.02040816326530612,0.9795918367346939,49,650,300,350,0.46153846153846156,10,3,7,335.41215144409136,0.45165462018140584,0.263681307690109,0.1852735187921563,129046.45568940457,-1143.2501321964307,127903.20555720813,1927,0,263.46938775510205,40,9,18,37.46582649863306,0.6036458333333333,45.98577235772358,1016.0569105691067,25.401422764227668,0
2395,4,2,2,48,0.04,0.04,0.96,50,1850,1500,350,0.8108108108108109,22,15,7,329.41303469827227,0.45329931972789117,0.26960436562073653,0.18432042323193396,129554.6392746913,-1464.6026234567964,128090.0366512345,1928,0,258.04,41,9,12,37.102091859936316,0.6072154471544715,45.48611111111111,1018.0555555555552,24.830623306233054,0
2396,4,1,2,47,0.02040816326530612,0.04081632653061224,0.9591836734693877,49,1400,900,500,0.6428571428571429,19,9,10,339.51022626980046,0.4527352607709751,0.2695595630827605,0.19009238691800068,129579.88989866742,-1001.2604520975474,128578.62944656987,1929,0,264.14285714285717,41,8,13,36.81946068401052,0.6074695121951219,45.461309523809504,1018.1547619047589,24.8330429732868,0
2397,4,0,0,47,0.0,0.0,1.0,47,1350,1000,350,0.7407407407407407,17,10,7,354.9607235110929,0.45233965464076475,0.28138777074947385,0.19790275954659506,129413.28124999956,-212.67361111115372,129200.60763888841,1930,2,276.0,39,8,20,36.595686595686594,0.608974358974359,45.62499999999998,1017.4999999999965,26.0897435897435,0
2398,4,0,3,44,0.0,0.06382978723404255,0.9361702127659575,47,1300,1000,300,0.7692307692307693,16,10,6,348.5218584519686,0.4519349367869257,0.2656386351815707,0.19549616810584572,129651.86767578096,-362.6980251736401,129289.16965060732,1931,3,277.0,39,8,16,36.516931744570584,0.6113782051282051,45.390624999999986,1018.4374999999977,26.113782051281994,0
2399,4,0,0,44,0.0,0.0,1.0,44,1450,700,750,0.4827586206896552,22,7,15,365.45593043995274,0.4519578047921071,0.2687793887147336,0.20381196120689635,129424.43828870391,659.7857032932851,130084.22399199719,1932,4,293.6818181818182,37,7,20,36.31734913793101,0.6126126126126126,45.61403508771928,1017.5438596491203,27.50118539592217,0
2400,4,0,1,43,0.0,0.022727272727272728,0.9772727272727273,44,1050,700,350,0.6666666666666666,14,7,7,373.59656256560925,0.451880725863284,0.27676158395675876,0.20894400523247644,129536.03512619244,878.8434903046812,130414.87861649712,1933,5,294.6818181818182,37,7,16,35.996517305759,0.6137387387387387,45.50438596491227,1017.982456140349,27.513039355144567,0
2401,4,1,0,44,0.022727272727272728,0.0,1.0,44,1150,900,250,0.782608695652174,14,9,5,372.16693937574524,0.4516935341789993,0.3026907110484822,0.21101246657717415,130071.79578493665,881.6844272773586,130953.48021221401,1934,0,293.6363636363636,38,6,18,35.48758029604803,0.6173245614035088,44.97863247863247,1020.0854700854688,26.84435447593339,0
2402,4,0,2,42,0.0,0.045454545454545456,0.9545454545454546,44,1450,1100,350,0.7586206896551724,18,11,7,367.0046033079036,0.45110993657505283,0.30001284698762,0.20881447143540183,130208.06081753572,757.3915415661951,130965.45235910191,1935,1,294.6363636363636,38,6,19,35.48078265117415,0.6186951754385965,44.84508547008546,1020.619658119656,26.858412055780423,0
2403,4,0,0,42,0.0,0.0,1.0,42,1850,1500,350,0.8108108108108109,22,15,7,376.79541150543463,0.4487756484707704,0.2891554238641618,0.21452723680183805,130233.84871357855,1414.3033235938783,131648.15203717243,1936,2,307.2142857142857,36,6,21,35.204747719917634,0.6226851851851851,44.81981981981983,1020.7207207207216,28.353353353353377,0
2404,4,0,0,42,0.0,0.0,1.0,42,1200,700,500,0.5833333333333334,17,7,10,376.410727833038,0.4486667634533488,0.29117364382611965,0.2147838935973671,130320.07250071054,1410.7746682493744,131730.8471689599,1937,3,308.2142857142857,36,6,21,35.126925480680875,0.6235532407407407,44.73536036036038,1021.0585585585615,28.362737737737817,0
2405,4,0,1,41,0.0,0.023809523809523808,0.9761904761904762,42,1250,1100,150,0.88,14,11,3,377.38900908679636,0.44823122338366245,0.29695380852660724,0.2163013568821547,130492.60567577735,1449.2950298271521,131941.9007056045,1938,4,309.2142857142857,36,6,15,34.9266596862486,0.6252893518518519,44.566441441441455,1021.7342342342359,28.381506506506554,0
2406,4,0,1,40,0.0,0.024390243902439025,0.975609756097561,41,1250,900,350,0.72,16,9,7,379.12696901810654,0.4480945121951219,0.28503455307578984,0.21716766745767865,130469.43486636238,1692.8962780778538,132162.33114444025,1939,5,299.780487804878,35,6,22,34.90580510554737,0.6270833333333333,44.589120370370374,1021.6435185185192,29.189814814814834,0
2407,4,1,0,41,0.024390243902439025,0.0,1.0,41,1150,800,350,0.6956521739130435,15,8,7,380.7794858195384,0.44918699186991873,0.2853120212017064,0.21945119094687673,130706.03358892738,1754.035252700611,132460.068841628,1940,0,297.3658536585366,35,6,16,34.623302207130735,0.6294642857142857,44.357638888888886,1022.5694444444438,29.21626984126982,0
2408,4,0,0,41,0.0,0.0,1.0,41,1100,700,400,0.6363636363636364,15,7,8,381.40707894856945,0.4488313008130081,0.28642392330236954,0.22031867736911462,130794.81336805546,1777.213541666657,132572.02690972213,1941,1,298.3658536585366,35,6,17,34.51714188730482,0.6303571428571428,44.27083333333333,1022.9166666666658,29.226190476190453,0
2409,4,0,0,41,0.0,0.0,1.0,41,1350,900,450,0.6666666666666666,18,9,9,377.3059372981029,0.44872967479674797,0.28316518658909007,0.2184519837362494,130883.62328800156,1676.6336323302496,132560.2569203318,1942,2,299.3658536585366,35,6,17,34.53193926026468,0.63125,44.18402777777778,1023.263888888889,29.236111111111114,0
2410,4,0,1,40,0.0,0.024390243902439025,0.975609756097561,41,1650,1100,550,0.6666666666666666,22,11,11,375.92479122119215,0.4479928861788618,0.27502577987570564,0.2184908477754706,131031.70680084008,1651.6134044924468,132683.32020533254,1943,3,300.3658536585366,35,6,18,34.41715653025851,0.6327380952380952,44.03935185185185,1023.8425925925917,29.25264550264548,0
2411,4,0,1,39,0.0,0.025,0.975,40,800,400,400,0.5,12,4,8,384.0289929325661,0.44758279914529914,0.27506394605278484,0.22332882814151436,131053.7149234693,2065.6852324262936,133119.4001558956,1944,4,306.925,34,6,18,34.18740068984227,0.6351102941176471,44.01785714285714,1023.9285714285708,30.115546218487374,0
2412,4,0,0,39,0.0,0.0,1.0,39,900,800,100,0.8888888888888888,10,8,2,393.30290952863265,0.4450067476383266,0.28009873268493957,0.22811568752660713,130951.55709342571,2500.725682429849,133452.28277585556,1945,5,315.38461538461536,33,6,18,34.05371966794381,0.6363636363636364,44.117647058823536,1023.5294117647068,31.01604278074869,0
2413,4,0,1,38,0.0,0.02564102564102564,0.9743589743589743,39,850,400,450,0.47058823529411764,13,4,9,393.41561815586476,0.44495051731893837,0.281225933732814,0.2291131930960671,131108.39468293454,2516.0180279219617,133624.4127108565,1946,6,316.38461538461536,33,6,19,33.89162279127279,0.6379419191919191,43.96446078431373,1024.1421568627457,31.034610814022596,0
2414,4,0,0,38,0.0,0.0,1.0,38,850,400,450,0.47058823529411764,13,4,9,401.5387118498203,0.4450124466571835,0.28407940176044444,0.23321460427495294,131004.77629833692,2920.6978242016157,133925.47412253852,1947,7,324.2105263157895,32,6,19,33.788901907581,0.6393229166666667,44.06565656565657,1023.7373737373739,31.991792929292934,0
2415,4,0,0,38,0.0,0.0,1.0,38,1350,800,550,0.5925925925925926,19,8,11,399.90117390200396,0.4451013513513513,0.2777921993640078,0.23265412628014728,131069.41415416796,2882.962516579941,133952.3766707479,1948,8,325.2105263157895,32,6,19,33.765156185778864,0.6399739583333333,44.00252525252525,1023.9898989898991,31.999684343434346,0
2416,4,0,0,38,0.0,0.0,1.0,38,1600,1200,400,0.75,20,12,8,421.47175328788285,0.443486249407302,0.27830901349309656,0.2327785311398486,129040.97995421391,3290.825075247431,132331.80502946133,1949,9,326.2105263157895,32,6,17,35.28540656973613,0.6194661458333333,45.99116161616162,1016.0353535353539,31.75110479797981,7
2417,4,1,0,39,0.02564102564102564,0.0,1.0,39,850,700,150,0.8235294117647058,10,7,3,410.3134678496878,0.44559716599190285,0.2753897054145191,0.229025384409175,129458.25043362938,2823.79237450262,132282.042808132,1950,0,318.8205128205128,32,7,17,35.14164598842018,0.6236979166666667,45.58080808080809,1017.6767676767689,31.80239898989903,0
2418,4,0,0,39,0.0,0.0,1.0,39,1150,900,250,0.782608695652174,14,9,5,412.4617867609698,0.4449224021592442,0.27419498366449235,0.23173688687935287,129715.36705438235,2900.526413121128,132615.89346750348,1951,1,319.8205128205128,32,7,17,34.82404767806973,0.6263020833333333,45.32828282828284,1018.68686868687,31.833964646464686,0
2419,4,0,0,39,0.0,0.0,1.0,39,950,600,350,0.631578947368421,13,6,7,380.82874708268076,0.4438821412505623,0.21632714478263249,0.2040172197582068,127825.12825540765,1938.2003430772413,129763.32859848489,1952,2,320.8205128205128,32,7,17,37.56295001456694,0.6070963541666667,47.19065656565657,1011.2373737373741,31.60116792929294,8
2420,4,2,0,41,0.04878048780487805,0.0,1.0,41,1150,600,550,0.5217391304347826,17,6,11,361.02489452018057,0.4486026422764227,0.21732769505180594,0.19702569355652913,128566.7534722223,1083.159722222228,129649.91319444454,1953,0,306.1219512195122,34,7,17,37.304847986852906,0.6099877450980392,46.458333333333336,1014.1666666666673,29.828431372549037,0
2421,4,1,0,42,0.023809523809523808,0.0,1.0,42,1150,600,550,0.5217391304347826,17,6,11,353.386644039048,0.4502637437088657,0.217808427371861,0.1943737321726999,128877.99968117692,708.7527595593075,129586.75244073624,1954,0,299.8095238095238,35,7,18,37.180957673163874,0.6110119047619047,46.15162037037036,1015.3935185185169,29.01124338624334,0
2422,4,1,0,43,0.023255813953488372,0.0,1.0,43,1300,900,400,0.6923076923076923,17,9,8,344.8630980574668,0.4519887412329273,0.21566121643417713,0.19096529589366235,129144.1504849444,307.4103664475293,129451.56085139193,1955,0,293.8139534883721,36,7,19,37.12631102740232,0.6116898148148149,45.88963963963964,1016.4414414414415,28.234484484484486,0
2423,4,2,1,44,0.044444444444444446,0.022222222222222223,0.9777777777777777,45,1250,700,550,0.56,18,7,11,332.7604016376646,0.4538510101010101,0.21313337877755067,0.18703429471358382,129731.44531249988,-366.08974895505014,129365.35556354483,1956,0,281.7111111111111,37,8,16,36.837508520790706,0.6157094594594594,45.31249999999999,1018.7499999999991,27.533783783783758,0
2424,4,1,1,44,0.022222222222222223,0.022222222222222223,0.9777777777777777,45,1250,1000,250,0.8,15,10,5,333.1178170886809,0.45355639730639735,0.22544324970131413,0.18844256076184485,129982.9033933517,-340.07579255156435,129642.82760080014,1957,0,282.6666666666667,37,8,17,36.57347670250896,0.6182432432432432,45.065789473684205,1019.7368421052624,27.56045519203412,0
2425,4,0,1,43,0.0,0.022727272727272728,0.9772727272727273,44,1000,500,500,0.5,15,5,10,334.8539962229716,0.45248634601832277,0.22201293815289325,0.1898322197966058,130066.77685682115,-89.32399873039697,129977.45285809075,1958,1,287.75,37,7,17,36.44422498118886,0.6190878378378378,44.98355263157894,1020.0657894736827,27.569345661450882,0
2426,4,0,3,40,0.0,0.06976744186046512,0.9302325581395349,43,1100,1000,100,0.9090909090909091,12,10,2,341.74915228824983,0.45095053525286083,0.22423506020103812,0.19300405961731287,129917.93894823876,279.86910051943573,130197.8080487582,1959,2,295.3488372093023,36,7,17,36.41932692661732,0.6195023148148149,45.1295045045045,1019.4819819819818,28.31894394394394,0
2427,4,0,0,40,0.0,0.0,1.0,40,1150,800,350,0.6956521739130435,15,8,7,356.51538426794605,0.4480235042735043,0.2061579808366436,0.20046377520138547,129746.6057256238,1251.3321995465078,130997.9379251703,1960,3,284.85,34,6,18,36.21708732569914,0.6219362745098039,45.29761904761906,1018.8095238095256,29.96498599439781,0
2428,4,0,0,40,0.0,0.0,1.0,40,1100,900,200,0.8181818181818182,13,9,4,356.6632456983139,0.44779647435897435,0.2054322429906541,0.2008577225774718,129807.25623582785,1259.4954648526289,131066.75170068048,1961,4,285.85,34,6,18,36.15167445482866,0.6225490196078431,45.23809523809525,1019.0476190476205,29.97198879551825,0
2429,4,0,0,40,0.0,0.0,1.0,40,1450,1300,150,0.896551724137931,16,13,3,353.01967816590184,0.44752938034188033,0.19943082311733762,0.19957845171557442,129958.94451530628,1175.6129535147577,131134.55746882103,1962,5,286.85,34,6,20,36.09043588246741,0.6240808823529411,45.08928571428572,1019.6428571428585,29.989495798319368,0
2430,4,0,1,39,0.0,0.025,0.975,40,1050,600,450,0.5714285714285714,15,6,9,354.3667204593587,0.4472622863247863,0.20524395937901296,0.2006516651801273,130019.64462868478,1214.9270124716575,131234.57164115645,1963,6,287.85,34,6,20,35.994465195906784,0.6246936274509804,45.029761904761905,1019.8809523809522,29.99649859943977,0
2431,4,0,1,38,0.0,0.02564102564102564,0.9743589743589743,39,1050,600,450,0.5714285714285714,15,6,9,378.132308670495,0.44615946918578503,0.18487385347331808,0.20089398958276095,127489.75326678054,1841.59894691992,129331.35221370046,1964,7,293.53846153846155,36,3,17,37.97553337793637,0.5949074074074074,47.522522522522536,1009.9099099099119,28.05305305305311,7
2432,4,2,1,39,0.05,0.025,0.975,40,1000,700,300,0.7,13,7,6,367.74440564278075,0.44887820512820514,0.18232632491600764,0.19762245957285612,127950.32035097347,1410.6029018544323,129360.92325282791,1965,0,278.425,37,3,19,37.765412196091205,0.5976914414414414,47.06688596491229,1011.7324561403516,27.34412043622572,0
2433,4,1,2,38,0.025,0.05,0.95,40,1250,900,350,0.72,16,9,7,364.742095002062,0.45074786324786326,0.19371786081590714,0.19739382024508612,128232.4369454089,1354.6481015258935,129587.0850469348,1966,0,279.175,35,5,20,37.55249400068564,0.6044642857142857,46.78819444444444,1012.847222222222,28.938492063492056,0
2434,4,0,0,38,0.0,0.0,1.0,38,800,400,400,0.5,12,4,8,366.02057959687784,0.44885016595542915,0.1697974228384853,0.19837635499761416,128291.05748724702,1791.4334437156974,130082.49093096271,1967,1,269.4736842105263,35,3,20,37.460132716401986,0.6050595238095238,46.73032407407407,1013.0787037037031,28.945105820105805,0
2435,4,0,0,38,0.0,0.0,1.0,38,1050,800,250,0.7619047619047619,13,8,5,367.20048446320794,0.4490576102418207,0.16843099525678285,0.19942288229839525,128372.67324334475,1827.7015613586598,130200.3748047034,1968,2,270.4736842105263,36,2,16,37.34674223061822,0.6038773148148149,46.64977477477478,1013.4009009009013,28.150025025025037,0
2436,4,1,2,37,0.02564102564102564,0.05128205128205128,0.9487179487179487,39,1250,1000,250,0.8,15,10,5,358.56935402964774,0.4493645973909132,0.16918541555307232,0.19640667385084165,128713.06911571331,1430.5124095989438,130143.58152531226,1969,0,264.5128205128205,38,1,17,37.21770372710045,0.6036184210526316,46.31410256410256,1014.7435897435895,26.703778677462882,0
2437,4,0,0,37,0.0,0.0,1.0,37,1100,800,300,0.7272727272727273,14,8,6,376.9937089019721,0.4465715715715716,0.17335238392546293,0.20547526361703114,128515.36502718927,2289.8968224981672,130805.26184968743,1970,1,278.2432432432432,36,1,18,36.95255812231601,0.6053240740740741,46.509009009009006,1013.9639639639632,28.165665665665646,0
2438,4,1,1,37,0.02631578947368421,0.02631578947368421,0.9736842105263158,38,750,600,150,0.8,9,6,3,368.77439523701446,0.4477684921763869,0.17326243029541688,0.20263988875368022,128839.34389667957,1902.5302256463306,130741.8741223259,1971,0,271.89473684210526,37,1,19,36.82981873492457,0.6067004504504505,46.18969298245613,1015.241228070174,27.438952110004703,0
2439,4,0,0,37,0.0,0.0,1.0,37,750,400,350,0.5333333333333333,11,4,7,358.1184108739981,0.44707207207207206,0.11006815621837984,0.19179431159922694,127813.2723922902,1778.7735757391536,129592.04596802934,1972,1,280.0810810810811,34,3,17,38.14923279177458,0.602328431372549,47.20238095238095,1011.1904761904758,29.740896358543406,8
2440,4,2,1,38,0.05128205128205128,0.02564102564102564,0.9743589743589743,39,700,500,200,0.7142857142857143,9,5,4,342.3504104367171,0.4518387314439946,0.10132736049606472,0.18579426978948024,128344.14439777621,987.7341023455979,129331.8785001218,1973,0,266.6666666666667,36,3,19,38.00543639327258,0.603587962962963,46.67792792792793,1013.2882882882888,28.14689689689691,0
2441,4,0,1,37,0.0,0.02631578947368421,0.9736842105263158,38,1150,600,550,0.5217391304347826,17,6,11,350.57859773258656,0.45090979137031767,0.11686086360520864,0.1901465331196444,128320.37278163576,1397.2752700617223,129717.64805169748,1974,1,274.57894736842104,35,3,19,37.821281699794376,0.6053571428571429,46.701388888888886,1013.1944444444441,28.94841269841269,0
2442,4,0,0,37,0.0,0.0,1.0,37,1050,600,450,0.5714285714285714,15,6,9,358.3253981994458,0.45007507507507505,0.10784139402560444,0.19451950187969924,128355.55555555565,1798.6111111111218,130154.16666666677,1152,2,229.64864864864865,34,3,19,37.5890899122807,0.607843137254902,46.66666666666667,1013.3333333333342,29.803921568627477,0
2443,4,0,3,34,0.0,0.08108108108108109,0.9189189189189189,37,1250,1000,250,0.8,15,10,5,358.1910302120474,0.44982482482482483,0.10751573491299538,0.1951339194438766,128496.33487654322,1805.2469135802492,130301.58179012347,1153,3,230.64864864864865,35,2,16,37.44863013698631,0.6071428571428572,46.52777777777778,1013.8888888888889,28.96825396825397,0
2444,4,0,1,33,0.0,0.029411764705882353,0.9705882352941176,34,1050,900,150,0.8571428571428571,12,9,3,380.6077297169235,0.44511289364230544,0.11729119738203408,0.20520054937058368,128080.61876658017,2949.6947058973906,131030.31347247756,1154,6,249.55882352941177,32,2,17,37.306400981248196,0.6097005208333333,46.93813131313133,1012.2474747474766,31.632733585858645,0
2445,4,2,0,35,0.05714285714285714,0.0,1.0,35,900,500,400,0.5555555555555556,13,5,8,371.67957101845786,0.4473039215686274,0.1369798680893679,0.2025874025432623,128517.04422577863,2553.431973279524,131070.47619905816,1155,0,243.02857142857144,33,2,18,37.0855491096608,0.6117424242424243,46.50735294117648,1013.9705882352948,30.7263814616756,0
2446,4,1,0,36,0.027777777777777776,0.0,1.0,36,1250,1100,150,0.88,14,11,3,364.0097711456619,0.44875992063492065,0.1385892224306855,0.20001774022746183,128838.5487528346,2179.698129251715,131018.24688208631,1156,0,237.25,34,2,20,36.95156152282677,0.6127450980392157,46.1904761904762,1015.2380952380963,29.85994397759107,0
2447,4,0,2,34,0.0,0.05555555555555555,0.9444444444444444,36,1000,700,300,0.7,13,7,6,362.3823698145849,0.4482473544973545,0.16569420373579802,0.18309512030036412,125434.40453800176,1891.0433545524966,127325.44789255426,1157,1,238.25,35,1,14,40.49068457538996,0.5758928571428572,49.565972222222236,1001.7361111111129,28.621031746031797,8
2448,4,2,0,36,0.05555555555555555,0.0,1.0,36,1100,800,300,0.7272727272727273,14,8,6,367.24574301406636,0.45458002645502643,0.19375288151221715,0.18831111503487238,126043.83680555565,2057.812500000006,128101.64930555565,1158,0,221.86111111111111,35,1,18,39.73893499308436,0.5821428571428571,48.958333333333336,1004.1666666666674,28.69047619047621,0
2449,4,1,0,37,0.02702702702702703,0.0,1.0,37,1050,700,350,0.6666666666666666,14,7,7,367.1561720387285,0.4546421421421421,0.19888212027950014,0.190091117245095,126439.93391617987,1884.6404258988944,128324.57434207876,1159,0,216.83783783783784,36,1,16,39.33256820811406,0.5842013888888888,48.5641891891892,1005.7432432432447,27.937312312312354,0
2450,4,2,0,39,0.05128205128205128,0.0,1.0,39,1300,900,400,0.6923076923076923,17,9,8,356.7659970188581,0.4567026540710751,0.2059010424717056,0.18821612492903006,127205.5903031409,1279.8801335118796,128485.47043665277,1160,0,206.66666666666666,36,3,19,38.806560244102094,0.5920138888888888,47.80405405405405,1008.7837837837832,28.021771771771753,0
2451,4,0,0,39,0.0,0.0,1.0,39,1050,800,250,0.7619047619047619,13,8,5,361.7480012280513,0.4565620782726046,0.2042358459536373,0.19178420053279027,127404.47108848725,1417.6625527554697,128822.13364124272,1161,1,207.66666666666666,36,3,14,38.47671500278862,0.5940393518518519,47.60698198198199,1009.572072072073,28.043668668668694,0
2452,4,1,0,40,0.025,0.0,1.0,40,1200,1000,200,0.8333333333333334,14,10,4,365.68395079852604,0.4573851495726496,0.23178517233904206,0.1963795186302212,127922.58795975683,1355.8474722991662,129278.435432056,1162,0,203.45,37,3,17,37.84594262591228,0.5974099099099099,47.094298245614034,1011.6228070175437,27.3411569464201,0
2453,4,1,0,41,0.024390243902439025,0.0,1.0,41,1150,800,350,0.6956521739130435,15,8,7,365.86987627304086,0.4588160569105691,0.25464309688968445,0.19359134229981304,127325.53155006868,1162.0373517112691,128487.56890177996,1163,0,199.46341463414635,35,6,15,38.453746177370036,0.5952380952380952,47.68518518518519,1009.25925925926,28.835978835978857,8
2454,4,0,0,41,0.0,0.0,1.0,41,1150,1000,150,0.8695652173913043,13,10,3,367.49851614642836,0.4580792682926829,0.25921938916741016,0.1948747450665832,127413.15593117708,1164.8291484482104,128577.98507962529,1164,1,200.46341463414635,35,6,15,38.32265753372311,0.5961309523809524,47.598379629629626,1009.6064814814811,28.845899470899457,0
2455,4,2,1,42,0.046511627906976744,0.023255813953488372,0.9767441860465116,43,1750,1400,350,0.8,21,14,7,351.9414894040837,0.45944075304540416,0.24988032081386802,0.18953619835843552,128036.38100162525,412.2629255241329,128448.64392714939,1165,0,192.09302325581396,38,5,17,38.077078714944236,0.596765350877193,46.9818376068376,1012.0726495726484,26.63349077822759,0
2456,4,1,1,42,0.023255813953488372,0.023255813953488372,0.9767441860465116,43,600,300,300,0.5,9,3,6,352.6821557988557,0.45944075304540416,0.24949451685382562,0.19032303565847158,128118.1654188366,436.99815538192547,128555.16357421852,1166,0,192.93023255813952,39,4,18,37.9746930411222,0.5958867521367521,46.90104166666666,1012.3958333333317,25.958867521367477,0
2457,4,2,2,42,0.045454545454545456,0.045454545454545456,0.9545454545454546,44,550,200,350,0.36363636363636365,9,2,7,336.6066938711015,0.46181289640591966,0.16417286488181304,0.1805498802994119,127874.86948650915,-186.73258624923687,127688.13690025991,1167,0,178.36363636363637,42,2,19,38.63008558472249,0.5887896825396826,47.14147286821705,1011.4341085271312,24.08176448874122,8
2458,4,0,0,42,0.0,0.0,1.0,42,1000,800,200,0.8,12,8,4,343.0774389093368,0.45828493999225706,0.18965319246669732,0.18396048879448945,127861.7225196644,373.2944593165619,128235.01697898096,1168,1,187.5952380952381,40,2,19,38.47991191050376,0.5916666666666667,47.154471544715456,1011.3821138211397,25.28455284552849,0
2459,4,1,1,42,0.023255813953488372,0.023255813953488372,0.9767441860465116,43,1250,700,550,0.56,18,7,11,339.3406860908102,0.45810262089331855,0.19023743798529336,0.18348554784064863,128197.27105034747,101.13481739335714,128298.40586774082,1169,0,184.2093023255814,39,4,21,38.23158815058629,0.5966880341880342,46.82291666666668,1012.7083333333353,25.966880341880394,0
2460,4,1,1,42,0.023255813953488372,0.023255813953488372,0.9767441860465116,43,1000,800,200,0.8,12,8,4,336.47432369770013,0.45884090070136585,0.19264322761060249,0.18289917148483933,128408.33875868072,41.22178819446259,128449.56054687519,1170,0,184.97674418604652,39,4,12,38.08881466255568,0.5988247863247863,46.61458333333334,1013.541666666668,25.988247863247896,0
2461,4,2,1,43,0.045454545454545456,0.022727272727272728,0.9772727272727273,44,900,600,300,0.6666666666666666,12,6,6,329.1341642972909,0.4580800739957717,0.19423123051091418,0.18078528734590335,128823.44148596942,-319.96084892289707,128503.48063704652,1171,0,181.72727272727272,41,3,14,37.85210837486562,0.5998475609756098,46.205357142857146,1015.1785714285717,24.76045296167248,0
2462,4,0,2,41,0.0,0.046511627906976744,0.9534883720930233,43,950,600,350,0.631578947368421,13,6,7,334.6013700658752,0.45697212993724623,0.18742399410819344,0.1835553145921704,128773.09032698767,17.530490205382364,128790.62081719305,1172,1,186.90697674418604,41,2,16,37.764616524940564,0.599339430894309,46.25496031746034,1014.9801587301619,24.755613627564923,0
2463,4,1,1,41,0.023809523809523808,0.023809523809523808,0.9761904761904762,42,1700,1200,500,0.7058823529411765,22,12,10,339.5166569565768,0.45806716995741387,0.18447913539477634,0.18693057592105122,128917.41569378383,353.92199996698827,129271.33769375081,1173,0,184.23809523809524,40,2,18,37.49291170486007,0.60234375,46.1128048780488,1015.5487804878078,25.388719512195195,0
2464,4,0,2,39,0.0,0.04878048780487805,0.9512195121951219,41,1200,900,300,0.75,15,9,6,347.1438154609614,0.4560721544715447,0.1952870713444026,0.1910957118536938,128910.32036675372,750.0840928819694,129660.40445963568,1174,1,189.58536585365854,39,2,19,37.30649724758094,0.6038995726495726,46.11979166666668,1015.5208333333353,26.038995726495777,0
2465,4,2,0,41,0.04878048780487805,0.0,1.0,41,850,600,250,0.7058823529411765,11,6,5,350.040311744155,0.455614837398374,0.2193122750899641,0.19411326378539492,129201.38888888879,845.795355902769,130047.18424479156,1175,0,190.1219512195122,37,4,21,36.93647540983607,0.6103603603603603,45.83333333333333,1016.6666666666658,27.477477477477454,0
2466,4,1,1,41,0.023809523809523808,0.023809523809523808,0.9761904761904762,42,700,600,100,0.8571428571428571,8,6,2,345.3236198672419,0.45661536972512584,0.21883966687661882,0.1928225558531853,129473.07715136217,542.0223354518,130015.09948681397,1176,0,186.57142857142858,38,4,15,36.78004059066414,0.6112938596491229,45.566239316239304,1017.7350427350409,26.78250112460634,0
2467,4,1,1,41,0.023809523809523808,0.023809523809523808,0.9761904761904762,42,1300,1000,300,0.7692307692307693,16,10,6,347.15495541515907,0.45677264808362367,0.1941879413362304,0.18633010872282982,127901.25739644942,482.7109129592755,128383.9683094087,1177,0,187.54761904761904,38,4,18,38.33636987748202,0.5953947368421053,47.1153846153846,1011.5384615384592,26.619433198380506,8
2468,4,1,1,41,0.023809523809523808,0.023809523809523808,0.9761904761904762,42,1000,900,100,0.9,11,9,2,350.97289030623205,0.45611933797909404,0.2120992792303753,0.18914204566332432,128063.41428336616,589.3573307034817,128652.77161406964,1178,0,188.42857142857142,38,4,19,38.073939202026615,0.5970394736842105,46.955128205128204,1012.1794871794868,26.636302294197023,0
2469,4,1,0,42,0.023809523809523808,0.0,1.0,42,1500,1000,500,0.6666666666666666,20,10,10,349.4894882782483,0.4551151761517615,0.21873361821098958,0.1889933233966501,128201.54772593557,561.0700264773999,128762.61775241297,1179,0,189.23809523809524,36,6,20,37.970273175432744,0.6021412037037037,46.8186936936937,1012.7252252252267,28.131256256256297,0
2470,4,2,1,43,0.045454545454545456,0.022727272727272728,0.9772727272727273,44,1400,900,500,0.6428571428571429,19,9,10,342.92368242419604,0.45773872445384073,0.23529933026136574,0.18839538945356374,128830.99500868078,35.83984375002353,128866.83485243081,1180,0,181.5909090909091,39,5,15,37.494442164306726,0.6030982905982907,46.19791666666668,1015.2083333333352,26.030982905982953,0
2471,4,1,2,42,0.022727272727272728,0.045454545454545456,0.9545454545454546,44,1250,900,350,0.72,16,9,7,346.34127359344154,0.4589940098661029,0.2516777760600908,0.19118573783068116,129020.64252635672,137.03473048450905,129157.67725684123,1181,0,182.54545454545453,40,4,17,37.21449768263814,0.6033854166666667,46.01117886178862,1015.9552845528459,25.39888211382115,0
2472,4,0,0,42,0.0,0.0,1.0,42,1350,800,550,0.5925925925925926,19,8,11,349.17237573107093,0.4569662214479288,0.25753048810256085,0.19285545599551926,129042.58355034741,611.6210937500198,129654.20464409742,1182,1,190.97619047619048,39,3,18,37.120241268539424,0.6052350427350428,45.98958333333334,1016.0416666666682,26.05235042735047,0
2473,4,1,3,40,0.023255813953488372,0.06976744186046512,0.9302325581395349,43,1300,900,400,0.6923076923076923,17,9,8,344.4943027095471,0.45812569213732,0.2514007044719546,0.19159313682713236,129315.90374157943,310.1090427420668,129626.0127843215,1183,0,187.51162790697674,36,7,19,36.96094441984056,0.6134259259259259,45.72072072072072,1017.1171171171172,28.253253253253256,0
2474,4,0,0,40,0.0,0.0,1.0,40,800,400,400,0.5,12,4,8,366.9673458795314,0.4578125,0.2501511226252162,0.20235627929928443,128978.53185595559,1466.1819021237188,130444.7137580793,1184,1,197.275,37,3,19,36.733592400690846,0.6081081081081081,46.05263157894736,1015.7894736842098,27.453769559032697,0
2475,4,2,2,40,0.047619047619047616,0.047619047619047616,0.9523809523809523,42,700,600,100,0.8571428571428571,8,6,2,374.8245940016709,0.4586115950445219,0.2453777749344248,0.19419566552337184,126468.25034493972,1131.9719378733553,127600.22228281308,1185,0,188.83333333333334,36,6,15,39.110548216151656,0.5844907407407407,48.536036036036045,1005.8558558558574,27.940440440440483,8
2476,4,3,0,43,0.06976744186046512,0.0,1.0,43,850,500,350,0.5882352941176471,12,5,7,366.80844999040517,0.4602943890734588,0.2670460437295299,0.19284183520078743,127064.37467538069,721.657264735283,127786.03194011598,1186,0,185.2093023255814,37,6,19,38.69845477614645,0.5886824324324325,47.94407894736841,1008.2236842105248,27.249288762446614,0
2477,4,1,3,41,0.022727272727272728,0.06818181818181818,0.9318181818181819,44,1800,1500,300,0.8333333333333334,21,15,6,361.4089074667466,0.45912614517265676,0.27520748675023565,0.1924153892512868,127575.06397867457,421.35890997167843,127996.42288864625,1187,0,181.97727272727272,36,8,16,38.3102496934567,0.595775462962963,47.43806306306306,1010.2477477477473,28.062437437437424,0
2478,4,1,0,42,0.023809523809523808,0.0,1.0,42,1050,700,350,0.6666666666666666,14,7,7,379.31796913754584,0.4569783197831978,0.30154145826667356,0.20148743470217897,127482.4422477323,1271.2762188208471,128753.71846655314,1188,0,191.35714285714286,34,8,17,37.95311210656608,0.5989583333333333,47.5297619047619,1009.8809523809513,29.70238095238092,0
2479,4,1,0,43,0.023255813953488372,0.0,1.0,43,1250,1000,250,0.8,15,10,5,370.69043593768873,0.4579872646733112,0.3004727830309226,0.19842840982546867,127793.20987654319,874.3441358024667,128667.55401234566,1189,0,187.88372093023256,35,8,19,37.85199175824176,0.6,47.22222222222222,1011.111111111111,28.888888888888886,0
2480,4,0,0,43,0.0,0.0,1.0,43,1200,700,500,0.5833333333333334,17,7,10,370.06006210432065,0.45787190845330383,0.3014421797669098,0.19866860827959232,127910.26341735253,866.8960048010954,128777.15942215362,1190,1,188.88372093023256,35,8,20,37.74790236460718,0.6011904761904762,47.10648148148148,1011.5740740740739,28.9021164021164,0
2481,4,1,0,44,0.022727272727272728,0.0,1.0,44,1450,1100,350,0.7586206896551724,18,11,7,360.3459913026855,0.4577277131782946,0.29900495188264964,0.1958752232053143,128408.33875868036,454.50035901060636,128862.83911769096,1191,0,185.5681818181818,35,9,15,37.48394141829394,0.60625,46.61458333333332,1013.541666666665,28.958333333333286,0
2482,4,1,1,44,0.022222222222222223,0.022222222222222223,0.9777777777777777,45,1400,800,600,0.5714285714285714,20,8,12,351.8470659681375,0.45871212121212124,0.29644099149093583,0.19259672323043261,128686.69979100728,55.607550117692114,128742.30734112498,1192,0,182.42222222222222,36,9,16,37.41514058453569,0.6070601851851851,46.340090090090094,1014.6396396396401,28.184434434434447,0
2483,4,1,1,44,0.022222222222222223,0.022222222222222223,0.9777777777777777,45,900,400,500,0.4444444444444444,14,4,10,350.6682699262276,0.4600589225589226,0.3015499864468594,0.1930602233330112,128915.32368517175,41.302704731770035,128956.62638990353,1193,0,182.93333333333334,36,9,18,37.21191875508242,0.609375,46.11486486486487,1015.5405405405413,28.20945945945948,0
2484,4,0,1,43,0.0,0.022727272727272728,0.9772727272727273,44,1250,1100,150,0.88,14,11,3,349.46182640201704,0.4595335623678647,0.27640222461789543,0.19309210407993893,129058.31665702879,220.19101026703933,129278.50766729582,1194,1,167.13636363636363,36,8,18,37.09686357087443,0.6108217592592593,45.97409909909911,1016.1036036036047,28.225100100100132,0
2485,4,0,1,42,0.0,0.023255813953488372,0.9767441860465116,43,1650,1200,450,0.7272727272727273,21,12,9,357.71711437777896,0.4583333333333333,0.28572336706044377,0.19778062117360856,129083.74592764078,635.0930212620215,129718.83894890279,1195,2,171.90697674418604,35,8,19,36.86123766135156,0.6130952380952381,45.94907407407408,1016.2037037037051,29.034391534391574,0
2486,4,0,0,42,0.0,0.0,1.0,42,1450,1000,450,0.6896551724137931,19,10,9,367.0632742169662,0.455925764614789,0.30031909671084955,0.20293083605673778,129080.38548752862,1076.1337868481094,130156.51927437673,1196,3,176.78571428571428,34,8,19,36.6272258669166,0.6151960784313726,45.95238095238097,1016.1904761904784,29.887955182072893,0
2487,4,1,0,43,0.023255813953488372,0.0,1.0,43,1550,1100,450,0.7096774193548387,20,11,9,384.02926066149826,0.45651070505721664,0.3156782436315049,0.20250889527555818,127187.51793503201,1212.9952704222007,128400.5132054542,1197,0,173.65116279069767,32,11,18,38.13759544373514,0.6005859375,47.82196969696969,1008.7121212121201,31.522253787878753,8
2488,4,2,1,44,0.044444444444444446,0.022222222222222223,0.9777777777777777,45,850,600,250,0.7058823529411765,11,6,5,362.283187566008,0.457070707070707,0.3040276823652148,0.19364635007353193,127734.70320001703,255.22708762001764,127989.93028763705,1198,0,166.88888888888889,35,10,18,38.12447523089841,0.5994047619047619,47.28009259259259,1010.8796296296287,28.882275132275105,0
2489,4,0,0,44,0.0,0.0,1.0,44,1300,800,500,0.6153846153846154,18,8,10,373.2969480128036,0.45602096546863985,0.3166563182460498,0.19962453920180917,127753.08956916108,737.9676870748388,128491.05725623592,1199,1,171.54545454545453,34,10,18,37.82726880200973,0.6017156862745099,47.261904761904766,1010.9523809523815,29.733893557422988,0
2490,4,0,0,44,0.0,0.0,1.0,44,1000,600,400,0.6,14,6,8,369.5758483333198,0.45518410852713176,0.31380861694501805,0.19837561486343777,127903.57320011343,654.0143140589622,128557.5875141724,1200,2,172.54545454545453,34,10,18,37.7670060021184,0.6032475490196079,47.11309523809524,1011.5476190476195,29.751400560224102,0
2491,4,1,0,45,0.022222222222222223,0.0,1.0,45,1900,1100,800,0.5789473684210527,27,11,16,363.1867691145655,0.45622895622895626,0.3095267113548652,0.19669620069868038,128261.74554183803,316.59379286692575,128578.33933470496,1201,0,169.6888888888889,35,10,19,37.56189061547836,0.6047619047619048,46.75925925925925,1012.962962962962,28.941798941798915,0
2492,4,1,1,45,0.021739130434782608,0.021739130434782608,0.9782608695652174,46,1700,1100,600,0.6470588235294118,23,11,12,357.07579251810864,0.45544484702093396,0.3111215606838844,0.19616320960089872,128829.56594685899,0.38387204771856887,128829.94981890671,1202,0,166.97826086956522,36,10,17,37.136716583471994,0.6085069444444444,46.19932432432432,1015.2027027027025,28.20007507507507,0
2493,4,1,0,46,0.021739130434782608,0.0,1.0,46,1850,1500,350,0.8108108108108109,22,15,7,335.92390011890615,0.45460950080515294,0.3155922038980512,0.17521210617712724,126742.13927469129,-684.3214554644803,126057.81781922681,1203,0,167.93478260869566,38,8,18,39.80747126436783,0.5836074561403508,48.263888888888886,1006.9444444444439,26.498538011695892,7
2494,4,2,3,45,0.041666666666666664,0.0625,0.9375,48,1200,700,500,0.5833333333333334,17,7,10,324.74035077038866,0.45539671985815605,0.3210088926529753,0.1717523714096916,127307.56104353863,-1330.6550880268778,125976.90595551176,1204,0,161.89583333333334,38,10,20,39.509889547603926,0.5893640350877193,47.702991452991455,1009.1880341880344,26.557579847053535,0
2495,4,1,1,45,0.021739130434782608,0.021739130434782608,0.9782608695652174,46,950,600,350,0.631578947368421,13,6,7,324.9558101231267,0.4555152979066022,0.3161512270909186,0.1722434164538646,127396.24361582412,-920.3700898353309,126475.87352598879,1205,0,166.6304347826087,37,9,18,39.413738640889164,0.5920608108108107,47.61513157894737,1009.5394736842106,27.284850640113802,0
2496,4,1,0,46,0.021739130434782608,0.0,1.0,46,1100,500,600,0.45454545454545453,17,5,12,326.1412114644481,0.45677334943639286,0.31075899609674895,0.17376436263770625,127604.23657909637,-876.5999388194911,126727.63664027688,1206,0,165.1304347826087,38,8,19,39.17116069225618,0.5923793859649122,47.409188034188034,1010.363247863248,26.588506522717054,0
2497,4,1,0,47,0.02127659574468085,0.0,1.0,47,1200,800,400,0.6666666666666666,16,8,8,321.5615883525705,0.4587765957446808,0.31552724810863775,0.17261938001613128,127907.33642578138,-1173.9827473958203,126733.35367838557,1207,0,162.59574468085106,39,8,20,38.97738389455255,0.59375,47.10937500000001,1011.562500000001,25.937500000000025,0
2498,4,1,0,48,0.020833333333333332,0.0,1.0,48,1750,1100,650,0.6285714285714286,24,11,13,314.4730627874262,0.4593860815602837,0.31808894864494386,0.17050589219057524,128306.84222961868,-1529.751416368751,126777.09081324993,1208,0,160.1875,38,10,21,38.7496045555204,0.5995065789473684,46.71474358974359,1013.1410256410256,26.661605937921728,0
2499,4,2,3,47,0.04,0.06,0.94,50,2000,1500,500,0.75,25,15,10,307.5328953623886,0.45918367346938777,0.32620634444110896,0.16932100404167222,128917.41569378352,-2070.730777810819,126846.6849159727,1209,0,154.74,40,10,17,38.304938456919835,0.60234375,46.112804878048784,1015.5487804878054,25.388719512195134,0
2500,4,0,0,47,0.0,0.0,1.0,47,1200,900,300,0.75,15,9,6,321.68159838762824,0.45921985815602834,0.3275345261957743,0.17639128404477988,128755.86718990446,-1116.3213681132781,127639.54582179118,1210,1,161.6595744680851,37,10,17,38.10996470757707,0.6058558558558558,46.2719298245614,1014.9122807017534,27.43006164058793,0
2501,4,1,3,45,0.020833333333333332,0.0625,0.9375,48,1100,700,400,0.6363636363636364,15,7,8,316.65127878838905,0.4592013888888889,0.3333464746285397,0.17511552115320655,129092.79348381892,-1424.5203721966768,127668.27311162224,1211,0,159.27083333333334,38,10,19,37.895333964115515,0.6074561403508771,45.94017094017093,1016.2393162393146,26.743139901034596,0
2502,4,0,0,45,0.0,0.0,1.0,45,1050,500,550,0.47619047619047616,16,5,11,329.8259227556769,0.45614478114478113,0.3303027030918195,0.1814924462650218,128895.01006319221,-497.4168734610981,128397.59318973111,1212,1,149.33333333333334,37,8,20,37.76173829320088,0.6072635135135135,46.134868421052616,1015.4605263157869,27.44487908961586,0
2503,4,0,0,45,0.0,0.0,1.0,45,1650,1400,250,0.8484848484848485,19,14,5,330.9980405492945,0.4557449494949495,0.3324267932944811,0.1827787749540979,129034.22807979377,-457.98466835950336,128576.24341143426,1213,2,150.33333333333334,37,8,21,37.590384200302175,0.6086711711711712,45.997807017543856,1016.0087719298244,27.459696538643904,0
2504,4,3,2,46,0.0625,0.041666666666666664,0.9583333333333334,48,900,400,500,0.4444444444444444,14,4,10,307.556064743774,0.4564309988179669,0.3139468170025945,0.17258269209754218,129666.74619108996,-1624.0411626677267,128042.70502842224,1214,0,141.875,40,8,16,37.54490121732187,0.6098958333333333,45.3760162601626,1018.4959349593496,25.46239837398374,0
2505,4,0,1,45,0.0,0.021739130434782608,0.9782608695652174,46,1450,1100,350,0.7586206896551724,18,11,7,320.25097650195335,0.45464975845410627,0.3220609380349204,0.17869891922560643,129445.89548405631,-908.9651134122482,128536.93037064406,1215,1,149.04347826086956,38,8,18,37.44553805774281,0.6110197368421053,45.59294871794871,1017.6282051282033,26.77968960863693,0
2506,4,2,1,46,0.0425531914893617,0.02127659574468085,0.9787234042553191,47,1200,700,500,0.5833333333333334,17,7,10,341.2229838233614,0.456618100524206,0.3269966664927999,0.18205321384249962,127660.40322416996,-616.1627884081288,127044.24043576184,1216,0,128.70212765957447,36,11,18,38.7327278805438,0.5966435185185186,47.353603603603595,1010.5855855855843,28.071821821821786,8
2507,4,2,2,46,0.041666666666666664,0.041666666666666664,0.9583333333333334,48,1700,1300,400,0.7647058823529411,21,13,8,334.2798337127212,0.45801012115839246,0.32819820591932447,0.18090802874582682,128232.43694540876,-1025.0639689873053,127207.37297642145,1217,0,126.6875,35,13,20,38.32383441892357,0.6044642857142857,46.788194444444436,1012.8472222222206,28.938492063492017,0
2508,4,0,2,44,0.0,0.043478260869565216,0.9565217391304348,46,1400,1200,200,0.8571428571428571,16,12,4,350.1064445330111,0.45856481481481487,0.3410531576317106,0.18949769247317214,128237.60880730973,-220.63734501152388,128016.97146229821,1218,1,132.47826086956522,33,13,21,37.91780096793711,0.6089015151515151,46.78308823529412,1012.8676470588239,30.69295900178254,0
2509,4,1,1,44,0.022222222222222223,0.022222222222222223,0.9777777777777777,45,1550,1200,350,0.7741935483870968,19,12,7,358.3757297887884,0.456986531986532,0.358030227536954,0.19492143351926797,128432.33471074386,205.4063360881588,128637.74104683202,1219,0,136.0,32,13,19,37.50934230194319,0.61328125,46.59090909090909,1013.6363636363641,31.676136363636378,0
2510,4,3,2,45,0.06382978723404255,0.0425531914893617,0.9574468085106383,47,1100,500,600,0.45454545454545453,17,5,12,339.7582623513476,0.4598751156336725,0.35098915759814475,0.1895726910299815,129443.56575963704,-604.0958049886772,128839.46995464836,1220,0,125.57446808510639,34,13,14,36.951626111371084,0.6188725490196079,45.59523809523809,1017.6190476190463,29.92997198879548,0
2511,4,1,0,46,0.021739130434782608,0.0,1.0,46,850,600,250,0.7058823529411765,11,6,5,348.3569012495623,0.4575684380032206,0.36183958978226816,0.19394437540393128,129357.17520004314,-187.50705858325244,129169.66814145989,1221,0,129.2173913043478,33,13,23,36.82073946914028,0.6202651515151515,45.68014705882352,1017.2794117647051,30.8266488413547,0
2512,4,0,1,45,0.0,0.021739130434782608,0.9782608695652174,46,1850,1400,450,0.7567567567567568,23,14,9,349.17665275663927,0.45682367149758457,0.36207365913671663,0.1950176261697302,129481.87183114664,-157.59068026721036,129324.28115087943,1222,1,130.2173913043478,33,13,18,36.67306341561308,0.6215277777777778,45.557598039215684,1017.769607843137,30.84150326797385,0
2513,4,0,0,45,0.0,0.0,1.0,45,1000,700,300,0.7,13,7,6,355.37131519274385,0.45671296296296293,0.3570436507936512,0.19900793650793636,129586.776859504,210.28466483010206,129797.0615243341,1223,2,132.0,32,13,20,36.40873015873017,0.625,45.454545454545446,1018.181818181817,31.81818181818178,0
2514,4,0,0,45,0.0,0.0,1.0,45,1100,900,200,0.8181818181818182,13,9,4,355.18802783798253,0.45662878787878786,0.35701591237859076,0.19906820323233687,129618.91842987953,207.8176015202417,129826.73603139978,1224,3,133.0,32,13,21,36.38070882413722,0.6253255208333333,45.42297979797979,1018.3080808080801,31.822127525252505,0
2515,4,0,0,45,0.0,0.0,1.0,45,1400,1100,300,0.7857142857142857,17,11,6,355.9143659656432,0.45635521885521885,0.35947777226904676,0.19996637218738228,129715.36705438222,233.51252423222635,129948.87957861445,1225,4,134.0,32,13,21,36.264150553627495,0.6263020833333333,45.32828282828283,1018.6868686868688,31.83396464646465,0
2516,4,0,0,45,0.0,0.0,1.0,45,1150,700,450,0.6086956521739131,16,7,9,359.2976025483237,0.4556186868686869,0.3629996696399076,0.2025314418833848,129844.02101826355,330.5290914192566,130174.55010968281,1226,5,135.0,32,13,21,36.04718987446316,0.6276041666666667,45.20202020202021,1019.1919191919201,31.849747474747502,0
2517,4,3,2,46,0.0625,0.041666666666666664,0.9583333333333334,48,1450,1000,450,0.6896551724137931,19,10,9,337.6161181225834,0.45794547872340424,0.35725500735543747,0.1948735229163468,130765.21675936643,-770.3110264489007,129994.90573291753,1227,0,127.5,35,13,17,35.66691656293614,0.6300595238095238,44.29976851851852,1022.8009259259261,29.2228835978836,0
2518,4,0,0,46,0.0,0.0,1.0,46,1250,1000,250,0.8,15,10,5,359.628268608135,0.45567632850241546,0.3770514023563756,0.20656334436582963,130575.52984429065,191.73034409842086,130767.26018838907,1228,1,133.8695652173913,33,13,18,35.29626298960831,0.6325757575757576,44.48529411764706,1022.0588235294117,30.971479500891263,0
2519,4,0,0,46,0.0,0.0,1.0,46,1300,700,600,0.5384615384615384,19,7,12,359.3894371726196,0.45532407407407405,0.3787506186990386,0.2072636387840715,130732.14215986658,196.7501982410829,130928.89235810765,1229,2,134.8695652173913,33,13,20,35.14367385660076,0.6341540404040404,44.332107843137265,1022.6715686274524,30.990047534165225,0
2520,4,0,0,46,0.0,0.0,1.0,46,1350,800,550,0.5925925925925926,19,8,11,378.9091999391182,0.45570652173913045,0.36240923379899015,0.20382105953728336,127989.47707912826,501.98886846405776,128491.46594759233,1230,3,135.8695652173913,33,13,18,37.442851519922485,0.6063762626262627,47.02818627450981,1011.8872549019611,30.663250148544275,8
2521,4,2,1,47,0.041666666666666664,0.020833333333333332,0.9791666666666666,48,1150,900,250,0.782608695652174,14,9,5,363.1026766749811,0.4592013888888889,0.3496854330554582,0.19785959675245127,128506.39349489797,-267.70304629203997,128238.69044860594,1231,0,131.16666666666666,34,14,16,37.3138526867833,0.609375,46.517857142857146,1013.9285714285716,29.821428571428577,0
2522,4,1,1,47,0.020833333333333332,0.020833333333333332,0.9791666666666666,48,1600,1100,500,0.6875,21,11,10,361.81520903834485,0.4578808362884161,0.35566261879619865,0.19805722714411136,128687.51594387757,-287.7799036281166,128399.73604024945,1232,0,132.14583333333334,34,14,18,37.16145527787557,0.6112132352941176,46.339285714285715,1014.6428571428573,29.842436974789923,0
2523,4,1,0,48,0.020833333333333332,0.0,1.0,48,2000,1600,400,0.8,24,16,8,359.8693378560407,0.46031877955082745,0.3591423579459132,0.19838023297893284,128966.15655006851,-317.8069272976782,128648.34962277084,1233,0,132.64583333333334,35,13,19,36.926466119720445,0.611904761904762,46.06481481481481,1015.7407407407401,29.021164021164,0
2524,4,2,4,46,0.04,0.08,0.92,50,1700,1200,500,0.7058823529411765,22,12,10,349.2771646739266,0.4616581632653061,0.3506480867064812,0.19567311790468644,129602.41280131464,-946.3530096663435,128656.0597916483,1234,0,128.3,36,14,14,36.54796136547962,0.6163194444444444,45.43918918918918,1018.2432432432416,28.28453453453449,0
2525,4,0,1,45,0.0,0.021739130434782608,0.9782608695652174,46,2000,1500,500,0.75,25,15,10,380.4133379491332,0.4584339774557166,0.37037998920427384,0.21063353303564833,129140.88010204074,625.382653061215,129766.26275510195,1235,2,139.02173913043478,34,12,19,36.22628250175685,0.6158088235294117,45.89285714285714,1016.4285714285708,29.894957983193258,0
2526,4,0,1,44,0.0,0.022222222222222223,0.9777777777777777,45,700,600,100,0.8571428571428571,8,6,2,388.31745945251066,0.45848063973063974,0.37417728984866194,0.21415591626093528,128983.4457450258,1017.3047926278193,130000.75053765363,1236,3,142.51111111111112,33,12,19,36.186386576587445,0.6164772727272727,46.04779411764705,1015.8088235294106,30.78208556149729,0
2527,4,0,0,44,0.0,0.0,1.0,44,950,700,250,0.7368421052631579,12,7,5,396.2506415849359,0.4590931113460183,0.3759745102026981,0.21867165035613106,129008.91012396675,1423.9726813590173,130432.88280532577,1237,4,145.0909090909091,32,12,20,35.958861546109866,0.619140625,46.02272727272726,1015.9090909090893,31.74715909090904,0
2528,4,1,0,45,0.022222222222222223,0.0,1.0,45,1050,800,250,0.7619047619047619,13,8,5,388.6358605428792,0.45991161616161613,0.3674885533088761,0.2166048940286775,129400.03289116758,1058.1855879013908,130458.21847906896,1238,0,142.84444444444443,31,14,21,35.75260216705059,0.6256720430107527,45.638020833333336,1017.447916666667,32.820900537634415,0
2529,4,0,1,44,0.0,0.022222222222222223,0.9777777777777777,45,1400,1100,300,0.7857142857142857,17,11,6,391.89434919970427,0.45955387205387205,0.3648536516055698,0.21952820993851635,129598.82948133686,1157.8097873263937,130756.63926866325,1239,1,143.84444444444443,31,14,17,35.46675191815856,0.6276881720430108,45.442708333333336,1018.2291666666671,32.84610215053765,0
2530,4,1,0,45,0.022222222222222223,0.0,1.0,45,1200,800,400,0.6666666666666666,16,8,8,393.058730101043,0.45928030303030304,0.3738244686708514,0.221562155682655,129844.02101826342,1207.26520253035,131051.28622079377,1240,0,144.8,32,13,18,35.18696316484969,0.6276041666666667,45.2020202020202,1019.191919191919,31.84974747474747,0
2531,4,0,0,45,0.0,0.0,1.0,45,1050,700,350,0.6666666666666666,14,7,7,394.46421967455626,0.4590277777777778,0.37705128205128235,0.22295803720735782,129950.01922337555,1252.1265859284815,131202.14580930403,1241,1,145.8,33,12,18,35.04306891025641,0.6262626262626263,45.09803921568627,1019.6078431372543,30.897207367795588,0
2532,4,0,1,44,0.0,0.022222222222222223,0.9777777777777777,45,1500,1200,300,0.8,18,12,6,397.52862772682573,0.4575757575757576,0.378912245578912,0.22559139917013138,130106.25608239633,1344.1922878220075,131450.44837021834,1242,2,146.8,33,12,19,34.805680680680695,0.6278409090909092,44.94485294117648,1020.2205882352952,30.91577540106955,0
2533,4,0,1,43,0.0,0.022727272727272728,0.9772727272727273,44,1050,600,450,0.5714285714285714,15,6,9,391.9796450015993,0.4558998414376321,0.3196246340345519,0.21152971514550553,128118.16541883722,1243.9425998264292,129362.10801866365,1243,3,150.88636363636363,39,5,19,36.98007768288919,0.5958867521367521,46.901041666666686,1012.3958333333367,25.95886752136761,8
2534,4,3,1,45,0.06521739130434782,0.021739130434782608,0.9782608695652174,46,1450,1000,450,0.6896551724137931,19,10,9,377.5922099785741,0.4583635265700483,0.3277064119455433,0.20767571548821548,128875.73964497025,532.5032070543499,129408.2428520246,1244,0,145.02173913043478,38,8,21,36.56881313131314,0.6052631578947368,46.153846153846146,1015.384615384614,26.720647773279314,0
2535,4,0,0,45,0.0,0.0,1.0,45,1300,900,400,0.6923076923076923,17,9,8,386.1507617818779,0.45614478114478113,0.33440159398893354,0.21189078848932083,128783.68975309703,945.9839806478827,129729.67373374492,1245,1,149.24444444444444,37,8,21,36.445730258182984,0.6061373873873874,46.244517543859644,1015.0219298245607,27.433025130393535,0
2536,4,1,0,46,0.021739130434782608,0.0,1.0,46,800,500,300,0.625,11,5,6,378.90832266084203,0.45627012882447665,0.33615906992898337,0.20983316541299468,129147.08547921678,586.9811070932708,129734.06658631006,1246,0,146.97826086956522,38,8,22,36.25818968537593,0.6080043859649122,45.88675213675213,1016.4529914529905,26.748762932973435,0
2537,4,0,1,45,0.0,0.021739130434782608,0.9782608695652174,46,1050,600,450,0.5714285714285714,15,6,9,379.5595179695528,0.45606884057971014,0.3333514781421032,0.21079708753985404,129260.23046339164,612.4243962863525,129872.65485967799,1247,1,147.97826086956522,35,11,22,36.12612868958191,0.6148809523809524,45.77546296296296,1016.8981481481482,29.054232804232804,0
2538,4,1,1,45,0.021739130434782608,0.021739130434782608,0.9782608695652174,46,1400,900,500,0.6428571428571429,19,9,10,377.8553719008264,0.45558574879227054,0.34533596837944613,0.21206168831168817,129672.49657064468,599.4898834019132,130271.9864540466,1248,0,148.30434782608697,35,11,17,35.74905303030301,0.6190476190476191,45.37037037037037,1018.5185185185182,29.100529100529094,0
2539,4,0,0,45,0.0,0.0,1.0,45,1500,800,700,0.5333333333333333,22,8,14,379.26405459997244,0.4539983164983165,0.3468302658486706,0.213172554826881,129731.44531250001,840.494791666669,130571.94010416669,1249,1,152.0,37,8,18,35.65311860940694,0.6157094594594594,45.3125,1018.7500000000001,27.533783783783786,0
2540,4,1,0,46,0.021739130434782608,0.0,1.0,46,1400,1100,300,0.7857142857142857,17,11,6,371.03545596083575,0.4547000805152979,0.3405296094881538,0.2100773702610994,130017.30974687697,448.20636094673773,130465.51610782371,1250,0,149.67391304347825,38,8,19,35.57183637125499,0.6167763157894737,45.03205128205128,1019.8717948717941,26.838731443994583,0
2541,4,0,2,44,0.0,0.043478260869565216,0.9565217391304348,46,2000,1300,700,0.65,27,13,14,371.2182188815709,0.45415660225442833,0.3243173251230109,0.21166442593586932,130291.32806793285,473.76522632500166,130765.09329425785,1251,1,150.67391304347825,36,10,19,35.28867012280314,0.6232638888888888,44.763513513513516,1020.9459459459463,28.35960960960962,0
2542,4,0,1,43,0.0,0.022727272727272728,0.9772727272727273,44,1000,600,400,0.6,14,6,8,384.323864444932,0.4523982558139535,0.33725586623577386,0.21784765733055048,130061.48674011862,1197.1466398831421,131258.63338000176,1252,2,158.20454545454547,36,8,19,35.188047398248344,0.6209490740740741,44.988738738738746,1020.045045045046,28.33458458458461,0
2543,4,0,0,43,0.0,0.0,1.0,43,1000,600,400,0.6,14,6,8,391.3092034564112,0.451781100036914,0.32232019883800067,0.22194332813801831,130085.419077932,1580.7243441357894,131666.1434220678,1253,3,161.2325581395349,35,8,19,34.9855343771273,0.6232142857142857,44.96527777777777,1020.1388888888881,29.146825396825374,0
2544,4,0,1,42,0.0,0.023255813953488372,0.9767441860465116,43,1100,1000,100,0.9090909090909091,12,10,2,390.5229615556132,0.4514581026208933,0.31791823678790765,0.22233841174686583,130233.05047850216,1571.7993130572627,131804.84979155942,1254,4,162.2325581395349,35,8,19,34.855260422572485,0.624702380952381,44.82060185185185,1020.717592592592,29.163359788359774,0
2545,4,2,2,42,0.045454545454545456,0.045454545454545456,0.9545454545454546,44,1400,1000,400,0.7142857142857143,18,10,8,383.72994968496096,0.45323511275546163,0.30230512867987436,0.22166047681801837,130794.81336805536,1237.9807795352976,132032.79414759067,1255,0,157.75,35,9,17,34.457739307535626,0.6303571428571428,44.27083333333332,1022.916666666665,29.22619047619043,0
2546,4,0,1,41,0.0,0.023809523809523808,0.9761904761904762,42,1400,900,500,0.6428571428571429,19,9,10,402.1749506869322,0.4513162988772745,0.3125271211602143,0.23100131465075877,130575.52984429078,2102.841455209547,132678.37129950032,1256,6,166.26190476190476,33,9,18,34.209132693844936,0.6325757575757576,44.485294117647065,1022.0588235294127,30.971479500891295,0
2547,4,0,0,41,0.0,0.0,1.0,41,1400,900,500,0.6428571428571429,19,9,10,406.38984022728823,0.45109247967479676,0.3068259539914726,0.23347947172745934,130585.01882779838,2413.6849875012963,132998.70381529967,1257,7,169.73170731707316,32,9,18,34.09177475808112,0.6350911458333333,44.47601010101011,1022.0959595959612,31.940498737373787,0
2548,4,0,0,41,0.0,0.0,1.0,41,1300,1000,300,0.7692307692307693,16,10,6,407.207536056346,0.4508638211382114,0.3054989816700606,0.23522223553372468,130794.81336805563,2452.126736111116,133246.94010416674,1258,8,170.73170731707316,33,8,18,33.857348947725725,0.6347853535353536,44.270833333333336,1022.9166666666673,30.99747474747477,0
2549,4,0,0,41,0.0,0.0,1.0,41,1300,900,400,0.6923076923076923,17,9,8,409.21346758286813,0.4493394308943089,0.3109890826783601,0.23759801537779118,130992.77388038566,2520.801445578254,133513.5753259639,1259,9,171.73170731707316,34,7,18,33.6046827150444,0.6344975490196079,44.07738095238096,1023.6904761904776,30.108543417366988,0
2550,4,0,1,40,0.0,0.024390243902439025,0.975609756097561,41,1350,900,450,0.6666666666666666,18,9,9,410.8005542752081,0.4486026422764227,0.3084403341999242,0.23927672094987265,131114.67013888902,2572.395833333354,133687.06597222236,1260,10,172.73170731707316,34,7,18,33.440127474911854,0.6357230392156863,43.95833333333334,1024.1666666666679,30.122549019607877,0
2551,4,1,0,41,0.024390243902439025,0.0,1.0,41,1350,900,450,0.6666666666666666,18,9,9,411.107273827451,0.4467479674796748,0.328230607680728,0.24121152564212728,131394.8652479383,2603.9978027343664,133998.86305067266,1261,0,173.46341463414635,31,10,19,33.1475954618576,0.6458333333333333,43.68489583333333,1025.260416666666,33.07291666666665,0
2552,4,0,0,41,0.0,0.0,1.0,41,1000,700,300,0.7,13,7,6,406.7153300015725,0.4464939024390244,0.32442988387818916,0.2390023793155305,131453.76778162227,2492.8525086505015,133946.62029027278,1262,1,174.46341463414635,33,8,19,33.20038639260676,0.6414141414141414,43.62745098039215,1025.49019607843,31.07546048722515,0
2553,4,0,0,41,0.0,0.0,1.0,41,1350,900,450,0.6666666666666666,18,9,9,405.69396570272517,0.44634146341463415,0.3244598656244162,0.2391429956515789,131572.2859977324,2475.616496598636,134047.90249433104,1263,2,175.46341463414635,34,7,18,33.10633751063665,0.6403186274509804,43.51190476190476,1025.9523809523807,30.1750700280112,0
2554,4,0,0,41,0.0,0.0,1.0,41,1000,600,400,0.6,14,6,8,405.1624311964922,0.4455792682926829,0.32028352986765385,0.23978830776989374,131725.0017715419,2474.004393424028,134199.00616496592,1264,3,176.46341463414635,34,7,18,32.965132011287636,0.6418504901960784,43.363095238095234,1026.5476190476186,30.192577030812313,0
2555,4,0,0,41,0.0,0.0,1.0,41,1350,900,450,0.6666666666666666,18,9,9,404.5961478594015,0.445630081300813,0.31797797922333526,0.24003069954850023,131816.67375283426,2466.503684807232,134283.17743764148,1265,4,177.46341463414635,34,7,18,32.88676675168096,0.6427696078431373,43.27380952380951,1026.9047619047603,30.203081232492952,0
2556,4,0,0,41,0.0,0.0,1.0,41,1150,1000,150,0.8695652173913043,13,10,3,400.7198631312864,0.4453252032520325,0.3130180206911559,0.23868965760428779,131969.53124999988,2376.562499999986,134346.09374999988,1266,5,178.46341463414635,34,7,19,32.83150851581509,0.6443014705882353,43.12499999999999,1027.499999999999,30.22058823529409,0
2557,4,0,0,41,0.0,0.0,1.0,41,1650,1100,550,0.6666666666666666,22,11,11,398.61102592875767,0.4447916666666667,0.3101239004050922,0.23800882419563546,132061.28826530586,2328.2171201813762,134389.50538548722,1267,6,179.46341463414635,34,7,19,32.792834530152106,0.6452205882352942,43.03571428571427,1027.8571428571408,30.23109243697473,0
2558,4,0,0,41,0.0,0.0,1.0,41,1150,900,250,0.782608695652174,14,9,5,400.4843848916047,0.44443597560975606,0.3079811835395503,0.2399018111438056,132183.68055555542,2387.499999999982,134571.1805555554,1268,7,180.46341463414635,34,7,20,32.62088060507833,0.6464460784313726,42.91666666666666,1028.3333333333321,30.24509803921565,0
2559,4,0,0,41,0.0,0.0,1.0,41,1300,900,400,0.6923076923076923,17,9,8,402.07182546837373,0.44380081300813007,0.3165794410980547,0.24222375826997128,132398.00347222207,2446.8749999999773,134844.87847222204,1269,8,181.46341463414635,33,8,20,32.36336032388664,0.6508838383838385,42.70833333333332,1029.1666666666654,31.18686868686865,0
2560,4,0,3,38,0.0,0.07317073170731707,0.926829268292683,41,850,500,350,0.5882352941176471,12,5,7,400.54505278393185,0.443140243902439,0.31251324294749616,0.24231678031269824,132555.70461180792,2418.9063401095736,134974.61095191748,1270,9,182.46341463414635,33,8,20,32.24332083779605,0.6524621212121212,42.55514705882353,1029.7794117647056,31.205436720142593,0
2561,4,0,0,38,0.0,0.0,1.0,38,1500,1200,300,0.8,18,12,6,414.3724565967825,0.4417674253200569,0.2973254660122404,0.24941245426385175,132364.50407240132,3369.6409437391594,135734.14501614048,1271,10,174.78947368421052,31,7,20,32.08077628748576,0.6555779569892473,42.74088541666667,1029.036458333334,33.19472446236561,0
2562,4,0,1,37,0.0,0.02631578947368421,0.9736842105263158,38,1250,1000,250,0.8,15,10,5,415.5898957478833,0.44127844950213374,0.29873263530649075,0.2510366161710093,132498.52710300015,3413.009813096778,135911.53691609693,1272,11,175.78947368421052,31,7,20,31.913836895577763,0.6569220430107527,42.61067708333333,1029.557291666666,33.21152553763439,0
2563,4,0,0,37,0.0,0.0,1.0,37,600,200,400,0.3333333333333333,10,2,8,424.46898609299234,0.43993993993993996,0.29809127576460215,0.2561866008263378,132467.17693158163,3845.6416565498885,136312.81858813151,1273,12,176.32432432432432,30,7,20,31.717043130086616,0.659375,42.641129032258064,1029.4354838709673,34.31451612903224,0
2564,4,0,0,37,0.0,0.0,1.0,37,1600,1200,400,0.75,20,12,8,422.88696300437994,0.43871996996997,0.3007986460041252,0.25664517588508085,132674.80570369403,3821.2891302462667,136496.0948339403,1274,13,177.32432432432432,30,7,19,31.54761904761905,0.6614583333333333,42.439516129032256,1030.2419354838707,34.34139784946236,0
2565,4,0,2,35,0.0,0.05405405405405406,0.9459459459459459,37,1650,1300,350,0.7878787878787878,20,13,7,421.24445109250394,0.4380005005005005,0.296511607422832,0.25706970440179766,132882.59706685736,3795.2113322349346,136677.8083990923,1275,14,178.32432432432432,30,7,20,31.379817928996662,0.6635416666666667,42.23790322580645,1031.0483870967737,34.36827956989246,0
2566,4,0,0,35,0.0,0.0,1.0,35,750,400,350,0.5333333333333333,11,4,7,423.1433236699238,0.4365546218487395,0.27457196721942245,0.2588354465875495,132970.3800154319,4253.105709876516,137223.48572530842,1276,15,178.37142857142857,29,6,20,31.242144716760926,0.6673850574712643,42.152777777777764,1031.3888888888873,35.565134099616806,0
2567,4,0,0,35,0.0,0.0,1.0,35,1200,700,500,0.5833333333333334,17,7,10,423.1433236699238,0.436624649859944,0.27457196721942245,0.2588354465875495,132970.3800154319,4253.105709876516,137223.48572530842,1277,16,179.37142857142857,29,6,20,31.242144716760926,0.6673850574712643,42.152777777777764,1031.3888888888873,35.565134099616806,0
2568,4,0,0,35,0.0,0.0,1.0,35,1250,1100,150,0.88,14,11,3,420.1897585109603,0.4361344537815126,0.2667769167163434,0.2577695884374834,133077.83805941354,4183.588927469129,137261.42698688267,1278,17,180.37142857142857,29,6,20,31.2097579306322,0.6684626436781609,42.04861111111111,1031.8055555555552,35.5795019157088,0
2569,4,0,1,34,0.0,0.02857142857142857,0.9714285714285714,35,950,700,250,0.7368421052631579,12,7,5,417.10123157804975,0.43557422969187676,0.26273955271089955,0.256200260484501,133125.22582090402,4105.339128800998,137230.564949705,1279,18,181.37142857142857,30,5,20,31.24158852131631,0.6659722222222222,42.002688172043,1031.9892473118268,34.3996415770609,0
2570,4,0,0,34,0.0,0.0,1.0,34,1150,800,350,0.6956521739130435,15,8,7,424.57789703218737,0.43430629827688655,0.2624973283621077,0.2609626429153171,133149.50086805553,4506.467013888884,137655.9678819444,1280,19,180.64705882352942,29,5,20,31.024172385950745,0.6691810344827587,41.979166666666664,1032.0833333333333,35.58908045977011,0
2571,4,0,0,34,0.0,0.0,1.0,34,700,500,200,0.7142857142857143,9,5,4,421.1242863945295,0.4331179441473559,0.25898511989094564,0.25939499950251643,133229.27731890968,4421.216867556938,137650.49418646662,1281,20,181.64705882352942,30,4,20,31.03274313240463,0.6670138888888889,41.901881720430104,1032.3924731182792,34.413082437275975,0
2572,4,0,0,34,0.0,0.0,1.0,34,850,500,350,0.5882352941176471,12,5,7,419.40714423504903,0.4329508318478907,0.25678924439748574,0.2588196858761351,133298.66756633716,4381.282698866924,137679.95026520407,1282,21,182.64705882352942,30,4,20,31.007039350947984,0.6677083333333333,41.83467741935484,1032.6612903225807,34.42204301075269,0
2573,4,0,0,34,0.0,0.0,1.0,34,950,700,250,0.7368421052631579,12,7,5,419.5095252586484,0.43270944741532974,0.257471598738402,0.2591246938977053,133333.36946467796,4386.923705052601,137720.29316973058,1283,22,183.64705882352942,30,4,20,30.969384435190005,0.6680555555555556,41.8010752688172,1032.795698924731,34.42652329749103,0
2574,4,0,0,34,0.0,0.0,1.0,34,900,600,300,0.6666666666666666,12,6,6,416.84166845754714,0.43146538918597743,0.25372538479173423,0.2586921480394169,133508.10426311736,4330.420449417735,137838.5247125351,1284,23,184.64705882352942,29,5,20,30.86208730905345,0.6727729885057472,41.63194444444445,1033.4722222222229,35.63697318007665,0
2575,4,0,0,34,0.0,0.0,1.0,34,750,500,250,0.6666666666666666,10,5,5,413.4227847989133,0.4309826203208556,0.2513518474611274,0.25704402893196776,133576.4092127702,4244.706216036531,137821.11542880675,1285,24,185.64705882352942,30,4,20,30.881604039353356,0.6704861111111111,41.56586021505376,1033.7365591397845,34.457885304659484,0
2576,4,0,1,33,0.0,0.029411764705882353,0.9705882352941176,34,600,200,400,0.3333333333333333,10,2,8,414.3998723253879,0.43005421865715987,0.25536444597332153,0.25862181813007784,133715.38843002077,4282.327978668052,137997.71640868884,1286,25,186.64705882352942,30,4,19,30.71637426900584,0.671875,41.431451612903224,1034.2741935483868,34.4758064516129,0
2577,4,0,0,33,0.0,0.0,1.0,33,1250,1000,250,0.8,15,10,5,424.1977034328288,0.4294902146464647,0.2515114873035067,0.263768045668383,133579.8828125,4732.855902777778,138312.73871527778,1287,26,189.33333333333334,29,4,21,30.59964060190783,0.6734913793103448,41.5625,1033.75,35.64655172413793,0
2578,4,0,0,33,0.0,0.0,1.0,33,950,700,250,0.7368421052631579,12,7,5,423.60758947094354,0.4286221590909091,0.2503357507386519,0.26416935604695524,133687.58680555556,4726.215277777783,138413.80208333334,1288,27,190.33333333333334,29,4,21,30.50631211388666,0.6745689655172413,41.458333333333336,1034.1666666666667,35.66091954022989,0
2579,4,0,0,33,0.0,0.0,1.0,33,1050,800,250,0.7619047619047619,13,8,5,424.39320537273363,0.4283459595959596,0.24953445065176938,0.2653577986802543,133784.9051371545,4755.480944328814,138540.38608148333,1289,28,191.33333333333334,30,3,19,30.387921701095667,0.6725694444444444,41.36424731182795,1034.5430107526877,34.48476702508959,0
2580,4,0,0,33,0.0,0.0,1.0,33,900,600,300,0.6666666666666666,12,6,6,423.56046550851744,0.4278330176767677,0.252632821723731,0.265587588307458,133889.2140709908,4742.035567695678,138631.24963868648,1290,29,192.33333333333334,30,3,19,30.304383116883113,0.6736111111111112,41.26344086021505,1034.9462365591392,34.49820788530464,0
2581,4,0,0,33,0.0,0.0,1.0,33,1100,800,300,0.7272727272727273,14,8,6,424.6800161373403,0.4276751893939394,0.253802632924939,0.2667932695179278,133958.77594230545,4777.923025783327,138736.69896808878,1291,30,193.33333333333334,30,3,19,30.2053579156929,0.6743055555555555,41.196236559139784,1035.2150537634407,34.50716845878136,0
2582,4,0,0,33,0.0,0.0,1.0,33,1200,900,300,0.75,15,9,6,426.4028800833325,0.4273595328282828,0.2539963497907425,0.26838298922892095,134028.3558792924,4830.01539195282,138858.3712712452,1292,31,194.33333333333334,30,3,20,30.09069963655243,0.675,41.12903225806451,1035.4838709677417,34.51612903225806,0
2583,4,0,0,33,0.0,0.0,1.0,33,800,600,200,0.75,10,6,4,428.9029052213657,0.4266493055555556,0.25830905394938086,0.2707251998805131,134132.7596579084,4905.986060527221,139038.74571843562,1293,32,195.33333333333334,30,3,20,29.92085117425716,0.6760416666666667,41.02822580645161,1035.8870967741932,34.529569892473106,0
2584,4,0,0,33,0.0,0.0,1.0,33,900,600,300,0.6666666666666666,12,6,6,429.0668157871277,0.426333648989899,0.25901464043653966,0.2710858209907527,134167.56995028336,4913.37040409297,139080.94035437633,1294,33,196.33333333333334,30,3,20,29.881562445943615,0.6763888888888889,40.99462365591398,1036.0215053763447,34.53405017921149,0
2585,4,0,0,33,0.0,0.0,1.0,33,700,500,200,0.7142857142857143,9,5,4,426.9074081508324,0.4261363636363636,0.2540644415887574,0.27049162072728605,134272.02792591637,4864.344685801835,139136.3726117182,1295,34,197.33333333333334,30,3,21,29.832382310984308,0.6774305555555555,40.89381720430108,1036.4247311827962,34.54749103942654,0
2586,4,0,0,33,0.0,0.0,1.0,33,900,600,300,0.6666666666666666,12,6,6,440.90447992799415,0.425189393939394,0.21176917326245093,0.266595834311631,132536.36845661356,5087.464771938962,137623.83322855254,1296,35,198.33333333333334,30,3,20,31.223893747552545,0.6600694444444444,42.5739247311828,1029.7043010752693,34.32347670250898,8
2587,4,0,0,33,0.0,0.0,1.0,33,750,500,250,0.6666666666666666,10,5,5,440.90447992799415,0.42530776515151514,0.21176917326245093,0.266595834311631,132536.36845661356,5087.175721181648,137623.5441777952,1297,36,199.33333333333334,30,3,20,31.223893747552545,0.6600694444444444,42.5739247311828,1029.7043010752693,34.32347670250898,0
2588,4,0,1,32,0.0,0.030303030303030304,0.9696969696969697,33,1150,900,250,0.782608695652174,14,9,5,442.86541801596053,0.42511047979797983,0.21643891946605964,0.2685221964932218,132640.1896172969,5148.350604116105,137788.54022141302,1298,37,200.33333333333334,30,3,17,31.068143267223398,0.6611111111111111,42.4731182795699,1030.1075268817215,34.33691756272405,0
2589,4,0,1,31,0.0,0.03125,0.96875,32,900,500,400,0.5555555555555556,13,5,8,446.03302842090653,0.42292506720430106,0.2196793074214165,0.27119232584481295,132744.05142574292,5441.646252456938,138185.69767819985,1299,38,204.8125,30,2,17,30.88126603191165,0.6621527777777778,42.37231182795699,1030.5107526881725,34.35035842293908,0
2590,4,0,0,31,0.0,0.0,1.0,31,550,300,250,0.5454545454545454,8,3,5,447.7226989051227,0.4212365591397849,0.20380836449004436,0.27230347753082057,132755.59413580256,5687.538580246923,138443.13271604947,1300,39,197.58064516129033,29,2,17,30.826033243486073,0.6652298850574713,42.361111111111114,1030.555555555556,35.53639846743297,0
2591,4,0,1,30,0.0,0.03225806451612903,0.967741935483871,31,850,600,250,0.7058823529411765,11,6,5,427.65549606715575,0.42096774193548386,0.1203776553894571,0.25048393341076264,131328.12500000003,5103.047839506175,136431.1728395062,1301,40,198.58064516129033,28,3,18,32.791327913279126,0.6540178571428572,43.75,1025.0000000000002,36.60714285714287,8
2592,4,0,0,30,0.0,0.0,1.0,30,1400,1100,300,0.7857142857142857,17,11,6,434.99157470130217,0.4196599616858237,0.10393636055902133,0.25605439149582193,131518.85640323826,5441.918889951799,136960.77529319006,1302,41,188.9,27,3,19,32.40923763238068,0.6593364197530864,43.56398809523809,1025.7440476190466,37.99052028218691,0
2593,4,0,0,30,0.0,0.0,1.0,30,750,600,150,0.8,9,6,3,436.1446625426829,0.4188218390804597,0.10228630085852908,0.2579319097023946,131696.55833003038,5487.750198176772,137184.30852820716,1303,42,189.9,28,2,17,32.198931504292645,0.6577380952380952,43.39080459770115,1026.4367816091954,36.65845648604269,0
2594,4,0,0,30,0.0,0.0,1.0,30,1000,800,200,0.8,12,8,4,433.74392313770454,0.4191091954022988,0.1014831397789282,0.25725874013818884,131807.1889656824,5434.113447945572,137241.30241362797,1304,43,190.9,28,2,17,32.14810409962223,0.6588541666666667,43.2830459770115,1026.8678160919542,36.67385057471265,0
2595,4,0,0,30,0.0,0.0,1.0,30,1000,800,200,0.8,12,8,4,429.46439788750695,0.4180795019157088,0.10362260070289264,0.25581140221994975,131969.53125,5335.243055555556,137304.77430555556,1305,44,191.9,29,1,17,32.09313327926467,0.6573275862068966,43.125,1027.5,35.43103448275862,0
2596,4,1,0,31,0.03225806451612903,0.0,1.0,31,850,500,350,0.5882352941176471,12,5,7,418.10394607380766,0.41984767025089603,0.09894620463913695,0.2521211020628958,132433.7408371914,4874.908371913585,137308.649209105,1306,0,186.67741935483872,29,2,19,31.914693248774338,0.6619971264367817,42.673611111111114,1029.3055555555559,35.4932950191571,0
2597,4,0,0,31,0.0,0.0,1.0,31,1000,700,300,0.7,13,7,6,426.1880554583389,0.41935483870967744,0.09944025712508742,0.25846580599627994,132648.26630015444,5106.62133487656,137754.88763503102,1307,1,187.67741935483872,29,2,17,31.489455530088534,0.6641522988505747,42.465277777777786,1030.1388888888898,35.522030651341026,0
2598,4,0,0,31,0.0,0.0,1.0,31,800,600,200,0.75,10,6,4,431.3967934260854,0.41805555555555557,0.10597960727045108,0.2628757800335309,132827.17013888888,5260.24305555555,138087.41319444444,1308,2,188.67741935483872,29,2,18,31.174211802748577,0.665948275862069,42.291666666666664,1030.8333333333333,35.54597701149425,0
2599,4,0,1,30,0.0,0.03225806451612903,0.967741935483871,31,650,400,250,0.6153846153846154,9,4,5,470.58184694481383,0.41774193548387095,0.08138670156934569,0.2671792670275304,130125.41415553818,6048.494045554391,136173.90820109256,1309,3,189.67741935483872,30,1,16,32.92275940807096,0.6357638888888889,44.9260752688172,1020.2956989247309,34.009856630824366,8
2600,4,1,0,31,0.03225806451612903,0.0,1.0,31,1150,900,250,0.782608695652174,14,9,5,464.9223276580003,0.4207437275985663,0.06089560364774771,0.2661511875723336,130445.9906361475,5929.595245420942,136375.58588156843,1310,0,182.4516129032258,28,3,17,32.738513830285974,0.6450892857142857,44.612068965517246,1021.5517241379315,36.48399014778327,0
2601,4,0,0,31,0.0,0.0,1.0,31,350,100,250,0.2857142857142857,6,1,5,461.5600812834277,0.4206541218637993,0.06008019158895439,0.2647270401683661,130519.38829435867,5848.5078940415,136367.89618840016,1311,1,183.4516129032258,28,3,16,32.7492266591676,0.6458333333333333,44.54022988505748,1021.8390804597709,36.49425287356325,0
2602,4,0,1,30,0.0,0.03225806451612903,0.967741935483871,31,950,800,150,0.8421052631578947,11,8,3,459.3840765710483,0.42132616487455193,0.06125481635390506,0.26390377981938673,130581.79253472219,5797.439236111107,136379.23177083328,1312,2,184.4516129032258,29,2,16,32.74094646011687,0.6433189655172413,44.479166666666664,1022.083333333333,35.244252873563205,0
2603,4,1,0,31,0.03225806451612903,0.0,1.0,31,650,500,150,0.7692307692307693,8,5,3,457.8998171366605,0.4172491039426523,0.07501165698783407,0.2643867684681325,130777.62783269746,5776.610374031684,136554.23820672915,1313,0,185.3548387096774,30,1,17,32.57856986421375,0.6423611111111112,44.28763440860215,1022.8494623655916,34.09498207885306,0
2604,4,0,0,31,0.0,0.0,1.0,31,800,400,400,0.5,12,4,8,452.51932921766985,0.41693548387096774,0.07250368387999773,0.26207438528531096,130894.72664727112,5646.478780110684,136541.2054273818,1314,1,186.3548387096774,31,0,17,32.59651885311956,0.6407930107526882,44.173177083333336,1023.3072916666672,33.00991263440862,0
2605,4,0,0,31,0.0,0.0,1.0,31,1300,1000,300,0.7692307692307693,16,10,6,448.55110634603113,0.4168010752688172,0.08190857480392477,0.260902803277011,131061.33355034719,5557.541232638887,136618.87478298607,1315,2,187.3548387096774,31,0,18,32.527975584944045,0.6424731182795699,44.010416666666664,1023.958333333333,33.03091397849462,0
2606,4,0,0,31,0.0,0.0,1.0,31,800,600,200,0.75,10,6,4,447.6335642350115,0.41559139784946236,0.08579193978822586,0.26150174587715724,131228.04641723644,5548.415629069026,136776.46204630547,1316,3,188.3548387096774,31,0,18,32.38141758800357,0.6441532258064516,43.84765625000001,1024.609375000001,33.051915322580676,0
2607,4,2,0,33,0.06060606060606061,0.0,1.0,33,750,500,250,0.6666666666666666,10,5,5,423.53655539331214,0.4192708333333333,0.08007066866382484,0.2520138327340296,131929.3975830078,4575.460815429689,136504.8583984375,1317,0,177.87878787878788,31,2,19,32.286121673003805,0.6512096774193548,43.1640625,1027.34375,33.140120967741936,0
2608,4,0,0,33,0.0,0.0,1.0,33,1000,500,500,0.5,15,5,10,427.0018593994361,0.4190340909090909,0.08236345984858073,0.25565077207561376,132163.5966830783,4686.820305718311,136850.4169887966,1318,1,178.87878787878788,31,2,19,31.959525769279473,0.6535618279569892,42.936197916666664,1028.255208333333,33.16952284946235,0
2609,4,0,0,33,0.0,0.0,1.0,33,600,400,200,0.6666666666666666,8,4,4,425.75962611370585,0.418521148989899,0.08281712149115461,0.25517381565092945,132203.15728305775,4657.353363177215,136860.51064623496,1319,2,179.87878787878788,32,1,19,31.951350521792516,0.6513671875,42.897727272727266,1028.40909090909,32.137784090909065,0
2610,4,1,1,33,0.029411764705882353,0.029411764705882353,0.9705882352941176,34,950,500,450,0.5263157894736842,14,5,9,415.20869377162643,0.420770202020202,0.07428633217993075,0.2520909926470587,132690.54178145074,4218.996786042225,136909.53856749297,1320,0,175.55882352941177,32,2,17,31.729473039215677,0.65625,42.424242424242415,1030.3030303030293,32.19696969696967,0
2611,4,0,0,33,0.0,0.0,1.0,33,700,500,200,0.7142857142857143,9,5,4,424.9742707224376,0.41769255050505055,0.08677494377329986,0.25716308394366943,132565.56404961477,4667.390780978728,137232.9548305935,1321,4,181.87878787878788,31,2,19,31.604422177266404,0.6575940860215054,42.545572916666664,1029.8177083333333,33.219926075268816,0
2612,4,0,0,33,0.0,0.0,1.0,33,1050,700,350,0.6666666666666666,14,7,7,423.83522119043965,0.418008207070707,0.08914323362560017,0.25693183408717,132632.61795043945,4642.874993218317,137275.49294365777,1322,5,182.87878787878788,31,2,17,31.565884001179793,0.658266129032258,42.48046875,1030.078125,33.228326612903224,0
2613,4,0,0,33,0.0,0.0,1.0,33,1350,1100,250,0.8148148148148148,16,11,5,412.98354857566187,0.4174558080808081,0.08374766995456673,0.2517005969263675,132833.8813781738,4371.641540527345,137205.52291870114,1323,6,183.87878787878788,31,2,17,31.641957180750286,0.6602822580645161,42.28515625,1030.8593749999998,33.25352822580644,0
2614,4,0,0,33,0.0,0.0,1.0,33,850,700,150,0.8235294117647058,10,7,3,413.63126211611075,0.41674558080808083,0.07982858891949807,0.25277466018206757,132934.5703125,4397.178819444446,137331.74913194444,1324,7,184.87878787878788,31,2,17,31.523569023569024,0.6612903225806452,42.1875,1031.25,33.266129032258064,0
2615,4,0,1,32,0.0,0.030303030303030304,0.9696969696969697,33,750,600,150,0.8,9,6,3,414.7155609071641,0.41615372474747475,0.08904693623936555,0.25457945934851095,133102.469974094,4439.933098687074,137542.40307278108,1325,8,185.87878787878788,31,2,17,31.326104100946374,0.6629704301075269,42.024739583333336,1031.901041666667,33.287130376344095,0
2616,4,0,0,32,0.0,0.0,1.0,32,800,600,200,0.75,10,6,4,419.3603515625,0.4157216061827957,0.0905436197916667,0.25806790865384616,133194.58896982312,4771.305931321547,137965.89490114467,1326,9,189.28125,30,2,17,31.113281250000007,0.6666666666666667,41.935483870967744,1032.2580645161293,34.40860215053764,0
2617,4,0,2,30,0.0,0.0625,0.9375,32,1050,800,250,0.7619047619047619,13,8,5,422.2044904923831,0.41498655913978494,0.09563679245283008,0.2610331061491521,133368.0758794368,4861.720104925407,138229.7959843622,1327,10,190.28125,30,2,17,30.864779874213845,0.6684027777777778,41.76747311827956,1032.9301075268806,34.43100358422935,0
2618,4,0,0,30,0.0,0.0,1.0,30,900,800,100,0.8888888888888888,10,8,2,445.04466128233315,0.4094348659003832,0.12391233690857595,0.27237643847790877,132990.1391572533,5837.310287026033,138827.4494442793,1328,15,203.3,28,2,17,30.657415146027773,0.6707589285714286,42.133620689655174,1031.4655172413795,36.83805418719213,0
2619,4,0,0,30,0.0,0.0,1.0,30,1050,900,150,0.8571428571428571,12,9,3,447.8302579845024,0.4087883141762452,0.12797494780793306,0.27572068582850484,133212.5306554698,5931.320394041509,139143.85104951132,1329,16,204.3,28,2,17,30.360415216887027,0.6729910714285714,41.91810344827587,1032.3275862068976,36.86884236453206,0
2620,4,0,0,30,0.0,0.0,1.0,30,700,500,200,0.7142857142857143,9,5,4,449.7186561772516,0.40862068965517245,0.12416736246405047,0.27715937077956526,133249.61396815965,5984.967465979663,139234.5814341393,1330,17,205.3,28,2,17,30.27414416921793,0.6733630952380952,41.88218390804598,1032.4712643678165,36.87397372742202,0
2621,4,0,0,30,0.0,0.0,1.0,30,1050,800,250,0.7619047619047619,13,8,5,450.31288627188525,0.4073275862068966,0.12857672693555866,0.27863594253828367,133397.9988274542,6014.1675749769,139412.1664024311,1331,18,206.3,28,2,17,30.108657858136308,0.6748511904761905,41.738505747126446,1033.045977011495,36.89449917898197,0
2622,4,0,0,30,0.0,0.0,1.0,30,900,600,300,0.6666666666666666,12,6,6,452.7261145242288,0.4072557471264368,0.13099592032637397,0.28098148930927364,133510.66745057417,6088.773787900915,139599.4412384751,1332,19,207.3,27,3,17,29.932355411567077,0.6793981481481481,41.6294642857143,1033.4821428571443,38.277116402116455,0
2623,4,0,0,30,0.0,0.0,1.0,30,800,300,500,0.375,13,3,10,449.78578922226603,0.4071120689655172,0.11190378756877184,0.2519006585781844,129589.9908371914,5657.5472608024775,135247.53809799388,1333,20,208.3,29,1,16,34.00215409448462,0.6332614942528736,45.45138888888889,1018.1944444444448,35.11015325670499,8
2624,4,1,1,30,0.03225806451612903,0.03225806451612903,0.967741935483871,31,750,500,250,0.6666666666666666,10,5,5,433.7877496554918,0.41169354838709676,0.10078732123726764,0.24564040629745307,130022.58209041506,5080.440657879517,135103.02274829458,1334,0,202.5483870967742,30,1,18,33.96646020031628,0.6347222222222222,45.026881720430104,1019.8924731182794,33.99641577060932,0
2625,4,0,0,30,0.0,0.0,1.0,30,950,900,50,0.9473684210526315,10,9,1,438.88188896833606,0.4110871647509578,0.10222373496709758,0.24892567370443483,130085.41907793222,5418.426890432116,135503.84596836433,1335,1,205.93333333333334,29,1,18,33.772265713637395,0.6382902298850575,44.965277777777786,1020.1388888888898,35.17720306513413,0
2626,4,2,2,30,0.0625,0.0625,0.9375,32,1050,800,250,0.7619047619047619,13,8,5,419.0159532225993,0.4163096438172043,0.09059037947281245,0.24141836248401127,130694.93823581278,4552.652825249573,135247.59106106235,1336,0,194.0,31,1,15,33.657121482236086,0.6387768817204301,44.368489583333336,1022.5260416666672,32.98471102150539,0
2627,4,0,0,30,0.0,0.0,1.0,30,850,600,250,0.7058823529411765,11,6,5,440.2386323137077,0.4096024904214559,0.11330069359445116,0.2515209528673421,130368.94531250001,5478.689236111112,135847.63454861112,1337,3,207.93333333333334,29,1,18,33.447657418740654,0.6411637931034483,44.6875,1021.2500000000001,35.21551724137932,0
2628,4,1,0,31,0.03225806451612903,0.0,1.0,31,1100,800,300,0.7272727272727273,14,8,6,428.1050994785023,0.41303763440860214,0.10440946417442865,0.24696373782652933,130743.26014929461,4994.371278471486,135737.6314277661,1338,0,202.19354838709677,30,1,16,33.37549831340079,0.6420138888888889,44.32123655913978,1022.71505376344,34.090501792114665,0
2629,4,0,0,31,0.0,0.0,1.0,31,950,600,350,0.631578947368421,13,6,7,427.7402396217151,0.41299283154121863,0.10988843362160683,0.2476339501323281,130880.75798141392,4996.5933561683305,135877.35133758225,1339,1,203.19354838709677,30,1,16,33.244669206182415,0.6434027777777778,44.18682795698924,1023.2526881720421,34.10842293906807,0
2630,4,0,1,30,0.0,0.03225806451612903,0.967741935483871,31,800,700,100,0.875,9,7,2,425.0315705326251,0.4119623655913978,0.10788831661696974,0.24672564338235292,130983.92877789329,4934.460992600286,135918.38977049358,1340,2,204.19354838709677,30,1,16,33.208869485294116,0.6444444444444444,44.08602150537634,1023.6559139784937,34.121863799283126,0
2631,4,0,0,30,0.0,0.0,1.0,30,1050,800,250,0.7619047619047619,13,8,5,433.5405234850257,0.4078783524904215,0.12020723044206116,0.25089497537424854,130865.85889274688,5347.130594135798,136212.98948688267,1341,3,211.8,29,1,16,33.111482512103514,0.6461925287356323,44.201388888888886,1023.1944444444442,35.28256704980842,0
2632,4,1,0,31,0.03225806451612903,0.0,1.0,31,600,400,200,0.6666666666666666,8,4,4,428.37471587784626,0.4112903225806452,0.11267259947611863,0.2502299202403696,131224.81871097814,5042.6788862874355,136267.49759726558,1342,0,205.93548387096774,30,1,17,32.878022650749934,0.646875,43.850806451612904,1024.5967741935485,34.153225806451616,0
2633,4,0,0,31,0.0,0.0,1.0,31,1300,900,400,0.6923076923076923,17,9,8,425.74195181943253,0.41111111111111115,0.10476363682503154,0.24958753778069268,131362.5694625101,4985.31134379696,136347.88080630705,1343,1,206.93548387096774,30,1,18,32.80532974957387,0.6482638888888889,43.71639784946236,1025.1344086021502,34.17114695340501,0
2634,4,0,0,31,0.0,0.0,1.0,31,800,500,300,0.625,11,5,6,425.223603455354,0.4106182795698925,0.10748742231429431,0.24995809663823976,131465.929948549,4980.483292866231,136446.41324141523,1344,2,207.93548387096774,30,1,18,32.71352118829183,0.6493055555555556,43.615591397849464,1025.5376344086023,34.18458781362008,0
2635,4,0,0,31,0.0,0.0,1.0,31,1150,900,250,0.782608695652174,14,9,5,425.2592524006849,0.41017025089605735,0.10325623061515987,0.25088324055848743,131603.8071597872,4993.147329170994,136596.95448895817,1345,3,208.93548387096774,30,1,17,32.57248275259802,0.6506944444444445,43.48118279569892,1026.0752688172038,34.20250896057346,0
2636,4,0,0,31,0.0,0.0,1.0,31,1250,700,550,0.56,18,7,11,425.77797469564325,0.4096774193548387,0.10767047614220937,0.2521001682732806,131741.75663371474,5018.547664469861,136760.3042981846,1346,4,209.93548387096774,30,1,17,32.41904512525093,0.6520833333333333,43.34677419354838,1026.6129032258052,34.22043010752684,0
2637,4,0,0,31,0.0,0.0,1.0,31,1200,800,400,0.6666666666666666,16,8,8,425.7153467692649,0.4094534050179211,0.1072678825551392,0.25229166283711524,131776.255293242,5019.83484362354,136796.09013686553,1347,5,210.93548387096774,30,1,17,32.38561984552951,0.6524305555555556,43.31317204301075,1026.747311827957,34.22491039426523,0
2638,4,0,1,30,0.0,0.03225806451612903,0.967741935483871,31,900,600,300,0.6666666666666666,12,6,6,428.49643350948384,0.4086469534050179,0.10423366376023635,0.23292012838252932,128408.33875868049,4804.503038194434,133212.8417968749,1348,6,211.93548387096774,31,0,14,35.75710859883522,0.6155913978494624,46.61458333333333,1013.5416666666661,32.69489247311826,8
2639,4,0,0,30,0.0,0.0,1.0,30,400,300,100,0.75,5,3,2,444.257629214773,0.40498084291187736,0.11734323870168883,0.24092187115258704,128314.69859232286,5400.956758006711,133715.6553503296,1349,11,219.8,30,0,16,35.4542540019457,0.6173611111111111,46.70698924731183,1013.1720430107531,33.77240143369177,0
2640,4,0,0,30,0.0,0.0,1.0,30,800,500,300,0.625,11,5,6,444.36397523525443,0.40534003831417625,0.11740244818595635,0.24200992528516418,128484.97884509766,5418.819191525032,133903.7980366227,1350,12,220.8,30,0,15,35.27608378629194,0.6190972222222222,46.538978494623656,1013.8440860215051,33.7948028673835,0
2641,4,1,0,31,0.03225806451612903,0.0,1.0,31,800,300,500,0.375,13,3,10,423.50858502903145,0.40878136200716847,0.10242069076076299,0.2197633373889901,126532.44598765422,4624.685516790622,131157.13150444484,1351,0,214.6451612903226,29,2,17,37.819804896005884,0.6020114942528736,48.472222222222214,1006.1111111111104,34.69348659003829,8
2642,4,1,0,32,0.03125,0.0,1.0,32,1050,900,150,0.8571428571428571,12,9,3,411.5724046065408,0.4142095094086022,0.09851087246531454,0.2154432084448762,126888.80217366159,4044.7858856515036,130933.5880593131,1352,0,208.90625,30,2,18,37.75152303450728,0.6027777777777779,48.118279569892465,1007.5268817204293,33.584229390680974,0
2643,4,1,0,33,0.030303030303030304,0.0,1.0,33,650,500,150,0.7692307692307693,8,5,3,400.323662851197,0.417416351010101,0.11004496578690182,0.21163085860141698,127289.03028700069,3591.3621690537993,130880.39245605448,1353,0,203.54545454545453,31,2,19,37.6220430107527,0.6041666666666667,47.72135416666666,1009.1145833333319,32.552083333333286,0
2644,4,1,0,34,0.029411764705882353,0.0,1.0,34,1150,1000,150,0.8695652173913043,13,10,3,389.35175196951013,0.42116013071895425,0.10573171179777363,0.20792266674555868,127697.47865332596,3143.8474071522983,130841.32606047826,1354,0,198.52941176470588,32,2,16,37.478659171351225,0.6057942708333333,47.316919191919176,1010.7323232323213,31.58538510101004,0
2645,4,1,1,34,0.02857142857142857,0.02857142857142857,0.9714285714285714,35,1050,700,350,0.6666666666666666,14,7,7,379.43940575368333,0.4224439775910364,0.10086475268073314,0.20458025401601962,128082.49831795444,2719.909409842341,130802.40772779677,1355,0,193.82857142857142,33,2,17,37.3340395480226,0.6073232323232323,46.93627450980391,1012.2549019607827,30.67439096850857,0
2646,4,1,0,35,0.02857142857142857,0.0,1.0,35,1150,800,350,0.6956521739130435,15,8,7,363.2702503077181,0.42384453781512604,0.13369027725676053,0.17881775305981534,124346.09552154176,2034.2474489795634,126380.34297052132,1356,0,194.71428571428572,34,1,14,41.59679119917242,0.5667892156862745,50.65476190476189,997.3809523809508,29.334733893557377,8
2647,4,2,2,35,0.05405405405405406,0.05405405405405406,0.9459459459459459,37,1400,1100,300,0.7857142857142857,17,11,6,366.87353366451987,0.4277715215215215,0.18666996225912835,0.17015031912042927,121808.82583429801,1567.6755352025248,123376.50136950053,1357,0,185.13513513513513,35,2,16,44.15779985930355,0.5383928571428571,53.211805555555564,987.1527777777792,28.204365079365118,8
2648,4,8,6,37,0.18604651162790697,0.13953488372093023,0.8604651162790697,43,1000,800,200,0.8,12,8,4,327.0729083943171,0.45078903654485053,0.18563196948969773,0.15730178151067153,123364.75830078185,-525.0220027970095,122839.73629798484,1358,0,152.04651162790697,39,4,12,43.51746268917548,0.547275641025641,51.64062500000003,993.4375000000049,25.472756410256537,0
2649,4,7,4,40,0.1590909090909091,0.09090909090909091,0.9090909090909091,44,1050,600,450,0.5714285714285714,15,6,9,329.779219101142,0.4494362226920366,0.22916798753702206,0.16075735901496668,123935.80645510531,-625.7093057130119,123310.0971493923,1359,0,149.4318181818182,41,3,17,42.85715768323871,0.5500508130081301,51.06646825396826,995.7341269841279,24.28619821912507,0
2650,4,8,4,44,0.16666666666666666,0.08333333333333333,0.9166666666666666,48,1150,700,450,0.6086956521739131,16,7,9,304.053267544189,0.4570127807328605,0.24886563727482014,0.15239818562652743,125101.64667195469,-1983.3808931281358,123118.26577882655,1360,0,137.6875,40,8,18,42.29395232290397,0.5635416666666666,49.898373983739845,1000.406504065042,25.01016260162605,0
2651,4,2,1,45,0.043478260869565216,0.021739130434782608,0.9782608695652174,46,950,700,250,0.7368421052631579,12,7,5,315.07673708830754,0.4548611111111111,0.26676212977102676,0.158247924734916,125187.03572439583,-1311.2954516399723,123875.74027275585,1361,0,143.6086956521739,38,8,20,41.93022490302837,0.5677083333333333,49.8130341880342,1000.7478632478659,26.335470085470156,0
2652,4,5,6,44,0.1,0.12,0.88,50,1000,700,300,0.7,13,7,6,300.4696255487346,0.46102040816326534,0.2855201002602912,0.15498614747971312,126287.2116027435,-2410.905763625953,123876.30583911754,1362,0,132.96,42,8,12,41.165766894823115,0.5726686507936508,48.716085271317844,1005.1356589147309,23.93180140273169,0
2653,4,1,0,45,0.022222222222222223,0.0,1.0,45,900,500,400,0.5555555555555556,13,5,8,330.13070698159225,0.45105218855218854,0.2883962197115042,0.16742088069736782,125588.29740119833,-707.8893180655647,124880.40808313277,1363,0,148.6,38,7,17,41.13972678178073,0.5718201754385965,49.41239316239318,1002.3504273504298,26.37764282501131,0
2654,4,3,3,45,0.0625,0.0625,0.9375,48,1250,800,450,0.64,17,8,9,308.9795555262193,0.4540299940898345,0.2859909727836156,0.15991954401085096,126426.81274373739,-1786.5152370552164,124640.29750668218,1364,0,140.25,40,8,17,40.80878637833468,0.5770833333333334,48.57723577235773,1005.6910569105708,25.14227642276427,0
2655,4,2,2,45,0.0425531914893617,0.0425531914893617,0.9574468085106383,47,2150,1700,450,0.7906976744186046,26,17,9,317.42020759839676,0.45476796176379897,0.28498877918897425,0.16495947421237853,126593.58859592034,-1363.3273654513673,125230.26123046898,1365,0,143.87234042553192,39,8,18,40.42552962081221,0.5803952991452992,48.41145833333334,1006.3541666666683,25.803952991453034,0
2656,4,2,1,46,0.0425531914893617,0.02127659574468085,0.9787234042553191,47,1300,1000,300,0.7692307692307693,16,10,6,314.4721715646016,0.4577937095282146,0.2895392513619788,0.16523610172903203,127042.0022754471,-1409.7651329050263,125632.23714254207,1366,0,140.51063829787233,41,6,20,40.04051039821555,0.5818089430894309,47.966269841269835,1008.1349206349196,24.588656600851696,0
2657,4,0,1,45,0.0,0.021739130434782608,0.9782608695652174,46,1650,1300,350,0.7878787878787878,20,13,7,319.7087041703685,0.4556863929146538,0.281227117613738,0.16852986466066167,127172.82267011845,-1068.3286478902214,126104.49402222823,1367,1,144.5,38,8,22,39.77465310878084,0.5879934210526316,47.83653846153847,1008.653846153847,26.543522267206498,0
2658,4,2,1,46,0.0425531914893617,0.02127659574468085,0.9787234042553191,47,1150,700,450,0.6086956521739131,16,7,9,312.9332187762137,0.45646392229417204,0.2661746859663503,0.1666239490013038,127579.22620670572,-1415.2444188313757,126163.98178787433,1368,0,142.2340425531915,40,7,17,39.53031217516683,0.5888020833333334,47.4339430894309,1010.2642276422769,25.256605691056922,0
2659,4,0,2,44,0.0,0.043478260869565216,0.9565217391304348,46,1400,800,600,0.5714285714285714,20,8,12,316.6726871448393,0.4546195652173913,0.2632207713031822,0.1686660292486435,127591.41845703137,-1119.05653211804,126472.36192491333,1369,1,146.32608695652175,39,7,17,39.423415644224484,0.5905448717948718,47.42187500000001,1010.3125000000009,25.90544871794874,0
2660,4,0,0,44,0.0,0.0,1.0,44,1550,1100,450,0.7096774193548387,20,11,9,336.53931056678584,0.45120903805496826,0.2663413213266579,0.17838327187037434,127396.24361582438,-225.23120094641376,127171.01241487797,1370,2,153.79545454545453,37,7,18,39.12138861735635,0.5920608108108107,47.615131578947384,1009.5394736842129,27.284850640113863,0
2661,4,0,0,44,0.0,0.0,1.0,44,1400,1000,400,0.7142857142857143,18,10,8,337.1673748084661,0.45048229386892175,0.27126505370510956,0.17994624745857754,127673.1316967722,-190.55707044474283,127482.57462632745,1371,3,154.79545454545453,37,7,18,38.822171892517446,0.5948761261261262,47.34100877192983,1010.6359649122817,27.314485538169777,0
2662,4,1,0,45,0.022222222222222223,0.0,1.0,45,1250,700,550,0.56,18,7,11,332.3758536907983,0.4508207070707071,0.2803213133978302,0.17924082035972225,128090.45041867578,-485.1654384907367,127605.28498018505,1372,0,152.33333333333334,38,7,20,38.51693051890939,0.5973135964912281,46.928418803418815,1012.2863247863265,26.63911381016649,0
2663,4,1,1,45,0.021739130434782608,0.021739130434782608,0.9782608695652174,46,1850,1500,350,0.8108108108108109,22,15,7,324.4271321157594,0.45102657004830915,0.27439150141383406,0.1763805273571466,128415.10662073559,-867.7196334648257,127547.38698727076,1373,0,150.0,38,8,16,38.38717894662872,0.6006030701754386,46.60790598290598,1013.5683760683758,26.672852001799363,0
2664,4,1,1,45,0.021739130434782608,0.021739130434782608,0.9782608695652174,46,900,400,500,0.4444444444444444,14,4,10,324.8826978344576,0.4510668276972625,0.2712914321307691,0.1773497096344165,128577.58881446773,-845.4732129812364,127732.1156014865,1374,0,150.97826086956522,38,8,18,38.21017240773903,0.6022478070175439,46.44764957264957,1014.2094017094009,26.689721097615813,0
2665,4,0,0,45,0.0,0.0,1.0,45,1250,800,450,0.64,17,8,9,332.3845948923027,0.44880050505050506,0.2793060361399464,0.18124367532806665,128533.39489073536,-455.4959218221298,128077.89896891323,1375,1,155.2,37,8,19,38.064987024221445,0.6036036036036037,46.491228070175424,1014.0350877192963,27.40635372214314,0
2666,4,1,2,44,0.021739130434782608,0.043478260869565216,0.9565217391304348,46,1300,900,400,0.6923076923076923,17,9,8,322.8130159906427,0.4491243961352657,0.278839512384786,0.17766865761384223,128902.86138733638,-877.6957091460517,128025.16567819033,1376,0,152.80434782608697,38,8,20,37.93179028581446,0.6055372807017544,46.12713675213674,1015.4914529914516,26.723459289248726,0
2667,4,0,0,44,0.0,0.0,1.0,44,1400,1000,400,0.7142857142857143,18,10,8,329.337075542477,0.44897374911909793,0.2567713266560534,0.18184082592069933,129029.71172185699,-301.1464166869515,128728.56530517004,1377,1,147.61363636363637,36,8,21,37.63716470849039,0.6105324074074074,46.002252252252255,1015.990990990991,28.22197197197197,0
2668,4,1,1,44,0.022222222222222223,0.022222222222222223,0.9777777777777777,45,1300,1000,300,0.7692307692307693,16,10,6,339.47581296919367,0.45023148148148145,0.19427143406382186,0.1851103961284845,128533.39489073535,-7.163298658425418,128526.23159207692,1378,0,145.3111111111111,37,8,19,37.88521842560554,0.6036036036036037,46.491228070175424,1014.0350877192961,27.406353722143137,8
2669,4,0,1,43,0.0,0.022727272727272728,0.9772727272727273,44,1250,1000,250,0.8,15,10,5,369.1920571390143,0.4498436398872445,0.2107200064430108,0.19363046507357984,126967.00330884651,575.041828073803,127542.04513692032,1379,1,148.70454545454547,41,3,21,38.738536437313385,0.5810467479674797,48.040674603174594,1007.8373015873001,24.581397599690245,7
2670,4,3,4,42,0.06521739130434782,0.08695652173913043,0.9130434782608696,46,850,600,250,0.7058823529411765,11,6,5,350.30506275318294,0.4538949275362319,0.21873112922705285,0.18682936680169748,127645.42936288082,-256.66290013620994,127388.7664627446,1380,0,143.1086956521739,37,9,18,38.518608940972214,0.5945945945945945,47.368421052631575,1010.5263157894731,27.311522048364136,0
2671,4,1,2,41,0.023255813953488372,0.046511627906976744,0.9534883720930233,43,1550,1200,350,0.7741935483870968,19,12,7,368.0966241903816,0.44735142118863047,0.2286397865924863,0.19473919397840603,127319.2174437951,773.1548271244194,128092.37227091953,1381,0,154.02325581395348,36,7,19,38.4040485754668,0.5931712962962963,47.69144144144144,1009.2342342342339,28.034284284284276,0
2672,4,3,0,44,0.06818181818181818,0.0,1.0,44,1700,1100,600,0.6470588235294118,23,11,12,353.02092725749935,0.45150634249471455,0.24921896192088577,0.19050585186094612,128118.1654188369,245.67871093750858,128363.84412977441,1382,0,150.3409090909091,39,5,23,37.966118770792605,0.5958867521367521,46.90104166666667,1012.3958333333342,25.958867521367544,0
2673,4,1,2,43,0.022222222222222223,0.044444444444444446,0.9555555555555556,45,1750,1400,350,0.8,21,14,7,341.75267404766373,0.4520622895622896,0.23890410958904074,0.18617869556327948,128496.33487654323,-217.2013647762342,128279.133511767,1383,0,147.9777777777778,38,7,17,37.865296803652974,0.6014254385964912,46.52777777777778,1013.888888888889,26.681286549707607,0
2674,4,1,1,43,0.022727272727272728,0.022727272727272728,0.9772727272727273,44,1200,800,400,0.6666666666666666,16,8,8,349.1837117658099,0.4537085976039465,0.25398505603985067,0.19022694745450824,128496.33487654309,173.76543209875155,128670.10030864183,1384,0,146.13636363636363,38,6,18,37.676940639269404,0.6014254385964912,46.52777777777777,1013.8888888888879,26.681286549707576,0
2675,4,1,3,41,0.022727272727272728,0.06818181818181818,0.9318181818181819,44,1100,600,500,0.5454545454545454,16,6,10,348.7731987006101,0.4538517441860465,0.25382457685532644,0.19078054693899738,128658.86843450951,174.55301702097051,128833.42145153048,1385,0,147.0681818181818,38,6,19,37.52150028081999,0.6030701754385965,46.36752136752137,1014.5299145299149,26.698155645524075,0
2676,4,0,1,40,0.0,0.024390243902439025,0.975609756097561,41,1150,900,250,0.782608695652174,14,9,5,367.78212138848573,0.4514481707317073,0.2628029980197022,0.19991732073240048,128408.33875868062,1245.2582465277821,129653.5970052084,1386,1,157.21951219512195,35,6,19,37.295520726276116,0.60625,46.614583333333336,1013.5416666666672,28.95833333333335,0
2677,4,0,0,40,0.0,0.0,1.0,40,1300,700,600,0.5384615384615384,19,7,12,366.009064072741,0.4502537393162393,0.2544087432941442,0.1995398512969065,128525.67361379045,1408.312301740418,129933.98591553087,1387,2,156.675,35,5,19,37.220470456188416,0.6074404761904761,46.4988425925926,1014.0046296296309,28.971560846560884,0
2678,4,0,0,40,0.0,0.0,1.0,40,1100,700,400,0.6363636363636364,15,7,8,365.42379815689276,0.4496394230769231,0.2507873117298036,0.19966173111265664,128613.70991941041,1399.7020747599763,130013.41199417038,1388,3,157.675,35,5,19,37.145329377757484,0.6083333333333334,46.41203703703705,1014.351851851854,28.98148148148154,0
2679,4,0,1,39,0.0,0.025,0.975,40,950,700,250,0.7368421052631579,12,7,5,366.44755427564263,0.4494257478632479,0.2561088295687881,0.20051680778903191,128672.41753472258,1430.338541666706,130102.75607638928,1389,4,158.675,35,5,20,37.059377138945926,0.6089285714285715,46.354166666666686,1014.5833333333362,28.98809523809532,0
2680,4,0,0,39,0.0,0.0,1.0,39,1350,800,550,0.5925925925925926,19,8,11,374.5965468861821,0.44691857849752586,0.2603178395103858,0.20593673577596475,128858.14868922996,1853.9635074263676,130712.11219665632,1390,5,162.97435897435898,36,3,21,36.662830893226854,0.6087962962962963,46.17117117117118,1015.3153153153169,28.203203203203245,0
2681,4,1,0,40,0.025,0.0,1.0,40,850,700,150,0.8235294117647058,10,7,3,369.2073770952252,0.44703525641025643,0.2591166546155699,0.20506578414566098,129263.6921496538,1546.847896918449,130810.54004657225,1391,0,159.875,33,7,22,36.38577568892103,0.6193181818181819,45.7720588235294,1016.9117647058808,30.81550802139033,0
2682,4,1,0,41,0.024390243902439025,0.0,1.0,41,1650,1400,250,0.8484848484848485,19,14,5,359.362565988235,0.44761178861788614,0.26100469522582825,0.2024432113580553,129819.893542631,1130.4820119598594,130950.37555459086,1392,0,156.9512195121951,35,6,20,36.07005962521296,0.6205357142857143,45.225694444444436,1019.0972222222208,29.11706349206345,0
2683,4,0,0,41,0.0,0.0,1.0,41,1000,600,400,0.6,14,6,8,358.45697535074476,0.4476626016260163,0.2585980190336583,0.20229130554083208,129889.2389010634,1111.9407414171096,131001.17964248052,1393,1,157.9512195121951,36,5,20,36.02265613492414,0.619212962962963,45.157657657657666,1019.3693693693708,28.315815815815856,0
2684,4,0,0,41,0.0,0.0,1.0,41,1100,900,200,0.8181818181818182,13,9,4,361.87601762793577,0.4466463414634146,0.2614386625483107,0.20500430669762834,130038.81602993226,1211.5857763927293,131250.40180632498,1394,2,158.9512195121951,37,4,21,35.78352325664729,0.6188063063063063,45.0109649122807,1019.956140350877,27.566382171645326,0
2685,4,1,1,41,0.023809523809523808,0.023809523809523808,0.9761904761904762,42,1450,1100,350,0.7586206896551724,18,11,7,352.25196267328795,0.4481707317073171,0.2600767754318618,0.20167392588217922,130450.30757401005,791.2372092664158,131241.54478327648,1395,0,156.14285714285714,33,9,22,35.61160428662827,0.6313131313131313,44.6078431372549,1021.5686274509809,30.95662507427215,0
2686,4,0,0,41,0.0,0.0,1.0,41,1200,900,300,0.75,15,9,6,364.55970455979605,0.44659552845528455,0.27535952244565687,0.2085776527502653,130423.75299714322,1309.4489720436763,131733.2019691869,1396,1,160.21951219512195,32,9,22,35.32421714050268,0.6334635416666667,44.63383838383839,1021.4646464646471,31.920770202020222,0
2687,4,1,0,42,0.023809523809523808,0.0,1.0,42,1500,1000,500,0.6666666666666666,20,10,10,351.1060524007937,0.44697299651567945,0.2617841940827419,0.2028910547079393,130809.21292914521,785.5812738413957,131594.7942029866,1397,0,157.38095238095238,36,6,19,35.27745670042568,0.6284722222222222,44.25675675675675,1022.9729729729718,28.415915915915882,0
2688,4,0,0,42,0.0,0.0,1.0,42,1150,800,350,0.6956521739130435,15,8,7,350.9000459131173,0.44671893147502906,0.26389484212030356,0.20313890995416928,130878.9483302554,785.0857956294203,131664.03412588482,1398,1,158.38095238095238,37,5,19,35.212173167595374,0.6272522522522522,44.18859649122807,1023.2456140350872,27.655286865813167,0
2689,4,0,0,42,0.0,0.0,1.0,42,950,500,450,0.5263157894736842,14,5,9,351.46678620651176,0.4464164730933024,0.26518953768311104,0.20406056691691493,130991.17036011073,807.8091335795533,131798.97949369028,1399,2,159.38095238095238,37,5,20,35.08417237932018,0.6283783783783784,44.07894736842105,1023.6842105263152,27.667140825035546,0
2690,4,1,0,43,0.023255813953488372,0.0,1.0,43,1300,700,600,0.5384615384615384,19,7,12,347.06851636239423,0.44638242894056845,0.26286236306790856,0.2037561289896923,131417.1157648536,523.4471550808626,131940.56291993445,1400,0,156.65116279069767,35,8,23,34.766550965120224,0.6366071428571429,43.66319444444446,1025.347222222224,29.29563492063497,0
2691,4,0,0,43,0.0,0.0,1.0,43,1050,600,450,0.5714285714285714,15,6,9,347.0364134512997,0.44587486157253603,0.26197036733794166,0.2042122640109839,131506.1366705247,527.4836033950696,132033.62027391975,1401,1,157.65116279069767,35,8,23,34.677555856465816,0.6375,43.57638888888889,1025.6944444444446,29.30555555555556,0
2692,4,0,1,42,0.0,0.023255813953488372,0.9767441860465116,43,1450,900,550,0.6206896551724138,20,9,11,349.025216023555,0.4451365817644887,0.2609434496648513,0.20634370771312582,131684.268904321,592.2260802469143,132276.49498456792,1402,2,158.65116279069767,35,8,16,34.44688768606225,0.6392857142857142,43.40277777777778,1026.3888888888891,29.325396825396833,0
2693,4,0,0,42,0.0,0.0,1.0,42,950,600,350,0.631578947368421,13,6,7,357.76377810568175,0.4431499225706543,0.25679049165479273,0.21156648112669313,131694.45153061216,1023.1009070294699,132717.55243764163,1403,3,162.38095238095238,34,8,16,34.21238305110957,0.6415441176470589,43.39285714285714,1026.4285714285706,30.189075630252077,0
2694,4,1,3,40,0.023255813953488372,0.06976744186046512,0.9302325581395349,43,1300,1200,100,0.9230769230769231,14,12,2,351.97224251278305,0.4418835363602805,0.25719673161533607,0.21004795117698336,132040.8950617283,694.9459876543085,132735.8410493826,1404,0,159.58139534883722,35,8,17,34.011824324324316,0.6428571428571428,43.05555555555555,1027.7777777777771,29.365079365079346,0
2695,4,0,0,40,0.0,0.0,1.0,40,1250,700,550,0.56,18,7,11,371.31699098108174,0.4389022435897436,0.25631041890440454,0.22018861057540567,131799.59518274214,1787.8858191560903,133587.48100189824,1405,1,165.5,33,7,17,33.75837908262722,0.6448863636363636,43.29044117647059,1026.838235294117,31.11631016042779,0
2696,4,1,1,40,0.024390243902439025,0.024390243902439025,0.975609756097561,41,1200,1100,100,0.9166666666666666,13,11,2,365.2174906195922,0.4404471544715447,0.261625394996569,0.218598992826155,132153.0771683673,1452.923044217683,133606.000212585,1406,0,162.4390243902439,34,7,18,33.55838254023387,0.6461397058823529,42.94642857142857,1028.2142857142853,30.24159663865545,0
2697,4,0,0,40,0.0,0.0,1.0,40,1100,800,300,0.7272727272727273,14,8,6,372.64717619289775,0.43971688034188033,0.26920315033588116,0.22250592802555186,132061.2882653062,1842.4532312925294,133903.74149659876,1407,1,167.275,34,6,19,33.46001274032895,0.6452205882352942,43.03571428571429,1027.8571428571436,30.231092436974812,0
2698,4,1,0,41,0.024390243902439025,0.0,1.0,41,1400,900,500,0.6428571428571429,19,9,10,365.918153074194,0.43978658536585363,0.2708079735610358,0.22120552544996672,132527.98064291902,1500.1649209576667,134028.1455638767,1408,0,164.17073170731706,32,9,22,33.16268138156552,0.6546223958333333,42.582070707070706,1029.6717171717166,32.177241161616145,0
2699,4,0,0,41,0.0,0.0,1.0,41,1600,1400,200,0.875,18,14,4,371.3283106051249,0.43874491869918697,0.269804746564986,0.2258406610401662,132755.59413580253,1659.1820987654394,134414.77623456798,1409,1,165.17073170731706,32,9,20,32.79424977538186,0.6569010416666667,42.361111111111114,1030.5555555555559,32.20486111111112,0
2700,4,0,0,41,0.0,0.0,1.0,41,1050,500,550,0.47619047619047616,16,5,11,371.2382201133497,0.43844004065040654,0.27081416331066754,0.22617827082129785,132820.66243240502,1661.6212631364306,134482.28369554144,1410,2,166.17073170731706,32,9,21,32.73109586803855,0.6575520833333333,42.29797979797981,1030.808080808082,32.21275252525256,0
2701,4,0,0,41,0.0,0.0,1.0,41,1250,700,550,0.56,18,7,11,369.23074939450055,0.43790650406504067,0.265034478433434,0.22554282201233256,132918.29476902867,1615.504317161518,134533.79908619018,1411,3,167.17073170731706,32,9,22,32.6846353210073,0.6585286458333333,42.20328282828283,1031.1868686868688,32.22458964646465,0
2702,4,0,0,41,0.0,0.0,1.0,41,1150,800,350,0.6956521739130435,15,8,7,365.99456039008845,0.43683943089430893,0.2646850016082436,0.2240419065311544,132997.76715986637,1535.2918649077246,134533.0590247741,1412,4,168.17073170731706,33,8,22,32.68818561641124,0.6568813131313131,42.12622549019608,1031.4950980392155,31.25742721330956,0
2703,4,0,0,41,0.0,0.0,1.0,41,1000,700,300,0.7,13,7,6,363.0635164052014,0.43600101626016263,0.26284855765849136,0.22306148998700864,133134.14292800456,1467.2300170068052,134601.37294501136,1413,5,169.17073170731706,34,7,22,32.626792786557466,0.6559436274509804,41.99404761904762,1032.0238095238096,30.353641456582636,0
2704,4,0,0,41,0.0,0.0,1.0,41,1350,1100,250,0.8148148148148148,16,11,5,360.8204651021793,0.4348577235772358,0.1737481685770923,0.20995030053515565,131075.36844269375,1259.3637941383668,132334.73223683212,1414,6,170.17073170731706,37,4,16,34.75958792875753,0.629222972972973,43.99671052631578,1024.0131578947355,27.67603129445231,8
2705,4,0,0,41,0.0,0.0,1.0,41,1600,1400,200,0.875,18,14,4,359.40822653178634,0.43363821138211384,0.16757102402484736,0.21004814740084665,131243.84576263832,1234.0235697522107,132477.86933239052,1415,7,171.17073170731706,37,4,17,34.62535669698592,0.6309121621621622,43.83223684210525,1024.6710526315774,27.693812233285875,0
2706,4,0,0,41,0.0,0.0,1.0,41,1350,1000,350,0.7407407407407407,17,10,7,380.30539079620235,0.43379065040650405,0.21682794990112098,0.2076638054819872,128588.9949311323,1599.4034222067935,130188.3983533391,1416,8,172.17073170731706,37,4,16,36.79324324324324,0.6041666666666667,46.43640350877191,1014.2543859649094,27.41228070175431,8
2707,4,0,1,40,0.0,0.024390243902439025,0.975609756097561,41,1450,1200,250,0.8275862068965517,17,12,5,380.3616830192819,0.43376524390243903,0.21775930284970202,0.20813049396673033,128672.41753472206,1588.4114583333135,130260.82899305537,1417,9,173.17073170731706,37,4,16,36.70645106091718,0.6050112612612613,46.35416666666666,1014.583333333332,27.421171171171135,0
2708,4,1,1,40,0.024390243902439025,0.024390243902439025,0.975609756097561,41,750,400,350,0.5333333333333333,11,4,7,376.3354196585582,0.4350355691056911,0.22054974166671082,0.20723059791186457,128922.84765504758,1503.6467951677278,130426.49445021531,1418,0,173.8780487804878,37,4,17,36.55258043619088,0.607545045045045,46.10745614035087,1015.5701754385955,27.4478425794215,0
2709,4,0,1,39,0.0,0.025,0.975,40,1000,600,400,0.6,14,6,8,382.2508247255421,0.43398771367521366,0.22549334811529942,0.21075198282545182,128972.51136271418,1859.9697670643766,130832.48112977856,1419,1,170.825,36,4,17,36.35162601626018,0.6099537037037037,46.058558558558566,1015.7657657657667,28.215715715715742,0
2710,4,0,0,39,0.0,0.0,1.0,39,1250,1000,250,0.8,15,10,5,387.6927029534566,0.43255173189383717,0.23078383771103383,0.21387673499827092,128995.54887099202,2202.126602151927,131197.67547314396,1420,2,175.5897435897436,35,4,17,36.189876001671024,0.6122023809523809,46.03587962962963,1015.8564814814821,29.024470899470916,0
2711,4,0,1,38,0.0,0.02564102564102564,0.9743589743589743,39,650,500,150,0.7692307692307693,8,5,3,387.78076912382454,0.4323549257759784,0.22840636600745912,0.21424338402379206,129054.34355977796,2208.9585208761996,131263.30208065416,1421,3,176.5897435897436,35,4,18,36.127524964878305,0.612797619047619,45.97800925925926,1016.087962962963,29.03108465608466,0
2712,4,1,0,39,0.02564102564102564,0.0,1.0,39,950,600,350,0.631578947368421,13,6,7,418.64175655355484,0.43347953216374274,0.33004462275351076,0.22284075370088657,127566.80685628398,2986.5082153589146,130553.3150716429,1422,0,177.02564102564102,30,9,14,36.8732814440305,0.6097222222222223,47.446236559139784,1010.2150537634409,33.67383512544803,8
2713,4,0,0,39,0.0,0.0,1.0,39,1650,1300,350,0.7878787878787878,20,13,7,412.7462672666554,0.4328891138101664,0.31894247177054,0.22111604378184915,127825.12825540762,2751.868910060201,130576.99716546782,1423,1,178.02564102564102,32,7,14,36.75604528239064,0.6070963541666667,47.19065656565657,1011.2373737373739,31.601167929292934,0
2714,4,1,0,40,0.025,0.0,1.0,40,1050,600,450,0.5714285714285714,15,6,9,403.9473904316099,0.4356169871794872,0.31738878889174593,0.21849115457420484,128210.45769585518,2358.8530749961524,130569.31077085133,1424,0,174.55,31,9,16,36.582347647210085,0.6135752688172043,46.80989583333334,1012.7604166666679,32.66969086021509,0
2715,4,0,0,40,0.0,0.0,1.0,40,1050,800,250,0.7619047619047619,13,8,5,427.0186582851545,0.4348958333333333,0.24932017025301523,0.22267101182341753,126732.14994331045,2839.6915219538078,129571.84146526425,1425,1,175.55,34,6,15,37.52463151257192,0.5912990196078431,48.27380952380951,1006.9047619047602,29.6148459383753,8
2716,4,4,2,42,0.09090909090909091,0.045454545454545456,0.9545454545454546,44,1100,700,400,0.6363636363636364,15,7,8,393.9851307197221,0.44166226215644816,0.25632001862103215,0.21154623008100762,127916.59216226343,1280.467465017397,129197.05962728083,1426,0,160.5,36,8,15,37.13635014286244,0.5992476851851851,47.100225225225216,1011.5990990990977,28.099974974974934,0
2717,4,1,1,42,0.023255813953488372,0.023255813953488372,0.9767441860465116,43,1400,900,500,0.6428571428571429,19,9,10,400.15597915536586,0.4388381321520856,0.2615580677001996,0.21498238560522726,127939.53517500404,1639.153994127203,129578.68916913125,1427,0,165.2093023255814,35,8,17,36.95670308507798,0.6014880952380952,47.07754629629628,1011.6898148148128,28.905423280423225,0
2718,4,1,0,43,0.023255813953488372,0.0,1.0,43,1150,600,550,0.5217391304347826,17,6,11,391.67656415063357,0.44047619047619047,0.2562867770650501,0.21214359543970318,128265.09530895676,1447.850466221707,129712.94577517846,1428,0,164.65116279069767,34,9,18,36.83697653464959,0.6069240196078431,46.75595238095237,1012.9761904761892,29.79341736694674,0
2719,4,1,2,42,0.022727272727272728,0.045454545454545456,0.9545454545454546,44,950,500,450,0.5263157894736842,14,5,9,386.9542923402103,0.4420806906272023,0.2550695113986252,0.2122077666998938,128760.5040750384,1164.8859471450382,129925.39002218345,1429,0,161.88636363636363,35,9,16,36.44906773862469,0.6098214285714285,46.2673611111111,1014.9305555555541,28.99801587301583,0
2720,4,0,1,41,0.0,0.023809523809523808,0.9761904761904762,42,1350,800,550,0.5925925925925926,19,8,11,403.65677567747645,0.4385283584978707,0.26991512012660057,0.22018851804423983,128548.11137843617,1977.8632316897333,130525.9746101259,1430,1,170.4047619047619,33,9,17,36.243076535750255,0.6120580808080809,46.47671568627451,1014.0931372549019,30.73009506833036,0
2721,4,0,0,41,0.0,0.0,1.0,41,1400,1000,400,0.7142857142857143,18,10,8,412.2822159016143,0.4350609756097561,0.28471988119208813,0.2247819739243629,128528.34093778698,2397.9898415978023,130926.33077938479,1431,2,175.4878048780488,32,9,17,36.04470178060018,0.6142578125,46.496212121212125,1014.0151515151517,31.68797348484849,0
2722,4,0,0,41,0.0,0.0,1.0,41,1200,800,400,0.6666666666666666,16,8,8,413.15278636673935,0.4342225609756098,0.28494240138418814,0.22598248049399258,128656.40503838896,2430.95044510764,131087.3554834966,1432,3,176.4878048780488,32,9,17,35.891153287699645,0.6155598958333333,46.369949494949495,1014.5202020202021,31.703756313131315,0
2723,4,2,1,42,0.046511627906976744,0.023255813953488372,0.9767441860465116,43,750,600,150,0.8,9,6,3,394.05589253803697,0.4401531930601698,0.2729425878224405,0.21869443079519002,129232.53864198858,1586.120499524656,130818.65914151323,1433,0,169.2325581395349,33,10,20,35.78590153067373,0.6190025252525253,45.80269607843137,1016.7892156862739,30.811794414735573,0
2724,4,2,5,39,0.045454545454545456,0.11363636363636363,0.8863636363636364,44,900,600,300,0.6666666666666666,12,6,6,376.51652892562015,0.4420806906272023,0.2620041322314053,0.21131029684601102,129672.49657064452,964.7676611796767,130637.2642318242,1434,0,165.1818181818182,35,9,16,35.783143939393945,0.6190476190476191,45.37037037037036,1018.5185185185169,29.100529100529055,0
2725,4,2,1,40,0.04878048780487805,0.024390243902439025,0.975609756097561,41,1150,900,250,0.782608695652174,14,9,5,406.2858018012285,0.43173272357723574,0.3284817203182693,0.21409892252222035,127159.78725864255,2135.3224084636818,129295.10966710623,1435,0,177.78048780487805,30,11,19,37.604944029850735,0.6055555555555556,47.84946236559139,1008.6021505376339,33.62007168458779,8
2726,4,0,0,40,0.0,0.0,1.0,40,1400,1000,400,0.7142857142857143,18,10,8,409.20350139641374,0.43182425213675213,0.3180855315747402,0.21599729124342337,127227.57869406858,2412.3941351601206,129639.9728292287,1436,1,178.025,30,10,19,37.4614197530864,0.60625,47.78225806451612,1008.8709677419347,33.62903225806449,0
2727,4,1,0,41,0.024390243902439025,0.0,1.0,41,1650,1300,350,0.7878787878787878,20,13,7,395.529728569104,0.4343241869918699,0.30930135354697175,0.21097637274397368,127650.6233215333,1897.9232788086085,129548.54660034191,1437,0,174.65853658536585,31,10,17,37.370747970622354,0.6078629032258065,47.36328125000001,1010.5468750000008,32.598286290322605,0
2728,4,1,2,40,0.023809523809523808,0.047619047619047616,0.9523809523809523,42,1450,700,750,0.4827586206896552,22,7,15,374.61052236956516,0.4360844947735192,0.2841405095209113,0.19514428923690402,126690.72780000475,1101.2989066188816,127792.02670662363,1438,0,171.47619047619048,33,9,19,38.88656421180767,0.5931186868686869,48.314950980392155,1006.7401960784309,30.507278669043362,7
2729,4,2,1,41,0.047619047619047616,0.023809523809523808,0.9761904761904762,42,1150,600,550,0.5217391304347826,17,6,11,362.6428002795477,0.4362538714672861,0.2806355758280006,0.19209573928634313,127370.19903702902,837.9771301903108,128208.17616721932,1439,0,166.45238095238096,33,9,14,38.489311440249296,0.6000631313131313,47.64093137254902,1009.4362745098038,30.5889780154486,0
2730,4,0,0,41,0.0,0.0,1.0,41,1850,1200,650,0.6486486486486487,25,12,13,366.90152630550176,0.4361788617886179,0.28854981376607114,0.19546910875476897,127601.78330017373,1163.4578104275447,128765.24111060127,1440,1,171.1951219512195,32,9,16,38.14410980588188,0.6048177083333333,47.41161616161618,1010.3535353535376,31.57354797979805,0
2731,4,1,0,42,0.023809523809523808,0.0,1.0,42,1750,1400,350,0.8,21,14,7,358.51580890446894,0.43766937669376693,0.29325886733294104,0.19359853680841352,128144.53125000023,788.3680555555829,128932.89930555581,1441,0,168.0952380952381,33,9,20,37.80006858710562,0.6079545454545454,46.875000000000014,1012.5000000000018,30.681818181818237,0
2732,4,4,2,44,0.08695652173913043,0.043478260869565216,0.9565217391304348,46,1350,1100,250,0.8148148148148148,16,11,5,327.64017504092385,0.4456924315619968,0.2780624093909667,0.1810519679251188,129062.0807003117,-742.8154576408048,128319.2652426709,1442,0,154.3913043478261,37,9,14,37.64736430344232,0.6089527027027026,45.97039473684211,1016.118421052632,27.462660028449513,0
2733,4,0,1,43,0.0,0.022727272727272728,0.9772727272727273,44,1100,800,300,0.7272727272727273,14,8,6,343.2834197761442,0.44287350246652574,0.28579163342072267,0.1888166421126091,128877.99968117717,48.336092892668944,128926.33577406984,1443,1,162.4090909090909,35,9,17,37.43742638398115,0.6110119047619047,46.151620370370374,1015.3935185185189,29.011243386243397,0
2734,4,0,0,43,0.0,0.0,1.0,43,1050,800,250,0.7619047619047619,13,8,5,351.0811313909035,0.4420450350682909,0.2841032101148746,0.19306066857724155,128868.76594387756,448.6784297052137,129317.44437358277,1444,2,166.74418604651163,34,9,18,37.248895923711245,0.6130514705882353,46.160714285714285,1015.3571428571429,29.863445378151262,0
2735,4,2,2,43,0.044444444444444446,0.044444444444444446,0.9555555555555556,45,1100,600,500,0.5454545454545454,16,6,10,333.06521538892497,0.44465488215488214,0.28072582429741044,0.18604718273702764,129487.77113261928,-374.4255234964547,129113.34560912283,1445,0,160.2888888888889,36,9,14,37.0770174079811,0.615162037037037,45.55180180180181,1017.7927927927942,28.27202202202206,0
2736,4,1,1,43,0.022727272727272728,0.022727272727272728,0.9772727272727273,44,1100,600,500,0.5454545454545454,16,6,10,350.11959810810424,0.4430717054263566,0.1955992923485188,0.19643186385171804,129659.75265806344,279.2840982874745,129939.03675635092,1446,0,164.77272727272728,36,8,17,36.46823861123398,0.6168981481481481,45.38288288288288,1018.4684684684682,28.290790790790783,8
2737,4,1,1,43,0.022727272727272728,0.022727272727272728,0.9772727272727273,44,1000,800,200,0.8,12,8,4,347.76256357174657,0.44198158914728686,0.2110626311719872,0.1964001552099204,129917.93894823888,236.11910051944997,130154.05804875834,1447,0,165.6590909090909,36,8,19,36.26606281527303,0.6195023148148149,45.12950450450451,1019.4819819819827,28.318943943943964,0
2738,4,1,2,42,0.022727272727272728,0.045454545454545456,0.9545454545454546,44,1500,1100,400,0.7333333333333333,19,11,8,349.90456119020905,0.4436442917547569,0.2111356865577323,0.19906999611216986,130205.1137920015,311.87264122230835,130516.9864332238,1448,0,166.36363636363637,36,8,20,35.920087167604535,0.6223958333333333,44.847972972972975,1020.6081081081085,28.350225225225234,0
2739,4,0,1,41,0.0,0.023809523809523808,0.9761904761904762,42,900,500,400,0.5555555555555556,13,5,8,362.34647002242116,0.43919376693766937,0.22737275561409076,0.2054895368379963,130080.358914399,1026.8317743764019,131107.1906887754,1449,1,173.04761904761904,34,8,20,35.72932469755319,0.6253063725490196,44.97023809523809,1020.1190476190468,30.0035014005602,0
2740,4,0,0,41,0.0,0.0,1.0,41,1050,800,250,0.7619047619047619,13,8,5,383.157417257204,0.43737296747967475,0.20869496750592043,0.2128241267992772,129265.58036169769,1822.0157050040575,131087.59606670175,1450,2,178.17073170731706,32,9,18,36.02919874182601,0.6217447916666667,45.770202020202014,1016.9191919191912,31.778724747474726,8
2741,4,1,0,42,0.023809523809523808,0.0,1.0,42,1350,1000,350,0.7407407407407407,17,10,7,373.5580410200449,0.4386372435152923,0.20505064393418548,0.20979827276747376,129700.23548635133,1290.1131776239777,130990.34866397531,1451,0,174.9047619047619,33,9,17,35.83022537696502,0.6237373737373737,45.343137254901954,1018.6274509803916,30.867498514557322,0
2742,4,1,1,42,0.023255813953488372,0.023255813953488372,0.9767441860465116,43,1850,1300,550,0.7027027027027027,24,13,11,360.0166597251148,0.43964562569213733,0.19819648789748467,0.2051257712387281,130262.58680555546,779.3402777777717,131041.92708333323,1452,0,171.8139534883721,34,9,19,35.603741496598644,0.6271446078431373,44.791666666666664,1020.8333333333326,30.024509803921546,0
2743,4,2,1,43,0.045454545454545456,0.022727272727272728,0.9772727272727273,44,1750,1400,350,0.8,21,14,7,351.22992671037304,0.44035192036645526,0.20320795094448352,0.20257621621493846,130735.62349965703,383.65269204389256,131119.27619170092,1453,0,167.5,35,9,16,35.348762637694286,0.6297619047619047,44.3287037037037,1022.6851851851849,29.21957671957671,0
2744,4,0,0,43,0.0,0.0,1.0,43,1250,800,450,0.64,17,8,9,358.5517117239188,0.43950719822812845,0.2032182862341505,0.2065459860494126,130688.2812500001,771.7013888889027,131459.982638889,1454,1,172.3953488372093,34,9,19,35.209521869057326,0.6314338235294117,44.37500000000001,1022.5000000000008,30.073529411764728,0
2745,4,0,0,43,0.0,0.0,1.0,43,1300,700,600,0.5384615384615384,19,7,12,361.66443861857505,0.43941491325212256,0.20609220042440723,0.20883204681524212,130779.59183673495,859.6655328798458,131639.2573696148,1455,2,173.3953488372093,34,9,19,35.03743792675355,0.6323529411764706,44.2857142857143,1022.8571428571449,30.08403361344544,0
2746,4,0,1,42,0.0,0.023255813953488372,0.9767441860465116,43,1200,600,600,0.5,18,6,12,366.55561332215706,0.43904577334809897,0.20165139004620847,0.21232560998094774,130901.38888888899,996.5277777777869,131897.91666666677,1456,3,174.3953488372093,34,9,19,34.78895222584146,0.633578431372549,44.16666666666667,1023.3333333333342,30.0980392156863,0
2747,4,1,1,42,0.023255813953488372,0.023255813953488372,0.9767441860465116,43,1450,1200,250,0.8275862068965517,17,12,5,366.960993428638,0.4398994093761535,0.20739362938851413,0.21357229130400168,131084.19075963713,1020.5569727891061,132104.74773242624,1457,0,175.13953488372093,34,9,20,34.593456947996586,0.6354166666666667,43.988095238095234,1024.0476190476186,30.119047619047606,0
2748,4,0,0,42,0.0,0.0,1.0,42,1400,800,600,0.5714285714285714,20,8,12,373.1483681762343,0.43840737514518,0.21422872643552404,0.2171328526797084,131077.0196559015,1382.2351980007627,132459.25485390227,1458,1,179.92857142857142,33,9,20,34.44231689803733,0.6376262626262627,43.995098039215684,1024.0196078431368,31.030897207367783,0
2749,4,0,0,42,0.0,0.0,1.0,42,1400,900,500,0.6428571428571429,19,9,10,377.30933121249143,0.4382500967866822,0.20875417998279566,0.22009272153560475,131171.15600069688,1498.4202289984673,132669.57622969535,1459,2,180.92857142857142,33,9,20,34.24041452326833,0.6385732323232323,43.90318627450981,1024.3872549019611,31.042038027332154,0
2750,4,0,0,42,0.0,0.0,1.0,42,1650,1200,450,0.7272727272727273,21,12,9,378.6885278919561,0.43706445993031356,0.20359177494351388,0.2223499587980349,131422.35145436847,1553.6273608708148,132975.9788152393,1460,3,181.92857142857142,33,9,21,33.95071411497549,0.6410984848484849,43.658088235294116,1025.3676470588234,31.071746880570405,0
2751,4,0,0,42,0.0,0.0,1.0,42,1350,800,550,0.5925925925925926,19,8,11,378.4762661326532,0.43616918312040265,0.19791968872126553,0.2229574119490808,131548.0392907775,1557.562145569004,133105.6014363465,1461,4,182.92857142857142,33,9,22,33.828968064349155,0.6423611111111112,43.53553921568627,1025.8578431372543,31.086601307189525,0
2752,4,0,0,42,0.0,0.0,1.0,42,1050,600,450,0.5714285714285714,15,6,9,376.5638967247047,0.4357941347270615,0.19980779510275548,0.22237983576676137,131642.34459102261,1514.3508506343596,133156.69544165698,1462,5,183.92857142857142,33,9,16,33.782640713319005,0.6433080808080809,43.44362745098039,1026.2254901960778,31.09774212715387,0
2753,4,0,0,42,0.0,0.0,1.0,42,900,600,300,0.6666666666666666,12,6,6,376.43363130376093,0.4355037746806039,0.19650587507730322,0.22296453546453548,131755.55555555562,1519.4444444444491,133275.00000000006,1463,6,184.92857142857142,34,8,16,33.67153679653679,0.642156862745098,43.333333333333336,1026.6666666666672,30.196078431372566,0
2754,4,0,0,42,0.0,0.0,1.0,42,1000,800,200,0.8,12,8,4,375.9499867997845,0.4358909214092141,0.19399821138749962,0.22303607882633697,131816.67375283438,1511.2953514739115,133327.9691043083,1464,7,185.92857142857142,34,8,16,33.62218873174124,0.6427696078431373,43.27380952380952,1026.9047619047612,30.203081232492977,0
2755,4,0,0,42,0.0,0.0,1.0,42,1500,1100,400,0.7333333333333333,19,11,8,379.4192264889211,0.43494725125822686,0.19220866990634966,0.22607274448111694,131981.42387902958,1615.2579518175683,133596.68183084714,1465,8,186.92857142857142,35,7,17,33.36665540286851,0.6422619047619047,43.11342592592593,1027.546296296297,29.35846560846563,0
2756,4,0,0,42,0.0,0.0,1.0,42,1200,1000,200,0.8333333333333334,14,10,4,380.25229708602916,0.43469318621757647,0.18919766488155565,0.2274600104387339,132130.12695312512,1648.5568576389035,133778.68381076402,1466,9,187.92857142857142,35,7,17,33.195077676460656,0.64375,42.96875000000001,1028.125000000001,29.375000000000025,0
2757,4,1,2,41,0.023255813953488372,0.046511627906976744,0.9534883720930233,43,900,500,400,0.5555555555555556,13,5,8,370.73588798530864,0.4358157991878922,0.18721360497386152,0.22389133793973087,132489.90929705207,1224.2953691893308,133714.2046662414,1467,0,184.53488372093022,34,9,18,33.077012025901944,0.6495098039215687,42.61904761904761,1029.5238095238087,30.280112044817905,0
2758,4,0,0,41,0.0,0.0,1.0,41,1200,1000,200,0.8333333333333334,14,10,4,386.3652482735253,0.4319613821138211,0.2003794916393249,0.2314440370725873,132183.6805555555,2014.2361111111068,134197.9166666666,1468,1,193.78048780487805,34,7,19,32.98386007563479,0.6464460784313726,42.916666666666664,1028.333333333333,30.245098039215677,0
2759,4,0,0,41,0.0,0.0,1.0,41,1650,1100,550,0.6666666666666666,22,11,11,386.5334660375866,0.43142784552845526,0.1936601733250931,0.23248495107605127,132336.75063775497,2030.5165816326312,134367.2672193876,1469,2,194.78048780487805,34,7,20,32.82497396737243,0.6479779411764706,42.76785714285713,1028.9285714285702,30.26260504201677,0
2760,4,0,0,41,0.0,0.0,1.0,41,800,500,300,0.625,11,5,6,413.01194463588445,0.43140243902439024,0.2269911464409411,0.2364953746672996,130455.99819214888,2580.8559270815895,133036.85411923047,1470,3,195.78048780487805,32,9,19,34.05404152762328,0.6337890625,44.602272727272734,1021.5909090909101,31.924715909090942,8
2761,4,0,0,41,0.0,0.0,1.0,41,1350,1000,350,0.7407407407407407,17,10,7,410.467977965409,0.43074186991869917,0.22720376071074622,0.23633777364840644,130669.4859699395,2527.1279375720956,133196.6139075116,1471,4,196.78048780487805,33,8,17,33.90154920292461,0.6335227272727273,44.39338235294118,1022.4264705882358,30.98262032085563,0
2762,4,0,1,40,0.0,0.024390243902439025,0.975609756097561,41,1550,1100,450,0.7096774193548387,20,11,9,412.2304941413956,0.4302083333333333,0.22683437679152219,0.23840571108015832,130840.48327664392,2587.2874149659833,133427.7706916099,1472,5,197.78048780487805,34,7,17,33.682414087347766,0.6329656862745099,44.226190476190474,1023.0952380952376,30.091036414565814,0
2763,4,0,1,39,0.0,0.025,0.975,40,1050,700,350,0.6666666666666666,14,7,7,413.61396966545954,0.4298744658119658,0.22800598802395244,0.23950600878686448,130888.84833958092,2827.491229334873,133716.33956891578,1473,6,201.225,33,7,17,33.597804391217565,0.6357323232323233,44.17892156862745,1023.2843137254902,31.008615567439097,0
2764,4,0,0,39,0.0,0.0,1.0,39,1100,500,600,0.45454545454545453,17,5,12,424.53183861997417,0.42695681511470984,0.2344051111174399,0.2455375794673557,130843.25140610668,3309.4252180900103,134152.6766241967,1474,17,207.23076923076923,32,7,17,33.3649574231766,0.6376953125,44.22348484848486,1023.1060606060619,31.972064393939434,0
2765,4,0,0,39,0.0,0.0,1.0,39,1400,1000,400,0.7142857142857143,18,10,8,422.653018429839,0.42695681511470984,0.2350748983691615,0.2448608087472368,130907.84940631058,3265.71953754719,134173.56894385777,1475,18,208.23076923076923,32,7,17,33.34721365412298,0.6383463541666667,44.160353535353536,1023.3585858585858,31.979955808080806,0
2766,4,0,1,38,0.0,0.02564102564102564,0.9743589743589743,39,1150,700,450,0.6086956521739131,16,7,9,421.2462515197042,0.4266756635177688,0.2351373834673247,0.24452188595858884,130982.91710219649,3235.212568483302,134218.1296706798,1476,19,209.23076923076923,33,6,17,33.30677102039187,0.6366792929292929,44.08700980392158,1023.6519607843154,31.019756387403497,0
2767,4,1,0,39,0.02564102564102564,0.0,1.0,39,1700,1400,300,0.8235294117647058,20,14,6,414.02572259916434,0.4283906882591093,0.22213028595244433,0.24309847164822548,131422.3514543687,3082.901107747045,134505.25256211575,1477,0,201.7948717948718,33,6,18,33.04487371021075,0.6410984848484849,43.65808823529413,1025.3676470588252,31.071746880570462,0
2768,4,0,0,39,0.0,0.0,1.0,39,1450,1000,450,0.6896551724137931,19,10,9,383.45193445749686,0.4280251911830859,0.16840214648551544,0.2181644624651823,130206.62607725461,2185.5965297014536,132392.22260695606,1478,1,202.7948717948718,37,2,18,35.06258057584873,0.6204954954954955,44.84649122807018,1020.6140350877199,27.584163110478915,7
2769,4,0,0,39,0.0,0.0,1.0,39,900,400,500,0.4444444444444444,14,4,10,385.47865564034356,0.4277440395861449,0.1696127248785677,0.2198000789530361,130292.12648158854,2244.9907971891253,132537.11727877767,1479,2,203.7948717948718,35,4,19,34.92387956769829,0.625297619047619,44.762731481481474,1020.9490740740731,29.169973544973516,0
2770,4,0,0,39,0.0,0.0,1.0,39,750,500,250,0.6666666666666666,10,5,5,387.7261537426348,0.4277440395861449,0.17518897287683366,0.22141798410817262,130351.21588059411,2308.115113811721,132659.33099440584,1480,3,204.7948717948718,35,4,19,34.80640088405304,0.6258928571428571,44.70486111111111,1021.1805555555554,29.176587301587297,0
2771,4,0,0,39,0.0,0.0,1.0,39,1450,1200,250,0.8275862068965517,17,12,5,385.3478037068467,0.42782838506522713,0.17321846990061274,0.2214057550120469,130587.70743580666,2264.3372503000624,132852.04468610673,1481,4,205.7948717948718,35,4,15,34.6267174347941,0.6282738095238095,44.473379629629626,1022.1064814814807,29.203042328042308,0
2772,4,0,0,39,0.0,0.0,1.0,39,800,300,500,0.375,13,3,10,384.6758054681767,0.4276596941070625,0.16755488151016307,0.22146300810688518,130665.25298524887,2252.7522877607466,132918.00527300962,1482,5,206.7948717948718,36,3,15,34.565113632191505,0.627025462962963,44.39752252252253,1022.4099099099108,28.4002752752753,0
2773,4,0,0,39,0.0,0.0,1.0,39,1050,600,450,0.5714285714285714,15,6,9,380.4945225878436,0.42771592442645073,0.1623061256462477,0.21979154187133093,130794.81336805563,2153.3420138888932,132948.15538194453,1483,6,207.7948717948718,37,2,17,34.540478615071265,0.6264076576576576,44.270833333333336,1022.9166666666673,27.646396396396415,0
2774,4,2,0,41,0.04878048780487805,0.0,1.0,41,800,500,300,0.625,11,5,6,369.4442409158011,0.4316310975609756,0.17346597289532206,0.21623806581621463,131301.43364800353,1501.7116970486206,132803.14534505215,1484,0,198.609756097561,39,2,20,34.30999508757666,0.6279380341880342,43.77604166666667,1024.895833333334,26.27938034188036,0
2775,4,0,0,41,0.0,0.0,1.0,41,1050,800,250,0.7619047619047619,13,8,5,374.419802701819,0.4310467479674797,0.1784514594504376,0.21994811525549038,131440.53939673724,1642.793590936614,133083.33298767384,1485,1,199.609756097561,37,4,20,34.041737952666104,0.6328828828828829,43.64035087719297,1025.4385964912265,27.71455666192504,0
2776,4,0,0,41,0.0,0.0,1.0,41,1000,600,400,0.6,14,6,8,373.1977332881846,0.43119918699186993,0.17448124449172653,0.21955293064010553,131496.76462950135,1614.8588988919641,133111.6235283933,1486,2,200.609756097561,37,4,21,34.01619627966645,0.6334459459459459,43.58552631578947,1025.6578947368419,27.720483641536266,0
2777,4,0,1,40,0.0,0.024390243902439025,0.975609756097561,41,1000,700,300,0.7,13,7,6,369.3306014454552,0.4310467479674797,0.17288455423558347,0.21791902700671906,131609.2511638194,1521.4647776238617,133130.71594144325,1487,3,201.609756097561,37,4,17,34.0016563368241,0.634572072072072,43.475877192982445,1026.0964912280683,27.732337600758605,0
2778,4,0,0,40,0.0,0.0,1.0,40,850,700,150,0.8235294117647058,10,7,3,368.6646212287243,0.4296207264957265,0.18674145299145373,0.21784727618060945,131665.51246537376,1708.083256386562,133373.59572176033,1488,4,206.35,37,3,17,33.96189458689459,0.6351351351351351,43.42105263157894,1026.3157894736826,27.738264580369798,0
2779,4,0,0,40,0.0,0.0,1.0,40,1100,600,500,0.5454545454545454,16,6,10,370.59960630275276,0.42924679487179485,0.1870380260628075,0.2193143814289738,131721.7857898581,1763.208391043369,133484.99418090147,1489,5,207.35,37,3,18,33.85539058605712,0.6356981981981982,43.366228070175424,1026.535087719296,27.74419155998097,0
2780,4,0,1,39,0.0,0.025,0.975,40,1200,700,500,0.5833333333333334,17,7,10,373.46378713757315,0.4283253205128205,0.18301217038539574,0.2218284904323175,131862.52170138885,1849.1753472222179,133711.69704861107,1490,6,208.35,37,3,18,33.639705882352935,0.6371058558558558,43.229166666666664,1027.083333333333,27.759009009009002,0
2781,4,0,0,39,0.0,0.0,1.0,39,1250,900,350,0.72,16,9,7,384.35335479389624,0.4281095366621683,0.1900776711042116,0.22786306170420983,131790.2425229284,2330.804368557754,134121.04689148616,1491,7,212.48717948717947,36,3,18,33.43318161877605,0.6383101851851851,43.29954954954955,1026.8018018018024,28.52227227227229,0
2782,4,0,0,39,0.0,0.0,1.0,39,1400,1200,200,0.8571428571428571,16,12,4,387.7526859617306,0.42805330634278005,0.18388109715815038,0.23040340382129945,131876.97991488117,2427.130635703278,134304.11055058445,1492,8,213.48717948717947,36,3,18,33.25818623688924,0.6391782407407407,43.215090090090094,1027.13963963964,28.53165665665667,0
2783,4,0,0,39,0.0,0.0,1.0,39,1200,900,300,0.75,15,9,6,387.06033551675483,0.4273785425101215,0.1868842234789425,0.23104641479800012,132050.54029959018,2422.3052867056304,134472.84558629582,1493,9,214.48717948717947,36,3,18,33.100507651291046,0.6409143518518519,43.046171171171174,1027.8153153153157,28.550425425425438,0
2784,4,0,0,39,0.0,0.0,1.0,39,950,300,650,0.3157894736842105,16,3,13,385.60623055799823,0.42757534862798025,0.18776083354396578,0.23070674213594525,132137.36329234645,2390.5981150069047,134527.96140735334,1494,10,215.48717948717947,36,3,18,33.050155166119026,0.6417824074074074,42.961711711711715,1028.1531531531534,28.559809809809817,0
2785,4,0,1,38,0.0,0.02564102564102564,0.9743589743589743,39,1150,800,350,0.6956521739130435,15,8,7,383.65212610204395,0.4279127305443095,0.18505106308916197,0.23024168986965,132253.17166829004,2347.842098855628,134601.01376714566,1495,11,216.48717948717947,36,3,18,32.983450113130424,0.6429398148148149,42.84909909909911,1028.6036036036048,28.572322322322357,0
2786,4,0,0,38,0.0,0.0,1.0,38,1050,800,250,0.7619047619047619,13,8,5,391.66831178269325,0.42863916548127073,0.1881552293969222,0.23484241690290233,132219.3889853395,2757.2289737654305,134976.61795910491,1496,12,215.8421052631579,35,3,19,32.81144496961512,0.6446428571428571,42.88194444444444,1028.4722222222222,29.384920634920633,0
2787,4,0,0,38,0.0,0.0,1.0,38,1450,1200,250,0.8275862068965517,17,12,5,390.0363033603093,0.42834281650071127,0.18698185608034512,0.23423261245043422,132278.9137517146,2718.715706447178,134997.62945816177,1497,13,216.8421052631579,35,3,19,32.793279327932794,0.6452380952380952,42.82407407407407,1028.703703703703,29.39153439153437,0
2788,4,0,1,37,0.0,0.02631578947368421,0.9736842105263158,38,1450,1000,450,0.6896551724137931,19,10,9,391.9590670733586,0.42826872925557136,0.1940538368822815,0.2363234375115942,132428.63520408171,2781.374445354277,135210.009649436,1498,14,217.8421052631579,34,4,19,32.59262472048731,0.6488970588235294,42.67857142857143,1029.285714285715,30.273109243697498,0
2789,4,0,0,37,0.0,0.0,1.0,37,1050,900,150,0.8571428571428571,12,9,3,390.09069867303435,0.42608233233233234,0.16981544651447567,0.23634907037248568,132612.50000000012,2946.18055555557,135558.68055555568,1499,15,210.2972972972973,34,3,19,32.45516450916936,0.6507352941176471,42.50000000000001,1030.000000000001,30.29411764705885,0
2790,4,0,0,37,0.0,0.0,1.0,37,1000,700,300,0.7,13,7,6,386.46167741788616,0.42476851851851855,0.16656395809490254,0.23485790539600299,132725.7764944489,2858.6852441272467,135584.46173857612,1500,16,211.2972972972973,35,2,18,32.43440881350856,0.649702380952381,42.390046296296305,1030.4398148148161,29.441137566137606,0
2791,4,0,0,37,0.0,0.0,1.0,37,950,700,250,0.7368421052631579,12,7,5,384.19375269746365,0.42464339339339335,0.1594366966629741,0.23385135801578372,132785.41512613607,2803.0653881601615,135588.48051429624,1501,17,212.2972972972973,35,2,18,32.43273909788508,0.6502976190476191,42.33217592592593,1030.671296296297,29.447751322751344,0
2792,4,0,0,37,0.0,0.0,1.0,37,650,600,50,0.9230769230769231,7,6,1,386.79127451613255,0.4246121121121121,0.16214395601394616,0.23580765791342848,132845.0671537422,2876.6625675154205,135721.7297212576,1502,18,213.2972972972973,35,2,18,32.30570057258336,0.6508928571428572,42.27430555555555,1030.902777777777,29.454365079365054,0
2793,4,0,0,37,0.0,0.0,1.0,37,1100,700,400,0.6363636363636364,15,7,8,388.9295610588033,0.4234234234234234,0.16056680628558095,0.23786899921722673,132964.41139671204,2942.758032193062,135907.1694289051,1503,19,214.2972972972973,35,2,18,32.13034919388023,0.6520833333333333,42.15856481481481,1031.36574074074,29.46759259259257,0
2794,4,0,0,37,0.0,0.0,1.0,37,1350,1100,250,0.8148148148148148,16,11,5,387.41547947331486,0.4226413913913914,0.16069468616024585,0.23751180082703777,133053.95474322705,2909.432334533608,135963.38707776065,1504,20,215.2972972972973,35,2,18,32.07921995363098,0.6529761904761905,42.07175925925926,1031.712962962963,29.47751322751323,0
2795,4,0,0,37,0.0,0.0,1.0,37,800,700,100,0.875,9,7,2,387.0013076073052,0.4226413913913914,0.16182868229979874,0.23744780848720748,133083.8092233581,2900.721638160141,135984.53086151826,1505,21,216.2972972972973,35,2,18,32.05984763507197,0.6532738095238095,42.04282407407407,1031.828703703703,29.480820105820086,0
2796,4,0,0,37,0.0,0.0,1.0,37,1350,1200,150,0.8888888888888888,15,12,3,389.16341931062755,0.42160910910910915,0.16396214579867463,0.2395409618241188,133203.26063368033,2967.5672743055306,136170.82790798586,1506,22,217.2972972972973,35,2,18,31.883829465186675,0.6544642857142857,41.92708333333332,1032.291666666665,29.49404761904757,0
2797,4,0,0,37,0.0,0.0,1.0,37,1150,800,350,0.6956521739130435,15,8,7,387.72547205855733,0.4219219219219219,0.1598594109804874,0.23884745930679085,133233.13185871052,2931.5757887517093,136164.70764746223,1507,23,218.2972972972973,35,2,18,31.890881913303424,0.6547619047619048,41.898148148148145,1032.4074074074072,29.49735449735449,0
2798,4,0,0,37,0.0,0.0,1.0,37,1050,800,250,0.7619047619047619,13,8,5,386.1260717747038,0.4214527027027027,0.16212581108344382,0.2382445928336036,133292.8843557099,2893.5715663580268,136186.45592206792,1508,24,219.2972972972973,35,2,18,31.872057834566252,0.6553571428571429,41.84027777777778,1032.638888888889,29.503968253968253,0
2799,4,0,0,37,0.0,0.0,1.0,37,1550,1200,350,0.7741935483870968,19,12,7,384.9615140173716,0.42104604604604606,0.1589825119236885,0.23809989692342654,133382.5382185572,2869.428771219149,136251.96698977635,1509,25,220.2972972972973,35,2,18,31.811974789915965,0.65625,41.75347222222223,1032.9861111111118,29.513888888888907,0
2800,4,0,0,37,0.0,0.0,1.0,37,1400,900,500,0.6428571428571429,19,9,10,413.82051886580064,0.42057682682682684,0.16222709975713334,0.23464863753671134,130075.0012014609,3425.6416886266925,133500.6428900876,1510,26,221.2972972972973,33,4,18,34.42205269902289,0.6275252525252526,44.975490196078425,1020.0980392156856,30.912061794414715,8
2801,4,0,0,37,0.0,0.0,1.0,37,1400,1000,400,0.7142857142857143,18,10,8,410.6577730421021,0.42020145145145144,0.1559578548412741,0.2337914280018911,130231.31315179245,3296.1002078527317,133527.41335964517,1511,27,222.2972972972973,33,4,19,34.34323348141032,0.6291035353535354,44.82230392156862,1020.7107843137244,30.93062982768862,0
2802,4,1,2,36,0.02631578947368421,0.05263157894736842,0.9473684210526316,38,1100,700,400,0.6363636363636364,15,7,8,406.8186302511584,0.42262328117591275,0.15715003708175757,0.23398202129716628,130627.42524092949,3028.3340419500873,133655.75928287956,1512,0,217.42105263157896,34,4,17,34.037644113194354,0.6308210784313726,44.434523809523796,1022.261904761903,30.066526610644207,0
2803,4,2,3,35,0.05263157894736842,0.07894736842105263,0.9210526315789473,38,1200,700,500,0.5833333333333334,17,7,10,409.1228924572343,0.4272166903745851,0.15102788395569977,0.2362354766124026,130779.59183673441,3100.984977324233,133880.57681405864,1513,0,214.42105263157896,34,4,17,33.82385746430788,0.6323529411764706,44.28571428571427,1022.8571428571406,30.084033613445314,0
2804,4,0,1,34,0.0,0.02857142857142857,0.9714285714285714,35,900,700,200,0.7777777777777778,11,7,4,431.5852130309523,0.418312324929972,0.155955416332775,0.24674594832469304,130395.54172092007,4255.357530381936,134650.899251302,1514,30,231.31428571428572,31,4,19,33.64142444331124,0.635752688172043,44.66145833333333,1021.3541666666661,32.946908602150515,0
2805,4,1,0,35,0.02857142857142857,0.0,1.0,35,850,600,250,0.7058823529411765,11,6,5,419.30864197530894,0.4219187675070028,0.16014814814814837,0.24190883190883186,130746.38429752058,3964.6177685950315,134711.00206611562,1515,0,229.25714285714287,32,3,19,33.59722222222223,0.63671875,44.31818181818181,1022.7272727272721,31.960227272727252,0
2806,4,0,0,35,0.0,0.0,1.0,35,1100,900,200,0.8181818181818182,13,9,4,420.55124865651663,0.42128851540616247,0.1592002961865977,0.2432353153364564,130843.25140610656,4005.2585514233306,134848.5099575299,1516,1,230.25714285714287,32,3,19,33.466771566086635,0.6376953125,44.22348484848485,1023.1060606060609,31.9720643939394,0
2807,4,0,0,35,0.0,0.0,1.0,35,1050,500,550,0.47619047619047616,16,5,11,419.04699811144076,0.42058823529411765,0.15243734799619335,0.2429753195058183,130940.15438475672,3974.0157254361884,134914.1701101929,1517,2,231.25714285714287,32,3,19,33.406581544534916,0.638671875,44.12878787878788,1023.484848484849,31.98390151515153,0
2808,4,1,0,36,0.027777777777777776,0.0,1.0,36,1500,1200,300,0.8,18,12,6,412.10634496266255,0.42313161375661373,0.15028558145712978,0.24157460235547806,131359.5300635573,3626.8191621011147,134986.3492256584,1518,0,225.80555555555554,33,3,20,33.157875074716074,0.6404671717171717,43.71936274509804,1025.1225490196077,31.06431966726084,0
2809,4,0,0,36,0.0,0.0,1.0,36,450,200,250,0.4444444444444444,7,2,5,398.99640919187254,0.4224206349206349,0.13796385671385725,0.21987248932062758,128952.32602845058,3094.3917303440976,132046.71775879466,1519,1,226.80555555555554,33,3,18,35.94705196267697,0.6161616161616161,46.07843137254902,1015.6862745098038,30.778371954842537,8
2810,4,0,0,36,0.0,0.0,1.0,36,1150,1000,150,0.8695652173913043,13,10,3,403.43685837310954,0.42180886243386245,0.1471133882526292,0.22354767803640233,129170.2428903546,3222.4073973952245,132392.65028774983,1520,2,227.80555555555554,33,3,19,35.61118645770544,0.6183712121212122,45.86397058823529,1016.5441176470582,30.804367201426007,0
2811,4,0,1,35,0.0,0.027777777777777776,0.9722222222222222,36,750,500,250,0.6666666666666666,10,5,5,403.5482316060324,0.4217592592592592,0.14648251603558848,0.22433271260086898,129297.68207644633,3235.5739451073387,132533.25602155368,1521,3,228.80555555555554,32,4,19,35.47796399751707,0.6220703125,45.73863636363637,1017.045454545455,31.782670454545467,0
2812,4,1,0,36,0.027777777777777776,0.0,1.0,36,1050,900,150,0.8571428571428571,12,9,3,399.76623381457625,0.42303240740740744,0.14108685766257367,0.2236859918977745,129554.63927469142,3158.314043209883,132712.9533179013,1522,0,222.55555555555554,32,4,19,35.31150522964983,0.6246744791666667,45.486111111111114,1018.0555555555561,31.81423611111113,0
2813,4,1,0,37,0.02702702702702703,0.0,1.0,37,1200,700,500,0.5833333333333334,17,7,10,388.5541317158461,0.425269019019019,0.1375070670574401,0.21926684312160175,129887.5507617263,2693.6689013840914,132581.2196631104,1523,0,217.51351351351352,33,4,20,35.257373567363956,0.6256313131313131,45.1593137254902,1019.3627450980396,30.889780154486047,0
2814,4,2,2,37,0.05128205128205128,0.05128205128205128,0.9487179487179487,39,650,400,250,0.6153846153846154,9,4,5,374.13868303399755,0.43080859199280247,0.14387869225383132,0.21459279672531145,130520.50053884827,1968.1756084269227,132488.6761472752,1524,0,207.30769230769232,32,7,17,34.98136249433667,0.6344401041666667,44.539141414141426,1021.8434343434359,31.93260732323237,0
2815,4,1,1,37,0.02631578947368421,0.02631578947368421,0.9736842105263158,38,1450,1300,150,0.896551724137931,16,13,3,377.79658009679235,0.42875770507349453,0.13393966195607643,0.2166908378967642,130520.50053884815,2262.039747219681,132782.54028606784,744,0,173.6315789473684,32,6,17,34.88791754190865,0.6344401041666667,44.53914141414142,1021.843434343435,31.932607323232343,0
2816,4,0,0,37,0.0,0.0,1.0,37,850,600,250,0.7058823529411765,11,6,5,389.3126575046657,0.4258008008008008,0.1355072563639621,0.22257787794946057,130395.54172092018,2752.9269748263937,133148.4686957466,745,2,179.32432432432432,31,6,23,34.72080571137175,0.635752688172043,44.661458333333336,1021.3541666666671,32.94690860215055,0
2817,4,0,0,37,0.0,0.0,1.0,37,1300,900,400,0.6923076923076923,17,9,8,387.62400097367015,0.42520645645645644,0.13689103115854695,0.22275610597681644,130595.1012505426,2724.3591308593795,133319.460381402,746,3,180.32432432432432,31,6,17,34.56104033970276,0.637768817204301,44.466145833333336,1022.1354166666672,32.97211021505378,0
2818,4,0,0,37,0.0,0.0,1.0,37,600,200,400,0.3333333333333333,10,2,8,387.62400097367015,0.42520645645645644,0.13689103115854695,0.22275610597681644,130595.1012505426,2724.3591308593795,133319.460381402,747,4,181.32432432432432,31,6,17,34.56104033970276,0.637768817204301,44.466145833333336,1022.1354166666672,32.97211021505378,0
2819,4,1,1,37,0.02631578947368421,0.02631578947368421,0.9736842105263158,38,900,600,300,0.6666666666666666,12,6,6,378.6984467594619,0.4269203413940256,0.13350663006016705,0.22013374227759688,131037.09323347113,2324.708735078063,133361.80196854917,748,0,177.52631578947367,32,6,20,34.34070168948084,0.6396484375,44.034090909090914,1023.8636363636367,31.995738636363647,0
2820,4,0,0,37,0.0,0.0,1.0,37,1550,1300,250,0.8387096774193549,18,13,5,391.44047815529575,0.4244557057057057,0.1362318940235232,0.22709325452241935,130961.35669284406,2852.7152167426307,133814.0719095867,749,1,183.16216216216216,31,6,20,34.09142708730865,0.6414650537634409,44.10807291666667,1023.567708333334,33.01831317204304,0
2821,4,0,1,36,0.0,0.02702702702702703,0.972972972972973,37,1450,1200,250,0.8275862068965517,17,12,5,395.5760258744444,0.42345470470470475,0.13179673756596832,0.2305253392164863,131134.06795224964,2974.6986914600384,134108.76664370968,750,2,184.16216216216216,32,5,20,33.810250246548314,0.640625,43.93939393939393,1024.242424242423,32.00757575757572,0
2822,4,0,1,35,0.0,0.027777777777777776,0.9722222222222222,36,1300,1000,300,0.7692307692307693,16,10,6,406.4932954840635,0.4212466931216931,0.135837006894993,0.2364395913969432,131061.33355034718,3455.110677083328,134516.4442274305,751,3,190.02777777777777,31,5,20,33.60461173279077,0.6424731182795699,44.010416666666664,1023.9583333333329,33.03091397849461,0
2823,4,0,0,35,0.0,0.0,1.0,35,1250,1100,150,0.88,14,11,3,406.0767990028815,0.41939775910364147,0.11707565162110689,0.23640222236548195,131094.6676466199,3646.9006008571955,134741.5682474771,752,4,186.77142857142857,31,4,21,33.58139966094513,0.6428091397849462,43.97786458333333,1024.0885416666658,33.0351142473118,0
2824,4,0,0,35,0.0,0.0,1.0,35,950,600,350,0.631578947368421,13,6,7,409.35899494671673,0.4190126050420168,0.11696857670979677,0.23916114067621355,131231.07854109272,3744.1244834710724,134975.2030245638,753,5,187.77142857142857,32,3,21,33.35874922982131,0.6416015625,43.84469696969697,1024.621212121212,32.019412878787875,0
2825,4,0,0,35,0.0,0.0,1.0,35,1100,800,300,0.7272727272727273,14,8,6,409.6296164947829,0.419187675070028,0.11382806449341643,0.23952117921265556,131263.42337516588,3753.877155392309,135017.3005305582,754,6,188.77142857142857,32,3,21,33.31895843601115,0.6419270833333333,43.813131313131315,1024.7474747474753,32.0233585858586,0
2826,4,0,0,35,0.0,0.0,1.0,35,1050,700,350,0.6666666666666666,14,7,7,409.55919881174816,0.41929271708683474,0.11301149263450627,0.23968219298882174,131295.7721948015,3754.6782534945364,135050.45044829603,755,7,189.77142857142857,32,3,21,33.28790398751591,0.6422526041666667,43.781565656565654,1024.873737373737,32.02730429292928,0
2827,4,0,1,34,0.0,0.02857142857142857,0.9714285714285714,35,600,500,100,0.8333333333333334,7,5,2,409.39179439813705,0.41939775910364147,0.11242816508968434,0.2404566124137985,131434.91753472228,3761.6873039103198,135196.6048386326,756,8,190.77142857142857,29,6,21,33.15090410402276,0.6519396551724138,43.645833333333336,1025.416666666667,35.35919540229886,0
2828,4,0,0,34,0.0,0.0,1.0,34,850,500,350,0.5882352941176471,12,5,7,411.2590901964638,0.4190805109922757,0.10779094490135654,0.2418095045982175,131475.43640177045,4014.093671555038,135489.5300733255,757,9,192.88235294117646,28,6,21,33.06189875782198,0.6555059523809523,43.606321839080465,1025.5747126436788,36.627668308702816,0
2829,4,0,0,34,0.0,0.0,1.0,34,800,500,300,0.625,11,5,6,409.60266459524996,0.41818924539512775,0.1088400065908719,0.24130057963779572,131549.12306777644,3976.574266745939,135525.69733452238,758,10,193.88235294117646,28,6,21,33.0295868347339,0.65625,43.53448275862069,1025.8620689655172,36.637931034482754,0
2830,4,0,0,34,0.0,0.0,1.0,34,1000,800,200,0.8,12,8,4,409.01113939082,0.4181706773618538,0.10778549134899684,0.24165149451353404,131659.69177318664,3970.056108799045,135629.74788198568,759,11,194.88235294117646,28,6,20,32.93259134817305,0.6573660714285714,43.42672413793103,1026.2931034482756,36.6533251231527,0
2831,4,0,0,34,0.0,0.0,1.0,34,900,700,200,0.7777777777777778,11,7,4,407.57007327472866,0.41824494949494945,0.10334252665376886,0.24126662581175928,131733.43004772748,3938.1207474567186,135671.5507951842,760,12,195.88235294117646,28,6,20,32.8947982271985,0.6581101190476191,43.35488505747126,1026.5804597701142,36.66358784893265,0
2832,4,0,0,34,0.0,0.0,1.0,34,900,700,200,0.7777777777777778,11,7,4,404.82950764537384,0.417706476530006,0.10157510122123847,0.24034230237949616,131844.07616594006,3874.874488043343,135718.9506539834,761,13,196.88235294117646,28,6,20,32.853012497668345,0.6592261904761905,43.24712643678161,1027.011494252874,36.67898193760264,0
2833,4,0,0,34,0.0,0.0,1.0,34,1000,700,300,0.7,13,7,6,400.29411180198326,0.4167409387997623,0.08254906839570841,0.21947913169606734,128752.494962249,3517.7645349803847,132270.2594972294,762,14,197.88235294117646,32,2,16,36.11880028199386,0.6165364583333333,46.27525252525254,1014.8989898989919,31.715593434343496,8
2834,4,0,0,34,0.0,0.0,1.0,34,1250,900,350,0.72,16,9,7,358.7451846024096,0.41625816993464054,0.07069337612749749,0.19357671636160478,128114.39909297049,2392.084750566894,130506.48384353738,763,15,198.88235294117646,34,0,23,37.825092113515225,0.6053921568627452,46.904761904761905,1012.3809523809521,29.77591036414565,8
2835,4,0,0,34,0.0,0.0,1.0,34,1350,1000,350,0.7407407407407407,17,10,7,358.89930455660215,0.415274064171123,0.07456864643243533,0.1941062730926544,128206.57920030758,2402.6539659981618,130609.23316630574,764,16,199.88235294117646,33,1,23,37.726887705711505,0.6085858585858586,46.81372549019608,1012.7450980392157,30.68924539512775,0
2836,4,0,0,34,0.0,0.0,1.0,34,1000,700,300,0.7,13,7,6,358.22938659622326,0.41499554367201424,0.07657022881747966,0.19389429470974362,128237.60880730968,2387.695988321796,130625.30479563147,765,17,200.88235294117646,33,1,23,37.71211433756804,0.6089015151515151,46.783088235294116,1012.8676470588234,30.692959001782526,0
2837,4,0,1,33,0.0,0.029411764705882353,0.9705882352941176,34,1150,1000,150,0.8695652173913043,13,10,3,356.5214720643604,0.41518122400475344,0.0699272088174816,0.19326970554466014,128299.67928501061,2348.3181048154643,130647.99738982608,766,18,201.88235294117646,33,1,23,37.69190254425224,0.6095328282828283,46.7218137254902,1013.1127450980396,30.70038621509211,0
2838,4,0,0,33,0.0,0.0,1.0,33,850,500,350,0.5882352941176471,12,5,7,365.16866101842953,0.413510101010101,0.06876239025771724,0.198139182195598,128336.36435376486,2772.883666207518,131109.24801997238,767,19,204.0,32,1,24,37.43535825545172,0.6123046875,46.685606060606055,1013.2575757575753,31.664299242424228,0
2839,4,1,0,34,0.029411764705882353,0.0,1.0,34,1150,900,250,0.782608695652174,14,9,5,356.91848428757567,0.417929292929293,0.06419857470709056,0.1953025863461226,128672.41753472206,2385.1128472222017,131057.53038194426,768,0,198.97058823529412,33,1,17,37.30107802874744,0.6133207070707071,46.35416666666666,1014.583333333332,30.744949494949456,0
2840,4,0,0,34,0.0,0.0,1.0,34,850,700,150,0.8235294117647058,10,7,3,357.7987274346026,0.41779931669637554,0.0607767376450703,0.19624430864989248,128765.68657487485,2414.439758746612,131180.12633362148,769,1,199.97058823529412,33,1,17,37.183550672140385,0.6142676767676767,46.26225490196077,1014.9509803921553,30.7560903149138,0
2841,4,0,0,34,0.0,0.0,1.0,34,500,300,200,0.6,7,3,4,367.0718672050649,0.41752079619726673,0.13780444619319265,0.18884117049950883,126178.8415748933,2481.377528644066,128660.21910353737,770,2,200.97058823529412,30,4,25,39.60395763656635,0.5954861111111112,48.823924731182814,1004.7043010752709,33.4901433691757,8
2842,4,1,0,35,0.02857142857142857,0.0,1.0,35,750,500,250,0.6666666666666666,10,5,5,408.0048016154729,0.4207983193277311,0.233362798333123,0.2038479510405633,124968.43633621564,3197.544415110697,128165.98075132634,771,0,196.2,32,3,20,39.83273351012332,0.5777994791666667,50.031565656565654,999.873737373737,31.24605429292928,8
2843,4,2,0,37,0.05405405405405406,0.0,1.0,37,1000,800,200,0.8,12,8,4,390.85843930517404,0.4271771771771771,0.23726530268586332,0.19915168097930283,125782.47070312491,2432.6399948825224,128215.11069800744,772,0,186.54054054054055,31,6,21,39.41675320179993,0.5887096774193548,49.21874999999999,1003.1249999999993,32.358870967741915,0
2844,4,1,0,38,0.02631578947368421,0.0,1.0,38,1100,900,200,0.8181818181818182,13,9,4,380.9482010701302,0.43043207681365575,0.2311725721368858,0.1956581379104523,126111.33015738803,2008.9194063258592,128120.24956371389,773,0,182.60526315789474,30,8,22,39.32518176546679,0.5947916666666666,48.89112903225806,1004.4354838709668,33.48118279569889,0
2845,4,2,1,39,0.05,0.025,0.975,40,650,500,150,0.7692307692307693,8,5,3,360.00951248513684,0.43424145299145295,0.23175862068965536,0.1877747457206648,126742.13927469129,1125.6751543209812,127867.81442901227,774,0,174.425,32,8,19,39.20114942528737,0.5960286458333333,48.263888888888886,1006.9444444444439,31.46701388888887,0
2846,4,3,0,42,0.07142857142857142,0.0,1.0,42,1200,700,500,0.5833333333333334,17,7,10,341.2513231239923,0.4355037746806039,0.24369730904132036,0.1813186430602722,127493.93449935132,301.9770207238759,127795.9115200752,775,0,167.02380952380952,33,9,19,38.90241374428669,0.6013257575757576,47.51838235294118,1009.9264705882363,30.603832442067766,0
2847,4,1,0,43,0.023255813953488372,0.0,1.0,43,1450,1000,450,0.6896551724137931,19,10,9,333.4104716609745,0.4372231450719823,0.2439944378750054,0.1788292529817953,127873.46938775503,-73.12925170068868,127800.34013605434,776,0,164.11627906976744,34,9,20,38.712335216572484,0.6029411764705883,47.14285714285714,1011.4285714285709,29.74789915966385,0
2848,4,3,1,45,0.06521739130434782,0.021739130434782608,0.9782608695652174,46,1900,1500,400,0.7894736842105263,23,15,8,310.5580063337616,0.44453502415458934,0.24388149834556927,0.17048537570600028,128800.98637488835,-1199.6775017226255,127601.30887316572,777,0,154.34782608695653,36,10,20,38.34636861178909,0.6082175925925926,46.22747747747748,1015.0900900900897,28.196946946946937,0
2849,4,1,1,45,0.021739130434782608,0.021739130434782608,0.9782608695652174,46,1350,1100,250,0.8148148148148148,16,11,5,309.224389260623,0.4457830112721417,0.24622577846331817,0.17048924151166386,128972.51136271411,-1223.7107884911934,127748.80057422291,778,0,155.2173913043478,36,10,21,38.20606984478934,0.6099537037037037,46.05855855855856,1015.7657657657661,28.215715715715724,0
2850,4,0,1,44,0.0,0.022222222222222223,0.9777777777777777,45,950,700,250,0.7368421052631579,12,7,5,308.76908960561553,0.4458333333333333,0.22547809917864203,0.17060768496702206,129058.31665702868,-1030.1562119551973,128028.16044507349,458,1,142.37777777777777,36,9,21,38.130564483357325,0.6108217592592593,45.9740990990991,1016.1036036036039,28.225100100100107,0
2851,4,0,0,44,0.0,0.0,1.0,44,1250,1000,250,0.8,15,10,5,318.52189429235636,0.4458025017618041,0.22937090062768872,0.17599651268829963,129058.31665702868,-578.4201008440865,128479.8965561846,459,2,146.52272727272728,36,8,21,37.882817983671345,0.6108217592592593,45.9740990990991,1016.1036036036039,28.225100100100107,0
2852,4,1,0,45,0.022222222222222223,0.0,1.0,45,900,600,300,0.6666666666666666,12,6,6,310.87274206988866,0.44574915824915823,0.23053753651227216,0.17277917675952634,129289.65627411255,-961.3154865521631,128328.34078756039,460,0,144.24444444444444,35,10,22,37.84248036872651,0.6151785714285714,45.74652777777777,1017.0138888888881,29.05753968253966,0
2853,4,0,1,44,0.0,0.022222222222222223,0.9777777777777777,45,1050,800,250,0.7619047619047619,13,8,5,311.2581392910811,0.4451809764309764,0.23429654910883602,0.1733814350043473,129377.95380015428,-946.0117669753081,128431.94203317897,461,1,145.24444444444444,35,10,22,37.74317406143345,0.6160714285714286,45.65972222222222,1017.3611111111109,29.06746031746031,0
2854,4,1,0,45,0.022222222222222223,0.0,1.0,45,1700,1400,300,0.8235294117647058,20,14,6,310.14569862572495,0.44543350168350165,0.23444861253205018,0.17366974607323396,129584.09857521016,-962.0098433213171,128622.08873188884,462,0,145.9777777777778,35,10,18,37.562639725664035,0.6181547619047619,45.45717592592593,1018.1712962962971,29.09060846560849,0
2855,4,0,0,45,0.0,0.0,1.0,45,1100,700,400,0.6363636363636364,15,7,8,309.2374062345375,0.44503367003367006,0.22624059770811256,0.17407456038931376,129790.40745027432,-972.7902091906794,128817.61724108364,463,1,146.9777777777778,35,10,18,37.37694987127062,0.6202380952380953,45.254629629629626,1018.9814814814812,29.113756613756607,0
2856,4,0,1,44,0.0,0.022222222222222223,0.9777777777777777,45,1250,1000,250,0.8,15,10,5,309.17897172189015,0.44488636363636364,0.2260781790193549,0.17430409891056117,129849.38298396781,-970.6602580589852,128878.72272590882,464,2,147.9777777777778,35,10,20,37.31877886289651,0.6208333333333333,45.19675925925926,1019.2129629629634,29.12037037037038,0
2857,4,1,5,40,0.022222222222222223,0.1111111111111111,0.8888888888888888,45,950,700,250,0.7368421052631579,12,7,5,309.9066046777567,0.4452020202020202,0.23126517995142426,0.17566545839619022,130061.4867401185,-938.6172490057619,129122.86949111274,465,0,148.73333333333332,36,9,21,37.085771325531745,0.6209490740740741,44.98873873873874,1020.0450450450451,28.334584584584587,0
2858,4,1,1,40,0.024390243902439025,0.024390243902439025,0.975609756097561,41,850,700,150,0.8235294117647058,10,7,3,331.89189207921174,0.44090447154471546,0.2387910973558185,0.1878914507403539,130012.50270328735,430.0191032295444,130442.52180651689,466,0,151.3170731707317,33,8,22,36.57474164864215,0.6268939393939394,45.03676470588236,1019.8529411764719,30.904634581105206,0
2859,4,0,0,40,0.0,0.0,1.0,40,1600,1300,300,0.8125,19,13,6,332.9282746781393,0.440625,0.22349885913294099,0.18923506779828433,130168.77710796327,667.3732759034956,130836.15038386676,467,1,147.725,33,7,23,36.39003142388214,0.6284722222222222,44.88357843137255,1020.4656862745096,30.92320261437908,0
2860,4,0,2,38,0.0,0.05,0.95,40,1050,700,350,0.6666666666666666,14,7,7,331.671712897382,0.4407318376068376,0.2190569095929884,0.18882390271512617,130231.31315179268,638.8085411860927,130870.12169297878,468,2,148.725,33,7,23,36.35878156641452,0.6291035353535354,44.82230392156863,1020.7107843137262,30.930629827688673,0
2861,4,0,0,38,0.0,0.0,1.0,38,1250,900,350,0.72,16,9,7,346.2817903317894,0.44172297297297297,0.2065443655067749,0.19696347406535306,130196.13477918833,1416.910129123254,131613.0449083116,469,3,143.3421052631579,31,7,24,36.021625414646586,0.633736559139785,44.85677083333333,1020.5729166666663,32.9217069892473,0
2862,4,1,1,38,0.02564102564102564,0.02564102564102564,0.9743589743589743,39,1200,900,300,0.75,15,9,6,336.24765447002505,0.4407051282051282,0.20049211008825663,0.19350371416089476,130649.55305899892,986.121154729082,131635.674213728,470,0,140.64102564102564,32,7,19,35.81882178584659,0.6357421875,44.412878787878775,1022.3484848484836,31.948390151515113,0
2863,4,0,0,38,0.0,0.0,1.0,38,1000,500,500,0.5,15,5,10,345.5563972355489,0.439885609293504,0.2119480658833628,0.19824024894039374,130528.56445312488,1420.996093749985,131949.56054687485,471,5,145.3421052631579,31,7,19,35.7033639143731,0.6370967741935484,44.53124999999999,1021.8749999999991,32.963709677419324,0
2864,4,2,0,40,0.05,0.0,1.0,40,1650,1100,550,0.6666666666666666,22,11,11,325.5190905763501,0.44137286324786323,0.20448104747100326,0.1905049793205046,131296.72369100805,547.9180183102358,131844.6417093183,472,0,139.025,33,7,22,35.440207860018326,0.6398358585858586,43.78063725490195,1024.8774509803904,31.056892453951225,0
2865,4,0,1,39,0.0,0.025,0.975,40,1100,900,200,0.8181818181818182,13,9,4,351.7195895527457,0.44143963675213677,0.19105362667583314,0.18704794991022639,127530.03532503879,970.9623360339738,128500.99766107276,473,1,140.025,35,5,21,38.60110862839464,0.5973214285714286,47.4826388888889,1010.0694444444462,28.859126984127034,8
2866,4,2,1,40,0.04878048780487805,0.024390243902439025,0.975609756097561,41,1100,800,300,0.7272727272727273,14,8,6,349.0321597317484,0.44308943089430897,0.21519622603633448,0.18847736625514394,128144.53124999988,749.7432002314686,128894.27445023136,474,0,137.53658536585365,33,8,23,38.04012345679013,0.6079545454545454,46.87499999999999,1012.4999999999991,30.681818181818155,0
2867,4,0,1,39,0.0,0.025,0.975,40,1500,1100,400,0.7333333333333333,19,11,8,352.7454466317679,0.44185363247863246,0.21102007497883624,0.19152016403139108,128361.76478097352,1055.8056096212774,129417.5703905948,475,1,132.525,33,7,23,37.72410509130487,0.6101641414141414,46.66053921568626,1013.3578431372538,30.70781342840163,0
2868,4,0,0,39,0.0,0.0,1.0,39,1000,600,400,0.6,14,6,8,358.23232698270374,0.4409581646423752,0.2199782199782203,0.19499982056570347,128464.332800862,1404.0153747066438,129868.34817556865,476,2,136.53846153846155,32,7,20,37.48027981898951,0.6136067708333333,46.559343434343425,1013.762626262625,31.68008207070703,0
2869,4,0,0,39,0.0,0.0,1.0,39,850,700,150,0.8235294117647058,10,7,3,362.9901671257028,0.4407613585245164,0.20077689400946053,0.19388337183539808,127705.45488522365,1471.1648823302337,129176.61976755389,477,3,137.53846153846155,35,4,18,38.13659395396772,0.5991071428571428,47.30902777777777,1010.7638888888879,28.878968253968225,8
2870,4,1,0,40,0.025,0.0,1.0,40,1300,900,400,0.6923076923076923,17,9,8,355.122328508611,0.4437767094017094,0.20206131078224132,0.19122135208549357,128030.53634293082,1093.300437261591,129123.83678019242,478,0,135.075,36,4,19,38.00257779755944,0.6004050925925926,46.987612612612615,1012.04954954955,28.1124874874875,0
2871,4,1,0,41,0.024390243902439025,0.0,1.0,41,1100,900,200,0.8181818181818182,13,9,4,349.2754040535832,0.44578252032520327,0.20263665124147034,0.18941716758710603,128315.61872260776,763.5486415469509,129079.16736415471,479,0,132.7560975609756,36,5,20,37.85914749360897,0.6032986111111112,46.70608108108108,1013.1756756756758,28.143768768768773,0
2872,4,0,1,40,0.0,0.024390243902439025,0.975609756097561,41,1550,1200,350,0.7741935483870968,19,12,7,354.4565203387865,0.445604674796748,0.20127234598273525,0.1929152113718112,128458.27880245114,906.5749026053102,129364.85370505645,480,1,133.7560975609756,36,5,16,37.58215766866621,0.6047453703703703,46.56531531531532,1013.7387387387391,28.15940940940942,0
2873,4,1,1,40,0.024390243902439025,0.024390243902439025,0.975609756097561,41,1100,700,400,0.6363636363636364,15,7,8,356.77261617066654,0.445655487804878,0.2135825066065935,0.1950126047612479,128629.57552146743,978.3020351432535,129607.87755661068,481,0,134.70731707317074,36,5,18,37.34851428359977,0.6064814814814814,46.3963963963964,1014.4144144144145,28.178178178178182,0
2874,4,0,1,39,0.0,0.025,0.975,40,1400,900,500,0.6428571428571429,19,9,10,355.7310308431366,0.44505876068376066,0.19145225684817535,0.19570632734060806,128886.7346020008,1169.802192395113,130056.53679439591,482,1,135.825,36,4,18,37.11253742930021,0.6090856481481481,46.143018018018026,1015.4279279279292,28.206331331331366,0
2875,4,0,1,38,0.0,0.02564102564102564,0.9743589743589743,39,1500,1100,400,0.7333333333333333,19,11,8,364.6227635689755,0.441689158794422,0.19038264209852462,0.20025712331017423,128819.24518014827,1594.0858356910144,130413.33101583929,483,2,140.2051282051282,35,4,19,36.95571105537188,0.6104166666666666,46.20949074074074,1015.1620370370366,29.00462962962962,0
2876,4,1,1,38,0.02564102564102564,0.02564102564102564,0.9743589743589743,39,1150,900,250,0.782608695652174,14,9,5,364.3392504930967,0.4411268556005398,0.1978698224852069,0.2006953498478922,128936.767578125,1595.3450520833337,130532.11263020833,484,0,140.94871794871796,35,4,21,36.84294871794872,0.6116071428571428,46.09375,1015.625,29.017857142857142,0
2877,4,2,0,40,0.05,0.0,1.0,40,1100,800,300,0.7272727272727273,14,8,6,350.50845088469293,0.44464476495726496,0.19315699658703078,0.19524520172854554,129377.9538001542,1069.8845003857862,130447.83830053998,485,0,137.825,35,5,23,36.74488054607507,0.6160714285714286,45.659722222222214,1017.3611111111102,29.06746031746029,0
2878,4,0,2,38,0.0,0.05,0.95,40,1400,1000,400,0.7142857142857143,18,10,8,341.19919364696545,0.4441239316239316,0.08269897130481896,0.18437533957458882,128172.28768707668,761.0443972076761,128933.33208428435,486,1,138.825,37,3,19,38.2100478253023,0.5999436936936937,46.84758771929824,1012.6096491228061,27.367828354670436,8
2879,4,4,3,39,0.09523809523809523,0.07142857142857142,0.9285714285714286,42,1150,800,350,0.6956521739130435,15,8,7,322.12512180310927,0.4460535230352303,0.1121802656456119,0.17805025389216644,129072.27143441407,-84.51576855707464,128987.755665857,487,0,131.35714285714286,40,2,18,37.77711104443777,0.60390625,45.96036585365854,1016.1585365853662,25.403963414634156,0
2880,4,1,0,40,0.025,0.0,1.0,40,1250,900,350,0.72,16,9,7,335.37567976711466,0.44417735042735046,0.127787713023354,0.18470922432596695,128929.98598327112,647.9963383008162,129577.98232157194,488,0,138.825,38,2,19,37.58525317343434,0.6058114035087719,46.100427350427346,1015.5982905982896,26.72627080521815,0
2881,4,1,0,41,0.024390243902439025,0.0,1.0,41,1050,700,350,0.6666666666666666,14,7,7,326.18919645256676,0.4457317073170732,0.13074770091963273,0.18088673621460505,129201.38888888876,229.10480130030447,129430.49369018906,489,0,136.41463414634146,38,3,20,37.54269125683062,0.6085526315789473,45.83333333333333,1016.6666666666656,26.754385964912252,0
2882,4,0,1,40,0.0,0.024390243902439025,0.975609756097561,41,750,500,250,0.6666666666666666,10,5,5,327.54121640592876,0.445630081300813,0.1287009466018172,0.18188665681164676,129255.70371283496,267.3140843012444,129523.01779713621,490,1,137.41463414634146,38,3,20,37.45315892694543,0.6091008771929824,45.77991452991452,1016.8803418803406,26.760008996851067,0
2883,4,1,0,41,0.024390243902439025,0.0,1.0,41,800,400,400,0.5,12,4,8,330.7078860522749,0.44375000000000003,0.13954477008020771,0.18440643482212296,129418.716670319,359.958041127882,129778.67471144689,491,0,138.17073170731706,38,3,21,37.20709960800781,0.6107456140350878,45.619658119658105,1017.5213675213656,26.776878092667516,0
2884,4,0,0,41,0.0,0.0,1.0,41,750,400,350,0.5333333333333333,11,4,7,332.3216566433139,0.44349593495934964,0.13672364125216085,0.18543431631678714,129445.8954840562,403.53488658773585,129849.43037064392,492,1,139.17073170731706,38,3,18,37.138451443569565,0.6110197368421053,45.5929487179487,1017.6282051282024,26.779689608636904,0
2885,4,1,0,42,0.023809523809523808,0.0,1.0,42,1200,900,300,0.75,15,9,6,330.0581476801833,0.4446743128145567,0.14005530644933595,0.18564110077400062,129757.97661675338,165.53548177082354,129923.51209852421,493,0,136.83333333333334,39,3,19,36.87943035817741,0.6124465811965811,45.28645833333333,1018.8541666666658,26.12446581196579,0
2886,4,1,1,42,0.023255813953488372,0.023255813953488372,0.9767441860465116,43,900,600,300,0.6666666666666666,12,6,6,326.7054863948535,0.4465669988925803,0.1426353499494839,0.18503477773469226,130029.26911891063,-103.74487738780726,129925.52424152281,494,0,134.62790697674419,40,3,20,36.689999335724714,0.6135416666666667,45.02032520325203,1019.9186991869913,25.49796747967478,0
2887,4,0,0,42,0.0,0.0,1.0,42,1400,1100,300,0.7857142857142857,17,11,6,331.8815441822038,0.44429926442121565,0.13906522870666338,0.1876827519352739,129970.32470703122,226.95041232638806,130197.27511935761,495,1,138.6904761904762,39,3,20,36.61773844791773,0.6145833333333333,45.078125,1019.6874999999998,26.14583333333333,0
2888,4,0,1,41,0.0,0.023809523809523808,0.9761904761904762,42,1350,900,450,0.6666666666666666,18,9,9,327.52754527626917,0.44387582268679826,0.13611346110835632,0.18585195703567658,130103.13042534712,122.471788194439,130225.60221354156,496,2,139.6904761904762,39,3,20,36.59425838949018,0.6159188034188035,44.947916666666664,1020.2083333333325,26.159188034188013,0
2889,4,0,0,41,0.0,0.0,1.0,41,1150,700,450,0.6086956521739131,16,7,9,338.5237846085603,0.4421239837398374,0.13713094718129049,0.19207151629394809,130099.04308431971,608.3240877712249,130707.36717209093,497,3,143.5609756097561,38,3,20,36.31793905120955,0.6175986842105263,44.95192307692309,1020.1923076923092,26.847165991902873,0
2890,4,0,0,41,0.0,0.0,1.0,41,750,500,250,0.6666666666666666,10,5,5,339.94897765497427,0.44199695121951216,0.1378785518564012,0.19315007052841554,130153.54624379087,649.112996749242,130802.65924054012,498,4,144.5609756097561,38,3,21,36.226355006456586,0.6181469298245614,44.89850427350429,1020.4059829059847,26.852789023841705,0
2891,4,1,0,42,0.023809523809523808,0.0,1.0,42,900,600,300,0.6666666666666666,12,6,6,335.6495155954631,0.4437427409988386,0.15320910973084878,0.1929984714673914,130617.28395061739,368.3712743809011,130985.65522499829,499,0,142.0952380952381,38,4,16,35.866734601449274,0.6228070175438596,44.44444444444445,1022.2222222222231,26.90058479532166,0
2892,4,0,0,42,0.0,0.0,1.0,42,1250,800,450,0.64,17,8,9,339.9740395332844,0.44371854432830043,0.1455942319907293,0.196520602840282,130821.45317925372,495.1795789930804,131316.6327582468,500,1,143.0952380952381,39,3,16,35.54977853579066,0.6231303418803419,44.24479166666668,1023.0208333333353,26.23130341880347,0
2893,4,0,1,41,0.0,0.023809523809523808,0.9761904761904762,42,1300,800,500,0.6153846153846154,18,8,10,345.3778038917265,0.44359756097560976,0.14678945761676987,0.20047416886261105,130981.34901258718,647.6101345486497,131628.9591471358,501,2,144.0952380952381,39,3,17,35.24992791967709,0.624732905982906,44.088541666666686,1023.6458333333363,26.247329059829138,0
2894,4,0,2,39,0.0,0.04878048780487805,0.9512195121951219,41,1200,900,300,0.75,15,9,6,347.6613777553573,0.44225101626016255,0.1481839651451602,0.20218365560724186,131054.4963109067,912.5173496968508,131967.01366060355,502,3,146.6829268292683,38,3,18,35.1175570395103,0.6271929824561404,44.017094017094024,1023.931623931625,26.945569050832237,0
2895,4,1,1,39,0.025,0.025,0.975,40,1550,1400,150,0.9032258064516129,17,14,3,355.83392404467014,0.440224358974359,0.1630338221128116,0.20765498765455032,131187.6746330601,1336.2050101954349,132523.87964325552,503,0,147.45,37,3,19,34.77369420956865,0.6303490990990991,43.88706140350877,1024.4517543859643,27.68788525367471,0
2896,4,0,1,38,0.0,0.02564102564102564,0.9743589743589743,39,950,700,250,0.7368421052631579,12,7,5,361.6311690005168,0.43876518218623484,0.16320707369750775,0.21054250005702294,131097.37059694823,1681.779076373667,132779.1496733219,504,1,151.97435897435898,36,3,19,34.71657136573566,0.6313657407407407,43.97522522522522,1024.0990990990986,28.447197197197184,0
2897,4,0,0,38,0.0,0.0,1.0,38,1400,900,500,0.6428571428571429,19,9,10,360.57906265380103,0.4365516832622096,0.15290575598243894,0.210719903088435,131241.5683208546,1864.5923372697016,133106.1606581243,505,2,147.55263157894737,36,2,20,34.59766641022824,0.6328125,43.83445945945946,1024.6621621621618,28.462837837837828,0
2898,4,0,0,38,0.0,0.0,1.0,38,1450,1100,350,0.7586206896551724,18,11,7,362.92134741265914,0.4355885490753912,0.1548380772452631,0.21306296996214402,131417.1157648536,1938.8438788944045,133355.959643748,506,3,148.55263157894737,35,3,20,34.36018455807654,0.6366071428571429,43.66319444444446,1025.347222222224,29.29563492063497,0
2899,4,0,0,38,0.0,0.0,1.0,38,1000,700,300,0.7,13,7,6,360.43402622085387,0.435099573257468,0.15477174107736147,0.2122297055491764,131530.20154867708,1881.592022766018,133411.7935714431,507,4,149.55263157894737,36,2,20,34.309702857979296,0.6357060185185186,43.55292792792793,1025.7882882882886,28.49411911911913,0
2900,4,0,1,37,0.0,0.02631578947368421,0.9736842105263158,38,1200,800,400,0.6666666666666666,16,8,8,359.5246273422689,0.4344327880512091,0.15635320200457192,0.21281990278260585,131732.43344696081,1872.210808781787,133604.6442557426,508,5,150.55263157894737,36,2,19,34.128866827555946,0.6377314814814814,43.35585585585587,1026.576576576579,28.516016016016085,0
2901,4,0,0,37,0.0,0.0,1.0,37,850,500,350,0.5882352941176471,12,5,7,366.8261486018905,0.4325888388388388,0.16802263776229776,0.21771561314679422,131832.8045294282,2271.943988983202,134104.7485184114,509,6,154.45945945945945,35,2,19,33.840137683609456,0.6407738095238096,43.258101851851855,1026.9675925925928,29.341931216931226,0
2902,4,0,0,37,0.0,0.0,1.0,37,1050,800,250,0.7619047619047619,13,8,5,367.7103241102039,0.4319632132132132,0.16649928455255614,0.21882722027771653,131934.82069485038,2302.7591358250256,134237.57983067541,510,7,155.45945945945945,36,1,19,33.714467097811394,0.6397569444444444,43.15878378378379,1027.364864864866,28.537912912912944,0
2903,4,2,2,37,0.05128205128205128,0.05128205128205128,0.9487179487179487,39,1100,1000,100,0.9090909090909091,12,10,2,354.47636611678445,0.4348009446693657,0.17950680200598157,0.2148704652664169,132629.89921932077,1604.4561876065334,134234.3554069273,511,0,148.43589743589743,36,3,19,33.35474290295544,0.6467013888888888,42.48310810810811,1030.0675675675684,28.61298798798801,0
2904,4,0,1,36,0.0,0.02702702702702703,0.972972972972973,37,1400,800,600,0.5714285714285714,20,8,12,367.9086660705735,0.43205705705705705,0.18601528090419372,0.22130227003863284,132340.06123944907,2337.8110796607557,134677.87231910983,512,1,156.86486486486487,36,1,20,33.30072781000329,0.6438078703703703,42.76463963963965,1028.9414414414427,28.581706706706743,0
2905,4,0,0,36,0.0,0.0,1.0,36,700,600,100,0.8571428571428571,8,6,2,374.41224373592564,0.4312334656084656,0.1838648158569376,0.2243191359132636,132189.63162562158,2698.6833151148903,134888.31494073648,513,2,161.11111111111111,35,1,20,33.28514818983306,0.6443452380952381,42.91087962962963,1028.3564814814815,29.381613756613756,0
2906,4,0,0,36,0.0,0.0,1.0,36,1250,800,450,0.64,17,8,9,373.462772001422,0.43096891534391535,0.17869109685808215,0.22410288013346646,132249.14969403725,2678.026807913237,134927.17650195048,514,3,162.11111111111111,35,1,20,33.24952646187313,0.6449404761904762,42.85300925925926,1028.5879629629633,29.388227513227523,0
2907,4,0,0,36,0.0,0.0,1.0,36,1050,600,450,0.5714285714285714,15,6,9,375.28796910026506,0.43029100529100534,0.17657697595826427,0.2264560410893225,132459.27047902485,2742.1578458093527,135201.4283248342,515,4,163.11111111111111,34,2,21,32.99072896187502,0.649203431372549,42.64880952380952,1029.4047619047612,30.276610644257683,0
2908,4,0,0,36,0.0,0.0,1.0,36,1350,700,650,0.5185185185185185,20,7,13,371.1112219552805,0.42979497354497354,0.1689624834636978,0.22466642275263335,132581.84700963713,2640.522250566894,135222.36926020402,516,5,164.11111111111111,34,2,21,32.97475243709784,0.6504289215686274,42.529761904761905,1029.880952380952,30.29061624649859,0
2909,4,0,0,36,0.0,0.0,1.0,36,750,500,250,0.6666666666666666,10,5,5,371.1112219552805,0.42979497354497354,0.1689624834636978,0.22466642275263335,132581.84700963713,2640.522250566894,135222.36926020402,517,6,165.11111111111111,34,2,21,32.97475243709784,0.6504289215686274,42.529761904761905,1029.880952380952,30.29061624649859,0
2910,4,0,0,36,0.0,0.0,1.0,36,850,700,150,0.8235294117647058,10,7,3,370.3442805477635,0.42868716931216927,0.16512630930375827,0.22511938851274152,132735.14739229015,2631.540532879802,135366.68792516994,518,7,166.11111111111111,34,2,20,32.84017829636474,0.6519607843137255,42.38095238095237,1030.4761904761897,30.308123249299697,0
2911,4,0,1,35,0.0,0.027777777777777776,0.9722222222222222,36,850,500,350,0.5882352941176471,12,5,7,367.49659090611226,0.42781084656084656,0.16637978346554894,0.22422326245148264,132874.89819101506,2566.214420438951,135441.112611454,519,8,167.11111111111111,35,1,20,32.772975602454714,0.6511904761904762,42.24537037037037,1031.0185185185182,29.45767195767195,0
2912,4,0,0,35,0.0,0.0,1.0,35,1050,700,350,0.6666666666666666,14,7,7,373.3753187928047,0.4252450980392157,0.1652545307630151,0.22826749376867073,132949.91673752817,2928.0435090702736,135877.96024659844,520,9,170.94285714285715,34,1,20,32.545980991958125,0.6541053921568627,42.17261904761904,1031.3095238095225,30.33263305322125,0
2913,4,1,0,36,0.027777777777777776,0.0,1.0,36,600,500,100,0.8333333333333334,7,5,2,366.35471004937494,0.42615740740740743,0.16484471353290764,0.22550156376331065,133203.26063368036,2559.9283854166433,135763.18901909702,521,0,167.16666666666666,35,1,21,32.47246047763202,0.6544642857142857,41.92708333333332,1032.2916666666652,29.494047619047574,0
2914,4,0,0,36,0.0,0.0,1.0,36,1450,1400,50,0.9655172413793104,15,14,1,363.1757822843577,0.42567791005291006,0.164633842628912,0.22426418721960692,133322.76562767898,2483.9199406292637,135806.68556830825,522,1,168.16666666666666,35,1,21,32.43455582950426,0.6556547619047619,41.81134259259258,1032.7546296296282,29.50727513227509,0
2915,4,0,1,35,0.0,0.027777777777777776,0.9722222222222222,36,1150,700,450,0.6086956521739131,16,7,9,362.25286160249755,0.4244047619047619,0.17092293906810063,0.22459677419354845,133472.22222222216,2470.222613383055,135942.44483560522,523,2,169.16666666666666,34,2,21,32.30846774193549,0.6593137254901961,41.666666666666664,1033.333333333333,30.39215686274509,0
2916,4,0,1,34,0.0,0.02857142857142857,0.9714285714285714,35,1050,800,250,0.7619047619047619,13,8,5,367.2624408375212,0.4242296918767507,0.16922899619684229,0.2271372914573892,133379.97626133784,2797.0911281179124,136177.06738945574,524,3,172.82857142857142,34,1,21,32.271618454919135,0.6583946078431373,41.75595238095238,1032.9761904761904,30.38165266106442,0
2917,4,0,0,34,0.0,0.0,1.0,34,1150,900,250,0.782608695652174,14,9,5,372.98387096774184,0.42316547831253715,0.16271347248576884,0.23125000000000012,133472.22222222228,3156.5972222222326,136628.8194444445,525,4,171.0,33,1,21,32.03125000000001,0.6616161616161615,41.66666666666667,1033.333333333334,31.313131313131333,0
2918,4,0,0,34,0.0,0.0,1.0,34,950,800,150,0.8421052631578947,11,8,3,371.35037390695675,0.422961229946524,0.15734054706529,0.23084628027154547,133570.09369260792,3120.2608471074363,136690.35453971536,526,5,172.0,32,2,21,31.975235128862824,0.6650390625,41.571969696969695,1033.7121212121212,32.30350378787879,0
2919,4,0,0,34,0.0,0.0,1.0,34,1100,800,300,0.7272727272727273,14,8,6,392.7302009082163,0.4226084373143197,0.1025281633812507,0.22942791024103584,131228.04641723633,3559.9930510157515,134788.03946825207,527,6,173.0,31,3,18,33.78778010759521,0.6441532258064516,43.84765625,1024.609375,33.05191532258065,8
2920,4,0,0,34,0.0,0.0,1.0,34,900,700,200,0.7777777777777778,11,7,4,395.4244662467255,0.4222370766488413,0.09857854970218294,0.2314041616228978,131294.76123385952,3583.4321763780295,134878.19341023755,528,7,174.0,31,3,18,33.65108732477872,0.6448252688172043,43.78255208333333,1024.869791666666,33.060315860215034,0
2921,4,0,0,34,0.0,0.0,1.0,34,1150,700,450,0.6086956521739131,16,7,9,395.0996875345301,0.4216800356506239,0.0982172876771692,0.23161726284135176,131361.49300469286,3580.176968044701,134941.66997273755,529,8,175.0,31,3,18,33.59173229179899,0.645497311827957,43.717447916666664,1025.130208333333,33.06871639784945,0
2922,4,1,0,35,0.02857142857142857,0.0,1.0,35,1050,900,150,0.8571428571428571,12,9,3,383.42034506960476,0.42146358543417367,0.09119393023991051,0.22764533480263974,131846.31191970204,3110.5116824813795,134956.82360218343,530,0,170.97142857142856,32,3,17,33.40043848864848,0.6477864583333333,43.244949494949495,1027.0202020202019,32.09438131313131,0
2923,4,0,0,35,0.0,0.0,1.0,35,850,500,350,0.5882352941176471,12,5,7,383.5006151948016,0.4217436974789916,0.08823250504873115,0.22788732685242588,131878.73247946633,3115.1150073971953,134993.84748686352,531,1,171.97142857142856,32,3,17,33.36560131120672,0.6481119791666667,43.213383838383834,1027.1464646464642,32.09832702020201,0
2924,4,0,0,35,0.0,0.0,1.0,35,700,300,400,0.42857142857142855,11,3,8,383.6301916384628,0.4213235294117647,0.0918134096455343,0.2283539772759453,131943.5855556831,3123.5086024385287,135067.09415812162,532,2,172.97142857142856,32,3,17,33.2967207406497,0.6487630208333333,43.150252525252526,1027.39898989899,32.10621843434344,0
2925,4,0,0,35,0.0,0.0,1.0,35,1000,600,400,0.6,14,6,8,378.83630698172084,0.4202731092436975,0.09410567322371799,0.22627339509451144,132073.33953486895,3006.835240026537,135080.17477489548,533,3,173.97142857142856,32,3,17,33.28880563403349,0.6500651041666667,43.0239898989899,1027.9040404040409,32.12200126262628,0
2926,4,0,0,35,0.0,0.0,1.0,35,900,700,200,0.7777777777777778,11,7,4,392.4707579524842,0.4204481792717087,0.16336259643522189,0.2181747381164432,129297.68207644638,3149.111857208455,132446.79393365484,534,4,174.97142857142856,32,3,18,35.75962135319675,0.6220703125,45.73863636363637,1017.0454545454553,31.782670454545478,8
2927,4,2,1,36,0.05405405405405406,0.02702702702702703,0.972972972972973,37,1300,900,400,0.6923076923076923,17,9,8,375.3958687540659,0.424486986986987,0.16493901958,0.21222875352333836,129958.94451530615,2357.2101757369646,132316.1546910431,535,0,166.45945945945945,34,3,17,35.52004280988518,0.6240808823529411,45.089285714285715,1019.6428571428575,29.989495798319336,0
2928,4,0,0,36,0.0,0.0,1.0,36,750,400,350,0.5333333333333333,11,4,7,378.3189379277254,0.4245866402116402,0.16558146678954477,0.21366159162394754,129918.78311526813,2630.1472090061457,132548.9303242743,536,1,169.08333333333334,33,3,17,35.486411628000155,0.6259469696969697,45.12867647058823,1019.4852941176467,30.89349376114081,0
2929,4,1,0,37,0.02702702702702703,0.0,1.0,37,750,500,250,0.6666666666666666,10,5,5,367.4229387983126,0.4255505505505506,0.16484091367486875,0.2095092502083995,130292.97052154191,2174.5252267573646,132467.49574829926,537,0,165.48648648648648,34,3,18,35.38387165733831,0.6274509803921569,44.76190476190476,1020.9523809523806,30.028011204481782,0
2930,4,0,0,37,0.0,0.0,1.0,37,1150,700,450,0.6086956521739131,16,7,9,368.2942931194681,0.42520645645645644,0.16209916209916186,0.21066433566433568,130414.54081632645,2206.186224489787,132620.72704081624,538,1,166.48648648648648,34,3,18,35.238199300699314,0.6286764705882353,44.64285714285714,1021.4285714285708,30.04201680672267,0
2931,4,0,0,37,0.0,0.0,1.0,37,1000,700,300,0.7,13,7,6,369.9922220801344,0.42530030030030025,0.16622329959546067,0.21246710545538114,130566.58340419478,2261.7240646258247,132828.3074688206,539,2,167.48648648648648,34,3,17,35.04052611143468,0.6302083333333333,44.494047619047606,1022.0238095238076,30.059523809523753,0
2932,4,0,0,37,0.0,0.0,1.0,37,1450,1000,450,0.6896551724137931,19,10,9,370.17553298541577,0.424705955955956,0.16700808387849952,0.21324196195920428,130688.28125,2275.5208333333344,132963.80208333334,540,3,168.48648648648648,34,3,17,34.912387938060306,0.6314338235294117,44.375,1022.5,30.073529411764707,0
2933,4,0,0,37,0.0,0.0,1.0,37,900,600,300,0.6666666666666666,12,6,6,370.78824129649405,0.4241428928928929,0.16777673804150428,0.21418473703126872,130794.81336805546,2299.435763888879,133094.24913194435,541,4,169.48648648648648,35,2,17,34.788696537678206,0.6303571428571428,44.27083333333333,1022.9166666666658,29.226190476190453,0
2934,4,0,0,37,0.0,0.0,1.0,37,650,300,350,0.46153846153846156,10,3,7,372.0865681297214,0.4242992992992993,0.1672440627073506,0.21509961907773767,130824.41332572454,2335.601396390613,133160.01472211516,542,5,170.48648648648648,35,2,17,34.725482709205416,0.6306547619047619,44.24189814814815,1023.0324074074081,29.229497354497372,0
2935,4,0,2,35,0.0,0.05405405405405406,0.9459459459459459,37,1200,700,500,0.5833333333333334,17,7,10,372.9436425394171,0.4230480480480481,0.16549853040922446,0.2167581775232382,131031.70680084027,2373.4884044924615,133405.19520533274,543,6,171.48648648648648,35,2,17,34.49346220513979,0.6327380952380952,44.039351851851855,1023.8425925925932,29.25264550264552,0
2936,4,1,0,36,0.027777777777777776,0.0,1.0,36,650,500,150,0.7692307692307693,8,5,3,376.08059812914536,0.42041997354497357,0.16940213670245075,0.21870650605197958,131053.71492346932,2657.351899092963,133711.06682256228,544,0,174.55555555555554,34,2,18,34.39086540324769,0.6351102941176471,44.01785714285714,1023.9285714285709,30.115546218487378,0
2937,4,0,0,36,0.0,0.0,1.0,36,1500,1100,400,0.7333333333333333,19,11,8,375.94248585218565,0.4199900793650793,0.17181691449814163,0.21984462759616935,131267.1201814058,2669.777494331053,133936.89767573687,545,1,175.55555555555554,34,2,18,34.17823536245353,0.6372549019607843,43.8095238095238,1024.761904761904,30.140056022408938,0
2938,4,0,0,36,0.0,0.0,1.0,36,850,500,350,0.5882352941176471,12,5,7,379.8932081760367,0.42007275132275135,0.17621618483687462,0.22304159522973419,131419.65880102027,2785.0871598639287,134204.7459608842,546,2,176.55555555555554,34,2,18,33.92255892255891,0.6387867647058824,43.66071428571428,1025.3571428571418,30.157563025210052,0
2939,4,0,0,36,0.0,0.0,1.0,36,1200,900,300,0.75,15,9,6,381.9272350440207,0.41984126984126985,0.17025370305913334,0.2253135413308975,131602.8220663265,2852.5403911564567,134455.36245748296,547,3,177.55555555555554,34,2,16,33.685027265344004,0.640625,43.482142857142854,1026.0714285714282,30.178571428571416,0
2940,4,1,0,37,0.02702702702702703,0.0,1.0,37,1400,1000,400,0.7142857142857143,18,10,8,371.36596055514985,0.4221096096096096,0.16566837107377652,0.2216216216216216,132040.8950617283,2407.098765432088,134447.9938271604,548,0,173.72972972972974,35,2,18,33.51351351351351,0.6428571428571428,43.05555555555555,1027.7777777777771,29.365079365079346,0
2941,4,0,0,37,0.0,0.0,1.0,37,800,500,300,0.625,11,5,6,369.2902325455048,0.4215465465465465,0.1609209389488544,0.22107644379610936,132159.87761488333,2361.0703875171357,134520.94800240046,549,1,174.72972972972974,35,2,18,33.44683325829206,0.644047619047619,42.93981481481481,1028.24074074074,29.378306878306855,0
2942,4,1,0,38,0.02631578947368421,0.0,1.0,38,1450,1000,450,0.6896551724137931,19,10,9,358.2565602194505,0.4233493361782836,0.15377697841726623,0.21651157335001567,132517.14677640592,1895.2417695473164,134412.38854595323,550,0,171.10526315789474,35,3,19,33.37080335731415,0.6476190476190475,42.59259259259259,1029.6296296296289,29.417989417989396,0
2943,4,0,0,38,0.0,0.0,1.0,38,900,600,300,0.6666666666666666,12,6,6,359.4701200437658,0.4229196301564722,0.1534856074899018,0.21776205570248236,132606.5394188311,1933.6177286950906,134540.1571475262,551,1,172.10526315789474,35,3,20,33.24963947259991,0.6485119047619048,42.50578703703702,1029.976851851849,29.427910052909972,0
2944,4,0,1,37,0.0,0.02631578947368421,0.9736842105263158,38,1750,1500,250,0.8571428571428571,20,15,5,362.62072579076494,0.4227714556661925,0.16056325541534888,0.22072027089314822,132785.41512613583,2030.148721493466,134815.5638476293,552,2,173.10526315789474,35,3,15,32.98860658805914,0.6502976190476191,42.33217592592592,1030.6712962962952,29.44775132275129,0
2945,4,0,1,36,0.0,0.02702702702702703,0.972972972972973,37,1200,1100,100,0.9166666666666666,13,11,2,376.59411081276755,0.42132757757757755,0.12592326205427584,0.21024711215089928,129466.28146701382,2351.247829861106,131817.5292968749,553,5,178.72972972972974,35,2,15,35.991342545206415,0.6169642857142856,45.572916666666664,1017.7083333333327,29.077380952380935,8
2946,4,0,0,36,0.0,0.0,1.0,36,1200,800,400,0.6666666666666666,16,8,8,375.7937568209755,0.4198578042328042,0.11492870044080683,0.21043015141655777,129584.09857521013,2539.3790455675685,132123.4776207777,554,6,178.66666666666666,35,1,16,35.89161551286424,0.6181547619047619,45.45717592592593,1018.1712962962969,29.090608465608483,0
2947,4,0,0,36,0.0,0.0,1.0,36,1250,1000,250,0.8,15,10,5,379.0880781498043,0.41860119047619043,0.12158811281468807,0.2135553760786326,129819.89354263118,2642.634789737651,132462.52833236882,555,7,179.66666666666666,35,1,16,35.56750425894377,0.6205357142857143,45.22569444444444,1019.0972222222223,29.117063492063494,0
2948,4,0,0,36,0.0,0.0,1.0,36,900,600,300,0.6666666666666666,12,6,6,380.2463452843217,0.4181547619047619,0.12019376324553455,0.21469293649130144,129908.3719135801,2679.43672839504,132587.80864197513,556,8,180.66666666666666,35,1,16,35.44788828337873,0.6214285714285714,45.13888888888888,1019.4444444444432,29.12698412698409,0
2949,4,0,1,35,0.0,0.027777777777777776,0.9722222222222222,36,1200,1000,200,0.8333333333333334,14,10,4,380.29880984874166,0.4177579365079365,0.12149232281975664,0.2156984369373749,130085.41907793199,2694.266010802455,132779.68508873443,557,9,181.66666666666666,35,1,16,35.26633764465623,0.6232142857142857,44.96527777777777,1020.138888888888,29.14682539682537,0
2950,4,0,0,35,0.0,0.0,1.0,35,1000,800,200,0.8,12,8,4,378.92562718704824,0.415546218487395,0.14115765270418912,0.21573096464155042,130232.206632653,2869.6641156462542,133101.87074829926,558,10,187.22857142857143,34,1,17,35.15205854910195,0.6268382352941176,44.82142857142857,1020.7142857142852,30.02100840336133,0
2951,4,0,0,35,0.0,0.0,1.0,35,1050,800,250,0.7619047619047619,13,8,5,391.2157624388987,0.41561624649859946,0.17088225903721344,0.21730012073675106,129265.5803616978,3228.488919289787,132494.06928098758,559,11,188.22857142857143,32,3,20,35.82433159506664,0.6217447916666667,45.77020202020202,1016.919191919192,31.77872474747475,7
2952,4,0,0,35,0.0,0.0,1.0,35,850,700,150,0.8235294117647058,10,7,3,389.2436737013826,0.4148109243697479,0.1680739020195392,0.21673367512177194,129361.89746263139,3070.6600410672418,132432.55750369863,560,12,189.22857142857143,32,3,20,35.77608497786604,0.6227213541666667,45.67550505050505,1017.29797979798,31.790561868686876,0
2953,4,1,0,36,0.027777777777777776,0.0,1.0,36,1200,900,300,0.75,15,9,6,382.61583809728444,0.41787367724867724,0.16792959666426133,0.2152278807808405,129762.65889321415,2729.849697231834,132492.50859044597,561,0,184.94444444444446,33,3,17,35.535943388661686,0.6243686868686869,45.28186274509804,1018.8725490196078,30.874925727866906,0
2954,4,0,0,36,0.0,0.0,1.0,36,850,600,250,0.7058823529411765,11,6,5,382.61583809728444,0.41787367724867724,0.16792959666426133,0.2152278807808405,129762.65889321415,2729.849697231834,132492.50859044597,562,1,185.94444444444446,33,3,17,35.535943388661686,0.6243686868686869,45.28186274509804,1018.8725490196078,30.874925727866906,0
2955,4,1,0,37,0.02702702702702703,0.0,1.0,37,650,300,350,0.46153846153846156,10,3,7,370.96046150564723,0.4215465465465465,0.09369770661530152,0.19876043820529307,127831.1673159646,2084.0617644671665,129915.22908043177,563,0,181.8918918918919,36,1,16,37.80623608017817,0.5983796296296297,47.18468468468468,1011.2612612612611,28.090590590590587,8
2956,4,2,0,39,0.05128205128205128,0.0,1.0,39,750,700,50,0.9333333333333333,8,7,1,353.2463126233337,0.4272941970310391,0.10332967191470077,0.19208287728765236,128422.23087873166,1273.3195217705684,129695.55040050222,564,0,173.51282051282053,37,2,15,37.649646617625855,0.6024774774774775,46.600877192982445,1013.5964912280681,27.39449976292076,0
2957,4,0,2,37,0.0,0.05128205128205128,0.9487179487179487,39,1300,1100,200,0.8461538461538461,15,11,4,355.6104717616123,0.4270973909131804,0.10861684791645909,0.19445083243134959,128644.60699445975,1349.4738765774023,129994.08087103716,565,1,174.51282051282053,37,2,15,37.362642311572266,0.6047297297297297,46.38157894736842,1014.4736842105257,27.41820768136556,0
2958,4,0,0,37,0.0,0.0,1.0,37,700,500,200,0.7142857142857143,9,5,4,368.7788471985261,0.4266766766766767,0.11323408310741434,0.20134635750783086,128584.36113522388,2083.8384934413707,130668.19962866526,566,2,181.43243243243242,35,2,15,37.09025162615544,0.6080357142857142,46.44097222222223,1014.236111111112,28.97817460317463,0
2959,4,1,0,38,0.02631578947368421,0.0,1.0,38,1250,800,450,0.64,17,8,9,354.77423678700734,0.4289947842579422,0.123576894363568,0.19616928387046317,129086.92476260067,1559.3430423667153,130646.26780496739,567,0,177.6315789473684,36,2,16,36.932762632978715,0.6111111111111112,45.94594594594596,1016.2162162162181,28.22822822822828,0
2960,4,2,1,39,0.05,0.025,0.975,40,1050,700,350,0.6666666666666666,14,7,7,341.2091583708464,0.43326655982905987,0.12763214554849833,0.19151008290675484,129675.59880203521,849.3511120976721,130524.94991413289,568,0,169.7,37,3,16,36.67902447339147,0.6151463963963963,45.36732456140351,1018.5307017543857,27.527856804172586,0
2961,4,0,0,39,0.0,0.0,1.0,39,600,300,300,0.5,9,3,6,343.8975938882939,0.43241115609536657,0.13073918490677272,0.1932234555474231,129717.1051964129,1121.880072640239,130838.98526905314,569,1,173.07692307692307,36,3,16,36.56841882231557,0.6174768518518519,45.32657657657659,1018.6936936936959,28.29704704704711,0
2962,4,0,0,39,0.0,0.0,1.0,39,850,500,350,0.5882352941176471,12,5,7,347.04424350615926,0.4320456590193433,0.13745108540113504,0.19542024638999614,129803.15778193748,1209.4877394286336,131012.64552136611,570,2,174.07692307692307,36,3,16,36.400891442885026,0.6183449074074074,45.242117117117125,1019.0315315315327,28.306431431431463,0
2963,4,0,1,38,0.0,0.02564102564102564,0.9743589743589743,39,1300,1100,200,0.8461538461538461,15,11,4,346.10252238193743,0.4313427800269905,0.14697472295063418,0.19564786356411176,129954.9515836605,1195.5473078255006,131150.498891486,571,3,175.07692307692307,37,2,16,36.2708131698749,0.6179617117117118,45.09320175438597,1019.6271929824572,27.557491702228575,0
2964,4,1,0,39,0.02564102564102564,0.0,1.0,39,1100,600,500,0.5454545454545454,16,6,10,345.48561503211556,0.4327204228520018,0.16084391952018473,0.1964223957913196,130178.65022170298,1194.9702071791496,131373.62042888213,572,0,175.87179487179486,37,2,17,36.05966387307046,0.6202139639639639,44.87390350877194,1020.5043859649135,27.58119962067334,0
2965,4,0,0,39,0.0,0.0,1.0,39,950,600,350,0.631578947368421,13,6,7,345.8143476312704,0.4317926225820963,0.16290490852184547,0.19761753740819102,130377.5708774653,1217.3139753408748,131594.88485280616,573,1,176.87179487179486,36,3,17,35.84968941816445,0.6241319444444444,44.679054054054056,1021.2837837837839,28.368993993993996,0
2966,4,0,0,39,0.0,0.0,1.0,39,1150,900,250,0.782608695652174,14,9,5,345.15581406379965,0.4315958164642375,0.16513035342271376,0.1975336523263549,130435.08193582093,1204.0853776073318,131639.16731342825,574,2,177.87179487179486,36,3,18,35.80825340829749,0.6247106481481481,44.622747747747745,1021.5090090090088,28.375250250250243,0
2967,4,0,0,39,0.0,0.0,1.0,39,900,700,200,0.7777777777777778,11,7,4,351.376241756407,0.4310335132703554,0.17417814508723595,0.20169129626435128,130550.14209733384,1374.4436581852156,131924.58575551905,575,3,178.87179487179486,36,3,17,35.53282828282829,0.6258680555555556,44.51013513513514,1021.9594594594596,28.387762762762765,0
2968,4,0,0,39,0.0,0.0,1.0,39,1350,1100,250,0.8148148148148148,16,11,5,352.20385608104186,0.42990890688259115,0.17241613012538126,0.2029194805340012,130694.03863322777,1406.188874685489,132100.22750791325,576,4,179.87179487179486,36,3,17,35.36595998531572,0.6273148148148149,44.369369369369366,1022.5225225225221,28.40340340340339,0
2969,4,0,0,39,0.0,0.0,1.0,39,950,500,450,0.5263157894736842,14,5,9,352.1014588436397,0.4298245614035088,0.16933690117309652,0.20346626285850017,130809.21292914537,1411.622940508078,132220.83586965344,577,5,180.87179487179486,36,3,17,35.25199985322179,0.6284722222222222,44.25675675675676,1022.9729729729731,28.41591591591592,0
2970,4,1,0,40,0.025,0.0,1.0,40,1250,1000,250,0.8,15,10,5,344.9390637921823,0.43015491452991456,0.17611337115940473,0.2010028568236291,131131.51552641197,1046.4764398661127,132177.9919662781,578,0,177.325,37,3,19,35.10944135174677,0.6297860360360361,43.94188596491228,1024.232456140351,27.68195827406354,0
2971,4,0,0,40,0.0,0.0,1.0,40,1300,800,500,0.6153846153846154,18,8,10,347.6812209170075,0.42935363247863245,0.17821067445011973,0.20349639733110764,131300.7492900322,1130.1609640952634,132430.91025412746,579,1,178.325,38,2,21,34.868306751450696,0.6296600877192983,43.776709401709404,1024.8931623931628,26.970872694556917,0
2972,4,0,0,40,0.0,0.0,1.0,40,1050,700,350,0.6666666666666666,14,7,7,377.41245435924765,0.42915331196581197,0.16215056664867844,0.20826244131259222,129006.37846500822,1755.5319062701562,130761.91037127838,580,2,179.325,37,3,19,36.439894765245555,0.6083896396396397,46.0252192982456,1015.8991228070156,27.45673304883826,8
2973,4,0,1,39,0.0,0.025,0.975,40,1200,800,400,0.6666666666666666,16,8,8,375.85871885119434,0.42946047008547006,0.16049353516240994,0.20800139572026813,129119.93805473362,1706.170899079543,130826.10895381316,581,3,180.325,38,2,19,36.3633974561127,0.6077302631578947,45.91346153846153,1016.346153846153,26.745951417004026,0
2974,4,0,0,39,0.0,0.0,1.0,39,950,800,150,0.8421052631578947,11,8,3,390.40520565559876,0.4280251911830859,0.17974439180350177,0.21634468987645233,129173.521239708,2286.0030249691804,131459.5242646772,582,10,185.87179487179486,37,2,19,35.93901682666378,0.6100788288288288,45.86074561403507,1016.5570175438567,27.474513987671802,0
2975,4,1,0,40,0.025,0.0,1.0,40,1450,1100,350,0.7586206896551724,18,11,7,385.78036454128073,0.42755074786324787,0.17343508073435077,0.21612305180807054,129602.41280131479,1999.6192226492153,131602.032023964,583,0,182.2,36,4,16,35.61873294993734,0.6163194444444444,45.439189189189186,1018.2432432432429,28.284534534534526,0
2976,4,1,1,40,0.024390243902439025,0.024390243902439025,0.975609756097561,41,1100,900,200,0.8181818181818182,13,9,4,380.15741651078105,0.4305132113821138,0.16787106162847487,0.214837228222143,129943.77170138858,1679.817708333299,131623.58940972187,584,0,178.73170731707316,39,2,17,35.41411251873041,0.6143162393162394,45.10416666666665,1019.5833333333309,26.14316239316233,0
2977,4,0,0,40,0.0,0.0,1.0,40,900,500,400,0.5555555555555556,13,5,8,385.59274317633736,0.42744391025641026,0.17794518394298375,0.21756004510026167,129881.14458917698,2016.2453658046138,131897.3899549816,585,1,183.7,38,2,18,35.33936868951542,0.6154057017543859,45.16559829059827,1019.3376068376032,26.824673864147453,0
2978,4,0,1,39,0.0,0.025,0.975,40,1250,900,350,0.72,16,9,7,386.39131728164546,0.4276976495726496,0.18004399748585853,0.2187717387171165,130017.30974687696,2047.5119165022925,132064.82166337926,586,2,184.7,38,2,18,35.180311125078575,0.6167763157894737,45.03205128205128,1019.871794871794,26.83873144399458,0
2979,4,0,0,39,0.0,0.0,1.0,39,1600,1400,200,0.875,18,14,4,386.82837312093153,0.42701304543409807,0.1717923922716016,0.2199274079802389,130178.65022170286,2271.359096068024,132450.0093177709,587,3,187.02564102564102,37,2,19,35.00490222413238,0.6202139639639639,44.87390350877193,1020.5043859649126,27.581199620673313,0
2980,4,2,1,40,0.04878048780487805,0.024390243902439025,0.975609756097561,41,1000,700,300,0.7,13,7,6,372.27571993372567,0.4329268292682927,0.16846833640996084,0.21459957384553058,130714.91021050351,1532.3974609375048,132247.30767144103,588,0,178.85365853658536,39,2,17,34.83169077450681,0.6220619658119658,44.348958333333336,1022.604166666667,26.220619658119666,0
2981,4,0,0,40,0.0,0.0,1.0,40,1250,600,650,0.48,19,6,13,379.7353762972203,0.4296207264957265,0.17347898808279316,0.21804013263260574,130562.68376981522,1915.853970341155,132478.53774015637,589,1,184.325,38,2,17,34.79554324343159,0.6222587719298245,44.49786324786325,1022.0085470085473,26.894961763382824,0
2982,4,0,0,40,0.0,0.0,1.0,40,900,600,300,0.6666666666666666,12,6,6,380.249801004314,0.4300614316239317,0.17631661442006297,0.21895250274436137,130671.89554569364,1937.5924556213047,132609.48800131495,590,2,185.325,38,2,17,34.67149947753397,0.6233552631578947,44.39102564102564,1022.4358974358976,26.906207827260463,0
2983,4,0,1,39,0.0,0.025,0.975,40,850,600,250,0.7058823529411765,11,6,5,382.6123309576318,0.43032852564102564,0.17681780192227348,0.22062441156183452,130726.51855504427,2003.5155964643225,132730.0341515086,591,3,186.325,38,2,17,34.55564841899986,0.6239035087719298,44.33760683760684,1022.6495726495732,26.911830859199295,0
2984,4,0,0,39,0.0,0.0,1.0,39,900,600,300,0.6666666666666666,12,6,6,394.3138813619013,0.42855937921727394,0.18695813569808206,0.22711407928966845,130682.67549871125,2505.9986005309433,133188.6740992422,592,4,191.48717948717947,37,2,17,34.30105004468275,0.6252815315315315,44.380482456140356,1022.4780701754395,27.63454243717404,0
2985,4,0,1,38,0.0,0.02564102564102564,0.9743589743589743,39,1050,800,250,0.7619047619047619,13,8,5,401.15705080707505,0.42771592442645073,0.19295902382719077,0.23189561858922003,130822.85534972306,2696.1021660511005,133518.95751577415,593,5,192.48717948717947,37,2,17,33.983565559128266,0.6266891891891893,44.24342105263158,1023.0263157894742,27.649359886202006,0
2986,4,0,0,38,0.0,0.0,1.0,38,950,700,250,0.7368421052631579,12,7,5,403.81119118104846,0.4263276434329066,0.19615840243696026,0.23342988932584802,130822.85534972319,2965.5466104955594,133788.40196021876,594,6,198.28947368421052,37,1,17,33.9156841729189,0.6266891891891893,44.24342105263159,1023.0263157894752,27.649359886202035,0
2987,4,0,0,38,0.0,0.0,1.0,38,1450,1200,250,0.8275862068965517,17,12,5,405.67883623616086,0.42631282598387865,0.1995212235023427,0.23502176155134036,130906.99932912063,3021.239828601122,133928.23915772175,595,7,199.28947368421052,37,1,17,33.78234490517518,0.6275337837837838,44.16118421052632,1023.3552631578958,27.658250355618804,0
2988,4,1,1,38,0.02564102564102564,0.02564102564102564,0.9743589743589743,39,1200,900,300,0.75,15,9,6,398.9115791236308,0.42931848852901483,0.19222480682334675,0.2329818540679428,131218.63928153997,2668.926921250643,133887.56620279062,596,0,195.15384615384616,38,1,18,33.6389902676399,0.6288377192982456,43.85683760683761,1024.5726495726499,26.96243814664868,0
2989,4,0,0,38,0.0,0.0,1.0,38,1250,800,450,0.64,17,8,9,406.8132715190011,0.4246384542437174,0.20167551183675303,0.23723155945883312,131159.59357686972,3071.49267082178,134231.0862476915,597,1,200.97368421052633,37,1,19,33.49657460929136,0.6300675675675675,43.91447368421052,1024.3421052631572,27.684921763869113,0
2990,4,1,1,38,0.02564102564102564,0.02564102564102564,0.9743589743589743,39,1100,900,200,0.8181818181818182,13,9,4,398.4193050842152,0.42684435447593344,0.2482031505892679,0.22129072246243753,129263.69214965389,2538.006126252835,131801.69827590673,598,0,196.7948717948718,33,6,15,35.6431268578774,0.6193181818181819,45.772058823529406,1016.9117647058815,30.81550802139035,7
2991,4,3,2,39,0.07317073170731707,0.04878048780487805,0.9512195121951219,41,950,700,250,0.7368421052631579,12,7,5,380.17686977328765,0.4322154471544715,0.2459825614606117,0.21454869234337937,129889.2389010634,1676.1768525282214,131565.41575359163,599,0,188.0731707317073,36,5,14,35.46914125791721,0.619212962962963,45.157657657657666,1019.3693693693708,28.315815815815856,0
2992,4,0,0,39,0.0,0.0,1.0,39,1100,900,200,0.8181818181818182,13,9,4,392.24345419099063,0.42808142150247414,0.24322694012431478,0.21997132909028197,129643.02722318665,2370.325761959866,132013.3529851465,600,1,195.84615384615384,35,4,14,35.41275997272416,0.61875,45.39930555555555,1018.4027777777771,29.097222222222204,0
2993,4,0,0,39,0.0,0.0,1.0,39,800,700,100,0.875,9,7,2,392.2282024581696,0.4277721547458389,0.24382570394840353,0.22045930000235053,129731.44531250001,2376.866319444445,132108.31163194447,601,2,196.84615384615384,35,4,15,35.32293796864347,0.6196428571428572,45.3125,1018.7500000000001,29.10714285714286,0
2994,4,0,0,39,0.0,0.0,1.0,39,1150,600,550,0.5217391304347826,17,6,11,392.7426683301689,0.4270411605937922,0.24811754223518956,0.22141433657589416,129849.38298396776,2399.4786308299044,132248.86161479767,602,3,197.84615384615384,35,4,15,35.18954879248996,0.6208333333333333,45.19675925925926,1019.2129629629629,29.12037037037037,0
2995,4,0,0,39,0.0,0.0,1.0,39,1050,500,550,0.47619047619047616,16,5,11,393.5058872281398,0.42571974808816915,0.2522099568043983,0.2233582998014199,130114.93866008653,2440.1988758144626,132555.13753590098,603,4,198.84615384615384,35,4,16,34.89943751181696,0.6235119047619048,44.93634259259259,1020.2546296296291,29.15013227513226,0
2996,4,1,0,40,0.025,0.0,1.0,40,1300,1000,300,0.7692307692307693,16,10,6,384.7001697444498,0.42775106837606836,0.2523963290278721,0.2201921983245469,130439.87509645055,2036.1321427040352,132476.00723915457,604,0,194.85,35,5,18,34.793507817811005,0.6267857142857143,44.61805555555555,1021.5277777777771,29.18650793650792,0
2997,4,0,1,39,0.0,0.025,0.975,40,1450,1000,450,0.6896551724137931,19,10,9,381.3146010781225,0.42824519230769226,0.24923556058890184,0.21892119164628202,130558.13426997577,1956.7445773319366,132514.8788473077,605,1,195.85,35,5,17,34.75981502453756,0.6279761904761905,44.5023148148148,1021.9907407407389,29.1997354497354,0
2998,4,0,0,39,0.0,0.0,1.0,39,900,600,300,0.6666666666666666,12,6,6,382.5986311662132,0.4274628879892038,0.23684351986238794,0.2198789723690163,130597.0025510203,2193.2468820861545,132790.24943310645,606,2,196.15384615384616,34,5,17,34.687524264306234,0.6305147058823529,44.46428571428571,1022.1428571428563,30.06302521008401,0
2999,4,0,0,39,0.0,0.0,1.0,39,1100,700,400,0.6363636363636364,15,7,8,379.4107721976852,0.4265069725596042,0.23405271484433343,0.2187341297434975,130718.71456916087,2119.217687074814,132837.93225623568,607,3,197.15384615384616,34,5,17,34.645421032207985,0.6317401960784313,44.34523809523809,1022.6190476190466,30.0770308123249,0
3000,4,0,0,39,0.0,0.0,1.0,39,1500,1100,400,0.7333333333333333,19,11,8,378.01846809033424,0.4260290148448043,0.23506207216614539,0.21869654829309879,130854.01663237285,2093.0469821673205,132947.06361454018,608,4,198.15384615384616,35,4,17,34.54374057315234,0.6309523809523809,44.21296296296295,1023.148148148146,29.23280423280417,0
3001,4,0,0,39,0.0,0.0,1.0,39,1000,600,400,0.6,14,6,8,383.4274132900789,0.4263663967611336,0.18738751373209017,0.2113667700398069,128966.15655006825,2089.831961591181,131055.98851165942,609,5,199.15384615384616,35,4,17,36.32824369492555,0.611904761904762,46.064814814814795,1015.7407407407379,29.02116402116394,8
3002,4,1,0,40,0.025,0.0,1.0,40,1350,1000,350,0.7407407407407407,17,10,7,376.0043797831077,0.42873931623931627,0.19964163822525638,0.20944730660922148,129377.95380015428,1729.549789951988,131107.50359010627,610,0,195.15,35,5,19,36.09641638225257,0.6160714285714286,45.65972222222222,1017.3611111111109,29.06746031746031,0
3003,4,1,0,41,0.024390243902439025,0.0,1.0,41,1150,900,250,0.782608695652174,14,9,5,370.6067659369146,0.43058943089430896,0.201555906106325,0.20807810042826777,129688.42734203803,1412.6817273354511,131101.1090693735,611,0,191.3658536585366,36,5,16,35.9174037221301,0.6171875,45.35472972972973,1018.5810810810815,28.29391891891893,0
3004,4,2,1,42,0.046511627906976744,0.023255813953488372,0.9767441860465116,43,1750,1200,550,0.6857142857142857,23,12,11,362.543508874482,0.4353313030638612,0.21997122992088247,0.2068630609460279,130318.55955678668,850.4977306890621,131169.05728747573,612,0,183.41860465116278,37,6,19,35.48244201030929,0.6216216216216216,44.73684210526316,1021.0526315789472,27.596017069701276,0
3005,4,0,0,42,0.0,0.0,1.0,42,950,800,150,0.8421052631578947,11,8,3,369.21949286865544,0.4350561362756485,0.2265082516571595,0.21052477499039182,130291.32806793274,1221.2196148851458,131512.54768281788,613,1,187.73809523809524,36,6,19,35.339684903301695,0.6232638888888888,44.76351351351351,1020.9459459459455,28.359609609609596,0
3006,4,0,1,41,0.0,0.023809523809523808,0.9761904761904762,42,1000,900,100,0.9,11,9,2,364.56683424183365,0.4346689895470383,0.11922023000409965,0.2089867540705782,130498.99798525362,1324.7608516298897,131823.7588368835,614,2,188.73809523809524,35,7,16,35.24769672254948,0.6273809523809524,44.560185185185176,1021.759259259258,29.193121693121658,8
3007,4,1,0,42,0.023809523809523808,0.0,1.0,42,900,700,200,0.7777777777777778,11,7,4,340.6739213927723,0.4344996128532714,0.0924205183542155,0.1910178716891708,129636.2270801373,437.98756706519555,130074.21464720249,615,0,189.66666666666666,38,4,16,36.73262868932718,0.6129385964912281,45.4059829059829,1018.376068376068,26.799370220422844,8
3008,4,0,1,41,0.0,0.023809523809523808,0.9761904761904762,42,500,200,300,0.4,8,2,6,344.25725441196,0.43419715447154467,0.09554523434963902,0.1934291644559834,129717.84056770032,531.261528416972,130249.10209611729,616,1,190.66666666666666,38,4,16,36.55851249781506,0.6137609649122807,45.3258547008547,1018.6965811965811,26.80780476833108,0
3009,4,1,0,42,0.023809523809523808,0.0,1.0,42,1450,1000,450,0.6896551724137931,19,10,9,332.5596061733091,0.43400358110723963,0.10761373394630347,0.18847548092385663,130055.18297846845,250.22008642342007,130305.40306489187,617,0,191.35714285714286,40,2,17,36.51447975822789,0.6138020833333333,44.99491869918699,1020.0203252032517,25.500508130081293,0
3010,4,0,2,40,0.0,0.047619047619047616,0.9523809523809523,42,1850,1500,350,0.8108108108108109,22,15,7,309.00707273996215,0.4333865660085172,0.04239006957344227,0.17216611976333238,129386.78521050372,-403.3831590637976,128983.40205143992,618,1,192.35714285714286,39,3,18,37.791478959762465,0.6087072649572649,45.65104166666668,1017.3958333333353,26.0870726495727,8
3011,4,2,0,42,0.047619047619047616,0.0,1.0,42,1200,600,600,0.5,18,6,12,312.0189705449854,0.4323582075106465,0.08726915367700006,0.17633035125255894,129943.77170138899,-291.0156249999899,129652.756076389,619,0,192.8095238095238,39,3,17,37.150933115379374,0.6143162393162394,45.10416666666667,1019.5833333333342,26.143162393162413,0
3012,4,0,0,42,0.0,0.0,1.0,42,1150,800,350,0.6956521739130435,15,8,7,310.9946256472749,0.4322372241579559,0.08816090276764399,0.17599060029403601,129996.8804253473,-314.33376736110586,129682.5466579862,620,1,193.8095238095238,39,3,17,37.123340143003055,0.6148504273504274,45.052083333333336,1019.7916666666673,26.14850427350429,0
3013,4,0,0,42,0.0,0.0,1.0,42,1750,1300,450,0.7428571428571429,22,13,9,313.8498275836116,0.4332292876500194,0.08897089568929517,0.1780906843194605,130103.13042534703,-233.43098958335293,129869.69943576367,621,2,194.8095238095238,39,3,17,36.94311142876591,0.6159188034188035,44.94791666666666,1020.2083333333318,26.159188034187995,0
3014,4,0,2,40,0.0,0.047619047619047616,0.9523809523809523,42,1250,900,350,0.72,16,9,7,315.14824948704313,0.4332534843205575,0.08447435317905949,0.17919369705307947,130182.84640842004,-194.62076822917172,129988.22564019087,622,3,195.8095238095238,39,3,18,36.82940781191522,0.6167200854700854,44.869791666666664,1020.5208333333325,26.167200854700834,0
3015,4,0,1,39,0.0,0.025,0.975,40,750,500,250,0.6666666666666666,10,5,5,328.10914556596146,0.4326923076923077,0.09084946236559177,0.18560918818512406,129982.90339335169,529.7158741151011,130512.6192674668,623,4,203.35,37,3,18,36.70116487455197,0.6182432432432432,45.065789473684205,1019.7368421052623,27.560455192034116,0
3016,4,0,0,39,0.0,0.0,1.0,39,750,400,350,0.5333333333333333,11,4,7,378.61934736720673,0.43041497975708504,0.18582491671281587,0.20490401415030426,128232.43694540867,1939.4119230863448,130171.84886849501,624,5,209.23076923076923,35,4,17,37.20110558793281,0.6044642857142857,46.78819444444443,1012.8472222222199,28.938492063491996,8
3017,4,1,0,40,0.025,0.0,1.0,40,950,800,150,0.8421052631578947,11,8,3,371.13018785716366,0.43303952991452993,0.18905101599654173,0.2029371452750871,128644.60699445962,1548.779432132943,130193.38642659257,625,0,204.975,37,3,15,36.96903372243838,0.6047297297297297,46.38157894736841,1014.4736842105247,27.41820768136553,0
3018,4,1,0,41,0.024390243902439025,0.0,1.0,41,1000,800,200,0.8,12,8,4,362.98002448673316,0.4352388211382114,0.19021619208407614,0.19991240514315653,128929.98598327111,1159.8018938563705,130089.78787712748,626,0,200.9512195121951,38,3,16,36.88438004067607,0.6058114035087719,46.100427350427346,1015.5982905982895,26.726270805218146,0
3019,4,0,0,41,0.0,0.0,1.0,41,1400,1100,300,0.7857142857142857,17,11,6,361.7686275724624,0.4348831300813008,0.18790280818511373,0.20034148560677556,129147.08547921677,1144.2727737599384,130291.3582529767,627,1,201.9512195121951,38,3,16,36.693732044005316,0.6080043859649122,45.88675213675213,1016.4529914529904,26.74876293297343,0
3020,4,0,0,41,0.0,0.0,1.0,41,2050,1600,450,0.7804878048780488,25,16,9,362.52633763382215,0.4344512195121952,0.1838155638994945,0.2016063733747801,129312.88954293613,1175.8770652437481,130488.76660817988,628,2,202.9512195121951,37,4,17,36.50549805950841,0.6114864864864865,45.72368421052631,1017.1052631578934,27.48933143669982,0
3021,4,0,0,41,0.0,0.0,1.0,41,1250,800,450,0.64,17,8,9,361.2262908038776,0.43366361788617885,0.18961084192950306,0.20142384037565142,129418.71667031909,1149.8885966834532,130568.60526700254,629,3,203.9512195121951,38,3,17,36.4307713845723,0.6107456140350878,45.61965811965811,1017.5213675213663,26.776878092667534,0
3022,4,0,1,40,0.0,0.024390243902439025,0.975609756097561,41,1250,900,350,0.72,16,9,7,364.7667440015985,0.43394308943089427,0.19322726504611243,0.20367924990382322,129473.07715136235,1245.4945576740351,130718.57170903638,630,4,204.9512195121951,38,3,16,36.285341871369575,0.6112938596491229,45.56623931623931,1017.7350427350423,26.782501124606377,0
3023,4,0,0,40,0.0,0.0,1.0,40,700,600,100,0.8571428571428571,8,6,2,348.4955556477466,0.43311965811965814,0.17597703119643504,0.18860139811214793,128232.43694540905,975.1570818152461,129207.59402722429,631,5,210.025,35,5,17,37.963875557079184,0.6044642857142857,46.78819444444445,1012.8472222222231,28.938492063492088,8
3024,4,0,0,40,0.0,0.0,1.0,40,950,800,150,0.8421052631578947,11,8,3,349.5638848657927,0.43243856837606837,0.17469156956819787,0.18959617398482959,128320.37278163583,971.2336033950708,129291.6063850309,632,6,211.025,35,5,17,37.84698423577794,0.6053571428571429,46.70138888888889,1013.1944444444447,28.948412698412707,0
3025,4,1,1,40,0.024390243902439025,0.024390243902439025,0.975609756097561,41,1500,1300,200,0.8666666666666667,17,13,4,340.40098021056076,0.4345020325203252,0.1762694360579382,0.18691769126864607,128811.5153220222,569.5132156048077,129381.028537627,633,0,206.85365853658536,37,4,17,37.57831065024844,0.6064189189189189,46.2171052631579,1015.1315789473687,27.435988620199154,0
3026,4,0,0,40,0.0,0.0,1.0,40,900,700,200,0.7777777777777778,11,7,4,344.789751398942,0.431917735042735,0.1543996435731787,0.18447690036112646,127774.23327043265,811.6383484770674,128585.87161890972,634,1,212.85,36,4,19,38.52611940298506,0.5978009259259259,47.240990990990994,1011.0360360360365,28.084334334334347,8
3027,4,4,1,43,0.09090909090909091,0.022727272727272728,0.9772727272727273,44,1300,900,400,0.6923076923076923,17,9,8,319.9543788978133,0.43884337561663145,0.16315868040005932,0.17554253761150315,128778.12500000017,-558.83920237804,128219.28579762213,635,0,194.4090909090909,39,5,15,38.13115763546798,0.6025641025641026,46.25000000000001,1015.0000000000014,26.02564102564106,0
3028,4,0,0,43,0.0,0.0,1.0,43,1000,900,100,0.9,11,9,2,331.5413454108889,0.43800756736803254,0.16773879398208358,0.18177869039607755,128751.6940646705,-62.698025173572205,128688.99603949694,636,1,199.93023255813952,39,4,15,37.86404341578571,0.6022970085470085,46.276041666666686,1014.8958333333363,26.022970085470163,0
3029,4,2,1,44,0.044444444444444446,0.022222222222222223,0.9777777777777777,45,1200,700,500,0.5833333333333334,17,7,10,323.84343750010544,0.4436658249158249,0.17789754829746252,0.18022168984334003,129340.77222077946,-619.6320923264846,128721.14012845297,637,0,192.0,37,8,18,37.4608125830908,0.6117680180180181,45.69627192982456,1017.2149122807016,27.492294926505448,0
3030,4,0,1,43,0.0,0.022727272727272728,0.9772727272727273,44,1200,900,300,0.75,15,9,6,324.0857792037579,0.4436663143058492,0.180588488898469,0.18048426527325748,129368.65790435538,-414.6915397045073,128953.96636465087,638,1,195.63636363636363,37,7,18,37.42634906948337,0.6120495495495495,45.668859649122815,1017.3245614035103,27.49525841631109,0
3031,4,0,3,40,0.0,0.06976744186046512,0.9302325581395349,43,1350,900,450,0.6666666666666666,18,9,9,356.57112721009315,0.4424141749723145,0.10520339593565953,0.1962852579995029,128910.32036675344,593.1396484374966,129503.46001519094,639,2,200.58139534883722,39,4,15,37.06715646049168,0.6038995726495726,46.119791666666664,1015.520833333333,26.03899572649572,8
3032,4,0,0,40,0.0,0.0,1.0,40,1150,900,250,0.782608695652174,14,9,5,368.498243682622,0.43575053418803417,0.14489200863930862,0.2026302693884252,128867.17547706985,1497.4655663280978,130364.64104339795,640,3,216.275,37,3,15,36.80840532757378,0.6069819819819819,46.16228070175438,1015.3508771929822,27.44191559981033,0
3033,4,1,1,40,0.024390243902439025,0.024390243902439025,0.975609756097561,41,1200,600,600,0.5,18,6,12,356.42300456866394,0.4365091463414634,0.14914034386245456,0.1976527570789866,129201.38888888898,1010.5022699292152,130211.8911588182,641,0,211.97560975609755,37,4,16,36.77424863387976,0.6103603603603603,45.833333333333336,1016.6666666666674,27.4774774774775,0
3034,4,1,0,41,0.024390243902439025,0.0,1.0,41,1000,500,500,0.5,15,5,10,354.17173418473584,0.4374491869918699,0.15226094065014406,0.19737895024025004,129396.54659366344,965.7198609187494,130362.26645458219,642,0,211.9268292682927,37,4,17,36.632786399396494,0.6123310810810811,45.641447368421055,1017.4342105263158,27.498221906116644,0
3035,4,0,0,41,0.0,0.0,1.0,41,1800,1500,300,0.8333333333333334,21,15,6,395.46682737792315,0.43737296747967475,0.1863981945926978,0.20415446098056028,126320.87305663685,1888.588828586193,128209.46188522303,643,1,212.9268292682927,33,8,17,38.743828477386316,0.5893308080808081,48.682598039215684,1005.2696078431371,30.462715389185973,8
3036,4,4,1,44,0.08888888888888889,0.022222222222222223,0.9777777777777777,45,1050,800,250,0.7619047619047619,13,8,5,369.61136436238024,0.44450757575757577,0.2394903503841106,0.18669466700757367,125422.6539673119,284.59729364727554,125707.25126095918,644,0,194.9111111111111,36,9,17,40.32181000562112,0.5737847222222222,49.5777027027027,1001.6891891891892,27.8246996996997,8
3037,4,1,0,45,0.022222222222222223,0.0,1.0,45,1800,1200,600,0.6666666666666666,24,12,12,374.1957691147033,0.4457070707070707,0.2646358045482329,0.19056384879958005,125761.2907459822,411.86858311010485,126173.1593290923,645,0,195.82222222222222,36,9,19,39.85652670184499,0.5772569444444444,49.23986486486485,1003.0405405405384,27.862237237237178,0
3038,4,1,1,45,0.021739130434782608,0.021739130434782608,0.9782608695652174,46,1850,1400,450,0.7567567567567568,23,14,9,367.525117645256,0.4482085346215781,0.25414976636068265,0.18934051170425886,126236.59593576845,79.02395448597147,126315.61989025441,646,0,192.54347826086956,37,9,20,39.53298326968542,0.5802364864864865,48.76644736842104,1004.9342105263138,27.160384068278752,0
3039,4,0,0,45,0.0,0.0,1.0,45,1250,800,450,0.64,17,8,9,366.98111163223723,0.4482112794612794,0.24957637904076235,0.18931434160566757,126291.69702456506,269.33347279930115,126561.03049736437,647,1,194.82222222222222,37,8,18,39.48981400676338,0.5807995495495495,48.711622807017534,1005.1535087719283,27.166311047889952,0
3040,4,2,1,46,0.0425531914893617,0.02127659574468085,0.9787234042553191,47,1100,800,300,0.7272727272727273,14,8,6,350.42360270858563,0.4510869565217391,0.25956830988083923,0.1836401913652682,126934.51063368034,-503.8302951389096,126430.68033854144,648,0,187.48936170212767,39,8,20,39.24479705051342,0.5838675213675213,48.07291666666666,1007.7083333333317,25.83867521367517,0
3041,4,1,0,47,0.02127659574468085,0.0,1.0,47,1100,900,200,0.8181818181818182,13,9,4,350.55318523860086,0.45056660499537465,0.26202649953268486,0.18382667030804684,126960.75439453122,-498.7006293402791,126462.05376519094,649,0,188.4255319148936,39,8,21,39.214577950043065,0.5841346153846154,48.046875,1007.8124999999998,25.84134615384615,0
3042,4,3,2,48,0.06,0.04,0.96,50,1750,1200,550,0.6857142857142857,23,12,11,338.2604480701892,0.45362244897959186,0.2739939173942907,0.18118175234784212,127818.28826727431,-1352.7578909891708,126465.53037628514,650,0,178.06,41,9,20,38.64610925798749,0.5896849593495934,47.197420634920626,1011.210317460316,24.6636662795199,0
3043,4,0,0,48,0.0,0.0,1.0,48,1350,800,550,0.5925925925925926,19,8,11,351.58590116437375,0.4518598552009456,0.27561193619361934,0.1868956632505357,127512.50000000012,-633.6805555555412,126878.81944444457,651,1,186.45833333333334,39,9,20,38.62245599559956,0.5897435897435898,47.50000000000001,1010.0000000000009,25.89743589743592,0
3044,4,0,0,48,0.0,0.0,1.0,48,1200,800,400,0.6666666666666666,16,8,8,352.5427815654672,0.4520722517730496,0.27775701817681964,0.188016356457757,127644.04432508693,-600.0027126736013,127044.04161241333,652,2,187.45833333333334,39,9,20,38.46349603133697,0.5910790598290598,47.36979166666667,1010.5208333333344,25.910790598290625,0
3045,4,1,0,49,0.02040816326530612,0.0,1.0,49,1400,800,600,0.5714285714285714,20,8,12,340.6719535675226,0.4523100907029478,0.18655662849169485,0.18024577362168692,127322.68248273169,-863.5452378425896,126459.1372448891,653,0,184.6122448979592,40,9,15,39.09244621219749,0.5861979166666667,47.68800813008129,1009.2479674796735,25.231199186991837,8
3046,4,0,3,46,0.0,0.061224489795918366,0.9387755102040817,49,1050,700,350,0.6666666666666666,14,7,7,340.1879663151885,0.45183177437641725,0.18943014460488827,0.1806759925854636,127476.57773357439,-1126.8004535990701,126349.77727997531,654,1,185.6122448979592,40,9,15,38.94703297440541,0.5877604166666667,47.535569105691046,1009.8577235772342,25.246443089430855,0
3047,4,2,2,46,0.041666666666666664,0.041666666666666664,0.9583333333333334,48,1400,1200,200,0.8571428571428571,16,12,4,331.51944209636576,0.44959736997635935,0.19122023809523858,0.17746040723981887,127793.20987654287,-1126.81327160497,126666.3966049379,655,0,178.375,41,7,17,38.842147435897445,0.589430894308943,47.22222222222221,1011.1111111111084,24.66124661246606,0
3048,4,0,2,44,0.0,0.043478260869565216,0.9565217391304348,46,1000,600,400,0.6,14,6,8,343.89165060882664,0.4457226247987118,0.19404705151699342,0.18310802885390148,127579.22620670545,-425.31386327585165,127153.9123434296,656,1,186.7826086956522,40,6,17,38.74840726955704,0.5888020833333334,47.43394308943088,1010.2642276422748,25.25660569105687,0
3049,4,0,0,44,0.0,0.0,1.0,44,1450,900,550,0.6206896551724138,20,9,11,349.59774940746973,0.44312676180408733,0.19167565286698895,0.1857178181098858,127486.19927300338,113.77766927082774,127599.97694227421,657,2,191.5,39,5,17,38.699608904933825,0.5894764957264957,47.526041666666664,1009.8958333333326,25.894764957264936,0
3050,4,1,0,45,0.022222222222222223,0.0,1.0,45,1650,1500,150,0.9090909090909091,18,15,3,344.77469344816524,0.445496632996633,0.20680153626295095,0.1848705683834129,127861.72251966437,-183.3027629056602,127678.41975675871,658,0,188.22222222222223,40,5,19,38.436997588424454,0.5916666666666667,47.154471544715456,1011.3821138211395,25.284552845528488,0
3051,4,1,0,46,0.021739130434782608,0.0,1.0,46,1550,1000,550,0.6451612903225806,21,10,11,342.880849316089,0.44739331723027376,0.2268102531091023,0.18588958419444165,128302.78320312503,-400.86171038444263,127901.92149274058,659,0,185.1086956521739,39,7,20,38.03422098841592,0.5977564102564102,46.71875,1013.1250000000002,25.97756410256411,0
3052,4,0,0,46,0.0,0.0,1.0,46,1150,800,350,0.6956521739130435,15,8,7,347.9202343310376,0.44713164251207727,0.22415518504619425,0.189371349021793,128461.13281250003,-261.1545138888886,128199.97829861114,660,1,186.1086956521739,39,7,19,37.744896561172766,0.5993589743589743,46.5625,1013.7500000000002,25.993589743589748,0
3053,4,0,0,46,0.0,0.0,1.0,46,900,700,200,0.7777777777777778,11,7,4,347.16387909348225,0.4472121578099839,0.22857130095318112,0.1892101455260892,128513.9377170138,-276.92057291667084,128237.01714409713,661,2,187.1086956521739,39,7,19,37.71017396068764,0.5998931623931624,46.510416666666664,1013.9583333333326,25.998931623931604,0
3054,4,1,1,46,0.02127659574468085,0.02127659574468085,0.9787234042553191,47,1400,800,600,0.5714285714285714,20,8,12,344.017407681149,0.44856228800493375,0.23145750643067675,0.18928534898403301,128891.61544054456,-531.808116861666,128359.8073236829,662,0,184.10638297872342,40,7,20,37.40492393915132,0.6020833333333333,46.138211382113816,1015.447154471544,25.3861788617886,0
3055,4,0,2,44,0.0,0.043478260869565216,0.9565217391304348,46,900,700,200,0.7777777777777778,11,7,4,345.63945304318014,0.44737318840579715,0.22853383213345801,0.19054971501194604,128969.02394614634,-284.64342074824606,128684.38052539808,663,1,187.15217391304347,40,6,20,37.28489244622312,0.6028645833333333,46.06199186991869,1015.7520325203241,25.393800813008102,0
3056,4,1,0,45,0.022222222222222223,0.0,1.0,45,1700,1300,400,0.7647058823529411,21,13,8,343.64201953205577,0.4483375420875421,0.22341992741906536,0.19123977295734113,129340.77222077922,-109.98774852693947,129230.78447225229,664,0,184.46666666666667,37,8,21,36.95732726096797,0.6117680180180181,45.69627192982455,1017.2149122806998,27.492294926505398,0
3057,4,0,1,44,0.0,0.022222222222222223,0.9777777777777777,45,1600,1000,600,0.625,22,10,12,343.1057977839786,0.44823232323232326,0.22091052707166448,0.19189121847147297,129536.03512619242,-111.0870652508737,129424.94806094155,665,1,185.46666666666667,37,8,14,36.77249389630905,0.6137387387387387,45.50438596491227,1017.9824561403489,27.513039355144564,0
3058,4,2,0,46,0.043478260869565216,0.0,1.0,46,900,600,300,0.6666666666666666,12,6,6,338.37245488849885,0.4493961352657005,0.2341142380711565,0.1911834420959705,129935.60209155151,-406.67426857331725,129528.92782297819,666,0,182.3695652173913,38,8,17,36.48747773236928,0.615953947368421,45.11217948717948,1019.5512820512812,26.83029689608635,0
3059,4,0,2,44,0.0,0.043478260869565216,0.9565217391304348,46,1450,800,650,0.5517241379310345,21,8,13,339.9899102470252,0.449657809983897,0.22511136009619337,0.1924996253391519,130017.3097468771,-359.0853057199147,129658.22444115719,667,1,183.3695652173913,38,8,18,36.36339828200294,0.6167763157894737,45.032051282051285,1019.8717948717951,26.838731443994607,0
3060,4,1,0,45,0.022222222222222223,0.0,1.0,45,1200,600,600,0.5,18,6,12,345.8605194262964,0.44802188552188554,0.24135649889545663,0.19635339434177476,130122.70752779712,0.8614429439959395,130123.56897074111,668,0,188.04444444444445,37,8,19,36.106819810137935,0.6196509009009009,44.928728070175445,1020.2850877192991,27.57527264106214,0
3061,4,0,0,45,0.0,0.0,1.0,45,1450,900,550,0.6206896551724138,20,9,11,343.6901291128695,0.447790404040404,0.23365079365079344,0.19582344565733273,130262.58680555565,-46.00694444443303,130216.57986111121,669,1,189.04444444444445,37,8,19,36.020408163265316,0.6210585585585586,44.79166666666667,1020.8333333333342,27.59009009009011,0
3062,4,2,1,46,0.0425531914893617,0.02127659574468085,0.9787234042553191,47,1350,900,450,0.6666666666666666,18,9,9,329.09857410992424,0.4490633672525439,0.2319749216300937,0.18949899844957735,130671.89554569365,-799.2130999342513,129872.6824457594,670,0,181.95744680851064,38,9,18,35.97897074190178,0.6233552631578947,44.39102564102564,1022.4358974358977,26.906207827260467,0
3063,4,1,0,47,0.02127659574468085,0.0,1.0,47,1150,800,350,0.6956521739130435,15,8,7,333.2123859266303,0.4483502929386371,0.2450859338783531,0.1927451151102105,130848.09570312547,-679.9587673610666,130168.1369357644,671,0,182.93617021276594,39,8,19,35.69580194122039,0.6233974358974359,44.21875000000002,1023.1250000000038,26.233974358974454,0
3064,4,1,1,47,0.020833333333333332,0.020833333333333332,0.9791666666666666,48,1900,1500,400,0.7894736842105263,23,15,8,325.1108197908789,0.4489140070921986,0.23810763888888853,0.1896479782113466,131171.92147531267,-1070.917815123234,130101.00366018944,672,0,180.10416666666666,40,8,20,35.57643022486774,0.625,43.90243902439026,1024.3902439024419,25.609756097561046,0
3065,4,0,1,46,0.0,0.02127659574468085,0.9787234042553191,47,900,500,400,0.5555555555555556,13,5,8,334.3755905139832,0.4484659266111625,0.2461119554204656,0.19505242779982385,131171.92147531253,-627.862259567695,130544.05921574483,673,1,184.53191489361703,40,7,21,35.33916170634921,0.625,43.902439024390254,1024.3902439024407,25.609756097561018,0
3066,4,0,1,45,0.0,0.021739130434782608,0.9782608695652174,46,1450,1100,350,0.7586206896551724,18,11,7,338.4129959274648,0.44795692431562,0.24310912667712814,0.19752473679208427,131194.69536675367,-320.4020182291457,130874.29334852453,674,2,188.2826086956522,39,7,21,35.21278173190985,0.6268696581196581,43.88020833333334,1024.4791666666683,26.268696581196625,0
3067,4,0,0,45,0.0,0.0,1.0,45,850,500,350,0.5882352941176471,12,5,7,345.41745342512377,0.44690656565656567,0.23905407755173025,0.20102163273101462,131081.84633875737,55.59151051939179,131137.43784927676,675,3,192.75555555555556,38,7,21,35.14736567553467,0.627467105263158,43.99038461538461,1024.0384615384614,26.948380566801617,0
3068,4,0,0,45,0.0,0.0,1.0,45,2150,1800,350,0.8372093023255814,25,18,7,345.93794226307796,0.44515993265993264,0.2381890292269202,0.20307962374631372,131414.71021274658,92.72916492576127,131507.43937767233,676,4,193.75555555555556,36,9,22,34.797958996888134,0.6345486111111112,43.66554054054054,1025.3378378378382,28.481606606606615,0
3069,4,0,1,44,0.0,0.022222222222222223,0.9777777777777777,45,950,600,350,0.631578947368421,13,6,7,342.94490816935524,0.4450126262626262,0.23665483465681136,0.20193181438362368,131530.20154867708,21.522578321574827,131551.72412699866,677,5,194.75555555555556,36,9,22,34.75820616972226,0.6357060185185186,43.55292792792793,1025.7882882882886,28.49411911911913,0
3070,4,0,0,44,0.0,0.0,1.0,44,1450,900,550,0.6206896551724138,20,9,11,345.3861947285598,0.4445582276250881,0.23541269157382905,0.20324119904943555,131506.13667052484,284.0808256173077,131790.21749614214,678,6,199.52272727272728,35,9,22,34.71987136086664,0.6375,43.5763888888889,1025.6944444444457,29.305555555555593,0
3071,4,0,0,44,0.0,0.0,1.0,44,1300,800,500,0.6153846153846154,18,8,10,345.7450584260537,0.444481148696265,0.23789940444719293,0.20419797261416917,131645.74361100982,303.1730632659858,131948.9166742758,679,7,200.52272727272728,36,8,19,34.5698909982077,0.6368634259259259,43.440315315315324,1026.23873873874,28.506631631631667,0
3072,4,1,0,45,0.022222222222222223,0.0,1.0,45,1300,900,400,0.6923076923076923,17,9,8,339.60276877446984,0.4448442760942761,0.24272774695309907,0.20246546749073357,132003.33275623262,-34.26054170514868,131969.07221452746,680,0,197.04444444444445,37,8,20,34.36744202589272,0.6385135135135135,43.09210526315789,1027.6315789473679,27.773826458036968,0
3073,4,0,0,45,0.0,0.0,1.0,45,1700,1400,300,0.8235294117647058,20,14,6,342.7238235525264,0.4442550505050505,0.24796877526039918,0.20482538075915588,132095.80342793485,54.47576521295329,132150.2791931478,681,1,198.04444444444445,38,7,20,34.19420771842307,0.637609649122807,43.00213675213676,1027.9914529914531,27.05240665766982,0
3074,4,0,0,45,0.0,0.0,1.0,45,1700,1400,300,0.8235294117647058,20,14,6,342.58690796257326,0.44347643097643097,0.24402371390323152,0.20594831953416548,132317.61203342024,66.05631510417214,132383.66834852443,682,2,199.04444444444445,39,6,21,33.97465914076472,0.6380876068376069,42.786458333333336,1028.8541666666674,26.38087606837609,0
3075,4,0,1,44,0.0,0.022222222222222223,0.9777777777777777,45,1150,800,350,0.6956521739130435,15,8,7,341.88071689395093,0.4429503367003367,0.2383247747916588,0.20612509934494272,132427.7842747985,54.99882115911552,132482.78309595762,683,3,200.04444444444445,35,10,21,33.88210296487873,0.6467261904761905,42.679398148148145,1029.2824074074072,29.408068783068774,0
3076,4,0,0,44,0.0,0.0,1.0,44,1000,700,300,0.7,13,7,6,350.6178532797654,0.44129889006342493,0.2427986257928123,0.21107194767441856,132370.5164730805,482.2932646650544,132852.80973774556,684,4,205.3409090909091,38,6,22,33.714874031007746,0.6403508771929824,42.73504273504273,1029.0598290598284,27.080521817363906,0
3077,4,0,2,42,0.0,0.045454545454545456,0.9545454545454546,44,1700,1300,400,0.7647058823529411,21,13,8,352.03357098493893,0.4410786645525018,0.24427730542838488,0.2127507233343759,132517.1467764058,530.105439992346,133047.25221639816,685,5,206.3409090909091,35,9,22,33.53098770983213,0.6476190476190475,42.59259259259258,1029.629629629628,29.41798941798937,0
3078,4,0,0,42,0.0,0.0,1.0,42,1300,1000,300,0.7692307692307693,16,10,6,343.79568375733476,0.4403794037940379,0.08164202526596465,0.19704726713394186,130492.60567577725,695.2119536954506,131187.8176294727,686,6,197.5,36,6,17,35.78474594952057,0.6252893518518519,44.56644144144145,1021.7342342342351,28.381506506506533,8
3079,4,0,0,42,0.0,0.0,1.0,42,1150,800,350,0.6956521739130435,15,8,7,343.35309753585227,0.4394115369725126,0.07520786092214715,0.19761878280396802,130654.64854570616,572.1356571252502,131226.78420283142,687,7,198.5,37,5,17,35.63206063206064,0.625,44.407894736842096,1022.3684210526299,27.631578947368375,0
3080,4,0,1,41,0.0,0.023809523809523808,0.9761904761904762,42,850,500,350,0.5882352941176471,12,5,7,343.166873908387,0.4391574719318622,0.07707136473892495,0.1976547930324712,130682.67549871115,569.1930449753743,131251.86854368652,688,8,199.5,37,5,17,35.6084673815907,0.6252815315315315,44.38048245614035,1022.4780701754387,27.63454243717402,0
3081,4,0,0,41,0.0,0.0,1.0,41,1750,1400,350,0.8,21,14,7,349.0175712431613,0.43978658536585363,0.07715072966629255,0.20138358208579338,130751.61944038619,926.9225306387315,131678.5419710249,689,9,203.6829268292683,36,5,17,35.389139690229754,0.6278935185185186,44.313063063063055,1022.7477477477466,28.409659659659628,0
3082,4,0,0,41,0.0,0.0,1.0,41,1400,1100,300,0.7857142857142857,17,11,6,344.5327789354923,0.4395071138211382,0.08163725484932582,0.19939011652279487,130866.8190995048,817.5817709601423,131684.40087046495,690,10,204.6829268292683,36,5,17,35.38731748477511,0.6290509259259259,44.20045045045045,1023.1981981981974,28.42217217217215,0
3083,4,0,1,40,0.0,0.024390243902439025,0.975609756097561,41,1600,1100,500,0.6875,21,11,10,344.52838839777945,0.43930386178861786,0.08853033420885303,0.20013466957982162,131010.89000740589,827.3941593620473,131838.28416676793,691,11,205.6829268292683,36,5,18,35.24181424852419,0.6304976851851851,44.059684684684676,1023.76126126126,28.437812812812776,0
3084,4,0,0,40,0.0,0.0,1.0,40,1050,500,550,0.47619047619047616,16,5,11,354.4246050776707,0.4370726495726496,0.08652019002375289,0.20520418686913464,130883.62328800144,1277.6752989969013,132161.29858699834,692,12,211.0,35,5,18,35.117280285035626,0.63125,44.18402777777777,1023.2638888888881,29.23611111111109,0
3085,4,1,0,41,0.024390243902439025,0.0,1.0,41,1000,600,400,0.6,14,6,8,347.3461563883932,0.437525406504065,0.10093198492960553,0.20344560588463015,131328.12499999988,923.2638888888749,132251.38888888876,693,0,206.82926829268294,36,5,20,34.849254742547416,0.6336805555555556,43.74999999999999,1024.999999999999,28.472222222222197,0
3086,4,0,0,41,0.0,0.0,1.0,41,1050,500,550,0.47619047619047616,16,5,11,348.53781787590395,0.4375508130081301,0.10313940995061932,0.2042974730279686,131356.98356718203,956.5752830533195,132313.55885023536,694,1,207.82926829268294,36,5,20,34.789584019920156,0.6339699074074074,43.721846846846844,1025.1126126126126,28.47535035035035,0
3087,4,0,1,40,0.0,0.024390243902439025,0.975609756097561,41,1300,1000,300,0.7692307692307693,16,10,6,351.38022643034947,0.4378556910569105,0.09494735263558152,0.20674231927181028,131501.32395909424,1041.392997727458,132542.7169568217,695,2,208.82926829268294,36,5,20,34.571027302005554,0.6354166666666667,43.58108108108108,1025.6756756756758,28.490990990990994,0
3088,4,0,0,40,0.0,0.0,1.0,40,1000,600,400,0.6,14,6,8,353.1259367383909,0.43745993589743587,0.09593862815884502,0.20811890314156234,131565.50068587108,1291.838134430729,132857.3388203018,696,3,209.8,35,5,17,34.46149217809869,0.638095238095238,43.51851851851852,1025.925925925926,29.312169312169317,0
3089,4,0,0,40,0.0,0.0,1.0,40,1100,800,300,0.7272727272727273,14,8,6,360.4070132471292,0.4371527777777778,0.06486332574031928,0.19926785745023912,129083.74592764075,1307.1630658436407,130390.9089934844,697,4,210.8,35,5,18,36.79290053151103,0.6130952380952381,45.94907407407408,1016.2037037037048,29.034391534391567,8
3090,4,1,0,41,0.024390243902439025,0.0,1.0,41,1250,1100,150,0.88,14,11,3,354.41450253870363,0.4388465447154472,0.07032812774170916,0.19754071748532961,129401.8231702989,972.3765573005728,130374.19972759947,698,0,206.6341463414634,36,5,20,36.621241468363785,0.6142939814814814,45.636261261261275,1017.4549549549567,28.262637637637688,0
3091,4,0,1,40,0.0,0.024390243902439025,0.975609756097561,41,950,400,550,0.42105263157894735,15,4,11,356.7274219400896,0.43894817073170733,0.06626416601667429,0.19911956220337207,129459.11864144563,1036.3235279198316,130495.44216936546,699,1,207.6341463414634,36,5,17,36.50409427907493,0.6148726851851851,45.579954954954964,1017.6801801801812,28.26889389389392,0
3092,4,0,1,39,0.0,0.025,0.975,40,1450,1100,350,0.7586206896551724,18,11,7,364.02456100819023,0.4371127136752137,0.06405130246843327,0.2029258031593532,129407.39300679436,1421.4938861025264,130828.88689289689,700,7,213.8,35,5,19,36.37112292875288,0.6163690476190475,45.63078703703703,1017.4768518518514,29.070767195767182,0
3093,4,1,0,40,0.025,0.0,1.0,40,1100,600,500,0.5454545454545454,16,6,10,373.52717927090373,0.4372996794871795,0.024743418116912386,0.1978899311456491,127376.05003652314,1518.49982734629,128894.54986386943,701,0,213.925,36,4,15,38.20862152312957,0.59375,47.635135135135144,1009.4594594594606,28.040540540540572,7
3094,4,1,0,41,0.024390243902439025,0.0,1.0,41,850,400,450,0.47058823529411764,13,4,9,349.0587703278173,0.4399390243902439,0.0604230885144319,0.1874514676975809,127922.58795975678,730.5002500769455,128653.08820983373,702,0,209.6829268292683,37,4,15,38.26640291928609,0.5974099099099099,47.094298245614034,1011.6228070175433,27.34115694642009,8
3095,4,1,2,40,0.023809523809523808,0.047619047619047616,0.9523809523809523,42,1200,700,500,0.5833333333333334,17,7,10,343.2778880250353,0.44080284552845533,0.07404533377532019,0.18587193925558895,128252.72715547167,405.2650622762918,128657.99221774796,703,0,205.66666666666666,38,4,17,38.07527335372498,0.5989583333333333,46.7681623931624,1012.9273504273515,26.655982905982935,0
3096,4,1,1,40,0.024390243902439025,0.024390243902439025,0.975609756097561,41,650,300,350,0.46153846153846156,10,3,7,344.9228412765647,0.4382367886178862,0.0957454949427774,0.1874263269793821,128394.44739006239,657.2355195829521,129051.68290964534,704,0,210.70731707317074,37,4,13,37.888920444300176,0.6021959459459459,46.62828947368421,1013.4868421052637,27.391536273115236,0
3097,4,1,0,41,0.024390243902439025,0.0,1.0,41,1450,1200,250,0.8275862068965517,17,12,5,344.02758725895774,0.4378048780487805,0.10024081640189131,0.18746158511394123,128505.5993791359,641.8942607340686,129147.49363986998,705,0,211.6829268292683,37,4,14,37.79818229335638,0.603322072072072,46.51864035087719,1013.9254385964914,27.403390232337607,0
3098,4,2,0,43,0.046511627906976744,0.0,1.0,43,1250,900,350,0.72,16,9,7,329.1061556572726,0.43950719822812845,0.11223820819377028,0.18189408206440236,129069.04432508706,-104.5166015624751,128964.52772352459,706,0,202.7906976744186,39,4,17,37.60304544677943,0.6055021367521367,45.96354166666668,1016.1458333333354,26.05502136752142,0
3099,4,0,0,43,0.0,0.0,1.0,43,1000,700,300,0.7,13,7,6,327.4613439554708,0.4397609819121447,0.1040708993725532,0.1814704858410813,129174.9145507814,-140.04177517359673,129034.8727756078,707,1,203.7906976744186,39,4,17,37.537251938381665,0.6065705128205128,45.85937500000001,1016.5625000000011,26.065705128205156,0
3100,4,0,0,43,0.0,0.0,1.0,43,1200,1000,200,0.8333333333333334,14,10,4,327.7922643775873,0.43971483942414175,0.08947071415135399,0.18263246127643476,129386.78521050373,-117.6025390624755,129269.18267144126,708,2,204.7906976744186,39,4,17,37.31367956725026,0.6087072649572649,45.65104166666668,1017.3958333333354,26.087072649572704,0
3101,4,1,0,44,0.022727272727272728,0.0,1.0,44,1200,700,500,0.5833333333333334,17,7,10,321.913992708519,0.44183844256518673,0.09648036788114589,0.18075876464523769,129692.62390318295,-450.0259228963922,129242.59798028655,709,0,201.11363636363637,40,4,13,37.1530895606771,0.61015625,45.350609756097576,1018.5975609756123,25.464939024390308,0
3102,4,0,2,42,0.0,0.045454545454545456,0.9545454545454546,44,900,600,300,0.6666666666666666,12,6,6,322.76145854808993,0.44111169837914027,0.0891500281087354,0.1815940731427134,129770.27253123156,-423.0315123273044,129347.24101890426,710,1,202.11363636363637,40,4,13,37.05282931045945,0.6109375,45.274390243902445,1018.9024390243915,25.472560975609788,0
3103,4,1,2,41,0.023255813953488372,0.046511627906976744,0.9534883720930233,43,1100,800,300,0.7272727272727273,14,8,6,320.21174935591733,0.4404300479881875,0.07908876691126543,0.18147743242717926,130055.18297846863,-270.96046913212024,129784.22250933651,711,0,196.0,40,3,14,36.82935638138885,0.6138020833333333,44.994918699187,1020.020325203253,25.500508130081325,0
3104,4,0,1,40,0.0,0.024390243902439025,0.975609756097561,41,850,400,450,0.47058823529411764,13,4,9,337.008029745659,0.4375508130081301,0.08499769903359433,0.19001516570765867,129853.92011834309,552.3627547665894,130406.28287310968,712,1,206.3170731707317,38,3,14,36.605083857442345,0.6151315789473684,45.192307692307686,1019.2307692307683,26.82186234817811,0
3105,4,1,1,40,0.024390243902439025,0.024390243902439025,0.975609756097561,41,1150,900,250,0.782608695652174,14,9,5,342.337885015736,0.4375762195121951,0.11654620052952325,0.19477985798423592,130208.06081753575,715.0304304550856,130923.09124799083,713,0,206.5121951219512,38,3,15,36.11016609093129,0.6186951754385965,44.84508547008546,1020.6196581196563,26.858412055780427,0
3106,4,0,0,40,0.0,0.0,1.0,40,1150,700,450,0.6086956521739131,16,7,9,348.81970842637526,0.43623130341880345,0.1206054582572258,0.19831796129042564,130178.6502217025,1081.7757627346484,131260.42598443714,714,1,212.475,37,3,15,35.97460244976899,0.6202139639639639,44.87390350877191,1020.5043859649096,27.58119962067323,0
3107,4,0,0,40,0.0,0.0,1.0,40,1100,900,200,0.8181818181818182,13,9,4,347.6884631403585,0.43635149572649573,0.11867346938775514,0.1981015662078783,130262.58680555527,1058.1597222221894,131320.74652777746,715,2,213.475,37,3,16,35.91836734693878,0.6210585585585586,44.79166666666665,1020.8333333333311,27.59009009009003,0
3108,4,1,0,41,0.024390243902439025,0.0,1.0,41,1100,700,400,0.6363636363636364,15,7,8,343.5071106982888,0.4376778455284553,0.13069643080170024,0.1976560157710113,130644.58832137079,775.4690125282705,131420.05733389905,716,0,209.2439024390244,38,3,13,35.63830250461561,0.6230811403508771,44.417735042735025,1022.3290598290567,26.903396311290965,0
3109,4,0,0,41,0.0,0.0,1.0,41,850,600,250,0.7058823529411765,11,6,5,345.1131421885464,0.43709349593495933,0.130612889584087,0.19928306533854867,130781.15297866873,826.858928701848,131608.0119073706,717,1,210.2439024390244,38,3,13,35.45909929670635,0.6244517543859649,44.28418803418802,1022.8632478632456,26.91745389113804,0
3110,4,0,1,40,0.0,0.024390243902439025,0.975609756097561,41,950,700,250,0.7368421052631579,12,7,5,342.06033777640295,0.4358231707317073,0.12609689888922304,0.19808064783690352,130890.45606874116,754.4867229161931,131644.94279165735,718,2,211.2439024390244,38,3,13,35.426672234982945,0.6255482456140351,44.17735042735042,1023.2905982905969,26.92869995501571,0
3111,4,0,0,40,0.0,0.0,1.0,40,1150,800,350,0.6956521739130435,15,8,7,348.86113554719356,0.43253205128205124,0.1260506003430535,0.20137231883565718,130766.77439212054,1123.8890812557597,131890.6634733763,719,3,217.3,37,3,13,35.377805174385365,0.6261261261261262,44.29824561403508,1022.8070175438587,27.643432906590775,0
3112,4,0,1,39,0.0,0.025,0.975,40,1500,1200,300,0.8,18,12,6,359.0542169753637,0.4321047008547008,0.12235761074719664,0.19611894070934516,128601.01814229778,1299.029791868877,129900.04793416665,720,4,218.3,36,4,16,37.31981606898339,0.6061921296296297,46.42454954954955,1014.3018018018024,28.175050050050068,8
3113,4,1,1,39,0.025,0.025,0.975,40,1700,1200,500,0.7058823529411765,22,12,10,363.205797065498,0.43366720085470084,0.14075253724897419,0.2000007189310727,128922.8476550477,1365.1051285010763,130287.95278354878,721,0,219.05,37,3,17,36.88593176419779,0.607545045045045,46.10745614035088,1015.5701754385965,27.447842579421525,0
3114,4,0,0,39,0.0,0.0,1.0,39,1050,600,450,0.5714285714285714,15,6,9,364.4148750497784,0.43100539811066124,0.14407300017056124,0.20091822573037918,128972.5113627142,1599.9003226199334,130572.41168533413,722,1,224.30769230769232,36,3,17,36.80455469327422,0.6099537037037037,46.058558558558566,1015.7657657657668,28.215715715715746,0
3115,4,1,0,40,0.025,0.0,1.0,40,1200,900,300,0.75,15,9,6,355.76734905640615,0.4332799145299145,0.13867049721242508,0.19802655040258088,129348.51794249394,1204.0016777718295,130552.51962026577,723,0,219.675,35,5,19,36.6410901884932,0.6157738095238094,45.688657407407405,1017.2453703703699,29.064153439153426,0
3116,4,0,0,40,0.0,0.0,1.0,40,500,200,300,0.4,8,2,6,356.0644510146953,0.4331864316239316,0.13666969972702447,0.1986369703884011,129436.83556241432,1217.5711591220913,130654.4067215364,724,1,220.675,35,5,17,36.54363815589931,0.6166666666666667,45.601851851851855,1017.592592592593,29.074074074074083,0
3117,4,0,1,39,0.0,0.025,0.975,40,1050,700,350,0.6666666666666666,14,7,7,354.59950789911437,0.4330662393162393,0.12996304718590102,0.19826463267467972,129525.18332315247,1185.9132533864909,130711.09657653896,725,2,221.675,35,5,17,36.49102236119006,0.6175595238095238,45.5150462962963,1017.9398148148151,29.08399470899472,0
3118,4,0,0,39,0.0,0.0,1.0,39,1300,1100,200,0.8461538461538461,15,11,4,361.50813647359035,0.43117408906882587,0.13395270713592078,0.20182482819125608,129466.28146701398,1560.6228298611195,131026.9042968751,726,5,228.30769230769232,35,4,17,36.375170590242234,0.6169642857142856,45.57291666666667,1017.708333333334,29.077380952380974,0
3119,4,0,0,39,0.0,0.0,1.0,39,1150,1000,150,0.8695652173913043,13,10,3,361.08714906118723,0.4306117858749438,0.13191809327294668,0.2023467985630782,129613.56122470862,1560.358260459547,131173.91948516818,727,6,229.30769230769232,35,4,17,36.23598166249904,0.618452380952381,45.42824074074075,1018.2870370370381,29.093915343915373,0
3120,4,0,1,38,0.0,0.02564102564102564,0.9743589743589743,39,1000,600,400,0.6,14,6,8,359.2889933090158,0.4304430949167792,0.1284205513699217,0.20187131884927717,129717.10519641287,1521.1856281957944,131238.29082460867,728,7,230.30769230769232,36,3,17,36.17644078414033,0.6174768518518519,45.32657657657659,1018.6936936936956,28.2970470470471,0
3121,4,0,0,38,0.0,0.0,1.0,38,950,600,350,0.631578947368421,13,6,7,360.03122741744016,0.42909850640113795,0.1240114767327174,0.20281989490790564,129819.89354263138,1747.8431230710123,131567.7366657024,729,8,234.5,35,3,17,36.05302385008519,0.6205357142857143,45.22569444444446,1019.0972222222239,29.11706349206354,0
3122,4,0,0,38,0.0,0.0,1.0,38,1150,900,250,0.782608695652174,14,9,5,359.5319588088115,0.4288466097676624,0.11860031550265338,0.2029972752043597,129908.37191358028,1741.2422839506244,131649.6141975309,730,9,235.5,35,3,17,35.975817438692104,0.6214285714285714,45.13888888888889,1019.4444444444447,29.126984126984134,0
3123,4,0,1,37,0.0,0.02631578947368421,0.9736842105263158,38,1100,800,300,0.7272727272727273,14,8,6,363.950043582808,0.42840208629682314,0.13036078965282472,0.20642571970005597,130085.41907793212,1868.9187885802485,131954.33786651236,731,10,236.5,35,3,17,35.68328795098706,0.6232142857142857,44.96527777777778,1020.138888888889,29.146825396825403,0
3124,4,0,0,37,0.0,0.0,1.0,37,1050,600,450,0.5714285714285714,15,6,9,369.72230602090616,0.42761511511511513,0.12960480031800214,0.20934639759954402,130019.64462868468,2214.2325680271965,132233.87719671187,732,11,239.35135135135135,34,3,17,35.602943465234816,0.6246936274509804,45.0297619047619,1019.8809523809514,29.996498599439747,0
3125,4,1,0,38,0.02631578947368421,0.0,1.0,38,1200,900,300,0.75,15,9,6,364.6788319419645,0.4300912754860123,0.1369880655962914,0.20892348035553665,130475.34722222213,1916.54620181405,132391.89342403619,733,0,234.02631578947367,34,4,20,35.268828167482326,0.6292892156862745,44.58333333333333,1021.6666666666658,30.049019607843114,0
3126,4,1,0,39,0.02564102564102564,0.0,1.0,39,900,600,300,0.6666666666666666,12,6,6,358.52668645079433,0.43286099865047234,0.14095745452540798,0.20694319583054654,130765.21675936626,1576.5639735510842,132341.78073291734,734,0,229.0,35,4,18,35.132232846742866,0.6300595238095238,44.29976851851851,1022.8009259259246,29.22288359788356,0
3127,4,1,0,40,0.025,0.0,1.0,40,700,400,300,0.5714285714285714,10,4,6,351.41629291533695,0.4351629273504274,0.13983558781480254,0.20444199305688798,131068.54056336744,1211.924128520413,132280.46469188784,735,0,224.25,36,4,20,35.007240001466315,0.6310763888888888,44.00337837837838,1023.9864864864867,28.444069069069073,0
3128,4,0,0,40,0.0,0.0,1.0,40,1300,800,500,0.6153846153846154,18,8,10,351.8294496012944,0.4345352564102564,0.13936187754204687,0.20529778723688083,131183.87972009156,1230.870439696434,132414.750159788,736,1,225.25,36,4,20,34.88008867392179,0.6322337962962963,43.89076576576576,1024.4369369369358,28.45658158158155,0
3129,4,0,1,39,0.0,0.025,0.975,40,950,800,150,0.8421052631578947,11,8,3,352.0949344293982,0.43424145299145295,0.1407180529612133,0.20607176837568822,131299.26960321798,1245.9615443145751,132545.23114753256,737,2,226.25,36,4,20,34.75671171666117,0.6333912037037037,43.77815315315315,1024.8873873873865,28.46909409409407,0
3130,4,0,1,38,0.0,0.02564102564102564,0.9743589743589743,39,1100,800,300,0.7272727272727273,14,8,6,362.5803977605119,0.4343229869545659,0.1380421055070855,0.2117125119377341,131209.51753257873,1714.799811385444,132924.31734396418,738,3,231.35897435897436,35,4,21,34.57881458050912,0.6345238095238095,43.86574074074073,1024.537037037036,29.272486772486744,0
3131,4,0,1,37,0.0,0.02631578947368421,0.9736842105263158,38,850,600,250,0.7058823529411765,11,6,5,360.8962918897479,0.43447724039829305,0.1275139067180142,0.21138211382113822,131328.12500000015,1879.1666666666806,133207.29166666683,739,4,233.44736842105263,34,4,21,34.502032520325194,0.6378676470588236,43.75000000000001,1025.0000000000011,30.147058823529445,0
3132,4,0,1,36,0.0,0.02702702702702703,0.972972972972973,37,750,500,250,0.6666666666666666,10,5,5,362.3420824354443,0.43531031031031026,0.12036630220559608,0.21256743964128377,131389.1439909297,2121.5632086167784,133510.70719954648,740,5,233.02702702702703,34,3,21,34.40330352995819,0.6384803921568627,43.69047619047619,1025.2380952380952,30.15406162464986,0
3133,4,0,0,36,0.0,0.0,1.0,36,1650,1200,450,0.7272727272727273,21,12,9,366.05869595302596,0.4338458994708995,0.12705288033881623,0.21528778822423572,131485.18786344194,2426.2592812860394,133911.44714472798,741,6,239.19444444444446,33,3,21,34.2109521249054,0.641729797979798,43.59681372549019,1025.612745098039,31.079174093879974,0
3134,4,0,0,36,0.0,0.0,1.0,36,750,500,250,0.6666666666666666,10,5,5,365.0243178229339,0.43285383597883603,0.12673486718148785,0.21556513663252802,131642.34459102261,2410.5314061899167,134052.87599721254,742,7,240.19444444444446,33,3,18,34.07869596369716,0.6433080808080809,43.44362745098039,1026.2254901960778,31.09774212715387,0
3135,4,1,1,36,0.02702702702702703,0.02702702702702703,0.972972972972973,37,600,400,200,0.6666666666666666,8,4,4,355.71147642218705,0.4346221221221221,0.12634109842496266,0.21222233420544157,132030.69905045335,1992.966978458035,134023.6660289114,743,0,234.67567567567568,34,3,19,33.92602030966446,0.6449142156862745,43.06547619047618,1027.738095238094,30.22759103641453,0
3136,4,0,0,36,0.0,0.0,1.0,36,1150,800,350,0.6956521739130435,15,8,7,361.1741150349379,0.43214285714285716,0.06350528610802608,0.20889320871720926,130843.25140610654,2251.949311060518,133095.20071716706,744,1,241.97222222222223,32,4,20,34.985499197827956,0.6376953125,44.22348484848485,1023.1060606060607,31.972064393939398,8
3137,4,0,0,36,0.0,0.0,1.0,36,1100,700,400,0.6363636363636364,15,7,8,359.7138068629153,0.43153108465608464,0.06526030101159641,0.20857225453725262,130940.15438475662,2220.1962809917295,133160.35066574835,745,2,242.97222222222223,32,4,20,34.9247471009129,0.638671875,44.128787878787875,1023.4848484848482,31.983901515151505,0
3138,4,0,0,36,0.0,0.0,1.0,36,1150,600,550,0.5217391304347826,17,6,11,360.1253575010669,0.4309854497354497,0.0627363920407833,0.20916163313887168,131004.77629833679,2235.6283797571577,133240.40467809394,746,3,243.97222222222223,32,4,20,34.848811873047204,0.6393229166666667,44.06565656565656,1023.7373737373728,31.9917929292929,0
3139,4,0,0,36,0.0,0.0,1.0,36,1150,700,450,0.6086956521739131,16,7,9,362.4780075977733,0.43073743386243385,0.06289036817882998,0.21123718373801265,131134.06795224975,2306.643135904496,133440.71108815426,747,4,244.97222222222223,32,4,21,34.657760108481256,0.640625,43.93939393939394,1024.242424242424,32.00757575757575,0
3140,4,0,1,35,0.0,0.027777777777777776,0.9722222222222222,36,1000,800,200,0.8,12,8,4,361.13692321036217,0.4305886243386243,0.06242039525042098,0.21063291574447662,131166.40082963477,2273.806084838284,133440.20691447306,748,5,245.97222222222223,32,4,21,34.65939438760835,0.6409505208333333,43.907828282828284,1024.3686868686873,32.01152146464648,0
3141,4,0,0,35,0.0,0.0,1.0,35,1100,600,500,0.5454545454545454,16,6,10,369.2403311015057,0.42990196078431375,0.0715992880752605,0.21514403292181059,131128.0059814453,2683.5496690538193,133811.55565049913,749,6,252.71428571428572,31,4,22,34.490740740740755,0.6431451612903225,43.9453125,1024.21875,33.03931451612903,0
3142,4,0,0,35,0.0,0.0,1.0,35,1050,800,250,0.7619047619047619,13,8,5,370.0276731809475,0.4300070028011205,0.06972183891350103,0.21597757660146116,131194.69536675356,2709.133572048614,133903.82893880218,750,7,253.71428571428572,31,4,22,34.40306727673275,0.6438172043010753,43.880208333333336,1024.4791666666672,33.04771505376346,0
3143,4,0,0,35,0.0,0.0,1.0,35,1150,1000,150,0.8695652173913043,13,10,3,370.15004296384393,0.4306372549019608,0.0680603948896632,0.21680216802168017,131328.12500000015,2722.222222222235,134050.3472222224,751,8,254.71428571428572,31,4,22,34.26490514905148,0.6451612903225806,43.75000000000001,1025.0000000000011,33.06451612903229,0
3144,4,0,1,34,0.0,0.02857142857142857,0.9714285714285714,35,650,400,250,0.6153846153846154,9,4,5,370.15004296384393,0.4305322128851541,0.0680603948896632,0.21680216802168017,131328.12500000015,2722.222222222235,134050.3472222224,752,9,255.71428571428572,31,4,22,34.26490514905148,0.6451612903225806,43.75000000000001,1025.0000000000011,33.06451612903229,0
3145,4,1,0,35,0.02857142857142857,0.0,1.0,35,1000,800,200,0.8,12,8,4,367.7038276210299,0.4322829131652661,0.06475900337286444,0.2165000563526516,131528.39660644546,2672.6989746093886,134201.09558105483,753,0,253.62857142857143,31,4,23,34.12509520182786,0.6471774193548387,43.55468750000001,1025.7812500000011,33.08971774193552,0
3146,4,1,0,36,0.027777777777777776,0.0,1.0,36,800,600,200,0.75,10,6,4,364.60599090445965,0.434837962962963,0.1756399347656532,0.20685647637483262,130096.48852878137,2289.657084147126,132386.1456129285,754,0,247.55555555555554,31,5,21,35.65531269942566,0.632728494623656,44.95442708333333,1020.1822916666658,32.909106182795675,8
3147,4,0,0,36,0.0,0.0,1.0,36,1450,1100,350,0.7586206896551724,18,11,7,364.7351340927533,0.4351521164021164,0.1744538017665498,0.20728275894741882,130162.91512383347,2294.997660319006,132457.9127841525,755,1,248.55555555555554,31,5,22,35.58454021521842,0.6334005376344086,44.889322916666664,1020.4427083333327,32.91750672043009,0
3148,4,1,1,36,0.02702702702702703,0.02702702702702703,0.972972972972973,37,1250,900,350,0.72,16,9,7,356.3631408049562,0.43599849849849853,0.16715084246589074,0.2045676072110153,130552.7576905418,1904.8381542699735,132457.59584481176,756,0,242.8108108108108,32,5,20,35.4027674820855,0.634765625,44.50757575757576,1021.969696969697,31.93655303030303,0
3149,4,0,0,36,0.0,0.0,1.0,36,1450,1100,350,0.7586206896551724,18,11,7,367.50242372664724,0.4346560846560847,0.17904066145656383,0.21083033782212937,130528.5644531251,2393.912760416681,132922.47721354177,757,3,250.55555555555554,31,5,20,35.14271151885833,0.6370967741935484,44.53125000000001,1021.8750000000008,32.96370967741938,0
3150,4,0,0,36,0.0,0.0,1.0,36,900,600,300,0.6666666666666666,12,6,6,369.8140510291123,0.43373015873015874,0.18346351955623508,0.21288709154549793,130661.65500217021,2464.103190104177,133125.7581922744,758,4,251.55555555555554,31,5,21,34.948633044659545,0.6384408602150538,44.40104166666667,1022.3958333333339,32.98051075268819,0
3151,4,0,0,36,0.0,0.0,1.0,36,1250,900,350,0.72,16,9,7,378.9446864248887,0.4328703703703704,0.1350057577461774,0.21047409691791982,129263.69214965377,2689.5991118950387,131953.29126154882,759,5,252.55555555555554,33,3,21,36.138226078573155,0.6193181818181819,45.7720588235294,1016.9117647058806,30.815508021390322,8
3152,4,0,0,36,0.0,0.0,1.0,36,900,700,200,0.7777777777777778,11,7,4,378.5157753258253,0.4329695767195767,0.12997537407318216,0.21090187696342258,129388.34372597051,2595.1058487120026,131983.4495746825,760,6,253.55555555555554,33,3,21,36.021942503814344,0.6205808080808081,45.64950980392155,1017.4019607843115,30.830362448009442,0
3153,4,1,0,37,0.02702702702702703,0.0,1.0,37,550,300,250,0.5454545454545454,8,3,5,367.3723111449452,0.4371246246246246,0.12260086173129725,0.20624917940657123,129685.9693877549,2128.6068594104095,131814.5762471653,761,0,247.67567567567568,34,3,19,36.00226936263053,0.6213235294117647,45.35714285714285,1018.5714285714268,29.95798319327726,0
3154,4,0,0,37,0.0,0.0,1.0,37,750,500,250,0.6666666666666666,10,5,5,361.5695089150511,0.43690565565565564,0.11880400433139604,0.2037785757618004,129837.58680555534,1989.0624999999761,131826.64930555533,762,1,248.67567567567568,34,3,19,35.99584355410192,0.6228553921568627,45.20833333333332,1019.1666666666649,29.97549019607838,0
3155,4,0,0,37,0.0,0.0,1.0,37,1200,900,300,0.75,15,9,6,362.7139214673247,0.4359359359359359,0.1231524373408599,0.205103315027415,129967.37423911155,2028.1951946158833,131995.56943372745,763,2,249.67567567567568,35,2,19,35.83475217555808,0.6220238095238095,45.081018518518505,1019.6759259259239,29.133597883597826,0
3156,4,1,0,38,0.02631578947368421,0.0,1.0,38,1200,1000,200,0.8333333333333334,14,10,4,351.89625779014335,0.4353514698909436,0.1167429532095563,0.20096978024792608,130353.7485827664,1574.8690589919013,131928.61764175832,764,0,244.07894736842104,34,4,21,35.71855327582186,0.6280637254901961,44.70238095238095,1021.1904761904759,30.035014005602232,0
3157,4,0,0,38,0.0,0.0,1.0,38,1000,700,300,0.7,13,7,6,350.18500517397456,0.43496621621621623,0.11589143357998521,0.2005894250921913,130469.43486636206,1537.6879447444894,132007.12281110656,765,1,245.07894736842104,35,3,22,35.64501434991128,0.6270833333333333,44.58912037037036,1021.6435185185165,29.18981481481476,0
3158,4,0,0,38,0.0,0.0,1.0,38,700,500,200,0.7142857142857143,9,5,4,351.0013394142115,0.4346995021337126,0.11736144642952917,0.20136392629552125,130528.5644531249,1563.140190972206,132091.7046440971,766,2,246.07894736842104,35,3,16,35.56426265715257,0.6276785714285714,44.53124999999999,1021.8749999999992,29.196428571428548,0
3159,4,0,0,38,0.0,0.0,1.0,38,1050,700,350,0.6666666666666666,14,7,7,351.5442860797413,0.4346550497866288,0.11524254376035148,0.20244734180107132,130676.44702717756,1587.7116555212506,132264.15868269882,767,3,247.07894736842104,35,3,17,35.400630141121425,0.6291666666666667,44.38657407407407,1022.4537037037031,29.212962962962948,0
3160,4,0,2,36,0.0,0.05263157894736842,0.9473684210526316,38,1200,700,500,0.5833333333333334,17,7,10,364.88849463929284,0.4343438833570412,0.07635187318790115,0.20525595023214346,129762.65889321413,1892.3121886584438,131654.9710818726,768,4,248.07894736842104,33,5,18,35.98749097907144,0.6243686868686869,45.28186274509804,1018.8725490196077,30.874925727866902,8
3161,4,0,0,36,0.0,0.0,1.0,36,1550,1300,250,0.8387096774193549,18,13,5,396.99928680405407,0.42744708994708996,-0.013903503643945214,0.2223663981686363,129595.04145408171,3089.827806122459,132684.86926020417,769,5,251.94444444444446,34,2,16,35.340669940371804,0.6204044117647058,45.44642857142858,1018.2142857142865,29.94747899159666,8
3162,4,0,0,36,0.0,0.0,1.0,36,1300,1100,200,0.8461538461538461,15,11,4,398.4186555100214,0.4267030423280423,-0.011845402724215193,0.2238521625212904,129716.28578514732,3136.2776360544135,132852.56342120175,770,6,252.94444444444446,34,2,16,35.18074870476413,0.6216299019607843,45.32738095238095,1018.6904761904757,29.961484593837522,0
3163,4,0,0,36,0.0,0.0,1.0,36,950,600,350,0.631578947368421,13,6,7,402.55801275508816,0.4264880952380952,-0.009389031638505907,0.2270554483009922,129867.92091836726,3255.874433106565,133123.79535147382,771,7,253.94444444444446,34,2,16,34.92053063925873,0.6231617647058824,45.17857142857142,1019.2857142857135,29.978991596638632,0
3164,4,0,0,36,0.0,0.0,1.0,36,1050,800,250,0.7619047619047619,13,8,5,406.79549732594154,0.4268849206349206,-0.006690629335351028,0.2300300597844379,129967.3742391117,3374.0285279492314,133341.40276706094,772,8,254.94444444444446,35,1,16,34.71102913356035,0.6220238095238095,45.08101851851851,1019.6759259259251,29.133597883597858,0
3165,4,1,1,36,0.02702702702702703,0.02702702702702703,0.972972972972973,37,900,600,300,0.6666666666666666,12,6,6,402.7903175925008,0.429710960960961,-0.006971446291834438,0.2293273516745245,130233.84871357858,3091.3866569272122,133325.2353705058,773,0,249.02702702702703,36,1,17,34.541409238011184,0.6226851851851851,44.81981981981983,1020.7207207207218,28.353353353353384,0
3166,4,0,0,36,0.0,0.0,1.0,36,1050,800,250,0.7619047619047619,13,8,5,408.5195453059636,0.4263723544973545,-0.003537186125914804,0.23258449774391832,130233.05047850228,3440.5493130572763,133673.59979155957,774,1,256.3888888888889,35,1,17,34.39602468155876,0.624702380952381,44.820601851851855,1020.717592592593,29.1633597883598,0
3167,4,0,0,36,0.0,0.0,1.0,36,900,500,400,0.5555555555555556,13,5,8,407.66347355268607,0.426223544973545,-0.0005668934240365964,0.23227337446606547,130262.58680555565,3420.6630712019974,133683.24987675765,775,2,257.3888888888889,34,2,17,34.38775510204081,0.6271446078431373,44.79166666666667,1020.8333333333342,30.024509803921593,0
3168,4,0,0,36,0.0,0.0,1.0,36,1150,800,350,0.6956521739130435,15,8,7,401.16107183513145,0.42506613756613754,0.003918746001279283,0.2296757345341799,130450.30757401003,3266.3170415224927,133716.62461553252,776,3,258.3888888888889,33,3,17,34.362503998720406,0.6313131313131313,44.6078431372549,1021.5686274509808,30.956625074272146,0
3169,4,1,1,36,0.02702702702702703,0.02702702702702703,0.972972972972973,37,1500,1200,300,0.8,18,12,6,392.0538809973698,0.42595720720720726,-0.011864444296876497,0.21858346515880772,129413.28125000022,2848.378628412179,132261.6598784124,777,0,252.3783783783784,34,3,16,35.652129402129404,0.6185661764705883,45.625000000000014,1017.5000000000017,29.926470588235343,8
3170,4,2,0,38,0.05263157894736842,0.0,1.0,38,1550,1300,250,0.8387096774193549,18,13,5,377.8121590267927,0.42623873873873874,0.003075116552148982,0.21352754605671567,129946.64216581464,2219.084286989714,132165.72645280435,778,0,246.57894736842104,36,2,17,35.470970473455566,0.6197916666666667,45.10135135135136,1019.5945945945961,28.322072072072114,0
3171,4,0,0,38,0.0,0.0,1.0,38,1050,700,350,0.6666666666666666,14,7,7,380.986767594386,0.42622392128971076,-0.0057640236603877515,0.2159560789030005,130061.48674011852,2310.34108432757,132371.82782444608,779,1,247.57894736842104,36,2,17,35.273147125929185,0.6209490740740741,44.98873873873874,1020.0450450450452,28.33458458458459,0
3172,4,0,0,38,0.0,0.0,1.0,38,1450,1100,350,0.7586206896551724,18,11,7,381.67430237401067,0.42597202465623524,-0.016648764769065405,0.217465590887518,130262.58680555572,2343.576388888912,132606.16319444464,780,2,248.57894736842104,36,2,18,35.05102040816327,0.622974537037037,44.79166666666668,1020.8333333333347,28.35648148148152,0
3173,4,2,0,40,0.05,0.0,1.0,40,1200,1000,200,0.8333333333333334,14,10,4,373.763958800696,0.42932692307692305,0.004440325780515897,0.21628624975433658,130863.12601587069,1782.3840081452565,132645.51002401594,781,0,237.1,38,2,16,34.64332950471617,0.6252741228070176,44.204059829059844,1023.1837606837629,26.925888439046393,0
3174,4,0,0,40,0.0,0.0,1.0,40,900,700,200,0.7777777777777778,11,7,4,379.2940661674258,0.42915331196581197,0.010159674389480289,0.22026640860704738,130999.80481591092,1937.4897271532245,132937.29454306414,782,1,238.1,38,2,17,34.36325923606764,0.6266447368421053,44.07051282051284,1023.7179487179515,26.93994601889346,0
3175,4,0,1,39,0.0,0.025,0.975,40,1050,700,350,0.6666666666666666,14,7,7,377.41173298132685,0.42880608974358975,0.0018925964546403495,0.2204250011748435,131218.63928154018,1904.69081013956,133123.33009167973,783,2,239.1,38,2,17,34.18969412582552,0.6288377192982456,43.85683760683762,1024.5726495726517,26.96243814664873,0
3176,4,0,1,38,0.0,0.02564102564102564,0.9743589743589743,39,1200,800,400,0.6666666666666666,16,8,8,386.9333479998757,0.42732231219073324,-0.006202367328343783,0.22580376454483694,131187.6746330602,2352.177232417671,133539.85186547786,784,3,246.10256410256412,37,2,17,33.97719772378608,0.6303490990990991,43.887061403508774,1024.4517543859652,27.687885253674732,0
3177,4,1,0,39,0.02564102564102564,0.0,1.0,39,1100,800,300,0.7272727272727273,14,8,6,383.22202859901466,0.42872807017543857,0.00929360386219158,0.22528445213617734,131468.65051025298,2276.3365891427948,133744.98709939577,785,0,245.76923076923077,37,2,19,33.787621618731954,0.6331644144144144,43.61293859649122,1025.5482456140337,27.71752015173064,0
3178,4,0,0,39,0.0,0.0,1.0,39,1150,700,450,0.6086956521739131,16,7,9,386.79505442325967,0.42889676113360325,0.0006355467893932598,0.22856071397738056,131665.5124653739,2385.5138119421317,134051.02627731604,786,1,246.76923076923077,37,2,16,33.496705840455846,0.6351351351351351,43.421052631578945,1026.3157894736837,27.73826458036983,0
3179,4,0,0,39,0.0,0.0,1.0,39,950,700,250,0.7368421052631579,12,7,5,387.6480056405869,0.42819388214125054,-0.0021358393848782686,0.22974278005180065,131778.07113727278,2416.701292705422,134194.7724299782,787,2,247.76923076923077,37,2,16,33.36092125872133,0.6362612612612613,43.31140350877192,1026.7543859649106,27.75011853959218,0
3180,4,0,1,38,0.0,0.02564102564102564,0.9743589743589743,39,850,600,250,0.7058823529411765,11,6,5,385.5513664104806,0.4283344579397211,0.0007446464845568546,0.2288386627250033,131834.36850761742,2365.7841835949152,134200.15269121234,788,3,248.76923076923077,37,2,16,33.35780126699409,0.6368243243243243,43.2565789473684,1026.9736842105237,27.756045519203344,0
3181,4,0,0,38,0.0,0.0,1.0,38,800,600,200,0.75,10,6,4,384.4816252188291,0.42659435751541014,0.015569262573661202,0.22871164105874298,131918.83710612854,2544.073777508435,134462.91088363697,789,4,255.42105263157896,37,1,16,33.29986747073682,0.6376689189189189,43.17434210526314,1027.3026315789452,27.76493598862014,0
3182,4,0,1,37,0.0,0.02631578947368421,0.9736842105263158,38,1100,800,300,0.7272727272727273,14,8,6,381.0702063895762,0.42623873873873874,0.010946896741480527,0.22735652733860529,132031.5039843987,2462.654494652164,134494.15847905088,790,5,256.42105263157896,37,1,17,33.2736539350617,0.638795045045045,43.06469298245612,1027.7412280701726,27.776789947842502,0
3183,4,0,0,37,0.0,0.0,1.0,37,1250,800,450,0.64,17,8,9,388.7140754847648,0.4248310810810811,0.01155761024182067,0.2307989823190787,131848.06428049647,2850.239682249787,134698.30396274626,791,6,264.1081081081081,36,1,17,33.2627467105263,0.6388888888888888,43.24324324324323,1027.027027027025,28.528528528528472,0
3184,4,0,0,37,0.0,0.0,1.0,37,1300,1000,300,0.7692307692307693,16,10,6,388.763004373856,0.42454954954954954,0.01645793096911019,0.2315322227093378,131963.74584043474,2860.5244602710454,134824.2703007058,792,7,265.1081081081081,36,1,18,33.14449985386524,0.6400462962962963,43.13063063063061,1027.477477477475,28.541041041040973,0
3185,4,0,0,37,0.0,0.0,1.0,37,950,800,150,0.8421052631578947,11,8,3,391.78107254269673,0.4233921421421421,0.01845213957797487,0.2345805228450728,132166.31063073195,2956.0517865838683,135122.36241731583,793,8,266.1081081081081,36,1,19,32.86218194429233,0.6420717592592593,42.93355855855855,1028.2657657657649,28.562937937937914,0
3186,4,1,0,38,0.02631578947368421,0.0,1.0,38,1150,900,250,0.782608695652174,14,9,5,382.757312861967,0.42514224751066854,0.017880687935789785,0.23094287768127003,132455.958386596,2539.9002465303097,134995.8586331263,794,0,260.07894736842104,36,2,20,32.80184516646611,0.6449652777777778,42.652027027027025,1029.3918918918914,28.594219219219205,0
3187,4,0,0,38,0.0,0.0,1.0,38,600,400,200,0.6666666666666666,8,4,4,380.4101408538278,0.42502370791844474,0.012520503007107386,0.23023499259485466,132571.90626014522,2486.3395067364563,135058.24576688168,795,1,261.07894736842104,36,2,21,32.745352651722236,0.6461226851851851,42.53941441441441,1029.842342342342,28.60673173173172,0
3188,4,0,0,38,0.0,0.0,1.0,38,700,400,300,0.5714285714285714,10,4,6,381.14730850206445,0.42454954954954954,0.01626672044094879,0.23134755236985755,132680.27181440432,2514.1456986764993,135194.4175130808,796,2,262.07894736842104,37,1,11,32.61715978430536,0.6452702702702703,42.43421052631578,1030.263157894736,27.84495021337124,0
3189,4,0,1,37,0.0,0.02631578947368421,0.9736842105263158,38,1200,1000,200,0.8333333333333334,14,10,4,413.24075923455644,0.4235715979137032,0.03541789366600656,0.24036429960211156,131061.33355034706,3294.941081630868,134356.27463197793,797,3,263.07894736842104,35,3,17,33.431883689386225,0.6330357142857144,44.01041666666666,1023.958333333332,29.255952380952344,8
3190,4,0,0,37,0.0,0.0,1.0,37,1150,1000,150,0.8695652173913043,13,10,3,386.2697094599918,0.4211086086086086,-0.04564239476282794,0.22836265223274685,131684.26890432075,2773.1288580246637,134457.3977623454,798,13,271.1081081081081,35,2,16,33.49120433017591,0.6392857142857142,43.402777777777764,1026.388888888887,29.325396825396773,8
3191,4,0,1,36,0.0,0.02702702702702703,0.972972972972973,37,850,500,350,0.5882352941176471,12,5,7,385.2628007252475,0.4198260760760761,-0.0409014897913802,0.22865798199565995,131832.80452942796,2758.0551000942864,134590.85962952225,799,14,272.1081081081081,35,2,17,33.36679157744467,0.6407738095238096,43.25810185185184,1026.967592592591,29.341931216931172,0
3192,4,0,0,36,0.0,0.0,1.0,36,1050,700,350,0.6666666666666666,14,7,7,394.62222497457816,0.41875,-0.03217611375140084,0.23430185374092805,131847.2381660997,3205.970096371871,135053.20826247157,800,15,279.1111111111111,34,2,17,33.11188709864379,0.6430759803921569,43.24404761904761,1027.023809523809,30.206582633053205,0
3193,4,0,0,36,0.0,0.0,1.0,36,1200,900,300,0.75,15,9,6,397.46050007668885,0.41747685185185185,-0.03281014710992691,0.23713037298977546,132030.69905045335,3295.397534013589,135326.09658446693,801,16,280.1111111111111,34,2,17,32.85334375844627,0.6449142156862745,43.06547619047618,1027.738095238094,30.22759103641453,0
3194,4,0,0,36,0.0,0.0,1.0,36,1050,900,150,0.8571428571428571,12,9,3,394.8226488325847,0.41731150793650795,-0.032345750498616876,0.23593727146500826,132091.8810232426,3230.5732709750546,135322.45429421766,802,17,281.1111111111111,34,2,17,32.859245319436404,0.6455269607843137,43.00595238095238,1027.9761904761904,30.234593837535012,0
3195,4,0,0,36,0.0,0.0,1.0,36,850,500,350,0.5882352941176471,12,5,7,392.4770189843078,0.41671626984126986,-0.028504624805423928,0.23491503901368416,132153.07716836722,3173.40915532878,135326.486323696,803,18,282.1111111111111,34,2,17,32.85766662807301,0.6461397058823529,42.94642857142856,1028.2142857142846,30.24159663865543,0
3196,4,0,1,35,0.0,0.027777777777777776,0.9722222222222222,36,1150,900,250,0.782608695652174,14,9,5,393.19278207782384,0.41630291005291004,0.007409993792675262,0.22703712255461445,130779.59183673469,3084.3183106575943,133863.91014739228,804,19,283.1111111111111,34,2,14,34.23121314400993,0.6323529411764706,44.285714285714285,1022.8571428571428,30.084033613445374,8
3197,4,0,0,35,0.0,0.0,1.0,35,1350,1000,350,0.7407407407407407,17,10,7,403.66596149019324,0.4138655462184874,0.019681779298546198,0.23374554635527825,130888.84833958093,3567.074562668208,134455.92290224915,805,20,291.42857142857144,33,2,15,33.852295409181636,0.6357323232323233,44.17892156862745,1023.2843137254903,31.0086155674391,0
3198,4,0,0,35,0.0,0.0,1.0,35,800,400,400,0.5,12,4,8,402.35861038247833,0.4127450980392157,0.022370063792307437,0.23355812873695916,130982.91710219627,3540.420901816608,134523.33800401288,806,21,292.42857142857144,33,2,15,33.79013029250967,0.6366792929292929,44.08700980392157,1023.6519607843137,31.019756387403447,0
3199,4,1,0,36,0.027777777777777776,0.0,1.0,36,1250,800,450,0.64,17,8,9,397.1819100674261,0.415162037037037,0.024163988590751195,0.23244997034469572,131297.62081916112,3229.8079648526245,134527.42878401375,807,0,285.27777777777777,34,2,17,33.60315754830218,0.6375612745098039,43.77976190476191,1024.8809523809534,30.14355742296922,0
3200,4,1,1,36,0.02702702702702703,0.02702702702702703,0.972972972972973,37,1200,1000,200,0.8333333333333334,14,10,4,389.0844726244314,0.41841841841841837,0.03073470582495874,0.2293114870573778,131565.50068587117,2838.0186899862997,134403.51937585746,808,0,278.5405405405405,35,2,15,33.53922232250303,0.638095238095238,43.518518518518526,1025.9259259259268,29.312169312169335,0
3201,4,0,0,36,0.0,0.0,1.0,36,900,700,200,0.7777777777777778,11,7,4,393.1404782045715,0.41643518518518513,0.029131376416444255,0.23192866404142393,131602.8220663266,3147.6792800453595,134750.50134637195,809,1,282.8888888888889,34,2,15,33.39738755462738,0.640625,43.48214285714286,1026.0714285714291,30.178571428571445,0
3202,4,0,0,36,0.0,0.0,1.0,36,1300,1100,200,0.8461538461538461,15,11,4,388.6876628556066,0.41574074074074074,0.028905253392091046,0.23003800389868892,131725.001771542,3039.9766156462647,134764.97838718828,810,2,283.8888888888889,34,2,16,33.38793536665506,0.6418504901960784,43.36309523809524,1026.5476190476195,30.192577030812338,0
3203,4,1,1,36,0.02702702702702703,0.02702702702702703,0.972972972972973,37,1100,700,400,0.6363636363636364,15,7,8,382.8707085463844,0.41816816816816815,0.031994156318480904,0.22848735832606806,132040.8950617284,2710.9182098765486,134751.81327160494,811,0,277.18918918918916,35,2,17,33.21790540540541,0.6428571428571428,43.05555555555556,1027.7777777777778,29.365079365079367,0
3204,4,0,1,35,0.0,0.027777777777777776,0.9722222222222222,36,1250,900,350,0.72,16,9,7,392.8582455006019,0.4150958994708995,0.03926470777507496,0.23438460493480956,132030.6990504535,3173.8697562358266,135204.56880668932,812,1,285.77777777777777,34,2,17,32.97159156724198,0.6449142156862745,43.06547619047619,1027.7380952380952,30.227591036414566,0
3205,4,0,0,35,0.0,0.0,1.0,35,900,700,200,0.7777777777777778,11,7,4,405.372983415026,0.41638655462184876,-0.01839961667465273,0.23435274692165042,130826.15460399826,3630.50141625275,134456.65602025102,813,2,286.62857142857143,33,2,17,33.87238460309854,0.6351010101010102,44.24019607843136,1023.0392156862729,31.001188354129482,8
3206,4,0,0,35,0.0,0.0,1.0,35,1700,1300,400,0.7647058823529411,21,13,8,402.6899725076929,0.41715686274509806,-0.014386619007713097,0.23375047535488236,130982.91710219615,3549.1014573721477,134532.0185595683,814,3,287.62857142857143,33,2,17,33.78165030527953,0.6366792929292929,44.08700980392156,1023.6519607843127,31.019756387403415,0
3207,4,0,0,35,0.0,0.0,1.0,35,850,500,350,0.5882352941176471,12,5,7,401.46145005920414,0.41680672268907565,-0.012654331543486386,0.23322732641130656,131014.28086553233,3519.4366349480792,134533.71750048042,815,4,288.62857142857143,33,2,17,33.781222568031275,0.6369949494949495,44.0563725490196,1023.7745098039204,31.023469994058193,0
3208,4,0,1,34,0.0,0.02857142857142857,0.9714285714285714,35,1050,900,150,0.8571428571428571,12,9,3,399.87659233296785,0.4157563025210084,-0.020969429268859585,0.23291390141100335,131114.67013888882,3485.93749999999,134600.60763888882,816,5,289.62857142857143,34,1,18,33.7198264171413,0.6357230392156863,43.95833333333333,1024.166666666666,30.122549019607824,0
3209,4,0,0,34,0.0,0.0,1.0,34,650,400,250,0.6153846153846154,9,4,5,411.63674988848425,0.4131387403446227,-0.022059703804902853,0.23894383403881223,130982.91710219625,3983.476457372163,134966.39355956842,817,9,299.0,33,1,18,33.55269065006585,0.6366792929292929,44.08700980392157,1023.6519607843136,31.019756387403444,0
3210,4,0,1,33,0.0,0.029411764705882353,0.9705882352941176,34,800,700,100,0.875,9,7,2,418.8256440678243,0.4127302436125966,-0.0045933798795825265,0.23748669354363533,130075.00120146087,4095.7492310649614,134170.75043252582,818,10,300.0,33,1,16,34.294409738907575,0.6275252525252526,44.975490196078425,1020.0980392156854,30.912061794414708,7
3211,4,0,0,33,0.0,0.0,1.0,33,850,400,450,0.47058823529411764,13,4,9,426.95031568827847,0.40834122474747475,0.010487346543789133,0.24205835792600697,130069.3188992194,4506.627353076208,134575.9462522956,819,34,309.7878787878788,32,1,18,34.09301893798738,0.6298828125,44.9810606060606,1020.075757575757,31.877367424242408,0
3212,4,0,1,32,0.0,0.030303030303030304,0.9696969696969697,33,1200,800,400,0.6666666666666666,16,8,8,432.39637933318187,0.4085385101010101,0.011725368479450715,0.24616143172742533,130230.36552392604,4662.227706356486,134892.59323028254,820,35,310.7878787878788,32,1,18,33.78948127989444,0.6315104166666667,44.82323232323232,1020.70707070707,31.897095959595937,0
3213,4,0,0,32,0.0,0.0,1.0,32,850,700,150,0.8235294117647058,10,7,3,437.39589113307863,0.4067540322580645,0.03152975250131629,0.2494338730515665,130296.89125910512,4998.268958391927,135295.16021749703,821,36,316.8125,30,2,18,33.59388713357907,0.6375,44.75806451612903,1020.967741935484,34.032258064516135,0
3214,4,0,0,32,0.0,0.0,1.0,32,1200,900,300,0.75,15,9,6,435.18815753525683,0.406228998655914,0.026989010265859203,0.2486135053348032,130365.51371545851,4946.705543993535,135312.21925945205,822,37,317.8125,30,2,18,33.580108800561554,0.6381944444444445,44.69086021505377,1021.2365591397855,34.04121863799285,0
3215,4,0,0,32,0.0,0.0,1.0,32,750,400,350,0.5333333333333333,11,4,7,433.96006532283616,0.4059139784946237,0.02222158268648866,0.24857049408582368,130468.48127312423,4923.622131171257,135392.10340429549,823,38,318.8125,30,2,18,33.50628206814892,0.6392361111111111,44.59005376344087,1021.6397849462379,34.05465949820793,0
3216,4,0,0,32,0.0,0.0,1.0,32,1000,800,200,0.8,12,8,4,435.6258133748922,0.40555695564516125,0.014655115728563706,0.250188722424674,130571.48947855258,4976.062261533146,135547.55174008574,824,39,319.8125,30,2,16,33.35853936524636,0.6402777777777777,44.48924731182797,1022.0430107526894,34.06810035842298,0
3217,4,0,0,32,0.0,0.0,1.0,32,1000,800,200,0.8,12,8,4,464.37056755145824,0.40597698252688175,-0.01886082440121717,0.25596268263941435,128962.36423647245,5579.451201005899,134541.81543747836,825,40,320.8125,30,2,17,34.27671915663183,0.6239583333333334,46.068548387096776,1015.725806451613,33.85752688172043,8
3218,4,0,0,32,0.0,0.0,1.0,32,950,800,150,0.8421052631578947,11,8,3,466.74616697681233,0.40603998655913975,-0.024381777307590724,0.25838466432493834,129133.07354896527,5654.473421782874,134787.54697074814,826,41,321.8125,30,2,18,34.040542625407745,0.6256944444444444,45.90053763440861,1016.3978494623661,33.87992831541221,0
3219,4,0,1,31,0.0,0.03125,0.96875,32,700,400,300,0.5714285714285714,10,4,6,466.76182364598526,0.40515793010752693,-0.02223764208300283,0.2592892773645759,129269.72229448498,5667.634264076785,134937.35655856176,827,42,322.8125,30,2,18,33.89946250770994,0.6270833333333333,45.76612903225807,1016.9354838709684,33.89784946236561,0
3220,4,1,1,31,0.03125,0.03125,0.96875,32,500,300,200,0.6,7,3,4,461.44785429268995,0.4073630712365592,-0.014414511020192755,0.2588001770522368,129645.87894915619,5564.962531795614,135210.8414809518,828,0,308.75,30,2,17,33.647881747393434,0.6309027777777778,45.3965053763441,1018.4139784946254,33.947132616487515,0
3221,4,0,0,31,0.0,0.0,1.0,31,900,700,200,0.7777777777777778,11,7,4,466.2493047452959,0.405152329749104,-0.004617718846889662,0.2620642643913219,129731.4453125002,5897.439236111138,135628.88454861133,829,1,316.6774193548387,29,2,17,33.437713019768246,0.634698275862069,45.312500000000014,1018.7500000000016,35.129310344827644,0
3222,4,0,0,31,0.0,0.0,1.0,31,950,800,150,0.8421052631578947,11,8,3,466.78537115991753,0.4049283154121864,0.0017845447872393283,0.26331574473041014,129872.9769483026,5924.561149691377,135797.538097994,830,2,317.6774193548387,29,2,17,33.27868805922697,0.6361350574712643,45.17361111111112,1019.3055555555566,35.14846743295023,0
3223,4,0,0,31,0.0,0.0,1.0,31,950,700,250,0.7368421052631579,12,7,5,462.39081061254365,0.4049731182795699,-0.0009314505144943919,0.2615464816269106,129979.17631172857,5820.235339506197,135799.41165123478,831,3,318.6774193548387,29,2,18,33.281689821120494,0.6372126436781609,45.06944444444446,1019.7222222222236,35.162835249042196,0
3224,4,0,0,31,0.0,0.0,1.0,31,950,600,350,0.631578947368421,13,6,7,459.8525139903452,0.40542114695340503,0.0017394054395949432,0.2605830912611958,130050.00000000013,5760.763888888904,135810.76388888902,832,4,319.6774193548387,29,2,18,33.273760893246184,0.6379310344827587,45.00000000000001,1020.000000000001,35.17241379310348,0
3225,4,0,1,30,0.0,0.03225806451612903,0.967741935483871,31,850,600,250,0.7058823529411765,11,6,5,466.96837618907955,0.40537634408602147,0.004294050237753311,0.2653377153798274,130156.27170138892,5955.772569444449,136112.04427083337,833,5,320.6774193548387,29,2,18,32.983275486593165,0.6390086206896552,44.895833333333336,1020.416666666667,35.186781609195414,0
3226,4,2,2,30,0.0625,0.0625,0.9375,32,1000,900,100,0.9,11,9,2,442.50356540799646,0.411101310483871,-0.00536923228605235,0.2548163983390333,130674.53833174359,5164.833226745869,135839.37155848945,834,0,302.34375,30,2,17,33.07753823232987,0.6413194444444444,44.388440860215056,1022.4462365591401,34.081541218638,0
3227,4,0,0,30,0.0,0.0,1.0,30,700,400,300,0.5714285714285714,10,4,6,461.28758593547445,0.4039750957854406,0.0037047113771369045,0.26306633391867124,130298.0348186728,6020.973186728393,136319.00800540118,835,7,323.5,29,1,18,32.98289915204281,0.6404454022988506,44.75694444444444,1020.972222222222,35.205938697318,0
3228,4,0,0,30,0.0,0.0,1.0,30,1100,800,300,0.7272727272727273,14,8,6,460.75936263339145,0.403352490421456,0.010083843190573427,0.26372646787304227,130439.87509645053,6020.278742283939,136460.15383873446,836,8,324.5,29,1,18,32.85109336052573,0.641882183908046,44.61805555555555,1021.527777777777,35.22509578544059,0
3229,4,0,0,30,0.0,0.0,1.0,30,750,600,150,0.8,9,6,3,461.92337360564005,0.40347222222222223,0.016397082143989827,0.2648768713652915,130510.82417052455,6057.200038580224,136568.02420910477,837,9,325.5,29,1,17,32.74871437633093,0.6426005747126438,44.5486111111111,1021.8055555555543,35.23467432950187,0
3230,4,0,0,30,0.0,0.0,1.0,30,950,800,150,0.8421052631578947,11,8,3,458.3173090654517,0.4030651340996168,0.01790274381961421,0.26401659071516853,130688.28124999988,5979.340277777766,136667.62152777764,838,10,326.5,29,1,17,32.6592637870144,0.6443965517241379,44.37499999999999,1022.4999999999991,35.25862068965514,0
3231,4,1,0,31,0.03225806451612903,0.0,1.0,31,950,700,250,0.7368421052631579,12,7,5,447.07576898195686,0.4049283154121864,0.01693156648752603,0.2597540909485557,131018.32807622271,5515.023955081515,136533.3520313042,839,0,316.93548387096774,30,1,18,32.60962321123803,0.6447916666666667,44.05241935483871,1023.7903225806454,34.12634408602151,0
3232,4,0,0,31,0.0,0.0,1.0,31,1350,1000,350,0.7407407407407407,17,10,7,471.98333781241627,0.40403225806451615,0.04257006874669522,0.2617362146050669,129201.38888888873,6026.53991790956,135227.9288067983,840,1,317.93548387096774,27,4,17,33.83709016393442,0.6358024691358024,45.83333333333332,1016.6666666666654,37.65432098765427,8
3233,4,0,0,31,0.0,0.0,1.0,31,650,500,150,0.7692307692307693,8,5,3,468.85252163668235,0.4030465949820789,0.03825275897552105,0.2604990351922834,129277.04480229589,5922.3736890589535,135199.41849135485,841,2,318.93548387096774,27,4,17,33.83877182713882,0.6365740740740741,45.75892857142857,1016.9642857142854,37.665343915343904,0
3234,4,1,0,32,0.03125,0.0,1.0,32,750,400,350,0.5333333333333333,11,4,7,456.454656349196,0.40683803763440857,0.03525923445650658,0.2571590847883115,129822.94401918993,5451.657459704034,135274.60147889398,842,0,309.9375,28,4,18,33.593272710183754,0.6387648809523809,45.222701149425276,1019.1091954022975,36.39675697865348,0
3235,4,0,0,32,0.0,0.0,1.0,32,800,600,200,0.75,10,6,4,458.8512965098892,0.406271001344086,0.0383986928104576,0.2600157346889374,130050.0000000001,5534.722222222237,135584.72222222234,843,1,310.9375,29,3,18,33.299291938997825,0.6379310344827587,45.00000000000001,1020.0000000000008,35.17241379310347,0
3236,4,1,0,33,0.030303030303030304,0.0,1.0,33,700,400,300,0.5714285714285714,10,4,6,447.17920695568864,0.4088936237373737,0.03756356054425147,0.2557197424535098,130404.40779320999,5063.001543209893,135467.4093364199,844,0,302.4848484848485,29,4,20,33.23418094461066,0.6415229885057472,44.652777777777786,1021.3888888888897,35.22030651340999,0
3237,4,0,0,33,0.0,0.0,1.0,33,1300,1100,200,0.8461538461538461,15,11,4,448.11518036676443,0.4085779671717172,0.03872854994540931,0.25648927249786413,130439.87509645065,5090.4176311728415,135530.29272762348,845,1,303.4848484848485,29,4,20,33.174002945841835,0.641882183908046,44.61805555555556,1021.5277777777779,35.225095785440615,0
3238,4,0,1,32,0.0,0.030303030303030304,0.9696969696969697,33,1400,1200,200,0.8571428571428571,16,12,4,446.5035189792268,0.40893308080808083,0.03138572246030469,0.2569751683507494,130652.78018904309,5067.385223765416,135720.1654128085,846,2,304.4848484848485,29,4,16,32.997526377756635,0.6440373563218391,44.409722222222214,1022.3611111111102,35.25383141762449,0
3239,4,0,0,32,0.0,0.0,1.0,32,600,300,300,0.5,9,3,6,464.01812804007477,0.405262936827957,0.0432790313510476,0.26638909965690494,130556.09486474434,5716.078948672218,136272.17381341656,847,5,314.9375,28,4,16,32.64884718121749,0.6462053571428572,44.50431034482759,1021.9827586206897,36.4993842364532,0
3240,4,0,0,32,0.0,0.0,1.0,32,1000,600,400,0.6,14,6,8,464.80115906666083,0.4045908938172043,0.04691453472026974,0.26709171612279675,130592.80659598355,5739.937574316281,136332.74417029982,848,6,315.9375,28,4,16,32.5912519913785,0.6465773809523809,44.468390804597696,1022.1264367816087,36.50451559934317,0
3241,4,0,0,32,0.0,0.0,1.0,32,1100,1000,100,0.9090909090909091,12,10,2,459.71415058143464,0.40387684811827956,0.04782794426919024,0.2649625195169359,130708.89698231006,5617.7459099317775,136326.64289224183,849,7,316.9375,30,2,17,32.602468892393965,0.6416666666666666,44.354838709677416,1022.58064516129,34.08602150537634,0
3242,4,0,0,32,0.0,0.0,1.0,32,850,600,250,0.7058823529411765,11,6,5,457.3699767134833,0.40421286962365593,0.04518359169732,0.26455169169779924,130846.37674875719,5569.040857324557,136415.41760608176,850,8,317.9375,30,2,17,32.52184051497635,0.6430555555555555,44.22043010752689,1023.1182795698933,34.10394265232978,0
3243,4,0,0,32,0.0,0.0,1.0,32,700,300,400,0.42857142857142855,11,3,8,459.7802742504459,0.40425487231182794,0.044498620961387125,0.266420624668409,130915.14373048901,5638.4401375881525,136553.58386807717,851,9,318.9375,30,2,17,32.389895805971456,0.64375,44.15322580645161,1023.3870967741931,34.112903225806434,0
3244,4,0,0,32,0.0,0.0,1.0,32,750,200,550,0.26666666666666666,13,2,11,458.12477180509933,0.4034988239247312,0.03914041994750672,0.26688920192315413,131121.55306971906,5614.006315759049,136735.55938547812,852,10,319.9375,30,2,17,32.221402012248475,0.6458333333333333,43.95161290322581,1024.1935483870968,34.13978494623656,0
3245,4,0,0,32,0.0,0.0,1.0,32,850,500,350,0.5882352941176471,12,5,7,462.28622413329776,0.40341481854838707,0.03781557377049194,0.2705243637004139,131293.68505390786,5739.052383223475,137032.73743713132,853,11,320.9375,30,2,17,31.939071038251363,0.6475694444444444,43.783602150537625,1024.8655913978484,34.16218637992828,0
3246,4,1,0,33,0.030303030303030304,0.0,1.0,33,1050,700,350,0.6666666666666666,14,7,7,436.7138455372211,0.40617108585858586,0.0983695504733999,0.2444284579996801,129565.68611992727,4716.630323438478,134282.31644336574,854,0,312.1818181818182,31,2,18,34.35981263588694,0.6273521505376345,45.475260416666664,1018.098958333333,32.84190188172042,7
3247,4,0,0,33,0.0,0.0,1.0,33,1050,700,350,0.6666666666666666,14,7,7,437.15230311201265,0.406210542929293,0.09873185247178351,0.24508732348667026,129631.9770812988,4733.783467610676,134365.7605489095,855,1,313.1818181818182,31,2,19,34.28070259557603,0.6280241935483871,45.41015625,1018.3593749999998,32.85030241935483,0
3248,4,0,0,33,0.0,0.0,1.0,33,1450,1200,250,0.8275862068965517,17,12,5,422.44684171696827,0.40723642676767674,0.12094477727414477,0.21840530911434983,126381.48422144182,4079.421889628965,130460.90611107078,856,2,314.1818181818182,30,3,18,38.00294078331774,0.5975694444444444,48.62231182795699,1005.5107526881723,33.517025089605745,7
3249,4,2,0,35,0.05714285714285714,0.0,1.0,35,750,600,150,0.8,9,6,3,404.05225634001295,0.41421568627450983,0.13812802455049766,0.2129337797925379,127162.04668209875,3281.9975976670357,130444.04427976579,857,0,297.1714285714286,29,6,20,37.65893234187092,0.6084770114942528,47.84722222222222,1008.611111111111,34.779693486590034,0
3250,4,0,0,35,0.0,0.0,1.0,35,700,600,100,0.8571428571428571,8,6,2,404.72070742404,0.4136904761904762,0.13823616163602392,0.21383970468622912,127267.13204089507,3301.5287422839524,130568.66078317902,858,1,298.1714285714286,29,6,20,37.533694654737324,0.6095545977011494,47.74305555555556,1009.0277777777778,34.794061302681996,0
3251,4,0,1,34,0.0,0.02857142857142857,0.9714285714285714,35,1200,800,400,0.6666666666666666,16,8,8,405.2186630088699,0.4133403361344538,0.14152467425269788,0.2148456937572191,127407.31336805547,3325.564236111104,130732.87760416658,859,2,299.1714285714286,29,6,20,37.37661645343238,0.6109913793103448,47.604166666666664,1009.5833333333327,34.81321839080458,0
3252,4,0,0,34,0.0,0.0,1.0,34,1100,800,300,0.7272727272727273,14,8,6,405.52774266152716,0.4130087641117053,0.12114508941208868,0.21575737179058407,127547.57185570976,3544.815779320974,131092.38763503073,860,3,289.70588235294116,29,5,20,37.224294193134426,0.6124281609195402,47.46527777777777,1010.1388888888879,34.83237547892717,0
3253,4,2,0,36,0.05555555555555555,0.0,1.0,36,650,400,250,0.6153846153846154,9,4,5,383.57973886094624,0.4178406084656085,0.11534064929126675,0.2071330589849108,128144.53124999987,2630.7291666666506,130775.26041666653,861,0,274.55555555555554,31,5,22,37.165637860082306,0.6129032258064516,46.87499999999999,1012.499999999999,32.66129032258061,0
3254,4,1,0,37,0.02702702702702703,0.0,1.0,37,750,400,350,0.5333333333333333,11,4,7,375.2728678325413,0.421265015015015,0.11723831454773181,0.20411182811379688,128432.33471074383,2239.4341138659365,130671.76882460977,862,0,268.1081081081081,32,5,16,37.081153462879925,0.61328125,46.59090909090909,1013.6363636363639,31.67613636363637,0
3255,4,0,2,35,0.0,0.05405405405405406,0.9459459459459459,37,950,500,450,0.5263157894736842,14,5,9,379.4928826594779,0.4211711711711712,0.11788534457524857,0.2072376836440233,128592.36501696237,2359.9774576573554,130952.34247461973,863,1,269.1081081081081,32,5,17,36.81039669695838,0.6149088541666667,46.433080808080796,1014.2676767676753,31.695864898989853,0
3256,4,0,0,35,0.0,0.0,1.0,35,1000,800,200,0.8,12,8,4,399.87963321507175,0.4161414565826331,0.12709111241683946,0.21667094144802246,128280.65609102187,3259.3643412532983,131540.02043227517,864,2,285.37142857142857,30,5,21,36.61326345584009,0.6170138888888889,46.74059139784945,1013.0376344086004,33.76792114695335,0
3257,4,0,0,35,0.0,0.0,1.0,35,1100,800,300,0.7272727272727273,14,8,6,402.7833099666923,0.4160014005602241,0.13424517400117453,0.2189898298816745,128416.85319473343,3344.8330370562994,131761.68623178973,865,3,286.37142857142857,30,5,18,36.399902753834596,0.6184027777777779,46.60618279569892,1013.5752688172037,33.78584229390679,0
3258,4,0,0,35,0.0,0.0,1.0,35,900,500,400,0.5555555555555556,13,5,8,406.18966116352124,0.41561624649859946,0.13015452204211497,0.22140858409086736,128519.04844490695,3440.6217481789854,131959.67019308594,866,4,287.37142857142857,30,5,18,36.20868681512904,0.6194444444444445,46.505376344086024,1013.978494623656,33.799283154121866,0
3259,4,0,0,35,0.0,0.0,1.0,35,1250,800,450,0.64,17,8,9,404.36176262606716,0.41484593837535017,0.1236444982305589,0.22107947316629395,128639.3928527832,3403.370327419706,132042.76318020292,867,5,288.37142857142857,31,4,18,36.13156740683696,0.6179435483870968,46.38671875,1014.453125,32.72429435483871,0
3260,4,0,0,35,0.0,0.0,1.0,35,1200,1000,200,0.8333333333333334,14,10,4,404.09301697894375,0.41453081232493,0.1258682305507195,0.22166819615417774,128771.51701185435,3407.134162055117,132178.65117390946,868,6,289.37142857142857,31,4,19,36.00291319221723,0.6192876344086021,46.256510416666664,1014.973958333333,32.741095430107514,0
3261,4,1,0,36,0.027777777777777776,0.0,1.0,36,900,600,300,0.6666666666666666,12,6,6,397.1757262451294,0.4181382275132275,0.1302001380262252,0.21989440139431163,129137.21335833074,3058.033300173447,132195.24665850418,869,0,282.30555555555554,32,4,20,35.804089026915115,0.6204427083333333,45.89646464646464,1016.4141414141411,31.76294191919191,0
3262,4,0,0,36,0.0,0.0,1.0,36,1250,900,350,0.72,16,9,7,393.3895599323477,0.4184358465608466,0.1289326961369972,0.21888598591107553,129333.80126953125,2975.7293754105144,132309.53064494175,870,1,283.30555555555554,31,5,20,35.69935142515787,0.625,45.703125,1017.1875,32.8125,0
3263,4,0,0,36,0.0,0.0,1.0,36,850,600,250,0.7058823529411765,11,6,5,394.7399220135154,0.41828703703703707,0.1307426704709922,0.22051271734933817,129490.376061754,3023.004189623519,132513.3802513775,871,2,284.30555555555554,32,4,16,35.505055204068974,0.6240234375,45.54924242424243,1017.803030303031,31.80634469696972,0
3264,4,0,0,36,0.0,0.0,1.0,36,950,500,450,0.5263157894736842,14,5,9,396.03961766013805,0.4173280423280423,0.13354343183853423,0.2219638301896467,129618.91842987973,3066.845379298049,132685.7638091778,872,3,285.30555555555554,32,4,16,35.340721223393274,0.6253255208333333,45.42297979797981,1018.3080808080819,31.822127525252558,0
3265,4,0,0,36,0.0,0.0,1.0,36,1000,700,300,0.7,13,7,6,398.33950458360033,0.4167989417989418,0.12547323063368188,0.22435437135340128,129811.85154894924,3141.837727017672,132953.68927596693,873,4,286.30555555555554,32,4,17,35.08523313922275,0.6272786458333333,45.23358585858587,1019.0656565656577,31.845801767676804,0
3266,4,2,0,38,0.05263157894736842,0.0,1.0,38,1500,1300,200,0.8666666666666667,17,13,4,376.63926100219425,0.4219713134186818,0.11936101178245706,0.21560650424681987,130444.94224773248,2226.1373299319775,132671.07957766447,874,0,272.1842105263158,34,4,20,34.994221730179085,0.6289828431372548,44.61309523809524,1021.5476190476195,30.045518207282925,0
3267,4,1,1,38,0.02564102564102564,0.02564102564102564,0.9743589743589743,39,850,500,350,0.5882352941176471,12,5,7,367.1380158535925,0.4244545659019343,0.1282573502532769,0.21207619504013428,130794.81336805574,1803.9496527777972,132598.76302083355,875,0,266.1794871794872,35,4,19,34.88204344874406,0.6303571428571428,44.27083333333334,1022.9166666666681,29.226190476190517,0
3268,4,0,1,37,0.0,0.02631578947368421,0.9736842105263158,38,1500,1300,200,0.8666666666666667,17,13,4,374.5157293475214,0.42283072546230444,0.12648912517532596,0.21642324561420687,130810.0357851476,2198.083191610003,133008.1189767576,876,1,274.1578947368421,34,4,19,34.677935528918894,0.6326593137254901,44.255952380952394,1022.9761904761922,30.087535014005653,0
3269,4,0,0,37,0.0,0.0,1.0,37,1400,1100,300,0.7857142857142857,17,11,6,384.09742528604556,0.4207645145145145,0.13494078930320508,0.22133348871455602,130700.81218762047,2640.369088812032,133341.1812764325,877,2,282.05405405405406,33,4,19,34.54378395653564,0.6338383838383839,44.362745098039234,1022.5490196078457,30.986333927510476,0
3270,4,0,0,37,0.0,0.0,1.0,37,1500,1100,400,0.7333333333333333,19,11,8,383.13960712003734,0.419263013013013,0.13678853041956107,0.22240202489740626,130982.91710219649,2636.9486795944135,133619.8657817909,878,3,283.05405405405406,33,4,20,34.28196955185761,0.6366792929292929,44.08700980392158,1023.6519607843154,31.019756387403497,0
3271,4,0,0,37,0.0,0.0,1.0,37,700,400,300,0.5714285714285714,10,4,6,381.75759826999604,0.4188563563563564,0.13659710452434215,0.22214251331086968,131077.01965590165,2607.9296424452227,133684.94929834688,879,4,284.05405405405406,33,4,20,34.22191638742619,0.6376262626262627,43.99509803921569,1024.019607843138,31.030897207367815,0
3272,4,0,0,37,0.0,0.0,1.0,37,1100,700,400,0.6363636363636364,15,7,8,379.62553740985703,0.4186686686686687,0.13420718241869056,0.22144381487850634,131171.1560006969,2559.1841178873574,133730.34011858425,880,5,285.05405405405406,33,4,21,34.181097220560666,0.6385732323232323,43.90318627450981,1024.3872549019613,31.04203802733216,0
3273,4,0,0,37,0.0,0.0,1.0,37,950,700,250,0.7368421052631579,12,7,5,380.32897598498164,0.41823073073073075,0.13795422216474829,0.22203563123145606,131202.54229142654,2580.025711264918,133782.56800269146,881,6,286.05405405405406,33,4,21,34.13127990430621,0.6388888888888888,43.87254901960785,1024.50980392157,31.04575163398697,0
3274,4,0,1,36,0.0,0.02702702702702703,0.972972972972973,37,1500,1100,400,0.7333333333333333,19,11,8,381.3854460971982,0.41801176176176175,0.1311697922961823,0.22319989403155133,131296.72369100826,2614.931907199156,133911.6555982074,882,7,287.05405405405406,33,4,21,34.00880365897405,0.6398358585858586,43.78063725490196,1024.8774509803923,31.05689245395128,0
3275,4,0,0,36,0.0,0.0,1.0,36,1050,900,150,0.8571428571428571,12,9,3,385.0117377654111,0.4164517195767196,0.13315976631953275,0.22590032959499587,131394.8652479383,2917.7168350776956,134312.582083016,883,8,291.55555555555554,31,5,22,33.81646346626026,0.6458333333333333,43.68489583333333,1025.260416666666,33.07291666666665,0
3276,4,0,0,36,0.0,0.0,1.0,36,800,300,500,0.375,13,3,10,387.5031008871586,0.4157572751322751,0.13254210036388314,0.22815765536539853,131528.39660644517,2993.5323079426953,134521.92891438786,884,9,292.55555555555554,31,5,22,33.61735211982737,0.6471774193548387,43.55468749999999,1025.7812499999989,33.089717741935445,0
3277,4,0,0,36,0.0,0.0,1.0,36,1250,900,350,0.72,16,9,7,387.69357623231747,0.4151289682539683,0.13110547095318736,0.2286695644244506,131595.1877170138,3003.7217881944366,134598.90950520823,885,10,293.55555555555554,31,5,19,33.54483925549917,0.6478494623655914,43.48958333333333,1026.0416666666658,33.09811827956987,0
3278,4,0,0,36,0.0,0.0,1.0,36,1700,1500,200,0.8823529411764706,19,15,4,390.9727052033451,0.41451719576719576,0.1263490855806355,0.2318203573859833,131795.66277397997,3105.701361762144,134901.36413574213,886,11,294.55555555555554,31,5,20,33.257777495984456,0.6498655913978495,43.29427083333333,1026.822916666666,33.1233198924731,0
3279,4,0,1,35,0.0,0.027777777777777776,0.9722222222222222,36,850,600,250,0.7058823529411765,11,6,5,390.63806682826765,0.41451719576719576,0.12866497676383637,0.23243848772813214,131929.3975830078,3107.3289659288203,135036.72654893663,887,12,295.55555555555554,31,5,20,33.131073088297434,0.6512096774193548,43.1640625,1027.34375,33.140120967741936,0
3280,4,0,0,35,0.0,0.0,1.0,35,900,600,300,0.6666666666666666,12,6,6,392.1063542148827,0.4127100840336135,0.13333815918057157,0.23413672921121656,132063.20020887582,3356.563991970482,135419.7642008463,888,13,298.0571428571429,31,4,20,32.958048306730845,0.6525537634408602,43.033854166666664,1027.864583333333,33.156922043010745,0
3281,4,1,0,36,0.027777777777777776,0.0,1.0,36,1000,800,200,0.8,12,8,4,382.4025963382453,0.41574074074074074,0.13079172289698637,0.2303742470623087,132398.00347222216,2925.868055555547,135323.8715277777,889,0,290.75,32,4,21,32.86943319838058,0.6533203125,42.70833333333333,1029.166666666666,32.161458333333314,0
3282,4,0,0,36,0.0,0.0,1.0,36,1000,800,200,0.8,12,8,4,383.187454323407,0.4152943121693122,0.12509710127151585,0.23124554515904777,132462.98408644518,2951.6307328333714,135414.61481927856,890,1,291.75,32,4,21,32.78368903062266,0.6539713541666667,42.645202020202014,1029.4191919191912,32.169349747474726,0
3283,4,0,0,36,0.0,0.0,1.0,36,1100,800,300,0.7272727272727273,14,8,6,385.5680915553607,0.4148974867724868,0.12907214387901078,0.23308434296767727,132527.98064291908,3019.7121148352185,135547.6927577543,891,2,292.75,32,4,21,32.65685673410994,0.6546223958333333,42.582070707070706,1029.671717171717,32.17724116161616,0
3284,4,0,0,36,0.0,0.0,1.0,36,1050,800,250,0.7619047619047619,13,8,5,384.4502529271651,0.41474867724867726,0.13027219225110342,0.23260951504999675,132560.48489949998,2992.5823895520753,135553.06728905207,892,3,293.75,32,4,21,32.65285270557461,0.6549479166666667,42.550505050505045,1029.7979797979792,32.18118686868685,0
3285,4,0,0,36,0.0,0.0,1.0,36,550,300,250,0.5454545454545454,8,3,5,383.1673071690693,0.4144345238095238,0.12503064476587422,0.23223468736146113,132625.50536935005,2963.551550862156,135589.0569202122,893,4,294.75,32,4,17,32.620331780665204,0.6555989583333333,42.48737373737374,1030.0505050505049,32.18907828282828,0
3286,4,0,1,35,0.0,0.027777777777777776,0.9722222222222222,36,700,600,100,0.8571428571428571,8,6,2,377.9192331899547,0.4141865079365079,0.1015230287275879,0.2161947020341984,130419.01139285363,2660.2647961794705,133079.2761890331,894,5,295.75,33,3,19,34.98787742451509,0.6309974747474747,44.63848039215686,1021.4460784313719,30.95291146761733,8
3287,4,0,0,35,0.0,0.0,1.0,35,650,300,350,0.46153846153846156,10,3,7,383.9775696024572,0.41060924369747903,0.12441587340833205,0.21950491593740487,130391.51178770038,3013.483158606281,133404.99494630666,895,20,305.0571428571429,32,3,19,34.86112828120493,0.6331380208333333,44.66540404040405,1021.338383838385,31.91682449494953,0
3288,4,0,0,35,0.0,0.0,1.0,35,1200,800,400,0.6666666666666666,16,8,8,383.44969373929325,0.40983893557422973,0.13057492365536372,0.2199332651617366,130520.50053884827,3009.60919166414,133530.1097305124,896,21,306.0571428571429,32,3,18,34.743502615428966,0.6344401041666667,44.539141414141426,1021.8434343434359,31.93260732323237,0
3289,4,1,0,36,0.027777777777777776,0.0,1.0,36,1000,800,200,0.8,12,8,4,379.43972862936783,0.4132440476190476,0.1439551087708102,0.22079375852555708,131077.01965590165,2747.165753556334,133824.18540945798,897,0,298.52777777777777,33,3,19,34.281254986436885,0.6376262626262627,43.99509803921569,1024.019607843138,31.030897207367815,0
3290,4,1,0,37,0.02702702702702703,0.0,1.0,37,1250,900,350,0.72,16,9,7,376.3392090052606,0.4139451951951952,0.14893287168621727,0.2211521419210691,131453.76778162256,2494.481689734728,133948.2494713573,898,0,291.43243243243245,33,4,20,33.97914674952198,0.6414141414141414,43.62745098039216,1025.4901960784323,31.07546048722522,0
3291,4,0,0,37,0.0,0.0,1.0,37,1050,700,350,0.6666666666666666,14,7,7,376.16669583360175,0.41397647647647645,0.15065525446603023,0.22159686212688823,131548.03929077758,2496.7982566801293,134044.83754745772,899,1,292.43243243243245,33,4,20,33.88820033448813,0.6423611111111112,43.53553921568628,1025.857843137255,31.086601307189547,0
3292,4,0,0,37,0.0,0.0,1.0,37,1150,900,250,0.782608695652174,14,9,5,376.4564401871239,0.4132882882882883,0.15455909640984267,0.22249983673727353,131673.78720023562,2513.889039071527,134187.67623930715,900,2,293.43243243243245,33,4,16,33.753606965174114,0.6436237373737373,43.41299019607844,1026.3480392156873,31.101455733808706,0
3293,4,0,0,37,0.0,0.0,1.0,37,1650,1100,550,0.6666666666666666,22,11,11,371.62071254417054,0.413257007007007,0.15643628836996348,0.22109981783234808,131925.46323829785,2405.2469302672125,134330.71016856507,901,3,294.43243243243245,33,4,18,33.623479064773946,0.6461489898989898,43.16789215686275,1027.3284313725496,31.131164587046957,0
3294,4,0,0,37,0.0,0.0,1.0,37,1000,600,400,0.6,14,6,8,373.3051047738418,0.41300675675675674,0.15420810746353308,0.22265551981745632,132019.90370290267,2456.740796808909,134476.64449971158,902,4,295.43243243243245,33,4,18,33.48487558629462,0.6470959595959596,43.07598039215686,1027.696078431372,31.14230540701127,0
3295,4,0,0,37,0.0,0.0,1.0,37,1250,900,350,0.72,16,9,7,368.400999543983,0.41200575575575576,0.15175079728119045,0.22046250971283998,132145.87688629373,2336.534626105343,134482.41151239906,903,5,296.43243243243245,33,4,18,33.483810091378636,0.6483585858585859,42.95343137254902,1028.1862745098038,31.157159833630416,0
3296,4,0,0,37,0.0,0.0,1.0,37,1400,1200,200,0.8571428571428571,16,12,4,372.24332192942904,0.4113488488488488,0.144895252565572,0.2238792930458083,132334.94929834674,2452.160226835825,134787.10952518255,904,6,297.43243243243245,33,4,18,33.194378275369225,0.6502525252525253,42.76960784313725,1028.9215686274506,31.17944147355911,0
3297,4,0,0,37,0.0,0.0,1.0,37,1050,800,250,0.7619047619047619,13,8,5,374.61990704592245,0.4106919419419419,0.11986335778157353,0.2190712065116373,131267.12018140592,2453.452643312228,133720.57282471814,905,7,298.43243243243245,34,3,18,34.21211857187112,0.6372549019607843,43.80952380952381,1024.7619047619048,30.140056022408967,8
3298,4,0,0,37,0.0,0.0,1.0,37,1300,1200,100,0.9230769230769231,14,12,2,371.01173143282335,0.41019144144144143,0.11448365012330686,0.2180010269142116,131450.17715419506,2353.911564625863,133804.08871882092,906,8,299.43243243243245,34,3,18,34.119359956659714,0.639093137254902,43.63095238095239,1025.476190476191,30.161064425770324,0
3299,4,0,0,37,0.0,0.0,1.0,37,1100,600,500,0.5454545454545454,16,6,10,368.0218793877276,0.41019144144144143,0.11443458305771248,0.21745830172732028,131663.90483276662,2291.039540816348,133954.94437358298,907,9,300.43243243243245,34,3,16,33.98001005297142,0.6412377450980392,43.42261904761906,1026.3095238095252,30.18557422969192,0
3300,4,0,0,37,0.0,0.0,1.0,37,1000,700,300,0.7,13,7,6,369.7744171392564,0.4098160660660661,0.11027027027027003,0.2191961751083221,131786.1128826531,2346.226615646263,134132.33949829938,908,10,301.43243243243245,34,3,16,33.81159420289853,0.6424632352941176,43.30357142857143,1026.7857142857147,30.199579831932784,0
3301,4,0,0,37,0.0,0.0,1.0,37,800,500,300,0.625,11,5,6,369.7744171392564,0.4098160660660661,0.11027027027027003,0.2191961751083221,131786.1128826531,2346.226615646263,134132.33949829938,909,11,302.43243243243245,34,3,16,33.81159420289853,0.6424632352941176,43.30357142857143,1026.7857142857147,30.199579831932784,0
3302,4,0,0,37,0.0,0.0,1.0,37,1150,1000,150,0.8695652173913043,13,10,3,368.5166772735273,0.4099724724724725,0.10758811662845047,0.21897809170220353,131877.8061224491,2319.8341836734858,134197.6403061226,910,12,303.43243243243245,34,3,16,33.75130389429763,0.6433823529411764,43.21428571428572,1027.1428571428582,30.210084033613477,0
3303,4,0,0,37,0.0,0.0,1.0,37,1000,800,200,0.8,12,8,4,367.5024945914888,0.4091278778778779,0.10600381403301151,0.21890365982188706,131969.5312500002,2299.826388888918,134269.3576388891,911,13,304.43243243243245,34,3,16,33.68477967018115,0.6443014705882353,43.125000000000014,1027.5000000000016,30.220588235294166,0
3304,4,0,0,37,0.0,0.0,1.0,37,1150,700,450,0.6086956521739131,16,7,9,365.141982551282,0.40887762762762764,0.10175525069142077,0.21842129501703983,132130.12695312512,2249.2513020833467,134379.37825520846,912,14,305.43243243243245,35,2,17,33.58345997973658,0.64375,42.96875000000001,1028.125000000001,29.375000000000025,0
3305,4,0,0,37,0.0,0.0,1.0,37,1200,800,400,0.6666666666666666,16,8,8,367.88407002826756,0.4088463463463463,0.10190548293822,0.221103549593054,132308.68115837182,2334.8512249228334,134643.53238329466,913,15,306.43243243243245,35,2,19,33.332981775227815,0.6455357142857143,42.795138888888886,1028.819444444444,29.394841269841255,0
3306,4,0,0,37,0.0,0.0,1.0,37,1300,1100,200,0.8461538461538461,15,11,4,369.90362811791414,0.4085648148148148,0.10904761904761928,0.22321770662287901,132461.07266435973,2399.626554223256,134860.69921858297,914,16,307.43243243243245,33,4,19,33.127480158730165,0.6515151515151515,42.647058823529406,1029.4117647058813,31.194295900178222,0
3307,4,1,1,37,0.02631578947368421,0.02631578947368421,0.9736842105263158,38,1400,1100,300,0.7857142857142857,17,11,6,364.5609093613681,0.40946538643907066,0.12430663985370316,0.22287869850370712,132949.91673752823,2093.668509070287,135043.58524659852,915,0,300.3157894736842,34,4,17,32.77324060179308,0.6541053921568627,42.172619047619044,1031.309523809523,30.33263305322126,0
3308,4,0,0,37,0.0,0.0,1.0,37,1000,800,200,0.8,12,8,4,361.4261767416912,0.40881506506506504,0.10844489349162223,0.22169006891862975,133072.72002551024,2219.1928854875327,135291.91291099778,916,1,297.86486486486484,34,3,18,32.730712280296906,0.6553308823529411,42.05357142857143,1031.7857142857147,30.346638655462197,0
3309,4,0,0,37,0.0,0.0,1.0,37,500,300,200,0.6,7,3,4,359.30418031925416,0.4080955955955956,0.10474141962031203,0.22093384704737126,133164.8596938776,2169.33815192744,135334.19784580503,917,2,298.86486486486484,34,3,19,32.692954632833526,0.65625,41.964285714285715,1032.1428571428576,30.35714285714287,0
3310,4,0,0,37,0.0,0.0,1.0,37,2000,1700,300,0.85,23,17,6,360.14434993167555,0.40790790790790793,0.1080956446416439,0.2221829367928417,133287.76218820867,2200.5668934240366,135488.3290816327,918,3,299.86486486486484,34,3,20,32.54794020444239,0.6574754901960784,41.845238095238095,1032.619047619048,30.37114845938376,0
3311,4,0,0,37,0.0,0.0,1.0,37,1150,800,350,0.6956521739130435,15,8,7,360.23105712873365,0.4071884384384385,0.10278446513740636,0.2228040322157968,133382.53821855714,2209.706548996912,135592.24476755405,919,4,300.86486486486484,35,2,21,32.45063025210083,0.65625,41.75347222222222,1032.9861111111113,29.513888888888896,0
3312,4,1,0,38,0.02631578947368421,0.0,1.0,38,1400,1000,400,0.7142857142857143,18,10,8,354.5482056284808,0.41017662399241345,0.09996702798499757,0.22178491323393904,133801.3214404363,1887.8338263031483,135689.15526673946,920,0,293.92105263157896,35,3,17,32.17793284110826,0.6604166666666667,41.348379629629626,1034.6064814814808,29.560185185185166,0
3313,4,0,0,38,0.0,0.0,1.0,38,900,700,200,0.7777777777777778,11,7,4,359.3778501732906,0.40983582266477003,0.1025327181997926,0.22572159353580837,133951.04595336074,2027.807784636486,135978.8537379972,921,1,294.92105263157896,35,3,17,31.903138044126408,0.6619047619047619,41.2037037037037,1035.185185185185,29.576719576719572,0
3314,4,0,0,38,0.0,0.0,1.0,38,1050,700,350,0.6666666666666666,14,7,7,361.618176711089,0.40888750592697964,0.099764775066157,0.22824278431341632,134130.82588520227,2100.828939471871,136231.65482467413,922,2,295.92105263157896,35,3,17,31.66527001862196,0.6636904761904762,41.03009259259259,1035.879629629629,29.59656084656083,0
3315,4,0,0,38,0.0,0.0,1.0,38,950,500,450,0.5263157894736842,14,5,9,349.89575924108675,0.40845779990516834,0.03231022321378263,0.2040403360068806,131159.59357686955,1578.4371152662075,132738.03069213577,923,3,296.92105263157896,37,1,16,34.954149718118884,0.6300675675675675,43.91447368421051,1024.3421052631559,27.684921763869077,8
3316,4,0,0,38,0.0,0.0,1.0,38,1000,600,400,0.6,14,6,8,347.54656236898427,0.4082948079658606,0.0328145145903318,0.20371644283611479,131356.983567182,1530.6418227578422,132887.62538993984,924,4,297.92105263157896,36,2,16,34.814987732981784,0.6339699074074074,43.721846846846844,1025.1126126126123,28.475350350350343,0
3317,4,0,0,38,0.0,0.0,1.0,38,1150,800,350,0.6956521739130435,15,8,7,343.9371442277022,0.40759838786154573,0.038070437902835375,0.20293592658782064,131609.25116381957,1453.0619998460963,133062.31316366568,925,5,298.92105263157896,37,1,14,34.65305977060625,0.634572072072072,43.47587719298245,1026.0964912280697,27.73233760075864,0
3318,4,0,0,38,0.0,0.0,1.0,38,1150,1000,150,0.8695652173913043,13,10,3,343.58032656526353,0.4078058321479374,0.02717030773901219,0.20332484306599213,131721.78578985823,1451.4028354878258,133173.18862534605,926,6,299.92105263157896,37,1,14,34.54879655344302,0.6356981981981982,43.36622807017543,1026.5350877192968,27.744191559980994,0
3319,4,0,0,38,0.0,0.0,1.0,38,850,400,450,0.47058823529411764,13,4,9,344.8308581257058,0.40730203888098626,0.03229613975134327,0.2043668452841207,131778.07113727287,1488.2290704832135,133266.30020775608,927,7,300.92105263157896,37,1,15,34.45998860885661,0.6362612612612613,43.311403508771924,1026.7543859649113,27.750118539592197,0
3320,4,0,0,38,0.0,0.0,1.0,38,1350,900,450,0.6666666666666666,18,9,9,343.0262112691104,0.40663525367472736,0.032613153119751104,0.20405159196065384,131918.83710612892,1450.323777508477,133369.1608836374,928,8,301.92105263157896,37,1,15,34.36454886683033,0.6376689189189189,43.174342105263165,1027.3026315789484,27.764935988620227,0
3321,4,0,0,38,0.0,0.0,1.0,38,800,400,400,0.5,12,4,8,343.33275022222233,0.40518314366998576,0.03367578947368455,0.20514624176758026,132087.85545792943,1470.0173370652617,133557.87279499468,929,9,302.92105263157896,37,1,15,34.186555555555564,0.6393581081081081,43.00986842105264,1027.96052631579,27.782716927453784,0
3322,4,0,1,37,0.0,0.02631578947368421,0.9736842105263158,38,1100,800,300,0.7272727272727273,14,8,6,341.38931585799503,0.4053313181602655,0.036231558745461356,0.20459363536307576,132200.59447378045,1426.3741006848309,133626.96857446528,930,10,303.92105263157896,37,1,17,34.12310747414438,0.6404842342342343,42.90021929824562,1028.3991228070179,27.79457088667616,0
3323,4,0,0,37,0.0,0.0,1.0,37,1100,600,500,0.5454545454545454,16,6,10,350.40328138016963,0.4002127127127127,0.03915973798790562,0.20980540080539922,132166.3106307325,1862.301786583926,134028.61241731644,931,16,312.86486486486484,36,1,17,33.92586609717811,0.6420717592592593,42.93355855855858,1028.2657657657692,28.56293793793803,0
3324,4,0,0,37,0.0,0.0,1.0,37,800,500,300,0.625,11,5,6,350.41260613991443,0.3995245245245245,0.039823074305833206,0.21045490842131,132282.13168827648,1870.66530212649,134152.79699040297,932,17,313.86486486486484,36,1,17,33.809067688378036,0.6432291666666667,42.820945945945965,1028.716216216219,28.57545045045053,0
3325,4,0,0,37,0.0,0.0,1.0,37,1350,1000,350,0.7407407407407407,17,10,7,350.4059085558602,0.39877377377377377,0.04464280432763701,0.2109360469290813,132369.0307706357,1876.5780983686627,134245.60886900435,933,18,314.86486486486484,36,1,17,33.721820967388936,0.6440972222222222,42.7364864864865,1029.0540540540558,28.584834834834883,0
3326,4,0,0,37,0.0,0.0,1.0,37,850,500,350,0.5882352941176471,12,5,7,352.8123678783507,0.3986486486486487,0.048645002096767476,0.21288420623541743,132457.56842635464,1946.5368423823088,134404.10526873695,934,19,315.86486486486484,35,2,17,33.57085300951954,0.6470238095238094,42.65046296296297,1029.3981481481487,29.41137566137568,0
3327,4,0,0,37,0.0,0.0,1.0,37,950,600,350,0.631578947368421,13,6,7,350.19220028064177,0.3984296796796796,0.06351604107132802,0.20312041533827416,130953.25213304536,1771.7614996753714,132725.01363272074,935,20,316.86486486486484,36,1,20,35.15513257784134,0.6299189814814814,44.115990990991,1023.5360360360373,28.431556556556593,8
3328,4,0,0,37,0.0,0.0,1.0,37,950,500,450,0.5263157894736842,14,5,9,349.38147420903925,0.39802302302302306,0.07032852073538254,0.2034106995170938,131097.3705969484,1760.5985208181253,132857.96911776654,936,21,317.86486486486484,36,1,20,35.03019390074041,0.6313657407407407,43.97522522522523,1024.0990990991,28.44719719719722,0
3329,4,0,1,36,0.0,0.02702702702702703,0.972972972972973,37,1100,700,400,0.6363636363636364,15,7,8,369.9045453259396,0.3980855855855856,0.05789366494153758,0.20453545447434304,129086.92476260038,2194.864078605629,131281.788841206,937,22,318.86486486486484,36,1,20,36.54837101063832,0.6111111111111112,45.945945945945944,1016.2162162162157,28.228228228228215,8
3330,4,2,2,36,0.05263157894736842,0.05263157894736842,0.9473684210526316,38,1050,500,550,0.47619047619047616,16,5,11,357.4039323028002,0.40350877192982454,0.05308264025096454,0.2003722107758351,129631.081144489,1666.1823563428195,131297.26350083182,938,0,303.5263157894737,36,2,14,36.31192635187437,0.6166087962962963,45.41103603603603,1018.3558558558551,28.28766266266264,0
3331,4,0,0,36,0.0,0.0,1.0,36,1000,800,200,0.8,12,8,4,373.7811057499279,0.39837962962962964,0.05204716011809585,0.20775614745749055,129292.17864229005,2465.3946995464603,131757.5733418365,939,24,321.3888888888889,34,2,20,36.24044051660228,0.6173406862745099,45.744047619047606,1017.0238095238078,29.912464985994347,0
3332,4,0,0,36,0.0,0.0,1.0,36,800,500,300,0.625,11,5,6,373.91758120273573,0.39889219576719576,0.05855240918428373,0.20831158076653025,129383.0002834465,2475.715702947819,131858.71598639432,940,25,322.3888888888889,34,2,20,36.14434628286136,0.6182598039215687,45.65476190476189,1017.3809523809507,29.922969187675022,0
3333,4,2,0,38,0.05263157894736842,0.0,1.0,38,450,200,250,0.4444444444444444,7,2,5,363.7576610604789,0.4018195827406354,0.09768005158022519,0.2066462800544826,130147.65346004779,1868.4412030273388,132016.09466307514,941,0,306.36842105263156,36,2,16,35.62497700768862,0.6218171296296297,44.90427927927927,1020.3828828828821,28.343968968968948,0
3334,4,0,0,38,0.0,0.0,1.0,38,1250,1000,250,0.8,15,10,5,365.08711193774815,0.4021011142721669,0.10234047122880563,0.2083225200717157,130320.07250071016,1915.635779360443,132235.7082800706,942,1,307.36842105263156,36,2,17,35.41597735377375,0.6235532407407407,44.73536036036036,1021.0585585585584,28.36273773773773,0
3335,4,0,0,38,0.0,0.0,1.0,38,1550,1300,250,0.8387096774193549,18,13,5,364.940071822053,0.4012565196775723,0.10861644852872931,0.2090111320435395,130463.84222059902,1922.2967900332824,132386.1390106323,943,2,308.36842105263156,36,2,18,35.27382789535567,0.625,44.5945945945946,1021.6216216216219,28.378378378378386,0
3336,4,1,0,39,0.02564102564102564,0.0,1.0,39,1000,600,400,0.6,14,6,8,356.60213787067397,0.4053362573099415,0.10997963340122197,0.20599017611117765,130794.81336805565,1528.3420138888957,132323.15538194455,944,0,301.43589743589746,37,2,17,35.1514765784114,0.6264076576576576,44.270833333333336,1022.9166666666674,27.646396396396415,0
3337,4,0,0,39,0.0,0.0,1.0,39,800,500,300,0.625,11,5,6,357.120948868661,0.40480206927575346,0.11140697262227683,0.2065899301855843,130850.90033712289,1545.9195377423785,132396.81987486526,945,1,302.43589743589746,37,2,17,35.081426606651675,0.6269707207207207,44.21600877192982,1023.1359649122801,27.65232337600757,0
3338,4,0,0,39,0.0,0.0,1.0,39,850,700,150,0.8235294117647058,10,7,3,357.7183162353268,0.40474583895636523,0.10236084215730723,0.20753887396250947,130963.11034404818,1569.580664242848,132532.69100829103,946,2,303.43589743589746,37,2,17,34.95257543295841,0.6280968468468469,44.10635964912281,1023.5745614035088,27.66417733522997,0
3339,4,0,0,39,0.0,0.0,1.0,39,900,700,200,0.7777777777777778,11,7,4,357.51734383669077,0.40542060278902387,0.09622796903310848,0.20818029871787339,131103.44048168653,1574.3507617728383,132677.79124345936,947,3,304.43589743589746,37,2,17,34.81575660242684,0.6295045045045045,43.96929824561403,1024.1228070175428,27.678994784257913,0
3340,4,0,0,39,0.0,0.0,1.0,39,1200,1000,200,0.8333333333333334,14,10,4,359.69297697492175,0.404661493477283,0.10197150021673895,0.2103686209516657,131271.93583602645,1643.5186788242509,132915.4545148507,948,4,305.43589743589746,37,2,17,34.58966402739139,0.6311936936936937,43.80482456140351,1024.7807017543857,27.696775723091505,0
3341,4,1,1,39,0.025,0.025,0.975,40,1250,900,350,0.72,16,9,7,357.62050609748184,0.4089075854700855,0.031196971324240153,0.2039071973223304,130290.57167830496,1439.3377048707416,131729.9093831757,949,0,298.775,37,3,20,35.63650073389897,0.6213400900900901,44.76425438596492,1020.9429824561412,27.593053579895706,8
3342,4,0,0,39,0.0,0.0,1.0,39,1050,500,550,0.47619047619047616,16,5,11,363.68179925031217,0.40966599190283404,0.025327053898482665,0.20721404841006172,130262.58680555565,1674.8263888888978,131937.41319444455,950,1,299.38461538461536,38,1,20,35.51020408163266,0.6192434210526316,44.79166666666667,1020.8333333333342,26.86403508771932,0
3343,4,1,0,40,0.025,0.0,1.0,40,1050,600,450,0.5714285714285714,15,6,9,361.1405138725112,0.41071047008547007,0.0280784082376917,0.20770592293852103,130626.62459843433,1434.913266582048,132061.53786501638,951,0,292.875,37,3,18,35.205830562408394,0.6247184684684685,44.43530701754387,1022.258771929826,27.628615457562866,0
3344,4,0,0,40,0.0,0.0,1.0,40,1000,500,500,0.5,15,5,10,361.1787169956832,0.410403311965812,0.024921638282311198,0.20811809153315422,130699.20562358487,1441.154279896295,132140.35990348118,952,1,293.875,38,2,19,35.131299411416435,0.6236293859649122,44.36431623931625,1022.542735042737,26.90901934322992,0
3345,4,0,0,40,0.0,0.0,1.0,40,1400,1000,400,0.7142857142857143,18,10,8,363.61409074120184,0.4107638888888889,0.021820839423679184,0.21056201699632604,130890.45606874142,1518.7228340273323,132409.17890276876,953,2,294.875,38,2,19,34.87527841581402,0.6255482456140351,44.17735042735043,1023.2905982905991,26.928699955015766,0
3346,4,0,1,39,0.0,0.025,0.975,40,1500,1300,200,0.8666666666666667,17,13,4,365.7262318948756,0.4106169871794872,0.024984340745380473,0.21193536450822847,130917.78897518088,1576.0139299802836,132493.80290516117,954,3,295.875,38,2,19,34.79355882659985,0.6258223684210527,44.15064102564103,1023.3974358974365,26.93151147098517,0
3347,4,0,0,39,0.0,0.0,1.0,39,1200,1000,200,0.8333333333333334,14,10,4,368.10529002737934,0.40738866396761136,0.03052542275157144,0.21418911548695896,131075.36844269373,1849.9073032086612,132925.27574590239,955,4,302.28205128205127,37,2,20,34.57309401434843,0.629222972972973,43.99671052631578,1024.0131578947353,27.676031294452304,0
3348,4,0,0,39,0.0,0.0,1.0,39,700,200,500,0.2857142857142857,12,2,10,368.4270423083145,0.40713562753036436,0.035988560073338505,0.21484678085170242,131159.5935768697,1864.5482263773347,133024.14180324704,956,5,303.28205128205127,37,2,20,34.479590380361095,0.6300675675675675,43.91447368421052,1024.342105263157,27.68492176386911,0
3349,4,0,0,39,0.0,0.0,1.0,39,850,500,350,0.5882352941176471,12,5,7,371.26511699516016,0.4073605488079172,0.04000065844705292,0.21713665728640574,131271.9358360263,1947.3381232686802,133219.27395929498,957,6,304.28205128205127,37,2,20,34.293191383122895,0.6311936936936937,43.8048245614035,1024.7807017543846,27.696775723091477,0
3350,4,1,1,39,0.025,0.025,0.975,40,1050,700,350,0.6666666666666666,14,7,7,368.2588511772157,0.4089342948717949,0.03906627166995813,0.21765960892536573,131674.63705259303,1698.094159893201,133372.73121248622,958,0,297.65,36,4,19,33.96308792334136,0.6371527777777778,43.412162162162154,1026.3513513513503,28.50975975975973,0
3351,4,0,0,39,0.0,0.0,1.0,39,1000,800,200,0.8,12,8,4,369.3660772865814,0.4071075123706703,-0.004138032956476634,0.2039425183157612,129029.71172185706,1746.0082126045043,130775.71993446157,959,1,300.0,36,3,18,36.62043707973101,0.6105324074074074,46.002252252252255,1015.9909909909916,28.22197197197199,8
3352,4,0,2,37,0.0,0.05128205128205128,0.9487179487179487,39,1550,1300,250,0.8387096774193549,18,13,5,369.63331783755837,0.40626405757984707,-0.009657636776280842,0.20482995458070238,129172.76810171669,1749.3117695398214,130922.07987125652,960,2,301.0,36,3,18,36.46768029245597,0.6119791666666667,45.86148648648649,1016.5540540540549,28.237612612612637,0
3353,4,0,0,37,0.0,0.0,1.0,37,1600,1200,400,0.75,20,12,8,385.80420347505753,0.4009947447447448,-0.003370064075560064,0.21280331404348202,128989.67013888896,2552.9513888889,131542.62152777787,961,12,317.97297297297297,34,3,18,36.24384741591468,0.6142769607843137,46.04166666666667,1015.8333333333339,29.877450980392176,0
3354,4,1,0,38,0.02631578947368421,0.0,1.0,38,1150,900,250,0.782608695652174,14,9,5,374.29636469341,0.4052275960170697,0.003816558941212689,0.20916561556396449,129504.14540816336,2094.7597789115785,131598.90518707494,962,0,310.57894736842104,34,4,16,36.01120857699806,0.6194852941176471,45.53571428571429,1017.8571428571436,29.936974789915986,0
3355,4,2,0,40,0.05,0.0,1.0,40,650,300,350,0.46153846153846156,10,3,7,359.8341203358526,0.41209935897435895,0.01932119205298033,0.20426673748388655,130118.92804967143,1364.2460027595375,131483.174052431,963,0,296.0,36,4,18,35.754231052244315,0.6215277777777778,44.93243243243244,1020.2702702702715,28.340840840840873,0
3356,4,0,0,40,0.0,0.0,1.0,40,1150,1000,150,0.8695652173913043,13,10,3,361.0162432319865,0.41181891025641026,0.0266326530612242,0.20569530137636458,130262.58680555565,1405.3819444444548,131667.96875000012,964,1,297.0,36,4,18,35.578231292517,0.622974537037037,44.79166666666667,1020.8333333333342,28.356481481481506,0
3357,4,0,1,39,0.0,0.025,0.975,40,1100,800,300,0.7272727272727273,14,8,6,359.9800335449287,0.4111778846153846,0.01975920679886678,0.20588618250382326,130410.31867551856,1389.0221782835927,131799.34085380216,965,2,298.0,35,5,21,35.45479225684607,0.6264880952380952,44.64699074074073,1021.412037037036,29.18320105820103,0
3358,4,0,1,38,0.0,0.02564102564102564,0.9743589743589743,39,450,400,50,0.8888888888888888,5,4,1,360.9725550284991,0.40955353126405764,0.030153607076683908,0.20647630147630142,130414.54081632647,1615.2140022675655,132029.75481859402,966,3,305.35897435897436,34,5,21,35.42516511266511,0.6286764705882353,44.64285714285714,1021.4285714285709,30.04201680672267,0
3359,4,1,2,37,0.02564102564102564,0.05128205128205128,0.9487179487179487,39,1050,600,450,0.5714285714285714,15,6,9,359.0224040047636,0.41340530814215026,0.03476546749697551,0.20616771494186595,130566.58340419496,1575.2657312925053,132141.84913548746,967,0,303.6666666666667,34,5,14,35.32081149291399,0.6302083333333333,44.49404761904761,1022.0238095238091,30.059523809523796,0
3360,4,0,0,37,0.0,0.0,1.0,37,1050,800,250,0.7619047619047619,13,8,5,374.28384746937655,0.41188063063063063,0.05021976994295341,0.21449751371970227,130488.24737271719,2367.928655239279,132856.17602795648,968,5,318.5945945945946,32,5,15,35.01040121931126,0.6341145833333333,44.57070707070708,1021.7171717171726,31.928661616161644,0
3361,4,0,0,37,0.0,0.0,1.0,37,1450,1100,350,0.7586206896551724,18,11,7,375.30275283553874,0.4110047547547548,0.04164218566392486,0.21579908288043487,130617.28395061745,2404.205246913605,133021.48919753105,969,6,319.5945945945946,32,5,17,34.85337409420291,0.6354166666666667,44.44444444444446,1022.2222222222235,31.944444444444485,0
3362,4,0,0,37,0.0,0.0,1.0,37,1300,1100,200,0.8461538461538461,15,11,4,373.1857411386023,0.4105980980980981,0.04474064287148405,0.21539475764472857,130763.47588667824,2359.8129325259565,133123.2888192042,970,7,320.5945945945946,33,4,17,34.75916606757729,0.634469696969697,44.3014705882353,1022.7941176470591,30.993761140819974,0
3363,4,2,2,37,0.05128205128205128,0.05128205128205128,0.9487179487179487,39,1550,1000,550,0.6451612903225806,21,10,11,351.1396236413944,0.4149797570850202,0.058320310239045936,0.20630617144978458,131446.7860510973,1431.2349965706294,132878.02104766792,971,0,305.1025641025641,35,4,19,34.63224228743416,0.6369047619047619,43.63425925925925,1025.4629629629621,29.298941798941776,0
3364,4,0,0,37,0.0,0.0,1.0,37,850,600,250,0.7058823529411765,11,6,5,365.67309937030046,0.40800175175175174,0.05718424813902234,0.21313080645306637,131139.7734645329,2190.857482698968,133330.63094723187,972,1,322.13513513513516,33,4,19,34.570172290021546,0.6382575757575757,43.93382352941177,1024.2647058823532,31.03832442067737,0
3365,4,0,0,37,0.0,0.0,1.0,37,1000,700,300,0.7,13,7,6,364.169073033752,0.4076263763763764,0.055888098184171175,0.2126213733058663,131206.1295351474,2156.242913832201,133362.3724489796,973,2,323.13513513513516,34,3,20,34.541550468665285,0.6366421568627452,43.86904761904762,1024.5238095238094,30.133053221288513,0
3366,4,0,0,37,0.0,0.0,1.0,37,1400,1100,300,0.7857142857142857,17,11,6,364.0406838859858,0.4073761261261261,0.05092239574998203,0.21373431563122,131419.6588010205,2168.420493197291,133588.07929421778,974,3,324.13513513513516,34,3,21,34.328921397886916,0.6387867647058824,43.66071428571429,1025.3571428571436,30.157563025210106,0
3367,4,0,0,37,0.0,0.0,1.0,37,1150,900,250,0.782608695652174,14,9,5,384.17720692905016,0.4075638138138138,0.07865762895348705,0.21368033509446135,129319.08543381334,2536.289008916314,131855.37444272966,975,4,325.13513513513516,35,2,18,35.94864208769535,0.6154761904761905,45.71759259259259,1017.1296296296288,29.060846560846535,8
3368,4,0,0,37,0.0,0.0,1.0,37,750,500,250,0.6666666666666666,10,5,5,383.142157583244,0.40750125125125125,0.08049387118890006,0.21358292373584642,129407.39300679434,2516.285552769192,131923.67855956353,976,5,326.13513513513516,35,2,18,35.88483012929889,0.6163690476190475,45.63078703703703,1017.4768518518513,29.07076719576718,0
3369,4,0,0,37,0.0,0.0,1.0,37,950,700,250,0.7368421052631579,12,7,5,379.7769915259762,0.40740740740740744,0.0844364145864831,0.21250117159430545,129554.63927469116,2440.3742283950382,131995.0135030862,977,6,327.13513513513516,35,2,17,35.82025920873125,0.6178571428571429,45.4861111111111,1018.0555555555538,29.08730158730154,0
3370,4,0,0,37,0.0,0.0,1.0,37,1250,1000,250,0.8,15,10,5,376.84965223748713,0.4063438438438438,0.08240464075028364,0.21165627245323038,129701.9692670823,2375.6284025634236,132077.59766964574,978,7,328.13513513513516,35,2,17,35.744636026209136,0.6193452380952381,45.341435185185176,1018.6342592592578,29.103835978835935,0
3371,4,0,0,37,0.0,0.0,1.0,37,1000,800,200,0.8,12,8,4,373.73878671615813,0.4071884384384385,0.08285832681062621,0.21054190767983197,129819.89354263118,2303.7459008487617,132123.63944347994,979,8,329.13513513513516,35,2,18,35.703790459965916,0.6205357142857143,45.22569444444444,1019.0972222222223,29.117063492063494,0
3372,4,0,0,37,0.0,0.0,1.0,37,1150,800,350,0.6956521739130435,15,8,7,374.73616942876515,0.40740740740740744,0.08458447096358523,0.21190151814296695,129967.37423911194,2340.6951946159274,132308.06943372788,980,9,330.13513513513516,35,2,18,35.52828225501324,0.6220238095238095,45.081018518518526,1019.6759259259271,29.13359788359792,0
3373,4,1,0,38,0.02631578947368421,0.0,1.0,38,950,700,250,0.7368421052631579,12,7,5,368.013327780091,0.4099988146040778,0.08947368421052593,0.20968201233981965,130262.58680555581,1987.6736111111345,132250.26041666695,981,0,322.42105263157896,36,2,19,35.39965986394557,0.622974537037037,44.79166666666668,1020.8333333333354,28.356481481481538,0
3374,4,0,0,38,0.0,0.0,1.0,38,950,700,250,0.7368421052631579,12,7,5,368.0810444002362,0.4097321005215742,0.08966695896490573,0.2101992915691445,130351.21588059409,1995.9623360339413,132347.17821662803,982,1,323.42105263157896,35,3,19,35.30793097585855,0.6258928571428571,44.70486111111111,1021.1805555555552,29.17658730158729,0
3375,4,0,0,38,0.0,0.0,1.0,38,1150,800,350,0.6956521739130435,15,8,7,368.39719089549305,0.4096431958274063,0.08832223804897787,0.2116665967988352,130587.70743580669,2021.6289169667275,132609.33635277342,983,2,324.42105263157896,35,3,16,35.059850715283275,0.6282738095238095,44.473379629629626,1022.106481481481,29.20304232804231,0
3376,4,1,0,39,0.02564102564102564,0.0,1.0,39,1250,700,550,0.56,18,7,11,361.4472558366948,0.4132647323436797,0.09334010324109343,0.20980559103164453,130982.06948502547,1668.6219158347403,132650.6914008602,984,0,317.0769230769231,36,3,17,34.837962962962955,0.6302083333333333,44.08783783783783,1023.6486486486478,28.43468468468466,0
3377,4,0,0,39,0.0,0.0,1.0,39,1400,1000,400,0.7142857142857143,18,10,8,363.94867882593144,0.41329284750337386,0.10079906165237196,0.2118917596186311,131097.37059694823,1742.5429652625562,132839.91356221077,985,1,318.0769230769231,36,3,17,34.657237372626646,0.6313657407407407,43.97522522522522,1024.0990990990986,28.447197197197184,0
3378,4,0,0,39,0.0,0.0,1.0,39,1450,900,550,0.6206896551724138,20,9,11,367.6314302661238,0.41306792622582095,0.10518427110010431,0.21516486474932442,131299.26960321816,1853.947655425701,133153.21725864385,986,2,319.0769230769231,36,3,18,34.35863275097973,0.6333912037037037,43.778153153153156,1024.887387387388,28.469094094094107,0
3379,4,1,0,40,0.025,0.0,1.0,40,1650,1000,650,0.6060606060606061,23,10,13,363.5396597408276,0.4158787393162393,0.11619752163230479,0.21497755873871674,131693.6476247499,1575.172769506,133268.8203942559,987,0,312.075,37,3,16,34.06498148345974,0.6354166666666667,43.39364035087719,1026.425438596491,27.74122807017543,0
3380,4,1,0,41,0.024390243902439025,0.0,1.0,41,1500,1200,300,0.8,18,12,6,360.95690284879487,0.41737804878048784,0.12326961107448908,0.215409764603313,132040.8950617284,1332.2145061728418,133373.10956790124,988,0,305.4390243902439,38,3,17,33.78096846846847,0.6370614035087719,43.05555555555556,1027.7777777777778,27.046783625730995,0
3381,4,0,0,41,0.0,0.0,1.0,41,950,800,150,0.8421052631578947,11,8,3,356.5951491244871,0.4172510162601626,0.12210582876898068,0.21327005096488136,132123.26189139095,1222.9028553948467,133346.1647467858,989,1,306.4390243902439,38,3,17,33.810055769164165,0.6378837719298245,42.97542735042735,1028.098290598291,27.055218173639236,0
3382,4,0,0,41,0.0,0.0,1.0,41,950,600,350,0.631578947368421,13,6,7,353.80254555920186,0.4170477642276423,0.11718769795219242,0.2120612268712876,132205.65440317048,1154.9394130323672,133360.59381620286,990,2,307.4390243902439,38,3,17,33.79886938153613,0.6387061403508771,42.89529914529915,1028.4188034188037,27.063652721547466,0
3383,4,0,1,40,0.0,0.024390243902439025,0.975609756097561,41,1200,800,400,0.6666666666666666,16,8,8,353.86852051272,0.4164888211382114,0.11061740654797458,0.21240935882147552,132260.59701219955,1160.5723573672267,133421.16936956678,991,3,308.4390243902439,38,3,19,33.741864007755154,0.6392543859649122,42.84188034188034,1028.6324786324785,27.069275753486277,0
3384,4,0,0,40,0.0,0.0,1.0,40,600,500,100,0.8333333333333334,7,5,2,359.4565101362771,0.4143429487179487,0.10470782682874802,0.21526073767931087,132172.40521121887,1502.0463027085293,133674.4515139274,992,4,316.9,37,3,19,33.686997938437486,0.6402027027027026,42.92763157894737,1028.2894736842109,27.791607396870564,0
3385,4,1,1,40,0.024390243902439025,0.024390243902439025,0.975609756097561,41,800,500,300,0.625,11,5,6,353.0583876396974,0.41636178861788614,0.11436499111475928,0.21301491922631632,132454.43309479853,1153.0220837180764,133607.4551785166,993,0,310.1463414634146,37,4,20,33.567675046158215,0.6430180180180181,42.65350877192983,1029.3859649122817,27.82124229492653,0
3386,4,0,0,40,0.0,0.0,1.0,40,1100,800,300,0.7272727272727273,14,8,6,359.819919320357,0.4137553418803419,0.1126873427414945,0.2171032265681442,132455.95838659615,1532.0584520331236,133988.01683862926,994,1,318.15,36,4,20,33.39213433978777,0.6449652777777778,42.65202702702703,1029.3918918918926,28.594219219219237,0
3387,4,1,0,41,0.024390243902439025,0.0,1.0,41,1150,1000,150,0.8695652173913043,13,10,3,349.8628143752479,0.4163109756097561,0.1315645396770866,0.2027776311889192,130924.43795146498,981.4375608716797,131905.87551233664,995,0,311.3658536585366,36,5,18,35.192699163732385,0.6296296296296297,44.14414414414414,1023.4234234234234,28.42842842842843,8
3388,4,0,1,40,0.0,0.024390243902439025,0.975609756097561,41,1000,700,300,0.7,13,7,6,348.19268505508416,0.416234756097561,0.126899031366551,0.2021118459227786,130982.06948502548,921.399693612519,131903.469178638,996,1,312.3658536585366,36,5,18,35.17716354968829,0.6302083333333333,44.08783783783783,1023.648648648648,28.434684684684665,0
3389,4,0,0,40,0.0,0.0,1.0,40,1000,900,100,0.9,11,9,2,353.8380093596751,0.41282051282051285,0.13606282319287066,0.20523507766879917,130953.25213304501,1267.2476107864395,132220.49974383146,997,2,320.875,36,4,19,35.0618421535189,0.6299189814814814,44.11599099099098,1023.5360360360345,28.431556556556515,0
3390,4,0,1,39,0.0,0.025,0.975,40,1450,1200,250,0.8275862068965517,17,12,5,354.7212949674148,0.41191239316239314,0.13498571114530655,0.20714084349252493,131212.72243527308,1308.7893636880028,132521.5117989611,998,3,321.875,36,4,19,34.776874038250135,0.6325231481481481,43.86261261261261,1024.5495495495493,28.459709709709703,0
3391,4,0,0,39,0.0,0.0,1.0,39,1200,700,500,0.5833333333333334,17,7,10,365.3806336545147,0.4122244714349978,0.1343757691583778,0.213843060873148,131298.46810967516,1794.7834951560467,133093.2516048312,999,4,313.9230769230769,35,4,19,34.41711368341803,0.6354166666666667,43.77893518518519,1024.88425925926,29.28240740740743,0
3392,4,0,0,39,0.0,0.0,1.0,39,1150,800,350,0.6956521739130435,15,8,7,362.5445304257451,0.4123931623931624,0.09437368767912746,0.21252172368685057,131359.53006355735,1742.58589092486,133102.1159544822,1000,5,314.9230769230769,33,6,17,34.42804841601913,0.6404671717171717,43.719362745098046,1025.1225490196084,31.06431966726086,8
3393,4,0,1,38,0.0,0.02564102564102564,0.9743589743589743,39,1300,1000,300,0.7692307692307693,16,10,6,359.41703096805463,0.41250562303193883,0.09398434685791046,0.21101969241498675,131419.65880102047,1646.8927154195142,133066.55151644,1001,6,315.9230769230769,34,5,17,34.44744378652426,0.6387867647058824,43.66071428571429,1025.3571428571433,30.1575630252101,0
3394,4,0,0,38,0.0,0.0,1.0,38,1250,600,650,0.48,19,6,13,366.1790634917857,0.4127104077761972,0.09488470129298143,0.21465226812254995,131359.53006355735,2020.221939878906,133379.75200343627,1002,7,322.5263157894737,33,5,19,34.33490237099024,0.6404671717171717,43.719362745098046,1025.1225490196084,31.06431966726086,0
3395,4,0,0,38,0.0,0.0,1.0,38,750,500,250,0.6666666666666666,10,5,5,365.8336347575359,0.41233997155049784,0.09755652578733431,0.21462581966210004,131390.93888168022,2013.4449490580673,133404.38383073828,1003,8,323.5263157894737,33,5,20,34.31199697187028,0.6407828282828283,43.688725490196084,1025.2450980392164,31.06803327391565,0
3396,4,0,1,37,0.0,0.02631578947368421,0.9736842105263158,38,1100,700,400,0.6363636363636364,15,7,8,365.44342647397525,0.41225106685633,0.09840746704236691,0.21474933937740354,131453.76778162253,2007.7830642060842,133461.5508458286,1004,9,324.5263157894737,33,5,21,34.25848470363289,0.6414141414141414,43.62745098039216,1025.490196078432,31.075460487225214,0
3397,4,0,1,36,0.0,0.02702702702702703,0.972972972972973,37,1200,900,300,0.75,15,9,6,369.87166622374934,0.4113488488488488,0.08895703480985295,0.2181115500532791,131587.09092184468,2334.0673145597393,133921.15823640442,1005,10,324.86486486486484,32,5,17,34.01017310689967,0.6451822916666667,43.49747474747475,1026.010101010101,32.062815656565654,0
3398,4,1,1,36,0.02702702702702703,0.02702702702702703,0.972972972972973,37,1200,1000,200,0.8333333333333334,14,10,4,369.39592880772705,0.4139451951951952,0.09660865981574274,0.21894516713297618,131781.4827568614,2335.908644526043,134117.39140138743,1006,0,325.3783783783784,32,5,18,33.825985817347096,0.6471354166666667,43.308080808080796,1026.7676767676755,32.08648989898986,0
3399,4,1,0,37,0.02702702702702703,0.0,1.0,37,900,700,200,0.7777777777777778,11,7,4,367.550491545933,0.41169294294294295,0.10741952143226019,0.21964003422139328,132091.8810232427,2310.087159863957,134401.96818310666,1007,0,326.0,34,3,19,33.560123528276414,0.6455269607843137,43.00595238095239,1027.976190476191,30.23459383753503,0
3400,4,1,0,38,0.02631578947368421,0.0,1.0,38,700,500,200,0.7142857142857143,9,5,4,358.66606807415695,0.41231033665244193,0.10856928058533488,0.21590385993549965,132368.22601862566,1895.1982328103577,134263.42425143602,1008,0,318.39473684210526,35,3,22,33.51012728227046,0.6461309523809524,42.73726851851852,1029.0509259259259,29.401455026455025,0
3401,4,0,0,38,0.0,0.0,1.0,38,950,700,250,0.7368421052631579,12,7,5,357.81605992558445,0.412236249407302,0.1098444491796291,0.21556235805273047,132398.0034722224,1874.8364358282088,134272.8399080506,1009,1,319.39473684210526,32,6,22,33.50202429149796,0.6533203125,42.70833333333334,1029.166666666668,32.16145833333338,0
3402,4,0,0,38,0.0,0.0,1.0,38,1000,600,400,0.6,14,6,8,356.797052154195,0.4124436936936937,0.11086466165413533,0.2153085659551176,132461.0726643599,1852.3440503652466,134313.41671472514,1010,2,320.39473684210526,33,5,22,33.46478174603175,0.6515151515151515,42.64705882352941,1029.4117647058827,31.19429590017826,0
3403,4,0,0,38,0.0,0.0,1.0,38,800,600,200,0.75,10,6,4,355.695722280059,0.41198435277382645,0.10667190000669335,0.2149833893780735,132520.5516581633,1827.3986678004562,134347.95032596376,1011,3,321.39473684210526,34,4,22,33.433296720237394,0.6498161764705883,42.589285714285715,1029.6428571428576,30.283613445378165,0
3404,4,0,0,38,0.0,0.0,1.0,38,1050,700,350,0.6666666666666666,14,7,7,358.98794206175285,0.4115546467520152,0.11052753228268819,0.2176820366265135,132643.15653344675,1923.4587585034005,134566.61529195015,1012,4,322.39473684210526,34,4,17,33.22523017065373,0.6510416666666667,42.470238095238095,1030.1190476190477,30.29761904761905,0
3405,4,0,0,38,0.0,0.0,1.0,38,750,600,150,0.8,9,6,3,358.792877850397,0.411095305832148,0.10598047440152714,0.21845490410891255,132796.49234693873,1929.2871315192706,134725.779478458,1013,5,323.39473684210526,34,4,17,33.07610495110495,0.6525735294117647,42.32142857142857,1030.7142857142853,30.315126050420158,0
3406,4,0,0,38,0.0,0.0,1.0,38,900,500,400,0.5555555555555556,13,5,8,359.9904748413637,0.41016180654338547,0.11313389672958807,0.22008450836631835,132949.91673752829,1972.1407312925096,134922.0574688208,1014,6,324.39473684210526,34,4,18,32.89107891800377,0.6541053921568627,42.172619047619044,1031.3095238095234,30.332633053221276,0
3407,4,0,2,36,0.0,0.05263157894736842,0.9473684210526316,38,1300,1000,300,0.7692307692307693,16,10,6,356.15496249922455,0.4085763394973921,0.10869539554842,0.21887207447316223,133143.5282305598,1883.945660793893,135027.4738913537,1015,7,325.39473684210526,35,3,19,32.79561978991439,0.6538690476190476,41.9849537037037,1032.060185185185,29.487433862433857,0
3408,4,0,2,34,0.0,0.05555555555555555,0.9444444444444444,36,750,500,250,0.6666666666666666,10,5,5,371.21603484995444,0.40479497354497357,0.09804562195556632,0.22723820838778666,132997.76715986637,2674.180753796615,135671.947913663,1016,9,333.44444444444446,33,3,19,32.55353748366402,0.6568813131313131,42.12622549019608,1031.4950980392155,31.25742721330956,0
3409,4,0,0,34,0.0,0.0,1.0,34,1350,1000,350,0.7407407407407407,17,10,7,392.0048714920221,0.398544266191325,0.11121439726332993,0.23742408372908852,132599.08888075093,3595.897759331601,136194.98664008253,1017,22,353.5,31,3,21,32.41940581542351,0.6579301075268817,42.513020833333336,1029.9479166666672,33.22412634408604,0
3410,4,0,0,34,0.0,0.0,1.0,34,1000,600,400,0.6,14,6,8,391.5159780845112,0.39800579322638147,0.11291857491227075,0.23755171921814802,132666.1512586805,3588.183593749995,136254.3348524305,1018,23,354.5,31,3,19,32.36434108527132,0.6586021505376345,42.447916666666664,1030.208333333333,33.23252688172042,0
3411,4,0,0,34,0.0,0.0,1.0,34,800,700,100,0.875,9,7,2,390.6583848139038,0.397225935828877,0.11438404019682169,0.2374554882808936,132733.2305908203,3570.6698947482637,136303.90048556856,1019,24,355.5,31,3,19,32.318781063094946,0.6592741935483871,42.3828125,1030.46875,33.24092741935484,0
3412,4,0,0,34,0.0,0.0,1.0,34,950,500,450,0.5263157894736842,14,5,9,392.04726944692874,0.39741161616161613,0.11299527390541808,0.23872662961091456,132800.3268771702,3612.801106770838,136413.12798394106,1020,25,356.5,31,3,19,32.21534445005894,0.6599462365591398,42.317708333333336,1030.7291666666672,33.24932795698926,0
3413,4,0,0,34,0.0,0.0,1.0,34,500,200,300,0.4,8,2,6,392.7426195405909,0.396798871063577,0.11186424310853327,0.23979404812196897,132901.00309583865,3639.1776190863625,136540.18071492502,1021,26,357.5,31,3,19,32.09593488235048,0.6609543010752688,42.22005208333333,1031.1197916666658,33.261928763440835,0
3414,4,0,0,34,0.0,0.0,1.0,34,1400,900,500,0.6428571428571429,19,9,10,369.443681369674,0.3958890374331551,0.04736335951274273,0.2085935862502621,129908.37191358028,2798.7654320987735,132707.13734567905,1022,27,358.5,32,2,21,35.72320617620346,0.6282552083333333,45.13888888888889,1019.4444444444447,31.857638888888896,8
3415,4,0,0,34,0.0,0.0,1.0,34,1000,700,300,0.7,13,7,6,371.55784364271,0.396130421865716,0.05171359297525191,0.21065374166943554,130069.31889921961,2865.655130854016,132934.97403007362,1023,28,359.5,32,2,21,35.50563188513431,0.6298828125,44.981060606060616,1020.0757575757588,31.87736742424246,0
3416,4,0,0,34,0.0,0.0,1.0,34,1100,900,200,0.8181818181818182,13,9,4,372.0116618075799,0.396111853832442,0.047659063625449916,0.21196013289036547,130262.58680555565,2891.8402777777865,133154.42708333343,1024,29,360.5,33,1,21,35.297619047619044,0.6294191919191919,44.79166666666667,1020.8333333333342,30.93434343434346,0
3417,4,0,0,34,0.0,0.0,1.0,34,900,500,400,0.5555555555555556,13,5,8,373.4293689299015,0.3955919489007724,0.04911415604817626,0.2132977920836897,130359.27456382012,2935.9963269054297,133295.27089072554,1025,30,361.5,32,2,21,35.16320474777447,0.6328125,44.6969696969697,1021.2121212121219,31.91287878787881,0
3418,4,0,0,34,0.0,0.0,1.0,34,750,500,250,0.6666666666666666,10,5,5,357.48029857263117,0.39529486036838973,-0.0022932141551661456,0.19657959165222233,128868.76594387741,2413.608985260753,131282.37492913817,1026,31,362.5,34,0,19,37.08645992105365,0.6130514705882353,46.16071428571428,1015.3571428571418,29.863445378151226,8
3419,4,1,0,35,0.02857142857142857,0.0,1.0,35,850,600,250,0.7058823529411765,11,6,5,348.0247245364152,0.39824929971988793,-0.0018735362997654992,0.19299552906110265,129201.38888888867,1993.055555555531,131194.4444444442,1027,0,353.1142857142857,35,0,20,36.987704918032804,0.6142857142857143,45.83333333333332,1016.6666666666649,29.047619047618998,0
3420,4,2,1,36,0.05405405405405406,0.02702702702702703,0.972972972972973,37,1000,600,400,0.6,14,6,8,330.3022218114347,0.40684434434434436,0.010388522602016392,0.1859175376919237,129787.30384589468,1173.8069646429415,130961.11081053762,1028,0,334.97297297297297,37,0,18,36.843479859392374,0.6162725225225225,45.25767543859648,1018.9692982456124,27.53971076339493,0
3421,4,1,0,37,0.02702702702702703,0.0,1.0,37,1050,1000,50,0.9523809523809523,11,10,1,331.741242402214,0.40409159159159164,0.017008512975821954,0.1875295935014092,129954.95158366005,1222.2834189365683,131177.23500259663,1029,0,335.94594594594594,37,0,19,36.63689195970893,0.6179617117117118,45.09320175438595,1019.6271929824536,27.557491702228475,0
3422,4,1,0,38,0.02631578947368421,0.0,1.0,38,1000,700,300,0.7,13,7,6,322.0228864242871,0.40599810336652437,0.021699370889018743,0.18334962198436416,130235.3223847612,787.7508857476506,131023.07327050884,1030,0,328.07894736842104,38,0,20,36.60094375828623,0.6189692982456141,44.818376068376054,1020.7264957264933,26.861223571749825,0
3423,4,1,0,39,0.02564102564102564,0.0,1.0,39,1250,1200,50,0.96,13,12,1,316.31281613569865,0.40769793072424654,0.0449338401452517,0.18208858008046203,130661.65500216994,465.9912109374802,131127.64621310742,1031,0,320.64102564102564,39,0,15,36.316119035489905,0.6215277777777778,44.40104166666666,1022.3958333333317,26.215277777777736,0
3424,4,0,1,38,0.0,0.02564102564102564,0.9743589743589743,39,1100,700,400,0.6363636363636364,15,7,8,318.39573951353657,0.4077260458839406,0.0434575948937328,0.18366682553136882,130741.54188368034,525.509982638869,131267.0518663192,1032,1,321.64102564102564,39,0,16,36.18226726420861,0.6223290598290598,44.32291666666666,1022.7083333333317,26.223290598290557,0
3425,4,0,0,38,0.0,0.0,1.0,38,750,400,350,0.5333333333333333,11,4,7,323.45921780941705,0.4055683973447131,0.040872406793088345,0.1858579181250866,130589.9824334319,848.1067143326766,131438.08914776458,1033,2,331.05263157894734,38,0,16,36.20583777568727,0.622532894736842,44.47115384615385,1022.1153846153842,26.897773279352215,0
3426,4,0,0,38,0.0,0.0,1.0,38,800,500,300,0.625,11,5,6,326.64224933046364,0.4055980322427691,0.03399248827323764,0.1882175176605578,130699.2056235846,938.3765021184872,131637.58212570308,1034,3,332.05263157894734,38,0,16,36.01417476404417,0.6236293859649122,44.36431623931624,1022.5427350427348,26.90901934322986,0
3427,4,0,0,38,0.0,0.0,1.0,38,1150,900,250,0.782608695652174,14,9,5,324.53699523669013,0.40525723091512567,0.03558981012171136,0.18740151944487782,130781.15297866914,888.664484257447,131669.81746292658,1035,4,333.05263157894734,38,0,16,35.98526390919852,0.6244517543859649,44.28418803418804,1022.863247863249,26.91745389113813,0
3428,4,0,0,38,0.0,0.0,1.0,38,550,200,350,0.36363636363636365,9,2,7,324.37137072309434,0.4051238738738739,0.03869451697127957,0.18743849575580146,130808.47447083435,886.1048332602919,131694.57930409463,1036,5,334.05263157894734,38,0,16,35.96192341166232,0.6247258771929824,44.25747863247864,1022.9700854700862,26.920265407107532,0
3429,4,0,1,37,0.0,0.02631578947368421,0.9736842105263158,38,1150,700,450,0.6086956521739131,16,7,9,322.40374792360103,0.40580547652916077,0.026024703834091722,0.18736174144038062,131027.14913662463,848.7287922785058,131875.87792890315,1037,6,335.05263157894734,38,0,16,35.79167971059862,0.6269188596491229,44.043803418803435,1023.824786324789,26.942757534862867,0
3430,4,0,0,37,0.0,0.0,1.0,37,1300,800,500,0.6153846153846154,18,8,10,327.8912146206958,0.4024336836836837,0.024864285817686627,0.19023396448006208,130963.11034404837,1188.3306642428604,132151.44100829124,1038,7,344.86486486486484,37,0,18,35.71583199428671,0.6280968468468469,44.106359649122815,1023.5745614035104,27.66417733523001,0
3431,4,1,0,38,0.02631578947368421,0.0,1.0,38,650,400,250,0.6153846153846154,9,4,5,321.20842880441234,0.4045608108108108,0.03563373557446914,0.1877337014419942,131246.00643080237,831.4647024983842,132077.47113330074,1039,0,336.7631578947368,38,0,19,35.60173600250235,0.6291118421052632,43.83012820512822,1024.6794871794893,26.96524966261814,0
3432,4,0,0,38,0.0,0.0,1.0,38,950,800,150,0.8421052631578947,11,8,3,330.64142388919186,0.40453117591275484,0.026172183528397452,0.18500775855784557,129554.6392746914,967.2260802469193,130521.86535493833,1040,1,337.7631578947368,38,0,17,37.07082764893133,0.6121162280701755,45.486111111111114,1018.055555555556,26.79093567251463,8
3433,4,0,0,38,0.0,0.0,1.0,38,1050,600,450,0.5714285714285714,15,6,9,330.7541050133211,0.40435336652441917,0.026382055232509805,0.1853273001106388,129609.02829142023,973.7436308349886,130582.77192225521,1041,2,338.7631578947368,38,0,17,37.0127741055503,0.6126644736842105,45.432692307692314,1018.2692307692316,26.796558704453464,0
3434,4,0,0,38,0.0,0.0,1.0,38,900,600,300,0.6666666666666666,12,6,6,348.6814579798915,0.40438300142247513,0.07956924832406198,0.18711963059130302,127894.85857427283,1320.5568066517012,129215.41538092453,1042,3,339.7631578947368,37,1,18,38.30431345980126,0.5971283783783784,47.12171052631579,1011.5131578947367,27.338193456614505,7
3435,4,0,0,38,0.0,0.0,1.0,38,1050,800,250,0.7619047619047619,13,8,5,349.0937632348041,0.4044274537695591,0.08057785277752472,0.18824962746400162,128089.02739304381,1343.016120344703,129432.04351338852,1043,4,340.7631578947368,37,1,19,38.095302570768325,0.5990990990990991,46.9298245614035,1012.2807017543844,27.35893788525363,0
3436,4,1,0,39,0.02564102564102564,0.0,1.0,39,1500,1100,400,0.7333333333333333,19,11,8,343.7735812022376,0.4065452091767881,0.08954144530427044,0.18763787104893032,128572.46393352808,1039.987319945159,129612.45125347323,1044,0,333.0,36,3,18,37.73641646309867,0.6059027777777778,46.4527027027027,1014.1891891891889,28.171921921921914,0
3437,4,1,1,39,0.025,0.025,0.975,40,1100,800,300,0.7272727272727273,14,8,6,338.40542491926766,0.40797275641025643,0.09658110666947217,0.18637786612297566,128929.98598327127,726.121338300831,129656.1073215721,1045,0,325.65,38,2,19,37.50832807349744,0.6058114035087719,46.10042735042735,1015.5982905982909,26.72627080521818,0
3438,4,2,0,41,0.04878048780487805,0.0,1.0,41,700,500,200,0.7142857142857143,9,5,4,331.9419744099146,0.41392276422764224,0.12336307314373629,0.1850151597034907,129401.82317029893,391.63540564595905,129793.45857594488,1046,0,318.2682926829268,36,5,21,37.19286109573878,0.6142939814814814,45.636261261261275,1017.454954954957,28.262637637637695,0
3439,4,0,1,40,0.0,0.024390243902439025,0.975609756097561,41,1250,1000,250,0.8,15,10,5,334.4027393964843,0.4141260162601626,0.12420480870757444,0.18728973691409856,129591.85157933214,467.17403431825636,130059.0256136504,1047,1,319.2682926829268,37,4,17,36.93732500538445,0.6143018018018018,45.449561403508774,1018.2017543859652,27.518966334755817,0
3440,4,0,0,40,0.0,0.0,1.0,40,1200,700,500,0.5833333333333334,17,7,10,343.4822555767006,0.41008279914529916,0.11990100652582658,0.19228625836959476,129573.74762854096,901.2566197954986,130475.00424833647,1048,2,328.225,36,4,17,36.72459720532389,0.6160300925925926,45.467342342342356,1018.1306306306328,28.281406406406468,0
3441,4,0,1,39,0.0,0.025,0.975,40,750,200,550,0.26666666666666666,13,2,11,345.433187125265,0.40930822649572646,0.11926138876603232,0.19380258960055238,129659.7526580639,957.7563205097408,130617.50897857363,1049,3,329.225,36,4,17,36.587562656641595,0.6168981481481481,45.3828828828829,1018.4684684684719,28.290790790790886,0
3442,4,1,0,40,0.025,0.0,1.0,40,1650,1300,350,0.7878787878787878,20,13,7,349.43486535984226,0.41100427350427354,0.12620967741935463,0.19719977563823549,129889.2389010634,1077.56574141711,130966.80464248052,1050,0,330.1,36,4,18,36.25257769921933,0.619212962962963,45.157657657657666,1019.3693693693708,28.315815815815856,0
3443,4,1,2,39,0.024390243902439025,0.04878048780487805,0.9512195121951219,41,800,400,400,0.5,12,4,8,339.451357533958,0.4143038617886179,0.1255987506157823,0.193130393394015,130206.62607725464,639.7631963681202,130846.38927362276,1051,0,323.0243902439024,37,4,19,36.18527073485172,0.6204954954954955,44.84649122807018,1020.6140350877201,27.584163110478922,0
3444,4,0,0,39,0.0,0.0,1.0,39,1250,1000,250,0.8,15,10,5,348.9989581568127,0.41143724696356276,0.11933744178281791,0.19840831611148296,130176.38204082473,1286.2843417742172,131462.66638259895,1052,1,331.8205128205128,36,3,20,35.972329507834914,0.6221064814814814,44.87612612612613,1020.4954954954965,28.347097097097123,0
3445,4,0,0,39,0.0,0.0,1.0,39,1300,800,500,0.6153846153846154,18,8,10,350.5011647532742,0.411774628879892,0.11884808687892301,0.1998559000832986,130292.1264815885,1333.5369515966956,131625.6634331852,1053,2,332.8205128205128,35,4,20,35.81663549106299,0.625297619047619,44.762731481481474,1020.9490740740728,29.16997354497351,0
3446,4,0,0,39,0.0,0.0,1.0,39,1050,800,250,0.7619047619047619,13,8,5,351.32679019974495,0.41138101664417454,0.11574925546596937,0.200937065684559,130410.31867551846,1363.3277338391333,131773.64640935758,1054,3,333.8205128205128,35,4,20,35.67575542965061,0.6264880952380952,44.646990740740726,1021.4120370370351,29.183201058201004,0
3447,4,2,0,41,0.04878048780487805,0.0,1.0,41,750,500,250,0.6666666666666666,10,5,5,337.50216958541057,0.41664126016260167,0.1253765660313273,0.19580999086885056,130963.11034404808,640.0667753539431,131603.177119402,1055,0,318.4878048780488,37,4,20,35.469893768969825,0.6280968468468469,44.1063596491228,1023.574561403508,27.664177335229947,0
3448,4,0,2,39,0.0,0.04878048780487805,0.9512195121951219,41,1250,900,350,0.72,16,9,7,338.7952125900945,0.4160569105691057,0.1215160884003208,0.1971677056876779,131081.84633875734,681.9803994082797,131763.82673816563,1056,1,319.4878048780488,38,3,20,35.3169014084507,0.627467105263158,43.99038461538461,1024.0384615384612,26.94838056680161,0
3449,4,0,0,39,0.0,0.0,1.0,39,950,600,350,0.631578947368421,13,6,7,344.87904235968165,0.412027665317139,0.11768356322811768,0.2001884096455623,130982.06948502558,1234.594138056977,132216.66362308257,1057,2,330.8974358974359,36,3,21,35.26196369636963,0.6302083333333333,44.08783783783784,1023.6486486486488,28.434684684684687,0
3450,4,0,0,39,0.0,0.0,1.0,39,1000,700,300,0.7,13,7,6,342.87193152708204,0.41228070175438597,0.11920496179653561,0.1991724427803646,131010.89000740617,1183.9913815842983,132194.88138899047,1058,3,331.8974358974359,36,3,21,35.28420965790342,0.6304976851851851,44.05968468468469,1023.7612612612622,28.43781281281284,0
3451,4,0,0,39,0.0,0.0,1.0,39,1050,700,350,0.6666666666666666,14,7,7,343.3013748009115,0.411774628879892,0.12200911079539023,0.20017110930699322,131155.04017531063,1205.141120850596,132360.18129616123,1059,4,332.8974358974359,36,3,22,35.12762019935502,0.6319444444444444,43.918918918918926,1024.3243243243257,28.45345345345349,0
3452,4,0,0,39,0.0,0.0,1.0,39,900,300,600,0.3333333333333333,15,3,12,343.6111580726965,0.41090305892937473,0.12391659622428874,0.20095511172631994,131270.41737683638,1221.1960271081994,132491.6134039446,1060,5,333.8974358974359,36,3,22,35.003205128205124,0.6331018518518519,43.80630630630631,1024.7747747747753,28.46596596596598,0
3453,4,0,0,39,0.0,0.0,1.0,39,550,400,150,0.7272727272727273,7,4,3,344.49196838163834,0.4108468286099865,0.12418471906440254,0.20162195525667478,131299.26960321813,1246.3087665368114,132545.57836975495,1061,6,334.8974358974359,36,3,22,34.95151631688827,0.6333912037037037,43.778153153153156,1024.8873873873877,28.469094094094103,0
3454,4,1,0,40,0.025,0.0,1.0,40,1450,1100,350,0.7586206896551724,18,11,7,339.4668946991602,0.4138888888888889,0.13311907983761873,0.20069282814614345,131684.26890432098,940.4963099360637,132624.76521425706,1062,0,327.5,35,5,19,34.69215155615697,0.6392857142857142,43.40277777777778,1026.388888888889,29.325396825396826,0
3455,4,0,1,39,0.0,0.025,0.975,40,1550,1200,350,0.7741935483870968,19,12,7,338.1834926245325,0.41320779914529915,0.13445001690521807,0.2007158615423062,131832.80452942822,916.7356556498687,132749.54018507808,1063,1,328.5,35,5,20,34.57551466997257,0.6407738095238096,43.258101851851855,1026.967592592593,29.34193121693123,0
3456,4,0,0,39,0.0,0.0,1.0,39,900,600,300,0.6666666666666666,12,6,6,343.7934239166228,0.41264619883040937,0.12452891262629784,0.20388604659012552,131803.0907064472,1262.6071673525394,133065.69787379974,1064,2,332.1794871794872,35,4,20,34.46141418695521,0.6404761904761904,43.28703703703704,1026.851851851852,29.338624338624342,0
3457,4,1,0,40,0.025,0.0,1.0,40,1150,1100,50,0.9565217391304348,12,11,1,337.32156546128766,0.41372863247863245,0.12988499452354918,0.20181821052828003,132137.36329234633,914.5564483402234,133051.91974068654,1065,0,324.85,36,4,22,34.29125593282219,0.6417824074074074,42.96171171171171,1028.1531531531525,28.559809809809792,0
3458,4,0,1,39,0.0,0.025,0.975,40,1150,1000,150,0.8695652173913043,13,10,3,338.06842461033915,0.41355502136752137,0.1256449205841601,0.20290594313944893,132256.9820161009,942.3819107802199,133199.3639268811,1066,1,325.85,37,3,22,34.15180950858118,0.6410472972972974,42.845394736842096,1028.6184210526299,27.800497866287294,0
3459,4,0,0,39,0.0,0.0,1.0,39,1300,1000,300,0.7692307692307693,16,10,6,345.14895869286534,0.40977845254161044,0.1363571266101109,0.2066593535622659,132166.31063073207,1323.4128976949933,133489.72352842707,1067,2,334.9230769230769,36,3,22,34.060937100719165,0.6420717592592593,42.93355855855856,1028.2657657657658,28.56293793793794,0
3460,4,0,0,39,0.0,0.0,1.0,39,300,100,200,0.3333333333333333,5,1,4,343.77075103667624,0.4100596041385515,0.13454518907869728,0.20599176499126828,132195.26113951788,1288.9728410843234,133484.2339806022,1068,3,335.9230769230769,36,3,22,34.06724521828002,0.6423611111111112,42.9054054054054,1028.3783783783783,28.566066066066064,0
3461,4,0,0,39,0.0,0.0,1.0,39,900,600,300,0.6666666666666666,12,6,6,374.76967249918005,0.4100596041385515,0.14165988112844885,0.20578989489901572,128811.51532202198,1855.0852318778077,130666.60055389979,1069,4,336.9230769230769,37,2,18,36.70609202851586,0.6064189189189189,46.21710526315788,1015.131578947367,27.435988620199108,8
3462,4,1,0,40,0.025,0.0,1.0,40,950,400,550,0.42105263157894735,15,4,11,368.09198915486195,0.41328792735042735,0.1433084524810777,0.20356343028145607,129092.793483819,1503.6046278033386,130596.39811162233,1070,0,329.475,38,2,19,36.5884321558733,0.6074561403508771,45.94017094017094,1016.2393162393151,26.74313990103461,0
3463,4,1,1,40,0.024390243902439025,0.024390243902439025,0.975609756097561,41,750,700,50,0.9333333333333333,8,7,1,353.56894586817873,0.41857215447154467,0.2071611756080709,0.18219816955331736,126247.30909475737,774.5722587922907,127021.88135354966,1071,0,322.4146341463415,35,6,16,39.87257188375754,0.5842261904761905,48.75578703703704,1004.9768518518518,28.71362433862434,8
3464,4,5,1,44,0.1111111111111111,0.022222222222222223,0.9777777777777777,45,1250,1100,150,0.88,14,11,3,337.92450812089595,0.4306186868686868,0.12155031866014543,0.1831306551238302,128287.0962178395,-229.8927866375152,128057.20343120198,1072,0,294.6222222222222,36,9,21,38.17576330220839,0.6030092592592593,46.734234234234236,1013.0630630630634,28.14064064064065,7
3465,4,3,4,43,0.06382978723404255,0.0851063829787234,0.9148936170212766,47,1250,900,350,0.72,16,9,7,326.14454518232566,0.4364207523897626,0.13069141099074333,0.1791344201342463,128821.50472094388,-997.1137866169845,127824.39093432689,1073,0,283.02127659574467,38,9,17,37.929953343155844,0.6047149122807017,46.20726495726496,1015.1709401709406,26.715024741340542,0
3466,4,0,0,43,0.0,0.0,1.0,43,1400,1000,400,0.7142857142857143,18,10,8,353.62214179269023,0.427671650055371,0.13323535277100151,0.1921113779885877,128385.71605725605,480.00637755100104,128865.72243480706,1074,1,310.06976744186045,34,9,18,37.67742472297271,0.6081495098039216,46.63690476190475,1013.4523809523795,29.80742296918763,0
3467,4,0,0,43,0.0,0.0,1.0,43,1500,1100,400,0.7333333333333333,19,11,8,352.24756918726723,0.42663344407530457,0.12627314593644323,0.19223555681654864,128566.75347222203,457.4652777777544,129024.21874999978,1075,2,311.06976744186045,34,9,19,37.527389756231166,0.6099877450980392,46.45833333333332,1014.166666666665,29.828431372548973,0
3468,4,1,1,43,0.022727272727272728,0.022727272727272728,0.9772727272727273,44,800,600,200,0.75,10,6,4,343.3446677433423,0.4281183932346723,0.12999005098868333,0.18871049031607742,128848.62075617272,47.89737654319879,128896.51813271592,1076,0,304.97727272727275,35,9,20,37.46580027359782,0.6107142857142858,46.18055555555555,1015.2777777777768,29.00793650793648,0
3469,4,0,1,42,0.0,0.023255813953488372,0.9767441860465116,43,1300,1000,300,0.7692307692307693,16,10,6,351.81950926292023,0.42764857881136953,0.12925258449488708,0.19322535477426833,128819.24518014793,464.2247245798611,129283.4699047278,1077,1,312.8139534883721,35,8,22,37.28064549842283,0.6104166666666666,46.20949074074072,1015.1620370370339,29.00462962962954,0
3470,4,0,1,41,0.0,0.023809523809523808,0.9761904761904762,42,1400,700,700,0.5,21,7,14,337.8178176547031,0.4278697251258227,0.12717154595970426,0.17383500148550537,126189.15741008644,174.82156635800493,126363.97897644444,1078,2,314.3095238095238,35,7,24,40.32813519947777,0.5836309523809524,48.8136574074074,1004.7453703703691,28.707010582010543,8
3471,4,1,0,42,0.023809523809523808,0.0,1.0,42,950,700,250,0.7368421052631579,12,7,5,336.22294801746017,0.42903116531165314,0.14121283872665136,0.1738752959747432,126392.74691357993,99.22839506169242,126491.97530864163,1079,0,315.23809523809524,35,7,18,40.15883977900552,0.5857142857142856,48.61111111111109,1005.5555555555529,28.730158730158657,0
3472,4,0,0,42,0.0,0.0,1.0,42,1000,500,500,0.5,15,5,10,333.5623844560432,0.42874080526519553,0.14143246399377207,0.17300366746094933,126512.22160905265,39.943660549382145,126552.16526960203,1080,1,316.23809523809524,37,5,19,40.10297456857402,0.5830518018018018,48.4923245614035,1006.0307017543848,27.190018966334726,0
3473,4,0,0,42,0.0,0.0,1.0,42,650,400,250,0.6153846153846154,9,4,5,335.30883183580875,0.4283657568718544,0.14881211743956846,0.1744974533023084,126650.14716066464,93.38257925513236,126743.52973991977,1081,2,317.23809523809524,37,5,21,39.91739288307914,0.5844594594594594,48.355263157894726,1006.5789473684196,27.204836415362692,0
3474,4,1,2,41,0.023255813953488372,0.046511627906976744,0.9534883720930233,43,1500,1000,500,0.6666666666666666,20,10,10,329.7625878005568,0.43163990402362495,0.1680186342293044,0.1731391216415275,127011.23078977625,-223.2895710059376,126787.94121877031,1082,0,310.83720930232556,38,5,22,39.686671966083736,0.5863486842105263,47.99679487179486,1008.0128205128188,26.52665317138997,0
3475,4,1,0,42,0.023809523809523808,0.0,1.0,42,1500,1200,300,0.8,18,12,6,340.795664637078,0.4305797522260937,0.18516801267892946,0.17968647582264874,127182.05959467137,268.6959522467988,127450.75554691817,1083,0,315.7142857142857,34,8,23,39.23344742122036,0.5958946078431373,47.82738095238096,1008.6904761904776,29.667366946778753,0
3476,4,0,1,41,0.0,0.023809523809523808,0.9761904761904762,42,1250,700,550,0.56,18,7,11,341.97753239181685,0.43044667053813396,0.19054642505969976,0.18057692130969782,127242.10778061229,302.78840702948565,127544.89618764177,1084,1,316.7142857142857,34,8,23,39.14208456243854,0.5965073529411764,47.767857142857146,1008.9285714285718,29.67436974789917,0
3477,4,0,0,41,0.0,0.0,1.0,41,1100,600,500,0.5454545454545454,16,6,10,341.70044236721134,0.42903963414634144,0.19603126186995734,0.18056439834815996,127272.13718820876,497.7891156462792,127769.92630385503,1085,2,323.0731707317073,34,7,24,39.11829479314142,0.5968137254901961,47.73809523809525,1009.0476190476202,29.677871148459417,0
3478,4,0,0,41,0.0,0.0,1.0,41,1300,800,500,0.6153846153846154,18,8,10,341.86976497024546,0.42881097560975606,0.191688163786484,0.18132567083881507,127422.337372449,512.3689058956937,127934.70627834469,1086,3,324.0731707317073,34,7,19,38.96012655740282,0.5983455882352942,47.589285714285715,1009.6428571428573,29.69537815126051,0
3479,4,2,0,43,0.046511627906976744,0.0,1.0,43,900,600,300,0.6666666666666666,12,6,6,327.0686092229875,0.43380860095976376,0.19717060981016488,0.1763725117024896,128089.02739304409,-221.21999076638014,127867.80740227771,1087,0,309.95348837209303,37,6,23,38.65269352975159,0.5990990990990991,46.929824561403514,1012.2807017543865,27.35893788525369,0
3480,4,1,1,43,0.022727272727272728,0.022727272727272728,0.9772727272727273,44,1500,1200,300,0.8,18,12,6,319.8478076495617,0.4372577519379845,0.19275888537637176,0.17395468982801832,128429.74044568214,-584.3817704290037,127845.35867525314,1088,0,303.8863636363636,36,8,17,38.48831611302447,0.6044560185185186,46.593468468468465,1013.6261261261259,28.156281281281274,0
3481,4,2,1,44,0.044444444444444446,0.022222222222222223,0.9777777777777777,45,1650,1200,450,0.7272727272727273,21,12,9,309.7387155216945,0.4359006734006734,0.1907011353544077,0.1700807252846884,128811.515322022,-1020.4173399507771,127791.09798207122,1089,0,298.0888888888889,37,8,20,38.3564664794412,0.6064189189189189,46.21710526315788,1015.1315789473671,27.43598862019911,0
3482,4,0,0,44,0.0,0.0,1.0,44,1450,1000,450,0.6896551724137931,19,10,9,315.7246611947642,0.4326440274841437,0.19123425742185218,0.1728826044199022,128700.2310807171,-673.2326292705468,128026.99845144656,1090,1,305.8181818181818,37,7,20,38.31766443339818,0.6052927927927928,46.32675438596491,1014.6929824561399,27.424134660976755,0
3483,4,0,2,42,0.0,0.045454545454545456,0.9545454545454546,44,1250,800,450,0.64,17,8,9,314.26553936095263,0.4327100951374207,0.18832010685943268,0.17232475309982084,128755.86718990449,-707.2935903355003,128048.57359956899,1091,2,306.8181818181818,37,7,20,38.29813094209161,0.6058558558558558,46.2719298245614,1014.9122807017536,27.430061640587937,0
3484,4,3,1,44,0.06666666666666667,0.022222222222222223,0.9777777777777777,45,1500,1200,300,0.8,18,12,6,296.81454645605703,0.4380681818181818,0.18243577190283022,0.16642566216583132,129636.22708013716,-1304.416410986944,128331.81066915022,1092,0,279.8222222222222,38,7,17,37.84926213456428,0.6129385964912281,45.405982905982896,1018.376068376067,26.799370220422816,0
3485,4,0,0,44,0.0,0.0,1.0,44,1400,1100,300,0.7857142857142857,17,11,6,305.4291960002166,0.4347251585623679,0.198182699178715,0.1711841245174417,129619.76431450041,-882.0679199369263,128737.69639456348,1093,1,287.1818181818182,37,7,18,37.64659829151859,0.6145833333333333,45.42214912280701,1018.3114035087704,27.52192982456136,0
3486,4,0,0,44,0.0,0.0,1.0,44,1150,800,350,0.6956521739130435,15,8,7,307.2276099046907,0.43389931289640593,0.20103352474492064,0.17292950810686192,129787.3038458948,-825.1513686903762,128962.15247720442,1094,2,288.1818181818182,37,7,19,37.43128788693999,0.6162725225225225,45.257675438596486,1018.9692982456133,27.539710763394954,0
3487,4,0,0,44,0.0,0.0,1.0,44,900,700,200,0.7777777777777778,11,7,4,307.0852266035779,0.4334698731501057,0.19919555968507008,0.1730962511388877,129843.17440222003,-825.4158731532682,129017.75852906676,1095,3,289.1818181818182,37,7,19,37.37840684956068,0.6168355855855856,45.202850877192986,1019.188596491229,27.54563774300619,0
3488,4,0,0,44,0.0,0.0,1.0,44,1500,900,600,0.6,21,9,12,308.44528395506006,0.43274312896405914,0.1955434899473174,0.1746104434611085,130010.85820877571,-779.7527845106266,129231.10542426509,1096,4,290.1818181818182,37,7,21,37.17420617854711,0.6185247747747749,45.03837719298245,1019.8464912280697,27.56341868183972,0
3489,4,2,3,43,0.043478260869565216,0.06521739130434782,0.9347826086956522,46,800,500,300,0.625,11,5,6,317.54725045689156,0.43326288244766503,0.15500964147667262,0.17180650912341913,128221.71512492563,-1056.4659183074295,127165.2492066182,1097,0,278.5217391304348,40,6,18,38.758445380961916,0.5953125,46.798780487804876,1012.8048780487804,25.320121951219512,8
3490,4,0,1,42,0.0,0.023255813953488372,0.9767441860465116,43,1200,800,400,0.6666666666666666,16,8,8,334.80668597266657,0.4303940568475452,0.1615465594793759,0.18079561042524026,128144.53125000026,-19.27083333330347,128125.26041666696,1098,1,287.6511627906977,39,4,19,38.4002057613169,0.5961538461538461,46.875000000000014,1012.500000000002,25.961538461538513,0
3491,4,0,0,42,0.0,0.0,1.0,42,1400,1000,400,0.7142857142857143,18,10,8,340.48638328765827,0.427567266744096,0.1734182921033418,0.1837416523693924,128118.16541883704,324.4981553819688,128442.66357421901,1099,2,295.35714285714283,39,3,20,38.28336677298762,0.5958867521367521,46.90104166666668,1012.3958333333353,25.958867521367573,0
3492,4,0,0,42,0.0,0.0,1.0,42,1100,800,300,0.7272727272727273,14,8,6,345.17119479322815,0.4273978900503291,0.1756981391778496,0.186924436915418,128258.57688347156,454.24138309025113,128712.81826656181,1100,3,296.35714285714283,36,6,21,38.02135445617936,0.6027199074074074,46.7623873873874,1012.9504504504524,28.13751251251257,0
3493,4,0,1,41,0.0,0.023809523809523808,0.9761904761904762,42,1200,1000,200,0.8333333333333334,14,10,4,347.69903017429124,0.4271438250096787,0.17964261910051693,0.1892374044515702,128458.27880245115,532.9637914942004,128991.24259394535,1101,4,297.35714285714283,36,6,16,37.75341590757609,0.6047453703703703,46.56531531531532,1013.7387387387392,28.159409409409424,0
3494,4,1,0,42,0.023809523809523808,0.0,1.0,42,1100,600,500,0.5454545454545454,16,6,10,346.94288819745384,0.42587349980642664,0.20186156536048583,0.19077738389004892,128867.17547706983,541.9100107725397,129409.08548784237,1102,0,298.1190476190476,37,5,18,37.35556155507559,0.6069819819819819,46.16228070175438,1015.3508771929821,27.44191559981033,0
3495,4,0,0,42,0.0,0.0,1.0,42,1000,700,300,0.7,13,7,6,347.0462615663474,0.4260912698412698,0.1989851004102785,0.1911024063393286,128922.84765504759,548.4384618343939,129471.28611688198,1103,1,299.1190476190476,37,5,18,37.29621032174475,0.607545045045045,46.10745614035087,1015.5701754385956,27.4478425794215,0
3496,4,0,0,42,0.0,0.0,1.0,42,1100,700,400,0.6363636363636364,15,7,8,345.1143097539648,0.42590979481223384,0.19359854033356516,0.19043979034368547,129006.37846500822,504.38945156199475,129510.76791657021,1104,2,300.1190476190476,37,5,20,37.260186184565576,0.6083896396396397,46.0252192982456,1015.8991228070156,27.45673304883826,0
3497,4,0,1,41,0.0,0.023809523809523808,0.9761904761904762,42,1100,600,500,0.5454545454545454,16,6,10,345.71671695416927,0.42552264808362367,0.19064312166458608,0.19158037554585208,129173.52123970844,531.4891360803355,129705.01037578877,1105,3,301.1190476190476,37,5,20,37.074726746485446,0.6100788288288288,45.86074561403509,1016.5570175438602,27.474513987671898,0
3498,4,1,1,41,0.023809523809523808,0.023809523809523808,0.9761904761904762,42,1400,1000,400,0.7142857142857143,18,10,8,336.55464579381874,0.42578881145954317,0.19447479519654465,0.1880937252801936,129508.13140822163,317.31566443519466,129825.44707265683,1106,0,300.6904761904762,37,5,17,36.96755269489031,0.6134572072072072,45.53179824561403,1017.8728070175428,27.510075865338994,0
3499,4,1,0,42,0.023809523809523808,0.0,1.0,42,1450,1200,250,0.8275862068965517,17,12,5,339.4515747257664,0.4259944831591173,0.2027948193592366,0.19079519544931006,129731.44531250001,407.50868055555645,130138.95399305558,1107,0,301.6666666666667,37,5,19,36.66709270620312,0.6157094594594594,45.3125,1018.7500000000001,27.533783783783786,0
3500,4,0,0,42,0.0,0.0,1.0,42,650,300,350,0.46153846153846156,10,3,7,340.0936780100994,0.42612756484707703,0.19787984055253238,0.1915654935409617,129815.23762119134,429.86832486921185,130245.10594606055,1108,1,302.6666666666667,37,5,19,36.56570547306507,0.6165540540540541,45.23026315789475,1019.0789473684226,27.542674253200612,0
3501,4,0,1,41,0.0,0.023809523809523808,0.9761904761904762,42,1000,600,400,0.6,14,6,8,324.0144988757742,0.4261880565234224,0.09921001559437026,0.17741569609606037,128698.84033203113,-59.172481256267076,128639.66785077487,1109,2,303.6666666666667,39,3,18,38.10878845429969,0.6017628205128205,46.32812499999999,1014.6874999999991,26.017628205128183,8
3502,4,0,0,41,0.0,0.0,1.0,41,950,300,650,0.3157894736842105,16,3,13,329.06328945635926,0.4226880081300813,0.11732685597200243,0.18036769685781576,128740.17373666778,272.7330109941913,129012.90674766198,1110,8,312.0243902439024,38,3,19,37.93864266414009,0.6038925438596492,46.287393162393144,1014.8504273504245,26.706590193432223,0
3503,4,2,0,43,0.046511627906976744,0.0,1.0,43,750,500,250,0.6666666666666666,10,5,5,316.5241776679658,0.4258490217792543,0.12446347939714353,0.1752976093596339,129149.73416121329,-424.19731971713156,128725.53684149616,1111,0,298.4651162790698,40,3,21,37.840765180297254,0.6046875,45.8841463414634,1016.4634146341441,25.411585365853604,0
3504,4,2,3,42,0.044444444444444446,0.06666666666666667,0.9333333333333333,45,1100,900,200,0.8181818181818182,13,9,4,302.48284341400404,0.4283459595959596,0.13560554419450144,0.17001621888442262,129731.44531249971,-1151.6823804861829,128579.76293201353,1112,0,286.15555555555557,41,4,17,37.608640081799585,0.6089939024390244,45.312499999999986,1018.7499999999977,24.8475609756097,0
3505,4,0,0,42,0.0,0.0,1.0,42,1450,1000,450,0.6896551724137931,19,10,9,320.1816490038492,0.42613966318234614,0.1249962508623017,0.17878372733942918,129473.07715136217,-109.01933121486854,129364.05782014731,1113,1,305.64285714285717,38,4,18,37.419737210441596,0.6112938596491229,45.566239316239304,1017.7350427350409,26.78250112460634,0
3506,4,0,1,41,0.0,0.023809523809523808,0.9761904761904762,42,1050,900,150,0.8571428571428571,12,9,3,318.4766942410834,0.4258009097948123,0.12542347474141824,0.17832449448399085,129581.83235627133,-146.24127949449814,129435.59107677684,1114,2,306.64285714285717,38,4,18,37.35287688002797,0.612390350877193,45.4594017094017,1018.1623931623922,26.793747188484005,0
3507,4,1,0,42,0.023809523809523808,0.0,1.0,42,1500,1000,500,0.6666666666666666,20,10,10,319.8850685653618,0.42610336817653893,0.14188400155702618,0.18061203102075032,129908.37191358018,-88.850308641982,129819.5216049382,1115,0,306.9761904761905,38,4,19,36.98626248864668,0.6156798245614035,45.138888888888886,1019.4444444444439,26.827485380116944,0
3508,4,1,0,43,0.023255813953488372,0.0,1.0,43,1500,1000,500,0.6666666666666666,20,10,10,312.21321832852516,0.4272102251753414,0.15037051796608858,0.1783763631988846,130368.94531249999,-459.41840277777874,129909.5269097222,1116,0,300.8139534883721,39,4,22,36.71630626954982,0.6185897435897436,44.6875,1021.2499999999999,26.185897435897434,0
3509,4,0,0,43,0.0,0.0,1.0,43,1500,1100,400,0.7333333333333333,19,11,8,313.4858702764018,0.42591823551125874,0.1651892793826255,0.18008918964590537,130581.79253472261,-412.8906249999607,130168.90190972266,1117,1,301.8139534883721,39,4,17,36.468949585541516,0.6207264957264957,44.479166666666686,1022.0833333333364,26.207264957265036,0
3510,4,0,0,43,0.0,0.0,1.0,43,2000,1700,300,0.85,23,17,6,313.66563216400715,0.42483388704318936,0.1657716197729877,0.18100521342308323,130755.83316808798,-397.2777860400332,130358.55538204794,1118,2,302.8139534883721,40,3,17,36.28879338897721,0.6208333333333333,44.308943089430905,1022.764227642278,25.56910569105695,0
3511,4,0,0,43,0.0,0.0,1.0,43,1050,500,550,0.47619047619047616,16,5,11,316.73278835424856,0.42414174972314506,0.17221960436473815,0.18326814443394132,130859.79327781104,-310.482558331659,130549.31071947938,1119,3,303.8139534883721,40,3,18,36.10552410276785,0.621875,44.20731707317074,1023.1707317073187,25.57926829268297,0
3512,4,0,1,42,0.0,0.023255813953488372,0.9767441860465116,43,1450,1100,350,0.7586206896551724,18,11,7,318.2197339546396,0.42365725359911405,0.17222646771590622,0.18475085764409727,130989.80150910515,-263.2920426002932,130726.50946650485,1120,4,304.8139534883721,40,3,18,35.93641417651146,0.6231770833333333,44.080284552845534,1023.6788617886189,25.59197154471547,0
3513,4,1,1,42,0.023255813953488372,0.023255813953488372,0.9767441860465116,43,1900,1600,300,0.8421052631578947,22,16,6,315.7050675205952,0.42439553340716135,0.18395769436161147,0.18517099371499973,131381.5158420138,-304.001582484389,131077.5142595294,1121,0,302.3255813953488,39,4,20,35.606330014224746,0.6287393162393162,43.697916666666664,1025.2083333333326,26.287393162393144,0
3514,4,0,0,42,0.0,0.0,1.0,42,1550,1200,350,0.7741935483870968,19,12,7,323.52562490866956,0.4233328493999226,0.1891164969530954,0.18976478585718773,131382.88498064136,101.14599313316273,131484.03097377453,1122,1,309.6190476190476,38,4,20,35.404508823120736,0.6304824561403508,43.69658119658119,1025.2136752136748,26.979307242465126,0
3515,4,0,1,41,0.0,0.023809523809523808,0.9761904761904762,42,1550,1300,250,0.8387096774193549,18,13,5,371.5405950589084,0.4225585559427023,0.1980186745616037,0.20572947703703237,129142.56071030517,1304.782083115191,130447.34279342036,1123,2,310.6190476190476,35,7,18,36.45003036514081,0.6136904761904762,45.8912037037037,1016.4351851851849,29.04100529100528,8
3516,4,1,0,42,0.023809523809523808,0.0,1.0,42,1150,900,250,0.782608695652174,14,9,5,369.2691768407373,0.42311507936507936,0.216736285157338,0.206356304705118,129504.14540816337,1164.3912303862007,130668.53663854957,1124,0,311.54761904761904,34,8,17,36.13913255360623,0.6194852941176471,45.53571428571429,1017.8571428571437,29.93697478991599,0
3517,4,0,0,42,0.0,0.0,1.0,42,1350,1000,350,0.7407407407407407,17,10,7,370.98163974723025,0.4226190476190476,0.21603310016305222,0.20843663107794166,129716.28578514748,1224.472080498875,130940.75786564636,1125,1,312.54761904761904,34,8,19,35.879494371080206,0.6216299019607843,45.327380952380956,1018.6904761904769,29.961484593837557,0
3518,4,1,0,43,0.023255813953488372,0.0,1.0,43,1150,700,450,0.6086956521739131,16,7,9,361.61450554481763,0.42462624584717606,0.2240410340842529,0.20510104580901045,130085.4190779321,808.154899691361,130893.57397762347,1126,0,306.25581395348837,35,8,20,35.74285228046291,0.6232142857142857,44.96527777777778,1020.1388888888889,29.1468253968254,0
3519,4,1,0,44,0.022727272727272728,0.0,1.0,44,1300,1100,200,0.8461538461538461,15,11,4,360.13597337094257,0.42663187103594086,0.24384991385872823,0.2068730439439669,130578.91506371247,605.2329356383539,131184.14799935083,1127,0,300.27272727272725,36,8,15,35.27985896870868,0.6261574074074074,44.48198198198199,1022.072072072073,28.390890890890915,0
3520,4,1,0,45,0.022222222222222223,0.0,1.0,45,1500,1000,500,0.6666666666666666,20,10,10,354.842466781785,0.4291456228956229,0.24167916041978987,0.20632123006278394,131047.29940943376,300.22939750693246,131347.52880694068,1128,0,294.5777777777778,37,8,19,34.94101163703862,0.6289414414414414,44.02412280701755,1023.9035087719305,27.67306780464677,0
3521,4,0,0,45,0.0,0.0,1.0,45,1600,1300,300,0.8125,19,13,6,353.4555664625818,0.4291245791245791,0.24661554009868603,0.2065692475667812,131243.84576263872,277.7735697522535,131521.61933239098,1129,1,295.5777777777778,37,8,21,34.77784465846265,0.6309121621621622,43.832236842105274,1024.6710526315806,27.69381223328596,0
3522,4,0,0,45,0.0,0.0,1.0,45,1150,800,350,0.6956521739130435,15,8,7,353.955978584176,0.42870370370370375,0.24317976513098483,0.20731707317073178,131328.12500000012,296.87500000001376,131625.00000000012,1130,2,296.5777777777778,37,8,21,34.679878048780495,0.6317567567567568,43.75000000000001,1025.000000000001,27.702702702702727,0
3523,4,0,1,44,0.0,0.022222222222222223,0.9777777777777777,45,1400,1000,400,0.7142857142857143,18,10,8,355.0159279273776,0.4284511784511784,0.2454947805778136,0.2081036184739722,131358.63272392304,326.8813775510341,131685.51410147408,1131,3,297.5777777777778,34,11,21,34.62189834707544,0.6381740196078431,43.7202380952381,1025.1190476190486,30.150560224089666,0
3524,4,0,1,43,0.0,0.022727272727272728,0.9772727272727273,44,1350,800,550,0.5925925925925926,19,8,11,362.5564216341465,0.42513433756166313,0.24546544355259048,0.21220279150313434,131300.7492900323,720.7859640952767,132021.53525412758,1132,4,305.1818181818182,38,6,21,34.487169463845156,0.6296600877192983,43.77670940170941,1024.8931623931637,26.97087269455694,0
3525,4,0,0,43,0.0,0.0,1.0,43,1450,1100,350,0.7586206896551724,18,11,7,361.62421500798354,0.4260797342192691,0.24228609701490478,0.21197727130250163,131358.63272392304,900.5010493678215,132259.13377329087,1133,5,309.0232558139535,34,9,21,34.45254132311385,0.6381740196078431,43.7202380952381,1025.1190476190486,30.150560224089666,0
3526,4,0,1,42,0.0,0.023255813953488372,0.9767441860465116,43,1050,800,250,0.7619047619047619,13,8,5,366.5220365480392,0.4255029531192322,0.15734959834606999,0.20563432373079835,129659.75265806359,942.953315974563,130602.70597403815,1134,6,310.0232558139535,36,7,14,36.05060445230723,0.6168981481481481,45.38288288288289,1018.4684684684694,28.290790790790815,8
3527,4,0,0,42,0.0,0.0,1.0,42,1600,1400,200,0.875,18,14,4,373.77789328340054,0.4220383275261324,0.16614742216741307,0.2104054074467431,129790.40745027452,1302.5570130315714,131092.9644633061,1135,8,318.26190476190476,35,7,15,35.73281084355597,0.6202380952380953,45.25462962962964,1018.9814814814829,29.113756613756653,0
3528,4,0,0,42,0.0,0.0,1.0,42,1050,900,150,0.8571428571428571,12,9,3,373.0216359306149,0.42176006581494385,0.17059256134886347,0.21029632048687566,129849.3829839679,1287.3258530521412,131136.70883702004,1136,9,319.26190476190476,35,7,15,35.69204708910591,0.6208333333333333,45.19675925925927,1019.2129629629641,29.120370370370402,0
3529,4,1,0,43,0.023255813953488372,0.0,1.0,43,1100,900,200,0.8181818181818182,13,9,4,368.4908594525049,0.42522609819121443,0.18406250858943363,0.20950179773515376,130178.65022170299,993.9285405124832,131172.57876221547,1137,0,312.8139534883721,37,6,17,35.472740052290405,0.6202139639639639,44.87390350877194,1020.5043859649136,27.58119962067334,0
3530,4,1,1,43,0.022727272727272728,0.022727272727272728,0.9772727272727273,44,1050,600,450,0.5714285714285714,15,6,9,357.23489993790895,0.42663187103594086,0.1818933215781351,0.20490199001495507,130521.37230135562,525.411977952277,131046.78427930789,1138,0,306.6818181818182,36,8,14,35.41230438615824,0.6255787037037037,44.5382882882883,1021.8468468468485,28.38463463463468,0
3531,4,1,0,44,0.022727272727272728,0.0,1.0,44,1250,900,350,0.72,16,9,7,324.0447784813982,0.42750176180408733,0.10189986937788809,0.18677636613828938,130710.70545744854,-184.93779748715087,130525.76765996139,1139,0,307.65909090909093,37,7,17,36.06896490099364,0.6255630630630631,44.3530701754386,1022.5877192982464,27.63750592697963,8
3532,4,1,0,45,0.022222222222222223,0.0,1.0,45,1500,1100,400,0.7333333333333333,19,11,8,317.192712673599,0.42805134680134677,0.10913559636431103,0.18446449989464667,131054.49631090679,-686.0937614142455,130368.40254949254,1140,0,301.8,38,7,18,35.89750278241515,0.6271929824561404,44.01709401709403,1023.9316239316257,26.945569050832255,0
3533,4,1,1,45,0.021739130434782608,0.021739130434782608,0.9782608695652174,46,1600,1200,400,0.75,20,12,8,310.47362008651504,0.4292572463768116,0.11795311202586412,0.18235694010332074,131434.9175347224,-1038.585069444427,130396.33246527797,1141,0,296.2173913043478,39,7,19,35.68671271840717,0.6292735042735043,43.64583333333334,1025.416666666668,26.292735042735078,0
3534,4,2,1,46,0.0425531914893617,0.02127659574468085,0.9787234042553191,47,1400,900,500,0.6428571428571429,19,9,10,300.9891754512277,0.433722633364169,0.13523235035980097,0.17908767361015085,131927.7662622283,-1458.234082721913,130469.5321795064,1142,0,289.0425531914894,40,7,17,35.435214495334186,0.6325520833333333,43.16565040650407,1027.3373983739848,25.68343495934962,0
3535,4,0,1,45,0.0,0.021739130434782608,0.9782608695652174,46,1550,1200,350,0.7741935483870968,19,12,7,304.68878337931346,0.431682769726248,0.12768620636258832,0.18116436602341765,131901.66650142104,-1162.2083415956185,130739.45815982543,1143,1,296.2173913043478,40,6,18,35.36637646748451,0.6322916666666667,43.1910569105691,1027.2357723577231,25.680894308943078,0
3536,4,0,0,45,0.0,0.0,1.0,45,2350,2000,350,0.851063829787234,27,20,7,347.4658100899678,0.43063973063973066,0.08461504638789963,0.206599082846435,131901.66650142104,192.6024728997233,132094.26897432076,1144,2,303.73333333333335,40,5,17,34.26782416567735,0.6322916666666667,43.1910569105691,1027.2357723577231,25.680894308943078,8
3537,4,0,2,43,0.0,0.044444444444444446,0.9555555555555556,45,1250,800,450,0.64,17,8,9,345.6930093232455,0.43034511784511786,0.0768027801911384,0.206161996751842,132015.40577168344,127.36057964850323,132142.76635133193,1145,3,304.73333333333335,41,4,17,34.198824693503234,0.631859756097561,43.08035714285713,1027.6785714285695,25.065331010452915,0
3538,4,0,1,42,0.0,0.023255813953488372,0.9767441860465116,43,750,200,550,0.26666666666666666,13,2,11,351.9133533163761,0.4258720930232558,0.05914860710311398,0.20961795393192822,131969.53124999988,688.3680555555408,132657.89930555542,1044,4,293.2093023255814,39,4,17,34.08522573668558,0.6346153846153846,43.12499999999999,1027.499999999999,26.346153846153822,0
3539,4,0,3,39,0.0,0.07142857142857142,0.9285714285714286,42,1200,900,300,0.75,15,9,6,358.0869296185102,0.42489353464963225,0.07482887136769278,0.2138519149509423,132068.34781804716,1058.38983399078,133126.73765203793,1045,5,299.8333333333333,38,4,18,33.82704500571666,0.6373355263157895,43.028846153846146,1027.8846153846139,27.049595141700365,0
3540,4,1,0,40,0.025,0.0,1.0,40,1350,1000,350,0.7407407407407407,17,10,7,362.3530068425614,0.4178018162393162,0.10830135380023509,0.21748135362700347,132256.9820161009,1584.7430218913305,133841.72503799223,1046,0,314.65,37,3,19,33.5273202927904,0.6410472972972974,42.845394736842096,1028.6184210526299,27.800497866287294,0
3541,4,0,0,40,0.0,0.0,1.0,40,1100,800,300,0.7272727272727273,14,8,6,360.6292767654287,0.41820245726495725,0.10194234253437107,0.2167703077443955,132313.38158135177,1543.2158212142033,133856.59740256597,1047,1,315.65,37,3,19,33.514845109950635,0.6416103603603603,42.79057017543859,1028.837719298244,27.80642484589849,0
3542,4,0,0,40,0.0,0.0,1.0,40,1950,1400,550,0.717948717948718,25,14,11,361.10894670537937,0.4181089743589744,0.10191399662731859,0.21806273461943992,132487.35592689048,1568.5280132936214,134055.8839401841,1048,2,316.65,35,5,20,33.327360876897124,0.6473214285714286,42.62152777777778,1029.5138888888891,29.41468253968255,0
3543,4,0,1,39,0.0,0.025,0.975,40,600,300,300,0.5,9,3,6,360.54924046374424,0.4180689102564103,0.1036645683453239,0.21789714967156706,132517.14677640592,1555.7913237311286,134072.93810013705,1049,3,317.65,35,5,20,33.31178806954436,0.6476190476190475,42.59259259259259,1029.6296296296289,29.417989417989396,0
3544,4,0,0,39,0.0,0.0,1.0,39,1200,1000,200,0.8333333333333334,14,10,4,369.2897769181598,0.41599190283400805,0.10464029897228322,0.22247457292386685,132398.00347222213,1978.6458333333235,134376.64930555545,1050,4,326.4871794871795,34,5,20,33.20681511470986,0.6485906862745099,42.70833333333333,1029.1666666666658,30.26960784313723,0
3545,4,1,0,40,0.025,0.0,1.0,40,1000,600,400,0.6,14,6,8,364.5819100550099,0.41565170940170937,0.10949747332959037,0.2219140060861152,132785.41512613607,1682.2320548268272,134467.6471809629,1051,0,319.3,35,5,17,32.938073179861505,0.6502976190476191,42.33217592592593,1030.671296296297,29.447751322751344,0
3546,4,0,0,40,0.0,0.0,1.0,40,1450,1100,350,0.7586206896551724,18,11,7,365.18290769311994,0.4154246794871795,0.11345549444382108,0.2229893437037701,132904.73257726766,1706.907337748624,134611.63991501628,1052,1,320.3,35,5,18,32.80262000972798,0.6514880952380953,42.21643518518518,1031.1342592592591,29.460978835978832,0
3547,4,0,0,40,0.0,0.0,1.0,40,1200,700,500,0.5833333333333334,17,7,10,363.72787435409344,0.41510416666666666,0.11604607993011595,0.22236447752568694,132949.08717839472,1671.4577753429228,134620.54495373764,1053,2,321.3,36,4,18,32.795552158404305,0.6498842592592593,42.17342342342343,1031.306306306307,28.64739739739742,0
3548,4,0,0,40,0.0,0.0,1.0,40,700,300,400,0.42857142857142855,11,3,8,363.41331096767976,0.4146901709401709,0.11343466870428998,0.22269092587123188,133036.20501836305,1669.4255488596825,134705.63056722272,1054,3,322.3,36,4,19,32.71613360986792,0.6507523148148149,42.08896396396397,1031.644144144145,28.656781781781806,0
3549,4,0,2,38,0.0,0.05,0.95,40,850,400,450,0.47058823529411764,13,4,9,372.4474346796309,0.4138888888888889,0.07286150712830985,0.21514316520905716,130794.81336805546,1759.9840655689384,132554.7974336244,1055,4,323.3,35,5,17,34.74626612355737,0.6303571428571428,44.27083333333333,1022.9166666666658,29.226190476190453,8
3550,4,1,0,39,0.02564102564102564,0.0,1.0,39,1350,900,450,0.6666666666666666,18,9,9,374.7558656619082,0.41377080521817367,0.09654214328089439,0.21793611903705706,131053.71492346936,2022.6296768707416,133076.34460034012,1056,0,328.1794871794872,34,5,19,34.42477618881525,0.6351102941176471,44.01785714285714,1023.9285714285712,30.11554621848739,0
3551,4,0,0,39,0.0,0.0,1.0,39,1400,1100,300,0.7857142857142857,17,11,6,375.0854202481779,0.41340530814215026,0.0976182389150082,0.2189949203972742,131206.12953514748,2042.7012471655376,133248.83078231302,1057,1,329.1794871794872,34,5,20,34.26194902781005,0.6366421568627452,43.86904761904762,1024.52380952381,30.13305322128853,0
3552,4,1,1,39,0.025,0.025,0.975,40,1050,800,250,0.7619047619047619,13,8,5,368.5648560650996,0.4159455128205128,0.10489958253413079,0.21704919065149345,131535.81700370798,1695.8958922753768,133231.71289598336,1058,0,321.925,35,5,21,34.09551412238143,0.6377976190476191,43.5474537037037,1025.810185185185,29.30886243386243,0
3553,4,0,0,39,0.0,0.0,1.0,39,1250,800,450,0.64,17,8,9,370.0538926083416,0.4141925326135853,0.10929682393702334,0.2184352737593579,131624.8780971364,1941.659700788748,133566.53779792515,1059,1,327.7692307692308,35,4,18,33.96730957214829,0.6386904761904761,43.460648148148145,1026.1574074074067,29.31878306878305,0
3554,4,0,0,39,0.0,0.0,1.0,39,1300,1100,200,0.8461538461538461,15,11,4,368.4904546591846,0.41424876293297347,0.11116796910009241,0.21802147047180168,131713.9693313828,1907.0680887774279,133621.03742016022,1060,2,328.7692307692308,35,4,18,33.917413650543104,0.6395833333333334,43.37384259259259,1026.504629629629,29.328703703703688,0
3555,4,0,1,38,0.0,0.02564102564102564,0.9743589743589743,39,950,600,350,0.631578947368421,13,6,7,365.19793378383747,0.4132085020242915,0.10991653372176335,0.21657995110496023,131803.09070644717,1826.8432784636384,133629.9339849108,1061,3,329.7692307692308,35,4,18,33.91193267207694,0.6404761904761904,43.28703703703703,1026.8518518518515,29.338624338624328,0
3556,4,0,1,37,0.0,0.02631578947368421,0.9736842105263158,38,650,500,150,0.7692307692307693,8,5,3,377.4848203838047,0.41198435277382645,0.11302392011572482,0.2234077972662695,131725.00177154187,2344.837726757362,134069.83949829923,1062,4,337.2368421052632,34,4,19,33.67544164830491,0.6418504901960784,43.363095238095234,1026.5476190476184,30.192577030812306,0
3557,4,0,0,37,0.0,0.0,1.0,37,1300,1000,300,0.7692307692307693,16,10,6,374.440721833949,0.4112862862862863,0.11581400593918034,0.22249824710628854,131877.80612244885,2476.084183673459,134353.8903061223,1063,5,344.27027027027026,34,3,20,33.59918289290681,0.6433823529411764,43.21428571428571,1027.1428571428562,30.210084033613416,0
3558,4,2,1,38,0.05128205128205128,0.02564102564102564,0.9743589743589743,39,1150,700,450,0.6086956521739131,16,7,9,355.251665357561,0.4166666666666667,0.11496645847790887,0.21419148526370088,132428.63520408154,1611.1465419501044,134039.78174603166,1064,0,327.56410256410254,34,5,22,33.53718482535276,0.6488970588235294,42.67857142857142,1029.2857142857135,30.27310924369746,0
3559,4,0,2,36,0.0,0.05263157894736842,0.9473684210526316,38,1550,1400,150,0.9032258064516129,17,14,3,353.6102474799353,0.41471076339497387,0.04568044487258072,0.2104156027083573,131931.11257213802,1730.4386733873678,133661.5512455254,1065,1,334.7105263157895,38,0,16,34.08035219079311,0.6359649122807017,43.16239316239315,1027.3504273504257,27.035537561853307,8
3560,4,0,1,35,0.0,0.027777777777777776,0.9722222222222222,36,1250,900,350,0.72,16,9,7,369.35518092469783,0.40795304232804236,0.06680611884492227,0.21980608712172325,131934.8206948502,2546.1619136027907,134480.982608453,1066,2,351.6111111111111,36,0,17,33.672220395337796,0.6397569444444444,43.15878378378378,1027.3648648648646,28.537912912912905,0
3561,4,0,0,35,0.0,0.0,1.0,35,900,700,200,0.7777777777777778,11,7,4,380.65363769440796,0.40822829131652666,0.06120654956448934,0.22592238978344356,131832.8045294281,3036.5273223165213,134869.33185174462,1067,3,351.6,35,0,17,33.485128103985865,0.6407738095238096,43.25810185185185,1026.9675925925922,29.341931216931204,0
3562,4,1,0,36,0.027777777777777776,0.0,1.0,36,800,700,100,0.875,9,7,2,375.8056241881839,0.4104001322751323,0.06743771375713514,0.22467122090464536,132108.41912436095,2729.4173819089474,134837.8365062699,1068,0,342.80555555555554,36,0,18,33.33127943914997,0.6414930555555556,42.98986486486487,1028.0405405405415,28.55668168168171,0
3563,4,0,0,36,0.0,0.0,1.0,36,1400,1000,400,0.7142857142857143,18,10,8,376.4357304504247,0.40993716931216934,0.05972967057020928,0.22643141995559793,132340.06123944907,2763.5055241052014,135103.56676355426,1069,1,343.80555555555554,36,0,19,33.08138156214658,0.6438078703703703,42.76463963963965,1028.9414414414427,28.581706706706743,0
3564,4,1,0,37,0.02702702702702703,0.0,1.0,37,850,500,350,0.5882352941176471,12,5,7,369.78412069054446,0.41147397397397395,0.06811551526816051,0.22472273218484073,132725.77649444866,2416.0022739949227,135141.7787684436,1070,0,335.4864864864865,35,2,18,32.86403927515068,0.649702380952381,42.39004629629629,1030.4398148148143,29.441137566137552,0
3565,4,0,0,37,0.0,0.0,1.0,37,1000,700,300,0.7,13,7,6,366.4681250765346,0.4110985985985986,0.0665562317479722,0.22317250491187782,132803.95418645005,2333.6832186916727,135137.63740514172,1071,1,336.4864864864865,36,1,19,32.870825594522735,0.6484375,42.31418918918919,1030.7432432432438,28.631756756756772,0
3566,4,0,1,36,0.0,0.02702702702702703,0.972972972972973,37,1400,1100,300,0.7857142857142857,17,11,6,365.25503445505234,0.4104416916916917,0.11749477605024583,0.20447497006242307,129573.74762854089,2067.169872575306,131640.9175011162,1072,2,337.4864864864865,36,1,18,36.17040887807397,0.6160300925925926,45.467342342342356,1018.1306306306323,28.28140640640645,8
3567,4,0,0,36,0.0,0.0,1.0,36,1000,800,200,0.8,12,8,4,371.40161067879654,0.4081349206349207,0.1326739427012278,0.20781479437218184,129554.63927469152,2423.3603395061937,131977.9996141977,1073,5,347.80555555555554,35,1,19,36.03342428376534,0.6178571428571429,45.48611111111112,1018.0555555555569,29.087301587301624,0
3568,4,0,0,36,0.0,0.0,1.0,36,1300,900,400,0.6923076923076923,17,9,8,375.83482839232,0.4072255291005291,0.12764144512610742,0.21124509319982146,129731.44531250015,2551.519097222237,132282.9644097224,1074,6,348.80555555555554,35,1,19,35.74045671438309,0.6196428571428572,45.31250000000001,1018.7500000000011,29.10714285714289,0
3569,4,0,1,35,0.0,0.027777777777777776,0.9722222222222222,36,1300,900,400,0.6923076923076923,17,9,8,375.02716464921366,0.4071924603174603,0.13435914906503177,0.21142696619084356,129849.38298396778,2539.4091863854605,132388.79217035323,1075,7,349.80555555555554,35,1,19,35.640945567416146,0.6208333333333333,45.19675925925926,1019.2129629629632,29.120370370370377,0
3570,4,0,0,35,0.0,0.0,1.0,35,750,400,350,0.5333333333333333,11,4,7,372.951011509773,0.40486694677871143,0.024656309777070673,0.19697630753302026,127251.20722694117,2508.4381890595128,129759.64541600068,1076,8,357.8,32,3,22,38.35147874692363,0.6012369791666667,47.75883838383839,1008.9646464646469,31.530145202020215,8
3571,4,1,0,36,0.027777777777777776,0.0,1.0,36,950,600,350,0.631578947368421,13,6,7,364.8628689105244,0.4059358465608465,0.033260588425476634,0.19490861028329035,127710.6161091887,2119.3723567858387,129829.98846597454,1077,0,348.8333333333333,33,3,20,38.08397995473649,0.6035353535353536,47.303921568627445,1010.7843137254897,30.629827688651204,0
3572,4,0,0,36,0.0,0.0,1.0,36,800,700,100,0.875,9,7,2,366.55191919191924,0.40580357142857143,0.03309764309764329,0.19611240812797234,127772.5589316609,2167.0553392925794,129939.61427095348,1078,1,349.8333333333333,33,3,20,37.97777777777778,0.6041666666666667,47.24264705882353,1011.0294117647059,30.637254901960784,0
3573,4,1,0,37,0.02702702702702703,0.0,1.0,37,1400,1000,400,0.7142857142857143,18,10,8,361.64209997714863,0.40740740740740744,0.035701412493136075,0.19591185470065256,128272.40404359259,1878.8216283673196,130151.22567195991,1079,0,341.35135135135135,32,5,21,37.59010552993477,0.6116536458333333,46.74873737373738,1013.0050505050513,31.656407828282852,0
3574,4,2,0,39,0.05128205128205128,0.0,1.0,39,850,500,350,0.5882352941176471,12,5,7,353.94967584227857,0.4158232118758434,0.0708312306250447,0.19568098659259642,129080.3854875283,1337.592120181398,130417.9776077097,1080,0,324.79487179487177,34,5,19,36.96037371134019,0.6151960784313726,45.95238095238095,1016.1904761904759,29.887955182072822,0
3575,4,0,0,39,0.0,0.0,1.0,39,1150,800,350,0.6956521739130435,15,8,7,352.5620591048701,0.4163011695906433,0.07765550612659022,0.19581177560947977,129261.91184807249,1314.5691609977214,130576.48100907021,1081,1,325.79487179487177,34,5,19,36.81075860454225,0.6170343137254901,45.77380952380952,1016.9047619047612,29.908963585434154,0
3576,4,0,1,38,0.0,0.02564102564102564,0.9743589743589743,39,1100,900,200,0.8181818181818182,13,9,4,350.7708643998649,0.4164417453891138,0.07680906346948935,0.19541641506918145,129383.0002834466,1276.7573696144982,130659.7576530611,1082,2,326.79487179487177,34,5,20,36.733072002496286,0.6182598039215687,45.6547619047619,1017.3809523809515,29.922969187675044,0
3577,4,1,0,39,0.02564102564102564,0.0,1.0,39,900,500,400,0.5555555555555556,13,5,8,344.3729856276085,0.4176225820962663,0.08574582674321429,0.19370705383257733,129760.92470689719,1137.2314118226911,130898.15611871988,1083,0,320.4102564102564,35,4,17,36.511818887500475,0.6199404761904762,45.28356481481481,1018.86574074074,29.110449735449713,0
3578,4,0,1,38,0.0,0.02564102564102564,0.9743589743589743,39,700,400,300,0.5714285714285714,10,4,6,343.3661314808909,0.4174257759784075,0.08436688003490955,0.1933491053995384,129803.15778193736,1114.0016283175084,130917.15941025487,1084,1,321.4102564102564,36,3,18,36.494594246141375,0.6183449074074074,45.24211711711712,1019.0315315315316,28.306431431431434,0
3579,4,0,1,37,0.0,0.02631578947368421,0.9736842105263158,38,1350,900,450,0.6666666666666666,18,9,9,344.76074344805807,0.416444404931247,0.08023791457301455,0.1948041942933895,129937.87140185609,1359.4954293124113,131297.3668311685,1085,2,325.2105263157895,35,3,18,36.32234551784161,0.6217261904761905,45.1099537037037,1019.5601851851848,29.130291005290992,0
3580,4,1,1,37,0.02631578947368421,0.02631578947368421,0.9736842105263158,38,1100,800,300,0.7272727272727273,14,8,6,338.84200112425094,0.4173630867709815,0.09196653917982811,0.19320784046005268,130292.12648158852,1230.0942001028648,131522.2206816914,1086,0,324.9736842105263,35,3,20,36.11422079885123,0.625297619047619,44.762731481481474,1020.949074074073,29.169973544973516,0
3581,4,0,1,36,0.0,0.02702702702702703,0.972972972972973,37,850,500,350,0.5882352941176471,12,5,7,344.36407395931974,0.4149461961961962,0.09408274230229297,0.19590983252730831,130203.5175004286,1567.482746056229,131771.00024648482,1087,1,334.56756756756755,35,2,20,36.063071747183784,0.6244047619047619,44.84953703703703,1020.6018518518513,29.160052910052894,0
3582,4,0,0,36,0.0,0.0,1.0,36,1000,800,200,0.8,12,8,4,345.3561016243233,0.41365740740740736,0.09421768707483014,0.1967726625533934,130262.58680555539,1797.4092292523817,132059.99603480776,1088,2,342.30555555555554,33,3,20,35.97789115646257,0.6294191919191919,44.79166666666666,1020.833333333332,30.934343434343393,0
3583,4,0,0,36,0.0,0.0,1.0,36,1200,800,400,0.6666666666666666,16,8,8,334.96783998057793,0.4137070105820106,0.02953322724861729,0.18771000357637763,129613.56122470871,1483.2749271262292,131096.83615183493,1089,3,343.30555555555554,35,1,17,36.900905508827755,0.618452380952381,45.428240740740755,1018.2870370370388,29.093915343915395,7
3584,4,1,1,36,0.02702702702702703,0.02702702702702703,0.972972972972973,37,950,500,450,0.5263157894736842,14,5,9,327.71146724932277,0.4169794794794795,0.0404838237840226,0.1852122112656289,129946.64216581477,1117.0009536563953,131063.64311947116,1090,0,335.0,36,1,19,36.748030336499525,0.6197916666666667,45.10135135135137,1019.5945945945971,28.322072072072142,0
3585,4,1,0,37,0.02702702702702703,0.0,1.0,37,950,800,150,0.8421052631578947,11,8,3,332.07623016818343,0.4190753253253254,0.06692179432495071,0.18864844649240853,130147.65346004814,1243.7884252496044,131391.44188529774,1091,0,335.86486486486484,36,1,20,36.433156752382,0.6218171296296297,44.904279279279294,1020.3828828828849,28.343968968969026,0
3586,4,0,0,37,0.0,0.0,1.0,37,750,600,150,0.8,9,6,3,328.36318200749673,0.4192942942942943,0.06464423607280745,0.18709065021357407,130262.58680555591,1154.68750000004,131417.27430555594,1092,1,336.86486486486484,36,1,21,36.41156462585033,0.622974537037037,44.791666666666686,1020.8333333333362,28.356481481481563,0
3587,4,1,0,38,0.02631578947368421,0.0,1.0,38,600,400,200,0.6666666666666666,8,4,4,321.36169551267517,0.4206229255571361,0.0695946376904022,0.18473718240459525,130607.6912004913,794.4618182371793,131402.15301872848,1093,0,328.9736842105263,36,2,17,36.241553743894805,0.6264467592592593,44.45382882882884,1022.1846846846869,28.39401901901908,0
3588,4,0,0,38,0.0,0.0,1.0,38,1050,700,350,0.6666666666666666,14,7,7,325.44924195277525,0.42066737790422004,0.06572282942546837,0.18778462613818986,130751.61944038645,910.6030861943148,131662.22252658076,1094,1,329.9736842105263,36,2,18,35.991751082727745,0.6278935185185186,44.31306306306307,1022.7477477477487,28.409659659659685,0
3589,4,0,0,38,0.0,0.0,1.0,38,700,400,300,0.5714285714285714,10,4,6,323.52344486834386,0.42059329065908013,0.06033169741072908,0.1870181995428532,130822.8553497231,864.8521660511003,131687.7075157742,1095,2,330.9736842105263,37,1,18,35.969096105752044,0.6266891891891893,44.24342105263158,1023.0263157894746,27.649359886202014,0
3590,4,0,0,38,0.0,0.0,1.0,38,1000,600,400,0.6,14,6,8,324.9085044592333,0.41992650545282123,0.06372452287655439,0.18850347353181746,130963.11034404815,910.2056642428463,131873.316008291,1096,3,331.9736842105263,37,1,18,35.79215765041958,0.6280968468468469,44.10635964912281,1023.5745614035086,27.66417733522996,0
3591,4,0,0,38,0.0,0.0,1.0,38,950,700,250,0.7368421052631579,12,7,5,325.7208540989427,0.41983760075865334,0.06322383214702354,0.18952691940373986,131075.36844269387,938.7961920975644,132014.16463479144,1097,4,332.9736842105263,37,1,18,35.65814951636506,0.629222972972973,43.99671052631579,1024.0131578947364,27.676031294452336,0
3592,4,0,0,38,0.0,0.0,1.0,38,1150,800,350,0.6956521739130435,15,8,7,327.06578603289404,0.4196005215742058,0.06029727460713685,0.1905877421917193,131131.51552641182,977.7264398660984,132109.2419662779,1098,5,333.9736842105263,37,1,18,35.56710113121365,0.6297860360360361,43.941885964912274,1024.2324561403498,27.681958274063508,0
3593,4,0,1,37,0.0,0.02631578947368421,0.9736842105263158,38,950,700,250,0.7368421052631579,12,7,5,328.652816174233,0.41927453769559037,0.06193855425079531,0.19207383159150765,131243.84576263846,1026.7319030855592,132270.57766572403,1099,6,334.9736842105263,37,1,18,35.41321116461567,0.6309121621621622,43.83223684210526,1024.6710526315785,27.693812233285904,0
3594,4,0,0,37,0.0,0.0,1.0,37,1000,800,200,0.8,12,8,4,338.691686054286,0.41835585585585583,0.06758892557041163,0.19868416920985868,131387.44882758922,1499.9943655502816,132887.4431931395,1100,7,342.7027027027027,35,2,20,35.01119515315724,0.6363095238095238,43.69212962962963,1025.231481481482,29.292328042328055,0
3595,4,0,1,36,0.0,0.02702702702702703,0.972972972972973,37,1400,1000,400,0.7142857142857143,18,10,8,337.9507748048324,0.41804304304304307,0.053932090935700616,0.19917524387433758,131565.50068587123,1492.5325788751873,133058.03326474642,1101,8,343.7027027027027,35,2,14,34.8507069795427,0.638095238095238,43.518518518518526,1025.9259259259272,29.31216931216935,0
3596,4,0,0,36,0.0,0.0,1.0,36,1050,700,350,0.6666666666666666,14,7,7,335.3290997065229,0.4165839947089947,0.03826376285541455,0.1904807566374164,130144.46159122068,1528.245027434823,131672.7066186555,1102,9,353.05555555555554,35,1,18,36.35341046581973,0.6238095238095238,44.9074074074074,1020.370370370369,29.153439153439113,8
3597,4,1,1,36,0.02702702702702703,0.02702702702702703,0.972972972972973,37,1000,600,400,0.6,14,6,8,323.5279216889692,0.4177302302302302,0.03985346460717354,0.1858864721168045,130587.70743580666,1049.807500642998,131637.51493644965,1103,0,344.4864864864865,35,2,16,36.20637998716643,0.6282738095238095,44.473379629629626,1022.1064814814807,29.203042328042308,0
3598,4,0,1,35,0.0,0.027777777777777776,0.9722222222222222,36,700,300,400,0.42857142857142855,11,3,8,332.12699084637,0.4148313492063492,0.03846589621572627,0.19010070176459531,130439.87509645053,1464.5206404320882,131904.3957368826,1104,11,355.05555555555554,35,1,19,36.13613188307273,0.6267857142857143,44.61805555555555,1021.527777777777,29.186507936507915,0
3599,4,0,0,35,0.0,0.0,1.0,35,900,700,200,0.7777777777777778,11,7,4,342.62568006645637,0.4122198879551821,0.04845719614340682,0.19582849495603766,130384.14292800434,1934.5911281178921,132318.73405612222,1105,12,365.6,34,1,19,35.92444729377939,0.6283700980392157,44.67261904761904,1021.3095238095223,30.038515406162418,0
3600,4,0,0,35,0.0,0.0,1.0,35,1200,900,300,0.75,15,9,6,342.4014675269305,0.4112044817927171,0.05454696730177244,0.19662318386078217,130566.58340419478,1941.237953514714,132507.8213577095,1106,13,366.6,34,1,17,35.74548631333723,0.6302083333333333,44.494047619047606,1022.0238095238076,30.059523809523753,0
3601,4,1,0,36,0.027777777777777776,0.0,1.0,36,1350,1000,350,0.7407407407407407,17,10,7,337.7353980020471,0.4132936507936508,0.060613767378772776,0.19644609244734437,131061.33355034706,1652.8103298610927,132714.14388020814,1107,0,357.3888888888889,35,1,20,35.36474228552052,0.6330357142857144,44.01041666666666,1023.958333333332,29.255952380952344,0
3602,4,0,0,36,0.0,0.0,1.0,36,700,400,300,0.5714285714285714,10,4,6,356.90353434541856,0.41307870370370375,-0.025253387996811094,0.1974776266595539,129113.15164448298,2016.4592978395,131129.61094232247,1108,1,358.3888888888889,35,1,16,36.85193884523402,0.6133928571428571,45.920138888888886,1016.319444444444,29.0376984126984,8
3603,4,0,1,35,0.0,0.027777777777777776,0.9722222222222222,36,750,600,150,0.8,9,6,3,356.5927102740278,0.41301256613756615,-0.02382443356484143,0.1975996072136774,129171.9731251072,2012.356797625174,131184.32992273237,1109,2,359.3888888888889,35,1,16,36.79990227333104,0.6139880952380952,45.86226851851852,1016.5509259259262,29.044312169312178,0
3604,4,0,1,34,0.0,0.02857142857142857,0.9714285714285714,35,850,700,150,0.8235294117647058,10,7,3,355.18538727114134,0.4125700280112045,-0.010300931570989436,0.19740759000325867,129289.65627411267,2184.359326774694,131474.01560088736,1110,3,367.8,35,0,17,36.715815978149536,0.6151785714285714,45.74652777777778,1017.013888888889,29.057539682539687,0
3605,4,1,1,34,0.02857142857142857,0.02857142857142857,0.9714285714285714,35,1150,800,350,0.6956521739130435,15,8,7,355.47374673791995,0.41344537815126053,0.0004679046644247009,0.19845591460739875,129466.28146701386,2204.3728298611068,131670.65429687497,1111,0,368.6857142857143,35,0,13,36.52870180825656,0.6169642857142856,45.572916666666664,1017.708333333333,29.077380952380945,0
3606,4,0,1,33,0.0,0.029411764705882353,0.9705882352941176,34,1150,700,450,0.6086956521739131,16,7,9,363.22945171958554,0.40905377302436124,0.004335379448924925,0.20266875674275572,129443.5657596372,2603.5430839002274,132047.10884353743,1112,19,380.52941176470586,34,0,13,36.354507877086256,0.6188725490196079,45.595238095238095,1017.6190476190478,29.929971988795526,0
3607,4,0,1,32,0.0,0.030303030303030304,0.9696969696969697,33,1100,900,200,0.8181818181818182,13,9,4,367.7815094028424,0.40743371212121215,0.01588518283290674,0.20492094570888544,129388.34372597063,2917.32807093424,132305.67179690488,1113,20,391.72727272727275,33,0,19,36.29496908375493,0.6205808080808081,45.64950980392156,1017.4019607843125,30.830362448009467,0
3608,4,1,0,33,0.030303030303030304,0.0,1.0,33,850,600,250,0.7058823529411765,11,6,5,367.0526637141868,0.4086568813131313,0.049327632149717804,0.20630891098418058,129731.44531249977,2923.654513888861,132655.0998263886,1114,0,392.09090909090907,33,0,14,35.96412747102929,0.6240530303030303,45.312499999999986,1018.7499999999982,30.871212121212068,0
3609,4,0,0,33,0.0,0.0,1.0,33,750,600,150,0.8,9,6,3,369.06878837591864,0.4086568813131313,0.05377649009639396,0.2077729841127798,129793.87622849361,2980.5737276527957,132774.44995614642,1115,1,393.09090909090907,33,0,15,35.84924333533773,0.6246843434343434,45.25122549019606,1018.9950980392138,30.87863933452163,0
3610,4,0,0,33,0.0,0.0,1.0,33,900,800,100,0.8888888888888888,10,8,2,368.6137877145219,0.4083806818181818,0.05397886580294675,0.20868054022858837,130012.50270328711,2984.8802143406288,132997.38291762775,1116,2,394.09090909090907,33,0,18,35.638468316911,0.6268939393939394,45.03676470588235,1019.8529411764699,30.90463458110515,0
3611,4,0,0,33,0.0,0.0,1.0,33,750,600,150,0.8,9,6,3,366.7723419667798,0.4079861111111111,0.05248059644984182,0.2079709110716261,130075.00120146082,2941.5825643982816,133016.5837658591,1117,3,395.09090909090907,33,0,19,35.62189652410697,0.6275252525252526,44.97549019607842,1020.098039215685,30.912061794414697,0
3612,4,0,0,33,0.0,0.0,1.0,33,900,500,400,0.5555555555555556,13,5,8,365.0145772594753,0.40648674242424243,0.04922696351267808,0.20797342192691032,130262.5868055555,2909.5486111111077,133172.1354166666,1118,4,396.09090909090907,33,0,20,35.47619047619047,0.6294191919191919,44.791666666666664,1020.8333333333329,30.934343434343422,0
3613,4,0,0,33,0.0,0.0,1.0,33,850,600,250,0.7058823529411765,11,6,5,366.30676457330514,0.40625,0.05043960119554103,0.20938275555239527,130387.71896626288,2952.3806949250193,133340.0996611879,1119,5,397.09090909090907,33,0,20,35.31617470602353,0.6306818181818181,44.66911764705882,1021.323529411764,30.949197860962546,0
3614,4,0,0,33,0.0,0.0,1.0,33,950,700,250,0.7368421052631579,12,7,5,383.7974587891543,0.4058554292929293,0.0990304551157748,0.1994045467111839,126583.26478165505,3119.8461786833172,129703.11096033837,1120,6,398.09090909090907,32,1,16,38.76620660811374,0.5944010416666667,48.42171717171718,1006.3131313131322,31.44728535353538,8
3615,4,4,0,37,0.10810810810810811,0.0,1.0,37,1250,900,350,0.72,16,9,7,356.89858734076466,0.4207019519519519,0.16182223773464655,0.1815066773426336,125704.81957886957,1599.5734295040897,127304.39300837366,1121,0,355.94594594594594,36,1,13,40.34858693617821,0.5766782407407407,49.29617117117118,1002.8153153153166,27.855980980981016,8
3616,4,1,0,38,0.02631578947368421,0.0,1.0,38,950,600,350,0.631578947368421,13,6,7,347.2736350958144,0.4244310099573258,0.16084297881633502,0.17807009799593893,126043.8368055556,1154.3402777777815,127198.17708333339,1122,0,347.55263157894734,37,1,15,40.240318118948814,0.5782657657657657,48.958333333333336,1004.1666666666671,27.13963963963965,0
3617,4,2,4,36,0.05,0.1,0.9,40,1000,700,300,0.7,13,7,6,337.4710080887359,0.4279513888888889,0.15885961279635552,0.17515488807786686,126541.17974175357,540.7958984375091,127081.97564019109,1123,0,331.125,39,1,10,39.97491545018462,0.5798611111111112,48.46354166666667,1006.1458333333342,25.798611111111132,0
3618,4,3,0,39,0.07692307692307693,0.0,1.0,39,1250,1100,150,0.88,14,11,3,354.08555714018354,0.43128654970760233,0.17867894745406887,0.18827473887532617,127523.29082657625,1230.8310961355965,128754.12192271184,1124,0,339.4102564102564,38,1,16,38.54827762499118,0.5915570175438596,47.489316239316246,1010.0427350427365,26.580071974808856,8
3619,4,1,0,40,0.025,0.0,1.0,40,1250,1100,150,0.88,14,11,3,346.95662560688874,0.43575053418803417,0.1866030062802424,0.1864963865257177,127960.02739800386,879.3158637153173,128839.34326171917,1125,0,331.9,39,1,18,38.28127681114656,0.594284188034188,47.057291666666686,1011.7708333333364,25.94284188034196,0
3620,4,0,1,39,0.0,0.025,0.975,40,1250,800,450,0.64,17,8,9,350.5646640065652,0.434508547008547,0.1935429100637991,0.18905590481774745,128091.80230034754,980.8919270833685,129072.69422743091,1126,1,332.9,39,1,18,38.055241133292185,0.5956196581196581,46.92708333333335,1012.2916666666692,25.956196581196647,0
3621,4,0,1,38,0.0,0.02564102564102564,0.9743589743589743,39,850,300,550,0.35294117647058826,14,3,11,355.4468590619545,0.4340418353576248,0.19068415754781287,0.19181175606327394,128117.48940755393,1307.7918401636837,129425.28124771762,1127,2,340.64102564102564,38,1,19,37.90541015899818,0.5975877192982456,46.901709401709425,1012.3931623931658,26.64192532613594,0
3622,4,1,0,39,0.02564102564102564,0.0,1.0,39,700,600,100,0.8571428571428571,8,6,2,354.16864037378883,0.4367690058479532,0.18008090156975642,0.19231648497852882,128366.66690712544,1292.6924311309028,129659.35933825634,1128,0,316.56410256410254,37,2,20,37.68304118877588,0.6019144144144144,46.65570175438597,1013.3771929824576,27.388572783309666,0
3623,4,0,2,37,0.0,0.05128205128205128,0.9487179487179487,39,1450,1000,450,0.6896551724137931,19,10,9,358.0480507896216,0.43631916329284753,0.18919128737467816,0.19523752203434097,128533.39489073574,1404.2263004001375,129937.62119113588,1129,1,317.56410256410254,37,2,16,37.41439590542099,0.6036036036036037,46.491228070175445,1014.0350877192993,27.406353722143226,0
3624,4,0,0,37,0.0,0.0,1.0,37,1000,700,300,0.7,13,7,6,369.7237347850704,0.43043043043043044,0.20830029892922242,0.201565005628625,128525.67361379035,2103.7984128515145,130629.47202664186,1130,2,335.18918918918916,35,2,16,37.12630312369212,0.6074404761904761,46.498842592592595,1014.0046296296301,28.971560846560863,0
3625,4,0,0,37,0.0,0.0,1.0,37,1000,700,300,0.7,13,7,6,366.1102420636765,0.430492992992993,0.20300793606748457,0.2003322335786633,128672.41753472213,2021.6579861111063,130694.07552083324,1131,3,336.18918918918916,35,2,17,37.06793292265572,0.6089285714285715,46.354166666666664,1014.5833333333326,28.988095238095216,0
3626,4,0,0,37,0.0,0.0,1.0,37,950,500,450,0.5263157894736842,14,5,9,368.3289687628337,0.429710960960961,0.2057086159240995,0.20229263525477853,128819.24518014825,2089.5719468021243,130908.81712695038,1132,4,337.18918918918916,35,2,17,36.861651085015026,0.6104166666666666,46.20949074074074,1015.1620370370365,29.004629629629616,0
3627,4,0,0,37,0.0,0.0,1.0,37,1150,1000,150,0.8695652173913043,13,10,3,368.274559246084,0.4297422422422423,0.20887067726115527,0.20346647927132586,129054.34355977783,2105.486298653963,131159.8298584318,1133,5,338.18918918918916,35,2,18,36.62302559137334,0.612797619047619,45.97800925925925,1016.0879629629619,29.031084656084627,0
3628,4,4,1,40,0.0975609756097561,0.024390243902439025,0.975609756097561,41,1200,900,300,0.75,15,9,6,347.8966696987247,0.43628048780487805,0.2237888269880861,0.19794956850801992,130209.42382812497,859.8849826388879,131069.30881076386,1134,0,306.0975609756098,39,2,19,35.96694903721848,0.6169871794871795,44.84375,1020.6249999999998,26.16987179487179,0
3629,4,0,0,40,0.0,0.0,1.0,40,1350,1100,250,0.8148148148148148,16,11,5,352.6505012499685,0.4329059829059829,0.22876884422110577,0.2005069992821249,130180.80210387896,1181.665023011169,131362.46712689011,1135,1,314.75,38,2,19,35.874685929648244,0.618421052631579,44.87179487179487,1020.51282051282,26.855600539811054,0
3630,4,0,1,39,0.0,0.025,0.975,40,1800,1600,200,0.8888888888888888,20,16,4,345.82132179582436,0.4313969017094017,0.22111950170874195,0.19791452429084672,130435.08193582091,1021.4978529524986,131456.5797887734,1136,2,315.75,36,4,20,35.79125785470179,0.6247106481481481,44.622747747747745,1021.5090090090087,28.37525025025024,0
3631,4,0,0,39,0.0,0.0,1.0,39,1800,1600,200,0.8888888888888888,20,16,4,354.1770001869578,0.4292341430499325,0.22538656162763981,0.20287607921156883,130469.43486636227,1441.8546114111728,131911.28947777345,1137,3,324.46153846153845,35,4,21,35.5430544541369,0.6270833333333333,44.58912037037037,1021.6435185185182,29.189814814814806,0
3632,4,0,0,39,0.0,0.0,1.0,39,1200,800,400,0.6666666666666666,16,8,8,368.4403804680463,0.4286999550157445,0.21270276634944452,0.20188962233462213,128728.04763244458,1685.7221693213296,130413.76980176591,1138,4,325.46153846153845,37,2,16,36.95198541329011,0.6055743243243243,46.29934210526316,1014.8026315789472,27.427098150782356,8
3633,4,2,0,41,0.04878048780487805,0.0,1.0,41,1700,1200,500,0.7058823529411765,22,12,10,355.47786523053,0.4317835365853659,0.2245080406819595,0.19768661138359692,129312.88954293627,995.3112977069867,130308.20084064326,1139,0,310.5365853658537,37,4,18,36.6847240189737,0.6114864864864865,45.723684210526315,1017.1052631578946,27.489331436699853,0
3634,4,0,0,41,0.0,0.0,1.0,41,850,500,350,0.5882352941176471,12,5,7,355.957980366557,0.4316056910569106,0.22001167198565752,0.19823398210329624,129368.6579043552,1009.9612380732563,130378.61914242846,1140,1,311.5365853658537,37,4,19,36.61573974276067,0.6120495495495495,45.66885964912281,1017.3245614035088,27.49525841631105,0
3635,4,1,0,42,0.023809523809523808,0.0,1.0,42,1000,700,300,0.7,13,7,6,355.25677984018074,0.4334107626790554,0.23692959729231933,0.20016505746576982,129826.69850107741,824.3629693549492,130651.06147043235,1141,0,305.0952380952381,38,4,18,36.167749938847535,0.6148574561403508,45.21901709401709,1019.1239316239308,26.819050832208706,0
3636,4,0,0,42,0.0,0.0,1.0,42,1550,1100,450,0.7096774193548387,20,11,9,359.351648434132,0.4327453542392567,0.24189638143126402,0.20346208991413,130017.3097468773,944.3869165023218,130961.69666337963,1142,1,306.0952380952381,38,4,18,35.86973601508484,0.6167763157894737,45.03205128205129,1019.8717948717969,26.838731443994654,0
3637,4,0,1,41,0.0,0.023809523809523808,0.9761904761904762,42,1350,1000,350,0.7407407407407407,17,10,7,343.81540200671986,0.43201945412311266,0.25251650475688425,0.1866679500877926,128360.96871803999,454.90003378624743,128815.86875182624,1143,2,307.0952380952381,38,4,19,37.95115094008084,0.6000548245614035,46.66132478632478,1013.3547008547005,26.66722896986054,8
3638,4,0,0,41,0.0,0.0,1.0,41,650,300,350,0.46153846153846156,10,3,7,350.3195217480933,0.4291412601626016,0.26210537430049663,0.18996199418734627,128311.11495844871,789.9776854416725,129101.09264389038,1144,3,315.1463414634146,37,4,19,37.83730158730158,0.6013513513513513,46.71052631578947,1013.1578947368419,27.382645803698427,0
3639,4,0,0,41,0.0,0.0,1.0,41,1200,800,400,0.6666666666666666,16,8,8,353.32057207169504,0.42980182926829263,0.2603489745970131,0.19265970816739575,128533.39489073544,882.698522622331,129416.09341335777,1145,4,316.1463414634146,37,4,18,37.53424163783161,0.6036036036036037,46.49122807017543,1014.0350877192968,27.40635372214316,0
3640,4,1,0,42,0.023809523809523808,0.0,1.0,42,1800,1500,300,0.8333333333333334,21,15,6,347.8706143960873,0.4305797522260937,0.2764943849477548,0.1922485423312717,129065.65176647305,579.6295154868849,129645.28128195993,1146,0,309.5952380952381,38,4,20,37.12981460063786,0.6071820175438596,45.96688034188034,1016.1324786324784,26.740328385065222,0
3641,4,0,1,41,0.0,0.023809523809523808,0.9761904761904762,42,1150,800,350,0.6956521739130435,15,8,7,348.24706366648775,0.430095818815331,0.2756646572683781,0.1932589267267808,129230.01284646161,600.9371807005064,129830.95002716212,1147,1,310.5952380952381,36,6,20,36.95292022003175,0.6125578703703703,45.805180180180194,1016.7792792792816,28.243868868868933,0
3642,4,0,0,41,0.0,0.0,1.0,41,1350,1000,350,0.7407407407407407,17,10,7,357.58719735255255,0.4277693089430894,0.28149423213071034,0.19844621154404143,129230.80800165056,1042.2564889832192,130273.06449063377,1148,2,318.609756097561,35,6,20,36.71468886359325,0.6145833333333333,45.80439814814816,1016.7824074074089,29.050925925925966,0
3643,4,0,0,41,0.0,0.0,1.0,41,1750,1500,250,0.8571428571428571,20,15,5,359.6644074033535,0.4283282520325203,0.28912607406133195,0.2004952317998023,129407.39300679452,1108.6466638803308,130516.03967067484,1149,3,319.609756097561,35,6,20,36.4820318128389,0.6163690476190475,45.630787037037045,1017.4768518518528,29.07076719576722,0
3644,4,0,1,40,0.0,0.024390243902439025,0.975609756097561,41,1500,1200,300,0.8,18,12,6,357.2199065368495,0.4284298780487805,0.28435130382688767,0.19958016887452718,129495.73072059342,1051.6905649862952,130547.42128557971,1150,4,320.609756097561,35,6,19,36.45430596618907,0.6172619047619048,45.54398148148149,1017.8240740740753,29.080687830687864,0
3645,4,0,0,40,0.0,0.0,1.0,40,1200,600,600,0.5,18,6,12,354.0453498746138,0.42743055555555554,0.19390190972222232,0.1888241865997943,127645.42936288108,1038.4541397353244,128683.88350261642,1151,5,328.9,37,3,17,38.42411747685186,0.5945945945945945,47.36842105263159,1010.5263157894753,27.3115220483642,8
3646,4,1,0,41,0.024390243902439025,0.0,1.0,41,850,600,250,0.7058823529411765,11,6,5,348.0879079819104,0.43064024390243905,0.19574001251574136,0.18720843705262222,127982.32299884965,709.8198142669569,128692.1428131166,1152,0,321.8536585365854,38,3,18,38.229859571323026,0.596217105263158,47.03525641025642,1011.858974358976,26.627867746288842,0
3647,4,0,0,41,0.0,0.0,1.0,41,2000,1700,300,0.85,23,17,6,344.94826085291027,0.43058943089430896,0.1884546329116521,0.18690282339470266,128279.78326576094,649.9776280225074,128929.76089378344,1153,1,322.8536585365854,38,3,19,38.00534345777963,0.5992324561403508,46.741452991452995,1013.0341880341889,26.65879442195234,0
3648,4,1,0,42,0.023809523809523808,0.0,1.0,42,1150,900,250,0.782608695652174,14,9,5,337.5042172495538,0.4330962059620596,0.1814593202027759,0.18480205622416546,128698.84033203125,287.2802734375,128986.12060546875,1154,0,316.14285714285717,39,3,17,37.76659223898985,0.6017628205128205,46.328125,1014.6875,26.017628205128204,0
3649,4,0,0,42,0.0,0.0,1.0,42,900,600,300,0.6666666666666666,12,6,6,338.15428668494764,0.4327211575687186,0.18144499178981977,0.18552789242444406,128778.12499999985,309.3749999999858,129087.49999999984,1155,1,317.14285714285717,39,3,17,37.66933497536945,0.6025641025641026,46.24999999999999,1014.9999999999989,26.025641025640997,0
3650,4,1,1,42,0.023255813953488372,0.023255813953488372,0.9767441860465116,43,1050,900,150,0.8571428571428571,12,9,3,331.50799508590296,0.43466223698781836,0.1823538576374919,0.18347600768423414,129123.91067031842,-38.87825120631402,129085.0324191121,1156,0,310.74418604651163,40,3,19,37.4862513748625,0.6044270833333334,45.909552845528445,1016.3617886178848,25.40904471544712,0
3651,4,1,1,42,0.023255813953488372,0.023255813953488372,0.9767441860465116,43,900,500,400,0.5555555555555556,13,5,8,329.6997733511518,0.4349160206718346,0.19302162937077605,0.18343329802510677,129330.57089240829,-71.94801787960404,129258.62287452868,1157,0,311.3255813953488,40,3,21,37.322243314350416,0.6065104166666666,45.70630081300811,1017.1747967479648,25.42936991869912,0
3652,4,1,1,42,0.023255813953488372,0.023255813953488372,0.9767441860465116,43,1200,800,400,0.6666666666666666,16,8,8,326.30069763502945,0.43586194167589515,0.20073512690685136,0.18310109695958915,129666.74619108981,-137.93005155662843,129528.81613953318,1158,0,310.7674418604651,40,3,16,37.06761790727066,0.6098958333333333,45.376016260162594,1018.4959349593485,25.46239837398371,0
3653,4,1,1,42,0.023255813953488372,0.023255813953488372,0.9767441860465116,43,1300,800,500,0.6153846153846154,18,8,10,326.03652595357636,0.436969361387966,0.1993222949199953,0.1835580149206353,129796.16057117142,-136.34214505252962,129659.81842611889,1159,0,311.72093023255815,40,3,17,36.94317010737676,0.6111979166666667,45.248983739837406,1019.0040650406517,25.47510162601629,0
3654,4,1,0,43,0.023255813953488372,0.0,1.0,43,1000,500,500,0.5,15,5,10,328.4505495465086,0.43595422665190103,0.19869314981491337,0.18565320358310547,129951.5430320081,-63.468855344031965,129888.07417666407,1160,0,312.6279069767442,40,3,19,36.72422671849565,0.6127604166666667,45.09654471544716,1019.6138211382117,25.490345528455293,0
3655,4,0,0,43,0.0,0.0,1.0,43,1350,900,450,0.6666666666666666,18,9,9,328.0596097848696,0.43576965669988926,0.1963330043509086,0.1860487210746057,130081.09941998811,-65.12905677837279,130015.97036320974,1161,1,313.6279069767442,40,3,19,36.60299196387062,0.6140625,44.96951219512195,1020.1219512195122,25.503048780487806,0
3656,4,0,0,43,0.0,0.0,1.0,43,1400,1200,200,0.8571428571428571,16,12,4,326.19144685754605,0.4359772978959025,0.1899421673464372,0.18535870503093507,130158.86423631782,-108.65835068410632,130050.20588563371,1162,2,314.6279069767442,40,3,19,36.57193008664474,0.61484375,44.893292682926834,1020.4268292682939,25.510670731707346,0
3657,4,0,0,43,0.0,0.0,1.0,43,2000,1500,500,0.75,25,15,10,326.8955010347615,0.43556201550387597,0.19117336691162712,0.18714910558364878,130448.74267578124,-71.3372693404433,130377.4054064408,1163,3,315.6279069767442,39,4,20,36.26077036810443,0.6193910256410257,44.609375,1021.5624999999999,26.193910256410252,0
3658,4,0,1,42,0.0,0.023255813953488372,0.9767441860465116,43,1750,1300,450,0.7428571428571429,22,13,9,329.0014319324974,0.43535437430786267,0.18889957867498253,0.18926260568496672,130635.03146701407,-4.177517361091219,130630.85394965297,1164,4,316.6279069767442,39,4,16,36.01869777868353,0.6212606837606838,44.42708333333334,1022.2916666666681,26.212606837606874,0
3659,4,0,1,41,0.0,0.023809523809523808,0.9761904761904762,42,1250,1000,250,0.8,15,10,5,337.8593664503043,0.4349956445993031,0.19411641759849507,0.19440627044876516,130644.58832137125,427.89956808387035,131072.4878894551,1165,5,323.0952380952381,38,4,16,35.782648831295504,0.6230811403508771,44.417735042735046,1022.3290598290605,26.903396311291065,0
3660,4,1,0,42,0.023809523809523808,0.0,1.0,42,1150,800,350,0.6956521739130435,15,8,7,337.30777400910426,0.43403987611304684,0.19573652086970772,0.19463817483961174,130753.83434007248,420.8569608810185,131174.6913009535,1166,0,323.8095238095238,38,4,17,35.686305233469135,0.6241776315789473,44.310897435897445,1022.7564102564116,26.91464237516873,0
3661,4,0,0,42,0.0,0.0,1.0,42,800,500,300,0.625,11,5,6,338.1438020919495,0.4341003677893922,0.19536542421439052,0.19525867076166026,130781.15297866915,444.56726203522635,131225.72024070437,1167,1,324.8095238095238,38,4,17,35.637316342873056,0.6244517543859649,44.28418803418804,1022.8632478632491,26.917453891138134,0
3662,4,0,1,41,0.0,0.023809523809523808,0.9761904761904762,42,750,400,350,0.5333333333333333,11,4,7,336.4232023856089,0.43355594270228415,0.19019777466217214,0.19481628974905457,130890.45606874133,406.91727847176327,131297.37334721308,1168,2,325.8095238095238,38,4,17,35.57088292615021,0.6255482456140351,44.177350427350426,1023.2905982905984,26.928699955015748,0
3663,4,0,1,40,0.0,0.024390243902439025,0.975609756097561,41,1250,1200,50,0.96,13,12,1,342.4424940798111,0.4305132113821138,0.19179045173910403,0.19802109440267343,130835.79881656809,760.7474523339979,131596.54626890208,1169,3,334.5365853658537,38,3,18,35.472143901420225,0.625,44.23076923076923,1023.0769230769233,26.92307692307693,0
3664,4,0,0,40,0.0,0.0,1.0,40,1350,1100,250,0.8148148148148148,16,11,5,350.72838370157507,0.429553952991453,0.1985584137191858,0.20274447459328934,130822.85534972277,1176.6577216066264,131999.5130713294,1170,4,343.675,37,3,18,35.27331189710611,0.6266891891891893,44.24342105263157,1023.0263157894718,27.649359886201943,0
3665,4,0,1,39,0.0,0.025,0.975,40,1400,700,700,0.5,21,7,14,350.42724695175076,0.428792735042735,0.19741028387787907,0.20330878497791108,130963.11034404804,1178.6084420206093,132141.71878606864,1171,5,344.675,37,3,18,35.13914925906088,0.6280968468468469,44.1063596491228,1023.5745614035077,27.664177335229937,0
3666,4,0,1,38,0.0,0.02564102564102564,0.9743589743589743,39,1350,1100,250,0.8148148148148148,16,11,5,349.32435434290943,0.425944669365722,0.20881577649032312,0.20353010908063815,131126.20380092927,1361.1152960392733,132487.31909696854,1172,6,352.1794871794872,36,3,19,35.00251969946857,0.6316550925925926,43.94707207207207,1024.2117117117114,28.450325325325316,0
3667,4,0,0,38,0.0,0.0,1.0,38,1050,800,250,0.7619047619047619,13,8,5,355.6338107257184,0.42376422475106684,0.21505696006849506,0.2076563649435392,131209.51753257864,1732.508144718763,132942.0256772974,1173,7,361.44736842105266,35,3,19,34.75674047296278,0.6345238095238095,43.865740740740726,1024.5370370370351,29.27248677248672,0
3668,4,0,1,37,0.0,0.02631578947368421,0.9736842105263158,38,1000,600,400,0.6,14,6,8,354.31745226850774,0.42337897107633954,0.20979515651564062,0.20720784163707803,131268.81456832963,1702.166388031527,132970.98095636116,1174,8,362.44736842105266,35,3,20,34.73053610420904,0.6351190476190476,43.80787037037036,1024.7685185185164,29.279100529100468,0
3669,4,2,1,38,0.05128205128205128,0.02564102564102564,0.9743589743589743,39,750,600,150,0.8,9,6,3,337.12736838024,0.4271536212325686,0.19025241197621878,0.19965360848476804,131749.9269606992,1083.301232109852,132833.22819280907,1175,0,343.28205128205127,37,2,18,34.686064829648615,0.6359797297297297,43.33881578947367,1026.6447368421032,27.74715504978657,0
3670,4,0,0,38,0.0,0.0,1.0,38,1100,800,300,0.7272727272727273,14,8,6,347.2531308215344,0.4248310810810811,0.19886537517683323,0.20539988886685845,131703.53366457688,1546.892881056742,133250.4265456336,1176,1,353.3157894736842,36,2,19,34.472938379959764,0.6374421296296297,43.38400900900901,1026.463963963965,28.512887887887914,0
3671,4,0,0,38,0.0,0.0,1.0,38,1550,1200,350,0.7741935483870968,19,12,7,349.3820820239111,0.4242532005689901,0.19817518458865124,0.2069731281229368,131761.33639974435,1607.0100083191282,133368.3464080635,1177,2,354.3157894736842,36,2,19,34.36003253994368,0.6380208333333333,43.3277027027027,1026.6891891891894,28.51914414414415,0
3672,4,1,0,39,0.02564102564102564,0.0,1.0,39,1250,1000,250,0.8,15,10,5,341.39302566076424,0.42498875393612234,0.19778891614233385,0.20429115517683374,132144.21895438974,1222.6229464835203,133366.84190087326,1178,0,346.20512820512823,37,2,21,34.17970832888982,0.6399211711711712,42.955043859649116,1028.179824561403,27.788643907064944,0
3673,4,0,0,39,0.0,0.0,1.0,39,850,500,350,0.5882352941176471,12,5,7,341.702392696887,0.4240890688259109,0.19594336012246427,0.20493404370184148,132228.78674207447,1236.5785626346503,133465.36530470912,1179,1,347.20512820512823,37,2,21,34.086709310589896,0.6407657657657657,42.872807017543856,1028.5087719298244,27.797534376481742,0
3674,4,0,0,39,0.0,0.0,1.0,39,1150,600,550,0.5217391304347826,17,6,11,338.214467877844,0.4234705353126406,0.19550018441867167,0.2036012046846416,132369.79316953284,1153.8758319867534,133523.6690015196,1180,2,348.20512820512823,37,2,21,34.03469632392116,0.6421734234234234,42.73574561403508,1029.0570175438588,27.812351825509698,0
3675,4,0,0,39,0.0,0.0,1.0,39,1500,1200,300,0.8,18,12,6,334.38058067220504,0.42290823211875844,0.18784482099352173,0.20174581563950256,132454.43309479835,1058.0380501692773,133512.47114496763,1181,3,349.20512820512823,37,2,21,34.04834185485017,0.6430180180180181,42.65350877192982,1029.3859649122803,27.821242294926495,0
3676,4,0,0,39,0.0,0.0,1.0,39,1350,1100,250,0.8148148148148148,16,11,5,336.13061164471964,0.422008547008547,0.14296314617858097,0.19430598554183576,130822.85534972278,994.7132771621823,131817.56862688495,1182,4,350.20512820512823,37,2,19,35.646659521257604,0.6266891891891893,44.24342105263157,1023.0263157894719,27.649359886201943,8
3677,4,0,0,39,0.0,0.0,1.0,39,900,700,200,0.7777777777777778,11,7,4,331.91048104857475,0.4215868196131354,0.13908630256892085,0.19233941306499075,130917.78897518075,890.5972633136026,131808.38623849436,1183,5,351.20512820512823,38,1,20,35.65873264432613,0.6258223684210527,44.15064102564102,1023.3974358974355,26.931511470985143,0
3678,4,0,0,39,0.0,0.0,1.0,39,1000,700,300,0.7,13,7,6,333.9033072734609,0.42139001349527666,0.13586371883178372,0.19390675698753337,130999.80481591054,948.2536160420723,131948.0584319526,1184,6,352.20512820512823,38,1,20,35.524942600709664,0.6266447368421053,44.07051282051282,1023.7179487179484,26.93994601889338,0
3679,4,0,1,38,0.0,0.02564102564102564,0.9743589743589743,39,850,800,50,0.9411764705882353,9,8,1,333.8965489217296,0.4219242015294647,0.13087461950387125,0.19445518335137899,131109.19922017664,955.3818303016938,132064.58105047833,1185,7,353.20512820512823,38,1,20,35.414710689199545,0.6277412280701755,43.96367521367521,1024.1452991452982,26.951192082771005,0
3680,4,0,1,37,0.0,0.02631578947368421,0.9736842105263158,38,1150,900,250,0.782608695652174,14,9,5,342.60840278917897,0.4201487671882409,0.1351688730338536,0.19935326315564733,131075.36844269378,1381.5045254308836,132456.87296812466,1186,11,363.3157894736842,37,1,20,35.2258227147803,0.629222972972973,43.99671052631578,1024.0131578947357,27.67603129445232,0
3681,4,0,0,37,0.0,0.0,1.0,37,1150,800,350,0.6956521739130435,15,8,7,346.34535404642395,0.42038913913913917,0.12728704515400513,0.20179442633262173,131126.20380092927,1682.9902960392742,132809.19409696854,1187,12,362.94594594594594,36,1,21,35.078797874289904,0.6316550925925926,43.94707207207207,1024.2117117117114,28.450325325325316,0
3682,4,0,0,37,0.0,0.0,1.0,37,900,600,300,0.6666666666666666,12,6,6,344.70502701106847,0.42001376376376376,0.125336018511093,0.20144322676773987,131241.5683208545,1647.9256706030208,132889.49399145754,1188,13,363.94594594594594,36,1,21,35.00430450232626,0.6328125,43.83445945945945,1024.6621621621612,28.46283783783781,0
3683,4,1,0,38,0.02631578947368421,0.0,1.0,38,850,600,250,0.7058823529411765,11,6,5,336.2278674097409,0.42235656709340924,0.1227486237878348,0.1980058198573111,131535.81700370798,1245.258515033268,132781.07551874124,1189,0,355.3421052631579,35,3,22,34.92480443040354,0.6377976190476191,43.5474537037037,1025.810185185185,29.30886243386243,0
3684,4,0,0,38,0.0,0.0,1.0,38,1150,800,350,0.6956521739130435,15,8,7,336.41551503009066,0.42235656709340924,0.044573002754821456,0.19310378234649417,130550.14209733381,1197.9680976999618,131748.11019503378,1190,1,356.3421052631579,36,2,13,35.91505968778697,0.6258680555555556,44.51013513513514,1021.9594594594594,28.387762762762762,7
3685,4,2,1,39,0.05,0.025,0.975,40,1150,1000,150,0.8695652173913043,13,10,3,322.13809230018035,0.4251869658119658,0.058272499739284944,0.18800865289509625,131191.27498584636,452.34141007378946,131643.61639592017,1191,0,339.475,38,2,15,35.63306045121146,0.6285635964912281,43.88354700854701,1024.4658119658125,26.959626630679274,0
3686,4,0,0,39,0.0,0.0,1.0,39,1000,700,300,0.7,13,7,6,329.05170578392574,0.4226833108412056,0.05586070782516561,0.1917449771508206,131131.5155264121,829.8097731994617,131961.32529961158,1192,1,349.12820512820514,37,2,15,35.51625004460621,0.6297860360360361,43.94188596491229,1024.232456140352,27.681958274063568,0
3687,4,1,0,40,0.025,0.0,1.0,40,1050,600,450,0.5714285714285714,15,6,9,371.7048239458332,0.4237580128205128,0.16847898599066058,0.20115001122556087,128230.06071950318,1544.9196456202799,129774.98036512345,1193,0,341.375,36,4,16,37.37862278556074,0.6024305555555556,46.79054054054053,1012.8378378378369,28.134384384384358,8
3688,4,0,1,39,0.0,0.025,0.975,40,1050,700,350,0.6666666666666666,14,7,7,372.1098082056319,0.42413194444444446,0.16164147588353006,0.20194475598517936,128344.14439777608,1551.6229912344706,129895.76738901055,1194,1,342.375,36,4,16,37.25156516262873,0.603587962962963,46.677927927927925,1013.2882882882877,28.14689689689688,0
3689,4,0,0,39,0.0,0.0,1.0,39,900,500,400,0.5555555555555556,13,5,8,374.6987688523262,0.4224583895636527,0.16814421063421636,0.20337803603856858,128349.69142500412,1818.494271904989,130168.1856969091,1195,2,352.0769230769231,35,4,17,37.18030173234342,0.6056547619047619,46.672453703703695,1013.3101851851839,28.95171957671954,0
3690,4,0,0,39,0.0,0.0,1.0,39,950,700,250,0.7368421052631579,12,7,5,367.4940285065392,0.4223740440845704,0.11785795325618298,0.2055783426794007,129545.08562616674,1721.4090779969197,131266.49470416366,1196,3,353.0769230769231,36,3,15,36.1426069321534,0.6157407407407407,45.4954954954955,1018.0180180180183,28.278278278278286,7
3691,4,0,0,39,0.0,0.0,1.0,39,1100,800,300,0.7272727272727273,14,8,6,377.3008513567735,0.4223740440845704,0.08885379293770312,0.1996086322231056,127319.21744379538,1807.5298271244492,129126.74727091983,1197,4,354.0769230769231,36,3,14,38.171818046567,0.5931712962962963,47.691441441441455,1009.234234234236,28.034284284284336,8
3692,4,2,0,41,0.04878048780487805,0.0,1.0,41,1350,1100,250,0.8148148148148148,16,11,5,367.26600258051405,0.42792174796747967,0.10984238683869552,0.19725704925892762,127928.27641034794,1196.7413388487312,129125.01774919668,1198,0,337.7560975609756,38,3,16,37.800102087513636,0.5956688596491229,47.088675213675224,1011.6452991453009,26.622244714350025,0
3693,4,2,0,43,0.046511627906976744,0.0,1.0,43,1150,700,450,0.6086956521739131,16,7,9,314.2669211514433,0.4317552602436323,0.14138423451225668,0.1702376409484025,128270.12004165091,-537.7888597568672,127732.33118189404,1199,0,323.0,41,2,15,38.79221346260568,0.5942581300813008,46.75099206349206,1012.9960317460316,24.707220286488575,8
3694,4,1,1,43,0.022727272727272728,0.022727272727272728,0.9772727272727273,44,1400,900,500,0.6428571428571429,19,9,10,306.0336896093958,0.4348132487667371,0.13496951166547944,0.16699419162940243,128561.83992097835,-931.1491572020886,127630.69076377626,1200,0,316.6363636363636,42,2,15,38.704097394738504,0.595734126984127,46.463178294573645,1014.1472868217058,24.146363971945377,0
3695,4,1,0,44,0.022727272727272728,0.0,1.0,44,1250,1000,250,0.8,15,10,5,362.9685784064651,0.4359363988724454,0.21293246227456786,0.18600257026223396,126018.32573203766,390.34647784639407,126408.67220988405,1201,0,317.5681818181818,40,4,14,39.87263832658571,0.5729166666666667,48.98373983739837,1004.0650406504052,25.10162601626013,8
3696,4,1,1,44,0.022222222222222223,0.022222222222222223,0.9777777777777777,45,1350,700,650,0.5185185185185185,20,7,13,354.9559678079521,0.4383207070707071,0.20895339015587822,0.18278337559363209,126218.23157793195,-39.617091049398596,126178.61448688255,1202,0,311.4888888888889,41,4,15,39.86768601704676,0.5734247967479675,48.784722222222214,1004.86111111111,24.508807588075854,0
3697,4,2,1,45,0.043478260869565216,0.021739130434782608,0.9782608695652174,46,1450,1000,450,0.6896551724137931,19,10,9,349.7298990716517,0.4425523349436393,0.23464826928147264,0.18212250232859076,126677.09953015133,-339.4461533261291,126337.6533768252,1203,0,305.0869565217391,42,4,16,39.52678313600924,0.5766369047619048,48.32848837209302,1006.6860465116272,23.96871539313398,0
3698,4,2,0,47,0.0425531914893617,0.0,1.0,47,1350,1200,150,0.8888888888888888,15,12,3,344.83905499242724,0.4440140302189331,0.24167861363213716,0.18067121537047864,126924.96812048045,-646.2627876779085,126278.70533280254,1204,0,299.531914893617,43,4,19,39.39528318140527,0.5777616279069768,48.08238636363637,1007.6704545454552,23.434196617336166,0
3699,4,0,1,46,0.0,0.02127659574468085,0.9787234042553191,47,1550,1000,550,0.6451612903225806,21,10,11,343.32734683782326,0.4440718470551958,0.23986633677217695,0.1804078447401516,127044.27531709157,-676.4452048897854,126367.83011220179,1205,1,300.531914893617,43,4,19,39.31093055294636,0.5789728682170543,47.96401515151516,1008.143939393941,23.445207892882348,0
3700,4,3,3,46,0.061224489795918366,0.061224489795918366,0.9387755102040817,49,1400,900,500,0.6428571428571429,19,9,10,325.51912936594687,0.45027281746031744,0.22870830575220702,0.17364202238025153,127652.81635802476,-1489.295336572792,126163.52102145198,1206,0,285.3061224489796,44,5,14,39.13723199560198,0.5838068181818181,47.361111111111114,1010.5555555555561,22.96717171717173,0
3701,4,0,0,46,0.0,0.0,1.0,46,950,700,250,0.7368421052631579,12,7,5,341.2318212734744,0.4454106280193237,0.23744668848984207,0.18062916491344053,127342.21958459303,-509.35649722852673,126832.8630873645,1207,1,304.04347826086956,41,5,14,39.05830220824323,0.5848577235772358,47.66865079365079,1009.3253968253962,24.617692605497467,0
3702,4,1,3,44,0.02127659574468085,0.06382978723404255,0.9361702127659575,47,800,500,300,0.625,11,5,6,337.58343299483676,0.44684705519580636,0.2457722200689505,0.1801942275402326,127678.9302400696,-779.5416816898131,126899.3885583798,1208,0,298.5531914893617,42,5,15,38.80572866730586,0.5868055555555556,47.33527131782945,1010.6589147286812,24.06330749354003,0
3703,4,3,1,46,0.06382978723404255,0.02127659574468085,0.9787234042553191,47,1150,1000,150,0.8695652173913043,13,10,3,342.13666252613655,0.4486201048411964,0.279408320417752,0.18452770848789604,128095.4807121717,-634.7679488913006,127460.7127632804,1209,0,298.9574468085106,42,5,20,38.264772981079076,0.5910218253968254,46.9234496124031,1012.3062015503872,24.102528608342553,0
3704,4,1,0,47,0.02127659574468085,0.0,1.0,47,1350,800,550,0.5925925925925926,19,8,11,345.89277401385124,0.44673142152328094,0.29024919909904257,0.187668596610261,128333.90404704493,-522.0084279889818,127811.89561905594,1210,0,299.8085106382979,38,9,22,37.92615633347393,0.5997807017543859,46.68803418803418,1013.247863247862,26.664417453891105,0
3705,4,1,0,48,0.020833333333333332,0.0,1.0,48,1600,1100,500,0.6875,21,11,10,336.27582176353945,0.44834145981087475,0.28701756143162394,0.18406676559688487,128685.30636525883,-945.2485706259467,127740.05779463288,1211,0,294.5416666666667,40,8,20,37.81154013087606,0.6,46.34146341463415,1014.6341463414639,25.365853658536597,0
3706,4,0,1,47,0.0,0.020833333333333332,0.9791666666666666,48,1150,800,350,0.6956521739130435,15,8,7,337.55708354186504,0.4479536052009456,0.28401373008892805,0.18541178936574898,128823.4414859693,-902.9469600340226,127920.49452593528,1212,1,295.5416666666667,41,7,20,37.638339196716494,0.5998475609756098,46.20535714285714,1015.1785714285708,24.760452961672456,0
3707,4,1,1,47,0.020833333333333332,0.020833333333333332,0.9791666666666666,48,1400,900,500,0.6428571428571429,19,9,10,336.3197166349539,0.4491910460992908,0.2853541239356081,0.18537334432818686,128960.81285152664,-925.5871929522507,128035.22565857439,1213,0,296.25,43,5,21,37.52991174094101,0.5983527131782946,46.07007575757576,1015.719696969697,23.62138830162086,0
3708,4,0,1,46,0.0,0.02127659574468085,0.9787234042553191,47,1300,600,700,0.46153846153846156,20,6,14,344.6424638781258,0.44885137218624727,0.13155727375383752,0.18938553845399206,128840.6089033085,-518.98683209942,128321.62207120909,1214,1,295.59574468085106,43,4,14,37.441023069987246,0.5971414728682171,46.18844696969696,1015.2462121212109,23.610377026074673,8
3709,4,0,3,43,0.0,0.06521739130434782,0.9347826086956522,46,1300,1000,300,0.7692307692307693,16,10,6,348.27661558184286,0.4454911433172302,0.14562728177895812,0.1916984732824427,128906.01526350564,-221.0098551769874,128685.00540832865,1215,4,303.0,42,4,14,37.282124681933844,0.5992063492063492,46.12403100775193,1015.503875968991,24.178663713547405,0
3710,4,1,1,43,0.022727272727272728,0.022727272727272728,0.9772727272727273,44,900,700,200,0.7777777777777778,11,7,4,364.093652707901,0.4400436046511628,0.19010352701436428,0.20046214168099485,128917.41569378355,587.6025555225135,129505.01824930607,1216,0,317.3863636363636,40,4,15,36.86893325327728,0.60234375,46.112804878048784,1015.5487804878056,25.38871951219514,0
3711,4,0,1,42,0.0,0.023255813953488372,0.9767441860465116,43,1050,700,350,0.6666666666666666,14,7,7,387.850196752441,0.4412144702842377,0.23629317254695636,0.20003782597317404,126283.03748582768,1226.3428688449392,127509.38035467261,1217,1,320.27906976744185,34,9,16,38.97434758577124,0.586703431372549,48.720238095238095,1005.1190476190477,29.562324929971993,8
3712,4,2,0,44,0.045454545454545456,0.0,1.0,44,1150,700,450,0.6086956521739131,16,7,9,379.1758534562638,0.4463860993657505,0.24071493439388703,0.19905018129901172,127004.50002411274,831.407937885815,127835.90796199856,1218,0,298.95454545454544,35,9,18,38.448372373406826,0.5919642857142857,48.00347222222223,1007.9861111111119,28.799603174603195,0
3713,4,4,3,45,0.08333333333333333,0.0625,0.9375,48,950,300,650,0.3157894736842105,16,3,13,348.0260916414085,0.4524785756501182,0.24947973217517183,0.18485122860538475,127479.27847991683,-505.99549794702506,126973.28298196981,1219,0,274.9583333333333,37,11,19,38.746380745566405,0.5929054054054055,47.5328947368421,1009.8684210526311,27.293741109530572,8
3714,4,1,0,46,0.021739130434782608,0.0,1.0,46,1250,500,750,0.4,20,5,15,363.0339305250578,0.45014090177133653,0.29691897783698673,0.19382686058669826,127688.8559801357,71.07745414335182,127759.93343427905,1220,0,287.6304347826087,36,10,20,38.15250696378831,0.5969328703703703,47.32545045045046,1010.6981981981995,28.074949949949985,0
3715,4,1,0,47,0.02127659574468085,0.0,1.0,47,1350,800,550,0.5925925925925926,19,8,11,354.5380051484592,0.4519927536231884,0.29242017171046997,0.19107297814906166,128065.44189453138,-319.1867404513754,127746.25515408,1221,0,282.48936170212767,39,8,21,37.98165157284484,0.5953525641025641,46.95312500000001,1012.187500000001,25.953525641025667,0
3716,4,2,1,48,0.04081632653061224,0.02040816326530612,0.9795918367346939,49,700,200,500,0.2857142857142857,12,2,10,342.84644699505117,0.4550736961451247,0.301150981719702,0.18741088164755365,128631.77237426018,-979.7375319742556,127652.03484228592,1222,0,271.9183673469388,38,11,16,37.69944707740915,0.602796052631579,46.39423076923076,1014.4230769230755,26.69534412955462,0
3717,4,2,1,49,0.04,0.02,0.98,50,1350,900,450,0.6666666666666666,18,9,9,329.8273312354796,0.4573809523809524,0.2967683231676832,0.18254582953436804,129123.91067031852,-1482.2810289840786,127641.62964133444,1223,0,265.42,40,10,19,37.528955437789556,0.6044270833333334,45.90955284552845,1016.3617886178856,25.40904471544714,0
3718,4,0,1,48,0.0,0.02040816326530612,0.9795918367346939,49,1300,1000,300,0.7692307692307693,16,10,6,334.7095573877278,0.45530399659863946,0.29848560297606896,0.1848673285821004,129042.5835503471,-1161.6427951388978,127880.9407552082,1224,1,271.7959183673469,39,10,20,37.487611919896125,0.6052350427350428,45.98958333333333,1016.0416666666656,26.0523504273504,0
3719,4,0,0,48,0.0,0.0,1.0,48,1250,800,450,0.64,17,8,9,343.0679798167063,0.4529957151300236,0.3022019109151204,0.18910434546029925,128963.21750216976,-751.36990017365,128211.84760199611,1225,2,278.3541666666667,39,9,20,37.356104502102326,0.6044337606837606,46.067708333333314,1015.7291666666637,26.04433760683753,0
3720,4,1,0,49,0.02040816326530612,0.0,1.0,49,2000,1500,500,0.75,25,15,10,334.50126139102537,0.45254039115646255,0.3052970958015644,0.18637044038825676,129386.7852105033,-1143.7717013889096,128243.01350911439,1226,0,273.6530612244898,39,10,21,37.14303692706734,0.6087072649572649,45.65104166666666,1017.3958333333319,26.08707264957261,0
3721,4,0,1,48,0.0,0.02040816326530612,0.9795918367346939,49,1400,1000,400,0.7142857142857143,18,10,8,333.35847451987274,0.4521329365079365,0.3064342262117028,0.18620106649841184,129485.67450137141,-1166.9706152092135,128318.7038861622,1227,1,274.6530612244898,40,9,15,37.07168414045597,0.6080729166666667,45.55386178861788,1017.7845528455275,25.444613821138187,0
3722,4,0,0,48,0.0,0.0,1.0,48,1750,1400,350,0.8,21,14,7,339.688835913457,0.4523862293144208,0.3062504263010708,0.1901557091762961,129572.31445312501,-797.1462673611114,128775.1681857639,1228,2,279.5416666666667,39,9,17,36.82260759839029,0.6105769230769231,45.46875,1018.1250000000001,26.105769230769234,0
3723,4,0,0,48,0.0,0.0,1.0,48,1600,1200,400,0.75,20,12,8,343.6535427633179,0.45160128546099293,0.31368877185806343,0.19302630641484667,129704.91672091995,-685.2891710069626,129019.62754991298,1229,3,280.5416666666667,39,9,17,36.58701043051436,0.6119123931623931,45.33854166666666,1018.6458333333318,26.119123931623893,0
3724,4,0,1,47,0.0,0.020833333333333332,0.9791666666666666,48,1600,1000,600,0.625,22,10,12,363.95721763656513,0.45170286643026003,0.25729187512507523,0.20051755419293488,128943.2185289843,-209.25183396743506,128733.96669501688,1230,4,281.5416666666667,40,8,16,36.84606597291709,0.6026041666666666,46.08739837398375,1015.650406504067,25.391260162601675,8
3725,4,0,0,47,0.0,0.0,1.0,47,1300,900,400,0.6923076923076923,17,9,8,368.8647526508422,0.44977644156645086,0.263274403901655,0.20264689285992754,128830.99500868078,104.24262152780281,128935.23763020858,1231,5,288.3829787234043,39,8,16,36.83605239756482,0.6030982905982907,46.19791666666668,1015.2083333333352,26.030982905982953,0
3726,4,1,2,46,0.020833333333333332,0.041666666666666664,0.9583333333333334,48,1200,900,300,0.75,15,9,6,367.50890210026495,0.4506778221040189,0.27535594199852875,0.2039406543025201,129228.54487407762,-100.4085026070328,129128.13637147058,1232,0,283.3541666666667,38,10,17,36.464791075619054,0.6088267543859649,45.806623931623925,1016.7735042735035,26.757197480881672,0
3727,4,0,1,45,0.0,0.021739130434782608,0.9782608695652174,46,1100,900,200,0.8181818181818182,13,9,4,377.9157780852703,0.4503421900161031,0.2841760149877768,0.2094274099290242,129174.23575726856,563.3963629556515,129737.63212022421,1233,1,294.7173913043478,38,8,18,36.25569276580837,0.6082785087719298,45.86004273504273,1016.5598290598286,26.751574448942858,0
3728,4,0,0,45,0.0,0.0,1.0,45,1250,700,550,0.56,18,7,11,387.08853070244413,0.44856902356902356,0.2880690399137007,0.21435547667931,129145.65659626012,998.1604916897232,130143.81708794984,1234,2,301.4888888888889,37,8,18,36.05177993527508,0.6097972972972974,45.88815789473683,1016.4473684210504,27.47155049786623,0
3729,4,1,1,45,0.021739130434782608,0.021739130434782608,0.9782608695652174,46,1100,800,300,0.7272727272727273,14,8,6,381.8042256098323,0.45026167471819645,0.2861019409519794,0.21368609010170525,129563.94184989601,693.6241199215017,130257.56596981751,1235,0,295.9130434782609,37,9,16,35.759176987973426,0.6140202702702703,45.47697368421052,1018.092105263157,27.51600284495019,0
3730,4,0,0,45,0.0,0.0,1.0,45,900,700,200,0.7777777777777778,11,7,4,336.08495289395347,0.4494739057239057,0.21591624667623432,0.1843207262247072,128762.6529037777,-344.9619728666647,128417.69093091105,1236,1,302.93333333333334,40,5,16,37.73760054737825,0.60078125,46.26524390243903,1014.9390243902454,25.373475609756134,8
3731,4,1,2,44,0.021739130434782608,0.043478260869565216,0.9565217391304348,46,1200,700,500,0.5833333333333334,17,7,10,331.1651768690875,0.4493860708534621,0.21917389606641402,0.18317797364184313,129100.5487843286,-649.2787855883068,128451.26999874029,1237,0,297.32608695652175,41,5,17,37.51871013926849,0.6026422764227642,45.932539682539684,1016.2698412698417,24.78706929926443,0
3732,4,1,0,45,0.022222222222222223,0.0,1.0,45,1500,1200,300,0.8,18,12,6,333.79826966240563,0.4487794612794613,0.2379886779886784,0.18583541041828014,129356.41503899779,-364.2104980501184,128992.20454094767,1238,0,302.5777777777778,40,5,19,37.19176656676656,0.6067708333333333,45.68089430894308,1017.2764227642264,25.43191056910566,0
3733,4,0,0,45,0.0,0.0,1.0,45,1350,900,450,0.6666666666666666,18,9,9,334.2511159999932,0.4481271043771044,0.2344431127091937,0.18633196956525208,129408.11107806176,-349.0388905413696,129059.07218752039,1239,1,303.5777777777778,40,5,19,37.12773838060993,0.6072916666666667,45.630081300812996,1017.479674796746,25.43699186991865,0
3734,4,0,0,45,0.0,0.0,1.0,45,850,700,150,0.8235294117647058,10,7,3,335.0053284698407,0.4478114478114478,0.23199076847968425,0.18699795759737906,129459.8174449731,-326.05426664024526,129133.76317833285,1240,2,304.5777777777778,40,5,15,37.05603821316822,0.6078125,45.57926829268292,1017.6829268292672,25.442073170731682,0
3735,4,1,1,45,0.021739130434782608,0.021739130434782608,0.9782608695652174,46,850,600,250,0.7058823529411765,11,6,5,331.2290287317488,0.4482588566827697,0.23823724881790498,0.1864138824166457,129781.98346757649,-602.4879338309747,129179.49553374552,1241,0,298.9347826086956,41,5,16,36.82526449875052,0.6095020325203252,45.26289682539681,1018.9484126984098,24.85240030971731,0
3736,4,0,0,45,0.0,0.0,1.0,45,1200,800,400,0.6666666666666666,16,8,8,337.0119164300325,0.44682239057239054,0.24491895607441427,0.18911161402361593,129666.74619108968,-260.15227377886697,129406.59391731082,1242,1,306.15555555555557,40,5,16,36.79488458724139,0.6098958333333333,45.37601626016259,1018.4959349593474,25.462398373983685,0
3737,4,0,0,45,0.0,0.0,1.0,45,1400,1100,300,0.7857142857142857,17,11,6,336.6389798723837,0.4470117845117845,0.2442382520203532,0.1890270305468291,129692.62390318251,-268.08147845199267,129424.54242473052,1243,2,307.15555555555557,40,5,16,36.778118660414385,0.61015625,45.350609756097555,1018.5975609756088,25.46493902439022,0
3738,4,1,0,46,0.021739130434782608,0.0,1.0,46,1200,900,300,0.75,15,9,6,331.0436191312512,0.4475946054750402,0.2433260023684658,0.187396938583109,130009.52695893153,-592.2351347946781,129417.29182413685,1244,0,301.45652173913044,41,5,18,36.599383916990924,0.6117886178861789,45.03968253968253,1019.8412698412683,24.874177313201667,0
3739,4,0,0,46,0.0,0.0,1.0,46,1100,700,400,0.6363636363636364,15,7,8,333.2702474916574,0.44728260869565223,0.248465323930801,0.1891474186095034,130110.72137188188,-527.5935374149808,129583.1278344669,1245,1,302.45652173913044,41,5,18,36.44010112796578,0.6128048780487805,44.94047619047618,1020.2380952380936,24.883855981416918,0
3740,4,1,2,45,0.02127659574468085,0.0425531914893617,0.9574468085106383,47,1350,1100,250,0.8148148148148148,16,11,5,325.4529757907759,0.44823465926611167,0.24500902191736307,0.18647734017298928,130480.80490037626,-906.5724439293535,129574.2324564469,1246,0,297.0,38,9,20,36.26520617658336,0.6214364035087719,44.577991452991455,1021.6880341880345,26.886527215474594,0
3741,4,0,1,44,0.0,0.022222222222222223,0.9777777777777777,45,1400,1100,300,0.7857142857142857,17,11,6,339.3039873803555,0.4459806397306398,0.25017889526050086,0.19375368750409713,130348.82010388763,-154.4251176852577,130194.39498620237,1247,1,309.5777777777778,36,9,20,36.04502095280105,0.6238425925925926,44.707207207207205,1021.1711711711708,28.365865865865857,0
3742,4,0,0,44,0.0,0.0,1.0,44,1150,700,450,0.6086956521739131,16,7,9,351.43264665244095,0.4440627202255109,0.24995363358165168,0.20069192501064617,130351.21588059393,361.93455825614956,130713.15043885008,1248,2,316.6136363636364,35,9,20,35.732956477388655,0.6258928571428571,44.7048611111111,1021.1805555555538,29.17658730158725,0
3743,4,1,0,45,0.022222222222222223,0.0,1.0,45,1450,1000,450,0.6896551724137931,19,10,9,343.97454683594344,0.4441077441077441,0.25606088414149264,0.19832589586140956,130722.82745160689,-6.9349332440667695,130715.89251836283,1249,0,310.55555555555554,36,9,15,35.54720478655067,0.6276041666666667,44.34121621621621,1022.6351351351341,28.406531531531503,0
3744,4,2,1,46,0.0425531914893617,0.02127659574468085,0.9787234042553191,47,1400,1000,400,0.7142857142857143,18,10,8,357.0972232221797,0.4463845205057046,0.3196564266855053,0.19816293139390567,129228.54487407765,-140.55808525555972,129087.98678882209,1250,0,298.29787234042556,38,9,19,36.72944905607507,0.6088267543859649,45.806623931623925,1016.7735042735037,26.757197480881675,8
3745,4,0,0,46,0.0,0.0,1.0,46,1400,1100,300,0.7857142857142857,17,11,6,361.7627556290951,0.4446960547504026,0.3371709370064353,0.20132412021422375,129340.77222077922,158.13483475682204,129498.90705553605,1251,1,305.6521739130435,37,9,20,36.496510186482695,0.6117680180180181,45.69627192982455,1017.2149122806998,27.492294926505398,0
3746,4,0,1,45,0.0,0.021739130434782608,0.9782608695652174,46,1350,1000,350,0.7407407407407407,17,10,7,358.62108021201277,0.44422302737520125,0.3364166155258759,0.20014204723076906,129452.33298947747,84.86709853031152,129537.20008800778,1252,2,306.6521739130435,37,9,16,36.462822792084204,0.6128941441441442,45.58662280701754,1017.6535087719293,27.50414888572782,0
3747,4,0,0,45,0.0,0.0,1.0,45,1000,700,300,0.7,13,7,6,364.7852259215224,0.44252946127946124,0.3411973180076633,0.20343791445623327,129424.43828870403,442.4245921821876,129866.86288088621,1253,3,314.02222222222224,37,8,20,36.33441091954022,0.6126126126126126,45.61403508771929,1017.5438596491213,27.501185395922196,0
3748,4,0,0,45,0.0,0.0,1.0,45,1600,1200,400,0.75,20,12,8,322.61212234940905,0.44223484848484845,0.22410958904109624,0.17575138008587185,128496.33487654295,-613.0056577237722,127883.32921881918,1254,4,315.02222222222224,41,4,15,38.35045662100457,0.5965447154471545,46.527777777777764,1013.8888888888869,24.72899728997285,8
3749,4,2,0,47,0.0425531914893617,0.0,1.0,47,1350,1100,250,0.8148148148148148,16,11,5,319.9959853221895,0.4453052728954672,0.25195311338465043,0.17712825737303028,129129.19253795041,-1135.8353599919762,127993.35717795843,1255,0,302.5744680851064,43,4,17,37.77339746575979,0.6000484496124031,45.904356060606055,1016.3825757575748,23.63680408738546,0
3750,4,1,0,48,0.020833333333333332,0.0,1.0,48,1450,1100,350,0.7586206896551724,18,11,7,320.03260814943167,0.4445737293144208,0.27236812187357873,0.17907168074315524,129554.6392746913,-1307.5976482788828,128247.04162641242,1256,0,297.25,41,7,15,37.34083674397451,0.6072154471544715,45.48611111111111,1018.0555555555552,24.830623306233054,0
3751,4,0,0,48,0.0,0.0,1.0,48,1600,900,700,0.5625,23,9,14,318.1161528933128,0.44413970153664306,0.26598629514159566,0.17822839483062006,129605.14298311902,-1354.102103804498,128251.04087931452,1257,1,298.25,41,7,15,37.3384320602754,0.6077235772357723,45.43650793650793,1018.253968253967,24.83546264034066,0
3752,4,0,0,48,0.0,0.0,1.0,48,1300,1000,300,0.7692307692307693,16,10,6,319.21077613425837,0.4434286347517731,0.265976482617587,0.17941847072373832,129731.44531250001,-1317.6649305555543,128413.78038194447,1258,2,299.25,41,7,15,37.182600545330594,0.6089939024390244,45.3125,1018.7500000000001,24.84756097560976,0
3753,4,0,0,48,0.0,0.0,1.0,48,1350,1000,350,0.7407407407407407,17,10,7,321.97449891540737,0.44333628841607564,0.22056727045406088,0.1734599924910949,128050.79839677627,-1301.0132673182552,126749.78512945802,1259,3,300.25,44,4,15,38.820594334156695,0.5878314393939394,46.96759259259259,1012.1296296296285,23.002946127946103,8
3754,4,0,0,48,0.0,0.0,1.0,48,1450,1000,450,0.6896551724137931,19,10,9,321.7590514104085,0.44352098108747046,0.22683480021684432,0.1741764559499223,128242.66049403578,-1347.2840547127757,126895.37643932301,1260,4,301.25,42,6,15,38.63045696610226,0.5925099206349207,46.7781007751938,1012.8875968992245,24.11637135474344,0
3755,4,1,1,48,0.02040816326530612,0.02040816326530612,0.9795918367346939,49,1850,1300,550,0.7027027027027027,24,13,11,319.6547201721787,0.4443735827664399,0.24293618520670113,0.17501790120822125,128696.43814745442,-1572.3152153638844,127124.12293209054,1261,0,296.0816326530612,43,6,12,38.221826878208134,0.595687984496124,46.330492424242415,1014.6780303030283,23.597163495419263,0
3756,4,0,0,48,0.0,0.0,1.0,48,1400,1000,400,0.7142857142857143,18,10,8,327.10031882908146,0.44282838356973997,0.2538659793814435,0.1795965901495521,128807.63250405609,-1173.3964680608306,127634.23603599526,1262,1,302.4583333333333,42,6,13,37.919808769250324,0.5982142857142857,46.22093023255813,1015.1162790697663,24.169435215946816,0
3757,4,2,0,50,0.04,0.0,1.0,50,900,700,200,0.7777777777777778,11,7,4,323.4717694665491,0.4434353741496599,0.2712467854081342,0.18016605345513514,129373.84627013095,-1629.0407540111823,127744.80551611977,1263,0,291.32,42,8,15,37.43670032066547,0.6039186507936508,45.66375968992248,1017.3449612403097,24.22249907715023,0
3758,4,3,0,53,0.05660377358490566,0.0,1.0,53,1650,1000,650,0.6060606060606061,23,10,13,322.03248646397304,0.4453313981615868,0.3083557951482474,0.183483626008543,130262.58680555568,-2207.2008705907015,128055.38593496497,1264,0,275.77358490566036,44,9,18,36.57312925170067,0.6100852272727273,44.79166666666667,1020.8333333333344,23.2007575757576,0
3759,4,1,1,53,0.018518518518518517,0.018518518518518517,0.9814814814814815,54,1050,700,350,0.6666666666666666,14,7,7,316.5226632160185,0.4462642674120662,0.3107703519864482,0.18163828516801223,130540.13485218439,-2536.2177720016853,128003.9170801827,1265,0,271.64814814814815,45,9,12,36.43340424274657,0.611574074074074,44.51992753623188,1021.9202898550723,22.70933977455716,0
3760,4,1,1,53,0.018518518518518517,0.018518518518518517,0.9814814814814815,54,1500,1200,300,0.8,18,12,6,316.398373807858,0.44521604938271603,0.31274134440933965,0.1823288025480812,130702.17428225433,-2529.208920788692,128172.96536146564,1266,0,272.6296296296296,45,9,13,36.27304972392004,0.6131944444444444,44.361413043478265,1022.5543478260876,22.723429951690836,0
3761,4,1,1,53,0.018518518518518517,0.018518518518518517,0.9814814814814815,54,1400,1100,300,0.7857142857142857,17,11,6,322.6143092005304,0.4463079431632891,0.3280237606985721,0.186631165036758,130851.49707163879,-2357.0869328756057,128494.41013876318,1267,0,273.5740740740741,46,8,14,35.96344915229762,0.6134510869565217,44.215425531914896,1023.1382978723407,22.242136910268275,0
3762,4,0,1,52,0.0,0.018867924528301886,0.9811320754716981,53,1350,700,650,0.5185185185185185,20,7,13,325.61106379259337,0.4447115384615385,0.3268097763468627,0.18880862538852297,130942.21653997542,-2072.7531154116905,128869.46342456373,1268,1,279.50943396226415,46,7,14,35.79525768731051,0.614356884057971,44.126773049645394,1023.492907801419,22.24984582176998,0
3763,4,0,1,51,0.0,0.019230769230769232,0.9807692307692307,52,1900,1300,600,0.6842105263157895,25,13,12,332.2025461359893,0.4433210784313726,0.3273110273198756,0.19293695665102523,131003.3713046103,-1696.0693000420142,129307.30200456828,1269,2,284.9230769230769,45,7,15,35.564870524390955,0.6162037037037037,44.06702898550724,1023.7318840579704,22.749597423510455,0
3764,4,0,0,51,0.0,0.0,1.0,51,1450,800,650,0.5517241379310345,21,8,13,336.4003292801178,0.44166666666666665,0.3205357396214634,0.19533834246433737,130996.1591220851,-1386.5697873799681,129609.58933470513,1270,3,291.3921568627451,44,7,15,35.46471749879401,0.6174242424242424,44.074074074074076,1023.7037037037042,23.265993265993277,0
3765,4,0,3,48,0.0,0.058823529411764705,0.9411764705882353,51,1700,1000,700,0.5882352941176471,24,10,14,334.5714854467221,0.441062091503268,0.3162767953481205,0.19559971629365414,131256.95408950612,-1417.0331790123478,129839.92091049378,1271,4,292.3921568627451,44,7,15,35.24837354296558,0.6200284090909092,43.81944444444444,1024.722222222222,23.289141414141408,0
3766,4,0,0,48,0.0,0.0,1.0,48,1650,1400,250,0.8484848484848485,19,14,5,340.2312698433537,0.4386635638297873,0.3006194439190466,0.19876273189633276,131228.82207349324,-670.3702451775722,130558.45182831566,1272,5,307.9583333333333,42,6,16,35.13176974970052,0.6225198412698413,43.8468992248062,1024.6124031007755,24.39553340716132,0
3767,4,0,0,48,0.0,0.0,1.0,48,1250,800,450,0.64,17,8,9,338.75338753387524,0.4383126477541371,0.3019986449864498,0.19841269841269835,131328.12500000003,-702.3554398774104,130625.76956012262,1273,6,308.9583333333333,40,8,16,35.069444444444436,0.6265625,43.75,1025.0000000000002,25.625000000000007,0
3768,4,2,1,49,0.04,0.02,0.98,50,1650,1200,450,0.7272727272727273,21,12,9,330.5624777500887,0.4411819727891157,0.30764150943396174,0.1964104408156359,131874.96244216114,-1281.4171323838536,130593.54530977728,1274,0,297.56,42,8,16,34.72877358490566,0.628968253968254,43.2170542635659,1027.131782945738,24.45551864156519,0
3769,4,0,2,47,0.0,0.04081632653061224,0.9591836734693877,49,1500,1100,400,0.7333333333333333,19,11,8,323.95761852362233,0.4410430839002268,0.22854210532746344,0.18178629635183333,129666.74619108994,-1361.168964482522,128305.57722660742,1275,1,302.265306122449,40,9,14,37.12727832102707,0.6098958333333333,45.3760162601626,1018.4959349593495,25.46239837398374,8
3770,4,0,0,47,0.0,0.0,1.0,47,1050,600,450,0.5714285714285714,15,6,9,320.19243532703746,0.4396199506629664,0.1955758063359807,0.17207927459929945,127952.84162649243,-1206.0936065197188,126746.74801997271,1276,2,312.17021276595744,43,4,14,38.965587170847385,0.5881782945736433,47.06439393939395,1011.7424242424261,23.528893587033163,8
3771,4,0,0,47,0.0,0.0,1.0,47,1150,700,450,0.6086956521739131,16,7,9,322.39497147697506,0.43900323774283073,0.1881973608263834,0.17388507795604796,128096.59539284924,-1140.4603564049312,126956.1350364443,1277,3,313.17021276595744,43,4,14,38.763252260679764,0.5896317829457365,46.9223484848485,1012.3106060606084,23.542107117688566,0
3772,4,0,1,46,0.0,0.02127659574468085,0.9787234042553191,47,1250,800,450,0.64,17,8,9,322.4359365843524,0.43892614862781376,0.18805148069067035,0.17454287131622132,128242.66049403568,-1129.9825631912315,127112.67793084445,1278,4,314.17021276595744,42,5,15,38.613316751171894,0.5925099206349207,46.77810077519379,1012.8875968992237,24.11637135474342,0
3773,4,0,0,46,0.0,0.0,1.0,46,1550,1100,450,0.7096774193548387,20,11,9,327.4633563990577,0.43796296296296294,0.19160709039271406,0.17738611841860855,128270.12004165062,-799.2471930902293,127470.8728485604,1279,5,321.30434782608694,41,5,15,38.45801504913004,0.5942581300813008,46.75099206349205,1012.9960317460293,24.70722028648852,0
3774,4,1,1,46,0.02127659574468085,0.02127659574468085,0.9787234042553191,47,1700,1200,500,0.7058823529411765,22,12,10,321.45531511639876,0.4385599753314832,0.19382045878104126,0.17573450098974278,128635.5530485696,-1129.8835519199774,127505.66949664963,1280,0,315.4468085106383,42,5,14,38.23809182666283,0.5964781746031746,46.39050387596898,1014.4379844961226,24.153285345145775,0
3775,4,1,0,47,0.02127659574468085,0.0,1.0,47,1900,1400,500,0.7368421052631579,24,14,10,320.60357620177433,0.4413159111933395,0.1986140374380403,0.1766859456228703,128955.22072742002,-1131.2990129800098,127823.92171444,1281,0,315.51063829787233,42,5,15,37.93467372638809,0.5997023809523809,46.07558139534883,1015.6976744186029,24.183277962347688,0
3776,4,1,0,48,0.020833333333333332,0.0,1.0,48,1200,1000,200,0.8333333333333334,14,10,4,316.22819275020163,0.4425144060283688,0.20838122605363996,0.17547770762428,129227.22012566931,-1426.2377356228164,127800.9823900465,1282,0,309.9166666666667,40,8,16,37.769656838247535,0.60546875,45.8079268292683,1016.7682926829274,25.419207317073184,0
3777,4,1,2,47,0.02040816326530612,0.04081632653061224,0.9591836734693877,49,1450,1000,450,0.6896551724137931,19,10,9,308.0249308717135,0.443328373015873,0.2114431273824937,0.17246371334077426,129579.88989866766,-1817.2326743197386,127762.65722434793,1283,0,304.57142857142856,41,8,13,37.62088326999904,0.6074695121951219,45.46130952380952,1018.1547619047608,24.833042973286847,0
3778,4,1,1,47,0.020833333333333332,0.020833333333333332,0.9791666666666666,48,1500,1100,400,0.7333333333333333,19,11,8,312.6269301402416,0.44478612588652483,0.21451387502495534,0.17496628972876765,129563.26116233718,-1499.0070807720294,128064.25408156514,1284,0,307.0625,40,8,14,37.520587941704946,0.6088541666666667,45.47764227642276,1018.0894308943085,25.452235772357714,0
3779,4,0,0,47,0.0,0.0,1.0,47,1500,1100,400,0.7333333333333333,19,11,8,316.5487491373028,0.4449005550416281,0.21037263959026453,0.17780185053496148,129704.91672091995,-1188.4141710069619,128516.50254991298,1285,1,313.36170212765956,39,8,15,37.27726505777686,0.6119123931623931,45.33854166666666,1018.6458333333318,26.119123931623893,0
3780,4,0,0,47,0.0,0.0,1.0,47,1800,1400,400,0.7777777777777778,22,14,8,317.88070836799113,0.4445343817452976,0.20402371984118872,0.17955964337543281,129925.63950029737,-1139.8291360962473,128785.81036420113,1286,2,314.36170212765956,40,7,16,37.0198697501329,0.6125,45.12195121951219,1019.5121951219506,25.487804878048767,0
3781,4,0,0,47,0.0,0.0,1.0,47,1100,800,300,0.7272727272727273,14,8,6,355.37440617021196,0.4443609312365094,0.10583873838687197,0.19264423355687016,128298.9222375075,-30.96949567056015,128267.95274183694,1287,3,315.36170212765956,40,7,20,37.721729026649285,0.59609375,46.72256097560976,1013.1097560975614,25.327743902439035,8
3782,4,1,0,48,0.020833333333333332,0.0,1.0,48,1400,1100,300,0.7857142857142857,17,11,6,353.2047427722751,0.44495234929078015,0.12732658582697698,0.19314821922937336,128647.25548784313,-512.2358434114558,128135.01964443167,1288,0,309.7708333333333,41,7,14,37.420953126018645,0.598069105691057,46.378968253968246,1014.4841269841257,24.74351529229575,0
3783,4,0,1,47,0.0,0.020833333333333332,0.9791666666666666,48,1050,700,350,0.6666666666666666,14,7,7,353.00358907381826,0.4446568410165485,0.1345543301823744,0.19345926679069053,128733.87008180087,-511.2963651523414,128222.57371664852,1289,1,310.7708333333333,42,6,15,37.33767783825075,0.5974702380952381,46.29360465116279,1014.825581395348,24.16251384274638,0
3784,4,1,2,46,0.020833333333333332,0.041666666666666664,0.9583333333333334,48,1450,1100,350,0.7586206896551724,18,11,7,345.97413119247807,0.44567265070921985,0.15360676233963866,0.19127503358199294,129081.07284672008,-668.2575936926057,128412.81525302748,1290,0,310.6875,43,5,17,37.1622907153729,0.5995639534883721,45.95170454545455,1016.1931818181822,23.63239957716703,0
3785,4,0,2,44,0.0,0.043478260869565216,0.9565217391304348,46,1250,800,450,0.64,17,8,9,319.6016688268466,0.44563204508856685,0.06107518550525981,0.17334529175404023,128320.37278163548,-894.1732767224366,127426.19950491305,1291,1,303.3478260869565,41,5,15,38.605923006625545,0.5947662601626016,46.70138888888887,1013.1944444444417,24.71205962059614,8
3786,4,3,3,44,0.06382978723404255,0.06382978723404255,0.9361702127659575,47,1450,1200,250,0.8275862068965517,17,12,5,312.07889546351095,0.45008479802651863,0.09689034369885419,0.17190786614515424,128936.76757812485,-1352.3111979166817,127584.45638020817,1292,0,297.29787234042556,43,4,14,38.16987179487178,0.5981104651162791,46.09374999999999,1015.6249999999989,23.6191860465116,0
3787,4,3,1,46,0.06382978723404255,0.02127659574468085,0.9787234042553191,47,1100,600,500,0.5454545454545454,16,6,10,307.9396680100742,0.45476796176379897,0.12837235824512683,0.17181306710468613,129442.18911415282,-1427.6517841770017,128014.53732997582,1293,0,294.0425531914894,43,4,14,37.762500775482366,0.6031976744186047,45.59659090909091,1017.6136363636358,23.665433403805483,0
3788,4,0,0,46,0.0,0.0,1.0,46,1550,1200,350,0.7741935483870968,19,12,7,310.5060163504389,0.45460950080515294,0.13292121839396454,0.17409706464195115,129634.99070965347,-1149.5110910238636,128485.47961862962,1294,1,299.54347826086956,43,3,14,37.50193726365383,0.6051356589147288,45.407196969696976,1018.371212121213,23.68305144467937,0
3789,4,0,1,45,0.0,0.021739130434782608,0.9782608695652174,46,900,500,400,0.5555555555555556,13,5,8,312.9378013641626,0.4540962157809984,0.12665599715479647,0.17589262628399518,129731.44531250029,-1080.4253472221926,128651.0199652781,1295,2,300.54347826086956,43,3,14,37.34236537150649,0.6061046511627908,45.312500000000014,1018.7500000000023,23.69186046511633,0
3790,4,0,0,45,0.0,0.0,1.0,45,1500,1100,400,0.7333333333333333,19,11,8,320.79046337699606,0.45256734006734006,0.12130360786054828,0.18002288096933328,129669.75509472116,-680.6358354365414,128989.11925928462,1296,3,308.15555555555557,42,3,14,37.20487267307266,0.6068948412698413,45.37306201550389,1018.5077519379868,24.250184569952065,0
3791,4,2,0,47,0.0425531914893617,0.0,1.0,47,1150,800,350,0.6956521739130435,15,8,7,312.1168955205834,0.4544596053037311,0.140817012010795,0.17751044491371898,130191.70524691377,-1272.9938271604722,128918.7114197533,1297,0,296.0,44,3,18,36.897795318454016,0.609375,44.86111111111112,1020.555555555557,23.19444444444448,0
3792,4,0,0,47,0.0,0.0,1.0,47,1500,1000,500,0.6666666666666666,20,10,10,310.7379452878633,0.45434397163120566,0.13731355958373181,0.17694086306061033,130238.95747599487,-1305.9627914951652,128932.9946844997,1298,1,297.0,44,3,18,36.88524280358009,0.6098484848484849,44.81481481481483,1020.7407407407436,23.198653198653265,0
3793,4,0,2,45,0.0,0.0425531914893617,0.9574468085106383,47,1200,700,500,0.5833333333333334,17,7,10,345.6059758333543,0.4545559666975023,0.20300891968004775,0.18332062839852525,127425.26898877986,-530.2832433765092,126894.98574540335,1299,2,298.0,40,7,16,38.86281664150309,0.5872395833333333,47.58638211382114,1009.6544715447158,25.241361788617894,8
3794,4,1,2,44,0.021739130434782608,0.043478260869565216,0.9565217391304348,46,1600,1100,500,0.6875,21,11,10,356.4725816942533,0.45353260869565215,0.23673215974753092,0.1898642267903658,127591.41845703124,-103.43153211805645,127487.98692491317,1300,0,305.2826086956522,39,7,17,38.418157370175614,0.5905448717948718,47.421875,1010.3124999999999,25.905448717948715,0
3795,4,2,0,46,0.043478260869565216,0.0,1.0,46,950,600,350,0.631578947368421,13,6,7,356.36060032066723,0.4532105475040258,0.26036608561390917,0.19180294914766127,128012.72922092033,-76.26139322914707,127936.46782769119,1301,0,304.8478260869565,39,7,19,37.989470749699784,0.5948183760683761,47.00520833333334,1011.9791666666682,25.9481837606838,0
3796,4,2,1,47,0.041666666666666664,0.020833333333333332,0.9791666666666666,48,1600,1300,300,0.8125,19,13,6,339.9593137211874,0.4563848256501182,0.2632669131744725,0.18552936538057632,128566.7534722223,-858.3713107638821,127708.38216145843,1302,0,293.1041666666667,39,9,19,37.83894823336072,0.6004273504273504,46.458333333333336,1014.1666666666673,26.00427350427352,0
3797,4,0,2,45,0.0,0.0425531914893617,0.9574468085106383,47,1300,1100,200,0.8461538461538461,15,11,4,344.6155086540205,0.45486432315757014,0.26302828211756424,0.18819524440629273,128593.1654188369,-536.960177951379,128056.20524088552,1303,1,300.3404255319149,39,8,19,37.69395518811408,0.6006944444444444,46.43229166666667,1014.2708333333342,26.006944444444464,0
3798,4,1,0,46,0.021739130434782608,0.0,1.0,46,2200,1700,500,0.7727272727272727,27,17,10,353.33698669706666,0.45343196457326895,0.2615538477734498,0.19367270840366038,128740.17373666806,-102.26698900577878,128637.90674766229,1304,0,305.7173913043478,38,8,21,37.32278836368739,0.6038925438596492,46.28739316239316,1014.8504273504268,26.706590193432284,0
3799,4,1,0,47,0.02127659574468085,0.0,1.0,47,1650,1300,350,0.7878787878787878,20,13,7,349.362769060184,0.45409343200740054,0.26483499413771106,0.19310549075913666,129072.2714344141,-381.39076855707447,128690.88066585702,1305,0,300.1914893617021,40,7,23,37.08516685001832,0.60390625,45.96036585365854,1016.1585365853664,25.40396341463416,0
3800,4,0,0,47,0.0,0.0,1.0,47,1600,1100,500,0.6875,21,11,10,348.765034370252,0.45399707061362937,0.2662189314910137,0.19395350472532707,129312.88954293614,-379.84347967362305,128933.04606326252,1306,1,301.1914893617021,37,10,23,36.85541540894063,0.6114864864864865,45.72368421052631,1017.1052631578935,27.489331436699825,0
3801,4,0,0,47,0.0,0.0,1.0,47,1850,1500,350,0.8108108108108109,22,15,7,354.4275054951808,0.4534767190872649,0.2679748047952166,0.19831706986867723,129554.63927469116,-216.45447530866608,129338.18479938249,1307,2,302.1914893617021,38,9,19,36.46543883583447,0.6121162280701755,45.4861111111111,1018.0555555555538,26.790935672514575,0
3802,4,1,0,48,0.020833333333333332,0.0,1.0,48,1350,1000,350,0.7407407407407407,17,10,7,370.3991294600399,0.45335586583924353,0.3255217250694371,0.2019332155071193,128525.67361379018,90.4303572959434,128616.10397108612,1308,0,296.875,35,13,19,37.10918179051099,0.6074404761904761,46.49884259259259,1014.0046296296287,28.97156084656082,8
3803,4,1,0,49,0.02040816326530612,0.0,1.0,49,1750,1500,250,0.8571428571428571,20,15,5,364.82331643496866,0.454453656462585,0.32676146869971245,0.2007084712809098,128886.73460200064,-395.8228076049004,128490.91179439574,1309,0,291.7959183673469,36,13,20,36.88172341133416,0.6090856481481481,46.14301801801802,1015.4279279279278,28.206331331331327,0
3804,4,0,0,49,0.0,0.0,1.0,49,1250,800,450,0.64,17,8,9,367.97688081111795,0.45415249433106575,0.33365055866906324,0.2029129657044164,128978.5318559556,-307.7764312096125,128670.75542474599,1310,1,292.7959183673469,37,12,20,36.707955526770284,0.6081081081081081,46.05263157894736,1015.78947368421,27.4537695590327,0
3805,4,0,0,49,0.0,0.0,1.0,49,1450,1000,450,0.6896551724137931,19,10,9,371.5317435837821,0.45383361678004536,0.33883771059658807,0.20588960630167064,129174.23575726854,-201.5341925999021,128972.70156466863,1311,2,293.7959183673469,38,11,21,36.417936591347,0.6082785087719298,45.86004273504273,1016.5598290598285,26.751574448942858,0
3806,4,1,0,50,0.02,0.0,1.0,50,1950,1400,550,0.717948717948718,25,14,11,359.3419357738218,0.454124149659864,0.32342256692519356,0.19023704864741253,127346.77105652471,-807.1495778190322,126539.62147870568,1312,0,288.9,32,18,20,38.59665582520223,0.6022135416666667,47.664141414141405,1009.3434343434333,31.54198232323229,8
3807,4,0,0,50,0.0,0.0,1.0,50,1300,900,400,0.6923076923076923,17,9,8,361.6821336321249,0.45414965986394557,0.3328191023877982,0.19223225162281482,127506.12381708484,-776.6626173349882,126729.46119974984,1313,1,289.9,32,18,21,38.37406759178231,0.6038411458333333,47.50631313131312,1009.9747474747462,31.56171085858582,0
3808,4,0,1,49,0.0,0.02,0.98,50,1850,1600,250,0.8648648648648649,21,16,5,361.11910537736753,0.454328231292517,0.32964258935266266,0.19238848743207,127601.78330017327,-784.1116340169558,126817.67166615631,1314,2,290.9,32,18,21,38.29016704157295,0.6048177083333333,47.41161616161615,1010.3535353535339,31.573547979797933,0
3809,4,1,0,50,0.02,0.0,1.0,50,1200,900,300,0.75,15,9,6,380.9882938181803,0.45647959183673464,0.3441526297696811,0.20261333578008855,127530.03532503826,-218.9162477840639,127311.1190772542,1315,0,285.5,35,15,16,37.86202303196975,0.5973214285714286,47.48263888888887,1010.0694444444418,28.85912698412691,8
3810,4,4,1,53,0.07407407407407407,0.018518518518518517,0.9814814814814815,54,1250,900,350,0.72,16,9,7,349.26673182370837,0.45988382250174703,0.35286341076282235,0.19077292016592695,128601.01814229751,-1812.3578366161998,126788.66030568132,1316,0,265.27777777777777,36,18,18,37.5680026645942,0.6061921296296297,46.42454954954954,1014.3018018018003,28.175050050050007,0
3811,4,1,2,52,0.018518518518518517,0.037037037037037035,0.962962962962963,54,1950,1400,550,0.717948717948718,25,14,11,345.9663349155879,0.45820958537153506,0.3453941963258742,0.19019710217066674,128858.14868922952,-1883.8837147959005,126974.26497443362,1317,0,266.25925925925924,36,18,19,37.3895482105886,0.6087962962962963,46.17117117117116,1015.3153153153132,28.203203203203145,0
3812,4,1,0,53,0.018867924528301886,0.0,1.0,53,1400,1100,300,0.7857142857142857,17,11,6,337.6888634507932,0.459089259796807,0.33131554752780534,0.1877938787391819,129312.88954293616,-1866.4954601415982,127446.39408279456,1318,0,267.92452830188677,37,16,20,37.137056202386084,0.6114864864864865,45.72368421052631,1017.1052631578937,27.48933143669983,0
3813,4,0,0,53,0.0,0.0,1.0,53,1450,900,550,0.6206896551724138,20,9,11,336.4991628145326,0.4589078374455733,0.33126039688124087,0.18739731288074601,129368.65790435494,-1893.510984148996,127475.14692020595,1319,1,268.92452830188677,37,16,20,37.110638068549264,0.6120495495495495,45.668859649122794,1017.3245614035068,27.495258416310993,0
3814,4,0,1,52,0.0,0.018867924528301886,0.9811320754716981,53,1950,1400,550,0.717948717948718,25,14,11,335.35493324838933,0.45849963715529757,0.330532212885154,0.18729028221489463,129480.23069598337,-1915.633175592492,127564.59752039087,1320,2,269.92452830188677,37,16,15,37.02641312935431,0.6131756756756757,45.55921052631579,1017.7631578947367,27.507112375533424,0
3815,4,1,3,50,0.018867924528301886,0.05660377358490566,0.9433962264150944,53,1100,900,200,0.8181818181818182,13,9,4,339.5632475336478,0.45866594097726177,0.34862206483158653,0.1909940493996761,129759.37307633091,-1787.6971760541962,127971.67590027672,1321,0,270.54716981132077,37,16,16,36.635905438369925,0.615990990990991,45.28508771929823,1018.859649122805,27.536747273589324,0
3816,4,1,1,50,0.0196078431372549,0.0196078431372549,0.9803921568627451,51,1350,900,450,0.6666666666666666,18,9,9,337.1669742902092,0.45784313725490194,0.28241654941413996,0.1846173972209628,128698.84033203125,-1511.9743048942933,127186.86602713696,1322,0,280.03921568627453,39,12,17,37.775147144372596,0.6017628205128205,46.328125,1014.6875,26.017628205128204,8
3817,4,1,1,50,0.0196078431372549,0.0196078431372549,0.9803921568627451,51,1450,1000,450,0.6896551724137931,19,10,9,337.67958256210613,0.4597058823529412,0.2884334852463304,0.18539084687705504,128804.55864800354,-1501.066080729161,127303.49256727438,1323,0,280.9019607843137,39,12,18,37.65445955190695,0.6028311965811965,46.223958333333336,1015.1041666666672,26.02831196581198,0
3818,4,1,1,50,0.0196078431372549,0.0196078431372549,0.9803921568627451,51,1250,1000,250,0.8,15,10,5,340.95884462047616,0.4602777777777778,0.29425298177688597,0.18821455381948646,129020.64252635663,-1401.8541584043955,127618.78836795223,1324,0,281.29411764705884,40,11,20,37.351205361608486,0.6033854166666667,46.011178861788615,1015.9552845528452,25.39888211382113,0
3819,4,1,0,51,0.0196078431372549,0.0,1.0,51,1650,1400,250,0.8484848484848485,19,14,5,332.77298557479327,0.45929738562091504,0.2797741495890085,0.18561337639838454,129430.46932067192,-1585.3011954508054,127845.16812522111,1325,0,277.1764705882353,36,15,16,37.142633171019654,0.6145833333333333,45.608108108108105,1017.5675675675667,28.265765765765742,0
3820,4,1,2,50,0.019230769230769232,0.038461538461538464,0.9615384615384616,52,900,500,400,0.5555555555555556,13,5,8,344.0958910202682,0.46017942433383613,0.20142057003478042,0.18721894645607537,128446.04768990909,-1557.782247912578,126888.26544199651,1326,0,272.8269230769231,41,11,14,37.857212761792916,0.5960365853658536,46.57738095238094,1013.6904761904744,24.72415795586523,8
3821,4,0,2,48,0.0,0.04,0.96,50,1300,1100,200,0.8461538461538461,15,11,4,357.4427896393115,0.4592857142857143,0.21232809127351193,0.19416867115582725,128381.9458007814,-822.1598307291506,127559.78597005224,1327,1,284.54,39,11,15,37.58447682187275,0.5985576923076923,46.64062500000001,1013.4375000000011,25.98557692307695,0
3822,4,1,0,49,0.02040816326530612,0.0,1.0,49,1750,1200,550,0.6857142857142857,23,12,11,360.6169553781264,0.4586167800453515,0.21510853956374532,0.1966726084373144,128540.34423828125,-529.2344835069439,128011.10975477431,1328,0,287.18367346938777,39,10,16,37.34217171717172,0.6001602564102564,46.484375,1014.0625,26.001602564102566,0
3823,4,2,0,51,0.0392156862745098,0.0,1.0,51,1450,800,650,0.5517241379310345,21,8,13,347.68879333512535,0.4600653594771242,0.23079395692703342,0.19280923994038737,129201.38888888864,-1212.234157986137,127989.1547309025,1329,0,276.88235294117646,39,12,18,36.99624316939891,0.6068376068376069,45.83333333333332,1016.6666666666647,26.06837606837602,0
3824,4,0,0,51,0.0,0.0,1.0,51,1450,1100,350,0.7586206896551724,18,11,7,345.26689505792996,0.45955882352941174,0.23237967647352642,0.19234651566081978,129382.26176754881,-1265.7176407892412,128116.54412675957,1330,1,277.88235294117646,40,11,21,36.873813804814695,0.60703125,45.655487804878035,1017.3780487804856,25.43445121951214,0
3825,4,2,0,53,0.03773584905660377,0.0,1.0,53,2050,1500,550,0.7317073170731707,26,15,11,339.14708719576856,0.46194666182873734,0.2586305475049784,0.1922564020953068,130064.82600392068,-1777.7786228291939,128287.04738109148,1331,0,268.35849056603774,42,11,18,36.336721446439306,0.6108630952380952,44.98546511627905,1020.0581395348808,24.287098560354302,0
3826,4,0,3,50,0.0,0.05660377358490566,0.9433962264150944,53,1500,1000,500,0.6666666666666666,20,10,10,336.8155951723886,0.46159893565553944,0.25384175739908965,0.1914195916222568,130163.68762581857,-1831.7680164954245,128331.91960932314,1332,1,269.35849056603774,42,11,18,36.296014940018345,0.6118551587301587,44.88856589147286,1020.445736434107,24.296327057954926,0
3827,4,0,2,48,0.0,0.04,0.96,50,1400,700,700,0.5,21,7,14,335.53248243084647,0.46148809523809525,0.2612129458645156,0.19105111852412685,130237.26974875569,-1260.2331152368663,128977.03663351882,1333,2,283.98,41,9,18,36.25423186574657,0.6140752032520325,44.81646825396824,1020.7341269841246,24.895954316685966,0
3828,4,0,1,47,0.0,0.020833333333333332,0.9791666666666666,48,1600,1300,300,0.8125,19,13,6,343.6310373250786,0.4608082151300236,0.26919200938871324,0.19565604501734107,130236.0039605033,-649.3733723958583,129586.63058810744,1334,3,295.75,39,9,19,36.04885277409259,0.6172542735042735,44.81770833333332,1020.7291666666652,26.172542735042697,0
3829,4,0,1,46,0.0,0.02127659574468085,0.9787234042553191,47,1450,1000,450,0.6896551724137931,19,10,9,343.9857127601181,0.46027983348751156,0.2695436150178312,0.19640474567271235,130344.39718934894,-432.67521303317926,129911.72197631576,1335,4,301.97872340425533,38,9,19,35.929980121364295,0.6200657894736843,44.71153846153845,1021.1538461538447,26.872469635627493,0
3830,4,1,0,47,0.02127659574468085,0.0,1.0,47,1250,900,350,0.72,16,9,7,341.95896954185423,0.4595282146160962,0.2728538041616624,0.19671660768369031,130635.03146701382,-465.6358506944533,130169.39561631937,1336,0,301.6595744680851,39,8,15,35.687538210719374,0.6212606837606838,44.42708333333333,1022.2916666666661,26.21260683760682,0
3831,4,0,0,47,0.0,0.0,1.0,47,800,400,400,0.5,12,4,8,344.28970265555495,0.4593547641073081,0.2726039449903137,0.1986037779478398,130741.54188368036,-397.4066840277966,130344.13519965256,1337,1,302.6595744680851,39,8,15,35.5202179669994,0.6223290598290598,44.32291666666666,1022.7083333333318,26.223290598290557,0
3832,4,1,0,48,0.020833333333333332,0.0,1.0,48,1850,1400,450,0.7567567567567568,23,14,9,341.5036294137509,0.4589243498817967,0.27926257565234636,0.19907548183118548,131145.89659139735,-642.6400662634635,130503.25652513388,1338,0,297.3333333333333,40,8,18,35.18288851407216,0.6247395833333333,43.927845528455286,1024.2886178861793,25.60721544715448,0
3833,4,0,1,47,0.0,0.020833333333333332,0.9791666666666666,48,1300,1000,300,0.7692307692307693,16,10,6,339.7445357062119,0.4582132830969267,0.2761144996528808,0.1985880668710572,131250.01161882814,-681.7051482252587,130568.30647060288,1339,1,298.3333333333333,40,8,18,35.12285530100167,0.62578125,43.826219512195124,1024.69512195122,25.617378048780502,0
3834,4,0,1,46,0.0,0.02127659574468085,0.9787234042553191,47,1350,900,450,0.6666666666666666,18,9,9,348.1647675242057,0.45692645698427387,0.2768704348973372,0.20349951385238332,131248.05908203122,-260.8100043402785,130987.24907769094,1340,2,305.468085106383,39,8,18,34.90912286943852,0.6274038461538461,43.828125,1024.6874999999998,26.274038461538456,0
3835,4,0,0,46,0.0,0.0,1.0,46,1950,1600,350,0.8205128205128205,23,16,7,359.23868648753734,0.45556561996779393,0.27642082931008716,0.20996089226703066,131246.0064308022,229.7285913872583,131475.73502218944,1341,3,312.80434782608694,38,8,18,34.62751537900116,0.6291118421052632,43.83012820512821,1024.679487179488,26.965249662618106,0
3836,4,0,0,46,0.0,0.0,1.0,46,950,600,350,0.631578947368421,13,6,7,357.6781842234761,0.45463969404186794,0.272091336429956,0.20995911491988214,131412.43128895422,200.69764368211577,131613.12893263635,1342,4,313.80434782608694,37,9,19,34.4993182547321,0.6326013513513513,43.66776315789473,1025.3289473684206,27.711593172119475,0
3837,4,0,1,45,0.0,0.021739130434782608,0.9782608695652174,46,1350,1000,350,0.7407407407407407,17,10,7,357.4242801166383,0.4547000805152979,0.2681748052865396,0.21058322196292628,131553.0018851955,204.0473991997548,131757.04928439524,1343,5,314.80434782608694,37,9,20,34.363866324640156,0.634009009009009,43.530701754385966,1025.8771929824566,27.726410621147476,0
3838,4,0,0,45,0.0,0.0,1.0,45,1200,700,500,0.5833333333333334,17,7,10,367.071112315302,0.45374579124579123,0.27208565018047026,0.21662901395188022,131616.85333982628,662.5489509779987,132279.40229080428,1344,6,321.6666666666667,36,9,15,34.05193700614574,0.6365740740740741,43.468468468468465,1026.1261261261259,28.503503503503495,0
3839,4,1,1,45,0.021739130434782608,0.021739130434782608,0.9782608695652174,46,1250,1000,250,0.8,15,10,5,362.9476128619517,0.45307971014492754,0.276048915363061,0.2163832714848732,132003.33275623253,382.0589027392806,132385.3916589718,1345,0,315.6521739130435,37,9,18,33.76769455114524,0.6385135135135135,43.09210526315788,1027.631578947367,27.773826458036943,0
3840,4,0,0,45,0.0,0.0,1.0,45,1450,900,550,0.6206896551724138,20,9,11,353.80573759243987,0.45155723905723905,0.20112663923742202,0.20200102770056438,130342.35161675354,247.5208041777388,130589.87242093128,1346,1,320.4222222222222,39,6,15,35.68136029786801,0.6183226495726496,44.71354166666667,1021.1458333333339,26.18322649572651,8
3841,4,0,1,44,0.0,0.022222222222222223,0.9777777777777777,45,950,600,350,0.631578947368421,13,6,7,350.52068043769293,0.4508417508417508,0.1970856845015525,0.2005370940707128,130422.14084201396,143.13151041667766,130565.27235243063,1347,2,321.4222222222222,39,6,16,35.68435991569788,0.6191239316239316,44.63541666666667,1021.4583333333339,26.191239316239333,0
3842,4,1,0,45,0.022222222222222223,0.0,1.0,45,1450,1200,250,0.8275862068965517,17,12,5,350.9914417231911,0.45180976430976433,0.20717189216119203,0.20177381474104705,130608.41064453125,168.48687065972183,130776.89751519097,1348,0,322.15555555555557,39,6,13,35.48364839158939,0.6209935897435898,44.453125,1022.1875,26.209935897435898,0
3843,4,0,0,45,0.0,0.0,1.0,45,1100,800,300,0.7272727272727273,14,8,6,350.0289379374862,0.4511784511784512,0.2026326214163643,0.2017753425562126,130714.91021050338,150.80023871526794,130865.71044921865,1349,1,323.15555555555557,39,6,13,35.4004320736138,0.6220619658119658,44.34895833333333,1022.6041666666658,26.220619658119638,0
3844,4,0,1,44,0.0,0.022222222222222223,0.9777777777777777,45,1500,1000,500,0.6666666666666666,20,10,10,359.9310965683953,0.45090488215488217,0.17200993350957283,0.19296361218015193,127854.65630425354,244.75368923611552,128099.40999348965,1350,2,324.15555555555557,39,6,15,38.06101297764958,0.593215811965812,47.161458333333336,1011.3541666666673,25.932158119658137,8
3845,4,1,0,45,0.022222222222222223,0.0,1.0,45,1700,1300,400,0.7647058823529411,21,13,8,357.82632696959206,0.4506102693602694,0.18491377338639592,0.19271843641000874,128039.08420138896,163.1510416666758,128202.23524305563,1351,0,325.0888888888889,39,6,16,37.925415122821455,0.5950854700854701,46.97916666666667,1012.083333333334,25.95085470085472,0
3846,4,2,1,46,0.0425531914893617,0.02127659574468085,0.9787234042553191,47,1300,1000,300,0.7692307692307693,16,10,6,345.54579736404065,0.4536116250385445,0.19016503646936234,0.18888643327412558,128631.77237426018,-510.2361213839778,128121.5362528762,1352,0,312.21276595744683,38,9,16,37.630989994734065,0.602796052631579,46.39423076923076,1014.4230769230755,26.69534412955462,0
3847,4,0,2,44,0.0,0.043478260869565216,0.9565217391304348,46,1600,900,700,0.5625,23,9,14,352.00845159114664,0.4514895330112721,0.1878194910130273,0.19202667945420457,128550.50131492417,-149.82741617359233,128400.67389875058,1353,1,320.0,38,8,16,37.55004214075011,0.6019736842105263,46.474358974358964,1014.1025641025623,26.686909581646375,0
3848,4,0,0,44,0.0,0.0,1.0,44,1350,1200,150,0.8888888888888888,15,12,3,362.9170172286913,0.4481699260042283,0.19936651355307666,0.19794474501177248,128543.91289515857,530.1546901631245,129074.0675853217,1354,2,335.0,36,8,16,37.2802146955395,0.6056134259259259,46.48085585585585,1014.0765765765758,28.16879379379377,0
3849,4,1,2,43,0.022222222222222223,0.044444444444444446,0.9555555555555556,45,1550,1200,350,0.7741935483870968,19,12,7,355.79934329505403,0.4495159932659933,0.20470740660764397,0.19592232565985662,128922.8476550476,174.1329062788399,129096.98056132645,1355,0,328.53333333333336,37,8,17,37.07397610307346,0.607545045045045,46.10745614035087,1015.5701754385957,27.447842579421504,0
3850,4,1,0,44,0.022727272727272728,0.0,1.0,44,1200,800,400,0.6666666666666666,16,8,8,361.7226562307952,0.4481699260042283,0.2182876436202379,0.19943388503678336,128972.5113627142,530.4558781754896,129502.96724088969,1356,0,335.3863636363636,36,8,18,36.872921286031044,0.6099537037037037,46.058558558558566,1015.7657657657668,28.215715715715746,0
3851,4,0,0,44,0.0,0.0,1.0,44,1600,1200,400,0.75,20,12,8,362.1338349905936,0.4479607117688513,0.22261549925484347,0.2008196721311475,129201.38888888898,557.8417944972053,129759.23068338618,1357,1,336.3863636363636,35,9,19,36.62909836065571,0.6142857142857143,45.833333333333336,1016.6666666666674,29.04761904761907,0
3852,4,1,2,43,0.022222222222222223,0.044444444444444446,0.9555555555555556,45,1300,1000,300,0.7692307692307693,16,10,6,356.9956204041378,0.44928451178451173,0.2251510474618046,0.2000855960587343,129619.76431450054,254.73763561864482,129874.50195011919,1358,0,329.8888888888889,37,8,16,36.33383134130147,0.6145833333333333,45.422149122807014,1018.3114035087714,27.52192982456139,0
3853,4,0,0,43,0.0,0.0,1.0,43,1300,1000,300,0.7692307692307693,16,10,6,368.5482578318729,0.44924326319675156,0.23027302373187952,0.20575522737242283,129466.28146701399,942.9144965277876,130409.19596354177,1359,1,335.4418604651163,35,8,17,36.19605083589218,0.6169642857142856,45.57291666666667,1017.7083333333342,29.077380952380977,0
3854,4,0,1,42,0.0,0.023255813953488372,0.9767441860465116,43,1150,700,450,0.6086956521739131,16,7,9,369.0084390163022,0.4497508305647841,0.2338696669619369,0.2063209930799988,129525.18332315257,959.177142275395,130484.36046542796,1360,2,336.4418604651163,35,8,18,36.124336744362324,0.6175595238095238,45.515046296296305,1017.9398148148159,29.08399470899474,0
3855,4,0,1,41,0.0,0.023809523809523808,0.9761904761904762,42,1300,1000,300,0.7692307692307693,16,10,6,371.2439652735785,0.45010646535036775,0.23533342242416144,0.20777999941228048,129564.73922902503,1220.0255102040921,130784.76473922913,1361,3,343.95238095238096,34,8,19,36.027147645774875,0.6200980392156863,45.47619047619048,1018.0952380952388,29.943977591036433,0
3856,4,0,1,40,0.0,0.024390243902439025,0.975609756097561,41,1300,1100,200,0.8461538461538461,15,11,4,377.83607104915984,0.44977134146341463,0.2470616905519003,0.21135920822931772,129544.24267409161,1589.2975358035299,131133.54020989515,1362,4,352.5609756097561,33,8,19,35.88025661089041,0.6221590909090908,45.49632352941176,1018.0147058823522,30.8489304812834,0
3857,4,0,2,38,0.0,0.05,0.95,40,1250,1000,250,0.8,15,10,5,383.0962447457989,0.4496260683760684,0.23767453057294174,0.21447194079165088,129575.43372741257,1927.9724144559839,131503.40614186856,1363,5,332.375,33,7,19,35.71457229979137,0.6224747474747474,45.46568627450981,1018.1372549019611,30.852644087938216,0
3858,4,0,1,37,0.0,0.02631578947368421,0.9736842105263158,38,900,800,100,0.8888888888888888,10,8,2,391.38810706804964,0.4484352773826458,0.22859577302019463,0.2186403001438357,129490.37606175398,2536.1986340679628,132026.57469582194,1364,6,344.9736842105263,32,6,19,35.59034238928174,0.6240234375,45.54924242424243,1017.8030303030309,31.806344696969717,0
3859,4,0,0,37,0.0,0.0,1.0,37,1150,700,450,0.6086956521739131,16,7,9,397.6884957094442,0.4472597597597598,0.2360620822946522,0.22221093430741445,129499.41211276599,2900.085279676668,132399.49739244266,1365,7,353.56756756756755,31,6,20,35.42079762057054,0.6266801075268817,45.54036458333334,1017.8385416666679,32.83350134408606,0
3860,4,0,0,37,0.0,0.0,1.0,37,1100,500,600,0.45454545454545453,17,5,12,399.652982183948,0.4476664164164164,0.23444848761304482,0.22406351065667812,129631.97708129893,2961.56124538847,132593.5383266874,1366,8,354.56756756756755,31,6,20,35.235397221156724,0.6280241935483871,45.41015625000001,1018.3593750000008,32.85030241935486,0
3861,4,0,0,37,0.0,0.0,1.0,37,950,500,450,0.5263157894736842,14,5,9,395.83136899195466,0.4477915415415415,0.23073960067391708,0.22257584086383875,129747.52456700866,2871.6280545352765,132619.15262154394,1367,9,355.56756756756755,32,5,20,35.214762258850755,0.6266276041666667,45.296717171717184,1018.8131313131328,31.8379103535354,0
3862,4,1,0,38,0.02631578947368421,0.0,1.0,38,1450,1100,350,0.7586206896551724,18,11,7,392.8582997411827,0.44793148411569467,0.2271123755334281,0.2229410596690761,130106.25608239618,2622.664510044215,132728.9205924404,1368,0,347.1842105263158,33,5,21,34.924799799799814,0.6278409090909092,44.94485294117647,1020.220588235294,30.915775401069517,0
3863,4,2,0,40,0.05,0.0,1.0,40,950,700,250,0.7368421052631579,12,7,5,379.1275413245364,0.4487980769230769,0.24701197604790393,0.21953640569069896,130888.84833958096,1924.9011798346805,132813.74951941564,1369,0,330.775,33,7,20,34.48003992015968,0.6357323232323233,44.17892156862745,1023.2843137254905,31.008615567439108,0
3864,4,0,1,39,0.0,0.025,0.975,40,1700,1500,200,0.8823529411764706,19,15,4,378.27165407381244,0.44805021367521364,0.2496109648072775,0.21975531280477262,131014.28086553248,1911.7977460592047,132926.07861159169,1370,1,331.775,33,7,20,34.3747506184662,0.6369949494949495,44.056372549019606,1023.7745098039215,31.023469994058228,0
3865,4,0,0,39,0.0,0.0,1.0,39,1200,800,400,0.6666666666666666,16,8,8,387.1159526226116,0.4470872694556905,0.25105059751294645,0.22471018431248604,130982.91710219627,2341.115346261052,133324.03244845732,1371,2,341.2307692307692,33,6,20,34.18020970509597,0.6366792929292929,44.08700980392157,1023.6519607843137,31.019756387403447,0
3866,4,0,0,39,0.0,0.0,1.0,39,1400,1000,400,0.7142857142857143,18,10,8,393.3838412328517,0.44644062078272606,0.2576857514096009,0.22931399525524773,131145.15306122453,2518.0768140589616,133663.2298752835,1372,3,342.2307692307692,34,5,20,33.85513520843019,0.6360294117647058,43.92857142857143,1024.2857142857147,30.126050420168077,0
3867,4,0,0,39,0.0,0.0,1.0,39,1300,1000,300,0.7692307692307693,16,10,6,394.0231244265518,0.44514732343679714,0.2544805397827554,0.230992649500485,131362.5694625101,2552.4882145452607,133915.05767705536,1373,4,343.2307692307692,30,9,20,33.61823128359774,0.6482638888888889,43.71639784946236,1025.1344086021502,34.17114695340501,0
3868,4,0,0,39,0.0,0.0,1.0,39,1250,1000,250,0.8,15,10,5,391.94843890572923,0.44441632928475033,0.2545761151813817,0.23102258178899068,131569.3310823505,2513.678785119654,134083.00986747013,1374,5,344.2307692307692,30,9,18,33.46188698196427,0.6503472222222222,43.51478494623655,1025.9408602150531,34.198028673835104,0
3869,4,0,1,38,0.0,0.02564102564102564,0.9743589743589743,39,1150,900,250,0.782608695652174,14,9,5,393.59856752697397,0.444331983805668,0.2559803309082853,0.2322049045209364,131603.80715978716,2559.8139958376596,134163.62115562483,1375,6,345.2307692307692,30,9,18,33.38463889616627,0.6506944444444445,43.48118279569892,1026.0752688172036,34.202508960573454,0
3870,4,0,0,38,0.0,0.0,1.0,38,800,500,300,0.625,11,5,6,399.97304144808095,0.44379741583688953,0.2564161641255782,0.2361189168278897,131628.58963012698,2929.5774671766494,134558.16709730364,1376,7,351.2105263157895,31,7,18,33.19600410269424,0.6481854838709677,43.45703125,1026.1718750000002,33.1023185483871,0
3871,4,0,0,38,0.0,0.0,1.0,38,1200,900,300,0.75,15,9,6,400.1373543988029,0.4434269796111901,0.26186280007476803,0.2368380557117239,131728.82080078125,2941.924370659722,134670.74517144097,1377,8,352.2105263157895,31,7,18,33.09022492812447,0.6491935483870968,43.359375,1026.5625,33.11491935483871,0
3872,4,0,0,38,0.0,0.0,1.0,38,750,600,150,0.8,9,6,3,419.0501182385361,0.442893551446183,0.3431839172672295,0.23218767019788897,129168.29639010977,3257.2006225586174,132425.49701266838,1378,9,353.2105263157895,31,7,20,35.2163923402075,0.6233198924731183,45.86588541666668,1016.5364583333348,32.791498655914026,8
3873,4,0,0,38,0.0,0.0,1.0,38,1400,1100,300,0.7857142857142857,17,11,6,416.1639415360376,0.44243421052631576,0.33670125614418334,0.23160978022871892,129342.63117283958,3165.556316611219,132508.1874894508,1379,10,354.2105263157895,29,9,20,35.111164208993266,0.6307471264367817,45.69444444444445,1017.2222222222229,35.076628352490445,0
3874,4,0,0,38,0.0,0.0,1.0,38,1500,1200,300,0.8,18,12,6,420.425506570952,0.44190078236130864,0.33636102534644996,0.23524572237901334,129554.63927469119,3293.61496913578,132848.25424382696,1380,11,355.2105263157895,29,9,17,34.78569804456572,0.6329022988505747,45.4861111111111,1018.0555555555541,35.10536398467428,0
3875,4,0,0,38,0.0,0.0,1.0,38,1350,1000,350,0.7407407407407407,17,10,7,418.21099972618754,0.4413821716453295,0.33410426303287966,0.23475577451296636,129680.10210717985,3246.729029367538,132926.83113654738,1381,12,356.2105263157895,30,8,19,34.713699744875534,0.63125,45.36290322580644,1018.5483870967728,33.95161290322576,0
3876,4,0,0,38,0.0,0.0,1.0,38,650,500,150,0.7692307692307693,8,5,3,385.53305915417064,0.44061166429587484,0.2796267905745373,0.2111355678136648,128705.44645521368,2325.346145162353,131030.79260037604,1382,13,357.2105263157895,31,7,19,36.541474186235504,0.6186155913978495,46.32161458333333,1014.713541666666,32.7326948924731,8
3877,4,0,0,38,0.0,0.0,1.0,38,1400,1300,100,0.9285714285714286,15,13,2,386.5443260282575,0.4407598387861546,0.28541004299899386,0.2123950747034758,128837.60452270498,2360.2890014648287,131197.8935241698,1383,14,358.2105263157895,31,7,19,36.38057906887263,0.6199596774193548,46.19140624999999,1015.2343749999992,32.74949596774191,0
3878,4,1,0,39,0.02564102564102564,0.0,1.0,39,1450,1100,350,0.7586206896551724,18,11,7,373.0681907035025,0.4414642375168691,0.2748673315677028,0.2077535120432264,129366.9149610732,1853.0490451388991,131219.9640062121,1384,0,350.0,31,8,22,36.18235099620291,0.6253360215053764,45.67057291666667,1017.3177083333339,32.81670026881722,0
3879,4,0,0,39,0.0,0.0,1.0,39,1400,1200,200,0.8571428571428571,16,12,4,372.6637546362643,0.4410706252811516,0.27397017569762294,0.20787774750052862,129433.15505981445,1847.0091078016499,131280.1641676161,1385,1,351.0,31,8,17,36.125106632544245,0.626008064516129,45.60546875,1017.578125,32.825100806451616,0
3880,4,0,0,39,0.0,0.0,1.0,39,950,600,350,0.631578947368421,13,6,7,373.2219539229934,0.44109874044084574,0.2697145931123157,0.20854010105904522,129499.4121127659,1866.4047241210983,131365.816836887,1386,2,352.0,31,8,17,36.043372350859215,0.6266801075268817,45.540364583333336,1017.8385416666672,32.83350134408604,0
3881,4,0,0,39,0.0,0.0,1.0,39,1250,800,450,0.64,17,8,9,369.6753742219363,0.44028340080971656,0.2676810369118061,0.20813521429214935,129797.77865939683,1796.608479817727,131594.38713921455,1387,3,353.0,31,8,20,35.82981940540082,0.6297043010752688,45.24739583333334,1019.0104166666678,32.8713037634409,0
3882,4,0,0,39,0.0,0.0,1.0,39,1550,1100,450,0.7096774193548387,20,11,9,366.9446106401892,0.43882141250562307,0.2661465747262426,0.20773558161548686,130012.50270328736,1741.4774365628782,131753.98013985023,1388,4,354.0,33,6,21,35.681026195626046,0.6268939393939394,45.03676470588236,1019.852941176472,30.90463458110521,0
3883,4,0,0,39,0.0,0.0,1.0,39,1050,700,350,0.6666666666666666,14,7,7,395.51296341954975,0.43856837606837606,0.2695205159360692,0.20839127329980095,127153.80652873887,2258.195766051512,129412.00229479039,1389,5,355.0,33,6,18,37.88274605103282,0.5978535353535354,47.85539215686274,1008.5784313725484,30.5629827688651,8
3884,4,0,1,38,0.0,0.02564102564102564,0.9743589743589743,39,850,600,250,0.7058823529411765,11,6,5,372.5610548210019,0.43851214574898784,0.2227686605726913,0.18550704425170314,124826.44917052476,1501.0947145061814,126327.54388503094,1390,6,356.0,35,4,16,40.866052814454484,0.5696428571428571,50.173611111111114,999.3055555555561,28.55158730158732,8
3885,4,3,0,41,0.07317073170731707,0.0,1.0,41,1350,1000,350,0.7407407407407407,17,10,7,312.8881732069806,0.44425813008130083,0.14908071359452157,0.15549498193248829,124746.06405743929,-350.1630394119896,124395.9010180273,1391,0,338.0487804878049,40,1,17,42.43981010512038,0.5598958333333333,50.2540650406504,998.9837398373978,24.974593495934947,8
3886,4,2,0,43,0.046511627906976744,0.0,1.0,43,550,500,50,0.9090909090909091,6,5,1,302.32397984859955,0.449312476928756,0.1586107838548807,0.15179402611910506,125173.67139274676,-1031.1413022772874,124142.53009046947,1392,0,323.27906976744185,41,2,19,42.263040712468175,0.5627540650406504,49.82638888888888,1000.6944444444432,24.407181571815688,0
3887,4,1,1,43,0.022727272727272728,0.022727272727272728,0.9772727272727273,44,1700,1100,600,0.6470588235294118,23,11,12,296.8813607036739,0.4502951021846371,0.1614464767563486,0.15044801145311604,125557.79142066276,-1344.8464072171173,124212.94501344564,1393,0,316.90909090909093,42,2,15,42.00425408488835,0.5652281746031746,49.44282945736434,1002.2286821705421,23.862587670727194,0
3888,4,1,2,42,0.022727272727272728,0.045454545454545456,0.9545454545454546,44,600,300,300,0.5,9,3,6,299.1299042684305,0.45021802325581395,0.16936716869057844,0.15185466092056824,125630.63837059062,-1284.0238342046873,124346.61453638593,1394,0,317.8636363636364,42,2,16,41.873066885752934,0.5659722222222222,49.370155038759684,1002.5193798449606,23.869509043927632,0
3889,4,2,0,44,0.045454545454545456,0.0,1.0,44,1150,900,250,0.782608695652174,14,9,5,311.3687184150507,0.4497775722339676,0.2055150930150933,0.15937647839821745,125970.87014001547,-955.3223213749309,125015.54781864054,1395,0,318.6818181818182,42,2,18,41.216618404118414,0.5694444444444444,49.03100775193798,1003.8759689922468,23.90180878552969,0
3890,4,1,1,44,0.022222222222222223,0.022222222222222223,0.9777777777777777,45,1500,1000,500,0.6666666666666666,20,10,10,302.6952010240186,0.45018939393939394,0.20624210097894258,0.15622686643896402,126311.56199296948,-1353.1981438915673,124958.36384907791,1396,0,312.5777777777778,42,3,11,41.084883683567895,0.5729166666666667,48.69186046511629,1005.2325581395373,23.93410852713184,0
3891,4,0,0,44,0.0,0.0,1.0,44,1150,700,450,0.6086956521739131,16,7,9,308.3482917111622,0.44863239957716705,0.2081296035455713,0.15916929393322513,126317.93986402446,-1010.01580609094,125307.92405793352,1397,2,320.6818181818182,41,3,12,40.9362766867331,0.5744410569105691,48.68551587301588,1005.2579365079376,24.518486256291162,0
3892,4,4,2,46,0.08333333333333333,0.041666666666666664,0.9583333333333334,48,1000,700,300,0.7,13,7,6,294.6857715799256,0.45383606678487,0.24060319471823322,0.15548724738191907,127211.39955126545,-2097.7930810778016,125113.60647018765,1398,0,294.875,43,5,17,40.3662700647705,0.5806686046511628,47.79829545454545,1008.8068181818178,23.460623678646925,0
3893,4,2,3,45,0.041666666666666664,0.0625,0.9375,48,1000,500,500,0.5,15,5,10,297.3818933906733,0.45420545212765956,0.24602253181974554,0.1574661501068647,127354.73632812499,-2025.4014756944455,125329.33485243053,1399,0,295.6875,43,5,11,40.152003783969725,0.5821220930232558,47.65625,1009.3749999999999,23.473837209302324,0
3894,4,2,2,45,0.0425531914893617,0.0425531914893617,0.9574468085106383,47,1100,700,400,0.6363636363636364,15,7,8,309.2895873582356,0.452281837804502,0.26537539365174,0.16389516384018804,127385.30305420335,-1520.210436572334,125865.09261763102,1400,0,301.02127659574467,42,5,13,39.82030300121583,0.5838293650793651,47.625968992248055,1009.4961240310068,24.035622000738257,0
3895,4,1,0,46,0.021739130434782608,0.0,1.0,46,1300,800,500,0.6153846153846154,18,8,10,322.62574252839863,0.4490539452495974,0.28384727086358597,0.17141597384859553,127492.46110481196,-973.5300138574312,126518.93109095452,1401,0,308.5,41,5,16,39.37418140144071,0.5863821138211383,47.51984126984125,1009.9206349206322,24.632210607820298,0
3896,4,1,0,47,0.02127659574468085,0.0,1.0,47,750,500,250,0.6666666666666666,10,5,5,321.0247796889667,0.45081714461917977,0.29529076382856334,0.1717729513474192,127776.88108436974,-1196.0909801093937,126580.79010426035,1402,0,302.9148936170213,42,5,17,39.12409750175706,0.5877976190476191,47.238372093023244,1011.0465116279055,24.072535991140608,0
3897,4,4,2,49,0.0784313725490196,0.0392156862745098,0.9607843137254902,51,1550,1100,450,0.7096774193548387,20,11,9,309.5372425474954,0.45465686274509803,0.3280978653710678,0.16947836248831918,128696.4381474544,-2231.147410694696,126465.2907367597,1403,0,280.078431372549,43,8,15,38.47847643490435,0.595687984496124,46.330492424242415,1014.6780303030282,23.59716349541926,0
3898,4,0,2,47,0.0,0.04081632653061224,0.9591836734693877,49,1800,1400,400,0.7777777777777778,22,14,8,316.3941819285867,0.45482568027210885,0.33338466726837845,0.17296766008409256,128635.5530485697,-1660.0918852532952,126975.4611633164,1404,1,291.3265306122449,42,7,15,38.36644697042061,0.5964781746031746,46.39050387596899,1014.4379844961232,24.153285345145793,0
3899,4,0,1,46,0.0,0.02127659574468085,0.9787234042553191,47,1000,600,400,0.6,14,6,8,316.67011035202034,0.45409343200740054,0.2658109319884816,0.16414832290227935,126488.7817382814,-1323.2563083672158,125165.52542991418,1405,2,303.74468085106383,39,8,15,40.5518665216941,0.5793269230769231,48.51562500000001,1005.9375000000011,25.79326923076926,8
3900,4,2,1,47,0.041666666666666664,0.020833333333333332,0.9791666666666666,48,1400,1000,400,0.7142857142857143,18,10,8,328.18353417247255,0.4547318262411348,0.17615619546247796,0.16838326996593678,126068.74296304144,-1108.8512017944036,124959.89176124704,1406,0,298.2291666666667,41,7,18,40.69394365965293,0.571900406504065,48.93353174603173,1004.265873015871,24.494289585752952,8
3901,4,5,1,51,0.09615384615384616,0.019230769230769232,0.9807692307692307,52,1450,1100,350,0.7586206896551724,18,11,7,323.3901985863953,0.4601558572146807,0.244658671220364,0.17068305576617118,127223.3412000869,-2146.6273347446595,125076.71386534224,1407,0,276.13461538461536,39,13,21,39.63011960075716,0.5868055555555556,47.786458333333336,1008.8541666666674,25.868055555555575,0
3902,4,5,7,49,0.08928571428571429,0.125,0.875,56,1500,1200,300,0.8,18,12,6,301.13598557135293,0.46189123376623376,0.25406236416170214,0.16224173108844248,128052.83570284591,-3487.7366230833964,124565.09907976251,1408,0,257.32142857142856,45,11,16,39.345802756398776,0.5865740740740741,46.96557971014492,1012.1376811594193,22.49194847020932,0
3903,4,0,0,49,0.0,0.0,1.0,49,1300,800,500,0.6153846153846154,18,8,10,338.4009835902161,0.4570046768707483,0.2452561819771788,0.17860564174775184,127223.341200087,-1189.4992404513691,126033.84195963563,1409,1,292.8775510204082,39,10,20,39.25152727585612,0.5868055555555556,47.78645833333334,1008.8541666666682,25.868055555555596,0
3904,4,0,0,49,0.0,0.0,1.0,49,2250,1800,450,0.8,27,18,9,336.3419841965633,0.4570755385487528,0.2458307394235255,0.17818052954797142,127373.97057183231,-1231.7572005750487,126142.21337125725,1410,2,293.8775510204082,40,9,16,39.149174468941915,0.58671875,47.63719512195122,1009.4512195121956,25.23628048780489,0
3905,4,1,1,49,0.02,0.02,0.98,50,1450,1200,250,0.8275862068965517,17,12,5,335.332702210503,0.45816326530612245,0.2514896957801769,0.17927808161201605,127743.06047650543,-1432.714868354744,126310.34560815069,1411,0,288.98,41,9,18,38.79702322538436,0.5889227642276422,47.2718253968254,1010.9126984126985,24.6564072783585,0
3906,4,0,3,46,0.0,0.061224489795918366,0.9387755102040817,49,1700,1300,400,0.7647058823529411,21,13,8,342.555162346361,0.45642006802721086,0.25401977419096733,0.18309490595697236,127733.27637525626,-1048.8613548482908,126684.41502040796,1412,1,295.6938775510204,40,9,18,38.62450152474784,0.5903645833333333,47.28150406504066,1010.8739837398384,25.27184959349596,0
3907,4,1,1,46,0.02127659574468085,0.02127659574468085,0.9787234042553191,47,1250,900,350,0.72,16,9,7,320.7863570962259,0.4551341350601295,0.20756829425452694,0.17058831477685382,127527.89680621684,-1215.514182199718,126312.38262401712,1413,0,308.1063829787234,40,7,16,39.38441157728813,0.58828125,47.48475609756099,1010.0609756097585,25.251524390243965,7
3908,4,1,1,46,0.02127659574468085,0.02127659574468085,0.9787234042553191,47,1150,900,250,0.782608695652174,14,9,5,316.57559473493524,0.45355380820228186,0.21703296703296693,0.16946105365223016,127793.20987654336,-1308.757716049368,126484.452160494,1414,0,309.0425531914894,41,6,17,39.219894688644686,0.589430894308943,47.22222222222223,1011.1111111111123,24.661246612466154,0
3909,4,3,1,48,0.061224489795918366,0.02040816326530612,0.9795918367346939,49,1150,800,350,0.6956521739130435,15,8,7,315.51887729994564,0.45328443877551017,0.24522174348091497,0.1718518486824224,128488.14791967144,-1691.4305113207533,126796.71740835068,1415,0,297.14285714285717,42,7,16,38.53858039440567,0.5949900793650793,46.5358527131783,1013.856589147288,24.139442598744953,0
3910,4,1,2,47,0.02040816326530612,0.04081632653061224,0.9591836734693877,49,1300,800,500,0.6153846153846154,18,8,10,318.27252846661065,0.45355017006802717,0.25408134018869766,0.17377978901721539,128586.40861614402,-1614.8957206598018,126971.51289548422,1416,0,298.1224489795918,42,7,17,38.368801948982515,0.5959821428571428,46.4389534883721,1014.2441860465129,24.148671096345545,0
3911,4,0,1,46,0.0,0.02127659574468085,0.9787234042553191,47,1150,900,250,0.782608695652174,14,9,5,320.92425455676783,0.45278291705211227,0.23101451370649806,0.16380122356856933,125853.72546487556,-1319.1631882210604,124534.5622766545,1417,1,302.36170212765956,43,4,18,41.09726940984021,0.5668604651162791,49.14772727272725,1003.4090909090871,23.33509513742063,8
3912,4,2,1,47,0.041666666666666664,0.020833333333333332,0.9791666666666666,48,1500,1200,300,0.8,18,12,6,310.26636217672217,0.4528571956264775,0.23373006084525594,0.16035438963085513,126367.80876991953,-1758.0334945713548,124609.77527534818,1418,0,296.4791666666667,41,7,16,40.83693060351914,0.5749491869918699,48.635912698412675,1005.4563492063454,24.52332559039867,0
3913,4,2,0,49,0.04081632653061224,0.0,1.0,49,1650,1300,350,0.7878787878787878,20,13,7,328.7671143351792,0.45358560090702943,0.2784723700588223,0.17225065798329073,126924.96812048007,-1454.248898789049,125470.71922169102,1419,0,291.38775510204084,43,6,18,39.8001636750932,0.5777616279069768,48.08238636363635,1007.6704545454521,23.434196617336095,0
3914,4,5,3,51,0.09259259259259259,0.05555555555555555,0.9444444444444444,54,1500,900,600,0.6,21,9,12,303.9286232386439,0.4588501630561379,0.29582214264398665,0.16337260450315905,127961.17297442726,-3021.4578177605285,124939.71515666673,1420,0,265.31481481481484,45,9,18,39.36847209788121,0.5856481481481481,47.05615942028984,1011.7753623188376,22.483896940418614,0
3915,4,4,3,52,0.07272727272727272,0.05454545454545454,0.9454545454545454,55,1450,800,650,0.5517241379310345,21,8,13,303.497145759238,0.46156004489337826,0.31261517557640905,0.1651721883758331,128456.33290468593,-3202.3800969191593,125253.95280776676,1421,0,261.09090909090907,43,12,10,38.87562276194925,0.593265503875969,46.567234848484844,1013.7310606060595,23.575140944326964,0
3916,4,0,2,50,0.0,0.038461538461538464,0.9615384615384616,52,1300,900,400,0.6923076923076923,17,9,8,320.9199139697541,0.4595352564102564,0.312678062678063,0.17329675354366714,128144.53124999997,-2175.1736111111127,125969.35763888886,1422,1,277.09615384615387,40,12,21,38.75171467764062,0.59453125,46.875,1012.4999999999998,25.312499999999993,0
3917,4,1,1,50,0.0196078431372549,0.0196078431372549,0.9803921568627451,51,1100,800,300,0.7272727272727273,14,8,6,320.89238978992944,0.45879084967320266,0.3050162693084637,0.17396875045132973,128302.78320312512,-1965.7226562499861,126337.06054687513,1423,0,281.0980392156863,39,12,22,38.59114743985194,0.5977564102564102,46.71875000000001,1013.1250000000009,25.977564102564127,0
3918,4,0,1,49,0.0,0.02,0.98,50,1300,800,500,0.6153846153846154,18,8,10,323.616284105536,0.4590561224489796,0.30147569622854764,0.17602627504924395,128434.73442925357,-1687.2856987847124,126747.44873046885,1424,1,285.42,39,11,11,38.38773421710685,0.5990918803418803,46.58854166666667,1013.6458333333342,25.990918803418825,0
3919,4,0,3,46,0.0,0.061224489795918366,0.9387755102040817,49,1250,500,750,0.4,20,5,15,304.6471369752438,0.4591482426303855,0.19189502801929192,0.16036106742058565,127114.84854973997,-1990.5065141087846,125124.34203563118,1425,4,292.2244897959184,45,4,13,40.21368528997874,0.5770833333333334,47.89402173913043,1008.4239130434775,22.409420289855056,8
3920,4,1,1,46,0.02127659574468085,0.02127659574468085,0.9787234042553191,47,1500,1100,400,0.7333333333333333,19,11,8,315.89372310634496,0.45648319457292635,0.2147001934235977,0.16618756737333817,127092.01388888898,-1370.4861111111018,125721.52777777788,1426,0,305.3191489361702,44,3,17,39.953512396694215,0.578125,47.91666666666667,1008.3333333333342,22.916666666666686,0
3921,4,2,3,45,0.041666666666666664,0.0625,0.9375,48,950,700,250,0.7368421052631579,12,7,5,313.16770046407737,0.45930296985815605,0.2334857025020627,0.16676294679177828,127582.64853395018,-1609.0470679012767,125973.6014660489,1427,0,299.5416666666667,44,4,14,39.52089634313994,0.5830965909090908,47.430555555555536,1010.2777777777743,22.960858585858507,0
3922,4,1,1,45,0.021739130434782608,0.021739130434782608,0.9782608695652174,46,1500,1100,400,0.7333333333333333,19,11,8,321.3788927760286,0.4565217391304348,0.24461421696594665,0.17112851563242415,127581.01695360815,-999.6308064419633,126581.3861471662,1428,0,313.1521739130435,42,4,16,39.31517360445037,0.5858134920634921,47.43217054263564,1010.2713178294541,24.054078995939385,0
3923,4,2,0,47,0.0425531914893617,0.0,1.0,47,1450,1400,50,0.9655172413793104,15,14,1,319.23492302912837,0.45956675917360473,0.2552724256954464,0.17178328280577757,128003.94483024697,-1227.334104938263,126776.61072530871,1429,0,306.8085106382979,44,3,19,38.937688718089504,0.5873579545454546,47.01388888888889,1011.9444444444449,22.998737373737384,0
3924,4,1,3,45,0.020833333333333332,0.0625,0.9375,48,1600,1200,400,0.75,20,12,8,303.8936475634147,0.46134382387706857,0.1928562039957935,0.15792505947147972,126592.34063995993,-1900.0720427059437,124692.26859725399,1430,0,301.3958333333333,41,7,13,40.767120136698196,0.5772357723577235,48.412698412698425,1006.3492063492084,24.545102593883133,8
3925,4,2,0,47,0.0425531914893617,0.0,1.0,47,1650,1300,350,0.7878787878787878,20,13,7,313.5735670283697,0.46080018501387604,0.22959613442349514,0.1639560246965018,126842.05424067774,-1445.1369205089477,125396.9173201688,1431,0,308.6808510638298,41,6,17,40.26779265970716,0.5797764227642277,48.16468253968254,1007.3412698412696,24.56929926442121,0
3926,4,2,2,47,0.04081632653061224,0.04081632653061224,0.9591836734693877,49,1150,700,450,0.6086956521739131,16,7,9,302.7630472724984,0.46364795918367346,0.22453089997328202,0.16008717036293463,127297.04231112446,-2091.0937697423356,125205.94854138212,1432,0,297.0408163265306,40,9,19,40.07510909701241,0.5859375,47.713414634146346,1009.1463414634156,25.228658536585392,0
3927,4,1,2,46,0.020833333333333332,0.041666666666666664,0.9583333333333334,48,1200,700,500,0.5833333333333334,17,7,10,306.76537045173984,0.4631353427895981,0.2265402008322157,0.16275187388006096,127433.60595703125,-1781.556532118057,125652.04942491319,1433,0,302.8958333333333,39,9,13,39.83469600055024,0.5889423076923077,47.578125,1009.6875,25.889423076923077,0
3928,4,0,2,44,0.0,0.043478260869565216,0.9565217391304348,46,1150,800,350,0.6956521739130435,15,8,7,348.3589016332118,0.4594706119162641,0.14885422374061297,0.1838766410353504,127226.70945878078,-323.7114550659956,126902.99800371479,1434,1,317.0217391304348,38,8,17,38.99692011719439,0.5885416666666667,47.78311965811966,1008.8675213675215,26.5491452991453,8
3929,4,2,4,42,0.043478260869565216,0.08695652173913043,0.9130434782608696,46,1250,1000,250,0.8,15,10,5,348.55988946753087,0.4601449275362319,0.18552218735992776,0.18577093010082696,127617.7300347223,-303.5156249999943,127314.2144097223,1435,0,317.89130434782606,39,7,14,38.591065292096204,0.5908119658119658,47.395833333333336,1010.4166666666674,25.908119658119677,0
3930,4,1,0,43,0.023255813953488372,0.0,1.0,43,900,800,100,0.8888888888888888,10,8,2,365.4023258501953,0.45667220376522705,0.2202224469160765,0.19440444026549544,127546.62390430977,721.1666057949864,128267.79051010477,1436,0,339.1860465116279,36,7,15,38.2385730211817,0.5954861111111112,47.46621621621622,1010.1351351351357,28.059309309309324,0
3931,4,1,0,44,0.022727272727272728,0.0,1.0,44,1700,1300,400,0.7647058823529411,21,13,8,365.3102430211298,0.45843243481324875,0.22541266321754172,0.19604345502442802,127894.85857427267,544.2603733840994,128439.11894765677,1437,0,332.45454545454544,37,7,16,37.88380758807589,0.5971283783783784,47.12171052631578,1011.5131578947354,27.33819345661447,0
3932,4,1,0,45,0.022222222222222223,0.0,1.0,45,1200,800,400,0.6666666666666666,16,8,8,363.82016067030594,0.45925925925925926,0.23278376742864948,0.19730500214290167,128315.61872260757,337.2487327041082,128652.86745531167,1438,0,326.0444444444444,36,9,17,37.49073765329185,0.6032986111111112,46.706081081081074,1013.1756756756743,28.14376876876873,0
3933,4,0,0,45,0.0,0.0,1.0,45,1150,900,250,0.782608695652174,14,9,5,364.6501234567899,0.4586700336700336,0.2270962962962959,0.1981794149221685,128401.20525931338,364.3030699618534,128765.50832927524,1439,1,327.0444444444444,36,9,15,37.382175925925914,0.6041666666666667,46.62162162162162,1013.5135135135137,28.153153153153156,0
3934,4,2,2,45,0.0425531914893617,0.0425531914893617,0.9574468085106383,47,1250,800,450,0.64,17,8,9,350.1676800445821,0.4622263336416898,0.23401570575206376,0.19338528671451632,129038.5129026954,-362.9766600920719,128675.53624260332,1440,0,314.0851063829787,38,9,18,37.09910620399577,0.606907894736842,45.99358974358973,1016.0256410256394,26.737516869095774,0
3935,4,0,1,44,0.0,0.022222222222222223,0.9777777777777777,45,1400,1000,400,0.7142857142857143,18,10,8,364.9981815543765,0.4586700336700336,0.23672979525215432,0.20042426837665572,128811.51532202198,403.19377116033417,129214.70909318232,1441,1,328.68888888888887,37,8,18,36.95407575430256,0.6064189189189189,46.21710526315788,1015.131578947367,27.435988620199108,0
3936,4,1,0,45,0.022222222222222223,0.0,1.0,45,750,600,150,0.8,9,6,3,358.8581323334834,0.4595959595959596,0.2393096008629989,0.1987225141416601,129145.65659626029,268.9938250230699,129414.65042128337,1442,0,329.06666666666666,37,8,19,36.76914778856526,0.6097972972972974,45.888157894736835,1016.4473684210518,27.471550497866264,0
3937,4,2,0,47,0.0425531914893617,0.0,1.0,47,1250,900,350,0.72,16,9,7,345.22559120898154,0.46274668516805423,0.24098968581002933,0.19376438167614682,129675.59880203522,-446.5089017774711,129229.08990025775,1443,0,316.02127659574467,37,10,17,36.57675296946209,0.6151463963963963,45.36732456140351,1018.5307017543859,27.52785680417259,0
3938,4,0,0,47,0.0,0.0,1.0,47,1350,900,450,0.6666666666666666,18,9,9,345.2273841275372,0.46226487819919826,0.23238976385856036,0.19451411796766563,129826.69850107758,-436.0536973117021,129390.64480376588,1444,1,317.02127659574467,38,9,18,36.423279868609576,0.6148574561403508,45.2190170940171,1019.1239316239322,26.81905083220874,0
3939,4,0,1,46,0.0,0.02127659574468085,0.9787234042553191,47,1450,1000,450,0.6896551724137931,19,10,9,346.6663716908554,0.46164816527906255,0.23195635021463845,0.19627978553742026,130017.3097468771,-385.47419460880354,129631.8355522683,1445,2,318.02127659574467,38,9,19,36.193169914100146,0.6167763157894737,45.032051282051285,1019.8717948717951,26.838731443994607,0
3940,4,0,1,45,0.0,0.021739130434782608,0.9782608695652174,46,1100,800,300,0.7272727272727273,14,8,6,349.74487797817187,0.46169484702093394,0.236206684549209,0.1981610890241905,130044.55133912282,-103.5168520344642,129941.03448708836,1446,3,325.10869565217394,38,8,20,36.087034321427325,0.6170504385964912,45.00534188034189,1019.9786324786338,26.84154295996405,0
3941,4,1,0,46,0.021739130434782608,0.0,1.0,46,1750,1200,550,0.6857142857142857,23,12,11,340.1370047610568,0.4610406602254428,0.23618332462777758,0.19495028706235426,130492.60567577713,-322.3793072318281,130170.2263685453,1447,0,324.04347826086956,36,10,16,35.87820088908484,0.6252893518518519,44.56644144144144,1021.7342342342342,28.381506506506508,0
3942,4,1,1,46,0.02127659574468085,0.02127659574468085,0.9787234042553191,47,1450,800,650,0.5517241379310345,21,8,13,335.1353090044793,0.4608387295713845,0.23846206471916287,0.19373063401560037,130822.85534972293,-631.3283895044704,130191.52696021846,1448,0,318.1276595744681,37,10,18,35.6721150410861,0.6266891891891893,44.243421052631575,1023.0263157894731,27.649359886201974,0
3943,4,0,0,46,0.0,0.0,1.0,46,850,600,250,0.7058823529411765,11,6,5,343.42914777560765,0.45925925925925926,0.2457457553288751,0.19830686263482794,130780.41459956572,-217.2387336661054,130563.17586589961,1449,1,325.45652173913044,36,10,18,35.50290836360967,0.6281828703703703,44.284909909909906,1022.8603603603599,28.412787787787774,0
3944,4,0,0,46,0.0,0.0,1.0,46,1300,1000,300,0.7692307692307693,16,10,6,341.9461613124944,0.45882648953301125,0.2463333271212662,0.19795543283921804,130878.94833025528,-249.28920437059426,130629.65912588469,1450,2,326.45652173913044,37,9,18,35.44122374624946,0.6272522522522522,44.18859649122806,1023.2456140350863,27.655286865813142,0
3945,4,0,0,46,0.0,0.0,1.0,46,1300,1000,300,0.7692307692307693,16,10,6,344.79323886898703,0.4585950080515298,0.24627512167858256,0.20004007985344896,130963.11034404817,-168.96100242382028,130794.14934162435,1451,3,327.45652173913044,37,9,18,35.28331994286735,0.6280968468468469,44.10635964912281,1023.5745614035087,27.664177335229965,0
3946,4,2,2,46,0.041666666666666664,0.041666666666666664,0.9583333333333334,48,1250,600,650,0.48,19,6,13,330.8322863011604,0.4602818410165485,0.2445020672939835,0.19434318727942546,131440.5393967375,-902.0292301477301,130538.51016658977,1452,0,314.7708333333333,37,11,20,35.15914599372684,0.6328828828828829,43.640350877192986,1025.4385964912285,27.714556661925094,0
3947,4,0,0,46,0.0,0.0,1.0,46,1650,1300,350,0.7878787878787878,20,13,7,340.99809915589384,0.45732689210950084,0.2354006706134577,0.19987405824504398,131356.22409058554,-241.55545456294163,131114.6686360226,1453,1,329.0652173913044,37,9,22,34.983576674867216,0.6320382882882882,43.72258771929825,1025.1096491228068,27.705666192508293,0
3948,4,0,0,46,0.0,0.0,1.0,46,1350,800,550,0.5925925925925926,19,8,11,342.71979077406723,0.4572161835748792,0.23552274333320922,0.2013263494547159,131440.5393967375,-190.54516774391323,131249.99422899357,1454,2,330.0652173913044,37,9,22,34.854398346164814,0.6328828828828829,43.640350877192986,1025.4385964912285,27.714556661925094,0
3949,4,1,0,47,0.02127659574468085,0.0,1.0,47,1600,1200,400,0.75,20,12,8,335.15257081436124,0.4574468085106383,0.24217638921559947,0.19893252231539987,131835.77609592027,-562.9801432291474,131272.7959526911,1455,0,324.02127659574467,39,8,15,34.65034063630524,0.6332799145299146,43.25520833333334,1026.9791666666679,26.332799145299177,0
3950,4,0,3,44,0.0,0.06382978723404255,0.9361702127659575,47,1350,900,450,0.6666666666666666,18,9,9,338.90961346355044,0.4571577243293247,0.24002450594420188,0.2017299648515991,131942.77479383672,-456.66503906250557,131486.10975477422,1456,1,325.02127659574467,39,8,17,34.44618354794011,0.6343482905982907,43.151041666666664,1027.3958333333328,26.343482905982892,0
3951,4,0,0,44,0.0,0.0,1.0,44,1350,1100,250,0.8148148148148148,16,11,5,362.08394301816486,0.45384073291050037,0.24610275551652228,0.21320120471573803,131530.20154867723,724.9948005438118,132255.19634922105,1457,2,347.6818181818182,36,8,21,34.267391224796,0.6357060185185186,43.55292792792794,1025.7882882882898,28.494119119119162,0
3952,4,0,0,44,0.0,0.0,1.0,44,1750,1200,550,0.6857142857142857,23,12,11,360.251583056771,0.45348837209302323,0.23818371357600987,0.2127655655473985,131645.74361100997,685.1175077104468,132330.8611187204,1458,3,348.6818181818182,36,8,17,34.19771205969493,0.6368634259259259,43.44031531531533,1026.2387387387412,28.5066316316317,0
3953,4,1,1,44,0.022222222222222223,0.022222222222222223,0.9777777777777777,45,900,500,400,0.5555555555555556,13,5,8,351.5476479106351,0.4540614478114478,0.24163027656477398,0.20949103330882857,131985.99810979643,279.8734385273124,132265.87154832375,1459,0,341.9111111111111,38,7,18,34.078030775629024,0.6365131578947368,43.10897435897437,1027.5641025641046,27.041160593792227,0
3954,4,0,1,43,0.0,0.022727272727272728,0.9772727272727273,44,800,500,300,0.625,11,5,6,352.09719237058687,0.4543362403100775,0.2373608039421098,0.2099144330087241,132003.33275623285,495.600569405992,132498.93332563885,1460,1,347.34090909090907,37,7,18,34.04645041968987,0.6385135135135135,43.092105263157904,1027.6315789473697,27.773826458037018,0
3955,4,0,1,42,0.0,0.023255813953488372,0.9767441860465116,43,1300,1000,300,0.7692307692307693,16,10,6,364.0916391183184,0.4550341454411222,0.2361626250035047,0.21667371322090181,131934.8206948505,1007.2730247139315,132942.09371956444,1461,2,356.13953488372096,36,7,18,33.8074098432533,0.6397569444444444,43.1587837837838,1027.3648648648668,28.53791291291297,0
3956,4,0,0,42,0.0,0.0,1.0,42,1350,800,550,0.5925925925925926,19,8,11,366.3859238527682,0.45246564072783585,0.2314963840425761,0.21796524531616424,131921.96609224967,1266.870284636492,133188.83637688617,1462,3,364.9047619047619,35,7,19,33.76145410845726,0.6416666666666666,43.1712962962963,1027.314814814815,29.35185185185186,0
3957,4,0,0,42,0.0,0.0,1.0,42,1050,800,250,0.7619047619047619,13,8,5,363.88904494294735,0.45188492063492064,0.22597192948583866,0.21698931027860502,132011.15779588904,1207.4828264317564,133218.6406223208,1463,4,365.9047619047619,35,7,20,33.735616811202476,0.6425595238095239,43.08449074074074,1027.662037037037,29.361772486772484,0
3958,4,0,0,42,0.0,0.0,1.0,42,1100,700,400,0.6363636363636364,15,7,8,375.66177578401926,0.4514372822299652,0.22624734386356238,0.2153844369775708,130505.75573979582,1437.4420694846772,131943.19780928048,1464,5,366.9047619047619,34,8,14,34.957425531088596,0.6295955882352942,44.55357142857142,1021.7857142857134,30.052521008403335,8
3959,4,0,1,41,0.0,0.023809523809523808,0.9761904761904762,42,1600,1000,600,0.625,22,10,12,365.4540248356467,0.451413085559427,0.15461003861003864,0.19955429337247518,128588.99493113255,1012.2927639430555,129601.2876950756,1465,6,367.9047619047619,37,5,15,37.16981981981982,0.6041666666666667,46.436403508771924,1014.2543859649114,27.412280701754362,8
3960,4,0,1,40,0.0,0.024390243902439025,0.975609756097561,41,950,600,350,0.631578947368421,13,6,7,368.41651547326325,0.4514989837398374,0.14959674580090243,0.20108843262740664,128572.46393352811,1273.6438296404492,129846.10776316856,1466,7,371.8048780487805,36,5,15,37.11160152490932,0.6059027777777778,46.4527027027027,1014.1891891891892,28.17192192192192,0
3961,4,0,0,40,0.0,0.0,1.0,40,1250,800,450,0.64,17,8,9,373.39088009007327,0.4502403846153846,0.1646575342465757,0.20341443467593542,128496.33487654322,1595.8719135802492,130092.20679012347,1467,8,381.825,35,5,15,37.06335616438358,0.6071428571428572,46.52777777777778,1013.8888888888889,28.96825396825397,0
3962,4,0,0,40,0.0,0.0,1.0,40,1200,900,300,0.75,15,9,6,373.5318705542351,0.44969284188034186,0.16170849971477463,0.20424247320074063,128643.06205257637,1610.456720464684,130253.51877304105,1468,9,382.825,35,5,15,36.909702414907784,0.6086309523809523,46.383101851851855,1014.4675925925931,28.98478835978837,0
3963,4,0,0,40,0.0,0.0,1.0,40,1100,800,300,0.7272727272727273,14,8,6,372.79687132231544,0.4493322649572649,0.16908142319534747,0.20444376264073713,128760.50407503864,1600.3026138117352,130360.80668885038,1469,10,383.825,35,5,15,36.80828771809786,0.6098214285714285,46.267361111111114,1014.930555555556,28.998015873015884,0
3964,4,1,1,40,0.024390243902439025,0.024390243902439025,0.975609756097561,41,1550,1100,450,0.7096774193548387,20,11,9,365.26524460197686,0.45134654471544716,0.17049123631814633,0.20240941455015637,129172.76810171665,1236.4645473175972,130409.23264903424,1470,0,375.4390243902439,36,5,17,36.57868985635687,0.6119791666666667,45.86148648648649,1016.5540540540545,28.237612612612626,0
3965,4,1,0,41,0.024390243902439025,0.0,1.0,41,950,600,350,0.631578947368421,13,6,7,366.1693709157461,0.4527693089430895,0.16427407874033184,0.20381650417849875,129348.51794249412,1272.696259177574,130621.2142016717,1471,0,374.5853658536585,35,6,18,36.376554974020536,0.6157738095238094,45.68865740740741,1017.2453703703713,29.06415343915347,0
3966,4,0,0,41,0.0,0.0,1.0,41,1050,700,350,0.6666666666666666,14,7,7,365.599097405973,0.4520325203252033,0.16261641806775096,0.20426165581881378,129495.7307205934,1268.7044538751848,130764.43517446858,1472,1,375.5853658536585,35,6,17,36.24109241149269,0.6172619047619048,45.54398148148149,1017.8240740740752,29.08068783068786,0
3967,4,1,0,42,0.023809523809523808,0.0,1.0,42,900,500,400,0.5555555555555556,13,5,8,357.96585654148464,0.4531673441734418,0.16741455618391932,0.20192054626272068,129871.11418898105,897.8849261310995,130768.99911511215,1473,0,367.6190476190476,37,5,18,36.05358935742971,0.6171171171171171,45.17543859649122,1019.2982456140338,27.548601232811723,0
3968,4,1,0,43,0.023255813953488372,0.0,1.0,43,1250,800,450,0.64,17,8,9,346.6712274184138,0.45388058324104835,0.16692674162992738,0.19724539818511644,130208.0608175359,427.8776526773219,130635.93847021322,1474,0,360.04651162790697,38,5,20,35.999598729892874,0.6186951754385965,44.845085470085465,1020.6196581196574,26.85841205578046,0
3969,4,0,0,43,0.0,0.0,1.0,43,1000,600,400,0.6,14,6,8,346.90038572443405,0.4530038759689923,0.1658124656908766,0.19779867276589447,130291.32806793296,439.6452212114227,130730.97328914439,1475,1,361.04651162790697,36,7,21,35.90934995220237,0.6232638888888888,44.76351351351352,1020.9459459459472,28.359609609609645,0
3970,4,1,1,43,0.022727272727272728,0.022727272727272728,0.9772727272727273,44,1250,700,550,0.56,18,7,11,348.76374890581076,0.45295983086680763,0.19101449000132953,0.2013910815454904,130781.15297866901,322.3450398129895,131103.498018482,1476,0,353.8181818181818,38,6,16,35.36574751061905,0.6244517543859649,44.284188034188034,1022.8632478632479,26.917453891138102,0
3971,4,1,0,44,0.022727272727272728,0.0,1.0,44,1750,1200,550,0.6857142857142857,23,12,11,351.30437031948065,0.45416005990133895,0.1961223250872668,0.20430225031200877,131054.49631090669,408.0034608079632,131462.49977171465,1477,0,350.34090909090907,38,6,17,35.02430265720646,0.6271929824561404,44.017094017094024,1023.9316239316249,26.945569050832233,0
3972,4,0,0,44,0.0,0.0,1.0,44,1450,1100,350,0.7586206896551724,18,11,7,350.5899759280477,0.4541490486257928,0.19663866741247027,0.2046139549101677,131191.27498584654,398.8691878515816,131590.14417369812,1478,1,351.34090909090907,38,6,18,34.90436089964195,0.6285635964912281,43.88354700854702,1024.4658119658138,26.95962663067931,0
3973,4,0,3,41,0.0,0.06818181818181818,0.9318181818181819,44,1050,600,450,0.5714285714285714,15,6,9,349.9791454864283,0.45389578928823116,0.19836067904569576,0.2045490545009348,131246.00643080237,386.67303583171736,131632.6794666341,1479,2,352.34090909090907,38,6,18,34.864716922114496,0.6291118421052632,43.83012820512822,1024.6794871794893,26.96524966261814,0
3974,4,1,0,42,0.023809523809523808,0.0,1.0,42,1350,800,550,0.5925925925925926,19,8,11,365.6370936802508,0.45130420054200543,0.2116216018172492,0.21351516548799263,131212.7224352733,1195.2476970213654,132407.97013229466,1480,0,368.1190476190476,36,6,19,34.49727962189491,0.6325231481481481,43.86261261261262,1024.5495495495509,28.459709709709745,0
3975,4,0,0,42,0.0,0.0,1.0,42,1350,800,550,0.5925925925925926,19,8,11,364.5316940974285,0.4504210220673635,0.20654277971351132,0.213511420828494,131328.12500000015,1174.6527777777924,132502.77777777793,1481,1,369.1190476190476,36,6,20,34.40887533875338,0.6336805555555556,43.75000000000001,1025.0000000000011,28.472222222222253,0
3976,4,0,0,42,0.0,0.0,1.0,42,1150,800,350,0.6956521739130435,15,8,7,364.70120573140434,0.4498040069686411,0.20918268619418035,0.21412211894782487,131419.65880102065,1185.781604308417,132605.44040532908,1482,2,370.1190476190476,34,8,21,34.31198962808158,0.6387867647058824,43.6607142857143,1025.3571428571447,30.157563025210138,0
3977,4,1,0,43,0.023255813953488372,0.0,1.0,43,750,300,450,0.4,12,3,9,361.24633196219776,0.44963547434477663,0.22500891228217346,0.21423646104068336,131803.0907064473,922.6766117969989,132725.76731824432,1483,0,362.48837209302326,35,8,15,34.01337541328524,0.6404761904761904,43.287037037037045,1026.8518518518529,29.338624338624367,0
3978,4,0,0,43,0.0,0.0,1.0,43,1150,800,350,0.6956521739130435,15,8,7,364.7098863463624,0.4482511997046881,0.22547972919602222,0.2177048484423314,132050.54029959004,1032.0275089278382,133082.56780851787,1484,1,363.48837209302326,36,7,16,33.674811000328695,0.6409143518518519,43.04617117117117,1027.8153153153146,28.550425425425406,0
3979,4,0,0,43,0.0,0.0,1.0,43,1950,1400,550,0.717948717948718,25,14,11,366.35249066925456,0.4478820598006645,0.2248409191229348,0.21939039958469136,132172.40521121875,1084.3379693751804,133256.74318059394,1485,2,364.48837209302326,37,6,16,33.509721333617684,0.6402027027027026,42.92763157894736,1028.2894736842097,27.791607396870532,0
3980,4,0,0,43,0.0,0.0,1.0,43,1000,500,500,0.5,15,5,10,365.92474393084194,0.44772056109265407,0.2200353968261839,0.21978911315999716,132285.18029586007,1081.2841451215581,133366.46444098162,1486,3,365.48837209302326,37,6,17,33.40705606480495,0.6413288288288288,42.81798245614034,1028.728070175437,27.803461356092896,0
3981,4,0,0,43,0.0,0.0,1.0,43,1350,1000,350,0.7407407407407407,17,10,7,366.76857881417016,0.44712070874861576,0.2172550770397581,0.22131527571571025,132459.27047902485,1116.5239520323266,133575.79443105718,1487,4,366.48837209302326,34,9,18,33.209976485100796,0.649203431372549,42.64880952380952,1029.4047619047612,30.276610644257683,0
3982,4,0,3,40,0.0,0.06976744186046512,0.9302325581395349,43,1500,1300,200,0.8666666666666667,17,13,4,361.75540752766915,0.445921004060539,0.06621354259036183,0.21348009057901066,131614.7395420218,922.4687479344136,132537.2082899562,1488,5,367.48837209302326,40,3,15,34.19043610313294,0.6294270833333333,43.470528455284544,1026.1178861788605,25.652947154471512,8
3983,4,0,2,38,0.0,0.05,0.95,40,700,500,200,0.7142857142857143,9,5,4,351.9197020086989,0.446207264957265,-0.03909839504877788,0.19746030130953054,129663.428722423,1139.238708893989,130802.667431317,1489,6,392.85,38,2,15,36.41866848491206,0.6132127192982456,45.3792735042735,1018.4829059829051,26.80218173639224,8
3984,4,1,1,38,0.02564102564102564,0.02564102564102564,0.9743589743589743,39,750,500,250,0.6666666666666666,10,5,5,353.94617340788545,0.4442757534862798,-0.014415488371579688,0.19908400988535516,129759.37307633094,1385.5667128346918,131144.93978916563,1490,0,403.2564102564103,37,2,16,36.26955086813029,0.615990990990991,45.28508771929823,1018.8596491228052,27.53674727358933,0
3985,4,0,1,37,0.0,0.02631578947368421,0.9736842105263158,38,1050,700,350,0.6666666666666666,14,7,7,355.62646455011117,0.44292318634423894,-0.031819005344686846,0.2006009474792374,129871.11418898116,1637.1210372422238,131508.2352262234,1491,1,379.86842105263156,37,1,17,36.11320281124499,0.6171171171171171,45.175438596491226,1019.2982456140346,27.548601232811745,0
3986,4,1,0,38,0.02631578947368421,0.0,1.0,38,1400,1000,400,0.7142857142857143,18,10,8,354.1542578571898,0.44299727358937885,-0.02020267710212509,0.2013508660889962,130178.65022170289,1620.6646516235787,131799.31487332648,1492,0,379.39473684210526,37,1,18,35.83850417248666,0.6202139639639639,44.87390350877193,1020.5043859649128,27.581199620673317,0
3987,4,0,0,38,0.0,0.0,1.0,38,750,600,150,0.8,9,6,3,351.35360266555574,0.44283428165007116,-0.025026852846401937,0.20018984337921222,130262.58680555566,1553.645833333343,131816.232638889,1493,1,380.39473684210526,37,1,18,35.82482993197279,0.6210585585585586,44.79166666666667,1020.8333333333343,27.590090090090115,0
3988,4,0,0,38,0.0,0.0,1.0,38,950,600,350,0.631578947368421,13,6,7,373.3723695347889,0.44264165481270745,0.00046430818081089065,0.2072063339458698,129230.80800165032,2128.3676000943033,131359.17560174462,1494,2,381.39473684210526,35,3,20,36.31343672927339,0.6145833333333333,45.804398148148145,1016.782407407407,29.050925925925917,8
3989,4,1,0,39,0.02564102564102564,0.0,1.0,39,1150,800,350,0.6956521739130435,15,8,7,364.4786690422113,0.44410706252811516,0.009751531654186518,0.20389153268202936,129545.0856261669,1643.2840779969351,131188.36970416384,1495,0,372.5897435897436,36,3,12,36.219349188790545,0.6157407407407407,45.495495495495504,1018.0180180180196,28.27827827827832,0
3990,4,2,0,41,0.04878048780487805,0.0,1.0,41,1100,800,300,0.7272727272727273,14,8,6,344.982213201687,0.44435975609756095,0.027347101360461368,0.19614702979181634,130180.80210387908,782.0122452334087,130962.81434911248,1496,0,355.3658536585366,38,3,15,36.07032558626468,0.618421052631579,44.871794871794876,1020.5128205128209,26.855600539811075,0
3991,4,0,0,41,0.0,0.0,1.0,41,1600,1200,400,0.75,20,12,8,348.05386236193704,0.44382621951219514,0.03212577970744235,0.19888182049319506,130374.5443309479,875.4984237298224,131250.04275467774,1497,1,356.3658536585366,37,4,15,35.79557655142795,0.6221846846846847,44.682017543859644,1021.2719298245607,27.601944049312454,0
3992,4,0,1,40,0.0,0.024390243902439025,0.975609756097561,41,1100,900,200,0.8181818181818182,13,9,4,348.2747689482137,0.4438770325203252,0.035179746517362,0.19958329010205736,130486.54994806081,889.0346068020765,131375.5845548629,1498,2,357.3658536585366,37,4,16,35.676468483937896,0.6233108108108107,44.57236842105262,1021.7105263157885,27.613798008534822,0
3993,4,0,1,39,0.0,0.025,0.975,40,1250,1000,250,0.8,15,10,5,364.8122334449496,0.44324252136752135,0.049549989156365326,0.19537156892156335,127811.68845221584,1328.1586642043467,129139.84711642018,1499,3,365.8,37,3,16,37.98163811176173,0.5962837837837838,47.20394736842104,1011.1842105263139,27.32930298719767,7
3994,4,0,0,39,0.0,0.0,1.0,39,1700,1400,300,0.8235294117647058,20,14,6,394.2012888285325,0.4418016194331984,0.02560899837942099,0.210679273588867,127729.38507550239,2539.2186823889433,130268.60375789134,1500,4,375.94871794871796,32,7,19,37.32330960113248,0.6061197916666667,47.28535353535353,1010.8585858585849,31.589330808080778,8
3995,4,1,1,39,0.025,0.025,0.975,40,1200,800,400,0.6666666666666666,16,8,8,386.59696415461195,0.4430021367521368,0.045959932211596666,0.20860075250693974,128113.51290669444,1905.6590313821455,130019.17193807659,1501,0,367.525,33,7,20,37.12108602671185,0.6076388888888888,46.905637254901954,1012.3774509803914,30.678104575163374,0
3996,4,0,0,39,0.0,0.0,1.0,39,750,400,350,0.5333333333333333,11,4,7,391.13763490982114,0.4421671165092218,0.0628550591125443,0.21070962912883903,128048.66850321383,2216.9306703397433,130265.59917355358,1502,1,377.8205128205128,32,7,20,37.07272954091814,0.609375,46.96969696969696,1012.1212121212111,31.628787878787847,0
3997,4,1,0,40,0.025,0.0,1.0,40,1400,1200,200,0.8571428571428571,16,12,4,381.8473542483218,0.4447115384615385,0.06830134596211357,0.2070231871951712,128304.38220589735,1798.5736468217488,130102.9558527191,1503,0,369.35,32,8,21,37.04563393153871,0.6119791666666667,46.717171717171716,1013.131313131313,31.660353535353533,0
3998,4,0,1,39,0.0,0.025,0.975,40,1150,1000,150,0.8695652173913043,13,10,3,382.8960037301571,0.4436965811965812,0.07866795366795376,0.2084252212847073,128464.33280086225,1837.6959302622272,130302.02873112448,1504,1,370.35,32,8,16,36.85520197616972,0.6136067708333333,46.55934343434344,1013.762626262627,31.680082070707094,0
3999,4,0,0,39,0.0,0.0,1.0,39,1300,1100,200,0.8461538461538461,15,11,4,396.1598004165416,0.4408738191632928,0.08039787230538709,0.21552089771088573,128441.33377075192,2376.658630371093,130817.99240112302,1505,4,380.8205128205128,31,8,18,36.542630057803485,0.6159274193548387,46.58203125,1013.6718749999998,32.69909274193547,0
4000,4,1,0,40,0.025,0.0,1.0,40,950,700,250,0.7368421052631579,12,7,5,381.29653923096913,0.44198717948717947,0.08149794801641574,0.20956975201341227,128848.62075617278,1825.9066358024563,130674.52739197524,1506,0,372.275,32,8,19,36.50250797993614,0.6175130208333333,46.18055555555555,1015.2777777777773,31.72743055555554,0
4001,4,1,0,41,0.024390243902439025,0.0,1.0,41,900,700,200,0.7777777777777778,11,7,4,369.52432141897384,0.44392784552845527,0.0837664934026392,0.20491803278688506,129201.38888888854,1348.611111111071,130549.9999999996,1507,0,364.1707317073171,33,8,20,36.441256830601105,0.6186868686868687,45.833333333333314,1016.6666666666639,30.808080808080724,0
4002,4,0,0,41,0.0,0.0,1.0,41,1400,1100,300,0.7857142857142857,17,11,6,368.4524010230283,0.443114837398374,0.08939368121698554,0.2052947539122941,129388.34372597077,1334.6891820453648,130723.03290801613,1508,1,365.1707317073171,33,8,21,36.27790492250864,0.6205808080808081,45.64950980392157,1017.4019607843137,30.830362448009506,0
4003,4,0,1,40,0.0,0.024390243902439025,0.975609756097561,41,1400,1000,400,0.7142857142857143,18,10,8,369.62406680002806,0.4430386178861789,0.08651267969633358,0.20643765129618236,129481.87183114662,1371.9232086216782,130853.7950397683,1509,2,366.1707317073171,33,8,16,36.15279450130443,0.6215277777777778,45.557598039215684,1017.7696078431369,30.841503267973845,0
4004,4,1,0,41,0.024390243902439025,0.0,1.0,41,1350,800,550,0.5925925925925926,19,8,11,347.77289312930833,0.44143800813008127,0.12393173987357242,0.18766376405957264,128116.0277676324,711.0563265968584,128827.08409422926,1510,0,366.3658536585366,36,5,15,38.10113088616981,0.6012731481481481,46.90315315315315,1012.3873873873866,28.12187187187185,7
4005,4,2,1,42,0.046511627906976744,0.023255813953488372,0.9767441860465116,43,1050,700,350,0.6666666666666666,14,7,7,330.00340610489593,0.44469822812846066,0.13057429673463772,0.18082779890472517,128728.04763244446,-103.85799361188936,128624.18963883257,1511,0,350.27906976744185,37,6,15,37.92713398163155,0.6055743243243243,46.29934210526315,1014.8026315789463,27.42709815078233,0
4006,4,1,1,42,0.023255813953488372,0.023255813953488372,0.9767441860465116,43,1450,1000,450,0.6896551724137931,19,10,9,329.54009810893467,0.44479051310446654,0.1359292533131129,0.18146256769827263,128922.84765504743,-102.95042705450811,128819.89722799291,1512,0,351.25581395348837,37,6,16,37.7406787590873,0.607545045045045,46.10745614035086,1015.5701754385942,27.447842579421465,0
4007,4,1,0,43,0.023255813953488372,0.0,1.0,43,900,600,300,0.6666666666666666,12,6,6,333.19250850097853,0.4443060169804356,0.07840348788001061,0.17692896575007006,127469.34125940531,-59.41794233355142,127409.92331707176,1513,0,352.1162790697674,38,5,15,39.1310481026943,0.5910087719298245,47.54273504273504,1009.8290598290594,26.57444894286998,7
4008,4,2,0,45,0.044444444444444446,0.0,1.0,45,1050,500,550,0.47619047619047616,16,5,11,321.34452122231437,0.4484006734006734,0.08809436130918491,0.17285939480338142,127990.23321311739,-774.2079573996746,127216.02525571772,1514,0,337.4222222222222,40,5,18,38.898304375481246,0.59296875,47.027439024390254,1011.8902439024406,25.297256097561014,0
4009,4,1,0,46,0.021739130434782608,0.0,1.0,46,1200,800,400,0.6666666666666666,16,8,8,314.5166693661721,0.4499597423510467,0.08247350747895776,0.17060561444944194,128324.66310562528,-1127.8579218718749,127196.8051837534,1515,0,331.0652173913044,40,6,19,38.73035773988631,0.5963541666666667,46.69715447154473,1013.2113821138238,25.330284552845594,0
4010,4,0,1,45,0.0,0.021739130434782608,0.9782608695652174,46,1250,900,350,0.72,16,9,7,316.79610052700673,0.44983896940418683,0.0791347935055029,0.17239722328188187,128453.40617563963,-1061.292364829121,127392.11381081051,1516,1,332.0652173913044,40,6,13,38.54156223893067,0.59765625,46.57012195121952,1013.7195121951229,25.34298780487807,0
4011,4,0,2,43,0.0,0.044444444444444446,0.9555555555555556,45,1500,1000,500,0.6666666666666666,20,10,10,325.16278187584743,0.4481481481481482,0.0685042515550991,0.1773366768381725,128540.34423828151,-640.6928168402483,127899.65142144126,1517,3,340.4222222222222,39,6,15,38.2409904126006,0.6001602564102564,46.484375000000014,1014.062500000002,26.001602564102615,0
4012,4,0,0,43,0.0,0.0,1.0,43,1550,1000,550,0.6451612903225806,21,10,11,336.5970852751963,0.4474667774086379,0.07076588007172613,0.18341268400352048,128505.5993791359,50.92203851184752,128556.52141764776,1518,4,353.13953488372096,37,6,16,37.98653166792831,0.603322072072072,46.51864035087719,1013.9254385964914,27.403390232337607,0
4013,4,0,1,42,0.0,0.023255813953488372,0.9767441860465116,43,1300,800,500,0.6153846153846154,18,8,10,336.3795192084292,0.4465439276485788,0.07560904493308795,0.18393518390758778,128644.60699445975,54.68220991073434,128699.28920437049,1519,5,354.13953488372096,37,6,16,37.8503746937599,0.6047297297297297,46.38157894736842,1014.4736842105257,27.41820768136556,0
4014,4,2,1,43,0.045454545454545456,0.022727272727272728,0.9772727272727273,44,1300,1100,200,0.8461538461538461,15,11,4,328.49139373631994,0.4480047568710359,0.08201227674302958,0.1811656712091025,128984.24373584616,-325.9572010373478,128658.28653480881,1520,0,346.9318181818182,38,6,19,37.70487133641844,0.606359649122807,46.04700854700854,1015.8119658119647,26.731893837156964,0
4015,4,0,0,43,0.0,0.0,1.0,43,950,600,350,0.631578947368421,13,6,7,336.8388153137814,0.44587486157253603,0.08063689788537842,0.1852213438126849,128867.17547706972,81.4933441058592,128948.66882117557,1521,1,355.8139534883721,37,6,19,37.61204103671705,0.6069819819819819,46.162280701754376,1015.3508771929812,27.441915599810304,0
4016,4,0,1,42,0.0,0.023255813953488372,0.9767441860465116,43,1450,1100,350,0.7586206896551724,18,11,7,333.4387240944726,0.44603636028054633,0.044183339199176386,0.1767056928754162,127388.43831041345,-81.47594034143583,127306.96237007201,1522,2,356.8139534883721,38,5,15,39.20763220093836,0.5901864035087719,47.62286324786324,1009.5085470085469,26.56601439496176,8
4017,4,0,0,42,0.0,0.0,1.0,42,1500,1000,500,0.6666666666666666,20,10,10,350.01244855892145,0.444008904374758,0.025420880413614455,0.17879214896164627,125886.98459201395,416.8767392500413,126303.861331264,1523,3,365.92857142857144,39,3,18,40.333281433810804,0.5731837606837606,49.114583333333336,1003.5416666666672,25.73183760683762,8
4018,4,1,1,42,0.023255813953488372,0.023255813953488372,0.9767441860465116,43,1050,700,350,0.6666666666666666,14,7,7,344.2123184567069,0.4470514950166113,0.04083489509417526,0.1773089303068885,126231.6515541675,90.29320131582793,126321.94475548333,1524,0,358.3953488372093,38,5,19,40.1237685165497,0.5783991228070176,48.771367521367516,1004.9145299145293,26.445119208277088,0
4019,4,4,3,43,0.08695652173913043,0.06521739130434782,0.9347826086956522,46,1800,1400,400,0.7777777777777778,22,14,8,324.08109971744204,0.4550925925925926,0.07524393214775715,0.17144446320465628,127317.18794288559,-944.8590895033649,126372.32885338222,1525,0,330.2826086956522,41,5,15,39.51667403912315,0.5846036585365854,47.69345238095239,1009.2261904761913,24.615272938443688,0
4020,4,3,3,43,0.06521739130434782,0.06521739130434782,0.9347826086956522,46,1450,1000,450,0.6896551724137931,19,10,9,318.6485117045531,0.45658212560386474,0.08166547236155797,0.17070923347786005,127825.87059070967,-1053.6953157863104,126772.17527492336,1526,0,327.2826086956522,42,4,17,39.13416698607385,0.5882936507936508,47.189922480620154,1011.2403100775193,24.077150239940938,0
4021,4,0,0,43,0.0,0.0,1.0,43,1200,800,400,0.6666666666666666,16,8,8,333.37891776723,0.4515503875968992,0.06860921387908125,0.17728480811602476,127527.89680621664,-96.97755552249225,127430.91925069415,1527,1,350.9767441860465,40,3,17,39.066430224368666,0.58828125,47.48475609756098,1010.060975609757,25.251524390243922,0
4022,4,2,1,44,0.044444444444444446,0.022222222222222223,0.9777777777777777,45,1500,1200,300,0.8,18,12,6,325.58134074739274,0.45450336700336696,0.08370044052863457,0.17506284037509146,127972.89544648767,-666.8826242413226,127306.01282224635,1528,0,336.3333333333333,42,3,19,38.8088169571602,0.589781746031746,47.04457364341086,1011.8217054263572,24.09099298634184,0
4023,4,0,2,42,0.0,0.045454545454545456,0.9545454545454546,44,1550,1300,250,0.8387096774193549,18,13,5,331.9031141868511,0.4535103946441155,0.08679144385026727,0.1785554728220403,127993.90589569177,-303.6848072562169,127690.22108843556,1529,1,342.97727272727275,41,3,19,38.627450980392176,0.5914634146341464,47.02380952380953,1011.9047619047632,24.680603948896664,0
4024,4,2,2,42,0.045454545454545456,0.045454545454545456,0.9545454545454546,44,1300,1100,200,0.8461538461538461,15,11,4,328.20763326040026,0.45646141649048627,0.09122534644356262,0.1783148687919908,128388.03624260363,-372.1475658803899,128015.88867672325,1530,0,333.75,38,6,18,38.31897006114273,0.600328947368421,46.63461538461539,1013.4615384615391,26.670040485829976,0
4025,4,1,0,43,0.023255813953488372,0.0,1.0,43,1000,700,300,0.7,13,7,6,325.2202588213914,0.4556570690291621,0.09947599087699888,0.17753398027553025,128577.58881446795,-236.79265742565082,128340.79615704229,1531,0,341.7906976744186,38,5,19,38.201613469574085,0.6022478070175439,46.44764957264958,1014.2094017094028,26.689721097615863,0
4026,4,1,0,44,0.022727272727272728,0.0,1.0,44,1050,400,650,0.38095238095238093,17,4,13,317.1692889658149,0.4549528717406624,0.09661251296232298,0.17474034586132073,128943.21852898429,-620.6342124396581,128322.58431654463,1532,0,335.0,40,4,20,38.03407044226539,0.6026041666666666,46.08739837398375,1015.6504065040668,25.39126016260167,0
4027,4,0,1,43,0.0,0.022727272727272728,0.9772727272727273,44,900,600,300,0.6666666666666666,12,6,6,318.7624493022355,0.4542371388301621,0.09925765303803091,0.17619158267402205,129072.27143441423,-571.3213241126145,128500.95011030161,1533,1,336.0,40,4,20,37.86253625362535,0.60390625,45.960365853658544,1016.1585365853674,25.403963414634184,0
4028,4,0,1,42,0.0,0.023255813953488372,0.9767441860465116,43,1500,1000,500,0.6666666666666666,20,10,10,322.60115133283455,0.45191952750092285,0.09548378482769104,0.17817959400342429,129042.58355034745,-274.14279513886845,128768.44075520859,1534,2,344.69767441860466,39,4,21,37.79517804661334,0.6052350427350428,45.98958333333334,1016.0416666666686,26.052350427350476,0
4029,4,0,1,41,0.0,0.023809523809523808,0.9761904761904762,42,850,500,350,0.5882352941176471,12,5,7,323.3160654067534,0.4505783004258614,0.10695009438728076,0.17021136776704765,127120.40323685185,-154.0856708693281,126966.31756598252,1535,3,353.6904761904762,36,6,19,39.73734412804765,0.5911458333333333,47.88851351351352,1008.4459459459471,28.01238738738742,8
4030,4,4,4,41,0.08888888888888889,0.08888888888888889,0.9111111111111111,45,1250,800,450,0.64,17,8,9,305.2737553669921,0.45393518518518516,0.12741564548793494,0.1638758119606889,127907.33642578138,-1190.6494140624848,126716.6870117189,1536,0,330.8,39,6,17,39.38928792091443,0.59375,47.10937500000001,1011.562500000001,25.937500000000025,0
4031,4,0,0,41,0.0,0.0,1.0,41,850,500,350,0.5882352941176471,12,5,7,334.36968489489686,0.4504827235772358,0.1332542882869785,0.17717936765815884,127383.9444551614,318.6658736282911,127702.61032878968,1537,1,362.0243902439024,35,6,17,39.188737292669884,0.5958333333333333,47.62731481481483,1009.4907407407426,28.842592592592645,0
4032,4,0,0,41,0.0,0.0,1.0,41,750,400,350,0.5333333333333333,11,4,7,333.97495000070654,0.44972052845528454,0.13205279428453265,0.17748266831340853,127500.81045310371,316.4153592249853,127817.22581232869,1538,2,363.0243902439024,35,6,18,39.079093131637265,0.5970238095238095,47.51157407407408,1009.9537037037048,28.85582010582014,0
4033,4,1,0,42,0.023809523809523808,0.0,1.0,42,1900,1700,200,0.8947368421052632,21,17,4,328.1599023692989,0.45098964382500967,0.1320139098720865,0.17620205636481867,127916.59216226384,-4.58072092360112,127912.01144134023,1539,0,355.35714285714283,36,6,19,38.801068685294446,0.5992476851851851,47.10022522522524,1011.599099099101,28.099974974975026,0
4034,4,1,2,41,0.023255813953488372,0.046511627906976744,0.9534883720930233,43,950,500,450,0.5263157894736842,14,5,9,321.0795204873396,0.45205795496493173,0.1395986638071922,0.1737641857628144,128232.43694540895,-365.0323157123932,127867.40462969655,1540,0,348.06976744186045,35,8,20,38.658081933493285,0.6044642857142857,46.78819444444444,1012.8472222222223,28.938492063492067,0
4035,4,0,0,41,0.0,0.0,1.0,41,1100,800,300,0.7272727272727273,14,8,6,329.70009235301666,0.45157520325203254,0.14622306417238873,0.17791788582785822,128117.48940755369,248.069617941432,128365.55902549512,1541,1,364.8536585365854,38,3,21,38.557056423244696,0.5975877192982456,46.90170940170941,1012.3931623931638,26.64192532613589,0
4036,4,1,0,42,0.023809523809523808,0.0,1.0,42,800,500,300,0.625,11,5,6,319.58055662511185,0.45186072396438254,0.15507922404857055,0.17418301040269432,128515.36502718947,-185.7890612405867,128329.57596594888,1542,0,357.14285714285717,36,6,18,38.40792980897379,0.6053240740740741,46.50900900900901,1013.9639639639649,28.165665665665692,0
4037,4,0,1,41,0.0,0.023809523809523808,0.9761904761904762,42,1350,1000,350,0.7407407407407407,17,10,7,320.4354015592634,0.45176393728222997,0.05720470006184253,0.17690452546460503,129024.94454089533,-131.16801697528155,128893.77652392005,1543,1,358.14285714285717,41,1,17,37.86810776942355,0.6018800813008129,46.00694444444446,1015.9722222222244,24.779810298103037,8
4038,4,0,2,39,0.0,0.04878048780487805,0.9512195121951219,41,1100,700,400,0.6363636363636364,15,7,8,322.3450671596616,0.44921239837398375,-0.009789962210130287,0.17765417701373365,128957.11343277465,232.73382711485382,129189.8472598895,1544,2,367.780487804878,38,3,17,37.88852950457558,0.6060855263157895,46.073717948717956,1015.7051282051295,26.72908232118762,8
4039,4,2,1,40,0.04878048780487805,0.024390243902439025,0.975609756097561,41,1200,800,400,0.6666666666666666,16,8,8,323.81407405930526,0.4479674796747968,0.037177650236508875,0.1810114666309252,129516.4267941929,188.31064167278757,129704.73743586568,1545,0,368.4878048780488,36,5,14,37.28334624036583,0.6154513888888888,45.52364864864865,1017.9054054054059,28.275150150150164,0
4040,4,0,1,39,0.0,0.025,0.975,40,1400,1100,300,0.7857142857142857,17,11,6,328.9035197023352,0.44592681623931624,0.04365332120109233,0.1834847554075464,129436.8355624143,514.4461591220925,129951.28172153639,1546,1,378.7,35,5,14,37.234607218683664,0.6166666666666667,45.601851851851855,1017.5925925925928,29.07407407407408,0
4041,4,0,1,38,0.0,0.02564102564102564,0.9743589743589743,39,1200,800,400,0.6666666666666666,16,8,8,337.6879375112859,0.44360098965362127,0.04162691197561341,0.18812784315328876,129383.0002834467,938.2157029478474,130321.21598639454,1547,2,389.0,34,5,20,37.06583001794212,0.6182598039215687,45.654761904761905,1017.3809523809523,29.92296918767507,0
4042,4,2,2,38,0.05,0.05,0.95,40,950,800,150,0.8421052631578947,11,8,3,326.59815595715196,0.4456597222222222,0.05636286201022145,0.1839857174154016,129819.89354263131,479.7875675154437,130299.68111014676,1548,0,379.825,35,5,19,36.90481260647357,0.6205357142857143,45.22569444444445,1019.0972222222233,29.117063492063522,0
4043,4,0,0,38,0.0,0.0,1.0,38,1000,500,500,0.5,15,5,10,335.9327233819548,0.4450568990042674,0.08097638957206121,0.18918316527299564,129807.2562358277,1121.3010204081686,130928.55725623587,1549,1,398.4736842105263,34,4,19,36.67980919003116,0.6225490196078431,45.23809523809524,1019.0476190476194,29.971988795518218,0
4044,4,1,1,38,0.02564102564102564,0.02564102564102564,0.9743589743589743,39,900,600,300,0.6666666666666666,12,6,6,326.20183815158236,0.44421952316689156,0.08731730151392258,0.18571814142406745,130233.05047850228,696.4520908350542,130929.50256933733,1550,0,389.2307692307692,35,4,20,36.496602978417805,0.624702380952381,44.820601851851855,1020.717592592593,29.1633597883598,0
4045,4,1,0,39,0.02564102564102564,0.0,1.0,39,1600,1400,200,0.875,18,14,4,323.4609007315172,0.44225146198830406,0.11198671344077837,0.18608225962235198,130636.47050766986,651.1580837594386,131287.6285914293,1551,0,389.53846153846155,36,3,17,36.1588455606962,0.6267361111111112,44.42567567567568,1022.2972972972975,28.39714714714715,0
4046,4,1,1,39,0.025,0.025,0.975,40,1000,800,200,0.8,12,8,4,313.24662643476137,0.4436832264957265,0.11126526676665982,0.1816052180833579,130935.05333371805,202.99274776854466,131138.0460814866,1552,0,380.775,37,3,18,36.11884865366761,0.6278153153153153,44.13377192982456,1023.4649122807016,27.661213845424367,0
4047,4,0,0,39,0.0,0.0,1.0,39,900,700,200,0.7777777777777778,11,7,4,315.70603884765205,0.4411268556005398,0.11491218421149085,0.18339192326926562,131010.8900074062,472.18582602874227,131483.07583343494,1553,1,391.12820512820514,36,3,18,35.97949437172293,0.6304976851851851,44.05968468468469,1023.7612612612625,28.437812812812847,0
4048,4,0,0,39,0.0,0.0,1.0,39,650,400,250,0.6153846153846154,9,4,5,315.9431181566292,0.4407051282051282,0.11529720920528064,0.18394281155674672,131097.37059694823,483.86240970700015,131581.23300665524,1554,2,392.12820512820514,36,3,19,35.88629865845614,0.6313657407407407,43.97522522522522,1024.0990990990986,28.447197197197184,0
4049,4,0,3,36,0.0,0.07692307692307693,0.9230769230769231,39,1050,800,250,0.7619047619047619,13,8,5,316.82960995048904,0.4403115159694107,0.1183601014370248,0.18529238114071026,131270.41737683638,518.0710271081987,131788.4884039446,1555,3,393.12820512820514,36,3,20,35.689331501831504,0.6331018518518519,43.80630630630631,1024.7747747747753,28.46596596596598,0
4050,4,0,0,36,0.0,0.0,1.0,36,700,500,200,0.7142857142857143,9,5,4,342.4989941140113,0.4352182539682539,0.12236931432450748,0.19784353659997594,130794.81336805563,1759.4184027777817,132554.23177083343,1556,4,402.0833333333333,33,3,20,35.51213509843855,0.6347853535353536,44.270833333333336,1022.9166666666673,30.99747474747477,0
4051,4,0,0,36,0.0,0.0,1.0,36,1000,600,400,0.6,14,6,8,365.8665492713024,0.43452380952380953,0.10658007644902123,0.20382630574136554,129383.00028344657,2320.5507723922756,131703.55105583885,1557,5,403.0833333333333,34,2,20,36.34912044621265,0.6182598039215687,45.6547619047619,1017.3809523809513,29.922969187675037,8
4052,4,1,1,36,0.02702702702702703,0.02702702702702703,0.972972972972973,37,750,500,250,0.6666666666666666,10,5,5,357.64591575469166,0.4359359359359359,0.10700321034184257,0.2016280367564543,129849.3829839678,1888.0202974965712,131737.40328146436,1558,0,393.1621621621622,35,2,17,36.0838254220607,0.6208333333333333,45.19675925925926,1019.2129629629633,29.12037037037038,0
4053,4,0,0,36,0.0,0.0,1.0,36,1200,900,300,0.75,15,9,6,362.45316394791286,0.43549933862433865,0.11504321420228969,0.20443504543623364,129867.92091836725,2214.2077664398985,132082.12868480716,1559,1,403.3333333333333,34,2,18,35.942488125827296,0.6231617647058824,45.17857142857142,1019.2857142857134,29.97899159663863,0
4054,4,0,2,34,0.0,0.05555555555555555,0.9444444444444444,36,1200,800,400,0.6666666666666666,16,8,8,363.3728409753512,0.4351851851851852,0.1202730751767529,0.2054315764325994,129958.94451530611,2244.710175736963,132203.65469104308,1560,2,404.3333333333333,34,2,18,35.82652266978014,0.6240808823529411,45.089285714285715,1019.6428571428571,29.989495798319325,0
4055,4,0,0,34,0.0,0.0,1.0,34,750,400,350,0.5333333333333333,11,4,7,371.06083686472425,0.434194890077243,0.13927689247382347,0.20933432117462752,129876.1944731406,2838.3938820018525,132714.58835514245,1561,3,426.4117647058824,32,2,18,35.71472810603245,0.6279296875,45.170454545454554,1019.3181818181827,31.85369318181821,0
4056,4,0,0,34,0.0,0.0,1.0,34,1000,700,300,0.7,13,7,6,377.23056668352126,0.4330808080808081,0.14893733208099458,0.21386987706920493,130069.3188992196,3013.2245752984595,133082.54347451805,1562,4,427.4117647058824,32,2,19,35.36096670379998,0.6298828125,44.981060606060616,1020.0757575757586,31.877367424242458,0
4057,4,0,2,32,0.0,0.058823529411764705,0.9411764705882353,34,1000,600,400,0.6,14,6,8,377.19852977894675,0.43224524658348185,0.14799056610640804,0.21420529298268953,130133.72559241418,3017.249993623117,133150.9755860373,1563,5,428.4117647058824,32,2,20,35.29627108856165,0.6305338541666667,44.9179292929293,1020.3282828282839,31.885258838383873,0
4058,4,0,0,32,0.0,0.0,1.0,32,1100,900,200,0.8181818181818182,13,9,4,386.20008952037733,0.42960349462365593,0.14648237997957092,0.21854906800025983,129996.88042534728,3640.961371527783,133637.84179687506,1564,6,446.8125,31,1,20,35.20599250936329,0.6317204301075269,45.052083333333336,1019.7916666666671,32.8965053763441,0
4059,4,0,0,32,0.0,0.0,1.0,32,1200,900,300,0.75,15,9,6,386.1510253202766,0.42735635080645157,0.15292527745885964,0.21982845951239288,130229.3586730958,3657.6400756836074,133886.9987487794,1565,7,447.8125,31,1,21,34.97057979334099,0.6340725806451613,44.82421875000001,1020.7031250000008,32.92590725806454,0
4060,4,1,0,33,0.030303030303030304,0.0,1.0,33,900,500,400,0.5555555555555556,13,5,8,376.14400641547763,0.42830650252525254,0.14924289217062547,0.21610260695055308,130585.01882779822,3223.754431945726,133808.77325974396,1566,0,435.2121212121212,32,1,17,34.8646283714227,0.6350911458333333,44.476010101010104,1022.0959595959599,31.940498737373748,0
4061,4,0,0,33,0.0,0.0,1.0,33,1000,800,200,0.8,12,8,4,376.44477714016153,0.42803030303030304,0.14481233228917523,0.21663634403012735,130649.55305899923,3236.468376951349,133886.02143595056,1567,1,436.2121212121212,32,1,17,34.79143509941954,0.6357421875,44.412878787878796,1022.3484848484861,31.94839015151519,0
4062,4,0,1,32,0.0,0.030303030303030304,0.9696969696969697,33,950,600,350,0.631578947368421,13,6,7,422.6365650481115,0.42720170454545453,0.16165102042458046,0.22841778199945992,128178.55568562841,4238.104163859772,132416.65984948818,1568,2,437.2121212121212,30,3,21,36.14198964693391,0.6159722222222221,46.84139784946237,1012.6344086021506,33.75448028673836,8
4063,4,2,2,32,0.058823529411764705,0.058823529411764705,0.9411764705882353,34,750,400,350,0.5333333333333333,11,4,7,409.08534593451964,0.43057412358882946,0.15318957771787933,0.22366203018777844,128639.39285278333,3724.898105197496,132364.29095798082,1569,0,424.05882352941177,31,3,16,36.01177106062549,0.6179435483870968,46.38671875000001,1014.453125000001,32.72429435483874,0
4064,4,0,0,32,0.0,0.0,1.0,32,850,600,250,0.7058823529411765,11,6,5,432.24387551939077,0.424773185483871,0.17449629934210553,0.2346466752819548,128355.55555555542,4696.180555555537,133051.73611111095,1570,4,451.5625,29,3,21,35.71648848684211,0.6206896551724138,46.66666666666666,1013.3333333333322,34.942528735632145,0
4065,4,0,0,32,0.0,0.0,1.0,32,900,600,300,0.6666666666666666,12,6,6,432.27622443235146,0.4239961357526882,0.17285958904109622,0.23549376405643005,128496.33487654301,4709.1820987654055,133205.51697530842,1571,5,452.5625,29,3,18,35.57077625570774,0.6221264367816092,46.527777777777764,1013.8888888888873,34.961685823754735,0
4066,4,0,0,32,0.0,0.0,1.0,32,950,800,150,0.8421052631578947,11,8,3,432.05371182960613,0.42374411962365593,0.1690889482333604,0.23578895394467755,128566.75347222229,4709.548611111115,133276.3020833334,1572,6,453.5625,29,3,18,35.5039715146535,0.6228448275862069,46.458333333333336,1014.1666666666672,34.97126436781611,0
4067,4,1,1,32,0.030303030303030304,0.030303030303030304,0.9696969696969697,33,850,400,450,0.47058823529411764,13,4,9,416.24336967501836,0.42941130050505055,0.16046130218420784,0.22943480267207253,128962.36423647247,4135.945810209277,133098.31004668176,1573,0,440.7878787878788,30,3,19,35.4988200785144,0.6239583333333334,46.068548387096776,1015.7258064516132,33.85752688172044,0
4068,4,0,1,31,0.0,0.03125,0.96875,32,650,200,450,0.3076923076923077,11,2,9,426.4393365245716,0.4275873655913978,0.16496973738202692,0.234589765939138,128883.87586805562,4592.230902777783,133476.1067708334,1574,1,454.53125,29,3,19,35.32049309260018,0.6260775862068966,46.145833333333336,1015.4166666666672,35.01436781609197,0
4069,4,0,0,31,0.0,0.0,1.0,31,500,400,100,0.8,6,4,2,435.969902743273,0.42625448028673835,0.1776385489350818,0.23910647461013065,128763.54207953507,5027.405783458861,133790.94786299393,1575,2,465.8709677419355,28,3,19,35.20225792751982,0.6279761904761905,46.26436781609196,1014.9425287356332,36.247947454844045,0
4070,4,1,0,32,0.03125,0.0,1.0,32,750,500,250,0.6666666666666666,10,5,5,423.235066548125,0.42958249327956993,0.17205008198961447,0.23428398010583817,129130.79668209888,4530.536265432115,133661.332947531,1576,0,452.28125,29,3,20,35.148492302086176,0.6285919540229885,45.902777777777786,1016.3888888888898,35.04789272030654,0
4071,4,0,0,32,0.0,0.0,1.0,32,1000,700,300,0.7,13,7,6,422.59370177590347,0.429708501344086,0.16990747063643763,0.2347671535965985,129272.00038580266,4525.906635802492,133797.90702160515,1577,1,453.28125,29,3,21,35.02003095693344,0.6300287356321839,45.7638888888889,1016.944444444446,35.067049808429175,0
4072,4,0,0,32,0.0,0.0,1.0,32,900,700,200,0.7777777777777778,11,7,4,427.80551380059956,0.4291624663978495,0.17186220311220257,0.23851622481759477,129413.28125000013,4672.743055555569,134086.0243055557,1578,2,454.28125,29,3,21,34.74269724269723,0.6314655172413793,45.62500000000001,1017.500000000001,35.08620689655176,0
4073,4,1,0,33,0.030303030303030304,0.0,1.0,33,550,400,150,0.7272727272727273,7,4,3,419.46395882750903,0.4316998106060606,0.16929415478802246,0.23649034942669167,129851.28564357162,4293.586866978857,134144.8725105505,1579,0,441.4848484848485,30,3,19,34.50673655984879,0.6329861111111111,45.19489247311829,1019.2204301075277,33.97401433691759,0
4074,4,0,0,33,0.0,0.0,1.0,33,950,800,150,0.8421052631578947,11,8,3,406.7283292745208,0.43189709595959597,0.1763832022899383,0.21851849639181398,127940.47948100917,3807.403493178376,131747.88297418755,1580,1,442.4848484848485,30,3,18,36.78950223639344,0.6135416666666667,47.076612903225794,1011.6935483870952,33.72311827956984,8
4075,4,0,0,33,0.0,0.0,1.0,33,900,700,200,0.7777777777777778,11,7,4,385.09068301846423,0.4311474116161616,0.15218446195806812,0.19982785872390788,126532.44598765427,3145.4558009275297,129677.9017885818,1581,2,443.4848484848485,29,4,22,38.78612184796614,0.6020114942528736,48.47222222222222,1006.1111111111107,34.693486590038304,8
4076,4,0,0,33,0.0,0.0,1.0,33,1550,1400,150,0.9032258064516129,17,14,3,384.0762521575974,0.43122632575757575,0.14679433502020633,0.20021678531054687,126719.58327913616,3133.996524164621,129853.57980330079,1582,3,444.4848484848485,30,3,22,38.61856449962175,0.6010416666666667,48.28629032258063,1006.8548387096762,33.561827956989205,0
4077,4,0,0,33,0.0,0.0,1.0,33,850,600,250,0.7058823529411765,11,6,5,383.64609739265563,0.43150252525252525,0.14829555566341446,0.20015853493494262,126753.4180252052,3125.6908313099734,129879.10885651517,1583,4,445.4848484848485,30,3,23,38.59450080085425,0.6013888888888889,48.25268817204301,1006.9892473118277,33.56630824372759,0
4078,4,1,0,34,0.029411764705882353,0.0,1.0,34,700,500,200,0.7142857142857143,9,5,4,376.59055184782756,0.4335635769459299,0.15146431707011176,0.1984505267602596,127159.78725864255,2777.8865331252064,129937.67379176775,1584,0,433.3529411764706,30,4,24,38.353711353944554,0.6055555555555556,47.84946236559139,1008.6021505376339,33.62007168458779,0
4079,4,0,0,34,0.0,0.0,1.0,34,850,500,350,0.5882352941176471,12,5,7,375.3115119228082,0.4331179441473559,0.15493956272081344,0.1986056478525979,127329.29972034326,2757.630398022875,130086.93011836613,1585,1,434.3529411764706,30,4,20,38.211646024770275,0.6072916666666667,47.68145161290322,1009.274193548386,33.64247311827953,0
4080,4,1,0,35,0.02857142857142857,0.0,1.0,35,1150,800,350,0.6956521739130435,15,8,7,366.965373801097,0.4359593837535014,0.15818743563336768,0.19686374472975957,127880.99500868042,2385.579427083314,130266.57443576373,1586,0,422.9142857142857,31,4,22,37.85616203226913,0.6102150537634409,47.13541666666666,1011.4583333333322,32.62768817204297,0
4081,4,1,0,36,0.027777777777777776,0.0,1.0,36,1100,700,400,0.6363636363636364,15,7,8,358.3966669863253,0.4375,0.16402201379074088,0.19465465869885334,128375.34798516161,2002.130635579423,130377.47862074104,1587,0,412.1388888888889,31,5,21,37.567053192856235,0.615255376344086,46.647135416666664,1013.4114583333328,32.69069220430106,0
4082,4,0,0,36,0.0,0.0,1.0,36,750,700,50,0.9333333333333333,8,7,1,358.3128630763588,0.43766534391534395,0.1654856204952544,0.1949312116736166,128441.33377075197,2004.436408148872,130445.77017890084,1588,1,413.1388888888889,31,5,22,37.50173945621921,0.6159274193548387,46.58203125,1013.6718750000001,32.69909274193549,0
4083,4,0,0,36,0.0,0.0,1.0,36,1200,1000,200,0.8333333333333334,14,10,4,357.0722319081409,0.43736772486772485,0.1654179866997747,0.19441709074383112,128474.33302137592,1974.9233669704965,130449.25638834642,1589,2,414.1388888888889,31,5,22,37.499464851442774,0.616263440860215,46.54947916666667,1013.8020833333338,32.7032930107527,0
4084,4,0,0,36,0.0,0.0,1.0,36,750,500,250,0.6666666666666666,10,5,5,357.7444503584958,0.4370205026455027,0.1692554557124517,0.19542982246091742,128606.37240939678,2001.643202039936,130608.01561143671,1590,3,415.1388888888889,31,5,22,37.347560975609746,0.6176075268817205,46.419270833333336,1014.3229166666673,32.720094086021525,0
4085,4,0,0,36,0.0,0.0,1.0,36,900,600,300,0.6666666666666666,12,6,6,357.7444503584958,0.4370205026455027,0.1692554557124517,0.19542982246091742,128606.37240939678,2001.643202039936,130608.01561143671,1591,4,416.1388888888889,31,5,22,37.347560975609746,0.6176075268817205,46.419270833333336,1014.3229166666673,32.720094086021525,0
4086,4,2,0,38,0.05263157894736842,0.0,1.0,38,850,400,450,0.47058823529411764,13,4,9,342.65294844538903,0.44230085348506404,0.18727927516659326,0.19076875419484746,129357.17520004338,1264.9234969723325,130622.09869701571,1592,0,395.1842105263158,33,5,24,36.965802312974354,0.6202651515151515,45.680147058823536,1017.2794117647069,30.826648841354753,0
4087,4,1,0,39,0.02564102564102564,0.0,1.0,39,1750,1400,350,0.8,21,14,7,342.84667938538695,0.4427856500224921,0.21224638852469835,0.1939778504369368,129989.2928004534,1113.2794784580367,131102.57227891145,1593,0,386.02564102564105,34,5,19,36.31897423924042,0.6243872549019608,45.0595238095238,1019.7619047619038,29.99299719887952,0
4088,4,0,0,39,0.0,0.0,1.0,39,1300,800,500,0.6153846153846154,18,8,10,342.80120198951846,0.441689158794422,0.21987852676300745,0.19455670867881952,130110.7213718821,1120.422335600906,131231.14370748302,1594,1,387.02564102564105,34,5,19,36.197005056398275,0.6256127450980392,44.94047619047619,1020.2380952380954,30.007002801120453,0
4089,4,0,0,39,0.0,0.0,1.0,39,1350,900,450,0.6666666666666666,18,9,9,346.235912535448,0.4401990553306343,0.2169174572998307,0.19773712767836726,130353.74858276664,1226.6298185941278,131580.37840136077,1595,2,388.02564102564105,34,5,21,35.863060542473,0.6280637254901961,44.70238095238096,1021.1904761904777,30.035014005602285,0
4090,4,0,0,39,0.0,0.0,1.0,39,850,500,350,0.5882352941176471,12,5,7,346.6618851234233,0.4401990553306343,0.21947283485744973,0.19829059829059842,130414.54081632673,1241.9501133787066,131656.49092970544,1596,3,389.02564102564105,34,5,22,35.79059829059828,0.6286764705882353,44.64285714285715,1021.428571428573,30.042016806722735,0
4091,4,0,0,39,0.0,0.0,1.0,39,1200,1000,200,0.8333333333333334,14,10,4,346.3904922816097,0.43938371569950513,0.2231381509191639,0.19891387132024255,130566.5834041953,1245.404620181438,131811.98802437674,1597,4,390.02564102564105,34,5,17,35.64356435643563,0.6302083333333333,44.494047619047635,1022.0238095238119,30.05952380952388,0
4092,4,0,1,38,0.0,0.02564102564102564,0.9743589743589743,39,1350,1100,250,0.8148148148148148,16,11,5,370.4187840067974,0.4390182186234817,0.2230414368124538,0.19929670329670324,127998.08873724694,1695.3343790898386,129693.42311633678,1598,5,391.02564102564105,35,4,17,37.64880952380952,0.6020833333333333,47.01967592592592,1011.9212962962952,28.912037037037006,8
4093,4,2,1,39,0.05,0.025,0.975,40,1700,1300,400,0.7647058823529411,21,13,8,363.77920980719756,0.4374065170940171,0.2459004107916063,0.1986997782130643,128601.01814229778,1356.4753520412378,129957.49349433901,1599,0,381.925,36,4,17,37.20000185041265,0.6061921296296297,46.42454954954955,1014.3018018018024,28.175050050050068,0
4094,4,1,0,40,0.025,0.0,1.0,40,1700,1300,400,0.7647058823529411,21,13,8,366.097511811643,0.43692574786324784,0.26327605321507774,0.2018459386638765,128972.5113627141,1443.303100397697,130415.81446311179,1600,0,382.9,36,4,19,36.76182557280117,0.6099537037037037,46.05855855855856,1015.765765765766,28.21571571571572,0
4095,4,0,0,40,0.0,0.0,1.0,40,1050,700,350,0.6666666666666666,14,7,7,365.6043996766226,0.43693910256410257,0.2583204034134987,0.20201154306688116,129058.3166570288,1436.8576769337087,130495.17433396251,1601,1,383.9,36,4,20,36.68680039898038,0.6108217592592593,45.97409909909911,1016.1036036036048,28.225100100100136,0
4096,4,0,0,40,0.0,0.0,1.0,40,1550,1200,350,0.7741935483870968,19,12,7,365.11727196691237,0.43683226495726496,0.25720498614958465,0.20203454196820284,129115.53603857249,1428.462457389843,130543.99849596234,1602,2,384.9,36,4,20,36.640812557710085,0.611400462962963,45.9177927927928,1016.32882882883,28.231356356356386,0
4097,4,0,1,39,0.0,0.025,0.975,40,1450,1100,350,0.7586206896551724,18,11,7,389.7818136182722,0.43635149572649573,0.27816242514970035,0.20997923507823063,128048.668503214,2083.4393242639576,130132.10782747796,1603,3,385.9,32,8,20,37.10703592814371,0.609375,46.96969696969697,1012.1212121212124,31.628787878787886,8
4098,4,1,0,40,0.025,0.0,1.0,40,950,600,350,0.631578947368421,13,6,7,390.4135010008899,0.43513621794871793,0.28346000498380297,0.2120066819372898,128368.35048719526,2023.3474262830425,130391.6979134783,1604,0,386.125,32,8,20,36.76307209901154,0.6126302083333333,46.65404040404041,1013.383838383839,31.66824494949497,0
4099,4,1,0,41,0.024390243902439025,0.0,1.0,41,1250,1000,250,0.8,15,10,5,380.7160027071811,0.43607723577235774,0.2828325674561092,0.2084873348158372,128703.50346020758,1599.8966743560113,130303.40013456359,1605,0,377.6829268292683,33,8,21,36.66566022544282,0.6136363636363636,46.3235294117647,1014.7058823529409,30.74866310160427,0
4100,4,0,1,40,0.0,0.024390243902439025,0.975609756097561,41,1300,900,400,0.6923076923076923,17,9,8,383.41588677924705,0.4358231707317073,0.2863689105376923,0.21029472677521338,128765.686574875,1674.1619809688511,130439.84855584386,1606,1,378.6829268292683,33,8,21,36.533546647347656,0.6142676767676767,46.26225490196078,1014.9509803921565,30.75609031491383,0
4101,4,0,0,40,0.0,0.0,1.0,40,1400,800,600,0.5714285714285714,20,8,12,384.45029800906514,0.43593750000000003,0.27229410301069934,0.21079205289200992,128752.49496224873,1899.7870115294381,130652.28197377817,1607,2,365.55,32,8,21,36.520797047358386,0.6165364583333333,46.275252525252526,1014.8989898989898,31.715593434343432,0
4102,4,2,0,42,0.047619047619047616,0.0,1.0,42,1000,700,300,0.7,13,7,6,364.4621797554635,0.43795973674022454,0.26459520080770527,0.20291083528840378,129357.17520004313,1029.9407783721617,130387.1159784153,1608,0,349.0952380952381,33,9,23,36.41115026302053,0.6202651515151515,45.68014705882352,1017.279411764705,30.826648841354697,0
4103,4,0,1,41,0.0,0.023809523809523808,0.9761904761904762,42,950,700,250,0.7368421052631579,12,7,5,364.4270513019098,0.43787504839334107,0.2676291427194821,0.20305190469184262,129388.34372597079,1030.522515378699,130418.86624134949,1609,1,350.0952380952381,33,9,23,36.380289889986344,0.6205808080808081,45.64950980392157,1017.4019607843138,30.83036244800951,0
4104,4,0,0,41,0.0,0.0,1.0,41,1200,700,500,0.5833333333333334,17,7,10,365.1905048462641,0.43828760162601627,0.26200278376489505,0.2041233064100316,129513.05537533638,1259.3876153402477,130772.44299067663,1610,2,353.5121951219512,33,8,14,36.23384701821975,0.6218434343434344,45.52696078431372,1017.8921568627449,30.845216874628633,0
4105,4,0,1,40,0.0,0.024390243902439025,0.975609756097561,41,1000,700,300,0.7,13,7,6,367.6880171185013,0.4380081300813008,0.26509858261798747,0.20584582521701553,129575.4337274126,1328.6668589004291,130904.10058631303,1611,3,354.5121951219512,33,8,14,36.1067645642754,0.6224747474747474,45.46568627450981,1018.1372549019613,30.852644087938224,0
4106,4,0,0,40,0.0,0.0,1.0,40,1400,1200,200,0.8571428571428571,16,12,4,381.1454414472104,0.4366987179487179,0.27219602977667456,0.2127446162094539,129458.25043362917,1868.484402101817,131326.73483573098,1612,4,364.3,32,8,15,35.88373655913978,0.6236979166666667,45.580808080808076,1017.6767676767673,31.80239898989898,0
4107,4,1,0,41,0.024390243902439025,0.0,1.0,41,750,400,350,0.5333333333333333,11,4,7,372.63964195119524,0.4378556910569105,0.27920804271151267,0.21045411957854673,129918.78311526813,1482.5777645617022,131401.36087982982,1613,0,356.390243902439,33,8,18,35.631160596225506,0.6259469696969697,45.12867647058823,1019.4852941176467,30.89349376114081,0
4108,4,1,2,40,0.023809523809523808,0.047619047619047616,0.9523809523809523,42,1250,900,350,0.72,16,9,7,362.68221574344,0.4388913085559427,0.2689018464528665,0.20664451827242533,130262.58680555566,1049.23902465399,131311.82583020965,1614,0,348.8809523809524,33,9,19,35.53571428571428,0.6294191919191919,44.79166666666667,1020.8333333333343,30.934343434343464,0
4109,4,0,0,40,0.0,0.0,1.0,40,1400,1000,400,0.7142857142857143,18,10,8,371.974086470096,0.4385817307692308,0.2676753121998079,0.21159837377889054,130200.04325259503,1686.2084294501956,131886.25168204523,1615,1,365.375,33,7,19,35.36213176432916,0.6287878787878788,44.85294117647058,1020.5882352941167,30.92691622103384,0
4110,4,0,0,40,0.0,0.0,1.0,40,1200,700,500,0.5833333333333334,17,7,10,375.5180499542458,0.437900641025641,0.27111118194568373,0.21450750661261117,130362.29663425032,1790.7091204545459,132153.00575470488,1616,2,366.375,31,9,19,35.10680968166943,0.6354166666666667,44.69401041666667,1021.2239583333342,32.94270833333336,0
4111,4,2,1,41,0.047619047619047616,0.023809523809523808,0.9761904761904762,42,1050,600,450,0.5714285714285714,15,6,9,358.9100260980895,0.4402584204413473,0.2710342155052543,0.20884764471278786,131077.01965590153,1008.9713091118751,132085.9909650134,1617,0,349.8809523809524,33,9,18,34.8068254348173,0.6376262626262627,43.995098039215684,1024.019607843137,31.030897207367786,0
4112,4,0,1,40,0.0,0.024390243902439025,0.975609756097561,41,750,400,350,0.5333333333333333,11,4,7,355.9739975703966,0.44085365853658537,0.24922708936770488,0.19236667725407045,128173.8297994899,925.3101155264101,129099.13991501632,1618,1,354.609756097561,35,6,19,37.83444298396009,0.6038690476190476,46.84606481481482,1012.6157407407409,28.93187830687831,8
4113,4,1,0,41,0.024390243902439025,0.0,1.0,41,1250,900,350,0.72,16,9,7,347.9177392512062,0.44247967479674793,0.23376445269642976,0.18971363517660117,128533.39489073561,743.8096337334562,129277.20452446907,1619,0,348.7560975609756,37,4,16,37.671208189158016,0.6036036036036037,46.49122807017544,1014.0350877192983,27.406353722143198,0
4114,4,0,0,41,0.0,0.0,1.0,41,1600,1300,300,0.8125,19,13,6,346.9636177967491,0.4424542682926829,0.23167569618652117,0.1902544577207764,128755.86718990446,734.7202985533874,129490.58748845784,1620,1,349.7560975609756,37,4,16,37.468488908095644,0.6058558558558558,46.2719298245614,1014.9122807017534,27.43006164058793,0
4115,4,1,1,41,0.023809523809523808,0.023809523809523808,0.9761904761904762,42,1300,1000,300,0.7692307692307693,16,10,6,342.94857022051633,0.4451461478900503,0.23387589216893434,0.18991924895680953,129147.08547921675,458.16166264882645,129605.24714186558,1621,0,342.4047619047619,38,4,17,37.17197463387289,0.6080043859649122,45.88675213675213,1016.4529914529903,26.74876293297343,0
4116,4,0,1,40,0.0,0.024390243902439025,0.975609756097561,41,1200,900,300,0.75,15,9,6,350.1201518859481,0.4426067073170732,0.2367774357355219,0.1938837400228638,129145.65659626044,843.299380578642,129988.95597683908,1622,1,351.3414634146341,37,4,17,36.991190219345555,0.6097972972972974,45.88815789473684,1016.447368421053,27.4715504978663,0
4117,4,0,0,40,0.0,0.0,1.0,40,750,500,250,0.6666666666666666,10,5,5,355.8888543861695,0.44226762820512816,0.2406253372180851,0.1966620163146471,129062.08070031164,1186.3512090258491,130248.43190933748,1623,2,361.0,37,3,18,36.92976421711448,0.6089527027027026,45.9703947368421,1016.1184210526316,27.462660028449502,0
4118,4,0,1,39,0.0,0.025,0.975,40,950,700,250,0.7368421052631579,12,7,5,354.85254904008474,0.44236111111111115,0.23658701046499164,0.1963658672867188,129117.79495854476,1163.5557334949058,130281.35069203968,1624,3,362.0,37,3,18,36.899319415974404,0.6095157657657657,45.91557017543859,1016.3377192982441,27.468587008060652,0
4119,4,0,1,38,0.0,0.02564102564102564,0.9743589743589743,39,900,700,200,0.7777777777777778,11,7,4,364.6567829637456,0.4410706252811516,0.24696894770049305,0.20134231921046,129029.71172185714,1610.3119166463964,130640.02363850354,1625,4,371.79487179487177,36,3,18,36.74005209487918,0.6105324074074074,46.00225225225226,1015.9909909909923,28.221971971972007,0
4120,4,0,0,38,0.0,0.0,1.0,38,900,600,300,0.6666666666666666,12,6,6,370.3984220907296,0.43929291133238507,0.2537921727395409,0.20403302911777504,128936.76757812512,1951.5950520833478,130888.36263020846,1626,5,382.13157894736844,35,3,18,36.689102564102555,0.6116071428571428,46.09375000000001,1015.6250000000009,29.017857142857167,0
4121,4,1,0,39,0.02564102564102564,0.0,1.0,39,1000,600,400,0.6,14,6,8,357.8888513552865,0.44121120107962214,0.2506344622385579,0.19935633735189928,129377.95380015443,1460.8567226080368,130838.81052276246,1627,0,373.3076923076923,35,4,20,36.55716723549487,0.6160714285714286,45.65972222222223,1017.361111111112,29.06746031746034,0
4122,4,1,0,40,0.025,0.0,1.0,40,800,600,200,0.75,10,6,4,348.11113625831604,0.4424412393162393,0.2450685537372841,0.1953050320297899,129659.75265806359,1027.2007649541556,130686.95342301775,1628,0,364.95,36,4,17,36.51937748783723,0.6168981481481481,45.38288288288289,1018.4684684684694,28.290790790790815,0
4123,4,1,1,40,0.024390243902439025,0.024390243902439025,0.975609756097561,41,1750,1600,150,0.9142857142857143,19,16,3,341.13169152503184,0.4447154471544716,0.24243377917650144,0.19297595688459812,129982.9033933517,668.2575407817677,130651.16093413347,1629,0,357.0243902439024,37,4,18,36.36917562724013,0.6182432432432432,45.065789473684205,1019.7368421052624,27.56045519203412,0
4124,4,2,1,41,0.047619047619047616,0.023809523809523808,0.9761904761904762,42,1550,1400,150,0.9032258064516129,17,14,3,335.46662163585137,0.4466342431281456,0.247199172188725,0.1934389459215885,130726.51855504417,370.8767075754199,131097.3952626196,1630,0,347.1666666666667,38,4,16,35.76098690625435,0.6239035087719298,44.337606837606835,1022.6495726495724,26.911830859199274,0
4125,4,0,1,40,0.0,0.024390243902439025,0.975609756097561,41,1100,600,500,0.5454545454545454,16,6,10,348.07943988183206,0.44402947154471545,0.25781954828232734,0.2007753207036394,130738.73842191831,901.4933681517404,131640.23179007004,1631,1,356.6341463414634,37,4,16,35.426159715521244,0.6258445945945945,44.32565789473684,1022.6973684210529,27.640469416785216,0
4126,4,0,1,39,0.0,0.025,0.975,40,1250,1100,150,0.88,14,11,3,353.86432882454534,0.4428151709401709,0.2668392070484582,0.20387614884053765,130694.03863322787,1249.5916524632823,131943.63028569115,1632,2,366.25,36,4,16,35.32351321585904,0.6273148148148149,44.36936936936937,1022.5225225225229,28.403403403403413,0
4127,4,0,1,38,0.0,0.02564102564102564,0.9743589743589743,39,1100,900,200,0.8181818181818182,13,9,4,360.0110927266329,0.43918690958164647,0.2108650785321997,0.20144132135009324,129554.63927469145,1619.846014370235,131174.48528906167,1633,3,376.56410256410254,35,4,12,36.32332878581172,0.6178571428571429,45.486111111111114,1018.0555555555563,29.08730158730161,8
4128,4,0,0,38,0.0,0.0,1.0,38,1000,800,200,0.8,12,8,4,366.2409208168409,0.43662577050734946,0.21254208495159066,0.2048218517923354,129534.44054705226,1888.1625566893558,131422.60310374163,1634,4,387.3421052631579,34,4,14,36.18533894671188,0.6197916666666667,45.50595238095239,1017.9761904761913,29.940476190476215,0
4129,4,1,1,38,0.02564102564102564,0.02564102564102564,0.9743589743589743,39,1250,1000,250,0.8,15,10,5,353.6054905831451,0.4375,0.20214242686152817,0.20010391634734034,129996.88042534713,1393.5221354166583,131390.4025607638,1635,0,378.38461538461536,35,4,17,36.0369850187266,0.6223214285714286,45.05208333333333,1019.7916666666658,29.136904761904738,0
4130,4,0,0,38,0.0,0.0,1.0,38,1000,300,700,0.3,17,3,14,361.95237891534293,0.4340178994784258,0.2104994355142198,0.20482738668099448,129996.88042534713,1810.5360243055468,131807.41644965266,1636,1,389.13157894736844,35,3,20,35.824182839632286,0.6223214285714286,45.05208333333333,1019.7916666666658,29.136904761904738,0
4131,4,0,0,38,0.0,0.0,1.0,38,1050,600,450,0.5714285714285714,15,6,9,360.4822002921977,0.4336326458036985,0.20855300474669414,0.2046136893480827,130114.93866008661,1780.8238758144782,131895.7625359011,1637,2,390.13157894736844,35,3,20,35.74175174891285,0.6235119047619048,44.936342592592595,1020.2546296296299,29.150132275132282,0
4132,4,1,1,38,0.02564102564102564,0.02564102564102564,0.9743589743589743,39,1500,1200,300,0.8,18,12,6,348.2698806717268,0.43384502923976603,0.20273488782777416,0.1996445783487017,130498.99798525385,1289.8578157150316,131788.8558009689,1638,0,381.1025641025641,35,4,14,35.66398580274885,0.6273809523809524,44.56018518518519,1021.7592592592599,29.19312169312171,0
4133,4,0,0,38,0.0,0.0,1.0,38,1100,800,300,0.7272727272727273,14,8,6,356.01008078367965,0.4318397344713134,0.20404013763578055,0.2037973651237329,130444.94224773246,1687.9428854875339,132132.88513322,1639,4,392.13157894736844,34,4,21,35.52106397855729,0.6289828431372548,44.61309523809524,1021.5476190476193,30.04551820728292,0
4134,4,1,0,39,0.02564102564102564,0.0,1.0,39,1100,800,300,0.7272727272727273,14,8,6,351.15169632071434,0.4328047683310841,0.2019723865877714,0.20315320651015137,130854.01663237307,1389.9219821673496,132243.9386145404,1640,0,383.05128205128204,35,4,17,35.230957767722465,0.6309523809523809,44.21296296296296,1023.1481481481478,29.232804232804224,0
4135,4,0,0,39,0.0,0.0,1.0,39,1000,600,400,0.6,14,6,8,347.2306243439533,0.43198942869995505,0.19729215931747612,0.20212477396021689,131090.9636488339,1303.7594307270078,132394.7230795609,1641,1,384.05128205128204,35,4,18,35.091734478601566,0.6333333333333333,43.981481481481474,1024.074074074073,29.259259259259228,0
4136,4,0,1,38,0.0,0.02564102564102564,0.9743589743589743,39,1250,900,350,0.72,16,9,7,347.1794768563333,0.4315677013045434,0.20085808064567523,0.20256331902804264,131179.8740381731,1308.592008530532,132488.46604670363,1642,2,385.05128205128204,35,4,18,35.003224682710055,0.6342261904761906,43.89467592592593,1024.421296296297,29.269179894179914,0
4137,4,0,0,38,0.0,0.0,1.0,38,1150,800,350,0.6956521739130435,15,8,7,353.4659044339191,0.4297949265054528,0.20631329198603776,0.20623116151249946,131179.87403817294,1673.522564086073,132853.39660225902,1643,3,396.0,35,3,19,34.84222592550748,0.6342261904761906,43.894675925925924,1024.4212962962958,29.26917989417988,0
4138,4,1,0,39,0.02564102564102564,0.0,1.0,39,900,600,300,0.6666666666666666,12,6,6,377.534358241763,0.4309772829509672,0.2537129942732863,0.20981617164808392,129287.27027280667,1962.1610467488613,131249.43131955553,1644,0,386.8205128205128,36,3,17,36.15002030044659,0.6131365740740741,45.748873873873876,1017.0045045045051,28.25012512512514,7
4139,4,0,0,39,0.0,0.0,1.0,39,1350,900,450,0.6666666666666666,18,9,9,374.8315927748329,0.43078047683310844,0.24559432305365703,0.20922502185955308,129459.1186414455,1905.0735279198152,131364.19216936533,1645,1,387.8205128205128,36,3,16,36.04348788314706,0.6148726851851851,45.57995495495496,1017.6801801801802,28.268893893893893,0
4140,4,0,0,39,0.0,0.0,1.0,39,1100,500,600,0.45454545454545453,17,5,12,373.5516530222975,0.43027440395861444,0.23393324941312588,0.20957823510754695,129659.75265806343,1886.9229871763628,131546.6756452398,1646,2,388.8205128205128,36,3,16,35.87161838419579,0.6168981481481481,45.38288288288288,1018.4684684684681,28.29079079079078,0
4141,4,0,2,37,0.0,0.05128205128205128,0.9487179487179487,39,1050,800,250,0.7619047619047619,13,8,5,372.76093470642076,0.4295715249662618,0.2367147294202998,0.20974757072286665,129774.47041636238,1874.9705786868021,131649.4409950492,1647,3,389.8205128205128,36,3,16,35.77494105511347,0.6180555555555556,45.270270270270274,1018.9189189189194,28.303303303303316,0
4142,4,0,0,37,0.0,0.0,1.0,37,950,600,350,0.631578947368421,13,6,7,394.0699702472556,0.4288038038038038,0.24185237869448395,0.2202155716087605,129504.14540816336,2806.7389455782427,132310.8843537416,1648,4,388.56756756756755,34,3,16,35.50804093567251,0.6194852941176471,45.53571428571429,1017.8571428571436,29.936974789915986,0
4143,4,0,0,37,0.0,0.0,1.0,37,1300,1100,200,0.8461538461538461,15,11,4,382.08575762949476,0.42742742742742745,0.2253926709946601,0.19764105295139875,126402.7228599773,2355.796485260768,128758.51934523806,1649,5,389.56756756756755,34,3,17,38.995600015784696,0.5879289215686274,48.601190476190474,1005.5952380952378,29.57633053221288,8
4144,4,2,0,39,0.05128205128205128,0.0,1.0,39,750,300,450,0.4,12,3,9,363.94737964429316,0.43302968960863697,0.21855171603803059,0.19106703784141155,127006.86486740115,1444.7631330654922,128451.62800046665,1650,0,370.53846153846155,36,3,19,38.829693144155215,0.5899884259259259,48.001126126126124,1007.9954954954951,27.999874874874862,0
4145,4,1,1,39,0.025,0.025,0.975,40,1250,1100,150,0.88,14,11,3,355.65069726635585,0.4355769230769231,0.21927646993194227,0.18828689897214096,127347.63215495898,1058.2833678272805,128405.91552278626,1651,0,362.25,36,4,15,38.68891554167131,0.5934606481481481,47.663288288288285,1009.3468468468466,28.037412412412404,0
4146,4,1,2,38,0.025,0.05,0.95,40,1300,900,400,0.6923076923076923,17,9,8,356.45962367953814,0.4378872863247863,0.21932185445224572,0.19004825925588212,127631.95363860484,1099.1276327002693,128731.08127130511,1652,0,360.75,36,4,16,38.37693636464948,0.5963541666666667,47.38175675675676,1010.4729729729733,28.068693693693703,0
4147,4,0,0,38,0.0,0.0,1.0,38,750,400,350,0.5333333333333333,11,4,7,370.79863794528944,0.4344327880512091,0.23195076380655655,0.19637736734154304,127362.24666950089,1845.1495181405642,129207.39618764145,1653,1,380.36842105263156,34,4,16,38.29166175256516,0.5977328431372548,47.64880952380951,1009.40476190476,29.68837535014,0
4148,4,1,0,39,0.02564102564102564,0.0,1.0,39,1150,1000,150,0.8695652173913043,13,10,3,381.3885616917662,0.4382309941520468,0.258217299851236,0.1947595113601906,125874.27112501007,1803.796568389947,127678.06769340002,1654,0,371.5897435897436,36,3,18,39.55925260913476,0.5784143518518519,49.12725225225225,1003.4909909909903,27.874749749749732,8
4149,4,4,3,40,0.09302325581395349,0.06976744186046512,0.9302325581395349,43,1500,1200,300,0.8,18,12,6,351.7089637654613,0.4500046142488003,0.2550849945834308,0.18402630746452497,126870.98434133583,324.67489013308443,127195.65923146892,1655,0,337.93023255813955,37,6,17,39.277681033231765,0.5867117117117118,48.135964912280706,1007.4561403508775,27.2285443338075,0
4150,4,1,0,41,0.024390243902439025,0.0,1.0,41,1200,800,400,0.6666666666666666,16,8,8,373.7126873250141,0.44484247967479673,0.27300704631960104,0.19520094868561105,126800.41822059364,1277.3850094307722,128077.80323002441,1656,0,355.1219512195122,35,6,19,38.7961579713476,0.5898809523809524,48.20601851851854,1007.1759259259288,28.77645502645511,0
4151,4,2,0,43,0.046511627906976744,0.0,1.0,43,1350,800,550,0.5925925925925926,19,8,11,357.58650583656856,0.4483204134366925,0.26413645900601956,0.18984477192637753,127461.32270361602,516.0247009553668,127977.3474045714,1657,0,339.5581395348837,36,7,18,38.523428497081895,0.5946180555555556,47.55067567567569,1009.7972972972992,28.04992492492498,0
4152,4,1,1,43,0.022727272727272728,0.022727272727272728,0.9772727272727273,44,1200,800,400,0.6666666666666666,16,8,8,351.65812112797624,0.44988768498942916,0.268558510585845,0.18793833151761252,127728.54538175222,183.35605667129676,127911.90143842352,1658,0,332.8181818181818,37,7,19,38.399297646165515,0.5954391891891893,47.28618421052632,1010.8552631578959,27.320412517780973,0
4153,4,1,1,43,0.022727272727272728,0.022727272727272728,0.9772727272727273,44,1250,800,450,0.64,17,8,9,354.5968701492873,0.4500748766737139,0.2881747159090904,0.19083758829852576,128009.35057345337,278.34301263790576,128287.69358609128,1659,0,333.6363636363636,38,6,20,38.03754926801801,0.5964912280701755,47.00854700854702,1011.9658119658138,26.63067926225826,0
4154,4,1,0,44,0.022727272727272728,0.0,1.0,44,1300,700,600,0.5384615384615384,19,7,12,355.79645936962197,0.44935914376321356,0.29294782380172646,0.19254111646031163,128230.0607195033,324.90299617811667,128554.96371568141,1660,0,334.52272727272725,36,8,21,37.781437625083385,0.6024305555555556,46.79054054054054,1012.8378378378379,28.134384384384386,0
4155,4,0,0,44,0.0,0.0,1.0,44,1100,700,400,0.6363636363636364,15,7,8,356.5354498560688,0.4491279069767442,0.29543487242037303,0.1936016819958748,128366.66690712531,353.45346645121776,128720.12037357653,1661,1,335.52272727272725,37,7,21,37.623079420038934,0.6019144144144144,46.655701754385966,1013.3771929824566,27.388572783309638,0
4156,4,0,0,44,0.0,0.0,1.0,44,1450,1200,250,0.8275862068965517,17,12,5,356.96397546323817,0.4487535236081748,0.2947759726210615,0.19410441112836302,128422.23087873183,368.42201446598125,128790.65289319781,1662,2,336.52272727272725,37,7,18,37.55544136737343,0.6024774774774775,46.60087719298245,1013.5964912280696,27.3944997629208,0
4157,4,0,0,44,0.0,0.0,1.0,44,1250,1000,250,0.8,15,10,5,352.62784514244026,0.4485553206483439,0.28253071253071327,0.19255062382335114,128588.9949311325,268.812038319472,128857.80696945198,1663,3,337.52272727272725,37,7,18,37.49504504504507,0.6041666666666667,46.436403508771924,1014.2543859649111,27.412280701754355,0
4158,4,1,1,44,0.022222222222222223,0.022222222222222223,0.9777777777777777,45,1400,1000,400,0.7142857142857143,18,10,8,341.95126341363175,0.44997895622895623,0.2787453840041134,0.18858889863902603,128984.24373584616,-178.73497881512617,128805.50875703103,1664,0,331.0,38,7,19,37.36305391950636,0.606359649122807,46.04700854700854,1015.8119658119647,26.731893837156964,0
4159,4,1,1,44,0.022222222222222223,0.022222222222222223,0.9777777777777777,45,1750,1000,750,0.5714285714285714,25,10,15,342.2620475342709,0.4494739057239057,0.278840600548786,0.18993392978966414,129229.25954380161,-153.76317705241524,129075.4963667492,1665,0,331.8222222222222,37,8,21,37.10582245947015,0.6106418918918919,45.80592105263156,1016.776315789471,27.480440967283002,0
4160,4,0,1,43,0.0,0.022727272727272728,0.9772727272727273,44,1250,1000,250,0.8,15,10,5,324.32170448388183,0.44766340732910503,0.24826975973814713,0.1735676399910547,127783.9710896621,-468.88189154356536,127315.08919811853,1666,1,340.20454545454544,37,7,19,39.03352402125583,0.5960022522522522,47.2313596491228,1011.0745614035079,27.326339497392105,8
4161,4,0,1,42,0.0,0.023255813953488372,0.9767441860465116,43,1700,1200,500,0.7058823529411765,22,12,10,325.46078822332055,0.44693613879660393,0.24243836510229744,0.17462896056283533,127888.11404309706,-275.486719827949,127612.6273232691,1667,2,347.8837209302326,36,7,20,38.89839864915015,0.5989583333333333,47.12837837837837,1011.4864864864858,28.096846846846827,0
4162,4,0,0,42,0.0,0.0,1.0,42,1500,1300,200,0.8666666666666667,17,13,4,334.0033105913471,0.44497677119628337,0.24648209587003866,0.17944209821013887,127939.53517500403,146.44566079387022,128085.9808357979,1668,3,357.0952380952381,35,7,21,38.62985261030394,0.6014880952380952,47.07754629629628,1011.6898148148127,28.90542328042322,0
4163,4,1,0,43,0.023255813953488372,0.0,1.0,43,1300,900,400,0.6923076923076923,17,9,8,326.01058526948214,0.4452980804724991,0.2453418558108511,0.1764223347721853,128230.06071950312,-239.1285711387206,127990.9321483644,1669,0,349.7674418604651,36,7,22,38.5356441331258,0.6024305555555556,46.79054054054053,1012.8378378378364,28.134384384384347,0
4164,4,0,0,43,0.0,0.0,1.0,43,1100,700,400,0.6363636363636364,15,7,8,326.29040618544354,0.445344222960502,0.24100352235519673,0.17720503109612595,128372.67324334476,-222.64566086356055,128150.0275824812,1670,1,350.7674418604651,36,7,18,38.38319998518353,0.6038773148148149,46.64977477477478,1013.4009009009014,28.15002502502504,0
4165,4,0,0,43,0.0,0.0,1.0,43,1100,900,200,0.8181818181818182,13,9,4,326.54757397626065,0.444813584348468,0.23910376127854005,0.17785286197872205,128486.82032962017,-208.58810668776985,128278.2322229324,1671,2,351.7674418604651,36,7,18,38.260394683253736,0.6050347222222222,46.53716216216216,1013.8513513513514,28.16253753753754,0
4166,4,1,1,43,0.022727272727272728,0.022727272727272728,0.9772727272727273,44,1500,1000,500,0.6666666666666666,20,10,10,318.53974708430724,0.4460998062015504,0.23561465546878835,0.174546202443177,128728.04763244448,-599.0000529009066,128129.04757954356,1672,0,344.75,37,7,19,38.21796776517198,0.6055743243243243,46.29934210526315,1014.8026315789464,27.427098150782335,0
4167,4,0,0,43,0.0,0.0,1.0,43,1400,1000,400,0.7142857142857143,18,10,8,329.6950419118645,0.44479051310446654,0.24624531632242364,0.180730639763365,128743.83674214748,-110.75906988069372,128633.0776722668,1673,1,353.69767441860466,36,7,20,37.91888592987128,0.6076388888888888,46.28378378378378,1014.8648648648643,28.190690690690676,0
4168,4,1,0,44,0.022727272727272728,0.0,1.0,44,1400,1200,200,0.8571428571428571,16,12,4,322.04436684416595,0.4453290169133193,0.24699454825031442,0.17799109340310681,129069.04432508664,-486.8082682291863,128582.23605685745,1674,0,346.6363636363636,39,5,22,37.7824406287374,0.6055021367521367,45.96354166666666,1016.145833333332,26.055021367521334,0
4169,4,0,1,43,0.0,0.022727272727272728,0.9772727272727273,44,1300,1000,300,0.7692307692307693,16,10,6,315.28033221841736,0.4448445207892882,0.16399878437100224,0.1768004593822474,129640.87106095906,-619.8634565006611,129021.0076044584,1675,1,347.6363636363636,40,4,16,37.374430362904555,0.6096354166666667,45.40142276422764,1018.3943089430893,25.459857723577233,8
4170,4,0,0,43,0.0,0.0,1.0,43,1100,600,500,0.5454545454545454,16,6,10,322.64576491951453,0.4428525286083425,0.16972729361364336,0.18093078960595732,129640.87106095921,-234.38439834092526,129406.48666261828,1676,2,356.6511627906977,40,3,16,37.18690749426203,0.6096354166666667,45.40142276422765,1018.3943089430904,25.45985772357726,0
4171,4,0,0,43,0.0,0.0,1.0,43,1200,900,300,0.75,15,9,6,321.6124488448699,0.44326781100036916,0.1728787302529664,0.18118705825934586,129822.05119307294,-249.52244034634793,129572.52875272659,1677,3,357.6511627906977,40,3,16,37.02965031245847,0.6114583333333333,45.22357723577236,1019.1056910569108,25.47764227642277,0
4172,4,1,1,43,0.022727272727272728,0.022727272727272728,0.9772727272727273,44,1450,900,550,0.6206896551724138,20,9,11,311.3639771773547,0.44375440451021847,0.17539410434045033,0.17717436931419367,130211.95515243118,-691.3375535399464,129520.61759889123,1678,0,350.5,41,3,19,36.8965461378953,0.6138211382113821,44.841269841269835,1020.6349206349192,24.893534649632176,0
4173,4,2,2,43,0.044444444444444446,0.044444444444444446,0.9555555555555556,45,1200,800,400,0.6666666666666666,16,8,8,306.10970079677423,0.44377104377104376,0.20603382054277053,0.17710752497058274,130856.77059859672,-988.6946209662989,129868.07597763042,1679,0,343.1333333333333,42,3,15,36.38029958645074,0.6187996031746033,44.21027131782945,1023.1589147286811,24.360926541159074,0
4174,4,0,1,42,0.0,0.023255813953488372,0.9767441860465116,43,1000,800,200,0.8,12,8,4,320.08382334978234,0.44167589516426725,0.20876579526743289,0.18371934518295713,130548.03688280776,-242.73704474850445,130305.29983805926,1680,1,360.06976744186045,40,3,15,36.334443781490315,0.61875,44.512195121951216,1021.9512195121944,25.54878048780486,0
4175,4,0,0,42,0.0,0.0,1.0,42,1550,1400,150,0.9032258064516129,17,14,3,316.39731103058506,0.4415892373209446,0.18262486867138095,0.18233618233618235,130703.86860499684,-129.12948641683056,130574.73911858001,1665,2,329.64285714285717,40,2,16,36.271367521367516,0.6203125,44.35975609756097,1022.5609756097546,25.564024390243866,0
4176,4,0,0,42,0.0,0.0,1.0,42,1700,1300,400,0.7647058823529411,21,13,8,317.9754992961913,0.44118999225706546,0.18310088957620985,0.18411128823538514,130885.78976014601,-76.30513004825605,130809.48463009775,1666,3,330.64285714285717,40,2,18,36.04752209752707,0.6221354166666666,44.18191056910569,1023.2723577235768,25.58180894308942,0
4177,4,1,2,41,0.023255813953488372,0.046511627906976744,0.9534883720930233,43,1050,600,450,0.5714285714285714,15,6,9,312.98570222352606,0.4414913252122554,0.1882978004907816,0.1830771406550975,131277.28666698147,-382.4172493071387,130894.86941767433,1667,0,323.93023255813955,41,2,19,35.78089706356891,0.6244918699186992,43.79960317460317,1024.8015873015863,24.99516066589235,0
4178,4,0,0,41,0.0,0.0,1.0,41,1450,1000,450,0.6896551724137931,19,10,9,319.47887674646506,0.4388211382113821,0.19284859184734593,0.18699619686524116,131302.08462431442,189.6485020490694,131491.73312636348,1668,1,337.8780487804878,40,1,19,35.58957197157496,0.6263020833333333,43.77540650406505,1024.8983739837415,25.622459349593537,0
4179,4,2,0,43,0.046511627906976744,0.0,1.0,43,1100,800,300,0.7272727272727273,14,8,6,311.92797251496256,0.44003783684016246,0.20764119601328868,0.1854687027165438,131901.6665014213,-371.2309554497758,131530.43554597153,1669,0,323.1162790697674,40,3,15,35.18046761640946,0.6322916666666667,43.19105691056912,1027.2357723577252,25.68089430894313,0
4180,4,0,0,43,0.0,0.0,1.0,43,1350,1000,350,0.7407407407407407,17,10,7,318.87667785369183,0.4397609819121447,0.1807959233074714,0.18286841605652637,130514.5588666705,-144.99417565206556,130369.56469101843,1670,1,324.1162790697674,37,6,14,36.399090567657474,0.6235923423423424,44.54495614035088,1021.8201754385964,27.61676149834044,7
4181,4,0,1,42,0.0,0.023255813953488372,0.9767441860465116,43,1050,800,250,0.7619047619047619,13,8,5,330.57404880296974,0.4396686969361388,0.15371489931306326,0.17960053991666508,128388.03624260359,-98.15667494299078,128289.8795676606,1671,2,325.1162790697674,38,5,15,38.25901328273244,0.600328947368421,46.63461538461539,1013.4615384615388,26.67004048582997,8
4182,4,0,0,42,0.0,0.0,1.0,42,1050,600,450,0.5714285714285714,15,6,9,338.1141289527383,0.4385162601626016,0.157086622080296,0.18344819216177172,128333.90404704504,278.3012363941835,128612.20528343922,1672,3,333.2142857142857,38,4,21,38.123198720652326,0.5997807017543859,46.68803418803419,1013.2478632478629,26.66441745389113,0
4183,4,1,0,43,0.023255813953488372,0.0,1.0,43,1300,1000,300,0.7692307692307693,16,10,6,330.5238037011579,0.43957641196013286,0.16522611145599475,0.1808596543847912,128672.41753472247,-94.14062499997544,128578.2769097225,1673,0,326.4418604651163,39,4,16,37.970568104038335,0.6014957264957265,46.35416666666668,1014.5833333333353,26.014957264957314,0
4184,4,0,0,43,0.0,0.0,1.0,43,1300,800,500,0.6153846153846154,18,8,10,327.5705977016272,0.4391842008121078,0.16867326118343318,0.1798408718085838,128804.55864800366,-161.48274739581393,128643.07590060784,1674,1,327.4418604651163,39,4,16,37.91100136822302,0.6028311965811965,46.22395833333334,1015.1041666666682,26.028311965812005,0
4185,4,1,0,44,0.022727272727272728,0.0,1.0,44,1550,1100,450,0.7096774193548387,20,11,9,321.958770629901,0.4405170894996477,0.1722435396170141,0.17784219827390899,129046.45568940458,-490.4723544186539,128555.98333498593,1675,0,320.97727272727275,40,4,18,37.807561512302456,0.6036458333333333,45.98577235772358,1016.0569105691068,25.401422764227668,0
4186,4,0,0,44,0.0,0.0,1.0,44,1250,900,350,0.72,16,9,7,324.0498409309556,0.4406382135306554,0.17994374414948222,0.17958285644500563,129175.5602340705,-428.1360507964679,128747.42418327402,1676,1,321.97727272727275,40,4,19,37.62329634443,0.6049479166666667,45.85873983739838,1016.5650406504078,25.414126016260195,0
4187,4,0,0,44,0.0,0.0,1.0,44,1350,1100,250,0.8148148148148148,16,11,5,329.10547964681405,0.43983439041578576,0.18222498872703752,0.18276192923620088,129257.13320444763,-292.1460899102334,128964.98711453739,1677,2,322.97727272727275,37,7,19,37.411940191215585,0.6109234234234234,45.77850877192983,1016.8859649122816,27.483404457088692,0
4188,4,0,0,44,0.0,0.0,1.0,44,1000,500,500,0.5,15,5,10,328.20583693087366,0.4396912438336857,0.17920419022607192,0.1826494030718488,129340.77222077966,-309.9207207986912,129030.85149998097,1678,3,323.97727272727275,37,7,20,37.34987513923322,0.6117680180180181,45.69627192982457,1017.2149122807033,27.492294926505494,0
4189,4,0,0,44,0.0,0.0,1.0,44,700,500,200,0.7142857142857143,9,5,4,328.5671819262785,0.43919573643410853,0.17432405956112929,0.18323938992042457,129424.43828870423,-295.0754078177823,129129.36288088645,1679,4,324.97727272727275,37,7,22,37.25574712643681,0.6126126126126126,45.6140350877193,1017.5438596491229,27.50118539592224,0
4190,4,0,0,44,0.0,0.0,1.0,44,750,500,250,0.6666666666666666,10,5,5,328.1106005121309,0.43911865750528545,0.17573782213907174,0.18311452094726907,129452.33298947739,-305.0634570252573,129147.26953245213,1680,5,325.97727272727275,37,7,14,37.23905021010665,0.6128941441441442,45.586622807017534,1017.6535087719287,27.504148885727805,0
4191,4,0,0,44,0.0,0.0,1.0,44,1150,700,450,0.6086956521739131,16,7,9,324.0566120454411,0.4393498942917548,0.17105187855896076,0.181574577860382,129609.02829142011,-399.8674802761351,129209.16081114397,1681,6,326.97727272727275,38,6,16,37.183270380862446,0.6126644736842105,45.43269230769231,1018.2692307692307,26.79655870445344,0
4192,4,1,0,45,0.022222222222222223,0.0,1.0,45,1100,900,200,0.8181818181818182,13,9,4,318.2147669721644,0.44132996632996635,0.17949229133439704,0.17974834134373624,129925.63950029762,-731.1485805406628,129194.49091975697,1682,0,320.68888888888887,40,5,18,37.01135532961192,0.6125,45.121951219512205,1019.5121951219527,25.487804878048816,0
4193,4,0,1,44,0.0,0.022222222222222223,0.9777777777777777,45,1250,900,350,0.72,16,9,7,317.025507694023,0.44109848484848485,0.173978123200921,0.17955236993325158,130029.2691189108,-755.4809884989023,129273.7881304119,1683,1,321.68888888888887,40,5,18,36.93681911784242,0.6135416666666667,45.020325203252035,1019.9186991869927,25.49796747967482,0
4194,4,1,1,44,0.022222222222222223,0.022222222222222223,0.9777777777777777,45,1100,500,600,0.45454545454545453,17,5,12,319.12789939038294,0.44008838383838383,0.18806244260789717,0.18158648688825021,130210.72035701305,-689.225266871568,129521.49509014148,1684,0,322.4888888888889,40,5,19,36.69969132729265,0.6153645833333333,44.84247967479675,1020.6300813008132,25.515752032520332,0
4195,4,1,1,44,0.022222222222222223,0.022222222222222223,0.9777777777777777,45,1550,1000,550,0.6451612903225806,21,10,11,319.5645252487861,0.43895202020202023,0.18904632412575784,0.1828662848413815,130430.54112803943,-663.7742257536185,129766.76690228582,1685,0,322.4888888888889,37,8,21,36.46638399885502,0.6227477477477478,44.627192982456144,1021.4912280701757,27.607871028923668,0
4196,4,0,0,44,0.0,0.0,1.0,44,1600,1300,300,0.8125,19,13,6,323.5577106548179,0.4387993305144468,0.18362348257152905,0.18515132877520163,130430.54112803933,-359.6385426285077,130070.90258541082,1686,1,327.5681818181818,37,7,22,36.36440890224703,0.6227477477477478,44.62719298245614,1021.4912280701749,27.607871028923647,0
4197,4,0,0,44,0.0,0.0,1.0,44,1100,800,300,0.7272727272727273,14,8,6,324.42327408233166,0.4389424770965469,0.1751428682881162,0.18645337614028965,130598.60365689457,-326.154682209889,130272.44897468468,1687,2,328.5681818181818,37,7,13,36.17249517270972,0.6244369369369369,44.462719298245624,1022.1491228070187,27.62565196775726,0
4198,4,0,1,43,0.0,0.022727272727272728,0.9772727272727273,44,1200,800,400,0.6666666666666666,16,8,8,329.48850360010283,0.43859011627906974,0.18638702886049274,0.19005190309697975,130738.73842191843,-184.61774295935578,130554.12067895908,1688,3,329.5681818181818,37,7,14,35.90148225581643,0.6258445945945945,44.32565789473685,1022.6973684210539,27.64046941678524,0
4199,4,0,0,43,0.0,0.0,1.0,43,1200,800,400,0.6666666666666666,16,8,8,335.8716978082928,0.43814599483204136,0.18564678631094544,0.1929349069182322,130578.91506371257,171.55238008281384,130750.46744379538,1689,5,338.16279069767444,36,7,14,35.89985492874982,0.6261574074074074,44.481981981981995,1022.0720720720738,28.390890890890937,0
4200,4,1,1,43,0.022727272727272728,0.022727272727272728,0.9772727272727273,44,1800,1400,400,0.7777777777777778,22,14,8,325.27994166694685,0.43944899577167024,0.18219542749765072,0.18849706964474824,130917.788975181,-283.01384779747923,130634.77512738352,1690,0,331.45454545454544,38,6,16,35.8283745693705,0.6258223684210527,44.150641025641036,1023.3974358974375,26.931511470985196,0
4201,4,0,0,43,0.0,0.0,1.0,43,1150,800,350,0.6956521739130435,15,8,7,325.60652144441207,0.4385843484680694,0.16693084766613797,0.18939124886382125,131061.33355034763,-65.11501736107084,130996.21853298656,1691,1,329.5581395348837,39,4,16,35.67522889114955,0.625534188034188,44.010416666666686,1023.9583333333366,26.255341880341962,0
4202,4,1,0,44,0.022727272727272728,0.0,1.0,44,1400,1100,300,0.7857142857142857,17,11,6,322.43229576439217,0.43860112755461594,0.17057884817547242,0.18953016577112072,131465.04635336774,-321.7421235800564,131143.3042297877,1692,0,323.04545454545456,38,6,19,35.34981942563463,0.6313048245614035,43.616452991452995,1025.5341880341887,26.987741790373388,0
4203,4,0,0,44,0.0,0.0,1.0,44,1550,1400,150,0.9032258064516129,17,14,3,323.97222837207636,0.4381716878083157,0.18235530736832128,0.19125711453680355,131629.4461451713,-271.14300259332595,131358.30314257796,1693,1,324.04545454545456,38,6,16,35.14488981433281,0.6329495614035088,43.45619658119658,1026.1752136752136,27.004610886189834,0
4204,4,0,1,43,0.0,0.022727272727272728,0.9772727272727273,44,1200,1000,200,0.8333333333333334,14,10,4,322.31696490781724,0.43761011275546163,0.1795662705321328,0.19069097283462458,131711.68456424848,-309.41791767114023,131402.26664657734,1694,2,325.04545454545456,38,6,16,35.1046436996947,0.6337719298245614,43.37606837606837,1026.495726495725,27.013045434098025,0
4205,4,0,1,42,0.0,0.023255813953488372,0.9767441860465116,43,1350,800,550,0.5925925925925926,19,8,11,323.67301204869295,0.4370385751199705,0.1830427968889059,0.19260146558541047,131931.11257213829,-59.49188216815702,131871.62068997012,1695,3,330.48837209302326,38,5,17,34.84925298114255,0.6359649122807017,43.162393162393165,1027.350427350428,27.035537561853367,0
4206,4,0,0,42,0.0,0.0,1.0,42,850,700,150,0.8235294117647058,10,7,3,328.5497175088913,0.43478997289972904,0.18057779200910806,0.19544014624386072,131918.83710612892,268.3793330640355,132187.21643919297,1696,4,338.1190476190476,37,5,17,34.736342370228066,0.6376689189189189,43.174342105263165,1027.3026315789484,27.764935988620227,0
4207,4,0,1,41,0.0,0.023809523809523808,0.9761904761904762,42,1800,1200,600,0.6666666666666666,24,12,12,344.1490102130193,0.4340882694541231,0.09754302618731914,0.1964876381548184,130342.35161675356,658.1536431281845,131000.50525988174,1697,5,339.1190476190476,39,3,15,35.927883471046286,0.6183226495726496,44.71354166666667,1021.145833333334,26.183226495726515,8
4208,4,0,0,41,0.0,0.0,1.0,41,1000,700,300,0.7,13,7,6,348.9804933621633,0.43282520325203255,0.12043544164255238,0.19925660427452535,130344.39718934897,897.5304076265436,131241.9275969755,1698,8,348.2682926829268,38,3,15,35.80246913580246,0.6200657894736843,44.71153846153845,1021.1538461538449,26.8724696356275,0
4209,4,0,0,41,0.0,0.0,1.0,41,1100,700,400,0.6363636363636364,15,7,8,349.90808984436586,0.4328760162601626,0.11975711807327305,0.20006706572440974,130398.95171305403,925.5296223244677,131324.4813353785,1699,9,349.2682926829268,38,3,15,35.72350069735007,0.6206140350877193,44.658119658119645,1021.3675213675193,26.878092667566296,0
4210,4,0,0,41,0.0,0.0,1.0,41,700,400,300,0.5714285714285714,10,4,6,348.5281878875482,0.43310467479674797,0.11782623003512738,0.19941819296186974,130426.23325525945,891.4437458908308,131317.67700115027,1700,10,350.2682926829268,38,3,15,35.73109507373704,0.6208881578947368,44.63141025641024,1021.474358974357,26.88090418353571,0
4211,4,0,0,41,0.0,0.0,1.0,41,1250,900,350,0.72,16,9,7,347.73967239209924,0.43300304878048784,0.12331572651708966,0.19924712325258473,130480.804900376,874.6704699028169,131355.47537027881,1701,11,351.2682926829268,38,3,16,35.69595489560459,0.6214364035087719,44.57799145299144,1021.6880341880325,26.88652721547454,0
4212,4,0,0,41,0.0,0.0,1.0,41,750,400,350,0.5333333333333333,11,4,7,346.2518127134647,0.43300304878048784,0.12263715527902819,0.1986741804801611,130535.38795976678,839.622940864909,131375.0109006317,1702,12,352.2682926829268,38,3,13,35.67868966718941,0.621984649122807,44.52457264957264,1021.9017094017079,26.892150247413365,0
4213,4,0,0,41,0.0,0.0,1.0,41,1300,1000,300,0.7692307692307693,16,10,6,342.4388744228756,0.4320376016260163,0.11410312598738215,0.19745933168528684,130726.51855504401,753.168374242072,131479.68692928608,1703,13,353.2682926829268,38,3,13,35.58273262292798,0.6239035087719298,44.33760683760683,1022.649572649571,26.911830859199238,0
4214,4,0,1,40,0.0,0.024390243902439025,0.975609756097561,41,1050,800,250,0.7619047619047619,13,8,5,340.9693528413776,0.4319613821138211,0.11271516238225243,0.1970959396265549,130821.4531792534,721.2212456597175,131542.6744249131,1704,14,354.2682926829268,39,2,13,35.52432287954384,0.6231303418803419,44.244791666666664,1023.0208333333327,26.231303418803403,0
4215,4,0,0,40,0.0,0.0,1.0,40,850,600,250,0.7058823529411765,11,6,5,346.93404413418864,0.43075587606837606,0.10781984334203654,0.20047637130868165,130808.47447083422,1076.3826110380555,131884.85708187227,1705,15,362.425,38,2,14,35.384899912967796,0.6247258771929824,44.25747863247863,1022.9700854700852,26.920265407107507,0
4216,4,0,1,39,0.0,0.025,0.975,40,1450,1400,50,0.9655172413793104,15,14,1,347.48740300085234,0.4295138888888889,0.11047276142767704,0.20179541185176741,130999.80481591038,1104.1563938198344,132103.96120973022,1706,16,363.425,38,2,17,35.17728553537883,0.6266447368421053,44.07051282051281,1023.7179487179471,26.939946018893345,0
4217,4,0,1,38,0.0,0.02564102564102564,0.9743589743589743,39,900,600,300,0.6666666666666666,12,6,6,357.46597921354675,0.4287561853351327,0.1016468804837658,0.2076950745436771,131019.23338190619,1566.9837113342783,132586.21709324047,1707,17,348.56410256410254,37,2,17,34.90224822391204,0.6286599099099099,44.05153508771931,1023.7938596491246,27.670104314841204,0
4218,4,0,1,37,0.0,0.02631578947368421,0.9736842105263158,38,950,600,350,0.631578947368421,13,6,7,366.74908414933856,0.42703888098624937,0.10110590006369002,0.21288308907519118,130982.06948502584,2007.5108047236733,132989.58028974952,1708,18,357.7368421052632,36,2,17,34.70228272827282,0.6302083333333333,44.08783783783785,1023.6486486486509,28.434684684684747,0
4219,4,1,0,38,0.02631578947368421,0.0,1.0,38,950,700,250,0.7368421052631579,12,7,5,361.0617432176756,0.4245199146514936,0.08855565880994609,0.21101450846586509,131243.84576263872,1877.426347530033,133121.27211016876,1709,0,319.5263157894737,37,1,19,34.582998929909046,0.6309121621621622,43.832236842105274,1024.6710526315806,27.69381223328596,0
4220,4,0,0,38,0.0,0.0,1.0,38,1550,1100,450,0.7096774193548387,20,11,9,359.4552827835356,0.42385312944523473,0.08939547615265231,0.2112106279602578,131450.1771541952,1850.1732749598264,133300.35042915502,1710,1,320.5263157894737,34,4,19,34.41563153006734,0.639093137254902,43.630952380952394,1025.4761904761922,30.16106442577036,0
4221,4,1,0,39,0.02564102564102564,0.0,1.0,39,1100,1000,100,0.9090909090909091,12,10,2,353.6783400536762,0.42633828160143955,0.09704915758348243,0.2095845393865175,131773.38023244624,1521.0780767747187,133294.45830922097,1711,0,313.28205128205127,35,4,15,34.2376141359486,0.6401785714285715,43.315972222222236,1026.7361111111131,29.33531746031752,0
4222,4,1,0,40,0.025,0.0,1.0,40,1300,1100,200,0.8461538461538461,15,11,4,344.67752634654573,0.42715010683760685,0.09741121893995941,0.20625661547872132,132144.2189543901,1109.4285020391194,133253.6474564292,1712,0,306.425,37,3,17,34.09528189541786,0.6399211711711712,42.95504385964914,1028.179824561406,27.788643907065023,0
4223,4,0,0,40,0.0,0.0,1.0,40,1700,1200,500,0.7058823529411765,22,12,10,347.50807095569144,0.4267761752136752,0.10332249813492478,0.20888329466862654,132313.38158135233,1195.9935989920405,133509.37518034436,1713,1,307.425,37,3,17,33.852334896443935,0.6416103603603603,42.79057017543862,1028.8377192982487,27.80642484589861,0
4224,4,0,0,40,0.0,0.0,1.0,40,1250,900,350,0.72,16,9,7,345.4280555721912,0.4264556623931624,0.10299680340969619,0.207943701189546,132369.79316953334,1144.848054209034,133514.64122374236,1714,2,308.425,37,3,17,33.849116497957745,0.6421734234234234,42.73574561403511,1029.057017543863,27.812351825509808,0
4225,4,0,0,40,0.0,0.0,1.0,40,1100,400,700,0.36363636363636365,18,4,14,344.8280045028723,0.42604166666666665,0.10580035971223012,0.20839605489521443,132517.14677640618,1139.1306685295574,133656.27744493575,1715,3,309.425,35,5,17,33.71646432853717,0.6476190476190475,42.5925925925926,1029.629629629631,29.417989417989457,0
4226,4,0,0,40,0.0,0.0,1.0,40,1300,900,400,0.6923076923076923,17,9,8,345.9123238063104,0.42549412393162395,0.10954453554981503,0.21021552347082456,132725.7764944487,1182.2963552383428,133908.07284968704,1716,4,310.425,35,5,15,33.479000524167894,0.649702380952381,42.3900462962963,1030.4398148148148,29.441137566137566,0
4227,4,0,0,40,0.0,0.0,1.0,40,1500,1100,400,0.7333333333333333,19,11,8,345.99400279368496,0.42402510683760686,0.1169060622610596,0.21103098571460294,132861.99787202766,1193.8908925817977,134055.88876460947,1717,5,311.425,36,4,15,33.34016020389588,0.6490162037037037,42.257882882882896,1030.9684684684703,28.638013013013065,0
4228,4,0,0,40,0.0,0.0,1.0,40,1100,400,700,0.36363636363636365,18,4,14,347.74771159885347,0.4235176282051282,0.12044164210066599,0.21276027324875776,132978.1232879841,1248.5676132213516,134226.69090120547,1718,6,312.425,36,4,16,33.17843105142484,0.6501736111111112,42.14527027027028,1031.4189189189203,28.650525525525566,0
4229,4,0,0,40,0.0,0.0,1.0,40,1350,1000,350,0.7407407407407407,17,10,7,347.9116999687173,0.4231570512820513,0.11029224229543022,0.2134191066952824,133075.9524565252,1259.7361688211856,134335.6886253464,1719,7,313.425,37,3,16,33.07607155508326,0.6492117117117118,42.05043859649123,1031.798245614036,27.886439070649622,0
4230,4,0,0,40,0.0,0.0,1.0,40,850,600,250,0.7058823529411765,11,6,5,347.3236054776489,0.4231570512820513,0.11478963025924349,0.21338183908326572,133132.52635426284,1248.0138119421363,134380.54016620497,1720,8,314.425,37,3,16,33.034512678849694,0.6497747747747749,41.99561403508772,1032.017543859649,27.892366050260787,0
4231,4,0,1,39,0.0,0.025,0.975,40,1300,1000,300,0.7692307692307693,16,10,6,345.22649551930493,0.42291666666666666,0.11539118286246519,0.21261463519458534,133223.94035585146,1198.4868096646992,134422.42716551616,1721,9,315.425,38,2,17,32.99699886163718,0.6488486842105263,41.907051282051285,1032.3717948717951,27.167678812415662,0
4232,4,0,0,39,0.0,0.0,1.0,39,1100,700,400,0.6363636363636364,15,7,8,352.2408197673282,0.4238922627080522,0.12214551248008476,0.21689648908498366,133217.4097438637,1584.921923091741,134802.33166695546,1722,10,321.35897435897436,37,2,17,32.822512834129924,0.6506193693693694,41.913377192982466,1032.346491228072,27.90125651967762,0
4233,4,0,0,39,0.0,0.0,1.0,39,1100,800,300,0.7272727272727273,14,8,6,356.2873543433901,0.4230769230769231,0.12735868313832444,0.2203928539244307,133387.2576778432,1704.838628231767,135092.096306075,1723,11,322.35897435897436,37,2,18,32.547743516258,0.6523085585585586,41.74890350877193,1033.0043859649127,27.919037458511152,0
4234,4,0,0,39,0.0,0.0,1.0,39,1100,700,400,0.6363636363636364,15,7,8,353.1706535569293,0.42313315339631125,0.12348310704220133,0.21880290778661537,133444.6239339069,1625.7450096793182,135070.36894358622,1724,12,323.35897435897436,38,1,18,32.570744149174516,0.6510416666666667,41.693376068376075,1033.2264957264968,27.19017094017097,0
4235,4,0,1,38,0.0,0.02564102564102564,0.9743589743589743,39,1000,600,400,0.6,14,6,8,352.718230256731,0.4228238866396761,0.11987251270565946,0.21903851155720502,133532.02830289784,1619.8447018236488,135151.8730047215,1725,13,324.35897435897436,35,4,19,32.49486748786861,0.6577380952380952,41.6087962962963,1033.5648148148152,29.530423280423292,0
4236,4,0,1,37,0.0,0.02631578947368421,0.9736842105263158,38,1200,1000,200,0.8333333333333334,14,10,4,354.6716665441355,0.42283072546230444,0.11500123714255439,0.22096490020260148,133651.68065200606,1880.4928626543099,135532.17351466036,1726,14,328.7368421052632,35,3,20,32.32454667562122,0.6589285714285714,41.49305555555555,1034.027777777777,29.54365079365077,0
4237,4,0,0,37,0.0,0.0,1.0,37,800,600,200,0.75,10,6,4,354.8200951474014,0.4210147647647648,0.12057374595138959,0.22159519149771686,133741.45507812512,2090.8311631944594,135832.28624131958,1727,15,336.13513513513516,35,2,15,32.23082410204766,0.6598214285714286,41.40625000000001,1034.375000000001,29.553571428571455,0
4238,4,0,0,37,0.0,0.0,1.0,37,850,700,150,0.8235294117647058,10,7,3,355.2092248096933,0.4205455455455456,0.11318701251587204,0.22237888443968207,133831.2596450618,2107.6195987654432,135938.87924382725,1728,16,337.13513513513516,35,2,15,32.13087248322148,0.6607142857142857,41.31944444444445,1034.7222222222229,29.56349206349208,0
4239,4,0,1,36,0.0,0.02702702702702703,0.972972972972973,37,700,400,300,0.5714285714285714,10,4,6,353.90926821278856,0.42038913913913917,0.1120373336879712,0.22192543312473764,133891.14610125186,2077.0635073731323,135968.20960862498,1729,17,338.13513513513516,35,2,16,32.10458137627675,0.6613095238095238,41.26157407407408,1034.9537037037048,29.57010582010585,0
4240,4,0,0,36,0.0,0.0,1.0,36,900,700,200,0.7777777777777778,11,7,4,360.0738705463716,0.41828703703703707,0.1149515287099181,0.2254243979470985,133831.25964506192,2437.8279320987913,136269.0875771607,1730,18,346.97222222222223,35,1,18,32.005033557046985,0.6607142857142857,41.31944444444446,1034.7222222222238,29.563492063492106,0
4241,4,0,0,36,0.0,0.0,1.0,36,1200,800,400,0.6666666666666666,16,8,8,362.94206687766615,0.4172453703703704,0.11526038560922269,0.2279602420051859,133951.04595336085,2523.293895747611,136474.33984910845,1731,19,347.97222222222223,35,1,18,31.810897435897438,0.6619047619047619,41.20370370370371,1035.185185185186,29.576719576719597,0
4242,4,0,0,36,0.0,0.0,1.0,36,950,700,250,0.7368421052631579,12,7,5,366.6109685136575,0.41663359788359783,0.07667651901113581,0.20823211472038136,130141.08737244883,2352.7324175554827,132493.81979000432,1732,20,348.97222222222223,34,2,18,35.55886127639716,0.6259191176470589,44.91071428571428,1020.3571428571416,30.010504201680636,8
4243,4,0,0,36,0.0,0.0,1.0,36,1250,900,350,0.72,16,9,7,366.92782694699423,0.4165509259259259,0.08081927273669787,0.2089003445048822,130232.2066326529,2357.1641156462397,132589.37074829914,1733,21,349.97222222222223,34,2,19,35.45821670165617,0.6268382352941176,44.82142857142856,1020.7142857142844,30.021008403361307,0
4244,4,0,1,35,0.0,0.027777777777777776,0.9722222222222222,36,1100,800,300,0.7272727272727273,14,8,6,364.5487942418156,0.4166005291005291,0.0797647729333435,0.2081957095210582,130353.7485827664,2304.060374149652,132657.80895691607,1734,22,350.97222222222223,34,2,19,35.39553703271935,0.6280637254901961,44.70238095238095,1021.1904761904759,30.035014005602232,0
4245,4,0,0,35,0.0,0.0,1.0,35,650,500,150,0.7692307692307693,8,5,3,363.63500524339713,0.4151260504201681,0.07306027306027363,0.20799922299922302,130414.54081632642,2484.658446712009,132899.19926303843,1735,23,349.74285714285713,34,1,19,35.357177544677555,0.6286764705882353,44.64285714285714,1021.4285714285705,30.042016806722664,0
4246,4,0,0,35,0.0,0.0,1.0,35,850,500,350,0.5882352941176471,12,5,7,363.33011247412026,0.4146358543417367,0.0716266835367172,0.20798770481257,130444.94224773237,2478.9151077097404,132923.8573554421,1736,24,350.74285714285713,34,1,20,35.3341199549392,0.6289828431372548,44.613095238095234,1021.5476190476186,30.0455182072829,0
4247,4,1,0,36,0.027777777777777776,0.0,1.0,36,1250,1100,150,0.88,14,11,3,365.7892953876334,0.41570767195767194,0.003723528042820279,0.2115473219758627,130840.48327664388,2406.7354024943133,133247.2186791382,1737,0,341.97222222222223,34,2,18,34.87025831975795,0.6329656862745099,44.22619047619047,1023.0952380952373,30.091036414565803,7
4248,4,0,0,36,0.0,0.0,1.0,36,1050,700,350,0.6666666666666666,14,7,7,360.17556327085845,0.4151289682539683,0.0033498727242182724,0.20912556843795482,130992.77388038546,2236.079223356002,133228.85310374145,1738,1,342.97222222222223,34,2,18,34.85967360545799,0.6344975490196079,44.07738095238095,1023.690476190476,30.108543417366942,0
4249,4,0,0,36,0.0,0.0,1.0,36,900,600,300,0.6666666666666666,12,6,6,359.752599818829,0.4145006613756614,0.011669571954290303,0.20987600823328945,131175.6395266438,2238.1554705215162,133413.7949971653,1739,2,343.97222222222223,34,2,19,34.68550261475884,0.6363357843137255,43.89880952380951,1024.4047619047603,30.129551820728246,0
4250,4,0,1,35,0.0,0.027777777777777776,0.9722222222222222,36,1400,1200,200,0.8571428571428571,16,12,4,354.5022765643352,0.4146990740740741,-0.035270382479630324,0.20026104858159366,129928.59977324231,2086.4902210883943,132015.08999433072,1740,3,344.97222222222223,34,2,17,36.08345983185426,0.6237745098039216,45.1190476190476,1019.5238095238069,29.985994397759026,8
4251,4,0,0,35,0.0,0.0,1.0,35,1050,600,450,0.5714285714285714,15,6,9,356.26990648943257,0.4134103641456583,-0.02720794051482822,0.2012090530947443,129918.78311526788,2257.230542339449,132176.01365760734,1741,4,353.22857142857146,33,2,17,36.04837821052208,0.6259469696969697,45.12867647058822,1019.4852941176448,30.89349376114075,0
4252,4,0,0,35,0.0,0.0,1.0,35,1700,1400,300,0.8235294117647058,20,14,6,384.0820528117171,0.4127100840336135,-0.03970799808173919,0.21144229642468454,128912.72454660236,2983.745182489012,131896.46972909136,1742,5,354.22857142857146,32,3,16,36.366250155414654,0.6181640625,46.11742424242424,1015.5303030303029,31.735321969696965,8
4253,4,1,0,36,0.027777777777777776,0.0,1.0,36,950,700,250,0.7368421052631579,12,7,5,372.32989676421556,0.4152116402116402,-0.03410924891371825,0.20697842087203255,129297.6820764461,2428.601354453605,131726.2834308997,1743,0,345.3611111111111,32,4,17,36.271725636250785,0.6220703125,45.73863636363635,1017.045454545453,31.782670454545407,0
4254,4,0,0,36,0.0,0.0,1.0,36,1050,700,350,0.6666666666666666,14,7,7,370.08298064765467,0.41476521164021163,-0.03612148219519051,0.20636662110929976,129419.51600646373,2379.1920475297784,131798.7080539935,1744,1,346.3611111111111,33,3,18,36.20465996226263,0.6208964646464646,45.6188725490196,1017.5245098039205,30.83407605466426,0
4255,4,0,1,35,0.0,0.027777777777777776,0.9722222222222222,36,850,600,250,0.7058823529411765,11,6,5,387.7408626670168,0.41412037037037036,0.0035416188069530286,0.20310902228514133,126917.01630015434,2642.182677469138,129559.19897762348,1745,2,347.3611111111111,35,1,17,38.322708476912474,0.5910714285714286,48.09027777777778,1007.638888888889,28.789682539682545,8
4256,4,4,2,37,0.10256410256410256,0.05128205128205128,0.9487179487179487,39,1000,500,500,0.5,15,5,10,362.9920903272553,0.4255229419703104,0.013172724711186135,0.19430753070458942,127793.20987654306,1477.5848765431933,129270.79475308624,1746,0,321.4871794871795,38,1,14,38.04658882783882,0.5942982456140351,47.222222222222214,1011.11111111111,26.608187134502895,0
4257,4,1,0,38,0.02631578947368421,0.0,1.0,38,750,500,250,0.6666666666666666,10,5,5,380.0637433156099,0.42094890943575153,0.04324317382034848,0.1951755914921514,126105.37413494801,2216.133084497402,128321.50721944541,1747,0,330.92105263157896,33,5,16,39.35354644542053,0.5871212121212122,48.897058823529406,1004.4117647058816,30.436720142602475,8
4258,4,4,3,39,0.09523809523809523,0.07142857142857142,0.9285714285714286,42,850,600,250,0.7058823529411765,11,6,5,347.5535481224907,0.43641114982578394,0.05990389011152586,0.18335598846179427,127205.59030314072,445.9955252994246,127651.58582844015,1748,0,300.3095238095238,36,6,18,39.03889447049193,0.5920138888888888,47.80405405405404,1008.7837837837817,28.021771771771714,0
4259,4,2,2,39,0.04878048780487805,0.04878048780487805,0.9512195121951219,41,650,400,250,0.6153846153846154,9,4,5,346.8992758177484,0.43630589430894307,0.08294750357719916,0.18404135544271788,127432.89531085134,641.2758197386497,128074.17113058998,1749,0,306.4146341463415,36,5,16,38.822356680794115,0.5943287037037037,47.578828828828826,1009.6846846846843,28.046796796796784,0
4260,4,1,1,39,0.025,0.025,0.975,40,550,300,250,0.5454545454545454,8,3,5,352.123278210072,0.4312099358974359,0.0814686317238218,0.18618331490076492,127296.33012099168,964.8002132630081,128261.13033425469,1750,0,315.0,35,5,19,38.83054727224072,0.5949404761904762,47.71412037037036,1009.1435185185164,28.8326719576719,0
4261,4,0,1,38,0.0,0.02564102564102564,0.9743589743589743,39,1050,600,450,0.5714285714285714,15,6,9,348.12123368780306,0.42990890688259115,0.07379123943541122,0.18455983796636022,127404.47108848701,1070.4403305332187,128474.91141902024,1751,1,319.4102564102564,36,3,16,38.82064510131994,0.5940393518518519,47.606981981981974,1009.572072072071,28.04366866866864,0
4262,4,0,0,38,0.0,0.0,1.0,38,1700,1300,400,0.7647058823529411,21,13,8,352.6893602415731,0.4279427453769559,0.06974300574098646,0.187113183664257,127432.89531085132,1388.8452641830943,128821.74057503442,1752,3,328.7894736842105,36,2,17,38.676202691649955,0.5943287037037037,47.578828828828826,1009.684684684684,28.04679679679678,0
4263,4,0,1,37,0.0,0.02631578947368421,0.9736842105263158,38,1100,700,400,0.6363636363636364,15,7,8,350.86228441088036,0.4276612138454244,0.07076310215959003,0.18680032958160261,127575.06397867446,1352.2556762843753,128927.31965495883,1753,4,329.7894736842105,36,2,17,38.57661724817004,0.595775462962963,47.438063063063055,1010.2477477477464,28.0624374374374,0
4264,4,1,0,38,0.02631578947368421,0.0,1.0,38,1050,700,350,0.6666666666666666,14,7,7,337.884157568543,0.43121740161213845,0.05933490156382071,0.17244717935915982,125851.22495623646,904.6270246614251,126755.85198089789,1754,0,325.7631578947368,37,1,18,40.67440261537899,0.576295045045045,49.15021929824561,1003.399122807017,27.11889521100046,8
4265,4,2,1,39,0.05,0.025,0.975,40,1400,1200,200,0.8571428571428571,16,12,4,322.6729537092073,0.4372596153846154,0.06223302518329632,0.16675865828431335,126365.8905530899,155.11831146609583,126521.008864556,1755,0,310.425,38,2,15,40.527042822229305,0.5797697368421053,48.637820512820504,1005.4487179487165,26.459176788124118,0
4266,4,1,0,40,0.025,0.0,1.0,40,1000,800,200,0.8,12,8,4,321.49120887885607,0.437900641025641,0.06311218527568307,0.16636595652428104,126419.60612763897,128.55839999269696,126548.16452763167,1756,0,311.4,38,2,16,40.50161124685718,0.5803179824561404,48.58440170940171,1005.6623931623931,26.464799820062975,0
4267,4,0,0,40,0.0,0.0,1.0,40,1550,1100,450,0.7096774193548387,20,11,9,319.217794238048,0.4374198717948718,0.056780538302277694,0.16578730603976038,126567.38281250001,80.51215277777786,126647.8949652778,1757,1,312.4,39,1,16,40.407177363699105,0.5801282051282051,48.4375,1006.2500000000001,25.801282051282055,0
4268,4,2,1,41,0.047619047619047616,0.023809523809523808,0.9761904761904762,42,1300,1000,300,0.7692307692307693,16,10,6,312.47865582951977,0.4441298877274487,0.07831562377016943,0.16439094502335613,127092.01388888898,-457.2916666666562,126634.72222222232,1758,0,298.4761904761905,41,1,18,40.03960055096419,0.5823170731707317,47.91666666666667,1008.3333333333342,24.59349593495937,0
4269,4,2,1,42,0.046511627906976744,0.023255813953488372,0.9767441860465116,43,1400,1100,300,0.7857142857142857,17,11,6,307.69118230595353,0.44638242894056845,0.08957894149796375,0.1637407134017135,127556.54450040574,-750.3952023616303,126806.14929804411,1759,0,292.25581395348837,42,1,14,39.68585131894481,0.5855654761904762,47.45639534883721,1010.1744186046521,24.051771871539337,0
4270,4,2,1,43,0.045454545454545456,0.022727272727272728,0.9772727272727273,44,1300,800,500,0.6153846153846154,18,8,10,311.3287539942507,0.4458355355884425,0.1135725647983532,0.16761563697413392,128024.70842121512,-828.4454093491604,127196.26301186596,1760,0,286.5681818181818,43,1,17,39.1165473628396,0.5889050387596899,46.99337121212122,1012.0265151515163,23.53550035236084,0
4271,4,3,3,43,0.06521739130434782,0.06521739130434782,0.9347826086956522,46,1250,800,450,0.64,17,8,9,300.9158847963126,0.4487117552334943,0.1436567639933699,0.1649715702822226,128747.91843820846,-1451.3170535948677,127296.60138461359,1761,0,274.80434782608694,41,5,17,38.64491691104595,0.5990853658536586,46.2797619047619,1014.8809523809512,24.753193960511005,0
4272,4,0,1,42,0.0,0.023255813953488372,0.9767441860465116,43,700,400,300,0.5714285714285714,10,4,6,320.48438716181727,0.44354466592838687,0.1463068982849296,0.17400082497022515,128360.96871803988,-372.46272098036843,127988.5059970595,1762,1,294.5348837209302,38,5,20,38.54221577930065,0.6000548245614035,46.661324786324776,1013.3547008546996,26.667228969860513,0
4273,4,2,0,44,0.045454545454545456,0.0,1.0,44,1650,1000,650,0.6060606060606061,23,10,13,312.5396016512035,0.4460117159971811,0.1495745633676666,0.17147443009511965,128778.1249999999,-750.3472222222358,128027.77777777766,1763,0,288.6363636363636,39,5,19,38.31930760810069,0.6025641025641026,46.24999999999999,1014.9999999999992,26.025641025641004,0
4274,4,2,0,46,0.043478260869565216,0.0,1.0,46,1050,700,350,0.6666666666666666,14,7,7,303.49123736959154,0.44845008051529794,0.15863775750403986,0.1686226923726654,129277.0448022956,-1353.1099418934562,127923.93486040214,1764,0,277.04347826086956,41,5,22,38.04293483562578,0.6044207317073171,45.758928571428555,1016.9642857142832,24.80400696864105,0
4275,4,1,2,45,0.02127659574468085,0.0425531914893617,0.9574468085106383,47,1050,600,450,0.5714285714285714,15,6,9,296.11423000497496,0.4498535306814678,0.16379415075849035,0.16586185122027028,129595.74619914645,-1724.971080463934,127870.77511868252,1765,0,272.1276595744681,42,5,14,37.90802245907883,0.6061507936507937,45.44573643410852,1018.217054263564,24.243263196751524,0
4276,4,0,0,45,0.0,0.0,1.0,45,1650,1400,250,0.8484848484848485,19,14,5,309.4319178152823,0.44770622895622897,0.15987037776890056,0.17249623391796187,129408.11107806144,-991.4000016525083,128416.71107640893,1766,1,284.84444444444443,40,5,23,37.75906412305233,0.6072916666666667,45.63008130081298,1017.4796747967434,25.436991869918586,0
4277,4,1,0,46,0.021739130434782608,0.0,1.0,46,1200,800,400,0.6666666666666666,16,8,8,301.8106072744754,0.44810789049919486,0.16185174209389963,0.16974780595338745,129756.71315980054,-1367.609520660161,128389.10363914038,1767,0,279.6304347826087,41,5,17,37.60021097046413,0.6092479674796748,45.28769841269839,1018.8492063492029,24.849980642663485,0
4278,4,0,3,43,0.0,0.06521739130434782,0.9347826086956522,46,1350,1100,250,0.8148148148148148,16,11,5,304.0924169946314,0.44777576489533016,0.16581033439281545,0.1713626659235239,129832.53146455305,-1303.7823404825308,128528.74912407051,1768,1,280.6304347826087,41,5,18,37.46542311561048,0.610010162601626,45.21329365079363,1019.1468253968224,24.857239643824936,0
4279,4,1,0,44,0.022727272727272728,0.0,1.0,44,1350,1200,150,0.8888888888888888,15,12,3,320.9893298646601,0.44551620859760394,0.18084661299020066,0.18017414853138075,129678.3908420141,-474.92404513886913,129203.46679687522,1769,0,293.95454545454544,39,5,19,37.19105815776914,0.6116452991452992,45.36458333333334,1018.5416666666683,26.116452991453034,0
4280,4,0,0,44,0.0,0.0,1.0,44,1150,700,450,0.6086956521739131,16,7,9,321.12051804229446,0.44537306201550386,0.17721139639262917,0.18085906896993492,129811.04736328141,-463.0018446180409,129348.04551866336,1770,1,294.95454545454544,39,5,20,37.053328052063094,0.6129807692307692,45.23437500000001,1019.0625000000013,26.129807692307725,0
4281,4,0,1,43,0.0,0.022727272727272728,0.9772727272727273,44,1600,900,700,0.5625,23,9,14,321.87285304501967,0.44526294926004223,0.17776131603146994,0.18177551141094128,129917.22140842046,-436.63465711802127,129480.58675130244,1771,2,295.95454545454544,39,5,21,36.926641633459354,0.6140491452991452,45.13020833333335,1019.4791666666692,26.14049145299152,0
4282,4,0,0,43,0.0,0.0,1.0,43,1350,900,450,0.6666666666666666,18,9,9,331.18623012983596,0.44266795865633074,0.16790312474858338,0.18660280267032003,129826.698501078,-0.637030644991512,129826.06147043301,1772,3,303.4418604651163,38,5,21,36.7810217702764,0.6148574561403508,45.21901709401712,1019.1239316239356,26.81905083220883,0
4283,4,0,1,42,0.0,0.023255813953488372,0.9767441860465116,43,1100,800,300,0.7272727272727273,14,8,6,333.12757486676355,0.44227574750830567,0.16886728756919367,0.18795802435267892,129881.1445891779,53.39814358249487,129934.5427327604,1773,4,304.4418604651163,38,5,21,36.67636166719076,0.6154057017543859,45.16559829059832,1019.3376068376106,26.824673864147645,0
4284,4,1,1,42,0.023255813953488372,0.023255813953488372,0.9767441860465116,43,950,700,250,0.7368421052631579,12,7,5,334.56794465101916,0.44289867109634556,0.13499034984995162,0.18372727867614264,128814.23017259919,19.98174556747665,128834.21191816666,1774,0,303.9767441860465,40,3,17,37.72357927053094,0.6013020833333333,46.214430894308954,1015.1422764227658,25.378556910569145,8
4285,4,2,0,44,0.045454545454545456,0.0,1.0,44,1250,800,450,0.64,17,8,9,324.8454716474063,0.44581351303735023,0.13319672131147486,0.18014157973174375,129201.38888888911,-405.3218363738314,128796.06705251528,1775,0,292.9318181818182,40,4,19,37.57684426229508,0.6052083333333333,45.83333333333334,1016.6666666666684,25.41666666666671,0
4286,4,0,0,44,0.0,0.0,1.0,44,1200,900,300,0.75,15,9,6,339.83723354410796,0.44507575757575757,0.13279724591511677,0.18484941976622243,128434.73442925369,20.526801215302612,128455.26123046898,1776,1,293.9318181818182,39,5,15,37.97667677182888,0.5990918803418803,46.58854166666668,1013.6458333333351,25.990918803418847,7
4287,4,0,2,42,0.0,0.045454545454545456,0.9545454545454546,44,900,700,200,0.7777777777777778,11,7,4,337.0677765141432,0.44470137420718814,0.036133652443812725,0.1824970522730251,128250.02170138907,15.828450520852812,128265.85015190992,1777,2,294.9318181818182,39,5,17,38.235294117647065,0.5972222222222222,46.77083333333334,1012.9166666666681,25.97222222222226,8
4288,4,0,0,42,0.0,0.0,1.0,42,1200,800,400,0.6666666666666666,16,8,8,346.09206839357813,0.4408754355400697,0.0496654604686646,0.187409057902689,128255.57503270231,477.6474492151359,128733.22248191744,1778,3,309.4761904761905,37,5,17,38.00110052680955,0.6007882882882882,46.76535087719298,1012.9385964912276,27.37671882408723,0
4289,4,1,2,41,0.023255813953488372,0.046511627906976744,0.9534883720930233,43,1300,1000,300,0.7692307692307693,16,10,6,337.2615446642935,0.4433831672203765,0.05395074403412781,0.18385693971331474,128523.41666894947,69.20120626049751,128592.61787520997,1779,0,303.25581395348837,38,5,16,37.951524251044845,0.6016995614035088,46.501068376068375,1013.9957264957261,26.684098065677002,0
4290,4,0,1,40,0.0,0.024390243902439025,0.975609756097561,41,1200,1000,200,0.8333333333333334,14,10,4,338.38294651707014,0.44029471544715443,0.06917668519195952,0.18442438977587716,128513.93771701412,497.3849826389128,129011.32269965304,1780,1,314.5609756097561,39,2,16,37.93276145469488,0.5998931623931624,46.51041666666668,1013.9583333333353,25.998931623931675,0
4291,4,0,1,39,0.0,0.025,0.975,40,800,600,200,0.75,10,6,4,344.8742765951603,0.4412393162393162,0.0691055658246047,0.18846159963432507,128619.58007812513,871.5169270833482,129491.09700520847,1781,2,320.6,39,1,17,37.6604538919696,0.6009615384615384,46.40625000000001,1014.375000000001,26.00961538461541,0
4292,4,0,0,39,0.0,0.0,1.0,39,1150,900,250,0.782608695652174,14,9,5,343.8957225609362,0.43904633378317587,0.08527929197614403,0.18824078830900332,128685.96734832697,1050.9107449411795,129736.87809326815,1782,3,329.28205128205127,38,1,17,37.617580990488214,0.6033442982456141,46.34081196581196,1014.6367521367509,26.700967161493445,0
4293,4,0,0,39,0.0,0.0,1.0,39,1200,800,400,0.6666666666666666,16,8,8,341.9915854709173,0.43938371569950513,0.08905802193290646,0.18750838588875351,128751.69406467023,1006.3991970486212,129758.09326171885,1783,4,330.28205128205127,39,0,17,37.5988957884293,0.6022970085470085,46.27604166666667,1014.8958333333342,26.022970085470106,0
4294,4,0,0,39,0.0,0.0,1.0,39,1350,1000,350,0.7407407407407407,17,10,7,351.0909285377952,0.43929937022042287,0.05950366852454603,0.18509249246103746,127177.19144397747,1140.5330484887002,128317.72449246616,1784,5,331.28205128205127,36,3,13,38.97882475531242,0.591724537037037,47.83220720720719,1008.6711711711688,28.01864364364358,8
4295,4,0,1,38,0.0,0.02564102564102564,0.9743589743589743,39,1150,800,350,0.6956521739130435,15,8,7,347.958187181123,0.4394961763382816,0.058402014652014556,0.18382696681266822,127262.39753266738,1056.3986283580393,128318.79616102543,1785,6,332.28205128205127,36,3,13,38.97042410714285,0.5925925925925926,47.747747747747724,1009.0090090090056,28.028028028027933,0
4296,4,1,1,38,0.02564102564102564,0.02564102564102564,0.9743589743589743,39,750,300,450,0.4,12,3,9,345.6684024464562,0.4418297345928925,0.07382053283692636,0.18351738097912182,127461.32270361556,1011.8703585341841,128473.19306214974,1786,0,332.71794871794873,36,3,10,38.82430021188803,0.5946180555555556,47.55067567567566,1009.7972972972956,28.049924924924877,0
4297,4,1,1,38,0.02564102564102564,0.02564102564102564,0.9743589743589743,39,1100,600,500,0.5454545454545454,16,6,10,350.1774234020823,0.44368533513270353,0.0012191869546995804,0.1822857283588074,126661.46746475252,1070.7972642267293,127732.26472897925,1787,0,333.15384615384613,38,1,16,39.531592726243524,0.5827850877192983,48.34401709401708,1006.62393162393,26.490103463787634,8
4298,4,2,1,39,0.05,0.025,0.975,40,800,500,300,0.625,11,5,6,344.9256420647469,0.4429220085470085,0.037754129606099696,0.18218555725164792,127253.65713346464,779.3403919205032,128032.99752538514,1788,0,325.75,38,2,18,39.055882041507836,0.5888157894736843,47.75641025641025,1008.9743589743575,26.55195681511467,0
4299,4,0,2,37,0.0,0.05128205128205128,0.9487179487179487,39,1050,800,250,0.7619047619047619,13,8,5,345.26671499542306,0.44093004948268105,0.04952269247059604,0.18236570785328696,127253.65713346466,987.2904339250327,128240.9475673897,1789,1,334.7692307692308,38,1,18,39.04727869546802,0.5888157894736843,47.75641025641025,1008.9743589743576,26.551956815114675,0
4300,4,3,1,39,0.075,0.025,0.975,40,900,700,200,0.7777777777777778,11,7,4,338.81259122474677,0.4437366452991453,0.0812854198866566,0.18116673266314973,127749.32861328124,656.6162109374995,128405.94482421874,1790,0,326.375,39,1,19,38.70266615146832,0.5921474358974359,47.265625,1010.9374999999999,25.921474358974358,0
4301,4,1,0,40,0.025,0.0,1.0,40,1150,700,450,0.6086956521739131,16,7,9,341.24271987681135,0.4440304487179487,0.08840747605807864,0.18318452474979074,127907.33642578125,729.489474826389,128636.82590060764,1791,0,327.35,39,1,20,38.47966652936532,0.59375,47.109375,1011.5625,25.9375,0
4302,4,0,0,40,0.0,0.0,1.0,40,1400,1100,300,0.7857142857142857,17,11,6,339.7217461621257,0.4434294871794872,0.08936509569870377,0.1832084311433708,128091.8023003474,703.1141493055748,128794.91644965297,1792,1,328.35,39,1,20,38.32964601769912,0.5956196581196581,46.92708333333334,1012.2916666666681,25.956196581196618,0
4303,4,1,1,40,0.024390243902439025,0.024390243902439025,0.975609756097561,41,1200,800,400,0.6666666666666666,16,8,8,330.7348329787608,0.44364837398373985,0.09086738415950335,0.17966047962313605,128381.94580078138,292.0871310764032,128674.03293185779,1793,0,321.3170731707317,39,2,15,38.26114794257718,0.5985576923076923,46.64062500000001,1013.437500000001,25.985576923076948,0
4304,4,0,0,40,0.0,0.0,1.0,40,800,500,300,0.625,11,5,6,336.5205896490947,0.44250801282051283,0.08681962025316459,0.18208990809779782,128225.67389875081,630.1158777120331,128855.78977646284,1794,3,330.35,38,2,20,38.27399789029538,0.5986842105263157,46.794871794871796,1012.8205128205128,26.653171390013494,0
4305,4,0,0,40,0.0,0.0,1.0,40,900,500,400,0.5555555555555556,13,5,8,339.8730911722922,0.442454594017094,0.08708605779371448,0.1841529514568957,128279.7832657608,719.7692946891589,128999.55256044996,1795,4,331.35,38,2,20,38.133876467693156,0.5992324561403508,46.74145299145299,1013.0341880341878,26.658794421952308,0
4306,4,0,0,40,0.0,0.0,1.0,40,950,500,450,0.5263157894736842,14,5,9,342.0025132670608,0.44236111111111115,0.0849768103720887,0.18593569302949026,128415.1066207356,783.6578411498283,129198.76446188544,1796,5,332.35,38,2,15,37.94183268332104,0.6006030701754386,46.60790598290598,1013.5683760683759,26.672852001799367,0
4307,4,0,0,40,0.0,0.0,1.0,40,1100,800,300,0.7272727272727273,14,8,6,342.7734301419481,0.44196047008547007,0.08433845991783429,0.18711605361342784,128577.58881446772,814.5962314632073,129392.18504593092,1797,6,333.35,38,2,16,37.75654868499596,0.6022478070175439,46.44764957264957,1014.2094017094008,26.689721097615813,0
4308,4,0,1,39,0.0,0.025,0.975,40,1350,1000,350,0.7407407407407407,17,10,7,347.0867590027699,0.44135950854700856,0.09214736842105276,0.19037668651999512,128767.28121119151,938.6836602381492,129705.96487142966,1798,7,334.35,38,2,16,37.45372807017543,0.6041666666666667,46.26068376068376,1014.9572649572654,26.70940170940172,0
4309,4,1,0,40,0.025,0.0,1.0,40,1400,900,500,0.6428571428571429,19,9,10,343.2121684547378,0.4413995726495727,0.0970142977291848,0.189804310833806,129092.79348381903,861.2435166922269,129954.03700051125,1799,0,333.175,38,2,17,37.22052845528457,0.6074561403508771,45.94017094017094,1016.2393162393154,26.743139901034613,0
4310,4,0,1,39,0.0,0.025,0.975,40,650,400,250,0.6153846153846154,9,4,5,343.2528370031113,0.44133279914529916,0.09294386628823759,0.189957198278685,129119.9380547336,864.1570101906526,129984.09506492426,1800,1,334.175,38,2,18,37.19186902133923,0.6077302631578947,45.91346153846153,1016.3461538461529,26.745951417004022,0
4311,4,0,1,38,0.0,0.02564102564102564,0.9743589743589743,39,1000,600,400,0.6,14,6,8,347.0169309325448,0.4403396311291048,0.10487599831862116,0.19243666169895673,129201.38888888893,1167.039571005921,130368.42845989486,1801,2,342.6666666666667,36,3,18,37.01331967213115,0.6122685185185186,45.833333333333336,1016.6666666666671,28.24074074074075,0
4312,4,0,0,38,0.0,0.0,1.0,38,1200,900,300,0.75,15,9,6,353.01570736872793,0.4379741583688952,0.10536521358798634,0.19533824396093014,129115.53603857239,1515.962457389827,130631.49849596222,1802,3,352.3421052631579,36,2,18,36.94829178208681,0.611400462962963,45.917792792792795,1016.3288288288292,28.231356356356365,0
4313,4,0,0,38,0.0,0.0,1.0,38,1000,600,400,0.6,14,6,8,358.10266057511393,0.43727773826458033,0.11496980155306247,0.19858420268256338,129201.38888888907,1653.4722222222408,130854.8611111113,1803,4,353.3421052631579,36,2,18,36.73155737704917,0.6122685185185186,45.83333333333334,1016.6666666666681,28.24074074074078,0
4314,4,1,1,38,0.02564102564102564,0.02564102564102564,0.9743589743589743,39,1200,900,300,0.75,15,9,6,354.98710058890225,0.43932748538011696,0.11898783825962567,0.19839525916717493,129508.13140822163,1394.7432142582165,130902.87462247984,1804,0,345.2564102564103,37,2,14,36.49850533232791,0.6134572072072072,45.53179824561403,1017.8728070175428,27.510075865338994,0
4315,4,0,0,38,0.0,0.0,1.0,38,1300,1100,200,0.8461538461538461,15,11,4,362.0449107094029,0.43607752489331436,0.11350457980434259,0.19302259106479888,127631.2242037402,1641.6470341149789,129272.87123785519,1805,6,355.3421052631579,38,0,17,38.236589835765145,0.5926535087719298,47.38247863247863,1010.4700854700853,26.591318038686456,8
4316,4,0,1,37,0.0,0.02631578947368421,0.9736842105263158,38,1250,900,350,0.72,16,9,7,362.3726290537446,0.4361071597913703,0.11193805693688885,0.19371580881957812,127739.20323800136,1657.8381821170358,129397.04142011839,1806,7,356.3421052631579,38,0,17,38.117601986894954,0.59375,47.27564102564103,1010.8974358974363,26.602564102564113,0
4317,4,1,1,37,0.02631578947368421,0.02631578947368421,0.9736842105263158,38,800,500,300,0.625,11,5,6,363.0733559652341,0.43678876244665715,0.13500733463726844,0.19539947884674447,128009.35057345338,1695.3569015267951,129704.70747498018,1807,0,357.13157894736844,38,0,19,37.82310142173423,0.5964912280701755,47.00854700854702,1011.9658119658139,26.630679262258262,0
4318,4,1,1,37,0.02631578947368421,0.02631578947368421,0.9736842105263158,38,1000,500,500,0.5,15,5,10,358.3979278710942,0.4366850403034614,0.12458383913654858,0.19495956846553067,128437.6674489883,1606.5727925047222,130044.24024149303,1808,0,336.7105263157895,35,3,15,37.50333028849811,0.6065476190476191,46.585648148148145,1013.6574074074072,28.961640211640205,0
4319,4,1,0,38,0.02631578947368421,0.0,1.0,38,1150,900,250,0.782608695652174,14,9,5,351.93896275604806,0.439900426742532,0.12387486114030088,0.19243574601102675,128643.06205257622,1454.9011649091137,130097.96321748533,1809,0,334.36842105263156,35,3,16,37.457335044685315,0.6086309523809523,46.38310185185185,1014.4675925925919,28.98478835978834,0
4320,4,0,0,38,0.0,0.0,1.0,38,1450,1200,250,0.8275862068965517,17,12,5,351.6581222098346,0.4381667852062589,0.11790383085142686,0.19337020259281862,128867.1754770697,1463.437788550304,130330.61326562,1810,1,335.36842105263156,37,1,17,37.23587113030957,0.6069819819819819,46.162280701754376,1015.3508771929811,27.4419155998103,0
4321,4,0,0,38,0.0,0.0,1.0,38,700,500,200,0.7142857142857143,9,5,4,354.40164286514516,0.4374407302038881,0.11679361424174628,0.19545538401170529,128984.24373584628,1542.4455767404438,130526.68931258672,1811,2,336.36842105263156,38,0,18,37.04687280886272,0.606359649122807,46.047008547008545,1015.8119658119656,26.73189383715699,0
4322,4,0,0,38,0.0,0.0,1.0,38,800,500,300,0.625,11,5,6,355.01784591736777,0.4371295637743006,0.11640857109661584,0.19646799116997793,129119.93805473376,1567.976454635111,130687.91450936887,1812,3,337.36842105263156,38,0,18,36.892935982339964,0.6077302631578947,45.91346153846154,1016.3461538461542,26.745951417004058,0
4323,4,2,1,39,0.05,0.025,0.975,40,850,500,350,0.5882352941176471,12,5,7,340.26531927831905,0.4414129273504273,0.11763866451265503,0.19043782335739562,129563.94184989613,817.3002544535793,130381.24210434972,1813,0,321.45,37,3,16,36.816437802907906,0.6140202702702703,45.47697368421053,1018.0921052631579,27.516002844950215,0
4324,4,1,2,38,0.025,0.05,0.95,40,800,500,300,0.625,11,5,6,328.62253783996186,0.44131944444444443,0.12031093781243696,0.18199793042498932,129149.73416121388,488.30268028292835,129638.03684149681,1814,0,322.425,40,0,18,37.533326667999724,0.6046875,45.88414634146343,1016.463414634149,25.411585365853725,8
4325,4,0,1,37,0.0,0.02631578947368421,0.9736842105263158,38,900,600,300,0.6666666666666666,12,6,6,338.79093297844463,0.43790007112375534,0.1354249096613891,0.18723071258326485,129065.65176647318,1145.2545154869013,130210.90628196008,1815,1,337.60526315789474,38,0,20,37.36046858024042,0.6071820175438596,45.96688034188035,1016.1324786324794,26.740328385065247,0
4326,4,1,0,38,0.02631578947368421,0.0,1.0,38,400,200,200,0.5,6,2,4,335.60214424806856,0.4384038643907065,0.1433197104350663,0.18623472925999252,129228.54487407785,1073.8753515596636,130302.42022563751,1816,0,338.36842105263156,38,0,21,37.27583972540367,0.6088267543859649,45.80662393162394,1016.7735042735053,26.757197480881718,0
4327,4,2,2,38,0.05,0.05,0.95,40,1450,1000,450,0.6896551724137931,19,10,9,326.0365259535766,0.44314903846153847,0.15711828064226618,0.18355801492063525,129796.1605711714,463.6578549474703,130259.81842611886,1817,0,322.4,40,0,18,36.94317010737678,0.6111979166666667,45.248983739837406,1019.0040650406514,25.475101626016286,0
4328,4,0,0,38,0.0,0.0,1.0,38,1350,1200,150,0.8888888888888888,15,12,3,339.91316976598984,0.43835941204362255,0.158308941293422,0.1903274093930603,129581.83235627161,1209.3142760610879,130791.1466323327,1818,1,340.3421052631579,38,0,19,36.80723154949282,0.612390350877193,45.45940170940172,1018.1623931623944,26.793747188484065,0
4329,4,0,1,37,0.0,0.02631578947368421,0.9736842105263158,38,1250,1000,250,0.8,15,10,5,337.20386755742254,0.43733700806069226,0.14944466207977203,0.18999336636918224,129826.69850107757,1155.6129693549633,130982.31147043253,1819,2,341.3421052631579,38,0,20,36.6277038124192,0.6148574561403508,45.2190170940171,1019.1239316239321,26.819050832208738,0
4330,4,0,0,37,0.0,0.0,1.0,37,1050,900,150,0.8571428571428571,12,9,3,337.6465214137609,0.4349974974974975,0.14913267575416667,0.19059500361771342,129899.05698147528,1371.9929449446254,131271.04992641992,1820,3,349.64864864864865,37,0,20,36.543038076798965,0.6173986486486487,45.14802631578949,1019.4078947368438,27.5515647226174,0
4331,4,3,3,37,0.075,0.075,0.925,40,1200,800,400,0.6666666666666666,16,8,8,319.48111788294796,0.43867521367521367,0.137977488030967,0.18416595033804492,130714.91021050377,352.69709640229223,131067.60730690607,1821,0,324.35,39,1,18,36.181390275372664,0.6220619658119658,44.34895833333335,1022.604166666669,26.22061965811972,0
4332,4,0,0,37,0.0,0.0,1.0,37,1250,1100,150,0.88,14,11,3,343.10597519983094,0.43681181181181183,0.1361754387010803,0.1957798538160397,130320.07250071033,1542.7191126937882,131862.79161340412,1822,1,348.1081081081081,36,1,21,35.977078048601136,0.6235532407407407,44.73536036036037,1021.0585585585599,28.362737737737774,0
4333,4,0,0,37,0.0,0.0,1.0,37,1150,900,250,0.782608695652174,14,9,5,345.9772826597489,0.43665540540540543,0.13133371466704813,0.19815062552331067,130463.8422205989,1627.5051233665995,132091.3473439655,1823,2,349.1081081081081,36,1,21,35.75814778071722,0.625,44.59459459459459,1021.621621621621,28.37837837837836,0
4334,4,0,1,36,0.0,0.02702702702702703,0.972972972972973,37,1100,500,600,0.45454545454545453,17,5,12,346.9498814622973,0.4359359359359359,0.13310743816417503,0.19944674313066937,130607.69120049084,1662.8645960149129,132270.55579650574,1824,3,350.1081081081081,36,1,19,35.58765744923065,0.6264467592592593,44.45382882882882,1022.1846846846831,28.394019019018977,0
4335,4,0,0,36,0.0,0.0,1.0,36,900,700,200,0.7777777777777778,11,7,4,367.95328967002706,0.43487103174603176,0.10577218960402757,0.20389897764587686,129172.76810171657,2305.9089917620295,131478.67709347862,1825,4,359.25,36,0,22,36.51037627857167,0.6119791666666667,45.861486486486484,1016.554054054054,28.237612612612608,7
4336,4,0,1,35,0.0,0.027777777777777776,0.9722222222222222,36,1200,900,300,0.75,15,9,6,364.82717454679965,0.43411044973544977,0.10342157494848414,0.203069413368703,129348.51794249393,2237.9740369553383,131586.49197944926,1826,5,360.25,35,1,22,36.41068855008155,0.6157738095238094,45.688657407407405,1017.2453703703698,29.064153439153422,0
4337,4,0,0,35,0.0,0.0,1.0,35,1000,600,400,0.6,14,6,8,374.92396019416464,0.4349439775910364,0.11317575473905928,0.20887224014467598,129383.00028344661,2701.7573696145005,132084.75765306113,1827,6,367.0571428571429,34,1,22,36.11874951244246,0.6182598039215687,45.6547619047619,1017.3809523809516,29.922969187675047,0
4338,4,0,1,34,0.0,0.02857142857142857,0.9714285714285714,35,1150,1000,150,0.8695652173913043,13,10,3,370.9318654515087,0.4350140056022409,0.11077067009706498,0.20744528328815248,129534.44054705213,2609.690334467118,132144.13088151926,1828,7,368.0571428571429,34,1,17,36.065957197988546,0.6197916666666667,45.50595238095238,1017.9761904761903,29.940476190476183,0
4339,4,1,1,34,0.02857142857142857,0.02857142857142857,0.9714285714285714,35,450,200,250,0.4444444444444444,7,2,5,369.36904969866373,0.43539915966386555,0.1205607476635513,0.20801309640924742,129807.25623582759,2589.356575963712,132396.6128117913,1829,0,367.0571428571429,34,1,18,35.82797897196262,0.6225490196078431,45.238095238095234,1019.0476190476185,29.97198879551819,0
4340,4,1,0,35,0.02857142857142857,0.0,1.0,35,1100,800,300,0.7272727272727273,14,8,6,365.49087133625835,0.43557422969187676,0.13645796898682505,0.20857053915176904,130323.35778061223,2526.399518140585,132849.7572987528,1830,0,361.8857142857143,34,1,21,35.40233570401461,0.6277573529411764,44.732142857142854,1021.0714285714286,30.031512605042018,0
4341,4,0,0,35,0.0,0.0,1.0,35,850,400,450,0.47058823529411764,13,4,9,364.32829861372574,0.43515406162464987,0.14347978091131575,0.2085591147701389,130444.94224773248,2504.956774376423,132949.8990221089,1831,1,362.8857142857143,34,1,22,35.3086275880822,0.6289828431372548,44.61309523809524,1021.5476190476195,30.045518207282925,0
4342,4,0,0,35,0.0,0.0,1.0,35,950,600,350,0.631578947368421,13,6,7,364.3198595929896,0.4349089635854342,0.14875378523177263,0.20937418436850122,130597.00255102041,2515.816326530615,133112.81887755104,1832,2,363.8857142857143,34,1,18,35.15461215932915,0.6305147058823529,44.464285714285715,1022.1428571428572,30.063025210084035,0
4343,4,1,0,36,0.027777777777777776,0.0,1.0,36,1100,800,300,0.7272727272727273,14,8,6,354.6397585462119,0.4354332010582011,0.1469492505057357,0.20564454982453473,130942.84664619781,2087.5079035922586,133030.35454979006,1833,0,354.75,35,1,20,35.05185363187456,0.6318452380952381,44.12615740740741,1023.4953703703712,29.242724867724892,0
4344,4,0,0,36,0.0,0.0,1.0,36,650,100,550,0.15384615384615385,12,1,11,350.98195260424126,0.4349702380952381,0.14968350853396628,0.20415104107098783,131061.33355034734,2000.0325520833435,133061.36610243068,1834,1,355.75,35,1,21,35.025644286198705,0.6330357142857144,44.01041666666667,1023.9583333333343,29.255952380952408,0
4345,4,0,0,36,0.0,0.0,1.0,36,950,600,350,0.631578947368421,13,6,7,352.9422579718472,0.43449074074074073,0.15489642184557462,0.20576673142627472,131150.23389274706,2057.6919367284167,133207.92582947548,1835,2,356.75,35,1,21,34.88559322033898,0.6339285714285714,43.92361111111112,1024.3055555555568,29.26587301587305,0
4346,4,0,0,36,0.0,0.0,1.0,36,1250,900,350,0.72,16,9,7,354.317452268507,0.4337962962962963,0.15694726802700587,0.20720784163707812,131268.81456832998,2102.166388031557,133370.98095636154,1836,3,357.75,35,1,21,34.73053610420902,0.6351190476190476,43.807870370370374,1024.7685185185192,29.279100529100546,0
4347,4,0,0,36,0.0,0.0,1.0,36,1100,700,400,0.6363636363636364,15,7,8,355.823256065188,0.43273809523809526,0.1524456311431006,0.20907650257472946,131450.1771541952,2154.619404989389,133604.7965591846,1837,4,358.75,34,2,21,34.5087454531383,0.639093137254902,43.630952380952394,1025.4761904761922,30.16106442577036,0
4348,4,0,0,36,0.0,0.0,1.0,36,1650,1400,250,0.8484848484848485,19,14,5,359.15100586237145,0.43186177248677243,0.16238076823923664,0.21204668976257834,131633.3616780046,2255.2508503401446,133888.61252834476,1838,5,359.75,34,2,19,34.23844740912607,0.6409313725490196,43.452380952380956,1026.1904761904768,30.18207282913167,0
4349,4,0,0,36,0.0,0.0,1.0,36,650,500,150,0.7692307692307693,8,5,3,359.451024500387,0.43174603174603177,0.15933637500161058,0.21239391927469778,131663.90483276668,2265.345096371904,133929.24992913858,1839,6,360.75,34,2,19,34.19991880292309,0.6412377450980392,43.42261904761906,1026.3095238095257,30.18557422969193,0
4350,4,0,0,36,0.0,0.0,1.0,36,1200,900,300,0.75,15,9,6,358.3141560861351,0.4307043650793651,0.16396229330860757,0.2129156018396125,131877.806122449,2250.73696145125,134128.54308390024,1840,7,361.75,34,2,20,34.0132900633596,0.6433823529411764,43.214285714285715,1027.1428571428573,30.21008403361345,0
4351,4,0,0,36,0.0,0.0,1.0,36,1050,800,250,0.7619047619047619,13,8,5,359.8020083470688,0.42994378306878306,0.1675677067243333,0.21448970552844626,132000.11337868494,2298.7811791383365,134298.89455782328,1841,8,362.75,34,2,20,33.851753166512204,0.6446078431372548,43.0952380952381,1027.6190476190486,30.22408963585437,0
4352,4,0,0,36,0.0,0.0,1.0,36,950,800,150,0.8421052631578947,11,8,3,365.0745363774463,0.42888558201058197,0.17162009160619607,0.21833682106340915,132122.47732426316,2446.9104308390133,134569.3877551022,1842,9,363.75,34,2,20,33.59290566620349,0.6458333333333333,42.97619047619048,1028.095238095239,30.238095238095266,0
4353,4,0,0,36,0.0,0.0,1.0,36,1450,1300,150,0.896551724137931,16,13,3,362.45287483455746,0.42786044973544973,0.17126191012078906,0.2173249828461458,132219.38898533973,2384.6595293210135,134604.04851466074,1843,10,364.75,35,1,20,33.56262660364619,0.6446428571428571,42.88194444444446,1028.472222222224,29.384920634920686,0
4354,4,0,0,36,0.0,0.0,1.0,36,850,500,350,0.5882352941176471,12,5,7,365.09951625225506,0.4274966931216931,0.17149214921492129,0.21925706084121938,132278.91375171486,2458.993484224985,134737.90723593984,1844,11,365.75,35,1,20,33.43459345934595,0.6452380952380952,42.82407407407408,1028.703703703705,29.39153439153443,0
4355,4,0,0,36,0.0,0.0,1.0,36,1250,900,350,0.72,16,9,7,367.05047305192454,0.4274801587301587,0.18128485876577471,0.22130532705766665,132428.6352040817,2521.652223132056,134950.28742721374,1845,12,366.75,34,2,20,33.23357622021745,0.6488970588235294,42.67857142857143,1029.2857142857147,30.27310924369749,0
4356,4,0,0,36,0.0,0.0,1.0,36,800,300,500,0.375,13,3,10,365.8487596337051,0.42693452380952385,0.17824475533459228,0.22111991069684947,132520.55165816328,2496.4958900226775,135017.04754818598,1846,13,367.75,34,2,20,33.171946660500254,0.6498161764705883,42.589285714285715,1029.6428571428573,30.28361344537816,0
4357,4,0,0,36,0.0,0.0,1.0,36,1250,700,550,0.56,18,7,11,366.8482074242375,0.4265542328042328,0.18037893384714243,0.22190468491046533,132551.19756235825,2525.2338435374163,135076.43140589568,1847,14,368.75,34,2,20,33.115366088632,0.6501225490196079,42.55952380952381,1029.7619047619046,30.28711484593837,0
4358,4,0,0,36,0.0,0.0,1.0,36,750,400,350,0.5333333333333333,11,4,7,368.1649287121969,0.426603835978836,0.18296214952670886,0.22288277104893034,132581.84700963716,2562.3972505668935,135144.24426020405,1848,15,369.75,34,2,20,33.05061071937733,0.6504289215686274,42.529761904761905,1029.8809523809523,30.290616246498598,0
4359,4,0,1,35,0.0,0.027777777777777776,0.9722222222222222,36,1000,700,300,0.7,13,7,6,369.7637266049557,0.4263558201058201,0.18284415684461885,0.22439938920331612,132673.81660997734,2611.59297052154,135285.40958049888,1849,16,370.75,34,2,18,32.91685925583545,0.6513480392156863,42.44047619047619,1030.2380952380954,30.301120448179276,0
4360,4,0,0,35,0.0,0.0,1.0,35,1300,900,400,0.6923076923076923,17,9,8,379.44397986949355,0.4245098039215686,0.19200135973485177,0.22993703322300607,132618.8113496012,3064.281916810853,135683.09326641203,1850,17,381.42857142857144,33,2,20,32.7229575649415,0.6530934343434344,42.49387254901961,1030.0245098039222,31.212863933452187,0
4361,4,0,0,35,0.0,0.0,1.0,35,900,500,400,0.5555555555555556,13,5,8,377.7265751980932,0.4240546218487395,0.1908363488099487,0.22966759008248494,132745.06987997406,3028.2681240388374,135773.3380040129,1851,18,382.42857142857144,33,2,18,32.64000376580648,0.6543560606060606,42.37132352941177,1030.5147058823532,31.227718360071307,0
4362,4,0,0,35,0.0,0.0,1.0,35,950,800,150,0.8421052631578947,11,8,3,375.38990791213223,0.42342436974789915,0.19064557108211067,0.22874744634842753,132827.17013888902,2972.3958333333426,135799.56597222236,1852,19,383.42857142857144,34,1,18,32.617555914847735,0.6528799019607843,42.29166666666667,1030.8333333333344,30.318627450980422,0
4363,4,0,0,35,0.0,0.0,1.0,35,600,400,200,0.6666666666666666,8,4,4,377.29283409566557,0.4227941176470588,0.191573357959137,0.23066251388643266,132949.91673752837,3032.2101757369696,135982.12691326535,1853,20,384.42857142857144,34,1,18,32.4449767209204,0.6541053921568627,42.17261904761905,1031.309523809524,30.332633053221297,0
4364,4,0,0,35,0.0,0.0,1.0,35,1250,900,350,0.72,16,9,7,374.2943566803509,0.42160364145658263,0.1840756981306253,0.22939426414370034,133042.01388888896,2959.3750000000055,136001.38888888896,1854,21,385.42857142857144,34,1,19,32.42965805061927,0.6550245098039216,42.083333333333336,1031.6666666666672,30.343137254901976,0
4365,4,0,0,35,0.0,0.0,1.0,35,900,700,200,0.7777777777777778,11,7,4,371.53972091145243,0.42118347338935574,0.18212019840812088,0.22826915950257845,133134.14292800458,2892.924461451251,136027.06738945583,1855,22,386.42857142857144,34,1,19,32.40810166493636,0.6559436274509804,41.99404761904762,1032.0238095238099,30.353641456582643,0
4366,4,0,0,35,0.0,0.0,1.0,35,850,600,250,0.7058823529411765,11,6,5,370.8522946372596,0.4209033613445378,0.17889516780071557,0.2282228706032419,133195.58000283444,2879.1772959183695,136074.7572987528,1856,23,387.42857142857144,34,1,19,32.364106408334315,0.6565563725490196,41.93452380952381,1032.2619047619046,30.360644257703076,0
4367,4,0,0,35,0.0,0.0,1.0,35,900,700,200,0.7777777777777778,11,7,4,370.4336068763908,0.4195028011204482,0.18155832180728448,0.2289089724543851,133349.23469387757,2879.4075963718815,136228.64229024947,1857,24,388.42857142857144,34,1,20,32.22058936529891,0.6580882352941176,41.785714285714285,1032.857142857143,30.378151260504204,0
4368,4,0,0,35,0.0,0.0,1.0,35,450,300,150,0.6666666666666666,6,3,3,369.67772775590026,0.4193627450980392,0.17960594538541375,0.22901020693743443,133441.47002551012,2866.0678854875255,136307.53791099763,1858,25,389.42857142857144,34,1,21,32.14752083573377,0.6590073529411764,41.69642857142857,1033.214285714285,30.388655462184857,0
4369,4,0,0,35,0.0,0.0,1.0,35,1300,900,400,0.6923076923076923,17,9,8,368.87886700467874,0.41810224089635856,0.17742975587286947,0.22946590838600528,133595.2664399095,2856.094104308412,136451.3605442179,1859,26,390.42857142857144,34,1,21,32.01385690158146,0.6605392156862745,41.54761904761906,1033.8095238095252,30.406162464986036,0
4370,4,0,0,35,0.0,0.0,1.0,35,700,500,200,0.7142857142857143,9,5,4,368.87886700467874,0.41810224089635856,0.17742975587286947,0.22946590838600528,133595.2664399095,2856.094104308412,136451.3605442179,1860,27,391.42857142857144,34,1,21,32.01385690158146,0.6605392156862745,41.54761904761906,1033.8095238095252,30.406162464986036,0
4371,4,0,0,35,0.0,0.0,1.0,35,1350,1100,250,0.8148148148148148,16,11,5,381.4672450680124,0.4182422969187675,0.1770171149144253,0.21974662427157352,130688.28125000001,2974.0646258503402,133662.34587585035,1861,28,392.42857142857144,34,1,18,34.62374354794892,0.6314338235294117,44.375,1022.5000000000001,30.07352941176471,8
4372,4,0,0,35,0.0,0.0,1.0,35,1000,600,400,0.6,14,6,8,378.16553001220245,0.4172619047619048,0.1703645824674569,0.2185323738665001,130810.03578514738,2893.569302721085,133703.60508786846,1862,29,393.42857142857144,34,1,19,34.58459404942007,0.6326593137254901,44.25595238095238,1022.9761904761904,30.0875350140056,0
4373,4,0,1,34,0.0,0.02857142857142857,0.9714285714285714,35,1000,800,200,0.8,12,8,4,376.0398901294168,0.41768207282913167,0.17023214078000648,0.21799156678641912,130931.84700963715,2847.1194727891098,133778.96648242624,1863,30,394.42857142857144,34,1,20,34.51543173975417,0.6338848039215687,44.13690476190476,1023.4523809523806,30.10154061624649,0
4374,4,2,0,36,0.05555555555555555,0.0,1.0,36,1100,600,500,0.5454545454545454,16,6,10,373.29732823965935,0.42027116402116405,0.1664601404378354,0.21829778542710526,131267.12018140603,2608.4963151927586,133875.61649659878,1864,0,381.94444444444446,34,2,20,34.246001781288726,0.6372549019607843,43.80952380952382,1024.7619047619057,30.14005602240899,8
4375,4,0,0,36,0.0,0.0,1.0,36,1100,700,400,0.6363636363636364,15,7,8,375.71438041290605,0.4197089947089947,0.172605947745613,0.2208303328456751,131461.62245008672,2678.4469223887418,134140.06937247547,1865,1,382.94444444444446,31,5,21,33.98721855425766,0.646505376344086,43.619791666666664,1025.5208333333328,33.08131720430106,0
4376,4,0,0,36,0.0,0.0,1.0,36,850,600,250,0.7058823529411765,11,6,5,376.61350059078796,0.41937830687830685,0.1719627090914222,0.22174597590838765,131528.3966064453,2707.073974609374,134235.4705810547,1866,2,383.94444444444446,31,5,22,33.89661081492764,0.6471774193548387,43.5546875,1025.78125,33.08971774193548,0
4377,4,0,0,36,0.0,0.0,1.0,36,450,200,250,0.4444444444444444,7,2,5,376.23199849699307,0.418369708994709,0.17990878202145844,0.22210369888800022,131628.58963012695,2704.5774671766485,134333.1670973036,1867,3,384.94444444444446,31,5,17,33.80506386668359,0.6481854838709677,43.45703125,1026.171875,33.102318548387096,0
4378,4,1,0,37,0.02702702702702703,0.0,1.0,37,1250,900,350,0.72,16,9,7,367.0057588521532,0.4198886386386386,0.19383368136592583,0.21920718142445916,132073.33953486884,2294.335240026521,134367.67477489536,1868,0,375.5135135135135,32,5,18,33.59282233959792,0.6500651041666667,43.023989898989896,1027.90404040404,32.12200126262625,0
4379,4,0,0,37,0.0,0.0,1.0,37,1100,700,400,0.6363636363636364,15,7,8,366.2210412386032,0.4198260760760761,0.1874114343132458,0.21952335557673974,132208.8860053825,2283.53517877739,134492.42118415987,1869,1,376.5135135135135,33,4,19,33.47632666031141,0.648989898989899,42.8921568627451,1028.4313725490192,31.164587046939975,0
4380,4,0,1,36,0.0,0.02702702702702703,0.972972972972973,37,800,600,200,0.75,10,6,4,366.114562117881,0.4198886386386386,0.18377877993707692,0.22002517703913274,132306.1295351474,2287.8401360544285,134593.96967120183,1870,2,377.5135135135135,34,3,20,33.38106533981334,0.647671568627451,42.79761904761905,1028.8095238095239,30.259103641456583,0
4381,4,0,0,36,0.0,0.0,1.0,36,600,300,300,0.5,9,3,6,365.35581157660084,0.41997354497354494,0.18315600021174072,0.21973691934076944,132334.94929834688,2469.868560169173,134804.81785851606,1871,3,385.30555555555554,33,3,20,33.37154597427345,0.6502525252525253,42.76960784313726,1028.9215686274515,31.179441473559137,0
4382,4,0,0,36,0.0,0.0,1.0,36,1200,900,300,0.75,15,9,6,368.004219004906,0.4194609788359788,0.1818739269070393,0.2222745482789634,132495.48037190086,2551.794173450459,135047.27454535133,1872,4,386.30555555555554,32,4,20,33.14170959038509,0.654296875,42.61363636363637,1029.545454545455,32.17329545454547,0
4383,4,0,0,36,0.0,0.0,1.0,36,1100,800,300,0.7272727272727273,14,8,6,377.4297085713507,0.4181216931216931,0.14927755734744141,0.2101823459064836,129366.9149610732,2602.114348328376,131969.02930940158,1873,5,387.30555555555554,31,5,23,36.07142476214856,0.6253360215053764,45.67057291666667,1017.3177083333339,32.81670026881722,8
4384,4,0,0,36,0.0,0.0,1.0,36,1050,900,150,0.8571428571428571,12,9,3,381.5124181552971,0.4176421957671958,0.14374822392725206,0.21371254369444298,129598.82948133687,2688.712565104172,132287.54204644106,1874,6,388.30555555555554,31,5,18,35.73103154305199,0.6276881720430108,45.442708333333336,1018.2291666666672,32.846102150537654,0
4385,4,1,0,37,0.02702702702702703,0.0,1.0,37,1300,1100,200,0.8461538461538461,15,11,4,369.4869882774683,0.4195758258258258,0.1425018826876412,0.2087898831588913,129940.55333958271,2202.2687417100287,132142.82208129275,1875,0,378.7837837837838,32,5,19,35.68937048503611,0.6285807291666667,45.10732323232323,1019.5707070707072,31.8615845959596,0
4386,4,0,0,37,0.0,0.0,1.0,37,950,700,250,0.7368421052631579,12,7,5,372.19133683204217,0.4194194194194194,0.14449218906871253,0.2104914030991297,129972.73875114776,2274.945477502286,132247.68422865003,1876,1,379.7837837837838,32,5,19,35.58769811788014,0.62890625,45.07575757575757,1019.696969696969,31.86553030303028,0
4387,4,0,0,37,0.0,0.0,1.0,37,1250,900,350,0.72,16,9,7,371.87921768638614,0.4191378878878879,0.14714454456933113,0.21048832804855921,130004.92814827566,2269.2261950311145,132274.1543433068,1877,2,380.7837837837838,32,5,20,35.56291527382278,0.6292317708333333,45.04419191919192,1019.8232323232321,31.869476010101003,0
4388,4,0,0,37,0.0,0.0,1.0,37,700,500,200,0.7142857142857143,9,5,4,372.11114218227164,0.419044044044044,0.14158993207527582,0.21099817081234518,130075.00120146088,2280.4714532871844,132355.47265474807,1878,3,381.7837837837838,33,4,21,35.4857440333173,0.6275252525252526,44.975490196078425,1020.0980392156855,30.91206179441471,0
4389,4,0,0,37,0.0,0.0,1.0,37,700,300,400,0.42857142857142855,11,3,8,370.50744438131835,0.41935685685685686,0.13795633471309166,0.21025729205688296,130106.25608239608,2241.067287821978,132347.32337021807,1879,4,382.7837837837838,33,4,21,35.494869869869866,0.6278409090909092,44.944852941176464,1020.2205882352932,30.915775401069492,0
4390,4,0,0,37,0.0,0.0,1.0,37,650,500,150,0.7692307692307693,8,5,3,367.3649246595082,0.4187937937937938,0.13853726713785708,0.20899509068693795,130203.51750042844,2166.4410793895477,132369.958579818,1880,5,383.7837837837838,35,2,21,35.47620397671429,0.6244047619047619,44.849537037037024,1020.6018518518499,29.160052910052855,0
4391,4,1,2,36,0.02631578947368421,0.05263157894736842,0.9473684210526316,38,950,800,150,0.8421052631578947,11,8,3,387.6815772563991,0.42241583688952106,0.14055893367696237,0.2212662975869494,130329.05578613291,2728.102687422316,133057.15847355523,1881,0,374.6578947368421,31,7,22,34.83008161183372,0.6350806451612903,44.72656250000001,1021.0937500000008,32.93850806451616,8
4392,4,0,1,35,0.0,0.027777777777777776,0.9722222222222222,36,800,700,100,0.875,9,7,2,399.08861153330054,0.41701388888888885,0.1702431104089872,0.22758837036088228,130296.89125910519,3200.0010839403535,133496.89234304553,1882,1,395.8333333333333,30,6,22,34.571649552396,0.6375,44.75806451612904,1020.9677419354846,34.03225806451615,0
4393,4,0,0,35,0.0,0.0,1.0,35,600,400,200,0.6666666666666666,8,4,4,406.3306955435231,0.4167016806722689,0.18052478134110728,0.2315140009492169,130262.58680555565,3585.937500000008,133848.52430555565,1883,2,405.51428571428573,31,4,22,34.42176870748299,0.6344086021505376,44.79166666666667,1020.8333333333342,32.93010752688175,0
4394,4,0,0,35,0.0,0.0,1.0,35,1150,1000,150,0.8695652173913043,13,10,3,401.2833986560968,0.416421568627451,0.1754290978136217,0.22944714419771883,130399.83171826246,3465.4575312175066,133865.28924947997,1884,3,406.51428571428573,30,5,22,34.41077773391235,0.6385416666666667,44.65725806451614,1021.3709677419374,34.04569892473125,0
4395,4,0,0,35,0.0,0.0,1.0,35,950,600,350,0.631578947368421,13,6,7,401.2833986560968,0.4162464985994398,0.1754290978136217,0.22944714419771883,130399.83171826246,3465.4575312175066,133865.28924947997,1885,4,407.51428571428573,30,5,22,34.41077773391235,0.6385416666666667,44.65725806451614,1021.3709677419374,34.04569892473125,0
4396,4,0,0,35,0.0,0.0,1.0,35,1150,900,250,0.782608695652174,14,9,5,401.99203601107996,0.41596638655462187,0.17479699248120295,0.23005568325935333,130434.15423748433,3486.698245461933,133920.85248294627,1886,5,408.51428571428573,30,5,22,34.35773026315789,0.6388888888888888,44.62365591397851,1021.5053763440878,34.0501792114696,0
4397,4,0,0,35,0.0,0.0,1.0,35,600,300,300,0.5,9,3,6,403.68721521193794,0.4155812324929972,0.17812693818482472,0.23123033329509762,130468.48127312433,3533.691575615713,134002.17284874004,1887,6,409.51428571428573,30,5,22,34.27948077007411,0.6392361111111111,44.59005376344088,1021.6397849462388,34.05465949820796,0
4398,4,0,0,35,0.0,0.0,1.0,35,500,300,200,0.6,7,3,4,404.3816924409533,0.4156512605042017,0.17523158151857388,0.23203879302857128,130537.14889365832,3557.366639206859,134094.5155328652,1888,7,410.51428571428573,30,5,18,34.19182121092551,0.6399305555555556,44.5228494623656,1021.9086021505384,34.06362007168461,0
4399,4,1,0,36,0.027777777777777776,0.0,1.0,36,1000,500,500,0.5,15,5,10,394.5181927908211,0.41712962962962963,0.17748170079776293,0.2287528233735623,130940.15438475693,3131.6546143251035,134071.80899908202,1889,0,400.0833333333333,32,4,20,34.034203059462136,0.638671875,44.1287878787879,1023.4848484848507,31.983901515151583,0
4400,4,0,1,35,0.0,0.027777777777777776,0.9722222222222222,36,800,400,400,0.5,12,4,8,394.5812683192296,0.4172619047619048,0.18125445376308713,0.22917370512409135,131004.77629833702,3138.4061575349615,134143.18245587198,1890,1,401.0833333333333,32,4,20,33.96696678177932,0.6393229166666667,44.065656565656575,1023.7373737373747,31.99179292929296,0
4401,4,1,0,36,0.027777777777777776,0.0,1.0,36,1200,900,300,0.75,15,9,6,395.26027727626587,0.41760912698412694,0.1887183386073783,0.23014760294241182,131101.73906042767,3163.8619464850717,134265.60100691274,1891,0,401.80555555555554,32,4,21,33.85114864587187,0.6402994791666667,43.970959595959606,1024.1161616161628,32.00363005050509,0
4402,4,0,0,36,0.0,0.0,1.0,36,700,300,400,0.42857142857142855,11,3,8,398.387380032408,0.4162037037037037,0.19067959038387805,0.23294754872788392,131263.42337516602,3258.7382665034493,134522.16164166946,1892,1,402.80555555555554,32,4,21,33.606969771644486,0.6419270833333333,43.81313131313133,1024.7474747474766,32.023358585858645,0
4403,4,0,0,36,0.0,0.0,1.0,36,900,600,300,0.6666666666666666,12,6,6,396.91982285676477,0.4164021164021164,0.18789521228545603,0.23248161053039096,131328.12500000015,3225.347222222236,134553.4722222224,1893,2,403.80555555555554,32,4,21,33.57892953929537,0.642578125,43.75000000000001,1025.0000000000011,32.031250000000036,0
4404,4,0,0,36,0.0,0.0,1.0,36,1000,600,400,0.6,14,6,8,396.38381456286214,0.4158564814814815,0.1927583774250441,0.23277573002852642,131428.24172973633,3219.2055596245655,134647.4472893609,1894,3,404.80555555555554,31,5,21,33.49113756613757,0.6461693548387097,43.65234375,1025.390625,33.07711693548387,0
4405,4,0,0,36,0.0,0.0,1.0,36,1250,800,450,0.64,17,8,9,395.851288046077,0.41445105820105815,0.18991059215072448,0.23327691088369787,131561.79004245327,3215.7808091905326,134777.5708516438,1895,4,405.80555555555554,31,5,17,33.369426111604696,0.647513440860215,43.522135416666664,1025.9114583333328,33.093918010752674,0
4406,4,0,0,36,0.0,0.0,1.0,36,1100,900,200,0.8181818181818182,13,9,4,395.35672754092525,0.41494708994708995,0.18939009431967158,0.23339373556180007,131628.58963012695,3208.0496893988707,134836.63931952583,1896,5,406.80555555555554,31,5,17,33.314432390136616,0.6481854838709677,43.45703125,1026.171875,33.102318548387096,0
4407,4,0,0,36,0.0,0.0,1.0,36,1050,900,150,0.8571428571428571,12,9,3,394.8655813712839,0.4146329365079365,0.1937961553638876,0.23371773600084103,131728.82080078125,3203.035481770832,134931.8562825521,1897,6,407.80555555555554,31,5,17,33.22552004058853,0.6491935483870968,43.359375,1026.5625,33.11491935483871,0
4408,4,0,0,36,0.0,0.0,1.0,36,1150,700,450,0.6086956521739131,16,7,9,393.2961111367382,0.4142361111111111,0.19706718028576864,0.23350880058293652,131846.31191970222,3170.928349148059,135017.24026885026,1898,7,408.80555555555554,32,4,17,33.14687320711417,0.6477864583333333,43.2449494949495,1027.020202020203,32.09438131313134,0
4409,4,0,0,36,0.0,0.0,1.0,36,1300,1000,300,0.7692307692307693,16,10,6,390.48019944135524,0.4136243386243386,0.19694362504097018,0.23223296072038513,131911.15702479347,3101.738980716263,135012.89600550974,1899,8,409.80555555555554,32,4,17,33.15357669616519,0.6484375,43.18181818181819,1027.272727272728,32.10227272727275,0
4410,4,0,0,36,0.0,0.0,1.0,36,1350,1000,350,0.7407407407407407,17,10,7,387.38786683747435,0.4125992063492063,0.1954474740031118,0.23157944286275442,132105.78799357204,3035.235881542699,135141.02387511474,1900,9,410.80555555555554,32,4,18,33.03626258904446,0.650390625,42.99242424242424,1028.0303030303028,32.12594696969696,0
4411,4,0,0,36,0.0,0.0,1.0,36,550,400,150,0.7272727272727273,7,4,3,386.0580764316952,0.41263227513227513,0.19374863566906808,0.23118065988674447,132170.6968676665,3005.1129986735996,135175.8098663401,1901,10,411.80555555555554,32,4,18,33.00487066142764,0.6510416666666667,42.92929292929293,1028.282828282828,32.13383838383837,0
4412,4,0,0,36,0.0,0.0,1.0,36,1100,800,300,0.7272727272727273,14,8,6,387.807608509332,0.41188822751322757,0.1896176763338382,0.23322835437214348,132333.0388002499,3063.951860779507,135396.9906610294,1902,11,412.80555555555554,32,4,20,32.795946332883375,0.6526692708333333,42.77146464646464,1028.9141414141409,32.1535669191919,0
4413,4,2,0,38,0.05263157894736842,0.0,1.0,38,1350,1200,150,0.8888888888888888,15,12,3,363.3399361758002,0.4180446894262684,0.16747564919221003,0.20770719036933194,130391.51178770026,1956.6181065707608,132348.12989427103,1903,0,392.0263157894737,32,6,23,35.38807846046072,0.6331380208333333,44.66540404040404,1021.3383838383841,31.916824494949502,8
4414,4,1,0,39,0.02564102564102564,0.0,1.0,39,1000,900,100,0.9,11,9,2,353.7819588749734,0.4228520017993702,0.16714924171169687,0.20353442075413986,130638.16350682426,1443.4850778546665,132081.64858467891,1904,0,382.94871794871796,33,6,18,35.38220250939025,0.6332070707070707,44.424019607843135,1022.3039215686272,30.978906714200825,0
4415,4,0,0,39,0.0,0.0,1.0,39,1100,800,300,0.7272727272727273,14,8,6,355.9259946448614,0.42217723796671164,0.17443025063442041,0.20543280437800934,130763.47588667825,1508.424043637069,132271.89993031533,1905,1,383.94871794871796,33,6,18,35.20049524722422,0.634469696969697,44.3014705882353,1022.7941176470592,30.993761140819977,0
4416,4,0,0,39,0.0,0.0,1.0,39,950,700,250,0.7368421052631579,12,7,5,357.0940960853458,0.4225708502024292,0.17628397075037383,0.2066097441591514,130857.49959450706,1545.6881067378104,132403.18770124487,1906,2,384.94871794871796,33,6,18,35.07543318561105,0.6354166666666667,44.20955882352942,1023.1617647058835,31.00490196078435,0
4417,4,0,0,39,0.0,0.0,1.0,39,1500,1300,200,0.8666666666666667,17,13,4,355.6718580208793,0.42217723796671164,0.18487252795588005,0.20707297547003026,131097.37059694814,1525.529076373653,132622.89967332178,1907,3,385.94871794871796,36,3,18,34.869144490873104,0.6313657407407407,43.975225225225216,1024.0990990990979,28.447197197197163,0
4418,4,0,0,39,0.0,0.0,1.0,39,950,600,350,0.631578947368421,13,6,7,350.04031174415445,0.4211369770580297,0.13808322824716224,0.19411326378539503,129201.38888888908,1245.1388888889087,130446.52777777798,1908,4,386.94871794871796,36,3,20,36.93647540983607,0.6122685185185186,45.83333333333334,1016.6666666666682,28.240740740740783,8
4419,4,0,0,39,0.0,0.0,1.0,39,1050,800,250,0.7619047619047619,13,8,5,350.4746697669512,0.4206027890238417,0.13731436522134177,0.19463630184474595,129258.63997443387,1260.3758319129897,130519.01580634686,1909,5,387.94871794871796,36,3,20,36.86715577703948,0.6128472222222222,45.777027027027025,1016.8918918918918,28.246996996996995,0
4420,4,2,0,41,0.04878048780487805,0.0,1.0,41,1100,600,500,0.5454545454545454,16,6,10,343.0489167596707,0.4242632113821138,0.1528128138873346,0.1938256845848156,129935.60209155148,714.8535092044605,130650.45560075594,1910,0,369.9756097560976,38,3,18,36.36828041496385,0.615953947368421,45.11217948717948,1019.551282051281,26.83029689608634,0
4421,4,1,0,42,0.023809523809523808,0.0,1.0,42,800,500,300,0.625,11,5,6,329.79067079223455,0.4262122531939605,0.15458788003568746,0.17738574618359726,127986.376953125,41.74262152777749,128028.11957465278,1911,0,362.14285714285717,39,3,17,38.6885766248027,0.594551282051282,47.03125,1011.875,25.94551282051282,8
4422,4,1,0,43,0.023255813953488372,0.0,1.0,43,1250,900,350,0.72,16,9,7,331.66314281945495,0.42896363971945367,0.17302325581395395,0.1804877168371009,128453.40617563933,-79.34792038470613,128374.05825525463,1912,0,354.69767441860466,40,3,15,38.16478696741856,0.59765625,46.570121951219505,1013.7195121951206,25.342987804878014,0
4423,4,1,1,43,0.022727272727272728,0.022727272727272728,0.9772727272727273,44,1300,800,500,0.6153846153846154,18,8,10,326.6694334339885,0.4301224453840733,0.1840054181285251,0.1796594116709764,128873.8024868511,-380.1735914273254,128493.62889542377,1913,0,347.6136363636364,41,3,17,37.863438365087106,0.6003556910569106,46.15575396825396,1015.3769841269832,24.76529229578008,0
4424,4,0,2,41,0.0,0.046511627906976744,0.9534883720930233,43,1350,800,550,0.5925925925925926,19,8,11,332.34485153343076,0.42764857881136953,0.181284085909877,0.18274394120365986,128865.81776926736,-34.421785147758214,128831.3959841196,1914,1,356.48837209302326,40,3,18,37.72749641343876,0.6018229166666667,46.16361788617885,1015.3455284552824,25.38363821138206,0
4425,4,0,0,41,0.0,0.0,1.0,41,1450,1100,350,0.7586206896551724,18,11,7,342.0308033241,0.423729674796748,0.18317843388960187,0.18760350066853018,128767.2812111911,608.4753269047717,129375.75653809587,1915,2,374.219512195122,38,3,18,37.582017543859614,0.6041666666666667,46.26068376068374,1014.957264957262,26.709401709401632,0
4426,4,1,0,42,0.023809523809523808,0.0,1.0,42,1050,600,450,0.5714285714285714,15,6,9,333.3427206820103,0.42468786295005806,0.18583727433783825,0.1844824121210648,129121.97401258671,208.37402343748965,129330.3480360242,1916,0,366.2857142857143,39,3,19,37.441601756004246,0.6060363247863247,45.91145833333333,1016.3541666666658,26.060363247863226,0
4427,4,0,0,42,0.0,0.0,1.0,42,1150,900,250,0.782608695652174,14,9,5,330.56423511351113,0.4247846496322106,0.18476460669378603,0.18343905688485618,129228.54487407762,143.69143228879852,129372.23630636642,1917,1,367.2857142857143,38,4,19,37.40390003852753,0.6088267543859649,45.806623931623925,1016.7735042735035,26.757197480881672,0
4428,4,0,0,42,0.0,0.0,1.0,42,1250,900,350,0.72,16,9,7,332.5210797494053,0.4245547812620984,0.18124096608499518,0.18503408534740418,129337.1973505185,201.468902951257,129538.66625346975,1918,2,368.2857142857143,38,4,19,37.24376816160767,0.6099232456140351,45.69978632478632,1017.2008547008534,26.7684435447593,0
4429,4,0,0,42,0.0,0.0,1.0,42,850,400,450,0.47058823529411764,13,4,9,335.9372840782417,0.4240345528455285,0.1811783289843334,0.18758139320804976,129473.07715136235,298.9667798962583,129772.04393125861,1919,3,369.2857142857143,38,4,16,37.01886066204773,0.6112938596491229,45.56623931623931,1017.7350427350423,26.782501124606377,0
4430,4,0,0,42,0.0,0.0,1.0,42,800,600,200,0.75,10,6,4,335.55888567499335,0.42352642276422764,0.185844201269175,0.18788931730215555,129581.83235627148,296.46705383885126,129878.29941011032,1920,4,370.2857142857143,38,4,16,36.91806575725778,0.612390350877193,45.45940170940171,1018.1623931623933,26.793747188484033,0
4431,4,1,0,43,0.023255813953488372,0.0,1.0,43,1450,1100,350,0.7586206896551724,18,11,7,326.7099664686126,0.4255952380952381,0.18456361484607786,0.18438199145685372,129890.67382812501,-112.68446180555554,129777.98936631945,1921,0,362.6511627906977,39,4,17,36.830250698276444,0.6137820512820513,45.15625,1019.3750000000001,26.137820512820515,0
4432,4,0,1,42,0.0,0.023255813953488372,0.9767441860465116,43,1400,800,600,0.5714285714285714,20,8,12,325.8850889747191,0.4250876707272056,0.17871549684770982,0.1846927520067337,130055.18297846847,-123.39102468768999,129931.79195378078,1922,1,363.6511627906977,40,3,19,36.6846833383149,0.6138020833333333,44.99491869918699,1020.0203252032518,25.500508130081293,0
4433,4,0,1,41,0.0,0.023809523809523808,0.9761904761904762,42,1600,1200,400,0.75,20,12,8,333.36428637756495,0.42392566782810687,0.17756213823629485,0.18864950078822906,129996.8804253473,267.2634548611162,130264.14388020842,1923,2,373.0238095238095,39,3,19,36.553030303030305,0.6148504273504274,45.052083333333336,1019.7916666666673,26.14850427350429,0
4434,4,1,1,41,0.023809523809523808,0.023809523809523808,0.9761904761904762,42,1800,1200,600,0.6666666666666666,24,12,12,330.8179833408847,0.425946089818041,0.17214939461545553,0.18810352773015965,130182.84640842024,213.36534288195446,130396.2117513022,1924,0,370.8333333333333,39,3,21,36.429625565649346,0.6167200854700854,44.86979166666667,1020.5208333333342,26.167200854700877,0
4435,4,0,0,41,0.0,0.0,1.0,41,1550,1500,50,0.967741935483871,16,15,1,332.2430616297214,0.42550813008130084,0.18234841514530298,0.18944123249906017,130291.32806793295,457.7267763435077,130749.05484427646,1925,1,378.0731707317073,36,5,21,36.2834583425252,0.6232638888888888,44.76351351351352,1020.9459459459471,28.35960960960964,0
4436,4,0,0,41,0.0,0.0,1.0,41,1150,900,250,0.782608695652174,14,9,5,329.4358558839998,0.4248729674796748,0.1802946096435316,0.18865112902711903,130458.54403518394,395.54442232226137,130854.0884575062,1926,2,379.0731707317073,37,4,21,36.18598171800652,0.6230292792792793,44.59978070175439,1021.6008771929827,27.610834518729263,0
4437,4,0,0,41,0.0,0.0,1.0,41,700,400,300,0.5714285714285714,10,4,6,326.9054982893218,0.42416158536585363,0.1838492153830451,0.18774406343529076,130570.58572108726,336.8484774161301,130907.4341985034,1927,3,380.0731707317073,37,4,19,36.13737349354504,0.6241554054054055,44.49013157894737,1022.0394736842106,27.622688477951638,0
4438,4,0,0,41,0.0,0.0,1.0,41,950,400,550,0.42105263157894735,15,4,11,327.4077534051793,0.42416158536585363,0.18099632733779059,0.1884413514043143,130654.64854570637,355.4689904585975,131010.11753616497,1928,4,381.0731707317073,37,4,19,36.039611039611025,0.625,44.4078947368421,1022.3684210526316,27.63157894736842,0
4439,4,0,0,41,0.0,0.0,1.0,41,1050,600,450,0.5714285714285714,15,6,9,326.0788316276726,0.4243140243902439,0.20279989789432018,0.17914116646241832,128830.99500868068,201.81206597223118,129032.80707465291,1929,5,382.0731707317073,39,2,17,37.9219679868664,0.6030982905982907,46.19791666666667,1015.2083333333344,26.030982905982935,8
4440,4,0,1,40,0.0,0.024390243902439025,0.975609756097561,41,1350,800,550,0.5925925925925926,19,8,11,325.2589846147637,0.4242886178861789,0.20308274269531013,0.17904855115806517,128910.3203667536,185.84798177084352,129096.16834852444,1930,6,383.0731707317073,39,2,17,37.862109789038186,0.6038995726495726,46.11979166666667,1015.5208333333344,26.038995726495752,0
4441,4,1,0,41,0.024390243902439025,0.0,1.0,41,1200,900,300,0.75,15,9,6,320.7758335762934,0.42685467479674793,0.2005938093200914,0.17849834666743944,129337.19735051859,97.97769201377116,129435.17504253236,1931,0,374.4146341463415,38,3,19,37.54245002275674,0.6099232456140351,45.699786324786324,1017.200854700854,26.768443544759318,0
4442,4,1,0,42,0.023809523809523808,0.0,1.0,42,1450,900,550,0.6206896551724138,20,9,11,315.18108855907514,0.4288133952768099,0.20088905127268308,0.1765555954535796,129598.82948133699,-230.57996961803656,129368.24951171895,1932,0,366.4761904761905,39,3,17,37.419543904518335,0.610844017094017,45.44270833333334,1018.2291666666681,26.10844017094021,0
4443,4,0,1,41,0.0,0.023809523809523808,0.9761904761904762,42,1100,800,300,0.7272727272727273,14,8,6,315.112432617796,0.42892228029423146,0.20143149284253603,0.177114919023106,129731.44531249999,-224.00173611111177,129507.44357638888,1933,1,367.4761904761905,39,3,17,37.286980231765504,0.6121794871794872,45.3125,1018.7499999999999,26.12179487179487,0
4444,4,0,0,41,0.0,0.0,1.0,41,600,300,300,0.5,9,3,6,324.69262540257205,0.42855691056910566,0.21318444098870515,0.1825630233395591,129745.0507706916,225.45223354515747,129970.50300423676,1934,2,374.9024390243902,38,3,18,37.02919637863533,0.6140350877192983,45.29914529914529,1018.8034188034172,26.810616284300455,0
4445,4,0,0,41,0.0,0.0,1.0,41,800,400,400,0.5,12,4,8,325.1074217493776,0.42794715447154474,0.21424864704574187,0.18343287468425798,129881.14458917697,245.06481024905702,130126.20939942602,1935,3,375.9024390243902,38,3,19,36.880742759319446,0.6154057017543859,45.16559829059827,1019.3376068376031,26.82467386414745,0
4446,4,0,1,40,0.0,0.024390243902439025,0.975609756097561,41,1350,800,550,0.5925925925925926,19,8,11,325.5475634288364,0.4278201219512195,0.22227446370849413,0.18419392370647486,129990.07100819946,263.59017733211414,130253.66118553157,1936,4,376.9024390243902,38,3,19,36.759210756067766,0.6165021929824561,45.05876068376066,1019.7649572649528,26.835919928025074,0
4447,4,1,0,41,0.024390243902439025,0.0,1.0,41,1350,800,550,0.5925925925925926,19,8,11,327.2462465974329,0.4323424796747968,0.2254362318606642,0.18659210513536634,130291.32806793271,328.0403285968831,130619.3683965296,1937,0,371.0975609756098,36,5,20,36.4109952937716,0.6232638888888888,44.76351351351351,1020.9459459459453,28.359609609609592,0
4448,4,0,0,41,0.0,0.0,1.0,41,1200,700,500,0.5833333333333334,17,7,10,358.0995483592894,0.4325457317073171,0.18912469644177055,0.1941807410117269,128311.11495844841,989.6304632194203,129300.74542166783,1938,1,372.0975609756098,37,4,12,37.640241702741726,0.6013513513513513,46.71052631578946,1013.1578947368392,27.38264580369836,8
4449,4,1,0,42,0.023809523809523808,0.0,1.0,42,1400,1100,300,0.7857142857142857,17,11,6,351.9884479614723,0.43468108788230736,0.18659858932519247,0.19293354109555774,128740.17373666778,663.0107887719699,129403.18452543975,1939,0,364.2142857142857,38,4,12,37.35700249149033,0.6038925438596492,46.287393162393144,1014.8504273504245,26.706590193432223,0
4450,4,1,2,41,0.023255813953488372,0.046511627906976744,0.9534883720930233,43,1250,1000,250,0.8,15,10,5,347.88132280591856,0.43535437430786267,0.2042927210589287,0.19265754528604723,129148.44292534715,385.66623263888187,129534.10915798602,1940,0,356.72093023255815,39,4,13,37.04524492723918,0.6063034188034189,45.885416666666664,1016.4583333333327,26.063034188034173,0
4451,4,0,0,41,0.0,0.0,1.0,41,1300,1100,200,0.8461538461538461,15,11,4,356.1971438046313,0.43124999999999997,0.2243091974559832,0.19710992990597764,129117.79495854492,998.2779557171418,130116.07291426207,1941,1,374.2682926829268,37,4,14,36.86515535656489,0.6095157657657657,45.915570175438596,1016.3377192982456,27.46858700806069,0
4452,4,1,1,41,0.023809523809523808,0.023809523809523808,0.9761904761904762,42,1100,600,500,0.5454545454545454,16,6,10,347.9492542125978,0.43301151761517614,0.2141728607849478,0.19446194622850937,129508.1314082216,612.4785991843474,130120.61000740595,1942,0,366.3333333333333,37,5,14,36.677596143488095,0.6134572072072072,45.53179824561403,1017.8728070175425,27.510075865338987,0
4453,4,0,0,41,0.0,0.0,1.0,41,750,500,250,0.6666666666666666,10,5,5,354.58523378265124,0.43165650406504064,0.21748192465320648,0.19749217028313643,129373.18019032553,974.7638685983313,130347.94405892385,1943,3,376.2682926829268,36,5,16,36.64605010700317,0.6140046296296297,45.664414414414416,1017.3423423423428,28.259509509509524,0
4454,4,1,0,42,0.023809523809523808,0.0,1.0,42,900,500,400,0.5555555555555556,13,5,8,346.2292214353232,0.4322251258226868,0.2134814903618012,0.1942674024686836,129663.428722423,578.653595039802,130242.0823174628,1944,0,368.2857142857143,38,4,15,36.56355991468233,0.6132127192982456,45.3792735042735,1018.4829059829051,26.80218173639224,0
4455,4,1,0,43,0.023255813953488372,0.0,1.0,43,800,500,300,0.625,11,5,6,335.74049515891295,0.43452380952380953,0.18248692455859494,0.18679414208146505,129330.57089240845,85.68310930281893,129416.25400171126,1945,0,360.69767441860466,40,3,19,37.16863156492489,0.6065104166666666,45.70630081300812,1017.1747967479661,25.42936991869915,8
4456,4,0,0,43,0.0,0.0,1.0,43,1450,1100,350,0.7586206896551724,18,11,7,336.7428012889219,0.4341777408637874,0.17767469720080498,0.18833906423847743,129537.39636005349,124.15714439155926,129661.55350444505,1946,1,361.69767441860466,40,3,16,36.93304715317293,0.60859375,45.5030487804878,1017.9878048780483,25.44969512195121,0
4457,4,1,0,44,0.022727272727272728,0.0,1.0,44,1250,900,350,0.72,16,9,7,329.556886858966,0.43798449612403095,0.1830506899390163,0.1854728101330651,129781.98346757679,-245.8907116087231,129536.09275596807,1947,0,354.45454545454544,41,3,17,36.86786015642749,0.6095020325203252,45.26289682539682,1018.9484126984122,24.85240030971737,0
4458,4,0,0,44,0.0,0.0,1.0,44,1100,700,400,0.6363636363636364,15,7,8,318.2102999204051,0.43786337209302323,0.11849981294425715,0.17183356195701877,128144.53125,-643.729824105567,127500.80142589443,1948,1,355.45454545454544,41,3,19,38.82030178326475,0.5929878048780488,46.875,1012.5,24.695121951219512,8
4459,4,1,0,45,0.022222222222222223,0.0,1.0,45,1100,700,400,0.6363636363636364,15,7,8,337.6805078256401,0.43956228956228954,0.08324083654720482,0.17588836250339956,126686.52186818486,-405.02369217744,126281.49817600743,1949,0,348.53333333333336,43,2,15,39.82035634778792,0.5753391472868217,48.319128787878796,1006.7234848484864,23.412174066243868,8
4460,4,2,0,47,0.0425531914893617,0.0,1.0,47,1550,900,650,0.5806451612903226,22,9,13,327.19786306619534,0.44380203515263644,0.09518194972935268,0.17246090233308486,127168.88018251368,-1074.8833159718904,126093.99686654178,1950,0,334.6595744680851,40,7,18,39.58984047019311,0.5846354166666667,47.84044715447154,1008.6382113821135,25.215955284552837,0
4461,4,1,2,46,0.020833333333333332,0.041666666666666664,0.9583333333333334,48,1200,800,400,0.6666666666666666,16,8,8,316.8252681483873,0.44627290189125296,0.0987089370821741,0.1681933835646632,127458.67816124303,-1523.574022745052,125935.10413849798,1951,0,328.6666666666667,42,6,14,39.55514505965519,0.5845734126984127,47.5532945736434,1009.7868217054241,24.04254337393867,0
4462,4,2,1,47,0.041666666666666664,0.020833333333333332,0.9791666666666666,48,1200,900,300,0.75,15,9,6,308.4069560485974,0.4474364657210402,0.12183031849795567,0.16549641894256,127892.44746540852,-1711.4159151176739,126181.03155029085,1952,0,329.2291666666667,45,3,17,39.32522536640695,0.5849537037037037,47.124094202898526,1011.5036231884015,22.47785829307559,0
4463,4,1,0,48,0.020833333333333332,0.0,1.0,48,1050,500,550,0.47619047619047616,16,5,11,309.99308339464227,0.4468823877068558,0.13204138702460844,0.16710915132344997,128075.75651287765,-1659.480266094352,126416.2762467833,1953,0,330.1666666666667,45,3,18,39.09834079045486,0.5868055555555556,46.942934782608674,1012.2282608695618,22.493961352656928,0
4464,4,1,3,46,0.02040816326530612,0.061224489795918366,0.9387755102040817,49,1200,1000,200,0.8333333333333334,14,10,4,306.3279582328222,0.448359552154195,0.12884869888901163,0.1664122745689168,128384.34504849622,-1934.4017608309534,126449.94328766527,1954,0,324.40816326530614,43,6,12,38.87707905064474,0.5925387596899225,46.63825757575757,1013.4469696969688,23.568534178999275,0
4465,4,0,0,46,0.0,0.0,1.0,46,1300,800,500,0.6153846153846154,18,8,10,328.7802931684838,0.4472222222222222,0.18022991667812893,0.17560200911625476,127703.41443009737,-685.0371121113287,127018.37731798604,1955,2,343.0217391304348,42,4,16,39.00313169079346,0.5870535714285714,47.31104651162791,1010.7558139534887,24.065614617940206,8
4466,4,3,1,48,0.061224489795918366,0.02040816326530612,0.9795918367346939,49,1700,1300,400,0.7647058823529411,21,13,8,308.249363204902,0.4510522959183674,0.18105563491151355,0.1673161390671147,128350.96622459804,-1887.1792789067702,126463.78694569127,1956,0,322.9591836734694,45,4,20,38.86235139000624,0.5895833333333333,46.6711956521739,1013.3152173913023,22.518115942028942,0
4467,4,0,0,48,0.0,0.0,1.0,48,1150,900,250,0.782608695652174,14,9,5,315.8222041871732,0.4494219119385343,0.18725629074514072,0.17124512181447205,128308.64626200261,-1495.4561042524172,126813.1901577502,1957,1,330.5833333333333,44,4,20,38.71359593005543,0.5904356060606061,46.712962962962955,1013.1481481481471,23.026094276094252,0
4468,4,1,4,45,0.02040816326530612,0.08163265306122448,0.9183673469387755,49,1300,900,400,0.6923076923076923,17,9,8,319.3184703836418,0.450733418367347,0.20851557618495087,0.17493030922777192,128718.3719691896,-1579.5692705051588,127138.80269868443,1958,0,324.81632653061223,45,4,14,38.20805067095123,0.5932870370370371,46.308876811594196,1014.7644927536218,22.550322061191594,0
4469,4,1,0,46,0.021739130434782608,0.0,1.0,46,1200,800,400,0.6666666666666666,16,8,8,342.880350376808,0.44660829307568434,0.21396515256660087,0.18675466454932568,128488.14791967142,-388.78776440717525,128099.36015526425,1959,0,345.6521739130435,42,4,15,37.845065150211845,0.5949900793650793,46.5358527131783,1013.8565891472879,24.13944259874495,0
4470,4,1,1,46,0.02127659574468085,0.02127659574468085,0.9787234042553191,47,1250,1000,250,0.8,15,10,5,336.18731117100947,0.4498920752389763,0.21512183005115393,0.1846672184207891,128825.12002743495,-738.12585733881,128086.99417009615,1960,0,339.27659574468083,44,3,16,37.671394260002444,0.5956439393939394,46.20370370370371,1015.185185185186,23.072390572390592,0
4471,4,1,2,45,0.02127659574468085,0.0425531914893617,0.9574468085106383,47,1150,900,250,0.782608695652174,14,9,5,333.61242729812074,0.451800030835646,0.20984168599374775,0.1841245247643352,129013.18587105641,-791.9195816186411,128221.26628943777,1961,0,336.02127659574467,44,3,17,37.54538066593755,0.5975378787878788,46.018518518518526,1015.9259259259273,23.08922558922562,0
4472,4,0,2,43,0.0,0.044444444444444446,0.9555555555555556,45,1150,900,250,0.782608695652174,14,9,5,343.82707696252976,0.4492003367003367,0.21773622506307144,0.18948451213045406,128955.22072742018,-132.34067964666227,128822.88004777352,1962,1,351.53333333333336,42,3,17,37.344972333524126,0.5997023809523809,46.075581395348834,1015.6976744186042,24.183277962347717,0
4473,4,4,4,43,0.0851063829787234,0.0851063829787234,0.9148936170212766,47,850,600,250,0.7058823529411765,11,6,5,333.18561639052683,0.44968008017267963,0.23900341748429033,0.18710438825483355,129696.07445987669,-757.4266975308514,128938.64776234583,1963,0,336.63829787234044,44,3,13,36.862557949277345,0.6044034090909092,45.34722222222223,1018.6111111111123,23.150252525252554,0
4474,4,1,0,44,0.022727272727272728,0.0,1.0,44,1050,900,150,0.8571428571428571,12,9,3,349.62183563356723,0.4468926180408739,0.24337601532295228,0.19437760623185105,129302.2683610482,241.37928319476566,129543.64764424297,1964,0,360.25,41,3,19,36.844436857848876,0.6046747967479675,45.73412698412699,1017.0634920634927,24.806426635694944,0
4475,4,0,1,43,0.0,0.022727272727272728,0.9772727272727273,44,1050,900,150,0.8571428571428571,12,9,3,347.9896036261565,0.44629800916138124,0.23975179221791998,0.19433997515518464,129478.90216561174,211.46236851223466,129690.36453412398,1965,1,361.25,41,3,13,36.706286350196585,0.6064532520325203,45.56051587301588,1017.7579365079375,24.823364305071646,0
4476,4,0,0,43,0.0,0.0,1.0,43,750,400,350,0.5333333333333333,11,4,7,350.09205606259496,0.4453672942045035,0.2437517707767265,0.1954192781165454,129459.8174449732,464.5707333597712,129924.38817833297,1966,2,369.51162790697674,40,3,13,36.672200585846504,0.6078125,45.579268292682926,1017.682926829268,25.4420731707317,0
4477,4,0,1,42,0.0,0.023255813953488372,0.9767441860465116,43,1350,1200,150,0.8888888888888888,15,12,3,346.24646662483013,0.4450673680324843,0.2374250031720715,0.19398874090814713,129605.14298311916,375.06456286218224,129980.20754598135,1967,3,370.51162790697674,41,2,13,36.622336970641726,0.6077235772357723,45.43650793650794,1018.2539682539682,24.835462640340687,0
4478,4,0,0,42,0.0,0.0,1.0,42,1150,700,450,0.6086956521739131,16,7,9,347.789981716155,0.44285956252419667,0.2362458162178609,0.19438975763777955,129511.53413973171,608.562818097698,130120.0969578294,1968,5,380.26190476190476,40,2,13,36.67818989616614,0.6083333333333334,45.52845528455285,1017.8861788617892,25.447154471544728,0
4479,4,1,1,42,0.023255813953488372,0.023255813953488372,0.9767441860465116,43,1250,1000,250,0.8,15,10,5,342.9065857280113,0.443844592100406,0.2300586828950233,0.19311055090998516,129807.25623582758,302.35260770974037,130109.60884353731,1969,0,372.3953488372093,41,2,14,36.50214174454829,0.6097560975609756,45.238095238095234,1019.0476190476184,24.85481997677118,0
4480,4,0,1,41,0.0,0.023809523809523808,0.9761904761904762,42,1550,1200,350,0.7741935483870968,19,12,7,342.34060864123745,0.4420973674022455,0.22252455030676055,0.19286469794687233,129822.05119307281,488.67200409808027,130310.7231971709,1970,1,382.0238095238095,40,2,14,36.50154567211806,0.6114583333333333,45.22357723577235,1019.1056910569098,25.477642276422745,0
4481,4,1,1,41,0.023809523809523808,0.023809523809523808,0.9761904761904762,42,1050,800,250,0.7619047619047619,13,8,5,343.3951048445603,0.4418554006968641,0.22941221127749634,0.19448720497855576,130029.26911891076,530.2829003899859,130559.55201930074,1971,0,382.7857142857143,40,2,16,36.2644479872459,0.6135416666666667,45.020325203252035,1019.9186991869924,25.49796747967481,0
4482,4,0,2,39,0.0,0.04878048780487805,0.9512195121951219,41,1300,1000,300,0.7692307692307693,16,10,6,349.0564364420968,0.4385924796747967,0.23174468721193797,0.197529625015499,129996.88042534742,875.2495659722415,130872.12999131967,1972,1,392.8536585365854,39,2,16,36.15296220633299,0.6148504273504274,45.05208333333334,1019.7916666666682,26.14850427350431,0
4483,4,0,0,39,0.0,0.0,1.0,39,900,500,400,0.5555555555555556,13,5,8,357.63165768557366,0.4362910481331534,0.23619753740235683,0.20173203215079463,129871.11418898132,1489.2043705755723,131360.31855955688,1973,2,410.1025641025641,37,2,16,36.06210556511762,0.6171171171171171,45.17543859649123,1019.2982456140359,27.54860123281178,0
4484,4,0,0,39,0.0,0.0,1.0,39,700,200,500,0.2857142857142857,12,2,10,359.4178391252641,0.4360942420152947,0.24094511640220384,0.20302959101984858,129927.00277970158,1539.6165166205124,131466.61929632208,1974,3,411.1025641025641,37,2,16,35.95979422097942,0.6176801801801801,45.120614035087726,1019.5175438596502,27.55452821242298,0
4485,4,0,0,39,0.0,0.0,1.0,39,400,200,200,0.5,6,2,4,358.4950861371253,0.4359817813765183,0.24652881169010166,0.202798315150564,129982.90339335208,1519.6464296707006,131502.5498230228,1975,4,412.1025641025641,37,2,16,35.92652329749105,0.6182432432432432,45.06578947368423,1019.7368421052654,27.5604551920342,0
4486,4,1,0,40,0.025,0.0,1.0,40,1050,800,250,0.7619047619047619,13,8,5,351.95024503215245,0.43766025641025647,0.25439345142243663,0.20125331691065104,130402.5412266276,1179.3418407587153,131581.8830673863,1976,0,402.775,37,3,18,35.66771783861155,0.6224662162162162,44.654605263157904,1021.3815789473699,27.604907539118106,0
4487,4,0,0,40,0.0,0.0,1.0,40,750,400,350,0.5333333333333333,11,4,7,351.1772430465383,0.4377804487179487,0.25468012022327136,0.20095621598412503,130430.54112803961,1160.847568482632,131591.38869652225,1977,1,403.775,37,3,18,35.65908115070846,0.6227477477477478,44.62719298245615,1021.4912280701772,27.607871028923707,0
4488,4,0,0,40,0.0,0.0,1.0,40,1650,1000,650,0.6060606060606061,23,10,13,352.65339203153485,0.43754006410256413,0.2503218884120173,0.20238482843189087,130542.57079101274,1207.25607879349,131749.82686980622,1978,2,404.775,37,3,15,35.507868383404876,0.6238738738738738,44.51754385964913,1021.9298245614044,27.619724988146064,0
4489,4,0,0,40,0.0,0.0,1.0,40,1050,700,350,0.6666666666666666,14,7,7,354.3336245043192,0.4373130341880342,0.2572141171422442,0.20364352944693365,130598.60365689447,1255.0953177900938,131853.69897468455,1979,3,405.775,37,3,15,35.40817421154259,0.6244369369369369,44.46271929824562,1022.1491228070179,27.62565196775724,0
4490,4,0,0,40,0.0,0.0,1.0,40,1000,700,300,0.7,13,7,6,352.98674294813287,0.4371928418803419,0.2545259545259544,0.20316348094125863,130654.64854570634,1223.8717682363742,131878.52031394272,1980,4,406.775,37,3,16,35.38583226083226,0.625,44.4078947368421,1022.3684210526313,27.631578947368414,0
4491,4,0,0,40,0.0,0.0,1.0,40,950,600,350,0.631578947368421,13,6,7,330.1791726654767,0.4367654914529915,0.09222308202520457,0.18551557738707486,129717.10519641278,589.0853665768198,130306.1905629896,1981,5,407.775,36,4,17,36.917790551993505,0.6174768518518519,45.326576576576585,1018.693693693695,28.297047047047084,7
4492,4,1,0,41,0.024390243902439025,0.0,1.0,41,1100,800,300,0.7272727272727273,14,8,6,320.4888025735814,0.4385670731707317,0.09652264658531329,0.18155827293175722,130038.81602993222,135.19688750384057,130174.01291743606,1982,0,398.8048780487805,37,4,18,36.83885185981509,0.6188063063063063,45.0109649122807,1019.9561403508767,27.566382171645316,0
4493,4,2,0,43,0.046511627906976744,0.0,1.0,43,1550,1200,350,0.7741935483870968,19,12,7,307.0494455588482,0.4425526024363234,0.11816704045408466,0.17692776902129653,130699.20562358462,-573.5839087771736,130125.62171480745,1983,0,381.2093023255814,38,5,16,36.51503674293873,0.6236293859649122,44.36431623931624,1022.542735042735,26.90901934322987,0
4494,4,0,2,41,0.0,0.046511627906976744,0.9534883720930233,43,1150,1000,150,0.8695652173913043,13,10,3,309.0616346062026,0.4417912513842746,0.11021892280887813,0.17902249400774398,130901.38888888911,-508.6805555555312,130392.70833333358,1984,1,382.2093023255814,39,4,16,36.2598398479913,0.6239316239316239,44.16666666666668,1023.3333333333351,26.239316239316285,0
4495,4,0,1,40,0.0,0.024390243902439025,0.975609756097561,41,1300,1100,200,0.8461538461538461,15,11,4,324.1768075196087,0.44098069105691057,0.10400960233468504,0.1869880694950767,130738.73842191831,276.4933681517391,131015.23179007006,1985,2,382.5121951219512,37,4,16,36.037288695900784,0.6258445945945945,44.32565789473684,1022.6973684210529,27.640469416785216,0
4496,4,0,0,40,0.0,0.0,1.0,40,1150,700,450,0.6086956521739131,16,7,9,330.7604147506089,0.4395032051282051,0.11546465536225492,0.19084917959117104,130751.61944038642,649.4919750832037,131401.1114154696,1986,3,392.85,36,4,16,35.855951332305665,0.6278935185185186,44.31306306306307,1022.7477477477485,28.40965965965968,0
4497,4,1,0,41,0.024390243902439025,0.0,1.0,41,900,700,200,0.7777777777777778,11,7,4,323.96526003370303,0.4383384146341463,0.12680077145023438,0.18867138412412393,131109.19922017684,294.96516363504145,131404.16438381188,1987,0,384.2439024390244,38,3,17,35.66898775992765,0.6277412280701755,43.96367521367522,1024.1452991452998,26.951192082771048,0
4498,4,0,1,40,0.0,0.024390243902439025,0.975609756097561,41,1100,800,300,0.7272727272727273,14,8,6,325.1156150054226,0.4381859756097561,0.12460924484101499,0.1897464170594641,131191.2749858462,330.46641007377497,131521.74139591996,1988,1,385.2439024390244,38,3,17,35.556801195814664,0.6285635964912281,43.883547008547005,1024.465811965811,26.95962663067924,0
4499,4,0,0,40,0.0,0.0,1.0,40,1100,900,200,0.8181818181818182,13,9,4,334.3427180953773,0.43633814102564106,0.12275208734746323,0.19497064122640528,131159.5935768697,770.4510041551125,131930.04458102482,1989,2,394.0,37,3,17,35.3524405908799,0.6300675675675675,43.91447368421052,1024.342105263157,27.68492176386911,0
4500,4,1,0,41,0.024390243902439025,0.0,1.0,41,1000,700,300,0.7,13,7,6,327.42873174858096,0.43686483739837395,0.1326664458775455,0.19248528774635307,131468.65051025312,409.4309066251113,131878.08141687824,1990,0,385.3658536585366,37,4,19,35.21808956128159,0.6331644144144144,43.612938596491226,1025.5482456140348,27.71752015173067,0
4501,4,0,0,41,0.0,0.0,1.0,41,1750,1100,650,0.6285714285714286,24,11,13,327.95251825358383,0.43610264227642276,0.13049653522499494,0.1936471683492297,131637.3803117305,434.162073907349,132071.54238563785,1991,1,386.3658536585366,37,4,15,35.03479271289666,0.6348536036036037,43.4484649122807,1026.206140350877,27.735301090564242,0
4502,4,0,0,41,0.0,0.0,1.0,41,800,400,400,0.5,12,4,8,327.61611397301556,0.4353404471544715,0.13406426768038626,0.1937343299369172,131693.64762474992,428.9922139504433,132122.63983870036,1992,2,387.3658536585366,37,4,15,34.986802513976414,0.6354166666666667,43.39364035087719,1026.4254385964912,27.74122807017544,0
4503,4,0,0,41,0.0,0.0,1.0,41,1150,900,250,0.782608695652174,14,9,5,330.90051024398053,0.43493394308943084,0.1332791675130076,0.19640140550982993,131834.36850761744,524.811961372694,132359.18046899015,1993,3,388.3658536585366,37,4,16,34.76092604455832,0.6368243243243243,43.2565789473684,1026.973684210524,27.75604551920335,0
4504,4,0,0,41,0.0,0.0,1.0,41,1100,800,300,0.7272727272727273,14,8,6,336.1523608230443,0.4345020325203252,-0.004361713516083832,0.19113666157767611,130182.84640841997,606.2251651349267,130789.07157355489,1994,4,389.3658536585366,39,2,19,36.293529481814154,0.6167200854700854,44.86979166666666,1020.5208333333319,26.167200854700816,8
4505,4,0,1,40,0.0,0.024390243902439025,0.975609756097561,41,1800,1400,400,0.7777777777777778,22,14,8,332.64150593093325,0.4348323170731707,-0.014187070396138424,0.1906244497087599,130486.54994806102,481.09732381599395,130967.64727187701,1995,5,390.3658536585366,37,4,20,36.07578521857339,0.6233108108108107,44.57236842105264,1021.71052631579,27.613798008534864,0
4506,4,0,1,39,0.0,0.025,0.975,40,1150,900,250,0.782608695652174,14,9,5,337.47614730921816,0.4325854700854701,-0.014749807120026048,0.19342521064665452,130492.60567577736,807.6283631604863,131300.23403893784,1996,6,400.825,36,4,16,35.94616811785887,0.6252893518518519,44.566441441441455,1021.734234234236,28.381506506506557,0
4507,4,0,0,39,0.0,0.0,1.0,39,1000,700,300,0.7,13,7,6,341.53568264584266,0.43187696806117853,-0.000766877848559,0.19563500783354013,130469.43486636235,1111.9935003000764,131581.42836666244,1997,10,411.94871794871796,35,4,20,35.8659274574223,0.6270833333333333,44.589120370370374,1021.6435185185189,29.189814814814827,0
4508,4,0,0,39,0.0,0.0,1.0,39,950,700,250,0.7368421052631579,12,7,5,341.02587282734845,0.43176450742240213,0.0054366292898402335,0.1956411586220052,130528.56445312503,1102.7235243055566,131631.2879774306,1998,11,412.94871794871796,35,4,16,35.81910465511382,0.6276785714285714,44.53125,1021.8750000000002,29.196428571428577,0
4509,4,0,0,39,0.0,0.0,1.0,39,1200,1000,200,0.8333333333333334,14,10,4,339.9163577791146,0.4310897435897436,0.005958432169885786,0.19584013506563197,130694.03863322778,1085.0083191299345,131779.04695235772,1999,12,413.94871794871796,36,3,16,35.68006607929516,0.6273148148148149,44.369369369369366,1022.5225225225222,28.403403403403395,0
4510,4,0,0,39,0.0,0.0,1.0,39,1050,600,450,0.5714285714285714,15,6,9,339.05912224722374,0.43117408906882587,0.004731816667513877,0.19563754436145392,130751.61944038629,1066.5058639720787,131818.12530435837,2000,13,414.94871794871796,36,3,17,35.64376422227116,0.6278935185185186,44.31306306306306,1022.7477477477474,28.409659659659653,0
4511,4,0,0,39,0.0,0.0,1.0,39,950,600,350,0.631578947368421,13,6,7,341.18871818140235,0.430921052631579,0.0038327476962589646,0.19730741595659068,130838.01442912506,1128.090886494601,131966.10531561967,2001,14,415.94871794871796,36,3,17,35.50197211520822,0.6287615740740741,44.2286036036036,1023.0855855855855,28.419044044044043,0
4512,4,0,0,39,0.0,0.0,1.0,39,650,400,250,0.6153846153846154,9,4,5,340.58053066417887,0.4305555555555556,-0.004999548573491941,0.19739769532372808,130924.43795146495,1118.0629108838543,132042.5008623488,2002,15,416.94871794871796,36,3,18,35.43019182805165,0.6296296296296297,44.14414414414414,1023.4234234234232,28.428428428428422,0
4513,4,0,0,39,0.0,0.0,1.0,39,1400,900,500,0.6428571428571429,19,9,10,342.22812820335946,0.4299651372019793,-0.0033003300330032292,0.1986496606237891,130982.06948502558,1165.1496936125327,132147.2191786381,2003,16,417.94871794871796,36,3,18,35.3298038137147,0.6302083333333333,44.08783783783784,1023.6486486486488,28.434684684684687,0
4514,4,0,0,39,0.0,0.0,1.0,39,1450,1000,450,0.6896551724137931,19,10,9,348.2489300439024,0.4290654520917679,0.0009827092580545482,0.20293158175546425,131131.51552641185,1333.2819954216561,132464.7975218335,2004,17,418.94871794871796,37,2,18,35.0246895407344,0.6297860360360361,43.941885964912274,1024.23245614035,27.681958274063515,0
4515,4,0,0,39,0.0,0.0,1.0,39,950,600,350,0.631578947368421,13,6,7,349.1564230792687,0.4290092217723797,-0.007622340206609346,0.2040567087977336,131243.84576263832,1364.926347529989,132608.7721101683,2005,18,419.94871794871796,37,2,18,34.887974852862506,0.6309121621621622,43.83223684210525,1024.6710526315774,27.693812233285875,0
4516,4,0,0,39,0.0,0.0,1.0,39,1000,500,500,0.5,15,5,10,347.5893090586029,0.4282782276203329,-0.015483180557315901,0.2040490431320815,131414.71021274672,1335.6967161898433,132750.40692893657,2006,19,420.94871794871796,36,3,18,34.755628775398115,0.6345486111111112,43.66554054054055,1025.3378378378393,28.481606606606647,0
4517,4,0,1,38,0.0,0.02564102564102564,0.9743589743589743,39,1000,600,400,0.6,14,6,8,348.91584379452024,0.42816576698155645,-0.016285021665497945,0.20513728789132982,131472.4495399117,1374.5641333901679,132847.01367330187,2007,20,421.94871794871796,36,3,19,34.6633541964057,0.6351273148148149,43.60923423423424,1025.5630630630644,28.4878628628629,0
4518,4,0,0,38,0.0,0.0,1.0,38,900,500,400,0.5555555555555556,13,5,8,355.8694641798517,0.42533487434803224,-0.012352794381528254,0.20876104064272366,131387.44882758922,1751.3562028463743,133138.8050304356,2008,21,433.10526315789474,35,3,19,34.570915180251376,0.6363095238095238,43.69212962962963,1025.231481481482,29.292328042328055,0
4519,4,0,2,36,0.0,0.05263157894736842,0.9473684210526316,38,900,600,300,0.6666666666666666,12,6,6,355.4321295904689,0.4252607871028924,-0.011013425210882888,0.20882816101933405,131446.7860510976,1744.0822187928834,133190.86826989046,2009,22,434.10526315789474,35,3,19,34.52219714070731,0.6369047619047619,43.63425925925927,1025.4629629629644,29.29894179894184,0
4520,4,0,0,36,0.0,0.0,1.0,36,850,700,150,0.8235294117647058,10,7,3,367.033462449955,0.42240410052910055,0.002813852813852602,0.21481039722368503,131298.4681096752,2438.1862729338263,133736.654382609,2010,23,455.72222222222223,35,1,19,34.374764728025596,0.6354166666666667,43.77893518518519,1024.8842592592603,29.282407407407437,0
4521,4,0,0,36,0.0,0.0,1.0,36,1050,800,250,0.7619047619047619,13,8,5,369.6095101856169,0.4219246031746032,0.002838416679568745,0.21683086523968206,131389.1439909297,2512.53877981877,133901.68277074848,2011,24,456.72222222222223,34,2,19,34.21703243536152,0.6384803921568627,43.69047619047619,1025.2380952380952,30.15406162464986,0
4522,4,0,0,36,0.0,0.0,1.0,36,950,700,250,0.7368421052631579,12,7,5,369.0306259500882,0.4215608465608465,0.0031924773624334435,0.21683695852210524,131450.1771541951,2501.828231292531,133952.00538548763,2012,25,457.72222222222223,34,2,19,34.170149369243866,0.639093137254902,43.63095238095239,1025.4761904761913,30.16106442577033,0
4523,4,1,0,37,0.02702702702702703,0.0,1.0,37,1200,1100,100,0.9166666666666666,13,11,2,360.258431506788,0.4244557057057057,0.001974020909999208,0.21365058852461388,131803.09070644723,2096.6349451303195,133899.72565157755,2013,0,446.3243243243243,35,2,17,34.03873609858732,0.6404761904761904,43.28703703703704,1026.8518518518522,29.33862433862435,0
4524,4,0,0,37,0.0,0.0,1.0,37,900,400,500,0.4444444444444444,14,4,10,357.25306419693163,0.42398648648648646,-0.0016446466750725808,0.2121997116254063,131862.52170138885,2021.6579861111074,133884.17968749994,2014,1,447.3243243243243,35,2,17,34.055949966193374,0.6410714285714285,43.229166666666664,1027.083333333333,29.345238095238088,0
4525,4,0,0,37,0.0,0.0,1.0,37,1150,900,250,0.782608695652174,14,9,5,356.8448247254599,0.42411161161161165,0.001096184061483818,0.21228918661281376,131921.96609224967,2015.134173525381,133937.10026577505,2015,2,448.3243243243243,35,2,18,34.006496920534765,0.6416666666666666,43.1712962962963,1027.314814814815,29.35185185185186,0
4526,4,0,0,37,0.0,0.0,1.0,37,850,600,250,0.7058823529411765,11,6,5,355.80442001027654,0.424049049049049,0.0009316514892723227,0.21183607219525327,131951.69331114978,1989.7991415895144,133941.4924527393,2016,3,449.3243243243243,35,2,18,34.003252788104085,0.6419642857142858,43.142361111111114,1027.430555555556,29.355158730158745,0
4527,4,0,0,37,0.0,0.0,1.0,37,800,500,300,0.625,11,5,6,367.6783014548703,0.4235172672672673,0.04556825427968847,0.20885643721817881,130144.46159122078,2171.0124367712565,132315.47402799205,2017,4,450.3243243243243,35,2,16,35.52820629159107,0.6238095238095238,44.907407407407405,1020.3703703703698,29.153439153439137,8
4528,4,0,1,36,0.0,0.02702702702702703,0.972972972972973,37,950,700,250,0.7368421052631579,12,7,5,368.6983073087939,0.42301676676676675,0.05168788657107992,0.2097536563773512,130203.5175004286,2201.1633016117844,132404.68080204038,2018,5,451.3243243243243,35,2,17,35.442182656687066,0.6244047619047619,44.84953703703703,1020.6018518518513,29.160052910052894,0
4529,4,0,0,36,0.0,0.0,1.0,36,750,500,250,0.6666666666666666,10,5,5,367.01374427321986,0.42146164021164023,0.068367346938776,0.2091124822021833,130262.58680555547,2361.645340363507,132624.23214591897,2019,6,463.19444444444446,34,2,17,35.42517006802722,0.6271446078431373,44.791666666666664,1020.8333333333327,30.02450980392155,0
4530,4,0,0,36,0.0,0.0,1.0,36,750,400,350,0.5333333333333333,11,4,7,383.1622161877476,0.4203042328042328,0.08987715283632447,0.21365989798568594,129419.5160064636,2756.796214196431,132176.31222066004,2020,7,464.19444444444446,33,3,18,35.87194889397408,0.6208964646464646,45.61887254901959,1017.5245098039194,30.834076054664223,8
4531,4,1,0,37,0.02702702702702703,0.0,1.0,37,600,300,300,0.5,9,3,6,372.23780370348413,0.4221096096096096,0.0886857879145797,0.20930427884983,129746.60572562339,2259.3183106575743,132005.92403628095,2021,0,452.6216216216216,34,3,18,35.81663355924281,0.6219362745098039,45.29761904761904,1018.8095238095223,29.964985994397715,0
4532,4,2,0,39,0.05128205128205128,0.0,1.0,39,850,500,350,0.5882352941176471,12,5,7,352.1394599356928,0.4258040935672514,0.0843561187590296,0.2012320581069185,130377.57087746523,1382.2174793036174,131759.78835676884,2022,0,430.35897435897436,36,3,20,35.68819605248649,0.6241319444444444,44.67905405405405,1021.2837837837833,28.368993993993982,0
4533,4,0,0,39,0.0,0.0,1.0,39,1100,600,500,0.5454545454545454,16,6,10,351.0437811624891,0.42532613585245166,0.07944621035530175,0.20150046262173218,130550.1420973337,1365.7631026296451,131915.90519996334,2023,1,431.35897435897436,36,3,17,35.54132231404958,0.6258680555555556,44.51013513513513,1021.9594594594585,28.387762762762733,0
4534,4,0,2,37,0.0,0.05128205128205128,0.9487179487179487,39,400,200,200,0.5,6,2,4,350.49674061317796,0.4251293297345929,0.08096303578895037,0.2013359758104556,130578.91506371209,1353.496824527199,131932.4118882393,2024,2,432.35897435897436,36,3,17,35.52615873365653,0.6261574074074074,44.48198198198197,1022.0720720720699,28.39089089089083,0
4535,4,0,0,37,0.0,0.0,1.0,37,900,600,300,0.6666666666666666,12,6,6,371.2080239532226,0.42123373373373374,0.08006654357785181,0.21199883019112767,130353.74858276613,2277.6714852607356,132631.42006802687,2025,4,456.6216216216216,34,3,20,35.22552848371804,0.6280637254901961,44.702380952380935,1021.1904761904736,30.035014005602164,0
4536,4,0,0,37,0.0,0.0,1.0,37,1050,800,250,0.7619047619047619,13,8,5,370.3339019450781,0.4209834834834835,0.08099290154755079,0.2121632541049837,130475.34722222204,2263.8888888888646,132739.23611111092,2026,5,457.6216216216216,34,3,21,35.12438825448612,0.6292892156862745,44.58333333333332,1021.6666666666652,30.049019607843093,0
4537,4,2,0,39,0.05128205128205128,0.0,1.0,39,1250,900,350,0.72,16,9,7,356.1305581850246,0.4226833108412056,0.09375872011905884,0.20780754892938863,131183.87972009167,1543.717661918672,132727.59738201034,2027,0,435.1025641025641,36,3,19,34.769933311348055,0.6322337962962963,43.890765765765764,1024.4369369369367,28.456581581581574,0
4538,4,2,0,41,0.04878048780487805,0.0,1.0,41,1000,800,200,0.8,12,8,4,346.93159795776893,0.4242123983739838,0.11764974584508137,0.2056976920402292,131793.94866544302,944.6970423332596,132738.64570777628,2028,0,414.8292682926829,38,3,19,34.39006520306594,0.6345942982456141,43.29594017094017,1026.816239316239,27.02147998200629,0
4539,4,0,0,41,0.0,0.0,1.0,41,950,600,350,0.631578947368421,13,6,7,346.60220825787366,0.4240091463414634,0.11535192435040953,0.20579907523057064,131848.80566741538,939.8174400978792,132788.62310751327,2029,1,415.8292682926829,38,3,19,34.34325045944726,0.6351425438596492,43.24252136752136,1027.029914529914,27.02710301394511,0
4540,4,0,0,41,0.0,0.0,1.0,41,1000,800,200,0.8,12,8,4,382.4865001323819,0.4237042682926829,0.1679719179325787,0.21349315727610776,129458.25043362915,1797.6397686369896,131255.89020226614,2030,2,416.8292682926829,32,9,18,35.84961745244003,0.6236979166666667,45.580808080808076,1017.6767676767671,31.802398989898972,8
4541,4,0,0,41,0.0,0.0,1.0,41,1150,700,450,0.6086956521739131,16,7,9,388.20409015075546,0.4243140243902439,0.12882478285915644,0.20570571532775733,127383.94445516108,1703.601084321034,129087.54553948212,2031,3,417.8292682926829,35,6,15,37.830103951693026,0.5958333333333333,47.62731481481481,1009.49074074074,28.84259259259257,8
4542,4,1,0,42,0.023809523809523808,0.0,1.0,42,1200,800,400,0.6666666666666666,16,8,8,374.2346466209568,0.42831736353077815,0.11930064852555344,0.18934829548787943,125492.38207572415,1149.9741458761619,126642.3562216003,2032,0,408.85714285714283,35,7,18,40.13382715336334,0.5764880952380953,49.50810185185183,1001.9675925925901,28.627645502645432,8
4543,4,2,0,44,0.045454545454545456,0.0,1.0,44,1150,800,350,0.6956521739130435,15,8,7,361.353841772695,0.4357492071881606,0.1319574764456659,0.18516921510249623,126017.01754145631,307.3466834684442,126324.36422492476,2033,0,391.22727272727275,38,6,20,39.91452082003263,0.5762061403508771,48.98504273504272,1004.0598290598264,26.422627080521746,0
4544,4,2,5,41,0.043478260869565216,0.10869565217391304,0.8913043478260869,46,1150,700,450,0.6086956521739131,16,7,9,341.27065868354515,0.4401972624798712,0.12841628444713993,0.17712101606788486,126539.80070790988,-563.1272118397527,125976.67349607013,2034,0,375.17391304347825,37,9,16,39.88075777390292,0.5833333333333333,48.46491228070174,1006.1403508771909,27.192982456140296,0
4545,4,2,0,43,0.046511627906976744,0.0,1.0,43,650,100,550,0.15384615384615385,12,1,11,343.5525927260536,0.4377768549280177,0.13251131574840058,0.1789836934132237,126694.89590942294,105.27199496794702,126800.16790439088,2035,0,385.69767441860466,36,7,19,39.66396346010441,0.5868055555555556,48.310810810810814,1006.7567567567568,27.965465465465467,0
4546,4,3,3,43,0.06521739130434782,0.06521739130434782,0.9347826086956522,46,700,400,300,0.5714285714285714,10,4,6,325.49600844126047,0.4428542673107891,0.148021081483797,0.1730730744546502,127523.29082657627,-897.7141721056182,126625.57665447064,2036,0,361.4782608695652,38,8,17,39.2701942740286,0.5915570175438596,47.489316239316246,1010.0427350427366,26.580071974808856,0
4547,4,0,0,43,0.0,0.0,1.0,43,1350,900,450,0.6666666666666666,18,9,9,339.9147616965136,0.43851513473606496,0.16318785578747663,0.179451758988749,127233.99233270454,49.74243669347857,127283.73476939801,2037,1,386.9767441860465,36,7,21,39.2024314469621,0.5923032407407407,47.775900900900915,1008.8963963963981,28.02489989989995,0
4548,4,2,1,44,0.044444444444444446,0.022222222222222223,0.9777777777777777,45,1150,900,250,0.782608695652174,14,9,5,330.71278276645285,0.4390782828282828,0.1873941100551446,0.1777440438591552,127955.29827781458,-536.7094473664686,127418.58883044812,2038,0,370.73333333333335,38,7,20,38.69698169658572,0.5959429824561404,47.06196581196583,1011.752136752139,26.625056230319448,0
4549,4,0,0,44,0.0,0.0,1.0,44,1400,1200,200,0.8571428571428571,16,12,4,336.219707120054,0.4365530303030303,0.1785869094061554,0.18080626208064438,127978.05574792244,-194.25111572791405,127783.80463219453,2039,1,380.09090909090907,37,7,21,38.53444227712758,0.597972972972973,47.03947368421053,1011.8421052631579,27.347083926031296,0
4550,4,1,1,44,0.022222222222222223,0.022222222222222223,0.9777777777777777,45,1200,700,500,0.5833333333333334,17,7,10,329.0460625203067,0.4391414141414141,0.1861163842602358,0.1782865579895742,128279.78326576091,-558.0084830886041,127721.7747826723,2040,0,372.6222222222222,38,7,23,38.40808022217535,0.5992324561403508,46.741452991452995,1013.0341880341887,26.658794421952333,0
4551,4,3,3,44,0.06382978723404255,0.06382978723404255,0.9361702127659575,47,950,600,350,0.631578947368421,13,6,7,316.87163072683364,0.44289623805118716,0.18165317039811346,0.17378346930636437,128762.6529037779,-1239.7536395333032,127522.8992642446,2041,0,357.5744680851064,40,7,17,38.22510930876807,0.60078125,46.265243902439046,1014.939024390247,25.373475609756177,0
4552,4,0,0,44,0.0,0.0,1.0,44,1350,900,450,0.6666666666666666,18,9,9,336.042620039615,0.43757707892882314,0.18895567242674693,0.17678763923823204,127092.01388888873,-248.9014268953864,126843.11246199334,2042,2,382.95454545454544,35,9,17,39.445592286501395,0.5928571428571429,47.91666666666666,1008.333333333332,28.80952380952377,8
4553,4,2,3,43,0.043478260869565216,0.06521739130434782,0.9347826086956522,46,1650,1200,450,0.7272727272727273,21,12,9,323.6176847740029,0.44286433172302736,0.1836586464644614,0.17253529101423404,127631.22420373987,-939.2557436628282,126691.96846007704,2043,0,367.2608695652174,38,8,12,39.207328892648206,0.5926535087719298,47.382478632478616,1010.4700854700825,26.59131803868638,0
4554,4,0,1,42,0.0,0.023255813953488372,0.9767441860465116,43,1400,1100,300,0.7857142857142857,17,11,6,347.6908164841534,0.4356081579918789,0.18966331214642151,0.18383967428291897,127296.33012099205,251.95299104081695,127548.28311203286,2044,4,390.8139534883721,35,8,20,38.94237202278548,0.5949404761904762,47.714120370370374,1009.1435185185194,28.832671957671984,0
4555,4,2,0,44,0.045454545454545456,0.0,1.0,44,1150,900,250,0.782608695652174,14,9,5,340.7421094141396,0.4362667371388302,0.202490382668556,0.18256945957869794,127831.16731596485,-88.50767997724827,127742.6596359876,2045,0,382.70454545454544,36,8,17,38.57020230141054,0.5983796296296297,47.1846846846847,1011.2612612612631,28.090590590590644,0
4556,4,0,0,44,0.0,0.0,1.0,44,1350,800,550,0.5925925925925926,19,8,11,338.9899050771172,0.4350334742776603,0.20400408807577075,0.18214625043138907,127945.0734518304,-125.58233909583157,127819.49111273457,2046,1,383.70454545454544,36,8,17,38.49807064410803,0.599537037037037,47.07207207207208,1011.7117117117132,28.103103103103145,0
4557,4,1,1,44,0.022222222222222223,0.022222222222222223,0.9777777777777777,45,1050,700,350,0.6666666666666666,14,7,7,329.9431683527469,0.4377104377104377,0.19855475264035527,0.17867783259078657,128258.57688347157,-536.2364053242195,127722.34047814735,2047,0,376.15555555555557,36,9,18,38.40698536223829,0.6027199074074074,46.7623873873874,1012.9504504504525,28.137512512512572,0
4558,4,1,0,45,0.022222222222222223,0.0,1.0,45,1450,1100,350,0.7586206896551724,18,11,7,327.28934024307995,0.4401936026936027,0.18834330761650664,0.17821656300868793,128477.80687326893,-590.1166705139792,127887.69020275495,2048,0,376.68888888888887,37,8,16,38.25077510995745,0.6030405405405406,46.54605263157896,1013.8157894736861,27.400426742532055,0
4559,4,0,2,43,0.0,0.044444444444444446,0.9555555555555556,45,1150,900,250,0.782608695652174,14,9,5,327.65054784514246,0.4401515151515152,0.1919807807807805,0.1789118989118989,128588.99493113268,-573.5490727916251,128015.44585834106,2049,1,377.68888888888887,37,8,16,38.12837837837837,0.6041666666666667,46.43640350877193,1014.2543859649126,27.412280701754394,0
4560,4,0,2,41,0.0,0.046511627906976744,0.9534883720930233,43,1450,1200,250,0.8275862068965517,17,12,5,355.82529325054696,0.43602344038390545,0.15209198670250168,0.18534780200662826,126688.35521449707,415.7842291255788,127104.13944362265,2050,2,395.8837209302326,38,5,17,39.36180091266051,0.5830592105263157,48.31730769230769,1006.7307692307694,26.49291497975709,8
4561,4,1,1,41,0.023809523809523808,0.023809523809523808,0.9761904761904762,42,700,400,300,0.5714285714285714,10,4,6,356.58964051686036,0.4359635114208285,0.19234116623150532,0.1870874415314489,126981.47506925224,656.0557094490784,127637.53077870132,2051,0,405.73809523809524,37,5,18,39.04119524223963,0.5878378378378378,48.02631578947369,1007.8947368421066,27.24039829302991,0
4562,4,2,1,42,0.046511627906976744,0.023255813953488372,0.9767441860465116,43,1350,900,450,0.6666666666666666,18,9,9,344.97326421406257,0.441952750092285,0.19883467831100332,0.18372615151461558,127588.49511584778,203.06820241637698,127791.56331826416,2052,0,382.1860465116279,35,8,16,38.711598312139614,0.5979166666666667,47.42476851851851,1010.3009259259248,28.86574074074071,0
4563,4,0,0,42,0.0,0.0,1.0,42,1350,900,450,0.6666666666666666,18,9,9,349.3955760424041,0.4379113433991482,0.20010201353997936,0.18608139007163776,127588.49511584778,515.7711494770112,128104.26626532478,2053,1,392.2857142857143,35,7,16,38.59990166876695,0.5979166666666667,47.42476851851851,1010.3009259259248,28.86574074074071,0
4564,4,1,0,43,0.023255813953488372,0.0,1.0,43,1550,1100,450,0.7096774193548387,20,11,9,364.53646356177177,0.4375692137320044,0.2663075214257138,0.18215145555123458,124973.29202507493,511.4643828986823,125484.75640797362,2054,0,384.13953488372096,38,5,19,40.914271467749394,0.565515350877193,50.026709401709404,999.8931623931628,26.31297795771481,7
4565,4,2,1,44,0.044444444444444446,0.022222222222222223,0.9777777777777777,45,1200,800,400,0.6666666666666666,16,8,8,355.7432185005506,0.4426767676767677,0.2769357876192211,0.18083778394594402,125686.2463089604,-57.585482653825636,125628.66082630657,2055,0,368.02222222222224,37,8,18,40.39673318753415,0.5746058558558558,49.31469298245614,1002.741228070175,27.101114272166893,0
4566,4,3,3,44,0.06382978723404255,0.06382978723404255,0.9361702127659575,47,1300,900,400,0.6923076923076923,17,9,8,338.6426716732616,0.44896700585877275,0.27164296569691815,0.17466832538936622,126285.33859303068,-846.3711403406516,125438.96745269003,2056,0,352.93617021276594,38,9,14,40.20846619897961,0.5789473684210527,48.71794871794871,1005.1282051282034,26.450742240215877,0
4567,4,3,0,47,0.06382978723404255,0.0,1.0,47,1750,1000,750,0.5714285714285714,25,10,15,340.2947593898358,0.4456907184705519,0.29068471793426354,0.17696060092705002,126619.79709201372,-782.3893229166857,125837.40776909703,2057,0,353.8723404255319,39,8,18,39.82310425722763,0.5806623931623931,48.38541666666666,1006.4583333333319,25.806623931623896,0
4568,4,5,2,50,0.09615384615384616,0.038461538461538464,0.9615384615384616,52,1800,1300,500,0.7222222222222222,23,13,10,312.7929787630854,0.45548956762192055,0.3039095457667025,0.16754066382197197,127818.28826727436,-2401.2306557461156,125417.05761152825,2058,0,320.75,41,11,18,39.28993345106115,0.5896849593495934,47.197420634920626,1011.2103174603163,24.663666279519912,0
4569,4,2,1,51,0.038461538461538464,0.019230769230769232,0.9807692307692307,52,1050,800,250,0.7619047619047619,13,8,5,314.7174537110195,0.45625942684766213,0.2691436851037967,0.16291533426766452,126433.34915457314,-2441.4278377199944,123991.92131685314,2059,0,321.71153846153845,42,10,15,40.65781867231912,0.574156746031746,48.57073643410853,1005.7170542635668,23.94564414913254,8
4570,4,0,2,49,0.0,0.0392156862745098,0.9607843137254902,51,1400,1000,400,0.7142857142857143,18,10,8,321.25625853436514,0.4543790849673202,0.2817032138299105,0.16654082114204802,126492.52409297036,-2072.6969954648703,124419.82709750549,2060,1,329.0,41,10,16,40.432692307692264,0.5762195121951219,48.51190476190475,1005.9523809523796,24.535423925667796,0
4571,4,1,0,50,0.02,0.0,1.0,50,850,500,350,0.5882352941176471,12,5,7,328.18989400988374,0.4533418367346939,0.29760428239571746,0.17039371476622223,126554.60048788744,-1693.2118158834132,124861.38867200402,2061,0,336.22,40,10,17,40.19459313874019,0.5783854166666667,48.450203252032516,1006.1991869918694,25.154979674796735,0
4572,4,3,1,52,0.05660377358490566,0.018867924528301886,0.9811320754716981,53,1650,1100,550,0.6666666666666666,22,11,11,316.7092061173562,0.45718432510885343,0.31138563753860615,0.16806393638490333,127442.37075617263,-2525.2882961163814,124917.08246005625,2062,0,318.1320754716981,41,12,18,39.574736359468154,0.5858739837398375,47.569444444444436,1009.7222222222206,24.627371273712697,0
4573,4,1,3,50,0.018867924528301886,0.05660377358490566,0.9433962264150944,53,1050,600,450,0.5714285714285714,15,6,9,319.4063808026397,0.45745645863570394,0.3228923161275752,0.17033892119663271,127642.79120212882,-2446.015605316214,125196.7755968126,2063,0,319.0188679245283,41,12,19,39.30190130244126,0.5879065040650406,47.37103174603174,1010.5158730158716,24.64672861014321,0
4574,4,0,1,49,0.0,0.02,0.98,50,1300,900,400,0.6923076923076923,17,9,8,336.59118292635594,0.4527465986394558,0.3142986782402841,0.17427790666534207,126442.63058232554,-1488.1050799949612,124954.52550233058,2064,1,338.66,41,9,16,40.09830998882094,0.5757113821138211,48.56150793650794,1005.7539682539684,24.530584591560206,8
4575,4,1,2,48,0.02,0.04,0.96,50,1450,1000,450,0.6896551724137931,19,10,9,342.8424854250615,0.45154761904761903,0.3280760516205301,0.1789302863521748,126767.11432547559,-1307.7694908982062,125459.34483457738,2065,0,339.46,41,9,18,39.60765359734674,0.5790142276422765,48.239087301587304,1007.043650793651,24.562040263259778,0
4576,4,2,0,50,0.04,0.0,1.0,50,1300,900,400,0.6923076923076923,17,9,8,341.1302172272741,0.45539115646258504,0.34276716572018495,0.18004611192622086,127223.34120008691,-1319.2231554803582,125904.11804460656,2066,0,338.32,39,11,20,39.18269230769228,0.5868055555555556,47.786458333333336,1008.8541666666675,25.86805555555558,0
4577,4,1,2,49,0.0196078431372549,0.0392156862745098,0.9607843137254902,51,1250,1100,150,0.88,14,11,3,344.5402768768575,0.4569281045751634,0.35713017856508933,0.1835701732427502,127604.89477989299,-1406.9948443386781,126197.8999355543,2067,0,332.6666666666667,40,11,17,38.705743311205,0.5890625,47.40853658536586,1010.3658536585372,25.259146341463428,0
4578,4,0,1,48,0.0,0.02040816326530612,0.9795918367346939,49,1200,900,300,0.75,15,9,6,359.9355001259758,0.45296556122448983,0.3603368966634266,0.1908748864304421,127415.40310650917,-627.7346318211389,126787.66847468803,2068,1,346.8775510204082,38,11,17,38.5112433862434,0.5904605263157895,47.59615384615386,1009.615384615387,26.56882591093124,0
4579,4,0,0,48,0.0,0.0,1.0,48,1750,1100,650,0.6285714285714286,24,11,13,369.03692153276916,0.45270020685579193,0.36868618292417965,0.19547490791891134,127368.57133925847,-199.25890658661115,127169.31243267187,2069,2,354.875,37,11,17,38.32962198566154,0.5917792792792793,47.64254385964914,1009.4298245614056,27.281887150308258,0
4580,4,1,2,47,0.02040816326530612,0.04081632653061224,0.9591836734693877,49,1150,700,450,0.6086956521739131,16,7,9,359.50042118512494,0.4537450396825397,0.37028920013201305,0.1920515801712294,127712.20419908344,-617.4817599897457,127094.72243909369,2070,0,348.61224489795916,38,11,18,38.21785928196456,0.5934758771929824,47.30235042735044,1010.7905982906002,26.599752586594743,0
4581,4,0,0,47,0.0,0.0,1.0,47,1150,700,450,0.6086956521739131,16,7,9,366.2862895447531,0.45176148627813756,0.3596797429078016,0.19535268775720166,127645.42936288095,-49.04586026468843,127596.38350261627,2071,1,349.74468085106383,37,10,19,38.11487268518518,0.5945945945945945,47.36842105263158,1010.5263157894742,27.311522048364168,0
4582,4,1,0,48,0.020833333333333332,0.0,1.0,48,1350,900,450,0.6666666666666666,18,9,9,362.6800097935765,0.453125,0.3173169825343738,0.19295609061971453,127546.62390430996,-257.9736104253596,127288.65029388461,2072,0,343.4375,36,12,15,38.307320698625055,0.5954861111111112,47.46621621621623,1010.1351351351371,28.059309309309366,8
4583,4,1,1,48,0.02040816326530612,0.02040816326530612,0.9795918367346939,49,1000,600,400,0.6,14,6,8,357.45959294694114,0.4533375850340136,0.32109669539975627,0.19169809798503404,127867.13219452144,-658.5333948907253,127208.59879963072,2073,0,337.40816326530614,37,12,16,38.11072564324951,0.5968468468468469,47.14912280701755,1011.4035087719302,27.335229966808924,0
4584,4,2,3,47,0.04,0.06,0.94,50,2050,1600,450,0.7804878048780488,25,16,9,347.49483955714,0.45532312925170065,0.31736986301369874,0.18930689020650182,128496.33487654336,-1069.336772425688,127426.99810411768,2074,0,321.82,38,12,14,37.71974885844749,0.6014254385964912,46.527777777777786,1013.88888888889,26.681286549707632,0
4585,4,0,1,46,0.0,0.02127659574468085,0.9787234042553191,47,1650,1200,450,0.7272727272727273,21,12,9,358.3740605991994,0.45226256552574773,0.31742572338298114,0.1949078501180298,128429.74044568211,-194.8224829559354,128234.91796272618,2075,1,302.0851063829787,36,11,15,37.51203569973706,0.6044560185185186,46.593468468468465,1013.6261261261257,28.156281281281267,0
4586,4,0,0,46,0.0,0.0,1.0,46,1350,800,550,0.5925925925925926,19,8,11,363.9331957215238,0.4525764895330113,0.3206075044669445,0.19826211408709882,128496.33487654322,152.81635802469498,128649.15123456791,2076,2,306.5217391304348,35,11,16,37.303082191780824,0.6071428571428572,46.52777777777778,1013.8888888888889,28.96825396825397,0
4587,4,0,0,46,0.0,0.0,1.0,46,1250,700,550,0.56,18,7,11,366.0126065378092,0.452445652173913,0.32581672537759965,0.20035076457507062,128686.69979100728,220.19088345102716,128906.89067445831,2077,3,307.5217391304348,36,10,16,37.05581761006289,0.6070601851851851,46.340090090090094,1014.6396396396401,28.184434434434447,0
4588,4,1,1,46,0.02127659574468085,0.02127659574468085,0.9787234042553191,47,1450,900,550,0.6206896551724138,20,9,11,355.86246163207943,0.45372725871106995,0.32028809760041144,0.19623272884283247,128978.53185595573,-220.27643120959863,128758.25542474614,2078,0,301.9574468085106,37,10,18,37.01559801381691,0.6081081081081081,46.05263157894737,1015.789473684211,27.45376955903273,0
4589,4,0,0,46,0.0,0.0,1.0,46,1150,700,450,0.6086956521739131,16,7,9,364.8233164349684,0.4523550724637681,0.31811168276347557,0.20070847128090985,128886.73460200077,204.17719239511393,129090.91179439588,2079,1,309.2608695652174,36,10,18,36.88172341133415,0.6090856481481481,46.143018018018026,1015.427927927929,28.20633133133136,0
4590,4,0,1,45,0.0,0.021739130434782608,0.9782608695652174,46,1450,1200,250,0.8275862068965517,17,12,5,366.31396223977265,0.4519021739130435,0.3126216917439635,0.2024228675060207,129062.08070031143,255.44843124805834,129317.5291315595,2080,2,310.2608695652174,37,9,19,36.66493561382684,0.6089527027027026,45.970394736842096,1016.1184210526299,27.462660028449456,0
4591,4,0,0,45,0.0,0.0,1.0,45,1500,1200,300,0.8,18,12,6,367.1728030099433,0.45054713804713803,0.3123861566484514,0.20361400894187784,129201.38888888895,487.9975088488826,129689.38639773784,2081,3,314.97777777777776,34,11,20,36.50102459016394,0.616421568627451,45.833333333333336,1016.6666666666672,29.90196078431374,0
4592,4,0,0,45,0.0,0.0,1.0,45,1350,800,550,0.5925925925925926,19,8,11,364.18826483761575,0.4507786195286196,0.2178547378547384,0.19748236896124213,128311.11495844858,601.9568521083247,128913.07181055691,2082,4,315.97777777777776,37,8,16,37.48602092352092,0.6013513513513513,46.710526315789465,1013.1578947368408,27.382645803698402,8
4593,4,0,0,45,0.0,0.0,1.0,45,1300,900,400,0.6923076923076923,17,9,8,362.76077128301074,0.4505050505050505,0.21422356814959054,0.19753157192477724,128477.80687326864,321.3416628193248,128799.14853608796,2083,5,316.97777777777776,37,8,15,37.35173768836975,0.6030405405405406,46.546052631578945,1013.8157894736838,27.400426742531995,0
4594,4,1,0,46,0.021739130434782608,0.0,1.0,46,850,700,150,0.8235294117647058,10,7,3,359.89518005540174,0.45066425120772946,0.22366590389016028,0.19740209067703907,128767.28121119145,68.5447713492618,128835.82598254071,2084,0,311.0652173913044,38,8,16,37.12872807017544,0.6041666666666667,46.26068376068376,1014.9572649572649,26.709401709401707,0
4595,4,3,3,46,0.061224489795918366,0.061224489795918366,0.9387755102040817,49,1750,1400,350,0.8,21,14,7,340.43134416345663,0.45448908730158727,0.24495907366739944,0.19052744166645294,129563.26116233718,-977.7904561098912,128585.4707062273,2085,0,292.9591836734694,40,9,16,36.81290344047383,0.6088541666666667,45.47764227642276,1018.0894308943085,25.452235772357714,0
4596,4,0,3,43,0.0,0.06521739130434782,0.9347826086956522,46,1400,1100,300,0.7857142857142857,17,11,6,328.222447157112,0.45281803542673105,0.21351030736471976,0.17536751515908847,127717.989467199,-812.2532899204892,126905.73617727851,2086,1,306.9130434782609,41,5,16,39.00233503451433,0.5886686991869918,47.29662698412699,1010.8134920634927,24.6539876113047,8
4597,4,2,1,44,0.044444444444444446,0.022222222222222223,0.9777777777777777,45,1300,900,400,0.6923076923076923,17,9,8,331.1434857158566,0.45393518518518516,0.23405770411295257,0.1779025040637538,127938.8211898509,-526.7785585629953,127412.04263128791,2087,0,313.53333333333336,40,5,18,38.70291310899046,0.5924479166666667,47.07825203252034,1011.686991869921,25.292174796748025,0
4598,4,3,0,47,0.06382978723404255,0.0,1.0,47,1250,800,450,0.64,17,8,9,315.8133509079518,0.4574468085106383,0.24475729130721513,0.17304013861334477,128725.26584201408,-1268.87275291863,127456.39308909545,2088,0,300.4255319148936,39,8,17,38.289964415246686,0.6020299145299146,46.30208333333334,1014.7916666666682,26.020299145299184,0
4599,4,0,2,45,0.0,0.0425531914893617,0.9574468085106383,47,1500,1200,300,0.8,18,12,6,316.74736102153895,0.4571769966080789,0.1298618960821203,0.17061544757876113,128044.10450522784,-1261.542137109489,126782.56236811835,2089,1,301.4255319148936,41,6,17,38.95968110827941,0.5919715447154472,46.97420634920634,1012.1031746031731,24.685443283004222,8
4600,4,1,1,45,0.021739130434782608,0.021739130434782608,0.9782608695652174,46,1350,1200,150,0.8888888888888888,15,12,3,324.55803556272633,0.45737721417069244,0.16991168772478193,0.17550456770827522,128200.04712988618,-878.2108060983658,127321.83632378782,2090,0,308.9130434782609,37,9,18,38.60302078822001,0.6002252252252251,46.82017543859649,1012.7192982456145,27.370791844476067,0
4601,4,2,0,47,0.0425531914893617,0.0,1.0,47,1250,1100,150,0.88,14,11,3,316.9398102667181,0.4589885908109775,0.19039421147052638,0.1737080650561722,128736.8681423099,-1239.632287328928,127497.23585498097,2091,0,302.48936170212767,40,7,16,38.249591094198564,0.6005208333333334,46.290650406504085,1014.8373983739872,25.37093495934968,0
4602,4,0,1,46,0.0,0.02127659574468085,0.9787234042553191,47,1350,900,450,0.6666666666666666,18,9,9,342.7888173992011,0.4587765957446808,0.24400367449705884,0.18460707602175286,128036.38100162543,-475.4308248889653,127560.95017673646,2092,1,303.48936170212767,38,9,18,38.308657940110486,0.596765350877193,46.98183760683761,1012.0726495726499,26.63349077822763,8
4603,4,2,3,45,0.041666666666666664,0.0625,0.9375,48,1250,800,450,0.64,17,8,9,327.24562474299415,0.4594691932624113,0.2572048702552765,0.1786396041222105,128577.58881446769,-1184.6180098984692,127392.97080456922,2093,0,297.9791666666667,38,10,14,38.1502598405843,0.6022478070175439,46.44764957264957,1014.2094017094006,26.689721097615806,0
4604,4,0,1,44,0.0,0.022222222222222223,0.9777777777777777,45,1000,700,300,0.7,13,7,6,353.4352825619402,0.45671296296296293,0.27544581618655695,0.1908550525834474,128144.53124999977,58.159722222192556,128202.69097222196,2094,3,318.5111111111111,35,10,18,37.928669410150874,0.6035714285714286,46.874999999999986,1012.4999999999982,28.928571428571377,0
4605,4,0,0,44,0.0,0.0,1.0,44,1600,1200,400,0.75,20,12,8,365.4754396454763,0.45474365750528545,0.2783189245220514,0.1976541363677091,128204.80619331053,571.141581632639,128775.94777494317,2095,4,326.54545454545456,34,10,19,37.562203675404575,0.6063112745098039,46.81547619047618,1012.7380952380942,29.7864145658263,0
4606,4,3,1,46,0.06382978723404255,0.02127659574468085,0.9787234042553191,47,1150,700,450,0.6086956521739131,16,7,9,346.80892173948325,0.4586031452358927,0.28967119658178486,0.19164450076087006,129062.08070031165,-448.02379097415155,128614.0569093375,2096,0,306.63829787234044,37,10,19,37.16042138771986,0.6089527027027026,45.9703947368421,1016.1184210526317,27.462660028449505,0
4607,4,1,1,46,0.02127659574468085,0.02127659574468085,0.9787234042553191,47,1150,900,250,0.782608695652174,14,9,5,338.8722603056559,0.4578900709219858,0.29202557568746434,0.18935108644762375,129500.26167223694,-623.1907233910276,128877.07094884591,2097,0,306.4255319148936,38,9,16,36.91657044889963,0.6115679824561404,45.53952991452992,1017.8418803418812,26.78531264057582,0
4608,4,0,0,46,0.0,0.0,1.0,46,950,400,550,0.42105263157894735,15,4,11,343.6580335909631,0.4572665056360709,0.2913324587706143,0.191655441810345,129424.43828870427,-304.45040781778283,129119.98788088649,2098,1,313.32608695652175,37,9,21,36.871857040229884,0.6126126126126126,45.6140350877193,1017.5438596491232,27.50118539592225,0
4609,4,0,0,46,0.0,0.0,1.0,46,1050,600,450,0.5714285714285714,15,6,9,342.2752663588762,0.4565720611916264,0.28732410854346657,0.1915627394901847,129563.94184989604,-330.69345856418545,129233.24839133186,2099,2,314.32608695652175,37,9,16,36.765280021540114,0.6140202702702703,45.47697368421052,1018.0921052631572,27.516002844950197,0
4610,4,1,2,45,0.02127659574468085,0.0425531914893617,0.9574468085106383,47,1450,1300,150,0.896551724137931,16,13,3,338.70648787929656,0.4560013876040703,0.30267479114690277,0.19137217370231666,129935.60209155164,-597.9937130177473,129337.6083785339,2100,0,308.6170212765957,38,9,17,36.47896363826889,0.615953947368421,45.11217948717949,1019.5512820512823,26.830296896086377,0
4611,4,0,0,45,0.0,0.0,1.0,45,1400,1000,400,0.7142857142857143,18,10,8,355.844948791616,0.45475589225589225,0.3094751192910705,0.20000940225183933,129731.4453125,232.8559027777788,129964.30121527778,2101,1,322.8888888888889,37,8,17,36.24957396046353,0.6157094594594594,45.3125,1018.75,27.533783783783782,0
4612,4,0,1,44,0.0,0.022222222222222223,0.9777777777777777,45,1600,1200,400,0.75,20,12,8,356.6290611178422,0.4545664983164983,0.30555555555555536,0.20116648981501595,129871.11418898133,263.1627039089066,130134.27689289024,2102,2,323.8888888888889,37,8,17,36.0876541881813,0.6171171171171171,45.17543859649123,1019.298245614036,27.548601232811784,0
4613,4,0,0,44,0.0,0.0,1.0,44,1100,600,500,0.5454545454545454,16,6,10,347.6056563008324,0.4552942212825934,0.24042758700227806,0.18544849988435252,127658.21468195257,76.12174649549831,127734.33642844806,2103,3,329.09090909090907,38,6,18,38.573712866053484,0.5929276315789473,47.355769230769226,1010.5769230769223,26.59412955465585,8
4614,4,2,0,46,0.043478260869565216,0.0,1.0,46,1600,1200,400,0.75,20,12,8,334.0879970710049,0.45715579710144927,0.2402321037640356,0.18053263036575387,128172.28768707694,-633.0617566841072,127539.22593039283,2104,0,315.7391304347826,37,9,22,38.39006948204294,0.5999436936936937,46.847587719298254,1012.6096491228082,27.36782835467049,0
4615,4,1,1,46,0.02127659574468085,0.02127659574468085,0.9787234042553191,47,1300,900,400,0.6923076923076923,17,9,8,317.70471783538653,0.45790934320074,0.20395633561301674,0.16694394995436915,127044.27531709116,-1327.4868715564935,125716.78844553466,2105,0,310.0,43,4,18,39.956713006449974,0.5789728682170543,47.96401515151514,1008.1439393939377,23.445207892882273,8
4616,4,3,0,49,0.061224489795918366,0.0,1.0,49,1350,1200,150,0.8888888888888888,15,12,3,317.16942978585024,0.46076034580498865,0.25333936468890617,0.16958157857012257,127746.40346364849,-1696.5402437322446,126049.86321991624,2106,0,298.265306122449,44,5,20,39.25264853147707,0.5847537878787878,47.268518518518505,1010.9259259259231,22.97558922558916,0
4617,4,1,1,49,0.02,0.02,0.98,50,1300,1000,300,0.7692307692307693,16,10,6,315.65952459087373,0.4622874149659864,0.26803365255526757,0.16996934304837696,128029.91694398462,-1917.2274568105838,126112.68948717404,2107,0,293.28,45,5,22,39.0016669650049,0.5863425925925926,46.98822463768114,1012.0471014492723,22.489935587761607,0
4618,4,0,1,48,0.0,0.02040816326530612,0.9795918367346939,49,1700,1200,500,0.7058823529411765,22,12,10,315.9139900349681,0.4611323696145125,0.27462531149688574,0.17070594203056855,128170.89979383696,-1701.5475315798094,126469.35226225715,2108,1,299.85714285714283,39,10,22,38.85156276789084,0.5964209401709402,46.84895833333334,1012.6041666666679,25.964209401709432,0
4619,4,1,0,49,0.02040816326530612,0.0,1.0,49,1400,900,500,0.6428571428571429,19,9,10,310.64713791355297,0.4596619897959184,0.2765401935422045,0.16966112916817136,128596.93877551031,-1810.3458049886572,126786.59297052165,2109,0,297.51020408163265,41,8,15,38.55144757433488,0.5975609756097561,46.42857142857143,1014.2857142857151,24.738675958188175,0
4620,4,4,4,49,0.07547169811320754,0.07547169811320754,0.9245283018867925,53,1700,1200,500,0.7058823529411765,22,12,10,291.9928157060825,0.46243045476536043,0.2959160212102483,0.1631432200093988,129497.1005348239,-3033.3036971323363,126463.79683769157,2110,0,275.9811320754717,42,11,13,38.11266342980451,0.6051587301587302,45.54263565891474,1017.8294573643433,24.23403469915103,0
4621,4,1,2,48,0.02,0.04,0.96,50,1600,1100,500,0.6875,21,11,10,310.1310124599585,0.4602465986394558,0.2949062596045482,0.17209714682328922,129227.86593967026,-1984.4862196180468,127243.37972005221,2111,0,293.2,39,11,18,37.923987467131106,0.6071047008547008,45.80729166666667,1016.7708333333344,26.071047008547037,0
4622,4,2,2,48,0.04,0.04,0.96,50,1250,800,450,0.64,17,8,9,312.97454244955287,0.4607823129251701,0.30332378223495726,0.17496494444033345,129519.2925347221,-1892.7517361111206,127626.54079861098,2112,0,283.22,39,11,13,37.55628325828901,0.6100427350427351,45.52083333333333,1017.9166666666656,26.100427350427324,0
4623,4,0,1,47,0.0,0.020833333333333332,0.9791666666666666,48,1450,900,550,0.6206896551724138,20,9,11,326.35264201800345,0.4595800088652482,0.3103840970350409,0.1813613394078477,129285.00987082548,-1161.4990910665024,128123.51077975897,2113,2,296.0208333333333,37,11,20,37.45361635220125,0.611204954954955,45.75109649122806,1016.9956140350864,27.486367946894227,0
4624,4,1,2,46,0.020833333333333332,0.041666666666666664,0.9583333333333334,48,1050,700,350,0.6666666666666666,14,7,7,327.1418035281473,0.4587581264775414,0.3101645323816522,0.1827964787221501,129500.26167223685,-1127.0101678354872,128373.25150440137,2114,0,296.4791666666667,38,10,13,37.215064203491835,0.6115679824561404,45.539529914529915,1017.8418803418805,26.785312640575803,0
4625,4,2,1,47,0.041666666666666664,0.020833333333333332,0.9791666666666666,48,800,400,400,0.5,12,4,8,302.63229183882487,0.4592106235224586,0.26684459369152536,0.16479583752096724,128479.1625355279,-1778.7389520825445,126700.42358344536,2115,0,295.625,40,8,13,38.87434008286552,0.5979166666666667,46.54471544715447,1013.821138211383,25.345528455284573,8
4626,4,2,1,48,0.04081632653061224,0.02040816326530612,0.9795918367346939,49,750,300,450,0.4,12,3,9,327.8213698246045,0.46035289115646255,0.29025660471739534,0.1676894145543658,125944.23678036063,-1507.267301612375,124436.96947874826,2116,0,290.46938775510205,41,8,18,40.83110957369703,0.5706300813008129,49.0575396825397,1003.769841269844,24.482191250484,8
4627,4,1,1,48,0.02040816326530612,0.02040816326530612,0.9795918367346939,49,1350,900,450,0.6666666666666666,18,9,9,324.83686471659956,0.4608666383219955,0.28402151878351933,0.1670831032564158,126171.43090257156,-1602.9342261613963,124568.49667641017,2117,0,291.1224489795918,40,9,19,40.67241553712323,0.5744791666666667,48.83130081300815,1004.6747967479703,25.11686991869926,0
4628,4,1,1,48,0.02040816326530612,0.02040816326530612,0.9795918367346939,49,1600,1300,300,0.8125,19,13,6,324.0784255409118,0.46136267006802717,0.2879036055360813,0.16820897604073332,126542.4274455153,-1598.0658698664645,124944.36157564884,2118,0,291.14285714285717,41,8,19,40.31050746072436,0.5767276422764227,48.46230158730159,1006.1507936507942,24.540263259775468,0
4629,4,2,1,49,0.04,0.02,0.98,50,1150,700,450,0.6086956521739131,16,7,9,345.05966690060444,0.4607482993197279,0.29793088737201345,0.17431462483082277,125427.71568412609,-1267.3519680444874,124160.3637160816,2119,0,286.12,38,12,17,40.931411760523325,0.5701754385964912,49.57264957264958,1001.709401709403,26.360773729194815,8
4630,4,1,0,50,0.02,0.0,1.0,50,1650,1100,550,0.6666666666666666,22,11,11,314.52782244241854,0.46090136054421765,0.14463032705649148,0.15820467240498512,125248.13889676229,-2054.296060277075,123193.84283648522,2120,0,287.08,41,9,13,41.880987776676584,0.5635162601626016,49.75198412698412,1000.9920634920626,24.414440572977135,8
4631,4,3,1,52,0.05660377358490566,0.018867924528301886,0.9811320754716981,53,1450,1300,150,0.896551724137931,16,13,3,310.37382178306734,0.46312590711175616,0.19458247711563614,0.1592411407842007,126067.61081159613,-2771.8632395398636,123295.74757205627,2121,0,271.77358490566036,43,10,18,41.14224815338677,0.5690406976744187,48.93465909090909,1004.2613636363641,23.354915433403814,0
4632,4,2,2,52,0.037037037037037035,0.037037037037037035,0.962962962962963,54,1550,1200,350,0.7741935483870968,19,12,7,307.50586715715036,0.4637782436524575,0.21421753122784004,0.15938662885473714,126485.87105624177,-3020.9705075445518,123464.90054869722,2122,0,267.48148148148147,44,10,15,40.785315414825725,0.571969696969697,48.51851851851853,1005.9259259259287,22.861952861952926,0
4633,4,0,1,51,0.0,0.019230769230769232,0.9807692307692307,52,1450,1000,450,0.6896551724137931,19,10,9,317.8668478284971,0.4632902840623429,0.2143855861599313,0.16431889923286194,126376.87690111353,-2365.7961002066,124011.08080090693,2123,1,278.71153846153845,43,9,16,40.63657625415959,0.5721899224806202,48.626893939393945,1005.4924242424252,23.38354474982384,0
4634,4,1,1,51,0.019230769230769232,0.019230769230769232,0.9807692307692307,52,1600,1300,300,0.8125,19,13,6,312.27795601789296,0.4634866767219708,0.23035193934421572,0.16297193136519228,126765.44924554198,-2482.7889231824297,124282.66032235956,2124,0,279.53846153846155,44,8,17,40.378854051734734,0.5748106060606061,48.24074074074075,1007.0370370370383,22.887205387205416,0
4635,4,1,2,50,0.019230769230769232,0.038461538461538464,0.9615384615384616,52,1400,1000,400,0.7142857142857143,18,10,8,321.7185020846818,0.4631960155857215,0.2515790142994401,0.16905748314179597,127045.33607681743,-2225.4329561042678,124819.90312071316,2125,0,280.4230769230769,44,8,19,39.85446516042125,0.5776515151515151,47.962962962962955,1008.1481481481471,22.91245791245789,0
4636,4,2,2,50,0.038461538461538464,0.038461538461538464,0.9615384615384616,52,1450,800,650,0.5517241379310345,21,8,13,306.3290058377903,0.46447649572649574,0.24698147273099158,0.16274381230749038,127489.12144204383,-2589.2596879286743,124899.86175411516,2126,0,275.0576923076923,44,8,14,39.78904984566487,0.5821496212121212,47.523148148148145,1009.9074074074069,22.952441077441065,0
4637,4,0,0,50,0.0,0.0,1.0,50,1050,800,250,0.7619047619047619,13,8,5,342.9852430976144,0.46328231292517,0.29484145476648793,0.17478612982016298,125788.84225865908,-1346.7324948345197,124442.10976382456,2127,1,286.86,40,10,17,40.61075372302707,0.5705729166666667,49.21239837398375,1003.1504065040667,25.078760162601668,8
4638,4,4,5,49,0.07407407407407407,0.09259259259259259,0.9074074074074074,54,1550,1100,450,0.7096774193548387,20,11,9,316.327268321045,0.4662750407640344,0.3041222857569983,0.16516349995055604,126784.7810909511,-2777.870521845469,124006.91056910563,2128,0,266.537037037037,40,14,17,40.257105617221676,0.5807291666666667,48.22154471544715,1007.1138211382109,25.177845528455272,0
4639,4,1,0,50,0.02,0.0,1.0,50,1550,700,850,0.45161290322580644,24,7,17,346.4775150627562,0.46426020408163265,0.313427419354839,0.17901338278242396,126355.00365230086,-1244.1664637610638,125110.8371885398,2129,0,287.96,36,14,18,39.93988948626047,0.5833333333333333,48.648648648648646,1005.4054054054047,27.92792792792791,0
4640,4,2,0,52,0.038461538461538464,0.0,1.0,52,1350,700,650,0.5185185185185185,20,7,13,334.33568686103547,0.46662895927601805,0.3114846349579179,0.1751918999151823,126930.47337278085,-1912.5226002630068,125017.95077251784,2130,0,277.84615384615387,38,14,20,39.65423558100086,0.5855263157894737,48.076923076923066,1007.6923076923059,26.518218623481733,0
4641,4,2,4,50,0.037037037037037035,0.07407407407407407,0.9259259259259259,54,1500,700,800,0.4666666666666667,23,7,16,293.07790255651844,0.4675853133007221,0.1859140505902639,0.15170368074988433,126430.70098357734,-3297.069313616163,123133.63166996118,2131,0,268.51851851851853,45,9,14,41.204610615749495,0.5701388888888889,48.573369565217384,1005.706521739129,22.349033816425088,8
4642,4,2,1,51,0.038461538461538464,0.019230769230769232,0.9807692307692307,52,1650,1200,450,0.7272727272727273,21,12,9,331.9765374888711,0.4670924459527401,0.26656724329732207,0.16436108917577325,124588.51748880789,-2036.0884532264645,122552.42903558143,2132,0,278.9807692307692,42,10,13,42.1260797825876,0.5553075396825398,50.41182170542636,998.3527131782955,23.770302694721323,8
4643,4,4,6,49,0.07272727272727272,0.10909090909090909,0.8909090909090909,55,1900,1500,400,0.7894736842105263,23,15,8,316.39564748554085,0.4698653198653198,0.29305490549054936,0.16010000198416613,125496.52384101761,-3055.9756625543773,122440.54817846323,2133,0,248.36363636363637,41,14,12,41.57838283828381,0.5660569105691057,49.50396825396824,1001.9841269841247,24.438637243515238,0
4644,4,3,5,47,0.057692307692307696,0.09615384615384616,0.9038461538461539,52,1850,1300,550,0.7027027027027027,24,13,11,332.01230214890245,0.46981837606837606,0.2898102640301752,0.1674994597797683,125372.30061295319,-2074.9707695578527,123297.32984339533,2134,0,263.0576923076923,41,11,13,41.31531698860823,0.5647865853658536,49.627976190476176,1001.4880952380926,24.42653890824616,0
4645,4,4,3,48,0.0784313725490196,0.058823529411764705,0.9411764705882353,51,1800,1300,500,0.7222222222222222,23,13,10,337.5123478185112,0.4689052287581699,0.3048529743394419,0.17144036636613286,125654.9253819629,-1717.9822238747988,123936.94315808809,2135,0,267.80392156862746,42,9,14,40.88604587481075,0.5662202380952381,49.345930232558125,1002.6162790697647,23.87181616832773,0
4646,4,5,1,52,0.09433962264150944,0.018867924528301886,0.9811320754716981,53,1350,900,450,0.6666666666666666,18,9,9,337.99128624108454,0.46720791001451384,0.358898742854465,0.17565001701856456,126593.58859592004,-2039.4894049922905,124554.09919092775,2136,0,258.60377358490564,39,14,17,39.9079848531898,0.5803952991452992,48.41145833333333,1006.3541666666658,25.80395299145297,0
4647,4,1,1,52,0.018867924528301886,0.018867924528301886,0.9811320754716981,53,1550,900,650,0.5806451612903226,22,9,13,333.4405270573044,0.46832668118045473,0.3586142838925066,0.17442722663425095,126861.55443395126,-2139.843285246885,124721.71114870437,2137,0,259.22641509433964,40,13,18,39.747469652644675,0.5815104166666667,48.14532520325203,1007.418699186991,25.185467479674777,0
4648,4,3,1,54,0.05454545454545454,0.01818181818181818,0.9818181818181818,55,1300,900,400,0.6923076923076923,17,9,8,319.99691646216843,0.4698232323232323,0.3623721004982059,0.17023033455683356,127542.56129535132,-2836.9364557492763,124705.62483960204,2138,0,250.0,41,14,15,39.389363582793166,0.586890243902439,47.47023809523809,1010.1190476190463,24.63704994192796,0
4649,4,0,2,52,0.0,0.037037037037037035,0.962962962962963,54,1350,1000,350,0.7407407407407407,17,10,7,326.2343656854832,0.4691649196366177,0.36729202537212235,0.1733752473894295,127502.23597891458,-2480.877784387607,125021.35819452698,2139,1,255.62962962962962,40,14,16,39.27307640705711,0.5880208333333333,47.510162601626014,1009.9593495934953,25.24898373983738,0
4650,4,2,1,53,0.037037037037037035,0.018518518518518517,0.9814814814814815,54,1200,700,500,0.5833333333333334,17,7,10,308.0306532964595,0.4694051362683438,0.31781048377018695,0.15888622409966033,126287.21160274294,-2975.898182986183,123311.31341975676,2140,0,255.66666666666666,42,12,14,40.97577042964106,0.5726686507936508,48.716085271317816,1005.1356589147264,23.93180140273158,8
4651,4,2,3,52,0.03636363636363636,0.05454545454545454,0.9454545454545454,55,1550,1200,350,0.7741935483870968,19,12,7,363.68023875604536,0.47133838383838383,0.39691441676222317,0.18104745876423148,124817.77479383671,-1822.5369818544054,122995.23781198231,2141,0,251.9090909090909,39,16,17,41.0969152854512,0.562232905982906,50.182291666666664,999.2708333333326,25.622329059829042,8
4652,4,1,1,52,0.018867924528301886,0.018867924528301886,0.9811320754716981,53,1200,800,400,0.6666666666666666,16,8,8,369.0647540463195,0.47402636671504594,0.3975077365735522,0.18392702204112624,124862.97616814778,-1383.495282202225,123479.48088594555,2142,0,261.49056603773585,37,16,19,40.91550100566831,0.5661599099099099,50.13706140350877,999.451754385964,27.012209577999027,0
4653,4,4,4,52,0.07142857142857142,0.07142857142857142,0.9285714285714286,56,1350,1000,350,0.7407407407407407,17,10,7,354.4206182533982,0.47598755411255417,0.41536239201166847,0.18123642974713358,125930.78033692474,-2273.206421917543,123657.5739150072,2143,0,248.30357142857142,36,20,17,40.17750289838811,0.5789930555555556,49.070945945945944,1003.716216216216,27.881006006006,0
4654,4,2,0,54,0.037037037037037035,0.0,1.0,54,1350,800,550,0.5925925925925926,19,8,11,369.8703270030451,0.4748427672955975,0.43305303457587785,0.18859035261543455,125811.49798525343,-1493.2120198903021,124318.28596536313,2144,0,258.1666666666667,35,19,19,39.91309029380095,0.5797619047619047,49.189814814814795,1003.2407407407379,28.664021164021083,0
4655,4,5,3,56,0.0847457627118644,0.05084745762711865,0.9491525423728814,59,1850,1100,750,0.5945945945945946,26,11,15,343.7662447440577,0.4769871420222092,0.44194929072983236,0.18122095618341444,127174.94956380788,-3049.396738348292,124125.55282545958,2145,0,237.20338983050848,37,22,20,39.1658287132659,0.5898085585585586,47.83442982456139,1008.6622807017527,27.261142721668993,0
4656,4,2,2,56,0.034482758620689655,0.034482758620689655,0.9655172413793104,58,1800,1200,600,0.6666666666666666,24,12,12,390.07505712168,0.4759023996773543,0.4648485307291472,0.20076744465415255,126197.7082882784,-1680.5900334918213,124517.11825478658,2146,0,242.24137931034483,33,25,19,39.00666239785339,0.5880681818181819,48.80514705882352,1004.7794117647047,30.44786096256681,8
4657,4,3,4,55,0.05084745762711865,0.06779661016949153,0.9322033898305084,59,1450,1200,250,0.8275862068965517,17,12,5,382.60326020458757,0.47651227352425485,0.47108102203971036,0.19936387994763963,126702.18431122432,-2104.666241496625,124597.5180697277,2147,0,239.05084745762713,34,25,14,38.67358401324346,0.5909926470588236,48.303571428571416,1006.7857142857129,29.611344537815086,0
4658,4,3,2,56,0.05172413793103448,0.034482758620689655,0.9655172413793104,58,1700,900,800,0.5294117647058824,25,9,16,389.56670744868615,0.47725095785440613,0.49736747235426826,0.2046344658667235,127030.2362673009,-1702.649822183797,125327.58644511711,2148,0,244.0,33,25,16,38.16000081043845,0.5965909090909092,47.97794117647058,1008.0882352941165,30.548128342245956,0
4659,4,2,2,56,0.034482758620689655,0.034482758620689655,0.9655172413793104,58,1350,700,650,0.5185185185185185,20,7,13,394.70554740099675,0.47749672312966324,0.5121583520852415,0.20933972739721823,127420.45932345926,-1541.257534005098,125879.20178945416,2149,0,244.79310344827587,31,27,14,37.628428338062065,0.605510752688172,47.591145833333336,1009.6354166666672,32.568884408602166,0
4660,4,2,0,58,0.034482758620689655,0.0,1.0,58,1850,1300,550,0.7027027027027027,24,13,11,385.2984280642785,0.47706190764266987,0.513884188403799,0.20661909855844643,127865.50132461074,-1746.7246671953121,126118.77665741542,2150,0,245.17241379310346,33,25,16,37.40849287127911,0.6051136363636364,47.150735294117645,1011.3970588235295,30.648395721925137,0
4661,4,3,4,57,0.04918032786885246,0.06557377049180328,0.9344262295081968,61,1950,1400,550,0.717948717948718,25,14,11,361.1977670526107,0.47788023679417124,0.5062008028525937,0.19852298324470538,128848.62075617274,-2891.7290592026643,125956.89169697007,2151,0,234.0655737704918,35,26,15,37.012653898768804,0.6107142857142858,46.18055555555555,1015.2777777777769,29.007936507936485,0
4662,4,0,1,56,0.0,0.017543859649122806,0.9824561403508771,57,1750,1000,750,0.5714285714285714,25,10,15,386.47497598043515,0.4761904761904762,0.513999016232169,0.20969991090216303,128336.36435376493,-1480.2413337924709,126856.12301997247,2152,1,250.0,32,25,18,36.89563862928349,0.6123046875,46.68560606060606,1013.2575757575759,31.664299242424246,0
4663,4,0,3,53,0.0,0.05357142857142857,0.9464285714285714,56,1900,1400,500,0.7368421052631579,24,14,10,390.1797960588303,0.47498647186147186,0.5058025393563541,0.21244334909888465,128474.3330213758,-1174.3821885850741,127299.95083279072,2153,2,253.83928571428572,31,25,15,36.660351913691244,0.616263440860215,46.549479166666664,1013.8020833333328,32.703293010752674,0
4664,4,2,2,53,0.03636363636363636,0.03636363636363636,0.9636363636363636,55,1450,1100,350,0.7586206896551724,18,11,7,386.2887057251062,0.47495791245791247,0.49356852103120796,0.21214215806214817,128816.57483930196,-1047.922405876971,127768.65243342498,2154,0,257.8909090909091,32,23,16,36.40858208955225,0.6171875,46.212121212121204,1015.1515151515139,31.72348484848481,0
4665,4,1,1,53,0.018518518518518517,0.018518518518518517,0.9814814814814815,54,1550,900,650,0.5806451612903226,22,9,13,396.9875977430307,0.47514849755415794,0.5040756416285463,0.21813335444696322,128837.60452270499,-570.6137763129507,128266.99074639204,2155,0,263.35185185185185,31,23,17,36.115519858065056,0.6199596774193548,46.19140624999999,1015.2343749999993,32.749495967741915,0
4666,4,0,1,52,0.0,0.018867924528301886,0.9811320754716981,53,1400,700,700,0.5,21,7,14,400.71331524421777,0.47482764876632805,0.4931992216618102,0.21999725391858588,128804.55864800338,-277.2596571180652,128527.29899088532,2156,1,268.39622641509436,31,22,17,36.05481443475287,0.6196236559139785,46.22395833333333,1015.1041666666658,32.74529569892471,0
4667,4,0,2,50,0.0,0.038461538461538464,0.9615384615384616,52,2250,1800,450,0.8,27,18,9,413.3645767855529,0.47389548768225237,0.4921763651911879,0.22765180336673735,128928.23592322809,258.8731356226132,129187.1090588507,2157,2,273.78846153846155,30,22,19,35.60691282865713,0.6236111111111111,46.10215053763441,1015.591397849462,33.85304659498207,0
4668,4,0,0,50,0.0,0.0,1.0,50,1100,900,200,0.8181818181818182,13,9,4,423.9379763618001,0.47235544217687075,0.4874567141208155,0.23294181830112468,128837.60452270522,923.8306681315244,129761.43519083675,2158,3,283.66,31,19,19,35.43149608823906,0.6199596774193548,46.19140625000001,1015.2343750000011,32.74949596774197,0
4669,4,0,0,50,0.0,0.0,1.0,50,1650,1100,550,0.6666666666666666,22,11,11,420.5270471638608,0.47211734693877555,0.486041266179674,0.23222735661851437,129035.96878051771,852.6229858398556,129888.59176635757,2159,4,284.66,31,19,19,35.314542483660134,0.6219758064516129,45.99609375000001,1016.015625000001,32.774697580645196,0
4670,4,0,2,48,0.0,0.04,0.96,50,1350,900,450,0.6666666666666666,18,9,9,418.0557892079852,0.47128401360544214,0.48419679463287335,0.2312667386484588,129105.13157139588,794.629533976142,129899.76110537202,2160,5,285.66,32,18,19,35.306404522300916,0.6201171875,45.92803030303031,1016.2878787878797,31.75899621212124,0
4671,4,0,0,48,0.0,0.0,1.0,48,1350,1000,350,0.7407407407407407,17,10,7,428.88458477846336,0.4699966755319149,0.4782500621426793,0.23668075234070757,129008.91012396695,1465.9865702479358,130474.89669421488,2161,6,293.7083333333333,32,16,19,35.13003355704698,0.619140625,46.02272727272727,1015.909090909091,31.747159090909093,0
4672,4,0,1,47,0.0,0.020833333333333332,0.9791666666666666,48,1300,900,400,0.6923076923076923,17,9,8,430.11334439257786,0.46983045212765956,0.4806832298136656,0.2381301528445839,129137.21335833069,1508.7277446178914,130645.94110294858,2162,7,294.7083333333333,32,16,20,34.96713250517599,0.6204427083333333,45.89646464646464,1016.4141414141407,31.762941919191896,0
4673,4,2,1,48,0.04081632653061224,0.02040816326530612,0.9795918367346939,49,1500,900,600,0.6,21,9,12,404.6913116907487,0.4706809807256236,0.4507128878948836,0.22046616233898997,128496.33487654314,640.9586713090371,129137.29354785218,2163,0,283.57142857142856,32,17,17,36.269977168949765,0.6139322916666667,46.52777777777777,1013.8888888888883,31.68402777777776,8
4674,4,0,0,48,0.0,0.0,1.0,48,1500,1000,500,0.6666666666666666,20,10,10,407.0804108812992,0.4694887706855792,0.4386149139182747,0.22266106885168405,128656.40503838893,874.7004451076405,129531.10548349656,2164,1,287.7708333333333,32,16,17,36.04516697780545,0.6155598958333333,46.369949494949495,1014.5202020202019,31.703756313131308,0
4675,4,1,0,49,0.02040816326530612,0.0,1.0,49,2300,1700,600,0.7391304347826086,29,17,12,387.29988777762276,0.46999007936507936,0.41262235845851314,0.20390855895854493,127122.90833153109,46.93762615339551,127169.84595768448,2165,0,282.8775510204082,33,16,17,38.121658160165275,0.5975378787878788,47.8860294117647,1008.4558823529406,30.559269162210324,8
4676,4,0,1,48,0.0,0.02040816326530612,0.9795918367346939,49,1450,1100,350,0.7586206896551724,18,11,7,386.63920010137196,0.4697420634920635,0.4140975714955004,0.2041822023370489,127246.52364775556,39.69882376969315,127286.22247152525,2166,1,283.8775510204082,33,16,19,38.01102777440384,0.598800505050505,47.76348039215686,1008.9460784313716,30.57412358882944,0
4677,4,0,0,48,0.0,0.0,1.0,48,1300,900,400,0.6923076923076923,17,9,8,370.1073863544282,0.46954417848699764,0.3233731196860692,0.19182854024946436,126484.64551592781,-237.41968682673706,126247.22582910108,2167,2,290.1666666666667,37,11,16,39.212266550396045,0.5827702702702703,48.51973684210525,1005.9210526315776,27.187055476529125,8
4678,4,2,0,50,0.04,0.0,1.0,50,1850,1400,450,0.7567567567567568,23,14,9,360.6562878836045,0.4701105442176871,0.3335098496081341,0.19024115475960846,127199.76463766521,-823.4662386762899,126376.29839898892,2168,0,279.52,38,12,18,38.714431970627686,0.5882675438596492,47.809829059829056,1008.7606837606832,26.54633378317587,0
4679,4,0,1,49,0.0,0.02,0.98,50,1550,1000,550,0.6451612903225806,21,10,11,354.2221600134609,0.46950680272108847,0.33306169965075694,0.18771986483270856,127388.4383104135,-975.2384441887594,126413.19986622475,2169,1,280.52,38,12,16,38.6831057960278,0.5901864035087719,47.62286324786325,1009.5085470085473,26.566014394961773,0
4680,4,2,2,49,0.0392156862745098,0.0392156862745098,0.9607843137254902,51,1050,800,250,0.7619047619047619,13,8,5,345.4535952636966,0.46826797385620916,0.34381501796860237,0.18523460021898203,127861.72251966412,-1365.9416517945795,126495.78086786954,2170,0,275.8627450980392,40,11,18,38.41983185959269,0.5916666666666667,47.15447154471544,1011.3821138211374,25.284552845528435,0
4681,4,1,1,49,0.02,0.02,0.98,50,1250,800,450,0.64,17,8,9,345.1719343545286,0.4684268707482993,0.3422439526505401,0.1857809053880469,128012.7292209203,-1162.719726562482,126850.00949435782,2171,0,281.42,39,11,19,38.272538171212915,0.5948183760683761,47.00520833333334,1011.979166666668,25.948183760683794,0
4682,4,1,0,50,0.02,0.0,1.0,50,1500,1300,200,0.8666666666666667,17,13,4,343.27422987688215,0.46879251700680274,0.3368724279835391,0.18536808413351605,128144.53124999974,-1202.1213107639182,126942.40993923582,2172,0,281.78,37,13,20,38.18587105624142,0.5996621621621622,46.874999999999986,1012.499999999998,27.36486486486481,0
4683,4,0,1,49,0.0,0.02,0.98,50,1750,1300,450,0.7428571428571429,22,13,9,345.2455913494876,0.46787414965986396,0.3392727272727276,0.18721063756275022,128311.11495844858,-1140.2306478916746,127170.88431055691,2173,1,282.78,37,13,20,37.96581890331891,0.6013513513513513,46.710526315789465,1013.1578947368408,27.382645803698402,0
4684,4,1,1,49,0.02,0.02,0.98,50,1250,700,550,0.56,18,7,11,343.78317084902966,0.4689455782312925,0.32974469926438754,0.18693715478402523,128422.23087873183,-1170.1196522006846,127252.11122653115,2174,0,282.42,37,13,17,37.889441800086544,0.6024774774774775,46.60087719298245,1013.5964912280696,27.3944997629208,0
4685,4,2,2,49,0.0392156862745098,0.0392156862745098,0.9607843137254902,51,1900,1300,600,0.6842105263157895,25,13,12,338.6383478226942,0.46761437908496734,0.33584387989809317,0.1863785463841753,128902.86138733651,-1469.7095980349247,127433.15178930158,2175,0,277.84313725490193,38,13,19,37.53002805540943,0.6055372807017544,46.12713675213675,1015.4914529914527,26.723459289248755,0
4686,4,1,3,47,0.02,0.06,0.94,50,1000,700,300,0.7,13,7,6,343.2742298768818,0.4672363945578231,0.28716049382716013,0.1853680841335161,128144.5312499999,-1195.1230230477172,126949.40822695218,2176,0,282.56,38,12,16,38.1858710562414,0.5978618421052632,46.87499999999999,1012.4999999999992,26.644736842105242,8
4687,4,3,2,48,0.06,0.04,0.96,50,1450,1100,350,0.7586206896551724,18,11,7,344.05033041890937,0.4690561224489796,0.3279949452401012,0.1881971162245369,128658.86843450936,-1146.9747607568247,127511.89367375254,2177,0,283.34,38,12,16,37.64128755967425,0.6030701754385965,46.36752136752136,1014.5299145299138,26.698155645524047,0
4688,4,0,0,48,0.0,0.0,1.0,48,1350,1100,250,0.8148148148148148,16,11,5,352.4498851739162,0.467614140070922,0.33745835646862865,0.1922356884307157,128543.9128951587,-538.9425320590838,128004.97036309962,2178,1,295.5833333333333,36,12,16,37.54557653155655,0.6056134259259259,46.48085585585586,1014.0765765765768,28.1687937937938,0
4689,4,0,0,48,0.0,0.0,1.0,48,1750,1200,550,0.6857142857142857,23,12,11,352.65443535219765,0.46668144208037826,0.3366086948481821,0.193455534134471,128772.40997331796,-517.5676943835674,128254.84227893439,2179,2,296.5833333333333,36,12,17,37.307222900255184,0.6079282407407407,46.255630630630634,1014.9774774774779,28.19381881881883,0
4690,4,2,0,50,0.04,0.0,1.0,50,1800,1300,500,0.7222222222222222,23,13,10,340.21141439715836,0.4668622448979592,0.33974519394835645,0.1896511441956512,129407.39300679442,-1192.6855382542503,128214.70746854016,2180,0,285.68,35,15,19,36.97685606491488,0.6163690476190475,45.63078703703704,1017.476851851852,29.0707671957672,0
4691,4,1,0,51,0.0196078431372549,0.0,1.0,51,1050,900,150,0.8571428571428571,12,9,3,327.8956293350291,0.4669281045751634,0.32777846409924605,0.18436741818483587,129745.7862211875,-1691.3847546871077,128054.40146650039,2181,0,281.05882352941177,36,15,17,36.94687004900335,0.6177662037037037,45.29842342342343,1018.8063063063071,28.300175175175198,0
4692,4,1,0,52,0.019230769230769232,0.0,1.0,52,1800,1400,400,0.7777777777777778,22,14,8,321.64394522865587,0.4658983785822021,0.3376981059141866,0.18287755743000725,130180.80210387909,-2025.6266436554843,128155.1754602236,2182,0,276.63461538461536,38,14,19,36.665750628140714,0.618421052631579,44.871794871794876,1020.512820512821,26.85560053981108,0
4693,4,0,0,52,0.0,0.0,1.0,52,1800,1300,500,0.7222222222222222,23,13,10,322.35843186422073,0.4658355329311212,0.3372699028501056,0.18392713631799157,130317.1242078495,-1998.2352390605454,128318.88896878895,2183,1,277.63461538461536,38,14,19,36.5096700498762,0.6197916666666667,44.73824786324787,1021.0470085470096,26.869658119658148,0
4694,4,0,1,51,0.0,0.019230769230769232,0.9807692307692307,52,1350,1000,350,0.7407407407407407,17,10,7,322.6746488580568,0.46561557315233787,0.34016611135255137,0.18423681563831015,130344.3971893494,-1988.2334812623023,128356.1637080871,2184,2,278.63461538461536,38,14,19,36.47402699309477,0.6200657894736843,44.711538461538474,1021.1538461538485,26.872469635627592,0
4695,4,0,1,50,0.0,0.0196078431372549,0.9803921568627451,51,1250,900,350,0.72,16,9,7,327.88366151135256,0.4648856209150327,0.34110406721726894,0.1876267930368403,130430.54112803945,-1646.791320406273,128783.74980763317,2185,3,284.5098039215686,37,14,19,36.25393588092172,0.6227477477477478,44.627192982456144,1021.4912280701758,27.60787102892367,0
4696,4,0,0,50,0.0,0.0,1.0,50,1850,1300,550,0.7027027027027027,24,13,11,335.81311140181924,0.46402210884353745,0.34726551306072984,0.1924720378868417,130492.60567577698,-1235.7744146173354,129256.83126115965,2186,4,290.6,36,14,17,35.98864763584261,0.6252893518518519,44.566441441441434,1021.7342342342331,28.381506506506476,0
4697,4,0,1,49,0.0,0.02,0.98,50,1100,800,300,0.7272727272727273,14,8,6,335.75059384225415,0.4638690476190476,0.34712286501377365,0.19272211506125575,130550.14209733365,-1233.5424529259235,129316.59964440773,2187,5,291.6,36,14,17,35.93204775022955,0.6258680555555556,44.51013513513512,1021.9594594594581,28.387762762762726,0
4698,4,0,0,49,0.0,0.0,1.0,49,1150,700,450,0.6086956521739131,16,7,9,338.15197980072526,0.4640731292517007,0.33534926823180844,0.19428888312428097,130587.70743580644,-968.3016385888552,129619.40579721758,2188,6,294.38775510204084,35,14,17,35.83269637262673,0.6282738095238095,44.47337962962961,1022.106481481479,29.203042328042258,0
4699,4,0,0,49,0.0,0.0,1.0,49,1200,1000,200,0.8333333333333334,14,10,4,335.34199011864035,0.4633822278911565,0.33291307933811165,0.19334861030269002,130722.82745160679,-1032.629377688524,129690.19807391826,2189,7,295.38775510204084,36,13,17,35.76790368167969,0.6276041666666667,44.3412162162162,1022.6351351351333,28.40653153153148,0
4700,4,1,0,50,0.02,0.0,1.0,50,1500,900,600,0.6,21,9,12,328.66024363313477,0.4632312925170068,0.33660373422342804,0.19154199122862356,131136.55495516444,-1380.1255798451575,129756.42937531928,2190,0,290.46,38,12,18,35.52119189179794,0.628015350877193,43.9369658119658,1024.2521367521344,26.954003598740382,0
4701,4,0,3,47,0.0,0.06,0.94,50,1600,1100,500,0.6875,21,11,10,326.59556354841993,0.4621003401360544,0.33591388400703015,0.1915802841845885,131385.84530476414,-1417.7135123622575,129968.13179240188,2191,1,291.46,36,14,19,35.322843438781476,0.6342592592592593,43.69369369369369,1025.2252252252247,28.478478478478465,0
4702,4,0,0,47,0.0,0.0,1.0,47,1600,1100,500,0.6875,21,11,10,348.8057455982537,0.4605111008325624,0.3489155769392782,0.20277121732604367,131039.71370018674,-258.5189919649318,130781.19470822181,2192,2,302.6808510638298,36,11,19,35.10320428215281,0.630787037037037,44.031531531531535,1023.8738738738743,28.440940940940955,0
4703,4,0,0,47,0.0,0.0,1.0,47,1200,700,500,0.5833333333333334,17,7,10,348.9271381816861,0.46018347209374033,0.3466943617956926,0.20345136210901385,131155.04017531042,-247.28943470497552,130907.75074060545,2193,3,303.6808510638298,36,11,21,34.98355504250955,0.6319444444444444,43.91891891891892,1024.3243243243242,28.45345345345345,0
4704,4,0,1,46,0.0,0.02127659574468085,0.9787234042553191,47,900,600,300,0.6666666666666666,12,6,6,349.32910304712783,0.4599522047486895,0.35115032001383817,0.2046070460704607,131328.12500000015,-224.42450896841262,131103.70049103172,2194,4,304.6808510638298,35,12,21,34.79844173441734,0.6357142857142857,43.75000000000001,1025.0000000000011,29.285714285714317,0
4705,4,0,1,45,0.0,0.021739130434782608,0.9782608695652174,46,1350,900,450,0.6666666666666666,18,9,9,348.7509195826572,0.45961151368760067,0.29656175691611697,0.1889977875039509,128287.0962178395,-247.61116691014905,128039.48505092935,2195,5,308.69565217391306,36,10,23,37.901567363272555,0.6030092592592593,46.734234234234236,1013.0630630630634,28.14064064064065,8
4706,4,0,0,45,0.0,0.0,1.0,45,1250,900,350,0.72,16,9,7,347.2525950550424,0.45852272727272725,0.2893803015149836,0.18858938460472674,128372.67324334456,-84.45121641913337,128288.22202692542,2196,6,313.6,36,9,17,37.8521224580509,0.6038773148148149,46.64977477477477,1013.4009009008997,28.15002502502499,0
4707,4,1,1,45,0.021739130434782608,0.021739130434782608,0.9782608695652174,46,1500,1100,400,0.7333333333333333,19,11,8,339.88421758324245,0.4593699677938808,0.2959110793679136,0.18598158872251555,128672.41753472204,-453.25520833335344,128219.16232638869,2197,0,307.7608695652174,37,9,18,37.73314510609171,0.6050112612612613,46.35416666666666,1014.5833333333319,27.42117117117113,0
4708,4,1,1,45,0.021739130434782608,0.021739130434782608,0.9782608695652174,46,700,500,200,0.7142857142857143,9,5,4,337.0397736026442,0.4590680354267311,0.29442032896126236,0.18598412760145874,129006.37846500821,-503.94388177133754,128502.43458323687,2198,0,295.7826086956522,37,9,20,37.46525903939559,0.6083896396396397,46.0252192982456,1015.8991228070154,27.456733048838252,0
4709,4,0,2,43,0.0,0.044444444444444446,0.9555555555555556,45,1050,800,250,0.7619047619047619,13,8,5,342.11944584731714,0.45928030303030304,0.29424862681346875,0.18889850920651752,129029.71172185698,-171.28530557584094,128858.42641628113,2199,1,302.2,36,9,20,37.312495381659666,0.6105324074074074,46.002252252252255,1015.9909909909909,28.221971971971968,0
4710,4,1,0,44,0.022727272727272728,0.0,1.0,44,1150,700,450,0.6086956521739131,16,7,9,342.3138941144856,0.4576396229739253,0.2833457526080483,0.18982861400894174,129201.38888888867,45.600245515760975,129246.98913440443,2200,0,306.75,35,9,22,37.13285519125684,0.6142857142857143,45.83333333333332,1016.6666666666649,29.047619047618998,0
4711,4,2,3,43,0.043478260869565216,0.06521739130434782,0.9347826086956522,46,1500,800,700,0.5333333333333333,22,8,14,328.07658047599335,0.4586453301127214,0.27042766960078235,0.1844016641985755,129731.44531250001,-687.6302083333325,129043.81510416669,2201,0,294.3695652173913,37,9,20,36.95679959100203,0.6157094594594594,45.3125,1018.7500000000001,27.533783783783786,0
4712,4,2,2,43,0.044444444444444446,0.044444444444444446,0.9555555555555556,45,1050,500,550,0.47619047619047616,16,5,11,336.6452361748027,0.4587962962962963,0.2779067910108495,0.1887342139323459,129631.08114448913,-272.06281450368766,129359.01832998544,2202,0,301.84444444444443,36,9,20,36.84041984592133,0.6166087962962963,45.41103603603604,1018.3558558558561,28.28766266266267,0
4713,4,1,0,44,0.022727272727272728,0.0,1.0,44,1300,800,500,0.6153846153846154,18,8,10,346.2222223658657,0.45728726215644816,0.28715954312884384,0.19358070220647086,129525.18332315233,168.89936449758727,129694.08268764992,2203,0,309.6818181818182,35,9,21,36.70421167329922,0.6175595238095238,45.51504629629629,1017.9398148148141,29.083994708994688,0
4714,4,0,1,43,0.0,0.022727272727272728,0.9772727272727273,44,1200,800,400,0.6666666666666666,16,8,8,341.0210695997405,0.45754052149400987,0.28239004432321924,0.19124565910822902,129643.02722318661,42.200761959864565,129685.22798514647,2204,1,310.6818181818182,35,9,21,36.716885441527445,0.61875,45.39930555555555,1018.4027777777768,29.097222222222193,0
4715,4,0,0,43,0.0,0.0,1.0,43,1150,800,350,0.6956521739130435,15,8,7,340.37161102538033,0.4572951273532669,0.2657535549531551,0.1913123193004725,129731.44531250013,231.3802083333473,129962.82552083347,2205,2,313.4418604651163,35,8,21,36.64366053169734,0.6196428571428572,45.31250000000001,1018.750000000001,29.107142857142886,0
4716,4,0,0,43,0.0,0.0,1.0,43,1100,1000,100,0.9090909090909091,12,10,2,338.8773721946587,0.457156699889258,0.2678419122209865,0.19119109653544925,129878.87577428429,202.60242519720774,130081.4781994815,2206,3,314.4418604651163,35,8,23,36.532138261231594,0.6211309523809524,45.16782407407408,1019.328703703705,29.123677248677286,0
4717,4,2,1,44,0.044444444444444446,0.022222222222222223,0.9777777777777777,45,1200,1000,200,0.8333333333333334,14,10,4,327.2296270599517,0.45848063973063974,0.27435483081141965,0.1879706389364636,130578.91506371257,-453.5760867810418,130125.33897693153,2207,0,301.4222222222222,36,9,16,36.12067540766858,0.6261574074074074,44.481981981981995,1022.0720720720738,28.390890890890937,0
4718,4,0,0,44,0.0,0.0,1.0,44,1300,800,500,0.6153846153846154,18,8,10,339.7595708032307,0.4555584918957012,0.2830279007515706,0.1950635247199302,130558.134269976,71.67513288752158,130629.80940286352,2208,1,309.27272727272725,35,9,17,35.82153642884108,0.6279761904761905,44.50231481481482,1021.9907407407408,29.19973544973545,0
4719,4,0,1,43,0.0,0.022727272727272728,0.9772727272727273,44,1400,900,500,0.6428571428571429,19,9,10,336.90378862782956,0.4552611874559549,0.27739726027397205,0.19386782833548014,130646.86381440764,3.084678283608838,130649.94849269126,2209,2,310.27272727272725,35,9,17,35.804770934752234,0.6288690476190476,44.41550925925926,1022.3379629629635,29.2096560846561,0
4720,4,0,0,43,0.0,0.0,1.0,43,1250,800,450,0.64,17,8,9,344.2710170312228,0.4556339977851606,0.2770228009325071,0.1983195013602397,130688.28125,398.43750000000045,131086.71875,2210,3,284.30232558139534,34,9,18,35.57457212713937,0.6314338235294117,44.375,1022.5,30.073529411764707,0
4721,4,1,0,44,0.022727272727272728,0.0,1.0,44,1650,1200,450,0.7272727272727273,21,12,9,333.43026775633393,0.4556796159267089,0.27589475631184723,0.19394198414466046,131061.33355034715,-60.03689236111617,131001.29665798604,2211,0,278.8181818181818,35,9,19,35.47494913530011,0.6330357142857144,44.010416666666664,1023.9583333333327,29.255952380952362,0
4722,4,0,1,43,0.0,0.022727272727272728,0.9772727272727273,44,1300,1100,200,0.8461538461538461,15,11,4,334.6492418470353,0.4558557963354475,0.2766315962518495,0.19480108499095844,131090.963648834,-26.101680384090002,131064.86196844991,2212,1,279.8181818181818,35,9,19,35.41384116937913,0.6333333333333333,43.98148148148148,1024.074074074074,29.259259259259256,0
4723,4,0,0,43,0.0,0.0,1.0,43,1600,1200,400,0.75,20,12,8,339.29825792599627,0.4541343669250646,0.27460404564119045,0.1976291748772748,131114.67013888902,297.3958333333526,131412.06597222236,2213,2,287.1162790697674,34,9,21,35.27088418768646,0.6357230392156863,43.95833333333334,1024.1666666666679,30.122549019607877,0
4724,4,0,0,43,0.0,0.0,1.0,43,900,600,300,0.6666666666666666,12,6,6,338.5765812546994,0.4535114433370247,0.27706984851965455,0.19752213435231802,131175.6395266441,282.59991496600344,131458.23944161012,2214,3,288.1162790697674,34,9,21,35.22782297114082,0.6363357843137255,43.89880952380953,1024.4047619047628,30.12955182072832,0
4725,4,0,1,42,0.0,0.023255813953488372,0.9767441860465116,43,1600,1000,600,0.625,22,10,12,337.761914204508,0.4531653746770026,0.2807714123652867,0.19783197831978333,131328.1250000001,271.52777777779215,131599.65277777787,2215,4,289.1162790697674,35,8,22,35.09485094850949,0.6357142857142857,43.75000000000001,1025.0000000000007,29.285714285714306,0
4726,4,0,0,42,0.0,0.0,1.0,42,1800,1200,600,0.6666666666666666,24,12,12,342.8521625599809,0.4523567557104142,0.2830048879746969,0.20113370735467023,131389.14399092985,609.4104308390152,131998.55442176887,2216,5,296.1666666666667,34,8,22,34.902848738194756,0.6384803921568627,43.6904761904762,1025.2380952380963,30.15406162464989,0
4727,4,0,0,42,0.0,0.0,1.0,42,1600,1300,300,0.8125,19,13,6,345.3236555513833,0.45161875725900114,0.28832540327260037,0.20339398085347038,131541.7534722223,684.8958333333425,132226.64930555565,2217,6,297.1666666666667,34,8,22,34.68555375033847,0.6400122549019608,43.54166666666667,1025.8333333333342,30.171568627451006,0
4728,4,0,0,42,0.0,0.0,1.0,42,900,700,200,0.7777777777777778,11,7,4,346.621465216057,0.4513888888888889,0.29228814495635813,0.20464911165495978,131633.3616780046,725.3897392290291,132358.75141723364,2218,7,298.1666666666667,34,8,16,34.559889791183295,0.6409313725490196,43.452380952380956,1026.1904761904768,30.18207282913167,0
4729,4,0,0,42,0.0,0.0,1.0,42,1600,1100,500,0.6875,21,11,10,348.44074848543266,0.4503000387146729,0.2862937942910124,0.20704867616613726,131877.806122449,790.3202947845809,132668.12641723358,2219,8,299.1666666666667,34,8,17,34.26682506567764,0.6433823529411764,43.214285714285715,1027.1428571428573,30.21008403361345,0
4730,4,0,1,41,0.0,0.023809523809523808,0.9761904761904762,42,1450,1200,250,0.8275862068965517,17,12,5,351.7160224141595,0.4501669570267131,0.29276252268953007,0.20950041335104297,131969.5312500001,883.159722222236,132852.69097222234,2220,9,300.1666666666667,34,8,17,34.09029467423629,0.6443014705882353,43.12500000000001,1027.5000000000007,30.220588235294137,0
4731,4,0,0,41,0.0,0.0,1.0,41,1250,600,650,0.48,19,6,13,360.0646643455891,0.44921239837398375,0.30424215018511735,0.21430055540016785,131938.95266439908,1301.3109410430861,133240.26360544216,2221,14,308.2682926829268,34,7,19,33.90667246040944,0.6439950980392157,43.154761904761905,1027.3809523809523,30.21708683473389,0
4732,4,0,1,40,0.0,0.024390243902439025,0.975609756097561,41,1050,900,150,0.8571428571428571,12,9,3,346.90895045269673,0.44878048780487806,0.1769845542258477,0.19993089218849147,130706.03358892744,894.2173672130834,131600.25095614052,2222,15,309.2682926829268,35,6,13,35.48917657045839,0.6294642857142857,44.357638888888886,1022.5694444444442,29.216269841269835,8
4733,4,0,1,39,0.0,0.025,0.975,40,1350,900,450,0.6666666666666666,18,9,9,359.76299810982607,0.44958600427350426,0.1336799377224196,0.19441038936319455,128173.03790276764,1278.1136508481964,129451.15155361584,2223,16,316.95,36,4,19,37.7393331109134,0.6018518518518519,46.846846846846844,1012.6126126126127,28.12812812812813,8
4734,4,2,1,40,0.04878048780487805,0.024390243902439025,0.975609756097561,41,1300,1000,300,0.7692307692307693,16,10,6,344.53354097566944,0.4526168699186992,0.15181289253650831,0.1883331014141612,128631.77237426031,663.5920036160371,129295.36437787635,2224,0,309.5609756097561,38,3,15,37.65666140073722,0.602796052631579,46.39423076923077,1014.4230769230766,26.695344129554645,0
4735,4,1,0,41,0.024390243902439025,0.0,1.0,41,950,500,450,0.5263157894736842,14,5,9,345.9193827317594,0.45160060975609756,0.1574052910161623,0.18934849439789728,128685.9673483271,702.994078274528,129388.96142660163,2225,0,310.5365853658537,38,3,16,37.56624899090941,0.6033442982456141,46.340811965811966,1014.636752136752,26.700967161493473,0
4736,4,1,0,42,0.023809523809523808,0.0,1.0,42,1350,1200,150,0.8888888888888888,15,12,3,342.7545794076154,0.45228416569879987,0.16534405091338522,0.18969123263074916,129121.97401258702,451.4295789930759,129573.40359158009,2226,0,304.1190476190476,39,3,18,37.202457210208046,0.6060363247863247,45.91145833333334,1016.3541666666683,26.06036324786329,0
4737,4,1,0,43,0.023255813953488372,0.0,1.0,43,1300,1100,200,0.8461538461538461,15,11,4,335.26683152188497,0.45240402362495385,0.17271701927161476,0.1872070244476829,129473.07715136216,81.65449691013248,129554.7316482723,2227,0,298.0232558139535,38,5,13,37.03591923857513,0.6112938596491229,45.566239316239304,1017.7350427350408,26.782501124606338,0
4738,4,0,1,42,0.0,0.023255813953488372,0.9767441860465116,43,1900,1500,400,0.7894736842105263,23,15,8,335.04018541570247,0.45175802879291255,0.18395363472712178,0.18811973661680229,129690.63321827729,90.31476002628307,129780.94797830358,2228,1,299.0232558139535,38,5,14,36.820851688693104,0.6134868421052632,45.352564102564095,1018.5897435897423,26.80499325236164,0
4739,4,0,1,41,0.0,0.023809523809523808,0.9761904761904762,42,950,600,350,0.631578947368421,13,6,7,334.21944212927895,0.44934427022841655,0.17311908507503682,0.18778917977034026,129717.84056770032,270.8448617503068,129988.68542945062,2229,2,302.57142857142856,38,4,14,36.814149624191565,0.6137609649122807,45.3258547008547,1018.6965811965811,26.80780476833108,0
4740,4,0,0,41,0.0,0.0,1.0,41,850,300,550,0.35294117647058826,14,3,11,334.86367522447256,0.44974593495934956,0.16060383688017632,0.1886748138196246,129826.69850107757,494.84908046607586,130321.54758154364,2230,3,265.8780487804878,38,3,14,36.68732746269701,0.6148574561403508,45.2190170940171,1019.1239316239321,26.819050832208738,0
4741,4,0,1,40,0.0,0.024390243902439025,0.975609756097561,41,1050,900,150,0.8571428571428571,12,9,3,336.9243219565072,0.44964430894308943,0.15504751777763004,0.19023265562775107,129908.37191358034,553.8580246913674,130462.2299382717,2231,4,266.8780487804878,38,3,14,36.551998183469564,0.6156798245614035,45.13888888888889,1019.4444444444451,26.82748538011698,0
4742,4,0,0,40,0.0,0.0,1.0,40,1050,700,350,0.6666666666666666,14,7,7,348.00445735553603,0.44776976495726495,0.1582257717543296,0.1964418603542453,129899.05698147506,1041.090167166819,130940.14714864189,2232,5,274.4,37,3,16,36.27906403499335,0.6173986486486487,45.14802631578947,1019.4078947368421,27.551564722617353,0
4743,4,0,0,40,0.0,0.0,1.0,40,1350,1100,250,0.8148148148148148,16,11,5,352.2061940630767,0.4477029914529915,0.16159034719982768,0.19966936157031118,130066.77685682145,1162.0648901585205,131228.84174697998,2233,6,275.4,37,3,17,36.00171539646709,0.6190878378378378,44.98355263157895,1020.0657894736852,27.56934566145095,0
4744,4,0,0,40,0.0,0.0,1.0,40,1300,1100,200,0.8461538461538461,15,11,4,349.40745623565937,0.4468215811965812,0.16719572456762255,0.19893785994481686,130234.60493853888,1100.9884050861892,131335.59334362508,2234,7,276.4,37,3,17,35.90286729688114,0.620777027027027,44.819078947368425,1020.7236842105272,27.587126600284517,0
4745,4,0,0,40,0.0,0.0,1.0,40,1750,1300,450,0.7428571428571429,22,13,9,351.26319867439986,0.4455528846153846,0.1669800634345271,0.2013604881751686,130498.99798525347,1167.9051026858835,131666.90308793937,2235,8,277.4,35,5,14,35.587524543120374,0.6273809523809524,44.56018518518517,1021.7592592592569,29.193121693121626,0
4746,4,0,0,40,0.0,0.0,1.0,40,1550,1100,450,0.7096774193548387,20,11,9,352.8500828786653,0.445446047008547,0.165337371221556,0.20304395974379458,130646.86381440732,1219.7513449502458,131866.61515935758,2236,9,278.4,35,5,14,35.397208385222086,0.6288690476190476,44.415509259259245,1022.3379629629609,29.209656084656025,0
4747,4,0,0,40,0.0,0.0,1.0,40,1400,1000,400,0.7142857142857143,18,10,8,352.765063138871,0.44475160256410257,0.16516952884192015,0.20384973495887398,130809.2129291451,1228.9840516191605,132038.19698076425,2237,10,279.4,36,4,14,35.23502862175254,0.6284722222222222,44.256756756756744,1022.9729729729709,28.415915915915857,0
4748,4,1,0,41,0.024390243902439025,0.0,1.0,41,1450,800,650,0.5517241379310345,21,8,13,352.19462975203965,0.4454014227642276,0.17000336759227586,0.20553119461419772,131187.6746330601,1040.7188990843233,132228.3935321444,2238,0,273.5609756097561,37,4,16,34.86690124513896,0.6303490990990991,43.88706140350877,1024.4517543859643,27.68788525367471,0
4749,4,0,0,41,0.0,0.0,1.0,41,950,500,450,0.5263157894736842,14,5,9,349.39069087754314,0.44484247967479673,0.15924243333585575,0.20449309878725078,131300.02891514695,975.0015629809152,132275.03047812785,2239,1,274.5609756097561,37,4,17,34.825233586534004,0.6314752252252251,43.77741228070175,1024.8903508771928,27.6997392128971,0
4750,4,0,1,40,0.0,0.024390243902439025,0.975609756097561,41,1300,1000,300,0.7692307692307693,16,10,6,351.2223160087585,0.44466463414634144,0.15747445118602732,0.20618176578077027,131414.71021274655,1031.1587814406735,132445.8689941872,2240,2,275.5609756097561,36,5,17,34.662502288120066,0.6345486111111112,43.66554054054054,1025.337837837838,28.481606606606608,0
4751,4,0,1,39,0.0,0.025,0.975,40,1000,700,300,0.7,13,7,6,354.8243091099957,0.4430154914529914,0.15086452958612373,0.20892660838286695,131530.2015486771,1334.0225783215737,132864.22412699868,2241,3,281.025,36,4,18,34.453562410802505,0.6357060185185186,43.55292792792793,1025.7882882882889,28.494119119119134,0
4752,4,0,1,38,0.0,0.02564102564102564,0.9743589743589743,39,1450,1100,350,0.7586206896551724,18,11,7,361.37330735445516,0.4418297345928925,0.15053688790150854,0.21297958752592364,131565.50068587108,1708.852023319618,133274.35270919072,2242,4,287.5897435897436,35,4,15,34.249962394705186,0.638095238095238,43.51851851851852,1025.925925925926,29.312169312169317,0
4753,4,0,0,38,0.0,0.0,1.0,38,1200,1100,100,0.9166666666666666,13,11,2,366.7563766503339,0.44198968705547653,0.1364763283077166,0.21636366942842078,131602.82206632654,2053.2348356009015,133656.05690192743,2243,5,293.5,34,4,15,34.07418687396061,0.640625,43.482142857142854,1026.0714285714284,30.178571428571423,0
4754,4,0,2,36,0.0,0.05263157894736842,0.9473684210526316,38,1000,600,400,0.6,14,6,8,366.0030731696216,0.4416488857278331,0.13240913696907564,0.2164388543805539,131694.4515306122,2040.1147959183597,133734.56632653056,2244,6,294.5,34,4,16,34.00095685455811,0.6415441176470589,43.39285714285714,1026.4285714285709,30.189075630252084,0
4755,4,0,2,34,0.0,0.05555555555555555,0.9444444444444444,36,1000,700,300,0.7,13,7,6,395.6302212155685,0.44126984126984126,0.11981931925752143,0.22805759157472544,130714.10323245089,3144.764206953073,133858.86743940396,2245,7,306.25,32,4,15,34.2354508787093,0.6363932291666667,44.34974747474748,1022.6010101010111,31.956281565656596,8
4756,4,0,1,33,0.0,0.029411764705882353,0.9705882352941176,34,1100,800,300,0.7272727272727273,14,8,6,404.3604440685537,0.4376485442661913,0.1233256420245119,0.23277406208403856,130661.65500217024,3766.880967881954,134428.5359700522,2246,19,311.5882352941176,31,3,16,34.06563083715401,0.6384408602150538,44.40104166666667,1022.3958333333342,32.9805107526882,0
4757,4,0,0,33,0.0,0.0,1.0,33,1250,1000,250,0.8,15,10,5,415.0166265380965,0.4371448863636364,0.12243157508807156,0.23835244925949306,130571.48947855248,4237.867817088688,134809.35729564118,2247,20,319.72727272727275,30,3,16,33.88512624934244,0.6402777777777777,44.48924731182796,1022.0430107526886,34.06810035842295,0
4758,4,1,0,34,0.029411764705882353,0.0,1.0,34,1100,800,300,0.7272727272727273,14,8,6,408.2888488341986,0.43688725490196073,0.11976446645816807,0.23707288992130499,130994.67807345923,3896.733262803825,134891.41133626306,2248,0,311.29411764705884,31,3,17,33.62640973458833,0.6418010752688172,44.075520833333336,1023.697916666667,33.02251344086022,0
4759,4,0,0,34,0.0,0.0,1.0,34,600,400,200,0.6666666666666666,8,4,4,412.69839217016,0.436385918003565,0.12192887326577173,0.24025705806205094,131094.66764662004,4020.511711968322,135115.17935858836,2249,1,312.29411764705884,31,3,17,33.411872218690405,0.6428091397849462,43.977864583333336,1024.088541666667,33.03511424731184,0
4760,4,0,0,34,0.0,0.0,1.0,34,1050,600,450,0.5714285714285714,15,6,9,412.26974399374103,0.43636734997029114,0.11858183395402433,0.24021583750035314,131128.0059814453,4012.021891276042,135140.02787272134,2250,2,313.29411764705884,31,3,18,33.38895245359778,0.6431451612903225,43.9453125,1024.21875,33.03931451612903,0
4761,4,0,0,34,0.0,0.0,1.0,34,1100,600,500,0.5454545454545454,16,6,10,418.05579549509247,0.43601455733808675,0.1224232005381567,0.24443529796035507,131261.40170627178,4174.917941623273,135436.31964789506,2251,3,314.29411764705884,31,3,18,33.10514612452351,0.644489247311828,43.81510416666667,1024.739583333334,33.05611559139787,0
4762,4,0,0,34,0.0,0.0,1.0,34,750,500,250,0.6666666666666666,10,5,5,413.22602166792643,0.43473336304218657,0.115028944911298,0.24266628789223868,131428.24172973633,4061.9138929578994,135490.15562269423,2252,4,315.29411764705884,31,3,19,33.05939153439154,0.6461693548387097,43.65234375,1025.390625,33.07711693548387,0
4763,4,0,0,34,0.0,0.0,1.0,34,850,600,250,0.7058823529411765,11,6,5,411.3567821177015,0.4334521687462864,0.11193940706121319,0.2424143669637524,131561.79004245327,4023.7669203016444,135585.55696275493,2253,5,316.29411764705884,31,3,17,32.971744510724726,0.647513440860215,43.522135416666664,1025.9114583333328,33.093918010752674,0
4764,4,0,0,34,0.0,0.0,1.0,34,1050,700,350,0.6666666666666666,14,7,7,409.7234782335968,0.432449494949495,0.10886269536349791,0.2427249906740728,131762.2396681043,3997.216627332895,135759.4562954372,2254,6,317.29411764705884,31,3,18,32.81032022828155,0.6495295698924731,43.326822916666664,1026.6927083333328,33.1191196236559,0
4765,4,1,0,35,0.02857142857142857,0.0,1.0,35,1050,700,350,0.6666666666666666,14,7,7,401.18678279984954,0.43434873949579833,0.11211706495420559,0.23982839835215675,132105.78799357207,3599.819214876032,135705.6072084481,2255,0,309.2,32,3,19,32.6816199950872,0.650390625,42.99242424242424,1028.030303030303,32.12594696969697,0
4766,4,0,0,35,0.0,0.0,1.0,35,500,300,200,0.6,7,3,4,403.7632822224258,0.4339635854341737,0.10782425677453311,0.24199057643132124,132203.15728305775,3675.7561409549908,135878.91342401275,2256,1,310.2,32,3,19,32.51688152240639,0.6513671875,42.897727272727266,1028.40909090909,32.137784090909065,0
4767,4,0,0,35,0.0,0.0,1.0,35,1100,900,200,0.8181818181818182,13,9,4,403.06904516752934,0.4338235294117647,0.10793728736277264,0.2417820649436444,132235.62168401177,3660.017153861843,135895.63883787362,2257,2,311.2,32,3,19,32.501892544398075,0.6516927083333333,42.86616161616161,1028.535353535353,32.14172979797978,0
4768,4,0,0,35,0.0,0.0,1.0,35,600,200,400,0.3333333333333333,10,2,8,402.3069531777002,0.4338235294117647,0.11186618977487939,0.24174019575898964,132300.5624426078,3645.087235996316,135945.64967860412,2258,3,312.2,32,3,19,32.45581737849778,0.65234375,42.8030303030303,1028.787878787878,32.14962121212119,0
4769,4,0,0,35,0.0,0.0,1.0,35,1000,800,200,0.8,12,8,4,399.6567506599029,0.4331232492997199,0.11047040971168443,0.24162733824300542,132532.04345703116,3593.501039335098,136125.54449636626,2259,4,313.2,31,4,19,32.29008598887202,0.657258064516129,42.57812499999999,1029.6874999999993,33.215725806451594,0
4770,4,0,0,35,0.0,0.0,1.0,35,500,200,300,0.4,8,2,6,398.551338461612,0.4330532212885154,0.11284088856781627,0.24138905721526438,132599.08888075093,3569.5088704427135,136168.59775119365,2260,5,314.2,31,4,21,32.2508428150021,0.6579301075268817,42.513020833333336,1029.9479166666672,33.22412634408604,0
4771,4,0,0,35,0.0,0.0,1.0,35,950,800,150,0.8421052631578947,11,8,3,397.29979898016387,0.43186274509803924,0.12020426207618318,0.24214184053317606,132833.88137817383,3554.974873860676,136388.85625203451,2261,6,315.2,31,4,18,32.046150688392075,0.6602822580645161,42.28515625,1030.859375,33.25352822580645,0
4772,4,0,0,35,0.0,0.0,1.0,35,1150,800,350,0.6956521739130435,15,8,7,380.4072941700833,0.4315826330532213,0.1023359288097887,0.21782557799930258,130455.99819214887,2936.307131204189,133392.30532335307,2262,7,316.2,32,3,21,34.88675689037202,0.6337890625,44.602272727272734,1021.59090909091,31.92471590909094,8
4773,4,1,0,36,0.027777777777777776,0.0,1.0,36,1100,700,400,0.6363636363636364,15,7,8,371.86530623209035,0.4327215608465609,0.10055635415002939,0.21498141110979863,130826.1546039985,2529.941608996544,133356.09621299503,2263,0,308.3888888888889,33,3,16,34.729376297716016,0.6351010101010102,44.240196078431374,1023.0392156862748,31.00118835412954,0
4774,4,0,0,36,0.0,0.0,1.0,36,650,600,50,0.9230769230769231,7,6,1,371.68800341308736,0.4326719576719577,0.09662168456634856,0.21505357868994243,130857.49959450707,2527.632551182256,133385.13214568933,2264,1,309.3888888888889,33,3,17,34.7021349862259,0.6354166666666667,44.20955882352942,1023.1617647058836,31.004901960784352,0
4775,4,0,0,36,0.0,0.0,1.0,36,1300,900,400,0.6923076923076923,17,9,8,370.44701620107674,0.432093253968254,0.09847075241307124,0.21508939178346115,130992.77388038555,2505.1764455782395,133497.9503259638,2265,2,310.3888888888889,34,2,18,34.59680389192542,0.6344975490196079,44.077380952380956,1023.6904761904767,30.108543417366963,0
4776,4,0,1,35,0.0,0.027777777777777776,0.9722222222222222,36,1350,900,450,0.6666666666666666,18,9,9,370.78504104249504,0.4310350529100529,0.09267436155653686,0.2164841291188409,131206.1295351475,2529.8540249433286,133735.98356009086,2266,3,311.3888888888889,34,2,19,34.372095049965154,0.6366421568627452,43.86904761904763,1024.5238095238105,30.133053221288545,0
4777,4,1,0,36,0.027777777777777776,0.0,1.0,36,1150,700,450,0.6086956521739131,16,7,9,362.9691512675928,0.4330026455026455,0.09762208152484142,0.21382229171435746,131548.03929077752,2349.6327238002978,133897.6720145778,2267,0,309.1666666666667,33,3,20,34.22667044956796,0.6423611111111112,43.53553921568627,1025.8578431372546,31.086601307189532,0
4778,4,0,1,35,0.0,0.027777777777777776,0.9722222222222222,36,1150,700,450,0.6086956521739131,16,7,9,361.3975930252345,0.4324239417989418,0.09623039566913483,0.21342337404748327,131642.34459102261,2315.0452950788053,133957.38988610142,2268,1,310.1666666666667,33,3,18,34.171741899530296,0.6433080808080809,43.44362745098039,1026.2254901960778,31.09774212715387,0
4779,4,0,0,35,0.0,0.0,1.0,35,1050,600,450,0.5714285714285714,15,6,9,365.3952146136113,0.43186274509803924,0.09603711579354357,0.21602165087956687,131684.2689043209,2623.3603395061605,134307.62924382705,2269,2,316.6,32,3,18,34.02683806946324,0.6461588541666667,43.40277777777777,1026.3888888888882,32.07465277777776,0
4780,4,0,0,35,0.0,0.0,1.0,35,850,600,250,0.7058823529411765,11,6,5,361.12059708124724,0.431827731092437,0.09666763257026956,0.21449693296512623,131862.52170138882,2523.654513888885,134386.1762152777,2270,3,317.6,33,2,18,33.9566430020284,0.6455176767676767,43.229166666666664,1027.0833333333328,31.123737373737356,0
4781,4,0,1,34,0.0,0.02857142857142857,0.9714285714285714,35,1000,700,300,0.7,13,7,6,361.3541658888417,0.430952380952381,0.08941136382996895,0.215348591398574,131988.41979346875,2538.913068291033,134527.3328617598,2271,4,318.6,33,2,18,33.82366825680779,0.646780303030303,43.10661764705882,1027.573529411764,31.138591800356483,0
4782,4,0,0,34,0.0,0.0,1.0,34,500,300,200,0.6,7,3,4,372.2109584451543,0.43072266785502084,0.09484833373083879,0.2219358967608137,132008.45457415047,3026.998679981618,135035.4532541321,2272,5,326.02941176470586,32,2,18,33.524542327067216,0.6494140625,43.087121212121204,1027.651515151514,32.114109848484816,0
4783,4,0,0,34,0.0,0.0,1.0,34,1100,800,300,0.7272727272727273,14,8,6,372.60394976211876,0.43014705882352944,0.09288020746798065,0.22293269382167002,132138.2404378378,3047.0460603509614,135185.28649818877,2273,6,327.02941176470586,32,2,19,33.38347865242129,0.6507161458333333,42.960858585858574,1028.1565656565642,32.12989267676763,0
4784,4,0,0,34,0.0,0.0,1.0,34,1200,700,500,0.5833333333333334,17,7,10,369.6197036449168,0.42984997029114674,0.09142021449463766,0.22152704092625772,132203.15728305755,2972.978363177185,135176.13564623473,2274,7,328.02941176470586,32,2,19,33.394720687538374,0.6513671875,42.89772727272725,1028.4090909090885,32.137784090909015,0
4785,4,0,0,34,0.0,0.0,1.0,34,1000,600,400,0.6,14,6,8,370.27323837466616,0.4286244800950683,0.09323648487735192,0.22306704848424985,132398.00347222207,3004.6874999999773,135402.69097222204,2275,8,329.02941176470586,32,2,20,33.18151147098516,0.6533203125,42.70833333333332,1029.1666666666654,32.16145833333329,0
4786,4,0,0,34,0.0,0.0,1.0,34,1450,1200,250,0.8275862068965517,17,12,5,372.84790221401164,0.42784462269756385,0.09386019946779789,0.22578473187525547,132592.99314164364,3087.403868227726,135680.39700987138,2276,9,330.02941176470586,32,2,20,32.91881206325855,0.6552734375,42.51893939393939,1029.9242424242418,32.18513257575756,0
4787,4,0,0,34,0.0,0.0,1.0,34,700,400,300,0.5714285714285714,10,4,6,371.87768334166026,0.4271390374331551,0.09835043221848139,0.22558736196168072,132658.02158261905,3066.5115485664637,135724.5331311855,2277,10,331.02941176470586,32,2,16,32.87831433590717,0.6559244791666667,42.455808080808076,1030.1767676767672,32.193023989898975,0
4788,4,0,0,34,0.0,0.0,1.0,34,1200,900,300,0.75,15,9,6,372.35888840830455,0.42697192513368987,0.1019031141868516,0.2260750393907562,132690.5417814507,3081.700528007328,135772.24230945803,2278,11,332.02941176470586,32,2,16,32.83318014705881,0.65625,42.424242424242415,1030.3030303030291,32.19696969696966,0
4789,4,0,0,34,0.0,0.0,1.0,34,700,700,0,1.0,7,7,0,370.14436155503637,0.42602495543672014,0.09686101563006733,0.22531606438283064,132788.12629132217,3030.155245638184,135818.28153696036,2279,12,333.02941176470586,32,2,16,32.79201886561313,0.6572265625,42.329545454545446,1030.681818181817,32.208806818181785,0
4790,4,0,0,34,0.0,0.0,1.0,34,1350,900,450,0.6666666666666666,18,9,9,372.6299369808394,0.4252450980392157,0.10389708582661905,0.2280160266064776,132983.402921258,3110.719410009184,136094.1223312672,2280,13,334.02941176470586,32,2,16,32.53152160607175,0.6591796875,42.140151515151516,1031.4393939393938,32.232481060606055,0
4791,4,0,1,33,0.0,0.029411764705882353,0.9705882352941176,34,750,500,250,0.6666666666666666,10,5,5,372.4596222519868,0.424520944741533,0.10262813224139666,0.22890864302915348,133146.2430491788,3118.3198780736807,136264.56292725247,2281,14,335.02941176470586,32,2,17,32.37220659000082,0.6608072916666667,41.98232323232324,1032.070707070708,32.25220959595963,0
4792,4,0,0,33,0.0,0.0,1.0,33,950,500,450,0.5263157894736842,14,5,9,381.5941863362177,0.42069128787878785,0.10624803959820373,0.23361585348960717,133001.7174614801,3550.536431206603,136552.25389268668,2282,19,345.75757575757575,31,2,19,32.28193637970209,0.6619623655913979,42.122395833333336,1031.510416666667,33.274529569892486,0
4793,4,0,0,33,0.0,0.0,1.0,33,650,500,150,0.7692307692307693,8,5,3,382.7591875727696,0.420770202020202,0.09556256572029476,0.23496255317693227,133102.46997409387,3589.238654242612,136691.7086283365,2283,20,346.75757575757575,31,2,20,32.15049947423765,0.6629704301075269,42.02473958333333,1031.9010416666658,33.28713037634406,0
4794,4,0,0,33,0.0,0.0,1.0,33,750,600,150,0.8,9,6,3,380.00580833090476,0.420730744949495,0.09553845506917291,0.2336932538897658,133169.6595085991,3521.048821343311,136690.70832994243,2284,21,347.75757575757575,31,2,20,32.15395168411757,0.6636424731182795,41.959635416666664,1032.161458333333,33.29553091397848,0
4795,4,0,1,32,0.0,0.030303030303030304,0.9696969696969697,33,1100,800,300,0.7272727272727273,14,8,6,381.77375729335506,0.4208096590909091,0.09282381132551376,0.2352046714513607,133236.86599731448,3573.2677883572055,136810.1337856717,2285,22,348.75757575757575,31,2,20,32.040741791734966,0.6643145161290323,41.89453125,1032.4218750000002,33.30393145161291,0
4796,4,0,0,32,0.0,0.0,1.0,32,950,500,450,0.5263157894736842,14,5,9,390.68467881944434,0.41857778897849457,0.09406738281249982,0.24042134081196587,133194.58896982315,4007.4170424326553,137202.0060122558,2286,23,357.90625,30,2,20,31.85329861111111,0.6666666666666667,41.935483870967744,1032.2580645161295,34.40860215053765,0
4797,4,0,0,32,0.0,0.0,1.0,32,800,600,200,0.75,10,6,4,390.4282557529129,0.4182627688172043,0.10059953794090881,0.2409365693935446,133298.66756633716,4008.7132544224805,137307.38082075963,2287,24,358.90625,30,2,20,31.75517376024991,0.6677083333333333,41.83467741935484,1032.6612903225807,34.42204301075269,0
4798,4,0,1,31,0.0,0.03125,0.96875,32,1150,900,250,0.782608695652174,14,9,5,389.74925871689436,0.41803175403225806,0.09830373406193105,0.2411926572059621,133402.78681061394,3998.7274540409317,137401.51426465486,2288,25,359.90625,30,2,20,31.667967733541513,0.66875,41.733870967741936,1033.0645161290322,34.43548387096774,0
4799,4,0,0,31,0.0,0.0,1.0,31,850,500,350,0.5882352941176471,12,5,7,389.2429760665971,0.41478494623655915,0.0770031217481788,0.2413306451612903,133472.2222222222,4190.643065672328,137662.86528789453,2289,26,356.38709677419354,29,2,20,31.611223118279558,0.6724137931034483,41.666666666666664,1033.3333333333333,35.632183908045974,0
4800,4,0,1,30,0.0,0.03225806451612903,0.967741935483871,31,850,500,350,0.5882352941176471,12,5,7,388.2198403850188,0.4137992831541219,0.0798003691091993,0.2421009155365869,133687.58680555547,4180.034722222213,137867.6215277777,2290,27,357.38709677419354,29,2,22,31.42123287671235,0.6745689655172413,41.45833333333333,1034.166666666666,35.66091954022986,0
4801,4,0,0,30,0.0,0.0,1.0,30,650,400,250,0.6153846153846154,9,4,5,388.3308086081398,0.40996168582375475,0.0663265306122447,0.2426415992041464,133759.41358024688,4388.580246913575,138147.99382716045,2291,28,356.23333333333335,29,1,17,31.34622269960615,0.6752873563218391,41.388888888888886,1034.4444444444443,35.67049808429118,0
4802,4,0,0,30,0.0,0.0,1.0,30,900,600,300,0.6666666666666666,12,6,6,388.25106384212773,0.4096024904214559,0.06489061870889823,0.24330182310241305,133867.1899112653,4394.815779320971,138262.0056905863,2292,29,357.23333333333335,29,1,18,31.24007403927883,0.6763649425287357,41.284722222222214,1034.8611111111102,35.68486590038311,0
4803,4,0,0,30,0.0,0.0,1.0,30,1000,800,200,0.8,12,8,4,388.85222805646754,0.4079741379310345,0.07048960429242124,0.244632351068436,134010.95920138893,4422.092013888895,138433.05121527784,2293,30,358.23333333333335,29,1,20,31.080231388329985,0.677801724137931,41.145833333333336,1035.416666666667,35.704022988505756,0
4804,4,0,0,30,0.0,0.0,1.0,30,950,800,150,0.8421052631578947,11,8,3,393.4794385020917,0.4072078544061302,0.07071993564821022,0.2485150831318461,134154.80565200615,4557.431520061724,138712.23717206786,2294,31,359.23333333333335,29,1,20,30.816100236850332,0.6792385057471264,41.00694444444444,1035.9722222222222,35.72318007662835,0
4805,4,0,0,30,0.0,0.0,1.0,30,1250,900,350,0.72,16,9,7,395.36398507046033,0.4068007662835249,0.06430868167202552,0.25093510072839437,134334.72222222228,4622.222222222226,138956.9444444445,2295,32,360.23333333333335,29,1,20,30.586816720257236,0.6810344827586207,40.833333333333336,1036.666666666667,35.74712643678162,0
4806,4,0,0,30,0.0,0.0,1.0,30,650,500,150,0.7692307692307693,8,5,3,393.77600534356,0.4061063218390804,0.0663586447033615,0.25066712974427635,134442.73003472213,4588.064236111106,139030.79427083323,2296,33,361.23333333333335,29,1,20,30.51970336145709,0.6821120689655172,40.729166666666664,1037.0833333333328,35.76149425287355,0
4807,4,0,1,29,0.0,0.03333333333333333,0.9666666666666667,30,700,500,200,0.7142857142857143,9,5,4,395.351977534276,0.40605842911877393,0.07290132547864481,0.2521677130831347,134514.75935570986,4636.13522376543,139150.89457947528,2297,34,362.23333333333335,29,1,20,30.40665305484893,0.6828304597701149,40.65972222222222,1037.361111111111,35.77107279693487,0
4808,4,0,0,29,0.0,0.0,1.0,29,950,600,350,0.631578947368421,13,6,7,404.805058279172,0.4025554187192118,0.06766644378641673,0.25818838522752846,134513.51730743825,5090.350442594793,139603.86775003304,2298,35,330.44827586206895,28,1,20,30.16274238227146,0.6860119047619048,40.660919540229884,1037.3563218390805,37.04844006568145,0
4809,4,0,1,28,0.0,0.034482758620689655,0.9655172413793104,29,1150,1100,50,0.9565217391304348,12,11,1,403.8803094118167,0.40245279146141216,0.07081809413764417,0.25812598182054347,134588.05035341528,5071.4926839741065,139659.54303738938,2299,36,331.44827586206895,28,1,20,30.111984214898918,0.6867559523809523,40.589080459770116,1037.6436781609198,37.05870279146142,0
4810,4,0,0,28,0.0,0.0,1.0,28,600,500,100,0.8333333333333334,7,5,2,415.878508584893,0.40164792768959434,0.0700811525298688,0.2652414531880408,134512.1865477961,5588.145505598057,140100.33205339414,2300,37,339.5,27,1,20,29.876900731602355,0.689429012345679,40.66220238095237,1037.3511904761895,38.42041446208109,0
4811,4,0,0,28,0.0,0.0,1.0,28,750,400,350,0.5333333333333333,11,4,7,416.7812849269666,0.39993937389770723,0.06743983614951343,0.26694669075900734,134666.59857302293,5625.303598001693,140291.90217102462,2301,38,340.5,27,1,21,29.698476702508966,0.6909722222222222,40.513392857142854,1037.9464285714282,38.4424603174603,0
4812,4,0,0,28,0.0,0.0,1.0,28,900,600,300,0.6666666666666666,12,6,6,415.2248339504603,0.39902998236331566,0.07574703233729019,0.26736802038507473,134859.73816609962,5599.422477324241,140459.16064342385,2302,39,341.5,27,1,17,29.545128939828086,0.6929012345679013,40.32738095238094,1038.690476190475,38.47001763668426,0
4813,4,0,0,28,0.0,0.0,1.0,28,1000,800,200,0.8,12,8,4,421.2893968720807,0.3983134920634921,0.08114157806379363,0.25011433628252794,131844.07616594018,5508.902265821136,137352.97843176132,2303,40,342.5,28,0,19,32.43040011191942,0.6592261904761905,43.24712643678162,1027.0114942528749,36.67898193760267,8
4814,4,0,0,28,0.0,0.0,1.0,28,750,400,350,0.5333333333333333,11,4,7,421.2893968720807,0.3983134920634921,0.08114157806379363,0.25011433628252794,131844.07616594018,5508.902265821136,137352.97843176132,2304,41,343.5,28,0,19,32.43040011191942,0.6592261904761905,43.24712643678162,1027.0114942528749,36.67898193760267,0
4815,4,0,1,27,0.0,0.03571428571428571,0.9642857142857143,28,1000,700,300,0.7,13,7,6,400.66870950237814,0.3977623456790123,0.012580710250201799,0.22301371566641795,129347.5029726516,4765.099418681465,134112.60239133306,2305,42,344.5,28,0,21,35.50023540489643,0.6339285714285714,45.689655172413794,1017.2413793103447,36.33004926108374,8
4816,4,0,0,27,0.0,0.0,1.0,27,850,500,350,0.5882352941176471,12,5,7,417.02626450878915,0.39654558404558404,0.020944111094850282,0.23148175998282322,129239.21407755796,5379.229334963132,134618.4434125211,2306,43,355.3333333333333,27,0,21,35.19516195911996,0.6361882716049383,45.79613095238094,1016.815476190475,37.65983245149908,0
4817,4,0,0,27,0.0,0.0,1.0,27,700,500,200,0.7142857142857143,9,5,4,416.4779230086893,0.3964268755935423,0.02063755297586156,0.23139919722287658,129277.04480229587,5368.207022392287,134645.25182468817,2307,44,356.3333333333333,27,0,21,35.17034923422106,0.6365740740740741,45.75892857142857,1016.9642857142853,37.665343915343904,0
4818,4,1,0,28,0.03571428571428571,0.0,1.0,28,600,500,100,0.8333333333333334,7,5,2,404.01882273027024,0.39823082010582006,0.014171855792676658,0.2267687596464675,129676.56157104633,4878.354348328706,134554.91591937502,2308,0,344.57142857142856,28,0,21,35.07870174448677,0.6372767857142857,45.366379310344826,1018.5344827586204,36.37623152709359,0
4819,4,0,0,28,0.0,0.0,1.0,28,1000,900,100,0.9,11,9,2,403.437965628301,0.3977072310405643,0.014315937940761359,0.22665413441399804,129713.14944180218,4866.241825208099,134579.39126701027,2309,1,345.57142857142856,28,0,22,35.056123648330974,0.6376488095238095,45.33045977011495,1018.6781609195409,36.381362889983606,0
4820,4,0,0,28,0.0,0.0,1.0,28,700,600,100,0.8571428571428571,8,6,2,403.9659675230985,0.3980654761904762,0.017376286479628078,0.2275878163337044,129822.94401919012,4888.810237481839,134711.75425667196,2310,2,346.57142857142856,28,0,22,34.93056534611589,0.6387648809523809,45.22270114942529,1019.109195402299,36.396756978653535,0
4821,4,1,0,29,0.034482758620689655,0.0,1.0,29,850,700,150,0.8235294117647058,10,7,3,391.560136444273,0.40163177339901474,0.011547452519316215,0.2222875395919343,130120.8429783951,4390.0270061728415,134510.86998456795,2311,0,335.58620689655174,29,0,23,34.94305290861239,0.6386494252873562,44.93055555555556,1020.277777777778,35.18199233716476,0
4822,4,0,0,29,0.0,0.0,1.0,29,1100,800,300,0.7272727272727273,14,8,6,388.99203254708664,0.4003489326765189,0.008723875276724913,0.22203955149737417,130333.48765432088,4339.737654320971,134673.22530864185,2312,1,336.58620689655174,29,0,23,34.79212005803409,0.6408045977011494,44.722222222222214,1021.1111111111103,35.21072796934863,0
4823,4,1,0,30,0.03333333333333333,0.0,1.0,30,750,500,250,0.6666666666666666,10,5,5,380.02051910601597,0.4043103448275862,0.008692604276200111,0.21903000828473995,130708.89698230996,3934.412576598431,134643.3095589084,2313,0,326.3333333333333,30,0,20,34.63979801962846,0.6416666666666666,44.35483870967741,1022.5806451612892,34.08602150537631,0
4824,4,0,1,29,0.0,0.03333333333333333,0.9666666666666667,30,900,500,400,0.5555555555555556,13,5,8,381.4088659966327,0.40411877394636014,0.007330530740935037,0.2206143075962285,130846.37674875699,3981.1936351023073,134827.5703838593,2314,1,327.3333333333333,30,0,20,34.4647705377474,0.6430555555555555,44.22043010752687,1023.1182795698917,34.10394265232972,0
4825,4,0,0,29,0.0,0.0,1.0,29,900,500,400,0.5555555555555556,13,5,8,396.2536596995056,0.3989634646962233,0.0073048755361588835,0.2286843221024418,130759.297839506,4562.770061728371,135322.06790123438,2315,2,339.51724137931035,29,0,20,34.173569617961256,0.6451149425287357,44.30555555555554,1022.7777777777765,35.26819923371643,0
4826,4,1,1,29,0.03333333333333333,0.03333333333333333,0.9666666666666667,30,750,600,150,0.8,9,6,3,387.2378848368128,0.40373563218390807,0.007863203008833919,0.2259974853159407,131190.39231414025,4160.37800612786,135350.77032026812,2316,0,329.1666666666667,30,0,22,33.96664261348728,0.6465277777777778,43.88440860215053,1024.462365591397,34.14874551971323,0
4827,4,0,0,29,0.0,0.0,1.0,29,950,800,150,0.8421052631578947,11,8,3,397.7580057744722,0.4025554187192118,0.016273393002440795,0.23167990004588937,131114.67013888896,4630.381944444451,135745.0520833334,2317,1,341.2413793103448,29,0,22,33.774071060482754,0.6487068965517242,43.958333333333336,1024.1666666666672,35.31609195402301,0
4828,4,0,0,29,0.0,0.0,1.0,29,900,600,300,0.6666666666666666,12,6,6,399.4668198793455,0.4027606732348112,0.017673874926943833,0.23289073490989481,131150.2338927467,4678.033371913559,135828.26726466027,2318,2,342.2413793103448,29,0,22,33.69420903954803,0.649066091954023,43.9236111111111,1024.3055555555538,35.32088122605358,0
4829,4,0,0,29,0.0,0.0,1.0,29,1000,900,100,0.9,11,9,2,400.55123475600664,0.40199096880131363,0.022433890130022727,0.2341732971497478,131256.95408950615,4715.027006172836,135971.981095679,2319,3,343.2413793103448,29,0,22,33.55810065961868,0.6501436781609196,43.81944444444444,1024.7222222222222,35.33524904214559,0
4830,4,1,1,29,0.03333333333333333,0.03333333333333333,0.9666666666666667,30,750,700,50,0.9333333333333333,8,7,1,385.3263510689763,0.40627394636015324,0.017050811943425837,0.2277362242076394,131672.7728639148,4147.397820557277,135820.17068447208,2320,0,332.76666666666665,30,0,20,33.527042954426385,0.6513888888888889,43.41397849462365,1026.3440860215046,34.21146953405015,0
4831,4,0,0,29,0.0,0.0,1.0,29,600,400,200,0.6666666666666666,8,4,4,413.4053048204161,0.40188834154351394,0.052848575712144186,0.2377080502717391,130617.28395061716,4999.575617283933,135616.8595679011,2321,5,345.2413793103448,29,0,19,33.87964221014494,0.6436781609195402,44.444444444444436,1022.2222222222211,35.24904214559383,8
4832,4,0,0,29,0.0,0.0,1.0,29,750,400,350,0.5333333333333333,11,4,7,414.14678827176385,0.4015291461412151,0.04946182165640911,0.2385718822579596,130688.28124999988,5024.826388888874,135713.10763888876,2322,6,346.2413793103448,29,0,20,33.78837272480305,0.6443965517241379,44.37499999999999,1022.4999999999991,35.25862068965514,0
4833,4,0,0,29,0.0,0.0,1.0,29,850,600,250,0.7058823529411765,11,6,5,414.5523784955818,0.4009133825944171,0.03930725640029764,0.24034905406246565,130936.92370756158,5056.042631172821,135992.9663387344,2323,7,347.2413793103448,29,0,20,33.52487334328493,0.6469109195402298,44.131944444444436,1023.472222222221,35.29214559386969,0
4834,4,0,1,28,0.0,0.034482758620689655,0.9655172413793104,29,650,400,250,0.6153846153846154,9,4,5,415.50068906148385,0.4007081280788178,0.03816865305816952,0.24156711985498872,131043.55709876535,5089.737654320975,136133.29475308632,2324,8,348.2413793103448,29,0,20,33.39211430638452,0.6479885057471264,44.02777777777777,1023.8888888888882,35.30651340996166,0
4835,4,0,0,28,0.0,0.0,1.0,28,650,400,250,0.6153846153846154,9,4,5,422.9052631578949,0.3943727954144621,0.06090726817042613,0.2455745721271395,130996.9762559453,5479.862143281812,136476.8383992271,2325,12,361.39285714285717,28,0,20,33.25000000000002,0.6506696428571428,44.07327586206897,1023.7068965517241,36.560960591133004,0
4836,4,0,0,28,0.0,0.0,1.0,28,800,700,100,0.875,9,7,2,425.5174845108577,0.39536485890652556,0.06466856421255174,0.24756433568235758,131070.52873976075,5554.560336570202,136625.08907633094,2326,13,362.39285714285717,28,0,20,33.10825031570086,0.6514136904761905,44.001436781609186,1023.9942528735622,36.571223316912935,0
4837,4,0,0,28,0.0,0.0,1.0,28,1300,1100,200,0.8461538461538461,15,11,4,427.86038704798784,0.3939594356261023,0.06825374569345377,0.25012297380543,131254.50026423557,5631.720256969197,136886.22052120476,2327,14,363.39285714285717,28,0,21,32.86099037203216,0.6532738095238095,43.82183908045976,1024.7126436781598,36.59688013136285,0
4838,4,0,0,28,0.0,0.0,1.0,28,650,500,150,0.7692307692307693,8,5,3,426.21383872645384,0.3935460758377425,0.0730153168485339,0.24987968277019257,131364.94510916213,5597.91150581316,136962.8566149753,2328,15,364.39285714285717,28,0,21,32.790819901892085,0.6543898809523809,43.7140804597701,1025.1436781609177,36.61227422003277,0
4839,4,0,0,28,0.0,0.0,1.0,28,1450,1200,250,0.8275862068965517,17,12,5,423.45997222418373,0.39208553791887124,0.06846738695478183,0.24946404304295974,131549.12306777647,5541.157600079272,137090.28066785575,2329,16,365.39285714285717,28,0,21,32.67419467787115,0.65625,43.53448275862069,1025.8620689655174,36.63793103448277,0
4840,4,0,0,28,0.0,0.0,1.0,28,1150,700,450,0.6086956521739131,16,7,9,424.93940051338734,0.39252645502645506,0.06784914413693821,0.2513052216281157,131696.55833003036,5592.611309287882,137289.16963931825,2330,17,366.39285714285717,28,0,19,32.48646883165362,0.6577380952380952,43.39080459770115,1026.4367816091951,36.65845648604268,0
4841,4,0,0,28,0.0,0.0,1.0,28,950,700,250,0.7368421052631579,12,7,5,427.26000079713253,0.3914517195767196,0.06881581839617934,0.253905382019842,131880.96852705107,5669.492543598885,137550.46107064997,2331,18,367.39285714285717,28,0,19,32.23964890194433,0.6595982142857143,43.21120689655172,1027.1551724137928,36.6841133004926,0
4842,4,0,0,28,0.0,0.0,1.0,28,700,500,200,0.7142857142857143,9,5,4,434.91527286269246,0.39109347442680775,0.08392092928469497,0.2271800344834184,126802.42807834591,5429.662521469154,132232.09059981507,2332,19,368.39285714285717,28,0,19,37.25303138373752,0.6078869047619048,48.20402298850575,1007.1839080459772,35.9708538587849,8
4843,4,1,0,29,0.034482758620689655,0.0,1.0,29,400,200,200,0.5,6,2,4,422.74791257698513,0.3994252873563218,0.07553049484349961,0.22221050669053846,127057.0047260803,4942.616705246922,131999.62143132722,2333,0,356.6551724137931,29,0,20,37.29608646737384,0.6073994252873562,47.95138888888889,1008.1944444444448,34.76532567049809,0
4844,4,1,1,29,0.03333333333333333,0.03333333333333333,0.9666666666666667,30,700,500,200,0.7142857142857143,9,5,4,410.7343686439665,0.4041666666666666,0.06602458264538602,0.21758144251489417,127372.26080246919,4463.237847222231,131835.4986496914,2334,0,345.73333333333335,29,1,17,37.27355072463769,0.610632183908046,47.63888888888889,1009.4444444444448,34.80842911877396,0
4845,4,1,1,29,0.03333333333333333,0.03333333333333333,0.9666666666666667,30,800,500,300,0.625,11,5,6,409.7582794417707,0.4040469348659004,0.08096758458604958,0.2182957467444217,127600.75451280494,4457.093124927739,132057.8476377327,2335,0,346.7,30,0,18,37.0626579752561,0.6100694444444444,47.41263440860215,1010.3494623655913,33.67831541218638,0
4846,4,0,0,29,0.0,0.0,1.0,29,300,100,200,0.3333333333333333,5,1,4,420.46888628627767,0.39624384236453203,0.08993027557747957,0.22312473016797357,127442.3707561728,4917.110339506171,132359.48109567896,2336,1,359.58620689655174,29,0,18,36.95552498853738,0.6113505747126438,47.56944444444444,1009.722222222222,34.81800766283524,0
4847,4,2,0,31,0.06451612903225806,0.0,1.0,31,300,100,200,0.3333333333333333,5,1,4,398.07463282366746,0.4042114695340502,0.07864823348694316,0.21390317406914916,127946.85363769533,3986.47935655382,131933.33299424915,2337,0,337.3225806451613,31,0,20,37.00182325182324,0.6108870967741935,47.0703125,1011.7187500000001,32.63608870967742,0
4848,4,3,2,32,0.08823529411764706,0.058823529411764705,0.9411764705882353,34,800,700,100,0.875,9,7,2,369.71394657205457,0.41263740344622696,0.08739779695662042,0.2037359833237492,128952.3260284506,2735.247263015576,131687.57329146616,2338,0,308.47058823529414,33,1,19,36.69059684684685,0.6161616161616161,46.07843137254902,1015.6862745098039,30.77837195484254,0
4849,4,0,0,32,0.0,0.0,1.0,32,1350,1000,350,0.7407407407407407,17,10,7,394.3059894248281,0.4057669690860215,0.09608237964921007,0.21637036511851138,128784.53290799403,3756.1025341801774,132540.6354421742,2339,1,328.6875,32,0,19,36.23792345648298,0.6168619791666667,46.243686868686865,1015.0252525252521,31.719539141414128,0
4850,4,1,0,33,0.030303030303030304,0.0,1.0,33,1050,900,150,0.8571428571428571,12,9,3,386.9927438860522,0.4099984217171717,0.10457029309488375,0.2146050670640834,129201.38888888882,3400.6735600958996,132602.0624489847,2340,0,319.6969696969697,32,1,20,35.997267759562845,0.62109375,45.83333333333333,1016.6666666666661,31.770833333333314,0
4851,4,1,0,34,0.029411764705882353,0.0,1.0,34,1000,700,300,0.7,13,7,6,377.401899753102,0.4140300059417707,0.09707156815542772,0.21128402851406805,129575.43372741248,2980.402970011525,132555.836697424,2341,0,311.2647058823529,33,1,18,35.859512919274586,0.6224747474747474,45.4656862745098,1018.1372549019604,30.852644087938195,0
4852,4,1,0,35,0.02857142857142857,0.0,1.0,35,750,600,150,0.8,9,6,3,368.71640887700227,0.41817226890756304,0.10017513134851175,0.20845254402848334,129958.94451530602,2583.599064625839,132542.54357993187,2342,0,303.34285714285716,34,1,19,35.690309398715705,0.6240808823529411,45.08928571428571,1019.6428571428564,29.989495798319307,0
4853,4,0,0,35,0.0,0.0,1.0,35,850,400,450,0.47058823529411764,13,4,9,368.71640887700227,0.41817226890756304,0.10017513134851175,0.20845254402848334,129958.94451530602,2583.599064625839,132542.54357993187,2343,1,304.34285714285716,34,1,19,35.690309398715705,0.6240808823529411,45.08928571428571,1019.6428571428564,29.989495798319307,0
4854,4,1,1,35,0.027777777777777776,0.027777777777777776,0.9722222222222222,36,1150,800,350,0.6956521739130435,15,8,7,359.6492698150746,0.4185185185185185,0.11307762045703029,0.20557729867207333,130387.71896626285,2179.478200593954,132567.19716685681,2344,0,296.8611111111111,33,3,20,35.48616110711146,0.6306818181818181,44.66911764705882,1021.3235294117637,30.94919786096254,0
4855,4,0,0,35,0.0,0.0,1.0,35,1200,900,300,0.75,15,9,6,373.4293689299018,0.41722689075630254,0.1199236964815602,0.21329779208368949,130359.27456381988,2735.9963269054006,133095.27089072528,2345,1,306.1714285714286,32,3,20,35.163204747774465,0.6328125,44.69696969696969,1021.2121212121201,31.912878787878753,0
4856,4,0,0,35,0.0,0.0,1.0,35,750,500,250,0.6666666666666666,10,5,5,375.61432063157037,0.4167717086834734,0.12603629687169038,0.21525999168205867,130488.2473727171,2802.6508774614886,133290.89825017858,2346,2,307.1714285714286,32,3,17,34.97641703740321,0.6341145833333333,44.57070707070707,1021.7171717171719,31.928661616161623,0
4857,4,0,0,35,0.0,0.0,1.0,35,650,200,450,0.3076923076923077,11,2,9,375.61432063157037,0.4167717086834734,0.12603629687169038,0.21525999168205867,130488.2473727171,2802.6508774614886,133290.89825017858,2347,3,308.1714285714286,32,3,17,34.97641703740321,0.6341145833333333,44.57070707070707,1021.7171717171719,31.928661616161623,0
4858,4,0,0,35,0.0,0.0,1.0,35,1000,700,300,0.7,13,7,6,375.30275283553874,0.41663165266106444,0.13400621118012412,0.2157990828804348,130617.28395061727,2804.205246913578,133421.48919753084,2348,4,309.1714285714286,32,3,17,34.8533740942029,0.6354166666666667,44.44444444444444,1022.2222222222222,31.944444444444443,0
4859,4,1,0,36,0.027777777777777776,0.0,1.0,36,850,700,150,0.8235294117647058,10,7,3,369.62547322877214,0.41865079365079366,0.1440245478036175,0.21478236957888114,131023.24263038547,2485.905612244891,133509.14824263036,2349,0,301.55555555555554,34,2,18,34.58696705426355,0.6348039215686274,44.047619047619044,1023.8095238095236,30.112044817927167,0
4860,4,0,0,36,0.0,0.0,1.0,36,950,800,150,0.8421052631578947,11,8,3,371.07705630342383,0.41770833333333335,0.1451722267426092,0.21613919535398485,131114.67013888896,2530.729166666673,133645.39930555565,2350,1,302.55555555555554,34,2,19,34.45721453756441,0.6357230392156863,43.958333333333336,1024.1666666666672,30.12254901960786,0
4861,4,0,1,35,0.0,0.027777777777777776,0.9722222222222222,36,1300,1100,200,0.8461538461538461,15,11,4,372.9876114214098,0.4175429894179894,0.15173671637936592,0.21759717940889706,131175.63952664405,2585.3776927437693,133761.0172193878,2351,2,303.55555555555554,34,2,19,34.34655239202014,0.6363357843137255,43.898809523809526,1024.4047619047624,30.129551820728306,0
4862,4,0,0,35,0.0,0.0,1.0,35,900,500,400,0.5555555555555556,13,5,8,383.1532233308425,0.41330532212885157,0.16080274876493594,0.22313668901573888,131108.39468293457,3046.9208056997404,134155.3154886343,2352,3,312.9428571428571,33,2,19,34.15437657053967,0.6379419191919191,43.96446078431373,1024.1421568627459,31.034610814022603,0
4863,4,1,0,36,0.027777777777777776,0.0,1.0,36,1250,800,450,0.64,17,8,9,353.8631783713265,0.41688161375661376,0.0994501327265831,0.19711389973916082,129377.95380015417,1956.4187885802294,131334.3725887344,2353,0,305.22222222222223,35,1,19,36.659556313993164,0.6160714285714286,45.659722222222214,1017.36111111111,29.067460317460284,8
4864,4,0,1,35,0.0,0.027777777777777776,0.9722222222222222,36,850,700,150,0.8235294117647058,10,7,3,393.64566085538263,0.4166666666666667,0.08503108185759833,0.21304944545531762,128234.9489795918,2930.669032659357,131165.61801225116,2354,1,306.22222222222223,34,2,16,36.818043801911934,0.6066176470588236,46.785714285714285,1012.8571428571425,29.789915966386545,8
4865,4,2,0,37,0.05405405405405406,0.0,1.0,37,950,600,350,0.631578947368421,13,6,7,396.29973981879965,0.42104604604604606,0.0835634396005911,0.20984396059257757,127354.736328125,2697.757892219387,130052.4942203444,2355,0,298.86486486486484,35,2,15,37.65587375300998,0.5955357142857143,47.65625,1009.375,28.839285714285715,8
4866,4,0,0,37,0.0,0.0,1.0,37,1100,800,300,0.7272727272727273,14,8,6,398.1566532238116,0.4202327327327327,0.08490756031739677,0.2111319444420247,127413.15593117704,2746.07914844821,130159.23507962524,2356,1,299.86486486486484,35,2,15,37.548841186136286,0.5961309523809524,47.598379629629626,1009.6064814814807,28.84589947089945,0
4867,4,2,0,39,0.05128205128205128,0.0,1.0,39,1100,700,400,0.6363636363636364,15,7,8,386.02825227000346,0.42335807467386416,0.10195307292361044,0.2081666369717684,128089.0273930441,2089.1966759002885,130178.22406894439,2357,0,285.43589743589746,37,2,17,37.16060080878105,0.5990990990990991,46.929824561403514,1012.2807017543867,27.35893788525369,0
4868,4,0,0,39,0.0,0.0,1.0,39,1150,800,350,0.6956521739130435,15,8,7,386.45606647631115,0.4230769230769231,0.1048730776357234,0.20928189752886328,128258.5768834713,2113.2730457772996,130371.8499292486,2358,1,286.43589743589746,36,3,17,36.97586622197517,0.6027199074074074,46.762387387387385,1012.9504504504503,28.137512512512508,0
4869,4,0,1,38,0.0,0.02564102564102564,0.9743589743589743,39,1350,1100,250,0.8148148148148148,16,11,5,387.2977777777779,0.42226158344579395,0.10243304843304868,0.210487922705314,128401.20525931324,2145.900292184061,130547.1055514973,2359,2,287.43589743589746,36,3,16,36.80833333333333,0.6041666666666667,46.621621621621614,1013.5135135135125,28.153153153153127,0
4870,4,1,1,38,0.02564102564102564,0.02564102564102564,0.9743589743589743,39,1450,1000,450,0.6896551724137931,19,10,9,389.7033082486655,0.4218679712100765,0.10513617171406797,0.21362568211295452,128743.83674214753,2234.379819008195,130978.21656115573,2360,0,287.9230769230769,36,3,17,36.39637890220446,0.6076388888888888,46.28378378378378,1014.8648648648647,28.190690690690687,0
4871,4,0,0,38,0.0,0.0,1.0,38,1000,800,200,0.8,12,8,4,395.7531368213545,0.4221046704599336,0.09157702650787569,0.21687271897810217,128731.13854595336,2589.1503772290835,131320.28892318244,2361,1,277.5263157894737,35,3,17,36.255892639902676,0.6095238095238096,46.2962962962963,1014.8148148148149,28.994708994708997,0
4872,4,0,0,38,0.0,0.0,1.0,38,1150,800,350,0.6956521739130435,15,8,7,394.8098635169517,0.4217786865813182,0.08527659625525663,0.21715780141907334,128877.99968117719,2576.4610928926695,131454.46077406986,2362,2,278.5263157894737,35,3,17,36.12943595881302,0.6110119047619047,46.151620370370374,1015.393518518519,29.0112433862434,0
4873,4,0,1,37,0.0,0.02631578947368421,0.9736842105263158,38,1300,1000,300,0.7692307692307693,16,10,6,394.97395075335135,0.42105263157894735,0.08330035615354148,0.21805543017062384,129024.94454089511,2592.298418209889,131617.242959105,2363,3,279.5263157894737,35,3,17,35.97488038277513,0.6125,46.00694444444445,1015.9722222222227,29.027777777777793,0
4874,4,0,1,36,0.0,0.02702702702702703,0.972972972972973,37,1250,800,450,0.64,17,8,9,408.34853673817787,0.4181994494494494,0.0856262332882507,0.22523840103341142,128989.67013888899,3134.548611111122,132124.21875000012,2364,4,287.86486486486484,34,3,18,35.67131528575334,0.6142769607843137,46.04166666666667,1015.8333333333343,29.877450980392183,0
4875,4,0,0,36,0.0,0.0,1.0,36,1350,1100,250,0.8148148148148148,16,11,5,413.465237696631,0.41550925925925924,0.1013420285327502,0.22858414954523604,129080.3854875284,3474.050453514748,132554.43594104314,2365,5,296.05555555555554,34,2,18,35.44839503280224,0.6151960784313726,45.952380952380956,1016.1904761904767,29.887955182072844,0
4876,4,1,0,37,0.02702702702702703,0.0,1.0,37,1250,700,550,0.56,18,7,11,404.19881736579345,0.41832457457457456,0.11756821819412089,0.22628596864386882,129575.43372741257,3074.9607931407913,132650.39452055335,2366,0,289.02702702702703,33,4,16,35.177439415824104,0.6224747474747474,45.46568627450981,1018.1372549019611,30.852644087938216,0
4877,4,1,1,37,0.02631578947368421,0.02631578947368421,0.9736842105263158,38,1150,1000,150,0.8695652173913043,13,10,3,395.73709195840235,0.42194167852062586,0.12877619132497853,0.22338145803822018,129898.25857426306,2681.1118197278943,132579.37039399095,2367,0,282.39473684210526,34,4,18,35.06340262369108,0.623468137254902,45.148809523809526,1019.404761904762,29.982492997198882,0
4878,4,0,1,36,0.0,0.02702702702702703,0.972972972972973,37,1150,800,350,0.6956521739130435,15,8,7,401.7042743016729,0.42107732732732733,0.13702270608148726,0.22686882945795078,129918.7831152681,3037.786097895034,132956.56921316314,2368,1,290.2432432432432,33,4,18,34.89038646471932,0.6259469696969697,45.12867647058823,1019.4852941176465,30.893493761140803,0
4879,4,0,1,35,0.0,0.027777777777777776,0.9722222222222222,36,1550,1100,450,0.7096774193548387,20,11,9,407.2678334102238,0.4200892857142857,0.12396998335465592,0.2305187309358357,130004.92814827565,3389.3650839200027,133394.29323219566,2369,2,272.94444444444446,32,4,18,34.66066196194958,0.6292317708333333,45.04419191919192,1019.823232323232,31.869476010101,0
4880,4,0,0,35,0.0,0.0,1.0,35,1250,900,350,0.72,16,9,7,412.57560218156016,0.4165966386554622,0.1257638213180008,0.2331384176078447,129940.5533395828,3722.060408376709,133662.6137479595,2370,3,281.48571428571427,32,3,18,34.591073271413826,0.6285807291666667,45.10732323232324,1019.5707070707078,31.86158459595962,0
4881,4,0,0,35,0.0,0.0,1.0,35,1550,1000,550,0.6451612903225806,21,10,11,417.32326334967377,0.41579131652661067,0.13226077560331406,0.2375861558741919,130231.3131517924,3869.711318963841,134101.02447075624,2371,4,282.48571428571427,33,2,18,34.17314503541842,0.6291035353535354,44.82230392156862,1020.710784313724,30.93062982768861,0
4882,4,1,0,36,0.027777777777777776,0.0,1.0,36,1200,900,300,0.75,15,9,6,410.5721819657929,0.41762566137566143,0.13848417500102905,0.2366707545723101,130714.10323245075,3533.522424700942,134247.6256571517,2372,0,275.6111111111111,32,4,19,33.853459274807584,0.6363932291666667,44.349747474747474,1022.6010101010099,31.95628156565656,0
4883,4,0,0,36,0.0,0.0,1.0,36,800,500,300,0.625,11,5,6,412.00548696845027,0.4177248677248677,0.14176954732510305,0.23769547325102877,130746.38429752056,3573.64554637281,134320.02984389337,2373,1,276.6111111111111,32,4,19,33.78395061728395,0.63671875,44.31818181818181,1022.727272727272,31.96022727272725,0
4884,4,0,0,36,0.0,0.0,1.0,36,550,300,250,0.5454545454545454,8,3,5,413.42771006964125,0.41790674603174605,0.140754227873102,0.23871545825190046,130778.66934815321,3613.5051589123514,134392.17450706556,2374,2,277.6111111111111,32,4,19,33.71471629016993,0.6370442708333333,44.28661616161616,1022.8535353535351,31.964172979797972,0
4885,4,0,0,36,0.0,0.0,1.0,36,650,300,350,0.46153846153846156,10,3,7,412.51627530277517,0.4178406084656085,0.13815518801941895,0.23838850659793762,130810.95838434855,3592.3298642995624,134403.2882486481,2375,3,278.6111111111111,32,4,19,33.705155105735194,0.6373697916666667,44.255050505050505,1022.9797979797981,31.968118686868692,0
4886,4,0,0,36,0.0,0.0,1.0,36,1250,900,350,0.72,16,9,7,392.86755756416704,0.41731150793650795,0.14416166256935226,0.2136362635511656,128423.8652951991,2891.734362345512,131315.5996575446,2376,4,279.6111111111111,33,3,17,36.643971909885956,0.6107954545454546,46.59926470588236,1013.6029411764717,30.715240641711265,8
4887,4,0,0,36,0.0,0.0,1.0,36,1250,900,350,0.72,16,9,7,393.18998548753655,0.4167493386243386,0.13838536421618008,0.2144790461377301,128548.11137843627,2908.766009467526,131456.8773879038,2377,5,280.6111111111111,33,3,17,36.50843403826788,0.6120580808080809,46.47671568627452,1014.0931372549028,30.73009506833039,0
4888,4,0,0,36,0.0,0.0,1.0,36,1300,1000,300,0.7692307692307693,16,10,6,385.43829409592934,0.4167989417989418,0.13011484075236823,0.2114039703114231,128765.6865748752,2726.245314302212,131491.93188917742,2378,6,281.6111111111111,33,3,18,36.48223054012719,0.6142676767676767,46.262254901960794,1014.9509803921582,30.756090314913884,0
4889,4,0,0,36,0.0,0.0,1.0,36,850,600,250,0.7058823529411765,11,6,5,385.7354126481885,0.4167989417989418,0.12951338591126138,0.21189868424254613,128827.88470780484,2738.6954536716826,131566.58016147654,2379,7,282.6111111111111,33,3,18,36.411053436343146,0.6148989898989898,46.20098039215687,1015.1960784313738,30.76351752822345,0
4890,4,1,0,37,0.02702702702702703,0.0,1.0,37,1300,1100,200,0.8461538461538461,15,11,4,381.0293704967738,0.42004504504504503,0.13361939389336608,0.21146015941604623,129231.64859693906,2448.2107426304196,131679.8593395695,2380,0,275.94594594594594,34,3,19,36.11794091246146,0.6167279411764706,45.803571428571445,1016.7857142857166,29.90546218487402,0
4891,4,1,0,38,0.02631578947368421,0.0,1.0,38,850,500,350,0.5882352941176471,12,5,7,379.86136441277034,0.42167496443812236,0.1539388466621614,0.213347789929598,129701.9692670828,2253.7534025634845,131955.7226696463,2381,0,269.6578947368421,35,3,18,35.667940196189846,0.6193452380952381,45.341435185185205,1018.6342592592619,29.103835978836052,0
4892,4,0,1,37,0.0,0.02631578947368421,0.9736842105263158,38,1100,900,200,0.8181818181818182,13,9,4,379.8281463767818,0.42167496443812236,0.15054975277566895,0.21365029856580292,129760.92470689752,2257.3703007116264,132018.29500760915,2382,1,270.6578947368421,35,3,18,35.60871767200577,0.6199404761904762,45.28356481481483,1018.8657407407427,29.11044973544979,0
4893,4,0,1,36,0.0,0.02702702702702703,0.972972972972973,37,950,900,50,0.9473684210526315,10,9,1,383.29804396384606,0.4201388888888889,0.13559921327705426,0.2160246579575043,129837.58680555575,2553.298611111132,132390.8854166669,2383,2,263.4594594594595,34,3,18,35.442218588171166,0.6228553921568627,45.20833333333334,1019.1666666666682,29.97549019607848,0
4894,4,0,0,36,0.0,0.0,1.0,36,1100,700,400,0.6363636363636364,15,7,8,392.9923134471548,0.4174933862433863,0.13725356591260063,0.22148829462943365,129837.58680555575,3005.034722222242,132842.62152777798,2384,3,271.05555555555554,34,2,19,35.19521668029436,0.6228553921568627,45.20833333333334,1019.1666666666682,29.97549019607848,0
4895,4,0,0,36,0.0,0.0,1.0,36,1350,700,650,0.5185185185185185,20,7,13,410.2087380300722,0.4169808201058201,0.24861441840386567,0.2146265915240621,126869.31060924908,3209.968848841956,130079.27945809104,2385,4,272.05555555555554,32,4,18,37.8060116138196,0.5973307291666667,48.13762626262626,1007.4494949494951,31.482796717171723,8
4896,4,3,1,38,0.07692307692307693,0.02564102564102564,0.9743589743589743,39,800,500,300,0.625,11,5,6,383.8288742123866,0.4276315789473684,0.23521383625010572,0.20525659948435684,127753.08956916098,2007.2602018692337,129760.3497710302,2386,0,252.05128205128204,34,5,19,37.56108690532265,0.6017156862745099,47.26190476190476,1010.9523809523807,29.733893557422963,0
4897,4,2,0,40,0.05,0.0,1.0,40,1200,900,300,0.75,15,9,6,381.03878088990695,0.42891292735042735,0.25807943416757384,0.2072039287797778,128423.86529519896,1788.0921762087225,130211.95747140769,2387,0,246.7,33,7,17,36.9437139805747,0.6107954545454546,46.599264705882355,1013.6029411764706,30.71524064171123,0
4898,4,0,0,40,0.0,0.0,1.0,40,1450,1100,350,0.7586206896551724,18,11,7,383.98097616010955,0.42833867521367525,0.2618118323746923,0.2095537434918623,128566.75347222213,1873.4374999999886,130440.19097222212,2388,1,247.7,34,6,17,36.72281566694057,0.6099877450980392,46.45833333333333,1014.1666666666658,29.828431372548994,0
4899,4,0,0,40,0.0,0.0,1.0,40,900,600,300,0.6666666666666666,12,6,6,385.4242935883136,0.4274839743589744,0.265560835386601,0.21098081273302477,128687.51594387746,1919.8589852607583,130607.37492913821,2389,2,248.7,34,6,18,36.562585552817865,0.6112132352941176,46.33928571428571,1014.6428571428564,29.842436974789894,0
4900,4,0,1,39,0.0,0.025,0.975,40,1200,700,500,0.5833333333333334,17,7,10,383.4518349551475,0.42715010683760685,0.26621510673234816,0.21038033106998616,128778.12499999988,1876.0416666666517,130654.16666666654,2390,3,249.7,34,6,18,36.519909688013136,0.6121323529411764,46.24999999999999,1014.9999999999991,29.852941176470562,0
4901,4,0,0,39,0.0,0.0,1.0,39,1400,900,500,0.6428571428571429,19,9,10,392.1818478844316,0.4244545659019343,0.2764399851356376,0.21476625003195043,128703.50346020744,2295.0355632448845,130998.53902345232,2391,4,257.0,33,6,18,36.37479871175523,0.6136363636363636,46.323529411764696,1014.7058823529399,30.748663101604237,0
4902,4,0,0,39,0.0,0.0,1.0,39,950,600,350,0.631578947368421,13,6,7,389.40194647129005,0.4237235717498875,0.27634692815882,0.2138074950135665,128808.33510487516,2231.64328231291,131039.97838718808,2392,5,258.0,34,5,18,36.33800476916463,0.6124387254901961,46.22023809523809,1015.1190476190466,29.85644257703078,0
4903,4,1,0,40,0.025,0.0,1.0,40,1250,900,350,0.72,16,9,7,385.3237865678184,0.42520032051282053,0.28475653850789473,0.2138482580035577,129232.53864198856,1960.4717898188571,131193.01043180743,2393,0,252.525,33,7,19,36.00786931019244,0.6190025252525253,45.80269607843137,1016.7892156862738,30.81179441473557,0
4904,4,0,0,40,0.0,0.0,1.0,40,850,400,450,0.47058823529411764,13,4,9,383.64545644610547,0.42493322649572646,0.28447216196673963,0.21308500653211382,129263.69214965386,1918.2856353325515,131181.9777849864,2394,1,253.525,33,7,19,36.018719370129354,0.6193181818181819,45.772058823529406,1016.9117647058813,30.815508021390343,0
4905,4,1,0,41,0.024390243902439025,0.0,1.0,41,1400,1100,300,0.7857142857142857,17,11,6,379.2142386094199,0.4275914634146341,0.24993754368433319,0.19624732098137274,126421.84452428405,1429.5830336170206,127851.42755790107,2395,0,248.3170731707317,35,6,16,39.04805405301724,0.5860119047619048,48.582175925925924,1005.6712962962957,28.733465608465593,8
4906,4,2,0,43,0.046511627906976744,0.0,1.0,43,1350,900,450,0.6666666666666666,18,9,9,364.0461717095824,0.43094776670358065,0.2627330386315583,0.19151994250808482,127092.01388888899,655.2438325188699,127747.25772140786,2396,0,237.72093023255815,36,7,18,38.73966942148759,0.5908564814814814,47.91666666666667,1008.3333333333343,28.009259259259284,0
4907,4,0,0,43,0.0,0.0,1.0,43,1150,800,350,0.6956521739130435,15,8,7,365.3780580243518,0.4307862679955703,0.2652379478531868,0.19277452504480927,127208.74592764053,695.856910150886,127904.60283779142,2397,1,238.72093023255815,35,8,19,38.58612513385344,0.594047619047619,47.800925925925924,1008.7962962962957,28.822751322751305,0
4908,4,1,0,44,0.022727272727272728,0.0,1.0,44,1450,1000,450,0.6896551724137931,19,10,9,363.6620742616327,0.43304043340380555,0.2882164637234843,0.1940251756494584,127660.40322417009,485.0494075156213,128145.45263168571,2398,0,234.27272727272728,36,8,18,38.16581234677958,0.5966435185185186,47.3536036036036,1010.5855855855854,28.071821821821814,0
4909,4,0,1,43,0.0,0.022727272727272728,0.9772727272727273,44,950,600,350,0.631578947368421,13,6,7,363.7559636153927,0.432864252995067,0.2896866391184576,0.19434961484593835,127717.3119065011,491.5867725833952,128208.8986790845,2399,1,235.27272727272728,36,8,18,38.10508578431372,0.5972222222222222,47.2972972972973,1010.8108108108108,28.07807807807808,0
4910,4,1,0,44,0.022727272727272728,0.0,1.0,44,1350,900,450,0.6666666666666666,18,9,9,370.80221012769357,0.4326550387596899,0.27591219585630644,0.19282513209116137,126619.79709201398,615.292860956404,127235.08995297037,2400,0,235.95454545454547,39,5,16,39.05549230663078,0.5806623931623931,48.38541666666667,1006.4583333333342,25.806623931623953,8
4911,4,4,2,46,0.08333333333333333,0.041666666666666664,0.9583333333333334,48,900,600,300,0.6666666666666666,12,6,6,346.1620284287458,0.4394669769503546,0.2814536063909898,0.18403527997039487,127517.50996984445,-769.8982052311653,126747.61176461329,2401,0,217.20833333333334,41,7,14,38.75427675735847,0.5866361788617886,47.495039682539684,1010.0198412698415,24.634630274874183,0
4912,4,1,1,46,0.02127659574468085,0.02127659574468085,0.9787234042553191,47,1550,1200,350,0.7741935483870968,19,12,7,354.1475024160716,0.43987049028677155,0.2944636315168543,0.18808999099457532,127476.57773357464,-370.8976758212633,127105.68005775337,2402,0,222.80851063829786,40,7,15,38.594604340679616,0.5877604166666667,47.53556910569106,1009.8577235772361,25.246443089430905,0
4913,4,1,0,47,0.02127659574468085,0.0,1.0,47,1400,1000,400,0.7142857142857143,18,10,8,347.70652403986566,0.4433202281837805,0.29053385596032766,0.18635753449329084,127843.36911848077,-509.6053004535067,127333.76381802726,2403,0,218.36170212765958,41,6,16,38.38164606631354,0.5899390243902439,47.17261904761905,1011.3095238095241,24.66608594657376,0
4914,4,1,2,46,0.020833333333333332,0.041666666666666664,0.9583333333333334,48,1000,800,200,0.8,12,8,4,343.8308197882225,0.4430500147754137,0.28893262818672083,0.18544143388371498,128095.48071217164,-791.3651711135233,127304.11554105813,2404,0,214.79166666666666,42,6,17,38.22189783350882,0.5910218253968254,46.9234496124031,1012.3062015503867,24.102528608342542,0
4915,4,2,0,48,0.041666666666666664,0.0,1.0,48,1100,600,500,0.5454545454545454,16,6,10,333.3870553957479,0.4447030141843971,0.29796113505027244,0.18189553995594152,128556.44710696355,-1028.1701504544988,127528.27695650904,2405,0,214.10416666666666,40,8,17,38.01608377592948,0.5986979166666666,46.46849593495936,1014.1260162601634,25.353150406504085,0
4916,4,1,1,48,0.02040816326530612,0.02040816326530612,0.9795918367346939,49,800,400,400,0.5,12,4,8,329.02692920567927,0.44667658730158727,0.3010358613401396,0.18095597100591757,128873.80248685108,-1319.409702538438,127554.39278431264,2406,0,210.71428571428572,41,8,18,37.80359469141834,0.6003556910569106,46.15575396825396,1015.3769841269831,24.765292295780075,0
4917,4,0,1,47,0.0,0.020833333333333332,0.9791666666666666,48,1650,1100,550,0.6666666666666666,22,11,11,338.45691229244267,0.44638371749408984,0.31397777234978164,0.18614220834568193,128873.80248685085,-876.3541469828965,127997.44833986796,2407,1,216.0625,41,7,18,37.564219996743226,0.6003556910569106,46.155753968253954,1015.3769841269811,24.76529229578003,0
4918,4,1,1,47,0.020833333333333332,0.020833333333333332,0.9791666666666666,48,1850,1600,250,0.8648648648648649,21,16,5,338.8490195846788,0.44729794621749414,0.31641245630759496,0.18767297864008875,129152.13647767558,-847.3850354546039,128304.75144222098,2408,0,216.89583333333334,42,6,19,37.271012074992065,0.6016865079365079,45.88178294573643,1016.4728682170539,24.201734957548904,0
4919,4,0,0,47,0.0,0.0,1.0,47,1400,1000,400,0.7142857142857143,18,10,8,382.30409227727193,0.4463845205057046,0.3548090885271913,0.19784635245963159,126421.84452428408,294.0306934803399,126715.87521776442,2409,1,222.2340425531915,35,12,17,38.97036962442933,0.5860119047619048,48.582175925925924,1005.671296296296,28.7334656084656,8
4920,4,3,1,49,0.06,0.02,0.98,50,1300,900,400,0.6923076923076923,17,9,8,362.96436543367327,0.45154761904761903,0.3568973214285709,0.19175475909703493,127262.39753266778,-758.1137066041953,126504.28382606358,2410,0,209.84,36,14,20,38.59188988095237,0.5925925925925926,47.747747747747745,1009.0090090090088,28.02802802802802,0
4921,4,1,2,48,0.02,0.04,0.96,50,1150,800,350,0.6956521739130435,15,8,7,361.4495001371691,0.45125,0.36092437863564264,0.19231879706229216,127550.2698905142,-779.4037411425309,126770.86614937166,2411,0,210.72,38,12,18,38.33465538515776,0.5918311403508771,47.462606837606835,1010.1495726495721,26.58288349077821,0
4922,4,1,2,47,0.02040816326530612,0.04081632653061224,0.9591836734693877,49,1500,800,700,0.5333333333333333,22,8,14,362.2192077286646,0.44965277777777773,0.3614365310652321,0.19350400476120236,127712.20419908308,-548.0373155453473,127164.16688353773,2412,0,210.26530612244898,38,11,19,38.14915618504034,0.5934758771929824,47.30235042735042,1010.7905982905971,26.59975258659466,0
4923,4,2,0,49,0.04081632653061224,0.0,1.0,49,1150,700,450,0.6086956521739131,16,7,9,361.772137113031,0.4508574263038549,0.35708361250126575,0.19483044086820578,128036.38100162527,-536.0009633647587,127500.38003826051,2413,0,207.79591836734693,38,11,21,37.828345473098985,0.596765350877193,46.9818376068376,1012.0726495726485,26.633490778227593,0
4924,4,1,0,50,0.02,0.0,1.0,50,1050,700,350,0.6666666666666666,14,7,7,355.4037478819155,0.4528146258503401,0.3531261425959784,0.19248103969446298,128261.745541838,-882.8763565230961,127378.8691853149,2414,0,204.62,35,15,22,37.758988421694085,0.6047619047619048,46.75925925925925,1012.9629629629618,28.941798941798908,0
4925,4,1,1,50,0.0196078431372549,0.0196078431372549,0.9803921568627451,51,1200,800,400,0.6666666666666666,16,8,8,352.3429692903312,0.4534967320261438,0.3611027725933944,0.1934238444082247,128800.98637488857,-1123.5756026296408,127677.41077225893,2415,0,201.58823529411765,36,15,17,37.28598106648916,0.6082175925925926,46.227477477477485,1015.0900900900915,28.196946946946987,0
4926,4,0,2,48,0.0,0.04,0.96,50,1550,1100,450,0.7096774193548387,20,11,9,364.8285922138624,0.45085884353741496,0.3742058562555468,0.20056674313415718,128858.1486892295,-597.7726036847902,128260.37608554472,2416,1,206.6,36,14,18,36.910769742679705,0.6087962962962963,46.17117117117116,1015.3153153153131,28.20320320320314,0
4927,4,0,0,48,0.0,0.0,1.0,48,1100,800,300,0.7272727272727273,14,8,6,374.4549840472651,0.45074246453900707,0.3787267839687196,0.20528802180083158,128747.9184382085,42.05994897957709,128789.97838718806,2417,2,214.75,34,14,19,36.77908113391984,0.6118259803921569,46.2797619047619,1014.8809523809514,29.849439775910334,0
4928,4,1,2,47,0.02040816326530612,0.04081632653061224,0.9591836734693877,49,1050,600,450,0.5714285714285714,15,6,9,367.9321889520777,0.4513003117913832,0.38249345045461536,0.2037473949573333,129145.65659626029,-296.63117497693133,128849.02542128335,2418,0,211.3469387755102,37,12,20,36.53856526429341,0.6097972972972974,45.888157894736835,1016.4473684210518,27.471550497866264,0
4929,4,0,0,47,0.0,0.0,1.0,47,1800,1300,500,0.7222222222222222,23,13,10,383.8730611403919,0.4481575701510947,0.3931298265004872,0.2119269013012808,129024.94454089527,505.84008487656945,129530.78462577185,2419,1,221.0,35,12,20,36.256835269993175,0.6125,46.00694444444446,1015.972222222224,29.02777777777783,0
4930,4,2,1,48,0.04081632653061224,0.02040816326530612,0.9795918367346939,49,1500,700,800,0.4666666666666667,23,7,16,364.75570969431146,0.4510168650793651,0.37925070671167393,0.20462197353671044,129655.65653344677,-341.11010723733085,129314.54642620945,2420,0,212.9387755102041,34,15,19,36.09974673680109,0.6210171568627452,45.386904761904766,1018.4523809523814,29.9544817927171,0
4931,4,1,1,48,0.02040816326530612,0.02040816326530612,0.9795918367346939,49,1650,900,750,0.5454545454545454,24,9,15,364.74891322993244,0.45043225623582767,0.3817559736297964,0.20532285371332032,129790.40745027458,-331.8179869684286,129458.58946330615,2421,0,213.91836734693877,35,14,20,35.962819930334696,0.6202380952380953,45.25462962962964,1018.9814814814833,29.113756613756667,0
4932,4,0,0,48,0.0,0.0,1.0,48,1550,1000,550,0.6451612903225806,21,10,11,365.05158079316016,0.4508625147754137,0.3757614453272795,0.206425187855439,129967.37423911181,-111.04091649519773,129856.33332261661,2422,1,216.08333333333334,35,13,20,35.77516080211881,0.6220238095238095,45.08101851851852,1019.6759259259261,29.13359788359789,0
4933,4,0,0,48,0.0,0.0,1.0,48,1700,1300,400,0.7647058823529411,21,13,8,366.17180533017535,0.45014221335697396,0.37476545253863125,0.20786444588291933,130118.92804967146,-70.82344168490795,130048.10460798656,2423,2,217.08333333333334,36,12,20,35.592577262693176,0.6215277777777778,44.93243243243244,1020.2702702702717,28.34084084084088,0
4934,4,1,1,48,0.02040816326530612,0.02040816326530612,0.9795918367346939,49,1550,1000,550,0.6451612903225806,21,10,11,358.6191421012851,0.4496350623582766,0.37657920310981563,0.20539096320346314,130463.84222059889,-442.5545055190424,130021.28771507984,2424,0,213.6326530612245,36,13,21,35.435267857142854,0.625,44.59459459459459,1021.6216216216209,28.378378378378358,0
4935,4,0,2,46,0.0,0.041666666666666664,0.9583333333333334,48,1250,900,350,0.72,16,9,7,365.1995012366339,0.4491910460992908,0.3813085524327593,0.20871246106943375,130380.76560356648,-77.00188614540849,130303.76371742107,2425,1,218.70833333333334,35,13,22,35.3515034753702,0.6261904761904762,44.675925925925924,1021.296296296296,29.17989417989417,0
4936,4,0,2,44,0.0,0.043478260869565216,0.9565217391304348,46,700,500,200,0.7142857142857143,9,5,4,344.7507378394358,0.44813808373590985,0.22557106740445754,0.1900319075563788,128963.2175021702,-307.96712239582797,128655.25037977437,2426,2,204.93478260869566,39,7,17,37.31337384199911,0.6044337606837606,46.067708333333336,1015.7291666666672,26.04433760683762,8
4937,4,2,1,45,0.043478260869565216,0.021739130434782608,0.9782608695652174,46,1350,700,650,0.5185185185185185,20,7,13,351.45082024747296,0.4489935587761675,0.2715277468737485,0.19620997221816064,129466.28146701395,-98.91493055554565,129367.3665364584,2427,0,205.65217391304347,35,11,15,36.631055953599464,0.6169642857142856,45.57291666666667,1017.7083333333338,29.077380952380967,0
4938,4,0,0,45,0.0,0.0,1.0,45,1650,1300,350,0.7878787878787878,20,13,7,354.2011621014277,0.44837962962962963,0.26465607295161564,0.19828685489529474,129573.7476285408,179.0343975732631,129752.78202611407,2428,1,209.62222222222223,36,9,15,36.45176602883163,0.6160300925925926,45.46734234234235,1018.1306306306315,28.28140640640643,0
4939,4,0,0,45,0.0,0.0,1.0,45,1050,800,250,0.7619047619047619,13,8,5,357.22584197777616,0.44772727272727275,0.26759428605582425,0.20135926022943793,129843.17440222004,276.6674601800655,130119.8418624001,2429,2,210.62222222222223,37,8,15,36.1008382642998,0.6168355855855856,45.202850877192986,1019.1885964912291,27.545637743006193,0
4940,4,0,1,44,0.0,0.022222222222222223,0.9777777777777777,45,1550,1100,450,0.7096774193548387,20,11,9,358.5464201969613,0.4473905723905724,0.26726862302483045,0.2032637018337804,130066.77685682158,326.99544571409086,130393.77230253567,2430,3,211.62222222222223,37,8,17,35.84002920204952,0.6190878378378378,44.98355263157896,1020.0657894736862,27.569345661450978,0
4941,4,1,0,45,0.022222222222222223,0.0,1.0,45,900,600,300,0.6666666666666666,12,6,6,358.76190192345206,0.4467171717171717,0.27566853233830924,0.20457061641592558,130292.97052154176,349.2726249952707,130642.24314653703,2431,0,212.46666666666667,34,11,20,35.60493431281096,0.6274509803921569,44.76190476190475,1020.9523809523795,30.02801120448175,0
4942,4,0,0,45,0.0,0.0,1.0,45,1550,1400,150,0.9032258064516129,17,14,3,358.2476073473025,0.4468644781144781,0.2846699894275795,0.2053642777702586,130498.99798525362,350.19075788749853,130849.18874314112,2432,1,213.46666666666667,35,10,18,35.40911493732065,0.6273809523809524,44.560185185185176,1021.759259259258,29.193121693121658,0
4943,4,0,0,45,0.0,0.0,1.0,45,1500,1200,300,0.8,18,12,6,358.34619462346393,0.44595959595959594,0.2847714866221147,0.20615125188794695,130636.47050766974,362.61641709275773,130999.0869247625,2433,2,214.46666666666667,36,9,18,35.267267019167214,0.6267361111111112,44.42567567567567,1022.2972972972966,28.397147147147127,0
4944,4,0,1,44,0.0,0.022222222222222223,0.9777777777777777,45,950,600,350,0.631578947368421,13,6,7,356.58589443159065,0.44543350168350165,0.2861200467033629,0.2055327596705198,130710.70545744829,321.9187634656661,131032.62422091396,2434,3,215.46666666666667,37,8,18,35.237061262420475,0.6255630630630631,44.35307017543859,1022.5877192982443,27.63750592697958,0
4945,4,1,0,45,0.022222222222222223,0.0,1.0,45,1250,600,650,0.48,19,6,13,356.50790020692347,0.4458543771043771,0.28634404116256507,0.20791957099659225,131163.91354372093,352.19428007886273,131516.1078237998,2435,0,211.77777777777777,38,7,19,34.78045473508551,0.6282894736842105,43.910256410256395,1024.358974358972,26.95681511470979,0
4946,4,0,0,45,0.0,0.0,1.0,45,1750,1600,150,0.9142857142857143,19,16,3,360.4942505982732,0.44509680134680135,0.28883369709741347,0.2114740444900333,131387.4488275891,473.19216602847536,131860.6409936176,2436,1,212.77777777777777,35,10,20,34.45237826446903,0.6363095238095238,43.692129629629626,1025.231481481481,29.29232804232803,0
4947,4,0,0,45,0.0,0.0,1.0,45,1400,1000,400,0.7142857142857143,18,10,8,361.9305454720179,0.44515993265993264,0.2891673251307523,0.21248129240136562,131417.11576485334,512.77367862654,131929.8894434799,2437,2,213.77777777777777,35,10,20,34.38558245851675,0.6366071428571429,43.66319444444444,1025.347222222222,29.295634920634914,0
4948,4,0,0,45,0.0,0.0,1.0,45,1050,900,150,0.8571428571428571,12,9,3,358.17052392808984,0.4455387205387205,0.2867647243225624,0.2106004653302457,131476.45968632106,418.1984900119926,131894.65817633306,2438,3,214.77777777777777,35,10,20,34.422022533197904,0.637202380952381,43.60532407407407,1025.578703703703,29.302248677248656,0
4949,4,0,0,45,0.0,0.0,1.0,45,1050,600,450,0.5714285714285714,15,6,9,358.7930634646603,0.4449705387205387,0.29098702763677387,0.21162345360041332,131595.18771701382,443.0881076388792,132038.2758246527,2439,4,215.77777777777777,35,10,16,34.28616751269036,0.6383928571428572,43.48958333333333,1026.041666666666,29.315476190476172,0
4950,4,0,0,45,0.0,0.0,1.0,45,1300,1000,300,0.7692307692307693,16,10,6,358.6047656928349,0.44433922558922556,0.2888913944951823,0.21217249279051065,131713.96933138295,446.651422110773,132160.6207534937,2440,5,216.77777777777777,35,10,16,34.17110628781898,0.6395833333333334,43.373842592592595,1026.5046296296302,29.32870370370372,0
4951,4,0,0,45,0.0,0.0,1.0,45,1050,500,550,0.47619047619047616,16,5,11,355.0944349150511,0.4444234006734007,0.2816829330701469,0.21067704307028962,131819.15181651243,361.64944505316413,132180.8012615656,2441,6,217.77777777777777,36,9,17,34.15510655408122,0.638599537037037,43.2713963963964,1026.9144144144143,28.525400400400397,0
4952,4,0,0,45,0.0,0.0,1.0,45,1150,800,350,0.6956521739130435,15,8,7,356.3478969261346,0.44414983164983163,0.28226279017354083,0.21166206407781224,131862.5217013887,397.7864583333128,132260.30815972202,2442,7,218.77777777777777,37,8,17,34.079192021636246,0.6371058558558558,43.22916666666666,1027.0833333333317,27.759009009008963,0
4953,4,1,0,46,0.021739130434782608,0.0,1.0,46,1900,1400,500,0.7368421052631579,24,14,10,349.2446503246702,0.4449577294685991,0.2789640548999419,0.2094815108209096,132233.12428090075,36.34225016436713,132269.46653106512,2443,0,215.0,38,8,18,33.88841279734081,0.6389802631578947,42.868589743589745,1028.525641025641,27.066464237516872,0
4954,4,0,2,44,0.0,0.043478260869565216,0.9565217391304348,46,650,500,150,0.7692307692307693,8,5,3,347.23648761908873,0.44480676328502416,0.2818516334058119,0.208891718922129,132344.40646701382,-9.038628472227117,132335.3678385416,2444,1,216.0,39,7,18,33.82811972734022,0.6383547008547008,42.760416666666664,1028.9583333333328,26.383547008546994,0
4955,4,1,1,44,0.022222222222222223,0.022222222222222223,0.9777777777777777,45,950,300,650,0.3157894736842105,16,3,13,347.19973760935153,0.44482323232323234,0.28797025371828466,0.20997317464946522,132542.91453615797,203.79473117545618,132746.70926733344,2445,0,219.64444444444445,36,9,20,33.6295202682998,0.6458333333333333,42.56756756756758,1029.7297297297314,28.60360360360365,0
4956,4,0,0,44,0.0,0.0,1.0,44,1300,900,400,0.6923076923076923,17,9,8,343.34995756840596,0.44323687455954897,0.27123398630450146,0.2081260478381851,132629.89921932085,307.69405385117227,132937.59327317204,2446,1,218.54545454545453,36,8,18,33.641266717685234,0.6467013888888888,42.48310810810812,1030.067567567569,28.61298798798803,0
4957,4,0,1,43,0.0,0.022727272727272728,0.9772727272727273,44,1100,900,200,0.8181818181818182,13,9,4,343.7926663648708,0.4424220401691332,0.2741682785299806,0.20930382537757702,132793.2633117884,330.6700138504341,133123.93332563885,2447,2,219.54545454545453,37,7,18,33.46586879432624,0.6463963963963963,42.32456140350878,1030.7017543859663,27.856804172593684,0
4958,4,0,0,43,0.0,0.0,1.0,43,1350,1000,350,0.7407407407407407,17,10,7,343.8969656740249,0.44112218530823183,0.2516314665401045,0.2106368914753402,133019.39058171737,548.9929593721074,133568.38354108948,2448,3,216.37209302325581,37,6,18,33.23634141156464,0.6486486486486487,42.10526315789473,1031.5789473684204,27.880512091038387,0
4959,4,0,1,42,0.0,0.023255813953488372,0.9767441860465116,43,950,500,450,0.5263157894736842,14,5,9,345.95479744907016,0.4412606127722407,0.2558880952969378,0.21221868604926641,133075.95245652494,607.6528354878242,133683.60529201277,2449,4,217.37209302325581,37,6,18,33.126549769748486,0.6492117117117118,42.05043859649122,1031.798245614034,27.886439070649566,0
4960,4,0,0,42,0.0,0.0,1.0,42,800,600,200,0.75,10,6,4,352.62817840458814,0.4406455671699574,0.25429236992897164,0.21557869544921357,132949.08717839463,976.3188864540195,133925.40606484865,2450,5,223.4047619047619,36,6,18,33.08173181917447,0.6498842592592593,42.17342342342342,1031.3063063063064,28.6473973973974,0
4961,4,0,0,42,0.0,0.0,1.0,42,1250,800,450,0.64,17,8,9,352.76637024379596,0.4401253387533875,0.2507986722560749,0.2171799406329665,133210.52629910284,998.4387681600206,134208.96506726288,2451,6,224.4047619047619,36,6,18,32.815852150830885,0.6524884259259259,41.92004504504503,1032.3198198198172,28.67555055055048,0
4962,4,0,1,41,0.0,0.023809523809523808,0.9761904761904762,42,550,300,250,0.5454545454545454,8,3,5,357.00529042440013,0.43978658536585363,0.2541577747662147,0.22047781269240202,133326.80389426573,1119.6748691258595,134446.47876339158,2452,7,225.4047619047619,36,6,18,32.589821175444335,0.6536458333333333,41.80743243243242,1032.7702702702688,28.688063063063023,0
4963,4,0,1,40,0.0,0.024390243902439025,0.975609756097561,41,1550,1300,250,0.8387096774193549,18,13,5,358.74573866966773,0.43844004065040654,0.2439898788412045,0.22206410980342903,133412.42953746536,1372.2281164265714,134784.65765389192,2453,8,224.3170731707317,35,6,18,32.45901486294721,0.656547619047619,41.72453703703702,1033.101851851849,29.517195767195687,0
4964,4,0,0,40,0.0,0.0,1.0,40,800,500,300,0.625,11,5,6,357.37513007284093,0.4371527777777778,0.23487903225806472,0.22157258064516128,133472.22222222216,1539.9305555555525,135012.15277777772,2454,9,229.1,34,6,18,32.43447580645162,0.6593137254901961,41.666666666666664,1033.333333333333,30.39215686274509,0
4965,4,0,0,40,0.0,0.0,1.0,40,1300,900,400,0.6923076923076923,17,9,8,358.48262374022465,0.4366987179487179,0.23695301704283778,0.22299878972493622,133595.26643990926,1578.3163265306057,135173.58276643985,2455,10,230.1,34,6,19,32.28255028404729,0.6605392156862745,41.547619047619044,1033.8095238095234,30.406162464985982,0
4966,4,0,0,40,0.0,0.0,1.0,40,1400,900,500,0.6428571428571429,19,9,10,358.80580307139724,0.43627136752136747,0.24087429492344903,0.22375778975457455,133687.58680555545,1593.57638888888,135281.16319444432,2456,11,231.1,34,6,20,32.18170829975828,0.6614583333333333,41.45833333333333,1034.1666666666658,30.416666666666643,0
4967,4,0,0,40,0.0,0.0,1.0,40,1850,1400,450,0.7567567567567568,23,14,9,357.8198376209998,0.4355101495726496,0.23880837359098206,0.22445062541680907,133903.12500000012,1582.6388888889046,135485.76388888902,2457,12,232.1,34,6,18,31.99141170155664,0.6636029411764706,41.25000000000001,1035.000000000001,30.44117647058826,0
4968,4,0,1,39,0.0,0.025,0.975,40,800,400,400,0.5,12,4,8,358.934021204009,0.43517628205128206,0.2449747010119594,0.2255267520513053,133964.7392290251,1616.9005102040949,135581.63973922917,2458,13,233.1,34,6,18,31.900921879791483,0.6642156862745099,41.1904761904762,1035.2380952380963,30.448179271708714,0
4969,4,0,0,39,0.0,0.0,1.0,39,1650,1300,350,0.7878787878787878,20,13,7,356.218287471566,0.4327204228520018,0.23613198262704116,0.22495003901143468,134149.66695011346,1757.3129251700775,135906.97987528355,2459,14,237.0,34,5,18,31.786275185781037,0.6660539215686274,41.011904761904766,1035.9523809523816,30.46918767507005,0
4970,4,0,0,39,0.0,0.0,1.0,39,1200,700,500,0.5833333333333334,17,7,10,357.9679988756485,0.43255173189383717,0.23705798318090077,0.22662628583363817,134242.17864229044,1810.8808106576193,136053.05945294807,2460,15,238.0,34,5,18,31.64847788627228,0.6669730392156863,40.92261904761906,1036.3095238095252,30.479691876750742,0
4971,4,0,0,39,0.0,0.0,1.0,39,850,600,250,0.7058823529411765,11,6,5,359.39366314434994,0.4325236167341431,0.23633568361342294,0.22772061363425858,134273.02295918373,1851.3747165532952,136124.397675737,2461,16,239.0,34,5,18,31.580710621027652,0.6672794117647058,40.892857142857146,1036.428571428572,30.483193277310942,0
4972,4,0,1,38,0.0,0.02564102564102564,0.9743589743589743,39,850,600,250,0.7058823529411765,11,6,5,358.7644131718829,0.43187696806117853,0.2368490008862041,0.2278978318245024,134365.5771683674,1841.1174886621368,136206.69465702953,2462,17,240.0,34,5,18,31.504525969303792,0.6681985294117647,40.80357142857143,1036.7857142857147,30.493697478991606,0
4973,4,0,0,38,0.0,0.0,1.0,38,800,500,300,0.625,11,5,6,366.4778923415745,0.430269084874348,0.2327657561783134,0.23215756820469635,134264.85794225783,2241.0204308439174,136505.87837310176,2463,18,245.3421052631579,33,5,18,31.405320050451312,0.6695075757575757,40.90073529411765,1036.39705882353,31.40597147950091,0
4974,4,1,0,39,0.02564102564102564,0.0,1.0,39,650,400,250,0.6153846153846154,9,4,5,382.85605130812445,0.43182073774179036,0.261305875039781,0.2262235790491665,131663.9048327664,2288.6067325214335,133952.51156528783,2464,0,240.02564102564102,34,5,16,33.59939875497815,0.6412377450980392,43.422619047619044,1026.3095238095234,30.185574229691866,8
4975,4,0,0,39,0.0,0.0,1.0,39,1000,500,500,0.5,15,5,10,383.7452323533414,0.4319331983805668,0.2649384323975541,0.22711291273732725,131725.00177154175,2309.768282312904,134034.77005385465,2465,1,241.02564102564102,34,5,16,33.5147763732653,0.6418504901960784,43.36309523809523,1026.5476190476174,30.192577030812277,0
4976,4,0,0,39,0.0,0.0,1.0,39,750,700,50,0.9333333333333333,8,7,1,384.26549044318426,0.4316801619433199,0.26399108138238603,0.22778624433487715,131786.112882653,2328.1710600906936,134114.28394274367,2466,2,242.02564102564102,34,5,16,33.43961352657004,0.6424632352941176,43.30357142857142,1026.7857142857138,30.19957983193276,0
4977,4,0,1,38,0.0,0.02564102564102564,0.9743589743589743,39,1500,1200,300,0.8,18,12,6,407.57802725710087,0.43094916779127307,0.22953411392717782,0.22745483456605983,129450.69204152266,2882.371294105902,132333.06333562857,2467,3,243.02564102564102,33,6,16,35.21897077713553,0.6212121212121212,45.58823529411766,1017.6470588235308,30.837789661319114,8
4978,4,1,0,39,0.02564102564102564,0.0,1.0,39,1050,700,350,0.6666666666666666,14,7,7,399.88435616794277,0.43246738641475485,0.26105211459100697,0.22554742144334178,129867.92091836738,2586.429988662135,132454.35090702953,2468,0,242.66666666666666,34,5,17,34.9886611383633,0.6231617647058824,45.17857142857143,1019.2857142857147,29.978991596638668,0
4979,4,1,0,40,0.025,0.0,1.0,40,750,500,250,0.6666666666666666,10,5,5,390.18969148616225,0.43295940170940167,0.26651264315682033,0.22214866941358716,130233.05047850228,2163.1187575017198,132396.169236004,2469,0,237.575,35,5,19,34.86376478814681,0.624702380952381,44.820601851851855,1020.717592592593,29.1633597883598,0
4980,4,0,1,39,0.0,0.025,0.975,40,1050,600,450,0.5714285714285714,15,6,9,385.6632423645771,0.43262553418803423,0.2628780604896779,0.22009220105353858,130325.14537677847,2052.330323488213,132377.4757002667,2470,1,238.575,33,7,19,34.88558169307089,0.630050505050505,44.73039215686276,1021.0784313725514,30.941770647653073,0
4981,4,0,0,39,0.0,0.0,1.0,39,1300,800,500,0.6153846153846154,18,8,10,393.07326383079857,0.4318488529014845,0.255268964467777,0.2245181184931853,130359.27456382023,2448.1491046832216,132807.42366850344,2471,2,243.05128205128204,32,7,21,34.66169015825915,0.6328125,44.69696969696971,1021.212121212123,31.912878787878842,0
4982,4,1,0,40,0.025,0.0,1.0,40,1550,1200,350,0.7741935483870968,19,12,7,382.1049612584097,0.433974358974359,0.25151006711409374,0.22018534507874132,130700.81218762034,1988.2857554786842,132689.097943099,2472,0,237.95,33,7,17,34.594718759987224,0.6338383838383839,44.36274509803923,1022.5490196078447,30.986333927510444,0
4983,4,0,0,40,0.0,0.0,1.0,40,1100,800,300,0.7272727272727273,14,8,6,382.81136899088045,0.43382745726495725,0.25569734004313416,0.22095046235116822,130763.47588667838,2011.5490436370828,132775.02493031547,2473,1,238.95,33,7,17,34.51304017892802,0.634469696969697,44.301470588235304,1022.7941176470603,30.99376114082001,0
4984,4,0,0,40,0.0,0.0,1.0,40,1250,700,550,0.56,18,7,11,381.63839477291117,0.4333733974358975,0.24996107318241667,0.22081073859730008,130857.49959450717,1988.0492178489362,132845.5488123561,2474,2,239.95,33,7,18,34.44761348664512,0.6354166666666667,44.20955882352943,1023.1617647058844,31.004901960784373,0
4985,4,1,0,41,0.024390243902439025,0.0,1.0,41,1050,700,350,0.6666666666666666,14,7,7,367.2508788384905,0.434984756097561,0.23316245710383154,0.2145911958019614,131236.62308673485,1439.3530328798352,132675.97611961467,2475,0,235.0731707317073,34,7,19,34.431760969753284,0.6369485294117647,43.83928571428572,1024.6428571428585,30.136554621848777,0
4986,4,0,0,41,0.0,0.0,1.0,41,700,500,200,0.7142857142857143,9,5,4,367.76136765300873,0.43495934959349597,0.23582807555337704,0.215231652897672,131297.62081916112,1457.2385204081784,132754.8593395693,2476,1,236.0731707317073,34,7,19,34.35697138653348,0.6375612745098039,43.77976190476191,1024.8809523809534,30.14355742296922,0
4987,4,0,0,41,0.0,0.0,1.0,41,1550,1200,350,0.7741935483870968,19,12,7,370.42343852409317,0.43417174796747965,0.23915171680650515,0.2176974795725533,131457.57607642087,1539.0005562218842,132996.57663264274,2477,2,237.0731707317073,32,9,21,34.12695969793973,0.6438802083333333,43.62373737373738,1025.5050505050513,32.04703282828285,0
4988,4,0,0,41,0.0,0.0,1.0,41,850,500,350,0.5882352941176471,12,5,7,373.6652403885656,0.43409552845528454,0.24247989988205498,0.22053575952344748,131619.47959710742,1636.3248966942072,133255.80449380164,2478,3,238.0731707317073,32,9,18,33.88012181616833,0.6455078125,43.465909090909086,1026.1363636363633,32.06676136363635,0
4989,4,1,1,41,0.023809523809523808,0.023809523809523808,0.9761904761904762,42,1100,700,400,0.6363636363636364,15,7,8,366.2309154532427,0.4347657762291908,0.24687384510157595,0.21849837547393502,132030.69905045338,1270.744756235812,133301.44380668917,2479,0,233.38095238095238,34,8,19,33.65573960384571,0.6449142156862745,43.06547619047618,1027.7380952380943,30.227591036414537,0
4990,4,0,1,40,0.0,0.024390243902439025,0.975609756097561,41,1000,800,200,0.8,12,8,4,372.1862123809726,0.4346290650406504,0.23723786594089136,0.2223574038070939,132082.88278546714,1631.8855728565957,133714.76835832372,2480,1,232.3658536585366,33,8,19,33.45006755682723,0.6477272727272727,43.01470588235294,1027.9411764705883,31.149732620320858,0
4991,4,0,1,39,0.0,0.025,0.975,40,1100,800,300,0.7272727272727273,14,8,6,381.3774324579546,0.4322115384615384,0.24444580978127317,0.22720714094749916,131976.01807213566,2066.5349836751575,134042.55305581083,2481,2,239.05,32,8,20,33.32181330384206,0.6490885416666667,43.11868686868688,1027.5252525252538,32.11016414141418,0
4992,4,0,0,39,0.0,0.0,1.0,39,850,400,450,0.47058823529411764,13,4,9,379.5027720018311,0.4304430949167792,0.25722275759121715,0.22686575401166742,132105.7879935722,2226.902548209381,134332.69054178157,2482,3,244.7948717948718,32,7,20,33.23891549987719,0.650390625,42.99242424242425,1028.030303030304,32.125946969697,0
4993,4,0,0,39,0.0,0.0,1.0,39,1000,700,300,0.7,13,7,6,383.00448601491587,0.4295152946468736,0.2638567602357953,0.22994381337977324,132268.09007052873,2331.854370727503,134599.94444125623,2483,4,245.7948717948718,32,7,20,32.985045620064646,0.6520182291666667,42.83459595959597,1028.6616161616178,32.145675505050555,0
4994,4,0,0,39,0.0,0.0,1.0,39,1200,800,400,0.6666666666666666,16,8,8,382.8142572170571,0.4292341430499325,0.26268365581248987,0.23042364817718025,132365.519143455,2334.2815784103955,134699.80072186538,2484,5,246.7948717948718,32,7,20,32.891615541922285,0.6529947916666667,42.739898989899004,1029.040404040406,32.15751262626269,0
4995,4,1,1,39,0.025,0.025,0.975,40,1200,800,400,0.6666666666666666,16,8,8,374.4647245234863,0.4295940170940171,0.26229935056978326,0.22755075330127875,132723.06596584542,1940.02525252527,134663.09121837068,2485,0,241.6,32,8,18,32.74619123473431,0.6565755208333333,42.392676767676775,1030.4292929292938,32.20091540404043,0
4996,4,0,0,39,0.0,0.0,1.0,39,1400,1200,200,0.8571428571428571,16,12,4,381.8582745615958,0.4271255060728745,0.2629478064633741,0.2314412930069464,132625.50536935008,2328.8293286399344,134954.33469799,2486,7,248.7948717948718,32,7,18,32.654041023126574,0.6555989583333333,42.48737373737374,1030.050505050505,32.189078282828284,0
4997,4,0,0,39,0.0,0.0,1.0,39,600,300,300,0.5,9,3,6,381.8582745615958,0.4271536212325686,0.2629478064633741,0.2314412930069464,132625.50536935008,2328.8293286399344,134954.33469799,2487,8,249.7948717948718,32,7,18,32.654041023126574,0.6555989583333333,42.48737373737374,1030.050505050505,32.189078282828284,0
4998,4,2,0,41,0.04878048780487805,0.0,1.0,41,1800,1500,300,0.8333333333333334,21,15,6,373.630008807359,0.4322916666666667,0.2586758912945504,0.21356875812074944,130387.7189662629,1559.9209012815154,131947.6398675444,2488,0,238.5609756097561,33,8,19,35.129189664826825,0.6306818181818181,44.66911764705882,1021.3235294117641,30.94919786096255,8
4999,4,0,0,41,0.0,0.0,1.0,41,1050,700,350,0.6666666666666666,14,7,7,376.20744471174226,0.43224085365853654,0.2630728898459813,0.21538909746683255,130450.3075740099,1615.2753748558139,132065.58294886572,2489,1,239.5609756097561,33,8,19,34.999800063979535,0.6313131313131313,44.607843137254896,1021.5686274509796,30.95662507427211,0
5000,4,0,0,41,0.0,0.0,1.0,41,1400,800,600,0.5714285714285714,20,8,12,375.81693633786386,0.43226626016260167,0.26248548199767696,0.2153392301201903,130481.60750973177,1607.4395965493927,132089.04710628116,2490,2,240.5609756097561,33,8,20,34.97798468673782,0.6316287878787878,44.577205882352935,1021.6911764705876,30.960338680926895,0
