period,mktsize,entries,exits,surviv,entryrate,exitrate,survivrate,firms,totresinv,totinninv,totimiinv,costshareinn,firmsres,firmsinn,firmsimi,hindex,div,gini,pcm,cs,totprofits,ts,maxage,minage,avgage,actfirms,inactfirms,profitablefirms,wmc,avgproxopt,price,totoutput,avgoutput,magtechshock
1,4,40,26,14,1.0,0.65,0.35,40,0,0,0,0,0,0,0,400.6016377593214,0.49905181623931627,0.06241467576791759,0.17518847740818091,119234.72222222228,2753.125000000005,121987.84722222228,0,0,0.0,34,6,14,46.05197667804321,0.5134803921568627,55.833333333333336,976.6666666666672,28.725490196078447,0
2,4,35,31,18,0.7142857142857143,0.6326530612244898,0.36734693877551017,49,400,300,100,0.75,5,3,2,335.59436699959065,0.502905328798186,-0.21923706191337355,0.1559526764292213,121894.53124999978,581.4236111110818,122475.95486111086,1,0,0.2857142857142857,38,11,17,44.84001406469759,0.533717105263158,53.124999999999986,987.4999999999982,25.98684210526311,0
3,4,26,25,19,0.5909090909090909,0.5681818181818182,0.43181818181818177,44,550,500,50,0.9090909090909091,6,5,1,329.9624152552775,0.49752246300211417,-0.1972621164031011,0.1579001915628762,123152.20484045566,127.11979063390407,123279.32463108956,2,0,0.6590909090909091,40,4,13,43.666811712910814,0.5434895833333333,51.85467479674798,992.5813008130101,24.81453252032525,0
4,4,19,17,21,0.5,0.4473684210526316,0.5526315789473684,38,600,600,0,1.0,6,6,0,320.7193324181158,0.4942063774300616,-0.11677437561732718,0.1568278854115851,124066.91875091304,358.1318713930824,124425.05062230612,3,0,1.1578947368421053,38,0,17,42.94682752457554,0.5561951754385965,50.934829059829056,996.2606837606829,26.217386414754813,0
5,4,17,22,16,0.4473684210526316,0.5789473684210527,0.42105263157894735,38,300,200,100,0.6666666666666666,4,2,2,314.0702611181758,0.49426564722617355,-0.15465634741238887,0.1547479698184909,124386.43852956739,213.2162457082178,124599.6547752756,4,0,1.5526315789473684,38,0,13,42.78185355753098,0.5594846491228072,50.61431623931623,997.5427350427337,26.25112460638773,0
6,4,30,23,23,0.6521739130434783,0.5,0.5,46,700,600,100,0.8571428571428571,8,6,2,320.47957149942937,0.4935285829307568,-0.22691942500055162,0.16072956604237842,125127.06479484793,20.133621686858987,125147.1984165348,5,0,1.3043478260869565,40,6,21,41.85690705942104,0.5638020833333333,49.87296747967481,1000.5081300813031,25.012703252032576,0
7,4,10,12,21,0.30303030303030304,0.36363636363636365,0.6363636363636364,33,550,400,150,0.7272727272727273,7,4,3,343.1460933324885,0.4897806186868687,-0.13595855538460366,0.17081887942815094,124816.24405276823,1966.0413062283833,126782.28535899661,6,0,2.515151515151515,33,0,21,41.61147902869758,0.5738636363636362,50.18382352941177,999.2647058823535,30.280748663101622,0
8,4,13,11,23,0.38235294117647056,0.3235294117647059,0.6764705882352942,34,500,300,200,0.6,7,3,4,341.2357300811558,0.48748514557338085,-0.14408334150132318,0.17086189536006385,125059.53089569161,1734.9560657596357,126794.48696145124,7,0,2.823529411764706,34,0,23,41.40755177338728,0.5741421568627452,49.94047619047619,1000.2380952380953,29.4187675070028,0
9,4,5,2,26,0.17857142857142858,0.07142857142857142,0.9285714285714286,28,350,100,250,0.2857142857142857,6,1,5,375.9997597921307,0.4825286596119929,-0.04557500308147444,0.18703164017127874,124784.5756539833,3783.794094332128,128568.36974831542,8,0,4.25,28,0,26,40.823626689674995,0.5870535714285715,50.2155172413793,999.1379310344822,35.683497536945794,0
10,4,5,3,28,0.16129032258064516,0.0967741935483871,0.9032258064516129,31,800,500,300,0.625,11,5,6,354.5385167258548,0.4845878136200717,-0.02206312036760605,0.17630421508992097,124772.23926120324,2647.3129272460833,127419.55218844932,9,0,4.67741935483871,31,0,22,41.37248034232593,0.5782930107526882,50.22786458333333,999.0885416666658,32.22866263440857,4
11,4,9,8,29,0.24324324324324326,0.21621621621621623,0.7837837837837838,37,750,500,250,0.6666666666666666,10,5,5,331.23932447557723,0.482764014014014,0.012708633398288427,0.1716142486204088,126468.2503449392,1055.4991820020487,127523.74952694125,10,0,4.675675675675675,36,1,14,40.2065606806986,0.5844907407407409,48.536036036036016,1005.8558558558531,27.940440440440362,3
12,4,9,11,27,0.23684210526315788,0.2894736842105263,0.7105263157894737,38,1000,700,300,0.7,13,7,6,313.95407527245897,0.4829006638217164,-0.011494745994428568,0.16573100668857652,127230.25504241655,388.8914137041774,127619.14645612072,11,0,4.684210526315789,37,1,18,39.86104318371191,0.5903716216216218,47.779605263157876,1008.8815789473656,27.26706970128015,0
13,4,2,2,27,0.06896551724137931,0.06896551724137931,0.9310344827586207,29,850,500,350,0.5882352941176471,12,5,7,380.11375184413555,0.4778325123152709,0.010010200871364061,0.195572039889081,126183.3429783952,3792.8047839506407,129976.14776234585,12,0,6.172413793103448,29,0,24,39.2717261081928,0.598419540229885,48.81944444444446,1004.7222222222234,34.64559386973184,0
14,4,8,10,25,0.22857142857142856,0.2857142857142857,0.7142857142857143,35,1100,700,400,0.6363636363636364,15,7,8,319.11974890991166,0.47860644257703083,-0.0572672372878581,0.16995706456587079,127588.49511584804,1143.2017050325926,128731.69682088064,13,0,5.542857142857143,35,0,17,39.36459407339519,0.5979166666666667,47.424768518518526,1010.300925925927,28.865740740740772,0
15,4,5,6,24,0.16666666666666666,0.2,0.8,30,850,800,50,0.9411764705882353,9,8,1,361.4177296761328,0.4799090038314176,-0.07183010896152997,0.18903181325349738,126854.94936192049,3169.525559313223,130024.4749212337,14,0,6.7,30,0,21,39.04964420724929,0.6024305555555556,48.15188172043011,1007.3924731182799,33.57974910394266,0
16,4,6,5,25,0.2,0.16666666666666666,0.8333333333333334,30,850,500,350,0.5882352941176471,12,5,7,364.521657683721,0.47727490421455937,-0.07120263005908756,0.19193024544568146,127125.8983155568,3268.0286377037924,130393.9269532606,15,0,7.066666666666666,30,0,23,38.69285619085697,0.6052083333333333,47.88306451612904,1008.4677419354846,33.615591397849485,0
17,4,3,2,26,0.10714285714285714,0.07142857142857142,0.9285714285714286,28,600,400,200,0.6666666666666666,8,4,4,377.36493408920126,0.47536375661375657,-0.04250295159386097,0.19852676967301466,127092.01388888898,3992.0138888888955,131084.02777777787,16,0,8.178571428571429,28,0,26,38.40392561983468,0.6108630952380951,47.91666666666667,1008.3333333333342,36.011904761904795,0
18,4,2,1,27,0.07142857142857142,0.03571428571428571,0.9642857142857143,28,700,500,200,0.7142857142857143,9,5,4,375.66312483377897,0.474729938271605,-0.05558210472801173,0.19887215161697794,127345.67241792181,3967.814646915059,131313.48706483687,17,0,8.285714285714286,28,0,20,38.18594306049824,0.6134672619047619,47.66522988505748,1009.3390804597703,36.04782430213466,0
19,4,2,4,25,0.06896551724137931,0.13793103448275862,0.8620689655172413,29,850,600,250,0.7058823529411765,11,6,5,384.55001973597655,0.47470238095238093,-0.05081068737154615,0.2002312171728706,126672.22222222234,3942.3611111111295,130614.58333333346,18,0,8.931034482758621,29,0,19,38.65549116997794,0.603448275862069,48.33333333333334,1006.6666666666677,34.71264367816095,5
20,4,6,5,26,0.1935483870967742,0.16129032258064516,0.8387096774193549,31,800,500,300,0.625,11,5,6,351.6681461682851,0.47486559139784945,-0.0273991961461566,0.1875805142551244,127650.62332153319,2778.131612141927,130428.75493367511,19,0,8.838709677419354,31,0,20,38.47885259631491,0.6078629032258065,47.36328125,1010.5468749999999,32.59828629032258,0
21,4,2,3,25,0.07142857142857142,0.10714285714285714,0.8928571428571429,28,850,500,350,0.5882352941176471,12,5,7,387.38303168911085,0.47412367724867727,-0.03466640893645567,0.2043438215994927,127200.69372192494,4255.078073391468,131455.7717953164,20,0,9.964285714285714,28,0,22,38.039453069363354,0.6119791666666666,47.80890804597701,1008.7643678160917,36.0272988505747,0
22,4,3,3,25,0.10714285714285714,0.10714285714285714,0.8928571428571429,28,1050,800,250,0.7619047619047619,13,8,5,385.4073096993275,0.4740961199294533,-0.04214773558825968,0.2045802547255947,127454.46062888094,4224.376156031172,131678.83678491213,21,0,10.535714285714286,28,0,21,37.82815167899827,0.6145833333333334,47.55747126436781,1009.7701149425286,36.06321839080459,0
23,4,3,2,26,0.10714285714285714,0.07142857142857142,0.9285714285714286,28,850,700,150,0.8235294117647058,10,7,3,377.90421863867016,0.4722497795414462,-0.0410869167800777,0.20150116525290107,127635.8775308824,4046.8273137138117,131682.7048445962,22,0,10.857142857142858,28,0,19,37.83117683302527,0.6164434523809526,47.37787356321838,1010.4885057471251,36.08887520525447,1
24,4,5,9,22,0.16129032258064516,0.2903225806451613,0.7096774193548387,31,850,600,250,0.7058823529411765,11,6,5,348.59197648062866,0.47495519713261647,-0.07108959560332084,0.18932947333906042,128375.34798516177,2750.123257107214,131125.47124226898,23,0,10.64516129032258,31,0,16,37.81545783545334,0.615255376344086,46.64713541666667,1013.4114583333342,32.6906922043011,0
25,4,3,2,23,0.12,0.08,0.92,25,500,400,100,0.8,6,4,2,420.1617122593464,0.46784722222222225,-0.03273767885532597,0.22060243490077533,127011.2307897765,5673.051240959903,132684.2820307364,24,0,13.16,25,0,23,37.40858505564389,0.6208333333333333,47.996794871794876,1008.0128205128208,40.32051282051283,0
26,4,4,2,25,0.14814814814814814,0.07407407407407407,0.9259259259259259,27,700,400,300,0.5714285714285714,10,4,6,393.59684573134626,0.4704415954415955,-0.03694978842210883,0.2101658629093791,127692.92091836731,4651.906179138317,132344.82709750562,25,0,13.037037037037036,27,0,22,37.37607970160976,0.6203703703703705,47.32142857142857,1010.7142857142853,37.43386243386242,0
27,4,2,1,26,0.07407407407407407,0.037037037037037035,0.962962962962963,27,750,500,250,0.6666666666666666,10,5,5,388.02133871507783,0.4676519468186135,-0.02348929308776304,0.20854996695049904,127956.26339728596,4529.952124078798,132486.21552136476,26,0,13.962962962962964,27,0,24,37.246439427366774,0.623070987654321,47.061011904761905,1011.7559523809521,37.472442680776005,0
28,4,6,4,28,0.1875,0.125,0.875,32,800,600,200,0.75,10,6,4,361.9717637982559,0.47334929435483875,-0.022100983832560317,0.1893883739899203,126869.31060924915,2784.621626619747,129653.9322358689,27,0,12.59375,32,0,22,39.020919497013004,0.5973307291666665,48.13762626262627,1007.4494949494957,31.48279671717174,8
29,4,2,0,30,0.06666666666666667,0.0,1.0,30,1000,800,200,0.8,12,8,4,386.3769222360214,0.47001915708812264,0.05975903614457834,0.1979585465777146,126010.09690426638,3737.478682506648,129747.57558677303,28,0,14.133333333333333,30,0,19,39.29356314145471,0.59375,48.99193548387097,1004.0322580645161,33.46774193548387,6
30,4,1,2,29,0.03225806451612903,0.06451612903225806,0.935483870967742,31,900,600,300,0.6666666666666666,12,6,6,377.1949985531391,0.47029569892473116,0.06869247089089758,0.19527172713300564,126436.39458550337,3338.2351345486027,129774.62972005198,29,0,14.64516129032258,31,0,17,39.08380804419129,0.5954301075268817,48.56770833333333,1005.7291666666657,32.44287634408599,0
31,4,3,2,30,0.09375,0.0625,0.9375,32,1250,900,350,0.72,16,9,7,364.2367436599715,0.471711189516129,0.05924943672549743,0.1920717719537631,127187.51793503211,2865.2734733700613,130052.79140840218,30,0,14.3125,32,0,20,38.63671923895357,0.6005859375,47.821969696969695,1008.7121212121209,31.52225378787878,0
32,4,4,3,31,0.11764705882352941,0.08823529411764706,0.9117647058823529,34,900,700,200,0.7777777777777778,11,7,4,344.61132257652673,0.4750445632798574,0.04483078542151353,0.18483698210922792,127873.46938775512,2013.329081632659,129886.79846938778,31,0,14.147058823529411,34,0,18,38.429113700564976,0.6029411764705882,47.142857142857146,1011.4285714285716,29.74789915966387,0
33,4,4,2,33,0.11428571428571428,0.05714285714285714,0.9428571428571428,35,850,500,350,0.5882352941176471,12,5,7,336.9254971959869,0.4688725490196079,0.04911948556413348,0.18260736080225845,128291.0574872472,1644.9056659379464,129935.96315318515,32,0,14.6,35,0,21,38.19702292547316,0.6050595238095238,46.73032407407408,1013.0787037037047,28.945105820105848,0
34,4,3,5,31,0.08333333333333333,0.1388888888888889,0.8611111111111112,36,800,500,300,0.625,11,5,6,328.5067321031355,0.47114748677248675,0.05966564299897592,0.1796913873416606,128658.13607103737,1253.0127678354143,129911.14883887279,33,0,15.11111111111111,36,0,15,38.03626928626929,0.6067708333333333,46.36824324324325,1014.527027027028,28.181306306306332,0
35,4,1,0,32,0.03125,0.0,1.0,32,900,600,300,0.6666666666666666,12,6,6,397.81240074474226,0.47049311155913975,0.0388120475698035,0.20793761703792707,126829.56271701361,3718.295356695341,130547.85807370895,34,0,16.96875,31,1,17,38.15925542916234,0.599462365591398,48.177083333333314,1007.2916666666644,32.4932795698924,5
36,4,1,1,32,0.030303030303030304,0.030303030303030304,0.9696969696969697,33,1200,900,300,0.75,15,9,6,388.710657088349,0.4711963383838384,0.029184173258534285,0.20482671767390145,127157.66906738271,3285.7794867621387,130443.44855414485,35,0,17.424242424242426,31,2,18,38.05028401755744,0.6028225806451614,47.85156249999999,1008.5937499999992,32.53528225806449,0
37,4,3,2,33,0.08571428571428572,0.05714285714285714,0.9428571428571428,35,1100,800,300,0.7272727272727273,14,8,6,371.64723599632674,0.4730742296918768,0.020211255411255458,0.19883850174900752,127772.55893166094,2497.2636726259143,130269.82260428685,36,0,17.34285714285714,33,2,13,37.84898989898988,0.6041666666666666,47.24264705882353,1011.0294117647062,30.637254901960794,0
38,4,1,4,30,0.029411764705882353,0.11764705882352941,0.8823529411764706,34,850,600,250,0.7058823529411765,11,6,5,379.24997421057327,0.47142379679144386,0.021932080351500627,0.2026886043744896,127729.38507550267,2888.2731991633673,130617.65827466603,37,0,18.823529411764707,32,2,13,37.70115121991837,0.6061197916666665,47.28535353535354,1010.8585858585873,31.589330808080852,0
39,4,3,5,28,0.09090909090909091,0.15151515151515152,0.8484848484848485,33,1350,1000,350,0.7407407407407407,17,10,7,390.20512353301956,0.47147253787878785,-0.004087332674818089,0.20870891276746092,127761.29548324156,3370.6224173553796,131131.91790059695,38,0,18.484848484848484,32,1,13,37.39150118646185,0.6064453125,47.25378787878788,1010.9848484848488,31.593276515151526,0
40,4,4,4,28,0.125,0.125,0.875,32,650,300,350,0.46153846153846156,10,3,7,385.46938337712027,0.4679729502688172,0.021783479551025664,0.20394356249529402,127321.88118828658,3415.737406412752,130737.61859469934,39,0,19.4375,31,1,14,37.96297789532535,0.604502688172043,47.68880208333333,1009.2447916666658,32.55628360215051,7
41,4,3,4,27,0.0967741935483871,0.12903225806451613,0.8709677419354839,31,400,100,300,0.25,7,1,6,392.7778511722062,0.47020609318996415,0.0261981352081464,0.2081972081972081,127397.13631995022,3807.7546898485275,131204.89100979874,40,0,20.193548387096776,30,1,16,37.70109395109395,0.6079861111111111,47.61424731182795,1009.5430107526877,33.65143369175625,0
42,4,2,1,28,0.06896551724137931,0.034482758620689655,0.9655172413793104,29,750,500,250,0.6666666666666666,10,5,5,405.34672635803696,0.46808292282430214,0.036875760072182295,0.21593925604164502,127599.5838287752,4544.414717928382,132143.99854670357,41,0,20.689655172413794,28,1,17,37.17529389457717,0.6160714285714286,47.41379310344827,1010.3448275862063,36.08374384236451,0
43,4,3,3,28,0.0967741935483871,0.0967741935483871,0.9032258064516129,31,700,400,300,0.5714285714285714,10,4,6,379.8004318205246,0.4675627240143369,0.04148504305495582,0.20649423621907523,128416.85319473338,3554.5552592785198,131971.4084540119,42,0,20.258064516129032,30,1,17,36.98227467621449,0.6184027777777779,46.60618279569892,1013.5752688172033,33.785842293906775,0
44,4,2,1,29,0.06666666666666667,0.03333333333333333,0.9666666666666667,30,950,700,250,0.7368421052631579,12,7,5,389.28515757954926,0.46558908045977015,0.053832808291101486,0.21226071213504777,128531.54176311732,4007.084297839509,132538.62606095683,43,0,21.166666666666668,29,1,18,36.62440647399898,0.6224856321839081,46.49305555555556,1014.027777777778,34.96647509578545,0
45,4,3,3,29,0.09375,0.09375,0.90625,32,850,600,250,0.7058823529411765,11,6,5,368.54100243729175,0.46398269489247307,0.04009849455477221,0.20385985287193917,129102.1241082086,3115.8852471245714,132218.00935533317,44,0,20.75,31,1,19,36.56750480461242,0.6226478494623656,45.930989583333336,1016.2760416666671,32.78309811827958,0
46,4,1,2,28,0.03333333333333333,0.06666666666666667,0.9333333333333333,30,700,600,100,0.8571428571428571,8,6,2,379.243018378455,0.46333812260536394,0.03048463200599727,0.20940087479348005,129030.63441221525,3786.79345155509,132817.42786377034,45,0,21.8,30,0,19,36.368622392732725,0.6246527777777777,46.001344086021504,1015.9946236559138,33.866487455197124,0
47,4,3,5,26,0.0967741935483871,0.16129032258064516,0.8387096774193549,31,900,500,400,0.5555555555555556,13,5,8,372.73268932905313,0.46330645161290324,0.010833887276375576,0.2075666786691295,129366.91496107297,3443.8556247287133,132810.77058580169,46,0,21.580645161290324,31,0,19,36.190883783437876,0.6253360215053765,45.67057291666666,1017.317708333332,32.816700268817165,0
48,4,0,0,26,0.0,0.0,1.0,26,750,400,350,0.5333333333333333,11,4,7,427.16843004390944,0.4598397435897436,0.04252491305315176,0.23248296743649075,128457.22176973797,5774.573950236267,134231.79571997424,47,3,25.115384615384617,26,0,20,35.74047292840107,0.6318108974358974,46.56635802469137,1013.7345679012356,38.989791073124444,0
49,4,2,1,27,0.07142857142857142,0.03571428571428571,0.9642857142857143,28,1000,600,400,0.6,14,6,8,402.3099054518781,0.460896164021164,0.025918482761406292,0.22248146686951786,129091.85751502839,4786.986598295677,133878.84411332407,48,0,24.25,28,0,21,35.72005042650455,0.6313244047619048,45.94109195402299,1016.2356321839079,36.29412972085385,0
50,4,1,0,28,0.03571428571428571,0.0,1.0,28,800,500,300,0.625,11,5,6,401.20153422296164,0.45946318342151676,0.035250267314947514,0.22351755026221806,129384.04439572603,4781.815423107414,134165.85981883344,49,0,25.214285714285715,28,0,23,35.44932448335922,0.6343005952380951,45.65373563218391,1017.3850574712646,36.335180623973734,0
51,4,1,1,28,0.034482758620689655,0.034482758620689655,0.9655172413793104,29,750,400,350,0.5333333333333333,11,4,7,391.6427248129607,0.4596161740558293,0.02510401241097271,0.22013022118797454,129731.4453125001,4361.675347222238,134093.12065972234,50,0,25.310344827586206,29,0,20,35.3378493524199,0.634698275862069,45.31250000000001,1018.7500000000008,35.129310344827616,0
52,4,3,1,30,0.0967741935483871,0.03225806451612903,0.967741935483871,31,1100,900,200,0.8181818181818182,13,9,4,371.2707186628347,0.4577508960573477,0.02710236570103519,0.21262701157872987,130462.04460991752,3487.3474121093714,133949.39202202688,51,0,24.580645161290324,31,0,22,35.113964652901686,0.6364247311827957,44.596354166666664,1021.6145833333331,32.95530913978494,0
53,4,1,2,29,0.03225806451612903,0.06451612903225806,0.935483870967742,31,1150,500,650,0.43478260869565216,18,5,13,369.95864460492527,0.4559587813620072,0.04309835096248604,0.21370552294237447,130794.81336805549,3477.734374999991,134272.54774305547,52,0,25.548387096774192,31,0,17,34.80991174473861,0.6397849462365592,44.27083333333333,1022.9166666666661,32.99731182795697,0
54,4,0,1,28,0.0,0.034482758620689655,0.9655172413793104,29,700,400,300,0.5714285714285714,10,4,6,391.54910180553946,0.45551108374384236,0.06076091797744909,0.22411234581943523,130439.87509645063,4414.723186728399,134854.59828317905,53,1,28.0,29,0,23,34.61859845909812,0.641882183908046,44.61805555555556,1021.5277777777778,35.225095785440615,0
55,4,0,1,27,0.0,0.03571428571428571,0.9642857142857143,28,850,300,550,0.35294117647058826,14,3,11,402.89662177239853,0.4549162257495591,0.06821197378472954,0.22977394817934688,130299.25724996685,4899.426113092862,135198.6833630597,54,2,29.5,28,0,23,34.47204240547894,0.6436011904761905,44.75574712643677,1020.9770114942519,36.463464696223284,0
56,4,2,0,29,0.06896551724137931,0.0,1.0,29,700,400,300,0.5714285714285714,10,4,6,383.5982344640263,0.45448481116584566,0.055318431989217265,0.22219746788765282,130901.38888888885,4242.7083333333285,135144.0972222222,55,0,27.896551724137932,29,0,20,34.35294516829533,0.646551724137931,44.166666666666664,1023.3333333333329,35.28735632183906,0
57,4,0,0,29,0.0,0.0,1.0,29,1050,900,150,0.8571428571428571,12,9,3,387.256663202939,0.4534072249589491,0.06006764627454286,0.22493844479660074,131008.00781249991,4346.7447916666515,135354.75260416657,56,1,28.896551724137932,29,0,20,34.151149776149765,0.6476293103448276,44.06249999999999,1023.7499999999993,35.30172413793101,0
58,4,0,0,29,0.0,0.0,1.0,29,1150,600,550,0.5217391304347826,17,6,11,388.1581604312914,0.4529967159277504,0.060884935888443126,0.22608833136021644,131114.67013888882,4378.645833333323,135493.31597222213,57,2,29.896551724137932,29,0,20,34.01986710062381,0.6487068965517242,43.95833333333333,1024.166666666666,35.316091954022966,0
59,4,0,0,29,0.0,0.0,1.0,29,1100,700,400,0.6363636363636364,15,7,8,387.6544647961816,0.4513033661740558,0.0641909095580917,0.22726589393650626,131363.7176890431,4384.74633487653,135748.4640239196,58,3,30.896551724137932,29,0,21,33.78028609492843,0.6512212643678161,43.71527777777777,1025.138888888888,35.34961685823752,0
60,4,0,0,29,0.0,0.0,1.0,29,1000,800,200,0.8,12,8,4,388.4156976456439,0.4500718390804597,0.07199081206756497,0.22877498746496996,131541.75347222213,4418.576388888883,135960.329861111,59,4,31.896551724137932,29,0,21,33.58042242079611,0.6530172413793103,43.541666666666664,1025.8333333333328,35.373563218390785,0
61,4,0,1,28,0.0,0.034482758620689655,0.9655172413793104,29,1200,800,400,0.6666666666666666,16,8,8,387.43622448979585,0.4494047619047619,0.07221227048813272,0.22948145604395612,131755.5555555556,4409.375000000005,136164.9305555556,60,5,32.89655172413793,29,0,18,33.389136904761905,0.6551724137931034,43.333333333333336,1026.666666666667,35.402298850574724,0
62,4,0,0,28,0.0,0.0,1.0,28,900,700,200,0.7777777777777778,11,7,4,399.33321613033235,0.44772376543209874,0.0630560831750473,0.23639070664881717,131733.43004772748,4921.1068585678295,136654.5369062953,61,6,33.035714285714285,28,0,18,33.10619314205738,0.6581101190476191,43.35488505747126,1026.5804597701142,36.66358784893265,0
63,4,0,1,27,0.0,0.03571428571428571,0.9642857142857143,28,800,300,500,0.375,13,3,10,413.48642188681595,0.44744819223985893,0.010338213733405599,0.2373792509185571,130556.09486474436,5196.6345042277735,135752.72936897213,62,7,34.035714285714285,28,0,21,33.93991049252543,0.6462053571428572,44.50431034482759,1021.9827586206898,36.4993842364532,8
64,4,0,0,27,0.0,0.0,1.0,27,600,400,200,0.6666666666666666,8,4,4,417.2550633286262,0.4458689458689458,0.027485181409748316,0.23937264159379085,130528.564453125,5492.740885416667,136021.30533854166,63,8,35.592592592592595,27,0,21,33.871687054026516,0.6493055555555556,44.53125,1021.875,37.84722222222222,0
65,4,0,1,26,0.0,0.037037037037037035,0.962962962962963,27,550,400,150,0.7272727272727273,7,4,3,417.313922651346,0.4455128205128205,0.03110054296544318,0.23987693177339703,130604.60789133354,5500.624247094663,136105.2321384282,64,9,36.592592592592595,27,0,21,33.792673606056205,0.6500771604938271,44.456845238095234,1022.1726190476185,37.858245149911795,0
66,4,0,0,26,0.0,0.0,1.0,26,750,500,250,0.6666666666666666,10,5,5,424.92468100189035,0.444423076923077,0.04076086956521752,0.24433169157608695,130617.28395061726,5900.501543209874,136517.78549382713,65,10,38.15384615384615,26,0,21,33.585258152173914,0.6538461538461539,44.44444444444444,1022.2222222222221,39.31623931623931,0
67,4,3,2,27,0.10344827586206896,0.06896551724137931,0.9310344827586207,29,850,700,150,0.8235294117647058,10,7,3,389.1051636361584,0.4444786535303777,0.014455527766780385,0.22966851889995388,131622.8303771964,4444.953602780339,136067.78397997672,66,0,35.10344827586207,28,1,19,33.48064267712125,0.6569940476190477,43.462643678160916,1026.1494252873558,36.64819376026271,0
68,4,0,0,27,0.0,0.0,1.0,27,1050,700,350,0.6666666666666666,14,7,7,415.66955666689546,0.44076448243114913,0.03382708618940966,0.2444725551865649,131486.35164227991,5530.974698978782,137017.3263412587,67,1,38.7037037037037,26,1,22,32.93773196910422,0.6626602564102565,43.59567901234566,1025.6172839506155,39.44681861348521,0
69,4,0,0,27,0.0,0.0,1.0,27,1050,700,350,0.6666666666666666,14,7,7,431.57047495274116,0.44064577397910726,0.02314814814814814,0.2481530230978261,130617.28395061725,5874.112654320984,136491.39660493823,68,2,39.7037037037037,26,1,19,33.41542119565218,0.6538461538461539,44.44444444444444,1022.222222222222,39.316239316239304,2
70,4,0,0,27,0.0,0.0,1.0,27,750,600,150,0.8,9,6,3,430.6538942107457,0.4407051282051282,0.0033257747543464777,0.24537256763170387,130262.58680555549,5819.61805555555,136082.20486111104,69,3,40.7037037037037,26,1,21,33.80102040816327,0.6502403846153846,44.791666666666664,1020.8333333333328,39.26282051282049,2
71,4,0,0,27,0.0,0.0,1.0,27,700,400,300,0.5714285714285714,10,4,6,426.2163342096444,0.44106125356125353,0.009717943970330323,0.23944289549939257,129711.79424344607,5657.057089239446,135368.8513326855,70,4,41.7037037037037,26,1,19,34.47741503812557,0.6446314102564101,45.33179012345679,1018.6728395061724,39.179724596391246,2
72,4,3,1,29,0.1,0.03333333333333333,0.9666666666666667,30,800,400,400,0.5,12,4,8,384.87672394306304,0.44504310344827586,0.012257712257711884,0.21458195430798174,129413.28125000001,3961.6319444444453,133374.91319444447,71,0,38.43333333333333,29,1,23,35.83469833469833,0.6314655172413792,45.625,1017.5000000000001,35.08620689655173,3
73,4,0,0,29,0.0,0.0,1.0,29,950,700,250,0.7368421052631579,12,7,5,393.15056726230114,0.4441194581280788,0.021222406731954413,0.2190321925086037,129384.04439572597,4373.482089774083,133757.52648550004,72,1,39.96551724137931,28,1,23,35.654097820458524,0.6343005952380952,45.65373563218391,1017.3850574712642,36.33518062397372,0
74,4,0,0,29,0.0,0.0,1.0,29,1300,1000,300,0.7692307692307693,16,10,6,393.17813077343646,0.44370894909688013,0.020554314117824823,0.21945474391396755,129457.14272443514,4379.943478332668,133837.0862027678,73,2,40.96551724137931,28,1,20,35.57873311685257,0.6350446428571428,45.581896551724135,1017.6724137931029,36.34544334975367,0
75,4,2,3,28,0.06451612903225806,0.0967741935483871,0.9032258064516129,31,600,400,200,0.6666666666666666,8,4,4,372.2297608556318,0.44767025089605733,0.0005614536545526239,0.2100439364828211,129885.53590010424,3469.4523933402907,133354.98829344453,74,0,39.25806451612903,30,1,20,35.67543512658227,0.6333333333333333,45.161290322580655,1019.3548387096789,33.97849462365596,0
76,4,4,3,29,0.125,0.09375,0.90625,32,550,400,150,0.7272727272727273,7,4,3,365.03590648800184,0.4503318212365592,-0.002016386125987868,0.20834145405232252,130329.05578613289,3114.957004123278,133444.01279025615,75,0,38.8125,31,1,21,35.40816543398795,0.6350806451612903,44.72656250000001,1021.0937500000006,32.93850806451615,0
77,4,1,0,30,0.03333333333333333,0.0,1.0,30,1150,800,350,0.6956521739130435,15,8,7,386.00583090379007,0.4431992337164751,0.024081632653060847,0.21993355481727564,130262.58680555543,4056.4236111110918,134319.0104166665,76,0,42.36666666666667,29,1,22,34.94047619047618,0.6400862068965518,44.79166666666666,1020.8333333333323,35.20114942528732,0
78,4,0,0,30,0.0,0.0,1.0,30,700,400,300,0.5714285714285714,10,4,6,387.9350864908688,0.4422413793103448,0.02142144864472839,0.2218409507040316,130404.4077932098,4117.689043209863,134522.09683641966,77,1,43.36666666666667,29,1,22,34.7469631039797,0.6415229885057472,44.65277777777777,1021.3888888888882,35.22030651340994,0
79,4,1,1,30,0.03225806451612903,0.03225806451612903,0.967741935483871,31,850,500,350,0.5882352941176471,12,5,7,377.85243542908006,0.444578853046595,-0.020109805653334645,0.21566829090568904,130331.20022907271,3649.1922837900383,133980.39251286275,78,0,42.935483870967744,30,1,19,35.07881400552851,0.6378472222222221,44.7244623655914,1021.1021505376343,34.03673835125448,3
80,4,2,4,28,0.0625,0.125,0.875,32,1000,700,300,0.7,13,7,6,367.9306445403647,0.4437163978494623,-0.02569196712957078,0.21125732472548103,130561.8307325576,3207.539706759994,133769.3704393176,79,0,42.53125,31,1,17,35.09802204102432,0.6374327956989246,44.49869791666667,1022.0052083333342,32.96790994623659,0
81,4,2,2,28,0.06666666666666667,0.06666666666666667,0.9333333333333333,30,800,300,500,0.375,13,3,10,378.0959839820881,0.44080459770114944,-0.028258392497151563,0.21753389214582172,130640.1841975951,3878.9057983581915,134519.08999595328,80,0,43.93333333333333,30,0,18,34.75874309755456,0.6409722222222223,44.42204301075269,1022.3118279569893,34.077060931899645,0
82,4,0,0,28,0.0,0.0,1.0,28,600,500,100,0.8333333333333334,7,5,2,401.42259024226956,0.43777557319223986,-0.021285794723294726,0.22850208983021478,130225.92152199754,4855.125346809346,135081.04686880688,81,5,48.07142857142857,28,0,21,34.584389076576585,0.6428571428571428,44.82758620689655,1020.6896551724132,36.453201970443324,0
83,4,1,1,28,0.034482758620689655,0.034482758620689655,0.9655172413793104,29,1050,800,250,0.7619047619047619,13,8,5,390.09025126054837,0.4399630541871921,-0.025028942644350405,0.22368620253498475,130510.82417052465,4382.200038580239,134893.0242091049,82,0,47.37931034482759,29,0,18,34.583701463458816,0.6426005747126438,44.54861111111111,1021.8055555555552,35.23467432950191,0
84,4,1,1,28,0.034482758620689655,0.034482758620689655,0.9655172413793104,29,1050,600,450,0.5714285714285714,15,6,9,390.0091621443925,0.4389367816091954,-0.03093044399246403,0.22384457215744472,130546.30594135806,4382.851080246921,134929.15702160497,83,0,48.3448275862069,29,0,18,34.549696475491544,0.6429597701149425,44.51388888888889,1021.9444444444447,35.23946360153258,0
85,4,0,0,28,0.0,0.0,1.0,28,900,700,200,0.7777777777777778,11,7,4,399.7887050763351,0.43719686948853614,0.037311079921075185,0.2112653179647178,127273.17274821631,4576.475384793214,131849.64813300953,84,8,51.07142857142857,28,0,20,37.65188191181355,0.6127232142857144,47.73706896551723,1009.0517241379303,36.037561576354655,8
86,4,4,3,29,0.125,0.09375,0.90625,32,1400,900,500,0.6428571428571429,19,9,10,351.83564695397024,0.44424143145161293,0.0050079379902876475,0.1918256673922158,128528.34093778713,2644.170397153371,131172.5113349405,85,0,45.5625,32,0,15,37.57704519985057,0.6142578125,46.49621212121213,1014.0151515151529,31.687973484848527,0
87,4,0,0,29,0.0,0.0,1.0,29,700,600,100,0.8571428571428571,8,6,2,382.60375561332944,0.43816707717569786,0.018176224173431565,0.2057024619662805,127968.81028163563,3992.26948302467,131961.0797646603,86,1,51.275862068965516,29,0,21,37.370595973461455,0.6167385057471265,47.0486111111111,1011.8055555555541,34.88984674329497,0
88,4,1,1,29,0.03333333333333333,0.03333333333333333,0.9666666666666667,30,1100,700,400,0.6363636363636364,15,7,8,372.5480823753794,0.44166666666666665,0.00904749270363503,0.20203362913277742,128314.69859232266,3560.6789802289063,131875.37757255157,87,0,50.53333333333333,30,0,21,37.27060670381179,0.6173611111111112,46.70698924731182,1013.1720430107514,33.77240143369171,0
89,4,2,1,30,0.06451612903225806,0.03225806451612903,0.967741935483871,31,900,500,400,0.5555555555555556,13,5,8,360.6012375771313,0.43947132616487455,0.015628233463292673,0.19764599477328812,128738.47961425761,3084.651014539901,131823.13062879752,88,0,49.83870967741935,31,0,20,37.14021469506458,0.618951612903226,46.289062499999986,1014.8437499999984,32.73689516129027,0
90,4,4,3,31,0.11764705882352941,0.08823529411764706,0.9117647058823529,34,550,400,150,0.7272727272727273,7,4,3,334.28847587257894,0.44561423054070115,-0.005421126905999385,0.18609088119421408,129352.72285997722,1848.2249149659738,131200.9477749432,89,0,46.3235294117647,34,0,21,37.18305051687146,0.617953431372549,45.6845238095238,1017.2619047619039,29.919467787114822,0
91,4,3,3,31,0.08823529411764706,0.08823529411764706,0.9117647058823529,34,850,800,50,0.9411764705882353,9,8,1,336.26708664512205,0.4452614379084967,0.02934304562946699,0.18937146458435786,129807.25623582747,1929.9815759636954,131737.23781179116,90,0,47.23529411764706,34,0,18,36.67129088785045,0.6225490196078433,45.23809523809523,1019.0476190476176,29.971988795518165,0
92,4,2,3,30,0.06060606060606061,0.09090909090909091,0.9090909090909091,33,1000,700,300,0.7,13,7,6,343.5750096007181,0.4431818181818182,0.05201674152269198,0.19403940969914268,129918.78311526799,2327.3694312283515,132246.15254649633,91,0,48.84848484848485,33,0,19,36.37193472773169,0.6259469696969697,45.128676470588225,1019.4852941176456,30.893493761140775,0
93,4,1,2,29,0.03225806451612903,0.06451612903225806,0.935483870967742,31,1350,1000,350,0.7407407407407407,17,10,7,359.30935621293924,0.44260752688172045,0.04774820078646003,0.20229892242607647,129797.77865939676,3127.5112575954913,132925.28991699225,92,0,49.935483870967744,31,0,19,36.09389641366384,0.6297043010752688,45.247395833333336,1019.0104166666672,32.87130376344088,0
94,4,2,2,29,0.06451612903225806,0.06451612903225806,0.935483870967742,31,1000,900,100,0.9,11,9,2,357.68426663322674,0.44417562724014337,0.030569807373978186,0.20275676879918217,130063.28158908414,3104.3178982204804,133167.59948730463,93,0,48.225806451612904,31,0,20,35.865564632797216,0.6323924731182796,44.986979166666664,1020.0520833333328,32.904905913978475,0
95,4,2,2,29,0.06451612903225806,0.06451612903225806,0.935483870967742,31,600,600,0,1.0,6,6,0,357.17142722388866,0.4444444444444444,0.03003507385269022,0.20281125389321675,130129.69970703124,3095.7221137152774,133225.4218207465,94,0,49.16129032258065,31,0,20,35.81121320401565,0.6330645161290323,44.921875,1020.3124999999999,32.9133064516129,0
96,4,1,1,29,0.03333333333333333,0.03333333333333333,0.9666666666666667,30,950,600,350,0.631578947368421,13,6,7,364.45342774400956,0.44102011494252874,0.04885640282716497,0.2072880057573234,130193.99144771085,3489.9292909585065,133683.92073866937,95,0,51.766666666666666,30,0,21,35.560165064313615,0.6364583333333333,44.85887096774194,1020.5645161290333,34.01881720430111,0
97,4,1,1,29,0.03333333333333333,0.03333333333333333,0.9666666666666667,30,1450,1100,350,0.7586206896551724,18,11,7,365.6054872643851,0.4390325670498085,0.04569623585153959,0.20886244302517287,130365.51371545852,3532.4694328824207,133897.98314834095,96,0,52.4,30,0,21,35.35661796964114,0.6381944444444445,44.69086021505377,1021.2365591397856,34.041218637992856,0
98,4,0,0,29,0.0,0.0,1.0,29,800,400,400,0.5,12,4,8,377.31624707589833,0.43667898193760263,0.05993331363693866,0.21557159011259372,130368.94531250015,4038.064236111124,134407.00954861127,97,2,55.206896551724135,29,0,21,35.05414456684346,0.6411637931034482,44.68750000000001,1021.2500000000011,35.21551724137935,0
99,4,2,1,30,0.06451612903225806,0.03225806451612903,0.967741935483871,31,850,700,150,0.8235294117647058,10,7,3,358.58899260785813,0.4387544802867383,0.05015550504263078,0.20821467207407557,130994.67807345932,3194.649929470504,134189.32800292983,98,0,52.58064516129032,31,0,21,34.898350716526764,0.6418010752688171,44.07552083333334,1023.6979166666677,33.022513440860244,0
100,4,0,0,30,0.0,0.0,1.0,30,800,600,200,0.75,10,6,4,390.0544192156127,0.4369971264367816,0.09388127853881256,0.21249233285626654,128496.33487654313,4071.7370304060437,132568.07190694916,99,1,55.333333333333336,29,1,19,36.64098173515982,0.6221264367816093,46.52777777777777,1013.8888888888882,34.96168582375476,6
101,4,3,2,31,0.09090909090909091,0.06060606060606061,0.9393939393939394,33,800,500,300,0.625,11,5,6,358.4768832669824,0.44057765151515155,0.0783304745568898,0.19943990135350878,129329.78777675734,2672.3478471584363,132002.13562391576,100,0,51.21212121212121,32,1,21,36.59125703409468,0.6223958333333335,45.7070707070707,1017.1717171717161,31.786616161616127,0
102,4,1,0,32,0.03125,0.0,1.0,32,1250,900,350,0.72,16,9,7,411.16800663409265,0.44136424731182794,0.19253951245646928,0.20997129531669878,125875.18246329055,3987.139274973373,129862.32173826393,101,0,53.78125,30,2,17,38.811221984105714,0.5923611111111111,49.126344086021504,1003.494623655914,33.44982078853047,7
103,4,1,2,31,0.030303030303030304,0.06060606060606061,0.9393939393939394,33,550,300,250,0.5454545454545454,8,3,5,402.16434057028664,0.44507575757575757,0.17578585230218224,0.20687333678935554,126174.62158203135,3548.586697048626,129723.20827907998,102,0,53.121212121212125,31,2,17,38.72688785208226,0.5927419354838709,48.82812500000001,1004.6875000000008,32.40927419354841,0
104,4,3,1,33,0.08823529411764706,0.029411764705882353,0.9705882352941176,34,900,500,400,0.5555555555555556,13,5,8,387.81999207250624,0.44823232323232326,0.19768127913151212,0.20243797491952303,126773.92612998684,3033.0926053464063,129807.01873533324,103,0,52.35294117647059,32,2,19,38.46826939150786,0.5963541666666666,48.23232323232324,1007.070707070708,31.470959595959624,0
105,4,4,3,34,0.10810810810810811,0.08108108108108109,0.9189189189189189,37,1200,900,300,0.75,15,9,6,359.22509144792826,0.4513576076076076,0.19575563656168193,0.19201174716684258,127734.70320001728,1777.1020876200478,129511.80528763733,104,0,49.0,35,2,20,38.20175940767883,0.5994047619047618,47.2800925925926,1010.8796296296307,28.88227513227516,0
106,4,2,0,36,0.05555555555555555,0.0,1.0,36,650,200,450,0.3076923076923077,11,2,9,359.47672920715377,0.4543981481481481,0.1912264866703295,0.192521774141587,127813.27239229044,1989.1794217687293,129802.45181405917,105,0,49.138888888888886,34,2,22,38.114894827721535,0.6023284313725489,47.20238095238096,1011.1904761904777,29.740896358543463,0
107,4,2,1,37,0.05263157894736842,0.02631578947368421,0.9736842105263158,38,1550,900,650,0.5806451612903226,22,9,13,341.49565051440624,0.4552661213845424,0.1812563252078172,0.18519809328982015,128315.61872260801,1163.8451373671246,129479.46385997513,106,0,47.5,36,2,23,38.056203919825116,0.6032986111111109,46.706081081081095,1013.1756756756778,28.143768768768826,0
108,4,0,0,37,0.0,0.0,1.0,37,1150,800,350,0.6956521739130435,15,8,7,350.18790349715454,0.4547672672672673,0.1897914369631888,0.1895172754176624,128232.43694540905,1581.0896508487772,129813.52659625783,107,1,49.78378378378378,35,2,23,37.92102331162152,0.6044642857142857,46.78819444444445,1012.8472222222231,28.938492063492088,0
109,4,1,1,37,0.02631578947368421,0.02631578947368421,0.9736842105263158,38,650,300,350,0.46153846153846156,10,3,7,343.1663291717107,0.45612553342816503,0.18354393371496736,0.18663686579302538,128429.74044568227,1214.5525170440808,129644.29296272635,108,0,49.44736842105263,36,2,17,37.897409547087356,0.6044560185185185,46.59346846846847,1013.6261261261269,28.156281281281302,0
110,4,3,4,36,0.075,0.1,0.9,40,1100,700,400,0.6363636363636364,15,7,8,330.23357340720213,0.45949519230769226,0.16905789473684218,0.18113273368177968,128767.2812111916,504.65588246038715,129271.93709365198,109,0,47.9,38,2,17,37.88135964912283,0.6041666666666665,46.26068376068377,1014.957264957266,26.70940170940174,0
111,4,2,2,36,0.05263157894736842,0.05263157894736842,0.9473684210526316,38,1000,700,300,0.7,13,7,6,342.4033722550231,0.4571034850640114,0.16993399147146437,0.18742736233400734,128686.69979100728,1212.5519945621372,129899.25178556942,110,0,51.28947368421053,36,2,17,37.65468923418425,0.6070601851851851,46.340090090090094,1014.6396396396401,28.184434434434447,0
112,4,2,4,34,0.05263157894736842,0.10526315789473684,0.8947368421052632,38,1100,900,200,0.8181818181818182,13,9,4,344.5885963403496,0.4568515884305358,0.18506836444698616,0.18985000307841263,128943.91593874285,1286.520599991891,130230.43653873475,111,0,52.23684210526316,36,2,18,37.33714935136932,0.6096643518518519,46.086711711711715,1015.6531531531535,28.2125875875876,0
113,4,0,0,34,0.0,0.0,1.0,34,1050,800,250,0.7619047619047619,13,8,5,373.0981047482919,0.4475267379679144,0.196643783930311,0.20309184291688404,128464.33280086236,2785.959819151133,131250.2926200135,112,1,56.088235294117645,32,2,18,37.10352057126251,0.6136067708333333,46.55934343434345,1013.7626262626279,31.680082070707122,0
114,4,2,3,33,0.05555555555555555,0.08333333333333333,0.9166666666666666,36,950,600,350,0.631578947368421,13,6,7,361.1385392409304,0.4494708994708995,0.20251389376960383,0.1998081470835921,129110.63102324281,2125.3649376417447,131235.99596088455,113,0,53.916666666666664,34,2,19,36.74690562648861,0.6155024509803919,45.92261904761906,1016.3095238095253,29.891456582633097,0
115,4,3,1,35,0.08333333333333333,0.027777777777777776,0.9722222222222222,36,850,500,350,0.5882352941176471,12,5,7,355.9247408530158,0.4493882275132275,0.2045855894459372,0.19997688821268927,129716.28578514747,2033.8789682539762,131750.16475340145,114,0,51.97222222222222,34,2,17,36.262952358692694,0.6216299019607843,45.327380952380956,1018.6904761904768,29.961484593837554,0
116,4,1,1,35,0.027777777777777776,0.027777777777777776,0.9722222222222222,36,1550,1200,350,0.7741935483870968,19,12,7,357.31225471094314,0.450380291005291,0.19242023174640321,0.20169181523334243,129898.25857426293,2082.8479308389906,131981.10650510192,115,0,52.94444444444444,34,2,17,36.04266417532796,0.623468137254902,45.14880952380952,1019.404761904761,29.982492997198854,0
117,4,1,1,35,0.027777777777777776,0.027777777777777776,0.9722222222222222,36,750,400,350,0.5333333333333333,11,4,7,358.6972190614063,0.44915674603174605,0.19707141467211509,0.2027882297862009,129958.94451530605,2123.182397959171,132082.1269132652,116,0,53.916666666666664,34,2,17,35.94570928196146,0.6240808823529412,45.08928571428571,1019.6428571428567,29.989495798319314,0
118,4,0,0,35,0.0,0.0,1.0,35,1550,1000,550,0.6451612903225806,21,10,11,369.55828114440607,0.4466036414565826,0.2040759147460065,0.20909090067919273,129989.29280045329,2607.723922902467,132597.01672335574,117,3,56.457142857142856,34,1,17,35.63798739201495,0.6243872549019609,45.059523809523796,1019.7619047619029,29.992997198879497,0
119,4,0,0,35,0.0,0.0,1.0,35,1150,1000,150,0.8695652173913043,13,10,3,367.1527907315556,0.4463585434173669,0.20073345557592948,0.20837744480592227,130110.72137188182,2554.1028911564326,132664.82426303826,118,4,57.457142857142856,34,1,17,35.57589459354337,0.6256127450980393,44.940476190476176,1020.2380952380931,30.007002801120386,0
120,4,1,0,36,0.027777777777777776,0.0,1.0,36,1350,1000,350,0.7407407407407407,17,10,7,357.0464633975856,0.4461805555555556,0.1911979363281744,0.20498831416129254,130558.1342699759,2123.0640217763944,132681.19829175228,119,0,56.833333333333336,35,1,17,35.37986032465081,0.6279761904761905,44.50231481481481,1021.99074074074,29.199735449735428,0
121,4,1,1,36,0.02702702702702703,0.02702702702702703,0.972972972972973,37,900,700,200,0.7777777777777778,11,7,4,350.4424481055623,0.44819819819819817,0.18810620395825106,0.2025075826075654,130809.2129291454,1768.2201627302998,132577.4330918757,120,0,56.270270270270274,36,1,17,35.2944279318949,0.6284722222222222,44.25675675675676,1022.9729729729734,28.415915915915928,0
122,4,0,0,36,0.0,0.0,1.0,36,1000,500,500,0.5,15,5,10,362.5096518466436,0.4456349206349206,0.19666993574994018,0.20924218114753695,130765.21675936645,2280.730640217766,133045.94739958423,121,2,58.833333333333336,35,1,17,35.0303883293727,0.6300595238095238,44.29976851851852,1022.8009259259262,29.222883597883605,0
123,4,0,1,35,0.0,0.027777777777777776,0.9722222222222222,36,1050,700,350,0.6666666666666666,14,7,7,358.5440258924939,0.4438988095238095,0.1890170360319614,0.2080684622698961,130972.46334876542,2191.8788580246905,133164.3422067901,122,3,59.833333333333336,35,1,17,34.92198100407055,0.6321428571428571,44.09722222222222,1023.6111111111111,29.246031746031747,0
124,4,0,0,35,0.0,0.0,1.0,35,900,400,500,0.4444444444444444,14,4,10,368.99640976649107,0.4421218487394958,0.19765644477686384,0.21357064928909017,130870.93431122445,2658.1809807256204,133529.11529195006,123,4,62.31428571428572,34,1,17,34.757368625169676,0.6332720588235294,44.19642857142857,1023.2142857142853,30.09453781512604,0
125,4,0,0,35,0.0,0.0,1.0,35,1050,800,250,0.7619047619047619,13,8,5,365.81392150806033,0.44124649859943976,0.18696829272343773,0.21273600668633047,131053.71492346942,2588.254676870754,133641.96960034018,124,5,63.31428571428572,34,1,18,34.65367399139635,0.635110294117647,44.017857142857146,1023.9285714285717,30.115546218487403,0
126,4,0,0,35,0.0,0.0,1.0,35,1250,900,350,0.72,16,9,7,367.36273149031285,0.441281512605042,0.18620403419938603,0.21431568165926396,131175.63952664402,2637.808248299324,133813.44777494334,125,6,64.31428571428572,34,1,18,34.490606236684094,0.6363357843137254,43.898809523809526,1024.4047619047622,30.1295518207283,0
127,4,0,0,35,0.0,0.0,1.0,35,900,600,300,0.6666666666666666,12,6,6,368.09193554530566,0.440406162464986,0.18822826610026078,0.21542511713864973,131297.62081916098,2665.91907596372,133963.5398951247,126,7,65.31428571428572,34,1,19,34.34850156812639,0.6375612745098038,43.779761904761905,1024.8809523809523,30.143557422969185,0
128,4,0,1,34,0.0,0.02857142857142857,0.9714285714285714,35,1150,900,250,0.782608695652174,14,9,5,370.80483284856456,0.4405112044817927,0.19123217487832034,0.21736387013162184,131359.53006355735,2741.753260740583,134101.28332429792,127,8,66.31428571428572,33,2,19,34.21635285913529,0.6404671717171717,43.719362745098046,1025.1225490196084,31.06431966726086,0
129,4,1,0,35,0.02857142857142857,0.0,1.0,35,500,200,300,0.4,8,2,6,369.3038087611641,0.4407563025210084,0.18386755419013423,0.21737502667587513,131516.61169982704,2713.917123221845,134230.5288230489,128,0,66.51428571428572,33,2,21,34.09597769812824,0.6420454545454545,43.56617647058824,1025.7352941176475,31.082887700534773,0
130,4,0,1,34,0.0,0.02857142857142857,0.9714285714285714,35,1200,800,400,0.6666666666666666,16,8,8,368.85699527744936,0.44037114845938374,0.180380333951762,0.21847683566433573,131755.55555555574,2719.791666666687,134475.34722222242,129,1,67.51428571428572,34,1,17,33.86600378787878,0.642156862745098,43.33333333333334,1026.6666666666683,30.196078431372598,0
131,4,2,1,35,0.05555555555555555,0.027777777777777776,0.9722222222222222,36,1300,800,500,0.6153846153846154,18,8,10,358.68256128628,0.4392691798941799,0.16434611824163703,0.21438886334756005,132100.37964034648,2276.4205032578993,134376.80014360437,130,0,66.55555555555556,35,1,18,33.77946033175711,0.6434523809523809,42.99768518518519,1028.0092592592603,29.371693121693152,0
132,4,0,0,35,0.0,0.0,1.0,35,1300,900,400,0.6923076923076923,17,9,8,362.06719920985364,0.4375,0.16661264181523472,0.21688879797328134,132183.68055555562,2571.8750000000095,134755.55555555562,131,1,69.45714285714286,34,1,18,33.60852242031334,0.6464460784313726,42.91666666666667,1028.333333333334,30.245098039215705,0
133,4,1,1,35,0.027777777777777776,0.027777777777777776,0.9722222222222222,36,800,500,300,0.625,11,5,6,357.9290344702655,0.4397652116402116,0.16109612310151888,0.21631363387550834,132517.14677640607,2286.346879286699,134803.49365569276,132,0,68.5,35,1,18,33.37923411270983,0.6476190476190475,42.592592592592595,1029.62962962963,29.41798941798943,0
134,4,0,0,35,0.0,0.0,1.0,35,1250,900,350,0.72,16,9,7,364.7562604446874,0.4364495798319328,0.16025247017613498,0.21992208004217328,132428.6352040815,2660.8347505668835,135089.4699546484,133,3,71.45714285714286,34,1,19,33.29261122677154,0.6488970588235294,42.67857142857142,1029.2857142857133,30.27310924369745,0
135,4,0,1,34,0.0,0.02857142857142857,0.9714285714285714,35,1050,800,250,0.7619047619047619,13,8,5,367.8349619295985,0.43641456582633054,0.1579750346740636,0.22286471222793316,132612.50000000003,2755.9027777777774,135368.4027777778,134,4,72.45714285714286,34,1,20,33.02824973031283,0.650735294117647,42.5,1030.0000000000002,30.29411764705883,0
136,4,0,0,34,0.0,0.0,1.0,34,700,400,300,0.5714285714285714,10,4,6,367.6620917338729,0.4363116458704694,0.14526017426601845,0.22279739589208364,132618.81134960108,2951.781916810839,135570.59326641192,135,5,72.88235294117646,33,1,20,33.02634840372793,0.6530934343434343,42.493872549019606,1030.0245098039213,31.212863933452162,0
137,4,0,0,34,0.0,0.0,1.0,34,950,700,250,0.7368421052631579,12,7,5,364.32107629332864,0.4352346999405823,0.13665680328499596,0.22151669779830802,132745.06987997398,2872.365346261045,135617.43522623501,136,6,73.88235294117646,33,1,15,32.98536785983272,0.6543560606060606,42.37132352941176,1030.5147058823525,31.227718360071286,0
138,4,0,1,33,0.0,0.029411764705882353,0.9705882352941176,34,600,400,200,0.6666666666666666,8,4,4,363.594204235554,0.43425059417706474,0.13371653939749906,0.22163438014706385,132839.80320069208,2859.9565071126517,135699.75970780474,137,7,74.88235294117646,33,1,15,32.908840545252815,0.6553030303030303,42.279411764705884,1030.8823529411768,31.23885918003566,0
139,4,1,1,33,0.029411764705882353,0.029411764705882353,0.9705882352941176,34,1200,900,300,0.75,15,9,6,363.50790014789726,0.4348819073083779,0.12879264321551864,0.22270811524344955,133029.3712153979,2871.4454777008805,135900.81669309878,138,0,75.17647058823529,33,1,16,32.72055911934741,0.6571969696969697,42.095588235294116,1031.6176470588234,31.261140819964346,0
140,4,0,1,32,0.0,0.030303030303030304,0.9696969696969697,33,1150,700,450,0.6086956521739131,16,7,9,372.82265942001806,0.4322916666666667,0.1416936599990355,0.2277369229232077,132918.29476902867,3310.9904282726293,136229.2851973013,139,9,78.45454545454545,32,1,16,32.59203705971184,0.6585286458333333,42.20328282828283,1031.1868686868688,32.22458964646465,0
141,4,1,1,32,0.030303030303030304,0.030303030303030304,0.9696969696969697,33,1000,800,200,0.8,12,8,4,371.79901750529444,0.4322522095959596,0.13422137223507113,0.2289027686086813,133211.40699928586,3305.5740485664815,136516.98104785234,140,0,76.6969696969697,32,1,19,32.323772831050235,0.6614583333333333,41.919191919191924,1032.3232323232328,32.260101010101025,0
142,4,0,0,32,0.0,0.0,1.0,32,800,300,500,0.375,13,3,10,386.60346025617105,0.4300025201612903,0.15090367146101458,0.237536358603908,133136.0626220704,3894.172498914945,137030.23512098534,141,1,79.78125,31,1,20,32.017516191437466,0.6633064516129031,41.99218750000001,1032.0312500000007,33.29133064516131,0
143,4,0,0,32,0.0,0.0,1.0,32,1100,800,300,0.7272727272727273,14,8,6,387.40501088691144,0.42897345430107525,0.16101768377253833,0.23910576975440417,133304.0894402397,3928.534444173167,137232.62388441287,142,2,80.78125,31,1,20,31.827769722187206,0.664986559139785,41.82942708333333,1032.6822916666658,33.312331989247284,0
144,4,0,0,32,0.0,0.0,1.0,32,900,700,200,0.7777777777777778,11,7,4,387.1077846266639,0.4273773521505377,0.1628567153836462,0.24022474484611664,133505.8614942763,3936.231655544709,137442.093149821,143,3,81.78125,31,1,20,31.632570030658098,0.667002688172043,41.634114583333336,1033.463541666667,33.33753360215055,0
145,4,1,1,32,0.030303030303030304,0.030303030303030304,0.9696969696969697,33,1450,1200,250,0.8275862068965517,17,12,5,377.15418224404294,0.4278330176767677,0.15830791132804523,0.236117534262027,133831.25964506183,3495.0038580247024,137326.26350308652,144,0,80.27272727272727,32,1,17,31.563199105145397,0.6676432291666666,41.31944444444445,1034.722222222223,32.33506944444447,0
146,4,1,0,33,0.030303030303030304,0.0,1.0,33,850,700,150,0.8235294117647058,10,7,3,378.2546103509818,0.4266887626262626,0.17014781966001502,0.23785949423911434,133994.61789613307,3536.8163962861026,137531.43429241917,145,0,81.24242424242425,32,1,18,31.370934959349597,0.6692708333333333,41.161616161616166,1035.3535353535356,32.354797979797986,0
147,4,0,0,33,0.0,0.0,1.0,33,1300,1000,300,0.7692307692307693,16,10,6,380.07891956385794,0.42570233585858586,0.16873832155333512,0.24028718135138827,134190.77932098773,3600.6172839506294,137791.39660493835,146,1,82.24242424242425,32,1,19,31.12712243074174,0.6712239583333333,40.97222222222223,1036.1111111111118,32.37847222222224,0
148,4,0,0,33,0.0,0.0,1.0,33,700,400,300,0.5714285714285714,10,4,6,378.6879464694231,0.42570233585858586,0.16098069207067,0.23855595521829567,134059.98909550052,3553.3803948576738,137613.3694903582,147,2,83.24242424242425,32,1,18,31.294196537429887,0.669921875,41.09848484848485,1035.6060606060612,32.36268939393941,3
149,4,0,0,33,0.0,0.0,1.0,33,800,600,200,0.75,10,6,4,375.54084268855524,0.4250710227272727,0.15491662511772164,0.23720651379981508,134158.0757862719,3476.367366850329,137634.4431531222,148,3,84.24242424242425,32,1,18,31.277422303473493,0.6708984375,41.00378787878788,1035.9848484848492,32.37452651515154,0
150,4,0,0,33,0.0,0.0,1.0,33,1350,1200,150,0.8888888888888888,15,12,3,372.72283642322213,0.424636994949495,0.1289334416246668,0.22847098997855575,133048.52701573816,3318.044874247523,136366.57188998567,149,4,85.24242424242425,32,1,18,32.46364174111697,0.6598307291666667,42.0770202020202,1031.691919191919,32.24037247474747,2
151,4,0,1,32,0.0,0.030303030303030304,0.9696969696969697,33,1350,900,450,0.6666666666666666,18,9,9,371.80843363353273,0.4242818813131313,0.1279288295802059,0.2287083480025681,133178.82303145088,3303.401916896239,136482.2249483471,150,5,86.24242424242425,32,1,19,32.35626911314986,0.6611328125,41.95075757575758,1032.1969696969697,32.256155303030305,0
152,4,0,1,31,0.0,0.03125,0.96875,32,1250,700,550,0.56,18,7,11,382.03941594750177,0.42387012768817206,0.13248328286651545,0.2347321248682092,133136.0626220703,3772.6447211371533,136908.70734320747,151,6,88.71875,31,1,19,32.13527210026074,0.6633064516129032,41.9921875,1032.03125,33.29133064516129,0
153,4,0,0,31,0.0,0.0,1.0,31,1000,800,200,0.8,12,8,4,389.55337779285895,0.4222222222222222,0.1187738658847548,0.23950203267184644,133159.9051371545,4174.578166551032,137334.48330370555,152,7,88.48387096774194,30,1,19,31.917404609975264,0.6663194444444445,41.96908602150537,1032.1236559139777,34.404121863799254,0
154,4,0,0,31,0.0,0.0,1.0,31,600,400,200,0.6666666666666666,8,4,4,390.3074170416737,0.4220878136200717,0.11829076769322544,0.24063736578765133,133263.97018441427,4202.783197479463,137466.75338189374,153,8,89.48387096774194,30,1,19,31.7932070641326,0.6673611111111111,41.868279569892465,1032.5268817204292,34.4175627240143,0
155,4,0,0,31,0.0,0.0,1.0,31,950,800,150,0.8421052631578947,11,8,3,385.0156087408949,0.42110215053763445,0.10848074921956319,0.23870967741935473,133472.2222222221,4077.7777777777587,137549.99999999985,154,9,90.48387096774194,30,1,19,31.72043010752688,0.6694444444444445,41.66666666666666,1033.3333333333323,34.444444444444414,0
156,4,1,0,32,0.03125,0.0,1.0,32,850,500,350,0.5882352941176471,12,5,7,376.70373759861815,0.4230300739247312,0.07423370169156662,0.21714758511111848,130714.10323245099,3448.0982489032003,134162.2014813542,155,0,88.625,32,0,19,34.71930691031814,0.6363932291666665,44.34974747474749,1022.6010101010119,31.95628156565662,6
157,4,0,0,32,0.0,0.0,1.0,32,500,300,200,0.6,7,3,4,376.3503237937475,0.42326108870967744,0.0674601950135767,0.21748861079721438,130810.95838434866,3446.149308744021,134257.1076930927,156,1,89.625,32,0,19,34.63008104994651,0.6373697916666665,44.25505050505051,1022.9797979797991,31.96811868686872,0
158,4,2,1,33,0.058823529411764705,0.029411764705882353,0.9705882352941176,34,1050,900,150,0.8571428571428571,12,9,3,360.2316457473554,0.42622920380273327,0.06915720263000602,0.21116592268231474,131359.5300635575,2664.9922439295287,134024.52230748703,157,0,85.29411764705883,33,1,20,34.487323171946606,0.6404671717171716,43.71936274509805,1025.1225490196096,31.064319667260897,0
159,4,0,1,32,0.0,0.030303030303030304,0.9696969696969697,33,800,600,200,0.75,10,6,4,369.03716622189944,0.42554450757575757,0.0766656878631995,0.21526738816809912,131171.156000697,3081.406340109594,134252.5623408066,158,1,88.87878787878788,33,0,20,34.45226203293855,0.6385732323232322,43.903186274509814,1024.387254901962,31.042038027332183,0
160,4,0,1,31,0.0,0.03125,0.96875,32,600,200,400,0.3333333333333333,10,2,8,372.86564613447405,0.42261004704301075,0.06263474805962832,0.2182083957947748,131295.7721948016,3391.1365868278835,134686.9087816295,159,2,88.6875,32,0,20,34.228060449262884,0.6422526041666666,43.78156565656566,1024.8737373737376,32.0273042929293,0
161,4,0,0,31,0.0,0.0,1.0,31,1100,700,400,0.6363636363636364,15,7,8,383.2050297907714,0.4216845878136201,0.07604593895838407,0.22464431865545337,131361.49300469278,3867.6769680446855,135229.16997273747,160,3,91.93548387096774,31,0,21,33.89657161607181,0.6454973118279571,43.71744791666666,1025.1302083333321,33.06871639784942,0
162,4,0,0,31,0.0,0.0,1.0,31,850,600,250,0.7058823529411765,11,6,5,386.07152959486655,0.42163978494623655,0.07889035861859983,0.22711616419856334,131495.00740898974,3953.2957288953894,135448.30313788512,161,4,92.93548387096774,31,0,21,33.68787292116287,0.6468413978494624,43.58723958333333,1025.651041666666,33.08551747311826,0
163,4,0,0,31,0.0,0.0,1.0,31,1300,900,400,0.6923076923076923,17,9,8,387.5116609935653,0.4214605734767025,0.07438753877761517,0.228963036877907,131661.99578179242,4004.1117350260233,135666.10751681845,162,5,93.93548387096774,31,0,19,33.48187854182525,0.6485215053763442,43.42447916666666,1026.3020833333323,33.10651881720427,0
164,4,1,1,31,0.03125,0.03125,0.96875,32,1100,700,400,0.6363636363636364,15,7,8,376.33189321359924,0.42540322580645157,0.06489675516224214,0.22381844175335092,131911.1570247932,3528.4750918273467,135439.63211662055,163,0,91.96875,32,0,19,33.51693092428714,0.6484375,43.18181818181817,1027.272727272726,32.102272727272684,0
165,4,0,0,31,0.0,0.0,1.0,31,1300,1000,300,0.7692307692307693,16,10,6,386.7071670983943,0.42016129032258065,0.06648752336429475,0.2294928086459768,131829.0901184081,3995.850796169691,135824.94091457778,164,7,95.93548387096774,31,0,19,33.33346540721018,0.650201612903226,43.26171874999999,1026.953124999999,33.12752016129029,0
166,4,0,0,31,0.0,0.0,1.0,31,1250,900,350,0.72,16,9,7,376.14986214537873,0.42029569892473123,0.06340265269363021,0.22186084683425017,131595.18771701382,3699.902343749989,135295.09006076382,165,8,96.93548387096774,31,0,18,33.84094754653131,0.6478494623655915,43.48958333333333,1026.041666666666,33.098118279569874,1
167,4,0,0,31,0.0,0.0,1.0,31,1000,700,300,0.7,13,7,6,376.5617352046471,0.42029569892473123,0.06627618076959285,0.22229835469272075,131628.58963012684,3713.2580227321882,135341.84765285903,166,9,97.93548387096774,31,0,18,33.79660470329485,0.6481854838709677,43.45703124999999,1026.171874999999,33.10231854838707,0
168,4,2,1,32,0.06060606060606061,0.030303030303030304,0.9696969696969697,33,750,500,250,0.6666666666666666,10,5,5,355.87865805348554,0.4261758207070707,0.02124590830980977,0.20457504388863687,130606.84479827469,2696.037731881967,133302.88253015667,167,0,92.93939393939394,33,0,17,35.360343483994725,0.6328914141414141,44.4546568627451,1022.1813725490194,30.975193107546044,4
169,4,0,0,32,0.0,0.0,1.0,32,1100,700,400,0.6363636363636364,15,7,8,410.8612023112198,0.4226940524193548,0.08728620391321718,0.21814842494446618,127464.99098522961,4136.267004423492,131601.2579896531,168,1,96.84375,30,2,17,37.17473046719021,0.6086805555555554,47.547043010752695,1009.8118279569901,33.660394265233,8
170,4,6,5,33,0.15789473684210525,0.13157894736842105,0.868421052631579,38,1150,700,450,0.6086956521739131,16,7,9,355.31000930792754,0.4378556187766714,0.050983652812881086,0.19456607442864468,128701.7763658479,1547.6124389324518,130249.38880478035,169,0,82.39473684210526,35,3,14,37.31191304513136,0.6092261904761904,46.32523148148148,1014.6990740740739,28.99140211640211,0
171,4,4,3,34,0.10810810810810811,0.08108108108108109,0.9189189189189189,37,850,600,250,0.7058823529411765,11,6,5,358.51122058018626,0.43333958958958957,0.07180579594372705,0.1966966966966967,128778.12499999999,1833.6805555555557,130611.80555555555,170,0,85.51351351351352,34,3,15,37.15277777777777,0.6121323529411764,46.25,1014.9999999999999,29.852941176470583,0
172,4,4,2,36,0.10526315789473684,0.05263157894736842,0.9473684210526316,38,1150,800,350,0.6956521739130435,15,8,7,351.8776669887652,0.43302513039355145,0.07670670700656013,0.19527765663274163,129230.8080016502,1494.6870445387326,130725.49504618894,171,0,84.15789473684211,35,3,18,36.85982261430468,0.6145833333333335,45.80439814814814,1016.782407407406,29.050925925925885,0
173,4,1,1,36,0.02702702702702703,0.02702702702702703,0.972972972972973,37,1050,700,350,0.6666666666666666,14,7,7,356.1028981486429,0.43243243243243246,0.06330394565688668,0.1982133231050297,129348.51794249385,1812.2764221107475,131160.7943646046,172,0,82.83783783783784,35,2,18,36.63255679447794,0.6157738095238096,45.6886574074074,1017.2453703703692,29.064153439153404,0
174,4,1,1,36,0.02702702702702703,0.02702702702702703,0.972972972972973,37,800,400,400,0.5,12,4,8,358.4116919923067,0.4339652152152152,0.06411233799768823,0.1999464210657588,129436.8355624142,1878.3350480109643,131315.17061042515,173,0,83.8108108108108,35,2,12,36.483924780103116,0.6166666666666667,45.60185185185185,1017.592592592592,29.07407407407406,0
175,4,2,4,34,0.05263157894736842,0.10526315789473684,0.8947368421052632,38,1100,800,300,0.7272727272727273,14,8,6,348.04736496759637,0.43447724039829305,0.06551174599112453,0.19598510302375707,129803.15778193722,1435.5294060952729,131238.6871880325,174,0,82.55263157894737,36,2,13,36.37533613290604,0.6183449074074074,45.24211711711711,1019.0315315315305,28.306431431431403,0
176,4,2,2,34,0.05555555555555555,0.05555555555555555,0.9444444444444444,36,750,600,150,0.8,9,6,3,365.58257241544425,0.43278769841269843,0.07254710851202106,0.20429614340863064,129504.14540816334,2268.891723356022,131773.03713151938,175,0,87.83333333333333,34,2,13,36.23294346978558,0.619485294117647,45.53571428571429,1017.8571428571435,29.936974789915983,0
177,4,0,1,33,0.0,0.029411764705882353,0.9705882352941176,34,900,500,400,0.5555555555555556,13,5,8,385.0761930481079,0.4275289661319073,0.08505663134819152,0.2131955539227831,129137.21335833071,3145.533300173446,132282.74665850415,176,2,94.0,32,2,17,36.111542443064195,0.6204427083333334,45.89646464646464,1016.4141414141409,31.762941919191903,0
178,4,1,2,32,0.029411764705882353,0.058823529411764705,0.9411764705882353,34,1000,600,400,0.6,14,6,8,383.6467098729942,0.4279560308972074,0.08808195572171229,0.21344322477464367,129329.78777675737,3123.3895138251028,132453.17729058248,177,0,94.3529411764706,32,2,18,35.95120614035087,0.6223958333333335,45.7070707070707,1017.1717171717163,31.786616161616134,0
179,4,1,0,33,0.030303030303030304,0.0,1.0,33,1100,800,300,0.7272727272727273,14,8,6,394.67333968832196,0.4248342803030303,0.10760794533510154,0.21996986279062367,129400.03289116737,3614.1486273871287,133014.1815185545,178,0,94.0,31,2,19,35.59903165258937,0.6256720430107527,45.63802083333332,1017.4479166666653,32.820900537634365,0
180,4,5,3,35,0.13157894736842105,0.07894736842105263,0.9210526315789473,38,1000,800,200,0.8,12,8,4,351.0437811624889,0.4372332859174965,0.08811657242279236,0.20150046262173218,130550.14209733372,1565.7631026296458,132115.90519996337,179,0,82.5,36,2,14,35.54132231404958,0.6258680555555556,44.51013513513513,1021.9594594594587,28.38776276276274,0
181,4,0,1,34,0.0,0.02857142857142857,0.9714285714285714,35,650,300,350,0.46153846153846156,10,3,7,372.99775280432425,0.4296218487394958,0.11300276143594701,0.21235121552339126,130231.31315179245,2715.1974300749534,132946.5105818674,180,1,90.57142857142857,33,2,17,35.304233201264644,0.6291035353535355,44.82230392156862,1020.7107843137244,30.93062982768862,0
182,4,1,1,34,0.02857142857142857,0.02857142857142857,0.9714285714285714,35,950,700,250,0.7368421052631579,12,7,5,372.34185986320466,0.4289915966386555,0.11265345312392872,0.2124898887931657,130325.145376778,2705.1014033064,133030.24678008442,181,0,91.17142857142858,33,2,18,35.22563610177628,0.6300505050505052,44.730392156862735,1021.0784313725477,30.94177064765296,0
183,4,0,0,34,0.0,0.0,1.0,34,1300,1100,200,0.8461538461538461,15,11,4,381.34110787171994,0.42548648247177656,0.12088835534213671,0.2172757475083057,130262.58680555563,3134.895833333343,133397.482638889,182,3,94.8529411764706,32,2,19,35.05952380952381,0.6318359375,44.79166666666667,1020.833333333334,31.90104166666669,0
184,4,0,0,34,0.0,0.0,1.0,34,1200,900,300,0.75,15,9,6,379.534929203445,0.4254679144385027,0.12450374463753344,0.21714551465741666,130423.75299714321,3100.0739720436777,133523.8269691869,183,4,95.8529411764706,32,2,20,34.94180057684385,0.6334635416666666,44.63383838383839,1021.464646464647,31.92077020202022,0
185,4,0,0,34,0.0,0.0,1.0,34,1400,800,600,0.5714285714285714,20,8,12,379.4346457685191,0.4251151218062983,0.12979752849639326,0.21835695286337595,130649.5530589991,3114.593376951335,133764.14643595042,184,5,96.8529411764706,32,2,15,34.715017907867114,0.6357421875,44.41287878787879,1022.348484848485,31.948390151515156,0
186,4,1,0,35,0.02857142857142857,0.0,1.0,35,1100,800,300,0.7272727272727273,14,8,6,370.9045585396871,0.425875350140056,0.13439545975144895,0.2160034422101858,131108.39468293454,2725.7402501441843,133834.13493307872,185,0,95.05714285714286,33,2,18,34.46798591998724,0.6379419191919191,43.96446078431373,1024.1421568627457,31.034610814022596,0
187,4,0,0,35,0.0,0.0,1.0,35,950,600,350,0.631578947368421,13,6,7,370.8888157521832,0.4252450980392157,0.13375159753688837,0.21671690680102115,131236.6230867347,2734.839143990932,133971.46223072562,186,1,96.05714285714286,34,1,20,34.338571317919516,0.6369485294117647,43.839285714285715,1024.6428571428573,30.136554621848745,0
188,4,0,0,35,0.0,0.0,1.0,35,1200,800,400,0.6666666666666666,16,8,8,371.5475552354987,0.42496498599439775,0.14219840606174405,0.21887576248250237,131548.0392907775,2775.3023666574395,134323.34165743494,187,2,97.05714285714286,33,2,20,34.006664874766074,0.6423611111111112,43.53553921568627,1025.8578431372543,31.086601307189525,0
189,4,0,0,35,0.0,0.0,1.0,35,1200,800,400,0.6666666666666666,16,8,8,369.8219145154061,0.4246498599439776,0.1411098218551634,0.21803866678330855,131579.4706362938,2732.1943483275727,134311.66498462137,188,3,98.05714285714286,33,2,16,34.01915113871636,0.6426767676767677,43.504901960784316,1025.9803921568632,31.090314913844338,0
190,4,0,0,35,0.0,0.0,1.0,35,1250,800,450,0.64,17,8,9,372.17133437291153,0.4237044817927171,0.14016545842217454,0.21996717892541529,131673.7872002355,2801.0418168492906,134474.8290170848,189,4,99.05714285714286,33,2,16,33.863557213930356,0.6436237373737373,43.41299019607843,1026.3480392156864,31.101455733808677,0
191,4,0,0,35,0.0,0.0,1.0,35,700,500,200,0.7142857142857143,9,5,4,373.2465279333927,0.4232843137254902,0.1433244086699983,0.22096722010586795,131736.68368235772,2834.05195717993,134570.73563953766,190,5,100.05714285714286,33,2,16,33.77240758425849,0.6442550505050505,43.35171568627451,1026.5931372549019,31.10888294711824,0
192,4,0,0,35,0.0,0.0,1.0,35,400,200,200,0.5,6,2,4,371.81948154772414,0.42289915966386554,0.14469826116604168,0.2206690690771903,131831.05656478275,2803.471020761242,134634.52758554398,191,6,101.05714285714286,33,2,17,33.71370326173428,0.6452020202020202,43.259803921568626,1026.9607843137253,31.120023767082586,0
193,4,0,0,35,0.0,0.0,1.0,35,850,700,150,0.8235294117647058,10,7,3,371.9072625203252,0.42317927170868347,0.14716106604866752,0.22134894314140732,131938.95266439908,2813.810941043085,134752.76360544216,192,7,102.05714285714286,34,1,17,33.602500965623804,0.6439950980392157,43.154761904761905,1027.3809523809523,30.21708683473389,0
194,4,0,0,35,0.0,0.0,1.0,35,750,500,250,0.6666666666666666,10,5,5,371.3325508898165,0.42282913165266106,0.14690757470465643,0.22172097125744628,132061.28826530595,2807.731009070277,134869.01927437622,193,8,103.05714285714286,34,1,18,33.49379391552777,0.6452205882352942,43.03571428571428,1027.8571428571415,30.231092436974752,0
195,4,0,0,35,0.0,0.0,1.0,35,700,400,300,0.5714285714285714,10,4,6,374.08504803943947,0.4218487394957983,0.15088572420979518,0.2239066223088453,132153.0771683673,2887.2980442176827,135040.375212585,194,9,104.05714285714286,34,1,19,33.33043880977192,0.646139705882353,42.94642857142857,1028.2142857142853,30.24159663865545,0
196,4,0,0,35,0.0,0.0,1.0,35,800,600,200,0.75,10,6,4,376.18633582793325,0.42142857142857143,0.15267423014586745,0.22534657204449968,132183.68055555547,2945.138888888885,135128.81944444435,195,10,105.05714285714286,34,1,19,33.24554294975689,0.6464460784313726,42.916666666666664,1028.3333333333328,30.24509803921567,0
197,4,0,0,35,0.0,0.0,1.0,35,1150,1000,150,0.8695652173913043,13,10,3,375.20771759570374,0.42076330532212886,0.1524823515796787,0.22530714994749626,132275.5119756234,2926.158588435353,135201.67056405876,196,11,106.05714285714286,34,1,20,33.178065810284295,0.6473651960784315,42.82738095238094,1028.6904761904748,30.255602240896316,0
198,4,1,0,36,0.027777777777777776,0.0,1.0,36,550,300,250,0.5454545454545454,8,3,5,367.85712201349025,0.42273478835978834,0.14453569255997278,0.2223550747595211,132524.1568747596,2550.1043677274693,135074.26124248706,197,0,104.08333333333333,33,3,21,33.11661905895422,0.6521464646464648,42.58578431372548,1029.656862745097,31.201723113487787,0
199,4,0,3,33,0.0,0.08333333333333333,0.9166666666666666,36,900,400,500,0.4444444444444444,14,4,10,371.66522321933263,0.4226686507936508,0.14117615950076723,0.22503418846795875,132587.25610342162,2655.6144271433905,135242.870530565,198,1,105.08333333333333,33,3,21,32.95504125019832,0.6527777777777779,42.52450980392156,1029.9019607843125,31.209150326797346,0
200,4,0,0,33,0.0,0.0,1.0,33,500,400,100,0.8,6,4,2,398.83872761990017,0.422427398989899,0.12534181594955052,0.23903910496424488,132203.1572830579,3945.5478076216737,136148.70509067958,199,2,102.45454545454545,32,1,21,32.64349294045425,0.6513671875,42.89772727272727,1028.4090909090912,32.1377840909091,0
201,4,0,0,33,0.0,0.0,1.0,33,1250,1100,150,0.88,14,11,3,401.6508293188674,0.42195391414141414,0.1285535770071855,0.24134594080310717,132300.56244260803,4027.7261248852337,136328.28856749326,200,3,103.45454545454545,32,1,21,32.47269268532155,0.65234375,42.80303030303031,1028.78787878788,32.14962121212125,0
202,4,0,0,33,0.0,0.0,1.0,33,900,600,300,0.6666666666666666,12,6,6,402.1604125108208,0.4213620580808081,0.1284030488938468,0.24206849054381033,132365.51914345485,4046.4343561881597,136411.95349964302,201,4,104.45454545454545,32,1,21,32.39391615541923,0.6529947916666666,42.739898989899,1029.0404040404048,32.15751262626265,0
203,4,0,1,32,0.0,0.030303030303030304,0.9696969696969697,33,1100,900,200,0.8181818181818182,13,9,4,401.74400498287116,0.42144097222222227,0.1280824438719177,0.24202626641651048,132398.00347222236,4038.0208333333535,136436.0243055557,202,5,105.45454545454545,32,1,22,32.37179487179488,0.6533203125,42.70833333333334,1029.1666666666679,32.16145833333337,0
204,4,0,0,32,0.0,0.0,1.0,32,600,300,300,0.5,9,3,6,402.3346863314955,0.420929939516129,0.1060948461953588,0.2428424018802153,132469.4830246913,4259.413580246906,136728.8966049382,203,6,103.65625,29,3,22,32.28435869760749,0.6623563218390804,42.638888888888886,1029.4444444444441,35.49808429118773,0
205,4,0,0,32,0.0,0.0,1.0,32,1050,800,250,0.7619047619047619,13,8,5,420.38652946263835,0.420929939516129,0.12997303622303602,0.24418196285808572,131008.00781250003,4614.800347222223,135622.80815972225,204,7,104.65625,29,3,17,33.30323226156559,0.6476293103448276,44.0625,1023.7500000000002,35.30172413793104,3
206,4,0,1,31,0.0,0.03125,0.96875,32,1050,700,350,0.6666666666666666,14,7,7,421.8641227999514,0.4212239583333333,0.1276235928387357,0.245493620947438,131079.11120756168,4659.5148533950505,135738.62606095674,205,8,105.65625,29,3,17,33.1930410506804,0.6483477011494253,43.99305555555555,1024.0277777777774,35.31130268199232,0
207,4,0,1,30,0.0,0.03225806451612903,0.967741935483871,31,1150,800,350,0.6956521739130435,15,8,7,435.82699907663897,0.41868279569892475,0.14109337860781013,0.2530780251361902,130996.97625594534,5218.403809948479,136215.3800658938,206,21,109.80645161290323,28,3,18,32.91929824561403,0.6506696428571429,44.07327586206897,1023.7068965517244,36.56096059113302,0
208,4,0,0,30,0.0,0.0,1.0,30,800,600,200,0.75,10,6,4,440.9349165310097,0.4188218390804597,0.05011299435028249,0.24542603844650543,129347.50297265162,5406.766085348132,134754.26905799974,207,22,107.93333333333334,28,2,20,34.4762241054614,0.6339285714285714,45.689655172413794,1017.2413793103449,36.330049261083744,7
209,4,2,3,29,0.0625,0.09375,0.90625,32,800,600,200,0.75,10,6,4,419.746533796247,0.4246471774193548,0.030854534669127354,0.23727251902968177,129954.04996242339,4509.5524049023015,134463.6023673257,208,0,102.125,30,2,16,34.394498637841636,0.6340277777777779,45.094086021505376,1019.6236559139784,33.98745519713261,0
210,4,2,2,29,0.06451612903225806,0.06451612903225806,0.935483870967742,31,450,200,250,0.4444444444444444,7,2,5,414.7446301523403,0.4229390681003584,0.028087788139767866,0.23651653233011832,130296.89125910512,4607.987195051451,134904.87845415657,209,0,100.19354838709677,30,1,17,34.17204230296646,0.6375,44.75806451612903,1020.967741935484,34.032258064516135,0
211,4,0,0,29,0.0,0.0,1.0,29,800,500,300,0.625,11,5,6,424.9515764719926,0.41789819376026277,0.019712479407499206,0.24146320435728783,130156.271701389,5262.022569444463,135418.29427083346,210,1,102.6896551724138,29,0,17,34.05514155437594,0.639008620689655,44.89583333333334,1020.4166666666677,35.186781609195435,0
212,4,1,1,29,0.03333333333333333,0.03333333333333333,0.9666666666666667,30,600,300,300,0.5,9,3,6,411.93440081298405,0.4211925287356322,0.007751019871035769,0.2355372093136092,130399.8317182622,4743.235308995259,135143.06702725746,211,0,100.23333333333333,30,0,17,34.13881212440233,0.6385416666666666,44.65725806451613,1021.3709677419353,34.04569892473118,0
213,4,1,1,29,0.03333333333333333,0.03333333333333333,0.9666666666666667,30,650,500,150,0.7692307692307693,8,5,3,416.6839588179063,0.42009099616858236,0.003941426629838762,0.2390979727466069,130537.14889365825,4878.547194762405,135415.69608842066,212,0,101.2,30,0,15,33.87752641501161,0.6399305555555554,44.52284946236559,1021.9086021505378,34.063620071684596,0
214,4,1,1,29,0.03333333333333333,0.03333333333333333,0.9666666666666667,30,500,300,200,0.6,7,3,4,414.82631853691714,0.42133620689655177,0.01724711963902359,0.23930352219464784,130743.26014929485,4847.149056249291,135590.40920554413,213,0,102.16666666666667,30,0,17,33.71500854251544,0.6420138888888889,44.32123655913979,1022.7150537634418,34.09050179211473,0
215,4,0,0,29,0.0,0.0,1.0,29,850,600,250,0.7058823529411765,11,6,5,425.95470534431905,0.4180521346469623,0.029785460386742457,0.24559941232969654,130723.7871334878,5336.482445987673,136060.26957947548,214,1,105.72413793103448,29,0,17,33.450331613020055,0.6447557471264367,44.340277777777786,1022.63888888889,35.263409961685866,0
216,4,1,1,29,0.03333333333333333,0.03333333333333333,0.9666666666666667,30,1000,700,300,0.7,13,7,6,413.59663634691987,0.41982758620689653,0.03957677509618707,0.2418144751157146,131259.2496242341,4857.676826800792,136116.9264510349,215,0,103.16666666666667,30,0,18,33.22157004197271,0.6472222222222221,43.81720430107527,1024.7311827956996,34.15770609318999,0
217,4,2,0,31,0.06451612903225806,0.0,1.0,31,700,500,200,0.7142857142857143,9,5,4,403.05936969302525,0.4253584229390681,0.050283787488797804,0.23835836543811828,131695.40617201058,4416.2134806315025,136111.61965264208,216,0,100.54838709677419,31,0,17,33.04909827053997,0.6488575268817205,43.39192708333333,1026.4322916666663,33.11071908602149,0
218,4,0,0,31,0.0,0.0,1.0,31,700,500,200,0.7142857142857143,9,5,4,404.123640039583,0.42491039426523297,0.05629308405097477,0.2394075808949746,131762.23966810433,4449.6471828884505,136211.88685099277,217,1,101.54838709677419,31,0,17,32.95405305432254,0.6495295698924731,43.326822916666664,1026.692708333333,33.119119623655905,0
219,4,1,0,32,0.03125,0.0,1.0,32,800,400,400,0.5,12,4,8,395.59625016527514,0.42681031586021506,0.05687645866601154,0.23628386446041852,132073.33953486884,4049.543573359856,136122.88310822868,218,0,99.34375,32,0,18,32.858115301150555,0.6500651041666667,43.023989898989896,1027.90404040404,32.12200126262625,0
220,4,1,1,32,0.030303030303030304,0.030303030303030304,0.9696969696969697,33,950,600,350,0.631578947368421,13,6,7,384.05560509854183,0.4287405303030303,0.05253417173946984,0.23196958547951915,132495.48037190075,3577.5249336802285,136073.00530558097,219,0,97.3030303030303,32,1,18,32.728568800588675,0.654296875,42.61363636363636,1029.545454545454,32.17329545454544,0
221,4,1,0,33,0.030303030303030304,0.0,1.0,33,950,500,450,0.5263157894736842,14,5,9,384.02033813370844,0.4266887626262626,0.06711114472911683,0.2342830387758437,132871.3884833956,3605.063106737765,136476.45159013337,220,0,98.27272727272727,33,0,18,32.35060323309163,0.6556186868686871,42.24877450980391,1031.0049019607827,31.242572786690385,0
222,4,0,1,32,0.0,0.030303030303030304,0.9696969696969697,33,800,600,200,0.75,10,6,4,385.4463343405289,0.4264914772727273,0.0727186311787078,0.23574973472455568,132966.16685890013,3650.26432141481,136616.43118031495,221,1,99.27272727272727,33,0,18,32.21839353612168,0.6565656565656568,42.156862745098024,1031.3725490196055,31.25371360665471,0
223,4,0,0,32,0.0,0.0,1.0,32,1050,700,350,0.6666666666666666,14,7,7,383.84264739812113,0.4254872311827957,0.04795337738619665,0.23549265124154972,133081.09504132214,3816.439967860396,136897.53500918255,222,2,98.1875,32,0,19,32.14405898188937,0.6601562500000002,42.04545454545453,1031.8181818181804,32.24431818181814,0
224,4,0,0,32,0.0,0.0,1.0,32,1150,800,350,0.6956521739130435,15,8,7,383.8543122728543,0.424815188172043,0.05045254403131105,0.23632476333907051,133211.40699928568,3826.75460412201,137038.1616034077,223,3,99.1875,32,0,19,32.0126488095238,0.6614583333333335,41.91919191919191,1032.3232323232314,32.26010101010098,0
225,4,0,0,32,0.0,0.0,1.0,32,1150,1000,150,0.8695652173913043,13,10,3,383.75619268709795,0.42361811155913975,0.057873059053674014,0.2368861811311526,133309.18281616663,3831.6448895520707,137140.8277057187,224,4,100.1875,32,0,19,31.9168500631699,0.6624348958333335,41.82449494949494,1032.7020202020194,32.27193813131311,0
226,4,0,0,32,0.0,0.0,1.0,32,950,600,350,0.631578947368421,13,6,7,383.8085201480508,0.422862063172043,0.06414594280826091,0.23775209086839522,133439.60636988567,3843.0515699928496,137282.65793987853,225,5,101.1875,32,0,19,31.78439040286771,0.6637369791666667,41.69823232323232,1033.2070707070704,32.28772095959595,0
227,4,0,0,32,0.0,0.0,1.0,32,900,600,300,0.6666666666666666,12,6,6,382.0735202870356,0.4213499663978495,0.07116846830340795,0.23751221796430969,133570.0936926079,3806.7191804407694,137376.81287304865,226,6,102.1875,32,0,19,31.698118969097354,0.6650390625,41.571969696969695,1033.712121212121,32.30350378787878,0
228,4,0,0,32,0.0,0.0,1.0,32,850,500,350,0.5882352941176471,12,5,7,382.4455219549748,0.42097194220430106,0.07442529612895332,0.23816322275964188,133635.36126734526,3821.6490983063054,137457.01036565157,227,7,103.1875,32,0,20,31.622959661334313,0.6656901041666666,41.50883838383839,1033.964646464647,32.31139520202022,0
229,4,0,0,32,0.0,0.0,1.0,32,1150,900,250,0.782608695652174,14,9,5,385.6624800006328,0.42067792338709675,0.07967548517026746,0.24101698692945728,133765.9442435721,3917.7011593204784,137683.64540289258,228,8,104.1875,32,0,18,31.408672037104846,0.6669921875,41.38257575757576,1034.469696969697,32.32717803030303,0
230,4,0,0,32,0.0,0.0,1.0,32,950,700,250,0.7368421052631579,12,7,5,383.9377100109682,0.4202788978494623,0.07044401073432494,0.24100469729478713,133929.26263901655,3884.0988802163165,137813.36151923286,229,9,105.1875,32,0,18,31.289389688541917,0.6686197916666666,41.22474747474748,1035.101010101011,32.346906565656596,0
231,4,0,0,32,0.0,0.0,1.0,32,700,400,300,0.5714285714285714,10,4,6,385.05681142177275,0.4193968413978495,0.07470274390243925,0.24213695196767934,133994.6178961331,3919.1080629527696,137913.72595908586,230,10,106.1875,32,0,19,31.194867886178862,0.6692708333333333,41.161616161616166,1035.3535353535358,32.35479797979799,0
232,4,0,0,32,0.0,0.0,1.0,32,550,400,150,0.7272727272727273,7,4,3,389.04815086940624,0.41889280913978494,0.07594184345281652,0.24508240656151084,134059.9890955005,4031.1581726354507,138091.14726813594,231,11,107.1875,32,0,19,31.025969275786398,0.669921875,41.09848484848485,1035.606060606061,32.362689393939405,0
233,4,0,0,32,0.0,0.0,1.0,32,450,300,150,0.6666666666666666,6,3,3,388.788359057586,0.4182627688172043,0.07441491955143853,0.24535536136218739,134125.37623711867,4029.2769870421403,138154.6532241608,232,12,108.1875,32,0,19,30.96710954006176,0.6705729166666666,41.035353535353536,1035.858585858586,32.37058080808081,0
234,4,0,2,30,0.0,0.0625,0.9375,32,1050,600,450,0.5714285714285714,15,6,9,395.42212944880765,0.4172967069892473,0.07911440574768647,0.25133177453820515,134387.0842260994,4227.925403020103,138615.0096291195,233,13,109.1875,32,0,19,30.532807679818156,0.6731770833333334,40.782828282828284,1036.868686868687,32.40214646464647,0
235,4,0,0,30,0.0,0.0,1.0,30,850,600,250,0.7058823529411765,11,6,5,412.4002874245499,0.4146791187739463,0.07307209895765765,0.26030868265200696,134132.75965790838,5063.277727193887,139196.03738510227,234,14,110.9,30,0,21,30.348222395225118,0.6760416666666667,41.02822580645161,1035.887096774193,34.5295698924731,0
236,4,1,0,31,0.03225806451612903,0.0,1.0,31,1050,800,250,0.7619047619047619,13,8,5,399.69553080991534,0.4168010752688172,0.07488956461532825,0.25495390664232165,134517.01058281807,4553.169589572502,139070.18017239057,235,0,108.29032258064517,31,0,22,30.291750345173842,0.6770833333333333,40.65755208333334,1037.3697916666679,33.46354166666671,0
237,4,0,1,30,0.0,0.03225806451612903,0.967741935483871,31,1050,800,250,0.7619047619047619,13,8,5,396.3903827571678,0.41594982078853043,0.07782195419388249,0.25429562428707364,134725.14886114016,4480.754903369282,139205.90376450945,236,1,109.29032258064517,30,1,23,30.168953909891243,0.6819444444444445,40.45698924731184,1038.172043010754,34.60573476702513,0
238,4,1,0,31,0.03225806451612903,0.0,1.0,31,600,200,400,0.3333333333333333,10,2,8,389.3355884395089,0.4156810035842294,0.055653610725149294,0.2514580980973972,134969.45320629558,4309.682297086379,139279.13550338196,237,0,102.64516129032258,30,1,20,30.107683352735734,0.684375,40.22177419354839,1039.112903225807,34.637096774193566,0
239,4,0,0,31,0.0,0.0,1.0,31,950,900,50,0.9473684210526315,10,9,1,388.9350240618349,0.4145161290322581,0.052188418791834223,0.2521720378137715,135109.15505043944,4309.736494103377,139418.89154454283,238,1,103.64516129032258,30,1,21,29.978452919629397,0.6857638888888888,40.087365591397855,1039.6505376344094,34.65501792114698,0
240,4,0,0,31,0.0,0.0,1.0,31,950,500,450,0.5263157894736842,14,5,9,385.7811396900718,0.41406810035842295,0.05123266082127387,0.25061197966264387,135179.03307101995,4229.904288068006,139408.93735908795,239,2,104.64516129032258,30,1,21,29.990629442936548,0.6864583333333332,40.02016129032259,1039.919354838711,34.6639784946237,0
241,4,0,0,31,0.0,0.0,1.0,31,1200,900,300,0.75,15,9,6,386.09046153684915,0.41353046594982074,0.04777243916973295,0.25178822769644077,135318.84330919778,4249.062933576161,139567.90624277393,240,3,105.64516129032258,30,1,22,29.842989708478665,0.687847222222222,39.885752688172055,1040.4569892473132,34.68189964157711,0
242,4,0,0,31,0.0,0.0,1.0,31,1150,800,350,0.6956521739130435,15,8,7,386.07282266969787,0.41169354838709676,0.041297984235312724,0.25325200315174873,135528.694159007,4264.789101341218,139793.4832603482,241,4,106.64516129032258,30,1,23,29.6340518910546,0.6899305555555555,39.68413978494625,1041.2634408602164,34.708781362007215,0
243,4,0,0,31,0.0,0.0,1.0,31,1200,800,400,0.6666666666666666,16,8,8,387.91164655695513,0.4096774193548387,0.03938861940143279,0.2562067212438358,135773.72564747377,4333.641895016774,140107.36754249054,242,5,107.64516129032258,30,1,23,29.341845069211594,0.6923611111111111,39.4489247311828,1042.2043010752693,34.74014336917564,0
244,4,0,2,29,0.0,0.06451612903225806,0.935483870967742,31,1000,900,100,0.9,11,9,2,387.91164655695513,0.4096774193548387,0.03938861940143279,0.2562067212438358,135773.72564747377,4333.641895016774,140107.36754249054,243,6,108.64516129032258,30,1,23,29.341845069211594,0.6923611111111111,39.4489247311828,1042.2043010752693,34.74014336917564,0
245,4,0,0,29,0.0,0.0,1.0,29,1150,800,350,0.6956521739130435,15,8,7,405.2647026477754,0.4047105911330049,0.05195484751761237,0.2663430489114888,135596.26694824264,5190.47616098557,140786.7431092282,244,7,113.6896551724138,28,1,23,29.06694026762312,0.6968005952380953,39.619252873563205,1041.5229885057456,37.197249589490916,0
246,4,0,0,29,0.0,0.0,1.0,29,550,400,150,0.7272727272727273,7,4,3,406.4000000000002,0.4041974548440066,0.05462068965517264,0.2673684210526315,135633.68055555547,5224.305555555545,140857.986111111,245,8,114.6896551724138,28,1,23,29.00000000000001,0.6971726190476192,39.58333333333333,1041.666666666666,37.20238095238093,0
247,4,0,0,29,0.0,0.0,1.0,29,950,800,150,0.8421052631578947,11,8,3,404.1081619192027,0.4036330049261084,0.04818269111928708,0.2669763758253091,135783.3865933411,5174.2349550799045,140957.621548421,246,9,115.6896551724138,28,1,23,28.910198970682842,0.6986607142857144,39.43965517241378,1042.2413793103435,37.22290640394084,0
248,4,0,0,29,0.0,0.0,1.0,29,650,600,50,0.9230769230769231,7,6,1,404.3332879514839,0.4030685550082102,0.04965213093563503,0.2676863446510914,135858.2705773547,5186.404247588811,141044.6748249435,247,10,116.6896551724138,28,1,23,28.82958930540243,0.6994047619047621,39.367816091954005,1042.5287356321817,37.23316912972077,0
249,4,0,1,28,0.0,0.034482758620689655,0.9655172413793104,29,600,200,400,0.3333333333333333,10,2,8,402.27748045675634,0.4028633004926108,0.05029408690529302,0.2668857361202136,135933.17520478257,5136.571046373348,141069.7462511559,248,11,117.6896551724138,28,1,22,28.808441260218597,0.7001488095238096,39.295977011494244,1042.8160919540223,37.243431855500795,0
250,4,0,0,28,0.0,0.0,1.0,28,850,700,150,0.8235294117647058,10,7,3,410.4198031282849,0.40115189594356265,0.049673702457428526,0.2714816544772078,135827.51215720634,5549.260159793042,141376.77231699938,249,12,119.21428571428571,27,1,23,28.701671425172506,0.7025462962962965,39.39732142857141,1042.410714285712,38.60780423280415,0
251,4,0,0,28,0.0,0.0,1.0,28,800,400,400,0.5,12,4,8,410.7281330058552,0.4009314373897707,0.051769658912515615,0.27227739148268937,135905.08355034713,5564.008246527757,141469.09179687488,250,13,120.21428571428571,27,1,23,28.61617549117548,0.703317901234568,39.32291666666666,1042.7083333333326,38.6188271604938,0
252,4,0,0,28,0.0,0.0,1.0,28,800,500,300,0.625,11,5,6,411.26086434500525,0.4002425044091711,0.05048909720806982,0.27352359194103293,136021.48216057252,5588.06246456915,141609.54462514166,251,14,121.21428571428571,27,1,23,28.486091298145503,0.7044753086419753,39.21130952380952,1043.1547619047615,38.6353615520282,0
253,4,0,0,28,0.0,0.0,1.0,28,850,500,350,0.5882352941176471,12,5,7,416.9600000000001,0.3999944885361552,0.05257142857142871,0.27431578947368424,135633.6805555556,5710.763888888895,141344.4444444445,252,15,122.21428571428571,27,1,23,28.725000000000005,0.7006172839506173,39.583333333333336,1041.666666666667,38.58024691358026,1
254,4,0,0,28,0.0,0.0,1.0,28,600,400,200,0.6666666666666666,8,4,4,417.0977171836494,0.39823082010582006,0.06214173517472088,0.27530021804308186,135749.96290834053,5724.199927366796,141474.16283570734,253,16,123.21428571428571,27,1,23,28.605151363701268,0.7017746913580247,39.4717261904762,1042.113095238096,38.59678130511467,0
255,4,0,0,28,0.0,0.0,1.0,28,800,500,300,0.625,11,5,6,419.04541020220915,0.39710097001763667,0.06656539292851016,0.27748886047983723,135866.29508574266,5786.829471371891,141653.12455711456,254,17,124.21428571428571,27,1,21,28.43812446474451,0.7029320987654321,39.36011904761905,1042.559523809524,38.61331569664904,0
256,4,0,0,28,0.0,0.0,1.0,28,950,700,250,0.7368421052631579,12,7,5,420.60215591835026,0.39715608465608465,0.06323385518590996,0.2791268852912688,135943.8775510204,5835.657596371881,141779.5351473923,255,18,125.21428571428571,27,1,21,28.32001522070015,0.7037037037037037,39.285714285714285,1042.857142857143,38.62433862433863,0
257,4,0,0,28,0.0,0.0,1.0,28,750,600,150,0.8,9,6,3,423.9618078004081,0.3966876102292769,0.059095910507977134,0.2822788446807845,136060.29276945148,5936.873538477884,141997.16630792935,256,19,126.21428571428571,27,1,21,28.116085437170163,0.7048611111111112,39.17410714285714,1043.3035714285709,38.640873015873,0
258,4,0,0,28,0.0,0.0,1.0,28,900,700,200,0.7777777777777778,11,7,4,423.15398327198693,0.3955026455026455,0.0581935168594232,0.28328705597674214,136254.4288548752,5931.320861677993,142185.7497165532,257,20,127.21428571428571,27,1,21,27.943272519954395,0.7067901234567902,38.988095238095234,1044.0476190476186,38.668430335096986,0
259,4,0,0,28,0.0,0.0,1.0,28,900,700,200,0.7777777777777778,11,7,4,421.428738110701,0.39558531746031744,0.05738614385472007,0.28244178178823176,136293.27268016577,5887.58038371598,142180.85306388175,258,21,128.21428571428572,27,1,21,27.949533276328914,0.7071759259259259,38.950892857142854,1044.1964285714282,38.67394179894178,0
260,4,0,0,28,0.0,0.0,1.0,28,800,600,200,0.75,10,6,4,418.8818218003023,0.3934909611992945,0.061108709747136114,0.2817474307409803,136420.55846627685,5828.818412273737,142249.3768785506,259,22,129.21428571428572,28,0,21,27.88904552331178,0.7049851190476191,38.82902298850574,1044.6839080459765,37.31013957307059,0
261,4,0,0,28,0.0,0.0,1.0,28,1300,1100,200,0.8461538461538461,15,11,4,419.66553230742215,0.3929949294532628,0.06137671623028407,0.28287557149878423,136495.61791930898,5856.501230347463,142352.11914965644,260,23,130.21428571428572,28,0,21,27.793723360373985,0.7057291666666667,38.757183908045974,1044.9712643678158,37.32040229885057,0
262,4,0,0,28,0.0,0.0,1.0,28,800,500,300,0.625,11,5,6,418.5615234310487,0.39329805996472667,0.04537849860252696,0.2776891715779297,135933.1752047827,5779.279379706696,141712.45458448937,261,24,131.21428571428572,28,0,21,28.383909708827034,0.7001488095238095,39.29597701149425,1042.816091954023,37.24343185550082,2
263,4,0,1,27,0.0,0.03571428571428571,0.9642857142857143,28,850,500,350,0.5882352941176471,12,5,7,416.8536018332905,0.3924713403880071,0.04763544084667681,0.2777239317902163,136083.04638987986,5745.341607213643,141828.3879970935,262,25,132.21428571428572,28,0,21,28.27876847516753,0.7016369047619048,39.15229885057472,1043.3908045977018,37.26395730706078,0
264,4,0,0,27,0.0,0.0,1.0,27,600,400,200,0.6666666666666666,8,4,4,427.15177431410075,0.3901946818613485,0.03638726445743967,0.28440276255614055,136060.2927694515,6223.679094033438,142283.97186348494,263,26,131.1851851851852,27,0,21,28.032882850758327,0.704861111111111,39.17410714285714,1043.303571428571,38.640873015873005,0
265,4,0,0,27,0.0,0.0,1.0,27,600,400,200,0.6666666666666666,8,4,4,426.2532818594348,0.3892450142450143,0.03873734013454588,0.28473719228210237,136176.7578125,6209.157986111111,142385.91579861112,264,27,132.1851851851852,27,0,21,27.939953426480365,0.7060185185185185,39.0625,1043.75,38.657407407407405,0
266,4,0,0,27,0.0,0.0,1.0,27,600,300,300,0.5,9,3,6,427.6516982224029,0.3879985754985755,0.03694204321163563,0.28692730574807107,136332.122041525,6260.532702664409,142592.6547441894,265,28,133.1851851851852,27,0,21,27.748290111142783,0.7075617283950617,38.91369047619048,1044.3452380952385,38.67945326278661,0
267,4,0,0,27,0.0,0.0,1.0,27,650,300,350,0.46153846153846156,10,3,7,426.051736593047,0.3870489078822412,0.035454257676479806,0.2864830642608421,136409.837372449,6223.52962018141,142633.3669926304,266,29,134.1851851851852,27,0,21,27.71248812915479,0.7083333333333333,38.839285714285715,1044.6428571428573,38.6904761904762,0
268,4,0,0,27,0.0,0.0,1.0,27,600,400,200,0.6666666666666666,8,4,4,423.9624098790368,0.38710826210826216,0.03426756766736805,0.2853921457105196,136448.70334201393,6169.824218750005,142618.52756076393,267,30,135.1851851851852,27,0,21,27.728273512794942,0.7087191358024691,38.802083333333336,1044.791666666667,38.695987654321,0
269,4,0,0,27,0.0,0.0,1.0,27,750,400,350,0.5333333333333333,11,4,7,425.36047143530106,0.3865740740740741,0.03160437566589658,0.2866488704816397,136487.57484764745,6211.283836451254,142698.8586840987,268,31,136.1851851851852,27,0,21,27.652971613025738,0.7091049382716049,38.764880952380956,1044.9404761904766,38.7014991181658,0
270,4,0,0,27,0.0,0.0,1.0,27,1000,800,200,0.8,12,8,4,418.5079368891815,0.3854463437796771,0.024498099921466787,0.2835926010144917,136682.0154168439,6040.5016563917325,142722.51707323565,269,32,137.1851851851852,27,0,22,27.638187230207294,0.7110339506172838,38.57886904761905,1045.6845238095243,38.72905643738979,0
271,4,0,0,27,0.0,0.0,1.0,27,650,300,350,0.46153846153846156,10,3,7,418.6431246699269,0.3849121557454891,0.022422422422422317,0.28462873949996,136798.74619118485,6053.9709112811815,142852.71710246603,270,33,138.1851851851852,27,0,22,27.51837363679469,0.7121913580246912,38.467261904761905,1046.1309523809527,38.74559082892418,0
272,4,0,0,27,0.0,0.0,1.0,27,650,500,150,0.7692307692307693,8,5,3,415.4649637385213,0.38325023741690406,0.024765063571033696,0.2840423731681727,136993.408203125,5983.192274305555,142976.60047743056,271,34,139.1851851851852,27,0,20,27.40775290215589,0.7141203703703703,38.28125,1046.875,38.773148148148145,0
273,4,0,0,27,0.0,0.0,1.0,27,700,500,200,0.7142857142857143,9,5,4,414.68790258153666,0.3817663817663817,0.0291749550061573,0.28446135071821194,137110.27184311222,5971.594210600899,143081.8660537131,272,35,140.1851851851852,27,0,20,27.31185469356825,0.7152777777777777,38.169642857142854,1047.3214285714282,38.789682539682524,0
274,4,0,0,27,0.0,0.0,1.0,27,800,600,200,0.75,10,6,4,414.8502066115703,0.38099477682811017,0.029166666666666785,0.2852095170454545,137188.20861678003,5982.511337868478,143170.71995464852,273,36,141.1851851851852,27,0,20,27.23011363636364,0.7160493827160493,38.095238095238095,1047.6190476190475,38.800705467372126,0
275,4,0,0,27,0.0,0.0,1.0,27,550,300,250,0.5454545454545454,8,3,5,415.3881416172579,0.3805792972459639,0.03240280473628032,0.28589911096061715,137227.18530771683,6000.509096867914,143227.69440458476,274,37,142.1851851851852,27,0,20,27.177277138664024,0.7164351851851851,38.058035714285715,1047.767857142857,38.80621693121693,0
276,4,0,0,27,0.0,0.0,1.0,27,900,600,300,0.6666666666666666,12,6,6,416.9298779376877,0.37957027540360877,0.03916125097272172,0.2879268686463796,137344.14859693873,6052.5758219954605,143396.7244189342,275,38,143.1851851851852,27,0,20,27.020632216543635,0.7175925925925926,37.94642857142857,1048.2142857142853,38.82275132275131,0
277,4,0,0,27,0.0,0.0,1.0,27,900,600,300,0.6666666666666666,12,6,6,417.73572607605684,0.37921415004748343,0.04033330704728888,0.28880747695837283,137383.14743214982,6077.9697686366035,143461.11720078642,276,39,144.1851851851852,27,0,20,26.9607582209605,0.7179783950617284,37.90922619047618,1048.3630952380943,38.828262786596085,0
278,4,0,0,27,0.0,0.0,1.0,27,800,700,100,0.875,9,7,2,419.5753854103698,0.3785018993352327,0.04325278605318328,0.29138787110913245,137539.19813368045,6141.612413194425,143680.81054687488,277,40,145.1851851851852,27,0,20,26.757489241972856,0.7195216049382716,37.76041666666666,1048.9583333333323,38.850308641975275,0
279,4,0,0,27,0.0,0.0,1.0,27,650,500,150,0.7692307692307693,8,5,3,417.900451400529,0.37879867046533716,0.04441713022056226,0.29088016612291506,137617.25670085734,6102.062739158153,143719.3194400155,278,41,146.1851851851852,27,0,20,26.7238985013946,0.7202932098765432,37.6860119047619,1049.2559523809518,38.861331569664884,0
280,4,0,0,27,0.0,0.0,1.0,27,650,500,150,0.7692307692307693,8,5,3,417.99207185967043,0.3786799620132954,0.04470494317346252,0.29127273624055283,137656.2942885487,6107.8479308389915,143764.1422193877,279,42,147.1851851851852,27,0,20,26.682737757610138,0.720679012345679,37.64880952380952,1049.4047619047615,38.86684303350968,0
281,4,0,1,26,0.0,0.037037037037037035,0.962962962962963,27,750,400,350,0.5333333333333333,11,4,7,416.6214530862852,0.37790835707502374,0.0376302596004936,0.291304692916129,137773.44026803417,6079.874176232977,143853.31444426716,280,43,148.1851851851852,27,0,21,26.60243916843847,0.7218364197530864,37.53720238095237,1049.8511904761895,38.88337742504405,0
282,4,0,0,26,0.0,0.0,1.0,26,500,400,100,0.8,6,4,2,426.30925605536333,0.37679487179487176,0.03207013574660622,0.29701874397299893,137650.51059289736,6536.33735329979,144186.84794619714,281,44,147.76923076923077,26,0,21,26.470281862745104,0.7243589743589745,37.654320987654316,1049.3827160493822,40.36087369420701,0
283,4,0,0,26,0.0,0.0,1.0,26,650,200,450,0.3076923076923077,11,2,9,429.9240376297577,0.37625,0.04348133484162875,0.29234834558823514,136804.73372781067,6568.850244102003,143373.58397191268,282,45,148.76923076923077,25,1,22,27.217371323529402,0.72,38.46153846153846,1046.1538461538462,41.84615384615385,2
284,4,0,0,26,0.0,0.0,1.0,26,1200,900,300,0.75,15,9,6,428.5790939135731,0.37564102564102564,0.04287367012226917,0.2924168425474699,136922.73710181366,6536.444520652326,143459.18162246599,283,46,149.76923076923077,26,0,22,27.134940528850887,0.7171474358974359,38.34876543209876,1046.6049382716042,40.25403608736939,0
285,4,0,0,26,0.0,0.0,1.0,26,700,600,100,0.8571428571428571,8,6,2,427.04163119419667,0.3757051282051282,0.04039991838400314,0.29271762720038574,137084.29783950615,6508.140432098763,143592.43827160491,284,47,150.76923076923077,26,0,21,27.014257294429704,0.71875,38.19444444444444,1047.2222222222222,40.27777777777778,0
286,4,0,0,26,0.0,0.0,1.0,26,550,300,250,0.5454545454545454,8,3,5,427.04163119419667,0.3757051282051282,0.04039991838400314,0.29271762720038574,137084.29783950615,6508.140432098763,143592.43827160491,285,48,151.76923076923077,26,0,21,27.014257294429704,0.71875,38.19444444444444,1047.2222222222222,40.27777777777778,0
287,4,0,0,26,0.0,0.0,1.0,26,500,500,0,1.0,5,5,0,428.5744297625297,0.3753205128205128,0.043753682969947194,0.2944497195574948,137165.11393080314,6557.09209724126,143722.2060280444,286,49,152.76923076923077,26,0,21,26.893660381064628,0.7195512820512822,38.11728395061728,1047.53086419753,40.28964862298192,0
288,4,0,0,26,0.0,0.0,1.0,26,800,500,300,0.625,11,5,6,428.5744297625297,0.3753205128205128,0.043753682969947194,0.2944497195574948,137165.11393080314,6557.09209724126,143722.2060280444,287,50,153.76923076923077,26,0,21,26.893660381064628,0.7195512820512822,38.11728395061728,1047.53086419753,40.28964862298192,0
289,4,0,0,26,0.0,0.0,1.0,26,750,600,150,0.8,9,6,3,428.012117768982,0.3742307692307692,0.0480089698287578,0.29543275446005346,137326.81755829905,6555.508401920438,143882.3259602195,288,51,154.76923076923077,26,0,22,26.747460247349828,0.7211538461538463,37.96296296296296,1048.148148148148,40.31339031339031,0
290,4,0,0,26,0.0,0.0,1.0,26,650,500,150,0.7692307692307693,8,5,3,428.012117768982,0.3742307692307692,0.0480089698287578,0.29543275446005346,137326.81755829905,6555.508401920438,143882.3259602195,289,52,155.76923076923077,26,0,22,26.747460247349828,0.7211538461538463,37.96296296296296,1048.148148148148,40.31339031339031,0
291,4,0,0,26,0.0,0.0,1.0,26,900,700,200,0.7777777777777778,11,7,4,424.73137090993873,0.37326923076923074,0.04523022592475212,0.2945382037453003,137488.61644566373,6479.145709495499,143967.76215515923,290,53,156.76923076923077,26,0,22,26.672552481852065,0.7227564102564104,37.80864197530864,1048.7654320987651,40.33713200379866,0
292,4,0,0,26,0.0,0.0,1.0,26,850,700,150,0.8235294117647058,10,7,3,426.012272201457,0.3726602564102564,0.04476522447686193,0.2957717481259758,137529.08105185942,6517.815262536187,144046.89631439562,291,54,157.76923076923077,26,0,22,26.598744544161637,0.7231570512820513,37.770061728395056,1048.9197530864192,40.34306742640074,0
293,4,0,0,26,0.0,0.0,1.0,26,550,500,50,0.9090909090909091,6,5,1,427.5892038404635,0.37195512820512816,0.04505753108488797,0.2975618215876468,137610.02812547615,6568.112473327215,144178.14059880335,292,55,158.76923076923077,26,0,22,26.476932882286615,0.7239583333333334,37.69290123456789,1049.2283950617273,40.354938271604894,0
294,4,0,0,26,0.0,0.0,1.0,26,800,700,100,0.875,9,7,2,426.86651218431126,0.3712179487179487,0.0421369280528352,0.29810534043918707,137731.49338896494,6558.5924401767825,144290.08582914172,293,56,159.76923076923077,26,0,23,26.375208272076836,0.7251602564102565,37.57716049382715,1049.69135802469,40.37274453941116,0
295,4,0,0,26,0.0,0.0,1.0,26,650,400,250,0.6153846153846154,9,4,5,427.12671682122055,0.3715064102564103,0.03861983966349669,0.29863751845167147,137771.9937176116,6569.21986930345,144341.21358691505,294,57,160.76923076923077,26,0,23,26.32815179577637,0.7255608974358975,37.538580246913575,1049.8456790123453,40.37867996201328,0
296,4,0,0,26,0.0,0.0,1.0,26,850,600,250,0.7058823529411765,11,6,5,411.72846889740475,0.3717307692307692,0.02656385850912879,0.2631618084473524,134590.81123304358,5882.973727328118,140473.7849603717,295,58,161.76923076923077,26,0,23,29.90562413246083,0.6939102564102566,40.5864197530864,1037.654320987653,39.90978157644819,8
297,4,0,0,26,0.0,0.0,1.0,26,950,800,150,0.8421052631578947,11,8,3,409.60384777611023,0.37169871794871795,0.028867594424306642,0.2626696934213432,134710.93690462556,5835.623618731868,140546.56052335742,296,59,162.76923076923077,26,0,24,29.840258163619247,0.6951121794871795,40.47067901234566,1038.1172839506153,39.92758784425443,0
298,4,0,0,26,0.0,0.0,1.0,26,450,200,250,0.4444444444444444,7,2,5,407.80560873090275,0.3706730769230769,0.0266984464487805,0.26209397718722466,134791.05045438945,5793.709276406007,140584.75973079546,297,60,163.76923076923077,26,0,22,29.80662059741417,0.6959134615384617,40.393518518518505,1038.4259259259247,39.93945868945865,0
299,4,0,0,26,0.0,0.0,1.0,26,800,600,200,0.75,10,6,4,407.80560873090275,0.3706730769230769,0.0266984464487805,0.26209397718722466,134791.05045438945,5793.709276406007,140584.75973079546,298,61,164.76923076923077,26,0,22,29.80662059741417,0.6959134615384617,40.393518518518505,1038.4259259259247,39.93945868945865,0
300,4,0,0,26,0.0,0.0,1.0,26,650,400,250,0.6153846153846154,9,4,5,409.36257828362267,0.37051282051282053,0.02622377622377625,0.26396828323806015,134911.26543209876,5845.524691358028,140756.7901234568,299,62,165.76923076923077,26,0,22,29.645721925133685,0.6971153846153847,40.27777777777778,1038.888888888889,39.95726495726496,0
301,4,0,0,26,0.0,0.0,1.0,26,350,200,150,0.5714285714285714,5,2,3,409.21297371562883,0.3710576923076923,0.02853340035873808,0.26416404142160366,134951.34899881858,5844.76856614842,140796.117564967,300,63,166.76923076923077,26,0,22,29.609448487548885,0.6975160256410258,40.23919753086418,1039.0432098765416,39.96320037986698,0
302,4,0,0,26,0.0,0.0,1.0,26,850,600,250,0.7058823529411765,11,6,5,407.5281716733645,0.3714423076923077,0.028824745093113835,0.26424613017935084,135111.74280311674,5812.368303231195,140924.11110634793,301,64,167.76923076923077,26,0,23,29.492603037949642,0.6991185897435899,40.084876543209866,1039.6604938271591,39.986942070275354,0
303,4,0,0,26,0.0,0.0,1.0,26,900,400,500,0.4444444444444444,14,4,10,407.95985184703574,0.3709615384615385,0.02989930817179265,0.26482018128567686,135151.85613854593,5827.306241426614,140979.16237997255,302,65,168.76923076923077,26,0,23,29.44122885129119,0.6995192307692308,40.0462962962963,1039.8148148148148,39.99287749287749,0
304,4,0,0,26,0.0,0.0,1.0,26,850,600,250,0.7058823529411765,11,6,5,407.95985184703574,0.3709615384615385,0.02989930817179265,0.26482018128567686,135151.85613854593,5827.306241426614,140979.16237997255,303,66,169.76923076923077,26,0,23,29.44122885129119,0.6995192307692308,40.0462962962963,1039.8148148148148,39.99287749287749,0
305,4,0,0,26,0.0,0.0,1.0,26,650,500,150,0.7692307692307693,8,5,3,407.95985184703574,0.3709615384615385,0.02989930817179265,0.26482018128567686,135151.85613854593,5827.306241426614,140979.16237997255,304,67,170.76923076923077,26,0,23,29.44122885129119,0.6995192307692308,40.0462962962963,1039.8148148148148,39.99287749287749,0
306,4,0,0,26,0.0,0.0,1.0,26,750,600,150,0.8,9,6,3,408.5375961896682,0.36990384615384614,0.028499537845332323,0.26608231264874893,135272.23186728387,5852.75848765431,141124.99035493817,305,68,171.76923076923077,26,0,23,29.30574098798397,0.7007211538461539,39.93055555555555,1040.2777777777771,40.01068376068373,0
307,4,0,0,26,0.0,0.0,1.0,26,550,400,150,0.7272727272727273,7,4,3,408.5375961896682,0.36990384615384614,0.028499537845332323,0.26608231264874893,135272.23186728387,5852.75848765431,141124.99035493817,306,69,172.76923076923077,26,0,23,29.30574098798397,0.7007211538461539,39.93055555555555,1040.2777777777771,40.01068376068373,0
308,4,0,0,26,0.0,0.0,1.0,26,750,500,250,0.6666666666666666,10,5,5,408.5375961896682,0.36990384615384614,0.028499537845332323,0.26608231264874893,135272.23186728387,5852.75848765431,141124.99035493817,307,70,173.76923076923077,26,0,23,29.30574098798397,0.7007211538461539,39.93055555555555,1040.2777777777771,40.01068376068373,0
309,4,0,0,26,0.0,0.0,1.0,26,650,400,250,0.6153846153846154,9,4,5,408.065497271405,0.36842948717948715,0.030330159092204934,0.2669642850723208,135432.81619132002,5853.0918971955625,141285.90808851557,308,71,174.76923076923077,26,0,23,29.157400543612564,0.7023237179487178,39.77623456790124,1040.8950617283958,40.03442545109215,0
310,4,0,0,26,0.0,0.0,1.0,26,600,200,400,0.3333333333333333,10,2,8,410.3196861000697,0.36814102564102563,0.024629980159182496,0.2687394759641814,135472.97715668334,5917.445892394431,141390.42304907777,309,72,175.76923076923077,26,0,24,29.058577922719625,0.702724358974359,39.737654320987644,1041.0493827160485,40.040360873694176,2
311,4,0,0,26,0.0,0.0,1.0,26,450,200,250,0.4444444444444444,7,2,5,411.59936504559806,0.3678525641025641,0.022009782125389066,0.2698795836698396,135513.1440757887,5955.424811385449,141468.56888717416,310,73,176.76923076923077,26,0,24,28.985104490884837,0.703125,39.69907407407407,1041.2037037037032,40.046296296296276,0
312,4,1,0,27,0.037037037037037035,0.0,1.0,27,700,300,400,0.42857142857142855,11,3,8,398.2614487079424,0.3735754985754986,0.011548956152040324,0.26315313082551206,135788.7347647391,5415.883645124704,141204.61840986382,311,0,171.1851851851852,27,0,25,29.057205406434424,0.7021604938271606,39.4345238095238,1042.261904761904,38.6022927689594,0
313,4,0,0,27,0.0,0.0,1.0,27,850,600,250,0.7058823529411765,11,6,5,396.6762508221049,0.3725664767331434,0.014208014208014097,0.2629622033595541,135905.08355034713,5382.063802083315,141287.14735243045,312,1,172.1851851851852,27,0,20,28.98247585747584,0.7033179012345679,39.32291666666666,1042.7083333333326,38.6188271604938,0
314,4,0,1,26,0.0,0.037037037037037035,0.962962962962963,27,700,300,400,0.42857142857142855,11,3,8,396.3376493400889,0.37185422602089274,0.012134280399120678,0.2630240763802408,135943.87755102038,5375.935374149658,141319.81292517003,313,2,173.1851851851852,27,0,20,28.952625570776263,0.7037037037037037,39.285714285714285,1042.8571428571427,38.62433862433862,0
315,4,1,0,27,0.037037037037037035,0.0,1.0,27,250,100,150,0.4,4,1,3,396.5828315367693,0.37078584995251657,0.015385428224230058,0.26376144678109603,136021.48216057252,5388.756909013597,141410.23906958612,314,0,174.07407407407408,27,0,21,28.868877793628144,0.7044753086419753,39.21130952380952,1043.1547619047615,38.6353615520282,0
316,4,0,0,27,0.0,0.0,1.0,27,800,500,300,0.625,11,5,6,397.73720155066246,0.37072649572649574,0.014493672223278464,0.26510772407540345,136099.10891439905,5426.335742630379,141525.44465702944,315,1,175.07407407407408,27,0,21,28.761409013120364,0.7052469135802469,39.13690476190476,1043.4523809523807,38.6463844797178,0
317,4,0,0,27,0.0,0.0,1.0,27,550,500,50,0.9090909090909091,6,5,1,398.8430324978782,0.37025166191832853,0.014489539439639154,0.2664271457085828,136176.75781250003,5462.630208333333,141639.38802083337,316,2,176.07407407407408,27,0,21,28.655189620758474,0.7060185185185186,39.0625,1043.7500000000002,38.65740740740742,0
318,4,0,0,27,0.0,0.0,1.0,27,700,500,200,0.7142857142857143,9,5,4,397.4659737889838,0.36977682811016144,0.012122172065151426,0.26579826559863884,136215.59056565329,5428.212469883776,141643.80303553707,317,3,177.07407407407408,27,0,21,28.65244119743406,0.7064043209876543,39.02529761904761,1043.898809523809,38.66291887125218,0
319,4,0,0,27,0.0,0.0,1.0,27,450,300,150,0.6666666666666666,6,3,3,397.3520696788186,0.36953941120607786,0.010051100130917368,0.26601356115139213,136254.4288548752,5428.195861677996,141682.6247165532,318,4,178.07407407407408,27,0,21,28.61673318129989,0.7067901234567902,38.988095238095234,1044.0476190476186,38.668430335096986,0
320,4,0,0,27,0.0,0.0,1.0,27,600,400,200,0.6666666666666666,8,4,4,396.62174358686684,0.3685303893637227,0.0186161371515412,0.2664007672953316,136370.97693895255,5417.538929634338,141788.5158685869,319,5,179.07407407407408,27,0,21,28.519761836918846,0.7079475308641976,38.87648809523809,1044.4940476190466,38.68496472663136,0
321,4,0,0,27,0.0,0.0,1.0,27,650,300,350,0.46153846153846156,10,3,7,396.77924692169677,0.3684116809116809,0.018318033132847855,0.26679983844734795,136409.83737244902,5424.9185090702995,141834.75588151932,320,6,180.07407407407408,27,0,21,28.476970560303883,0.7083333333333333,38.839285714285715,1044.6428571428576,38.690476190476204,0
322,4,0,0,27,0.0,0.0,1.0,27,700,400,300,0.5714285714285714,10,4,6,397.2429670112294,0.36817426400759734,0.019201654296369997,0.26740583618272695,136448.70334201396,5440.6575520833385,141889.3608940973,321,7,181.07407407407408,27,0,21,28.42617979395147,0.7087191358024691,38.802083333333336,1044.7916666666672,38.69598765432101,0
323,4,0,0,27,0.0,0.0,1.0,27,650,400,250,0.6153846153846154,9,4,5,394.4302904198296,0.3668091168091168,0.01624061419050027,0.2663921499912389,136565.3344671203,5373.100907029492,141938.4353741498,322,8,182.07407407407408,27,0,23,28.383637053910395,0.7098765432098765,38.6904761904762,1045.238095238096,38.71252204585541,0
324,4,0,0,27,0.0,0.0,1.0,27,800,600,200,0.75,10,6,4,393.98131570842304,0.3668684710351377,0.018007190224668346,0.26667752641304215,136643.11623086725,5366.966943027201,142010.08317389444,323,9,183.07407407407408,27,0,23,28.318033020210656,0.7106481481481481,38.61607142857142,1045.5357142857135,38.723544973544946,0
325,4,1,0,28,0.03571428571428571,0.0,1.0,28,550,300,250,0.5454545454545454,8,3,5,373.62191821730823,0.3706183862433863,0.00527916084466562,0.2481355447703055,135970.63525977664,4560.321913396736,140530.95717317337,324,0,177.5,28,0,22,29.518241722918685,0.7005208333333335,39.26005747126436,1042.9597701149419,37.24856321839078,2
326,4,0,0,28,0.0,0.0,1.0,28,350,300,50,0.8571428571428571,4,3,1,373.62191821730823,0.3706183862433863,0.00527916084466562,0.2481355447703055,135970.63525977664,4560.321913396736,140530.95717317337,325,1,178.5,28,0,22,29.518241722918685,0.7005208333333335,39.26005747126436,1042.9597701149419,37.24856321839078,0
327,4,1,1,28,0.034482758620689655,0.034482758620689655,0.9655172413793104,29,550,300,250,0.5454545454545454,8,3,5,363.26096865287565,0.37186986863711,-0.01183209432655663,0.24365381117760648,136321.76167052455,4104.075038580226,140425.83670910477,326,0,173.31034482758622,29,0,22,29.439724919093848,0.7007902298850576,38.9236111111111,1044.3055555555543,36.01053639846739,0
328,4,0,0,28,0.0,0.0,1.0,28,850,500,350,0.5882352941176471,12,5,7,387.9802766378515,0.3697641093474427,0.0196343940419772,0.2362793297623042,132804.95483221012,4705.140622935636,137510.09545514575,327,3,180.5,28,0,20,32.31547950933928,0.6688988095238098,42.313218390804586,1030.74712643678,36.81239737274215,7
329,4,0,0,28,0.0,0.0,1.0,28,850,700,150,0.8235294117647058,10,7,3,421.4215188238094,0.3695712081128748,0.01824211437428258,0.2383130294097668,129969.40904098949,5354.381151737338,135323.79019272682,328,4,181.5,28,0,20,34.33610445728241,0.6402529761904763,45.07902298850574,1019.6839080459764,36.41728243021344,7
330,4,2,1,29,0.06666666666666667,0.03333333333333333,0.9666666666666667,30,500,200,300,0.4,8,2,6,398.37145715507285,0.38328544061302683,-0.00708322348185253,0.22518970744995392,129954.04996242338,4353.996849346743,134308.04681177012,329,0,170.33333333333334,30,0,22,34.93936198259952,0.6340277777777779,45.094086021505376,1019.6236559139783,33.98745519713261,1
331,4,0,0,29,0.0,0.0,1.0,29,650,400,250,0.6153846153846154,9,4,5,409.54127120226315,0.37592364532019706,0.003948407475651505,0.23039837159047577,129766.82098765444,4828.973765432115,134595.79475308655,330,1,177.20689655172413,29,0,22,34.84585150854235,0.6350574712643677,45.277777777777786,1018.8888888888898,35.13409961685827,0
332,4,0,0,29,0.0,0.0,1.0,29,500,400,100,0.8,6,4,2,412.3715955594755,0.3754105090311987,0.003947869325525266,0.23220033742286056,129802.20148533954,4905.348186728399,134707.54967206792,331,2,178.20689655172413,29,0,22,34.73760278951434,0.6354166666666666,45.24305555555556,1019.0277777777779,35.13888888888889,0
333,4,2,1,30,0.06451612903225806,0.03225806451612903,0.967741935483871,31,550,300,250,0.5454545454545454,8,3,5,389.0136755368934,0.389426523297491,-0.006318335513487705,0.22202658250075089,130329.05578613278,3939.957004123265,134269.01279025603,332,0,167.6451612903226,31,0,23,34.79607668111878,0.6350806451612903,44.7265625,1021.0937499999998,32.93850806451612,0
334,4,2,2,30,0.0625,0.0625,0.9375,32,900,600,300,0.6666666666666666,12,6,6,378.14540466392305,0.3901209677419355,-0.0007638888888890083,0.21816081038303253,130746.38429752071,3488.228879706157,134234.61317722686,333,0,163.34375,32,0,17,34.6496913580247,0.63671875,44.31818181818182,1022.7272727272731,31.960227272727284,0
335,4,0,0,30,0.0,0.0,1.0,30,700,500,200,0.7142857142857143,9,5,4,396.0024238227147,0.37954980842911873,0.013052631578947205,0.22662789315155357,130434.15423748404,4330.448245461892,134764.60248294592,334,1,175.2,30,0,23,34.51069078947367,0.638888888888889,44.62365591397849,1021.5053763440854,34.05017921146951,0
336,4,2,2,30,0.0625,0.0625,0.9375,32,550,300,250,0.5454545454545454,8,3,5,376.02808557098825,0.38743279569892475,0.012973297977306508,0.21839797405512676,131004.7762983367,3452.2950464238097,134457.0713447605,335,0,165.1875,32,0,18,34.44180644630818,0.6393229166666667,44.06565656565655,1023.7373737373721,31.991792929292878,0
337,4,1,1,30,0.03225806451612903,0.03225806451612903,0.967741935483871,31,850,700,150,0.8235294117647058,10,7,3,385.88690108303854,0.38172043010752693,0.01708166349122897,0.22290643344914324,130794.8133680554,3894.4010416666424,134689.21440972204,336,0,171.29032258064515,31,0,18,34.40257976917854,0.6397849462365592,44.27083333333332,1022.9166666666654,32.99731182795695,0
338,4,2,2,30,0.0625,0.0625,0.9375,32,550,400,150,0.7272727272727273,7,4,3,377.35331291014825,0.388692876344086,0.00814010853478031,0.2191676691314815,131004.77629833682,3487.0172686460455,134491.79356698287,337,0,166.875,32,0,18,34.40788932741326,0.6393229166666667,44.06565656565656,1023.737373737373,31.991792929292906,0
339,4,0,0,30,0.0,0.0,1.0,30,750,600,150,0.8,9,6,3,400.6080405704994,0.37681992337164755,0.03232562215212065,0.23089590701972393,130708.89698230995,4472.607021042874,135181.50400335283,338,3,179.0,30,0,18,34.113487995092875,0.6416666666666667,44.35483870967741,1022.5806451612891,34.0860215053763,0
340,4,1,0,31,0.03225806451612903,0.0,1.0,31,1150,1000,150,0.8695652173913043,13,10,3,397.9480586905462,0.38189964157706097,0.05931760043829093,0.225005866253117,129963.68620130769,4143.759324815559,134107.44552612325,339,0,174.19354838709677,31,0,19,34.94032797003363,0.6313844086021504,45.08463541666668,1019.6614583333348,32.89230510752693,7
341,4,0,0,31,0.0,0.0,1.0,31,850,700,150,0.8235294117647058,10,7,3,397.2179821188784,0.3819444444444444,0.05825562621503222,0.22478404884068343,129996.88042534734,4127.41970486113,134124.30013020846,340,1,175.19354838709677,31,0,19,34.92509363295881,0.6317204301075268,45.05208333333334,1019.7916666666675,32.896505376344116,0
342,4,0,0,31,0.0,0.0,1.0,31,850,800,50,0.9411764705882353,9,8,1,399.1968066131601,0.38145161290322577,0.05532776762337566,0.22667436062469032,130129.6997070314,4189.472113715292,134319.17182074668,341,2,176.19354838709677,31,0,19,34.73923770631272,0.6330645161290323,44.92187500000001,1020.3125000000011,32.91330645161294,0
343,4,2,0,33,0.06060606060606061,0.0,1.0,33,750,500,250,0.6666666666666666,10,5,5,376.1846676803853,0.39074337121212116,0.06002476479417784,0.2173987475865916,130812.00003251815,3242.0972026887075,134054.09723520686,342,0,166.45454545454547,30,3,20,34.63326106950468,0.6427083333333334,44.25403225806451,1022.9838709677414,34.09946236559138,0
344,4,0,0,33,0.0,0.0,1.0,33,1450,1300,150,0.896551724137931,16,13,3,376.7804584465208,0.3893229166666667,0.0625320838058856,0.21852118743870946,130949.53399598216,3267.845090472884,134217.37908645504,343,1,167.45454545454547,30,3,20,34.478551105274676,0.6440972222222222,44.119623655913976,1023.5215053763438,34.1173835125448,0
345,4,0,1,32,0.0,0.030303030303030304,0.9696969696969697,33,750,600,150,0.8,9,6,3,377.529487463221,0.3892834595959596,0.05517307210442768,0.21974004316136575,131087.1402221353,3297.8521722164123,134384.9923943517,344,2,168.45454545454547,30,3,22,34.31990199938749,0.6454861111111112,43.985215053763426,1024.0591397849446,34.13530465949815,0
346,4,1,0,33,0.030303030303030304,0.0,1.0,33,700,400,300,0.5714285714285714,10,4,6,374.66603771857115,0.3914930555555556,0.05933382632411788,0.21866037821523313,131190.3923141401,3230.516895016732,134420.90920915685,345,0,169.15151515151516,30,3,23,34.288627219452465,0.6465277777777779,43.88440860215052,1024.4623655913958,34.148745519713195,0
347,4,0,0,33,0.0,0.0,1.0,33,800,500,300,0.625,11,5,6,373.7775991080335,0.39180871212121215,0.059103431004257745,0.2191304574278309,131363.71768904297,3220.2352642325122,134583.95295327547,346,1,170.15151515151516,29,4,24,34.13592896174863,0.6512212643678161,43.715277777777764,1025.138888888887,35.34961685823749,0
348,4,1,0,34,0.029411764705882353,0.0,1.0,34,800,500,300,0.625,11,5,6,362.88755618656967,0.3951834521687463,0.060752990472082935,0.21466864962020366,131707.26249060564,2758.985323447774,134466.2478140534,347,0,166.11764705882354,30,4,19,34.06796953428485,0.6517361111111113,43.38037634408601,1026.4784946236543,34.21594982078848,0
349,4,1,1,34,0.02857142857142857,0.02857142857142857,0.9714285714285714,35,750,600,150,0.8,9,6,3,352.78653532468826,0.3963585434173669,0.050661694154280124,0.2101010226601594,131962.84188164587,2310.942755805089,134273.78463745097,348,0,162.34285714285716,31,4,19,34.06953596924765,0.6515456989247314,43.13151041666665,1027.473958333332,33.144321236559094,0
350,4,0,2,32,0.0,0.058823529411764705,0.9411764705882353,34,800,700,100,0.875,9,7,2,362.2729552608795,0.39470068330362446,0.06119432855581408,0.21527915428488628,131879.77837033168,2755.2954098739588,134635.07378020565,349,2,168.11764705882354,30,4,19,33.90964407223242,0.6534722222222223,43.21236559139784,1027.1505376344073,34.23835125448024,0
351,4,0,0,32,0.0,0.0,1.0,32,650,500,150,0.7692307692307693,8,5,3,385.98345332818434,0.3865927419354838,0.07705005604595816,0.2267295396216667,131438.6008100475,3746.6250082573606,135185.22581830487,350,3,179.28125,28,4,23,33.747256083321666,0.6551339285714286,43.64224137931034,1025.4310344827582,36.62253694581279,0
352,4,2,2,32,0.058823529411764705,0.058823529411764705,0.9411764705882353,34,750,600,150,0.8,9,6,3,366.0296183844066,0.39655748663101603,0.052066980638408866,0.21790735225314636,131948.81633714857,2859.4349780321063,134808.25131518068,351,0,169.6764705882353,30,4,19,33.74351343101343,0.6541666666666668,43.14516129032256,1027.4193548387077,34.24731182795692,0
353,4,0,0,32,0.0,0.0,1.0,32,550,200,350,0.36363636363636365,9,2,7,386.3795752223408,0.38484963037634407,0.06753213802435698,0.2284276048714477,131684.2689043208,3776.0223765431824,135460.29128086398,352,5,181.28125,29,3,19,33.488385205232284,0.6544540229885059,43.402777777777764,1026.3888888888875,35.39272030651336,0
354,4,1,1,32,0.030303030303030304,0.030303030303030304,0.9696969696969697,33,750,600,150,0.8,9,6,3,375.3440292823907,0.3887310606060606,0.05529321740233728,0.22324937087979077,131914.29509553118,3302.6486082205925,135216.94370375178,353,0,176.75757575757575,30,3,19,33.53913166732085,0.6538194444444445,43.17876344086021,1027.2849462365584,34.242831541218614,0
355,4,0,0,32,0.0,0.0,1.0,32,800,400,400,0.5,12,4,8,391.43598615916966,0.38468161962365593,0.09078839869281041,0.22181372549019612,130050.0,3781.2500000000005,133831.25,354,7,183.28125,29,3,20,35.01838235294119,0.6379310344827587,45.0,1020.0,35.172413793103445,2
356,4,0,0,32,0.0,0.0,1.0,32,600,400,200,0.6666666666666666,8,4,4,390.38468548693646,0.38472362231182794,0.09256422924901186,0.2214514023053698,130091.13228407914,3757.1171522719414,133848.2494363511,355,8,184.28125,30,2,21,35.003293807641626,0.6354166666666666,44.95967741935484,1020.1612903225811,34.00537634408604,0
357,4,2,2,32,0.058823529411764705,0.058823529411764705,0.9411764705882353,34,500,300,200,0.6,7,3,4,370.1348427970025,0.3968731431966726,0.07596459601859973,0.21238756300268757,130537.14889365825,2863.4952378887738,133400.64413154701,356,0,174.38235294117646,30,4,16,35.066749967118234,0.6399305555555554,44.52284946236559,1021.9086021505378,34.063620071684596,0
358,4,0,0,32,0.0,0.0,1.0,32,1350,1100,250,0.8148148148148148,16,11,5,387.6716338435069,0.3839465725806452,0.08732230308801503,0.22108411019267823,130298.03481867294,3702.570408950627,134000.60522762357,357,10,186.28125,29,3,21,34.86189520700131,0.6404454022988505,44.75694444444445,1020.9722222222231,35.20593869731804,0
359,4,1,0,33,0.030303030303030304,0.0,1.0,33,850,600,250,0.7058823529411765,11,6,5,373.71143994754556,0.3898753156565657,0.08425740050345776,0.2153936844788579,130708.89698231002,3169.4820210428893,133878.37900335292,358,0,181.6060606060606,30,3,19,34.80108657553452,0.6416666666666666,44.354838709677416,1022.5806451612897,34.08602150537632,0
360,4,0,0,33,0.0,0.0,1.0,33,500,200,300,0.4,8,2,6,375.9248930707057,0.38959911616161613,0.08044439135109327,0.2170552683056199,130777.6278326974,3232.5131518094604,134010.14098450687,359,1,182.6060606060606,30,3,19,34.67477003942183,0.642361111111111,44.28763440860215,1022.8494623655912,34.09498207885304,0
361,4,0,0,33,0.0,0.0,1.0,33,1250,1000,250,0.8,15,10,5,377.4433516459592,0.3887705176767677,0.08547722795917156,0.21890564529961765,130949.53399598224,3285.2062015840083,134234.74019756625,360,2,183.6060606060606,30,3,20,34.461588969139854,0.6440972222222221,44.11962365591398,1023.5215053763445,34.11738351254482,0
362,4,0,0,33,0.0,0.0,1.0,33,700,400,300,0.5714285714285714,10,4,6,377.02775362906704,0.38794191919191917,0.08543561103288067,0.21925171199589563,131052.7318909701,3282.1034223609745,134334.83531333107,361,3,184.6060606060606,30,3,20,34.36761617222368,0.6451388888888889,44.01881720430108,1023.9247311827961,34.13082437275987,0
363,4,1,1,33,0.029411764705882353,0.029411764705882353,0.9705882352941176,34,500,200,300,0.4,8,2,6,368.8280785246877,0.3917669340463458,0.07986609277857482,0.2160278745644598,131328.12499999988,2887.499999999985,134215.62499999985,362,0,180.14705882352942,31,3,20,34.29878048780488,0.6451612903225807,43.74999999999999,1024.999999999999,33.06451612903223,0
364,4,0,0,33,0.0,0.0,1.0,33,550,300,250,0.5454545454545454,8,3,5,378.9600084154178,0.38770517676767674,0.08944554852028164,0.2211911977902452,131194.6953667534,3343.508572048601,134538.203938802,363,5,186.6060606060606,31,2,20,34.174292492797825,0.6438172043010754,43.88020833333333,1024.479166666666,33.04771505376342,0
365,4,0,0,33,0.0,0.0,1.0,33,900,600,300,0.6666666666666666,12,6,6,378.5082453476609,0.38735006313131315,0.0915984087924615,0.22111962751601633,131228.0464172362,3334.179517957885,134562.2259351941,364,6,187.6060606060606,31,2,21,34.15207883254968,0.6441532258064517,43.84765624999999,1024.609374999999,33.05191532258062,0
366,4,0,0,33,0.0,0.0,1.0,33,750,400,350,0.5333333333333333,11,4,7,377.08397997441165,0.3870738636363636,0.09324127739164578,0.221248826998399,131394.8652479383,3309.3797471788102,134704.2449951171,365,7,188.6060606060606,31,2,22,34.01966387266106,0.6458333333333334,43.68489583333333,1025.260416666666,33.07291666666665,0
367,4,1,1,33,0.029411764705882353,0.029411764705882353,0.9705882352941176,34,950,800,150,0.8421052631578947,11,8,3,367.3046278939835,0.3925282234105763,0.0865062542050401,0.21752031532454308,131749.07415378513,2878.4089314865655,134627.4830852717,366,0,184.02941176470588,32,2,17,33.91239289960236,0.6468098958333335,43.33964646464646,1026.6414141414127,32.08254419191915,0
368,4,0,0,33,0.0,0.0,1.0,33,900,600,300,0.6666666666666666,12,6,6,378.720776474507,0.3857717803030303,0.09184693202958027,0.22416175688626222,131728.82080078125,3377.688259548611,135106.50906032987,367,9,190.6060606060606,31,2,17,33.63986132250972,0.6491935483870968,43.359375,1026.5625,33.11491935483871,0
369,4,0,0,33,0.0,0.0,1.0,33,600,300,300,0.5,9,3,6,377.16674415447096,0.385613952020202,0.09158522343106523,0.22402795767247485,131862.52170138885,3346.8315972222176,135209.35329861107,368,10,191.6060606060606,31,2,19,33.5446247464503,0.6505376344086022,43.229166666666664,1027.083333333333,33.131720430107514,0
370,4,0,0,33,0.0,0.0,1.0,33,650,400,250,0.6153846153846154,9,4,5,375.1518379114266,0.38573232323232326,0.08942293291551939,0.2234206153176655,131962.8418816461,3301.220533582908,135264.062415229,369,11,192.6060606060606,31,2,19,33.4950418197947,0.6515456989247311,43.13151041666667,1027.473958333334,33.14432123655916,0
371,4,1,0,34,0.029411764705882353,0.0,1.0,34,1200,900,300,0.75,15,9,6,367.40291316948316,0.38881461675579326,0.09366293756766497,0.2211472483257969,132365.51914345485,2926.2954672992696,135291.8146107541,370,0,187.91176470588235,32,2,21,33.28808793456034,0.6529947916666666,42.739898989899,1029.0404040404048,32.15751262626265,0
372,4,0,0,34,0.0,0.0,1.0,34,900,500,400,0.5555555555555556,13,5,8,365.7111638486724,0.3879233511586453,0.08814872527377404,0.22088954296459823,132495.48037190086,2891.0152662993637,135386.49563820023,371,1,188.91176470588235,32,2,21,33.20072970321314,0.654296875,42.61363636363637,1029.545454545455,32.17329545454547,0
373,4,0,1,33,0.0,0.029411764705882353,0.9705882352941176,34,800,600,200,0.75,10,6,4,389.6534369154791,0.38848039215686275,0.10754050972160689,0.22461232637569167,130714.10323245087,3390.226921997768,134104.33015444863,372,2,189.91176470588235,32,2,18,34.38824752026999,0.6363932291666666,44.34974747474748,1022.601010101011,31.956281565656592,8
374,4,0,0,33,0.0,0.0,1.0,33,700,500,200,0.7142857142857143,9,5,4,399.3223293457249,0.38774463383838387,0.1220921480760988,0.22967616173577204,130628.3760070802,3832.565477159303,134460.9414842395,373,3,195.21212121212122,31,2,18,34.22825648537341,0.6381048387096774,44.43359375000001,1022.2656250000009,32.976310483870996,0
375,4,1,0,34,0.029411764705882353,0.0,1.0,34,1050,600,450,0.5714285714285714,15,6,9,393.278304934767,0.39083853238265004,0.12426923913831867,0.22880107984368453,131069.41415416807,3509.351405468845,134578.76555963693,374,0,190.44117647058823,32,2,20,33.93469995889848,0.6399739583333333,44.00252525252526,1023.9898989899,31.999684343434375,0
376,4,0,1,33,0.0,0.029411764705882353,0.9705882352941176,34,800,600,200,0.75,10,6,4,391.61859747112277,0.39057857991681516,0.12071841435378294,0.22802716755838312,131101.73906042753,3468.375835373946,134570.11489580147,375,1,191.44117647058823,32,2,20,33.94438622446884,0.6402994791666666,43.9709595959596,1024.1161616161617,32.00363005050505,0
377,4,0,0,33,0.0,0.0,1.0,33,1150,1000,150,0.8695652173913043,13,10,3,398.14798780798327,0.38450915404040403,0.14074656067538682,0.23239082849207776,131194.69536675335,3846.9807942708235,135041.67616102417,376,2,197.72727272727272,31,2,20,33.68285036434504,0.6438172043010754,43.88020833333333,1024.4791666666656,33.047715053763405,0
378,4,0,1,32,0.0,0.030303030303030304,0.9696969696969697,33,1150,1000,150,0.8695652173913043,13,10,3,403.02945936370287,0.38628472222222227,0.13887124772428994,0.23626589229861739,131361.49300469283,3988.510301378033,135350.00330607087,377,3,198.72727272727272,31,2,21,33.3885060756171,0.645497311827957,43.717447916666664,1025.1302083333328,33.06871639784944,0
379,4,0,0,32,0.0,0.0,1.0,32,850,700,150,0.8235294117647058,10,7,3,400.3726285101416,0.38407258064516125,0.11740765422696131,0.2357350947236841,131528.3966064452,4132.07397460936,135660.47058105457,378,4,196.375,31,1,21,33.28731911652703,0.6471774193548387,43.55468749999999,1025.781249999999,33.08971774193545,0
380,4,2,0,34,0.058823529411764705,0.0,1.0,34,850,600,250,0.7058823529411765,11,6,5,379.06589533819283,0.3914327094474153,0.11194552883705589,0.22741244171361363,132240.39619677537,3225.5648368416105,135465.96103361697,379,0,185.76470588235293,33,1,19,33.1142767782676,0.6493055555555556,42.86151960784314,1028.5539215686283,31.168300653594798,0
381,4,1,0,35,0.02857142857142857,0.0,1.0,35,900,700,200,0.7777777777777778,11,7,4,368.7190501746519,0.3946078431372549,0.10150268579587918,0.2232503528579089,132587.25610342182,2777.5832912821975,135364.83939470403,380,0,181.42857142857142,33,2,21,33.03089798508645,0.6527777777777778,42.52450980392157,1029.901960784314,31.209150326797396,0
382,4,0,0,35,0.0,0.0,1.0,35,1250,1100,150,0.88,14,11,3,365.62892984501303,0.39527310924369746,0.08836110969539468,0.22231190680164234,132745.06987997398,2707.087568483267,135452.15744845723,381,1,182.42857142857142,33,2,17,32.95167380187895,0.6543560606060606,42.37132352941176,1030.5147058823525,31.227718360071286,0
383,4,0,0,35,0.0,0.0,1.0,35,700,400,300,0.5714285714285714,10,4,6,365.40114282333127,0.3941176470588235,0.0831706033179942,0.2229238444215144,132871.3884833957,2710.271440071115,135581.65992346682,382,2,183.42857142857142,33,2,17,32.83051527398074,0.6556186868686869,42.248774509803916,1031.0049019607836,31.242572786690413,0
384,4,0,2,33,0.0,0.05714285714285714,0.9428571428571428,35,950,800,150,0.8421052631578947,11,8,3,367.7493402596266,0.39338235294117646,0.09036418558870452,0.22530669187085411,133029.37121539787,2784.2926999231036,135813.66391532097,383,3,184.42857142857142,33,2,18,32.611170507642356,0.6571969696969697,42.095588235294116,1031.6176470588232,31.26114081996434,0
385,4,0,0,33,0.0,0.0,1.0,33,900,500,400,0.5555555555555556,13,5,8,387.9851351346819,0.3890072601010101,0.09692527448119526,0.23561982918808447,132699.6888054743,3697.101338704446,136396.79014417873,384,4,196.0909090909091,31,2,18,32.42146362525802,0.6589381720430106,42.41536458333334,1030.3385416666677,33.23672715053767,0
386,4,0,0,33,0.0,0.0,1.0,33,800,600,200,0.75,10,6,4,390.70445658207495,0.3882181186868687,0.10043836980034082,0.23769606255550563,132766.77661471916,3774.5142618815353,136541.2908766007,385,5,197.0909090909091,31,2,18,32.28377026742472,0.6596102150537633,42.35026041666668,1030.5989583333348,33.24512768817209,0
387,4,0,0,33,0.0,0.0,1.0,33,950,500,450,0.5263157894736842,14,5,9,388.8044346159358,0.3883364898989899,0.09415105966830128,0.23696418082019757,132833.88137817392,3729.2804294162474,136563.16180759016,386,6,198.0909090909091,31,2,18,32.265088838364704,0.660282258064516,42.28515625000001,1030.8593750000007,33.25352822580648,0
388,4,0,0,33,0.0,0.0,1.0,33,900,500,400,0.5555555555555556,13,5,8,387.1907636099763,0.3880602904040404,0.08737711755769606,0.23640429121259865,132901.00309583885,3691.6081746419463,136592.6112704808,387,7,199.0909090909091,31,2,18,32.23905059561393,0.6609543010752688,42.22005208333334,1031.1197916666677,33.26192876344089,0
389,4,0,0,33,0.0,0.0,1.0,33,1200,800,400,0.6666666666666666,16,8,8,387.69118292586086,0.3868765782828283,0.08902488780089746,0.2374390528114157,133015.96297571683,3713.8232068156376,136729.78618253247,388,8,200.0909090909091,32,1,18,32.11036311709506,0.6595052083333333,42.10858585858586,1031.565656565657,32.23642676767678,0
390,4,0,0,33,0.0,0.0,1.0,33,950,600,350,0.631578947368421,13,6,7,385.4961703560305,0.386679292929293,0.08293577981651379,0.2371280054673101,133178.82303145103,3667.985250229587,136846.80828168063,389,9,201.0909090909091,32,1,19,32.00305810397554,0.6611328125,41.950757575757585,1032.1969696969709,32.25615530303034,0
391,4,0,0,33,0.0,0.0,1.0,33,750,500,250,0.6666666666666666,10,5,5,383.4306128818596,0.38628472222222227,0.07914577984268667,0.23668520624609282,133309.18281616678,3622.964333996542,136932.14715016334,390,10,202.0909090909091,32,1,19,31.92525573623508,0.6624348958333333,41.824494949494955,1032.7020202020208,32.27193813131315,0
392,4,0,0,33,0.0,0.0,1.0,33,950,600,350,0.631578947368421,13,6,7,381.2064274735586,0.38549558080808083,0.08415821418387726,0.2361402116590561,133439.60636988576,3573.6071255484176,137013.21349543417,391,11,203.0909090909091,32,1,20,31.85160291661574,0.6637369791666666,41.698232323232325,1033.2070707070711,32.28772095959597,0
393,4,0,0,33,0.0,0.0,1.0,33,1000,800,200,0.8,12,8,4,378.366270035695,0.3847064393939394,0.08223416381696791,0.23541512302828807,133602.72548719522,3510.1529818385907,137112.8784690338,392,12,204.0909090909091,32,1,20,31.761164712587526,0.6653645833333334,41.54040404040404,1033.838383838384,32.3074494949495,0
394,4,0,0,33,0.0,0.0,1.0,33,500,100,400,0.2,9,1,8,379.0443988246186,0.3840751262626263,0.08864468864468877,0.2362537006372623,133668.00103305784,3533.2214187327813,137201.2224517906,393,13,205.0909090909091,32,1,20,31.678113553113565,0.666015625,41.47727272727273,1034.090909090909,32.31534090909091,0
395,4,0,0,33,0.0,0.0,1.0,33,1150,800,350,0.6956521739130435,15,8,7,386.6915619605759,0.38360164141414144,0.053381904256872614,0.2292819291444436,131795.66277397997,3595.7596147465324,135391.4223887265,394,14,206.0909090909091,31,2,19,33.36767689576465,0.6498655913978495,43.29427083333333,1026.822916666666,33.1233198924731,4
396,4,0,0,33,0.0,0.0,1.0,33,900,600,300,0.6666666666666666,12,6,6,401.9626777690121,0.3832070707070707,-0.09577244258872653,0.24372167424222407,132640.18961729697,4153.630145131731,136793.8197624287,395,15,207.0909090909091,30,3,17,32.12149878218511,0.6611111111111111,42.4731182795699,1030.107526881722,34.33691756272406,7
397,4,0,0,33,0.0,0.0,1.0,33,750,500,250,0.6666666666666666,10,5,5,402.93163365302325,0.3838778409090909,-0.0992152444207236,0.2445345187609205,132674.80570369415,4091.775241357394,136766.58094505154,396,16,208.0909090909091,30,3,17,32.06158947597304,0.6614583333333333,42.43951612903226,1030.2419354838717,34.34139784946239,0
398,4,0,0,33,0.0,0.0,1.0,33,650,500,150,0.7692307692307693,8,5,3,404.18139367052856,0.38344381313131315,-0.09923679207623382,0.2457461336456737,132744.05142574303,4130.53514134584,136874.58656708887,397,17,209.0909090909091,30,3,17,31.959480022607707,0.6621527777777777,42.372311827957,1030.5107526881734,34.35035842293912,0
399,4,0,0,33,0.0,0.0,1.0,33,1350,1100,250,0.8148148148148148,16,11,5,406.0293643836071,0.38178661616161613,-0.10591250705938537,0.24824408867851946,132951.89698592332,4196.474845357862,137148.37183128117,398,18,210.0909090909091,30,3,17,31.702072201225082,0.664236111111111,42.17069892473119,1031.3172043010761,34.37724014336921,0
400,4,0,0,33,0.0,0.0,1.0,33,550,300,250,0.5454545454545454,8,3,5,406.6412613395948,0.3813525883838384,-0.10251551470936549,0.24931136757529812,133055.88073765766,4221.202234362369,137277.08297202003,399,19,211.0909090909091,30,3,17,31.581390046899422,0.6652777777777776,42.06989247311829,1031.7204301075278,34.39068100358426,0
401,4,0,0,33,0.0,0.0,1.0,33,650,300,350,0.46153846153846156,10,3,7,403.6286558727821,0.3810369318181818,-0.10467832903164109,0.24777359394204485,133102.469974094,4144.794209798182,137247.2641838922,400,20,212.0909090909091,31,2,17,31.612118822292324,0.6629704301075269,42.024739583333336,1031.901041666667,33.287130376344095,0
402,4,0,0,33,0.0,0.0,1.0,33,1050,700,350,0.6666666666666666,14,7,7,404.9024701999192,0.38032670454545453,-0.10071200082550824,0.2494538994728173,133236.86599731445,4189.58723280165,137426.4532301161,401,21,213.0909090909091,31,2,17,31.44377706310168,0.6643145161290323,41.89453125,1032.421875,33.303931451612904,0
403,4,0,0,33,0.0,0.0,1.0,33,600,200,400,0.3333333333333333,10,2,8,407.5917300905152,0.3792219065656566,-0.0995862037344829,0.2515649814278502,133304.08944023974,4266.728888617612,137570.81832885736,402,22,214.0909090909091,31,2,17,31.30660803597697,0.664986559139785,41.82942708333333,1032.682291666666,33.31233198924729,0
404,4,0,1,32,0.0,0.030303030303030304,0.9696969696969697,33,850,600,250,0.7058823529411765,11,6,5,406.48818455174245,0.37898516414141414,-0.1016448099577687,0.25113847051610644,133341.78272625225,4240.371837057417,137582.15456330965,403,23,215.0909090909091,32,1,17,31.29711695191524,0.6627604166666667,41.79292929292928,1032.8282828282813,32.27588383838379,0
405,4,0,0,32,0.0,0.0,1.0,32,550,400,150,0.7272727272727273,7,4,3,415.860087238749,0.37216481854838707,-0.09236286254728854,0.2564362746347807,133270.47559950082,4684.37432183159,137954.8499213324,404,24,222.0625,31,1,17,31.127049180327866,0.6646505376344086,41.861979166666664,1032.552083333333,33.3081317204301,0
406,4,0,0,32,0.0,0.0,1.0,32,500,400,100,0.8,6,4,2,414.9415264239226,0.3725848454301075,-0.08744641956631383,0.25633303641702126,133337.70751953125,4665.470377604167,138003.1778971354,405,25,223.0625,31,1,19,31.082955118507314,0.6653225806451613,41.796875,1032.8125,33.31653225806452,0
407,4,0,0,32,0.0,0.0,1.0,32,950,600,350,0.631578947368421,13,6,7,412.5109139356515,0.3722698252688172,-0.08763783868935116,0.2555249103887116,133438.5871887207,4608.974711100259,138047.56189982095,406,26,224.0625,31,1,20,31.044029615626965,0.6663306451612903,41.69921875,1033.203125,33.32913306451613,0
408,4,0,0,32,0.0,0.0,1.0,32,500,400,100,0.8,6,4,2,411.96524788173247,0.3717237903225807,-0.08500621556242449,0.2556658389898227,133508.10426311736,4600.148330500106,138108.25259361748,407,27,225.0625,29,3,20,30.988078439277874,0.6727729885057471,41.63194444444445,1033.4722222222229,35.63697318007665,0
409,4,0,1,31,0.0,0.03125,0.96875,32,1100,1000,100,0.9090909090909091,12,10,2,414.3753928671352,0.3715767809139785,-0.08977028479312199,0.2579105706106151,133615.7793209878,4673.4182098765605,138289.19753086436,408,28,226.0625,29,3,20,30.817324914920302,0.6738505747126438,41.527777777777786,1033.8888888888898,35.651340996168614,0
410,4,0,0,31,0.0,0.0,1.0,31,750,600,150,0.8,9,6,3,413.964776843483,0.3703405017921147,-0.08388396629043127,0.25790525218407795,133651.6806520062,4865.417631172844,138517.09828317905,409,29,228.06451612903226,29,2,20,30.791778598612044,0.6742097701149425,41.49305555555556,1034.027777777778,35.65613026819924,0
411,4,0,0,31,0.0,0.0,1.0,31,550,300,250,0.5454545454545454,8,3,5,413.964776843483,0.3703405017921147,-0.08388396629043127,0.25790525218407795,133651.6806520062,4865.417631172844,138517.09828317905,410,30,229.06451612903226,29,2,20,30.791778598612044,0.6742097701149425,41.49305555555556,1034.027777777778,35.65613026819924,0
412,4,0,0,31,0.0,0.0,1.0,31,800,400,400,0.5,12,4,8,411.69334640404537,0.36917562724014336,-0.0808169696360177,0.25765978704214176,133819.67026534866,4818.533573245473,138638.20383859414,411,31,230.06451612903226,30,1,18,30.681399930717944,0.6729166666666666,41.33064516129033,1034.6774193548392,34.489247311827974,0
413,4,0,0,31,0.0,0.0,1.0,31,350,100,250,0.2857142857142857,6,1,5,412.283669357808,0.36926523297491043,-0.07841822775475649,0.2582727396571005,133854.43990996078,4837.1999291825805,138691.63983914338,412,32,231.06451612903226,30,1,18,30.631142572628477,0.6732638888888888,41.297043010752695,1034.81182795699,34.49372759856634,0
414,4,0,0,31,0.0,0.0,1.0,31,600,300,300,0.5,9,3,6,411.89036937088866,0.36922043010752686,-0.08043569333891909,0.25827001988239784,133889.21407099103,4829.535567695706,138718.74963868674,413,33,232.06451612903226,30,1,19,30.606331168831165,0.673611111111111,41.26344086021506,1034.946236559141,34.4982078853047,0
415,4,1,1,31,0.03125,0.03125,0.96875,32,1100,900,200,0.8181818181818182,13,9,4,400.5794179179319,0.37428595430107525,-0.07997455390801689,0.25340310077829126,134213.26531304265,4352.614339192728,138565.87965223537,414,0,225.78125,31,1,20,30.573531875680665,0.6740591397849462,40.95052083333334,1036.1979166666677,33.42573924731186,0
416,4,0,0,31,0.0,0.0,1.0,31,600,500,100,0.8333333333333334,7,5,2,414.50946037908284,0.3672043010752688,-0.06957162227765046,0.2618884361149158,134167.56995028336,4922.745404092967,139090.31535437633,415,35,234.06451612903226,30,1,20,30.25860577754713,0.6763888888888889,40.99462365591398,1036.0215053763447,34.53405017921149,0
417,4,0,0,31,0.0,0.0,1.0,31,550,300,250,0.5454545454545454,8,3,5,414.3428658630335,0.3668906810035842,-0.06588026563003424,0.2620319239489847,134202.38475907617,4921.160141345819,139123.54490042198,416,36,235.06451612903226,30,1,20,30.227926233406848,0.6767361111111111,40.961021505376344,1036.1559139784945,34.53853046594982,0
418,4,1,1,31,0.03125,0.03125,0.96875,32,300,200,100,0.6666666666666666,4,2,2,401.97316492548816,0.3722488239247312,-0.07119036409290636,0.25593255464680364,134449.48196411133,4409.016757541234,138858.49872165255,417,0,228.6875,31,1,20,30.300402803933878,0.6764112903225806,40.72265625,1037.109375,33.455141129032256,0
419,4,0,0,31,0.0,0.0,1.0,31,850,700,150,0.8235294117647058,10,7,3,406.8897759135931,0.3666666666666667,-0.058067861533700915,0.2585459416307627,134376.52654931214,4735.28695513933,139111.81350445148,418,38,237.06451612903226,30,1,20,30.246143375680578,0.6784722222222221,40.793010752688176,1036.827956989248,34.560931899641595,0
420,4,0,0,31,0.0,0.0,1.0,31,650,300,350,0.46153846153846156,10,3,7,406.49371678632474,0.36608422939068097,-0.05556229020971715,0.2590348482609469,134481.0658204705,4733.141656549881,139214.2074770204,419,39,238.06451612903226,30,1,20,30.151505334542776,0.679513888888889,40.692204301075265,1037.2311827956985,34.574372759856615,0
421,4,0,0,31,0.0,0.0,1.0,31,500,200,300,0.4,8,2,6,406.49371678632474,0.36608422939068097,-0.05556229020971715,0.2590348482609469,134481.0658204705,4733.141656549881,139214.2074770204,420,40,239.06451612903226,30,1,20,30.151505334542776,0.679513888888889,40.692204301075265,1037.2311827956985,34.574372759856615,0
422,4,0,0,31,0.0,0.0,1.0,31,550,400,150,0.7272727272727273,7,4,3,406.2837696166191,0.3659498207885305,-0.05000647752299525,0.2593965606013799,134550.78125,4733.159722222221,139283.94097222222,421,41,240.06451612903226,30,1,20,30.087014725568945,0.6802083333333333,40.625,1037.5,34.583333333333336,0
423,4,0,0,31,0.0,0.0,1.0,31,1300,1000,300,0.7692307692307693,16,10,6,404.3730292879696,0.36460573476702507,-0.05576591507783768,0.26016572833539875,134829.82362484094,4704.30884350791,139534.13246834883,422,42,241.06451612903226,30,1,19,29.856887105819418,0.6829861111111111,40.35618279569892,1038.5752688172038,34.619175627240125,0
424,4,0,0,31,0.0,0.0,1.0,31,950,700,250,0.7368421052631579,12,7,5,404.91540305517924,0.36420250896057343,-0.05409872328348653,0.26101677649820515,134899.62938273206,4724.587560700646,139624.2169434327,423,43,242.06451612903226,30,1,19,29.772879199551458,0.6836805555555556,40.28897849462365,1038.8440860215048,34.62813620071683,0
425,4,0,0,31,0.0,0.0,1.0,31,750,500,250,0.6666666666666666,10,5,5,408.1197353366529,0.36375448028673835,-0.055422299904472894,0.2640995743396095,135039.29509553118,4822.440274887258,139861.73537041844,424,44,243.06451612903226,30,1,19,29.549765076080863,0.6850694444444445,40.15456989247311,1039.3817204301067,34.64605734767022,0
426,4,0,0,31,0.0,0.0,1.0,31,1100,1000,100,0.9090909090909091,12,10,2,412.4304689071477,0.36375448028673835,-0.062172968600816336,0.2679239746376659,135179.03307101972,4950.390399179085,140129.4234701988,425,45,244.06451612903226,30,1,19,29.2978006117789,0.6864583333333334,40.02016129032258,1039.919354838709,34.663978494623635,0
427,4,0,0,31,0.0,0.0,1.0,31,700,400,300,0.5714285714285714,10,4,6,409.79031937450804,0.3627688172043011,-0.0701786478969273,0.2719899989757748,135948.88363177815,4942.1072884148325,140890.990920193,426,46,245.06451612903226,30,1,18,28.59689822571637,0.6940972222222223,39.28091397849462,1042.8763440860207,34.76254480286736,1
428,4,0,0,31,0.0,0.0,1.0,31,900,600,300,0.6666666666666666,12,6,6,406.15798725992255,0.36326164874551975,-0.07168735769722967,0.2709115646981132,136124.1545265348,4857.582523991206,140981.73705052602,427,47,246.06451612903226,30,1,19,28.516765413017342,0.6958333333333333,39.11290322580645,1043.548387096774,34.78494623655913,0
429,4,0,0,31,0.0,0.0,1.0,31,950,700,250,0.7368421052631579,12,7,5,404.9519790466564,0.36312724014336917,-0.06950894303539845,0.27064174434391847,136194.29449936398,4830.429818476112,141024.7243178401,428,48,247.06451612903226,30,1,19,28.478302858614484,0.6965277777777779,39.04569892473118,1043.8172043010745,34.793906810035814,0
430,4,0,0,31,0.0,0.0,1.0,31,1250,800,450,0.64,17,8,9,403.371380205357,0.36236559139784946,-0.06515547805870403,0.27065592609634037,136334.62864203952,4798.697465024849,141133.32610706438,429,49,248.06451612903226,30,1,19,28.379719004719007,0.6979166666666667,38.91129032258064,1044.354838709677,34.811827956989234,0
431,4,0,0,31,0.0,0.0,1.0,31,850,700,150,0.8235294117647058,10,7,3,405.1226807425544,0.36236559139784946,-0.06775272413421063,0.272913667252393,136475.03504740426,4857.826410567687,141332.86145797194,430,50,249.06451612903226,30,1,19,28.19414072549524,0.6993055555555556,38.776881720430104,1044.892473118279,34.82974910394263,0
432,4,0,0,31,0.0,0.0,1.0,31,1150,1000,150,0.8695652173913043,13,10,3,406.3832022607825,0.3612903225806452,-0.06623313066631298,0.27485639540733603,136615.51371545834,4903.649988437947,141519.16370389628,431,51,250.06451612903226,30,1,20,28.021342247364352,0.7006944444444445,38.64247311827956,1045.4301075268809,34.84767025089603,0
433,4,0,0,31,0.0,0.0,1.0,31,900,600,300,0.6666666666666666,12,6,6,408.1065762670129,0.3604390681003584,-0.0721681962510673,0.2771278688054009,136756.06464620188,4962.209865302346,141718.27451150422,432,52,251.06451612903226,30,1,20,27.836406664953305,0.7020833333333334,38.50806451612903,1045.967741935484,34.865591397849464,0
434,4,0,0,31,0.0,0.0,1.0,31,250,200,50,0.8,3,2,1,408.1065762670129,0.3604390681003584,-0.0721681962510673,0.2771278688054009,136756.06464620188,4962.209865302346,141718.27451150422,433,53,252.06451612903226,30,1,20,27.836406664953305,0.7020833333333334,38.50806451612903,1045.967741935484,34.865591397849464,0
435,4,0,0,31,0.0,0.0,1.0,31,450,300,150,0.6666666666666666,6,3,3,410.65214117968515,0.35994623655913977,-0.0757067719968666,0.27913586155471526,136791.21366993297,5034.720957625163,141825.93462755813,434,54,253.06451612903226,30,1,20,27.734860165317578,0.7024305555555556,38.4744623655914,1046.1021505376348,34.87007168458783,0
436,4,0,0,31,0.0,0.0,1.0,31,550,400,150,0.7272727272727273,7,4,3,412.5363359951886,0.35976702508960573,-0.07507406716804432,0.2809794729416049,136861.52526664932,5092.070434443287,141953.5957010926,435,55,254.06451612903226,30,1,20,27.615606936416185,0.703125,38.40725806451613,1046.3709677419354,34.87903225806451,0
437,4,0,0,31,0.0,0.0,1.0,31,450,400,50,0.8888888888888888,5,4,1,410.0111935277055,0.35976702508960573,-0.033977062125648105,0.25781332116584993,133992.36400118878,4806.159516758993,138798.52351794776,436,56,255.06451612903226,28,3,18,30.55121889166436,0.6808035714285716,41.163793103448256,1035.3448275862047,36.976600985221594,7
438,4,0,0,31,0.0,0.0,1.0,31,650,300,350,0.46153846153846156,10,3,7,407.78505138574604,0.35905017921146953,-0.0309960259210198,0.2569330988101795,134066.75254326838,4734.083514995341,138800.83605826373,437,57,256.06451612903226,28,3,18,30.534070939696623,0.6815476190476192,41.09195402298849,1035.6321839080442,36.98686371100158,0
439,4,0,0,31,0.0,0.0,1.0,31,550,300,250,0.5454545454545454,8,3,5,405.4229611341677,0.3587813620071685,-0.03366681126818538,0.2567441456242976,134252.8142134032,4685.8346957986305,138938.64890920185,438,58,257.06451612903226,28,3,18,30.408348352511666,0.6834077380952381,40.91235632183907,1036.3505747126426,37.01252052545152,0
440,4,0,0,31,0.0,0.0,1.0,31,900,600,300,0.6666666666666666,12,6,6,403.6883196966358,0.35842293906810035,-0.032763284376187585,0.25616633479430306,134327.2750074315,4645.270387435575,138972.54539486708,439,59,258.06451612903226,28,3,19,30.378551628551623,0.6841517857142858,40.8405172413793,1036.6379310344819,37.022783251231495,0
441,4,0,0,31,0.0,0.0,1.0,31,650,600,50,0.9230769230769231,7,6,1,403.6883196966358,0.35842293906810035,-0.032763284376187585,0.25616633479430306,134327.2750074315,4645.270387435575,138972.54539486708,440,60,259.06451612903226,28,3,19,30.378551628551623,0.6841517857142858,40.8405172413793,1036.6379310344819,37.022783251231495,0
442,4,0,0,31,0.0,0.0,1.0,31,650,600,50,0.9230769230769231,7,6,1,402.232393228703,0.3581989247311828,-0.03237874731257295,0.2557630997296519,134401.75644487378,4612.148029792563,139013.90447466634,441,61,260.06451612903226,28,3,21,30.341554662602185,0.6848958333333335,40.768678160919535,1036.9252873563214,37.033045977011476,0
443,4,0,0,31,0.0,0.0,1.0,31,950,800,150,0.8421052631578947,11,8,3,401.1648935602561,0.35775089605734767,-0.030631307037066735,0.2553446385994643,134439.00490487498,4586.441818602172,139025.44672347716,442,62,261.06451612903226,28,3,21,30.331867091530434,0.6852678571428572,40.732758620689644,1037.06896551724,37.03817733990143,0
444,4,0,0,31,0.0,0.0,1.0,31,550,400,150,0.7272727272727273,7,4,3,401.1225625393139,0.3572132616487455,-0.029796605777950624,0.25610132839048494,134550.78125,4594.270833333334,139145.05208333334,443,63,262.06451612903226,28,3,22,30.22088353413654,0.6863839285714286,40.625,1037.5,37.05357142857143,0
445,4,0,0,31,0.0,0.0,1.0,31,850,500,350,0.5882352941176471,12,5,7,400.79769159852026,0.35757168458781363,-0.030324813037169385,0.25694439412593684,134699.88862878183,4597.480884198701,139297.36951298054,444,64,263.06451612903226,28,3,23,30.079873125720862,0.6878720238095238,40.48132183908046,1038.074712643678,37.07409688013136,0
446,4,0,0,31,0.0,0.0,1.0,31,550,200,350,0.36363636363636365,9,2,7,400.79769159852026,0.35757168458781363,-0.030324813037169385,0.25694439412593684,134699.88862878183,4597.480884198701,139297.36951298054,445,65,264.06451612903226,28,3,23,30.079873125720862,0.6878720238095238,40.48132183908046,1038.074712643678,37.07409688013136,0
447,4,0,0,31,0.0,0.0,1.0,31,1000,700,300,0.7,13,7,6,402.3563172307307,0.35775089605734767,-0.0334055163964837,0.258934642018193,134839.130015432,4650.67515432097,139489.80516975297,446,66,265.06451612903226,29,2,16,29.89992867968261,0.6860632183908046,40.347222222222214,1038.6111111111104,35.8141762452107,0
448,4,0,0,31,0.0,0.0,1.0,31,1000,800,200,0.8,12,8,4,402.7138322514227,0.35703405017921147,-0.035794376401587,0.25968098838281406,134911.26543209888,4666.126543209892,139577.39197530877,447,67,266.06451612903226,29,2,16,29.818404634581103,0.6867816091954022,40.277777777777786,1038.8888888888898,35.823754789272066,0
449,4,0,0,31,0.0,0.0,1.0,31,650,500,150,0.7692307692307693,8,5,3,400.30278729015964,0.3572132616487455,-0.036858967448719415,0.2583835333664957,134947.34037422843,4603.9592978395085,139551.29967206792,448,68,267.06451612903226,29,2,16,29.844912667646916,0.6871408045977011,40.24305555555556,1039.027777777778,35.82854406130269,0
450,4,0,0,31,0.0,0.0,1.0,31,850,700,150,0.8235294117647058,10,7,3,400.1327323507452,0.35681003584229387,-0.03844064464391972,0.2585313560836163,134983.42013888893,4602.25694444445,139585.67708333337,449,69,268.06451612903226,29,2,16,29.813218390804597,0.6875,40.208333333333336,1039.166666666667,35.83333333333334,0
451,4,0,0,31,0.0,0.0,1.0,31,800,500,300,0.625,11,5,6,390.95143903148244,0.35681003584229387,-0.03186281961630821,0.23937315232372788,133006.19454089497,4199.792631172829,137205.9871720678,450,70,269.06451612903226,29,2,19,32.03612382747633,0.6677442528735633,42.11805555555555,1031.527777777777,35.56992337164748,4
452,4,0,0,31,0.0,0.0,1.0,31,500,400,100,0.8,6,4,2,390.95143903148244,0.35681003584229387,-0.03186281961630821,0.23937315232372788,133006.19454089497,4199.792631172829,137205.9871720678,451,71,270.06451612903226,29,2,19,32.03612382747633,0.6677442528735633,42.11805555555555,1031.527777777777,35.56992337164748,0
453,4,1,0,32,0.03125,0.0,1.0,32,1000,800,200,0.8,12,8,4,379.0126639207148,0.36218918010752693,-0.02210187353630011,0.2345484166581811,133402.78681061376,3712.2691207075677,137115.05593132132,452,0,262.59375,30,2,21,31.945257611241207,0.6687500000000002,41.73387096774192,1033.0645161290308,34.435483870967694,0
454,4,0,0,32,0.0,0.0,1.0,32,650,500,150,0.7692307692307693,8,5,3,379.0126639207148,0.36218918010752693,-0.02210187353630011,0.2345484166581811,133402.78681061376,3712.2691207075677,137115.05593132132,453,1,263.59375,30,2,21,31.945257611241207,0.6687500000000002,41.73387096774192,1033.0645161290308,34.435483870967694,0
455,4,0,0,32,0.0,0.0,1.0,32,450,200,250,0.4444444444444444,7,2,5,380.2000463124805,0.36218918010752693,0.0358813980137509,0.21924311040662417,130728.22570800783,3540.5754937065967,134268.80120171444,454,2,264.59375,31,1,18,34.61558865970631,0.6391129032258065,44.3359375,1022.6562500000001,32.988911290322584,5
456,4,1,0,33,0.030303030303030304,0.0,1.0,33,900,600,300,0.6666666666666666,12,6,6,367.75489511524836,0.3658459595959596,0.046509716915239085,0.2144928442897205,131166.40082963486,3047.417195949409,134213.81802558427,455,0,257.54545454545456,32,1,20,34.489913307859815,0.6409505208333333,43.90782828282829,1024.368686868688,32.0115214646465,0
457,4,2,1,34,0.05714285714285714,0.02857142857142857,0.9714285714285714,35,600,400,200,0.6666666666666666,8,4,4,348.92953849300955,0.37934173669467786,0.0414318859794498,0.2060118234116265,131633.36167800473,2186.1536281179356,133819.51530612266,456,0,243.77142857142857,34,1,16,34.50067672080434,0.6409313725490196,43.45238095238096,1026.1904761904777,30.182072829131698,0
458,4,1,2,33,0.02857142857142857,0.05714285714285714,0.9428571428571428,35,850,500,350,0.5882352941176471,12,5,7,351.0683715635014,0.37657563025210083,0.04619666048237492,0.20794049700299713,131755.55555555568,2251.0416666666865,134006.59722222236,457,0,244.74285714285713,34,1,16,34.32257846320346,0.642156862745098,43.33333333333334,1026.6666666666679,30.196078431372584,0
459,4,0,0,33,0.0,0.0,1.0,33,900,700,200,0.7777777777777778,11,7,4,369.365131360947,0.3669902146464647,0.06317948717948729,0.21762811401796173,131554.7062321446,3118.3442697173696,134673.050501862,458,2,257.09090909090907,32,1,17,34.05589743589744,0.6448567708333334,43.5290404040404,1025.8838383838379,32.058869949494934,0
460,4,0,0,33,0.0,0.0,1.0,33,750,600,150,0.8,9,6,3,368.0593283724963,0.36675347222222227,0.06201550387596866,0.217227172235532,131619.47959710742,3088.755452249761,134708.23504935717,459,3,258.09090909090907,32,1,18,34.0239325704442,0.6455078125,43.465909090909086,1026.1363636363633,32.06676136363635,0
461,4,0,0,33,0.0,0.0,1.0,33,750,400,350,0.5333333333333333,11,4,7,369.0207847711404,0.3666745580808081,0.06528068233074968,0.21816508795669812,131684.2689043209,3118.84645061727,134803.11535493817,460,4,259.09090909090907,32,1,18,33.93380694632386,0.6461588541666667,43.40277777777777,1026.3888888888882,32.07465277777776,0
462,4,0,0,33,0.0,0.0,1.0,33,800,500,300,0.625,11,5,6,368.29293338432285,0.3662405303030303,0.0641167548067072,0.21810559660217968,131749.07415378527,3104.450598153247,134853.52475193853,461,5,260.09090909090907,32,1,18,33.88702701594721,0.6468098958333334,43.339646464646464,1026.6414141414139,32.08254419191918,0
463,4,0,0,33,0.0,0.0,1.0,33,1100,800,300,0.7272727272727273,14,8,6,365.2628675379202,0.3664378156565657,0.04923404603915804,0.21760682401344014,131976.01807213546,3041.1877614529053,135017.20583358835,462,6,261.09090909090907,32,1,19,33.73576636356189,0.6490885416666667,43.118686868686865,1027.525252525252,32.110164141414124,0
464,4,0,0,33,0.0,0.0,1.0,33,750,500,250,0.6666666666666666,10,5,5,364.7053744936261,0.3656092171717172,0.054374974409368004,0.21783319543306012,132073.33953486886,3033.5713511376343,135106.9108860065,463,7,262.09090909090907,32,1,19,33.65193669901321,0.6500651041666667,43.023989898989896,1027.9040404040402,32.122001262626256,0
465,4,0,0,33,0.0,0.0,1.0,33,1250,1100,150,0.88,14,11,3,364.5209277970893,0.3657275883838384,0.0580848365852662,0.21922369303457434,132333.03880025004,3047.632416335078,135380.67121658512,464,8,263.09090909090907,32,1,22,33.39494621016894,0.6526692708333333,42.77146464646465,1028.914141414142,32.15356691919194,0
466,4,0,0,33,0.0,0.0,1.0,33,650,400,250,0.6153846153846154,9,4,5,365.49383209253176,0.3654119318181818,0.06116357986835119,0.22056781739825385,132462.98408644518,3082.880732833372,135545.86481927856,465,9,264.09090909090907,32,1,22,33.23904288809844,0.6539713541666667,42.645202020202014,1029.4191919191912,32.169349747474726,0
467,4,0,0,33,0.0,0.0,1.0,33,900,700,200,0.7777777777777778,11,7,4,366.95581107488624,0.36580650252525254,0.0529606472968005,0.2222166704482438,132592.99314164364,3131.1538682277264,135724.14700987138,466,10,265.09090909090907,32,1,22,33.07052225082751,0.6552734375,42.51893939393939,1029.9242424242418,32.18513257575756,0
468,4,0,0,33,0.0,0.0,1.0,33,500,300,200,0.6,7,3,4,368.11343218312567,0.3653330176767677,0.05385306856255645,0.2231106522845423,132625.50536935005,3164.245995306601,135789.75136465667,467,11,266.09090909090907,32,1,18,33.007988068971166,0.6555989583333334,42.48737373737374,1030.0505050505049,32.18907828282828,0
469,4,0,0,33,0.0,0.0,1.0,33,550,300,250,0.5454545454545454,8,3,5,368.760813148789,0.3656092171717172,0.05294117647058849,0.223890493697479,132690.54178145083,3186.2144168962304,135876.75619834705,468,12,267.09090909090907,32,1,18,32.92585784313725,0.65625,42.42424242424242,1030.30303030303,32.19696969696969,0
470,4,0,0,33,0.0,0.0,1.0,33,750,500,250,0.6666666666666666,10,5,5,368.760813148789,0.3656092171717172,0.05294117647058849,0.223890493697479,132690.54178145083,3186.2144168962304,135876.75619834705,469,13,268.09090909090907,32,1,18,32.92585784313725,0.65625,42.42424242424242,1030.30303030303,32.19696969696969,0
471,4,0,0,33,0.0,0.0,1.0,33,900,600,300,0.6666666666666666,12,6,6,366.44078105845864,0.3647411616161616,0.050295978771178085,0.2234495128709719,132853.20255905006,3136.5662623711805,135989.76882142122,470,14,269.09090909090907,32,1,18,32.82200449071239,0.6578776041666667,42.26641414141414,1030.9343434343432,32.216698232323225,0
472,4,0,0,33,0.0,0.0,1.0,33,950,700,250,0.7368421052631579,12,7,5,365.96537664403024,0.3637941919191919,0.04914085139382074,0.22354818482062785,132918.29476902867,3128.6987616059637,136046.99353063465,471,15,270.09090909090907,32,1,18,32.768815558548624,0.6585286458333334,42.20328282828283,1031.1868686868688,32.22458964646465,0
473,4,0,0,33,0.0,0.0,1.0,33,700,400,300,0.5714285714285714,10,4,6,367.73427592566105,0.36351799242424243,0.05116905373974756,0.22502032210012907,132983.40292125792,3180.511076675837,136163.91399793376,472,16,271.09090909090907,32,1,19,32.65776104786388,0.6591796875,42.14015151515151,1031.439393939393,32.232481060606034,0
474,4,1,0,34,0.029411764705882353,0.0,1.0,34,900,500,400,0.5555555555555556,13,5,8,361.12288541533604,0.3705251039809863,0.030341919195451483,0.2199424032750465,132808.22167255386,2792.0176434544455,135600.23931600832,473,0,264.0882352941176,33,1,20,33.00427515555027,0.6549873737373737,42.310049019607845,1030.7598039215688,31.235145573380873,8
475,4,0,0,34,0.0,0.0,1.0,34,850,600,250,0.7058823529411765,11,6,5,360.50135458375837,0.37056224004753413,0.025419344012417966,0.2199345827493226,132871.3884833958,2780.0631067377963,135651.4515901336,474,1,265.0882352941176,33,1,20,32.95680791631999,0.6556186868686869,42.24877450980392,1031.0049019607843,31.242572786690435,0
476,4,0,0,34,0.0,0.0,1.0,34,750,500,250,0.6666666666666666,10,5,5,360.9226520070609,0.37056224004753413,-0.01760212320784138,0.21384794756118514,131768.13755526725,2711.621131295654,134479.7586865629,475,2,266.0882352941176,33,1,20,34.05695472268638,0.6445707070707071,43.32107843137255,1026.71568627451,31.11259655377303,5
477,4,0,1,33,0.0,0.029411764705882353,0.9705882352941176,34,700,400,300,0.5714285714285714,10,4,6,359.1189140659168,0.3702837195484254,-0.012865673526955224,0.21366173574269545,131925.46323829764,2675.385819156086,134600.8490574537,476,3,267.0882352941176,33,1,21,33.94456539027397,0.6461489898989898,43.16789215686274,1027.328431372548,31.13116458704691,0
478,4,0,0,33,0.0,0.0,1.0,33,1000,600,400,0.6,14,6,8,366.5368123990666,0.36328125,-0.0007377351530799547,0.2174357326945011,131813.89534550055,3062.9290059687883,134876.82435146935,477,21,276.09090909090907,32,1,21,33.866654371080784,0.6474609375,43.276515151515156,1026.89393939394,32.09043560606062,0
479,4,0,0,33,0.0,0.0,1.0,33,700,500,200,0.7142857142857143,9,5,4,366.30235055323936,0.36328125,-0.004261945742152218,0.2174819941167919,131846.31191970204,3059.122793592491,134905.43471329453,478,22,277.09090909090907,32,1,22,33.839951643307934,0.6477864583333334,43.244949494949495,1027.0202020202019,32.09438131313131,0
480,4,0,0,33,0.0,0.0,1.0,33,550,500,50,0.9090909090909091,6,5,1,365.20901909476385,0.36355744949494945,-0.008930400229405056,0.21738886527974355,131943.5855556831,3037.397491327417,134980.98304701052,479,23,278.09090909090907,32,1,22,33.76986809225348,0.6487630208333334,43.150252525252526,1027.39898989899,32.10621843434344,0
481,4,1,0,34,0.029411764705882353,0.0,1.0,34,700,500,200,0.7142857142857143,9,5,4,356.12818736779934,0.3685568924539513,-0.007659532719449524,0.21382975713628816,132271.91014273366,2621.1511197616387,134893.0612624953,480,0,270.88235294117646,33,1,23,33.672365181478824,0.649621212121212,42.83088235294118,1028.676470588236,31.172014260249576,0
482,4,0,0,34,0.0,0.0,1.0,34,650,300,350,0.46153846153846156,10,3,7,356.8114121078764,0.36872400475341655,-0.009049504256735341,0.21441888365394587,132303.42784325744,2641.47458309305,134944.90242635048,481,1,271.88235294117646,33,1,23,33.623064324002385,0.6499368686868687,42.80024509803922,1028.7990196078435,31.17572786690435,0
483,4,2,2,34,0.05555555555555555,0.05555555555555555,0.9444444444444444,36,650,500,150,0.7692307692307693,8,5,3,341.47052858071584,0.37880291005291006,-0.013064346397679394,0.20790800537635967,132796.4923469386,1869.2514781647765,134665.7438251034,482,0,257.72222222222223,34,2,20,33.522464772464765,0.6525735294117647,42.32142857142856,1030.7142857142844,30.31512605042013,0
484,4,1,1,34,0.02857142857142857,0.02857142857142857,0.9714285714285714,35,400,100,300,0.25,7,1,6,350.23587889619637,0.3715686274509804,-0.00992488358655419,0.2124157862915892,132650.37035034606,2291.783809111877,134942.15415945795,483,0,266.0571428571429,33,2,20,33.443373780632875,0.6534090909090909,42.463235294117645,1030.1470588235295,31.216577540106954,0
485,4,0,0,34,0.0,0.0,1.0,34,1000,600,400,0.6,14,6,8,360.548689952498,0.3675356506238859,-0.00048322418717350324,0.2181480055825352,132560.48489950006,2758.901833996536,135319.3867334966,484,4,274.88235294117646,32,2,24,33.26819723720776,0.6549479166666666,42.55050505050505,1029.7979797979801,32.18118686868688,0
486,4,0,0,34,0.0,0.0,1.0,34,1000,700,300,0.7,13,7,6,361.89552729762727,0.3672014260249554,0.005415110393262701,0.21934202910059758,132625.50536935005,2799.3154397510452,135424.8208091011,485,5,275.88235294117646,32,2,20,33.16810697066276,0.6555989583333334,42.48737373737374,1030.0505050505049,32.18907828282828,0
487,4,0,0,34,0.0,0.0,1.0,34,700,400,300,0.5714285714285714,10,4,6,365.3562286694539,0.3680184194890077,0.0016932299622447466,0.22259464558637482,132820.6624324049,2905.3712631364187,135726.03369554132,486,6,276.88235294117646,32,2,21,32.88267597582885,0.6575520833333334,42.2979797979798,1030.808080808081,32.21275252525253,0
488,4,0,0,34,0.0,0.0,1.0,34,700,600,100,0.8571428571428571,8,6,2,366.86135934322397,0.36790701128936426,0.002830963391969421,0.2239005874735999,132885.74667125806,2950.129132231405,135835.87580348947,487,7,277.88235294117646,32,2,21,32.77844109723241,0.658203125,42.234848484848484,1031.0606060606062,32.220643939393945,0
489,4,0,1,33,0.0,0.029411764705882353,0.9705882352941176,34,550,300,250,0.5454545454545454,8,3,5,362.6100892828351,0.3687054367201426,0.0012778333705285583,0.22227209598875058,133048.5270157382,2848.9476520253015,135897.47466776348,488,8,278.88235294117646,32,2,21,32.72447272875617,0.6598307291666667,42.0770202020202,1031.6919191919192,32.240372474747474,0
490,4,0,0,33,0.0,0.0,1.0,33,850,500,350,0.5882352941176471,12,5,7,372.09698950021107,0.364425505050505,0.0016446173204975878,0.22800653115314556,133035.29739379883,3300.406731499567,136335.7041252984,489,33,288.09090909090907,31,2,22,32.4930844797846,0.6622983870967742,42.08984375,1031.640625,33.27872983870968,0
491,4,0,0,33,0.0,0.0,1.0,33,750,300,450,0.4,12,3,9,370.04185532744884,0.36482007575757575,-0.0015830226555773041,0.22715582521069203,133102.46997409407,3250.696987575975,136353.16696167004,490,34,289.09090909090907,31,2,22,32.47857518401683,0.6629704301075268,42.02473958333334,1031.9010416666677,33.287130376344116,0
492,4,0,0,33,0.0,0.0,1.0,33,900,700,200,0.7777777777777778,11,7,4,369.1882423480528,0.36470170454545453,-0.002283943064561811,0.22669988765669666,133113.66705246904,3228.8001543209807,136342.46720679002,491,35,290.09090909090907,32,1,22,32.48934499775684,0.6604817708333334,42.013888888888886,1031.944444444444,32.24826388888887,0
493,4,0,0,33,0.0,0.0,1.0,33,950,600,350,0.631578947368421,13,6,7,367.5699486738435,0.3647806186868687,-0.001875866568795015,0.22590351582406004,133146.24304917874,3188.111544740347,136334.3545939191,492,36,291.09090909090907,32,1,22,32.498368811679335,0.6608072916666666,41.98232323232324,1032.0707070707076,32.25220959595961,0
494,4,0,0,33,0.0,0.0,1.0,33,1000,600,400,0.6,14,6,8,369.5271441797828,0.364425505050505,-0.005626911314984717,0.22730507175844436,133178.8230314509,3242.638028007351,136421.46105945826,493,37,292.09090909090907,32,1,22,32.4151376146789,0.6611328125,41.95075757575758,1032.19696969697,32.25615530303031,0
495,4,0,0,33,0.0,0.0,1.0,33,850,600,250,0.7058823529411765,11,6,5,371.45368577146377,0.36375473484848486,0.0017936488524725736,0.22889048896407382,133243.99495268342,3298.794606417715,136542.78955910113,494,38,293.09090909090907,32,1,22,32.29994700582937,0.6617838541666666,41.88762626262626,1032.4494949494951,32.26404671717172,0
496,4,0,0,33,0.0,0.0,1.0,33,500,300,200,0.6,7,3,4,371.45368577146377,0.36375473484848486,0.0017936488524725736,0.22889048896407382,133243.99495268342,3298.794606417715,136542.78955910113,495,39,294.09090909090907,32,1,22,32.29994700582937,0.6617838541666666,41.88762626262626,1032.4494949494951,32.26404671717172,0
497,4,1,0,34,0.029411764705882353,0.0,1.0,34,800,600,200,0.75,10,6,4,362.4844020448415,0.36889111705288175,0.00956690368455071,0.2259320588087711,133668.00103305787,2890.7083779716345,136558.7094110295,496,0,286.4117647058824,32,2,23,32.106227106227095,0.666015625,41.47727272727273,1034.0909090909092,32.315340909090914,0
498,4,0,0,34,0.0,0.0,1.0,34,850,400,450,0.47058823529411764,13,4,9,364.0575573702138,0.3685940285204991,0.013015262243535775,0.2277166126024068,133798.59995153546,2942.078295582075,136740.67824711752,497,1,287.4117647058824,32,2,20,31.93469815312017,0.6673177083333334,41.3510101010101,1034.595959595959,32.331123737373716,0
499,4,0,0,34,0.0,0.0,1.0,34,600,400,200,0.6666666666666666,8,4,4,361.70199082936574,0.36814839572192515,0.01698820084402719,0.2266444584738136,133863.92332415064,2883.7695133149705,136747.6928374656,498,2,288.4117647058824,32,2,20,31.93020985846754,0.66796875,41.28787878787879,1034.8484848484852,32.33901515151516,0
500,4,0,0,34,0.0,0.0,1.0,34,1100,900,200,0.8181818181818182,13,9,4,357.647842475165,0.3677770350564468,0.018039586871189783,0.2255850421343355,134106.14306997307,2792.554546328338,136898.69761630142,499,3,289.4117647058824,33,1,21,31.79277094178892,0.6679292929292928,41.05392156862745,1035.7843137254902,31.387403446226976,0
501,4,0,1,33,0.0,0.029411764705882353,0.9705882352941176,34,600,400,200,0.6666666666666666,8,4,4,358.4944510234179,0.367294266191325,0.02284334599702187,0.22651061950313717,134169.6177551903,2819.812692233755,136989.43044742406,500,4,290.4117647058824,33,1,21,31.707377178455957,0.6685606060606061,40.99264705882353,1036.0294117647059,31.39483065953654,0
502,4,0,0,33,0.0,0.0,1.0,33,600,500,100,0.8333333333333334,7,5,2,368.369763419273,0.36509627525252525,0.03332114267138042,0.23226265713514943,134092.68067352806,3279.137811192717,137371.81848472077,501,5,296.3939393939394,32,1,21,31.528607420049585,0.6702473958333335,41.06691919191918,1035.732323232322,32.36663510101006,0
503,4,0,0,33,0.0,0.0,1.0,33,600,300,300,0.5,9,3,6,368.43504948644807,0.36564867424242425,0.03720854659192452,0.2329258872177034,134190.7793209875,3288.1172839506003,137478.89660493808,502,6,297.3939393939394,32,1,21,31.4287310098302,0.6712239583333335,40.972222222222214,1036.11111111111,32.378472222222186,0
504,4,0,0,33,0.0,0.0,1.0,33,900,600,300,0.6666666666666666,12,6,6,366.4700971086988,0.36549084595959597,0.03573313842530568,0.23230525306295793,134288.91383851125,3242.574259004168,137531.48809751542,503,7,298.3939393939394,32,1,22,31.381461404149924,0.6722005208333335,40.877525252525245,1036.489898989898,32.39030934343431,0
505,4,0,0,33,0.0,0.0,1.0,33,1000,700,300,0.7,13,7,6,369.37656536574707,0.36430713383838387,0.036437411239602424,0.23540950228701396,134485.29048375157,3335.1429382205783,137820.43342197215,504,8,299.3939393939394,32,1,22,31.1097585717184,0.6741536458333335,40.68813131313131,1037.247474747474,32.41398358585856,0
506,4,0,0,33,0.0,0.0,1.0,33,550,500,50,0.9090909090909091,6,5,1,367.8972919791617,0.36391256313131315,0.03310210539126213,0.23488827103284926,134550.78124999988,3300.173611111096,137850.95486111098,505,9,300.3939393939394,32,1,22,31.0826639892905,0.6748046875,40.62499999999999,1037.499999999999,32.42187499999997,0
507,4,0,0,33,0.0,0.0,1.0,33,400,200,200,0.5,6,2,4,368.6360785292376,0.3630839646464647,0.03877195117005283,0.23578365209586005,134616.28795849902,3324.8840998367336,137941.17205833574,506,10,301.3939393939394,32,1,22,30.998043152046055,0.6754557291666667,40.56186868686868,1037.7525252525245,32.42976641414139,0
508,4,0,0,33,0.0,0.0,1.0,33,1200,1000,200,0.8333333333333334,14,10,4,372.24542101968564,0.3623737373737374,0.03648303538854436,0.23895192014401812,134747.3492022497,3431.8167470156,138179.1659492653,507,11,302.3939393939394,32,1,23,30.77344035023715,0.6767578125,40.435606060606055,1038.257575757575,32.44554924242422,0
509,4,0,0,33,0.0,0.0,1.0,33,850,600,250,0.7058823529411765,11,6,5,379.74035576175453,0.3623737373737374,0.045087416403722935,0.22423183420270648,131638.287753642,3403.4849951004667,135041.77274874249,508,12,303.3939393939394,30,3,19,33.70524994542674,0.6510416666666666,43.44758064516129,1026.2096774193546,34.206989247311824,8
510,4,0,0,33,0.0,0.0,1.0,33,700,400,300,0.5714285714285714,10,4,6,380.6428504382073,0.3615056818181818,0.04205448038912274,0.22537597609666862,131741.7566337148,3429.311553358751,135171.06818707354,509,13,304.3939393939394,30,3,19,33.5774526490355,0.6520833333333333,43.34677419354838,1026.6129032258057,34.22043010752686,0
511,4,0,0,33,0.0,0.0,1.0,33,1200,900,300,0.75,15,9,6,383.3359098101168,0.36036142676767674,0.04997898376595078,0.22779572494314987,131879.77837033168,3510.850965429513,135390.6293357612,510,14,305.3939393939394,30,3,19,33.368773444996954,0.6534722222222223,43.21236559139784,1027.1505376344073,34.23835125448024,0
512,4,0,0,33,0.0,0.0,1.0,33,650,300,350,0.46153846153846156,10,3,7,383.5695930369382,0.3596906565656566,0.05355663134022448,0.22814182097909075,131914.29509553115,3519.662497109481,135433.95759264063,511,15,306.3939393939394,30,3,19,33.32788172183697,0.6538194444444445,43.17876344086021,1027.2849462365582,34.24283154121861,0
513,4,0,0,33,0.0,0.0,1.0,33,1150,700,450,0.6086956521739131,16,7,9,384.5329106173389,0.3597301136363636,0.05494653572079655,0.22933998709673722,132017.87236963803,3553.0433431610454,135570.9157127991,512,16,307.3939393939394,30,3,19,33.19845888917952,0.6548611111111111,43.077956989247305,1027.6881720430101,34.25627240143367,0
514,4,0,0,33,0.0,0.0,1.0,33,850,600,250,0.7058823529411765,11,6,5,388.0242023541682,0.3595722853535353,0.058300352194978755,0.2320560691014099,132121.4902915077,3653.267176841253,135774.75746834895,513,17,308.3939393939394,30,3,19,33.004041922691414,0.6559027777777777,42.97715053763441,1028.0913978494625,34.269713261648754,0
515,4,0,0,33,0.0,0.0,1.0,33,950,600,350,0.631578947368421,13,6,7,388.1795890469476,0.35909880050505055,0.054751435927906655,0.23236102161260963,132156.03863163374,3660.0553532200297,135816.09398485377,514,18,309.3939393939394,30,3,19,32.965141612200426,0.65625,42.943548387096776,1028.2258064516132,34.2741935483871,0
516,4,0,0,33,0.0,0.0,1.0,33,800,300,500,0.375,13,3,10,385.2979854719975,0.358783143939394,0.059085563593599844,0.23126944963272136,132259.71075052026,3591.8800222569107,135851.59077277716,515,19,310.3939393939394,30,3,19,32.93452458730783,0.6572916666666666,42.84274193548387,1028.6290322580644,34.287634408602145,0
517,4,0,0,33,0.0,0.0,1.0,33,1050,900,150,0.8571428571428571,12,9,3,384.0304935151889,0.358783143939394,0.06385801829993176,0.23094436527831239,132331.00891113293,3563.828531901056,135894.837443034,516,20,311.3939393939394,31,2,19,32.89515312579094,0.6552419354838709,42.77343750000001,1028.906250000001,33.19052419354842,0
518,4,0,0,33,0.0,0.0,1.0,33,800,400,400,0.5,12,4,8,384.21490363967297,0.3575205176767677,0.06861302318221352,0.23210458689904545,132501.77043588855,3581.847946232272,136083.61838212083,517,21,312.3939393939394,30,3,21,32.71812445604875,0.6597222222222221,42.60752688172043,1029.5698924731184,34.31899641577061,0
519,4,0,0,33,0.0,0.0,1.0,33,850,500,350,0.5882352941176471,12,5,7,385.5988589133236,0.35688920454545453,0.06337418290961261,0.23358451034409483,132605.57804731766,3626.511916117472,136232.08996343514,518,22,313.3939393939394,30,3,21,32.57780895210753,0.6607638888888889,42.50672043010753,1029.9731182795701,34.33243727598567,0
520,4,0,0,33,0.0,0.0,1.0,33,850,600,250,0.7058823529411765,11,6,5,385.26626012887175,0.3569286616161616,0.05628891656288926,0.23381360917559785,132674.80570369403,3623.0252413573785,136297.83094505142,519,23,314.3939393939394,30,3,20,32.51657969123722,0.6614583333333333,42.439516129032256,1030.2419354838707,34.34139784946236,0
521,4,0,0,33,0.0,0.0,1.0,33,1150,1000,150,0.8695652173913043,13,10,3,386.1982693637257,0.356613005050505,0.05533356257237809,0.23481222293510606,132744.05142574303,3653.1045857902864,136397.1560115333,520,24,315.3939393939394,30,3,20,32.42277509673491,0.6621527777777777,42.372311827957,1030.5107526881734,34.35035842293912,0
522,4,1,0,34,0.029411764705882353,0.0,1.0,34,750,600,150,0.8,9,6,3,375.64077310930367,0.3614267676767677,0.06067939543308487,0.23038525434350798,133068.8815646702,3197.219509548622,136266.10107421884,521,0,307.0882352941176,31,3,21,32.36791182904256,0.6626344086021505,42.05729166666667,1031.770833333334,33.2829301075269,0
523,4,0,0,34,0.0,0.0,1.0,34,600,400,200,0.6666666666666666,8,4,4,374.07911254254583,0.36090686274509803,0.060367350170215994,0.22970312447860475,133113.66705246922,3159.008487654331,136272.67554012354,522,1,308.0882352941176,32,2,21,32.36316733961417,0.6604817708333333,42.01388888888889,1031.9444444444453,32.248263888888914,0
524,4,0,0,34,0.0,0.0,1.0,34,650,400,250,0.6153846153846154,9,4,5,378.979187022845,0.3608511586452763,0.03560068509909464,0.2329154793026117,133146.24304917868,3292.4132422711955,136438.65629144988,523,2,309.0882352941176,32,2,21,32.203990294429495,0.6608072916666667,41.98232323232323,1032.0707070707072,32.2522095959596,1
525,4,0,0,34,0.0,0.0,1.0,34,1100,700,400,0.6363636363636364,15,7,8,379.95589596835316,0.36079545454545453,0.037830545062062404,0.23372004887443837,133178.82303145085,3320.415805785128,136499.238837236,524,3,310.0882352941176,32,2,21,32.146024464831825,0.6611328125,41.95075757575758,1032.1969696969695,32.2561553030303,0
526,4,0,0,34,0.0,0.0,1.0,34,1200,900,300,0.75,15,9,6,381.61464903702324,0.3592914438502674,0.040612822983018715,0.23618540532684748,133406.9945031119,3382.012677277827,136789.00718038972,525,4,311.0882352941176,32,2,21,31.87382872973193,0.6634114583333334,41.72979797979798,1033.0808080808079,32.283775252525245,0
527,4,0,0,34,0.0,0.0,1.0,34,950,700,250,0.7368421052631579,12,7,5,381.7637877211235,0.35877153891859775,0.03415559772295995,0.23669354838709677,133472.2222222223,3390.972222222232,136863.19444444453,526,5,312.0882352941176,32,2,21,31.804435483870954,0.6640625,41.66666666666667,1033.3333333333342,32.29166666666669,0
528,4,1,1,34,0.02857142857142857,0.02857142857142857,0.9714285714285714,35,900,700,200,0.7777777777777778,11,7,4,373.37429178394325,0.3637254901960784,0.04172767203513894,0.23395838650314993,133863.92332415076,2996.2695133149846,136860.19283746576,527,0,304.14285714285717,32,3,19,31.628233284529028,0.66796875,41.287878787878796,1034.8484848484861,32.33901515151519,0
529,4,0,0,34,0.0,0.0,1.0,34,700,500,200,0.7142857142857143,9,5,4,373.37429178394325,0.3595328282828283,0.05729480664886699,0.23395838650314993,133863.92332415076,3196.2695133149846,137060.19283746576,528,1,311.88235294117646,32,2,19,31.628233284529028,0.66796875,41.287878787878796,1034.8484848484861,32.33901515151519,0
530,4,0,0,34,0.0,0.0,1.0,34,950,700,250,0.7368421052631579,12,7,5,372.59517595762475,0.35927287581699346,0.055106697472840915,0.23388478196788745,133929.26263901655,3180.279435771873,137109.54207478842,529,2,312.88235294117646,32,2,19,31.582906399934938,0.6686197916666666,41.22474747474748,1035.101010101011,32.346906565656596,0
531,4,0,0,34,0.0,0.0,1.0,34,750,400,350,0.5333333333333333,11,4,7,371.6065379814467,0.35730466428995844,0.05745028719765388,0.23430349201089995,134092.6806735283,3165.9433667483017,137258.6240402766,530,3,313.88235294117646,32,2,19,31.444796619123085,0.6702473958333333,41.0669191919192,1035.7323232323238,32.36663510101012,0
532,4,0,0,34,0.0,0.0,1.0,34,700,500,200,0.7142857142857143,9,5,4,373.2762049269906,0.357378936423054,0.05715668351435621,0.23577607863171376,134158.07578627198,3215.6034779614547,137373.67926423342,531,4,314.88235294117646,32,2,19,31.336075563680687,0.6708984375,41.00378787878789,1035.9848484848499,32.37452651515156,0
533,4,1,1,34,0.02857142857142857,0.02857142857142857,0.9714285714285714,35,600,500,100,0.8333333333333334,7,5,2,370.2088857605939,0.36442577030812323,0.024605010907648106,0.2228471872224635,132367.3752834468,2808.7864674106618,135176.16175085746,532,0,306.85714285714283,34,1,18,33.21403092703995,0.6482843137254901,42.73809523809524,1029.0476190476197,30.26610644257705,6
534,4,0,0,34,0.0,0.0,1.0,34,450,300,150,0.6666666666666666,6,3,3,376.14429994670985,0.36014557338086745,0.029748139427322684,0.2258480152898913,132271.91014273348,3150.665008650514,135422.575151384,533,1,316.55882352941177,33,1,18,33.15761258041458,0.6496212121212122,42.830882352941174,1028.6764705882347,31.172014260249536,0
535,4,0,1,33,0.0,0.029411764705882353,0.9705882352941176,34,750,300,450,0.4,12,3,9,375.1733636243698,0.3600527332144979,0.02396994039906719,0.2262082613841408,132429.53619100817,3136.806907199144,135566.34309820732,534,2,317.55882352941177,33,1,19,33.023648648648646,0.651199494949495,42.67769607843137,1029.2892156862738,31.19058229352345,0
536,4,0,0,33,0.0,0.0,1.0,33,750,500,250,0.6666666666666666,10,5,5,375.389815768579,0.3611505681818182,0.011036333340546989,0.22690829007824445,132524.15687475956,3349.643766820439,135873.80064158,535,3,314.3030303030303,33,0,19,32.92271681345712,0.6521464646464648,42.58578431372548,1029.6568627450968,31.20172311348778,0
537,4,0,0,33,0.0,0.0,1.0,33,500,400,100,0.8,6,4,2,376.9028641876524,0.3611111111111111,0.01324044827138593,0.22820545177471407,132587.2561034218,3394.503316032293,135981.7594194541,536,4,315.3030303030303,33,0,19,32.820184832619375,0.6527777777777778,42.52450980392157,1029.9019607843138,31.20915032679739,0
538,4,0,0,33,0.0,0.0,1.0,33,950,800,150,0.8421052631578947,11,8,3,376.09175825848786,0.3600852272727273,0.007351430826279204,0.22867357882831696,132745.06987997398,3384.8653462610464,136129.93522623501,537,5,316.3030303030303,33,0,17,32.682121338248706,0.6543560606060608,42.37132352941176,1030.5147058823525,31.227718360071286,0
539,4,0,0,33,0.0,0.0,1.0,33,800,500,300,0.625,11,5,6,378.95052445287394,0.3602825126262626,0.0014697618121295442,0.23099505881866478,132839.80320069197,3467.9426182237517,136307.74581891572,538,6,317.3030303030303,33,0,17,32.513076557299094,0.6553030303030304,42.27941176470588,1030.882352941176,31.238859180035632,0
540,4,0,0,33,0.0,0.0,1.0,33,1000,800,200,0.8,12,8,4,379.37458869349507,0.36020359848484845,0.0012240739340654283,0.2322324300387742,132997.7671598663,3491.1946426854897,136488.96180255178,539,7,318.3030303030303,33,0,17,32.34314977624648,0.6568813131313131,42.12622549019607,1031.4950980392148,31.25742721330954,0
541,4,0,0,33,0.0,0.0,1.0,33,900,700,200,0.7777777777777778,11,7,4,380.59899675150155,0.3595328282828283,0.006116009915131171,0.23416985753381256,133187.44781153867,3538.201803392902,136725.64961493158,540,8,319.3030303030303,33,0,18,32.12075566900154,0.6587752525252526,41.9424019607843,1032.2303921568614,31.279708853238223,0
542,4,0,0,33,0.0,0.0,1.0,33,800,700,100,0.875,9,7,2,379.73306095853644,0.35929608585858586,0.009049545904145306,0.2340344578328944,133250.70473195385,3519.939596549378,136770.64432850323,541,9,320.3030303030303,33,0,19,32.07950049455984,0.6594065656565657,41.88112745098038,1032.4754901960769,31.287136066547784,0
543,4,0,0,33,0.0,0.0,1.0,33,550,400,150,0.7272727272727273,7,4,3,380.75100021865603,0.35870422979797983,0.012961324615727854,0.2348614881290184,133282.33882400978,3549.4767637446876,136831.81558775448,542,10,321.3030303030303,33,0,19,32.02142178969855,0.6597222222222223,41.85049019607842,1032.5980392156846,31.290849673202562,0
544,4,0,0,33,0.0,0.0,1.0,33,1500,1400,100,0.9333333333333333,16,14,2,384.98631430348456,0.3584674873737374,0.0075748592290747485,0.2388954811273941,133503.882596237,3679.433541186077,137183.31613742307,543,11,322.3030303030303,33,0,19,31.68937013320684,0.6619318181818181,41.6360294117647,1033.455882352941,31.316844919786092,0
545,4,0,1,32,0.0,0.030303030303030304,0.9696969696969697,33,1000,600,400,0.6,14,6,8,385.22317003452946,0.3580334595959596,0.01099315622137187,0.23945154305388777,133567.21460796337,3690.6371647923947,137257.85177275576,544,12,323.3030303030303,33,0,20,31.61961568859908,0.6625631313131313,41.57475490196079,1033.7009803921574,31.32427213309568,0
546,4,0,0,32,0.0,0.0,1.0,32,550,300,250,0.5454545454545454,8,3,5,389.41166180493576,0.3558047715053763,0.023929836345871758,0.2422874382111563,133602.72548719536,4005.291870727496,137608.01735792286,545,13,324.75,32,0,20,31.475685963198178,0.6653645833333333,41.54040404040405,1033.8383838383852,32.30744949494954,0
547,4,0,0,32,0.0,0.0,1.0,32,650,300,350,0.46153846153846156,10,3,7,378.89571164528746,0.3558047715053763,-0.004228338203531745,0.22173146069591496,131294.7612338595,3585.374101946849,134880.13533580635,546,14,325.75,31,1,22,34.07458285690086,0.6448252688172043,43.78255208333333,1024.8697916666658,33.06031586021503,8
548,4,0,1,31,0.0,0.03125,0.96875,32,600,300,300,0.5,9,3,6,378.909736716636,0.35605678763440857,-0.002631620729073969,0.22212631103276811,131361.49300469286,3554.829745822478,134916.32275051533,547,15,326.75,31,1,22,34.006652483170335,0.645497311827957,43.717447916666664,1025.130208333333,33.06871639784945,0
549,4,0,0,31,0.0,0.0,1.0,31,650,300,350,0.46153846153846156,10,3,7,380.99686842348945,0.3557347670250896,0.007601697275512409,0.22393517430622406,131461.62245008675,3817.293294270827,135278.91574435757,548,16,327.741935483871,31,0,22,33.85178601659048,0.646505376344086,43.619791666666664,1025.520833333333,33.081317204301065,0
550,4,0,0,31,0.0,0.0,1.0,31,600,400,200,0.6666666666666666,8,4,4,379.8001677080017,0.3557347670250896,0.007338638011032739,0.2234268798383815,131495.0074089897,3788.3651733398337,135283.37258232955,549,17,328.741935483871,31,0,22,33.848678642461174,0.6468413978494624,43.58723958333333,1025.6510416666658,33.08551747311825,0
551,4,0,0,31,0.0,0.0,1.0,31,950,800,150,0.8421052631578947,11,8,3,380.34579397445265,0.3562275985663082,0.011791245818816298,0.22413945480364336,131561.79004245327,3807.794698079422,135369.58474053268,550,18,329.741935483871,31,0,16,33.76710771248467,0.6475134408602151,43.522135416666664,1025.9114583333328,33.093918010752674,0
552,4,0,0,31,0.0,0.0,1.0,31,900,700,200,0.7777777777777778,11,7,4,376.9627635638867,0.35618279569892475,0.009167478370480708,0.22273017259449446,131661.99578179247,3726.333957248259,135388.32973904072,551,19,330.741935483871,31,0,17,33.75253742704898,0.648521505376344,43.424479166666664,1026.302083333333,33.10651881720429,0
553,4,0,0,31,0.0,0.0,1.0,31,500,300,200,0.6,7,3,4,374.85469964529557,0.3563620071684588,0.006282285672217114,0.22245891769017656,131829.0901184082,3683.3507961697046,135512.44091457792,552,20,331.741935483871,31,0,17,33.63776361945818,0.6502016129032258,43.26171875,1026.953125,33.12752016129032,0
554,4,0,0,31,0.0,0.0,1.0,31,900,500,400,0.5555555555555556,13,5,8,376.387117003234,0.35618279569892475,0.006015947164290436,0.22455204191281358,132029.74319457996,3738.858879937052,135768.60207451702,553,21,332.741935483871,31,0,18,33.39575678871575,0.652217741935484,43.06640624999999,1027.734374999999,33.152721774193516,0
555,4,0,0,31,0.0,0.0,1.0,31,1050,700,350,0.6666666666666666,14,7,7,375.6729652781752,0.35546594982078855,0.008626111959744609,0.2251187465680599,132197.07065158428,3732.573106553824,135929.6437581381,554,22,333.741935483871,31,0,20,33.24523086013337,0.6538978494623656,42.903645833333336,1028.3854166666672,33.17372311827959,0
556,4,0,1,30,0.0,0.03225806451612903,0.967741935483871,31,450,300,150,0.6666666666666666,6,3,3,377.4138759814133,0.35609318996415773,0.011759902000816558,0.22656304105267205,132264.0313042534,3783.6561414930507,136047.68744574647,555,23,334.741935483871,31,0,20,33.13291139240505,0.6545698924731183,42.838541666666664,1028.645833333333,33.18212365591397,0
557,4,0,0,30,0.0,0.0,1.0,30,400,200,200,0.5,6,2,4,386.68227390366104,0.3513170498084291,0.02714677819892808,0.23167627859333667,132190.5914881778,4223.151701063702,136413.7431892415,556,24,344.93333333333334,30,0,21,32.96872957783296,0.6565972222222223,42.909946236559136,1028.360215053763,34.27867383512544,0
558,4,1,1,30,0.03225806451612903,0.03225806451612903,0.967741935483871,31,1150,1000,150,0.8695652173913043,13,10,3,374.6909157248016,0.3604390681003584,0.014364122339883378,0.2259291906029408,132431.50711059556,3724.1765340169127,136155.68364461247,557,0,334.7741935483871,31,0,21,33.03407653383935,0.65625,42.67578124999999,1029.2968749999989,33.203124999999964,0
559,4,1,1,30,0.03225806451612903,0.03225806451612903,0.967741935483871,31,400,300,100,0.75,5,3,2,374.6909157248016,0.35797491039426527,0.014364122339883378,0.2259291906029408,132431.50711059556,3724.1765340169127,136155.68364461247,558,0,335.741935483871,31,0,21,33.03407653383935,0.65625,42.67578124999999,1029.2968749999989,33.203124999999964,0
560,4,0,0,30,0.0,0.0,1.0,30,800,500,300,0.625,11,5,6,383.76978339851325,0.3507662835249042,0.024841041721104462,0.23056310220818044,132294.27715631857,4154.109217828643,136448.3863741472,559,27,347.93333333333334,30,0,21,32.93893171326539,0.6576388888888889,42.80913978494623,1028.7634408602144,34.29211469534048,0
561,4,0,0,30,0.0,0.0,1.0,30,750,500,250,0.6666666666666666,10,5,5,381.6666966934505,0.3507183908045977,0.025104493207941614,0.22972014385888817,132363.4235171696,4103.742123366864,136467.16564053646,560,28,348.93333333333334,30,0,21,32.923251915708825,0.6583333333333334,42.74193548387097,1029.032258064516,34.3010752688172,0
562,4,0,0,30,0.0,0.0,1.0,30,800,400,400,0.5,12,4,8,378.47390270092285,0.3511733716475096,0.003916699342133567,0.226758326512511,132190.591488178,4006.137812174841,136196.72930035283,561,29,349.93333333333334,30,0,25,33.17975863721518,0.656597222222222,42.90994623655915,1028.360215053765,34.278673835125495,5
563,4,0,0,30,0.0,0.0,1.0,30,650,400,250,0.6153846153846154,9,4,5,380.48900824249495,0.351867816091954,-0.0040501698458326185,0.2285920619378382,132294.27715631883,4067.303662273115,136361.58081859193,562,30,350.93333333333334,30,0,25,33.02331025172021,0.6576388888888888,42.80913978494625,1028.7634408602164,34.292114695340544,0
564,4,0,0,30,0.0,0.0,1.0,30,750,400,350,0.5333333333333333,11,4,7,380.50530647439723,0.3506704980842912,-0.002698702881518411,0.22944170369928635,132432.58794369307,4078.260492542514,136510.8484362356,563,31,351.93333333333334,30,0,25,32.88336815530601,0.6590277777777777,42.67473118279571,1029.3010752688185,34.31003584229395,0
565,4,0,0,30,0.0,0.0,1.0,30,250,200,50,0.8,3,2,1,380.50530647439723,0.3506704980842912,-0.002698702881518411,0.22944170369928635,132432.58794369307,4078.260492542514,136510.8484362356,564,32,352.93333333333334,30,0,25,32.88336815530601,0.6590277777777777,42.67473118279571,1029.3010752688185,34.31003584229395,0
566,4,1,1,30,0.03225806451612903,0.03225806451612903,0.967741935483871,31,550,400,150,0.7272727272727273,7,4,3,373.0007870174249,0.35672043010752685,-0.019304295368762547,0.2267225981916975,132733.23059082043,3701.9198947482782,136435.1504855687,565,0,342.51612903225805,31,0,21,32.77367113132844,0.659274193548387,42.38281250000001,1030.468750000001,33.24092741935487,0
567,4,1,1,30,0.03225806451612903,0.03225806451612903,0.967741935483871,31,550,400,150,0.7272727272727273,7,4,3,373.0007870174249,0.3590949820788531,-0.019304295368762547,0.2267225981916975,132733.23059082043,3701.9198947482782,136435.1504855687,566,0,343.48387096774195,31,0,21,32.77367113132844,0.659274193548387,42.38281250000001,1030.468750000001,33.24092741935487,0
568,4,0,0,30,0.0,0.0,1.0,30,800,700,100,0.875,9,7,2,392.8780482549592,0.3512691570881226,-0.0035010940919040223,0.2163196000632727,128919.1358024691,4131.95115077642,133051.0869532455,567,35,355.93333333333334,29,1,21,36.13637399708242,0.6264367816091954,46.11111111111111,1015.5555555555553,35.0191570881226,5
569,4,1,0,31,0.03225806451612903,0.0,1.0,31,750,500,250,0.6666666666666666,10,5,5,382.97623743457495,0.35734767025089603,-0.000980358726045072,0.21311501212535766,129338.07376575332,3706.6817695687446,133044.75553532207,568,0,345.4193548387097,30,1,23,35.95979783298097,0.6277777777777778,45.6989247311828,1017.2043010752692,33.906810035842305,0
570,4,0,0,31,0.0,0.0,1.0,31,1350,900,450,0.6666666666666666,18,9,9,384.50258933998435,0.3565412186379928,-0.0021383267380294946,0.21489580140750564,129509.03148124061,3759.311589490114,133268.34307073074,569,1,346.4193548387097,30,1,20,35.746511730269816,0.6295138888888889,45.530913978494624,1017.8763440860216,33.92921146953405,0
571,4,1,0,32,0.03125,0.0,1.0,32,950,800,150,0.8421052631578947,11,8,3,372.56703721042544,0.36269321236559143,0.008256448729409005,0.2106550518696636,129963.68620130747,3284.037102593312,133247.72330390077,570,0,336.5625,31,1,21,35.58732920444387,0.6313844086021505,45.084635416666664,1019.661458333333,32.89230510752687,0
572,4,0,0,32,0.0,0.0,1.0,32,800,600,200,0.75,10,6,4,370.94476904600293,0.3616431451612903,0.013660657306956425,0.2104527346470261,130096.48852878137,3251.722378200946,133348.2109069823,571,1,337.5625,31,1,21,35.4936449691555,0.632728494623656,44.95442708333333,1020.1822916666658,32.909106182795675,0
573,4,1,1,32,0.030303030303030304,0.030303030303030304,0.9696969696969697,33,950,700,250,0.7368421052631579,12,7,5,360.0112856231134,0.36635890151515155,0.007687207093808324,0.20580433140673954,130391.51178770029,2788.4831586062683,133179.99494630657,572,0,328.3030303030303,32,1,21,35.47307042485681,0.6331380208333334,44.66540404040404,1021.3383838383843,31.91682449494951,0
574,4,2,1,33,0.058823529411764705,0.029411764705882353,0.9705882352941176,34,650,400,250,0.6153846153846154,9,4,5,348.8972274644737,0.37329174093879974,0.010786193672100097,0.20104961781516326,130700.81218761997,2320.230199923087,133021.04238754307,573,0,319.5882352941176,33,1,20,35.44363215084691,0.6338383838383839,44.362745098039206,1022.5490196078417,30.986333927510355,0
575,4,1,1,33,0.029411764705882353,0.029411764705882353,0.9705882352941176,34,600,400,200,0.6666666666666666,8,4,4,347.9599578015968,0.37548276886512183,0.013299784327821973,0.20083497979336964,130763.47588667813,2300.0907103037216,133063.56659698187,574,0,320.55882352941177,33,1,20,35.40418563783048,0.634469696969697,44.30147058823529,1022.7941176470583,30.99376114081995,0
576,4,0,0,33,0.0,0.0,1.0,33,1000,700,300,0.7,13,7,6,374.2794448772507,0.367226957070707,0.05284493174196325,0.20738635999358188,129169.29913082845,3069.082714774002,132238.38184560245,575,2,331.27272727272725,32,1,22,36.35314453691055,0.6207682291666667,45.86489898989899,1016.5404040404038,31.76688762626262,3
577,4,1,1,33,0.029411764705882353,0.029411764705882353,0.9705882352941176,34,750,500,250,0.6666666666666666,10,5,5,363.0411491973968,0.3753527926322044,0.05251788060137219,0.20263931180962722,129458.25043362912,2599.738387664515,132057.98882129363,576,0,322.5,32,2,16,36.344344499586455,0.6236979166666667,45.580808080808076,1017.6767676767669,31.802398989898965,0
578,4,1,1,33,0.029411764705882353,0.029411764705882353,0.9705882352941176,34,1000,800,200,0.8,12,8,4,364.4144832412134,0.3737188057040998,0.04720325630252131,0.20407211061507918,129586.77685950388,2644.6596648300874,132231.43652433396,577,0,323.47058823529414,32,2,16,36.17854042658731,0.6250000000000002,45.45454545454544,1018.1818181818161,31.818181818181753,0
579,4,1,1,33,0.029411764705882353,0.029411764705882353,0.9705882352941176,34,750,500,250,0.6666666666666666,10,5,5,364.27936904187493,0.3750185680332739,0.04959316398845104,0.2046661524672595,129715.36705438214,2650.526413121101,132365.89346750325,578,0,324.44117647058823,32,2,16,36.051117583870436,0.6263020833333335,45.32828282828282,1018.6868686868681,31.83396464646463,0
580,4,1,1,33,0.029411764705882353,0.029411764705882353,0.9705882352941176,34,1050,800,250,0.7619047619047619,13,8,5,362.3720064997754,0.3729203802733214,0.05011257568802341,0.20443250932723173,129876.19447314041,2612.6994375573818,132488.89391069778,579,0,325.4117647058824,32,2,17,35.936145175275605,0.6279296875,45.17045454545454,1019.3181818181811,31.85369318181816,0
581,4,0,0,33,0.0,0.0,1.0,33,300,100,200,0.3333333333333333,5,1,4,372.6565211754719,0.36639835858585856,0.05862304021813225,0.20945866535035143,129731.4453125,3069.0538194444453,132800.49913194444,580,7,336.27272727272725,31,2,17,35.8214042263122,0.6290322580645162,45.3125,1018.75,32.86290322580645,0
582,4,0,0,33,0.0,0.0,1.0,33,500,200,300,0.4,8,2,6,373.01056456634245,0.366635101010101,0.05905702391325374,0.2098352025687728,129764.60986667206,3080.714077419702,132845.32394409177,581,8,337.27272727272725,31,2,17,35.77862087326944,0.6293682795698925,45.279947916666664,1018.880208333333,32.86710349462365,0
583,4,1,0,34,0.029411764705882353,0.0,1.0,34,500,200,300,0.4,8,2,6,363.2082638956964,0.3717691622103387,0.057709668025625716,0.20609008232283887,130101.52025303531,2650.789460259141,132752.30971329447,582,0,328.3235294117647,32,2,18,35.68584983498349,0.6302083333333335,44.94949494949494,1020.2020202020195,31.88131313131311,0
584,4,0,0,34,0.0,0.0,1.0,34,800,800,0,1.0,8,8,0,354.057626249088,0.3717691622103387,0.08712333205690848,0.18655754079668316,127155.67926742177,2204.08759310275,129359.76686052453,583,1,329.3235294117647,32,2,23,38.926097479552645,0.6002604166666666,47.85353535353536,1008.5858585858592,31.5183080808081,4
585,4,3,3,34,0.08108108108108109,0.08108108108108109,0.9189189189189189,37,1150,1000,150,0.8695652173913043,13,10,3,327.0434781686412,0.3877002002002002,0.07342667074901876,0.17544708138218287,127880.99500868077,964.5290798611345,128845.5240885419,584,0,303.5405405405405,35,2,17,38.86564538276691,0.600892857142857,47.13541666666668,1011.4583333333351,28.898809523809575,0
586,4,1,1,34,0.02857142857142857,0.02857142857142857,0.9714285714285714,35,950,700,250,0.7368421052631579,12,7,5,345.4500521762028,0.3792016806722689,0.07945670628183388,0.18425492433667323,127648.68830497887,1819.2492070357594,129467.93751201463,585,0,321.85714285714283,33,2,18,38.63792545880832,0.6029040404040404,47.365196078431374,1010.5392156862747,30.622400475341657,0
587,4,3,2,35,0.08108108108108109,0.05405405405405406,0.9459459459459459,37,650,600,50,0.9230769230769231,7,6,1,329.61145909802764,0.38913913913913917,0.06792611458668185,0.1774706033468694,128027.3705418384,1039.8576817558583,129067.22822359427,586,0,305.3783783783784,35,2,19,38.65126562976517,0.6023809523809522,46.990740740740755,1012.0370370370392,28.91534391534398,0
588,4,1,1,35,0.027777777777777776,0.027777777777777776,0.9722222222222222,36,900,600,300,0.6666666666666666,12,6,6,339.3719077950946,0.3868882275132275,0.0813466389575086,0.18271061356340082,128024.02388038549,1489.5514455782336,129513.57532596373,587,0,314.8333333333333,34,2,20,38.407736344743746,0.6044730392156863,46.99404761904762,1012.0238095238095,29.765406162464984,0
589,4,5,4,36,0.125,0.1,0.9,40,950,800,150,0.8421052631578947,11,8,3,315.642637408654,0.40128205128205124,0.10238645920941902,0.1745577190134372,129092.79348381922,149.4379611366855,129242.2314449559,588,0,284.225,38,2,15,37.9209594897673,0.6074561403508771,45.940170940170944,1016.2393162393171,26.74313990103466,0
590,4,1,2,35,0.02702702702702703,0.05405405405405406,0.9459459459459459,37,1050,700,350,0.6666666666666666,14,7,7,336.7504262347491,0.39157907907907913,0.1060613533241277,0.18453923357664223,128731.13854595309,1270.053155006832,130001.19170095991,589,0,308.0810810810811,35,2,17,37.75281326034066,0.6095238095238096,46.29629629629628,1014.8148148148126,28.994708994708933,0
591,4,1,0,36,0.027777777777777776,0.0,1.0,36,800,600,200,0.75,10,6,4,344.39982535674295,0.38010912698412697,0.11681923091968849,0.1882380315500192,128627.12762188178,1659.8320578230887,130286.95967970487,590,0,317.52777777777777,34,2,18,37.66478895278331,0.6106004901960786,46.398809523809504,1014.4047619047594,29.835434173669395,0
592,4,2,2,36,0.05263157894736842,0.05263157894736842,0.9473684210526316,38,750,600,150,0.8,9,6,3,329.6199134186481,0.3879949027975344,0.11376482322952453,0.1821286269918224,129058.31665702852,908.0382324892325,129966.35488951775,591,0,301.7631578947368,36,2,18,37.600899552994214,0.6108217592592593,45.97409909909909,1016.1036036036026,28.22510010010007,0
593,4,1,0,37,0.02702702702702703,0.0,1.0,37,1050,800,250,0.7619047619047619,13,8,5,339.75933456039803,0.3849161661661662,0.13604927099973252,0.1879916015611123,129113.15164448286,1373.4796971450419,130486.6313416279,592,0,310.8918918918919,35,2,20,37.28753843525794,0.6133928571428573,45.92013888888888,1016.3194444444431,29.037698412698376,0
594,4,0,0,37,0.0,0.0,1.0,37,800,300,500,0.375,13,3,10,338.1076231702187,0.38497872872872874,0.13660262425202663,0.1876358477290188,129230.8080016502,1338.7842667609548,130569.59226841116,593,1,311.8918918918919,35,2,21,37.20985107190286,0.6145833333333335,45.80439814814814,1016.782407407406,29.050925925925885,0
595,4,2,2,37,0.05128205128205128,0.05128205128205128,0.9487179487179487,39,950,700,250,0.7368421052631579,12,7,5,321.9300125949985,0.39355600539811064,0.13127984322817499,0.1808180058650262,129703.52055440121,551.0912011387958,130254.61175554001,594,0,296.84615384615387,37,2,14,37.14163975601004,0.615427927927928,45.339912280701746,1018.6403508771918,27.53082029397816,0
596,4,2,0,39,0.05128205128205128,0.0,1.0,39,950,700,250,0.7368421052631579,12,7,5,322.3377231350419,0.392853126405758,0.14673130698082426,0.1820836056931722,129927.00277970111,576.0748499538029,130503.07762965492,595,0,297.79487179487177,37,2,16,36.904889940489014,0.6176801801801803,45.120614035087705,1019.5175438596465,27.554528212422877,0
597,4,0,0,39,0.0,0.0,1.0,39,1150,600,550,0.5217391304347826,17,6,11,323.49271334365585,0.3923751686909582,0.1486859732398329,0.18326000118895736,130038.81602993196,613.3218875038126,130652.13791743577,596,1,298.79487179487177,37,2,17,36.76225542894002,0.6188063063063065,45.010964912280684,1019.9561403508745,27.56638217164526,0
598,4,0,1,38,0.0,0.02564102564102564,0.9743589743589743,39,950,600,350,0.631578947368421,13,6,7,322.14696127230036,0.39243139901034635,0.14741041344673067,0.18315343729757455,130178.6502217026,587.3313182902175,130765.98153999282,597,2,299.79487179487177,37,2,19,36.65509383618065,0.6202139639639641,44.87390350877192,1020.5043859649104,27.581199620673253,0
599,4,0,0,38,0.0,0.0,1.0,38,1000,800,200,0.8,12,8,4,330.30693722430607,0.39036569464201043,0.15203419280231012,0.18709130271673183,130032.7708409424,990.1452550523561,131022.91609599475,598,3,308.5,36,2,19,36.59462294357953,0.6206597222222222,45.016891891891895,1019.9324324324333,28.33145645645648,0
600,4,0,0,38,0.0,0.0,1.0,38,900,400,500,0.4444444444444444,14,4,10,334.48338035856113,0.3897285443338075,0.16112466596955954,0.18987590388775488,130118.92804967145,1104.523780537315,131223.45183020877,599,4,309.5,36,2,19,36.400846210448876,0.6215277777777777,44.93243243243244,1020.2702702702716,28.340840840840876,0
601,4,1,0,39,0.02564102564102564,0.0,1.0,39,1050,600,450,0.5714285714285714,15,6,9,329.5022158988119,0.393106162843005,0.16190968953125773,0.18829587876410392,130377.57087746548,792.0189615291163,131169.58983899458,600,0,302.53846153846155,36,3,20,36.266172308597056,0.6241319444444444,44.67905405405406,1021.2837837837852,28.368993993994035,0
602,4,0,0,39,0.0,0.0,1.0,39,1200,900,300,0.75,15,9,6,332.15443240554123,0.3926282051282051,0.16975698536373085,0.19037505781525438,130492.60567577722,868.7394742715836,131361.3451500488,601,1,303.53846153846155,36,3,12,36.082102575406914,0.6252893518518519,44.56644144144145,1021.7342342342349,28.381506506506526,0
603,4,0,1,38,0.0,0.02564102564102564,0.9743589743589743,39,1150,1000,150,0.8695652173913043,13,10,3,333.60656135380077,0.3922345928924876,0.1739127979216084,0.1922047955007938,130694.03863322778,920.0777635743794,131614.11639680216,602,2,304.53846153846155,36,3,12,35.84136380323054,0.6273148148148149,44.369369369369366,1022.5225225225222,28.403403403403395,0
604,4,1,1,38,0.02564102564102564,0.02564102564102564,0.9743589743589743,39,1300,900,400,0.6923076923076923,17,9,8,333.520538577174,0.39257197480881695,0.1704659643893458,0.19272904404803115,130809.2129291454,925.5118293969672,131734.72475854238,603,0,305.46153846153845,36,3,14,35.727194334360775,0.6284722222222222,44.25675675675676,1022.9729729729734,28.415915915915928,0
605,4,1,1,38,0.02564102564102564,0.02564102564102564,0.9743589743589743,39,1050,1000,50,0.9523809523809523,11,10,1,343.1030593524547,0.3921221322537112,0.17943184710556315,0.18973025978988955,129089.936326562,1058.2304170513971,130148.1667436134,604,0,306.43589743589746,37,2,15,37.2262084592145,0.6092342342342343,45.94298245614035,1016.2280701754385,27.465623518255093,8
606,4,1,0,39,0.02564102564102564,0.0,1.0,39,1200,1000,200,0.8333333333333334,14,10,4,344.6579747169275,0.3903789923526766,0.20759101471727348,0.1923825890992511,129459.11864144553,1123.871619640346,130582.99026108587,605,0,307.1794871794872,36,3,13,36.81116520969347,0.6148726851851851,45.57995495495496,1017.6801801801804,28.2688938938939,0
607,4,1,0,40,0.025,0.0,1.0,40,1000,800,200,0.8,12,8,4,340.09367801009944,0.39342948717948717,0.20847320852162654,0.1915654935409616,129815.23762119122,829.8683248691966,130645.10594606042,606,0,300.475,37,3,15,36.56570547306506,0.616554054054054,45.23026315789474,1019.0789473684217,27.542674253200587,0
608,4,0,0,40,0.0,0.0,1.0,40,950,600,350,0.631578947368421,13,6,7,341.46560295988,0.3931356837606838,0.21018279569892528,0.19316484838971298,129982.90339335168,876.9380963373229,130859.841489689,607,1,301.475,37,3,15,36.36066308243728,0.6182432432432432,45.065789473684205,1019.7368421052622,27.560455192034112,0
609,4,0,0,40,0.0,0.0,1.0,40,1300,800,500,0.6153846153846154,18,8,10,340.19313401992736,0.3934428418803419,0.20480758894980178,0.19285903265005358,130066.77685682113,849.5648901584915,130916.34174697963,608,2,302.475,37,3,15,36.30806818588985,0.6190878378378379,44.98355263157894,1020.0657894736826,27.569345661450882,0
610,4,0,0,40,0.0,0.0,1.0,40,1350,1100,250,0.8148148148148148,16,11,5,343.6901291128699,0.3931223290598291,0.2145918367346944,0.19582344565733278,130262.58680555546,953.9930555555516,131216.579861111,609,3,303.475,37,3,17,36.02040816326532,0.6210585585585586,44.791666666666664,1020.8333333333326,27.59009009009007,0
611,4,1,1,40,0.024390243902439025,0.024390243902439025,0.975609756097561,41,1150,900,250,0.782608695652174,14,9,5,335.3600940792717,0.39720528455284554,0.20655200905835946,0.1922892050224313,130508.0950032873,553.441403681788,131061.53640696908,610,0,297.0487804878049,38,3,12,35.98455144291092,0.6217105263157894,44.55128205128205,1021.7948717948716,26.88933873144399,0
612,4,0,0,40,0.0,0.0,1.0,40,1050,700,350,0.6666666666666666,14,7,7,343.6180523047685,0.3920405982905983,0.21244365743721882,0.1969146993466072,130486.549948061,967.5068290243264,131454.05677708532,611,5,305.475,37,3,19,35.79541389425485,0.6233108108108107,44.57236842105264,1021.7105263157899,27.613798008534864,0
613,4,0,0,40,0.0,0.0,1.0,40,1100,800,300,0.7272727272727273,14,8,6,343.19815329169506,0.3918135683760684,0.20975276198648496,0.19738657514734567,130626.62459843411,966.1632665820175,131592.78786501611,612,6,306.475,37,3,14,35.66437394973004,0.6247184684684685,44.435307017543856,1022.2587719298243,27.62861545756282,0
614,4,0,0,40,0.0,0.0,1.0,40,1050,700,350,0.6666666666666666,14,7,7,339.8995701537853,0.3917467948717949,0.2143975128644937,0.19619945485114546,130766.7743921207,889.5140812557737,131656.28847337648,613,7,307.475,37,3,15,35.60695397369923,0.6261261261261261,44.29824561403509,1022.8070175438601,27.643432906590814,0
615,4,3,0,43,0.06976744186046512,0.0,1.0,43,1200,1100,100,0.9166666666666666,13,11,2,319.36093631346745,0.4016472868217054,0.21551474506693014,0.1822168637819586,130317.12420784925,-265.04666180603203,130052.07754604322,614,0,286.95348837209303,38,5,15,36.58618464650692,0.6197916666666667,44.73824786324786,1021.0470085470076,26.869658119658094,3
616,4,0,1,42,0.0,0.023255813953488372,0.9767441860465116,43,1200,800,400,0.6666666666666666,16,8,8,323.23717833538734,0.4006782945736434,0.2195839201406875,0.18494737654486143,130426.23325525945,-168.2784763313927,130257.95477892805,615,1,287.95348837209303,38,5,15,36.37694801798973,0.620888157894737,44.63141025641024,1021.474358974357,26.88090418353571,0
617,4,0,1,41,0.0,0.023809523809523808,0.9761904761904762,42,950,500,450,0.5263157894736842,14,5,9,327.8480847150264,0.39889421215640725,0.22758547920868866,0.17507484677985133,127696.68104383672,-12.184639654226629,127684.4964041825,616,2,295.5952380952381,39,3,15,39.03356779690128,0.5916132478632479,47.31770833333333,1010.729166666666,25.91613247863246,7
618,4,2,1,42,0.046511627906976744,0.023255813953488372,0.9767441860465116,43,1100,600,500,0.5454545454545454,16,6,10,318.3118651388576,0.405500184569952,0.22056440308254088,0.17156555520400196,128069.20750070827,-446.810338718856,127622.39716198941,617,0,289.6279069767442,41,2,17,38.89450406743113,0.5922256097560977,46.949404761904745,1012.2023809523782,24.687862950058005,0
619,4,0,0,42,0.0,0.0,1.0,42,850,700,150,0.8235294117647058,10,7,3,321.18186199269337,0.4013380758807588,0.2206266318537864,0.17288264766071554,128015.94309769297,-176.7202062264701,127839.2228914665,618,1,297.5238095238095,40,2,17,38.87619669277633,0.5932291666666667,47.002032520325194,1011.9918699186976,25.29979674796744,0
620,4,2,1,43,0.045454545454545456,0.022727272727272728,0.9772727272727273,44,1250,900,350,0.72,16,9,7,310.35150790775737,0.40889270613107825,0.22128154360535657,0.16914678488096932,128513.93771701399,-822.9074813375707,127691.03023567642,619,0,284.95454545454544,39,5,11,38.643329224025734,0.5998931623931624,46.51041666666667,1013.9583333333343,25.998931623931647,0
621,4,3,1,45,0.06521739130434782,0.021739130434782608,0.9782608695652174,46,800,400,400,0.5,12,4,8,359.8378734269852,0.41430152979066026,0.33557732292196096,0.18584381937145592,126339.03704616832,74.99637596791757,126414.03342213624,620,0,273.5,38,8,13,39.62052780729721,0.5794956140350878,48.66452991452991,1005.3418803418792,26.456365272154716,8
622,4,7,8,44,0.1346153846153846,0.15384615384615385,0.8461538461538461,52,1350,1100,250,0.8148148148148148,16,11,5,323.88935751596125,0.4292122297637004,0.30818653919919714,0.17267475563274287,127629.9689021095,-2127.927879002673,125502.04102310682,621,0,242.19230769230768,42,10,14,39.20174849763458,0.5863095238095237,47.38372093023257,1010.4651162790718,24.058693244739807,0
623,4,3,1,46,0.06382978723404255,0.02127659574468085,0.9787234042553191,47,1350,1000,350,0.7407407407407407,17,10,7,354.64374511194853,0.42067530064754854,0.344896048117701,0.1883198134156258,127469.34125940542,-358.7590857622836,127110.58217364314,622,0,260.02127659574467,38,9,16,38.58949605021865,0.5910087719298245,47.542735042735046,1009.8290598290604,26.57444894287001,0
624,4,3,3,46,0.061224489795918366,0.061224489795918366,0.9387755102040817,49,1050,700,350,0.6666666666666666,14,7,7,340.981629790108,0.42803996598639454,0.327654034994209,0.18318791821697367,127938.82118985047,-1075.0424474519286,126863.77874239854,623,0,250.3469387755102,40,9,17,38.45408504938892,0.5924479166666667,47.07825203252032,1011.6869918699174,25.292174796747936,0
625,4,1,0,47,0.02127659574468085,0.0,1.0,47,700,500,200,0.7142857142857143,9,5,4,353.3450173726785,0.42092584027135366,0.3398184642988038,0.18901661387211152,127766.20513048784,-370.8896057053232,127395.31552478252,624,0,261.9148936170213,38,9,18,38.31809855930115,0.5940241228070176,47.24893162393162,1011.0042735042723,26.605375618533483,0
626,4,2,2,47,0.04081632653061224,0.04081632653061224,0.9591836734693877,49,950,600,350,0.631578947368421,13,6,7,345.2240676828618,0.423859126984127,0.2998535500932433,0.1822068171939248,127223.34120008697,-1014.7695304652494,126208.57166962173,625,0,252.18367346938774,39,10,19,39.07943985544659,0.5868055555555556,47.78645833333334,1008.854166666668,25.86805555555559,5
627,4,5,4,48,0.09615384615384616,0.07692307692307693,0.9230769230769231,52,550,400,150,0.7272727272727273,7,4,3,329.84919856382965,0.43177319004524883,0.32986615816363307,0.17790554655132865,128096.59539284874,-1949.4881341827495,126147.10725866599,626,0,238.44230769230768,43,9,19,38.57460243217961,0.5896317829457365,46.92234848484848,1012.3106060606044,23.542107117688474,0
628,4,1,2,47,0.02040816326530612,0.04081632653061224,0.9591836734693877,49,1500,900,600,0.6,21,9,12,341.94915568776844,0.42878401360544216,0.3318697943974611,0.18373011010030899,127943.717128055,-1049.9507905013754,126893.76633755362,627,0,251.9795918367347,41,8,19,38.42460940053605,0.5909552845528454,47.0734126984127,1011.7063492063498,24.67576461478902,0
629,4,1,1,47,0.020833333333333332,0.020833333333333332,0.9791666666666666,48,1400,800,600,0.5714285714285714,20,8,12,351.5637116034776,0.42482084810874704,0.3387928724544478,0.1885108867391065,127861.72251966452,-609.6916517945336,127252.03086786998,628,0,258.125,40,8,19,38.265340300107184,0.5916666666666666,47.15447154471546,1011.3821138211407,25.284552845528516,0
630,4,2,1,48,0.04081632653061224,0.02040816326530612,0.9795918367346939,49,1250,800,450,0.64,17,8,9,347.53999890619247,0.42579010770975056,0.3495411282912275,0.1882072420325828,128258.57688347127,-883.4407791556093,127375.13610431565,629,0,253.81632653061226,36,13,22,37.96136742634796,0.6027199074074074,46.762387387387385,1012.95045045045,28.1375125125125,0
631,4,1,0,49,0.02040816326530612,0.0,1.0,49,1350,900,450,0.6666666666666666,18,9,9,340.97628060836917,0.425187783446712,0.34606361773452443,0.18588201489109873,128523.41666894936,-1035.3126826284058,127488.10398632096,630,0,254.6530612244898,38,11,20,37.85735609173602,0.6016995614035088,46.50106837606837,1013.9957264957252,26.684098065676977,0
632,4,0,0,49,0.0,0.0,1.0,49,1800,1500,300,0.8333333333333334,21,15,6,338.49929543874094,0.4258786848072562,0.34500690873380035,0.18528690540528628,128685.96734832687,-1087.9781439477242,127597.98920437915,631,1,255.6530612244898,38,11,20,37.75446632269837,0.6033442982456141,46.34081196581195,1014.63675213675,26.700967161493423,0
633,4,0,0,49,0.0,0.0,1.0,49,1500,1200,300,0.8,18,12,6,342.6788580776861,0.42584325396825395,0.3471169846160449,0.18860234777234552,128902.86138733663,-965.5429313682423,127937.31845596839,632,2,256.6530612244898,38,11,20,37.42745046466773,0.6055372807017543,46.12713675213676,1015.4914529914536,26.72345928924878,0
634,4,1,3,47,0.02,0.06,0.94,50,900,400,500,0.4444444444444444,14,4,10,332.1138018286605,0.4286649659863946,0.334737578726382,0.1840517650798944,129175.56023407046,-1419.8027174631347,127755.75751660734,633,0,252.5,40,10,20,37.41835782598553,0.6049479166666667,45.85873983739838,1016.5650406504076,25.41412601626019,0
635,4,0,0,47,0.0,0.0,1.0,47,1900,1300,600,0.6842105263157895,25,13,12,327.00378843522293,0.42497301880974403,0.2881895528041787,0.18062894346825145,129046.45568940415,-960.2640210853652,128086.19166831877,634,4,268.8723404255319,40,7,19,37.67941088217643,0.6036458333333334,45.98577235772356,1016.0569105691031,25.40142276422758,1
636,4,2,2,47,0.04081632653061224,0.04081632653061224,0.9591836734693877,49,1500,1100,400,0.7333333333333333,19,11,8,316.2247931224813,0.4305555555555556,0.29719400480934666,0.17756420736507708,129692.6239031825,-1597.4094660916257,128095.21443709086,635,0,258.85714285714283,40,9,17,37.29796468123317,0.6101562500000001,45.350609756097555,1018.5975609756086,25.464939024390215,0
637,4,0,0,47,0.0,0.0,1.0,47,1500,800,700,0.5333333333333333,22,8,14,326.28622584865866,0.4256282762873882,0.30077501378769833,0.18257084240234103,129554.6392746913,-945.621141975318,128609.01813271598,636,1,270.7659574468085,38,9,17,37.18167348794905,0.6121162280701755,45.48611111111111,1018.0555555555552,26.79093567251461,0
638,4,1,1,47,0.020833333333333332,0.020833333333333332,0.9791666666666666,48,1350,800,550,0.5925925925925926,19,8,11,322.8650628997142,0.4268894060283688,0.3057151734940582,0.1825838301978802,129970.32470703138,-1207.4245876735956,128762.90011935779,637,0,266.1041666666667,39,9,18,36.847588279361204,0.6145833333333333,45.07812500000001,1019.687500000001,26.14583333333336,0
639,4,1,1,47,0.020833333333333332,0.020833333333333332,0.9791666666666666,48,1250,900,350,0.72,16,9,7,320.23023473845063,0.42689864066193856,0.30829846227121216,0.18220765621180846,130209.42382812513,-1260.6011284722067,128948.82269965293,638,0,266.6041666666667,39,9,18,36.67287541675174,0.6169871794871794,44.84375000000001,1020.625000000001,26.16987179487182,0
640,4,0,0,47,0.0,0.0,1.0,47,1700,1200,500,0.7058823529411765,22,12,10,331.3804542785035,0.4251464693185322,0.32034839365940493,0.1881821131762543,130132.94004891273,-775.2974419988046,129357.64260691393,639,2,273.27659574468083,40,7,18,36.46580345285525,0.6145833333333333,44.91869918699187,1020.3252032520329,25.508130081300823,0
641,4,0,0,47,0.0,0.0,1.0,47,1300,800,500,0.6153846153846154,18,8,10,330.02830925402657,0.42479956830095594,0.3119483804315881,0.18817127226918112,130289.85407991812,-800.0028509204022,129489.85122899772,640,3,274.27659574468083,38,9,18,36.34147830333472,0.6195175438596492,44.76495726495726,1020.9401709401704,26.866846603688696,0
642,4,1,2,46,0.020833333333333332,0.041666666666666664,0.9583333333333334,48,1050,700,350,0.6666666666666666,14,7,7,321.6517561865908,0.42671394799054374,0.3023703537915712,0.1842487239284216,130470.15587819759,-1206.8090463678925,129263.3468318297,641,0,269.5416666666667,40,8,18,36.373056135813535,0.61796875,44.588414634146346,1021.6463414634154,25.541158536585385,0
643,4,1,0,47,0.02127659574468085,0.0,1.0,47,1200,800,400,0.6666666666666666,16,8,8,334.85728915818447,0.42524283071230345,0.3309119067812234,0.19197049382540257,130501.95448133704,-660.0938585069218,129841.86062283012,642,0,276.0,39,8,15,36.00360638189417,0.6199252136752136,44.55729166666668,1021.7708333333353,26.199252136752186,0
644,4,0,0,47,0.0,0.0,1.0,47,1150,1000,150,0.8695652173913043,13,10,3,334.3798594220807,0.4254162812210916,0.3293217556153618,0.19192487821623572,130548.0368828081,-669.4731558595837,129878.56372694852,643,1,277.0,40,7,15,35.9691974940334,0.6187499999999999,44.51219512195123,1021.9512195121971,25.548780487804926,0
645,4,0,1,46,0.0,0.02127659574468085,0.9787234042553191,47,1100,1000,100,0.9090909090909091,12,10,2,340.33672798888705,0.4250886524822695,0.3338359411843077,0.19600044764145358,130677.89019639444,-505.1028860136072,130172.78731038082,644,2,278.0,40,7,15,35.685650863068616,0.6200520833333333,44.38516260162602,1022.4593495934967,25.561483739837417,0
646,4,2,2,46,0.041666666666666664,0.041666666666666664,0.9583333333333334,48,1500,1200,300,0.8,18,12,6,332.5841941654768,0.4290595449172577,0.3225291844139462,0.19316943437923356,131005.52780970176,-885.9264204374882,130119.60138926427,645,0,267.6666666666667,42,6,15,35.55292632907399,0.6202876984126984,44.06492248062015,1023.7403100775178,24.37476928755995,0
647,4,0,1,45,0.0,0.021739130434782608,0.9782608695652174,46,1500,1100,400,0.7333333333333333,19,11,8,355.0939226519337,0.42505032206119164,0.3435214989190487,0.20009962640099624,129831.84831791247,44.69669869392544,129876.5450166064,646,4,280.30434782608694,36,10,17,36.166666666666664,0.6186342592592593,45.21396396396396,1019.144144144144,28.309559559559556,4
648,4,1,1,45,0.021739130434782608,0.021739130434782608,0.9782608695652174,46,1000,700,300,0.7,13,7,6,355.1122884737986,0.42667069243156197,0.3429442077812306,0.200550938711996,129917.93894823863,27.09132274164395,129945.03027098028,647,0,281.0869565217391,36,10,17,36.07874001251887,0.6195023148148149,45.129504504504496,1019.4819819819808,28.31894394394391,0
649,4,0,0,45,0.0,0.0,1.0,45,1600,1400,200,0.875,18,14,4,361.4657521276896,0.4239688552188552,0.33900897348580017,0.20433252456142117,129954.95158366008,394.8528633810126,130349.80444704108,648,6,288.3333333333333,37,8,18,35.87919399935478,0.6179617117117118,45.09320175438595,1019.6271929824538,27.557491702228482,0
650,4,0,0,45,0.0,0.0,1.0,45,1550,1200,350,0.7741935483870968,19,12,7,366.2188398521628,0.4236742424242424,0.34894430113690644,0.2077622003649099,130094.74068944289,528.6290012311456,130623.36969067404,649,7,289.3333333333333,37,8,18,35.615953711665234,0.6193693693693694,44.95614035087719,1020.1754385964912,27.57230915125652,0
651,4,0,0,45,0.0,0.0,1.0,45,1100,900,200,0.8181818181818182,13,9,4,365.51965369337813,0.42329545454545453,0.34776130095279023,0.2076633636917325,130150.67737188366,514.5261041859051,130665.20347606957,650,8,290.3333333333333,37,8,18,35.57695751844687,0.6199324324324325,44.901315789473685,1020.3947368421054,27.578236130867715,0
652,4,1,1,45,0.021739130434782608,0.021739130434782608,0.9782608695652174,46,1300,900,400,0.6923076923076923,17,9,8,355.7186836573934,0.424567230273752,0.33411342520217846,0.20370196531259568,130458.54403518376,81.35640293165085,130539.90043811541,651,0,285.0,37,9,19,35.51471772029621,0.6230292792792793,44.599780701754376,1021.6008771929813,27.610834518729224,0
653,4,0,1,44,0.0,0.022222222222222223,0.9777777777777777,45,750,400,350,0.5333333333333333,11,4,7,365.12104602453866,0.4228956228956229,0.34116047477308675,0.20895981126110974,130435.08193582091,524.9187109406644,130960.00064676157,652,10,292.3333333333333,36,9,20,35.29838680042626,0.6247106481481481,44.622747747747745,1021.5090090090087,28.37525025025024,0
654,4,1,1,44,0.022222222222222223,0.022222222222222223,0.9777777777777777,45,1050,900,150,0.8571428571428571,12,9,3,365.41515055352306,0.4241582491582492,0.33062689052989946,0.20943851301150437,130492.60567577713,536.7950298271247,131029.40070560426,653,0,292.6,36,9,17,35.23251221573167,0.6252893518518519,44.56644144144144,1021.7342342342342,28.381506506506508,0
655,4,0,0,44,0.0,0.0,1.0,44,650,300,350,0.46153846153846156,10,3,7,374.0524373093956,0.42137949260042284,0.34443174093072115,0.2140977180086073,130439.87509645055,958.2706404320872,131398.14573688264,654,12,300.25,35,9,22,35.065431679129844,0.6267857142857143,44.61805555555555,1021.5277777777771,29.18650793650792,0
656,4,2,3,43,0.043478260869565216,0.06521739130434782,0.9347826086956522,46,1550,1200,350,0.7741935483870968,19,12,7,356.4369049166267,0.4243256843800322,0.32878804813531537,0.20694620300383257,130991.17036011085,138.01746691289807,131129.18782702374,655,0,288.1521739130435,37,9,21,34.956976578120525,0.6283783783783783,44.078947368421055,1023.6842105263161,27.66714082503557,0
657,4,0,0,43,0.0,0.0,1.0,43,750,500,250,0.6666666666666666,10,5,5,367.1013412672336,0.4224806201550388,0.3258679986898132,0.21276894065284566,130924.43795146508,1012.5073553283103,131936.94530679338,656,1,286.93023255813955,36,7,21,34.75164135856808,0.6296296296296295,44.14414414414415,1023.4234234234242,28.42842842842845,0
658,4,0,2,41,0.0,0.046511627906976744,0.9534883720930233,43,1000,600,400,0.6,14,6,8,333.36215264630783,0.42317275747508304,0.1650837195447208,0.19328095793327355,130937.79047070182,130.562137238317,131068.35260794013,657,2,287.93023255813955,40,3,16,35.6013967497435,0.6226562500000001,44.131097560975604,1023.4756097560964,25.58689024390241,7
659,4,0,0,41,0.0,0.0,1.0,41,1550,1300,250,0.8387096774193549,18,13,5,340.41982951634657,0.41788617886178864,0.1628889593770355,0.19763970851401483,130989.80150910499,718.3051796219144,131708.1066887269,631,16,286.9024390243902,40,1,16,35.36826996260631,0.6231770833333334,44.08028455284553,1023.6788617886175,25.591971544715438,0
660,4,1,0,42,0.023809523809523808,0.0,1.0,42,1550,1000,550,0.6451612903225806,21,10,11,333.31356061700717,0.421070460704607,0.16569870615945614,0.195097019531688,131302.70460325305,352.9943979906516,131655.6990012437,632,0,281.04761904761904,41,1,18,35.234468267028035,0.6247459349593496,43.774801587301575,1024.9007936507912,24.99758033294613,0
661,4,0,0,42,0.0,0.0,1.0,42,950,700,250,0.7368421052631579,12,7,5,329.68285117925024,0.42073170731707316,0.1609880669159025,0.19336282573815528,131380.21349725671,262.76313533775544,131642.97663259448,633,1,282.04761904761904,40,2,18,35.24938871266191,0.6270833333333334,43.69918699186991,1025.2032520325185,25.630081300812964,0
662,4,0,0,42,0.0,0.0,1.0,42,1100,800,300,0.7272727272727273,14,8,6,324.8573040678083,0.42088898567557104,0.14496869084025032,0.18636550601784774,130528.56445312488,97.15606590610946,130625.72051903099,634,2,283.04761904761904,39,3,14,36.232161060142715,0.6201923076923078,44.53124999999999,1021.8749999999991,26.201923076923055,3
663,4,0,0,42,0.0,0.0,1.0,42,850,500,350,0.5882352941176471,12,5,7,323.0210299589483,0.42047764227642276,0.14717070851165026,0.18582229707017106,130635.0314670138,39.57248263887965,130674.60394965268,635,3,284.04761904761904,39,3,15,36.17154065620542,0.6212606837606838,44.42708333333333,1022.291666666666,26.21260683760682,0
664,4,0,0,42,0.0,0.0,1.0,42,1500,900,600,0.6,21,9,12,320.28944799122615,0.4199574138598529,0.14284016896299234,0.18488666018964423,130768.17626953122,-23.26660156250074,130744.90966796872,636,4,285.04761904761904,39,3,17,36.106973724411844,0.622596153846154,44.296875,1022.8124999999998,26.225961538461533,0
665,4,0,0,42,0.0,0.0,1.0,42,1250,700,550,0.56,18,7,11,319.69706642785764,0.4197517421602788,0.13302414391362127,0.18543939638253445,130954.6929253474,-26.83376736109153,130927.8591579863,637,5,286.04761904761904,39,3,18,35.934001628333,0.624465811965812,44.11458333333334,1023.541666666668,26.244658119658155,0
666,4,0,0,42,0.0,0.0,1.0,42,1300,900,400,0.6923076923076923,17,9,8,323.65490987190725,0.4189653503677894,0.13910641038679294,0.1886484130865719,131141.3425021704,88.9078776041905,131230.25037977457,638,6,287.04761904761904,39,3,20,35.644534560493575,0.62633547008547,43.93229166666668,1024.2708333333353,26.26335470085475,0
667,4,0,0,42,0.0,0.0,1.0,42,1100,700,400,0.6363636363636364,15,7,8,322.44210241281775,0.41834833526906695,0.14059671439220134,0.18859604063836555,131274.74500868082,65.70095486114553,131340.44596354198,639,7,288.04761904761904,39,3,21,35.54118384495496,0.62767094017094,43.80208333333335,1024.791666666669,26.27670940170946,0
668,4,1,0,43,0.023255813953488372,0.0,1.0,43,1350,1000,350,0.7407407407407407,17,10,7,317.02955500012894,0.42001199704688075,0.14175422028095874,0.18699048603301027,131595.18771701402,-256.07638888886936,131339.11132812515,640,0,282.3255813953488,39,4,14,35.35744500846023,0.6308760683760684,43.48958333333334,1026.0416666666679,26.308760683760713,0
669,4,0,1,42,0.0,0.023255813953488372,0.9767441860465116,43,1750,1400,350,0.8,21,14,7,317.7453079804294,0.41948135843484685,0.1487144997817187,0.1880708714803085,131728.8208007815,-228.7570529513584,131500.06374783017,641,1,283.3255813953488,39,4,15,35.20473955690852,0.6322115384615383,43.359375000000014,1026.562500000002,26.322115384615437,0
670,4,0,0,42,0.0,0.0,1.0,42,1750,1200,550,0.6857142857142857,23,12,11,314.4777225501894,0.4165577816492451,0.15291183245481377,0.18711331943848544,131927.7662622283,-102.33130494413487,131825.4349572842,642,2,289.95238095238096,40,2,17,35.088782273221874,0.6325520833333333,43.16565040650407,1027.3373983739848,25.68343495934962,0
671,4,0,0,42,0.0,0.0,1.0,42,1100,800,300,0.7272727272727273,14,8,6,317.46956742972884,0.4163884049554781,0.1508265921251397,0.19019979590416958,132188.90587819743,-6.809046367911833,132182.09683182952,643,3,290.95238095238096,40,2,20,34.749810587343944,0.6351562500000001,42.911585365853654,1028.3536585365846,25.708841463414615,0
672,4,0,0,42,0.0,0.0,1.0,42,1150,600,550,0.5217391304347826,17,6,11,318.3676890028604,0.4163884049554781,0.15199945433077877,0.19126623832498246,132293.4340195154,23.590971809099415,132317.02499132452,644,4,291.95238095238096,40,2,20,34.62185946195131,0.6361979166666667,42.80995934959349,1028.7601626016253,25.719004065040632,0
673,4,0,0,42,0.0,0.0,1.0,42,1300,1000,300,0.7692307692307693,16,10,6,318.93099222679484,0.4161585365853659,0.15354967666078778,0.19187024933430152,132345.7135819451,41.8299499305802,132387.54353187568,645,5,292.95238095238096,40,2,21,34.55493827160493,0.6367187500000002,42.759146341463406,1028.963414634145,25.724085365853625,0
674,4,0,0,42,0.0,0.0,1.0,42,1350,1000,350,0.7407407407407407,17,10,7,318.63997566869864,0.41497289972899726,0.15267937430211775,0.1926632425028175,132535.48127145844,46.24116120969313,132581.72243266815,646,6,293.95238095238096,38,4,23,34.372189942588356,0.641995614035088,42.5747863247863,1029.7008547008516,27.097390913180305,0
675,4,0,0,42,0.0,0.0,1.0,42,1250,900,350,0.72,16,9,7,319.1322954930937,0.4146341463414634,0.15877028263277038,0.1936330308237233,132666.15125868024,67.61067708329927,132733.76193576353,647,7,294.95238095238096,39,3,16,34.22859791034713,0.6415598290598292,42.44791666666665,1030.2083333333308,26.415598290598226,0
676,4,0,0,42,0.0,0.0,1.0,42,750,400,350,0.5333333333333333,11,4,7,318.3145883535457,0.414380081300813,0.1600049096763947,0.19355170390790533,132746.64849175315,51.03895399302098,132797.68744574618,648,8,295.95238095238096,39,3,16,34.16904629536036,0.6423611111111114,42.36979166666665,1030.5208333333308,26.423611111111047,0
677,4,0,0,42,0.0,0.0,1.0,42,1400,1100,300,0.7857142857142857,17,11,6,320.7013525770808,0.41358159117305454,0.16920660576585433,0.19584347249602216,132907.71620008664,124.73687065970284,133032.45307074633,649,9,296.95238095238096,39,3,16,33.94629508031114,0.6439636752136754,42.21354166666666,1031.145833333332,26.439636752136714,0
678,4,0,0,42,0.0,0.0,1.0,42,1200,800,400,0.6666666666666666,16,8,8,318.0516806251156,0.41269841269841273,0.16324332640972372,0.19492474287816475,133042.01388888873,62.847222222198184,133104.86111111092,650,10,297.95238095238096,39,3,16,33.8802504038772,0.6452991452991454,42.08333333333332,1031.6666666666654,26.45299145299142,0
679,4,0,0,42,0.0,0.0,1.0,42,1150,800,350,0.6956521739130435,15,8,7,317.8638760478507,0.41256533101045295,0.16562843972756136,0.19523108617520488,133122.6250542534,62.97471788193417,133185.59977213535,651,11,298.95238095238096,39,3,16,33.80448588540089,0.6461004273504274,42.00520833333333,1031.979166666666,26.46100427350426,0
680,4,0,1,41,0.0,0.023809523809523808,0.9761904761904762,42,900,600,300,0.6666666666666666,12,6,6,317.2752552997156,0.41221447928765004,0.1582096006919418,0.1952917875788933,133203.2606336806,52.41970486111637,133255.68033854172,652,12,299.95238095238096,39,3,16,33.73906828119746,0.6469017094017094,41.927083333333336,1032.291666666667,26.4690170940171,0
681,4,1,0,42,0.023809523809523808,0.0,1.0,42,1400,1100,300,0.7857142857142857,17,11,6,312.5303749027658,0.4130129694154085,0.16701225394905417,0.19390955906256058,133499.13330078142,-55.49316406248437,133443.64013671895,653,0,298.85714285714283,39,3,17,33.56610976716056,0.6498397435897435,41.64062500000001,1033.4375000000014,26.49839743589747,0
682,4,0,0,42,0.0,0.0,1.0,42,950,600,350,0.631578947368421,13,6,7,313.5430083307424,0.41231126596980255,0.17204030226700207,0.19510434844405153,133606.80474175367,-21.704101562479536,133585.1006401912,654,1,299.85714285714283,39,3,18,33.43251469353484,0.6509081196581196,41.53645833333334,1033.8541666666683,26.50908119658124,0
683,4,0,0,42,0.0,0.0,1.0,42,1200,700,500,0.5833333333333334,17,7,10,313.48351158153343,0.41185152922957796,0.16923755803691298,0.19549398888074548,133687.58680555577,-18.229166666646393,133669.3576388891,655,2,300.85714285714283,39,3,21,33.35347837765242,0.6517094017094016,41.45833333333334,1034.1666666666683,26.51709401709406,0
684,4,0,0,42,0.0,0.0,1.0,42,1200,700,500,0.5833333333333334,17,7,10,312.59591821196125,0.4115490708478513,0.16746647583500507,0.19560780843982684,133813.73443593443,-34.07456292549324,133779.65987300893,656,3,301.85714285714283,40,2,15,33.25066299970532,0.6513020833333333,41.336382113821145,1034.6544715447167,25.866361788617915,0
685,4,0,0,42,0.0,0.0,1.0,42,1050,800,250,0.7619047619047619,13,8,5,312.7736289541855,0.4116458575300039,0.1665030273277699,0.19627846031413315,133918.9029037776,-22.739750644444598,133896.16315313315,657,4,302.85714285714283,40,2,17,33.1412616593029,0.65234375,41.23475609756098,1035.060975609757,25.876524390243922,0
686,4,0,0,42,0.0,0.0,1.0,42,950,800,150,0.8421052631578947,11,8,3,313.87438727502047,0.41122241579558655,0.17162581561874823,0.1973921146640688,133997.80636525902,11.695873818519374,134009.50223907753,658,5,303.85714285714283,40,2,19,33.03416601230206,0.6531249999999998,41.158536585365866,1035.3658536585385,25.884146341463463,0
687,4,0,0,42,0.0,0.0,1.0,42,1250,1000,250,0.8,15,10,5,314.2535707521225,0.4106054006968641,0.1719561144053341,0.19805554357049399,134076.73306439654,26.81842405317957,134103.5514884497,659,6,304.85714285714283,40,2,19,32.94573643410853,0.6539062499999999,41.08231707317075,1035.6707317073199,25.891768292682997,0
688,4,0,0,42,0.0,0.0,1.0,42,1350,1000,350,0.7407407407407407,17,10,7,317.8490137825874,0.4097948122338366,0.17620822357974153,0.2010414729855625,134208.32920219473,131.5970156653034,134339.92621786002,660,7,305.85714285714283,40,2,19,32.721573819798614,0.6552083333333333,40.95528455284554,1036.17886178862,25.9044715447155,0
689,4,0,0,42,0.0,0.0,1.0,42,1350,900,450,0.6666666666666666,18,9,9,317.21414840445954,0.40945605884630276,0.18041083099906596,0.201217929958053,134313.6525877455,121.23818494283688,134434.89077268835,661,8,306.85714285714283,40,2,19,32.633169934640506,0.65625,40.85365853658537,1036.5853658536596,25.91463414634149,0
690,4,0,0,42,0.0,0.0,1.0,42,1400,1200,200,0.8571428571428571,16,12,4,317.41977573609694,0.40880274874177314,0.18135745085960697,0.2019296378809932,134419.01728468505,133.45086423424948,134552.4681489193,662,9,307.85714285714283,40,2,19,32.52298935058147,0.6572916666666667,40.7520325203252,1036.9918699186992,25.92479674796748,0
691,4,0,0,42,0.0,0.0,1.0,42,1150,700,450,0.6086956521739131,16,7,9,324.2394518977072,0.40880274874177314,0.19677828732946878,0.1990034702911207,133095.751953125,231.1078307286508,133326.85978385364,663,10,308.85714285714283,39,3,20,33.66688538932633,0.6458333333333334,42.03125,1031.875,26.458333333333332,2
692,4,0,0,42,0.0,0.0,1.0,42,1400,1000,400,0.7142857142857143,18,10,8,327.97692258470977,0.4078953735965931,0.19743634067522398,0.2029037517949196,133391.5052625866,349.8670789930352,133741.37234157964,664,11,309.85714285714283,39,3,22,33.274616819602706,0.6487713675213678,41.74479166666666,1033.0208333333317,26.487713675213634,0
693,4,0,0,42,0.0,0.0,1.0,42,1250,800,450,0.64,17,8,9,327.7479126442895,0.4074961285327139,0.19574025799451822,0.20305631140029354,133445.31385633638,347.28461371523974,133792.59847005163,665,12,310.85714285714283,39,3,22,33.22674076687839,0.6493055555555558,41.692708333333314,1033.2291666666633,26.49305555555547,0
694,4,0,1,41,0.0,0.023809523809523808,0.9761904761904762,42,1250,1100,150,0.88,14,11,3,322.63893559377954,0.40731465350367785,0.19718124025428807,0.20076435333970288,133606.8047417534,221.35145399304702,133828.15619574644,666,13,311.85714285714283,39,3,22,33.19741813602013,0.6509081196581197,41.53645833333333,1033.854166666666,26.50908119658118,0
695,4,0,0,41,0.0,0.0,1.0,41,800,400,400,0.5,12,4,8,329.2521004224344,0.4058943089430895,0.20424686677623294,0.2047457148899404,133582.6439111695,596.4732175469269,134179.11712871643,667,14,318.7317073170732,38,3,22,33.05063214827063,0.6524122807017544,41.559829059829056,1033.7606837606832,27.204228520017978,0
696,4,0,0,41,0.0,0.0,1.0,41,1150,800,350,0.6956521739130435,15,8,7,329.73383165322423,0.406224593495935,0.20396914566129754,0.20596664245590415,133748.36205164727,620.271979326462,134368.63403097374,668,15,319.7317073170732,38,3,14,32.872641671830884,0.6540570175438596,41.39957264957265,1034.401709401709,27.22109761583445,0
697,4,0,0,41,0.0,0.0,1.0,41,1400,1100,300,0.7857142857142857,17,11,6,329.9124226951787,0.40637703252032525,0.20786330661494867,0.20679368577139415,133876.17323133672,633.4825303819391,134509.65576171866,669,16,320.7317073170732,39,2,15,32.74041687636302,0.6535790598290598,41.276041666666664,1034.8958333333328,26.535790598290586,0
698,4,1,0,42,0.023809523809523808,0.0,1.0,42,1600,1300,300,0.8125,19,13,6,326.59923050949504,0.4077501935733643,0.21912793358174842,0.20687322687800197,134260.98573104636,369.90692544120935,134630.89265648756,670,0,314.07142857142856,40,2,16,32.44243152252076,0.6557291666666667,40.90447154471545,1036.3821138211383,25.90955284552846,0
699,4,0,0,42,0.0,0.0,1.0,42,1450,1000,450,0.6896551724137931,19,10,9,325.4108333190537,0.407701800232288,0.21824941227926353,0.20688528162109163,134396.43565759622,346.81122448978357,134743.246882086,671,1,315.07142857142856,41,1,17,32.33830845771145,0.6554878048780488,40.77380952380952,1036.9047619047608,25.29036004645758,0
700,4,0,0,42,0.0,0.0,1.0,42,1100,600,500,0.5454545454545454,16,6,10,325.83653441107526,0.4072541618273326,0.22288328164774573,0.20788728739088566,134525.05083341216,366.63527100655347,134891.6861044187,672,2,316.07142857142856,41,1,17,32.19922460233974,0.6567581300813008,40.64980158730159,1037.4007936507942,25.302458381726687,0
701,4,0,0,42,0.0,0.0,1.0,42,1400,900,500,0.6428571428571429,19,9,10,323.73308261407044,0.40683072009291527,0.2182428169983366,0.20730568349399742,134658.87586805562,318.7115181720887,134977.5873862277,673,3,317.07142857142856,39,3,19,32.12063428342031,0.6613247863247864,40.520833333333336,1037.9166666666672,26.613247863247878,0
702,4,0,0,42,0.0,0.0,1.0,42,1100,500,600,0.45454545454545453,17,5,12,317.7174138700675,0.4069033101045296,0.1255083499177989,0.19500053914478885,133095.75195312515,73.03602430556882,133168.7879774307,674,4,318.07142857142856,39,3,20,33.83513358907058,0.6458333333333333,42.03125000000001,1031.8750000000011,26.458333333333364,6
703,4,0,0,42,0.0,0.0,1.0,42,1300,1100,200,0.8461538461538461,15,11,4,318.5159481920123,0.4069879984514131,0.12773796305642482,0.19563158702655106,133122.6250542536,80.33582899307503,133202.96088324668,675,5,319.07142857142856,39,3,20,33.78766276370244,0.6461004273504273,42.00520833333334,1031.9791666666679,26.461004273504305,0
704,4,0,1,41,0.0,0.023809523809523808,0.9761904761904762,42,1150,800,350,0.6956521739130435,15,8,7,320.85948104076954,0.4066371467286101,0.1294267454711453,0.19749797870273467,133203.26063368068,147.90581597224138,133351.16644965293,676,6,320.07142857142856,39,3,20,33.64656912209889,0.6469017094017093,41.92708333333334,1032.2916666666679,26.469017094017126,0
705,4,0,1,40,0.0,0.024390243902439025,0.975609756097561,41,750,300,450,0.4,12,3,9,327.83217334056536,0.40470020325203254,0.14237782787723297,0.20160322257436075,133168.79799702342,531.4032937030013,133700.20129072643,677,24,328.7317073170732,38,3,20,33.50110409550425,0.6483004385964911,41.9604700854701,1032.1581196581217,27.162055780476887,0
706,4,0,0,40,0.0,0.0,1.0,40,850,500,350,0.5882352941176471,12,5,7,330.719401163161,0.40418002136752135,0.14277329225539126,0.20333518766484904,133160.8178117308,807.773185018498,133968.59099674932,678,25,334.675,37,3,21,33.43458957470166,0.6500563063063062,41.96820175438598,1032.1271929824584,27.89532954006644,0
707,4,0,0,40,0.0,0.0,1.0,40,1050,600,450,0.5714285714285714,15,6,9,329.43077059673186,0.40387286324786326,0.14072854715378091,0.20300524449861443,133245.71021852884,779.0473991997617,134024.7576177286,679,26,335.675,37,3,21,33.38289436420279,0.6509009009009008,41.885964912280706,1032.4561403508776,27.90422000948318,0
708,4,0,0,40,0.0,0.0,1.0,40,1050,700,350,0.6666666666666666,14,7,7,328.89824016657815,0.4036992521367522,0.13220653789004433,0.20360573054201714,133415.57618690372,776.0296437365405,134191.60583064027,680,27,336.675,37,3,21,33.226756527276585,0.6525900900900901,41.72149122807018,1033.11403508772,27.922000948316754,0
709,4,1,2,39,0.024390243902439025,0.04878048780487805,0.9512195121951219,41,800,500,300,0.625,11,5,6,323.7103989367831,0.40553861788617884,0.12721520788227303,0.20146966016996207,133613.88991083778,450.4531442366643,134064.34305507445,681,0,329.4390243902439,37,4,21,33.16264980379679,0.6545608108108109,41.52960526315788,1033.881578947367,27.942745376955862,0
710,4,0,0,39,0.0,0.0,1.0,39,1200,800,400,0.6666666666666666,16,8,8,347.67533652271817,0.4002755285650022,0.21457086677845782,0.1940668323752813,129459.11864144552,1201.948527919815,130661.06716936533,682,29,346.0769230769231,36,3,19,36.73439747703884,0.6148726851851851,45.57995495495496,1017.6801801801803,28.268893893893896,6
711,4,0,2,37,0.0,0.05128205128205128,0.9487179487179487,39,1150,800,350,0.6956521739130435,15,8,7,349.11536718320997,0.3994883040935673,0.21451252565803625,0.1958684479407541,129659.75265806372,1253.2424316208374,130912.99508968455,683,30,347.0769230769231,36,3,19,36.49380804953561,0.6168981481481481,45.382882882882896,1018.4684684684704,28.290790790790844,0
712,4,3,1,39,0.075,0.025,0.975,40,750,500,250,0.6666666666666666,10,5,5,333.68713537307997,0.41139155982905984,0.19485555788151565,0.18999087552767632,130235.3223847616,691.5703301921396,130926.89271495375,684,0,310.05,38,2,21,36.303293559416666,0.618969298245614,44.818376068376075,1020.7264957264966,26.86122357174991,0
713,4,1,0,40,0.025,0.0,1.0,40,1050,800,250,0.7619047619047619,13,8,5,333.6942940441482,0.4108440170940171,0.198673469387755,0.1901281442809684,130262.58680555575,693.5763888889131,130956.16319444467,685,0,311.025,38,2,22,36.275510204081634,0.6192434210526314,44.79166666666668,1020.833333333335,26.86403508771934,0
714,4,0,0,40,0.0,0.0,1.0,40,950,800,150,0.8421052631578947,11,8,3,333.1641230224249,0.4104300213675214,0.19605524313595746,0.1903884960107358,130377.5708774656,687.4258126369955,131064.99669010259,686,1,312.025,36,4,22,36.17267614952035,0.6241319444444443,44.67905405405407,1021.2837837837861,28.36899399399406,0
715,4,1,1,40,0.024390243902439025,0.024390243902439025,0.975609756097561,41,1100,800,300,0.7272727272727273,14,8,6,325.5758641289759,0.4135670731707317,0.18891514309414115,0.18698044544338802,130570.5857210874,302.1262551939235,130872.71197628132,687,0,305.390243902439,37,4,19,36.17134695848086,0.6241554054054053,44.49013157894738,1022.0394736842117,27.622688477951666,0
716,4,0,0,40,0.0,0.0,1.0,40,800,600,200,0.75,10,6,4,330.6739791252576,0.41006944444444443,0.19200286596119942,0.18938600622628424,130463.84222059925,628.1995678110869,131092.04178841034,688,3,314.025,36,4,23,36.1490024250441,0.6249999999999998,44.59459459459461,1021.6216216216238,28.37837837837844,0
717,4,0,0,40,0.0,0.0,1.0,40,1100,700,400,0.6363636363636364,15,7,8,330.3341763002053,0.40930822649572646,0.18491517021042214,0.1898950803215304,130607.69120049108,628.8368182371642,131236.52801872825,689,4,315.025,36,4,19,36.012265432778825,0.6264467592592593,44.45382882882883,1022.1846846846851,28.39401901901903,0
718,4,1,2,39,0.024390243902439025,0.04878048780487805,0.9512195121951219,41,1500,1100,400,0.7333333333333333,19,11,8,321.87035710800865,0.4110772357723577,0.17883972598206288,0.1867861836130728,130972.46334876544,231.23070987654216,131203.69405864197,690,0,308.3170731707317,38,3,19,35.86047037539574,0.6263706140350876,44.09722222222222,1023.6111111111112,26.93713450292398,0
719,4,0,0,39,0.0,0.0,1.0,39,1400,1200,200,0.8571428571428571,16,12,4,334.27075045120216,0.40623594242015293,0.18352535863549058,0.19258746282340836,130694.03863322778,937.43887468549,131631.47750791328,691,7,325.0,36,3,20,35.82438509544787,0.6273148148148149,44.369369369369366,1022.5225225225222,28.403403403403395,0
720,4,0,0,39,0.0,0.0,1.0,39,800,600,200,0.75,10,6,4,333.89067781234456,0.40640463337831756,0.18239701960120192,0.193087002414077,130838.01442912497,937.1186642723642,131775.13309339734,692,8,326.0,36,3,21,35.688635112823334,0.6287615740740742,44.228603603603595,1023.0855855855848,28.41904404404402,0
721,4,1,0,40,0.025,0.0,1.0,40,900,600,300,0.6666666666666666,12,6,6,313.0905404491946,0.4088274572649573,0.13541120318892297,0.175673462160222,129663.42872242314,206.50898421277233,129869.93770663592,693,0,318.825,38,2,19,37.40733941746217,0.6132127192982456,45.379273504273506,1018.4829059829061,26.802181736392267,8
722,4,1,1,40,0.024390243902439025,0.024390243902439025,0.975609756097561,41,1150,700,450,0.6086956521739131,16,7,9,306.34076671450293,0.41018800813008127,0.13627438276834813,0.1731214448384269,129943.7717013888,-238.5850694444483,129705.18663194435,694,0,312.0243902439024,39,2,19,37.295668165100125,0.6143162393162394,45.104166666666664,1019.5833333333326,26.143162393162374,0
723,4,1,1,40,0.024390243902439025,0.024390243902439025,0.975609756097561,41,1100,600,500,0.5454545454545454,16,6,10,306.26575248835906,0.4113058943089431,0.12761039375099603,0.17355059307673687,130050.00000000001,-234.0277777777773,129815.97222222223,695,0,313.0,39,2,20,37.190223311546816,0.6153846153846154,45.0,1020.0000000000001,26.153846153846157,0
724,4,1,0,41,0.024390243902439025,0.0,1.0,41,1350,1000,350,0.7407407407407407,17,10,7,312.1807369552514,0.41064532520325203,0.142444471797881,0.17825500939695005,130346.55044100103,-61.316342528468795,130285.23409847256,696,0,313.9756097560976,37,4,22,36.739749991051944,0.6219031531531531,44.709429824561404,1021.162280701754,27.598980559506863,0
725,4,1,1,41,0.023809523809523808,0.023809523809523808,0.9761904761904762,42,950,800,150,0.8421052631578947,11,8,3,337.8189784575438,0.4142832946186605,0.2576584774037003,0.17562112456236567,126607.70052596988,170.1143599771886,126777.81488594707,697,0,307.4761904761905,38,4,14,39.89782377919321,0.582236842105263,48.397435897435905,1006.4102564102575,26.48448043184888,8
726,4,4,4,41,0.08888888888888889,0.08888888888888889,0.9111111111111111,45,900,400,500,0.4444444444444444,14,4,10,318.785308307307,0.4232744107744108,0.24513281104883,0.1682266632162433,127217.08598080449,-889.0124047303989,126328.0735760741,698,0,287.8,41,4,15,39.752659225751444,0.5835873983739837,47.792658730158735,1008.8293650793662,24.605594270228444,0
727,4,2,1,42,0.046511627906976744,0.023255813953488372,0.9767441860465116,43,600,400,200,0.6666666666666666,8,4,4,372.2702436081213,0.4251799557032115,0.26714794428709476,0.18315083824790115,124323.8335503473,675.1369746393972,124998.9705249867,699,0,295.86046511627904,39,4,14,41.39553304087457,0.5571581196581197,50.677083333333336,997.2916666666674,25.571581196581217,8
728,4,11,7,46,0.20754716981132076,0.1320754716981132,0.8679245283018868,53,1600,1200,400,0.75,20,12,8,328.2731775293949,0.44781083696178037,0.2888983859968175,0.16952883110340805,126335.91473055987,-2242.7120010910744,124093.2027294688,700,0,240.81132075471697,42,11,14,40.41706827309237,0.5731646825396826,48.66763565891472,1005.3294573643395,23.936415651531895,0
729,4,5,3,48,0.09803921568627451,0.058823529411764705,0.9411764705882353,51,1250,900,350,0.72,16,9,7,333.506830793599,0.44449346405228757,0.3092239015747642,0.1735882900163217,126656.87715852023,-1751.8132601295333,124905.0638983907,701,0,249.05882352941177,40,11,18,39.955830388692576,0.5794270833333333,48.34857723577237,1006.6056910569121,25.165142276422802,0
730,4,2,1,49,0.04,0.02,0.98,50,1350,1000,350,0.7407407407407407,17,10,7,342.80359658945457,0.4425765306122449,0.32656174334140453,0.17921251315372747,126835.96073765618,-1304.0352964505234,125531.92544120565,702,0,255.0,40,10,19,39.53793381759483,0.58125,48.170731707317074,1007.3170731707319,25.182926829268297,0
731,4,3,0,52,0.057692307692307696,0.0,1.0,52,1400,1000,400,0.7142857142857143,18,10,8,327.72521911890817,0.4457327802916038,0.2970650268953847,0.16979080207698583,126467.57610741068,-1984.3521189590067,124483.22398845167,703,0,246.1346153846154,41,11,16,40.29562004799946,0.5759654471544715,48.536706349206355,1005.8531746031756,24.53300425861404,6
732,4,3,1,54,0.05454545454545454,0.01818181818181818,0.9818181818181818,55,1300,900,400,0.6923076923076923,17,9,8,322.40412355117326,0.4488776655443322,0.3299203329978333,0.17061485346615732,127330.84126061769,-2788.0645476356913,124542.776712982,704,0,233.65454545454546,43,12,14,39.54502095452554,0.5818798449612402,47.67992424242425,1009.2803030303043,23.47163495419312,0
733,4,5,8,51,0.0847457627118644,0.13559322033898305,0.864406779661017,59,1550,1200,350,0.7741935483870968,19,12,7,315.9507766434439,0.4522209234365868,0.3734743575410844,0.17187525088232278,128439.0316556246,-3670.9595786938626,124768.07207693074,705,0,218.72881355932202,42,17,13,38.5776136761941,0.5944940476190477,46.58430232558139,1013.6627906976739,24.134828349944616,0
734,4,3,2,52,0.05555555555555555,0.037037037037037035,0.962962962962963,54,1450,800,650,0.5517241379310345,21,8,13,338.0390916635161,0.44649720475192173,0.3738500919926404,0.18290228649106133,128223.6450195315,-2131.0791015624704,126092.56591796903,706,0,226.5185185185185,39,15,20,38.23761956186363,0.5969551282051281,46.796875000000014,1012.8125000000019,25.96955128205133,0
735,4,2,3,51,0.037037037037037035,0.05555555555555555,0.9444444444444444,54,1050,500,550,0.47619047619047616,16,5,11,341.8305120721225,0.4471668996040065,0.37420326009080096,0.18626122440980744,128504.9214773782,-2014.6193775199574,126490.30209985824,707,0,227.3148148148148,40,14,16,37.854565500651525,0.5981770833333331,46.51930894308945,1013.9227642276448,25.34806910569112,0
736,4,0,0,51,0.0,0.0,1.0,51,1150,600,550,0.5217391304347826,17,6,11,365.6387658824525,0.4408006535947713,0.3886816885209612,0.19771191453506948,128198.62349559872,-825.1227034480178,127373.5007921507,708,2,241.5686274509804,38,13,20,37.56439673664591,0.5984100877192982,46.8215811965812,1012.7136752136757,26.6503598740441,0
737,4,0,0,51,0.0,0.0,1.0,51,1650,1200,450,0.7272727272727273,21,12,9,367.6438416332719,0.44050653594771244,0.3879503072191859,0.1990651777569988,128252.7271554715,-769.7349377237241,127482.99221774777,709,3,242.5686274509804,38,13,20,37.458249832999336,0.5989583333333334,46.76816239316239,1012.92735042735,26.655982905982896,0
738,4,3,3,51,0.05555555555555555,0.05555555555555555,0.9444444444444444,54,1850,1300,550,0.7027027027027027,24,13,11,351.10605999347155,0.4449248777078966,0.3674995206205516,0.19334441829764223,128924.17332963287,-1746.7882928634324,127177.38503676944,710,0,230.03703703703704,41,13,18,37.19178388850901,0.6008638211382114,46.1061507936508,1015.5753968253975,24.770131629887747,0
739,4,2,1,52,0.03773584905660377,0.018867924528301886,0.9811320754716981,53,1600,1200,400,0.75,20,12,8,375.2373438527282,0.44354741170778905,0.4280599903241413,0.20669853686802842,128936.76757812513,-922.4310919390739,128014.33648618606,711,0,235.33962264150944,39,14,17,36.56623931623931,0.6041666666666666,46.09375000000001,1015.625000000001,26.041666666666693,1
740,4,0,1,51,0.0,0.019230769230769232,0.9807692307692307,52,1750,1300,450,0.7428571428571429,22,13,9,389.7257282968647,0.441820638511815,0.44246546350098104,0.21485431077369907,128969.0239461466,-347.490642970439,128621.53330317615,712,1,240.8653846153846,40,12,18,36.165374353843596,0.6028645833333333,46.06199186991871,1015.7520325203262,25.393800813008156,0
741,4,1,1,51,0.019230769230769232,0.019230769230769232,0.9807692307692307,52,1400,800,600,0.5714285714285714,20,8,12,385.9849502821818,0.44530071644042235,0.43300756620428715,0.21404619970193745,129201.38888888908,-426.04166666664764,128775.34722222244,713,0,229.57692307692307,42,10,19,36.022882513661195,0.6021825396825395,45.83333333333334,1016.6666666666682,24.206349206349245,0
742,4,1,2,50,0.019230769230769232,0.038461538461538464,0.9615384615384616,52,1100,800,300,0.7272727272727273,14,8,6,384.7788952065519,0.4450257667169432,0.4208332623763218,0.21430903448187388,129373.18019032563,-443.98613140165514,128929.19405892397,714,0,230.34615384615384,36,16,19,35.87811785108111,0.6140046296296295,45.66441441441442,1017.3423423423436,28.259509509509545,0
743,4,1,1,50,0.0196078431372549,0.0196078431372549,0.9803921568627451,51,1350,800,550,0.5925925925925926,19,8,11,389.54721431902556,0.4418300653594771,0.41839585174078797,0.21666714679972116,129319.08543381332,-124.82210219479839,129194.26333161852,715,0,235.5686274509804,35,16,20,35.8120922470035,0.6154761904761905,45.71759259259259,1017.1296296296287,29.06084656084653,0
744,4,4,5,49,0.07407407407407407,0.09259259259259259,0.9074074074074074,54,1400,900,500,0.6428571428571429,19,9,10,366.28317706464316,0.44694124155602144,0.3894294177423192,0.20707692485535756,129958.94451530602,-1279.644982993209,128679.29953231281,716,0,222.83333333333334,41,13,17,35.75233508464682,0.6112804878048781,45.08928571428571,1019.6428571428564,24.86933797909406,0
745,4,1,0,50,0.02,0.0,1.0,50,1450,1000,450,0.6896551724137931,19,10,9,392.858934552896,0.4382142857142857,0.4244932687129779,0.21987312883204585,129563.94184989615,180.0704303247159,129744.01228022086,717,0,241.56,37,13,18,35.47780919045055,0.6140202702702702,45.47697368421053,1018.092105263158,27.51600284495022,0
746,4,0,0,50,0.0,0.0,1.0,50,1300,900,400,0.6923076923076923,17,9,8,392.26638686038916,0.4379081632653061,0.42359479865771776,0.22055732695169056,129745.05077069184,178.92445576740812,129923.97522645925,718,1,242.56,38,12,18,35.30808689876958,0.6140350877192982,45.2991452991453,1018.8034188034192,26.810616284300504,0
747,4,0,0,50,0.0,0.0,1.0,50,2050,1600,450,0.7804878048780488,25,16,9,386.81025275898895,0.43751700680272104,0.4178364779874215,0.21809514251304693,129853.92011834322,45.765532544381784,129899.6856508876,719,2,243.56,38,12,18,35.33608490566037,0.6151315789473684,45.19230769230769,1019.2307692307694,26.821862348178144,0
748,4,1,0,51,0.0196078431372549,0.0,1.0,51,1450,1000,450,0.6896551724137931,19,10,9,383.62253871445466,0.43874183006535944,0.42779075095698005,0.21842633683108345,130236.00396050367,-207.706705729144,130028.29725477453,720,0,239.76470588235293,39,12,19,35.02834047691941,0.6172542735042734,44.81770833333334,1020.7291666666682,26.172542735042775,0
749,4,1,1,51,0.019230769230769232,0.019230769230769232,0.9807692307692307,52,1450,700,750,0.4827586206896552,22,7,15,376.63807256819564,0.4397545877325289,0.4175812976261408,0.216368429042104,130581.7925347223,-563.5823567708221,130018.21017795148,721,0,236.1346153846154,39,13,18,34.855279249898096,0.6207264957264957,44.47916666666667,1022.083333333334,26.207264957264975,0
750,4,0,0,51,0.0,0.0,1.0,51,1550,1000,550,0.6451612903225806,21,10,11,381.7299482464748,0.43821895424836604,0.42790438358073724,0.21918539525364808,130562.68376981514,-232.06269632552545,130330.62107348962,722,2,241.76470588235293,38,13,18,34.74458150393754,0.6222587719298246,44.49786324786324,1022.0085470085467,26.894961763382806,0
751,4,0,1,50,0.0,0.0196078431372549,0.9803921568627451,51,1450,1100,350,0.7586206896551724,18,11,7,380.83158236992415,0.4383333333333333,0.42298117535173785,0.2190786136798616,130635.03146701396,-250.01085069443837,130385.02061631953,723,3,242.76470588235293,39,12,18,34.694059506826974,0.6212606837606838,44.427083333333336,1022.2916666666673,26.212606837606852,0
752,4,0,0,50,0.0,0.0,1.0,50,1500,1000,500,0.6666666666666666,20,10,10,393.38660703938274,0.43694727891156465,0.42706840731070517,0.22731905627049415,130808.4744708342,291.6603888158334,131100.13485965005,724,4,246.0,38,12,19,34.196910356832035,0.6247258771929824,44.25747863247863,1022.9700854700851,26.920265407107504,0
753,4,0,0,50,0.0,0.0,1.0,50,1500,900,600,0.6,21,9,12,395.11572968975514,0.43715136054421766,0.42565044894550064,0.2288040180754818,130890.45606874114,343.3756118050822,131233.83168054622,725,5,247.0,38,12,19,34.06939514164405,0.6255482456140351,44.17735042735042,1023.2905982905968,26.928699955015706,0
754,4,1,2,49,0.0196078431372549,0.0392156862745098,0.9607843137254902,51,1150,800,350,0.6956521739130435,15,8,7,385.1354371816243,0.43802287581699345,0.42227370067161885,0.22481472740173444,131197.94894118907,-94.20411544054954,131103.74482574852,726,0,243.13725490196077,40,11,20,34.01282941507125,0.6252604166666667,43.8770325203252,1024.491869918699,25.612296747967473,0
755,4,0,0,49,0.0,0.0,1.0,49,1550,1400,150,0.9032258064516129,17,14,3,388.11280842219986,0.4371279761904762,0.4125643512042254,0.22655270536793257,131197.94894118907,383.9208845594494,131581.86982574852,727,1,241.69387755102042,40,9,20,33.93657209932877,0.6252604166666667,43.8770325203252,1024.491869918699,25.612296747967473,0
756,4,0,1,48,0.0,0.02040816326530612,0.9795918367346939,49,1450,900,550,0.6206896551724138,20,9,11,381.08457571747203,0.4371634070294785,0.36876357705677565,0.21427421730988033,129745.78622118763,108.68919269872227,129854.47541388635,728,2,242.69387755102042,36,13,18,35.59213919899784,0.6177662037037036,45.298423423423436,1018.8063063063081,28.300175175175227,4
757,4,1,0,49,0.02040816326530612,0.0,1.0,49,1450,900,550,0.6206896551724138,20,9,11,374.8567464446754,0.43751771541950113,0.37393899495281957,0.2120539989011851,129982.90339335185,-55.00634810710727,129927.89704524474,729,0,243.6326530612245,37,12,19,35.50940860215053,0.6182432432432432,45.06578947368421,1019.7368421052636,27.56045519203415,0
758,4,0,1,48,0.0,0.02040816326530612,0.9795918367346939,49,850,500,350,0.5882352941176471,12,5,7,377.90079471092577,0.4371811224489796,0.37474415757918766,0.21423589842752844,130066.7768568213,30.467667936283277,130097.2445247576,730,1,244.6326530612245,37,12,19,35.34646081909061,0.6190878378378378,44.983552631578945,1020.065789473684,27.56934566145092,0
759,4,1,1,48,0.02040816326530612,0.02040816326530612,0.9795918367346939,49,1050,800,250,0.7619047619047619,13,8,5,369.34610578925464,0.43925382653061223,0.3586838817159521,0.2104413858566682,130262.58680555539,-177.16232398432155,130085.42448157107,731,0,242.16326530612244,34,15,19,35.36564625850339,0.6271446078431373,44.79166666666666,1020.833333333332,30.02450980392153,0
760,4,0,0,48,0.0,0.0,1.0,48,1450,1100,350,0.7586206896551724,18,11,7,375.11849185834177,0.4364841903073286,0.3655905314424861,0.21342316150473395,130206.62607725462,168.58264081256266,130375.20871806718,732,3,248.20833333333334,37,11,19,35.275211287781104,0.6204954954954955,44.84649122807018,1020.61403508772,27.58416311047892,0
761,4,0,0,48,0.0,0.0,1.0,48,1000,500,500,0.5,15,5,10,374.14988873298586,0.4361609781323877,0.36393115308382873,0.21351188261229656,130323.35778061209,152.1300313754096,130475.48781198749,733,4,249.20833333333334,34,14,19,35.18129882243208,0.6277573529411765,44.73214285714285,1021.0714285714273,30.03151260504198,0
762,4,0,1,47,0.0,0.020833333333333332,0.9791666666666666,48,1650,1000,650,0.6060606060606061,23,10,13,375.3236695948842,0.4356438386524823,0.3635127786840675,0.21502187800155506,130475.34722222216,194.0972222222136,130669.44444444438,734,5,250.20833333333334,34,14,19,34.99694127243066,0.6292892156862746,44.58333333333333,1021.6666666666661,30.04901960784312,0
763,4,2,1,48,0.04081632653061224,0.02040816326530612,0.9795918367346939,49,1350,1000,350,0.7407407407407407,17,10,7,362.4181226013064,0.4387577947845805,0.3554401190681973,0.21052671901395986,131010.8900074059,-303.8558406379518,130707.03416676796,735,0,243.30612244897958,36,13,18,34.7839438272284,0.6304976851851853,44.059684684684676,1023.7612612612601,28.43781281281278,0
764,4,1,1,48,0.02040816326530612,0.02040816326530612,0.9795918367346939,49,1100,800,300,0.7272727272727273,14,8,6,365.47350106631603,0.43840348639455784,0.36046344659235774,0.21309916446789792,131155.0401753103,-213.2616569272142,130941.77851838309,736,0,244.28571428571428,36,13,18,34.55983399296395,0.6319444444444444,43.91891891891891,1024.3243243243232,28.453453453453424,0
765,4,0,1,47,0.0,0.020833333333333332,0.9791666666666666,48,1350,1000,350,0.7407407407407407,17,10,7,374.91788019485585,0.4361425088652482,0.36643264775680917,0.21841002777118332,131120.59709630033,231.89126264572047,131352.48835894605,737,2,250.375,35,13,18,34.352869439108,0.6336309523809525,43.95254629629628,1024.189814814813,29.262566137566086,0
766,4,0,0,47,0.0,0.0,1.0,47,1700,1200,500,0.7058823529411765,22,12,10,381.6699890958995,0.43318300955905026,0.3730415664006368,0.22230920217955488,131114.67013888896,608.5069444444485,131723.1770833334,738,3,256.531914893617,34,13,18,34.185991320857056,0.6357230392156863,43.958333333333336,1024.1666666666672,30.12254901960786,0
767,4,0,0,47,0.0,0.0,1.0,47,1700,1100,600,0.6470588235294118,23,11,12,382.5553798835008,0.4330288313290163,0.3729979039784863,0.2237117330188297,131267.12018140583,643.3886054421623,131910.508786848,739,4,257.531914893617,34,13,18,34.00881931536555,0.6372549019607843,43.8095238095238,1024.7619047619041,30.140056022408945,0
768,4,0,0,47,0.0,0.0,1.0,47,950,600,350,0.631578947368421,13,6,7,379.7076254770044,0.43256629663891455,0.3722463263157363,0.22276535727493807,131390.93888168008,578.0424547269852,131968.98133640707,740,5,258.531914893617,33,14,18,33.95639094748585,0.6407828282828283,43.68872549019608,1025.2450980392152,31.068033273915614,0
769,4,0,1,46,0.0,0.02127659574468085,0.9787234042553191,47,1300,800,500,0.6153846153846154,18,8,10,380.69136911994667,0.4327782917052112,0.3730101599161695,0.22167440072196376,131103.44048168653,581.9896506617281,131685.43013234827,741,6,259.531914893617,37,10,18,34.22243040685224,0.6295045045045045,43.96929824561403,1024.1228070175428,27.678994784257913,1
770,4,0,0,46,0.0,0.0,1.0,46,1250,900,350,0.72,16,9,7,380.6639557268864,0.4327999194847021,0.36582412798606967,0.22200766469035194,131163.9135437212,785.8748356344472,131949.78837935565,742,7,263.9782608695652,38,8,18,34.16184292866083,0.6282894736842106,43.91025641025641,1024.3589743589741,26.956815114709844,0
771,4,1,0,47,0.02127659574468085,0.0,1.0,47,1250,800,450,0.64,17,8,9,372.19686876999214,0.4341658957755165,0.36119276044319637,0.21865965722706754,131443.5782911289,384.88583738063323,131828.46412850954,743,0,259.3404255319149,36,11,20,34.0956512189765,0.634837962962963,43.637387387387385,1025.45045045045,28.484734734734722,0
772,4,3,3,47,0.06,0.06,0.94,50,1600,1300,300,0.8125,19,13,6,351.378560328716,0.4383078231292517,0.3467071688942891,0.21108361689819946,132290.8203125,-703.1684027777812,131587.65190972222,744,0,244.72,39,11,19,33.77548265154584,0.6378205128205128,42.8125,1028.75,26.378205128205128,0
773,4,0,0,47,0.0,0.0,1.0,47,1350,1300,50,0.9629629629629629,14,13,1,375.2660529360558,0.43478260869565216,0.3772828840259932,0.22315364634176676,131905.8987196656,499.96119430241276,132405.85991396802,745,1,260.74468085106383,36,11,19,33.549614485127535,0.6394675925925926,43.18693693693694,1027.2522522522522,28.534784784784783,0
774,4,0,0,47,0.0,0.0,1.0,47,1400,900,500,0.6428571428571429,19,9,10,372.95238276374164,0.43511023743447425,0.37435244636553966,0.22245512713084367,132021.60564280505,447.55448015584324,132469.1601229609,746,2,261.74468085106383,36,11,19,33.49222003068158,0.640625,43.07432432432433,1027.7027027027034,28.547297297297316,0
775,4,0,0,47,0.0,0.0,1.0,47,1300,1000,300,0.7692307692307693,16,10,6,372.6631970405724,0.4343200740055504,0.37366846534515097,0.22330448263612263,132195.26113951797,452.86172997322717,132648.1228694912,747,3,262.74468085106383,36,11,20,33.324436049058264,0.6423611111111112,42.90540540540541,1028.378378378379,28.566066066066085,0
776,4,0,0,47,0.0,0.0,1.0,47,1450,1200,250,0.8275862068965517,17,12,5,371.51627023128,0.4339924452667283,0.37212269961507904,0.2234722950035028,132340.06123944905,433.29719077187053,132773.35843022092,748,4,263.74468085106383,36,11,20,33.20792747437161,0.6438078703703705,42.76463963963965,1028.9414414414425,28.581706706706736,0
777,4,0,0,47,0.0,0.0,1.0,47,1200,900,300,0.75,15,9,6,371.59212737701506,0.433722633364169,0.37176994008108766,0.22439320930200607,132487.35592689048,446.264369486324,132933.62029637682,749,5,264.74468085106383,35,12,20,33.05754637436762,0.6473214285714286,42.62152777777778,1029.5138888888891,29.41468253968255,0
778,4,0,0,47,0.0,0.0,1.0,47,1550,1000,550,0.6451612903225806,21,10,11,374.85345305657046,0.4330866481652791,0.3779530571209291,0.22708106730772085,132606.53941883138,541.6038398062307,133148.1432586376,750,6,265.74468085106383,35,12,20,32.85352754991198,0.6485119047619048,42.50578703703703,1029.9768518518513,29.427910052910036,0
779,4,0,1,46,0.0,0.02127659574468085,0.9787234042553191,47,1450,1000,450,0.6896551724137931,19,10,9,377.93339299931404,0.432759019426457,0.3853401339407354,0.22949270562618632,132695.96220207462,630.0470464677494,133326.00924854237,751,7,266.74468085106383,35,12,18,32.68413465138921,0.6494047619047618,42.418981481481474,1030.324074074073,29.437830687830658,0
780,4,0,0,46,0.0,0.0,1.0,46,1450,700,750,0.4827586206896552,22,7,15,380.7542117411444,0.43187399355877615,0.3768023866084742,0.23163662762073678,132765.81809807243,910.2288832199381,133676.04698129237,752,8,270.30434782608694,34,12,18,32.541103538562226,0.6522671568627452,42.35119047619047,1030.5952380952372,30.311624649859915,0
781,4,0,1,45,0.0,0.021739130434782608,0.9782608695652174,46,1800,1300,500,0.7222222222222222,23,13,10,379.3624874790491,0.4307367149758454,0.3698714023270051,0.23173750821886616,132919.2247732426,884.9135487528273,133804.13832199544,753,9,271.30434782608694,34,12,18,32.422506349572835,0.6537990196078431,42.20238095238095,1031.190476190476,30.329131652661058,0
782,4,0,0,45,0.0,0.0,1.0,45,1550,1200,350,0.7741935483870968,19,12,7,385.7278142647751,0.4291877104377104,0.37351689483669204,0.2367909839976679,133103.4297052154,1268.3390022675767,134371.768707483,754,10,277.15555555555557,34,11,19,32.072950315336115,0.6556372549019608,42.023809523809526,1031.904761904762,30.35014005602241,0
783,4,0,0,45,0.0,0.0,1.0,45,1200,800,400,0.6666666666666666,16,8,8,392.1534104593509,0.42832491582491583,0.3832212616074284,0.24213030859322912,133318.49666950115,1456.2606292516996,134774.75729875284,755,11,278.15555555555557,34,11,19,31.690682036503347,0.657781862745098,41.81547619047619,1032.7380952380954,30.374649859943982,0
784,4,0,0,45,0.0,0.0,1.0,45,1150,900,250,0.782608695652174,14,9,5,391.5899379346979,0.42800925925925926,0.386040674145792,0.24198250010836456,133349.23469387754,1443.6437074829914,134792.87840136053,756,12,279.15555555555557,34,11,19,31.674302674043346,0.6580882352941178,41.785714285714285,1032.8571428571427,30.378151260504197,0
785,4,0,0,45,0.0,0.0,1.0,45,1000,700,300,0.7,13,7,6,390.4350583932443,0.4276936026936027,0.38307341681391005,0.24166871874012652,133410.72137188207,1417.6445578231248,134828.3659297052,757,13,280.15555555555557,34,11,19,31.642275485903053,0.6587009803921569,41.726190476190474,1033.095238095238,30.38515406162465,0
786,4,0,0,45,0.0,0.0,1.0,45,1700,1200,500,0.7058823529411765,22,12,10,388.54031949729784,0.42765151515151517,0.3763234573631422,0.2290314961304861,131572.28599773214,1279.3438208616442,132851.6298185938,758,14,281.15555555555557,34,11,16,33.54630811479847,0.6403186274509807,43.511904761904745,1025.9523809523787,30.175070028011138,7
787,4,1,1,45,0.021739130434782608,0.021739130434782608,0.9782608695652174,46,1300,900,400,0.6923076923076923,17,9,8,382.5140354406448,0.42973027375201284,0.36338875941838356,0.22763702187377707,131934.82069485023,893.3841358250137,132828.20483067524,759,0,276.0217391304348,36,10,17,33.334246775548976,0.6397569444444444,43.15878378378378,1027.3648648648648,28.537912912912912,0
788,4,1,3,43,0.021739130434782608,0.06521739130434782,0.9347826086956522,46,1450,1100,350,0.7586206896551724,18,11,7,385.3796449137824,0.42786835748792273,0.36637865335518005,0.23021893971027524,132079.47812677544,980.1484761788852,133059.62660295432,760,0,277.0,36,10,17,33.114455521472394,0.6412037037037037,43.01801801801802,1027.927927927928,28.553553553553556,0
789,4,0,0,43,0.0,0.0,1.0,43,1450,1000,450,0.6896551724137931,19,10,9,420.30816001451313,0.4231266149870801,0.4259658114997682,0.2313050712854064,128898.98667800463,2282.6474192063124,131181.63409721095,761,17,296.0232558139535,34,9,15,35.460629152012515,0.6133578431372548,46.13095238095239,1015.4761904761912,29.866946778711505,7
790,4,0,0,43,0.0,0.0,1.0,43,1700,1200,500,0.7058823529411765,22,12,10,418.7274385093667,0.4224575489110373,0.4284266779976793,0.2318479163419567,129140.88010204076,2214.965986394549,131355.8460884353,762,18,297.0232558139535,34,9,16,35.25269383930663,0.6158088235294117,45.89285714285714,1016.4285714285709,29.89495798319326,0
791,4,1,0,44,0.022727272727272728,0.0,1.0,44,1250,800,450,0.64,17,8,9,415.08446949085067,0.425189393939394,0.4272211770458001,0.23249623232188893,129595.0414540816,1958.5919784580456,131553.63343253965,763,0,291.25,34,10,16,34.88030515608559,0.6204044117647058,45.44642857142857,1018.2142857142853,29.947478991596626,0
792,4,3,0,47,0.06382978723404255,0.0,1.0,47,1250,1000,250,0.8,15,10,5,394.88131786779593,0.4306776133209991,0.41574730759127876,0.2261593002333744,130463.84222059927,905.2616426410212,131369.10386324028,764,0,273.59574468085106,36,11,20,34.50911228689007,0.6249999999999998,44.59459459459461,1021.621621621624,28.378378378378443,0
793,4,0,1,46,0.0,0.02127659574468085,0.9787234042553191,47,1600,1100,500,0.6875,21,11,10,395.04405286343564,0.4304656182547024,0.41516074608679343,0.2276015228426398,130694.03863322812,925.9805413522001,131620.01917458032,765,1,274.59574468085106,36,11,18,34.27083333333335,0.6273148148148147,44.36936936936939,1022.5225225225249,28.40340340340347,0
794,4,0,1,45,0.0,0.021739130434782608,0.9782608695652174,46,1200,800,400,0.6666666666666666,16,8,8,391.5993731335545,0.4295893719806763,0.34328019476500304,0.21232343370071458,128306.8422296187,905.0570050700024,129211.89923468871,766,2,281.54347826086956,38,8,15,36.796108826320776,0.5995065789473684,46.71474358974359,1013.1410256410259,26.661605937921735,8
795,4,1,2,44,0.021739130434782608,0.043478260869565216,0.9565217391304348,46,1200,800,400,0.6666666666666666,16,8,8,424.6389594273768,0.4302234299516908,0.4230545369885339,0.22496829978173796,127376.05003652303,1623.9817410165685,129000.0317775396,767,0,282.45652173913044,36,10,14,36.91873977391046,0.59375,47.63513513513514,1009.4594594594596,28.040540540540544,3
796,4,3,2,45,0.06382978723404255,0.0425531914893617,0.9574468085106383,47,950,500,450,0.5263157894736842,14,5,9,415.0706346045011,0.4348404255319149,0.40989862355052953,0.22228695658087724,127811.68845221598,1210.1757271468057,129021.86417936279,768,0,273.1489361702128,37,10,15,36.71112556929082,0.5962837837837838,47.20394736842105,1011.184210526315,27.329302987197703,0
797,4,0,0,45,0.0,0.0,1.0,45,750,400,350,0.5333333333333333,11,4,7,426.9529174194917,0.42984006734006736,0.4262084765177545,0.22755182961368525,127617.73003472228,1897.3524305555602,129515.08246527784,769,1,286.2888888888889,35,10,15,36.61082474226804,0.5982142857142856,47.395833333333336,1010.4166666666672,28.869047619047635,0
798,4,1,0,46,0.021739130434782608,0.0,1.0,46,900,600,300,0.6666666666666666,12,6,6,417.95301196918814,0.4315318035426731,0.4264808428035656,0.22475934699601796,127978.05574792245,1497.7627731609757,129475.81852108343,770,0,281.04347826086956,37,9,17,36.46691229591099,0.5979729729729729,47.03947368421053,1011.842105263158,27.3470839260313,0
799,4,2,1,47,0.041666666666666664,0.020833333333333332,0.9791666666666666,48,1200,800,400,0.6666666666666666,16,8,8,399.8874033364756,0.43462802895981084,0.4110315410503249,0.21806919984763753,128536.57171201818,680.5722109942831,129217.14392301247,771,0,270.2916666666667,34,14,14,36.350473507083045,0.6096813725490196,46.48809523809524,1014.0476190476194,29.824929971988805,0
800,4,4,4,47,0.0784313725490196,0.0784313725490196,0.9215686274509804,51,1750,1400,350,0.8,21,14,7,378.80185579149304,0.4379575163398693,0.39415274412546975,0.2103597850664855,129257.13320444761,-407.4316135733973,128849.70159087422,772,0,255.31372549019608,37,14,15,36.14855150600245,0.6109234234234234,45.77850877192983,1016.8859649122815,27.48340445708869,0
801,4,3,2,48,0.06,0.04,0.96,50,1200,700,500,0.5833333333333334,17,7,10,386.42684684017314,0.4376275510204082,0.40637892872952586,0.21554030790418574,129430.46932067224,3.0816289262468217,129433.55094959849,773,0,261.2,36,14,15,35.777722443559085,0.6145833333333333,45.60810810810812,1017.5675675675694,28.265765765765817,0
802,4,0,0,48,0.0,0.0,1.0,48,1150,900,250,0.782608695652174,14,9,5,400.09189793254535,0.4337322695035461,0.42436284813452474,0.221716622529305,129174.23575726853,736.3130296223203,129910.54878689085,774,1,273.0833333333333,38,10,17,35.69210895077947,0.6082785087719298,45.86004273504273,1016.5598290598284,26.751574448942854,0
803,4,0,0,48,0.0,0.0,1.0,48,1050,700,350,0.6666666666666666,14,7,7,408.8053862389458,0.4329011524822695,0.4308107106638577,0.22774777254224474,129383.00028344686,978.5048949998733,130361.50517844674,775,2,274.0833333333333,34,14,17,35.25699157500585,0.6182598039215685,45.65476190476191,1017.3809523809537,29.922969187675108,0
804,4,0,0,48,0.0,0.0,1.0,48,1400,1000,400,0.7142857142857143,18,10,8,404.2844679252725,0.4325687056737589,0.42530972948397405,0.22655380565646802,129613.5612247085,880.1499271261994,130493.7111518347,776,3,275.0833333333333,35,13,15,35.13629991664772,0.618452380952381,45.42824074074074,1018.287037037037,29.09391534391534,0
805,4,0,0,48,0.0,0.0,1.0,48,1400,900,500,0.6428571428571429,19,9,10,404.4083983986458,0.4320977393617021,0.4284296112032422,0.22705611195007797,129688.42734203821,889.4178384465783,130577.84518048479,777,4,276.0833333333333,36,12,15,35.05666113875069,0.6171875,45.35472972972974,1018.5810810810829,28.29391891891897,0
806,4,0,0,48,0.0,0.0,1.0,48,1800,1300,500,0.7222222222222222,23,13,10,408.9162113488595,0.43176529255319146,0.43133977900552445,0.230429122833573,129831.84831791263,1018.0695053161415,130849.91782322878,778,5,277.0833333333333,36,12,16,34.79534990791896,0.6186342592592593,45.21396396396397,1019.1441441441452,28.309559559559588,0
807,4,1,0,49,0.02040816326530612,0.0,1.0,49,950,700,250,0.7368421052631579,12,7,5,434.41487389747977,0.4341340702947846,0.44677557317604344,0.23497071551979107,128210.45769585494,1467.1174732917477,129677.57516914669,779,0,272.40816326530614,31,18,19,35.81094111596813,0.6135752688172043,46.80989583333333,1012.7604166666658,32.66969086021503,5
808,4,1,2,48,0.02,0.04,0.96,50,1000,300,700,0.3,17,3,14,425.2955526365173,0.4365136054421768,0.43660273972602726,0.23169086076466977,128496.3348765431,929.7839506172693,129426.11882716038,780,0,267.94,32,18,15,35.74771689497717,0.6139322916666667,46.52777777777777,1013.888888888888,31.68402777777775,0
809,4,2,3,47,0.04,0.06,0.94,50,1800,1400,400,0.7777777777777778,22,14,8,416.08319802634605,0.438265306122449,0.4246429827646858,0.22880551875994198,128868.76594387728,724.0256519274033,129592.79159580468,781,0,267.36,34,16,16,35.598888107241955,0.6130514705882355,46.16071428571427,1015.3571428571407,29.863445378151198,0
810,4,1,1,47,0.020833333333333332,0.020833333333333332,0.9791666666666666,48,1150,800,350,0.6956521739130435,15,8,7,424.38940150110994,0.4353390957446808,0.4261604031856647,0.23231561515414959,128688.43102744599,1322.8012447709161,130011.2322722169,782,0,276.0208333333333,32,16,16,35.57325369172058,0.6158854166666667,46.33838383838383,1014.6464646464631,31.70770202020197,0
811,4,1,2,46,0.020833333333333332,0.041666666666666664,0.9583333333333334,48,1150,1000,150,0.8695652173913043,13,10,3,418.0783070154847,0.4345449172576832,0.4184773861258657,0.22966582860187468,128827.8847078045,1172.0287870049722,129999.91349480946,783,0,277.0,33,15,17,35.590193948173194,0.61489898989899,46.20098039215685,1015.1960784313709,30.76351752822336,0
812,4,1,2,45,0.02127659574468085,0.0425531914893617,0.9574468085106383,47,1050,500,550,0.47619047619047616,16,5,11,427.10826576041336,0.43393462843046565,0.44089996216200555,0.23474897915102383,128848.62075617262,1606.4621913579983,130455.08294753062,784,0,283.6595744680851,32,15,18,35.33971728226174,0.6175130208333335,46.18055555555554,1015.277777777776,31.7274305555555,0
813,4,2,0,47,0.0425531914893617,0.0,1.0,47,1450,1100,350,0.7586206896551724,18,11,7,415.2285146099507,0.43815525747764417,0.4281145285640344,0.2306496941041048,129267.58660210497,1336.0821005738762,130603.66870267884,785,0,274.4468085106383,31,16,20,35.211801109688444,0.6243279569892474,45.768229166666664,1016.9270833333328,32.80409946236558,0
814,4,0,0,47,0.0,0.0,1.0,47,950,500,450,0.5263157894736842,14,5,9,414.67036113528485,0.43834798026518657,0.42405592425063543,0.23092085043121752,129366.91496107318,1328.9250691731881,130695.84003024637,786,1,275.4468085106383,31,16,21,35.124285379069086,0.6253360215053763,45.67057291666667,1017.3177083333338,32.81670026881722,0
815,4,2,0,49,0.04081632653061224,0.0,1.0,49,1050,700,350,0.6666666666666666,14,7,7,383.3454340421135,0.4406887755102041,0.3713710244826549,0.20659831295547526,128065.44189453138,18.660481770848435,128084.10237630222,787,0,265.16326530612247,39,10,17,37.25268858701246,0.5953525641025641,46.95312500000001,1012.187500000001,25.953525641025667,8
816,4,1,0,50,0.02,0.0,1.0,50,1650,1100,550,0.6666666666666666,22,11,11,382.1630342326321,0.4422448979591837,0.3925752359800114,0.2084420425962964,128543.9128951587,-174.9559869201937,128368.95690823851,788,0,260.84,36,14,16,36.792291319637236,0.6056134259259259,46.48085585585586,1014.0765765765768,28.1687937937938,0
817,4,2,1,51,0.038461538461538464,0.019230769230769232,0.9807692307692307,52,1400,1000,400,0.7142857142857143,18,10,8,366.44671171978916,0.4458427601809955,0.3851066152390661,0.20279276140723382,129119.93805473349,-936.8846564760291,128183.05339825746,789,0,251.76923076923077,38,14,17,36.6025438873121,0.6077302631578949,45.913461538461526,1016.3461538461519,26.745951417003997,0
818,4,2,2,51,0.03773584905660377,0.03773584905660377,0.9622641509433962,53,1300,800,500,0.6153846153846154,18,8,10,357.8812916775059,0.44743287373004353,0.38692315004039757,0.2001110884450278,129527.44904667977,-1328.8841633793584,128198.56488330041,790,0,247.9811320754717,38,15,16,36.405200461796824,0.6118421052631579,45.51282051282051,1017.9487179487176,26.788124156545198,0
819,4,0,0,51,0.0,0.0,1.0,51,1350,800,550,0.5925925925925926,19,8,11,371.00136172637644,0.44223856209150325,0.397924641304064,0.2069363150962679,129430.46932067211,-596.2239266293229,128834.2453940428,791,1,258.6078431372549,36,15,16,36.170134277704,0.6145833333333334,45.60810810810811,1017.5675675675683,28.265765765765785,0
820,4,2,3,50,0.03773584905660377,0.05660377358490566,0.9433962264150944,53,1550,1200,350,0.7741935483870968,19,12,7,356.51968812580867,0.44295778906627964,0.3828482042743031,0.20115637755223784,129881.14458917746,-1338.9629675286744,128542.1816216488,792,0,249.81132075471697,38,15,16,36.08025014848198,0.6154057017543859,45.16559829059829,1019.337606837607,26.824673864147552,0
821,4,2,0,52,0.038461538461538464,0.0,1.0,52,1450,1100,350,0.7586206896551724,18,11,7,363.98666557773856,0.4417420814479638,0.4018549570320691,0.20551247118004612,129908.37191358018,-943.0169753086486,128965.35493827153,793,0,255.51923076923077,38,14,18,35.8622842870118,0.6156798245614035,45.138888888888886,1019.4444444444439,26.827485380116944,0
822,4,1,2,51,0.018867924528301886,0.03773584905660377,0.9622641509433962,53,1400,1000,400,0.7142857142857143,18,10,8,356.7337457885568,0.4437893081761006,0.36293643559433786,0.19562456824027982,128758.45520852119,-1365.2774856612436,127393.17772285995,794,0,251.67924528301887,42,11,19,37.21795239004519,0.597718253968254,46.26937984496124,1014.9224806201555,24.16482096714656,7
823,4,2,0,53,0.03773584905660377,0.0,1.0,53,1450,900,550,0.6206896551724138,20,9,11,353.60788742172565,0.4455128205128205,0.3868091532199236,0.19573354593591455,129129.19253795054,-1467.7798044364072,127661.41273351414,795,0,252.49056603773585,43,10,21,36.91933367495885,0.6000484496124031,45.90435606060606,1016.3825757575759,23.636804087385485,0
824,4,0,0,53,0.0,0.0,1.0,53,1650,1100,550,0.6666666666666666,22,11,11,352.9785267672905,0.4450592646347364,0.38608205301864706,0.19624381000099023,129302.26836104805,-1471.7748074273773,127830.49355362066,796,1,253.49056603773585,41,12,21,36.75908765769282,0.6046747967479675,45.73412698412698,1017.0634920634915,24.806426635694915,0
825,4,0,0,53,0.0,0.0,1.0,53,1200,700,500,0.5833333333333334,17,7,10,352.0917552770753,0.44451499758103535,0.38629941424072034,0.19625288272400448,129403.18720080612,-1487.6409360040482,127915.54626480208,797,2,254.49056603773585,41,12,22,36.67893590743629,0.6056910569105691,45.634920634920626,1017.4603174603164,24.816105303910156,0
826,4,0,3,50,0.0,0.05660377358490566,0.9433962264150944,53,1900,1400,500,0.7368421052631579,24,14,10,360.0031223241676,0.4437741896468312,0.3970553906386427,0.2018258902598347,129630.39852804529,-1266.530356355522,128363.86817168977,798,3,255.49056603773585,41,12,17,36.24644828705959,0.6079776422764228,45.41170634920634,1018.3531746031731,24.837882307394466,0
827,4,0,0,50,0.0,0.0,1.0,50,1750,1300,450,0.7428571428571429,22,13,9,369.94267497887597,0.44258503401360544,0.399713467048711,0.20681234667583376,129519.29253472213,-417.0572916666745,129102.23524305546,799,4,266.16,39,11,17,36.10656296902715,0.6100427350427351,45.52083333333333,1017.9166666666658,26.100427350427328,0
828,4,0,1,49,0.0,0.02,0.98,50,1250,900,350,0.72,16,9,7,368.6076984275163,0.4421513605442177,0.40043980771197707,0.20676290691484947,129651.86767578125,-441.86469184027715,129210.00298394097,800,5,267.16,39,11,17,36.00552742831816,0.6113782051282052,45.390625,1018.4375,26.11378205128205,0
829,4,2,1,50,0.0392156862745098,0.0196078431372549,0.9803921568627451,51,1350,700,650,0.5185185185185185,20,7,13,364.855679238678,0.4437254901960784,0.40084974486156444,0.2062308185803748,129951.5430320079,-717.2882997885041,129234.2547322194,801,0,262.7843137254902,40,11,19,35.796247383634,0.6127604166666668,45.096544715447145,1019.6138211382101,25.490345528455254,0
830,4,0,0,50,0.0,0.0,1.0,50,1550,1100,450,0.7096774193548387,20,11,9,373.5401899798428,0.4404591836734694,0.40130557447222515,0.2113164343865053,129984.23450688132,-289.1328695830317,129695.10163729828,802,1,269.04,41,9,19,35.54161802380257,0.6115345528455285,45.06448412698412,1019.7420634920624,24.871757646147863,0
831,4,0,1,49,0.0,0.02,0.98,50,1500,1200,300,0.8,18,12,6,377.6921347018712,0.4404506802721089,0.4029575458258148,0.21437846287202153,130114.25212013989,-171.37407232139137,129942.8780478185,803,2,270.04,42,8,20,35.30348719409883,0.611359126984127,44.93701550387596,1020.251937984495,24.291712809154642,0
832,4,0,0,49,0.0,0.0,1.0,49,1500,1200,300,0.8,18,12,6,387.01998215479216,0.4390058106575964,0.41343949310100525,0.21922602956106949,130034.82187145668,265.2148880385289,130300.03675949521,804,3,276.2857142857143,41,8,20,35.14644733002627,0.6120426829268294,45.01488095238094,1019.9404761904742,24.876596980255467,0
833,4,0,0,49,0.0,0.0,1.0,49,1300,1000,300,0.7692307692307693,16,10,6,382.30700838315596,0.4394309807256236,0.4084014002333731,0.21697821601613512,130110.72137188177,148.44812925166838,130259.16950113344,805,4,277.2857142857143,41,8,20,35.18937183975106,0.6128048780487806,44.940476190476176,1020.2380952380927,24.883855981416893,0
834,4,2,1,50,0.0392156862745098,0.0196078431372549,0.9803921568627451,51,950,600,350,0.631578947368421,13,6,7,373.86283081285455,0.4423856209150327,0.407661977834612,0.21497112771739132,130617.28395061725,-432.96760833963504,130184.31634227761,806,0,267.37254901960785,38,13,17,34.89017210144928,0.6228070175438596,44.44444444444444,1022.222222222222,26.90058479532163,0
835,4,1,0,51,0.0196078431372549,0.0,1.0,51,1400,800,600,0.5714285714285714,20,8,12,378.32425671996833,0.4401797385620915,0.41632738281657833,0.2192358170066894,130917.78897518075,-294.12495890861885,130623.66401627213,807,0,268.3529411764706,38,13,18,34.47123916901555,0.6258223684210527,44.15064102564102,1023.3974358974355,26.931511470985143,0
836,4,0,0,51,0.0,0.0,1.0,51,1500,900,600,0.6,21,9,12,371.42095858866816,0.43983660130718955,0.40701710390580037,0.21596820921654328,131048.63596190794,-465.15800185814817,130583.4779600498,808,1,269.3529411764706,41,10,19,34.51528840874592,0.6222052845528455,44.02281746031746,1023.9087301587305,24.97338366240806,0
837,4,0,2,49,0.0,0.0392156862745098,0.9607843137254902,51,1550,1000,550,0.6451612903225806,21,10,11,366.89678072232715,0.43936274509803924,0.40401949656139413,0.2140636184214374,131179.18469442945,-574.1558875668474,130605.02880686261,809,2,270.3529411764706,42,9,19,34.49895163324504,0.6220238095238095,43.895348837209305,1024.4186046511632,24.390919158361026,0
838,4,0,0,49,0.0,0.0,1.0,49,1350,900,450,0.6666666666666666,18,9,9,381.0947436540843,0.43585246598639454,0.41483021567280476,0.2209559679528085,130937.790470702,179.94073881287983,131117.7312095149,810,3,281.7755102040816,40,9,19,34.38006818257041,0.62265625,44.13109756097561,1023.4756097560979,25.58689024390245,0
839,4,0,0,49,0.0,0.0,1.0,49,1550,1200,350,0.7741935483870968,19,12,7,381.89881546113014,0.4363662131519275,0.4166448955289175,0.22232203139236326,131093.85456945264,212.91755486152044,131306.77212431416,811,4,282.7755102040816,40,9,20,34.20123383282062,0.62421875,43.978658536585364,1024.085365853658,25.60213414634145,0
840,4,0,0,49,0.0,0.0,1.0,49,1500,1100,400,0.7333333333333333,19,11,8,392.15236723404166,0.4350021258503401,0.42611201871126947,0.22953688985240112,131302.70460325322,498.1332868795568,131800.83789013277,812,5,283.7755102040816,41,8,21,33.726869777046424,0.6247459349593496,43.77480158730158,1024.9007936507926,24.99758033294616,0
841,4,0,0,49,0.0,0.0,1.0,49,1700,1000,700,0.5882352941176471,24,10,14,365.85132370264785,0.43480725623582767,0.34134018961915547,0.20414375268117851,129445.89548405634,-306.0758269106102,129139.81965714572,813,6,284.7755102040816,38,11,13,36.285433070866134,0.6110197368421053,45.59294871794871,1017.6282051282035,26.779689608636932,8
842,4,0,0,49,0.0,0.0,1.0,49,1050,700,350,0.6666666666666666,14,7,7,367.2618216833779,0.434452947845805,0.3441736907616093,0.2053136453941631,129519.2925347223,-286.50173611110495,129232.7907986112,814,7,285.7755102040816,39,10,13,36.17478510028653,0.6100427350427351,45.520833333333336,1017.9166666666673,26.100427350427367,0
843,4,2,0,51,0.0392156862745098,0.0,1.0,51,2000,1500,500,0.75,25,15,10,356.95466941884337,0.4380718954248366,0.350401537511154,0.20258950443175414,130110.72137188207,-911.2740929705217,129199.44727891155,815,0,275.52941176470586,41,10,17,35.83600739012057,0.6128048780487805,44.94047619047619,1020.2380952380952,24.883855981416957,0
844,4,1,0,52,0.019230769230769232,0.0,1.0,52,1300,900,400,0.6923076923076923,17,9,8,350.51855142997493,0.43937751382604323,0.3573291448023781,0.2006734053633253,130448.74267578125,-1254.7934049922023,129193.94927078905,816,0,271.21153846153845,39,13,18,35.657459807620405,0.6193910256410255,44.609375,1021.5625,26.193910256410255,0
845,4,0,0,52,0.0,0.0,1.0,52,2000,1600,400,0.8,24,16,8,349.0177579721609,0.43878833584715937,0.3604588461156031,0.20046097041267988,130574.00238160163,-1285.4708878643569,129288.53149373728,817,1,272.21153846153845,40,12,14,35.56892380100096,0.6190104166666666,44.486788617886184,1022.0528455284559,25.5513211382114,0
846,4,1,0,53,0.018867924528301886,0.0,1.0,53,1300,800,500,0.6153846153846154,18,8,10,346.83496296732676,0.4392083938074504,0.37735849056603743,0.2012735178794646,130972.46334876557,-1514.8341049382566,129457.62924382731,818,0,268.0566037735849,41,12,15,35.221619176843056,0.6214430894308942,44.09722222222223,1023.6111111111122,24.96612466124664,0
847,4,0,0,53,0.0,0.0,1.0,53,1950,1600,350,0.8205128205128205,23,16,7,342.2472519554727,0.43845246734397675,0.36723371592795573,0.19942411538971053,131129.55670482555,-1624.2539135268198,129505.30279129873,819,1,269.0566037735849,42,11,15,35.18034531693472,0.6215277777777777,43.94379844961241,1024.2248062015512,24.386304909560742,0
848,4,1,0,54,0.018518518518518517,0.0,1.0,54,1150,700,450,0.6086956521739131,16,7,9,338.0657318053639,0.4395527603074773,0.36754520797279744,0.1986688726362736,131455.26389085746,-1911.5955399014179,129543.66835095604,820,0,265.05555555555554,41,13,17,34.95886540259908,0.626270325203252,43.62599206349207,1025.4960317460332,25.0120983352691,0
849,4,0,0,54,0.0,0.0,1.0,54,1250,900,350,0.72,16,9,7,336.5185272087566,0.4389776962497088,0.36412113138084923,0.1984193049254824,131582.4642935878,-1944.0125818846059,129638.45171170321,821,1,266.05555555555554,41,13,13,34.87035067362857,0.627540650406504,43.50198412698413,1025.9920634920634,25.02419667053813,0
850,4,1,1,54,0.01818181818181818,0.01818181818181818,0.9818181818181818,55,1600,900,700,0.5625,23,9,14,329.2011305624478,0.4404601571268238,0.3595791944339666,0.19541249375751218,131838.2074025052,-2319.742614353754,129518.46478815145,822,0,262.2,43,12,15,34.800695404948534,0.6271802325581395,43.252840909090914,1026.988636363637,23.883456659619466,0
851,4,0,1,53,0.0,0.018518518518518517,0.9814814814814815,54,1200,700,500,0.5833333333333334,17,7,10,333.7064165612468,0.4391160027952481,0.3600939557904441,0.19776024551918203,131775.4529475394,-2005.1371612282755,129770.31578631111,823,3,268.05555555555554,42,12,15,34.74817541210518,0.6279761904761905,43.3139534883721,1026.744186046513,24.446290143964596,0
852,4,0,0,53,0.0,0.0,1.0,53,1600,1200,400,0.75,20,12,8,341.39864744197916,0.43780237058538946,0.3635316145758316,0.20224010316983626,131760.6481973576,-1603.4185838687397,130157.22961348886,824,4,273.5660377358491,41,12,16,34.565638386961695,0.6293191056910569,43.32837301587301,1026.6865079365075,25.041134339914816,0
853,4,1,0,54,0.018518518518518517,0.0,1.0,54,1200,500,700,0.4166666666666667,19,5,14,325.26366086514963,0.43837351502445837,0.33021345093561516,0.19415147162614774,132049.19443129926,-2208.3013241646313,129840.89310713463,825,0,269.48148148148147,42,12,16,34.68974890795387,0.6307043650793651,43.04748062015504,1027.8100775193805,24.4716685123662,4
854,4,0,0,54,0.0,0.0,1.0,54,1450,900,550,0.6206896551724138,20,9,11,324.93061773298666,0.4377620545073375,0.3285610589388974,0.19471985578770135,132198.62768350774,-2208.923648668938,129989.70403483881,826,1,270.48148148148147,42,12,16,34.5482348691856,0.6321924603174602,42.902131782945744,1028.3914728682182,24.4855112587671,0
855,4,0,0,54,0.0,0.0,1.0,54,1050,700,350,0.6666666666666666,14,7,7,321.2132753584485,0.43745632424877706,0.32353021406602656,0.192763458394667,132251.85537907504,-2303.7896722910787,129948.06570678396,827,2,271.48148148148147,43,11,16,34.59039157920579,0.631298449612403,42.850378787878796,1028.5984848484866,23.92089499647643,0
856,4,1,1,54,0.01818181818181818,0.01818181818181818,0.9818181818181818,55,1650,1200,450,0.7272727272727273,21,12,9,316.03674634287006,0.4380190796857464,0.3240726124704023,0.19158782661072588,132633.43578557757,-2616.2692690314866,130017.16651654609,828,0,267.5272727272727,40,15,14,34.3410862273086,0.6395833333333333,42.47967479674798,1030.0813008130099,25.752032520325248,0
857,4,0,1,53,0.0,0.018518518518518517,0.9814814814814815,54,1250,800,450,0.64,17,8,9,322.83508427389233,0.43654641276496625,0.3271180344819833,0.19532115319043464,132558.85959201405,-2241.069878472206,130317.78971354185,829,4,273.48148148148147,39,15,17,34.2407613460112,0.6404914529914529,42.55208333333334,1029.791666666668,26.404914529914567,0
858,4,0,2,51,0.0,0.03773584905660377,0.9622641509433962,53,1650,1300,350,0.7878787878787878,20,13,7,329.49937671586724,0.43716739235607155,0.3317089597678762,0.1990837299944083,132507.9800044744,-1867.7406357294162,130640.239368745,830,5,275.47169811320754,38,15,17,34.12023105392412,0.6417214912280702,42.60149572649573,1029.594017094017,27.094579397210975,0
859,4,0,1,50,0.0,0.0196078431372549,0.9803921568627451,51,950,600,350,0.631578947368421,13,6,7,335.8046647630739,0.43802287581699345,0.3229158399218539,0.202597241389619,132452.98603121113,-1304.33388578421,131148.65214542692,831,6,275.2352941176471,38,13,17,34.01314651444387,0.6411732456140351,42.65491452991453,1029.3803418803413,27.08895636527214,0
860,4,0,1,49,0.0,0.02,0.98,50,700,300,400,0.42857142857142855,11,3,8,344.2849083991735,0.4361734693877551,0.33020044543429794,0.2071160977568233,132344.406467014,-887.1636284722138,131457.24283854177,832,7,281.42,39,11,17,33.90404602821082,0.6383547008547008,42.76041666666667,1028.9583333333342,26.38354700854703,0
861,4,0,1,48,0.0,0.02040816326530612,0.9795918367346939,49,1000,600,400,0.6,14,6,8,342.7485278860057,0.4354272959183674,0.3201276357719165,0.20633461378737547,132370.51647308064,-726.0400686682656,131644.4764044124,833,8,283.38775510204084,38,11,17,33.917324197120706,0.6403508771929824,42.73504273504274,1029.0598290598296,27.080521817363934,0
862,4,1,1,48,0.02040816326530612,0.02040816326530612,0.9795918367346939,49,1450,1000,450,0.6896551724137931,19,10,9,340.18423423888896,0.4367736678004535,0.32349623202140565,0.2054012717214748,132482.65241468555,-786.2952141060839,131696.35720057946,834,0,283.83673469387753,37,12,17,33.87064206340753,0.6432995495495495,42.62609649122808,1029.4956140350896,27.82420578473215,0
863,4,0,0,48,0.0,0.0,1.0,48,1550,1400,150,0.9032258064516129,17,14,3,346.05748319539094,0.4353021572104019,0.33215047587791213,0.20879943590026886,132455.9583865963,-432.52488130019475,132023.4335052961,835,10,290.75,36,12,19,33.74630784378078,0.6449652777777777,42.65202702702704,1029.3918918918937,28.59421921921927,0
864,4,0,0,48,0.0,0.0,1.0,48,1400,800,600,0.5714285714285714,20,8,12,345.08599874045507,0.4352929225768321,0.32257062748438314,0.20883039305221382,132567.32840874136,-450.574215143103,132116.75419359826,836,11,291.75,37,11,20,33.65940871663827,0.6441441441441441,42.543859649122815,1029.8245614035104,27.83309625414893,0
865,4,0,0,48,0.0,0.0,1.0,48,1050,700,350,0.6666666666666666,14,7,7,341.0729226253936,0.4347019060283688,0.3147214536554219,0.2071792019334727,132708.51518015156,-547.3437740458614,132161.17140610568,837,12,292.75,37,11,15,33.620991628533936,0.6455518018018017,42.406798245614034,1030.3728070175437,27.847913703176857,0
866,4,0,0,48,0.0,0.0,1.0,48,1350,1000,350,0.7407407407407407,17,10,7,341.5527503078381,0.43438792848699764,0.31578083989501304,0.20762695649372984,132736.76155163138,-532.6788050169139,132204.08274661447,838,13,293.75,37,11,15,33.58028303894446,0.6458333333333333,42.37938596491229,1030.4824561403518,27.85087719298248,0
867,4,0,0,48,0.0,0.0,1.0,48,1050,600,450,0.5714285714285714,15,6,9,340.3889652801981,0.43412935874704495,0.3129654750505373,0.2070754617908468,132765.01092884352,-561.6510609033518,132203.35986794016,839,14,294.75,37,11,15,33.58191917579885,0.6461148648648647,42.35197368421053,1030.5921052631581,27.853840682788057,0
868,4,0,0,48,0.0,0.0,1.0,48,1400,1100,300,0.7857142857142857,17,11,6,341.8565664660729,0.43412012411347517,0.30996091672870296,0.2085968393562936,132878.03849501783,-514.9540002693037,132363.08449474853,840,15,295.75,37,11,16,33.430709170832,0.6472409909909909,42.242324561403514,1031.0307017543869,27.865694642010457,0
869,4,0,0,48,0.0,0.0,1.0,48,1400,900,500,0.6428571428571429,19,9,10,342.45494289343225,0.43412012411347517,0.3092662484938691,0.20943635844314867,132962.8407298401,-493.2435941828096,132469.5971356573,841,16,296.75,37,11,16,33.33023247572471,0.6480855855855854,42.160087719298254,1031.3596491228082,27.874585111427248,0
870,4,0,0,48,0.0,0.0,1.0,48,1150,500,650,0.43478260869565216,18,5,13,345.99159205274816,0.43383385047281325,0.3122033613147732,0.212402274808116,133104.23790252794,-389.41056382730665,132714.82733870062,842,17,297.75,37,11,16,33.09723993199448,0.6494932432432431,42.02302631578949,1031.907894736844,27.889402560455242,0
871,4,0,0,48,0.0,0.0,1.0,48,900,600,300,0.6666666666666666,12,6,6,346.0490275051071,0.4334459958628842,0.3138632179024148,0.21292193104137774,133189.11227493075,-382.0074445983345,132807.10483033242,843,18,298.75,37,11,17,33.01067558954748,0.6503378378378377,41.94078947368421,1032.2368421052633,27.898293029871983,0
872,4,0,0,48,0.0,0.0,1.0,48,1400,900,500,0.6428571428571429,19,9,10,343.9709161604751,0.4332520685579196,0.3094776145143485,0.21199840138870132,133251.51581561862,-433.07080502590304,132818.44501059272,844,19,299.75,38,10,18,33.00177635209714,0.6491228070175437,41.880341880341895,1032.4786324786346,27.17049032838512,0
873,4,0,0,48,0.0,0.0,1.0,48,1200,700,500,0.5833333333333334,17,7,10,344.3876280299482,0.4329473256501182,0.3122715596013932,0.21272812780610298,133334.2593163308,-416.266139783751,132917.99317654705,845,20,300.75,38,10,18,32.90813247819042,0.6499451754385963,41.80021367521368,1032.7991452991466,27.178924876293333,0
874,4,0,0,48,0.0,0.0,1.0,48,1450,1200,250,0.8275862068965517,17,12,5,356.8866417305862,0.4329473256501182,0.31740410161225796,0.21835168681432468,132978.12328798397,-108.23415279517155,132869.8891351888,846,21,301.75,36,12,17,32.94277941551117,0.6501736111111112,42.145270270270274,1031.4189189189192,28.650525525525534,1
875,4,0,0,48,0.0,0.0,1.0,48,900,500,400,0.5555555555555556,13,5,8,371.6116365573509,0.4329473256501182,0.33897745087316355,0.2245634628581533,132513.9259825705,248.74338020454286,132762.66936277505,847,22,302.75,36,12,19,33.03027817273689,0.6455439814814814,42.59572072072073,1029.617117117118,28.6004754754755,1
876,4,0,0,48,0.0,0.0,1.0,48,1100,800,300,0.7272727272727273,14,8,6,374.31866149389646,0.43220855496453897,0.34289124571761764,0.22672307801478012,132600.90115453306,326.99836660986665,132927.8995211429,848,23,303.75,36,12,19,32.872977257817624,0.646412037037037,42.51126126126127,1029.954954954956,28.609859859859892,0
877,4,0,1,47,0.0,0.020833333333333332,0.9791666666666666,48,1050,700,350,0.6666666666666666,14,7,7,376.8617200107586,0.43176529255319146,0.34902662441724974,0.2293243657937807,132774.93709926138,407.5582339095836,133182.49533317095,849,24,304.75,36,12,16,32.63221153846155,0.6481481481481481,42.34234234234234,1030.6306306306303,28.62862862862862,0
878,4,0,0,47,0.0,0.0,1.0,47,1000,700,300,0.7,13,7,6,377.6544994810435,0.4318532223250077,0.33910679388984755,0.23005410207785032,132815.2394654491,631.6545567558147,133446.8940222049,850,25,300.97872340425533,35,12,17,32.571206677146485,0.6505952380952382,42.30324074074073,1030.787037037036,29.451058201058174,0
879,4,0,0,47,0.0,0.0,1.0,47,1850,1200,650,0.6486486486486487,25,12,13,376.85187229299953,0.43071615787850753,0.3347810618957685,0.23048229471536838,132964.41139671204,621.5774766375062,133585.98887334953,851,26,301.97872340425533,35,12,17,32.44176205438971,0.6520833333333333,42.15856481481481,1031.36574074074,29.46759259259257,0
880,4,0,0,47,0.0,0.0,1.0,47,800,500,300,0.625,11,5,6,367.4961598497522,0.43071615787850753,0.346235475141933,0.21994919417873227,132150.7232084155,312.9766600920458,132463.69986850754,852,27,302.97872340425533,38,9,18,33.50218204488778,0.6381578947368421,42.94871794871795,1028.2051282051282,27.058029689608635,4
881,4,1,0,48,0.020833333333333332,0.0,1.0,48,1050,500,550,0.47619047619047616,16,5,11,358.0459484901732,0.43156213061465726,0.34035128684101323,0.21617360649444292,132480.48159105855,-112.94892340564655,132367.5326676529,853,0,297.6458333333333,38,10,19,33.413112287256126,0.6414473684210527,42.62820512820513,1029.4871794871797,27.09176788124157,0
882,4,0,0,48,0.0,0.0,1.0,48,850,500,350,0.5882352941176471,12,5,7,360.32892101197024,0.43087876773049644,0.33869455104933843,0.21834890807519824,132618.00219382346,-42.779672547299924,132575.22252127616,854,1,298.6458333333333,38,10,20,33.21599592020192,0.6428179824561404,42.49465811965812,1030.0213675213672,27.10582546108861,0
883,4,0,1,47,0.0,0.020833333333333332,0.9791666666666666,48,1050,700,350,0.6666666666666666,14,7,7,359.90836605098485,0.43061096335697396,0.33954314457581436,0.21825386575242753,132645.51487508227,-51.95389546350174,132593.56097961878,855,2,299.6458333333333,38,10,13,33.19915473968057,0.6430921052631577,42.46794871794872,1030.1282051282058,27.108636977058048,0
884,4,0,1,46,0.0,0.02127659574468085,0.9787234042553191,47,1200,600,600,0.5,18,6,12,359.66915895834757,0.42826857847671906,0.328681397917985,0.21923232563418193,132838.18354381275,155.5595505515602,132993.7430943643,856,3,302.72340425531917,38,9,14,33.011624693405196,0.6450109649122806,42.28098290598292,1030.87606837607,27.128317588843945,0
885,4,0,0,46,0.0,0.0,1.0,46,1500,1000,500,0.6666666666666666,20,10,10,364.39446438047463,0.42613727858293077,0.33360999495998,0.22234919847953313,132878.03849501783,484.0043330640289,133362.04282808185,857,32,310.2391304347826,37,9,15,32.849777553263145,0.6472409909909909,42.242324561403514,1031.0307017543869,27.865694642010457,0
886,4,0,0,46,0.0,0.0,1.0,46,1350,900,450,0.6666666666666666,18,9,9,365.1976722256042,0.4248892914653784,0.3310400591415241,0.22402282240175575,133075.95245652503,519.8056132656174,133595.75806979064,858,33,311.2391304347826,37,9,16,32.63018065887355,0.6492117117117117,42.050438596491226,1031.7982456140346,27.886439070649583,0
887,4,0,0,46,0.0,0.0,1.0,46,1150,700,450,0.6086956521739131,16,7,9,366.4799762557847,0.4232185990338164,0.3324613689016849,0.22603886218967173,133279.09412895376,568.8238503542814,133847.91797930803,859,34,312.2391304347826,38,8,16,32.393085014657686,0.6493969298245614,41.85363247863247,1032.5854700854688,27.173301844354445,0
888,4,1,0,47,0.02127659574468085,0.0,1.0,47,1250,700,550,0.56,18,7,11,359.32737171363385,0.4247032069071847,0.33389421962638544,0.22348409704140607,133588.6139517894,200.82858301086083,133789.44253480024,860,0,306.5744680851064,36,11,18,32.267383805373996,0.6562500000000002,41.55405405405404,1033.783783783782,28.716216216216164,0
889,4,0,0,47,0.0,0.0,1.0,47,950,700,250,0.7368421052631579,12,7,5,359.59856491926064,0.4245104841196423,0.33603210722180776,0.22400502191917582,133646.8288389741,211.84157130102707,133858.6704102751,861,1,307.5744680851064,36,11,18,32.20204385391709,0.6568287037037037,41.497747747747745,1034.0090090090089,28.722472472472468,0
890,4,0,0,47,0.0,0.0,1.0,47,1300,1000,300,0.7692307692307693,16,10,6,355.77597815889175,0.4238166820844897,0.32705845131693434,0.22256683284823675,133803.62426035493,120.8230604865087,133924.44732084143,862,2,308.5744680851064,38,9,15,32.14387133415943,0.6546052631578948,41.34615384615384,1034.6153846153836,27.226720647773252,0
891,4,0,1,46,0.0,0.02127659574468085,0.9787234042553191,47,1250,900,350,0.72,16,9,7,353.4764197790173,0.4230457909343201,0.32192414431082317,0.22172611786138352,133903.125,66.31944444444628,133969.44444444444,863,3,309.5744680851064,39,8,15,32.10379763821793,0.653846153846154,41.25,1035.0,26.53846153846154,0
892,4,1,1,46,0.02127659574468085,0.02127659574468085,0.9787234042553191,47,1300,900,400,0.6923076923076923,17,9,8,354.5422958628466,0.42264107308048104,0.3264238277319389,0.2227206912948778,133957.03667534713,98.68706597221694,134055.72374131935,864,0,310.48936170212767,39,8,15,32.022288186757905,0.654380341880342,41.197916666666664,1035.2083333333328,26.543803418803407,0
893,4,0,0,46,0.0,0.0,1.0,46,1000,500,500,0.5,15,5,10,335.2091081044203,0.42044082125603865,0.29521743644842524,0.2016489019458882,132343.03232750733,-327.4820339323717,132015.55029357495,865,40,318.2391304347826,38,8,16,34.13889177309383,0.640076754385965,42.76175213675213,1028.9529914529903,27.077710301394482,3
894,4,0,1,45,0.0,0.021739130434782608,0.9782608695652174,46,1250,800,450,0.64,17,8,9,336.78771797489543,0.4199376006441224,0.2958755443243608,0.20319033579762777,132452.98603121116,-278.2922191175428,132174.6938120936,866,41,319.2391304347826,38,8,16,33.98784812316209,0.6411732456140351,42.65491452991453,1029.3803418803416,27.088956365272146,0
895,4,0,1,44,0.0,0.022222222222222223,0.9777777777777777,45,1000,700,300,0.7,13,7,6,343.22796291996457,0.4198653198653199,0.2895611418832551,0.20708381207536178,132454.4330947985,92.41305016928993,132546.8461449678,867,42,311.44444444444446,37,8,17,33.82065757704872,0.6430180180180181,42.65350877192983,1029.3859649122815,27.821242294926527,0
896,4,0,0,44,0.0,0.0,1.0,44,700,400,300,0.5714285714285714,10,4,6,345.32147924343417,0.4182963354474982,0.28720592506535003,0.20865950386717164,132510.8747403047,351.7702562326864,132862.64499653736,868,43,315.72727272727275,37,7,17,33.7100638977636,0.643581081081081,42.598684210526315,1029.6052631578946,27.82716927453769,0
897,4,0,0,44,0.0,0.0,1.0,44,1200,900,300,0.75,15,9,6,345.32120371343325,0.4177457716701903,0.28572983695389187,0.20944433240075566,132652.0314543898,361.51183537241513,133013.54328976222,869,44,316.72727272727275,37,7,14,33.56827656554905,0.6449887387387387,42.46162280701754,1030.1535087719296,27.841986723565665,0
898,4,1,1,44,0.022222222222222223,0.022222222222222223,0.9777777777777777,45,1500,900,600,0.6,21,9,12,337.28045987947945,0.4194023569023569,0.2810977575171525,0.206039936630173,132920.79863393962,-33.68238183943831,132887.11625210018,870,0,310.6666666666667,38,7,15,33.50579327255146,0.6458333333333334,42.2008547008547,1031.1965811965808,27.136752136752126,0
899,4,0,1,43,0.0,0.022727272727272728,0.9772727272727273,44,1200,900,300,0.75,15,9,6,343.9154827190108,0.4191442036645525,0.28318703839758697,0.21001176620062192,132906.3029008926,341.70706371190954,133248.0099646045,871,1,316.5,37,7,15,33.349283992627235,0.6475225225225225,42.21491228070175,1031.140350877193,27.868658131816026,0
900,4,0,0,43,0.0,0.0,1.0,43,950,400,550,0.42105263157894735,15,4,11,344.87583298625566,0.41885843484680696,0.2683119759531718,0.21123644770408168,133019.3905817175,575.0346260387876,133594.42520775629,872,2,314.5813953488372,37,6,15,33.21109693877551,0.6486486486486486,42.10526315789474,1031.5789473684215,27.88051209103842,0
901,4,0,0,43,0.0,0.0,1.0,43,800,700,100,0.875,9,7,2,348.60024094097173,0.41878922111480255,0.2761538328477562,0.21400370955613074,133104.23790252768,680.0338806171121,133784.2717831448,873,3,315.5813953488372,37,6,15,33.02994279743564,0.6494932432432432,42.02302631578947,1031.9078947368419,27.889402560455185,0
902,4,0,0,43,0.0,0.0,1.0,43,1150,900,250,0.782608695652174,14,9,5,346.7007741386936,0.4189276485788114,0.2723504330512203,0.21332294691121967,133189.11227493064,635.3536665127627,133824.4659414434,874,4,316.5813953488372,37,6,15,32.99385666737483,0.6503378378378378,41.940789473684205,1032.2368421052624,27.898293029871958,0
903,4,0,0,43,0.0,0.0,1.0,43,1100,900,200,0.8181818181818182,13,9,4,346.653464823237,0.4186046511627907,0.2641552297184513,0.2139437963109598,133302.3201850569,641.9422322252981,133944.26241728218,875,5,317.5813953488372,37,6,16,32.88162738019395,0.651463963963964,41.83114035087719,1032.675438596491,27.91014698909435,0
904,4,0,0,43,0.0,0.0,1.0,43,1150,800,350,0.6956521739130435,15,8,7,344.51360827333343,0.41812015503875966,0.2591559585927048,0.21327248470113983,133415.5761869037,592.696310403207,134008.2724973069,876,6,318.5813953488372,37,6,16,32.82344512842284,0.6525900900900901,41.72149122807018,1033.1140350877197,27.922000948316747,0
905,4,0,1,42,0.0,0.023255813953488372,0.9767441860465116,43,850,600,250,0.7058823529411765,11,6,5,341.9117519612609,0.4185354374307863,0.25603600136189364,0.21230962937989753,133528.88028047088,531.0186788242538,134059.89895929513,877,7,319.5813953488372,37,6,17,32.777247330079916,0.6537162162162162,41.61184210526316,1033.5526315789473,27.933854907539114,0
906,4,0,0,42,0.0,0.0,1.0,42,1300,1100,200,0.8461538461538461,15,11,4,346.96930280957343,0.41889276035617495,0.25787250384024585,0.21512096774193545,133472.22222222216,862.1527777777723,134334.37499999994,878,8,324.0,36,6,17,32.70329301075269,0.6550925925925927,41.666666666666664,1033.333333333333,28.703703703703695,0
907,4,0,0,42,0.0,0.0,1.0,42,900,400,500,0.4444444444444444,14,4,10,346.3432433219157,0.41838463027487416,0.25522730338594357,0.2150702494728377,133530.41174620567,849.4711772583394,134379.882923464,879,9,325.0,36,6,17,32.66120977700298,0.6556712962962963,41.61036036036036,1033.5585585585586,28.70995995995996,0
908,4,0,0,42,0.0,0.0,1.0,42,950,600,350,0.631578947368421,13,6,7,347.6310156112795,0.418723383662408,0.2585330428467685,0.21620953409969834,133588.61395178965,887.9091084327608,134476.52306022242,880,10,326.0,36,6,18,32.569671387073356,0.65625,41.554054054054056,1033.783783783784,28.71621621621622,0
909,4,0,0,42,0.0,0.0,1.0,42,800,400,400,0.5,12,4,8,349.3978420719206,0.4186991869918699,0.25951369546838454,0.2174794296991391,133617.7198101818,937.1485928496052,134554.8684030314,881,11,327.0,36,6,18,32.49487165523001,0.6565393518518519,41.5259009009009,1033.8963963963963,28.719344344344343,0
910,4,0,1,41,0.0,0.023809523809523808,0.9761904761904762,42,900,600,300,0.6666666666666666,12,6,6,348.99992884788713,0.41739256678281067,0.2626875265673436,0.21808934329229196,133763.29665814462,936.6762032302604,134699.97286137487,882,12,328.0,36,6,15,32.35947819145076,0.6579861111111112,41.38513513513514,1034.4594594594596,28.73498498498499,0
911,4,0,0,41,0.0,0.0,1.0,41,1200,800,400,0.6666666666666666,16,8,8,352.83336441606406,0.4183434959349594,0.230107206125167,0.20263461427739562,130570.58572108715,1013.9318107494488,131584.5175318366,883,13,332.5365853658537,37,4,14,35.474890927296784,0.6241554054054055,44.49013157894736,1022.0394736842097,27.622688477951613,7
912,4,1,0,42,0.023809523809523808,0.0,1.0,42,1300,1000,300,0.7692307692307693,16,10,6,348.2003510792653,0.4197517421602788,0.2346689540868241,0.20197264756227054,130954.69292534732,719.6940104166704,131674.386935764,884,0,325.5952380952381,39,3,15,35.20464414139358,0.624465811965812,44.114583333333336,1023.5416666666674,26.24465811965814,0
913,4,0,1,41,0.0,0.023809523809523808,0.9761904761904762,42,1050,800,250,0.7619047619047619,13,8,5,356.80405433461937,0.4190258420441347,0.24557403855224735,0.20649182405632802,130866.8190995048,955.1143230434741,131821.9334225483,885,1,326.5952380952381,36,6,16,35.073418812825594,0.6290509259259259,44.20045045045045,1023.1981981981974,28.42217217217215,2
914,4,0,0,41,0.0,0.0,1.0,41,1000,700,300,0.7,13,7,6,364.1514677639467,0.41826727642276423,0.2528438726342459,0.210351024320115,130794.81336805546,1325.8246527777676,132120.63802083323,886,2,333.8536585365854,35,6,16,34.95841819416156,0.6303571428571428,44.27083333333333,1022.9166666666658,29.226190476190453,0
915,4,0,0,41,0.0,0.0,1.0,41,950,600,350,0.631578947368421,13,6,7,360.31724875876307,0.41806402439024387,0.24447731085410318,0.20889448446672604,130935.0533337178,1235.631636657405,132170.6849703752,887,3,334.8536585365854,37,4,16,34.91447039497179,0.6278153153153154,44.13377192982455,1023.4649122806997,27.661213845424314,0
916,4,0,0,41,0.0,0.0,1.0,41,1050,900,150,0.8571428571428571,12,9,3,359.1648230737248,0.41793699186991873,0.24515081000472771,0.20898693350065495,131075.36844269373,1215.5323032086596,132290.90074590239,888,4,335.8536585365854,37,4,18,34.80197290930506,0.629222972972973,43.99671052631578,1024.0131578947353,27.676031294452304,0
917,4,0,0,41,0.0,0.0,1.0,41,1100,700,400,0.6363636363636364,15,7,8,358.14983859452616,0.4172764227642276,0.2426337182134537,0.2090064923165928,131187.67463305983,1196.9688990842928,132384.6435321441,889,5,336.8536585365854,37,4,18,34.714380641478456,0.6303490990990992,43.88706140350875,1024.4517543859622,27.687885253674654,0
918,4,2,3,40,0.046511627906976744,0.06976744186046512,0.9302325581395349,43,1300,800,500,0.6153846153846154,18,8,10,348.78321020400256,0.4228497600590624,0.23010440777644248,0.20670923926267576,131778.07113727287,592.546023776535,132370.6171610494,890,0,322.13953488372096,37,6,16,34.3585362380749,0.6362612612612613,43.311403508771924,1026.7543859649113,27.750118539592197,0
919,4,0,0,40,0.0,0.0,1.0,40,950,600,350,0.631578947368421,13,6,7,374.77691850089235,0.416920405982906,0.25020325203252036,0.21951219512195116,131328.125,1843.750000000001,133171.875,891,7,342.675,34,6,20,34.14634146341463,0.6378676470588236,43.75,1025.0,30.147058823529413,0
920,4,0,0,40,0.0,0.0,1.0,40,950,600,350,0.631578947368421,13,6,7,376.8769379357892,0.4169337606837607,0.24982001857872715,0.22109429083808035,131389.14399092985,1903.5076530612387,133292.6516439911,892,8,343.675,34,6,20,34.030761340764826,0.6384803921568627,43.6904761904762,1025.2380952380963,30.15406162464989,0
921,4,0,0,40,0.0,0.0,1.0,40,1000,800,200,0.8,12,8,4,372.69572659006025,0.4171875,0.24557329872474898,0.21914113027966334,131476.4596863213,1800.1429344564667,133276.60262077776,893,9,344.675,35,5,20,34.04960407027048,0.6372023809523808,43.60532407407408,1025.5787037037048,29.30224867724871,0
922,4,1,1,40,0.024390243902439025,0.024390243902439025,0.975609756097561,41,1600,1300,300,0.8125,19,13,6,362.22885771384443,0.4202743902439024,0.2321634470046574,0.214583527990716,131761.33639974432,1345.5516749857952,133106.88807473012,894,0,337.2439024390244,36,5,16,34.030291397023866,0.6380208333333334,43.3277027027027,1026.6891891891892,28.519144144144143,0
923,4,0,1,39,0.0,0.025,0.975,40,800,500,300,0.625,11,5,6,369.13065053348987,0.41551816239316236,0.24076454668470948,0.21823004059539924,131684.26890432098,1721.7399691358048,133406.0088734568,895,11,346.675,35,5,16,33.93098782138025,0.6392857142857142,43.40277777777778,1026.388888888889,29.325396825396826,0
924,4,1,1,39,0.025,0.025,0.975,40,700,400,300,0.5714285714285714,10,4,6,349.21484183636767,0.4186565170940171,0.15418885702580987,0.19417617970901432,129307.31336805545,1031.2065972222167,130338.51996527766,896,0,345.675,39,1,16,36.84965178205655,0.607905982905983,45.729166666666664,1017.0833333333325,26.07905982905981,8
925,4,2,1,40,0.04878048780487805,0.024390243902439025,0.975609756097561,41,1050,700,350,0.6666666666666666,14,7,7,341.6112980881002,0.42123983739837395,0.16254160745917146,0.19194572040555571,129718.50419723701,662.6613209729567,130381.16551820996,897,0,337.9024390243902,40,1,15,36.625224461292895,0.6104166666666667,45.325203252032516,1018.6991869918692,25.467479674796728,0
926,4,1,0,41,0.024390243902439025,0.0,1.0,41,1000,600,400,0.6,14,6,8,345.4841423382575,0.42042682926829267,0.1771762938400836,0.19528126197632317,129951.543032008,779.2394779892852,130730.78250999728,898,0,338.8780487804878,40,1,16,36.29003455264294,0.6127604166666667,45.09654471544715,1019.6138211382109,25.490345528455272,0
927,4,1,1,41,0.023809523809523808,0.023809523809523808,0.9761904761904762,42,950,500,450,0.5263157894736842,14,5,9,340.33562152385423,0.4208405923344947,0.17495347351462476,0.19340840900521322,130161.33334120663,459.7076562106085,130621.04099741724,899,0,331.7857142857143,41,1,16,36.208600687017935,0.6133130081300815,44.890873015873005,1020.4365079365061,24.88869531552454,0
928,4,1,1,41,0.023809523809523808,0.023809523809523808,0.9761904761904762,42,1300,900,400,0.6923076923076923,17,9,8,344.78275290215606,0.4223528842431281,0.2010045013030093,0.19710276829730755,130392.29811124326,591.4424676054991,130983.74057884877,900,0,332.76190476190476,40,2,17,35.86111111111112,0.6171875,44.66463414634146,1021.3414634146337,25.533536585365844,0
929,4,1,0,42,0.023809523809523808,0.0,1.0,42,1050,700,350,0.6666666666666666,14,7,7,338.20756575172067,0.42367160278745647,0.21900585647271376,0.19349261317160854,130422.14084201385,425.29717734772197,130847.43801936157,901,0,331.07142857142856,39,3,18,35.99879325582976,0.6191239316239316,44.635416666666664,1021.4583333333329,26.191239316239304,1
930,4,0,1,41,0.0,0.023809523809523808,0.9761904761904762,42,950,700,250,0.7368421052631579,12,7,5,334.13484067092463,0.42312717770034847,0.21080080182108452,0.19181959753203304,130555.1771375869,324.60666232639505,130879.78379991329,902,1,332.07142857142856,39,3,13,35.968237182754045,0.6204594017094017,44.505208333333336,1021.9791666666674,26.204594017094035,0
931,4,1,1,41,0.023809523809523808,0.023809523809523808,0.9761904761904762,42,1150,800,350,0.6956521739130435,15,8,7,332.33665051279564,0.42288521099496706,0.205118740002461,0.19152184292438432,130703.86860499703,287.5371802498526,130991.40578524688,903,0,332.92857142857144,40,2,13,35.863893858079905,0.6203125,44.359756097560975,1022.5609756097562,25.564024390243905,0
932,4,0,0,41,0.0,0.0,1.0,41,1450,1100,350,0.7586206896551724,18,11,7,338.16020813946454,0.4216209349593496,0.2102689486552567,0.19479933116766346,130688.28125,638.7152777777785,131326.99652777778,904,3,342.0487804878049,39,2,13,35.730779679434946,0.6217948717948718,44.375,1022.5,26.21794871794872,0
933,4,1,1,41,0.023809523809523808,0.023809523809523808,0.9761904761904762,42,1200,800,400,0.6666666666666666,16,8,8,333.3332150898125,0.424675764614789,0.21193643230570003,0.19365621734802588,131015.81090124912,334.3842950624491,131350.19519631157,905,0,334.8809523809524,40,2,13,35.52337701012506,0.6234375000000001,44.05487804878048,1023.780487804877,25.594512195121926,0
934,4,0,0,41,0.0,0.0,1.0,41,1150,700,450,0.6086956521739131,16,7,9,337.4240040401686,0.42090955284552845,0.21582573077639178,0.19558648021797378,130928.03955078125,635.6526692708335,131563.6922200521,906,5,344.0487804878049,39,2,13,35.5073155216285,0.6241987179487181,44.140625,1023.4375,26.24198717948718,0
935,4,0,0,41,0.0,0.0,1.0,41,1500,900,600,0.6,21,9,12,336.8660928562781,0.42096036585365854,0.21467384561943303,0.19594045519391787,131061.33355034716,630.0238715277721,131691.35742187494,907,6,345.0487804878049,39,2,15,35.386995591726006,0.625534188034188,44.010416666666664,1023.9583333333328,26.255341880341867,0
936,4,0,0,41,0.0,0.0,1.0,41,1450,1100,350,0.7586206896551724,18,11,7,346.1806111984812,0.4197154471544715,0.22540086334074672,0.20233979039568983,131248.05908203125,887.1066623263887,132135.16574435763,908,7,346.0487804878049,39,2,16,34.95995137406391,0.6274038461538461,43.828125,1024.6875,26.27403846153846,0
937,4,0,0,41,0.0,0.0,1.0,41,1300,1200,100,0.9230769230769231,14,12,2,351.6672772493644,0.42037601626016263,0.15031760655578696,0.20064980111475691,130317.12420784953,984.3656723977916,131301.48988024733,909,8,347.0487804878049,38,3,18,35.76152732726449,0.6197916666666665,44.73824786324787,1021.0470085470098,26.86965811965815,4
938,4,0,0,41,0.0,0.0,1.0,41,700,300,400,0.42857142857142855,11,3,8,351.9051662260815,0.419994918699187,0.1553832023675885,0.20120893475606097,130398.95171305431,977.6129556578304,131376.56466871215,910,9,348.0487804878049,38,3,19,35.672506973500695,0.6206140350877192,44.65811965811966,1021.3675213675216,26.878092667566357,0
939,4,0,0,41,0.0,0.0,1.0,41,1450,1100,350,0.7586206896551724,18,11,7,347.82597394674616,0.4183434959349594,0.153463037399733,0.20014111513508215,130644.58832137125,888.316234750537,131532.9045561218,911,10,349.0487804878049,38,3,14,35.527920019507434,0.6230811403508771,44.417735042735046,1022.3290598290605,26.903396311291065,0
940,4,0,0,41,0.0,0.0,1.0,41,850,500,350,0.5882352941176471,12,5,7,348.08307905998964,0.4183434959349594,0.14619877080509203,0.2007139296844713,130726.5185550443,900.7378186865449,131627.25637373084,912,11,350.0487804878049,38,3,14,35.43843153642569,0.6239035087719298,44.33760683760684,1022.6495726495734,26.911830859199302,0
941,4,0,0,41,0.0,0.0,1.0,41,1450,1100,350,0.7586206896551724,18,11,7,356.25728674061173,0.4183434959349594,0.14227086183310544,0.19580757639653165,128848.62075617276,982.0331333552385,129830.65388952801,913,12,351.0487804878049,38,3,17,37.13805289557683,0.6049890350877194,46.18055555555555,1015.2777777777771,26.717836257309926,3
942,4,2,1,42,0.046511627906976744,0.023255813953488372,0.9767441860465116,43,950,600,350,0.631578947368421,13,6,7,341.03173097013996,0.4229189737910668,0.13787574591489604,0.18961364241939785,129304.72932778113,219.4031330557274,129524.13246083686,914,0,335.6744186046512,40,3,18,37.0603517186251,0.60625,45.73170731707317,1017.0731707317077,25.426829268292693,0
943,4,1,1,42,0.023255813953488372,0.023255813953488372,0.9767441860465116,43,1100,800,300,0.7272727272727273,14,8,6,342.38106195963155,0.42234219269102985,0.14367327601822555,0.19111504762897155,129459.81744497322,264.9179555819936,129724.7354005552,915,0,336.6511627906977,40,3,14,36.86838426203315,0.6078125000000001,45.579268292682926,1017.6829268292681,25.442073170731703,0
944,4,1,1,42,0.023255813953488372,0.023255813953488372,0.9767441860465116,43,1050,600,450,0.5714285714285714,15,6,9,349.7321994370534,0.42128091546696195,0.17679148129171574,0.1974205792095152,129899.73855054869,486.0242539163239,130385.76280446502,916,0,337.1860465116279,40,3,17,36.23434021200943,0.6122395833333333,45.14735772357724,1019.4105691056917,25.485264227642293,0
945,4,1,0,43,0.023255813953488372,0.0,1.0,43,800,500,300,0.625,11,5,6,353.03269660511233,0.42167312661498707,0.18366391478276167,0.19968038769648816,129977.4491456806,577.2578739507051,130554.7070196313,917,0,338.1162790697674,40,3,18,36.07131585941135,0.6130208333333333,45.07113821138212,1019.7154471544725,25.492886178861813,0
946,4,1,1,43,0.022727272727272728,0.022727272727272728,0.9772727272727273,44,1300,900,400,0.6923076923076923,17,9,8,346.3514230231658,0.42332848837209297,0.17967768940979423,0.19747817412943786,130289.85407991838,226.1525253437557,130516.00660526214,918,0,331.40909090909093,38,6,19,35.92485523929119,0.619517543859649,44.764957264957275,1020.9401709401726,26.866846603688753,0
947,4,2,2,43,0.044444444444444446,0.044444444444444446,0.9555555555555556,45,1000,700,300,0.7,13,7,6,339.18087276544605,0.42619949494949494,0.17394003239655187,0.19444916311842594,130501.95448133704,-147.24663628469762,130354.70784505234,919,0,324.6222222222222,39,6,12,35.89316359125973,0.6199252136752136,44.55729166666668,1021.7708333333353,26.199252136752186,0
948,4,0,0,43,0.0,0.0,1.0,43,950,900,50,0.9473684210526315,10,9,1,360.3498542274051,0.4217884828349945,0.18054105363075434,0.20531561461794026,130262.58680555565,788.0208333333442,131050.60763888899,920,2,340.72093023255815,41,2,19,35.595238095238095,0.6143292682926829,44.79166666666667,1020.8333333333342,24.89837398373986,0
949,4,1,3,41,0.022727272727272728,0.06818181818181818,0.9318181818181819,44,1050,700,350,0.6666666666666666,14,7,7,333.9228412032164,0.424572762508809,0.10479094825527535,0.1853028384682802,129228.54487407746,-126.12464844038251,129102.42022563708,921,0,333.95454545454544,38,6,20,37.31852649644495,0.6088267543859651,45.80662393162392,1016.7735042735021,26.757197480881633,5
950,4,1,1,41,0.023809523809523808,0.023809523809523808,0.9761904761904762,42,750,300,450,0.4,12,3,9,345.8196056724025,0.4195581687959737,0.11695221205307704,0.19094152278925391,129029.71172185669,524.2008055352262,129553.9125273919,922,0,350.5238095238095,36,6,20,37.218512155471814,0.6105324074074077,46.002252252252234,1015.9909909909884,28.2219719719719,0
951,4,2,2,41,0.046511627906976744,0.046511627906976744,0.9534883720930233,43,1050,600,450,0.5714285714285714,15,6,9,338.839560406595,0.42314968623108157,0.11220222359759724,0.1891022224975108,129452.33298947735,172.71432075251928,129625.04731022987,923,0,343.3255813953488,37,6,15,36.966091118054806,0.6128941441441442,45.586622807017534,1017.6535087719284,27.504148885727794,0
952,4,1,2,40,0.023809523809523808,0.047619047619047616,0.9523809523809523,42,900,600,300,0.6666666666666666,12,6,6,346.44528083452605,0.4189653503677894,0.11148552444233539,0.19239857847083447,129258.63997443384,556.209165246322,129814.84913968017,924,0,352.4761904761905,36,6,20,36.96959210040605,0.6128472222222223,45.777027027027025,1016.8918918918915,28.246996996996987,0
953,4,2,2,40,0.047619047619047616,0.047619047619047616,0.9523809523809523,42,750,400,350,0.5333333333333333,11,4,7,342.3111377568686,0.42197783584978704,0.10634850377021454,0.19107262210678294,129459.1186414453,463.05963903089776,129922.17828047619,925,0,345.1666666666667,36,6,16,36.87087344620264,0.6148726851851853,45.57995495495494,1017.6801801801785,28.268893893893846,0
954,4,2,0,42,0.047619047619047616,0.0,1.0,42,750,500,250,0.6666666666666666,10,5,5,346.3754958652014,0.4208163956639566,0.13917086339453433,0.195043675300822,129803.1577819375,592.1266283175244,130395.28441025502,926,0,346.1190476190476,36,6,18,36.41792831620436,0.6183449074074073,45.242117117117125,1019.0315315315328,28.306431431431466,0
955,4,2,3,41,0.045454545454545456,0.06818181818181818,0.9318181818181819,44,1000,700,300,0.7,13,7,6,332.303611114355,0.42592714940098664,0.1375120067713438,0.18986791504136974,130371.6730244172,-135.40445339325734,130236.26857102395,927,0,331.34090909090907,38,6,20,36.20061373225929,0.6203399122807018,44.68482905982905,1021.260683760682,26.875281151596894,0
956,4,1,1,41,0.023809523809523808,0.023809523809523808,0.9761904761904762,42,1300,900,400,0.6923076923076923,17,9,8,342.23669169429826,0.42109465737514523,0.1570493628733205,0.1951394872264471,130291.32806793282,518.0946148851604,130809.42268281798,928,0,346.5952380952381,36,6,20,36.028384440032355,0.6232638888888888,44.763513513513516,1020.945945945946,28.359609609609613,0
957,4,1,0,42,0.023809523809523808,0.0,1.0,42,850,600,250,0.7058823529411765,11,6,5,339.07519978143574,0.42246176926054974,0.16863439590712326,0.19463045148744643,130550.14209733371,453.2631026296463,131003.40519996335,929,0,347.57142857142856,36,6,16,35.84710743801652,0.6258680555555556,44.51013513513513,1021.9594594594586,28.387762762762737,0
958,4,0,0,42,0.0,0.0,1.0,42,1200,800,400,0.6666666666666666,16,8,8,339.3262470650874,0.42237708091366627,0.1678727431948439,0.1956458190220991,130722.8274516071,471.53728897816984,131194.36474058527,930,1,348.57142857142856,36,6,16,35.66604265315859,0.6276041666666666,44.34121621621622,1022.6351351351358,28.40653153153155,0
959,4,1,1,42,0.023255813953488372,0.023255813953488372,0.9767441860465116,43,900,400,500,0.4444444444444444,14,4,10,333.2430176027562,0.4240263935031377,0.16401626113469225,0.1934799012648839,130991.17036011085,130.3785780240122,131121.54893813486,931,0,341.4418604651163,37,6,18,35.55055698371895,0.6283783783783783,44.078947368421055,1023.6842105263161,27.66714082503557,0
960,4,1,0,43,0.023255813953488372,0.0,1.0,43,1450,1100,350,0.7586206896551724,18,11,7,333.0056234818064,0.4226190476190476,0.16698983693798897,0.19433301312870194,131187.6746330602,137.24667686211578,131324.92130992233,932,0,342.4186046511628,37,6,19,35.358356523600555,0.6303490990990991,43.887061403508774,1024.4517543859652,27.687885253674732,0
961,4,0,2,41,0.0,0.046511627906976744,0.9534883720930233,43,1700,1400,300,0.8235294117647058,20,14,6,348.03961794702957,0.4220653377630122,0.11178990719144277,0.19514786107476967,129636.22708013732,423.7837323263967,130060.01081246372,933,1,343.4186046511628,38,5,16,36.54510246188277,0.6129385964912281,45.4059829059829,1018.3760683760682,26.799370220422848,8
962,4,0,0,41,0.0,0.0,1.0,41,1100,800,300,0.7272727272727273,14,8,6,359.3239169309961,0.4214430894308943,0.11751123483364867,0.20130154007993,129602.41280131492,1113.8493222952761,130716.2621236102,934,5,355.5853658536585,36,5,16,36.292210425422105,0.6163194444444444,45.43918918918919,1018.2432432432439,28.284534534534554,0
963,4,1,0,42,0.023809523809523808,0.0,1.0,42,1750,1600,150,0.9142857142857143,19,16,3,355.5335471358271,0.4225464576074332,0.13557739054783657,0.20184500647339054,130122.70752779701,852.5975540550932,130975.3050818521,935,0,348.0952380952381,37,5,17,35.86008866200967,0.6196509009009008,44.92872807017544,1020.2850877192983,27.575272641062117,0
964,4,1,1,42,0.023255813953488372,0.023255813953488372,0.9767441860465116,43,1200,800,400,0.6666666666666666,16,8,8,346.91247527179144,0.4260566629752676,0.1407074048846939,0.19835426217693342,130398.9517130543,447.40462232449624,130846.35633537879,936,0,340.9767441860465,38,5,18,35.79999128312413,0.6206140350877192,44.65811965811966,1021.3675213675215,26.878092667566353,0
965,4,1,2,41,0.023255813953488372,0.046511627906976744,0.9534883720930233,43,1300,800,500,0.6153846153846154,18,8,10,347.91430356962815,0.42513381321520854,0.15401597393598254,0.1996280931999695,130535.38795976693,483.02571864270146,131018.41367840963,937,0,341.7906976744186,38,5,14,35.63621711099495,0.621984649122807,44.52457264957265,1021.901709401709,26.892150247413394,0
966,4,1,2,40,0.023809523809523808,0.047619047619047616,0.9523809523809523,42,1600,1300,300,0.8125,19,13,6,356.1224162090354,0.4235627177700348,0.15613518720075215,0.2042279874862771,130514.55886667063,895.8320108110336,131410.39087748167,938,0,350.6666666666667,37,5,14,35.44762939514254,0.6235923423423422,44.544956140350884,1021.8201754385974,27.61676149834047,0
967,4,1,1,40,0.024390243902439025,0.024390243902439025,0.975609756097561,41,1050,700,350,0.6666666666666666,14,7,7,361.8345979933628,0.42309451219512195,0.15506607929515415,0.20846815671191227,130694.038633228,1257.92498579663,131951.96361902464,939,0,354.0,36,5,16,35.11976872246697,0.6273148148148147,44.36936936936938,1022.522522522524,28.403403403403445,0
968,4,0,0,40,0.0,0.0,1.0,40,1500,1200,300,0.8,18,12,6,369.7282585467277,0.4186565170940171,0.15449113338473386,0.21285750534849354,130665.2529852489,1662.1272877607475,132327.38027300965,940,1,363.775,36,4,16,34.947176634724805,0.6270254629629629,44.39752252252253,1022.409909909911,28.400275275275305,0
969,4,0,0,40,0.0,0.0,1.0,40,950,600,350,0.631578947368421,13,6,7,370.2622624344948,0.4183760683760684,0.15865998678705173,0.21364179589771817,130751.6194403864,1682.4780861943148,132434.09752658074,941,2,364.775,36,4,17,34.84594068854145,0.6278935185185185,44.31306306306307,1022.7477477477483,28.409659659659678,0
970,4,1,1,40,0.024390243902439025,0.024390243902439025,0.975609756097561,41,1350,1000,350,0.7407407407407407,17,10,7,364.46727467733075,0.41984247967479676,0.15725062078797647,0.21238233392145642,131131.51552641197,1358.6292176438903,132490.14474405587,942,0,356.8536585365854,37,4,18,34.60940566677371,0.629786036036036,43.94188596491228,1024.232456140351,27.68195827406354,0
971,4,1,2,39,0.024390243902439025,0.04878048780487805,0.9512195121951219,41,1050,900,150,0.8571428571428571,12,9,3,363.8779118823648,0.42063008130081303,0.15139140340527635,0.212824203096076,131273.37643363295,1353.4964204836094,132626.87285411655,943,0,357.8292682926829,38,3,18,34.480991103697534,0.6293859649122806,43.80341880341881,1024.7863247863256,26.968061178587515,0
972,4,0,0,39,0.0,0.0,1.0,39,1000,700,300,0.7,13,7,6,377.3868823432494,0.41585132703553757,0.17157161220485762,0.2200455821662945,131155.04017531034,2099.2383430727887,133254.27851838313,944,5,376.02564102564105,36,3,18,34.25475483729112,0.6319444444444444,43.91891891891891,1024.3243243243235,28.45345345345343,0
973,4,0,0,39,0.0,0.0,1.0,39,950,700,250,0.7368421052631579,12,7,5,376.8872150199183,0.4152327935222672,0.17264375005282595,0.22058202854638417,131299.269603218,2097.0032109812423,133396.27281419924,945,6,377.02564102564105,36,3,18,34.12147932461634,0.6333912037037038,43.77815315315315,1024.8873873873868,28.469094094094075,0
974,4,1,1,39,0.025,0.025,0.975,40,1500,1300,200,0.8666666666666667,17,13,4,364.7088903499165,0.41651976495726495,0.15500000000000047,0.21550979884313212,131665.51246537376,1603.916589719896,133269.42905509364,946,0,368.575,37,3,16,34.063390313390315,0.6351351351351353,43.42105263157894,1026.3157894736826,27.738264580369798,0
975,4,1,1,39,0.025,0.025,0.975,40,1050,600,450,0.5714285714285714,15,6,9,366.22244897119526,0.4168536324786325,0.16475659229208928,0.21752731005156528,131862.52170138885,1658.2031249999966,133520.72482638885,947,0,369.55,37,3,16,33.82564232589588,0.6371058558558559,43.229166666666664,1027.083333333333,27.759009009009002,0
976,4,0,1,38,0.0,0.02564102564102564,0.9743589743589743,39,1350,800,550,0.5925925925925926,19,8,11,376.2049380578636,0.4134896536212325,0.1678025191183079,0.22337168197185678,131848.06428049688,2120.3785711387195,133968.4428516356,948,9,380.02564102564105,36,3,16,33.58392726608186,0.6388888888888888,43.24324324324325,1027.0270270270282,28.52852852852856,0
977,4,0,0,38,0.0,0.0,1.0,38,950,500,450,0.5263157894736842,14,5,9,384.6395334594638,0.4103247984826932,0.17212502002385022,0.2279316834548367,131773.3802324461,2537.0502989969273,134310.43053144304,949,14,390.7894736842105,35,3,16,33.44288975312817,0.6401785714285714,43.31597222222223,1026.736111111112,29.335317460317487,0
978,4,0,0,38,0.0,0.0,1.0,38,850,400,450,0.47058823529411764,13,4,9,383.4941015982864,0.4091838549075391,0.1755057991983111,0.22814300574975807,131921.96609224967,2518.259173525381,134440.22526577505,950,15,391.7894736842105,35,3,17,33.32206699714585,0.6416666666666666,43.1712962962963,1027.314814814815,29.35185185185186,0
979,4,1,1,38,0.02564102564102564,0.02564102564102564,0.9743589743589743,39,750,600,150,0.8,9,6,3,376.01810448078163,0.41174651372019794,0.17011645310845802,0.22514238111567345,132166.31063073222,2139.385119917232,134305.69575064944,951,0,382.71794871794873,36,3,17,33.267394954915495,0.6420717592592593,42.933558558558566,1028.265765765767,28.56293793793797,0
980,4,0,0,38,0.0,0.0,1.0,38,1000,800,200,0.8,12,8,4,389.651724026783,0.4089764106211475,0.17698286689258036,0.2332658973216941,132159.87761488341,2699.2648319615955,134859.142446845,952,17,393.7894736842105,35,3,17,32.92342038120967,0.644047619047619,42.93981481481482,1028.2407407407409,29.378306878306883,0
981,4,0,0,38,0.0,0.0,1.0,38,1000,900,100,0.9,11,9,2,388.85908195415135,0.4085763394973921,0.17599443177442775,0.23297457472438535,132189.6316256216,2680.6277595593356,134870.25938518095,953,18,394.7894736842105,35,3,17,32.91373569686739,0.644345238095238,42.91087962962963,1028.3564814814818,29.381613756613763,0
982,4,1,0,39,0.02564102564102564,0.0,1.0,39,950,700,250,0.7368421052631579,12,7,5,379.76302742235936,0.4090193432298695,0.18110361002820818,0.23005521994769068,132606.53941883144,2271.9762731481496,134878.51569197958,954,0,385.64102564102564,35,4,18,32.72710885118178,0.6485119047619048,42.50578703703704,1029.976851851852,29.427910052910057,0
983,4,0,0,39,0.0,0.0,1.0,39,1400,1000,400,0.7142857142857143,18,10,8,376.6250554415612,0.4089631129104813,0.17387046414231344,0.22869824307917994,132695.96220207473,2195.32482424554,134891.28702632026,955,1,386.64102564102564,35,4,16,32.7178349434584,0.6494047619047618,42.41898148148148,1030.324074074074,29.437830687830683,0
984,4,0,2,37,0.0,0.05128205128205128,0.9487179487179487,39,750,500,250,0.6666666666666666,10,5,5,378.6134154285488,0.4089631129104813,0.1763680925761122,0.23008841212016196,132725.77649444877,2250.3519107938982,134976.12840524266,956,2,387.64102564102564,35,4,16,32.63658785428132,0.649702380952381,42.3900462962963,1030.4398148148152,29.441137566137577,0
985,4,0,0,37,0.0,0.0,1.0,37,1400,1300,100,0.9285714285714286,15,13,2,391.7044298667069,0.40950325325325326,0.17509834003943237,0.23696848986104668,132555.70461180797,2984.5313401095723,135540.23595191754,957,3,385.02702702702703,33,4,18,32.47091812447935,0.6524621212121213,42.55514705882353,1029.779411764706,31.205436720142607,0
986,4,0,0,37,0.0,0.0,1.0,37,800,600,200,0.75,10,6,4,391.3623386086315,0.40906531531531537,0.17096435081447559,0.2375583523958674,132681.93310565644,2985.3423262687375,135667.27543192517,958,4,386.02702702702703,33,4,16,32.352379961143484,0.6537247474747474,42.432598039215684,1030.269607843137,31.220291146761728,0
987,4,0,0,37,0.0,0.0,1.0,37,400,100,300,0.25,7,1,6,391.5791765533436,0.40897147147147145,0.17402988145138454,0.2378900084147771,132713.49961553258,2993.568579392549,135707.06819492512,959,5,387.02702702702703,33,4,16,32.314957976530295,0.654040404040404,42.40196078431373,1030.3921568627457,31.224004753416533,0
988,4,0,0,37,0.0,0.0,1.0,37,850,400,450,0.47058823529411764,13,4,9,390.8580757065607,0.409034034034034,0.17166257166257193,0.238857712931787,132934.57031249997,2991.7100694444434,135926.2803819444,960,6,388.02702702702703,33,4,16,32.11069023569024,0.65625,42.1875,1031.2499999999998,31.249999999999993,0
989,4,0,0,37,0.0,0.0,1.0,37,950,700,250,0.7368421052631579,12,7,5,388.4973191581452,0.4085648148148148,0.16483149816483134,0.23829485245177973,133072.72002551027,2939.6789965986422,136012.3990221089,961,7,389.02702702702703,34,3,16,32.03242182992961,0.6553308823529411,42.05357142857143,1031.785714285715,30.346638655462204,0
990,4,0,0,37,0.0,0.0,1.0,37,950,600,350,0.631578947368421,13,6,7,389.4054207991362,0.4079391891891892,0.16592054654183186,0.23930586748903493,133143.5282305598,2969.3623274605598,136112.89055802036,962,8,390.02702702702703,35,2,16,31.93770793615192,0.6538690476190476,41.9849537037037,1032.060185185185,29.487433862433857,0
991,4,0,0,37,0.0,0.0,1.0,37,1400,1000,400,0.7142857142857143,18,10,8,388.07978946882884,0.4067192192192192,0.16296188589396432,0.23945006097101582,133292.88435570974,2945.6548996913443,136238.5392554011,963,9,391.02702702702703,35,2,16,31.821620712844663,0.655357142857143,41.84027777777777,1032.6388888888878,29.50396825396822,0
992,4,0,1,36,0.0,0.02702702702702703,0.972972972972973,37,1050,800,250,0.7619047619047619,13,8,5,389.7772868112166,0.4059684684684685,0.16436622575303006,0.24146716442496374,133442.32420535389,3002.557414909099,136444.88162026298,964,10,392.02702702702703,35,2,18,31.6274831036929,0.6568452380952381,41.69560185185184,1033.217592592591,29.5205026455026,0
993,4,0,0,36,0.0,0.0,1.0,36,650,300,350,0.46153846153846156,10,3,7,393.6883784661337,0.4072751322751323,0.16223656244398343,0.24368243568681214,133410.72137188195,3304.450113378667,136715.17148526062,965,11,398.55555555555554,34,2,18,31.5582507490205,0.6587009803921569,41.72619047619047,1033.0952380952372,30.385154061624622,0
994,4,0,0,36,0.0,0.0,1.0,36,1050,700,350,0.6666666666666666,14,7,7,391.17194751861734,0.4063492063492064,0.16075281951060605,0.2431681650975642,133570.09369260792,3249.803080667526,136819.89677327545,966,12,399.55555555555554,32,4,18,31.462990106266027,0.6650390625,41.571969696969695,1033.7121212121212,32.30350378787879,0
995,4,0,0,36,0.0,0.0,1.0,36,850,500,350,0.5882352941176471,12,5,7,390.56515012938974,0.4063657407407408,0.15897681171218836,0.24321962086764823,133635.36126734526,3238.6629871951936,136874.02425454045,967,13,400.55555555555554,32,4,18,31.41307444946473,0.6656901041666666,41.50883838383839,1033.964646464647,32.31139520202022,0
996,4,0,0,36,0.0,0.0,1.0,36,1000,800,200,0.8,12,8,4,391.54149031990596,0.4063657407407408,0.16279724358713432,0.24425867077001928,133700.64478433342,3269.8699431180694,136970.5147274515,968,14,401.55555555555554,32,4,17,31.322233752492558,0.6663411458333333,41.44570707070708,1034.2171717171732,32.31928661616166,0
997,4,0,0,36,0.0,0.0,1.0,36,600,300,300,0.5,9,3,6,391.54149031990596,0.4063657407407408,0.16279724358713432,0.24425867077001928,133700.64478433342,3269.8699431180694,136970.5147274515,969,15,402.55555555555554,32,4,17,31.322233752492558,0.6663411458333333,41.44570707070708,1034.2171717171732,32.31928661616166,0
998,4,0,0,36,0.0,0.0,1.0,36,1550,1200,350,0.7741935483870968,19,12,7,379.28059615628104,0.4060185185185185,0.13117687452130045,0.23158686038163637,132902.97752066512,2881.5041089965403,135784.48162966166,970,16,403.55555555555554,33,3,18,32.44097139687822,0.6559343434343434,42.21813725490196,1031.1274509803923,31.24628639334522,6
999,4,0,0,36,0.0,0.0,1.0,36,950,400,550,0.42105263157894735,15,4,11,375.69095553512255,0.40598544973544975,0.12551965791661757,0.23036723631829553,133060.97902549506,2797.961270905431,135858.94029640048,971,17,404.55555555555554,33,3,20,32.37456447717465,0.6575126262626263,42.06495098039216,1031.7401960784318,31.264854426619145,0
1000,4,0,0,36,0.0,0.0,1.0,36,950,600,350,0.631578947368421,13,6,7,381.31116359986265,0.4052579365079365,0.12928669410150917,0.23480740074307332,133219.07439446368,2959.584054209923,136178.6584486736,972,18,405.55555555555554,33,3,20,32.07057217473885,0.6590909090909091,41.911764705882355,1032.3529411764707,31.283422459893053,0
1001,4,0,0,36,0.0,0.0,1.0,36,900,500,400,0.5555555555555556,13,5,8,365.636568949187,0.40600198412698413,0.12482885117156206,0.21280147267259172,131084.19075963713,2385.834750566885,133470.02551020402,973,19,406.55555555555554,34,2,19,34.627363791366335,0.6354166666666667,43.988095238095234,1024.0476190476186,30.119047619047606,6
1002,4,2,2,36,0.05263157894736842,0.05263157894736842,0.9473684210526316,38,900,800,100,0.8888888888888888,10,8,2,353.6389608167524,0.4123547889995258,0.11315500606620854,0.20838621817856498,131559.08230866006,1704.8834307280292,133263.96573938808,974,0,386.10526315789474,36,2,17,34.45481156238565,0.6359953703703705,43.52477477477478,1025.9009009009012,28.497247247247255,0
1003,4,1,1,36,0.02702702702702703,0.02702702702702703,0.972972972972973,37,800,500,300,0.625,11,5,6,361.80182459358224,0.40944069069069067,0.12928807376386664,0.21273563156760014,131476.45968632118,2113.6846011231173,133590.1442874443,975,0,397.5135135135135,35,2,19,34.32891791746605,0.637202380952381,43.605324074074076,1025.578703703704,29.302248677248684,0
1004,4,1,1,36,0.02702702702702703,0.02702702702702703,0.972972972972973,37,1000,700,300,0.7,13,7,6,360.31562426526307,0.40815815815815815,0.13055185389609414,0.21219118789787544,131535.81700370798,2078.882003386486,133614.69900709446,976,0,398.4864864864865,35,2,20,34.307067772387065,0.637797619047619,43.5474537037037,1025.810185185185,29.30886243386243,0
1005,4,1,1,36,0.02702702702702703,0.02702702702702703,0.972972972972973,37,850,600,250,0.7058823529411765,11,6,5,356.9720840330156,0.4091278778778779,0.15007906113756597,0.21153636322357275,131773.3802324461,2007.883632330259,133781.26386477635,977,0,398.86486486486484,35,2,18,34.15306898884003,0.6401785714285714,43.31597222222223,1026.736111111112,29.335317460317487,0
1006,4,1,1,36,0.02702702702702703,0.02702702702702703,0.972972972972973,37,950,600,350,0.631578947368421,13,6,7,359.80585548910705,0.4093781281281281,0.1600185133308163,0.2140507220724744,131921.9660922498,2093.259173525394,134015.22526577517,978,0,399.81081081081084,35,2,19,33.930449151269336,0.6416666666666666,43.171296296296305,1027.314814814816,29.351851851851883,0
1007,4,0,0,36,0.0,0.0,1.0,36,1050,700,350,0.6666666666666666,14,7,7,368.0309409436831,0.40745701058201056,0.16147163386911023,0.21894387612708682,131921.9660922498,2510.273062414282,134432.23915466407,979,1,387.30555555555554,35,1,19,33.71920534775425,0.6416666666666666,43.171296296296305,1027.314814814816,29.351851851851883,0
1008,4,0,0,36,0.0,0.0,1.0,36,400,200,200,0.5,6,2,4,365.9361632169264,0.4071263227513227,0.15836274436184317,0.21803901053958888,131981.42387902958,2459.3551740397893,134440.77905306936,980,2,388.30555555555554,35,1,19,33.713017196065195,0.6422619047619047,43.11342592592593,1027.546296296297,29.35846560846563,0
1009,4,0,0,36,0.0,0.0,1.0,36,800,600,200,0.75,10,6,4,362.7270970805527,0.40760582010582014,0.15843123271903803,0.21663613646081992,132070.63567654765,2381.119657707497,134451.75533425514,981,3,389.30555555555554,35,1,19,33.70549956836692,0.6431547619047618,43.02662037037038,1027.8935185185198,29.368386243386283,0
1010,4,0,0,36,0.0,0.0,1.0,36,1250,900,350,0.72,16,9,7,361.1398214885738,0.4062996031746032,0.15494410683472126,0.21653768243910052,132219.3889853397,2349.937307098791,134569.3262924385,982,4,390.30555555555554,35,1,20,33.5963875759622,0.6446428571428571,42.88194444444446,1028.4722222222238,29.38492063492068,0
1011,4,0,0,36,0.0,0.0,1.0,36,900,600,300,0.6666666666666666,12,6,6,361.52587709965024,0.40641534391534395,0.12397684489161342,0.21815172779348754,132459.27047902494,2377.611351253467,134836.8818302784,983,5,391.30555555555554,34,2,19,33.34489803785513,0.649203431372549,42.648809523809526,1029.404761904762,30.276610644257705,2
1012,4,0,0,36,0.0,0.0,1.0,36,1250,1000,250,0.8,15,10,5,363.58180588962307,0.40591931216931215,0.12609011161201655,0.22010820173205925,132581.84700963704,2440.8694727891016,135022.71648242616,984,6,392.30555555555554,34,2,20,33.16861249181212,0.6504289215686274,42.5297619047619,1029.8809523809514,30.29061624649857,0
1013,4,0,0,36,0.0,0.0,1.0,36,550,400,150,0.7272727272727273,7,4,3,364.22337570637774,0.4059523809523809,0.12377531235152861,0.22085668325068583,132643.15653344675,2462.347647392289,135105.50418083902,985,7,393.30555555555554,34,2,18,33.090402172656894,0.6510416666666667,42.470238095238095,1030.1190476190477,30.29761904761905,0
1014,4,1,1,36,0.02702702702702703,0.02702702702702703,0.972972972972973,37,1450,1200,250,0.8275862068965517,17,12,5,354.4688409159319,0.4073761261261261,0.11451163975283407,0.21731329077885922,133053.95474322687,2032.696223422483,135086.65096664935,986,0,383.64864864864865,35,2,18,32.9290068057737,0.6529761904761905,42.07175925925925,1031.7129629629617,29.477513227513192,0
1015,4,1,0,37,0.02702702702702703,0.0,1.0,37,800,400,400,0.5,12,4,8,354.8510229580517,0.4059997497497498,0.12160192041318019,0.21807074925685355,133143.52823055978,2049.22343857167,135192.75166913145,987,0,384.6216216216216,35,2,20,32.82926339202273,0.6538690476190476,41.9849537037037,1032.0601851851848,29.48743386243385,0
1016,4,0,0,37,0.0,0.0,1.0,37,650,600,50,0.9230769230769231,7,6,1,354.38602312745104,0.40474849849849853,0.12442791328816205,0.21883643490423832,133322.76562767907,2049.5449406292773,135372.31056830834,988,1,385.6216216216216,35,2,20,32.66149744106989,0.6556547619047619,41.81134259259259,1032.7546296296289,29.50727513227511,0
1017,4,0,0,37,0.0,0.0,1.0,37,1250,1000,250,0.8,15,10,5,352.3729664490852,0.4041541541541542,0.11904365438587483,0.21829517498202516,133442.324205354,2004.2935260202244,135446.61773137422,989,2,386.6216216216216,35,2,21,32.59365314962099,0.6568452380952381,41.69560185185185,1033.217592592592,29.520502645502628,0
1018,4,0,0,37,0.0,0.0,1.0,37,800,400,400,0.5,12,4,8,352.15071079663113,0.40434184184184185,0.11780617330243826,0.21852001060691612,133503.88259623697,2002.704128034499,135506.58672427147,990,3,387.6216216216216,33,4,21,32.53772382307602,0.6619318181818181,41.6360294117647,1033.4558823529408,31.316844919786085,0
1019,4,0,1,36,0.0,0.02702702702702703,0.972972972972973,37,750,300,450,0.4,12,3,9,355.0027424754102,0.4046546546546546,0.11736810906935413,0.22066677470744903,133567.2146079632,2083.3454981257128,135650.5601060889,991,4,388.6216216216216,33,4,21,32.400587828492405,0.6625631313131313,41.57475490196078,1033.7009803921562,31.324272133095644,0
1020,4,0,0,36,0.0,0.0,1.0,36,900,700,200,0.7777777777777778,11,7,4,355.60079057870456,0.4037698412698412,0.1333306991201726,0.22122774847507032,133598.8862456748,2301.5739138792833,135900.4601595541,992,5,395.6111111111111,33,3,21,32.35340603761656,0.6628787878787878,41.544117647058826,1033.8235294117653,31.327985739750464,0
1021,4,1,0,37,0.02702702702702703,0.0,1.0,37,800,500,300,0.625,11,5,6,346.22490723584195,0.40759509509509506,0.1282858839513623,0.21699589896187255,133872.32320011323,1869.9865362811656,135742.30973639438,993,0,385.8918918918919,34,3,19,32.32222286130603,0.663296568627451,41.2797619047619,1034.8809523809514,30.437675070027982,0
1022,4,0,0,37,0.0,0.0,1.0,37,900,700,200,0.7777777777777778,11,7,4,344.35462507902645,0.4072822822822823,0.12781272532882482,0.21636617194271757,133964.7392290248,1826.275510204065,135791.01473922885,994,1,386.8918918918919,34,3,20,32.2782505366452,0.6642156862745099,41.19047619047618,1035.238095238094,30.44817927170865,0
1023,4,0,0,37,0.0,0.0,1.0,37,1250,800,450,0.64,17,8,9,342.4551583800903,0.4067817817817818,0.13028636037485586,0.2160770364804325,134118.8368055555,1785.9374999999955,135904.7743055555,995,2,387.8918918918919,34,3,20,32.173504961115576,0.6657475490196079,41.041666666666664,1035.833333333333,30.465686274509796,0
1024,4,0,0,37,0.0,0.0,1.0,37,800,500,300,0.625,11,5,6,343.0954171135644,0.40631256256256254,0.12356986509772239,0.2172105895253511,134242.1786422902,1811.5752551020335,136053.75389739225,996,3,388.8918918918919,34,3,22,32.03379283936435,0.6669730392156863,40.922619047619044,1036.3095238095234,30.47969187675069,0
1025,4,0,1,36,0.0,0.02702702702702703,0.972972972972973,37,850,600,250,0.7058823529411765,11,6,5,341.095888585965,0.4059997497497498,0.11738923947491764,0.2163089513414418,134303.87081916095,1762.099631519265,136065.9704506802,997,4,389.8918918918919,34,3,23,32.02404195857739,0.6675857843137255,40.863095238095234,1036.5476190476186,30.486694677871135,0
1026,4,0,0,36,0.0,0.0,1.0,36,1050,800,250,0.7619047619047619,13,8,5,352.51094429263316,0.4053075396825397,0.12706296646694026,0.2231162084534809,134233.10745866972,2263.7278931180285,136496.83535178774,998,5,401.44444444444446,33,3,23,31.79891989908545,0.6691919191919191,40.931372549019606,1036.2745098039213,31.4022578728461,0
1027,4,0,0,36,0.0,0.0,1.0,36,1400,1100,300,0.7857142857142857,17,11,6,354.6201261102682,0.40499338624338627,0.12826903626643582,0.22503613254064195,134328.37017313048,2327.1087141964563,136655.47888732693,999,6,402.44444444444446,33,3,23,31.64910647436655,0.670138888888889,40.83946078431372,1036.6421568627445,31.41339869281044,0
1028,4,0,0,36,0.0,0.0,1.0,36,950,500,450,0.5263157894736842,14,5,9,352.4408004508711,0.40444775132275135,0.12344730691457273,0.22423714687332835,134423.66667868104,2275.2769367550695,136698.94361543612,1000,7,403.44444444444446,33,3,23,31.610434885369898,0.6710858585858587,40.74754901960783,1037.0098039215668,31.42453951277475,0
1029,4,0,0,36,0.0,0.0,1.0,36,450,200,250,0.4444444444444444,7,2,5,352.4408004508711,0.40444775132275135,0.12344730691457273,0.22423714687332835,134423.66667868104,2275.2769367550695,136698.94361543612,1001,8,404.44444444444446,33,3,23,31.610434885369898,0.6710858585858587,40.74754901960783,1037.0098039215668,31.42453951277475,0
1030,4,0,0,36,0.0,0.0,1.0,36,1300,1100,200,0.8461538461538461,15,11,4,370.3246408096905,0.4043981481481482,0.11452468776289337,0.212657996077003,130566.58340419507,2489.8682880014794,133056.45169219654,1002,9,405.44444444444446,34,2,19,35.03203261502619,0.6302083333333333,44.49404761904762,1022.02380952381,30.059523809523824,8
1031,4,0,0,36,0.0,0.0,1.0,36,1200,900,300,0.75,15,9,6,367.3868540653617,0.4038690476190476,0.11718012390227517,0.211969137896274,130749.15143140577,2407.10388321994,133156.2553146257,1003,10,406.44444444444446,34,2,19,34.92196290691809,0.632046568627451,44.31547619047618,1022.7380952380942,30.08053221288512,0
1032,4,0,0,36,0.0,0.0,1.0,36,750,400,350,0.5333333333333333,11,4,7,364.56172753475585,0.40315806878306876,0.11444392722758834,0.21067107765340648,130810.03578514728,2337.6665249432945,133147.70231009056,1004,11,407.44444444444446,34,2,19,34.93250320027928,0.6326593137254903,44.25595238095237,1022.9761904761896,30.087535014005574,0
1033,4,0,0,36,0.0,0.0,1.0,36,950,600,350,0.631578947368421,13,6,7,364.9151278815574,0.403207671957672,0.11810660032417375,0.2116029164496137,130942.84664619755,2356.605125814454,133299.451772012,1005,12,408.44444444444446,35,1,19,34.788933808285265,0.6318452380952382,44.1261574074074,1023.4953703703691,29.24272486772483,0
1034,4,0,0,36,0.0,0.0,1.0,36,1150,1100,50,0.9565217391304348,12,11,1,362.7918079585627,0.40322420634920636,0.10842374924653475,0.21118302084324747,131090.96364883397,2311.745541838134,133402.70919067212,1006,13,409.44444444444446,35,1,19,34.6933393610609,0.6333333333333333,43.98148148148148,1024.0740740740737,29.25925925925925,0
1035,4,1,0,37,0.02702702702702703,0.0,1.0,37,800,400,400,0.5,12,4,8,358.62787233654603,0.4060623123123123,0.11938386066391482,0.21054236719877142,131417.11576485337,2026.1824577760606,133443.29822262944,1007,0,399.35135135135135,35,2,20,34.47024212665085,0.6366071428571429,43.66319444444444,1025.3472222222222,29.29563492063492,0
1036,4,1,1,37,0.02631578947368421,0.02631578947368421,0.9736842105263158,38,850,600,250,0.7058823529411765,11,6,5,352.0092395165908,0.4077465623518255,0.1121561447787136,0.20789761501715437,131645.7436110097,1668.1036188215282,133313.84722983124,1008,0,389.8157894736842,36,2,19,34.409177365668086,0.6368634259259258,43.44031531531532,1026.2387387387391,28.50663163163164,0
1037,4,1,1,37,0.02631578947368421,0.02631578947368421,0.9736842105263158,38,800,500,300,0.625,11,5,6,352.1963669561452,0.40893195827406353,0.11789415942489256,0.2083238082287648,131703.53366457685,1677.101214390074,133380.63487896693,1009,0,390.7894736842105,36,2,19,34.34608703602121,0.6374421296296295,43.38400900900901,1026.4639639639647,28.51288788788791,0
1038,4,0,0,37,0.0,0.0,1.0,37,1000,400,600,0.4,16,4,12,359.0417389182245,0.40553053053053056,0.1211840750859523,0.2117300506979898,131587.96623904307,2049.1144438357264,133637.0806828788,1010,3,402.35135135135135,36,1,19,34.28707972048439,0.6362847222222222,43.49662162162162,1026.0135135135133,28.50037537537537,0
1039,4,0,0,37,0.0,0.0,1.0,37,1050,700,350,0.6666666666666666,14,7,7,357.17812900585125,0.40546796796796797,0.11892841041216795,0.21079061602987798,131616.85333982628,2002.1322843113321,133618.98562413763,1011,4,403.35135135135135,36,1,19,34.30572322212466,0.6365740740740742,43.468468468468465,1026.1261261261259,28.503503503503495,0
1040,4,1,0,38,0.02631578947368421,0.0,1.0,38,1350,1200,150,0.8888888888888888,15,12,3,350.9941694980121,0.40879860123281175,0.1272313655001971,0.20894633851311106,131946.99931709733,1662.5254886118519,133609.5248057092,1012,0,393.7105263157895,37,1,20,34.131536819637134,0.6379504504504505,43.14692982456139,1027.4122807017525,27.767899478425743,0
1041,4,1,1,38,0.02564102564102564,0.02564102564102564,0.9743589743589743,39,600,400,200,0.6666666666666666,8,4,4,342.35183630178466,0.4122244714349978,0.12369058177721315,0.2053471107836313,132233.12428090078,1254.0505834976998,133487.1748643985,1013,0,384.5897435897436,38,1,20,34.06564869637477,0.6389802631578947,42.868589743589745,1028.5256410256413,27.06646423751688,0
1042,4,0,0,38,0.0,0.0,1.0,38,950,500,450,0.5263157894736842,14,5,9,347.9330133333334,0.40825035561877665,0.1302315789473687,0.20789496494582538,132087.85545792934,1591.5451148430252,133679.40057277237,1014,2,395.7105263157895,37,1,20,34.06833333333334,0.6393581081081081,43.00986842105263,1027.9605263157891,27.78271692745376,0
1043,4,1,1,38,0.02564102564102564,0.02564102564102564,0.9743589743589743,39,950,700,250,0.7368421052631579,12,7,5,338.48597663105267,0.4102564102564103,0.11944160490672151,0.2037685579318936,132370.51647308053,1161.1127091094977,133531.62918219002,1015,0,386.53846153846155,38,1,20,34.02698470376522,0.6403508771929824,42.73504273504273,1029.0598290598286,27.080521817363913,0
1044,4,0,0,38,0.0,0.0,1.0,38,1150,800,350,0.6956521739130435,15,8,7,344.2277695032576,0.40694642010431487,0.12504978208069417,0.20691154139968393,132313.38158135198,1509.1880434364398,133822.56962478842,1016,4,397.7105263157895,37,1,20,33.93670734306724,0.6416103603603605,42.790570175438596,1028.8377192982457,27.806424845898533,0
1045,4,0,1,37,0.0,0.02631578947368421,0.9736842105263158,38,1250,900,350,0.72,16,9,7,342.4084971069841,0.4067389758179232,0.12284253142978874,0.20628024094006125,132398.0034722223,1466.8402777777815,133864.8437500001,1017,5,398.7105263157895,37,1,20,33.89844804318488,0.642454954954955,42.708333333333336,1029.1666666666672,27.81531531531533,0
1046,4,0,1,36,0.0,0.02702702702702703,0.972972972972973,37,700,500,200,0.7142857142857143,9,5,4,344.26346727279804,0.4049674674674675,0.12499482637308046,0.20787692323698295,132484.9405993833,1721.9450024348857,134206.88560181818,1018,6,404.43243243243245,36,1,21,33.763354116531765,0.6452546296296295,42.62387387387388,1029.5045045045056,28.597347347347377,0
1047,4,1,0,37,0.02702702702702703,0.0,1.0,37,800,400,400,0.5,12,4,8,343.87800612738994,0.40797047047047047,0.12453236091985254,0.20828531417490814,132600.90115453317,1719.706699943215,134320.6078544764,1019,0,398.94594594594594,36,1,22,33.656789853487865,0.646412037037037,42.511261261261275,1029.954954954957,28.609859859859917,0
1048,4,0,0,37,0.0,0.0,1.0,37,1250,1000,250,0.8,15,10,5,344.0019110752783,0.4075325325325325,0.12057303204844172,0.20900514517521912,132716.91243608494,1730.9743020047313,134447.88673808967,1020,1,399.94594594594594,36,1,19,33.537112932604735,0.6475694444444443,42.39864864864866,1030.405405405407,28.622372372372418,0
1049,4,0,0,37,0.0,0.0,1.0,37,650,400,250,0.6153846153846154,9,4,5,346.2675824620911,0.4067817817817818,0.11465080986601617,0.21103418441131747,132832.9744440389,1799.1505863972409,134632.12503043615,1021,2,400.94594594594594,36,1,19,33.36223690918359,0.6487268518518517,42.28603603603605,1030.8558558558582,28.63488488488495,0
1050,4,0,0,37,0.0,0.0,1.0,37,800,500,300,0.625,11,5,6,345.22174967040263,0.4068130630630631,0.11248807293043761,0.21080943726626436,132906.30290089283,1776.4292859341608,134682.732186827,1022,3,401.94594594594594,37,0,19,33.31561037856231,0.6475225225225224,42.21491228070177,1031.1403508771948,27.868658131816076,0
1051,4,0,0,37,0.0,0.0,1.0,37,950,600,350,0.631578947368421,13,6,7,345.85470029848665,0.4056869369369369,0.11265857694429093,0.21183600393282315,133019.39058171754,1801.0762927054548,134820.466874423,1023,4,402.94594594594594,37,0,19,33.18585246598638,0.6486486486486486,42.10526315789474,1031.5789473684217,27.880512091038426,0
1052,4,0,0,37,0.0,0.0,1.0,37,1500,1300,200,0.8666666666666667,17,13,4,339.2899535128851,0.40540540540540543,0.114492165155615,0.20130026584801586,131819.1518165126,1570.4232985465624,133389.57511505915,1024,5,403.94594594594594,36,1,19,34.560852798186936,0.638599537037037,43.271396396396405,1026.9144144144157,28.525400400400436,6
1053,4,0,0,37,0.0,0.0,1.0,37,950,600,350,0.631578947368421,13,6,7,336.76796415238135,0.4047797797797798,0.11137315785419233,0.20026058468044505,131905.8987196658,1484.336194302429,133390.23491396822,1025,6,404.94594594594594,36,1,19,34.53829569538842,0.6394675925925926,43.186936936936945,1027.2522522522538,28.53478478478483,0
1054,4,0,0,37,0.0,0.0,1.0,37,900,600,300,0.6666666666666666,12,6,6,338.0453604973679,0.40409159159159164,0.1099994810257241,0.20183676492371516,132059.67821829798,1528.4323060941924,133588.11052439216,1026,7,405.94594594594594,37,0,19,34.35077519379846,0.6390765765765765,43.03728070175439,1027.8508771929828,27.779753437648186,0
1055,4,1,0,38,0.02631578947368421,0.0,1.0,38,1150,800,350,0.6956521739130435,15,8,7,330.21558387553335,0.40750948316737795,0.01707054388799123,0.1848132426934497,129563.94184989617,964.3208727685467,130528.26272266472,1027,0,396.2368421052632,37,1,15,37.072226709746914,0.6140202702702702,45.47697368421053,1018.0921052631583,27.516002844950222,5
1056,4,0,0,38,0.0,0.0,1.0,38,1200,800,400,0.6666666666666666,16,8,8,328.1907014935523,0.4073464912280702,0.023676280671545147,0.18459733645751142,129759.37307633122,917.1639350569435,130676.53701138817,1028,1,397.2368421052632,37,1,16,36.925581145071035,0.6159909909909909,45.28508771929825,1018.8596491228074,27.536747273589388,0
1057,4,1,1,38,0.02564102564102564,0.02564102564102564,0.9743589743589743,39,850,600,250,0.7058823529411765,11,6,5,320.20527505974417,0.4107343679712101,0.023795516514217407,0.18117127151424184,129990.07100820012,524.7012884432866,130514.77229664341,1029,0,388.02564102564105,38,1,16,36.895407717827815,0.6165021929824561,45.05876068376069,1019.7649572649581,26.835919928025213,0
1058,4,1,1,38,0.02564102564102564,0.02564102564102564,0.9743589743589743,39,750,500,250,0.6666666666666666,10,5,5,321.3758607981246,0.41146536212325685,0.028920348182943645,0.18208755745042726,130044.55133912283,558.6359257433147,130603.18726486615,1030,0,389.0,38,1,16,36.81042910512901,0.6170504385964912,45.00534188034189,1019.9786324786339,26.841542959964052,0
1059,4,0,1,37,0.0,0.02631578947368421,0.9736842105263158,38,1300,900,400,0.6923076923076923,17,9,8,327.8520356447616,0.40657598387861543,0.03374892519346462,0.1859960572950529,130094.74068944319,930.3651123422875,131025.10580178548,1031,4,400.2368421052632,37,1,16,36.59447549441101,0.6193693693693693,44.956140350877206,1020.1754385964936,27.572309151256583,0
1060,4,2,1,38,0.05128205128205128,0.02564102564102564,0.9743589743589743,39,850,500,350,0.5882352941176471,12,5,7,320.95048230948333,0.4081477732793522,0.04387404784894344,0.18350996476547035,130398.95171305444,570.3212889911797,130969.27300204562,1032,0,390.43589743589746,38,1,17,36.46290969316596,0.6206140350877192,44.658119658119666,1021.3675213675226,26.878092667566385,0
1061,4,1,0,39,0.02564102564102564,0.0,1.0,39,1000,900,100,0.9,11,9,2,320.8955037942108,0.4096097615834458,0.0581600433158036,0.1842548853118502,130562.68376981537,579.3956370078376,131142.0794068232,1033,0,391.4102564102564,38,1,16,36.29891455850582,0.6222587719298245,44.49786324786326,1022.0085470085485,26.894961763382856,0
1062,4,0,0,39,0.0,0.0,1.0,39,1050,500,550,0.47619047619047616,16,5,11,320.0006209333053,0.40904745838956363,0.06016036692037052,0.18439048422352014,130699.20562358483,564.7653910073923,131263.9710145922,1034,1,392.4102564102564,38,1,16,36.18395848570333,0.6236293859649122,44.364316239316246,1022.5427350427367,26.909019343229915,0
1063,4,1,0,40,0.025,0.0,1.0,40,900,600,300,0.6666666666666666,12,6,6,315.05011968992426,0.4111378205128205,0.06820309320309348,0.18299719718159457,131008.00781250026,254.81770833336367,131262.82552083363,1035,0,383.575,39,1,17,35.999185999186004,0.6249999999999998,44.062500000000014,1023.750000000002,26.250000000000053,0
1064,4,1,0,41,0.024390243902439025,0.0,1.0,41,1100,800,300,0.7272727272727273,14,8,6,324.0574495320898,0.4139735772357724,0.15099628115099084,0.17803065970348086,128830.99500868068,157.06380208334187,128988.05881076402,1036,0,375.1951219512195,39,2,15,37.973271085573565,0.6030982905982906,46.19791666666667,1015.2083333333344,26.030982905982935,6
1065,4,1,0,42,0.023809523809523808,0.0,1.0,42,1000,600,400,0.6,14,6,8,320.824277453367,0.42010259388308174,0.1610526526466427,0.1780340902929267,129228.54487407759,-107.00572482925713,129121.53914924833,1037,0,367.23809523809524,38,4,17,37.651483310567045,0.6088267543859649,45.806623931623925,1016.7735042735032,26.757197480881665,0
1066,4,0,1,41,0.0,0.023809523809523808,0.9761904761904762,42,1450,1300,150,0.896551724137931,16,13,3,322.37585831674875,0.41976384049554777,0.15820594750553862,0.17963635452021018,129391.54071015022,-57.458200927778535,129334.08250922244,1038,1,368.23809523809524,38,4,19,37.44662046273935,0.6104714912280702,45.64636752136751,1017.4145299145277,26.7740665766981,0
1067,4,0,1,40,0.0,0.024390243902439025,0.975609756097561,41,1300,1100,200,0.8461538461538461,15,11,4,360.3241536296695,0.4188516260162602,0.18720901479155438,0.1866320418545995,126457.07242853564,927.49235776397,127384.56478629961,1039,2,377.4634146341463,37,4,14,39.48669555579781,0.5824887387387387,48.547149122807014,1005.8114035087714,27.18409198672355,5
1068,4,3,2,41,0.06976744186046512,0.046511627906976744,0.9534883720930233,43,1050,600,450,0.5714285714285714,15,6,9,349.70288914691594,0.4242801771871539,0.1925812031520273,0.18397412863816026,127092.01388888899,290.47892139890183,127382.49281028789,1040,0,360.74418604651163,39,4,17,39.10123966942149,0.5854700854700854,47.91666666666667,1008.3333333333343,25.85470085470088,0
1069,4,5,4,42,0.10869565217391304,0.08695652173913043,0.9130434782608696,46,1150,600,550,0.5217391304347826,17,6,11,332.09525011994674,0.4260165056360709,0.2092899279003717,0.177844334698249,127810.33631601541,-710.9588786436826,127099.37743737173,1041,0,338.04347826086956,40,6,15,38.8100921273032,0.5911458333333335,47.20528455284552,1011.1788617886164,25.27947154471541,0
1070,4,3,1,44,0.06666666666666667,0.022222222222222223,0.9777777777777777,45,1250,900,350,0.72,16,9,7,342.54715397278153,0.423989898989899,0.23367994783623258,0.1841262040142573,127960.0273980036,-233.5313585069345,127726.49603949666,1042,0,346.46666666666664,39,6,18,38.392811180891584,0.594284188034188,47.05729166666667,1011.7708333333344,25.94284188034191,0
1071,4,3,2,45,0.06382978723404255,0.0425531914893617,0.9574468085106383,47,1800,1400,400,0.7777777777777778,22,14,8,374.12983924058665,0.4324892075238976,0.23302284537699736,0.19238430122087063,126160.08659122103,122.57825226125243,126282.66484348229,1043,0,332.6595744680851,35,12,16,39.446044546851,0.5833333333333333,48.8425925925926,1004.6296296296312,28.70370370370375,6
1072,4,5,4,46,0.1,0.08,0.92,50,950,700,250,0.7368421052631579,12,7,5,343.25523417609423,0.44249149659863946,0.20703502284098363,0.18033649274371483,127036.73846760545,-1259.87987994406,125776.8585876614,1044,0,313.5,37,13,16,39.32048074831412,0.5884009009009008,47.97149122807018,1008.1140350877196,27.24632527264107,2
1073,4,3,1,48,0.061224489795918366,0.02040816326530612,0.9795918367346939,49,1550,1100,450,0.7096774193548387,20,11,9,351.53000176124317,0.43980300453514737,0.2303825740460228,0.18560187918550938,127237.93730977809,-854.3975117492091,126383.53979802888,1045,0,320.83673469387753,35,14,18,38.905419486826496,0.5943452380952381,47.77199074074075,1008.9120370370382,28.826058201058235,0
1074,4,4,1,51,0.07692307692307693,0.019230769230769232,0.9807692307692307,52,1800,1500,300,0.8333333333333334,21,15,6,325.55416824927875,0.44473510558069385,0.2384542310128126,0.17544369681420185,128063.4142833663,-2061.6843359631694,126001.72994740313,1046,0,303.25,38,14,19,38.71714692843574,0.5970394736842104,46.95512820512821,1012.179487179488,26.63630229419705,0
1075,4,4,5,50,0.07272727272727272,0.09090909090909091,0.9090909090909091,55,1500,1000,500,0.6666666666666666,20,10,10,308.1948815682548,0.44827441077441077,0.26463918463918445,0.16935461313899167,128840.02267995251,-3058.4072116631187,125781.6154682894,1047,0,287.6363636363636,40,15,14,38.366700033366705,0.6015625,46.18902439024391,1015.2439024390252,25.38109756097563,0
1076,4,0,3,47,0.0,0.06,0.94,50,1550,1300,250,0.8387096774193549,18,13,5,346.0678061199937,0.4380612244897959,0.2645330444203684,0.1863597345675344,128033.53555901808,-1138.3430478608889,126895.19251115719,1048,1,317.28,37,13,19,38.22860238353197,0.5985360360360361,46.984649122807014,1012.0614035087713,27.353010905642467,0
1077,4,0,0,47,0.0,0.0,1.0,47,1000,600,400,0.6,14,6,8,356.53824390082957,0.4387141535615171,0.2550255480155892,0.1918474646522668,128002.04554216377,-272.47509333658365,127729.57044882719,1049,2,329.8085106382979,36,11,19,37.99591030491877,0.6001157407407407,47.015765765765764,1011.9369369369368,28.109359359359356,0
1078,4,0,0,47,0.0,0.0,1.0,47,1750,1300,450,0.7428571428571429,22,13,9,358.0275042718886,0.43892614862781376,0.25757511336096206,0.19362619064468872,128204.80619331053,-219.6721205830903,127985.13407272745,1050,3,330.8085106382979,34,13,20,37.75077387249717,0.6063112745098039,46.81547619047618,1012.7380952380942,29.7864145658263,0
1079,4,0,1,46,0.0,0.02127659574468085,0.9787234042553191,47,1150,800,350,0.6956521739130435,15,8,7,351.0046489243307,0.43865633672525445,0.24691742191450516,0.1900985573877313,128261.7455418379,-358.31763003558183,127903.42791180231,1051,4,331.8085106382979,35,12,20,37.87039152955514,0.6047619047619048,46.759259259259245,1012.962962962961,28.941798941798886,3
1080,4,2,3,45,0.041666666666666664,0.0625,0.9375,48,750,400,350,0.5333333333333333,11,4,7,341.3074542768977,0.4389406028368794,0.24448223209328157,0.18615830561862298,128543.9128951587,-825.4008653924179,127718.51202976628,1052,0,325.7291666666667,36,12,16,37.828058486026286,0.6056134259259259,46.48085585585586,1014.0765765765768,28.1687937937938,0
1081,4,0,1,44,0.0,0.022222222222222223,0.9777777777777777,45,900,600,300,0.6666666666666666,12,6,6,367.9994580771899,0.43411195286195287,0.2502057613168722,0.19871970736168282,128144.53125000013,431.4236111111265,128575.95486111126,1053,6,348.26666666666665,33,12,20,37.56001371742113,0.6079545454545454,46.87500000000001,1012.500000000001,30.681818181818212,0
1082,4,1,1,44,0.022222222222222223,0.022222222222222223,0.9777777777777777,45,900,500,400,0.5555555555555556,13,5,8,359.70732030002165,0.4368476430976431,0.239717034078599,0.19541725703344504,128385.7160572562,236.2563775510145,128621.97243480722,1054,0,347.55555555555554,34,11,18,37.52324875680332,0.6081495098039216,46.63690476190476,1013.4523809523806,29.807422969187666,0
1083,4,0,0,44,0.0,0.0,1.0,44,1350,700,650,0.5185185185185185,20,7,13,367.5767513879364,0.433282681465821,0.252484335495218,0.1997279720090826,128392.8131608037,638.8426326413112,129031.65579344501,1055,8,356.45454545454544,33,11,18,37.31660620717453,0.6104797979797979,46.62990196078432,1013.480392156864,30.711527035056484,0
1084,4,2,2,44,0.043478260869565216,0.043478260869565216,0.9565217391304348,46,1250,1000,250,0.8,15,10,5,349.19132149901355,0.43484299516908215,0.23828316610925282,0.19235115167318564,128936.76757812513,-195.27994791665245,128741.48763020847,1056,0,341.9130434782609,35,11,18,37.2275641025641,0.6116071428571428,46.09375000000001,1015.625000000001,29.01785714285717,0
1085,4,3,1,46,0.06382978723404255,0.02127659574468085,0.9787234042553191,47,1050,800,250,0.7619047619047619,13,8,5,371.89742139295777,0.4368061979648474,0.30379860687766636,0.20249862152061598,128476.2188208619,169.55826601476053,128645.77708687667,1057,0,335.5744680851064,34,13,16,37.121790355409416,0.6090686274509803,46.54761904761906,1013.8095238095257,29.8179271708684,3
1086,4,2,2,46,0.041666666666666664,0.041666666666666664,0.9583333333333334,48,1900,1500,400,0.7894736842105263,23,15,8,360.9165583751169,0.43888519503546103,0.29296592938851496,0.19822161136557,128819.24518014844,-301.40027542008147,128517.84490472836,1058,0,329.5416666666667,35,13,16,37.04977102572873,0.6104166666666666,46.20949074074075,1015.1620370370381,29.004629629629658,0
1087,4,3,3,46,0.061224489795918366,0.061224489795918366,0.9387755102040817,49,1650,1100,550,0.6666666666666666,22,11,11,354.0241710852432,0.43966128117913833,0.29426197071626414,0.19589626879486963,129115.53603857252,-657.9958759434903,128457.54016262903,1059,0,323.7551020408163,36,13,19,36.922668513388736,0.6114004629629629,45.9177927927928,1016.3288288288302,28.231356356356393,0
1088,4,0,0,46,0.0,0.0,1.0,46,900,700,200,0.7777777777777778,11,7,4,370.6154312088087,0.4360507246376812,0.2953988183537497,0.20380264427981468,128868.76594387743,352.1506519274201,129220.91659580485,1060,1,327.0,34,12,19,36.75303865244069,0.6130514705882353,46.16071428571428,1015.3571428571419,29.86344537815123,0
1089,4,2,1,47,0.041666666666666664,0.020833333333333332,0.9791666666666666,48,1050,500,550,0.47619047619047616,16,5,11,356.32029359355244,0.4415909426713948,0.2932692307692313,0.19818624937342633,129319.08543381334,-383.7683890428699,128935.31704477046,1061,0,314.3333333333333,35,13,20,36.656994386284325,0.6154761904761905,45.71759259259259,1017.1296296296288,29.060846560846535,0
1090,4,2,2,47,0.04081632653061224,0.04081632653061224,0.9591836734693877,49,1500,1100,400,0.7333333333333333,19,11,8,350.3085815842351,0.4429917800453515,0.30163567582443696,0.19696965429413124,129745.78622118723,-709.7875324649142,129035.9986887223,1062,0,308.8775510204082,36,13,16,36.37600862164254,0.6177662037037038,45.298423423423415,1018.8063063063048,28.300175175175134,0
1091,4,1,0,48,0.020833333333333332,0.0,1.0,48,750,400,350,0.5333333333333333,11,4,7,356.7715710689261,0.4405012559101655,0.3020466424269972,0.20037948927744817,129701.96926708221,-345.2049307699228,129356.76433631229,1063,0,316.2708333333333,35,13,17,36.255941559671236,0.6193452380952382,45.34143518518517,1018.6342592592571,29.103835978835917,0
1092,4,1,1,48,0.02040816326530612,0.02040816326530612,0.9795918367346939,49,1350,900,450,0.6666666666666666,18,9,9,348.7038638264929,0.44028132086167804,0.30675795053003485,0.19736638692579483,130004.05811216612,-733.4165246327585,129270.64158753336,1064,0,310.7959183673469,36,13,19,36.154667255594795,0.6203703703703705,45.045045045045036,1019.819819819819,28.328328328328308,0
1093,4,0,0,48,0.0,0.0,1.0,48,1100,700,400,0.6363636363636364,15,7,8,356.6431513953927,0.43948544621749414,0.3105127186009542,0.20106271390447017,129849.38298396753,-338.02136917012433,129511.36161479741,1065,1,318.1666666666667,35,13,20,36.109376182905585,0.6208333333333336,45.196759259259245,1019.212962962961,29.120370370370313,0
1094,4,0,0,48,0.0,0.0,1.0,48,1250,700,550,0.56,18,7,11,359.70835947696435,0.4388390218676123,0.3185726447219075,0.20340376424852719,129967.37423911167,-249.92980538410166,129717.44443372756,1066,2,319.1666666666667,35,13,20,35.9113696556943,0.6220238095238095,45.08101851851851,1019.6759259259248,29.133597883597854,0
1095,4,2,1,49,0.04,0.02,0.98,50,1650,1000,650,0.6060606060606061,23,10,13,341.3583883802441,0.44371598639455784,0.31072375127421004,0.19583191754445584,130528.56445312499,-1087.9261241855277,129440.63832893946,1067,0,307.36,35,15,18,35.810609921848474,0.6276785714285715,44.53125,1021.8749999999999,29.19642857142857,0
1096,4,2,1,50,0.0392156862745098,0.0196078431372549,0.9803921568627451,51,1650,1100,550,0.6666666666666666,22,11,11,329.1391769677552,0.44527777777777783,0.3026579084312744,0.18027727273850966,128711.08596280306,-1713.9357192209707,126997.15024358209,1068,0,302.29411764705884,40,11,19,37.96632448673007,0.6002604166666667,46.316056910569095,1014.7357723577222,25.368394308943056,6
1097,4,1,1,50,0.0196078431372549,0.0196078431372549,0.9803921568627451,51,1400,900,500,0.6428571428571429,19,9,10,330.2827548703955,0.4454411764705883,0.3120019445130786,0.18327970268845534,129227.86593967008,-1662.7207980766525,127565.14514159343,1069,0,303.2549019607843,39,12,19,37.41174486903665,0.6071047008547009,45.807291666666664,1016.7708333333328,26.071047008546994,2
1098,4,4,3,51,0.07407407407407407,0.05555555555555555,0.9444444444444444,54,1100,600,500,0.5454545454545454,16,6,10,312.98482516670055,0.4470067551828558,0.3067142837017309,0.17619638230476573,129793.15020131003,-2675.3427152815334,127117.8074860285,1070,0,287.31481481481484,42,12,17,37.27871021934828,0.6081349206349207,45.251937984496124,1018.9922480620156,24.261720191952755,0
1099,4,2,2,51,0.03773584905660377,0.03773584905660377,0.9622641509433962,53,1650,1400,250,0.8484848484848485,19,14,5,318.5207504986023,0.4466315916787615,0.3185264244630883,0.1792617330614324,129781.98346757678,-2332.349044942055,127449.63442263473,1071,0,293.6981132075472,41,12,19,37.148991497095395,0.6095020325203251,45.26289682539682,1018.9484126984121,24.852400309717368,0
1100,4,2,0,53,0.03773584905660377,0.0,1.0,53,1300,800,500,0.6153846153846154,18,8,10,321.26124482435125,0.4442731011127237,0.346271548402721,0.18233171312216495,130110.72137188206,-2240.093537414964,127870.62783446709,1072,0,294.39622641509436,41,12,21,36.74640217814079,0.6128048780487805,44.94047619047619,1020.2380952380951,24.883855981416954,0
1101,4,0,0,53,0.0,0.0,1.0,53,1350,900,450,0.6666666666666666,18,9,9,324.86818570865404,0.44454523463957424,0.3506914326896098,0.1849789022001296,130237.26974875596,-2138.010893014615,128099.25885574135,1073,1,295.39622641509436,41,12,22,36.52636715586224,0.6140752032520325,44.81646825396825,1020.7341269841269,24.895954316686023,0
1102,4,1,1,53,0.018518518518518517,0.018518518518518517,0.9814814814814815,54,1450,1200,250,0.8275862068965517,17,12,5,316.6247478129148,0.4447865711623573,0.3385681260847264,0.18120836544211452,130435.75074364523,-2540.1626630010205,127895.58808064421,1074,0,290.9074074074074,42,12,22,36.53619648390565,0.6145833333333334,44.622093023255815,1021.5116279069769,24.32170542635659,0
1103,4,2,3,52,0.03636363636363636,0.05454545454545454,0.9454545454545454,55,1500,1000,500,0.6666666666666666,20,10,10,312.7687370709191,0.4454124579124579,0.3316973793869804,0.180330464048524,130722.17312507163,-2822.838200901066,127899.33492417056,1075,0,286.58181818181816,43,12,17,36.3456685804241,0.6160368217054264,44.341856060606055,1022.6325757575748,23.782152924594765,0
1104,4,0,2,50,0.0,0.038461538461538464,0.9615384615384616,52,1350,900,450,0.6666666666666666,18,9,9,371.74864197530883,0.4429989944695827,0.38976923076923087,0.2020373054213634,128401.20525931322,-818.5821565934866,127582.62310271974,1076,4,303.28846153846155,36,16,17,37.20231481481481,0.6041666666666667,46.621621621621614,1013.5135135135124,28.153153153153124,6
1105,4,4,3,51,0.07407407407407407,0.05555555555555555,0.9444444444444444,54,1250,700,550,0.56,18,7,11,352.1471270632896,0.44687572792918706,0.3734290179001234,0.19502633249651286,129149.73416121355,-1704.0584308282134,127445.67573038534,1077,0,286.037037037037,40,14,18,36.935529560754496,0.6046875,45.88414634146341,1016.4634146341461,25.411585365853654,0
1106,4,1,1,51,0.019230769230769232,0.019230769230769232,0.9807692307692307,52,1400,800,600,0.5714285714285714,20,8,12,365.8425320908606,0.4440987933634992,0.3877382608977058,0.2017651273271402,128984.24373584613,-962.4155343706813,128021.82820147545,1078,0,298.0192307692308,38,14,19,36.75632800448745,0.6063596491228072,46.04700854700854,1015.8119658119645,26.73189383715696,0
1107,4,1,3,49,0.019230769230769232,0.057692307692307696,0.9423076923076923,52,1250,900,350,0.72,16,9,7,363.4062727495083,0.4446958270487682,0.38545321925639775,0.20085145556212175,129069.04432508661,-1019.0999348958535,128049.94439019075,1079,0,299.0,39,13,19,36.73169742012644,0.6055021367521368,45.96354166666666,1016.1458333333318,26.055021367521327,0
1108,4,3,1,51,0.057692307692307696,0.019230769230769232,0.9807692307692307,52,1050,500,550,0.47619047619047616,16,5,11,354.0545582423084,0.4461884112619407,0.4012378902045213,0.19886135707805574,129703.5205544012,-1215.372015007037,128488.14853939415,1080,0,297.03846153846155,37,15,19,36.32355579476139,0.615427927927928,45.339912280701746,1018.6403508771917,27.530820293978156,0
1109,4,0,0,51,0.0,0.0,1.0,51,1250,700,550,0.56,18,7,11,355.4435593068952,0.4454901960784314,0.398105723341154,0.20044359222970154,129860.54202428783,-968.381345872896,128892.16067841493,1081,1,303.11764705882354,36,15,20,36.128604574080214,0.6189236111111112,45.185810810810814,1019.256756756757,28.312687687687696,0
1110,4,0,1,50,0.0,0.0196078431372549,0.9803921568627451,51,1550,1200,350,0.7741935483870968,19,12,7,355.6248315302366,0.44473856209150325,0.39809246728057546,0.2015800828536222,130061.4867401185,-949.3811378946519,129112.10560222385,1082,2,304.11764705882354,36,15,21,35.919905056303804,0.6209490740740742,44.98873873873874,1020.0450450450451,28.334584584584587,0
1111,4,0,0,50,0.0,0.0,1.0,50,1350,900,450,0.6666666666666666,18,9,9,361.0019035106785,0.44458333333333333,0.39018318252041473,0.20523207337602092,130176.38204082481,-601.2156582257691,129575.16638259904,1083,3,307.56,36,14,21,35.666105716177455,0.6221064814814814,44.87612612612614,1020.4954954954972,28.347097097097144,0
1112,4,0,1,49,0.0,0.02,0.98,50,1300,800,500,0.6153846153846154,18,8,10,359.3569397126553,0.4443707482993197,0.38968911295162645,0.2049146245548342,130293.8642138839,-635.5135377489928,129658.35067613491,1084,4,308.56,33,17,21,35.58883987516504,0.6297348484848486,44.761029411764696,1020.9558823529397,30.938057040998174,0
1113,4,0,0,49,0.0,0.0,1.0,49,1900,1500,400,0.7894736842105263,23,15,8,367.52634172833336,0.44483418367346944,0.39195617001479066,0.2089284174738048,130173.98787133474,-231.52608989199098,129942.46178144275,1085,5,314.9795918367347,35,14,21,35.502084042191235,0.624107142857143,44.878472222222214,1020.4861111111101,29.156746031746003,0
1114,4,1,2,48,0.02,0.04,0.96,50,1600,1200,400,0.75,20,12,8,333.0550627847923,0.44695578231292515,0.33104247104247064,0.1916916916916916,130654.64854570638,-1278.1235539086838,129376.5249917977,1086,0,309.66,37,13,14,35.895270270270245,0.625,44.4078947368421,1022.3684210526317,27.631578947368425,4
1115,4,0,0,48,0.0,0.0,1.0,48,1100,700,400,0.6363636363636364,15,7,8,348.7640727761422,0.4447676566193854,0.342468275549513,0.19962332725825085,130439.87509645052,-501.4515817901336,129938.42351466039,1087,7,323.375,35,13,19,35.71125084976207,0.6267857142857144,44.61805555555555,1021.5277777777769,29.186507936507912,0
1116,4,2,2,48,0.04,0.04,0.96,50,1550,1100,450,0.7096774193548387,20,11,9,333.1938104632972,0.4473639455782313,0.3318971612212107,0.19331039283249726,130963.11034404818,-1272.7804468682639,129690.32989717992,1088,0,311.4,37,13,17,35.58014193893949,0.6280968468468469,44.10635964912281,1023.5745614035088,27.66417733522997,0
1117,4,1,2,47,0.02040816326530612,0.04081632653061224,0.9591836734693877,49,1300,1000,300,0.7692307692307693,16,10,6,343.2326117244843,0.44506448412698413,0.3421960333429146,0.19893481985663986,130924.43795146496,-812.4926446717022,130111.94530679326,1089,0,318.734693877551,36,13,17,35.36233678110329,0.6296296296296295,44.14414414414414,1023.4234234234233,28.428428428428425,0
1118,4,0,0,47,0.0,0.0,1.0,47,900,600,300,0.6666666666666666,12,6,6,349.175964221648,0.44306968855997536,0.33957315673868127,0.20207724910305067,130866.819099505,-260.89045126206514,130605.92864824293,1090,10,326.3829787234043,36,11,17,35.268545014307726,0.6290509259259258,44.200450450450454,1023.198198198199,28.422172172172193,0
1119,4,0,1,46,0.0,0.02127659574468085,0.9787234042553191,47,1650,1100,550,0.6666666666666666,22,11,11,350.04126782887533,0.4428576934936787,0.3395228608290901,0.2029369685661316,130935.05333371794,-233.46558556480306,130701.58774815314,1091,11,327.3829787234043,37,10,18,35.177398042996934,0.6278153153153154,44.133771929824555,1023.4649122807007,27.661213845424342,0
1120,4,0,1,45,0.0,0.021739130434782608,0.9782608695652174,46,1350,1100,250,0.8148148148148148,16,11,5,353.95636632979364,0.4426328502415459,0.34311396214461065,0.20505740328714853,130906.99932912049,67.07316193444115,130974.07249105493,1092,12,335.04347826086956,37,9,18,35.105606450230376,0.6275337837837838,44.161184210526315,1023.3552631578946,27.658250355618772,0
1121,4,0,0,45,0.0,0.0,1.0,45,1100,700,400,0.6363636363636364,15,7,8,355.4984866283969,0.4403409090909091,0.3412509780907669,0.20604402082135667,130924.43795146499,308.6879108838523,131233.12586234885,1093,13,343.22222222222223,36,9,19,35.04850718896712,0.6296296296296295,44.14414414414414,1023.4234234234235,28.428428428428433,0
1122,4,0,0,45,0.0,0.0,1.0,45,1000,600,400,0.6,14,6,8,357.79724949087574,0.4396043771043771,0.34524532029083876,0.2078875493774927,131019.23338190599,375.6642668898171,131394.8976487958,1094,14,344.22222222222223,37,8,19,34.89376941201672,0.6286599099099099,44.0515350877193,1023.7938596491229,27.670104314841158,0
1123,4,1,0,46,0.021739130434782608,0.0,1.0,46,950,500,450,0.5263157894736842,14,5,9,359.3944427742305,0.44099235104669887,0.34673667680832243,0.2111561513912257,131446.78605109744,249.33996636904567,131696.12601746648,1095,0,337.7173913043478,35,11,19,34.42061700526711,0.6369047619047619,43.63425925925926,1025.4629629629633,29.298941798941808,2
1124,4,0,0,46,0.0,0.0,1.0,46,1000,500,500,0.5,15,5,10,357.80360225720807,0.4402878421900161,0.34564113882145153,0.21103984923553903,131595.187717014,217.04644097222854,131812.2341579862,1096,1,338.7173913043478,35,11,16,34.311548223350236,0.6383928571428571,43.489583333333336,1026.0416666666674,29.31547619047621,0
1125,4,0,0,46,0.0,0.0,1.0,46,1800,1500,300,0.8333333333333334,21,15,6,356.57982820173356,0.43951288244766507,0.3427707990975686,0.2116430082976827,131834.36850761762,201.89529470605726,132036.26380232367,1097,2,339.7173913043478,37,9,16,34.10162645028117,0.6368243243243243,43.25657894736842,1026.9736842105256,27.756045519203393,0
1126,4,0,0,46,0.0,0.0,1.0,46,1150,800,350,0.6956521739130435,15,8,7,354.6745163540969,0.4392713365539453,0.3435738378809743,0.21129401733974834,131975.1645337988,161.64553035548317,132136.81006415427,1098,3,340.7173913043478,37,9,17,34.008621456265786,0.6382319819819819,43.119517543859644,1027.5219298245606,27.77086296823137,0
1127,4,0,0,46,0.0,0.0,1.0,46,1450,1100,350,0.7586206896551724,18,11,7,356.4731929751182,0.43918075684380037,0.34008528784648173,0.21379274617049943,132228.78674207453,227.20356263466516,132455.9903047092,1099,4,341.7173913043478,37,9,17,33.706911869225294,0.6407657657657657,42.87280701754386,1028.5087719298251,27.79753437648176,0
1128,4,0,0,46,0.0,0.0,1.0,46,1350,1000,350,0.7407407407407407,17,10,7,358.21577921217164,0.43870772946859904,0.3333186629913598,0.21564176317551215,132369.79316953314,283.38972087567333,132653.18289040882,1100,5,342.7173913043478,37,9,18,33.520134079204404,0.6421734234234233,42.735745614035096,1029.057017543861,27.812351825509758,0
1129,4,0,0,46,0.0,0.0,1.0,46,1550,1300,250,0.8387096774193549,18,13,5,359.819919320357,0.4383554750402576,0.3370694862611363,0.21710322656814438,132455.95838659623,332.0614577656711,132788.0198443619,1101,6,343.7173913043478,36,10,18,33.39213433978779,0.6449652777777777,42.65202702702704,1029.3918918918932,28.594219219219255,0
1130,4,0,0,46,0.0,0.0,1.0,46,1450,1100,350,0.7586206896551724,18,11,7,358.8378218749908,0.4377314814814815,0.3336194475222194,0.21684429645757053,132513.9259825705,310.2017135378758,132824.1276961084,1102,7,344.7173913043478,36,10,19,33.359081628932884,0.6455439814814814,42.59572072072073,1029.617117117118,28.6004754754755,0
1131,4,0,1,45,0.0,0.021739130434782608,0.9782608695652174,46,1200,800,400,0.6666666666666666,16,8,8,360.3668177012202,0.43794283413848634,0.3267238961693302,0.2184410391990102,132629.89921932077,359.08294274004675,132988.98216206083,1103,8,345.7173913043478,36,10,15,33.20305382456908,0.6467013888888888,42.48310810810811,1030.0675675675684,28.61298798798801,0
1132,4,0,0,45,0.0,0.0,1.0,45,1350,800,550,0.5925925925925926,19,8,11,360.55866298750385,0.4397516835016835,0.31556004943264826,0.2187684157635834,132666.15125868047,566.7860243055501,133232.93728298604,1104,9,330.5111111111111,35,10,16,33.1616531850354,0.6491071428571429,42.447916666666664,1030.2083333333328,29.434523809523796,0
1133,4,0,0,45,0.0,0.0,1.0,45,1600,1100,500,0.6875,21,11,10,361.3132696146011,0.4396464646464646,0.31050720568968715,0.21992444743117037,132785.41512613595,595.4264992712585,133380.84162540722,1105,10,331.5111111111111,35,10,17,33.02229552685756,0.6502976190476191,42.332175925925924,1030.671296296296,29.447751322751316,0
1134,4,0,0,45,0.0,0.0,1.0,45,1150,700,450,0.6086956521739131,16,7,9,357.91927909255054,0.43890993265993267,0.305809299367823,0.21890313630704966,132964.41139671192,518.1052544152701,133482.5166511272,1106,11,332.5111111111111,35,10,17,32.92992275464782,0.6520833333333333,42.1585648148148,1031.365740740739,29.467592592592545,0
1135,4,0,0,45,0.0,0.0,1.0,45,1700,1100,600,0.6470588235294118,23,11,12,356.4260669688457,0.438236531986532,0.3048986612818789,0.2185132022668697,133053.9547432268,484.7795567558009,133538.73429998258,1107,12,333.5111111111111,35,10,17,32.878524418517685,0.6529761904761906,42.071759259259245,1031.712962962961,29.47751322751317,0
1136,4,0,1,44,0.0,0.022222222222222223,0.9777777777777777,45,1000,600,400,0.6,14,6,8,354.8510229580518,0.43794191919191916,0.30291204067137745,0.2180707492568535,133143.52823055966,449.2234385716568,133592.7516691313,1108,13,334.5111111111111,35,10,17,32.82926339202273,0.6538690476190477,41.984953703703695,1032.0601851851839,29.487433862433825,0
1137,4,0,0,44,0.0,0.0,1.0,44,1100,700,400,0.6363636363636364,15,7,8,354.95035541874887,0.4373568534178999,0.2825199522979547,0.21848186473290657,133203.26063368033,656.1089409721981,133859.36957465252,1109,14,319.6818181818182,35,9,17,32.7667759838547,0.6544642857142857,41.92708333333332,1032.291666666665,29.49404761904757,0
1138,4,0,2,42,0.0,0.045454545454545456,0.9545454545454546,44,1550,1200,350,0.7741935483870968,19,12,7,360.5564578772683,0.4366080866807611,0.2857677616501144,0.2230052935935289,133382.53821855725,818.3871045524819,134200.92532310972,1110,15,320.6818181818182,35,9,18,32.442226890756295,0.65625,41.75347222222223,1032.9861111111122,29.51388888888892,0
1139,4,0,0,42,0.0,0.0,1.0,42,1100,900,200,0.8181818181818182,13,9,4,376.6001493144519,0.43351964769647694,0.2735137960441254,0.22873503805730377,132704.4802295917,1595.305413832184,134299.78564342388,1111,16,334.2142857142857,34,8,15,32.70989793953399,0.651654411764706,42.41071428571428,1030.3571428571418,30.304621848739462,4
1140,4,0,0,42,0.0,0.0,1.0,42,950,700,250,0.7368421052631579,12,7,5,376.17743966536773,0.4327090592334495,0.2756783665297007,0.22885229059614104,132765.81809807243,1588.7011054421591,134354.5192035146,1112,17,335.2142857142857,34,8,15,32.65902352624079,0.6522671568627452,42.35119047619047,1030.5952380952372,30.311624649859915,0
1141,4,0,0,42,0.0,0.0,1.0,42,1650,1200,450,0.7272727272727273,21,12,9,372.5052526818385,0.4322372241579559,0.27973854053281433,0.22754869525600024,132919.2247732426,1502.6218820861618,134421.84665532876,1113,18,336.2142857142857,34,8,16,32.59928422996998,0.6537990196078431,42.20238095238095,1031.190476190476,30.329131652661058,0
1142,4,1,1,42,0.023255813953488372,0.023255813953488372,0.9767441860465116,43,800,600,200,0.75,10,6,4,368.10478425922526,0.4341777408637874,0.27328058747137995,0.2263971355878464,133173.39275763032,1204.3526020233203,134377.74535965364,1114,0,329.3720930232558,35,8,16,32.45729610525528,0.6541666666666666,41.95601851851852,1032.175925925926,29.490740740740744,0
1143,4,0,1,41,0.0,0.023809523809523808,0.9761904761904762,42,1300,1000,300,0.7692307692307693,16,10,6,376.5200713793036,0.4323945025164537,0.2811304577232556,0.23037923011513323,132980.612244898,1613.9739229025013,134594.5861678005,1115,20,338.2142857142857,34,8,16,32.43401815943368,0.6544117647058822,42.142857142857146,1031.4285714285718,30.336134453781522,0
1144,4,0,0,41,0.0,0.0,1.0,41,1200,1000,200,0.8333333333333334,14,10,4,382.5463452453885,0.4316310975609756,0.2844736125041305,0.23358091065999284,132902.9775206652,1968.3096645521118,134871.2871852173,1116,21,345.780487804878,33,8,16,32.35678630853341,0.6559343434343433,42.21813725490197,1031.127450980393,31.24628639334524,0
1145,4,1,1,41,0.023809523809523808,0.023809523809523808,0.9761904761904762,42,1150,600,550,0.5217391304347826,17,6,11,373.820899351814,0.432624370886566,0.27885745028931597,0.23062037560296117,133287.7621882086,1565.1502267573699,134852.91241496598,1117,0,338.5238095238095,34,8,19,32.19487356851894,0.6574754901960784,41.845238095238095,1032.6190476190475,30.37114845938375,0
1146,4,0,1,40,0.0,0.024390243902439025,0.975609756097561,41,1400,900,500,0.6428571428571429,19,9,10,384.7087780488072,0.43099593495934957,0.286269924872955,0.23770715406124265,133345.61827181865,2059.845972702821,135405.46424452146,1118,23,347.780487804878,33,8,19,31.85562015503877,0.6603535353535352,41.78921568627452,1032.843137254903,31.298276886512213,0
1147,4,0,0,40,0.0,0.0,1.0,40,1000,400,600,0.4,16,4,12,384.96480871480696,0.43127670940170937,0.26583419748819015,0.23848034081626054,133441.47002551032,2274.053996598649,135715.52402210896,1119,24,333.325,34,6,19,31.752650074893417,0.6590073529411764,41.69642857142858,1033.2142857142865,30.388655462184897,0
1148,4,0,0,40,0.0,0.0,1.0,40,800,700,100,0.875,9,7,2,387.87243318638275,0.43102297008547014,0.26515888072089133,0.2408922018773163,133535.54672481754,2358.955028089689,135894.50175290724,1120,25,334.325,33,7,19,31.582977630226864,0.6622474747474746,41.605392156862756,1033.5784313725503,31.32055852644092,0
1149,4,1,1,40,0.024390243902439025,0.024390243902439025,0.975609756097561,41,1250,1000,250,0.8,15,10,5,384.07482606880467,0.4327997967479675,0.25863084717803675,0.24091966362497788,133903.12500000023,2085.7638888889182,135988.88888888914,1121,0,327.1463414634146,34,7,17,31.312063875469683,0.6636029411764705,41.250000000000014,1035.0000000000018,30.44117647058829,0
1150,4,0,0,40,0.0,0.0,1.0,40,1200,900,300,0.75,15,9,6,392.58616584429467,0.4296207264957265,0.26814817008172454,0.24570830231455762,133820.6928374905,2507.230542339496,136327.92337983,1122,27,336.325,33,7,17,31.174617039756807,0.6650883838383839,41.329656862745104,1034.6813725490204,31.35398098633395,0
1151,4,0,0,40,0.0,0.0,1.0,40,750,500,250,0.6666666666666666,10,5,5,392.1395239324315,0.42896634615384616,0.26820388349514523,0.24606318121347073,133915.80912389464,2502.736327374081,136418.54545126873,1123,28,337.325,33,7,17,31.090654353145457,0.6660353535353536,41.23774509803921,1035.049019607843,31.365121806298276,0
1152,4,0,0,40,0.0,0.0,1.0,40,1300,900,400,0.6923076923076923,17,9,8,393.59128231773343,0.4290998931623931,0.26761868118858767,0.24718703061248296,133947.52206182727,2544.1153943195,136491.63745614677,1124,29,338.325,33,7,17,31.021245215263807,0.6663510101010102,41.20710784313726,1035.1715686274515,31.368835412953075,0
1153,4,0,0,40,0.0,0.0,1.0,40,1050,700,350,0.6666666666666666,14,7,7,395.0849433755401,0.4282184829059829,0.2715152053011476,0.24898306163062564,134074.41135921286,2594.1562439926984,136668.56760320556,1125,30,339.325,33,7,18,30.855199581903513,0.6676136363636364,41.08455882352941,1035.6617647058827,31.383689839572202,0
1154,4,0,0,40,0.0,0.0,1.0,40,1400,800,600,0.5714285714285714,20,8,12,393.85618530154767,0.42725694444444445,0.26282309017805905,0.2493467704036344,134242.1786422903,2574.4224773242718,136816.60111961456,1126,31,340.325,34,6,18,30.718696151637005,0.6669730392156863,40.92261904761905,1036.309523809524,30.479691876750707,0
1155,4,0,0,40,0.0,0.0,1.0,40,850,600,250,0.7058823529411765,11,6,5,392.15650841071044,0.4268696581196581,0.26160273343287055,0.24868949153183206,134303.87081916092,2533.627409297044,136837.49822845796,1127,32,341.325,34,6,19,30.70087286091651,0.6675857843137255,40.863095238095234,1036.5476190476184,30.486694677871128,0
1156,4,0,0,40,0.0,0.0,1.0,40,1150,900,250,0.782608695652174,14,9,5,393.2355106284482,0.4259882478632479,0.26508264462809916,0.2504289304528539,134458.16326530615,2574.744897959186,137032.90816326533,1128,33,342.325,34,6,19,30.518250688705233,0.6691176470588236,40.714285714285715,1037.1428571428573,30.504201680672274,0
1157,4,0,0,40,0.0,0.0,1.0,40,900,600,300,0.6666666666666666,12,6,6,391.0833063054032,0.4257745726495727,0.2602478769795731,0.2494802292200061,134519.90504535148,2521.6978458049903,137041.60289115648,1129,34,343.325,34,6,19,30.512202585877137,0.6697303921568627,40.654761904761905,1037.3809523809525,30.51120448179272,0
1158,4,0,1,39,0.0,0.025,0.975,40,1200,1100,100,0.9166666666666666,13,11,2,389.0977263259455,0.42522702991452993,0.2577704298535666,0.24885797179215305,134614.36106305264,2475.631907174633,137089.99297022726,1130,35,344.325,33,7,19,30.469119036372227,0.6729797979797979,40.56372549019608,1037.7450980392155,31.4468211527035,0
1159,4,0,0,39,0.0,0.0,1.0,39,1000,600,400,0.6,14,6,8,396.4902974618216,0.4223740440845704,0.2769280690916125,0.25337148246821556,134583.53261146825,2872.21297571677,137455.74558718503,1131,36,352.87179487179486,32,7,19,30.308215705362212,0.6751302083333333,40.593434343434346,1037.626262626263,32.42582070707072,0
1160,4,0,0,39,0.0,0.0,1.0,39,1000,600,400,0.6,14,6,8,397.6917059725564,0.4219242015294647,0.27715881345943383,0.25528640891587284,134747.3492022498,2917.580635904503,137664.92983815432,1132,37,353.87179487179486,32,7,20,30.112945397057036,0.6767578125,40.43560606060606,1038.257575757576,32.44554924242425,0
1161,4,0,0,39,0.0,0.0,1.0,39,1300,1000,300,0.7692307692307693,16,10,6,397.9953673253453,0.42175551057130006,0.2648430001371176,0.2566383920339297,134911.26543209888,2938.8117283950783,137850.07716049397,1133,38,354.87179487179486,32,7,18,29.940953654188956,0.6783854166666665,40.277777777777786,1038.8888888888898,32.46527777777781,0
1162,4,0,0,39,0.0,0.0,1.0,39,1350,1000,350,0.7407407407407407,17,10,7,384.17043333623326,0.4211088618983356,0.22753304588211987,0.23183875225686973,132462.98408644527,2381.530424191409,134844.51451063668,1134,39,355.87179487179486,32,7,19,32.75839159409624,0.6539713541666666,42.64520202020202,1029.419191919192,32.16934974747475,7
1163,4,0,0,39,0.0,0.0,1.0,39,800,600,200,0.75,10,6,4,382.41770855837484,0.42094017094017094,0.2273164657270621,0.23098029596925865,132495.48037190095,2333.723599632711,134829.20397153366,1135,40,356.87179487179486,32,7,19,32.77072602403729,0.654296875,42.613636363636374,1029.5454545454556,32.17329545454549,0
1164,4,0,1,38,0.0,0.02564102564102564,0.9743589743589743,39,700,400,300,0.5714285714285714,10,4,6,382.9480997578714,0.41992802519118305,0.2304202235532702,0.23150050063198252,132527.98064291922,2350.267670390788,134878.24831331,1136,41,357.87179487179486,32,7,19,32.72430002043734,0.6546223958333333,42.58207070707071,1029.6717171717182,32.177241161616195,0
1165,4,0,0,38,0.0,0.0,1.0,38,1150,800,350,0.6956521739130435,15,8,7,381.19052768166085,0.4194967994310099,0.20839783281733748,0.23143710609243692,132690.54178145085,2516.075528007342,135206.6173094582,1137,42,346.60526315789474,32,6,18,32.605698529411754,0.65625,42.42424242424242,1030.3030303030303,32.196969696969695,0
1166,4,0,0,38,0.0,0.0,1.0,38,1050,600,450,0.5714285714285714,15,6,9,380.3879845816326,0.4180446894262684,0.20144923798963377,0.23175279896451115,132820.66243240488,2504.6768186919735,135325.33925109686,1138,43,347.60526315789474,32,6,19,32.49530458925365,0.6575520833333334,42.2979797979798,1030.8080808080808,32.212752525252526,0
1167,4,0,0,38,0.0,0.0,1.0,38,1200,1100,100,0.9166666666666666,13,11,2,376.15917831320905,0.4178076102418207,0.19663384710552068,0.22997516231005188,132950.84685236207,2402.136261605969,135352.98311396805,1139,44,348.60526315789474,32,6,19,32.47326967025793,0.6588541666666666,42.17171717171718,1031.3131313131319,32.22853535353537,0
1168,4,1,1,38,0.02564102564102564,0.02564102564102564,0.9743589743589743,39,650,200,450,0.3076923076923077,11,2,9,366.6501624716251,0.4197593342330184,0.195120169479144,0.22577931057463224,133219.07439446368,1968.9590542099236,135188.0334486736,1140,0,340.64102564102564,33,6,19,32.448955365622034,0.6590909090909091,41.911764705882355,1032.3529411764707,31.283422459893053,0
1169,4,0,0,38,0.0,0.0,1.0,38,800,500,300,0.625,11,5,6,373.1009385036473,0.41740753911806544,0.19944039101792144,0.22910247711422302,133113.66705246907,2332.966820987648,135446.6338734567,1141,46,350.60526315789474,32,6,20,32.388402871242704,0.6604817708333334,42.013888888888886,1031.9444444444441,32.24826388888888,0
1170,4,0,0,38,0.0,0.0,1.0,38,1250,900,350,0.72,16,9,7,373.1009385036473,0.417066737790422,0.19944039101792144,0.22910247711422302,133113.66705246907,2332.966820987648,135446.6338734567,1142,47,351.60526315789474,32,6,20,32.388402871242704,0.6604817708333334,42.013888888888886,1031.9444444444441,32.24826388888888,0
1171,4,0,0,38,0.0,0.0,1.0,38,1050,800,250,0.7619047619047619,13,8,5,376.2678571666148,0.4167407539118066,0.2017844158016997,0.23226375877477304,133309.18281616678,2431.9921117743206,135741.1749279411,1143,48,352.60526315789474,32,6,21,32.11018054366874,0.6624348958333333,41.824494949494955,1032.7020202020208,32.27193813131315,0
1172,4,0,0,38,0.0,0.0,1.0,38,1100,900,200,0.8181818181818182,13,9,4,376.652765293197,0.4161184210526316,0.20440643953768056,0.2333194230427125,133439.60636988576,2452.07934777064,135891.6857176564,1144,49,353.60526315789474,32,6,22,31.96922481567476,0.6637369791666666,41.698232323232325,1033.2070707070711,32.28772095959597,0
1173,4,0,0,38,0.0,0.0,1.0,38,1550,1200,350,0.7741935483870968,19,12,7,374.9247560336497,0.41521455666192514,0.20702590113980435,0.23306825950246693,133570.0936926079,2415.7469582185454,135985.84065082643,1145,50,354.60526315789474,32,6,22,31.882863075607673,0.6650390625,41.571969696969695,1033.712121212121,32.30350378787878,0
1174,4,0,0,38,0.0,0.0,1.0,38,1150,700,450,0.6086956521739131,16,7,9,381.4780675646797,0.4144885016595543,0.21282344550180232,0.23798071983414265,133700.6447843333,2600.7727208958304,136301.41750522912,1146,51,355.60526315789474,32,6,18,31.58242786798519,0.6663411458333334,41.44570707070707,1034.217171717172,32.31928661616163,0
1175,4,0,0,38,0.0,0.0,1.0,38,1350,1200,150,0.8888888888888888,15,12,3,380.92577905012627,0.4142958748221906,0.21250465680921882,0.2382676208806667,133798.59995153546,2593.467184470963,136392.06713600643,1147,52,356.60526315789474,32,6,19,31.498403303230003,0.6673177083333334,41.3510101010101,1034.595959595959,32.331123737373716,0
1176,4,0,0,38,0.0,0.0,1.0,38,400,200,200,0.5,6,2,4,383.52462760196875,0.4135994547178758,0.21472875185401574,0.24053185711196146,133896.5909888021,2670.5280392306827,136567.1190280328,1148,53,357.60526315789474,32,6,19,31.33285551624579,0.6682942708333334,41.25631313131313,1034.974747474747,32.34296085858584,0
1177,4,0,2,36,0.0,0.05263157894736842,0.9473684210526316,38,1250,1000,250,0.8,15,10,5,381.7485171614059,0.4138068990042674,0.21338609971691014,0.23984337871313147,133961.9382747933,2627.954258494021,136589.89253328732,1149,54,358.60526315789474,32,6,19,31.31326991096475,0.6689453125,41.19318181818181,1035.227272727272,32.35085227272725,0
1178,4,0,0,36,0.0,0.0,1.0,36,900,600,300,0.6666666666666666,12,6,6,380.1980963712077,0.4132440476190476,0.19229674796747998,0.23908162501870417,133994.617896133,2988.8997296194216,136983.5176257524,1150,55,359.47222222222223,32,4,19,31.320630081300806,0.6692708333333334,41.16161616161616,1035.3535353535349,32.354797979797965,0
1179,4,0,0,36,0.0,0.0,1.0,36,950,700,250,0.7368421052631579,12,7,5,379.982972019421,0.41306216931216927,0.18725107697309595,0.23937176163619742,134059.9890955004,2988.1026170798805,137048.0917125803,1151,56,360.47222222222223,32,4,20,31.260668129724454,0.669921875,41.098484848484844,1035.6060606060603,32.362689393939384,0
1180,4,0,0,36,0.0,0.0,1.0,36,1150,900,250,0.782608695652174,14,9,5,379.4196291166512,0.41198743386243386,0.19312459389213776,0.24029909844054576,134256.19834710745,2987.88739669421,137244.08574380167,1152,57,361.47222222222223,32,4,20,31.078673245614016,0.671875,40.90909090909091,1036.3636363636363,32.38636363636363,0
1181,4,0,0,36,0.0,0.0,1.0,36,950,600,350,0.631578947368421,13,6,7,378.81251082994464,0.41168981481481487,0.19393210898294866,0.2401796264317592,134296.6121804112,2974.647371203365,137271.25955161458,1153,58,362.47222222222223,33,3,20,31.05393315992749,0.6698232323232324,40.87009803921568,1036.5196078431359,31.409685086155633,0
1182,4,1,1,36,0.02702702702702703,0.02702702702702703,0.972972972972973,37,1350,1100,250,0.8148148148148148,16,11,5,367.6589934189333,0.4116303803803804,0.17771068464955375,0.23553407521085096,134674.3214994331,2502.845096371879,137177.166595805,1154,0,353.64864864864865,34,3,21,30.965420346369996,0.6712622549019608,40.50595238095238,1037.9761904761906,30.528711484593842,0
1183,4,0,0,36,0.0,0.0,1.0,36,1000,600,400,0.6,14,6,8,375.98868765414346,0.4104828042328042,0.18676576753954244,0.23984508221494494,134518.99697532176,2915.524227460564,137434.5212027823,1155,60,364.47222222222223,33,3,22,30.90458259499902,0.6720328282828284,40.65563725490195,1037.3774509803902,31.435680332739096,0
1184,4,1,1,36,0.02702702702702703,0.02702702702702703,0.972972972972973,37,700,500,200,0.7142857142857143,9,5,4,367.33413643632724,0.4136011011011011,0.17682246466650198,0.2355260051268213,134705.21541950095,2496.364795918349,137201.5802154193,1156,0,355.5945945945946,34,3,22,30.94299503058105,0.6715686274509804,40.47619047619047,1038.0952380952367,30.53221288515402,0
1185,4,0,0,36,0.0,0.0,1.0,36,750,500,250,0.6666666666666666,10,5,5,379.4602851051424,0.40924272486772484,0.18496222851746946,0.24354451025839116,134741.56574394446,3025.814590542077,137767.38033448654,1157,62,366.47222222222223,33,3,23,30.591949952785647,0.6742424242424243,40.441176470588225,1038.2352941176457,31.4616755793226,0
1186,4,0,0,36,0.0,0.0,1.0,36,1000,800,200,0.8,12,8,4,377.917450586129,0.40805224867724865,0.1854265791094858,0.243620245522328,134900.65607278442,2996.2624050845698,137896.91847786898,1158,63,367.47222222222223,33,3,20,30.473020132908637,0.6758207070707072,40.287990196078425,1038.8480392156857,31.48024361259654,0
1187,4,0,0,36,0.0,0.0,1.0,36,750,700,50,0.9333333333333333,8,7,1,378.2621838896262,0.40795304232804236,0.18271612218421973,0.24427151996954619,134964.3184862793,3010.3795715590163,137974.69805783834,1159,64,368.47222222222223,33,3,21,30.400474702205454,0.6764520202020202,40.22671568627451,1039.093137254902,31.487670825906125,0
1188,4,0,0,36,0.0,0.0,1.0,36,900,700,200,0.7777777777777778,11,7,4,376.31757405919575,0.4076388888888889,0.17622070248529376,0.24344388601037656,135027.9959180362,2962.6815707900637,137990.67748882627,1160,65,369.47222222222223,33,3,21,30.387410093149377,0.6770833333333335,40.16544117647058,1039.3382352941167,31.495098039215655,0
1189,4,0,0,36,0.0,0.0,1.0,36,700,300,400,0.42857142857142855,11,3,8,376.17064187242966,0.4067460317460318,0.17014011654553785,0.2442087143295766,135155.39583633695,2968.298400855434,138123.6942371924,1161,66,370.47222222222223,33,3,21,30.264068945197405,0.6783459595959596,40.04289215686274,1039.8284313725487,31.50995246583481,0
1190,4,0,0,36,0.0,0.0,1.0,36,1150,1000,150,0.8695652173913043,13,10,3,376.17064187242966,0.4067460317460318,0.17014011654553785,0.2442087143295766,135155.39583633695,2968.298400855434,138123.6942371924,1162,67,371.47222222222223,33,3,21,30.264068945197405,0.6783459595959596,40.04289215686274,1039.8284313725487,31.50995246583481,0
1191,4,0,0,36,0.0,0.0,1.0,36,850,500,350,0.5882352941176471,12,5,7,375.39694509039816,0.40611772486772485,0.17188706911223717,0.24413746153120364,135219.11832288056,2952.168787245282,138171.28711012585,1163,68,372.47222222222223,33,3,21,30.2206070067947,0.6789772727272728,39.98161764705882,1040.0735294117642,31.51737967914437,0
1192,4,0,1,35,0.0,0.027777777777777776,0.9722222222222222,36,800,600,200,0.75,10,6,4,374.6459841204439,0.40603505291005293,0.16393796623478618,0.24429680531356116,135314.73021193763,2939.024053248738,138253.75426518638,1164,69,373.47222222222223,33,3,21,30.144778170396556,0.6799242424242424,39.889705882352935,1040.4411764705874,31.52852049910871,0
1193,4,0,0,35,0.0,0.0,1.0,35,600,300,300,0.5,9,3,6,381.47907447320034,0.40343137254901956,0.14080466755804122,0.24576572793195126,134878.4742150035,3290.6631019793867,138169.13731698287,1165,70,381.74285714285713,32,3,20,30.402688302743012,0.6780598958333334,40.30934343434343,1038.7626262626256,32.46133207070705,2
1194,4,0,0,35,0.0,0.0,1.0,35,950,600,350,0.631578947368421,13,6,7,380.94455088792927,0.40308123249299715,0.1430863254392667,0.24564355522773357,134911.26543209868,3278.742283950604,138190.0077160493,1166,71,382.74285714285713,32,3,20,30.383801247771824,0.6783854166666667,40.27777777777777,1038.8888888888882,32.46527777777776,0
1195,4,0,0,35,0.0,0.0,1.0,35,1050,900,150,0.8571428571428571,12,9,3,384.89358952118056,0.40308123249299715,0.15024288061830737,0.23332514840628824,132632.61795043957,3211.817894452898,135844.43584489246,1167,72,383.74285714285713,31,4,16,32.56870707453756,0.658266129032258,42.48046875000001,1030.078125000001,33.22832661290325,7
1196,4,0,0,35,0.0,0.0,1.0,35,1050,700,350,0.6666666666666666,14,7,7,385.368533503225,0.4026960784313725,0.15344008954523325,0.23403079091412293,132699.6888054743,3227.656894260002,135927.3456997343,1168,73,384.74285714285713,31,4,16,32.48886326298498,0.6589381720430106,42.41536458333334,1030.3385416666677,33.23672715053767,0
1197,4,0,0,35,0.0,0.0,1.0,35,750,500,250,0.6666666666666666,10,5,5,385.5369867835403,0.4019957983193277,0.15382450062253006,0.23497277323828253,132833.88137817394,3242.474873860691,136076.35625203463,1169,74,385.74285714285713,31,4,17,32.3492958191234,0.660282258064516,42.28515625000001,1030.859375000001,33.253528225806484,0
1198,4,0,0,35,0.0,0.0,1.0,35,850,700,150,0.8235294117647058,10,7,3,385.87936043868706,0.40220588235294114,0.15472882762602413,0.23539235562045638,132867.4401177301,3254.1605631510506,136121.60068088115,1170,75,386.74285714285713,31,4,17,32.306664140776284,0.6606182795698924,42.25260416666667,1030.989583333334,33.25772849462368,0
1199,4,0,0,35,0.0,0.0,1.0,35,1000,700,300,0.7,13,7,6,387.8214997134066,0.40161064425770304,0.15490107670387943,0.23721498835752092,132968.14176771382,3313.580830891936,136281.72259860576,1171,76,387.74285714285713,31,4,17,32.15516243740269,0.6616263440860215,42.15494791666667,1031.380208333334,33.270329301075286,0
1200,4,0,0,35,0.0,0.0,1.0,35,700,500,200,0.7142857142857143,9,5,4,387.4681706343998,0.40161064425770304,0.15672809896490758,0.23721196659704138,133001.7174614801,3306.7864312066013,136308.50389268668,1172,77,388.74285714285713,31,4,18,32.1304594799293,0.6619623655913978,42.122395833333336,1031.510416666667,33.274529569892486,0
1201,4,1,0,36,0.027777777777777776,0.0,1.0,36,800,600,200,0.75,10,6,4,383.6119161806728,0.40469576719576716,0.19344022938386085,0.23324603059748925,132745.069879974,2984.5181240388247,135729.58800401282,1173,0,378.9166666666667,33,3,16,32.48838050501446,0.6543560606060608,42.37132352941176,1030.5147058823527,31.227718360071293,1
1202,4,0,0,36,0.0,0.0,1.0,36,1300,1000,300,0.7692307692307693,16,10,6,384.346990683013,0.40405092592592595,0.19336146440033275,0.23448232288732324,132871.38848339574,3013.7436622933374,135885.13214568907,1174,1,379.9166666666667,33,3,17,32.34218372360235,0.6556186868686871,42.248774509803916,1031.0049019607839,31.24257278669042,0
1203,4,1,0,37,0.02702702702702703,0.0,1.0,37,1200,1000,200,0.8333333333333334,14,10,4,377.0435870041704,0.40546796796796797,0.18349453132061866,0.23203299807758396,133195.58000283432,2644.1078514739092,135839.68785430823,1175,0,370.6216216216216,34,3,18,32.20433052704418,0.6565563725490196,41.9345238095238,1032.2619047619037,30.36064425770305,0
1204,4,1,0,38,0.02631578947368421,0.0,1.0,38,700,400,300,0.5714285714285714,10,4,6,367.66990741727676,0.4070056899004268,0.18352684623091875,0.22832352386900437,133532.02830289782,2219.1416966735283,135751.16999957134,1176,0,361.8421052631579,35,3,20,32.10852930197835,0.6577380952380951,41.6087962962963,1033.564814814815,29.530423280423285,0
1205,4,0,0,38,0.0,0.0,1.0,38,1250,900,350,0.72,16,9,7,365.38826703639546,0.4067982456140351,0.18470538333745767,0.22764147682727728,133651.68065200606,2166.9511959876436,135818.6318479937,1177,1,362.8421052631579,35,3,21,32.04751511081262,0.6589285714285715,41.49305555555555,1034.027777777777,29.54365079365077,0
1206,4,0,0,38,0.0,0.0,1.0,38,700,400,300,0.5714285714285714,10,4,6,367.39268152224196,0.40696123755334285,0.18457573704827257,0.22907561824153738,133681.60211173262,2222.7284540037654,135904.3305657364,1178,2,363.8421052631579,35,3,21,31.96570136168625,0.6592261904761905,41.46412037037037,1034.143518518518,29.546957671957657,0
1207,4,0,0,38,0.0,0.0,1.0,38,1100,800,300,0.7272727272727273,14,8,6,376.976777913299,0.40696123755334285,0.21893984194398164,0.2133296332815719,129996.88042534715,2201.1610243055447,132198.0414496527,1179,3,364.8421052631579,35,3,19,35.44113891726251,0.6223214285714285,45.05208333333333,1019.791666666666,29.13690476190474,8
1208,4,1,0,39,0.02564102564102564,0.0,1.0,39,1350,1000,350,0.7407407407407407,17,10,7,366.26043466942843,0.4093848403058929,0.2156249159396384,0.2093369932730861,130384.14292800432,1751.4531072845568,132135.59603528888,1180,0,356.46153846153845,34,5,20,35.32098729455649,0.6283700980392158,44.67261904761904,1021.3095238095221,30.038515406162418,0
1209,4,1,2,38,0.025,0.05,0.95,40,1450,1100,350,0.7586206896551724,18,11,7,357.9194461485099,0.41352831196581197,0.21577194141614386,0.20636612637934057,130722.8274516068,1357.6484000892494,132080.47585169604,1181,0,348.525,36,4,16,35.19069118672686,0.6276041666666667,44.3412162162162,1022.6351351351334,28.406531531531485,0
1210,4,1,0,39,0.02564102564102564,0.0,1.0,39,900,500,400,0.5555555555555556,13,5,8,365.5045384972373,0.4059547908232119,0.22386487310086656,0.2106479189578009,130706.03358892728,1754.7296971450394,132460.76328607232,1182,0,358.4102564102564,35,4,17,35.01379456706282,0.6294642857142858,44.35763888888888,1022.569444444443,29.2162698412698,0
1211,4,0,0,39,0.0,0.0,1.0,39,1350,1000,350,0.7407407407407407,17,10,7,373.41362251275075,0.4065452091767881,0.2269429480652474,0.2158667762845128,130824.4133257243,1970.3236186128033,132794.73694433708,1183,1,359.4102564102564,35,4,18,34.691542218199636,0.630654761904762,44.24189814814814,1023.0324074074061,29.22949735449732,0
1212,4,0,0,39,0.0,0.0,1.0,39,750,500,250,0.6666666666666666,10,5,5,374.06122048569847,0.4064608636977058,0.22847516739890517,0.21664081010538797,130895.62694028471,1992.5955939047017,132888.2225341894,1184,2,360.4102564102564,36,3,18,34.60277502659478,0.6293402777777779,44.17229729729729,1023.3108108108095,28.425300300300265,0
1213,4,0,0,39,0.0,0.0,1.0,39,800,500,300,0.625,11,5,6,374.06122048569847,0.40620782726045884,0.22847516739890517,0.21664081010538797,130895.62694028471,1992.5955939047017,132888.2225341894,1185,3,361.4102564102564,36,3,18,34.60277502659478,0.6293402777777779,44.17229729729729,1023.3108108108095,28.425300300300265,0
1214,4,0,0,39,0.0,0.0,1.0,39,1250,700,550,0.56,18,7,11,370.72545538382246,0.4059547908232119,0.21987532086542005,0.21519121260785068,130982.06948502544,1911.6774713902937,132893.74695641574,1186,4,362.4102564102564,36,3,19,34.60052255225524,0.6302083333333335,44.08783783783783,1023.6486486486476,28.434684684684655,0
1215,4,0,0,39,0.0,0.0,1.0,39,1100,700,400,0.6363636363636364,15,7,8,371.5633539665794,0.4056736392262708,0.22316207361292073,0.21632504103534375,131097.37059694808,1942.1957430403183,133039.5663399884,1187,5,363.4102564102564,36,3,19,34.4622828238399,0.6313657407407409,43.975225225225216,1024.0990990990974,28.447197197197152,0
1216,4,0,1,38,0.0,0.02564102564102564,0.9743589743589743,39,1350,1200,150,0.8888888888888888,15,12,3,366.37638217048925,0.4055049482681062,0.19960121733655156,0.20500296803890733,129554.6392746914,1714.4697766460226,131269.10905133744,1188,6,364.4102564102564,35,4,16,36.16132332878581,0.6178571428571428,45.486111111111114,1018.055555555556,29.0873015873016,4
1217,4,1,1,38,0.02564102564102564,0.02564102564102564,0.9743589743589743,39,1000,800,200,0.8,12,8,4,364.4145065612862,0.40930049482681063,0.19222031943522233,0.20513461098245275,129790.40745027427,1659.501457475988,131449.90890775027,1189,0,361.64102564102564,35,4,17,35.971338785400576,0.6202380952380953,45.254629629629626,1018.9814814814808,29.113756613756596,0
1218,4,1,1,38,0.02564102564102564,0.02564102564102564,0.9743589743589743,39,650,500,150,0.7692307692307693,8,5,3,361.9912279783225,0.40696693657219973,0.1937839584898411,0.20407776911505163,129849.38298396765,1600.86751971878,131450.25050368643,1190,0,362.61538461538464,35,4,17,35.97310545839957,0.6208333333333333,45.19675925925925,1019.2129629629619,29.120370370370342,0
1219,4,1,0,39,0.02564102564102564,0.0,1.0,39,1150,800,350,0.6956521739130435,15,8,7,371.9915053487134,0.40806342780026994,0.17565887996634055,0.2049825885809117,128950.68825263514,1793.712127770057,130744.40038040519,1191,0,363.5897435897436,37,2,18,36.634437187376314,0.6078265765765767,46.08004385964911,1015.6798245614011,27.450806069227056,3
1220,4,1,0,40,0.025,0.0,1.0,40,700,400,300,0.5714285714285714,10,4,6,361.7979037893042,0.41079059829059833,0.17336065573770543,0.2006333830104321,129201.38888888867,1349.2017976684908,130550.59068655716,1192,0,355.475,37,3,19,36.63763661202186,0.6103603603603605,45.83333333333332,1016.6666666666649,27.47747747747743,0
1221,4,0,0,40,0.0,0.0,1.0,40,1200,700,500,0.5833333333333334,17,7,10,360.75604806814835,0.41028311965811964,0.16542255039344633,0.20076387869995257,129340.77222077936,1332.0931680901695,130672.86538886953,1193,1,356.475,37,3,20,36.52211113506522,0.6117680180180181,45.696271929824555,1017.2149122807008,27.492294926505426,0
1222,4,0,0,40,0.0,0.0,1.0,40,700,400,300,0.5714285714285714,10,4,6,358.97745205566423,0.40992254273504275,0.16141948695839647,0.1999155342240367,129368.6579043552,1288.0862380732572,130656.74414242846,1194,2,357.475,37,3,20,36.538945174965875,0.6120495495495495,45.66885964912281,1017.3245614035088,27.49525841631105,0
1223,4,1,1,40,0.024390243902439025,0.024390243902439025,0.975609756097561,41,750,300,450,0.4,12,3,9,349.605299460786,0.41392276422764224,0.14773861322901305,0.19597141098214688,129625.34722222218,863.5416666666638,130488.88888888883,1195,0,349.7317073170732,39,2,15,36.51629841789417,0.6111111111111112,45.416666666666664,1018.3333333333329,26.1111111111111,0
1224,4,0,0,40,0.0,0.0,1.0,40,900,500,400,0.5555555555555556,13,5,8,355.2948997941678,0.4093482905982906,0.15301511493649667,0.1985275372632865,129500.26167223674,1202.1564988311673,130702.41817106791,1196,4,359.475,38,2,15,36.49867919247051,0.6115679824561404,45.53952991452991,1017.8418803418796,26.78531264057578,0
1225,4,2,2,40,0.047619047619047616,0.047619047619047616,0.9523809523809523,42,850,500,350,0.5882352941176471,12,5,7,344.48216629168394,0.41644889663182344,0.15221910552320228,0.19471490560025154,129951.54303200803,553.1978113226224,130504.74084333066,1197,0,343.3095238095238,40,2,16,36.31557526828135,0.6127604166666667,45.09654471544715,1019.6138211382112,25.49034552845528,0
1226,4,0,1,39,0.0,0.025,0.975,40,950,700,250,0.7368421052631579,12,7,5,354.59757521969925,0.4112713675213675,0.15675810343019014,0.19896284194051728,129663.4287224229,1195.667483928679,130859.09620635159,1198,1,361.35,38,2,16,36.35048428266721,0.6132127192982457,45.37927350427349,1018.4829059829043,26.802181736392217,0
1227,4,2,1,40,0.04878048780487805,0.024390243902439025,0.975609756097561,41,600,300,300,0.5,9,3,6,348.9333532765326,0.41636178861788614,0.16012281099616987,0.19705774544243623,129917.22140841991,866.490342881922,130783.71175130183,1199,0,353.3170731707317,39,2,17,36.23695122781921,0.6140491452991454,45.13020833333332,1019.4791666666648,26.140491452991405,0
1228,4,1,1,40,0.024390243902439025,0.024390243902439025,0.975609756097561,41,1050,800,250,0.7619047619047619,13,8,5,348.24478799116554,0.4178099593495935,0.15847554123717744,0.19693635064387754,129970.32470703126,852.2976345486128,130822.62234157987,1200,0,354.2926829268293,39,2,17,36.20060356863146,0.6145833333333334,45.078125,1019.6875000000001,26.145833333333336,0
1229,4,1,0,41,0.024390243902439025,0.0,1.0,41,1300,1000,300,0.7692307692307693,16,10,6,348.07083698965675,0.41763211382113824,0.15361172803234813,0.19777853359342668,130156.27170138876,860.7204861111022,131016.99218749985,1201,0,355.2682926829268,39,2,18,36.01640125221178,0.6164529914529915,44.89583333333333,1020.4166666666656,26.164529914529886,0
1230,4,0,0,41,0.0,0.0,1.0,41,500,100,400,0.2,9,1,8,353.01957517700976,0.417505081300813,0.15370831259333007,0.2011390602752729,130262.58680555549,997.0486111111069,131259.6354166666,1202,1,356.2682926829268,39,2,19,35.78231292517007,0.6175213675213675,44.791666666666664,1020.8333333333328,26.175213675213662,0
1231,4,1,1,41,0.023809523809523808,0.023809523809523808,0.9761904761904762,42,900,700,200,0.7777777777777778,11,7,4,346.26892272507473,0.4204413472706156,0.1450763335275418,0.19834994188918378,130470.1558781975,635.552064743204,131105.7079429407,1203,0,348.76190476190476,40,2,19,35.74430518253257,0.6179687500000001,44.58841463414634,1021.6463414634146,25.541158536585364,0
1232,4,1,1,41,0.023809523809523808,0.023809523809523808,0.9761904761904762,42,1150,900,250,0.782608695652174,14,9,5,343.587658508625,0.41964285714285715,0.13918740506239247,0.19813883137950103,130729.84959556155,583.4325839447442,131313.2821795063,1204,0,349.73809523809524,40,2,15,35.54999337507038,0.6205729166666667,44.334349593495936,1022.6626016260167,25.566565040650417,0
1233,4,1,2,40,0.023809523809523808,0.047619047619047616,0.9523809523809523,42,950,700,250,0.7368421052631579,12,7,5,338.9549395457731,0.41694492837785524,0.12936318746807451,0.1961263408820024,130859.79327781074,471.11466389053305,131330.90794170127,1205,0,350.7142857142857,40,2,16,35.53709773539929,0.6218750000000001,44.20731707317073,1023.1707317073162,25.579268292682904,0
1234,4,0,1,39,0.0,0.025,0.975,40,650,200,450,0.3076923076923077,11,2,9,353.59315926275974,0.41149839743589745,0.12758152173913007,0.2033160665760869,130617.28395061729,1237.0756172839472,131854.35956790124,1206,7,369.15,38,2,16,35.40817481884055,0.6228070175438596,44.44444444444444,1022.2222222222223,26.900584795321638,0
1235,4,0,0,39,0.0,0.0,1.0,39,1500,1200,300,0.8,18,12,6,357.30527365019003,0.41031264057579847,0.1286671286671286,0.20564903527866488,130654.64854570632,1536.718990458596,132191.3675361649,1207,8,375.43589743589746,37,2,16,35.275454025454025,0.625,44.4078947368421,1022.3684210526312,27.63157894736841,0
1236,4,1,2,38,0.025,0.05,0.95,40,1150,900,250,0.782608695652174,14,9,5,333.05389730651757,0.41279380341880345,0.04166307626023258,0.18626942063817528,129536.03512619268,658.5535934133579,130194.58871960604,1208,0,367.025,37,3,16,37.02831035473214,0.6137387387387387,45.50438596491228,1017.9824561403509,27.51303935514462,7
1237,4,2,2,38,0.05,0.05,0.95,40,900,600,300,0.6666666666666666,12,6,6,329.0802564392086,0.41192574786324787,0.05189161554192245,0.18496579930893442,129731.44531249999,538.4114583333323,130269.85677083331,1209,0,367.475,37,3,16,36.9312372188139,0.6157094594594594,45.3125,1018.7499999999999,27.533783783783782,0
1238,4,1,1,38,0.02564102564102564,0.02564102564102564,0.9743589743589743,39,750,500,250,0.6666666666666666,10,5,5,335.5327028987717,0.4053924876293297,0.0562764672868592,0.18852352983989362,129717.1051964126,904.8661837513208,130621.97138016392,1210,0,377.87179487179486,36,3,17,36.781450364802154,0.6174768518518519,45.32657657657658,1018.6936936936934,28.297047047047037,0
1239,4,1,0,39,0.02564102564102564,0.0,1.0,39,1550,1100,450,0.7096774193548387,20,11,9,336.7295917692676,0.4037899235267656,0.06759443339960214,0.19030897152802426,129946.6421658145,951.3759536563647,130898.01811947086,1211,0,378.84615384615387,36,3,18,36.51815956115161,0.6197916666666666,45.101351351351354,1019.5945945945949,28.322072072072082,0
1240,4,1,0,40,0.025,0.0,1.0,40,1050,700,350,0.6666666666666666,14,7,7,330.24433561680604,0.4080261752136752,0.07645598941098641,0.18830158155358265,130291.32806793282,605.9782333008721,130897.3063012337,1212,0,370.35,36,4,19,36.334473123023756,0.6232638888888888,44.763513513513516,1020.945945945946,28.359609609609613,0
1241,4,1,1,40,0.024390243902439025,0.024390243902439025,0.975609756097561,41,1100,800,300,0.7272727272727273,14,8,6,324.9911857309874,0.4127032520325203,0.07480931216266451,0.1862403363248056,130486.54994806089,281.3957179132001,130767.94566597408,1213,0,362.2926829268293,37,4,19,36.271195535522644,0.6233108108108107,44.57236842105263,1021.710526315789,27.61379800853484,0
1242,4,1,1,40,0.024390243902439025,0.024390243902439025,0.975609756097561,41,800,600,200,0.75,10,6,4,346.996106230352,0.4097815040650406,0.07318419656538366,0.1965443235852594,130032.77084094235,926.4400765358884,130959.21091747824,1214,0,363.2682926829268,36,5,18,36.16907732508925,0.6206597222222222,45.016891891891895,1019.932432432433,28.331456456456472,6
1243,4,1,1,40,0.024390243902439025,0.024390243902439025,0.975609756097561,41,650,100,550,0.15384615384615385,12,1,11,350.6660339004051,0.41021341463414634,0.07532930328199772,0.19935606017600238,130176.38204082493,929.6871195520239,131106.06916037697,1215,0,364.1707317073171,36,5,18,35.92979842566027,0.6221064814814813,44.876126126126145,1020.4954954954981,28.34709709709717,0
1244,4,1,0,41,0.024390243902439025,0.0,1.0,41,800,500,300,0.625,11,5,6,350.16804579244484,0.4113567073170732,0.08379117460826646,0.19966595552263453,130292.12648158862,924.856396041155,131216.98287762978,1216,0,365.1463414634146,35,6,19,35.82513792842838,0.6252976190476189,44.76273148148148,1020.9490740740738,29.169973544973537,0
1245,4,0,0,41,0.0,0.0,1.0,41,800,500,300,0.625,11,5,6,348.09858949895124,0.41067073170731705,0.07010329790585468,0.19924242223850472,130439.87509645053,881.1873070987556,131321.0624035493,1217,1,366.1463414634146,35,6,20,35.72824609109448,0.6267857142857143,44.61805555555555,1021.527777777777,29.186507936507915,0
1246,4,2,2,41,0.046511627906976744,0.046511627906976744,0.9534883720930233,43,1150,900,250,0.782608695652174,14,9,5,332.9519786912455,0.4149593946105574,0.06736888249051631,0.19345193684132944,131019.2333819062,124.62260022316727,131143.85598212937,1218,0,350.06976744186045,37,6,18,35.52968030416622,0.6286599099099097,44.05153508771931,1023.7938596491247,27.670104314841208,0
1247,4,0,0,41,0.0,0.0,1.0,41,1050,600,450,0.5714285714285714,15,6,9,348.9013348860403,0.4078760162601626,0.07301337529504326,0.20107914505663185,130706.03358892743,920.7019193672779,131626.73550829472,1219,1,368.0975609756098,35,6,18,35.438242784380286,0.6294642857142857,44.357638888888886,1022.5694444444441,29.21626984126983,0
1248,4,1,1,41,0.023809523809523808,0.023809523809523808,0.9761904761904762,42,1100,800,300,0.7272727272727273,14,8,6,341.5189385368784,0.410581204026326,0.07962520687993657,0.19853517833614454,131039.71370018672,550.5087858128464,131590.22248599958,1220,0,360.3095238095238,36,6,19,35.28972356650535,0.630787037037037,44.031531531531535,1023.8738738738742,28.44094094094095,0
1249,4,2,1,42,0.046511627906976744,0.023255813953488372,0.9767441860465116,43,1300,1000,300,0.7692307692307693,16,10,6,334.8841757297429,0.4123984865263935,0.08904427951925387,0.19673905188355068,131443.57829112888,203.99191421150357,131647.5702053404,1221,0,352.69767441860466,36,7,20,35.052209166117585,0.634837962962963,43.637387387387385,1025.4504504504498,28.484734734734715,0
1250,4,0,0,42,0.0,0.0,1.0,42,1200,1000,200,0.8333333333333334,14,10,4,341.664611812214,0.4081615369725126,0.09124252341722161,0.20089516425136228,131476.45968632118,584.1707122342291,132060.6303985554,1222,1,362.0952380952381,35,7,21,34.84522533197909,0.637202380952381,43.605324074074076,1025.578703703704,29.302248677248684,0
1251,4,1,1,42,0.023255813953488372,0.023255813953488372,0.9767441860465116,43,1350,900,450,0.6666666666666666,18,9,9,333.63618749970203,0.4112910668143226,0.09298244719109094,0.1977954978948169,131790.24252292843,193.99881300219866,131984.24133593062,1223,0,354.6511627906977,36,7,15,34.7350935877751,0.6383101851851851,43.29954954954955,1026.8018018018026,28.522272272272296,0
1252,4,0,1,41,0.0,0.023809523809523808,0.9761904761904762,42,1100,600,500,0.5454545454545454,16,6,10,338.51173336319886,0.40794376693766937,0.09021085674590124,0.20053355900404696,131761.3363997443,520.5516749857945,132281.8880747301,1224,3,364.0952380952381,36,6,16,34.63904427626047,0.6380208333333334,43.3277027027027,1026.689189189189,28.519144144144136,0
1253,4,1,1,41,0.023809523809523808,0.023809523809523808,0.9761904761904762,42,400,200,200,0.5,6,2,4,338.3483379501388,0.4077380952380953,0.09693504594820435,0.20089432565789486,131848.06428049665,522.1146822498151,132370.17896274646,1225,0,364.92857142857144,36,6,18,34.55592105263158,0.6388888888888888,43.24324324324324,1027.0270270270264,28.52852852852851,0
1254,4,0,0,41,0.0,0.0,1.0,41,850,500,350,0.5882352941176471,12,5,7,347.74476371082267,0.40538617886178857,0.10191657271702392,0.20590761375934535,131743.67310742437,962.6344950274151,132706.3076024518,1226,1,374.7073170731707,35,6,18,34.41986095452838,0.6398809523809523,43.3449074074074,1026.6203703703688,29.33201058201054,0
1255,4,0,0,41,0.0,0.0,1.0,41,1150,700,450,0.6086956521739131,16,7,9,348.6197392708837,0.40477642276422765,0.10250717198474302,0.20739603255820116,131921.96609224958,998.1202846364761,132920.08637688606,1227,2,375.7073170731707,35,6,19,34.21774072404986,0.6416666666666667,43.17129629629629,1027.3148148148143,29.351851851851837,0
1256,4,0,0,41,0.0,0.0,1.0,41,1500,700,800,0.4666666666666667,23,7,16,349.4180958763005,0.404369918699187,0.10914306930825268,0.20921551694731166,132166.31063073222,1036.26011991723,133202.57075064944,1228,3,376.7073170731707,36,5,20,33.951191910342054,0.6420717592592593,42.933558558558566,1028.265765765767,28.56293793793797,0
1257,4,0,0,41,0.0,0.0,1.0,41,1350,1100,250,0.8148148148148148,16,11,5,351.0616930324116,0.4035569105691057,0.10987086889910214,0.2113308136317643,132369.03077063573,1093.9392094797734,133462.9699801155,1229,4,377.7073170731707,36,5,20,33.70495002553441,0.6440972222222221,42.7364864864865,1029.054054054056,28.58483483483489,0
1258,4,0,0,41,0.0,0.0,1.0,41,1200,1000,200,0.8333333333333334,14,10,4,351.24816635411804,0.40396341463414637,0.11294027453907063,0.21178272427912695,132429.53619100832,1103.1358628439916,133532.6720538523,1230,5,378.7073170731707,33,8,20,33.639297336984555,0.651199494949495,42.677696078431374,1029.289215686275,31.190582293523484,0
1259,4,0,0,41,0.0,0.0,1.0,41,800,400,400,0.5,12,4,8,347.52915232717424,0.4032012195121952,0.11129282391089812,0.21021868305105296,132551.19756235828,1013.0810657596382,133564.27862811793,1231,6,379.7073170731707,34,7,20,33.612716763005764,0.6501225490196079,42.55952380952381,1029.7619047619048,30.287114845938376,0
1260,4,0,2,39,0.0,0.04878048780487805,0.9512195121951219,41,850,500,350,0.5882352941176471,12,5,7,349.5214596541317,0.4032266260162602,0.010403370948533386,0.20975880502502248,132253.17166829004,1045.0643210778499,133298.23598936788,1232,7,380.7073170731707,36,5,17,33.8611232756733,0.6429398148148149,42.84909909909911,1028.6036036036048,28.572322322322357,8
1261,4,0,0,39,0.0,0.0,1.0,39,800,600,200,0.75,10,6,4,358.8329581503453,0.3987573099415205,0.03817056804551,0.21460397691041422,132122.47732426305,1681.9798752834436,133804.45719954648,1233,12,399.61538461538464,34,5,17,33.75332908754053,0.6458333333333333,42.976190476190474,1028.095238095238,30.238095238095237,0
1262,4,0,0,39,0.0,0.0,1.0,39,1100,800,300,0.7272727272727273,14,8,6,357.05482681755876,0.3980263157894737,0.03825379867046563,0.21423289609053495,132244.89795918346,1643.7358276643781,133888.63378684784,1234,13,400.61538461538464,34,5,17,33.675733024691375,0.6470588235294118,42.85714285714285,1028.5714285714268,30.252100840336084,0
1263,4,0,0,39,0.0,0.0,1.0,39,950,600,350,0.631578947368421,13,6,7,353.4861724641597,0.3974077822762034,0.042282181800923135,0.2127809522827432,132367.3752834465,1558.0073696144887,133925.382653061,1235,14,401.61538461538464,34,5,18,33.64424263458276,0.6482843137254903,42.73809523809523,1029.0476190476174,30.266106442576984,0
1264,4,1,1,39,0.025,0.025,0.975,40,750,500,250,0.6666666666666666,10,5,5,343.91661649774284,0.39899839743589743,0.040985171871489534,0.20883667940401804,132695.96220207465,1127.2692686899702,133823.23147076461,1236,0,392.55,35,5,12,33.56034224518834,0.649404761904762,42.418981481481474,1030.3240740740732,29.437830687830665,0
1265,4,0,0,39,0.0,0.0,1.0,39,850,500,350,0.5882352941176471,12,5,7,352.4523203569297,0.3960863697705803,0.03207202721765867,0.21354464115743374,132612.49999999988,1547.9166666666517,134160.41666666654,1237,16,403.61538461538464,34,5,20,33.424352750809064,0.6507352941176471,42.49999999999999,1029.999999999999,30.294117647058798,0
1266,4,0,0,39,0.0,0.0,1.0,39,900,700,200,0.7777777777777778,11,7,4,352.7524993552026,0.39577710301394514,0.031596475321920225,0.2140757454011163,132673.8166099771,1560.2040816326228,134234.02069160974,1238,17,404.61538461538464,34,5,12,33.35499961482166,0.6513480392156864,42.440476190476176,1030.2380952380934,30.301120448179216,0
1267,4,0,0,39,0.0,0.0,1.0,39,900,500,400,0.5555555555555556,13,5,8,352.51661744552393,0.3960863697705803,0.028232075119706268,0.21480938708379946,132827.1701388888,1564.756944444425,134391.92708333323,1239,18,405.61538461538464,34,5,13,33.20701967124763,0.6528799019607844,42.29166666666666,1030.8333333333323,30.31862745098036,0
1268,4,0,2,37,0.0,0.05128205128205128,0.9487179487179487,39,1100,700,400,0.6363636363636364,15,7,8,349.7422797333811,0.39588956365272154,0.03397487706458957,0.21346849082246724,132888.53635204062,1495.3479308389815,134383.88428287962,1240,19,406.61538461538464,34,5,13,33.21691105722973,0.6534926470588236,42.23214285714285,1031.071428571427,30.325630252100797,0
1269,4,1,1,37,0.02631578947368421,0.02631578947368421,0.9736842105263158,38,1050,700,350,0.6666666666666666,14,7,7,353.63738394041457,0.3953591749644381,0.0396065922381712,0.21611173463025318,132934.57031249985,1802.126736111097,134736.69704861095,1241,0,413.2368421052632,33,5,13,33.070286195286194,0.65625,42.18749999999999,1031.2499999999989,31.249999999999964,0
1270,4,1,2,36,0.02631578947368421,0.05263157894736842,0.9473684210526316,38,1100,700,400,0.6363636363636364,15,7,8,352.7353939442708,0.39504800853485067,0.042034637716485745,0.21665826056927065,133124.20590938564,1791.5238429930582,134915.72975237868,1242,0,414.2105263157895,33,5,16,32.90323298895618,0.6581439393939394,42.003676470588225,1031.9852941176457,31.272281639928657,0
1271,4,0,0,36,0.0,0.0,1.0,36,1000,700,300,0.7,13,7,6,362.04692934346576,0.3887400793650793,0.04157993551283656,0.22115462019058219,132918.29476902867,2424.532094939297,135342.82686396796,1243,22,429.44444444444446,32,4,16,32.86983184359822,0.6585286458333334,42.20328282828283,1031.1868686868688,32.22458964646465,0
1272,4,1,1,36,0.02702702702702703,0.02702702702702703,0.972972972972973,37,1200,900,300,0.75,15,9,6,352.8106753788592,0.3943005505505506,0.03728883130876537,0.21799768123849156,133345.61827181847,2009.1515282583632,135354.76980007684,1244,0,418.81081081081084,33,4,18,32.679263565891475,0.6603535353535354,41.78921568627451,1032.8431372549016,31.29827688651217,0
1273,4,0,0,36,0.0,0.0,1.0,36,1550,1200,350,0.7741935483870968,19,12,7,364.54698417803246,0.3886904761904762,0.0427619513387949,0.22502866291261342,133309.18281616678,2519.4921117743215,135828.67492794112,1245,24,431.44444444444446,32,4,19,32.41278477401475,0.6624348958333333,41.824494949494955,1032.7020202020208,32.27193813131315,0
1274,4,0,0,36,0.0,0.0,1.0,36,700,300,400,0.42857142857142855,11,3,8,364.0462298643287,0.3885747354497355,0.042776827181618016,0.22531212199318745,133406.99450311196,2513.262677277829,135920.25718038977,1246,25,432.44444444444446,32,4,21,32.32756864662266,0.6634114583333334,41.72979797979798,1033.0808080808083,32.28377525252526,0
1275,4,0,0,36,0.0,0.0,1.0,36,900,600,300,0.6666666666666666,12,6,6,362.33937362109555,0.3888888888888889,0.006568461103398482,0.2181101354861245,132367.37528344654,2392.382369614489,134759.75765306104,1247,26,433.44444444444446,34,2,18,33.41648349529538,0.6482843137254903,42.73809523809523,1029.0476190476177,30.26610644257699,4
1276,4,0,0,36,0.0,0.0,1.0,36,800,600,200,0.75,10,6,4,360.42495434818727,0.38912037037037034,0.0078018547181542,0.21731580700433767,132429.5361910082,2346.185450283043,134775.72164129125,1248,27,434.44444444444446,33,3,18,33.40315811406118,0.651199494949495,42.67769607843137,1029.289215686274,31.190582293523455,0
1277,4,0,0,36,0.0,0.0,1.0,36,1000,700,300,0.7,13,7,6,361.3069535308044,0.3894345238095238,0.012424290512841107,0.21839575709106596,132524.15687475962,2376.3798779315507,134900.53675269117,1249,28,435.44444444444446,33,3,20,33.28522970721256,0.6521464646464648,42.58578431372548,1029.6568627450972,31.201723113487795,0
1278,4,0,0,36,0.0,0.0,1.0,36,1300,800,500,0.6153846153846154,18,8,10,364.2114637967089,0.3884589947089947,0.009261462009171995,0.22107767336743184,132681.93310565644,2464.856215157626,135146.78932081407,1250,29,436.44444444444446,33,3,18,33.051697989770425,0.6537247474747474,42.432598039215684,1030.269607843137,31.220291146761728,0
1279,4,1,0,37,0.02702702702702703,0.0,1.0,37,950,700,250,0.7368421052631579,12,7,5,355.1806036648487,0.392235985985986,0.006144632803605665,0.2175010551770964,133011.31129535142,2048.607568027203,135059.9188633786,1251,0,425.6216216216216,34,3,19,32.95345258703596,0.654718137254902,42.113095238095234,1031.5476190476186,30.339635854341722,0
1280,4,1,1,37,0.02631578947368421,0.02631578947368421,0.9736842105263158,38,1350,600,750,0.4444444444444444,21,6,15,345.10858264047965,0.39347735893788527,0.008174290499893822,0.2132790160307228,133352.6502486281,1604.2288237311188,134956.87907235924,1252,0,415.39473684210526,35,3,19,32.87109666816076,0.6559523809523811,41.7824074074074,1032.870370370369,29.510582010581974,0
1281,4,0,1,36,0.0,0.02702702702702703,0.972972972972973,37,600,500,100,0.8333333333333334,7,5,2,349.71065487077203,0.3925487987987988,0.006589725519627443,0.20530726915176742,131417.11576485334,1796.9514906978698,133214.0672555512,1253,2,427.6216216216216,35,2,20,34.69882323061293,0.6366071428571429,43.66319444444444,1025.347222222222,29.295634920634914,6
1282,4,1,1,36,0.02702702702702703,0.02702702702702703,0.972972972972973,37,850,600,250,0.7058823529411765,11,6,5,345.6002473653015,0.3930492992992993,0.018877761009740146,0.20384206206875582,131595.187717014,1695.865885416671,133291.05360243065,1254,0,428.5405405405405,35,2,16,34.624576988155646,0.6383928571428571,43.489583333333336,1026.0416666666674,29.31547619047621,0
1283,4,0,0,36,0.0,0.0,1.0,36,1500,1200,300,0.8,18,12,6,352.25376021658496,0.3883432539682539,0.01793403986488218,0.20764178560509786,131572.2859977325,2069.366496598648,133641.65249433115,1255,34,441.44444444444446,34,2,16,34.47701516206389,0.6403186274509803,43.511904761904766,1025.9523809523816,30.175070028011223,0
1284,4,1,1,36,0.02702702702702703,0.02702702702702703,0.972972972972973,37,1000,600,400,0.6,14,6,8,342.7926556553716,0.3922672672672673,0.00840691926006909,0.20345145375452262,131832.80452942822,1638.263433427646,133471.06796285586,1256,0,430.4864864864865,35,2,17,34.45717814343138,0.6407738095238095,43.258101851851855,1026.967592592593,29.34193121693123,0
1285,4,0,1,35,0.0,0.027777777777777776,0.9722222222222222,36,900,600,300,0.6666666666666666,12,6,6,352.9396499751387,0.3879133597883598,-0.01688601467362494,0.20018082849941263,130085.41907793209,1982.460455246916,132067.87953317902,1257,36,443.44444444444446,35,1,19,35.964091218516,0.6232142857142857,44.96527777777778,1020.1388888888888,29.146825396825395,5
1286,4,0,0,35,0.0,0.0,1.0,35,1000,700,300,0.7,13,7,6,354.7645002889006,0.3841036414565826,-0.012786513859275095,0.20229124697324535,130292.97052154191,2244.6641156462524,132537.63463718817,1258,37,451.57142857142856,34,1,20,35.70696323072139,0.6274509803921569,44.76190476190476,1020.9523809523806,30.028011204481782,0
1287,4,0,0,35,0.0,0.0,1.0,35,800,500,300,0.625,11,5,6,355.60815090470845,0.3842086834733893,-0.01382778545618013,0.20324865600343053,130384.14292800447,2273.1327947845725,132657.27572278905,1259,38,452.57142857142856,34,1,20,35.592969266037215,0.6283700980392157,44.672619047619044,1021.3095238095233,30.03851540616245,0
1288,4,0,0,35,0.0,0.0,1.0,35,1250,1000,250,0.8,15,10,5,355.37478208449835,0.3852240896358543,-0.008768162979976957,0.2037529562211922,130505.75573979582,2275.6909013605327,132781.44664115633,1260,39,453.57142857142856,34,1,17,35.47564953978796,0.6295955882352942,44.55357142857142,1021.7857142857134,30.052521008403335,0
1289,4,1,1,35,0.027777777777777776,0.027777777777777776,0.9722222222222222,36,750,500,250,0.6666666666666666,10,5,5,346.73453598025395,0.3873842592592593,-0.04674213641415259,0.20116218221040663,130962.30867346952,1915.1679421768947,132877.47661564642,1261,0,441.94444444444446,34,2,13,35.23445374893388,0.6341911764705881,44.10714285714287,1023.5714285714297,30.105042016806756,5
1290,4,1,0,36,0.027777777777777776,0.0,1.0,36,950,800,150,0.8421052631578947,11,8,3,345.4390956375564,0.3883101851851852,-0.031749722286806614,0.2010464885435904,131084.19075963748,1856.3208616780398,132940.51162131553,1262,0,442.9166666666667,34,2,14,35.14444315275518,0.6354166666666665,43.988095238095255,1024.0476190476213,30.119047619047684,0
1291,4,1,0,37,0.02702702702702703,0.0,1.0,37,1300,800,500,0.6153846153846154,18,8,10,338.36342938903874,0.3929241741741742,-0.03598520086501111,0.19895410403558564,131476.45968632132,1497.3651566786893,132973.824843,1263,0,431.9189189189189,35,2,16,34.92986589173532,0.6372023809523808,43.60532407407408,1025.578703703705,29.302248677248716,0
1292,4,0,1,36,0.0,0.02702702702702703,0.972972972972973,37,1150,900,250,0.782608695652174,14,9,5,339.3875140962599,0.3930492992992993,-0.03286164576487138,0.20033353528478334,131624.87809713668,1534.3680341221082,133159.24613125878,1264,1,432.9189189189189,35,2,14,34.75402285886157,0.6386904761904761,43.46064814814816,1026.157407407409,29.318783068783112,0
1293,4,0,0,36,0.0,0.0,1.0,36,950,800,150,0.8421052631578947,11,8,3,346.10600324499694,0.3905257936507936,-0.016860465116279144,0.20111565053425523,131023.2426303857,1869.586167800475,132892.82879818618,1265,2,444.55555555555554,34,2,15,35.18895348837209,0.6348039215686274,44.04761904761906,1023.8095238095256,30.112044817927224,1
1294,4,0,0,36,0.0,0.0,1.0,36,1000,800,200,0.8,12,8,4,348.70529335495496,0.38996362433862436,-0.02064285345317418,0.20326967100447396,131145.15306122464,1946.2018140589757,133091.3548752836,1266,3,445.55555555555554,34,2,15,34.99922516658918,0.6360294117647057,43.92857142857144,1024.2857142857156,30.126050420168106,0
1295,4,1,1,36,0.02702702702702703,0.02702702702702703,0.972972972972973,37,500,400,100,0.8,6,4,2,342.65578869864726,0.39514514514514515,-0.015365557474385394,0.2010096010789814,131387.44882758922,1604.1339806241506,132991.58280821337,1267,0,434.4864864864865,35,2,16,34.909592082486654,0.6363095238095238,43.69212962962963,1025.231481481482,29.292328042328055,0
1296,4,0,0,36,0.0,0.0,1.0,36,1350,1000,350,0.7407407407407407,17,10,7,347.5686498871253,0.3950066137566137,-0.004688749580785911,0.2042262176076195,131450.17715419523,1937.592120181434,133387.76927437665,1268,1,442.02777777777777,34,2,17,34.720368005572325,0.6390931372549018,43.630952380952394,1025.4761904761924,30.161064425770366,0
1297,4,1,1,36,0.02702702702702703,0.02702702702702703,0.972972972972973,37,800,700,100,0.875,9,7,2,343.11718631222095,0.39774149149149146,-0.0010178179081103966,0.2030090944231548,131713.96933138295,1638.6653109996637,133352.63464238262,1269,0,431.05405405405406,35,2,15,34.568558086217905,0.6395833333333333,43.373842592592595,1026.5046296296302,29.32870370370372,0
1298,4,1,2,35,0.02702702702702703,0.05405405405405406,0.9459459459459459,37,850,700,150,0.8235294117647058,10,7,3,342.15023612598975,0.3978353353353354,0.0020656435942196794,0.20275315595682414,131773.38023244613,1617.2586323302605,133390.63886477638,1270,0,432.02702702702703,35,2,16,34.53352215082853,0.6401785714285714,43.31597222222223,1026.7361111111122,29.33531746031749,0
1299,4,0,0,35,0.0,0.0,1.0,35,1050,900,150,0.8571428571428571,12,9,3,357.55226189885946,0.3883403361344538,0.008188632211579616,0.2099396333549303,131422.35145436847,2398.0718053152623,133820.42325968374,1271,8,457.62857142857143,33,2,17,34.492525198199274,0.6410984848484849,43.658088235294116,1025.3676470588234,31.071746880570405,0
1300,4,1,1,35,0.027777777777777776,0.027777777777777776,0.9722222222222222,36,1000,600,400,0.6,14,6,8,350.0501268008855,0.3920965608465608,0.013400460875663711,0.2075965725252311,131803.09070644723,2027.5377229080966,133830.62842935533,1272,0,445.8888888888889,35,1,16,34.30079651337542,0.6404761904761904,43.28703703703704,1026.8518518518522,29.33862433862435,0
1301,4,0,0,35,0.0,0.0,1.0,35,1000,700,300,0.7,13,7,6,353.6797658153776,0.38907563025210085,0.04506008811781048,0.20200229530771366,130356.43029423783,2222.2259397056505,132578.65623394347,1273,10,459.62857142857143,33,2,22,35.67030181207249,0.6303661616161615,44.69975490196079,1021.2009803921571,30.945484254307793,4
1302,4,0,0,35,0.0,0.0,1.0,35,1050,900,150,0.8571428571428571,12,9,3,354.0602822985994,0.38855042016806723,0.044918027170095964,0.20320087364680117,130544.21864487215,2244.1045811707036,132788.32322604285,1274,11,460.62857142857143,33,2,17,35.470255226446035,0.632260101010101,44.51593137254902,1021.9362745098038,30.96776589423648,0
1303,4,1,0,36,0.027777777777777776,0.0,1.0,36,500,300,200,0.6,7,3,4,343.8955874037172,0.3911210317460318,0.049569467070049056,0.19888550996955204,130840.48327664383,1799.0929705215244,132639.57624716536,1275,0,448.80555555555554,34,2,18,35.43024202932277,0.6329656862745099,44.22619047619047,1023.0952380952369,30.091036414565792,0
1304,4,1,1,36,0.02702702702702703,0.02702702702702703,0.972972972972973,37,1050,800,250,0.7619047619047619,13,8,5,335.1901557967744,0.3946446446446446,0.042622629227710096,0.19500218084837279,131068.54056336729,1386.5769062981772,132455.11746966548,1276,0,437.64864864864865,36,1,18,35.42262362989846,0.631076388888889,44.00337837837837,1023.9864864864855,28.444069069069045,0
1305,4,0,0,36,0.0,0.0,1.0,36,950,600,350,0.631578947368421,13,6,7,344.5461229944393,0.39098875661375665,0.05083537466239618,0.20009917648626457,131002.08340031267,1827.2519879543631,132829.33538826703,1277,2,450.80555555555554,35,1,19,35.2502590917656,0.6324404761904763,44.068287037037024,1023.7268518518497,29.249338624338563,0
1306,4,1,1,36,0.02702702702702703,0.02702702702702703,0.972972972972973,37,1000,700,300,0.7,13,7,6,337.3290665378576,0.397240990990991,0.03928125928125903,0.19728113788525087,131270.4173768363,1456.2654715526294,132726.6828483889,1278,0,439.5945945945946,36,1,20,35.16414835164836,0.6331018518518519,43.806306306306304,1024.7747747747746,28.465965965965964,0
1307,4,1,1,36,0.02702702702702703,0.02702702702702703,0.972972972972973,37,1550,1200,350,0.7741935483870968,19,12,7,334.78749421640555,0.39417542542542544,0.03977147879586873,0.19608981804103742,131328.12499999988,1393.4154593782832,132721.54045937816,1279,0,440.56756756756755,35,2,20,35.171070460704605,0.6357142857142858,43.74999999999999,1024.999999999999,29.28571428571426,0
1308,4,0,1,35,0.0,0.027777777777777776,0.9722222222222222,36,650,300,350,0.46153846153846156,10,3,7,343.57053608349,0.39130291005291,0.049710079445762556,0.20076765385789677,131239.16437596444,1817.982011959866,133057.1463879243,1280,5,453.80555555555554,35,1,20,35.035792951541836,0.6348214285714285,43.83680555555555,1024.6527777777771,29.275793650793634,0
1309,4,0,1,34,0.0,0.02857142857142857,0.9714285714285714,35,800,500,300,0.625,11,5,6,350.6063386158283,0.3897408963585434,0.0423956707944626,0.20470272388926872,131206.1295351475,2200.3401360544394,133406.46967120195,1281,6,436.6,34,1,21,34.88893407700055,0.636642156862745,43.86904761904763,1024.5238095238105,30.133053221288545,0
1310,4,0,0,34,0.0,0.0,1.0,34,1150,1000,150,0.8695652173913043,13,10,3,357.99380375982054,0.38833184789067143,0.04531952783506621,0.20848461449622446,131108.39468293454,2587.1985834775182,133695.59326641206,1282,7,447.2647058823529,33,1,21,34.7985471261617,0.6379419191919191,43.96446078431373,1024.1421568627457,31.034610814022596,0
1311,4,0,0,34,0.0,0.0,1.0,34,900,300,600,0.3333333333333333,15,3,12,359.81891440214247,0.38729203802733214,0.03931888544891615,0.2100618801956644,131202.54229142645,2641.83126682046,133844.3735582469,1283,8,448.2647058823529,33,1,22,34.65659888357255,0.6388888888888888,43.872549019607845,1024.5098039215693,31.04575163398695,0
1312,4,0,0,34,0.0,0.0,1.0,34,1050,700,350,0.6666666666666666,14,7,7,359.22063118419186,0.3874034462269756,0.04130027997805219,0.21005614810924536,131265.32613658198,2630.642661476344,133895.9687980583,1284,9,449.2647058823529,33,1,22,34.60844694251775,0.6395202020202021,43.811274509803916,1024.7549019607834,31.053178847296465,0
1313,4,0,0,34,0.0,0.0,1.0,34,900,300,600,0.3333333333333333,15,3,12,368.98924858223046,0.3874034462269756,0.039242327365728746,0.21216881793478262,130617.28395061738,2839.289709620243,133456.57366023763,1285,10,450.2647058823529,32,2,20,35.01471920289855,0.6354166666666666,44.44444444444445,1022.222222222223,31.944444444444468,1
1314,4,0,0,34,0.0,0.0,1.0,34,950,700,250,0.7368421052631579,12,7,5,367.54313170795643,0.3871991978609626,0.04411412300362327,0.21213796523060888,130763.47588667824,2812.2434880815135,133575.71937475976,1286,11,451.2647058823529,33,1,20,34.903446760923394,0.634469696969697,44.3014705882353,1022.7941176470591,30.993761140819974,0
1315,4,1,1,34,0.02857142857142857,0.02857142857142857,0.9714285714285714,35,1250,1200,50,0.96,13,12,1,359.957668376055,0.38918067226890757,0.04047951119080828,0.20982898229726138,131145.15306122453,2441.340702947851,133586.49376417237,1287,0,439.34285714285716,34,1,20,34.711083991941734,0.6360294117647058,43.92857142857143,1024.2857142857147,30.126050420168077,0
1316,4,0,0,34,0.0,0.0,1.0,34,650,500,150,0.7692307692307693,8,5,3,367.23422510974154,0.387106357694593,0.04398912683713485,0.21316938723708648,130982.9171021964,2820.282012927733,133803.19911512412,1288,13,453.2647058823529,33,1,20,34.68900893890417,0.6366792929292928,44.087009803921575,1023.6519607843147,31.019756387403476,0
1317,4,1,0,35,0.02857142857142857,0.0,1.0,35,800,500,300,0.625,11,5,6,360.48887402247846,0.3908613445378151,0.046429815973316746,0.2109754395961604,131297.62081916115,2466.266298185956,133763.8871173471,1289,0,441.2857142857143,34,1,21,34.54330739148953,0.6375612745098038,43.77976190476191,1024.8809523809537,30.143557422969224,0
1318,4,0,0,35,0.0,0.0,1.0,35,1000,700,300,0.7,13,7,6,359.24040945661744,0.3906862745098039,0.043439501323542684,0.21058486510894223,131359.53006355732,2437.933816296139,133797.46387985346,1290,1,442.2857142857143,33,2,21,34.512726638772676,0.6404671717171717,43.719362745098046,1025.1225490196082,31.064319667260854,0
1319,4,0,0,35,0.0,0.0,1.0,35,1000,600,400,0.6,14,6,8,359.88763873490666,0.3902310924369748,0.04715685939687897,0.21113744639945511,131390.9388816802,2457.194949058067,133848.13383073825,1291,2,443.2857142857143,33,2,21,34.46439955374932,0.6407828282828282,43.688725490196084,1025.2450980392161,31.068033273915642,0
1320,4,0,0,35,0.0,0.0,1.0,35,900,500,400,0.5555555555555556,13,5,8,363.3634945308741,0.3906512605042017,0.05087557603686643,0.21387851260361587,131516.61169982704,2557.667123221845,134074.2788230489,1292,3,444.2857142857143,33,2,21,34.24830744723218,0.6420454545454545,43.56617647058824,1025.7352941176475,31.082887700534773,0
1321,4,1,1,35,0.027777777777777776,0.027777777777777776,0.9722222222222222,36,1050,900,150,0.8571428571428571,12,9,3,354.54768255984084,0.39568452380952385,0.04801375685910836,0.21033894840173223,131816.67375283447,2147.0592403628148,133963.73299319728,1293,0,432.9166666666667,34,2,18,34.17164193523456,0.6427696078431373,43.273809523809526,1026.904761904762,30.203081232493,0
1322,4,1,0,36,0.027777777777777776,0.0,1.0,36,900,600,300,0.6666666666666666,12,6,6,356.1171316206772,0.3933035714285715,0.05475086906141402,0.21195109281975472,131938.95266439905,2197.144274376418,134136.09693877547,1294,0,433.8888888888889,34,2,19,34.00806295867132,0.6439950980392157,43.154761904761905,1027.380952380952,30.217086834733884,0
1323,4,0,1,35,0.0,0.027777777777777776,0.9722222222222222,36,900,500,400,0.5555555555555556,13,5,8,354.3965465433049,0.3927910052910053,0.05056501538025948,0.21143782904687983,132030.6990504535,2158.2447562358266,134188.94380668932,1295,1,434.8888888888889,34,2,19,33.959805397891806,0.6449142156862745,43.06547619047619,1027.7380952380952,30.227591036414566,0
1324,4,0,1,34,0.0,0.02857142857142857,0.9714285714285714,35,750,400,350,0.5333333333333333,11,4,7,364.9713813710985,0.38760504201680673,0.05297214413493512,0.21750426672328788,131988.41979346875,2634.3991794021435,134622.8189728709,1296,2,448.14285714285717,33,2,20,33.73074438481416,0.6467803030303031,43.10661764705882,1027.573529411764,31.138591800356483,0
1325,4,0,1,33,0.0,0.029411764705882353,0.9705882352941176,34,700,400,300,0.5714285714285714,10,4,6,372.9690543981803,0.3887032085561497,0.0517842293647639,0.22162916417306014,131878.7324794663,3037.3372296194184,134916.0697090857,1297,3,452.97058823529414,32,2,20,33.636037697193196,0.6481119791666667,43.213383838383834,1027.146464646464,32.098327020202,0
1326,4,0,0,33,0.0,0.0,1.0,33,1500,1200,300,0.8,18,12,6,366.3631161090797,0.3857717803030303,0.05200227747200614,0.2191987402260278,132138.24043783802,3082.115504795435,135220.35594263344,1298,4,460.1212121212121,32,1,20,33.54389250480984,0.6507161458333334,42.96085858585859,1028.156565656566,32.12989267676769,0
1327,4,0,0,33,0.0,0.0,1.0,33,950,600,350,0.631578947368421,13,6,7,370.20692968495956,0.3853772095959596,0.05556981376301384,0.22226056419626875,132268.09007052862,3193.3127040608233,135461.40277458943,1299,5,461.1212121212121,32,1,20,33.31415449449696,0.6520182291666666,42.834595959595966,1028.6616161616168,32.14567550505053,0
1328,4,0,0,33,0.0,0.0,1.0,33,900,700,200,0.7777777777777778,11,7,4,366.9950335196446,0.38490372474747475,0.05422647527910662,0.22109212994963973,132398.00347222236,3117.8819444444634,135515.88541666683,1300,6,462.1212121212121,32,1,20,33.26585695006749,0.6533203125,42.70833333333334,1029.1666666666679,32.16145833333337,0
1329,4,0,0,33,0.0,0.0,1.0,33,900,600,300,0.6666666666666666,12,6,6,369.84814077042694,0.3842724116161616,0.051903461345521595,0.2235812889535088,132527.9806429192,3203.0454481685674,135731.02609108776,1301,7,463.1212121212121,32,1,20,33.06151645207438,0.6546223958333333,42.58207070707071,1029.671717171718,32.17724116161619,0
1330,4,1,1,33,0.029411764705882353,0.029411764705882353,0.9705882352941176,34,800,500,300,0.625,11,5,6,360.4692695889786,0.3887960487225193,0.04010504451453634,0.21954431763308468,132808.2216725539,2774.656532343335,135582.87820489722,1302,0,450.47058823529414,33,1,17,33.02111817857566,0.6549873737373737,42.310049019607845,1030.759803921569,31.23514557338088,0
1331,4,0,0,33,0.0,0.0,1.0,33,750,400,350,0.5333333333333333,11,4,7,367.95154810219424,0.383364898989899,0.04958272515571216,0.22320570118704866,132658.02158261917,3162.3448818998113,135820.36646451897,1303,9,465.1212121212121,32,1,17,32.97942966866853,0.6559244791666666,42.45580808080808,1030.1767676767681,32.193023989899004,0
1332,4,0,0,33,0.0,0.0,1.0,33,750,300,450,0.4,12,3,9,368.2972243914019,0.3829703282828283,0.046011313527237085,0.22438645820383638,132820.66243240502,3183.4962631364333,136004.15869554147,1304,10,466.1212121212121,32,1,18,32.8068859219337,0.6575520833333333,42.29797979797981,1030.808080808082,32.21275252525256,0
1333,4,0,0,33,0.0,0.0,1.0,33,750,500,250,0.6666666666666666,10,5,5,366.94498846917116,0.38233901515151514,0.04445829669289947,0.22414657597813917,132918.2947690287,3154.7404282726297,136073.03519730133,1305,11,467.1212121212121,32,1,18,32.74356148728622,0.6585286458333333,42.20328282828283,1031.186868686869,32.22458964646466,0
1334,4,0,0,33,0.0,0.0,1.0,33,850,700,150,0.8235294117647058,10,7,3,367.4078985219824,0.38273358585858586,0.04415806986501081,0.22482060846637267,132983.40292125804,3171.830521120295,136155.23344237832,1306,12,468.1212121212121,32,1,18,32.666177010650024,0.6591796875,42.140151515151516,1031.439393939394,32.23248106060606,0
1335,4,0,1,32,0.0,0.030303030303030304,0.9696969696969697,33,500,300,200,0.6,7,3,4,371.7967064517825,0.3826152146464647,0.04233451608956318,0.22830161396171422,133113.66705246907,3298.244598765426,136411.9116512345,1307,13,469.1212121212121,32,1,18,32.42205024674742,0.6604817708333334,42.013888888888886,1031.9444444444441,32.24826388888888,0
1336,4,0,0,32,0.0,0.0,1.0,32,650,500,150,0.7692307692307693,8,5,3,379.6611281385376,0.37836021505376344,0.05092081176619123,0.23222361358960278,132968.1417677137,3696.5669420030345,136664.70870971674,1308,33,484.375,31,1,19,32.36557358077684,0.6616263440860215,42.154947916666664,1031.380208333333,33.27032930107526,0
1337,4,0,0,32,0.0,0.0,1.0,32,1100,800,300,0.7272727272727273,14,8,6,375.96694085992607,0.37787718413978494,0.045668223119636586,0.23058529716517442,133068.8815646701,3605.9000651041624,136674.78162977425,1309,34,485.375,31,1,19,32.35949856974592,0.6626344086021505,42.057291666666664,1031.770833333333,33.28293010752687,0
1338,4,0,0,32,0.0,0.0,1.0,32,1150,900,250,0.782608695652174,14,9,5,374.541343154688,0.37699512768817206,0.04334626545546305,0.23012516944527575,133136.0626220703,3572.991943359375,136709.0545654297,1310,35,486.375,31,1,19,32.32872823618471,0.6633064516129032,41.9921875,1032.03125,33.29133064516129,0
1339,4,1,1,32,0.030303030303030304,0.030303030303030304,0.9696969696969697,33,900,700,200,0.7777777777777778,11,7,4,366.06728757461985,0.3801688762626263,0.03967063373003987,0.2263640574185914,133374.38662190078,3164.799988521573,136539.18661042236,1311,0,472.6060606060606,32,1,19,32.30809192030314,0.6630859375,41.76136363636363,1032.954545454545,32.27982954545453,0
1340,4,0,0,32,0.0,0.0,1.0,32,1050,800,250,0.7619047619047619,13,8,5,377.8333688088542,0.37670110887096775,0.05151601109430137,0.2334092119464041,133337.70751953113,3675.8870442708185,137013.59456380195,1312,37,488.375,31,1,19,32.04109934442764,0.6653225806451614,41.79687499999999,1032.812499999999,33.316532258064484,0
1341,4,1,0,33,0.030303030303030304,0.0,1.0,33,1150,1000,150,0.8695652173913043,13,10,3,362.21411832883183,0.380011047979798,0.005419406256226278,0.21232803782905982,131359.53006355753,2916.0552732122546,134275.5853367698,1313,0,474.54545454545456,33,0,21,34.43651623829447,0.6404671717171716,43.71936274509805,1025.1225490196098,31.064319667260904,7
1342,4,0,0,33,0.0,0.0,1.0,33,1000,800,200,0.8,12,8,4,362.80202464820894,0.37953756313131315,0.006894953357668765,0.21319714482136345,131453.76778162265,2938.338619761655,134392.1064013843,1314,1,475.54545454545456,33,0,21,34.32620299553856,0.6414141414141413,43.62745098039217,1025.490196078433,31.075460487225243,0
1343,4,0,0,33,0.0,0.0,1.0,33,800,600,200,0.75,10,6,4,365.5337371243394,0.37969539141414144,0.0024613068091328127,0.21551045402851898,131579.47063629376,3019.34712610535,134598.81776239912,1315,2,476.54545454545456,33,0,18,34.12914078674949,0.6426767676767677,43.504901960784316,1025.980392156863,31.090314913844335,0
1344,4,2,2,33,0.05714285714285714,0.05714285714285714,0.9428571428571428,35,700,400,300,0.5714285714285714,10,4,6,352.86810513534664,0.38557422969187677,0.0013898048804028562,0.21074792479536092,132070.63567654768,2320.702991040832,134391.3386675885,1316,0,450.25714285714287,35,0,18,33.958849416357005,0.6431547619047618,43.02662037037038,1027.89351851852,29.368386243386286,0
1345,4,0,0,33,0.0,0.0,1.0,33,950,500,450,0.5263157894736842,14,5,9,369.99975543972477,0.3783933080808081,0.013279953129577304,0.2194074982894165,131799.5951827423,3153.163596933885,134952.7587796762,1317,4,478.54545454545456,33,0,18,33.792193778096035,0.6448863636363635,43.290441176470594,1026.8382352941185,31.116310160427833,0
1346,4,0,0,33,0.0,0.0,1.0,33,950,700,250,0.7368421052631579,12,7,5,370.1612361902412,0.37748579545454547,0.011554340831363419,0.22004904125862412,131893.99059256047,3164.4085207612393,135058.3991133217,1318,5,479.54545454545456,33,0,19,33.69273443092341,0.6458333333333334,43.1985294117647,1027.2058823529405,31.127450980392137,0
1347,4,0,0,33,0.0,0.0,1.0,33,650,400,250,0.6153846153846154,9,4,5,370.1612361902412,0.37748579545454547,0.011554340831363419,0.22004904125862412,131893.99059256047,3164.4085207612393,135058.3991133217,1319,6,480.54545454545456,33,0,19,33.69273443092341,0.6458333333333334,43.1985294117647,1027.2058823529405,31.127450980392137,0
1348,4,0,0,33,0.0,0.0,1.0,33,750,500,250,0.6666666666666666,10,5,5,371.0960262368161,0.3764993686868687,0.015238260467268283,0.22097081562283136,131956.93963860045,3193.739186851203,135150.67882545164,1320,7,481.54545454545456,33,0,19,33.60518050254453,0.6464646464646465,43.13725490196078,1027.4509803921562,31.134878193701702,0
1349,4,0,0,33,0.0,0.0,1.0,33,400,200,200,0.5,6,2,4,371.8769745644979,0.3766177398989899,0.013270450479752949,0.2216196468886507,131988.4197934689,3216.6908460688255,135205.1106395377,1321,8,482.54545454545456,33,0,19,33.55334426555357,0.646780303030303,43.106617647058826,1027.573529411765,31.13859180035652,0
1350,4,0,0,33,0.0,0.0,1.0,33,650,500,150,0.7692307692307693,8,5,3,369.22878904373033,0.37669665404040403,0.014002687822430637,0.22059053294151065,132082.8827854671,3153.7605728565964,135236.6433583237,1322,9,483.54545454545456,33,0,19,33.5260689874424,0.6477272727272727,43.01470588235294,1027.941176470588,31.14973262032085,0
1351,4,1,0,34,0.029411764705882353,0.0,1.0,34,550,300,250,0.5454545454545454,8,3,5,360.43862380960206,0.3818887403446227,0.018694927363658298,0.21714229288041872,132398.00347222213,2744.6462898884956,135142.64976211064,1323,0,470.29411764705884,33,1,20,33.434547908232126,0.6508838383838385,42.70833333333333,1029.1666666666658,31.18686868686866,0
1352,4,0,0,34,0.0,0.0,1.0,34,1200,900,300,0.75,15,9,6,361.11659832519473,0.3809789067142008,0.02068446652902689,0.2188309307082379,132618.81134960108,2778.170805699729,135396.9821553008,1324,1,471.29411764705884,33,1,21,33.1948988697204,0.6530934343434343,42.493872549019606,1030.0245098039213,31.212863933452162,0
1353,4,1,1,34,0.02857142857142857,0.02857142857142857,0.9714285714285714,35,1100,700,400,0.6363636363636364,15,7,8,349.97433834814655,0.3865546218487395,0.017303822937625446,0.21378545266372664,132919.22477324263,2303.663548752828,135222.88832199547,1325,0,458.8,34,1,18,33.180125836989134,0.6537990196078431,42.20238095238095,1031.1904761904761,30.32913165266106,0
1354,4,2,1,35,0.05555555555555555,0.027777777777777776,0.9722222222222222,36,1050,600,450,0.5714285714285714,15,6,9,343.1557405621173,0.387582671957672,0.022324318940186272,0.21207214880722514,133352.6502486281,1952.145490397786,135304.7957390259,1326,0,447.0,35,1,19,32.92152248617959,0.6559523809523811,41.7824074074074,1032.870370370369,29.510582010581974,0
1355,4,0,0,35,0.0,0.0,1.0,35,1100,900,200,0.8181818181818182,13,9,4,355.36546271458093,0.3853991596638655,0.02153972828324391,0.2194160419251951,133318.49666950115,2475.357851473922,135793.8545209751,1327,1,460.77142857142854,34,1,19,32.640489913544656,0.657781862745098,41.81547619047619,1032.7380952380954,30.374649859943982,0
1356,4,0,0,35,0.0,0.0,1.0,35,900,800,100,0.8888888888888888,10,8,2,355.6916749637086,0.3846988795518207,0.020713380409198345,0.22034604189935936,133441.47002551012,2492.8039965986372,135934.27402210876,1328,2,461.77142857142854,34,1,19,32.50878557437494,0.6590073529411764,41.69642857142857,1033.214285714285,30.388655462184857,0
1357,4,0,0,35,0.0,0.0,1.0,35,700,500,200,0.7142857142857143,9,5,4,355.86433910308745,0.3846288515406162,0.0228821506720851,0.22118611713902014,133564.50007086172,2506.168509070303,136070.668579932,1329,3,462.77142857142854,34,1,19,32.381041498713955,0.6602328431372548,41.577380952380956,1033.6904761904766,30.402661064425782,0
1358,4,0,0,35,0.0,0.0,1.0,35,800,600,200,0.75,10,6,4,353.26821949540283,0.38473389355742293,0.02138910812943995,0.22048809561609625,133718.3673469388,2447.6899092970575,136166.05725623586,1330,4,463.77142857142854,34,1,18,32.29406461019031,0.661764705882353,41.42857142857143,1034.2857142857144,30.420168067226896,0
1359,4,0,0,35,0.0,0.0,1.0,35,600,400,200,0.6666666666666666,8,4,4,351.25622218308416,0.3847689075630252,0.022817688640473177,0.21959831444395683,133779.93905895686,2398.2071995464744,136178.14625850334,1331,5,464.77142857142854,34,1,18,32.28447449175297,0.6623774509803921,41.36904761904761,1034.523809523809,30.42717086834732,0
1360,4,0,0,35,0.0,0.0,1.0,35,1150,900,250,0.782608695652174,14,9,5,365.69844371126914,0.3846288515406162,0.04771989462054904,0.22160745633692988,132618.8113496011,2712.4536855183223,135331.26503511943,1332,6,465.77142857142854,33,2,19,33.07691354352566,0.6530934343434343,42.493872549019606,1030.0245098039215,31.21286393345217,3
1361,4,2,1,36,0.05405405405405406,0.02702702702702703,0.972972972972973,37,1000,800,200,0.8,12,8,4,352.0178070851593,0.39380005005005003,0.05972672975700277,0.2166767992679457,133203.26063368042,1977.983940972212,135181.24457465264,1333,0,441.5405405405405,35,2,17,32.842457114026246,0.6544642857142857,41.92708333333333,1032.2916666666656,29.49404761904759,0
1362,4,0,0,36,0.0,0.0,1.0,36,1050,700,350,0.6666666666666666,14,7,7,359.47742988332607,0.3888558201058201,0.07079183809487177,0.22085824519195973,133134.14292800447,2371.7439058956793,135505.88683390015,1334,1,454.80555555555554,34,2,17,32.71931595339716,0.6559436274509804,41.99404761904761,1032.023809523809,30.353641456582615,0
1363,4,0,1,35,0.0,0.027777777777777776,0.9722222222222222,36,1250,600,650,0.48,19,6,13,362.9616167064355,0.38842592592592595,0.0727064837234328,0.22373604134292213,133257.03124999988,2473.4374999999854,135730.46874999988,1335,2,455.80555555555554,34,2,17,32.50605326876513,0.6571691176470589,41.87499999999999,1032.499999999999,30.367647058823504,0
1364,4,0,1,34,0.0,0.02857142857142857,0.9714285714285714,35,1050,700,350,0.6666666666666666,14,7,7,371.8629628727761,0.3872549019607843,0.0722697056030388,0.2289892981900779,133219.0743944637,2907.8479430988127,136126.92233756252,1336,3,467.74285714285713,33,2,17,32.31441911997467,0.6590909090909091,41.911764705882355,1032.352941176471,31.28342245989306,0
1365,4,0,0,34,0.0,0.0,1.0,34,1000,800,200,0.8,12,8,4,381.9112869287097,0.382055852644088,0.07558553696708037,0.23492285708368713,133178.8230314509,3372.4991391184626,136551.3221705694,1337,4,482.11764705882354,32,2,18,32.09556574923547,0.6611328125,41.95075757575758,1032.19696969697,32.25615530303031,0
1366,4,0,0,34,0.0,0.0,1.0,34,800,500,300,0.625,11,5,6,385.75301880911974,0.3811831550802139,0.08297009192525118,0.23791011974517232,133276.58689164388,3482.36914600553,136758.95603764942,1338,5,483.11764705882354,32,2,18,31.89808021521155,0.662109375,41.856060606060616,1032.5757575757589,32.267992424242465,0
1367,4,0,0,34,0.0,0.0,1.0,34,850,400,450,0.47058823529411764,13,4,9,387.38639757547793,0.379827688651218,0.0814277806931154,0.23996842478123684,133439.60636988585,3538.537681103988,136978.14405098982,1339,6,484.11764705882354,32,2,20,31.691973196464215,0.6637369791666665,41.69823232323233,1033.2070707070718,32.287720959595994,0
1368,4,0,0,34,0.0,0.0,1.0,34,650,400,250,0.6153846153846154,9,4,5,386.5550885729269,0.379827688651218,0.05979176021553689,0.23017598455933388,131956.93963860068,3401.7252979623418,135358.66493656303,1340,7,485.11764705882354,33,1,17,33.20809478371502,0.6464646464646464,43.137254901960794,1027.450980392158,31.13487819370176,6
1369,4,0,0,34,0.0,0.0,1.0,34,900,600,300,0.6666666666666666,12,6,6,384.01590572994223,0.3784536541889483,0.05702824763667991,0.22942488726942717,132082.88278546726,3344.3855728566086,135427.26835832387,1341,8,486.11764705882354,33,1,17,33.14606183436657,0.6477272727272727,43.01470588235295,1027.9411764705892,31.149732620320886,0
1370,4,0,0,34,0.0,0.0,1.0,34,700,600,100,0.8571428571428571,8,6,2,386.57068905239066,0.3784536541889483,0.05430896836274779,0.2195489465927834,130137.51471789695,3261.8452037677816,133399.35992166473,1342,9,487.11764705882354,33,1,18,35.053346945311866,0.6281565656565657,44.91421568627451,1020.3431372549019,30.919489007724298,3
1371,4,0,0,34,0.0,0.0,1.0,34,600,500,100,0.8333333333333334,7,5,2,386.27781516498476,0.37891785502079617,0.053966897194809293,0.21955872811459573,130168.77710796327,3256.262164792386,133425.03927275565,1343,10,488.11764705882354,33,1,19,35.02899703774869,0.6284722222222222,44.88357843137255,1020.4656862745096,30.92320261437908,0
1372,4,2,2,34,0.05555555555555555,0.05555555555555555,0.9444444444444444,36,750,700,50,0.9333333333333333,8,7,1,367.975613907634,0.3890873015873016,0.05047622745037117,0.21147514196860423,130597.00255102046,2411.3362287316904,133008.33877975214,1344,0,461.94444444444446,34,2,16,35.061194580324546,0.630514705882353,44.464285714285715,1022.1428571428576,30.063025210084046,0
1373,4,1,0,35,0.02857142857142857,0.0,1.0,35,500,200,300,0.4,8,2,6,376.92084858373283,0.3839985994397759,0.056183049104465255,0.2156235602570633,130419.01139285369,2831.5288891291843,133250.54028198286,1345,0,476.1142857142857,33,2,20,35.01337232553491,0.6309974747474747,44.638480392156865,1021.4460784313724,30.952911467617344,0
1374,4,1,0,36,0.027777777777777776,0.0,1.0,36,1000,800,200,0.8,12,8,4,367.055288786734,0.38799603174603176,0.05050447723546503,0.20755822170803098,129967.37423911167,2344.20000646711,132311.57424557878,1346,0,463.8611111111111,35,1,14,35.724082482028,0.6220238095238095,45.08101851851851,1019.6759259259248,29.133597883597854,4
1375,4,1,0,37,0.02702702702702703,0.0,1.0,37,950,800,150,0.8421052631578947,11,8,3,360.86413857990357,0.3913913913913914,0.07085515054666702,0.20290902089138058,129746.60572562352,1964.8492177220605,131711.45494334557,1347,0,452.2972972972973,34,3,17,36.106323517955914,0.6219362745098039,45.297619047619044,1018.8095238095233,29.964985994397743,1
1376,4,0,0,37,0.0,0.0,1.0,37,500,400,100,0.8,6,4,2,360.44792150755416,0.3914852352352352,0.06112489504220431,0.20330402529299585,129867.92091836722,1962.124433106565,131830.0453514738,1348,1,453.2972972972973,34,3,18,35.993586000155744,0.6231617647058825,45.17857142857142,1019.2857142857132,29.978991596638622,0
1377,4,1,0,38,0.02631578947368421,0.0,1.0,38,1100,700,400,0.6363636363636364,15,7,8,358.9648125723488,0.39430713608345186,0.08515195265424924,0.20483748877834812,130321.66950660155,1756.178733710565,132077.84824031213,1349,0,442.3421052631579,35,3,19,35.570637799440775,0.6255952380952381,44.7337962962963,1021.0648148148152,29.173280423280435,0
1378,4,0,0,38,0.0,0.0,1.0,38,800,400,400,0.5,12,4,8,358.9648125723488,0.39430713608345186,0.08515195265424924,0.20483748877834812,130321.66950660155,1756.178733710565,132077.84824031213,1350,1,443.3421052631579,35,3,19,35.570637799440775,0.6255952380952381,44.7337962962963,1021.0648148148152,29.173280423280435,0
1379,4,0,0,38,0.0,0.0,1.0,38,1200,900,300,0.75,15,9,6,358.74632193400544,0.3943367709815078,0.08059322337114039,0.20533690255444437,130439.87509645062,1758.9650848765466,132198.84018132716,1351,2,444.3421052631579,35,3,20,35.45632222977567,0.6267857142857143,44.61805555555556,1021.5277777777777,29.186507936507933,0
1380,4,0,0,38,0.0,0.0,1.0,38,1000,500,500,0.5,15,5,10,355.1025926120786,0.39349217638691325,0.0787089737706288,0.2040280413374928,130587.70743580667,1674.4066947445071,132262.11413055117,1352,3,445.3421052631579,35,3,14,35.39956309213755,0.6282738095238095,44.473379629629626,1022.1064814814808,29.20304232804231,0
1381,4,0,0,38,0.0,0.0,1.0,38,950,700,250,0.7368421052631579,12,7,5,354.17894073290097,0.39341808914177334,0.07889970028660431,0.20380863736115423,130646.86381440762,1654.473567172498,132301.33738158012,1353,4,446.3421052631579,35,3,14,35.36324483942789,0.6288690476190476,44.41550925925926,1022.3379629629634,29.209656084656096,0
1382,4,1,2,37,0.02564102564102564,0.05128205128205128,0.9487179487179487,39,1300,1000,300,0.7692307692307693,16,10,6,347.86132078554374,0.3952991452991453,0.07507263546867482,0.20191950229505695,130982.0694850255,1312.719138056963,132294.78862308245,1354,0,435.87179487179486,36,3,15,35.18564356435641,0.6302083333333335,44.08783783783783,1023.6486486486481,28.43468468468467,0
1383,4,0,0,37,0.0,0.0,1.0,37,1200,800,400,0.6666666666666666,16,8,8,364.0217248214103,0.3930805805805806,0.08288917189440737,0.21069136194208923,130870.9343112246,2127.9726473923,132998.9069586169,1355,6,455.7837837837838,34,3,15,34.884622842738025,0.6332720588235293,44.19642857142858,1023.2142857142866,30.094537815126074,0
1384,4,0,1,36,0.0,0.02702702702702703,0.972972972972973,37,950,800,150,0.8421052631578947,11,8,3,366.14510462486913,0.392799049049049,0.07912970521969442,0.2129286034400611,131053.71492346957,2196.9352324263236,133250.65015589588,1356,7,456.7837837837838,34,3,16,34.64519629500445,0.635110294117647,44.01785714285715,1023.9285714285729,30.115546218487438,0
1385,4,0,0,36,0.0,0.0,1.0,36,850,700,150,0.8235294117647058,10,7,3,375.1483380544299,0.389484126984127,0.07600133067198933,0.21723222071806464,130888.84833958105,2620.5467848904423,133509.39512447148,1357,8,470.1666666666667,33,3,16,34.58183632734532,0.6357323232323231,44.17892156862746,1023.2843137254912,31.008615567439126,0
1386,4,1,0,37,0.02702702702702703,0.0,1.0,37,950,600,350,0.631578947368421,13,6,7,366.8154602372491,0.39339339339339335,0.07669696189333686,0.21416647563105623,131206.12953514748,2225.6873582766607,133431.81689342414,1358,0,458.43243243243245,34,3,17,34.47376830118524,0.636642156862745,43.86904761904763,1024.5238095238103,30.133053221288538,0
1387,4,0,0,37,0.0,0.0,1.0,37,900,600,300,0.6666666666666666,12,6,6,344.26370344915495,0.393455955955956,-0.021212262176117047,0.19419146767374615,129871.1141889809,1541.9821483533065,131413.0963373342,1359,1,459.43243243243245,37,0,16,36.402753872633404,0.6171171171171173,45.17543859649121,1019.2982456140323,27.548601232811684,7
1388,4,1,0,38,0.02631578947368421,0.0,1.0,38,1300,1000,300,0.7692307692307693,16,10,6,342.6852702764354,0.39853010905642483,-0.013535251148596217,0.19511412826108787,130235.32238476108,1325.9453301920803,131561.26771495317,1360,0,448.3157894736842,38,0,18,36.07367769171725,0.6189692982456143,44.81837606837605,1020.7264957264924,26.8612235717498,0
1389,4,0,1,37,0.0,0.02631578947368421,0.9736842105263158,38,700,400,300,0.5714285714285714,10,4,6,347.1025455158162,0.3989894499762921,-0.011171222420228277,0.19806033858979877,130320.07250071006,1446.8914864975438,131766.9639872076,1361,1,449.3157894736842,36,2,18,35.8750597404507,0.6235532407407408,44.73536036036035,1021.0585585585576,28.36273773773771,0
1390,4,1,0,38,0.02631578947368421,0.0,1.0,38,750,400,350,0.5333333333333333,11,4,7,356.30868964202284,0.3979522285443338,0.020219467587888396,0.2050754458161865,130654.64854570637,1710.6773237919306,132365.3258694983,1362,0,450.2105263157895,37,1,14,35.300925925925895,0.625,44.4078947368421,1022.3684210526316,27.63157894736842,0
1391,4,0,1,37,0.0,0.02631578947368421,0.9736842105263158,38,1150,800,350,0.6956521739130435,15,8,7,352.951912427773,0.39666311047889996,0.02224246971808319,0.2038816341200431,130794.81336805563,1632.8559027777828,132427.66927083343,1363,1,451.2105263157895,37,1,15,35.24482348947725,0.6264076576576576,44.270833333333336,1022.9166666666673,27.646396396396415,0
1392,4,0,0,37,0.0,0.0,1.0,37,1000,600,400,0.6,14,6,8,356.9233819118977,0.39110985985985985,0.009351273969708362,0.20579182419948866,130722.82745160715,1931.606733422629,132654.4341850298,1364,2,464.3243243243243,36,1,15,35.216156443857145,0.6276041666666665,44.341216216216225,1022.6351351351362,28.406531531531563,0
1393,4,0,0,37,0.0,0.0,1.0,37,1050,700,350,0.6666666666666666,14,7,7,359.77452038653036,0.3912037037037037,0.012987802935289894,0.2081249875838014,130850.90033712306,2015.3639821868353,132866.2643193099,1365,3,465.3243243243243,37,0,15,35.013552495266666,0.6269707207207207,44.21600877192983,1023.1359649122816,27.652323376007608,0
1394,4,0,0,37,0.0,0.0,1.0,37,1000,700,300,0.7,13,7,6,359.8539305137402,0.3912037037037037,0.014967389163702993,0.2083223870691204,130878.94833025541,2019.460795629421,132898.40912588485,1366,4,466.3243243243243,37,0,16,34.98312258894128,0.6272522522522522,44.18859649122807,1023.2456140350873,27.65528686581317,0
1395,4,1,1,37,0.02631578947368421,0.02631578947368421,0.9736842105263158,38,850,600,250,0.7058823529411765,11,6,5,357.50061481733246,0.39275130393551444,0.020552005796719452,0.2084985337511306,131163.91354372134,1778.2359467455735,132942.14949046692,1367,0,455.0263157894737,38,0,17,34.755032332081775,0.6282894736842104,43.910256410256416,1024.3589743589753,26.956815114709876,0
1396,4,0,0,37,0.0,0.0,1.0,37,700,400,300,0.5714285714285714,10,4,6,367.765210770199,0.3896396396396396,0.017809717231682676,0.2144608363929588,131159.59357686984,2247.1871152662384,133406.7806921361,1368,1,467.7837837837838,37,0,17,34.49653892813816,0.6300675675675675,43.91447368421053,1024.3421052631581,27.684921763869138,0
1397,4,1,0,38,0.02631578947368421,0.0,1.0,38,850,500,350,0.5882352941176471,12,5,7,358.21885191883433,0.39258831199620675,0.024110382851838086,0.21089599494655092,131524.88175448214,1823.0466345413981,133347.92838902352,1369,0,456.44736842105266,37,1,18,34.37188223766256,0.6337274774774775,43.55811403508772,1025.767543859649,27.723447131341867,0
1398,4,0,0,38,0.0,0.0,1.0,38,1200,700,500,0.5833333333333334,17,7,10,358.94569892498293,0.39267721669037453,0.019218764937774635,0.21194781048825959,131637.38031173046,1850.1342961295718,133487.51460786004,1370,1,457.44736842105266,37,1,15,34.23965790504683,0.6348536036036037,43.4484649122807,1026.2061403508767,27.735301090564235,0
1399,4,1,2,37,0.02564102564102564,0.05128205128205128,0.9487179487179487,39,950,700,250,0.7368421052631579,12,7,5,351.43186929310394,0.39468061178587494,0.02341473299152419,0.2092706060056835,131958.55391418323,1474.8882542552726,133433.4421684385,1371,0,446.6923076923077,38,1,15,34.10865307961596,0.6362390350877192,43.135683760683776,1027.4572649572674,27.038349077822826,0
1400,4,0,1,36,0.0,0.02702702702702703,0.972972972972973,37,1250,900,350,0.72,16,9,7,367.3393509546433,0.3912037037037037,0.030755199156645485,0.21927444448417488,132050.54029959033,2301.471953372312,134352.01225296265,1372,3,466.5405405405405,36,1,15,33.60724590044192,0.6409143518518517,43.04617117117118,1027.8153153153169,28.55042542542547,0
1401,4,0,0,36,0.0,0.0,1.0,36,1050,600,450,0.5714285714285714,15,6,9,375.3104455807161,0.3888558201058201,0.026951951951952324,0.22397558849171761,132040.89506172837,2711.2654320987685,134752.16049382713,1373,4,480.3611111111111,35,1,16,33.412162162162176,0.6428571428571428,43.05555555555556,1027.7777777777776,29.36507936507936,0
1402,4,0,0,36,0.0,0.0,1.0,36,1150,700,450,0.6086956521739131,16,7,9,375.2151535444808,0.3886078042328042,0.02482515732712809,0.22409453790373451,132070.63567654742,2710.98076881858,134781.616445366,1374,5,481.3611111111111,35,1,17,33.3845897609128,0.643154761904762,43.02662037037037,1027.893518518518,29.36838624338623,0
1403,4,0,0,36,0.0,0.0,1.0,36,950,800,150,0.8421052631578947,11,8,3,379.59532688886617,0.3887400793650793,0.030029269390971614,0.22706702281170366,132130.12695312503,2831.1957465277787,134961.3226996528,1375,6,482.3611111111111,35,1,17,33.211963863559596,0.64375,42.96875,1028.1250000000002,29.375000000000007,0
1404,4,0,0,36,0.0,0.0,1.0,36,1450,1000,450,0.6896551724137931,19,10,9,372.6258064761028,0.38839285714285715,0.02775278090238742,0.22413013664225667,132338.45191400888,2662.5444744513006,135000.9963884602,1376,7,483.3611111111111,35,1,18,33.18100862392201,0.6458333333333333,42.7662037037037,1028.935185185185,29.39814814814814,0
1405,4,0,0,36,0.0,0.0,1.0,36,850,600,250,0.7058823529411765,11,6,5,372.7266236474651,0.3876653439153439,0.029762592977993663,0.22527690900956876,132520.55165816343,2678.800952608426,135199.35261077186,1377,8,484.3611111111111,34,2,19,32.99490307164604,0.6498161764705882,42.58928571428572,1029.6428571428585,30.28361344537819,0
1406,4,1,0,37,0.02702702702702703,0.0,1.0,37,800,600,200,0.75,10,6,4,361.6417578734482,0.39076576576576577,0.02801633881804544,0.22029969190293633,132815.23946544924,2206.307334533608,135021.54679998284,1378,0,472.2432432432432,35,2,14,32.983849839059815,0.6505952380952381,42.30324074074074,1030.787037037037,29.4510582010582,0
1407,4,0,0,37,0.0,0.0,1.0,37,1000,700,300,0.7,13,7,6,365.79940822365063,0.3901714214214214,0.031012831012831255,0.2235440828033422,132934.57031250012,2325.4774305555707,135260.04774305568,1379,1,473.2432432432432,35,2,14,32.756734006734014,0.6517857142857142,42.18750000000001,1031.250000000001,29.46428571428574,0
1408,4,0,0,37,0.0,0.0,1.0,37,1000,800,200,0.8,12,8,4,364.65480685558975,0.38982732732732733,0.030311024589045665,0.22337926415834158,133024.1036120756,2301.575761959874,135325.67937403548,1380,2,474.2432432432432,35,2,14,32.69627229888926,0.6526785714285714,42.10069444444444,1031.597222222222,29.47420634920634,0
1409,4,0,0,37,0.0,0.0,1.0,37,1400,900,500,0.6428571428571429,19,9,10,364.4779688261211,0.3876689189189189,0.02448576560422322,0.22506829867373565,133322.76562767924,2318.642162851514,135641.40779053076,1381,3,475.2432432432432,35,2,17,32.40093485001306,0.6556547619047619,41.811342592592595,1032.7546296296302,29.50727513227515,0
1410,4,0,0,37,0.0,0.0,1.0,37,850,500,350,0.5882352941176471,12,5,7,361.92767950052024,0.38738738738738737,0.02005231037489108,0.22439516129032266,133472.22222222228,2261.4583333333426,135733.68055555562,1382,4,476.2432432432432,35,2,17,32.31686827956989,0.657142857142857,41.66666666666667,1033.333333333334,29.52380952380954,0
1411,4,0,1,36,0.0,0.02702702702702703,0.972972972972973,37,1150,1000,150,0.8695652173913043,13,10,3,365.3225814839677,0.38719969969969975,0.02586219937613654,0.2274164892262217,133621.7625412593,2363.009446802111,135984.7719880614,1383,5,477.2432432432432,35,2,17,32.079205380797795,0.6586309523809524,41.52199074074073,1033.912037037036,29.540343915343886,0
1412,4,0,0,36,0.0,0.0,1.0,36,1100,800,300,0.7272727272727273,14,8,6,378.55467721029567,0.3841600529100529,0.033031908766271156,0.2348987242932502,133502.97796201785,2907.6353458049543,136410.6133078228,1384,6,491.1111111111111,34,2,17,31.856448949813768,0.659620098039216,41.636904761904745,1033.4523809523787,30.395658263305254,0
1413,4,0,0,36,0.0,0.0,1.0,36,650,400,250,0.6153846153846154,9,4,5,378.6297685015325,0.3845568783068783,0.031647796328279965,0.2357275655509539,133626.03635204068,2918.959041950091,136544.99539399077,1385,7,492.1111111111111,34,2,17,31.730953751679134,0.6608455882352943,41.51785714285713,1033.9285714285702,30.409663865546182,0
1414,4,0,0,36,0.0,0.0,1.0,36,900,600,300,0.6666666666666666,12,6,6,380.4552936393697,0.3846064814814815,0.028800664876614368,0.2378529857356921,133779.93905895686,2979.4571995464744,136759.39625850334,1386,8,493.1111111111111,34,2,15,31.52929612581511,0.6623774509803921,41.36904761904761,1034.523809523809,30.42717086834732,0
1415,4,0,0,36,0.0,0.0,1.0,36,700,600,100,0.8571428571428571,8,6,2,381.9606881001388,0.38465608465608464,0.022741217978217376,0.2391932493491647,133841.52494331056,3024.4401927437516,136865.96513605432,1387,9,494.1111111111111,34,2,15,31.42856458045712,0.6629901960784315,41.3095238095238,1034.761904761904,30.43417366946776,0
1416,4,0,0,36,0.0,0.0,1.0,36,1050,800,250,0.7619047619047619,13,8,5,380.0870063082508,0.3845568783068783,0.018439743491479588,0.23921829094567046,134026.36763038547,2988.336167800451,137014.70379818592,1388,10,495.1111111111111,34,2,15,31.2916762474132,0.664828431372549,41.13095238095238,1035.4761904761904,30.45518207282913,0
1417,4,0,0,36,0.0,0.0,1.0,36,900,600,300,0.6666666666666666,12,6,6,380.641649552862,0.38457341269841266,0.014950388844194196,0.24017135553005461,134118.83680555562,3010.2430555555657,137129.07986111118,1389,11,496.1111111111111,34,2,16,31.184633950120674,0.6657475490196079,41.04166666666667,1035.833333333334,30.46568627450982,0
1418,4,0,0,36,0.0,0.0,1.0,36,500,300,200,0.6,7,3,4,379.34607901388233,0.3847056878306878,0.020519744149527064,0.23975663948132309,134180.50063775515,2980.169359410438,137160.6699971656,1390,12,497.1111111111111,34,2,17,31.156402006970776,0.666360294117647,40.98214285714286,1036.0714285714291,30.472689075630267,0
1419,4,0,0,36,0.0,0.0,1.0,36,1350,1100,250,0.8148148148148148,16,11,5,378.1417411694968,0.38483796296296297,0.018595094060290362,0.23959985433927516,134273.0229591837,2954.846938775516,137227.8698979592,1391,13,498.1111111111111,34,2,18,31.09493452791179,0.6672794117647058,40.892857142857146,1036.4285714285718,30.483193277310935,0
1420,4,0,0,36,0.0,0.0,1.0,36,1750,1500,250,0.8571428571428571,20,15,5,378.05325255102014,0.3837136243386243,0.017832341269841345,0.2405793425324676,134430.72702331975,2964.3947187928798,137395.12174211262,1392,14,499.1111111111111,35,1,19,30.939360119047628,0.6666666666666665,40.74074074074075,1037.037037037038,29.629629629629658,0
1421,4,0,0,36,0.0,0.0,1.0,36,1300,900,400,0.6923076923076923,17,9,8,380.3698219149275,0.38366402116402115,0.018988557898521163,0.24265158105505324,134520.76266986033,3033.527708119009,137554.29037797934,1393,15,500.1111111111111,35,1,20,30.789193536390346,0.6675595238095238,40.65393518518519,1037.38425925926,29.639550264550287,0
1422,4,0,0,36,0.0,0.0,1.0,36,550,300,250,0.5454545454545454,8,3,5,379.9313746928705,0.38330026455026456,0.01559459626944304,0.24277154484116778,134580.8031791195,3026.2939118227064,137607.0970909422,1394,16,501.1111111111111,35,1,20,30.740495445250062,0.6681547619047619,40.59606481481482,1037.6157407407409,29.646164021164026,0
1423,4,0,0,36,0.0,0.0,1.0,36,750,500,250,0.6666666666666666,10,5,5,384.68424951915495,0.3834821428571429,0.013405689364654805,0.2464177392634128,134670.88906035654,3161.153978052112,137832.04303840865,1395,17,502.1111111111111,35,1,20,30.527059173357117,0.6690476190476191,40.50925925925925,1037.962962962962,29.656084656084627,0
1424,4,1,1,36,0.02702702702702703,0.02702702702702703,0.972972972972973,37,950,800,150,0.8421052631578947,11,8,3,375.4852927432272,0.3870432932932933,0.00920916581477993,0.2424494608916556,134960.0164987623,2735.100260733709,137695.116759496,1396,0,489.5135135135135,36,1,16,30.476906542393692,0.6698495370370371,40.23085585585586,1039.0765765765768,28.863238238238246,0
1425,4,0,0,36,0.0,0.0,1.0,36,900,500,400,0.5555555555555556,13,5,8,384.5942846501815,0.3826388888888889,0.020040235221293834,0.2477913643026113,134881.20666420166,3174.9082379543734,138056.11490215603,1397,19,504.1111111111111,35,1,16,30.31905756731662,0.6711309523809523,40.306712962962955,1038.773148148147,29.679232804232768,0
1426,4,0,0,36,0.0,0.0,1.0,36,550,300,250,0.5454545454545454,8,3,5,383.29123221078305,0.38240740740740736,0.014868243535949954,0.24736199795515443,134941.32754897542,3144.3655424811304,138085.69309145655,1398,20,505.1111111111111,35,1,16,30.29280847350636,0.6717261904761905,40.24884259259259,1039.004629629629,29.685846560846546,0
1427,4,0,0,36,0.0,0.0,1.0,36,1200,1000,200,0.8333333333333334,14,10,4,385.01853406211217,0.3817956349206349,0.019539078156312728,0.24951201103505713,135091.68836805553,3202.560763888884,138294.2491319444,1399,21,506.1111111111111,35,1,17,30.097695390781553,0.6732142857142858,40.104166666666664,1039.5833333333333,29.70238095238095,0
1428,4,0,0,36,0.0,0.0,1.0,36,1250,900,350,0.72,16,9,7,384.23111354984326,0.3816964285714286,0.024611655288414136,0.24941707544304842,135151.85613854582,3185.909636488328,138337.76577503415,1400,22,507.1111111111111,35,1,17,30.058066191748292,0.6738095238095239,40.04629629629629,1039.8148148148139,29.70899470899468,0
1429,4,0,1,35,0.0,0.027777777777777776,0.9722222222222222,36,1150,700,450,0.6086956521739131,16,7,9,394.9520235019668,0.3822420634920635,-0.018393256144627168,0.24946738666925627,134158.07578627186,3578.206358619875,137736.28214489174,1401,23,508.1111111111111,32,4,18,30.77468007312614,0.6708984375,41.00378787878788,1035.984848484849,32.37452651515153,7
1430,4,0,0,35,0.0,0.0,1.0,35,950,800,150,0.8421052631578947,11,8,3,407.68608369341507,0.38063725490196076,-0.014901833988970825,0.25671634391240944,134044.6662902832,3929.6290079752603,137974.29529825845,1402,24,521.1142857142858,31,4,18,30.55883000125739,0.6723790322580645,41.11328125,1035.546875,33.40473790322581,0
1431,4,0,0,35,0.0,0.0,1.0,35,1000,700,300,0.7,13,7,6,402.56382189635104,0.38063725490196076,-0.011259609698403228,0.25457570038396776,134201.36072964736,3804.92253580355,138006.2832654509,1403,25,522.1142857142858,33,2,20,30.534077468953285,0.6688762626262625,40.962009803921575,1036.1519607843145,31.398544266191347,0
1432,4,1,1,35,0.027777777777777776,0.027777777777777776,0.9722222222222222,36,1150,1000,150,0.8695652173913043,13,10,3,391.9753402668496,0.38397817460317457,-0.011350423190287007,0.250486263321382,134583.53261146825,3351.5938028025057,137935.12641427075,1404,0,508.5833333333333,32,4,21,30.425336659365616,0.6751302083333333,40.593434343434346,1037.626262626263,32.42582070707072,0
1433,4,0,0,35,0.0,0.0,1.0,35,1200,800,400,0.6666666666666666,16,8,8,397.9233087776586,0.38343837535014,-0.019226840152696267,0.2547668027523467,134652.11868286133,3716.2433200412333,138368.36200290255,1405,1,486.1714285714286,31,4,21,30.202321958767197,0.6784274193548387,40.52734375,1037.890625,33.48034274193548,0
1434,4,0,0,35,0.0,0.0,1.0,35,1000,600,400,0.6,14,6,8,398.42593046024245,0.3836834733893557,-0.022862876493880968,0.25556314911983213,134719.69816419817,3735.164218478738,138454.86238267692,1406,2,487.1714285714286,31,4,21,30.12158221497554,0.6790994623655914,40.462239583333336,1038.151041666667,33.4887432795699,0
1435,4,0,0,35,0.0,0.0,1.0,35,700,400,300,0.5714285714285714,10,4,6,398.1783283758496,0.3839285714285714,-0.021011143358772966,0.25564202821811793,134753.4942626953,3731.184217664931,138484.67848036025,1407,3,488.1714285714286,31,4,21,30.09416018727531,0.6794354838709677,40.4296875,1038.28125,33.492943548387096,0
1436,4,0,1,34,0.0,0.02857142857142857,0.9714285714285714,35,750,500,250,0.6666666666666666,10,5,5,396.08656761072626,0.38336834733893554,-0.015687960027937153,0.25501069813000515,134854.90798950195,3682.8435262044263,138537.7515157064,1408,4,489.1714285714286,31,4,17,30.046931803936314,0.6804435483870968,40.33203125,1038.671875,33.50554435483871,0
1437,4,0,0,34,0.0,0.0,1.0,34,1150,900,250,0.782608695652174,14,9,5,394.8329704129325,0.38155451574569227,-0.00027280904841209264,0.2544408269753131,134888.72104220925,3851.702880859385,138740.42392306862,1409,5,502.3529411764706,31,3,17,30.0456463608256,0.6807795698924731,40.29947916666667,1038.8020833333337,33.509744623655926,0
1438,4,0,0,34,0.0,0.0,1.0,34,750,500,250,0.6666666666666666,10,5,5,395.51259100131284,0.3816659239453357,0.0047913902403067254,0.2553552165202651,134956.35986328125,3875.3879123263896,138831.74777560763,1410,6,503.3529411764706,31,3,17,29.960317460317462,0.6814516129032258,40.234375,1039.0625,33.51814516129032,0
1439,4,0,1,33,0.0,0.029411764705882353,0.9705882352941176,34,850,700,150,0.8235294117647058,10,7,3,397.09570737102325,0.3810160427807487,0.0009468650293642522,0.25709773170664063,135057.8498840332,3926.178487141929,138984.02837117514,1411,7,504.3529411764706,31,3,18,29.817659401227612,0.6824596774193548,40.13671875,1039.453125,33.530745967741936,0
1440,4,0,0,33,0.0,0.0,1.0,33,900,600,300,0.6666666666666666,12,6,6,401.8520896906145,0.376104797979798,0.049366836633133016,0.24469701092237733,132800.32687717018,4101.026916503912,136901.3537936741,1412,34,520.4242424242424,31,2,16,31.962691595081687,0.6599462365591398,42.317708333333336,1030.729166666667,33.249327956989255,7
1441,4,0,0,33,0.0,0.0,1.0,33,600,300,300,0.5,9,3,6,403.84633140181916,0.3748421717171717,0.04148059710630725,0.24657356194070984,132901.0030958388,4134.316507975267,137035.31960381407,1413,35,521.4242424242424,31,2,17,31.809703455823545,0.6609543010752688,42.220052083333336,1031.119791666667,33.26192876344087,0
1442,4,0,0,33,0.0,0.0,1.0,33,750,500,250,0.6666666666666666,10,5,5,402.51016854817163,0.3748027146464647,0.04202101816039483,0.24619946293977363,132968.1417677138,4104.205830891938,137072.34759860573,1414,36,522.4242424242424,31,2,17,31.776422379329215,0.6616263440860215,42.15494791666667,1031.3802083333337,33.27032930107528,0
1443,4,0,0,33,0.0,0.0,1.0,33,450,300,150,0.6666666666666666,6,3,3,392.7834120830829,0.3748027146464647,0.04538750335210495,0.23360276613362319,131911.15702479347,3762.502869605152,135673.65989439862,1415,37,523.4242424242424,32,1,15,33.09442600786627,0.6484375,43.18181818181819,1027.272727272728,32.10227272727275,2
1444,4,0,0,33,0.0,0.0,1.0,33,450,200,250,0.4444444444444444,7,2,5,383.91671628303556,0.3748027146464647,0.07770784975312472,0.2193232488961284,130365.5137154586,3496.9207643792233,133862.43447983783,1416,38,524.4242424242424,30,3,19,34.889115556725464,0.6381944444444443,44.690860215053775,1021.2365591397862,34.04121863799288,6
1445,4,1,1,33,0.029411764705882353,0.029411764705882353,0.9705882352941176,34,900,600,300,0.6666666666666666,12,6,6,372.80364273444854,0.38006907308377896,0.0738815138893052,0.21460807938056406,130661.65500217032,2942.2281901041897,133603.88319227452,1417,0,509.97058823529414,31,3,19,34.87221939208694,0.6384408602150536,44.40104166666668,1022.3958333333347,32.98051075268822,0
1446,4,0,0,33,0.0,0.0,1.0,33,500,200,300,0.4,8,2,6,383.72709425969805,0.37417140151515155,0.08342602448641157,0.21979726024626728,130468.48127312418,3412.8582422823642,133881.33951540655,1418,40,526.4242424242424,30,3,19,34.78928211200281,0.639236111111111,44.59005376344087,1021.6397849462376,34.05465949820792,0
1447,4,0,0,33,0.0,0.0,1.0,33,900,700,200,0.7777777777777778,11,7,4,385.10006500081215,0.3744870580808081,0.07382079607224279,0.22117076240681086,130571.48947855247,3456.617817088685,134028.10729564115,1419,41,527.4242424242424,30,3,19,34.649526564965804,0.6402777777777777,44.48924731182796,1022.0430107526885,34.068100358422946,0
1448,4,0,0,33,0.0,0.0,1.0,33,1050,600,450,0.5714285714285714,15,6,9,385.10006500081215,0.3744870580808081,0.07382079607224279,0.22117076240681086,130571.48947855247,3456.617817088685,134028.10729564115,1420,42,528.4242424242424,30,3,19,34.649526564965804,0.6402777777777777,44.48924731182796,1022.0430107526885,34.068100358422946,0
1449,4,1,1,33,0.029411764705882353,0.029411764705882353,0.9705882352941176,34,1250,1000,250,0.8,15,10,5,377.37354625360445,0.37928921568627455,0.06775695849927077,0.21936359043515977,131037.09323347114,3089.9865128558413,134127.07974632698,1421,0,513.8529411764706,32,2,19,34.37461462572451,0.6396484375,44.034090909090914,1023.8636363636368,31.99573863636365,0
1450,4,0,0,33,0.0,0.0,1.0,33,1400,1100,300,0.7857142857142857,17,11,6,386.03068518751155,0.3728298611111111,0.08049977069435266,0.22434288822094636,131028.00369262697,3516.1660088433164,134544.1697014703,1422,44,530.4242424242424,31,2,19,34.16224193480012,0.6421370967741935,44.04296875,1023.8281250000001,33.02671370967742,0
1451,4,0,0,33,0.0,0.0,1.0,33,450,300,150,0.6666666666666666,6,3,3,386.03068518751155,0.3728298611111111,0.08049977069435266,0.22434288822094636,131028.00369262697,3516.1660088433164,134544.1697014703,1423,45,531.4242424242424,31,2,19,34.16224193480012,0.6421370967741935,44.04296875,1023.8281250000001,33.02671370967742,0
1452,4,0,0,33,0.0,0.0,1.0,33,850,500,350,0.5882352941176471,12,5,7,386.68137434007815,0.3727114898989899,0.08132166972894073,0.22550202905362446,131161.34855482305,3543.5301038953958,134704.87865871846,1424,46,532.4242424242424,31,2,19,34.010343841362676,0.643481182795699,43.912760416666664,1024.3489583333328,33.04351478494622,0
1453,4,1,0,34,0.029411764705882353,0.0,1.0,34,950,700,250,0.7368421052631579,12,7,5,356.83581753867236,0.3762626262626263,0.04325342345196592,0.2074713469405433,131045.64838343434,2558.158793553909,133603.80717698825,1425,0,517.7352941176471,33,1,21,34.89165669259925,0.637310606060606,44.02573529411765,1023.8970588235301,31.027183600713034,6
1454,4,0,0,34,0.0,0.0,1.0,34,1100,800,300,0.7272727272727273,14,8,6,355.0143988106208,0.3762997623291741,0.04270108186866994,0.20674950040838747,131108.39468293457,2509.0735834775305,133617.4682664121,1426,1,518.7352941176471,33,1,21,34.87483048143275,0.6379419191919191,43.96446078431374,1024.142156862746,31.03461081402261,0
1455,4,0,0,34,0.0,0.0,1.0,34,850,600,250,0.7058823529411765,11,6,5,355.47081563732866,0.3760769459298871,0.041909741525513855,0.20735384144538963,131171.15600069694,2525.5035623318145,133696.65956302875,1427,2,519.7352941176471,33,1,22,34.79969194879771,0.6385732323232322,43.903186274509814,1024.3872549019616,31.04203802733217,0
1456,4,0,0,34,0.0,0.0,1.0,34,1150,900,250,0.782608695652174,14,9,5,354.6092638653125,0.37648544266191325,0.04248053400482532,0.20752955029430434,131296.72369100823,2511.806907199153,133808.53059820738,1428,3,520.7352941176471,33,1,23,34.69486129379411,0.6398358585858586,43.78063725490196,1024.877450980392,31.056892453951274,0
1457,4,1,1,34,0.02857142857142857,0.02857142857142857,0.9714285714285714,35,1150,900,250,0.782608695652174,14,9,5,343.34392926833914,0.3802170868347339,0.03295810606939753,0.20222793154513186,131541.7534722223,2032.812500000009,133574.5659722223,1429,0,506.8285714285714,34,1,23,34.736325480639024,0.6400122549019608,43.54166666666667,1025.8333333333342,30.171568627451006,0
1458,4,0,0,34,0.0,0.0,1.0,34,1100,800,300,0.7272727272727273,14,8,6,347.8526740406725,0.376541146761735,0.038519924098671554,0.2047487258593832,131516.61169982707,2349.681012110734,133866.2927119378,1430,5,522.7352941176471,33,1,24,34.64605734767024,0.6420454545454545,43.56617647058824,1025.7352941176478,31.08288770053478,0
1459,4,0,0,34,0.0,0.0,1.0,34,900,700,200,0.7777777777777778,11,7,4,348.9598040735628,0.3760212418300654,0.039963889532882435,0.20590841716053163,131610.90573637557,2385.3831759419636,133996.28891231754,1431,6,523.7352941176471,33,1,17,34.52254767307615,0.6429924242424241,43.47426470588236,1026.1029411764719,31.094028520499148,0
1460,4,1,1,34,0.02857142857142857,0.02857142857142857,0.9714285714285714,35,1650,1100,550,0.6666666666666666,22,11,11,340.8628227922452,0.3821078431372549,0.033136368902792146,0.2030356814023376,131969.53125000015,1996.701388888903,133966.23263888905,1432,0,509.74285714285713,34,1,18,34.369086239524194,0.6443014705882353,43.12500000000001,1027.5000000000011,30.22058823529415,0
1461,4,1,0,35,0.02857142857142857,0.0,1.0,35,950,500,450,0.5263157894736842,14,5,9,341.5974896870229,0.38130252100840334,0.03474121015215381,0.2041769113997398,132100.3796403462,2025.0316143689804,134125.41125471517,1433,0,510.7142857142857,35,0,20,34.21855062673571,0.643452380952381,42.997685185185176,1028.0092592592578,29.371693121693077,0
1462,4,1,1,35,0.027777777777777776,0.027777777777777776,0.9722222222222222,36,1100,900,200,0.8181818181818182,13,9,4,330.93478011440936,0.3864914021164021,0.03565002249212812,0.1993680260689246,132398.00347222213,1563.6906292866838,133961.69410150882,1434,0,497.5,34,2,21,34.19365721997301,0.6485906862745099,42.70833333333333,1029.1666666666658,30.26960784313723,0
1463,4,0,0,35,0.0,0.0,1.0,35,900,600,300,0.6666666666666666,12,6,6,338.6645199377344,0.3811974789915966,0.04002763629352368,0.20386365922588984,132368.2260186255,1965.6843439214535,134333.91036254694,1435,2,512.7142857142857,35,0,21,34.02469257301393,0.6461309523809524,42.73726851851851,1029.0509259259245,29.401455026454986,0
1464,4,0,0,35,0.0,0.0,1.0,35,850,600,250,0.7058823529411765,11,6,5,339.777181361532,0.38070728291316525,0.04641368870443796,0.20486637087261347,132429.53619100817,1999.3136051586757,134428.84979616685,1436,3,513.7142857142857,33,2,21,33.93447136563876,0.651199494949495,42.67769607843137,1029.2892156862738,31.19058229352345,0
1465,4,0,0,35,0.0,0.0,1.0,35,450,400,50,0.8888888888888888,5,4,1,340.0574928296905,0.38158263305322127,0.04508306834220388,0.2053790796018857,132492.61289227704,2011.021151720493,134503.63404399753,1437,4,514.7142857142857,33,2,22,33.8639001309368,0.6518308080808082,42.61642156862745,1029.5343137254904,31.198009506833042,0
1466,4,0,0,35,0.0,0.0,1.0,35,800,600,200,0.75,10,6,4,337.7059039727354,0.38105742296918765,0.040990916597853255,0.20427664820728403,132551.19756235817,1952.6643990929574,134503.86196145113,1438,5,515.7142857142857,34,1,23,33.865606936416185,0.6501225490196079,42.5595238095238,1029.761904761904,30.28711484593835,0
1467,4,0,0,35,0.0,0.0,1.0,35,600,300,300,0.5,9,3,6,363.42465922509473,0.38147759103641454,0.03998840915676616,0.21586549035900196,131862.52170138882,2599.387932256231,134461.90963364506,1439,6,516.7142857142857,33,2,18,33.89748140635565,0.6455176767676768,43.229166666666664,1027.0833333333328,31.123737373737356,5
1468,4,1,0,36,0.027777777777777776,0.0,1.0,36,850,400,450,0.47058823529411764,13,4,9,354.42778299064133,0.38526785714285716,0.03910518485178116,0.21268060144752407,132249.14969403733,2174.55458569103,134423.70427972835,1440,0,503.3333333333333,35,1,19,33.73900547616369,0.644940476190476,42.85300925925927,1028.587962962964,29.38822751322754,0
1469,4,1,2,35,0.02702702702702703,0.05405405405405406,0.9459459459459459,37,750,400,350,0.5333333333333333,11,4,7,344.4013775099602,0.38795045045045046,0.03396381204138388,0.2079735405941002,132487.35592689045,1725.849301268862,134213.20522815932,1441,0,490.7027027027027,35,2,20,33.75737774030353,0.6473214285714286,42.62152777777778,1029.513888888889,29.41468253968254,0
1470,4,0,0,35,0.0,0.0,1.0,35,650,600,50,0.9230769230769231,7,6,1,359.893537278574,0.38319327731092434,0.05113025647809799,0.21576129552738374,132214.2874858276,2516.613520408157,134730.90100623577,1442,2,519.2857142857143,34,1,20,33.63357062931667,0.6467524509803921,42.88690476190476,1028.4523809523805,30.248599439775898,0
1471,4,0,0,35,0.0,0.0,1.0,35,950,700,250,0.7368421052631579,12,7,5,375.9299023307629,0.38336834733893554,0.09515554142472249,0.20799180662331368,129110.63102324295,2707.4369331066127,131818.06795634958,1443,3,520.2857142857143,34,1,19,36.37109054703057,0.6155024509803919,45.922619047619065,1016.3095238095265,29.891456582633133,8
1472,4,1,1,35,0.027777777777777776,0.027777777777777776,0.9722222222222222,36,1050,900,150,0.8571428571428571,12,9,3,367.2356743609815,0.38931878306878304,0.09438984438984477,0.2047464650204379,129413.2812500002,2305.0666099773543,131718.34785997757,1444,0,506.80555555555554,34,2,19,36.28344253344254,0.6185661764705881,45.625000000000014,1017.5000000000016,29.92647058823534,0
1473,4,2,1,36,0.05405405405405406,0.02702702702702703,0.972972972972973,37,850,500,350,0.5882352941176471,12,5,7,357.0575598510522,0.3950513013013013,0.09460073430995641,0.2009932709033676,129790.40745027462,1868.5292352537958,131658.93668552843,1445,0,494.05405405405406,35,2,19,36.158753596849905,0.620238095238095,45.25462962962964,1018.9814814814837,29.113756613756678,0
1474,4,0,0,36,0.0,0.0,1.0,36,1100,900,200,0.8181818181818182,13,9,4,368.1491503977768,0.3891369047619047,0.10665139062480278,0.20676966641039152,129701.96926708259,2349.93395811901,132051.9032252016,1446,1,508.77777777777777,35,1,19,35.96620175737607,0.619345238095238,45.34143518518519,1018.6342592592601,29.103835978836003,0
1475,4,2,3,35,0.05263157894736842,0.07894736842105263,0.9210526315789473,38,1000,900,100,0.9,11,9,2,361.6303486894213,0.397804054054054,0.07523153377004732,0.20753662868136752,130542.57079101275,1841.63107879349,132384.20186980625,1447,0,482.94736842105266,37,1,17,35.278522889842634,0.6238738738738738,44.51754385964913,1021.9298245614045,27.619724988146068,5
1476,4,1,1,35,0.027777777777777776,0.027777777777777776,0.9722222222222222,36,900,600,300,0.6666666666666666,12,6,6,375.54233358496634,0.385896164021164,0.10669334944368947,0.21527842343429113,130498.99798525375,2601.5796467764026,133100.57763203015,1448,0,510.69444444444446,35,1,19,34.96733877057845,0.6273809523809524,44.56018518518518,1021.7592592592591,29.19312169312169,0
1477,4,0,0,35,0.0,0.0,1.0,35,850,700,150,0.8235294117647058,10,7,3,378.03577465096845,0.385749299719888,0.10925150039633102,0.2172045495083085,130587.7074358067,2873.3650280778393,133461.07246388454,1449,1,515.4571428571429,35,0,19,34.81355924206393,0.6282738095238096,44.473379629629626,1022.1064814814811,29.203042328042315,0
1478,4,0,0,35,0.0,0.0,1.0,35,1500,1100,400,0.7333333333333333,19,11,8,376.4626528806273,0.3853991596638655,0.11246179966044179,0.2169633097325726,130706.03358892727,2841.1880304783745,133547.22161940564,1450,2,516.4571428571429,35,0,19,34.73365874363327,0.6294642857142858,44.35763888888888,1022.5694444444429,29.216269841269796,0
1479,4,0,0,35,0.0,0.0,1.0,35,850,500,350,0.5882352941176471,12,5,7,379.34522225179717,0.3842787114845938,0.1107692307692314,0.2194641207268246,130854.01663237282,2927.7692043895436,133781.78583676237,1451,3,517.4571428571429,35,0,19,34.50980392156864,0.6309523809523812,44.21296296296295,1023.1481481481458,29.232804232804163,0
1480,4,0,0,35,0.0,0.0,1.0,35,800,500,300,0.625,11,5,6,378.50513248636844,0.3846288515406162,0.10747483885559217,0.21948333682471813,130942.84664619755,2912.50790359223,133855.35454978977,1452,4,518.4571428571429,35,0,19,34.44120113837686,0.6318452380952382,44.1261574074074,1023.4953703703691,29.24272486772483,0
1481,4,0,0,35,0.0,0.0,1.0,35,950,700,250,0.7368421052631579,12,7,5,377.9122236757085,0.38413865546218484,0.11046154839959943,0.21964596127695887,131031.70680084,2903.696737825766,133935.40353866576,1453,5,519.4571428571429,35,0,19,34.36628608033762,0.6327380952380953,44.03935185185184,1023.842592592591,29.252645502645457,0
1482,4,1,2,34,0.027777777777777776,0.05555555555555555,0.9444444444444444,36,750,400,350,0.5333333333333333,11,4,7,370.39270619490395,0.3867724867724868,0.10458485958485952,0.21661784231192965,131270.4173768363,2524.321027108185,133794.73840394447,1454,0,506.0,36,0,20,34.317078754578745,0.6331018518518519,43.806306306306304,1024.7747747747746,28.465965965965964,0
1483,4,1,0,35,0.02857142857142857,0.0,1.0,35,1050,800,250,0.7619047619047619,13,8,5,376.4703613251931,0.38683473389355744,0.12337280970667086,0.2201630501435439,131268.81456832966,2883.76361025375,134152.5781785834,1455,0,519.2571428571429,35,0,21,34.16299600933665,0.6351190476190478,43.80787037037036,1024.7685185185167,29.279100529100475,0
1484,4,1,0,36,0.027777777777777776,0.0,1.0,36,450,400,50,0.8888888888888888,5,4,1,368.07407119761524,0.3911210317460318,0.11979147073944518,0.2164236459775758,131476.45968632106,2478.628552597727,133955.08823891878,1456,0,505.80555555555554,35,1,22,34.1681008539292,0.637202380952381,43.60532407407407,1025.578703703703,29.302248677248656,0
1485,4,1,1,36,0.02702702702702703,0.02702702702702703,0.972972972972973,37,750,400,350,0.5333333333333333,11,4,7,361.74234185801055,0.39508258258258255,0.11493052048311014,0.21454826038633723,131806.2183195789,2135.9780172745222,133942.19633685343,1457,0,493.1081081081081,37,0,19,33.99748620751023,0.6365427927927929,43.283991228070164,1026.8640350877176,27.753082029397774,0
1486,4,1,1,36,0.02702702702702703,0.02702702702702703,0.972972972972973,37,750,500,250,0.6666666666666666,10,5,5,360.29771774415883,0.3953953953953954,0.1146866948083991,0.21400816246731336,131862.52170138873,2101.9531249999795,133964.4748263887,1458,0,494.05405405405406,37,0,19,33.97777214334009,0.6371058558558559,43.22916666666666,1027.083333333332,27.75900900900897,0
1487,4,0,0,36,0.0,0.0,1.0,36,800,500,300,0.625,11,5,6,367.55740978088426,0.39041005291005293,0.11948283005532412,0.21790562174135916,131790.24252292837,2488.0960352244215,134278.33855815278,1459,2,508.77777777777777,36,0,19,33.86433428383418,0.6383101851851851,43.29954954954955,1026.8018018018022,28.522272272272282,0
1488,4,0,1,35,0.0,0.027777777777777776,0.9722222222222222,36,850,600,250,0.7058823529411765,11,6,5,349.79068732762903,0.3913194444444445,0.0654928893260951,0.2123579959097861,132687.90486009646,2082.598688215228,134770.50354831168,1460,3,509.77777777777777,36,0,12,33.41713119830948,0.6472800925925927,42.426801801801794,1030.2927927927917,28.619244244244214,3
1489,4,0,0,35,0.0,0.0,1.0,35,1150,800,350,0.6956521739130435,15,8,7,353.7291481808886,0.38683473389355744,0.07579677119106498,0.2147951485065665,132695.9622020745,2387.6859353566247,135083.64813743113,1461,6,525.2571428571429,35,0,14,33.307590054669355,0.649404761904762,42.41898148148147,1030.324074074072,29.43783068783063,0
1490,4,0,0,35,0.0,0.0,1.0,35,1300,900,400,0.6923076923076923,17,9,8,353.1287915664668,0.3866946778711485,0.07208317289179855,0.21477177323140806,132755.59413580215,2375.9645061728024,135131.55864197496,1462,7,526.2571428571429,35,0,15,33.26314016172506,0.6500000000000001,42.36111111111109,1030.555555555553,29.44444444444437,0
1491,4,0,0,35,0.0,0.0,1.0,35,1050,500,550,0.47619047619047616,16,5,11,351.8380385218596,0.3867296918767507,0.07576272817683116,0.21432760404074405,132815.239465449,2345.8906678669123,135161.13013331592,1463,8,527.2571428571429,35,0,15,33.23648850961897,0.6505952380952382,42.303240740740726,1030.7870370370351,29.451058201058146,0
1492,4,0,1,34,0.0,0.02857142857142857,0.9714285714285714,35,900,600,300,0.6666666666666666,12,6,6,352.08652178349155,0.3860294117647059,0.07064935064935107,0.2151639855343559,132934.57031249988,2360.8940972222085,135295.4644097221,1464,9,528.2571428571429,35,0,15,33.110269360269356,0.6517857142857144,42.18749999999999,1031.249999999999,29.464285714285687,0
1493,4,0,0,34,0.0,0.0,1.0,34,1150,800,350,0.6956521739130435,15,8,7,361.1736436713354,0.3812945632798574,0.07785067612081287,0.22044573134865617,132888.5363520406,2799.1673752834263,135687.70372732403,1465,17,544.5294117647059,34,0,17,32.922247238579075,0.6534926470588236,42.23214285714285,1031.0714285714268,30.32563025210079,0
1494,4,1,1,34,0.02857142857142857,0.02857142857142857,0.9714285714285714,35,1050,800,250,0.7619047619047619,13,8,5,352.78693049493717,0.38700980392156864,0.06850991574023713,0.21697612732095475,133173.39275763006,2396.3664909121803,135569.75924854225,1466,0,529.9428571428572,35,0,17,32.85256410256411,0.6541666666666668,41.956018518518505,1032.1759259259238,29.49074074074068,0
1495,4,0,0,34,0.0,0.0,1.0,34,1050,800,250,0.7619047619047619,13,8,5,359.46922668748977,0.3814431075460487,0.07304583307881862,0.22048972312105247,133072.7200255101,2767.109552154186,135839.82957766426,1467,19,546.5294117647059,34,0,17,32.7811911080343,0.6553308823529412,42.05357142857142,1031.7857142857135,30.34663865546216,0
1496,4,0,0,34,0.0,0.0,1.0,34,750,500,250,0.6666666666666666,10,5,5,359.7045444626189,0.38055184194890074,0.06468689170583519,0.22172832367621123,133257.03124999988,2786.6319444444307,136043.66319444432,1468,20,547.5294117647059,34,0,20,32.59012644605865,0.6571691176470589,41.87499999999999,1032.499999999999,30.367647058823504,0
1497,4,0,0,34,0.0,0.0,1.0,34,1350,1100,250,0.8148148148148148,16,11,5,367.4557752341311,0.38045900178253117,0.07376660341556018,0.22782258064516137,133472.22222222228,3009.027777777788,136481.25000000006,1469,21,548.5294117647059,34,0,21,32.174059139784944,0.6593137254901961,41.66666666666667,1033.333333333334,30.392156862745114,0
1498,4,1,2,33,0.02857142857142857,0.05714285714285714,0.9428571428571428,35,900,600,300,0.6666666666666666,12,6,6,358.4324296036749,0.3838585434173669,0.07214376140604717,0.2238978706560987,133749.15143140606,2588.0066609977507,136337.1580924038,1470,0,533.8285714285714,34,1,15,32.12970422373116,0.6620710784313724,41.39880952380953,1034.404761904763,30.42366946778715,0
1499,4,0,0,33,0.0,0.0,1.0,33,1000,700,300,0.7,13,7,6,385.96152013180665,0.3785116792929293,0.10497595885049793,0.22837461125702976,131716.66953627183,3567.5132001836614,135284.1827364555,1471,23,554.3636363636364,32,1,15,33.466328413284145,0.646484375,43.371212121212125,1026.5151515151517,32.07859848484849,4
1500,4,0,0,33,0.0,0.0,1.0,33,700,300,400,0.42857142857142855,11,3,8,389.6749969121227,0.3776041666666667,0.10908196794599556,0.23135886313016113,131846.3119197022,3675.442238036949,135521.75415773914,1472,24,555.3636363636364,32,1,15,33.23984714367675,0.6477864583333333,43.2449494949495,1027.0202020202028,32.094381313131336,0
1501,4,0,0,33,0.0,0.0,1.0,33,650,400,250,0.6153846153846154,9,4,5,389.27028058205343,0.37748579545454547,0.10482807926897397,0.23190933699683394,131976.01807213554,3674.8683170084746,135650.88638914403,1473,25,556.3636363636364,32,1,16,33.119060784795614,0.6490885416666666,43.11868686868687,1027.5252525252529,32.11016414141415,0
1502,4,0,0,33,0.0,0.0,1.0,33,700,300,400,0.42857142857142855,11,3,8,387.0519654050318,0.37768308080808083,0.1018860760907192,0.2311804879209365,132073.33953486895,3623.8491289154254,135697.18866378439,1474,26,557.3636363636364,32,1,16,33.077682921835965,0.6500651041666666,43.0239898989899,1027.9040404040409,32.12200126262628,0
1503,4,0,0,33,0.0,0.0,1.0,33,750,400,350,0.5333333333333333,11,4,7,384.0650638123244,0.37768308080808083,0.10181371728333088,0.23018469056301563,132203.15728305784,3554.9228076216723,135758.08009067952,1475,27,558.3636363636364,32,1,17,33.02332719459792,0.6513671875,42.89772727272727,1028.4090909090908,32.137784090909086,0
1504,4,0,0,33,0.0,0.0,1.0,33,1350,800,550,0.5925925925925926,19,8,11,383.3326284849148,0.3772885101010101,0.10828302665788847,0.2301408197690937,132268.09007052853,3540.5349262830305,135808.62499681156,1476,28,559.3636363636364,32,1,19,32.976606930976644,0.6520182291666667,42.83459595959596,1028.6616161616162,32.145675505050505,0
1505,4,1,1,33,0.029411764705882353,0.029411764705882353,0.9705882352941176,34,1350,1200,150,0.8888888888888888,15,12,3,375.59345394557283,0.38135026737967914,0.10038637063583211,0.22741263594802524,132587.25610342162,3159.7810938100565,135747.03719723166,1477,0,543.8823529411765,33,1,19,32.85389893701412,0.6527777777777779,42.52450980392156,1029.9019607843125,31.209150326797346,0
1506,4,0,0,33,0.0,0.0,1.0,33,900,500,400,0.5555555555555556,13,5,8,384.05560509854183,0.3763415404040404,0.10747653131759094,0.23196958547951915,132495.48037190066,3577.1263774104455,136072.60674931112,1478,30,561.3636363636364,32,1,19,32.72856880058867,0.6542968750000002,42.61363636363635,1029.5454545454534,32.17329545454542,0
1507,4,0,0,33,0.0,0.0,1.0,33,700,400,300,0.5714285714285714,10,4,6,381.35870052608146,0.37602588383838387,0.10453932484090589,0.23093859838093872,132592.9931416436,3513.0983126721558,136106.09145431576,1479,31,562.3636363636364,32,1,20,32.699675125658935,0.6552734375000002,42.518939393939384,1029.9242424242414,32.18513257575754,0
1508,4,0,0,33,0.0,0.0,1.0,33,600,400,200,0.6666666666666666,8,4,4,381.8447231833911,0.3763415404040404,0.1030748663101606,0.2318342962184873,132690.5417814507,3533.4366391184376,136223.97842056915,1480,32,563.3636363636364,32,1,14,32.58884803921567,0.65625,42.424242424242415,1030.3030303030291,32.19696969696966,0
1509,4,0,0,33,0.0,0.0,1.0,33,1000,800,200,0.8,12,8,4,380.3879845816325,0.37582859848484845,0.1064317847757339,0.23175279896451095,132820.66243240482,3504.6768186919576,136325.33925109677,1481,33,564.3636363636364,32,1,15,32.495304589253635,0.6575520833333335,42.29797979797979,1030.8080808080804,32.21275252525251,0
1510,4,0,0,33,0.0,0.0,1.0,33,800,600,200,0.75,10,6,4,380.07666620940654,0.37511837121212116,0.11664143887454359,0.23237022526934373,132950.846852362,3506.302928272621,136457.14978063465,1482,34,565.3636363636364,32,1,17,32.372265752530204,0.6588541666666667,42.17171717171717,1031.3131313131312,32.22853535353535,0
1511,4,0,0,33,0.0,0.0,1.0,33,500,400,100,0.8,6,4,2,379.8102398617672,0.3751972853535353,0.11949832515385217,0.23240972654912156,132983.40292125792,3501.691632231391,136485.0945534893,1483,35,566.3636363636364,32,1,18,32.346370424776595,0.6591796875,42.14015151515151,1031.439393939393,32.232481060606034,0
1512,4,0,0,33,0.0,0.0,1.0,33,1250,1000,250,0.8,15,10,5,381.49153019750145,0.3748421717171717,0.12284410815622593,0.23364211407148297,133015.9629757166,3548.892651260052,136564.85562697664,1484,36,567.3636363636364,32,1,18,32.27024683802529,0.6595052083333335,42.10858585858585,1031.5656565656552,32.236426767676726,0
1513,4,0,0,33,0.0,0.0,1.0,33,850,500,350,0.5882352941176471,12,5,7,378.00050500799597,0.37306660353535354,0.11558520989713661,0.23251724066518936,133178.8230314509,3468.332472451794,136647.1555039027,1485,37,568.3636363636364,32,1,18,32.19648318042813,0.6611328125,41.95075757575758,1032.19696969697,32.25615530303031,0
1514,4,0,0,33,0.0,0.0,1.0,33,750,500,250,0.6666666666666666,10,5,5,376.6655112251442,0.3734217171717172,0.11346681934917235,0.23210202602019606,133243.99495268328,3437.6834953065863,136681.67844798986,1486,38,569.3636363636364,32,1,18,32.16542334189393,0.6617838541666667,41.887626262626256,1032.449494949494,32.26404671717169,0
1515,4,0,0,33,0.0,0.0,1.0,33,1050,900,150,0.8571428571428571,12,9,3,378.9295963833781,0.3732244318181818,0.12276004577116639,0.23472981735088427,133439.60636988562,3512.8432366595143,136952.44960654512,1487,39,570.3636363636364,32,1,19,31.910413866145248,0.6637369791666667,41.69823232323232,1033.20707070707,32.28772095959594,0
1516,4,0,0,33,0.0,0.0,1.0,33,1000,800,200,0.8,12,8,4,377.93513111476767,0.37231691919191917,0.11622714104134912,0.2349590450994629,133573.15275404195,3496.401385465051,137069.554139507,1488,40,571.3636363636364,31,2,19,31.801995423437038,0.6676747311827957,41.56901041666667,1033.723958333334,33.345934139784966,0
1517,4,0,0,33,0.0,0.0,1.0,33,750,600,150,0.8,9,6,3,376.74752076340826,0.37247474747474746,0.1153805053049386,0.23443380210513026,133606.8047417535,3467.206488715283,137074.01123046878,1489,41,572.3636363636364,31,2,19,31.798908480268686,0.668010752688172,41.536458333333336,1033.8541666666667,33.35013440860215,0
1518,4,0,0,33,0.0,0.0,1.0,33,850,700,150,0.8235294117647058,10,7,3,390.3883096187982,0.3728298611111111,0.1254143211874028,0.22354082187726082,130455.99819214873,3585.6993227731846,134041.69751492192,1490,42,573.3636363636364,32,1,20,34.63184402422445,0.6337890625,44.60227272727273,1021.5909090909089,31.924715909090903,8
1519,4,0,0,33,0.0,0.0,1.0,33,700,300,400,0.42857142857142855,11,3,8,387.9462644541903,0.3726720328282828,0.1234359907451088,0.22269766414838418,130552.7576905418,3529.490932047751,134082.24862258954,1491,43,574.3636363636364,32,1,17,34.59584259945639,0.634765625,44.50757575757576,1021.969696969697,31.93655303030303,0
1520,4,1,0,34,0.029411764705882353,0.0,1.0,34,950,700,250,0.7368421052631579,12,7,5,378.1691752418202,0.37856506238859183,0.12368574869191051,0.2195168256285562,130982.91710219627,3106.7403462610523,134089.65744845732,1492,0,558.4411764705883,33,1,18,34.40916936030967,0.6366792929292929,44.08700980392157,1023.6519607843137,31.019756387403447,0
1521,4,1,0,35,0.02857142857142857,0.0,1.0,35,850,600,250,0.7058823529411765,11,6,5,371.4229364568291,0.38347338935574227,0.12971367105465315,0.21808390942696768,131422.35145436847,2763.10944108035,134185.46089544884,1493,0,543.4571428571429,33,2,20,34.13696167483366,0.6410984848484849,43.658088235294116,1025.3676470588234,31.071746880570405,0
1522,4,0,0,35,0.0,0.0,1.0,35,1150,800,350,0.6956521739130435,15,8,7,370.047249176331,0.38319327731092434,0.1299063095929025,0.21760798987399937,131480.69905045352,2730.814200680269,134211.5132511338,1494,1,544.4571428571429,34,1,20,34.11322306055328,0.6393995098039216,43.601190476190474,1025.595238095238,30.16456582633053,0
1523,4,0,0,35,0.0,0.0,1.0,35,1050,800,250,0.7619047619047619,13,8,5,367.4159791891898,0.3822128851540616,0.12842059900883407,0.2167527942937458,131602.82206632654,2670.595946712012,134273.41801303855,1495,2,545.4571428571429,34,1,16,34.05726689097728,0.640625,43.482142857142854,1026.0714285714284,30.178571428571423,0
1524,4,0,0,35,0.0,0.0,1.0,35,850,700,150,0.8235294117647058,10,7,3,366.73467520093004,0.38200280112044815,0.12810739144845873,0.21652417124876835,131633.3616780046,2654.9036281179206,134288.26530612254,1496,3,546.4571428571429,34,1,16,34.04389017788089,0.6409313725490196,43.452380952380956,1026.1904761904768,30.18207282913167,0
1525,4,1,1,35,0.027777777777777776,0.027777777777777776,0.9722222222222222,36,850,500,350,0.5882352941176471,12,5,7,355.74165196249146,0.3854497354497355,0.11164301269054566,0.2119647239008726,131981.42387902958,2190.2579518175676,134171.68183084714,1497,0,532.25,35,1,16,33.974900503116324,0.6422619047619047,43.11342592592593,1027.546296296297,29.35846560846563,0
1526,4,0,0,35,0.0,0.0,1.0,35,1150,700,450,0.6086956521739131,16,7,9,398.6114290223726,0.3815126050420168,0.20422527678237157,0.21422356678445792,127952.84162649197,3217.4379084758584,131170.27953496782,1498,5,548.4571428571429,32,3,18,36.982091601148106,0.6083984375000002,47.06439393939392,1011.7424242424224,31.6169507575757,8
1527,4,3,2,36,0.07894736842105263,0.05263157894736842,0.9473684210526316,38,750,600,150,0.8,9,6,3,378.5272560200348,0.3976114272166904,0.19721086843005553,0.20758633571230034,128760.5040750384,2147.8720582561486,130908.37613329456,1499,0,506.07894736842104,35,3,17,36.662889154977755,0.6098214285714286,46.2673611111111,1014.9305555555541,28.99801587301583,0
1528,4,1,1,36,0.02702702702702703,0.02702702702702703,0.972972972972973,37,1100,800,300,0.7272727272727273,14,8,6,385.7878849691501,0.3898898898898899,0.21266683920582685,0.21203830369357035,128848.62075617276,2541.6473765431974,131390.26813271595,1500,0,520.7297297297297,35,2,18,36.38850889192885,0.6107142857142858,46.18055555555555,1015.2777777777771,29.00793650793649,0
1529,4,1,0,37,0.02702702702702703,0.0,1.0,37,1250,400,850,0.32,21,4,17,391.8642554756567,0.3930492992992993,0.2436402921541294,0.21682167784068912,129113.15164448284,2718.9658082561514,131832.117452739,1501,0,521.7027027027027,35,2,19,35.963657328322526,0.6133928571428573,45.92013888888888,1016.319444444443,29.037698412698372,0
1530,4,1,1,37,0.02631578947368421,0.02631578947368421,0.9736842105263158,38,650,500,150,0.7692307692307693,8,5,3,379.4141505266167,0.39642603129445236,0.2353463137612819,0.21173757432614407,129450.69204152247,2223.1752936570824,131673.86733517956,1502,0,508.94736842105266,33,5,18,35.93549293513166,0.6212121212121213,45.588235294117645,1017.6470588235293,30.837789661319068,0
1531,4,1,1,37,0.02631578947368421,0.02631578947368421,0.9736842105263158,38,950,800,150,0.8421052631578947,11,8,3,385.2069977024834,0.3965001185395922,0.23483998910240578,0.21548245992690443,129544.24267409174,2380.269758025766,131924.5124321175,1503,0,509.92105263157896,33,5,18,35.692663817663814,0.6221590909090908,45.49632352941177,1018.0147058823534,30.848930481283436,0
1532,4,1,1,37,0.02631578947368421,0.02631578947368421,0.9736842105263158,38,1000,600,400,0.6,14,6,8,384.8781439883271,0.39667792792792794,0.22853374486335154,0.2158408405961306,129643.02722318665,2379.353539737643,132022.3807629243,1504,0,510.89473684210526,35,3,18,35.60028128196385,0.6187500000000001,45.39930555555555,1018.4027777777771,29.097222222222204,0
1533,4,2,2,37,0.05128205128205128,0.05128205128205128,0.9487179487179487,39,800,600,200,0.75,10,6,4,378.4977767985085,0.40308704453441296,0.22454095115091466,0.21375797712769165,129917.93894823879,2034.7302116305455,131952.66915986934,1505,0,498.7435897435897,36,3,18,35.48271291284656,0.6195023148148149,45.1295045045045,1019.481981981982,28.318943943943946,0
1534,4,0,0,37,0.0,0.0,1.0,37,1000,800,200,0.8,12,8,4,394.4810648258345,0.39117242242242245,0.24566291396585993,0.22146850332348,129685.96938775491,2831.7318594104095,132517.70124716533,1506,5,526.7027027027027,34,3,18,35.31196431354215,0.6213235294117647,45.35714285714285,1018.571428571427,29.957983193277265,0
1535,4,1,0,38,0.02631578947368421,0.0,1.0,38,950,700,250,0.7368421052631579,12,7,5,390.3560923712375,0.39525545282124225,0.24598815550673425,0.22173835762531102,130144.4615912207,2560.53669410149,132704.9982853222,1507,0,513.8157894736842,35,3,19,34.94971264367817,0.6238095238095238,44.9074074074074,1020.3703703703691,29.153439153439116,0
1536,4,1,0,39,0.02564102564102564,0.0,1.0,39,1100,800,300,0.7272727272727273,14,8,6,383.8598903629149,0.3980544309491678,0.24130124514001694,0.2197703328341526,130450.30757401009,2215.088903662426,132665.3964776725,1508,0,501.61538461538464,33,6,20,34.80436260396674,0.6313131313131313,44.60784313725491,1021.5686274509812,30.956625074272157,0
1537,4,1,2,38,0.025,0.05,0.95,40,1000,700,300,0.7,13,7,6,369.53593037095254,0.4017227564102564,0.22428157838301543,0.21299703872926462,130710.70545744842,1660.4604301323475,132371.16588758078,1509,0,490.05,37,3,18,34.90599756951892,0.6255630630630631,44.353070175438596,1022.5877192982455,27.637505926979607,0
1538,4,0,0,38,0.0,0.0,1.0,38,900,700,200,0.7777777777777778,11,7,4,382.94441011483946,0.3941885964912281,0.23744446101088434,0.21902037713956302,130410.31867551865,2387.9805116169405,132798.2991871356,1510,3,516.8157894736842,35,3,19,34.86838999055714,0.6264880952380951,44.64699074074074,1021.4120370370367,29.18320105820105,0
1539,4,1,0,39,0.02564102564102564,0.0,1.0,39,1400,1000,400,0.7142857142857143,18,10,8,374.90953863259887,0.3985042735042735,0.2318081976747468,0.21632328016907643,130751.61944038633,2004.0058639720778,132755.6253043584,1511,0,504.53846153846155,36,3,19,34.727115906922116,0.6278935185185186,44.31306306306306,1022.7477477477478,28.40965965965966,0
1540,4,1,1,39,0.025,0.025,0.975,40,900,600,300,0.6666666666666666,12,6,6,368.4216393164984,0.4026442307692308,0.2265420860998073,0.21421676637219542,131047.29940943349,1656.132175284683,132703.43158471817,1512,0,492.9,37,3,19,34.59341757692581,0.6289414414414415,44.024122807017534,1023.9035087719284,27.673067804646713,0
1541,4,0,0,39,0.0,0.0,1.0,39,1250,800,450,0.64,17,8,9,372.61959381959764,0.3988135402609087,0.24458666852681832,0.21262936977208857,130321.66950660142,1912.3820847416384,132234.05159134307,1513,2,506.53846153846155,35,4,19,35.222077382301805,0.6255952380952381,44.73379629629629,1021.0648148148142,29.173280423280406,1
1542,4,0,0,39,0.0,0.0,1.0,39,1000,700,300,0.7,13,7,6,375.5423335849664,0.39825123706702653,0.23863464733423934,0.21527842343429113,130498.99798525375,2001.5796467764023,132500.57763203015,1514,3,507.53846153846155,35,4,18,34.967338770578465,0.6273809523809524,44.56018518518518,1021.7592592592591,29.19312169312169,0
1543,4,1,0,40,0.025,0.0,1.0,40,1150,1000,150,0.8695652173913043,13,10,3,368.8078151143627,0.40231036324786323,0.2372803257608227,0.2135058641840717,130878.94833025557,1653.835795629435,132532.78412588502,1515,0,495.825,37,3,21,34.75407201028718,0.6272522522522521,44.188596491228076,1023.2456140350887,27.655286865813206,0
1544,4,0,0,40,0.0,0.0,1.0,40,1050,900,150,0.8571428571428571,12,9,3,369.5987799212417,0.4023504273504273,0.23915256053139022,0.21427546657048896,130935.05333371821,1678.687192213004,132613.7405259312,1516,1,496.825,37,3,21,34.67698735804584,0.6278153153153152,44.13377192982457,1023.464912280703,27.661213845424403,0
1545,4,0,0,40,0.0,0.0,1.0,40,1050,900,150,0.8571428571428571,12,9,3,381.8482351160448,0.4027644230769231,0.2510974403363422,0.21792566530581892,130327.04132550255,2003.4903813732676,132330.53170687583,1517,2,497.825,32,8,22,34.98103952846132,0.6324869791666666,44.72853535353536,1021.085858585859,31.908933080808094,5
1546,4,2,2,40,0.047619047619047616,0.047619047619047616,0.9523809523809523,42,1250,1000,250,0.8,15,10,5,362.8480259194458,0.40948025551684086,0.22840164928450157,0.20911691513361388,130706.0335889273,1085.2852527005962,131791.3188416279,1518,0,475.07142857142856,35,7,16,35.081706281833604,0.6294642857142858,44.35763888888888,1022.5694444444431,29.216269841269803,0
1547,4,0,0,40,0.0,0.0,1.0,40,1250,900,350,0.72,16,9,7,377.9701758550017,0.4022302350427351,0.24687390746999194,0.21636838419024473,130444.94224773235,1860.859552154185,132305.80179988654,1519,4,499.825,34,6,22,34.96023190770306,0.6289828431372548,44.613095238095234,1021.5476190476185,30.045518207282896,0
1548,4,1,0,41,0.024390243902439025,0.0,1.0,41,1250,900,350,0.72,16,9,7,365.40494304236677,0.4044207317073171,0.2316495966280523,0.2113115154385678,130838.01442912503,1361.7714420501543,132199.78587117518,1520,0,488.609756097561,36,5,18,34.88259035039442,0.6287615740740742,44.2286036036036,1023.0855855855852,28.419044044044036,0
1549,4,1,1,41,0.023809523809523808,0.023809523809523808,0.9761904761904762,42,1250,1000,250,0.8,15,10,5,355.1855963180191,0.4073993418505613,0.1980622891660786,0.20850837230661268,131414.71021274652,953.8122159321474,132368.52242867867,1521,0,477.95238095238096,36,6,19,34.56090975654402,0.6345486111111112,43.66554054054054,1025.3378378378377,28.481606606606604,2
1550,4,0,1,40,0.0,0.024390243902439025,0.975609756097561,41,950,800,150,0.8421052631578947,11,8,3,360.38502107017115,0.4051575203252033,0.20430545614711204,0.21173814898419865,131446.7860510974,1274.2905521262016,132721.07660322363,1522,2,490.609756097561,35,6,19,34.395221971407075,0.6369047619047619,43.63425925925926,1025.462962962963,29.2989417989418,0
1551,4,0,0,40,0.0,0.0,1.0,40,950,700,250,0.7368421052631579,12,7,5,365.32577784368567,0.4009481837606838,0.20663034887659548,0.21414231729725505,131357.78523930468,1597.6770136745586,132955.46225297923,1523,3,503.7,35,5,19,34.358534680666914,0.6360119047619047,43.72106481481482,1025.1157407407406,29.28902116402116,0
1552,4,0,0,40,0.0,0.0,1.0,40,1050,800,250,0.7619047619047619,13,8,5,365.33791254987295,0.4004941239316239,0.20213318284424386,0.2146481369490632,131446.7860510974,1604.4988854595342,133051.28493655694,1524,4,504.7,35,5,19,34.26824680210685,0.6369047619047619,43.63425925925926,1025.462962962963,29.2989417989418,0
1553,4,0,1,39,0.0,0.025,0.975,40,650,400,250,0.6153846153846154,9,4,5,364.9351940731716,0.4004139957264958,0.20068543382601867,0.21491166943990156,131535.81700370795,1600.409781164264,133136.2267848722,1525,5,505.7,35,5,21,34.188597728383925,0.637797619047619,43.5474537037037,1025.8101851851848,29.308862433862423,0
1554,4,1,0,40,0.025,0.0,1.0,40,1350,1000,350,0.7407407407407407,17,10,7,364.2100333284278,0.39786324786324784,0.21115870153291283,0.21599407858889125,131803.09070644728,1600.8016117969985,133403.8923182443,1526,0,506.325,35,5,20,33.93729335737905,0.6404761904761904,43.287037037037045,1026.8518518518526,29.33862433862436,0
1555,4,0,0,40,0.0,0.0,1.0,40,1200,900,300,0.75,15,9,6,370.27730909794434,0.3972222222222222,0.2166525853328829,0.22045282849513456,131951.69331114984,1771.7435860339715,133723.4368971838,1527,1,507.325,35,5,20,33.63150557620819,0.6419642857142855,43.14236111111112,1027.4305555555568,29.355158730158767,0
1556,4,1,1,40,0.024390243902439025,0.024390243902439025,0.975609756097561,41,700,400,300,0.5714285714285714,10,4,6,363.79846928937684,0.39956808943089434,0.20880741001890923,0.21799262608599682,132195.261139518,1418.4867299732273,133613.74786949123,1528,0,495.9268292682927,36,5,20,33.552343407796755,0.642361111111111,42.90540540540541,1028.3783783783792,28.56606606606609,0
1557,4,0,0,40,0.0,0.0,1.0,40,900,600,300,0.6666666666666666,12,6,6,374.76681594445074,0.3955128205128205,0.22353231106243143,0.22422156157095915,132137.36329234648,1904.139781673571,134041.50307402006,1529,3,509.325,36,4,21,33.32876962395035,0.6417824074074074,42.961711711711715,1028.1531531531537,28.559809809809824,0
1558,4,0,0,40,0.0,0.0,1.0,40,1050,600,450,0.5714285714285714,15,6,9,374.6331365408378,0.3952056623931624,0.20116622864651745,0.22448489520281717,132195.261139518,1905.4586681275982,134100.7198076456,1530,4,510.325,36,4,20,33.27378996933858,0.6423611111111112,42.90540540540541,1028.3783783783792,28.56606606606609,1
1559,4,0,0,40,0.0,0.0,1.0,40,1450,1100,350,0.7586206896551724,18,11,7,372.8958022586828,0.39445779914529916,0.19908906882591104,0.22464698331193853,132398.0034722224,1874.1319444444644,134272.13541666686,1531,5,511.325,36,4,21,33.114035087719294,0.6443865740740741,42.70833333333334,1029.166666666668,28.587962962963005,0
1560,4,1,2,39,0.024390243902439025,0.04878048780487805,0.9512195121951219,41,1400,1000,400,0.7142857142857143,18,10,8,350.41999602532826,0.3965955284552845,0.1850178776656879,0.21590393303496028,133239.59094229358,1137.963385682971,134377.55432797654,1532,0,499.8292682926829,36,5,18,32.84726767015706,0.6527777777777779,41.89189189189189,1032.4324324324318,28.67867867867866,1
1561,4,0,0,39,0.0,0.0,1.0,39,800,600,200,0.75,10,6,4,366.399410042971,0.39184098065677014,0.1963413948173216,0.22363532701777114,132888.53635204077,1938.0562641723295,134826.5926162131,1533,13,526.3076923076923,34,5,18,32.78754377862448,0.6534926470588236,42.232142857142854,1031.0714285714282,30.32563025210083,0
1562,4,0,0,39,0.0,0.0,1.0,39,1550,1200,350,0.7741935483870968,19,12,7,363.84042444648503,0.3915035987404409,0.19352499352499408,0.22234692605062978,132934.5703125,1873.3940972222226,134807.96440972222,1534,14,527.3076923076923,35,4,18,32.80723905723906,0.6517857142857143,42.1875,1031.25,29.464285714285715,0
1563,4,0,0,39,0.0,0.0,1.0,39,1300,1100,200,0.8461538461538461,15,11,4,361.3920314187148,0.3911662168241115,0.19397768169225627,0.22138056192680441,133024.10361207562,1814.770206404318,134838.87381847994,1535,15,528.3076923076923,35,4,19,32.780419050824634,0.6526785714285714,42.10069444444444,1031.5972222222222,29.474206349206348,0
1564,4,1,1,39,0.025,0.025,0.975,40,900,700,200,0.7777777777777778,11,7,4,354.4944671728218,0.3930956196581197,0.1905304237018155,0.21861652896964406,133274.0136989267,1448.9800948368825,134722.99379376357,1536,0,516.075,37,3,20,32.70758114757,0.6511824324324323,41.85855263157895,1032.565789473685,27.907183499288784,0
1565,4,0,0,39,0.0,0.0,1.0,39,1100,900,200,0.8181818181818182,13,9,4,361.0614266708149,0.3903789923526766,0.19344928314810472,0.22176721943775804,133123.35139193258,1813.141435354284,134936.49282728686,1537,17,530.3076923076923,36,3,20,32.689282336679774,0.6516203703703705,42.00450450450451,1031.9819819819827,28.666166166166185,0
1566,4,0,0,39,0.0,0.0,1.0,39,1100,900,200,0.8181818181818182,13,9,4,360.9707706987024,0.3906882591093117,0.19294829833778127,0.2220575895452556,133181.46482631293,1814.9232002272702,134996.3880265402,1538,18,531.3076923076923,36,3,20,32.633282420539686,0.6521990740740741,41.948198198198206,1032.2072072072083,28.672422422422454,0
1567,4,0,0,39,0.0,0.0,1.0,39,1050,800,250,0.7619047619047619,13,8,5,365.0387734604017,0.3904352226720648,0.1914466548134235,0.22561560850261503,133355.881219057,1936.0134627871269,135291.8946818441,1539,19,532.3076923076923,36,3,20,32.35322176188401,0.6539351851851851,41.77927927927929,1032.8828828828837,28.691191191191212,0
1568,4,1,1,39,0.025,0.025,0.975,40,900,700,200,0.7777777777777778,11,7,4,357.507170077418,0.39340277777777777,0.1867647058823534,0.22294793872667135,133687.58680555568,1559.0063458729198,135246.5931514286,1540,0,519.975,34,6,21,32.215283373623414,0.6614583333333333,41.45833333333334,1034.1666666666679,30.416666666666703,0
1569,4,0,0,39,0.0,0.0,1.0,39,700,400,300,0.5714285714285714,10,4,6,366.095564162109,0.38911381016644175,0.19195806959620088,0.22736745126238803,133535.54672481748,1977.3542627835525,135512.90098760102,1541,21,534.3076923076923,33,6,21,32.1456801833847,0.6622474747474747,41.60539215686275,1033.5784313725499,31.320558526440905,0
1570,4,0,0,39,0.0,0.0,1.0,39,850,600,250,0.7058823529411765,11,6,5,366.6464997602228,0.38922627080521816,0.19574230100545864,0.22809954808091742,133598.88624567477,1996.7128027681706,135595.59904844293,1542,22,535.3076923076923,33,6,21,32.06792318634423,0.6628787878787878,41.544117647058826,1033.823529411765,31.327985739750456,0
1571,4,0,0,39,0.0,0.0,1.0,39,500,300,200,0.6,7,3,4,363.68691836010737,0.3897604588394062,0.19116527037319142,0.22661295357789765,133656.80980725627,1921.8466553288033,135578.6564625851,1543,23,536.3076923076923,34,5,21,32.08635543786938,0.6611519607843137,41.48809523809524,1034.0476190476193,30.41316526610645,0
1572,4,0,0,39,0.0,0.0,1.0,39,1200,900,300,0.75,15,9,6,364.0003350473123,0.3900416104363473,0.18715262712039515,0.2269971938661883,133687.58680555562,1932.465277777783,135620.0520833334,1544,24,537.3076923076923,34,5,21,32.04740800429759,0.6614583333333333,41.458333333333336,1034.1666666666672,30.416666666666682,0
1573,4,0,0,39,0.0,0.0,1.0,39,1150,900,250,0.782608695652174,14,9,5,360.7039912636401,0.38984480431848856,0.18470745504926644,0.2253168209985456,133749.15143140592,1848.7705498866244,135597.92198129254,1545,25,538.3076923076923,34,5,17,32.07096136878045,0.6620710784313726,41.398809523809526,1034.4047619047622,30.42366946778712,0
1574,4,1,1,39,0.025,0.025,0.975,40,1500,1200,300,0.8,18,12,6,350.1087263787313,0.3926816239316239,0.17128180039138918,0.22087106071547144,134113.00447406882,1390.8266374482762,135503.8311115171,1546,0,525.825,36,4,18,31.981137203739948,0.6614583333333333,41.047297297297305,1035.810810810812,28.772522522522554,0
1575,4,0,0,39,0.0,0.0,1.0,39,1400,1100,300,0.7857142857142857,17,11,6,356.5778989040006,0.3892825011246064,0.16949180903933958,0.2242392067389457,133996.38447569212,1756.0298474150045,135752.41432310714,1547,27,540.3076923076923,36,3,18,31.930244362265242,0.6603009259259258,41.15990990990992,1035.360360360362,28.760010010010053,0
1576,4,0,0,39,0.0,0.0,1.0,39,1000,700,300,0.7,13,7,6,356.5812944861994,0.38922627080521816,0.17082866397934882,0.22495437220055303,134113.00447406867,1764.4377485593727,135877.44222262804,1548,28,541.3076923076923,36,3,18,31.81352830325433,0.6614583333333334,41.0472972972973,1035.8108108108108,28.77252252252252,0
1577,4,0,0,39,0.0,0.0,1.0,39,1650,1100,550,0.6666666666666666,22,11,11,357.60980855781213,0.3881578947368421,0.17066715697745738,0.22668324228416684,134288.0295836377,1804.5433102020952,136092.5728938398,1549,29,542.3076923076923,36,3,18,31.611935028248585,0.6631944444444444,40.87837837837838,1036.4864864864865,28.79129129129129,0
1578,4,2,1,40,0.04878048780487805,0.024390243902439025,0.975609756097561,41,700,500,200,0.7142857142857143,9,5,4,339.65403936387554,0.39108231707317076,0.1656346462607885,0.2182543482212054,134784.5538739754,956.5372382517701,135741.09111222718,1550,0,516.8048780487804,36,5,15,31.582348263022805,0.6681134259259258,40.39977477477478,1038.4009009009014,28.844469469469484,0
1579,4,0,0,40,0.0,0.0,1.0,40,1700,1300,400,0.7647058823529411,21,13,8,352.30962135749456,0.3896233974358974,0.180077471853751,0.22623977188246827,134761.00508241166,1495.5197348679676,136256.52481727963,1551,1,530.725,35,5,19,31.27728699884813,0.6699404761904761,40.4224537037037,1038.310185185185,29.666005291005284,0
1580,4,0,0,40,0.0,0.0,1.0,40,1350,1000,350,0.7407407407407407,17,10,7,350.16326688961146,0.3885149572649573,0.18065459610027879,0.2256077042594589,134881.20666420183,1446.088793509943,136327.29545771176,1552,2,531.725,35,5,16,31.213207985143917,0.6711309523809523,40.30671296296296,1038.773148148148,29.6792328042328,0
1581,4,0,0,40,0.0,0.0,1.0,40,900,500,400,0.5555555555555556,13,5,8,350.81071806457146,0.3881009615384616,0.18295454545454537,0.22621242854508572,134911.2654320988,1465.663580246916,136376.9290123457,1553,3,532.725,35,5,16,31.16644385026737,0.6714285714285715,40.27777777777778,1038.8888888888891,29.68253968253969,0
1582,4,0,0,40,0.0,0.0,1.0,40,700,400,300,0.5714285714285714,10,4,6,354.9467077038761,0.3873397435897436,0.18504009355162054,0.22945043113557256,135001.4618296682,1583.6648823302464,136585.12671199845,1554,4,533.725,35,5,17,30.969136318075506,0.6723214285714285,40.19097222222222,1039.236111111111,29.692460317460316,0
1583,4,0,0,40,0.0,0.0,1.0,40,1000,600,400,0.6,14,6,8,353.9486411277721,0.3869257478632479,0.1843318485523382,0.2289955905855472,135031.53399348425,1558.8455932784666,136590.37958676272,1555,5,534.725,35,5,17,30.965107646622116,0.6726190476190477,40.16203703703704,1039.3518518518522,29.695767195767207,0
1584,4,0,0,40,0.0,0.0,1.0,40,1300,1100,200,0.8461538461538461,15,11,4,355.00729901540603,0.38663194444444443,0.18250222617987544,0.23044693456317975,135151.85613854596,1595.9790809327878,136747.83521947876,1556,6,535.725,35,5,18,30.81775007420599,0.6738095238095239,40.0462962962963,1039.814814814815,29.708994708994716,0
1585,4,0,0,40,0.0,0.0,1.0,40,700,400,300,0.5714285714285714,10,4,6,358.1633544325232,0.3863648504273504,0.18628170894526042,0.23327334997387825,135272.231867284,1689.9112654321023,136962.1431327161,1557,7,536.725,35,5,18,30.615821094793056,0.6749999999999999,39.93055555555556,1040.277777777778,29.72222222222223,0
1586,4,0,0,40,0.0,0.0,1.0,40,1850,1500,350,0.8108108108108109,22,15,7,358.42649456263047,0.38587072649572646,0.18796296296296267,0.23403141703795302,135362.54882812515,1703.5047743055711,137066.0536024307,1558,8,537.725,35,5,18,30.51906072739405,0.6758928571428571,39.84375000000001,1040.6250000000011,29.73214285714289,0
1587,4,0,0,40,0.0,0.0,1.0,40,800,500,300,0.625,11,5,6,357.9660178166364,0.385042735042735,0.1860406937958643,0.23431924048346656,135452.89592978402,1697.5067515432222,137150.40268132725,1559,9,538.725,35,5,18,30.441127418278867,0.6767857142857142,39.75694444444445,1040.9722222222229,29.74206349206351,0
1588,4,0,1,39,0.0,0.025,0.975,40,1050,600,450,0.5714285714285714,15,6,9,358.2541798627558,0.38464209401709404,0.18842819030680258,0.23490193892458852,135513.14407578896,1709.6300582990589,137222.77413408802,1560,10,539.725,35,5,18,30.37368460056321,0.6773809523809522,39.69907407407408,1041.2037037037053,29.748677248677293,0
1589,4,0,0,39,0.0,0.0,1.0,39,1200,900,300,0.75,15,9,6,359.3419338399923,0.3830128205128205,0.18016923964155818,0.2360223156358133,135575.0344939535,1943.559015096193,137518.5935090497,1561,11,535.5897435897435,36,3,19,30.283800100922726,0.6759259259259258,39.63963963963965,1041.4414414414423,28.928928928928954,0
1590,4,0,0,39,0.0,0.0,1.0,39,1000,700,300,0.7,13,7,6,358.47770507726943,0.3823099415204678,0.1698919919957249,0.23627460241993803,135699.45031119257,1929.0962319627215,137628.5465431553,1562,12,536.5897435897435,32,7,19,30.182582000323173,0.6861979166666667,39.520202020202014,1041.9191919191908,32.55997474747471,0
1591,4,0,0,39,0.0,0.0,1.0,39,1200,700,500,0.5833333333333334,17,7,10,345.340651519838,0.382619208277103,0.1620075900796818,0.21063248931806258,132861.99787202754,1376.5297814706723,134238.52765349823,1563,13,537.5897435897435,36,3,17,33.35699981795012,0.6490162037037037,42.25788288288289,1030.9684684684694,28.638013013013037,6
1592,4,0,0,39,0.0,0.0,1.0,39,1450,1100,350,0.7586206896551724,18,11,7,342.85416017052614,0.38273166891587945,0.164700046064987,0.20983923778296315,132991.1141529126,1319.311350607898,134310.4255035205,1564,14,538.5897435897435,37,2,18,33.291586938804436,0.648367117117117,42.1326754385965,1031.4692982456154,27.87754860123285,0
1593,4,0,0,39,0.0,0.0,1.0,39,1050,700,350,0.6666666666666666,14,7,7,343.6256304849013,0.3823099415204678,0.16260481644688296,0.210630199168237,133047.67001625506,1343.7178987765556,134391.3879150316,1565,15,539.5897435897435,37,2,18,33.21498476635845,0.6489301801801801,42.077850877192986,1031.6885964912285,27.883475580844014,0
1594,4,1,0,40,0.025,0.0,1.0,40,1400,1000,400,0.7142857142857143,18,10,8,339.0300294320602,0.3862313034188034,0.1611749645930931,0.21069442384271353,133559.51126379753,1057.4895865792555,134617.0008503768,1566,0,527.075,36,4,20,32.82106801757636,0.6559606481481481,41.582207207207205,1033.6711711711707,28.713088088088075,0
1595,4,1,2,39,0.024390243902439025,0.04878048780487805,0.9512195121951219,41,950,400,550,0.42105263157894735,15,4,11,330.2313775254499,0.3876778455284553,0.15152766308835708,0.2072073565716682,133914.18292059313,644.5330192125045,134558.71593980564,1567,0,515.1951219512196,38,3,18,32.69422653454448,0.6557017543859649,41.23931623931624,1035.0427350427346,27.237966711650913,0
1596,4,0,0,39,0.0,0.0,1.0,39,850,600,250,0.7058823529411765,11,6,5,344.01021649803874,0.3825629779577148,0.14502733888488595,0.2142945595580049,133646.8288389741,1395.174904634359,135042.00374360845,1568,18,542.5897435897435,36,3,20,32.60500617149495,0.6568287037037037,41.497747747747745,1034.0090090090089,28.722472472472468,0
1597,4,0,0,39,0.0,0.0,1.0,39,1050,700,350,0.6666666666666666,14,7,7,345.9818424219509,0.3820287899235268,0.14754267688399425,0.21603284994191815,133734.17494775163,1453.9192486405123,135188.09419639214,1569,19,543.5897435897435,36,3,18,32.4666575939031,0.6576967592592593,41.41328828828828,1034.3468468468454,28.73185685685682,0
1598,4,0,0,39,0.0,0.0,1.0,39,1100,800,300,0.7272727272727273,14,8,6,349.2371614340468,0.3809041835357625,0.14552516805210236,0.21875530173261448,133850.6808117238,1549.1263645402046,135399.807176264,1570,20,544.5897435897435,36,3,18,32.26593390648239,0.6588541666666667,41.30067567567567,1034.7972972972966,28.744369369369352,0
1599,4,0,0,39,0.0,0.0,1.0,39,1150,1000,150,0.8695652173913043,13,10,3,376.57983456650044,0.3809041835357625,0.10675441821263054,0.21523507000306522,130384.14292800458,2035.457154617393,132419.60008262197,1571,21,545.5897435897435,34,5,19,35.05750475968451,0.6283700980392157,44.67261904761905,1021.3095238095242,30.038515406162475,7
1600,4,2,2,39,0.04878048780487805,0.04878048780487805,0.9512195121951219,41,1000,600,400,0.6,14,6,8,363.7811250297645,0.3865599593495935,0.09932671226811252,0.2110023385702318,130953.2521330453,1327.6642774531351,132280.91641049844,1572,0,519.9268292682926,36,5,17,34.8074137235486,0.6299189814814814,44.115990990990994,1023.5360360360369,28.43155655655658,0
1601,4,0,0,39,0.0,0.0,1.0,39,850,600,250,0.7058823529411765,11,6,5,378.4782624579133,0.3805668016194332,0.11334712557206439,0.21802480189476992,130688.28125000013,2092.534722222237,132780.81597222236,1573,23,547.5897435897435,34,5,17,34.70014941591959,0.6314338235294117,44.37500000000001,1022.500000000001,30.073529411764735,0
1602,4,1,1,39,0.025,0.025,0.975,40,550,400,150,0.7272727272727273,7,4,3,369.06863403612084,0.38679220085470084,0.11477997799780004,0.21422949446924267,130982.06948502568,1668.274693612547,132650.34417863822,1574,0,534.875,36,4,17,34.64292262559589,0.6302083333333333,44.087837837837846,1023.6486486486496,28.43468468468471,0
1603,4,0,0,39,0.0,0.0,1.0,39,800,500,300,0.625,11,5,6,376.1848877977415,0.38025753486279806,0.11205154301388598,0.21813789919970045,130942.84664619781,2051.7440147033703,132994.5906609012,1575,25,549.5897435897435,35,4,17,34.500570130800256,0.631845238095238,44.12615740740741,1023.4953703703712,29.242724867724892,0
1604,4,0,0,39,0.0,0.0,1.0,39,1300,800,500,0.6153846153846154,18,8,10,375.32011955858957,0.37975146198830406,0.1001682718732293,0.21900494724980707,131183.87972009182,2047.1898841409088,133231.06960423273,1576,26,550.5897435897435,36,3,19,34.2784709244806,0.6322337962962963,43.89076576576577,1024.4369369369379,28.456581581581606,0
1605,4,0,0,39,0.0,0.0,1.0,39,1050,900,150,0.8571428571428571,12,9,3,375.0829619038479,0.3795546558704453,0.08880879260989216,0.22005217807065855,131390.93888168014,2056.738284623348,133447.67716630347,1577,27,551.5897435897435,33,6,19,34.074926288947324,0.6407828282828283,43.68872549019608,1025.2450980392157,31.068033273915628,0
1606,4,0,0,39,0.0,0.0,1.0,39,1000,600,400,0.6,14,6,8,370.2147024250667,0.37935784975258663,0.08868907616510024,0.21802079120221698,131535.81700370798,1939.2986700531528,133475.11567376115,1578,28,552.5897435897435,35,4,19,34.053203392380304,0.637797619047619,43.5474537037037,1025.810185185185,29.30886243386243,0
1607,4,0,0,39,0.0,0.0,1.0,39,950,600,350,0.631578947368421,13,6,7,371.7026226358725,0.37910481331533963,0.0841474489117171,0.21940848550530268,131624.87809713653,1985.0624785665382,133609.94057570308,1579,29,553.5897435897435,35,4,15,33.925013158884134,0.6386904761904761,43.46064814814815,1026.1574074074078,29.31878306878308,0
1608,4,0,0,39,0.0,0.0,1.0,39,1450,1200,250,0.8275862068965517,17,12,5,373.4408039297111,0.378936122357175,0.08650486026204685,0.22129548240884891,131773.38023244607,2041.911410108037,133815.2916425541,1580,30,554.5897435897435,35,4,15,33.73034325329727,0.6401785714285714,43.31597222222223,1026.7361111111118,29.33531746031748,0
1609,4,0,0,39,0.0,0.0,1.0,39,900,600,300,0.6666666666666666,12,6,6,373.34293989287846,0.37952654071075126,0.08531022029613577,0.22193024725715307,131892.24222232937,2048.2074920696136,133940.44971439897,1581,31,555.5897435897435,35,4,15,33.61279342723006,0.6413690476190477,43.20023148148148,1027.199074074074,29.348544973544968,0
1610,4,0,0,39,0.0,0.0,1.0,39,700,600,100,0.8571428571428571,8,6,2,371.9219555851797,0.3788236617183986,0.08804083153525566,0.22143200534739374,131951.69331114972,2015.1463638117345,133966.83967496146,1582,32,556.5897435897435,35,4,16,33.58926157485638,0.6419642857142855,43.142361111111114,1027.4305555555557,29.355158730158735,0
1611,4,0,0,39,0.0,0.0,1.0,39,600,400,200,0.6666666666666666,8,4,4,369.88242563799804,0.37876743139901037,0.08493481437838257,0.22039034730296303,131981.42387902958,1963.5218407064567,133944.94571973605,1583,33,557.5897435897435,35,4,16,33.61164301269054,0.6422619047619047,43.11342592592593,1027.546296296297,29.35846560846563,0
1612,4,0,0,39,0.0,0.0,1.0,39,600,300,300,0.5,9,3,6,370.7934486960196,0.37854251012145745,0.08245326772187922,0.22110644936010462,132011.157795889,1989.7744930984218,134000.93228898745,1584,34,558.5897435897435,35,4,16,33.55823197056726,0.6425595238095239,43.08449074074074,1027.6620370370367,29.361772486772477,0
1613,4,0,0,39,0.0,0.0,1.0,39,700,500,200,0.7142857142857143,9,5,4,371.4821448494366,0.3781770130454341,0.07977083157806053,0.22225635533914526,132137.36329234645,2017.3342261180153,134154.69751846447,1585,35,559.5897435897435,36,3,16,33.413198247535604,0.6417824074074073,42.961711711711715,1028.1531531531534,28.559809809809817,0
1614,4,0,0,39,0.0,0.0,1.0,39,1200,1000,200,0.8333333333333334,14,10,4,367.802310953888,0.3781770130454341,0.07843038187865803,0.2208990210758559,132282.1316882762,1930.734746570906,134212.8664348471,1586,36,560.5897435897435,36,3,18,33.36184090494436,0.6432291666666666,42.82094594594595,1028.7162162162167,28.575450450450465,0
1615,4,0,0,39,0.0,0.0,1.0,39,1000,600,400,0.6,14,6,8,367.30754534373926,0.37879554655870445,0.07541801374400503,0.22146561904824566,132429.53619100805,1928.6257530720284,134358.1619440801,1587,37,561.5897435897435,33,6,18,33.22605369686868,0.651199494949495,42.67769607843136,1029.2892156862729,31.19058229352342,0
1616,4,1,1,39,0.025,0.025,0.975,40,1350,1000,350,0.7407407407407407,17,10,7,358.07155941598603,0.3832264957264957,0.07774858528698414,0.21819434433378043,132827.17013888867,1512.3263888888553,134339.49652777752,1588,0,548.525,34,6,16,33.063864187550514,0.6528799019607845,42.29166666666665,1030.8333333333314,30.318627450980337,0
1617,4,0,0,39,0.0,0.0,1.0,39,850,600,250,0.7058823529411765,11,6,5,361.6291657282355,0.3777271704903284,0.07249982721680848,0.21994167292651648,132755.59413580218,1801.6589506172468,134557.25308641943,1589,39,563.5897435897435,35,4,16,33.04413746630726,0.6500000000000001,42.36111111111109,1030.5555555555532,29.444444444444375,0
1618,4,1,1,39,0.025,0.025,0.975,40,950,600,350,0.631578947368421,13,6,7,353.60756334130974,0.3822248931623931,0.07147848875300289,0.21617744092654947,132949.08717839446,1402.360553120672,134351.44773151513,1590,0,550.475,36,4,16,33.056480672635956,0.6498842592592593,42.173423423423415,1031.306306306305,28.647397397397363,0
1619,4,0,0,39,0.0,0.0,1.0,39,500,300,200,0.6,7,3,4,344.98780722914023,0.37792397660818716,0.06467403225620272,0.20652774120105688,132159.87761488356,1328.299736798878,133488.17735168245,1591,41,565.5897435897435,35,4,20,34.071551853519445,0.644047619047619,42.939814814814824,1028.240740740742,29.378306878306915,7
1620,4,0,0,39,0.0,0.0,1.0,39,1000,700,300,0.7,13,7,6,346.2230463480634,0.37786774628879893,0.06603710980891142,0.207757205462204,132249.14969403733,1357.54069680214,133606.69039083947,1592,42,566.5897435897435,35,4,20,33.9499878099096,0.644940476190476,42.85300925925927,1028.587962962964,29.38822751322754,0
1621,4,0,0,39,0.0,0.0,1.0,39,1050,700,350,0.6666666666666666,14,7,7,347.0531571609004,0.37792397660818716,0.0627524290890622,0.20841949059770845,132278.91375171486,1381.5629286694284,133660.47668038428,1593,43,567.5897435897435,35,4,20,33.89870237023703,0.6452380952380952,42.82407407407408,1028.703703703705,29.39153439153443,0
1622,4,0,0,39,0.0,0.0,1.0,39,1250,1000,250,0.8,15,10,5,349.4188924690811,0.37755847953216376,0.0664769467198345,0.21066998038830778,132427.78427479859,1454.5539426869082,133882.3382174855,1594,44,568.5897435897435,35,4,20,33.68813017729301,0.6467261904761905,42.67939814814815,1029.2824074074078,29.408068783068796,0
1623,4,0,0,39,0.0,0.0,1.0,39,1450,1300,150,0.896551724137931,16,13,3,348.19215158648325,0.37812078272604593,0.0691215419775606,0.2105958920914305,132546.94097490155,1430.360912851518,133977.30188775307,1595,45,569.5897435897435,35,4,20,33.59992600502041,0.6479166666666666,42.56365740740741,1029.7453703703713,29.421296296296322,0
1624,4,0,0,39,0.0,0.0,1.0,39,1050,800,250,0.7619047619047619,13,8,5,346.63475332255086,0.377895861448493,0.06791500250704585,0.20982013843973216,132576.73852237678,1391.1410108024966,133967.87953317928,1596,46,570.5897435897435,35,4,20,33.61008091706002,0.6482142857142856,42.534722222222236,1029.861111111113,29.424603174603227,0
1625,4,0,0,39,0.0,0.0,1.0,39,900,800,100,0.8888888888888888,10,8,2,346.1637159410747,0.3779520917678812,0.06574887869124502,0.21003430372130263,132666.15125868074,1384.841579861135,134050.99283854186,1597,47,571.5897435897435,35,4,19,33.53239804516348,0.6491071428571427,42.44791666666668,1030.2083333333348,29.434523809523853,0
1626,4,1,0,40,0.025,0.0,1.0,40,450,200,250,0.4444444444444444,7,2,5,338.1995701515458,0.38147702991452986,0.06986129314110934,0.20643701762050404,132891.0244704167,988.7374705787229,133879.76194099543,1598,0,558.275,36,4,20,33.511950269404394,0.6493055555555554,42.22972972972975,1031.0810810810838,28.641141141141215,0
1627,4,0,0,40,0.0,0.0,1.0,40,1350,1000,350,0.7407407407407407,17,10,7,339.59721686502195,0.3808360042735042,0.06887621438707536,0.2080969969030415,133036.2050183632,1035.7449933041416,134071.95001166733,1599,1,559.275,36,4,20,33.330376960302736,0.6507523148148147,42.08896396396398,1031.6441441441461,28.656781781781838,0
1628,4,1,0,41,0.024390243902439025,0.0,1.0,41,850,500,350,0.5882352941176471,12,5,7,316.0559368210149,0.3852134146341464,0.07332234946883265,0.1930741710250911,132920.79863393985,202.08150704948153,133122.88014098932,1600,0,546.609756097561,38,3,18,34.05295966293687,0.6458333333333331,42.20085470085471,1031.1965811965829,27.136752136752182,2
1629,4,0,0,41,0.0,0.0,1.0,41,1050,700,350,0.6666666666666666,14,7,7,317.68793571023815,0.38429878048780486,0.07899741625561574,0.19478808858119198,133058.5475221896,254.21905818542237,133312.766580375,1601,1,547.609756097561,38,3,18,33.87309723516617,0.647203947368421,42.0673076923077,1031.730769230771,27.15080971659924,0
1630,4,1,0,42,0.023809523809523808,0.0,1.0,42,1200,900,300,0.75,15,9,6,309.1049478951996,0.3859247967479675,0.08616517091862419,0.19122855697296948,133391.5052625872,-153.6051432291265,133237.90011935806,1602,0,535.547619047619,39,3,20,33.761995395112756,0.6487713675213673,41.744791666666686,1033.0208333333364,26.487713675213755,0
1631,4,0,0,42,0.0,0.0,1.0,42,1350,1000,350,0.7407407407407407,17,10,7,304.7275776792084,0.38586430507162217,0.08514166678666224,0.18906831132929527,133499.1333007815,-263.82649739580364,133235.3068033857,1603,1,536.547619047619,39,3,20,33.76770234855358,0.6498397435897435,41.640625000000014,1033.437500000002,26.498397435897488,0
1632,4,0,0,42,0.0,0.0,1.0,42,900,600,300,0.6666666666666666,12,6,6,308.0100825902125,0.3851263066202091,0.08803718948792527,0.19180100876978984,133633.72938368062,-167.89279513887857,133465.83658854174,1604,2,537.547619047619,39,3,20,33.5486768755457,0.6511752136752136,41.51041666666667,1033.958333333334,26.511752136752154,0
1633,4,0,0,42,0.0,0.0,1.0,42,1200,800,400,0.6666666666666666,16,8,8,310.7535033722412,0.3854045683313976,0.09150519537187529,0.19421605047134857,133768.39328342024,-86.20062934027135,133682.19265407996,1605,3,538.547619047619,39,3,15,33.34350770315172,0.6525106837606838,41.380208333333336,1034.4791666666674,26.525106837606856,0
1634,4,0,0,42,0.0,0.0,1.0,42,1400,1100,300,0.7857142857142857,17,11,6,302.05239869101354,0.38498112659698025,0.10027372398506396,0.17806072342724386,131574.6348002958,-378.37408443253815,131196.26071586326,1606,4,539.547619047619,38,4,15,35.7622617931896,0.6324013157894737,43.50961538461538,1025.9615384615379,26.998987854251,8
1635,4,1,0,43,0.023255813953488372,0.0,1.0,43,900,800,100,0.8888888888888888,10,8,2,297.4617205528168,0.3903654485049834,0.1108064200476766,0.17705883825059912,131942.7747938366,-750.4150390625196,131192.35975477408,1607,0,527.9767441860465,39,4,16,35.51076835986347,0.6343482905982907,43.15104166666666,1027.3958333333317,26.343482905982864,0
1636,4,1,1,43,0.022727272727272728,0.022727272727272728,0.9772727272727273,44,1100,600,500,0.5454545454545454,16,6,10,290.70566836922274,0.39257399577167024,0.10820050674765103,0.1740449676070884,132162.78029777246,-1115.9061240002648,131046.8741737722,1608,0,516.9545454545455,40,4,16,35.46402451077289,0.6348958333333334,42.9369918699187,1028.252032520325,25.706300813008124,0
1637,4,0,0,43,0.0,0.0,1.0,43,850,500,350,0.5882352941176471,12,5,7,298.1194698272575,0.3895810262089332,0.11523516201778206,0.17820357648244703,132103.35422092,-723.4836154513944,131379.8706054686,1609,2,529.9767441860465,39,4,16,35.33296602154896,0.6359508547008548,42.994791666666664,1028.0208333333323,26.35950854700852,0
1638,4,0,0,43,0.0,0.0,1.0,43,1750,1100,650,0.6285714285714286,24,11,13,302.3068928270521,0.3895118124769288,0.11866633392504888,0.18186281896136522,132344.40646701376,-598.2747395833396,131746.13172743042,1610,3,530.9767441860465,39,4,16,34.983886751704155,0.6383547008547009,42.760416666666664,1028.9583333333323,26.383547008546984,0
1639,4,0,0,43,0.0,0.0,1.0,43,1150,900,250,0.782608695652174,14,9,5,305.1487911329496,0.3886812476928756,0.12251889358418122,0.1843576192883909,132505.23003472228,-513.2378472222132,131991.99218750006,1611,4,531.9767441860465,39,4,17,34.74976392823418,0.6399572649572649,42.60416666666667,1029.583333333334,26.399572649572665,0
1640,4,0,1,42,0.0,0.023255813953488372,0.9767441860465116,43,1150,800,350,0.6956521739130435,15,8,7,305.80910463442643,0.38875046142488,0.12097916245195162,0.1850201229140723,132558.859592014,-492.45876736110625,132066.4008246529,1612,5,532.9767441860465,39,4,17,34.67909164475014,0.6404914529914529,42.552083333333336,1029.7916666666674,26.40491452991455,0
1641,4,1,1,42,0.023255813953488372,0.023255813953488372,0.9767441860465116,43,950,500,450,0.5263157894736842,14,5,9,307.0628623284235,0.3909191583610188,0.12032161645427064,0.1861768636153147,132639.3242730036,-454.2778862847032,132185.04638671892,1613,0,521.046511627907,39,4,16,34.56628998550579,0.641292735042735,42.47395833333334,1030.1041666666679,26.41292735042738,0
1642,4,0,1,41,0.0,0.023809523809523808,0.9761904761904762,42,550,400,150,0.7272727272727273,7,4,3,312.7453277411758,0.38858643050716224,0.11847943161493668,0.18909908837951414,132535.48127145896,-110.02949448461061,132425.45177697434,1614,7,534.452380952381,38,4,17,34.52393304281662,0.6419956140350876,42.57478632478633,1029.7008547008556,27.097390913180412,0
1643,4,0,0,41,0.0,0.0,1.0,41,650,600,50,0.9230769230769231,7,6,1,313.4447185597857,0.38699186991869916,0.12952479244767567,0.19007760857568903,132645.51487508227,115.40721564760969,132760.92209072987,1615,8,545.5365853658536,38,3,16,34.39574258452603,0.6430921052631577,42.46794871794872,1030.1282051282058,27.108636977058048,0
1644,4,0,0,41,0.0,0.0,1.0,41,1250,900,350,0.72,16,9,7,311.95414408132245,0.3861788617886179,0.12704125020027335,0.1899560772729041,132800.32687717033,85.52246093752001,132885.84933810786,1616,9,546.5365853658536,39,2,16,34.27920245915445,0.6428952991452991,42.31770833333334,1030.7291666666683,26.428952991453034,0
1645,4,0,0,41,0.0,0.0,1.0,41,950,700,250,0.7368421052631579,12,7,5,314.9000577895694,0.3860010162601626,0.13423625600764622,0.19257723731775978,132961.42713758696,173.91221788196287,133135.33935546892,1617,10,547.5365853658536,39,2,17,34.042121166212176,0.6444978632478633,42.16145833333334,1031.354166666668,26.44497863247867,0
1646,4,0,0,41,0.0,0.0,1.0,41,1000,600,400,0.6,14,6,8,313.63817028814753,0.3855182926829268,0.13722375333417047,0.19208155846404007,133015.1489257814,143.7255859375146,133158.87451171892,1618,11,548.5365853658536,39,2,18,34.020940624053324,0.6450320512820513,42.10937500000001,1031.5625000000011,26.450320512820543,0
1647,4,1,1,41,0.023809523809523808,0.023809523809523808,0.9761904761904762,42,1600,1200,400,0.75,20,12,8,305.0492258937562,0.3882113821138211,0.13638067130442932,0.1887294815100449,133393.47367844894,-261.68482302198237,133131.78885542694,1619,0,536.452380952381,40,2,19,33.86477291359239,0.6471354166666665,41.7428861788618,1033.0284552845549,25.825711382113873,0
1648,4,0,0,41,0.0,0.0,1.0,41,1250,700,550,0.56,18,7,11,303.30581094886134,0.3863567073170732,0.11515220268481752,0.18847037385550636,133555.03420857998,-98.34993330042971,133456.68427527955,1620,1,528.219512195122,38,3,19,33.74870801033592,0.6521381578947367,41.58653846153847,1033.6538461538469,27.2014170040486,0
1649,4,0,0,41,0.0,0.0,1.0,41,1250,900,350,0.72,16,9,7,303.9606242742983,0.3860010162601626,0.11706309211852428,0.18958368833603145,133693.11125721384,-72.51168821681239,133620.59956899702,1621,2,529.219512195122,38,3,20,33.594180440771346,0.6535087719298245,41.452991452991455,1034.1880341880344,27.21547458389564,0
1650,4,0,0,41,0.0,0.0,1.0,41,1100,700,400,0.6363636363636364,15,7,8,305.4975900154929,0.3851880081300813,0.11540786411581516,0.19111360863759938,133803.62426035522,-24.663050624572406,133778.96120973065,1622,3,530.219512195122,38,3,16,33.44434118133,0.6546052631578947,41.346153846153854,1034.6153846153861,27.22672064777332,0
1651,4,0,0,41,0.0,0.0,1.0,41,850,700,150,0.8235294117647058,10,7,3,309.33866343886734,0.3848323170731707,0.12573578124167129,0.1831444988899616,131739.10307774486,-49.60038625904616,131689.5026914858,1623,4,531.219512195122,38,3,17,35.410162347798924,0.634046052631579,43.34935897435897,1026.6025641025637,27.015856950067466,4
1652,4,0,0,41,0.0,0.0,1.0,41,800,600,200,0.75,10,6,4,307.74216166076053,0.3841717479674797,0.1208422260062787,0.18246205525734532,131793.9486654429,-88.28906877786642,131705.65959666503,1624,5,532.219512195122,38,3,17,35.39607394305136,0.6345942982456141,43.29594017094016,1026.8162393162381,27.021479982006266,0
1653,4,0,0,41,0.0,0.0,1.0,41,650,600,50,0.9230769230769231,7,6,1,308.24699210191585,0.38447662601626015,0.11677076620984628,0.18315739073348672,131876.23844875421,-69.90923369131252,131806.3292150629,1625,6,533.219512195122,38,3,20,35.30051660772483,0.6354166666666667,43.21581196581195,1027.1367521367501,27.02991452991448,0
1654,4,0,0,41,0.0,0.0,1.0,41,1550,1100,450,0.7096774193548387,20,11,9,308.5851425862421,0.3854166666666667,0.11394622938848165,0.18402234882436827,132013.44515897782,-52.522440463164884,131960.92271851466,1626,7,534.219512195122,38,3,21,35.15416536715528,0.6367872807017545,43.08226495726495,1027.6709401709386,27.04397210976154,0
1655,4,2,0,43,0.046511627906976744,0.0,1.0,43,1300,900,400,0.6923076923076923,17,9,8,294.3302512389035,0.3928802141011443,0.1193200204719096,0.17805662303306305,132554.93511013602,-797.0145292154298,131757.9205809206,1627,0,510.3255813953488,40,3,23,34.978535478140735,0.6388020833333334,42.55589430894308,1029.7764227642265,25.74441056910566,0
1656,4,0,0,43,0.0,0.0,1.0,43,1250,900,350,0.72,16,9,7,296.37476698998654,0.39278792912513844,0.11766730533151315,0.17954323152680873,132607.26631180162,-739.7104691321537,131867.55584266948,1628,1,511.3255813953488,40,3,23,34.873581647755294,0.6393229166666667,42.505081300812996,1029.9796747967462,25.749491869918653,0
1657,4,0,0,43,0.0,0.0,1.0,43,1050,900,150,0.8571428571428571,12,9,3,293.4773381724727,0.3930647840531561,0.11262907469986772,0.17803589330067943,132659.60784131457,-813.4822815453917,131846.1255597692,1629,2,512.3255813953489,40,3,12,34.895884712768385,0.6398437500000002,42.45426829268292,1030.1829268292672,25.754573170731682,0
1658,4,0,2,41,0.0,0.046511627906976744,0.9534883720930233,43,1000,700,300,0.7,13,7,6,295.3491022649245,0.39327242524916944,0.11409195950407192,0.1800493565730405,132842.8845264062,-752.9946625685818,132089.88986383763,1630,3,513.3255813953489,40,3,15,34.66458004731862,0.6416666666666667,42.27642276422764,1030.894308943089,25.772357723577226,0
1659,4,1,1,41,0.023809523809523808,0.023809523809523808,0.9761904761904762,42,1150,800,350,0.6956521739130435,15,8,7,300.8420144718125,0.38781213704994194,0.1150773598979764,0.18318964511991295,132800.3268771702,-409.6164279513834,132390.71044921884,1631,0,526.3809523809524,39,3,16,34.56554236146199,0.6428952991452992,42.317708333333336,1030.7291666666672,26.428952991453006,0
1660,4,1,1,41,0.023809523809523808,0.023809523809523808,0.9761904761904762,42,800,500,300,0.625,11,5,6,298.05566616830055,0.3885622338366241,0.1177055765151942,0.1822089698961395,132947.67086390374,-474.838679027039,132472.8321848767,1632,0,527.3571428571429,40,2,17,34.49017047694127,0.6427083333333334,42.17479674796748,1031.30081300813,25.78252032520325,0
1661,4,0,0,41,0.0,0.0,1.0,41,1150,800,350,0.6956521739130435,15,8,7,306.7697873329172,0.3838922764227642,0.11734324253729467,0.18720143989033386,132880.86480034734,-47.23307291666137,132833.63172743068,1633,14,541.219512195122,39,2,18,34.33227251296557,0.6436965811965811,42.239583333333336,1031.0416666666674,26.43696581196583,0
1662,4,0,0,41,0.0,0.0,1.0,41,750,400,350,0.5333333333333333,11,4,7,308.09526099350035,0.38320630081300816,0.1114755989416234,0.18847852946492089,132973.8739031828,-6.275922896409554,132967.5979802864,1634,15,542.219512195122,40,1,18,34.20513515288863,0.6429687499999999,42.149390243902445,1031.4024390243915,25.785060975609788,0
1663,4,0,0,41,0.0,0.0,1.0,41,800,500,300,0.625,11,5,6,308.87363943313153,0.3835619918699187,0.10779844060012378,0.18961928263627686,133104.9278290041,22.520697005768767,133127.44852600986,1635,16,543.219512195122,40,1,18,34.05410839734753,0.6442708333333333,42.022357723577244,1031.9105691056925,25.79776422764231,0
1664,4,0,1,40,0.0,0.024390243902439025,0.975609756097561,41,1000,800,200,0.8,12,8,4,310.2609019662978,0.38353658536585367,0.11553071230653211,0.19100789346507033,133209.81744497354,65.95962224869456,133275.77706722223,1636,17,544.219512195122,40,1,20,33.913541051388066,0.6453124999999998,41.92073170731709,1032.3170731707341,25.807926829268354,0
1665,4,0,0,40,0.0,0.0,1.0,40,700,400,300,0.5714285714285714,10,4,6,326.50011032038424,0.3847355769230769,0.1685798523090487,0.18713427043189185,130492.60567577725,528.4021048155721,131021.00778059282,1637,18,541.075,36,4,15,36.226532936551685,0.6252893518518519,44.56644144144145,1021.7342342342351,28.381506506506533,8
1666,4,0,0,40,0.0,0.0,1.0,40,1000,800,200,0.8,12,8,4,330.0018621969637,0.38373397435897433,0.17342458962212248,0.18970404706534758,130607.69120049094,620.1562626815953,131227.84746317254,1638,19,542.075,36,4,15,36.0207575924498,0.6264467592592593,44.453828828828826,1022.1846846846839,28.394019019018998,0
1667,4,3,1,42,0.06976744186046512,0.023255813953488372,0.9767441860465116,43,650,300,350,0.46153846153846156,10,3,7,308.1509482887629,0.3941491325212256,0.17283110042530425,0.18011175747573155,131248.05908203137,-511.1572265624843,130736.90185546888,1639,0,505.1860465116279,39,4,18,35.934164379383965,0.627403846153846,43.82812500000001,1024.687500000001,26.274038461538485,0
1668,4,2,1,43,0.045454545454545456,0.022727272727272728,0.9772727272727273,44,950,700,250,0.7368421052631579,12,7,5,303.21183832482745,0.3992248062015504,0.16882859510683512,0.17832248673509085,131484.42147531235,-826.4733706788211,130657.94810463353,1640,0,494.65909090909093,40,4,19,35.823135486854284,0.6281249999999999,43.59756097560976,1025.6097560975613,25.640243902439032,0
1669,4,2,3,42,0.044444444444444446,0.06666666666666667,0.9333333333333333,45,1000,600,400,0.6,14,6,8,293.90886399582064,0.39835858585858586,0.16062407599635153,0.1742894365844269,131800.32680014713,-1252.543135178178,130547.78366496896,1641,0,484.6222222222222,42,3,13,35.74478626026234,0.6282242063492064,43.28972868217054,1026.841085271317,24.448597268364693,0
1670,4,0,2,40,0.0,0.047619047619047616,0.9523809523809523,42,1200,1000,200,0.8333333333333334,14,10,4,297.967530930181,0.39054636082075106,0.07336537781861874,0.17680339988546592,131823.38271077097,-542.8303447548408,131280.5523660161,1642,3,520.2142857142857,40,2,13,35.61747484743527,0.6315104166666665,43.26727642276424,1026.930894308945,25.673272357723626,4
1671,4,0,0,40,0.0,0.0,1.0,40,950,300,650,0.3157894736842105,16,3,13,307.9900933020288,0.38334668803418803,0.07728053733208418,0.18156101080290865,131574.6348002959,104.73680966469828,131679.3716099606,1643,24,547.075,38,2,13,35.60996563573883,0.6324013157894737,43.50961538461539,1025.9615384615386,26.998987854251016,0
1672,4,0,0,40,0.0,0.0,1.0,40,1350,1100,250,0.8148148148148148,16,11,5,307.0324427546022,0.3820779914529915,0.08177489853262587,0.181779096884102,131739.10307774507,89.6357248520932,131828.73880259716,1644,25,548.075,38,2,14,35.46935164949527,0.6340460526315788,43.349358974358985,1026.6025641025656,27.015856950067516,0
1673,4,0,0,40,0.0,0.0,1.0,40,550,100,450,0.18181818181818182,10,1,9,306.5682317998181,0.3817975427350427,0.0832674297606657,0.18163506212060757,131766.52444480988,79.08608189058663,131845.61052670048,1645,26,549.075,38,2,14,35.453737426292044,0.6343201754385963,43.32264957264958,1026.7094017094032,27.018668466036928,0
1674,4,0,0,40,0.0,0.0,1.0,40,1050,700,350,0.6666666666666666,14,7,7,304.9558837969392,0.3820112179487179,0.0789481897627966,0.18094049105285076,131821.37573964518,39.9408284023894,131861.31656804756,1646,27,550.075,38,2,14,35.44007490636704,0.6348684210526314,43.26923076923078,1026.9230769230785,27.02429149797575,0
1675,4,0,0,40,0.0,0.0,1.0,40,1450,1100,350,0.7586206896551724,18,11,7,349.31508131741634,0.3820112179487179,0.13807559581580975,0.19384792035047266,129229.25954380176,1038.6187080378174,130267.87825183957,1647,28,551.075,37,3,18,36.926538516841006,0.6106418918918919,45.80592105263157,1016.7763157894722,27.48044096728303,7
1676,4,2,1,41,0.047619047619047616,0.023809523809523808,0.9761904761904762,42,1250,800,450,0.64,17,8,9,346.32101186125993,0.39174409601238874,0.12802637918573945,0.18841133948048328,128442.17985243603,517.4672317687091,128959.64708420474,1648,0,525.7857142857143,38,4,16,37.804770938729625,0.6008771929824562,46.58119658119657,1013.6752136752118,26.675663517768733,3
1677,4,2,1,42,0.046511627906976744,0.023255813953488372,0.9767441860465116,43,850,500,350,0.5882352941176471,12,5,7,340.3856353695719,0.39382613510520487,0.13506905961572468,0.18680064428963103,128788.4402472074,167.54701236037218,128955.98725956777,1649,0,514.5116279069767,40,3,17,37.60220598050994,0.6010416666666667,46.239837398373986,1015.0406504065045,25.37601626016261,0
1678,4,1,0,43,0.023255813953488372,0.0,1.0,43,600,200,400,0.3333333333333333,10,2,8,342.333714850183,0.3926033591731266,0.14176922933695812,0.18835894706954986,128891.61544054454,224.789105360556,129116.4045459051,1650,0,515.4883720930233,40,3,18,37.447666466506526,0.6020833333333334,46.138211382113816,1015.4471544715439,25.386178861788597,0
1679,4,0,0,43,0.0,0.0,1.0,43,1600,1200,400,0.75,20,12,8,342.45500000000015,0.3923265042451089,0.1381813953488371,0.18941095132743352,129098.08976138533,242.05726584703945,129340.14702723236,1651,1,516.4883720930233,40,3,19,37.234374999999986,0.6041666666666667,45.93495934959349,1016.2601626016253,25.406504065040632,0
1680,4,1,1,43,0.022727272727272728,0.022727272727272728,0.9772727272727273,44,1700,1200,500,0.7058823529411765,22,12,10,336.07375941519393,0.39693446088794926,0.144825512580657,0.18739850612823786,129418.716670319,-101.02913581705792,129317.68753450195,1652,0,505.72727272727275,38,6,20,37.070602337953225,0.6107456140350878,45.619658119658105,1017.5213675213656,26.776878092667516,0
1681,4,0,0,43,0.0,0.0,1.0,43,800,400,400,0.5,12,4,8,342.78556772171515,0.3924418604651163,0.14245410159437788,0.1864200246704683,128427.65239771307,204.62914766343755,128632.2815453765,1653,3,518.4883720930233,40,3,16,37.90918889111691,0.5973958333333333,46.59552845528456,1013.6178861788624,25.34044715447156,4
1682,4,1,0,44,0.022727272727272728,0.0,1.0,44,1400,1200,200,0.8571428571428571,16,12,4,341.64383946850603,0.3976171599718112,0.15990830904826225,0.18753754106447146,128798.26467624068,0.6267321743305843,128798.89140841502,1654,0,507.6818181818182,41,3,18,37.560268438884535,0.5995934959349594,46.23015873015872,1015.0793650793636,24.758033294618624,0
1683,4,0,0,44,0.0,0.0,1.0,44,1000,600,400,0.6,14,6,8,342.09307471457885,0.397881430584919,0.1585846744111692,0.188261543697765,128898.98667800451,19.090136054419162,128918.07681405894,1655,1,508.6818181818182,41,3,18,37.4462680734662,0.600609756097561,46.13095238095238,1015.4761904761903,24.767711962833907,0
1684,4,0,0,44,0.0,0.0,1.0,44,1250,1000,250,0.8,15,10,5,340.61883721919025,0.3984430056377731,0.1472845336481705,0.188047305227047,129024.94454089485,-10.334683641994104,129014.60985725286,1656,2,509.6818181818182,41,3,18,37.3554625199362,0.601880081300813,46.006944444444436,1015.9722222222205,24.779810298102937,0
1685,4,3,3,44,0.06382978723404255,0.06382978723404255,0.9361702127659575,47,1100,700,400,0.6363636363636364,15,7,8,322.19410210891783,0.40612473018809747,0.15760349179899857,0.18074560941257614,129655.65653344637,-1044.7807421580076,128610.87579128836,1657,0,478.0851063829787,41,6,16,37.18342100136372,0.6082317073170733,45.386904761904745,1018.4523809523782,24.84030197444825,0
1686,4,4,3,45,0.08333333333333333,0.0625,0.9375,48,1000,600,400,0.6,14,6,8,314.6834993321664,0.40783835697399523,0.15313222760827605,0.17771256556488005,129916.6039920224,-1423.4776868878403,128493.12630513456,1658,0,468.8541666666667,42,6,17,37.110501219782655,0.6093750000000002,45.13081395348836,1019.476744186044,24.27325581395343,0
1687,4,1,1,45,0.021739130434782608,0.021739130434782608,0.9782608695652174,46,1600,1200,400,0.75,20,12,8,331.64220358504775,0.4048007246376812,0.16578363191758716,0.18683752907589077,129822.05119307271,-589.1057736797108,129232.945419393,1659,0,490.2173913043478,40,6,17,36.77411580906792,0.6114583333333334,45.223577235772346,1019.105691056909,25.477642276422724,0
1688,4,2,2,45,0.0425531914893617,0.0425531914893617,0.9574468085106383,47,1200,900,300,0.75,15,9,6,325.8679635263598,0.40816759173604683,0.17922052677616884,0.18554817248050423,130237.2697487557,-911.9692263479787,129325.30052240772,1660,0,480.74468085106383,41,6,18,36.50085447241388,0.6140752032520327,44.81646825396824,1020.7341269841247,24.89595431668597,0
1689,4,1,0,46,0.021739130434782608,0.0,1.0,46,1100,800,300,0.7272727272727273,14,8,6,331.4149722524871,0.40211352657004834,0.18645612914387577,0.18895858889160153,130289.17236328138,-564.0410508097772,129725.13131247161,1661,0,492.04347826086956,39,7,20,36.306775669149424,0.6177884615384615,44.76562500000001,1020.937500000001,26.17788461538464,0
1690,4,0,0,46,0.0,0.0,1.0,46,1050,900,150,0.8571428571428571,12,9,3,332.87297091863473,0.4015901771336554,0.18481032303837863,0.19031017375260745,130395.54172092032,-518.9697265624803,129876.57199435783,1662,1,493.04347826086956,39,7,20,36.16192843787185,0.6188568376068375,44.66145833333334,1021.3541666666681,26.188568376068414,0
1691,4,0,0,46,0.0,0.0,1.0,46,1000,500,500,0.5,15,5,10,332.52920567735123,0.4015901771336554,0.18547075223729714,0.19063582574454388,130501.95448133704,-520.8577473958081,129981.09673394123,1663,2,494.04347826086956,39,7,16,36.06307557685118,0.6199252136752136,44.55729166666668,1021.7708333333353,26.199252136752186,0
1692,4,1,1,46,0.02127659574468085,0.02127659574468085,0.9787234042553191,47,800,500,300,0.625,11,5,6,325.535456586238,0.4040240518038853,0.19954983485004374,0.1882920450798585,130845.55820302677,-881.0262936192865,129964.53190940748,1664,0,484.51063829787233,41,6,17,35.894724296195726,0.6201727642276422,44.221230158730165,1023.1150793650809,24.954026325977583,0
1693,4,0,0,46,0.0,0.0,1.0,46,800,600,200,0.75,10,6,4,333.9138259179407,0.4006139291465378,0.19838684592520917,0.19268972156182093,130755.83316808783,-467.7638971511594,130288.06927093667,1665,1,495.9782608695652,40,6,17,35.77106518282989,0.6208333333333333,44.3089430894309,1022.7642276422769,25.569105691056922,0
1694,4,0,0,46,0.0,0.0,1.0,46,1350,900,450,0.6666666666666666,18,9,9,336.9648961554869,0.39971819645732687,0.20880188630356988,0.19497486060307145,130859.79327781092,-380.96866944278526,130478.82460836814,1666,2,496.9782608695652,40,6,18,35.588001589193496,0.621875,44.207317073170735,1023.1707317073178,25.579268292682947,0
1695,4,0,0,46,0.0,0.0,1.0,46,950,700,250,0.7368421052631579,12,7,5,336.01396325785095,0.3998490338164251,0.2070495136703323,0.1948184584899144,130937.79047070183,-400.6148167426925,130537.17565395914,1667,3,497.9782608695652,40,6,18,35.533545162678315,0.6226562500000001,44.131097560975604,1023.4756097560966,25.586890243902413,0
1696,4,0,0,46,0.0,0.0,1.0,46,1150,800,350,0.6956521739130435,15,8,7,339.958793709555,0.4001006441223833,0.20759855331417043,0.19750547219319814,131015.81090124926,-292.0045938264269,130723.80630742284,1668,4,498.9782608695652,40,6,19,35.353798557342316,0.6234375,44.05487804878049,1023.7804878048781,25.594512195121954,0
1697,4,1,1,46,0.02127659574468085,0.02127659574468085,0.9787234042553191,47,1000,600,400,0.6,14,6,8,333.6466105950701,0.4032146160962072,0.21045476174291355,0.19503315454649012,131251.8711911849,-641.6516085600801,130610.21958262484,1669,0,489.3404255319149,41,6,19,35.27719285506826,0.6242378048780487,43.824404761904766,1024.7023809523816,24.992740998838578,0
1698,4,0,2,44,0.0,0.043478260869565216,0.9565217391304348,46,800,600,200,0.75,10,6,4,340.29711654670706,0.3994263285024155,0.2101477351212031,0.19826339905351056,131124.83071932488,-275.7196397077255,130849.11107961716,1670,6,500.9782608695652,41,5,19,35.235051013818946,0.6229674796747966,43.9484126984127,1024.20634920635,24.980642663569515,0
1699,4,1,1,44,0.022222222222222223,0.022222222222222223,0.9777777777777777,45,1200,600,600,0.5,18,6,12,343.38026307092343,0.39728535353535355,0.23450767841011744,0.20112272551296947,131328.12500000012,19.097222222236752,131347.22222222236,1671,0,510.1333333333333,40,5,19,34.95088075880759,0.6265624999999999,43.75000000000001,1025.000000000001,25.62500000000002,0
1700,4,0,1,43,0.0,0.022727272727272728,0.9772727272727273,44,1300,600,700,0.46153846153846156,20,6,14,350.73621380059546,0.39561310782241016,0.2341214092942434,0.20485994055478976,131221.37586805565,404.81770833334247,131626.193576389,1672,8,522.7272727272727,39,5,19,34.870204690253495,0.6271367521367521,43.85416666666667,1024.5833333333342,26.271367521367544,0
1701,4,0,0,43,0.0,0.0,1.0,43,1150,700,450,0.6086956521739131,16,7,9,357.23495429393427,0.394656699889258,0.24390717074471913,0.20864087769055,131218.63928154,775.1769212506421,131993.81620279065,1673,9,531.9069767441861,38,5,19,34.70650851581507,0.6288377192982456,43.85683760683761,1024.57264957265,26.962438146648687,0
1702,4,0,0,43,0.0,0.0,1.0,43,1000,700,300,0.7,13,7,6,357.26746137916405,0.3940337763012181,0.24239089064458352,0.20910718468641357,131300.74929003205,781.8970752063583,132082.6463652384,1674,10,532.9069767441861,38,5,19,34.62268494388269,0.6296600877192983,43.7767094017094,1024.8931623931617,26.970872694556885,0
1703,4,0,0,43,0.0,0.0,1.0,43,950,700,250,0.7368421052631579,12,7,5,358.46857377776405,0.39348006644518274,0.2518354114471517,0.2105618954173185,131437.65637555716,823.2538443275746,132260.91021988474,1675,11,533.9069767441861,38,5,19,34.45357539765229,0.6310307017543859,43.6431623931624,1025.4273504273515,26.984930274403986,0
1704,4,1,0,44,0.022727272727272728,0.0,1.0,44,1300,1000,300,0.7692307692307693,16,10,6,354.45527445083064,0.39779334038054964,0.26982297621242823,0.21053789193284297,131862.521701389,547.8732638888985,132410.3949652779,1676,0,522.75,39,5,19,34.12778904665315,0.6335470085470085,43.22916666666667,1027.0833333333342,26.335470085470106,0
1705,4,0,0,44,0.0,0.0,1.0,44,1200,900,300,0.75,15,9,6,352.8946097861351,0.3971656976744186,0.27470375762490074,0.21049928779625215,132023.0523003473,518.0447048611201,132541.09700520843,1677,1,523.75,39,5,20,34.00609838502603,0.6351495726495726,43.07291666666667,1027.7083333333342,26.35149572649575,0
1706,4,0,0,44,0.0,0.0,1.0,44,1700,1200,500,0.7058823529411765,22,12,10,355.7292473114111,0.39696749471458775,0.280390504866348,0.21324316082000994,132210.46142578137,606.2255859375147,132816.6870117189,1678,2,524.75,39,5,20,33.744492555454286,0.6370192307692307,42.89062500000001,1028.437500000001,26.37019230769233,0
1707,4,1,1,44,0.022222222222222223,0.022222222222222223,0.9777777777777777,45,1050,700,350,0.6666666666666666,14,7,7,349.0297319598426,0.39922138047138045,0.2749316576135188,0.21074213204957978,132482.65241468546,248.47569534617494,132731.12811003163,1679,0,514.0666666666667,37,8,20,33.64298203571554,0.6432995495495495,42.626096491228076,1029.495614035089,27.824205784732133,0
1708,4,0,0,44,0.0,0.0,1.0,44,1550,1100,450,0.7096774193548387,20,11,9,350.790023177011,0.3967913143058492,0.27264473100832975,0.21194755193459902,132507.9800044744,496.49547538169554,133004.4754798561,1680,4,526.75,38,6,20,33.57221299851268,0.6417214912280702,42.60149572649573,1029.594017094017,27.094579397210975,0
1709,4,0,0,44,0.0,0.0,1.0,44,1150,700,450,0.6086956521739131,16,7,9,348.4560585707594,0.39717670894996476,0.26548622503818486,0.2113090136314005,132645.51487508242,444.22666009206716,133089.7415351745,1681,5,527.75,38,6,18,33.494088363410086,0.6430921052631577,42.46794871794873,1030.128205128207,27.108636977058076,0
1710,4,0,0,44,0.0,0.0,1.0,44,1650,1300,350,0.7878787878787878,20,13,7,353.1344749360443,0.39661513389711067,0.2680800648206598,0.21524918184825606,132838.1835438126,581.9484394404337,133420.13198325303,1682,6,528.75,38,6,18,33.18003592773,0.6450109649122806,42.28098290598291,1030.8760683760688,27.128317588843917,0
1711,4,0,0,44,0.0,0.0,1.0,44,1350,900,450,0.6666666666666666,18,9,9,350.99476708648695,0.3967582804792107,0.26625193082922016,0.21441781594422632,132920.79863393985,530.9009514939236,133451.69958543376,1683,7,529.75,38,6,19,33.1522396049178,0.6458333333333333,42.20085470085471,1031.1965811965829,27.136752136752182,0
1712,4,0,0,44,0.0,0.0,1.0,44,1050,600,450,0.5714285714285714,15,6,9,352.8995732132914,0.39660412262156447,0.2706650093225602,0.21589939669208613,132975.88962853403,585.4269395134932,133561.31656804754,1684,8,530.75,38,6,20,33.047829915061115,0.6463815789473684,42.147435897435905,1031.4102564102577,27.142375168690993,0
1713,4,0,0,44,0.0,0.0,1.0,44,1150,900,250,0.782608695652174,14,9,5,364.72983070937175,0.39692344961240306,0.23467928011075267,0.21512507978965928,131595.1877170138,862.4647512943701,132457.65246830817,1685,9,531.75,35,9,19,34.133883248730974,0.6383928571428572,43.48958333333333,1026.0416666666658,29.315476190476165,6
1714,4,0,1,43,0.0,0.022727272727272728,0.9772727272727273,44,1550,1100,450,0.7096774193548387,20,11,9,364.86570203818985,0.39694547216349546,0.23673623140868605,0.21587684532199505,131713.9693313828,811.581977666316,132525.55130904913,1686,10,532.75,35,9,19,34.01043428421093,0.6395833333333334,43.37384259259259,1026.504629629629,29.328703703703688,0
1715,4,0,0,43,0.0,0.0,1.0,43,1200,1000,200,0.8333333333333334,14,10,4,370.6170784054277,0.39354928017718716,0.24674035593101418,0.21916738340271566,131694.45153061213,1161.6425736961237,132856.09410430826,1687,11,545.4651162790698,34,9,19,33.88255818448927,0.6415441176470589,43.39285714285713,1026.4285714285704,30.18907563025207,0
1716,4,0,0,43,0.0,0.0,1.0,43,1000,700,300,0.7,13,7,6,373.72652804032793,0.39345699520118127,0.2457971014492757,0.22153892126101898,131786.11288265296,1250.3932823129162,133036.5061649659,1688,12,546.4651162790698,34,9,19,33.710144927536234,0.6424632352941178,43.30357142857142,1026.7857142857135,30.199579831932752,0
1717,4,0,0,43,0.0,0.0,1.0,43,900,500,400,0.5555555555555556,13,5,8,376.845970935435,0.3932954964931709,0.2440364350969506,0.22374743229593916,131847.2381660997,1337.2200963718706,133184.45826247157,1689,13,547.4651162790698,34,9,19,33.56830300220238,0.6430759803921569,43.24404761904761,1027.023809523809,30.206582633053205,0
1718,4,0,1,42,0.0,0.023255813953488372,0.9767441860465116,43,1350,1000,350,0.7407407407407407,17,10,7,375.317280941497,0.39336471022517533,0.24303120628923014,0.2231986779630721,131908.37762188198,1301.4987244897834,133209.87634637178,1690,14,548.4651162790698,34,9,19,33.545795186773276,0.6436887254901962,43.1845238095238,1027.261904761904,30.213585434173645,0
1719,4,0,0,42,0.0,0.0,1.0,42,1050,1000,50,0.9523809523809523,11,10,1,382.336944655524,0.3929660278745644,0.2436002317892083,0.22728711135479426,131893.99059256038,1685.5890763167806,133579.57966887715,1691,15,539.2142857142857,33,9,19,33.380060446989575,0.6458333333333335,43.198529411764696,1027.2058823529399,31.127450980392116,0
1720,4,0,0,42,0.0,0.0,1.0,42,1100,900,200,0.8181818181818182,13,9,4,382.14854284164846,0.39276035617499033,0.24374442607771996,0.227363465907845,131925.46323829758,1683.024708044962,133608.48794634253,1692,16,540.2142857142857,33,9,20,33.35309058014234,0.64614898989899,43.167892156862735,1027.3284313725476,31.131164587046896,0
1721,4,0,0,42,0.0,0.0,1.0,42,850,600,250,0.7058823529411765,11,6,5,379.6528062864045,0.3925909794812234,0.23698524360262785,0.2266297570337418,132051.39136690204,1626.7362612937225,133678.12762819577,1693,17,541.2142857142857,33,9,20,33.289987480624774,0.6474116161616161,43.045343137254896,1027.8186274509796,31.14601901366605,0
1722,4,0,0,42,0.0,0.0,1.0,42,1300,900,400,0.6923076923076923,17,9,8,377.9259320293046,0.3928208478513357,0.24031443328225266,0.22616252280498314,132145.8768862936,1588.27073721644,133734.14762351004,1694,18,542.2142857142857,33,9,20,33.23897497020263,0.6483585858585859,42.95343137254901,1028.1862745098028,31.157159833630388,0
1723,4,0,0,42,0.0,0.0,1.0,42,1500,1100,400,0.7333333333333333,19,11,8,378.4889581767856,0.39273615950445223,0.24621544023233688,0.22727749045209172,132275.51197562338,1612.9641439909087,133888.4761196143,1695,19,543.2142857142857,34,8,20,33.09368128688809,0.6473651960784315,42.82738095238094,1028.6904761904746,30.25560224089631,0
1724,4,0,0,42,0.0,0.0,1.0,42,1400,1100,300,0.7857142857142857,17,11,6,375.51836614270064,0.39290553619821916,0.2410834779255837,0.22622691813962675,132398.0034722221,1543.5763888888794,133941.57986111098,1696,20,544.2142857142857,34,8,20,33.04655870445346,0.6485906862745099,42.70833333333333,1029.1666666666656,30.269607843137223,0
1725,4,0,0,42,0.0,0.0,1.0,42,1300,800,500,0.6153846153846154,18,8,10,380.59928153245164,0.392518389469609,0.24949915241177356,0.23059838822260273,132612.4999999998,1694.4444444444161,134306.9444444442,1697,21,545.2142857142857,34,8,20,32.699568500539364,0.6507352941176472,42.499999999999986,1029.9999999999984,30.294117647058776,0
1726,4,0,0,42,0.0,0.0,1.0,42,1400,1000,400,0.7142857142857143,18,10,8,385.1092597432384,0.39215543941153697,0.25541625426152015,0.2348624077025665,132857.85147392284,1832.9577664399042,134690.80924036275,1698,22,546.2142857142857,34,8,17,32.33617205542726,0.6531862745098039,42.26190476190476,1030.9523809523805,30.322128851540604,0
1727,4,1,1,42,0.023255813953488372,0.023255813953488372,0.9767441860465116,43,1000,600,400,0.6,14,6,8,380.1042073272886,0.39433370247323735,0.26224885258633956,0.23471763612327995,133322.7656276791,1535.3088295181665,134858.07445719728,1699,0,534.4883720930233,35,8,18,31.997483096118643,0.6556547619047619,41.81134259259259,1032.754629629629,29.50727513227512,0
1728,4,1,1,42,0.023255813953488372,0.023255813953488372,0.9767441860465116,43,1000,800,200,0.8,12,8,4,376.96264452859737,0.397171465485419,0.2491120361292809,0.2341051273102491,133533.73724489793,1467.529869618882,135001.2671145168,1700,0,520.8837209302326,34,9,18,31.86669738155571,0.6599264705882353,41.607142857142854,1033.5714285714282,30.399159663865536,0
1729,4,0,0,42,0.0,0.0,1.0,42,1600,1300,300,0.8125,19,13,6,390.51309905216283,0.39537359659310883,0.2603067314913632,0.24232501576945478,133503.88259623712,2027.0029856305364,135530.88558186765,1701,2,534.2857142857143,33,9,18,31.54657792798135,0.6619318181818181,41.63602941176471,1033.455882352942,31.316844919786117,0
1730,4,0,0,42,0.0,0.0,1.0,42,900,600,300,0.6666666666666666,12,6,6,399.9668640055861,0.3956155632984901,0.23885393756500117,0.23717780279566902,131799.59518274208,2147.1828743752235,133946.7780571173,1702,3,535.2857142857143,33,9,18,33.02290945618014,0.6448863636363638,43.29044117647058,1026.8382352941167,31.116310160427776,7
1731,4,0,0,42,0.0,0.0,1.0,42,950,500,450,0.5263157894736842,14,5,9,398.81636582156625,0.39539779326364694,0.237436072280941,0.23669129926237417,131831.05656478266,2115.276576316785,133946.33314109946,1703,4,536.2857142857143,33,9,18,33.020584725536985,0.6452020202020203,43.25980392156862,1026.9607843137246,31.120023767082564,0
1732,4,1,1,42,0.023255813953488372,0.023255813953488372,0.9767441860465116,43,800,500,300,0.625,11,5,6,388.90820508367216,0.3996170173495755,0.22932629509432934,0.23240293085795913,132091.88102324263,1674.323270975055,133766.2042942177,1704,0,524.7906976744187,34,9,18,33.011243003281216,0.6455269607843137,43.00595238095238,1027.9761904761906,30.234593837535016,0
1733,4,1,1,42,0.023255813953488372,0.023255813953488372,0.9767441860465116,43,1150,900,250,0.782608695652174,14,9,5,385.05143933894885,0.40035529715762275,0.22116841558497513,0.2312181714612825,132275.51197562352,1586.5752551020348,133862.08723072556,1705,0,525.7674418604652,34,9,18,32.92491224009568,0.6473651960784315,42.82738095238095,1028.6904761904757,30.255602240896344,0
1734,4,0,0,42,0.0,0.0,1.0,42,650,400,250,0.6153846153846154,9,4,5,393.8739835207506,0.39514372822299654,0.22822853509548824,0.23531445682137153,132082.88278546714,2004.8022395232636,134087.6850249904,1706,7,539.2857142857143,33,9,18,32.892723732316014,0.6477272727272727,43.01470588235294,1027.9411764705883,31.149732620320858,0
1735,4,0,1,41,0.0,0.023809523809523808,0.9761904761904762,42,950,700,250,0.7368421052631579,12,7,5,389.74998614901415,0.39463559814169574,0.22520574379930802,0.23323840112626434,132145.8768862936,1900.7707372164414,134046.64762351004,1707,8,540.2857142857143,33,9,18,32.935041716328975,0.6483585858585859,42.95343137254901,1028.1862745098028,31.157159833630388,0
1736,4,0,1,40,0.0,0.024390243902439025,0.975609756097561,41,850,600,250,0.7058823529411765,11,6,5,400.20114594539433,0.3914380081300813,0.2330463540449701,0.23923918724577073,132105.78799357195,2373.7775482093534,134479.5655417813,1708,32,554.2682926829268,32,9,18,32.70695160894128,0.650390625,42.992424242424235,1028.030303030302,32.12594696969694,0
1737,4,0,0,40,0.0,0.0,1.0,40,850,500,350,0.5882352941176471,12,5,7,406.2383716239156,0.38939636752136747,0.2517925006333923,0.2425753181239931,132063.20020887582,2729.8278808593714,134793.0280897352,1709,33,568.025,31,9,18,32.59490330208597,0.6525537634408602,43.033854166666664,1027.864583333333,33.156922043010745,0
1738,4,0,0,40,0.0,0.0,1.0,40,450,200,250,0.4444444444444444,7,2,5,405.17848053998813,0.38938301282051285,0.24992083597213455,0.24215625313120404,132096.66146172408,2704.544915093307,134801.2063768174,1710,34,569.025,31,9,18,32.58826789107031,0.6528897849462366,43.00130208333333,1027.9947916666658,33.16112231182793,0
1739,4,0,0,40,0.0,0.0,1.0,40,1000,700,300,0.7,13,7,6,403.25174077874794,0.3887820512820513,0.2489680931881495,0.24164508715254554,132197.0706515841,2661.7397732204777,134858.81042480457,1711,35,570.025,31,9,19,32.536190596775555,0.6538978494623657,42.90364583333333,1028.3854166666658,33.17372311827954,0
1740,4,1,1,40,0.024390243902439025,0.024390243902439025,0.975609756097561,41,950,800,150,0.8421052631578947,11,8,3,392.7963155395861,0.39128556910569107,0.23782282965126034,0.23683990860049584,132430.49178655224,2203.641847770618,134634.13363432288,1712,0,557.0975609756098,32,9,19,32.56920592083741,0.6536458333333335,42.67676767676767,1029.2929292929282,32.165404040404006,0
1741,4,0,0,40,0.0,0.0,1.0,40,1100,800,300,0.7272727272727273,14,8,6,404.6505367729533,0.3885149572649573,0.24806329113924086,0.24291331614789735,132264.0313042534,2704.1422526041624,134968.17355685757,1713,37,572.025,31,9,19,32.43248945147679,0.6545698924731183,42.838541666666664,1028.645833333333,33.18212365591397,0
1742,4,0,0,40,0.0,0.0,1.0,40,1400,900,500,0.6428571428571429,19,9,10,410.0865712019029,0.38767361111111115,0.24499367488931045,0.24727187988947702,132431.50711059573,2861.6765340169277,135293.18364461267,1714,38,573.025,31,9,20,32.1232605945604,0.65625,42.67578125,1029.2968750000002,33.20312500000001,0
1743,4,1,1,40,0.024390243902439025,0.024390243902439025,0.975609756097561,41,750,500,250,0.6666666666666666,10,5,5,398.7062741446766,0.3916920731707317,0.23614802148756886,0.24186204392166655,132658.02158261903,2378.317104122019,135036.33868674104,1715,0,560.0243902439024,32,9,17,32.18735956203784,0.6559244791666667,42.455808080808076,1030.176767676767,32.19302398989897,0
1744,4,0,1,39,0.0,0.025,0.975,40,1250,800,450,0.64,17,8,9,406.2065293618134,0.3873931623931624,0.2460672736469396,0.2455872503205827,132532.04345703128,2767.0762803819453,135299.11973741322,1716,40,575.025,31,9,21,32.12148035744393,0.657258064516129,42.578125,1029.6875000000002,33.21572580645162,0
1745,4,3,2,40,0.07142857142857142,0.047619047619047616,0.9523809523809523,42,1450,1200,250,0.8275862068965517,17,12,5,377.8288998330693,0.39851916376306623,0.2073692877727462,0.23328581537735749,133318.49666950098,1674.3161848072405,134992.81285430823,1717,0,525.2142857142857,34,8,18,32.06051873198847,0.6577818627450981,41.81547619047618,1032.738095238094,30.374649859943943,0
1746,4,0,0,40,0.0,0.0,1.0,40,1100,800,300,0.7272727272727273,14,8,6,398.4182149136689,0.3903846153846154,0.22825492991209306,0.24409639979208617,133029.3712153979,2600.2649221453266,135629.63613754322,1718,1,552.475,33,7,18,31.82020669992872,0.6571969696969697,42.095588235294116,1031.6176470588234,31.261140819964346,0
1747,4,0,0,40,0.0,0.0,1.0,40,900,700,200,0.7777777777777778,11,7,4,398.9460677834134,0.38952991452991453,0.22752969121140132,0.24483424859594335,133092.5905901577,2619.3531334102363,135711.94372356794,1719,2,553.475,33,7,19,31.742874109263667,0.6578282828282829,42.0343137254902,1031.8627450980398,31.268568033273933,0
1748,4,1,0,41,0.024390243902439025,0.0,1.0,41,850,600,250,0.7058823529411765,11,6,5,379.41740879057744,0.3927337398373984,0.20709384042993007,0.22120184899845932,131150.23389274697,1776.7062581432433,132926.9401508902,1720,0,540.9512195121952,35,6,17,34.207627118644076,0.6339285714285714,43.923611111111114,1024.3055555555559,29.265873015873026,8
1749,4,0,0,41,0.0,0.0,1.0,41,1250,900,350,0.72,16,9,7,379.1198907004967,0.39235264227642275,0.20971421643723942,0.2213700047810552,131209.51753257884,1748.8275891632375,132958.34512174208,1721,1,541.9512195121952,35,6,17,34.15518150323845,0.6345238095238095,43.86574074074074,1024.537037037037,29.27248677248677,0
1750,4,1,2,40,0.023809523809523808,0.047619047619047616,0.9523809523809523,42,850,600,250,0.7058823529411765,11,6,5,369.86335254938086,0.39456300813008127,0.20256394169437653,0.21761727487207783,131501.32395909447,1327.5041088385976,132828.82806793306,1722,0,530.0238095238095,36,6,17,34.097084980237156,0.6354166666666665,43.581081081081095,1025.6756756756777,28.490990990991047,0
1751,4,0,0,40,0.0,0.0,1.0,40,850,600,250,0.7058823529411765,11,6,5,385.2814659447407,0.38747329059829055,0.22324602160529694,0.22548525766949506,131297.62081916098,2117.307964852608,133414.92878401358,1723,3,557.4,34,6,20,33.90807101095753,0.6375612745098038,43.779761904761905,1024.8809523809523,30.143557422969185,0
1752,4,1,1,40,0.024390243902439025,0.024390243902439025,0.975609756097561,41,750,300,450,0.4,12,3,9,373.57941586623036,0.39153963414634146,0.21510962402042777,0.2201734004147784,131565.50068587108,1630.0325788751732,133195.53326474625,1724,0,544.780487804878,35,6,15,33.9368983152828,0.638095238095238,43.51851851851852,1025.925925925926,29.312169312169317,0
1753,4,1,0,41,0.024390243902439025,0.0,1.0,41,1350,1100,250,0.8148148148148148,16,11,5,375.6464828407065,0.3899390243902439,0.22383510821023722,0.22329956699338696,131892.24222232925,1708.9713809584896,133601.21360328773,1725,0,545.7560975609756,35,6,17,33.55363849765258,0.6413690476190477,43.200231481481474,1027.199074074073,29.348544973544943,0
1754,4,0,0,41,0.0,0.0,1.0,41,1000,700,300,0.7,13,7,6,377.0402901868944,0.3900152439024391,0.22707457168050693,0.22483147995765157,132011.15779588892,1754.7050486539638,133765.8628445429,1726,1,546.7560975609756,35,6,19,33.39774092427826,0.6425595238095239,43.08449074074073,1027.662037037036,29.36177248677246,0
1755,4,0,0,41,0.0,0.0,1.0,41,1350,1100,250,0.8148148148148148,16,11,5,398.3704804147817,0.3904217479674797,0.24505914566370546,0.2292541421406176,130649.5530589992,2211.0829763597844,132860.63603535897,1727,2,547.7560975609756,32,9,18,34.23104236136841,0.6357421875,44.412878787878796,1022.3484848484859,31.948390151515184,2
1756,4,0,1,40,0.0,0.024390243902439025,0.975609756097561,41,1100,900,200,0.8181818181818182,13,9,4,398.56517232973874,0.38958333333333334,0.24795919858539506,0.22985669406300444,130732.14215986656,2221.055753796639,132953.1979136632,1728,3,548.7560975609756,33,8,18,34.14207609346915,0.6341540404040403,44.332107843137265,1022.6715686274523,30.99004753416522,0
1757,4,1,0,41,0.024390243902439025,0.0,1.0,41,1100,800,300,0.7272727272727273,14,8,6,391.6008635888455,0.39395325203252035,0.24477564547817932,0.22809358357852688,131114.67013888905,2068.9236111111304,133183.59375000017,1729,0,539.9268292682926,34,7,20,33.93171955519392,0.6357230392156862,43.95833333333334,1024.166666666668,30.122549019607884,0
1758,4,1,1,41,0.023809523809523808,0.023809523809523808,0.9761904761904762,42,700,400,300,0.5714285714285714,10,4,6,382.5296051833338,0.3984465737514518,0.2384353741496601,0.22443210939947042,131392.84256708506,1652.8512715539348,133045.69383863898,1730,0,528.047619047619,32,10,20,33.88213259441708,0.6432291666666666,43.68686868686869,1025.2525252525259,32.03914141414143,0
1759,4,0,0,41,0.0,0.0,1.0,41,1050,600,450,0.5714285714285714,15,6,9,391.63196510013876,0.3938770325203252,0.2450922070196313,0.22938443670150999,131328.12500000012,2086.4583333333485,133414.58333333346,1731,2,541.9268292682926,35,6,20,33.71443089430894,0.6357142857142856,43.75000000000001,1025.000000000001,29.285714285714313,0
1760,4,0,0,41,0.0,0.0,1.0,41,900,800,100,0.8888888888888888,10,8,2,390.2474233569309,0.39375,0.24386745839491364,0.2291368555247328,131422.3514543686,2057.4468053152755,133479.79825968386,1732,3,542.9268292682926,33,8,20,33.6544111788375,0.6410984848484848,43.65808823529412,1025.3676470588243,31.071746880570434,0
1761,4,0,0,41,0.0,0.0,1.0,41,1400,700,700,0.5,21,7,14,388.83534262578274,0.39375,0.2416642137505134,0.2286832735372579,131485.18786344212,2025.2176146194013,133510.40547806153,1733,4,543.9268292682926,33,8,20,33.62695164695105,0.6417297979797979,43.59681372549021,1025.6127450980407,31.07917409388002,0
1762,4,0,0,41,0.0,0.0,1.0,41,1050,700,350,0.6666666666666666,14,7,7,388.29406327692544,0.39400406504065044,0.243809213056297,0.22892942941932537,131579.47063629376,2018.3054594386836,133597.77609573244,1734,5,544.9268292682926,33,8,16,33.54534957795828,0.6426767676767677,43.504901960784316,1025.980392156863,31.090314913844335,0
1763,4,0,0,41,0.0,0.0,1.0,41,1350,1100,250,0.8148148148148148,16,11,5,385.89584650372336,0.39400406504065044,0.238614391874578,0.22826720411830415,131705.23356401385,1964.9005190311436,133670.134083045,1735,6,545.9268292682926,33,8,17,33.47958452722064,0.6439393939393939,43.38235294117647,1026.4705882352941,31.10516934046346,0
1764,4,0,0,41,0.0,0.0,1.0,41,900,600,300,0.6666666666666666,12,6,6,386.6148772253675,0.3935721544715447,0.24215570396334174,0.2290706818524843,131768.1375552672,1988.7044646289878,133756.8420198962,1736,7,546.9268292682926,33,8,17,33.39748945651309,0.6445707070707071,43.32107843137255,1026.7156862745096,31.112596553773017,0
1765,4,0,0,41,0.0,0.0,1.0,41,1300,1100,200,0.8461538461538461,15,11,4,387.1129974895415,0.3928099593495935,0.2523485716612477,0.2308911519877163,132019.90370290255,2021.324130142229,134041.22783304477,1737,8,547.9268292682926,33,8,19,33.13011765641147,0.6470959595959597,43.07598039215685,1027.696078431371,31.142305407011243,0
1766,4,0,1,40,0.0,0.024390243902439025,0.975609756097561,41,900,700,200,0.7777777777777778,11,7,4,382.33881426986784,0.3927337398373984,0.24372669306517403,0.22852848912146478,132100.3796403464,1901.4205032578852,134001.80014360428,1738,9,548.9268292682926,35,6,19,33.17148915409441,0.6434523809523809,42.99768518518518,1028.0092592592594,29.371693121693124,0
1767,4,0,0,40,0.0,0.0,1.0,40,650,500,150,0.7692307692307693,8,5,3,392.52951303088156,0.38836805555555554,0.25595100196918863,0.23418847864516915,132030.69905045335,2365.1892006802573,134395.8882511336,1739,14,563.425,34,6,20,32.98003783929882,0.6449142156862746,43.06547619047618,1027.738095238094,30.22759103641453,0
1768,4,0,0,40,0.0,0.0,1.0,40,1600,1300,300,0.8125,19,13,6,388.66649056801157,0.3882879273504274,0.25690004502476405,0.23267608505432708,132159.87761488333,2273.223165294915,134433.10078017824,1740,15,564.425,35,5,20,32.9487468107459,0.644047619047619,42.93981481481481,1028.24074074074,29.378306878306855,0
1769,4,0,0,40,0.0,0.0,1.0,40,1050,700,350,0.6666666666666666,14,7,7,390.20043475228164,0.38787393162393163,0.2495639698435923,0.23414660794351952,132249.14969403707,2320.735141246557,134569.88483528362,1741,16,565.425,35,5,20,32.819122501031465,0.6449404761904762,42.85300925925925,1028.587962962962,29.388227513227484,0
1770,4,0,0,40,0.0,0.0,1.0,40,1550,1200,350,0.7741935483870968,19,12,7,390.84699595153154,0.3871394230769231,0.2517634154573072,0.234904594118537,132308.68115837182,2342.490113811723,134651.17127218354,1742,17,566.425,35,5,20,32.742364157948025,0.6455357142857143,42.795138888888886,1028.819444444444,29.394841269841255,0
1771,4,1,0,41,0.024390243902439025,0.0,1.0,41,1100,700,400,0.6363636363636364,15,7,8,384.8993736697844,0.38996443089430893,0.26285277755530756,0.2347945485914756,132867.4401177301,2028.26960057389,134895.709718304,1743,0,553.5853658536586,31,10,19,32.33192304453986,0.6606182795698924,42.25260416666667,1030.989583333334,33.25772849462368,0
1772,4,0,0,41,0.0,0.0,1.0,41,1650,1200,450,0.7272727272727273,21,12,9,380.55206001577983,0.38948170731707316,0.2556692168316861,0.23327013371259853,133048.52701573828,1926.3782075808715,134974.90522331916,1744,1,554.5853658536586,32,9,19,32.26170807326725,0.6598307291666666,42.07702020202021,1031.6919191919199,32.240372474747495,0
1773,4,0,0,41,0.0,0.0,1.0,41,900,400,500,0.4444444444444444,14,4,10,379.4700343762318,0.38915142276422765,0.25445098056253124,0.2330792968258385,133124.20590938564,1903.3293985486143,135027.53530793425,1745,2,555.5853658536586,33,8,19,32.21348909472351,0.6581439393939394,42.003676470588225,1031.9852941176457,31.272281639928657,0
1774,4,0,0,41,0.0,0.0,1.0,41,1250,900,350,0.72,16,9,7,353.8206139779241,0.38922764227642276,0.1898440271313242,0.2032453096495975,130578.91506371237,1040.7566825145418,131619.6717462269,1746,3,556.5853658536586,36,5,16,35.44122778022623,0.6261574074074074,44.48198198198198,1022.0720720720722,28.390890890890894,5
1775,4,0,0,41,0.0,0.0,1.0,41,1150,1000,150,0.8695652173913043,13,10,3,350.94699649222673,0.3892784552845528,0.19183983712978891,0.20234601112037517,130722.82745160689,975.3567334226002,131698.1841850295,1747,4,557.5853658536586,36,5,19,35.368947986638766,0.6276041666666667,44.34121621621621,1022.6351351351341,28.406531531531503,0
1776,4,0,0,41,0.0,0.0,1.0,41,1200,900,300,0.75,15,9,6,352.7875345950379,0.38971036585365854,0.1854362752400429,0.19241985154623373,128543.91289515882,869.7380234964867,129413.6509186553,1748,5,558.5853658536586,36,5,14,37.53701647233019,0.6056134259259258,46.480855855855864,1014.0765765765777,28.168793793793824,5
1777,4,2,2,41,0.046511627906976744,0.046511627906976744,0.9534883720930233,43,1050,600,450,0.5714285714285714,15,6,9,337.1540386959062,0.3975406053894426,0.17665318822605602,0.18581585193518738,128957.11343277463,95.68232248522241,129052.79575525985,1749,0,533.5581395348837,38,5,15,37.5124907962554,0.6060855263157894,46.073717948717956,1015.7051282051293,26.729082321187615,0
1778,4,1,0,42,0.023809523809523808,0.0,1.0,42,1150,900,250,0.782608695652174,14,9,5,328.0326508492947,0.3947323848238482,0.11297276112090948,0.17713763145861913,128144.53124999999,52.42130999342544,128196.95255999341,1750,0,547.2380952380952,37,5,19,38.57167352537724,0.5996621621621622,46.875,1012.4999999999999,27.364864864864863,4
1779,4,2,2,42,0.045454545454545456,0.045454545454545456,0.9545454545454546,44,1100,800,300,0.7272727272727273,14,8,6,316.4468592899166,0.40155919661733613,0.11917174621251037,0.17304188448200447,128645.99745008687,-658.0756293402733,127987.9218207466,1751,0,523.3181818181819,39,5,16,38.35448968066536,0.6012286324786325,46.380208333333336,1014.4791666666672,26.012286324786338,0
1780,4,4,3,43,0.08695652173913043,0.06521739130434782,0.9347826086956522,46,1150,600,550,0.5217391304347826,17,6,11,306.75011169801945,0.4067028985507246,0.11628514064748319,0.16956510491758311,129075.34490937587,-1281.2247063177065,127794.12020305816,1752,0,501.45652173913044,41,5,18,38.164579875687444,0.6023882113821137,45.95734126984127,1016.1706349206355,24.784649632210623,0
1781,4,0,0,43,0.0,0.0,1.0,43,1250,900,350,0.72,16,9,7,344.45805777034843,0.3962716869693614,0.17856809224562142,0.18308154472721758,127506.96277941298,184.22166211181354,127691.18444152479,1753,1,537.4418604651163,37,6,17,38.808105345058436,0.5931869369369368,47.505482456140356,1009.9780701754393,27.296704599336195,2
1782,4,1,1,43,0.022727272727272728,0.022727272727272728,0.9772727272727273,44,1450,1000,450,0.6896551724137931,19,10,9,335.65357724500626,0.4006782945736434,0.16379181181406155,0.17983029403391393,127828.32031249999,-218.79340277777817,127609.5269097222,1754,0,526.2045454545455,39,5,19,38.70175800027468,0.592948717948718,47.1875,1011.2499999999999,25.929487179487175,0
1783,4,1,1,43,0.022727272727272728,0.022727272727272728,0.9772727272727273,44,750,500,250,0.6666666666666666,10,5,5,338.54450745979784,0.3988834566596195,0.16666120469292722,0.18149799132673552,127854.65630425356,-143.1016710069397,127711.55463324662,1755,0,527.1818181818181,39,5,19,38.60174837779377,0.593215811965812,47.161458333333336,1011.3541666666674,25.93215811965814,0
1784,4,0,0,43,0.0,0.0,1.0,43,1250,1000,250,0.8,15,10,5,344.92808324713536,0.39594868955334067,0.17104585265327166,0.18443675195115414,127749.32861328122,212.86621093749966,127962.19482421872,1756,4,540.4418604651163,39,4,19,38.54810664605874,0.5921474358974359,47.265625,1010.9374999999998,25.921474358974354,0
1785,4,3,0,46,0.06521739130434782,0.0,1.0,46,1000,600,400,0.6,14,6,8,358.49218209065987,0.4059581320450885,0.22921667030329496,0.18481098656034772,126264.14497730038,-112.53945775386319,126151.60551954652,1757,0,506.1304347826087,37,9,19,39.73152592915849,0.5805180180180182,48.73903508771928,1005.0438596491202,27.163347558084332,8
1786,4,4,1,49,0.08,0.02,0.98,50,1150,800,350,0.6956521739130435,15,8,7,332.99470122365665,0.42208333333333337,0.24048522089204427,0.1753004453346396,127118.94729572977,-1525.8973472392338,125593.04994849053,1758,0,466.56,38,12,19,39.49482642935338,0.5874451754385968,47.889957264957246,1008.4401709401678,26.537899235267574,0
1787,4,1,1,49,0.02,0.02,0.98,50,1200,1000,200,0.8333333333333334,14,10,4,336.07767541391576,0.41953231292517007,0.24225987503971247,0.17739415812932352,127226.7094587804,-1448.3886469063145,125778.32081187409,1759,0,467.54,38,12,19,39.306673373574775,0.5885416666666669,47.78311965811964,1008.8675213675183,26.54914529914522,0
1788,4,3,3,49,0.057692307692307696,0.057692307692307696,0.9423076923076923,52,1700,1300,400,0.7647058823529411,21,13,8,325.0596536657996,0.42601495726495725,0.24789696683856932,0.17396549189462274,127784.6470871339,-2092.4733748099757,125692.17371232391,1760,0,450.5,40,12,17,39.01418065467219,0.5908854166666667,47.230691056910565,1011.077235772357,25.276930894308926,0
1789,4,5,3,51,0.09259259259259259,0.05555555555555555,0.9444444444444444,54,1400,1100,300,0.7857142857142857,17,11,6,314.7791054264409,0.42966020265548566,0.2425760598596387,0.1706380044587379,128298.92223750749,-2721.8238771564447,125577.09836035104,1761,0,434.68518518518516,40,14,19,38.74991640753002,0.59609375,46.72256097560976,1013.1097560975613,25.327743902439032,0
1790,4,1,2,50,0.019230769230769232,0.038461538461538464,0.9615384615384616,52,1100,700,400,0.6363636363636364,15,7,8,326.74252191719563,0.4254414906988437,0.25306966399728203,0.17621452413736804,128093.08824319195,-2029.308261451511,126063.77998174043,1762,0,452.38461538461536,40,12,19,38.65680319914332,0.5940104166666667,46.925813008130085,1012.2967479674802,25.307418699187004,0
1791,4,1,1,50,0.0196078431372549,0.0196078431372549,0.9803921568627451,51,1500,1200,300,0.8,18,12,6,333.4197169138312,0.42473856209150324,0.254910033177536,0.17957350163718358,128039.08420138924,-1661.848958333296,126377.23524305594,1763,0,462.1372549019608,39,12,19,38.54295320433649,0.59508547008547,46.979166666666686,1012.0833333333362,25.950854700854773,0
1792,4,1,1,50,0.0196078431372549,0.0196078431372549,0.9803921568627451,51,1450,1100,350,0.7586206896551724,18,11,7,374.70015771004955,0.42341503267973857,0.28447970184611004,0.19594481084274018,126847.86446127034,-591.4562723469136,126256.40818892342,1764,0,463.11764705882354,42,9,15,38.72242529177889,0.5783730158730158,48.15891472868217,1007.3643410852711,23.984865263935028,7
1793,4,7,5,52,0.12280701754385964,0.08771929824561403,0.9122807017543859,57,700,500,200,0.7142857142857143,9,5,4,348.76130132962476,0.43379281537176273,0.3077078562056821,0.18845517566566342,128170.89979383702,-2425.8823524751338,125745.01744136188,1765,0,415.17543859649123,39,18,17,38.02002966087166,0.5964209401709402,46.84895833333334,1012.6041666666683,25.964209401709443,0
1794,4,4,3,53,0.07142857142857142,0.05357142857142857,0.9464285714285714,56,1400,1000,400,0.7142857142857143,18,10,8,349.0999334048274,0.4328125,0.3028550119770157,0.188638157455716,128170.89979383702,-2251.1094835069234,125919.79031033009,1766,0,423.39285714285717,39,17,18,38.01145715461372,0.5964209401709402,46.84895833333334,1012.6041666666683,25.964209401709443,0
1795,4,1,3,51,0.018518518518518517,0.05555555555555555,0.9444444444444444,54,1150,700,450,0.6086956521739131,16,7,9,364.4023961335547,0.4280150826927556,0.3247356442005076,0.1964076940174678,128069.20750070883,-1466.2547831632407,126602.95271754559,1767,0,440.05555555555554,41,13,18,37.728180437126355,0.5922256097560974,46.94940476190477,1012.2023809523826,24.68786295005811,0
1796,4,2,2,51,0.03773584905660377,0.03773584905660377,0.9622641509433962,53,1350,1000,350,0.7407407407407407,17,10,7,368.9805539630938,0.42345488630865985,0.3185143937529944,0.19837810594989957,127968.81028163587,-1156.3994984567828,126812.41078317909,1768,0,449.0377358490566,41,12,18,37.71519675131549,0.5912093495934958,47.048611111111114,1011.8055555555561,24.67818428184283,0
1797,4,3,3,51,0.05555555555555555,0.05555555555555555,0.9444444444444444,54,1400,900,500,0.6428571428571429,19,9,10,371.0181434953366,0.4281169927789425,0.33752578971616276,0.20188715342050534,128450.01737313397,-1267.9397880971974,127182.07758503678,1769,0,441.6666666666667,37,17,16,37.170880656210564,0.602759009009009,46.5734649122807,1013.7061403508767,27.397463252726396,0
1798,4,4,0,55,0.07272727272727272,0.0,1.0,55,1200,800,400,0.6666666666666666,16,8,8,364.3936374291677,0.4313973063973064,0.3553367994494996,0.20151815576896737,129092.79348381894,-1591.881483307788,127500.91200051115,1770,0,434.23636363636365,38,17,20,36.682392416596585,0.6074561403508772,45.94017094017093,1016.2393162393147,26.743139901034596,0
1799,4,2,2,55,0.03508771929824561,0.03508771929824561,0.9649122807017544,57,1350,1200,150,0.8888888888888888,15,12,3,352.7773740247718,0.4356203007518797,0.35563578549899066,0.1980788859806932,129690.63321827729,-2249.524481335393,127441.1087369419,1771,0,419.96491228070175,38,19,17,36.36917872876023,0.6134868421052633,45.352564102564095,1018.5897435897423,26.80499325236164,0
1800,4,2,4,53,0.03508771929824561,0.07017543859649122,0.9298245614035088,57,2050,1700,350,0.8292682926829268,24,17,7,353.73069390812844,0.43486319966583126,0.3708044370374357,0.20017476840234513,129996.88042534697,-2203.222656250026,127793.65776909694,1772,0,420.8421052631579,39,18,19,36.033792986040176,0.6148504273504274,45.05208333333332,1019.7916666666646,26.14850427350422,0
1801,4,5,1,57,0.08620689655172414,0.017241379310344827,0.9827586206896551,58,1300,900,400,0.6923076923076923,17,9,8,348.52818788754763,0.43521879411171605,0.38640273524988333,0.19941819296186994,130426.23325525982,-2508.013719386904,127918.21953587292,1773,0,414.3965517241379,38,20,23,35.73109507373706,0.6208881578947367,44.63141025641026,1021.47435897436,26.88090418353579,0
1802,4,0,0,57,0.0,0.0,1.0,57,1050,600,450,0.5714285714285714,15,6,9,355.68513119533503,0.4336361737677527,0.3911206587898315,0.20265780730897018,130262.58680555565,-2133.5069444444352,128129.07986111121,1774,1,422.6666666666667,39,18,23,35.714285714285715,0.6175213675213675,44.79166666666667,1020.8333333333342,26.175213675213698,0
1803,4,2,3,56,0.03389830508474576,0.05084745762711865,0.9491525423728814,59,1850,1100,750,0.5945945945945946,26,11,15,336.3808958570997,0.43745129553867135,0.373517769924556,0.19450582875321212,130833.79937743742,-2998.001871405905,127835.79750603151,1775,0,409.3050847457627,40,19,17,35.629201019833786,0.6216145833333333,44.232723577235774,1023.0691056910573,25.57672764227643,0
1804,4,0,1,55,0.0,0.017857142857142856,0.9821428571428571,56,1400,1000,400,0.7142857142857143,18,10,8,340.7871937198706,0.4310606060606061,0.2958403595660779,0.19166384826095578,129755.56456790907,-2355.2609680648948,127400.30359984418,1776,1,432.1607142857143,43,13,18,36.608595129658895,0.6063468992248062,45.28882575757575,1018.8446969696959,23.694062720225485,6
1805,4,0,0,55,0.0,0.0,1.0,55,1400,900,500,0.6428571428571429,19,9,10,340.76500450825034,0.43010662177328846,0.3077651695200898,0.19219877117545758,129867.21543364269,-2149.1595494561757,127718.05588418651,1777,2,440.74545454545455,42,13,19,36.49586462591502,0.6088789682539684,45.17926356589147,1019.2829457364331,24.26864156515317,0
1806,4,1,1,55,0.017857142857142856,0.017857142857142856,0.9821428571428571,56,1100,700,400,0.6363636363636364,15,7,8,333.14284208550043,0.4313311688311688,0.3133912367124707,0.18923887215372234,130144.46159122081,-2528.6608367626923,127615.80075445812,1778,0,433.85714285714283,44,12,20,36.409180278281916,0.6089015151515152,44.907407407407405,1020.37037037037,23.19023569023568,0
1807,4,1,0,56,0.017857142857142856,0.0,1.0,56,1150,600,550,0.5217391304347826,17,6,11,335.096478642724,0.4312297077922078,0.31843321107813494,0.1906953270045814,130215.33028978038,-2473.0602709190835,127742.2700188613,1779,0,434.7857142857143,44,12,21,36.287572953521405,0.6096117424242424,44.837962962962955,1020.648148148147,23.196548821548795,0
1808,4,0,0,56,0.0,0.0,1.0,56,1700,1200,500,0.7058823529411765,22,12,10,336.35985006247387,0.4310267857142857,0.31654518950437294,0.19164689131466547,130262.58680555563,-2436.936299725641,127825.65050583,1780,1,435.7857142857143,39,17,21,36.207482993197274,0.6175213675213675,44.79166666666667,1020.833333333334,26.175213675213694,0
1809,4,0,1,55,0.0,0.017857142857142856,0.9821428571428571,56,1300,900,400,0.6923076923076923,17,9,8,336.85580912730546,0.4300595238095238,0.31591206276560846,0.19269992814675885,130418.24811826646,-2413.5711010311147,128004.67701723534,1781,2,436.7857142857143,40,16,21,36.03725168308295,0.6174479166666667,44.63922764227643,1021.4430894308961,25.536077235772403,0
1810,4,0,0,55,0.0,0.0,1.0,55,1950,1600,350,0.8205128205128205,23,16,7,329.5488838154117,0.43034511784511786,0.2839368222936254,0.18131106624692991,128888.68375695894,-2425.606120706006,126463.07763625293,1782,3,445.03636363636366,43,12,15,37.775206720756,0.5976259689922481,46.14109848484849,1015.4356060606073,23.614781536293194,8
1811,4,2,2,55,0.03508771929824561,0.03508771929824561,0.9649122807017544,57,2100,1600,500,0.7619047619047619,26,16,10,319.6753875047632,0.4343802213868004,0.29659016329209376,0.17836094050499424,129442.18911415298,-3123.3458519857577,126318.84326216723,1783,0,430.3859649122807,43,14,13,37.46394007072399,0.6031976744186046,45.596590909090914,1017.613636363637,23.665433403805512,0
1812,4,1,1,55,0.017857142857142856,0.017857142857142856,0.9821428571428571,56,1950,1100,850,0.5641025641025641,28,11,17,326.29443018113574,0.433001893939394,0.3000662949615831,0.18242272427103953,129521.75842985704,-2747.5543274142124,126774.20410244283,1784,0,438.98214285714283,42,14,13,37.21481834047279,0.605406746031746,45.51841085271318,1017.9263565891478,24.236341823551136,0
1813,4,0,0,55,0.0,0.0,1.0,55,1800,1300,500,0.7222222222222222,23,13,10,336.66427276768934,0.4314534231200898,0.31338649654439177,0.18813591713488517,129504.14540816324,-2280.116213151931,127224.0291950113,1785,2,447.96363636363634,41,14,13,36.96881091617935,0.6067073170731707,45.535714285714285,1017.8571428571427,24.825783972125432,0
1814,4,0,0,55,0.0,0.0,1.0,55,2000,1500,500,0.75,25,15,10,335.0602716650232,0.43162177328844,0.3051975825197588,0.18797982377450828,129659.10099754644,-2311.2772791838856,127347.82371836256,1786,3,448.96363636363634,43,12,13,36.85233612273362,0.6053779069767442,45.38352272727273,1018.4659090909087,23.685253699788575,0
1815,4,1,0,56,0.017857142857142856,0.0,1.0,56,1600,1200,400,0.75,20,12,8,327.19313777098995,0.4334483225108225,0.2990078103714471,0.1848498532578946,129931.97123628239,-2697.4301268861614,127234.54110939623,1787,0,441.92857142857144,44,12,15,36.77610268519359,0.6067708333333335,45.11574074074073,1019.5370370370356,23.171296296296262,0
1816,4,0,1,55,0.0,0.017857142857142856,0.9821428571428571,56,1000,800,200,0.8,12,8,4,326.32654928399984,0.4333806818181818,0.3038886069525508,0.18483083224033361,130031.52239550493,-2713.452399705962,127318.06999579897,1788,1,442.92857142857144,45,11,15,36.69738010657194,0.6064814814814815,45.01811594202898,1019.9275362318823,22.665056360708494,0
1817,4,1,1,55,0.017857142857142856,0.017857142857142856,0.9821428571428571,56,1800,1400,400,0.7777777777777778,22,14,8,329.317748998138,0.4354437229437229,0.32303516363919016,0.18774857809997286,130286.21827846383,-2618.682057113985,127667.53622134984,1789,0,424.57142857142856,44,12,16,36.36329282302436,0.6103219696969697,44.768518518518526,1020.9259259259273,23.202861952861983,0
1818,4,2,1,56,0.03508771929824561,0.017543859649122806,0.9824561403508771,57,1400,900,500,0.6428571428571429,19,9,10,319.38896507848494,0.438296261487051,0.331747009482962,0.18411552784509352,130715.47681360335,-3050.1838281525147,127665.29298545084,1790,0,417.6666666666667,46,11,14,36.18317439676347,0.6120923913043477,44.348404255319146,1022.6063829787226,22.23057354301571,0
1819,4,0,2,54,0.0,0.03571428571428571,0.9642857142857143,56,1200,900,300,0.75,15,9,6,321.9005194403757,0.4356737012987013,0.33206060989497654,0.18561066723604916,130725.33097694817,-2783.8896109010648,127941.4413660471,1791,1,426.125,45,11,15,36.10901978151755,0.6134259259259258,44.33876811594203,1022.6449275362323,22.725442834138498,0
1820,4,0,0,54,0.0,0.0,1.0,54,1550,1100,450,0.7096774193548387,20,11,9,328.8187113608352,0.4321861169345446,0.3322922348114534,0.18934696675002313,130673.7575058108,-2206.404689652214,128467.35281615859,1792,2,442.2037037037037,43,11,15,35.9842433083264,0.6155523255813955,44.38920454545454,1022.4431818181806,23.777748414376294,0
1821,4,1,0,55,0.01818181818181818,0.0,1.0,55,1350,900,450,0.6666666666666666,18,9,9,325.80817925711204,0.4327441077441077,0.3354296884426966,0.1891093083607921,130980.18999586478,-2465.1165557393406,128515.07344012544,1793,0,435.1454545454545,45,10,16,35.75190617349498,0.6159722222222221,44.08967391304348,1023.6413043478257,22.747584541062793,0
1822,4,0,2,53,0.0,0.03636363636363636,0.9636363636363636,55,1050,700,350,0.6666666666666666,14,7,7,322.6872026272775,0.43281425364758697,0.3341928530639495,0.18752357076072584,131026.55466452689,-2543.8815210827534,128482.67314344413,1794,1,436.1454545454545,45,10,16,35.78502388746351,0.6164351851851853,44.044384057971016,1023.822463768116,22.751610305958135,0
1823,4,0,0,53,0.0,0.0,1.0,53,1400,800,600,0.5714285714285714,20,8,12,329.840868828402,0.42844400096758584,0.32453179433001855,0.1908907652753553,130867.47378795058,-1966.9117488808479,128900.56203906974,1795,2,453.0188679245283,43,10,16,35.76247493444393,0.6174903100775193,44.19981060606061,1023.2007575757581,23.79536645525019,0
1824,4,0,0,53,0.0,0.0,1.0,53,1150,700,450,0.6086956521739131,16,7,9,331.9885505375763,0.4282474600870827,0.31988716600596656,0.19261751168870986,130964.38573411679,-1904.2646816173012,129060.12105249948,1796,3,454.0188679245283,43,10,16,35.609696394979515,0.6184593023255813,44.10511363636364,1023.5795454545458,23.804175475687114,0
1825,4,0,0,53,0.0,0.0,1.0,53,1300,800,500,0.6153846153846154,18,8,10,330.0074873321306,0.4280055636187712,0.3087814792522616,0.19219337509407625,131109.82090973668,-1946.5554874024258,129163.26542233425,1797,4,455.0188679245283,43,10,16,35.513657728463556,0.6199127906976744,43.96306818181819,1024.1477272727282,23.817389006342516,0
1826,4,0,0,53,0.0,0.0,1.0,53,950,600,350,0.631578947368421,13,6,7,329.31981110605335,0.42794508950169324,0.3070084849838113,0.19191395888594182,131134.06795225004,-1962.9907024793115,129171.07724977074,1798,5,456.0188679245283,43,10,16,35.506810897435884,0.6201550387596898,43.93939393939395,1024.2424242424263,23.819591261451773,0
1827,4,0,0,53,0.0,0.0,1.0,53,900,400,500,0.4444444444444444,14,4,10,329.1969199585126,0.4275217706821481,0.3099787759828534,0.19220623189590666,131206.82253106358,-1961.423629046131,129245.39890201745,1799,6,457.0188679245283,43,10,16,35.43659688202852,0.6208817829457364,43.86837121212122,1024.5265151515162,23.826198026779444,0
1828,4,0,1,52,0.0,0.018867924528301886,0.9811320754716981,53,1250,800,450,0.64,17,8,9,330.247840976466,0.42727987421383645,0.3105615399768833,0.19330840361753884,131303.86002245467,-1927.436743141644,129376.42327931302,1800,7,458.0188679245283,43,10,16,35.311855154147025,0.6218507751937985,43.77367424242424,1024.9053030303032,23.835007047216354,0
1829,4,0,0,52,0.0,0.0,1.0,52,1600,1000,600,0.625,22,10,12,331.20756046479,0.4270283433886375,0.30432301586147803,0.19449713678348535,131427.46548434583,-1694.0437138928692,129733.42177045296,1801,8,435.71153846153845,42,10,16,35.162697662697674,0.6245039682539681,43.6531007751938,1025.3875968992245,24.413990402362487,0
1830,4,0,2,50,0.0,0.038461538461538464,0.9615384615384616,52,1300,900,400,0.6923076923076923,17,9,8,332.78716629290807,0.4271226118652589,0.3093926666569782,0.19593353405877223,131526.84352653087,-1645.910890271016,129880.93263625985,1802,9,436.71153846153845,42,10,16,35.02208105044398,0.6254960317460316,43.5562015503876,1025.7751937984497,24.423218899963086,0
1831,4,0,0,50,0.0,0.0,1.0,50,800,500,300,0.625,11,5,6,338.49839443074785,0.4240221088435374,0.30845037724898416,0.19905554047924195,131480.69905045364,-1098.798894557813,130381.90015589583,1803,10,449.24,41,9,16,34.92213194041401,0.6265243902439024,43.60119047619048,1025.595238095239,25.0145180023229,0
1832,4,2,0,52,0.038461538461538464,0.0,1.0,52,800,400,400,0.5,12,4,8,329.7801686158448,0.42687908496732024,0.31742202400788444,0.19625809376375772,131935.47804931426,-1698.059160497004,130237.41888881725,1804,0,432.9230769230769,43,9,16,34.68800887946663,0.6281492248062015,43.158143939393945,1027.367424242425,23.892265680056394,0
1833,4,0,0,52,0.0,0.0,1.0,52,1600,1300,300,0.8125,19,13,6,332.84608421126694,0.4267376822523881,0.3210255465139358,0.19846404977256438,132008.4545741507,-1612.3005624425953,130396.1540117081,1805,1,433.9230769230769,43,9,17,34.53587664332226,0.6288759689922481,43.08712121212122,1027.6515151515162,23.898872445384097,0
1834,4,1,2,51,0.018867924528301886,0.03773584905660377,0.9622641509433962,53,1400,800,600,0.5714285714285714,20,8,12,329.95131865790313,0.4279299709724238,0.3267893972958522,0.19877555050854132,132398.00347222202,-1861.299070247955,130536.70440197406,1806,0,426.7169811320755,41,12,17,34.21896086369769,0.6356707317073171,42.70833333333332,1029.166666666665,25.10162601626012,0
1835,4,0,0,51,0.0,0.0,1.0,51,1100,600,500,0.5454545454545454,16,6,10,338.06321329417153,0.4249836601307189,0.32763739623805876,0.20258977316154916,132198.62768350734,-1261.7014264467548,130936.92625706058,1807,3,444.19607843137254,42,9,17,34.210598636891845,0.6321924603174605,42.90213178294572,1028.391472868215,24.485511258767026,0
1836,4,1,1,51,0.019230769230769232,0.019230769230769232,0.9807692307692307,52,1450,1000,450,0.6896551724137931,19,10,9,334.44569071956016,0.42694978632478636,0.32660414610069144,0.2019031494034053,132476.45767235098,-1538.3132278691462,130938.14444448183,1808,0,436.63461538461536,40,12,17,34.02455577492596,0.6380208333333335,42.632113821138205,1029.471544715446,25.736788617886152,0
1837,4,0,1,50,0.0,0.0196078431372549,0.9803921568627451,51,1450,1200,250,0.8275862068965517,17,12,5,339.7859332229672,0.42516339869281045,0.3302373581011355,0.20470030611237278,132398.00347222216,-1202.604166666677,131195.39930555547,1809,5,446.19607843137254,39,12,17,33.96592442645074,0.6388888888888891,42.70833333333333,1029.166666666666,26.388888888888875,0
1838,4,0,1,49,0.0,0.02,0.98,50,1500,1000,500,0.6666666666666666,20,10,10,338.5594220353922,0.42525510204081635,0.3188911371914205,0.20454286842284933,132505.23003472213,-1027.8211805555597,131477.40885416657,1810,6,448.74,39,11,17,33.88978820990154,0.639957264957265,42.604166666666664,1029.5833333333328,26.399572649572637,0
1839,4,0,0,49,0.0,0.0,1.0,49,1050,700,350,0.6666666666666666,14,7,7,336.65277716348925,0.42485119047619047,0.3171359309311732,0.20408567878762704,132633.43578557725,-869.7170996100269,131763.71868596724,1811,7,452.9795918367347,40,9,16,33.810181531176006,0.6395833333333334,42.479674796747965,1030.0813008130074,25.752032520325184,0
1840,4,0,1,48,0.0,0.02040816326530612,0.9795918367346939,49,1250,900,350,0.72,16,9,7,336.62864701292307,0.42417800453514737,0.3137757617591961,0.20478410973953506,132764.32188388176,-861.5451905281416,131902.7766933536,1812,8,453.9795918367347,40,9,16,33.679494132728514,0.6408854166666667,42.352642276422756,1030.5894308943075,25.76473577235769,0
1841,4,0,1,47,0.0,0.020833333333333332,0.9791666666666666,48,1550,1200,350,0.7741935483870968,19,12,7,323.22898255428277,0.4236295803782506,0.2680521793443398,0.1937607616732503,132210.46142578122,-1049.384913765057,131161.07651201615,1813,9,461.2291666666667,39,9,16,34.58010483135826,0.6370192307692308,42.890625,1028.4374999999998,26.370192307692303,3
1842,4,0,1,46,0.0,0.02127659574468085,0.9787234042553191,47,1550,1300,250,0.8387096774193549,18,13,5,327.2532912992744,0.4225447116867098,0.2634346220404056,0.19629080594006923,132233.12428090058,-745.2549720578698,131487.8693088427,1814,10,471.8510638297872,38,9,18,34.45387971330633,0.6389802631578948,42.86858974358974,1028.5256410256397,27.066464237516836,0
1843,4,0,1,45,0.0,0.021739130434782608,0.9782608695652174,46,1500,1100,400,0.7333333333333333,19,11,8,331.90630896228276,0.4219806763285024,0.26689077831008734,0.19937154391751838,132288.07259706687,-418.5508209146085,131869.52177615225,1815,11,478.8695652173913,38,8,19,34.27904420673659,0.6395285087719298,42.81517094017094,1028.7393162393155,27.072087269455672,0
1844,4,2,2,45,0.0425531914893617,0.0425531914893617,0.9574468085106383,47,1050,800,250,0.7619047619047619,13,8,5,330.02521051140286,0.42462611779216775,0.27430177209382367,0.20072025098316462,132755.5941358024,-637.4157626561562,132118.17837314625,1816,0,467.72340425531917,38,9,17,33.85837825696316,0.6441885964912281,42.36111111111111,1030.555555555555,27.119883040935658,0
1845,4,0,0,45,0.0,0.0,1.0,45,1150,800,350,0.6956521739130435,15,8,7,338.2700847423709,0.4240530303030303,0.2675561232938284,0.2050134952303118,132623.79410010777,-27.46758618035733,132596.3265139274,1817,1,471.22222222222223,37,8,20,33.7782094954226,0.6447072072072071,42.4890350877193,1030.043859649123,27.839023233760084,0
1846,4,0,0,45,0.0,0.0,1.0,45,1000,600,400,0.6,14,6,8,340.2448148943048,0.4238846801346801,0.27321179447163724,0.20683187389241095,132736.76155163112,32.59897276083541,132769.36052439196,1818,2,472.22222222222223,37,8,17,33.613978151379726,0.6458333333333334,42.379385964912274,1030.4824561403498,27.850877192982427,0
1847,4,0,0,45,0.0,0.0,1.0,45,900,500,400,0.5555555555555556,13,5,8,339.7351367228979,0.42386363636363633,0.27282807863720726,0.20667770550540548,132765.01092884337,20.987827985520312,132785.9987568289,1819,3,473.22222222222223,37,8,17,33.59876493953257,0.6461148648648649,42.35197368421052,1030.592105263157,27.85384068278803,0
1848,4,0,0,45,0.0,0.0,1.0,45,1050,800,250,0.7619047619047619,13,8,5,341.30294881622723,0.42350589225589225,0.2764780944279033,0.20841642406933764,132906.30290089257,72.26261926746383,132978.56552016002,1820,4,474.22222222222223,37,8,17,33.416631220757125,0.6475225225225225,42.21491228070175,1031.1403508771928,27.86865813181602,0
1849,4,0,1,44,0.0,0.022222222222222223,0.9777777777777777,45,1300,1100,200,0.8461538461538461,15,11,4,341.2223677739355,0.42329545454545453,0.28071294426136606,0.2088405213825251,132991.11415291243,75.90857283010394,133067.02272574254,1821,5,475.22222222222223,37,8,17,33.3336655327593,0.648367117117117,42.13267543859649,1031.469298245614,27.87754860123281,0
1850,4,0,0,44,0.0,0.0,1.0,44,1400,1100,300,0.7857142857142857,17,11,6,344.7597120114556,0.4217208421423538,0.2789571842387204,0.21175455769926138,133123.3513919325,379.1136575764909,133502.465049509,1822,6,476.29545454545456,36,8,17,33.10985923177651,0.6516203703703705,42.0045045045045,1031.981981981982,28.666166166166168,0
1851,4,0,0,44,0.0,0.0,1.0,44,600,400,200,0.6666666666666666,8,4,4,344.94666788538126,0.421599718111346,0.284094627963942,0.21236575584320286,133210.52629910313,390.1054348267162,133600.63173392985,1823,7,477.29545454545456,36,8,18,33.017662994072936,0.6524884259259259,41.92004504504504,1032.3198198198197,28.675550550550547,0
1852,4,1,0,45,0.022222222222222223,0.0,1.0,45,650,400,250,0.6153846153846154,9,4,5,328.17595011536787,0.4237584175084175,0.15571567200388192,0.20094195876047907,133007.16256797325,-263.3410437464605,132743.8215242268,1824,0,467.6666666666667,36,9,19,33.6540211062591,0.650462962962963,42.11711711711711,1031.5315315315306,28.653653653653627,6
1853,4,0,0,45,0.0,0.0,1.0,45,900,500,400,0.5555555555555556,13,5,8,328.09833896298363,0.4230639730639731,0.14733345456749714,0.2016781540305661,133152.4065239224,-262.5833181154352,132889.82320580696,1825,1,468.6666666666667,36,9,20,33.51063829787234,0.6519097222222223,41.97635135135134,1032.0945945945932,28.669294294294257,0
1854,4,0,0,45,0.0,0.0,1.0,45,1450,1200,250,0.8275862068965517,17,12,5,331.26218875815687,0.42321127946127945,0.14545410469922326,0.20394093246111647,133210.52629910313,-174.47789850661806,133036.0484005965,1826,2,469.6666666666667,36,9,20,33.370831969746554,0.6524884259259259,41.92004504504504,1032.3198198198197,28.675550550550547,0
1855,4,0,1,44,0.0,0.022222222222222223,0.9777777777777777,45,1300,1200,100,0.9230769230769231,14,12,2,331.35042619102416,0.42300084175084174,0.1410065831386711,0.20449923419836583,133302.3201850569,-166.043878885813,133136.2763061711,1827,3,470.6666666666667,37,8,20,33.276704183478444,0.6514639639639639,41.83114035087719,1032.675438596491,27.91014698909435,0
1856,4,0,0,44,0.0,0.0,1.0,44,1250,1000,250,0.8,15,10,5,327.4854397915074,0.4233835447498238,0.13484754463656046,0.20258840162150296,133389.43591798187,-63.38038297170648,133326.05553501018,1828,4,477.15909090909093,38,6,20,33.289378425897176,0.6504934210526314,41.74679487179488,1033.0128205128226,27.184547908232172,0
1857,4,0,0,44,0.0,0.0,1.0,44,800,400,400,0.5,12,4,8,328.2919362118455,0.42296511627906974,0.13123966041586188,0.20370081802678205,133501.3153990139,-34.46757193183471,133466.84782708206,1829,5,478.15909090909093,36,8,20,33.15671424939158,0.6553819444444444,41.638513513513516,1033.4459459459463,28.706831831831842,0
1858,4,0,0,44,0.0,0.0,1.0,44,1200,700,500,0.5833333333333334,17,7,10,328.46198755464434,0.422568710359408,0.12668350168350195,0.20428733372301056,133588.61395178962,-24.243669345016627,133564.3702824446,1830,6,479.15909090909093,36,8,20,33.06508714596951,0.65625,41.554054054054056,1033.7837837837837,28.716216216216214,0
1859,4,0,0,44,0.0,0.0,1.0,44,900,500,400,0.5555555555555556,13,5,8,328.6703261390816,0.42208421423537706,0.12287179284130523,0.20506170348242697,133705.05640775908,-11.023100803507532,133694.03330695556,1831,7,480.15909090909093,36,8,15,32.943388864692224,0.6574074074074074,41.44144144144144,1034.234234234234,28.728728728728722,0
1860,4,0,0,44,0.0,0.0,1.0,44,1600,1200,400,0.75,20,12,8,325.05721141261847,0.4215556730091614,0.11750411821938811,0.20355440637696604,133840.71451071478,-98.82211353494179,133741.89239717985,1832,8,481.15909090909093,37,7,15,32.9014119953375,0.6568130630630631,41.310307017543856,1034.758771929824,27.966453295400648,0
1861,4,0,0,44,0.0,0.0,1.0,44,1250,1000,250,0.8,15,10,5,324.40113518130926,0.42109319943622264,0.12415401499908518,0.2040852711203932,134010.95920138882,-105.33854166667653,133905.62065972213,1833,9,482.15909090909093,37,7,17,32.74857478202548,0.6585022522522523,41.14583333333333,1035.416666666666,27.98423423423422,0
1862,4,0,1,43,0.0,0.022727272727272728,0.9772727272727273,44,1100,800,300,0.7272727272727273,14,8,6,327.60541053270066,0.42050960183227626,0.1243264567777691,0.20689945980701566,134152.9124345951,-10.156009541411478,134142.7564250537,1834,10,483.15909090909093,37,7,17,32.524079170194746,0.6599099099099099,41.008771929824555,1035.9649122807007,27.99905168326218,0
1863,4,0,2,41,0.0,0.046511627906976744,0.9534883720930233,43,1350,1200,150,0.8888888888888888,15,12,3,337.46974368873015,0.4196659283868586,0.12721301860414536,0.21306686150944612,134142.16739966327,453.7845700430273,134595.9519697063,1835,11,493.8837209302326,36,7,17,32.27932383954777,0.6617476851851851,41.01914414414415,1035.9234234234243,28.775650650650675,0
1864,4,0,0,41,0.0,0.0,1.0,41,900,400,500,0.4444444444444444,14,4,10,352.3095314035592,0.41471036585365856,0.141431994030085,0.22099416060768726,133903.12500000012,1235.0694444444594,135138.19444444458,1836,32,518.2439024390244,34,7,18,32.133990874932906,0.6636029411764706,41.25000000000001,1035.000000000001,30.44117647058826,0
1865,4,0,0,41,0.0,0.0,1.0,41,650,500,150,0.7692307692307693,8,5,3,352.2246629681814,0.41471036585365856,0.14359247675282938,0.22112588046991627,133933.93034297065,1234.9666950113517,135168.897037982,1837,33,519.2439024390244,34,7,19,32.105376653248996,0.6639093137254901,41.2202380952381,1035.1190476190486,30.44467787114849,0
1866,4,0,0,41,0.0,0.0,1.0,41,1450,1200,250,0.8275862068965517,17,12,5,352.9528339278637,0.4141260162601626,0.1357443229604709,0.22251374312843578,134088.01020408171,1265.3486394557913,135353.3588435375,1838,34,520.2439024390244,34,7,19,31.932471264367816,0.6654411764705882,41.07142857142858,1035.7142857142862,30.462184873949596,0
1867,4,0,0,41,0.0,0.0,1.0,41,1250,800,450,0.64,17,8,9,355.28178884344726,0.41303353658536585,0.13535604524946088,0.22461035125187445,134190.77932098764,1335.1080246913557,135525.887345679,1839,35,521.2439024390244,35,6,19,31.769436997319026,0.6642857142857144,40.97222222222222,1036.111111111111,29.6031746031746,0
1868,4,0,0,41,0.0,0.0,1.0,41,1200,800,400,0.6666666666666666,16,8,8,353.03489191141085,0.41252540650406505,0.12506909706810565,0.22410584882002177,134340.7215175969,1285.3924200531574,135626.11393765005,1840,36,522.2439024390244,35,6,20,31.677854378326074,0.6657738095238095,40.8275462962963,1036.689814814815,29.619708994709,0
1869,4,0,0,41,0.0,0.0,1.0,41,1400,1100,300,0.7857142857142857,17,11,6,351.9013073979591,0.4127286585365854,0.1261541811846687,0.22393719561688308,134430.7270233196,1261.2697187928661,135691.99674211247,1841,37,523.2439024390244,35,6,20,31.617373511904773,0.6666666666666666,40.74074074074074,1037.037037037037,29.629629629629626,0
1870,4,0,1,40,0.0,0.024390243902439025,0.975609756097561,41,1050,600,450,0.5714285714285714,15,6,9,349.1879163239304,0.4122205284552845,0.1281222450778725,0.22294305426835537,134550.78124999988,1196.7549725651434,135747.53622256502,1842,38,524.2439024390244,34,7,21,31.56793842034806,0.6700367647058825,40.62499999999999,1037.499999999999,30.514705882352914,0
1871,4,0,0,40,0.0,0.0,1.0,40,750,600,150,0.8,9,6,3,352.48175491700874,0.4122195512820513,0.12285476654812433,0.2254279866186031,134612.54428854852,1489.6931689342098,136102.23745748273,1843,39,528.125,34,6,21,31.420882566632258,0.6706495098039217,40.565476190476176,1037.7380952380934,30.521708683473335,0
1872,4,0,0,40,0.0,0.0,1.0,40,1300,900,400,0.6923076923076923,17,9,8,350.56742895237346,0.41201923076923075,0.12077884835971542,0.22439404152766432,134643.43112244873,1440.3202947845489,136083.7514172333,1844,40,529.125,34,6,21,31.43974153093217,0.6709558823529413,40.53571428571427,1037.8571428571408,30.525210084033553,0
1873,4,0,0,40,0.0,0.0,1.0,40,1200,1000,200,0.8333333333333334,14,10,4,349.84598763738626,0.4108573717948718,0.12438101788170552,0.22507790532068966,134828.826530612,1433.8647959183322,136262.69132653033,1845,41,530.125,34,6,17,31.273641678129298,0.672794117647059,40.35714285714284,1038.5714285714264,30.546218487394896,0
1874,4,0,1,39,0.0,0.025,0.975,40,700,600,100,0.8571428571428571,8,6,2,350.24896432019,0.41008279914529916,0.11287809349220912,0.22610746749901003,134952.49433106557,1453.394274376394,136405.88860544196,1846,42,531.125,34,6,17,31.13996142682553,0.6740196078431373,40.23809523809523,1039.0476190476177,30.560224089635813,0
1875,4,0,0,39,0.0,0.0,1.0,39,1400,1300,100,0.9285714285714286,15,13,2,358.2913826223381,0.4073605488079172,0.1217472315738215,0.23096852094977627,134900.6560727844,1866.7485161956822,136767.40458898008,1847,57,544.6666666666666,33,6,18,30.982732688451108,0.6758207070707072,40.287990196078425,1038.8480392156855,31.48024361259653,0
1876,4,0,0,39,0.0,0.0,1.0,39,950,600,350,0.631578947368421,13,6,7,361.7012281950873,0.40685447593342333,0.12268988872762465,0.23378250115048305,134996.15532487494,1965.6550365243986,136961.81036139934,1848,58,545.6666666666666,33,6,19,30.798938679245282,0.6767676767676768,40.19607843137254,1039.215686274509,31.491384432560878,0
1877,4,0,0,39,0.0,0.0,1.0,39,950,700,250,0.7368421052631579,12,7,5,363.54953037678763,0.40651709401709407,0.12070337388097618,0.2356999293823672,135107.15880102044,2023.628826530615,137130.78762755106,1849,59,546.6666666666666,34,5,19,30.640243902439025,0.6755514705882353,40.089285714285715,1039.6428571428573,30.57773109243698,0
1878,4,0,0,39,0.0,0.0,1.0,39,1000,700,300,0.7,13,7,6,365.045611439842,0.40620782726045884,0.12347961867192625,0.23727964743589755,135200.00000000015,2070.833333333348,137270.8333333335,1850,60,547.6666666666666,34,5,19,30.508814102564106,0.676470588235294,40.00000000000001,1040.0000000000011,30.58823529411768,0
1879,4,0,0,39,0.0,0.0,1.0,39,1300,1000,300,0.7692307692307693,16,10,6,367.649043777712,0.4053362573099415,0.12184179041452614,0.24062299691559247,135447.73242630393,2159.4458616780144,137607.17828798195,1851,61,548.6666666666666,34,5,19,30.194276075022874,0.678921568627451,39.761904761904766,1040.9523809523816,30.61624649859946,0
1880,4,0,0,39,0.0,0.0,1.0,39,650,300,350,0.46153846153846156,10,3,7,369.1438574250972,0.4057017543859649,0.1227212094264114,0.24204213858572715,135513.14407578882,2204.768947187933,137717.91302297675,1852,62,549.6666666666666,35,4,19,30.09022528531199,0.6773809523809524,39.699074074074076,1041.2037037037042,29.74867724867726,0
1881,4,0,0,39,0.0,0.0,1.0,39,1000,800,200,0.8,12,8,4,367.70553189206646,0.404661493477283,0.12235964241449326,0.242121227207485,135664.68431122456,2176.984564401897,137841.66887562646,1853,63,550.6666666666666,34,5,19,29.976812173846785,0.6810661764705882,39.55357142857143,1041.785714285715,30.640756302521027,0
1882,4,0,0,39,0.0,0.0,1.0,39,850,300,550,0.35294117647058826,14,3,11,366.12943555224274,0.40426788124156543,0.12092557277065463,0.2415019554927492,135726.70245181408,2138.708191609981,137865.41064342405,1854,64,551.6666666666666,34,5,19,29.95615788872387,0.6816789215686274,39.49404761904762,1042.0238095238096,30.64775910364146,0
1883,4,0,0,39,0.0,0.0,1.0,39,1150,900,250,0.782608695652174,14,9,5,367.3724430116027,0.4037336932073774,0.1185707090229704,0.24295416246296017,135819.75623582766,2179.2871315192756,137999.04336734695,1855,65,552.6666666666666,34,5,19,29.83121097913812,0.6825980392156863,39.404761904761905,1042.3809523809525,30.658263305322134,0
1884,4,0,0,39,0.0,0.0,1.0,39,1150,600,550,0.5217391304347826,17,6,11,347.2785585076429,0.4037899235267656,0.09049185789846326,0.2256944044910686,135194.1442075522,1590.0055038146331,136784.14971136683,1856,66,553.6666666666666,36,3,18,30.976583649160805,0.6721643518518519,40.005630630630634,1039.977477477478,28.88826326326328,3
1885,4,0,0,39,0.0,0.0,1.0,39,1350,1100,250,0.8148148148148148,16,11,5,344.9207624915509,0.40350877192982454,0.0913895226517012,0.22470930916057466,135281.99440995054,1532.3137326515769,136814.30814260212,1857,67,554.6666666666666,36,3,19,30.95051237641625,0.6730324074074073,39.921171171171174,1040.3153153153157,28.89764764764766,0
1886,4,0,0,39,0.0,0.0,1.0,39,1150,800,350,0.6956521739130435,15,8,7,347.04746912539105,0.40356500224921277,0.09602619602619589,0.22646317900555185,135340.57706355015,1593.920947975013,136934.49801152517,1858,68,555.6666666666666,36,3,19,30.836940836940816,0.6736111111111112,39.86486486486487,1040.5405405405415,28.90390390390393,0
1887,4,0,0,39,0.0,0.0,1.0,39,550,100,450,0.18181818181818182,10,1,9,346.6539641321482,0.40356500224921277,0.09228660456882598,0.22639076201732725,135369.87314595003,1585.3006300219197,136955.17377597195,1859,69,556.6666666666666,36,3,19,30.81804819103273,0.6739004629629629,39.836711711711715,1040.6531531531532,28.907032032032035,0
1888,4,0,1,38,0.0,0.02564102564102564,0.9743589743589743,39,1050,800,250,0.7619047619047619,13,8,5,350.00022693106524,0.4032557354925776,0.08509292999883566,0.2295107871067114,135516.40111395187,1686.1542285528883,137202.55534250475,1860,70,557.6666666666666,36,3,20,30.585298146946435,0.6753472222222222,39.69594594594595,1041.2162162162167,28.922672672672686,0
1889,4,0,0,38,0.0,0.0,1.0,38,1150,800,350,0.6956521739130435,15,8,7,353.60000000000025,0.4010638928402086,0.08378947368421086,0.23263157894736847,135633.68055555545,1992.0138888888796,137625.69444444432,1861,72,571.5,35,3,21,30.375000000000007,0.6785714285714286,39.58333333333333,1041.6666666666658,29.761904761904738,0
1890,4,0,0,38,0.0,0.0,1.0,38,550,400,150,0.7272727272727273,7,4,3,364.0799837167542,0.40131578947368424,0.07725775111937172,0.2338369379953998,134767.01388888882,2217.534722222218,136984.54861111104,1862,73,572.5,34,4,20,30.9657570893526,0.6721813725490196,40.416666666666664,1038.3333333333328,30.539215686274495,4
1891,4,0,0,38,0.0,0.0,1.0,38,1100,800,300,0.7272727272727273,14,8,6,363.90229362417676,0.40090090090090086,0.0717396286958516,0.234520783911711,134890.65334467124,2217.4036281179215,137108.05697278917,1863,74,573.5,34,4,18,30.84698983879593,0.673406862745098,40.29761904761905,1038.809523809524,30.553221288515413,0
1892,4,0,0,38,0.0,0.0,1.0,38,1000,700,300,0.7,13,7,6,367.4312353945327,0.3998636794689426,0.08310725266775165,0.23760553222179798,135014.349489796,2321.697845804993,137336.047335601,1864,75,574.5,34,4,18,30.631920580374192,0.6746323529411764,40.17857142857143,1039.285714285715,30.56722689075632,0
1893,4,0,0,38,0.0,0.0,1.0,38,1000,900,100,0.9,11,9,2,367.2086432263299,0.3992265291607397,0.08467343346915146,0.2378683881789549,135076.21882086163,2320.2310090702827,137396.44982993192,1865,76,575.5,34,4,18,30.575994426630018,0.6752450980392157,40.11904761904761,1039.523809523809,30.574229691876734,0
1894,4,0,0,38,0.0,0.0,1.0,38,1850,1400,450,0.7567567567567568,23,14,9,362.92583587762033,0.39915244191559984,0.07813431622310119,0.23651072928669076,135292.8730867347,2220.255810657595,137513.1288973923,1866,77,576.5,34,4,20,30.47140214364724,0.677389705882353,39.910714285714285,1040.357142857143,30.59873949579832,0
1895,4,0,0,38,0.0,0.0,1.0,38,1150,800,350,0.6956521739130435,15,8,7,361.0446778519497,0.3990931721194879,0.07837541692253991,0.23589331642613934,135385.77806122444,2176.0629251700643,137561.8409863945,1867,78,577.5,34,4,20,30.427819720887673,0.6783088235294117,39.82142857142857,1040.7142857142853,30.60924369747898,0
1896,4,0,0,38,0.0,0.0,1.0,38,1000,400,600,0.4,16,4,12,360.9198182897235,0.3990931721194879,0.07825516444358849,0.23621877927584914,135447.73242630393,2177.154195011348,137624.8866213153,1868,79,578.5,34,4,21,30.369396157365042,0.678921568627451,39.761904761904766,1040.9523809523816,30.61624649859946,0
1897,4,0,0,38,0.0,0.0,1.0,38,950,600,350,0.631578947368421,13,6,7,360.70948418390856,0.3986338311996207,0.10193102421226352,0.23355250724029855,135059.84026576305,2143.6006142652955,137203.44088002836,1869,80,579.5,33,5,22,30.761219838088483,0.67739898989899,40.13480392156862,1039.4607843137246,31.498811645870443,1
1898,4,0,0,38,0.0,0.0,1.0,38,1100,900,200,0.8181818181818182,13,9,4,359.89625979466024,0.3979077761972499,0.10703077514668102,0.2338498974439116,135187.255202326,2130.6775038446667,137317.93270617066,1870,81,580.5,33,5,22,30.655393196637593,0.6786616161616161,40.01225490196078,1039.9509803921565,31.51366607248959,0
1899,4,0,0,38,0.0,0.0,1.0,38,600,400,200,0.6666666666666666,8,4,4,361.3572990110339,0.39823376007586536,0.10641648891314048,0.23521478174889987,135250.98519800068,2174.7861399461644,137425.77133794685,1871,82,581.5,33,5,22,30.5539192585611,0.6792929292929293,39.95098039215686,1040.196078431372,31.52109328579915,0
1900,4,0,0,38,0.0,0.0,1.0,38,650,300,350,0.46153846153846156,10,3,7,360.29135287481756,0.39750770507349453,0.11067925505331777,0.23519841041663747,135354.8061933105,2153.4332482993013,137508.2394416098,1872,83,582.5,34,4,22,30.478253822979823,0.6780024509803921,39.85119047619047,1040.595238095237,30.605742296918734,0
1901,4,0,0,38,0.0,0.0,1.0,38,1050,700,350,0.6666666666666666,14,7,7,360.27893967181984,0.3979077761972499,0.11175181778783627,0.23579932997682584,135447.73242630382,2159.7930839002206,137607.52551020402,1873,84,583.5,34,4,23,30.386074260445262,0.678921568627451,39.76190476190476,1040.9523809523807,30.616246498599434,0
1902,4,0,0,38,0.0,0.0,1.0,38,1050,800,250,0.7619047619047619,13,8,5,358.6829922440004,0.3971669037458511,0.10322081922144477,0.23577141240741992,135602.68034297042,2127.675028344662,137730.3553713151,1874,85,584.5,34,4,23,30.2734598239799,0.680453431372549,39.613095238095234,1041.5476190476184,30.63375350140054,0
1903,4,0,0,38,0.0,0.0,1.0,38,750,500,250,0.6666666666666666,10,5,5,372.7662110815047,0.3969742769084874,0.13830452803628668,0.24502866872667825,135602.6803429707,2509.6230158730364,138112.30335884375,1875,86,585.5,34,4,21,29.906751247761655,0.6804534313725489,39.61309523809525,1041.5476190476204,30.6337535014006,1
1904,4,0,0,38,0.0,0.0,1.0,38,1150,700,450,0.6086956521739131,16,7,9,371.4007201721421,0.39620376955903275,0.1377408798933455,0.2445672260287587,135666.56344059293,2477.338959190972,138143.9023997839,1876,87,586.5,32,6,21,29.878701571526676,0.6858723958333333,39.55176767676768,1041.7929292929302,32.55602904040407,0
1905,4,2,2,38,0.05,0.05,0.95,40,1000,700,300,0.7,13,7,6,356.50540785337523,0.4004540598290598,0.13060561131386828,0.23824995549225564,136192.29024943316,1710.6575963718892,137902.94784580506,1877,0,558.125,34,6,21,29.74452554744525,0.6862745098039216,39.04761904761905,1043.8095238095243,30.700280112044833,0
1906,4,0,0,38,0.0,0.0,1.0,38,1250,800,450,0.64,17,8,9,366.32187542346094,0.39621858700806073,0.12706060512408435,0.24426239383169687,136112.81005202315,2372.2199694828787,138485.03002150604,1878,1,574.9473684210526,33,5,21,29.5673076923077,0.6878156565656566,39.123774509803916,1043.5049019607834,31.621360665478285,0
1907,4,0,0,38,0.0,0.0,1.0,38,1000,800,200,0.8,12,8,4,368.59474854321445,0.39578888098624937,0.130528540181164,0.24644349043101266,136208.73732458672,2441.1650567089564,138649.9023812957,1879,2,575.9473684210526,33,5,21,29.412714252171874,0.6887626262626263,39.03186274509804,1043.872549019608,31.632501485442667,0
1908,4,0,1,37,0.0,0.02631578947368421,0.9736842105263158,38,1050,600,450,0.5714285714285714,15,6,9,366.0011926325846,0.3956258890469417,0.12769380910320627,0.2453734195454169,136304.69838823992,2377.5364343040937,138682.234822544,1880,3,576.9473684210526,33,5,21,29.385122051402426,0.689709595959596,38.93995098039215,1044.24019607843,31.64364230540697,0
1909,4,0,0,37,0.0,0.0,1.0,37,650,500,150,0.7692307692307693,8,5,3,372.0205291416428,0.3945508008008008,0.1395116243344563,0.2490880773661736,136259.1369024844,2738.2392421691575,138997.37614465356,1881,4,590.4324324324324,32,5,21,29.27323940823154,0.6917317708333334,38.983585858585855,1044.0656565656564,32.62705176767676,0
1910,4,0,1,36,0.0,0.02702702702702703,0.972972972972973,37,800,600,200,0.75,10,6,4,372.0205291416428,0.3943631131131131,0.1395116243344563,0.2490880773661736,136259.1369024844,2738.2392421691575,138997.37614465356,1882,5,591.4324324324324,32,5,21,29.27323940823154,0.6917317708333334,38.983585858585855,1044.0656565656564,32.62705176767676,0
1911,4,0,0,36,0.0,0.0,1.0,36,1000,800,200,0.8,12,8,4,381.22859413729714,0.39130291005291,0.1487201353356351,0.253930567316888,136074.84817504886,3175.1246134440103,139249.97278849286,1883,6,606.1111111111111,31,5,21,29.216195557219518,0.6925403225806452,39.16015625,1043.3593750000002,33.65675403225807,0
1912,4,0,0,36,0.0,0.0,1.0,36,1000,400,600,0.4,16,4,12,383.1769087142087,0.39135251322751324,0.15284159613059267,0.25679684238788536,136292.0955132129,3244.7967681869154,139536.8922813998,1884,7,607.1111111111111,32,4,21,28.9492644095123,0.6920572916666667,38.9520202020202,1044.191919191919,32.63099747474747,0
1913,4,0,0,36,0.0,0.0,1.0,36,550,400,150,0.7272727272727273,7,4,3,383.1769087142087,0.39135251322751324,0.15284159613059267,0.25679684238788536,136292.0955132129,3244.7967681869154,139536.8922813998,1885,8,608.1111111111111,32,4,21,28.9492644095123,0.6920572916666667,38.9520202020202,1044.191919191919,32.63099747474747,0
1914,4,0,0,36,0.0,0.0,1.0,36,1000,600,400,0.6,14,6,8,383.33283497957507,0.39009589947089945,0.15486547446431476,0.25834385523542014,136489.93087440034,3264.214429650006,139754.14530405035,1886,9,609.1111111111111,32,4,21,28.748539954889633,0.6940104166666667,38.76262626262625,1044.949494949493,32.65467171717166,0
1915,4,0,0,36,0.0,0.0,1.0,36,800,600,200,0.75,10,6,4,382.1975683676595,0.3903935185185185,0.15443245778611647,0.2578624100505853,136528.7389465589,3236.190407535549,139764.92935409446,1887,10,610.1111111111111,33,3,21,28.739641963727323,0.691919191919192,38.725490196078425,1045.0980392156855,31.66963755199047,0
1916,4,0,0,36,0.0,0.0,1.0,36,650,300,350,0.46153846153846156,10,3,7,383.1425944428946,0.3897486772486773,0.15353002474925126,0.2589703906971386,136592.78432573998,3266.9027537485426,139859.68707948853,1888,11,611.1111111111111,33,3,21,28.65132864400156,0.6925505050505052,38.6642156862745,1045.343137254901,31.67706476530003,0
1917,4,0,0,36,0.0,0.0,1.0,36,1250,900,350,0.72,16,9,7,380.4701512674403,0.38870701058201057,0.143094289508632,0.25810272423818226,136720.92013888876,3203.7659794309675,139924.68611831972,1889,12,612.1111111111111,31,5,21,28.59395750332005,0.6989247311827957,38.54166666666666,1045.8333333333321,33.73655913978491,0
1918,4,0,0,36,0.0,0.0,1.0,36,950,700,250,0.7368421052631579,12,7,5,380.4701512674403,0.38870701058201057,0.143094289508632,0.25810272423818226,136720.92013888876,3203.6458333333126,139924.56597222207,1890,13,613.1111111111111,31,5,21,28.59395750332005,0.6989247311827957,38.54166666666666,1045.8333333333321,33.73655913978491,0
1919,4,0,0,36,0.0,0.0,1.0,36,1100,800,300,0.7272727272727273,14,8,6,375.5974004375307,0.387962962962963,0.1438626126126128,0.25599928082452744,136886.03203754715,3082.807557902247,139968.8395954494,1891,14,614.1111111111111,32,4,21,28.557603362290855,0.6979166666666667,38.38383838383838,1046.4646464646462,32.70202020202019,0
1920,4,0,0,36,0.0,0.0,1.0,36,550,300,250,0.5454545454545454,8,3,5,378.51719857125113,0.3872685185185185,0.14255417521006786,0.25872102995500745,136985.14700349444,3170.246817926736,140155.39382142117,1892,15,615.1111111111111,32,4,19,28.38293531138183,0.6988932291666667,38.28914141414141,1046.8434343434335,32.7138573232323,0
1921,4,0,0,36,0.0,0.0,1.0,36,1100,700,400,0.6363636363636364,15,7,8,376.9111159580379,0.38662367724867724,0.14036251105216557,0.25835543766578234,137084.29783950618,3133.719135802466,140218.01697530865,1893,16,616.1111111111111,32,4,19,28.326702033598576,0.6998697916666667,38.19444444444444,1047.2222222222224,32.72569444444445,0
1922,4,0,0,36,0.0,0.0,1.0,36,800,400,400,0.5,12,4,8,378.69858878551656,0.3865740740740741,0.1430336266120289,0.26031998269705303,137183.48454558203,3190.2384004183227,140373.72294600034,1894,17,617.1111111111111,32,4,19,28.18162187135913,0.7008463541666667,38.099747474747474,1047.6010101010097,32.73753156565655,0
1923,4,0,0,36,0.0,0.0,1.0,36,1000,600,400,0.6,14,6,8,377.79795878995486,0.38606150793650795,0.14164055595725888,0.2599475507495063,137216.55475206615,3168.026859504136,140384.5816115703,1895,18,618.1111111111111,32,4,19,28.17245119305857,0.701171875,38.06818181818182,1047.727272727273,32.74147727272728,0
1924,4,0,0,36,0.0,0.0,1.0,36,1000,500,500,0.5,15,5,10,396.50678917688964,0.3858465608465609,0.16208489974937357,0.26367701480263156,136016.9165705497,3586.3261726259034,139603.24274317562,1896,19,619.1111111111111,33,3,18,28.87541118421053,0.6868686868686869,39.2156862745098,1043.1372549019602,31.610219845513946,3
1925,4,0,0,36,0.0,0.0,1.0,36,350,200,150,0.5714285714285714,5,2,3,394.42567843772474,0.3857969576719577,0.1594848401790725,0.26252899144177866,136048.87730980862,3532.234146722405,139581.11145653104,1897,20,620.1111111111111,33,3,18,28.897837620893533,0.6871843434343434,39.18504901960784,1043.259803921568,31.613933452168727,0
1926,4,0,0,36,0.0,0.0,1.0,36,800,600,200,0.75,10,6,4,395.14380247630476,0.38508597883597884,0.16277856061792195,0.26371823055550236,136144.78205497877,3559.353373702408,139704.13542868118,1898,21,621.1111111111111,33,3,18,28.783564271175823,0.6881313131313131,39.093137254901954,1043.6274509803914,31.625074272133073,0
1927,4,0,0,36,0.0,0.0,1.0,36,750,700,50,0.9333333333333333,8,7,1,393.5439892331844,0.38497023809523806,0.16230060909600752,0.26336223442871143,136240.72059123882,3523.3433354959457,139764.06392673476,1899,22,622.1111111111111,33,3,18,28.72977559964002,0.6890782828282829,39.00122549019607,1043.9950980392148,31.636215092097416,0
1928,4,0,0,36,0.0,0.0,1.0,36,950,600,350,0.631578947368421,13,6,7,393.2353422395725,0.38445767195767194,0.16327754314614928,0.26434842722792723,136400.69324298354,3527.514657823921,139928.20790080747,1900,23,623.1111111111111,33,3,18,28.57862114813077,0.6906565656565655,38.84803921568628,1044.6078431372555,31.654783125371377,0
1929,4,0,0,36,0.0,0.0,1.0,36,800,600,200,0.75,10,6,4,395.18077759909175,0.3844080687830688,0.16400456174649758,0.2658970898999416,136432.69903702918,3583.1160190792216,140015.8150561084,1901,24,624.1111111111111,33,3,18,28.4959677419355,0.6909722222222221,38.81740196078432,1044.730392156864,31.65849673202618,0
1930,4,0,0,36,0.0,0.0,1.0,36,850,600,250,0.7058823529411765,11,6,5,391.00377793983074,0.38379629629629625,0.1602783156775638,0.2638449013477151,136534.22796201817,3477.079790249433,140011.3077522676,1902,25,625.1111111111111,34,2,19,28.504100694839956,0.6896446078431373,38.720238095238095,1045.1190476190477,30.738795518207287,0
1931,4,0,0,36,0.0,0.0,1.0,36,1350,1100,250,0.8148148148148148,16,11,5,392.35389941298206,0.38242394179894185,0.15546823112685426,0.265706531281625,136660.40407450264,3523.848486796971,140184.25256129963,1903,26,626.1111111111111,35,1,20,28.34338794184931,0.6886904761904762,38.59953703703703,1045.601851851851,29.874338624338602,0
1932,4,0,0,36,0.0,0.0,1.0,36,1150,700,450,0.6086956521739131,16,7,9,394.16088409927704,0.380869708994709,0.15937613128997263,0.26839862337968057,136853.0016866903,3588.4602150503533,140441.46190174064,1904,27,627.1111111111111,32,4,21,28.104762479385382,0.6975911458333333,38.41540404040405,1046.338383838385,32.69807449494953,0
1933,4,0,0,36,0.0,0.0,1.0,36,1000,600,400,0.6,14,6,8,394.9930318554745,0.38043981481481487,0.15994250794033715,0.2699824589541417,136985.1470034945,3621.6357068156262,140606.78271031013,1905,28,628.1111111111111,32,4,17,27.951744863908655,0.6988932291666667,38.28914141414141,1046.843434343434,32.71385732323231,0
1934,4,0,0,36,0.0,0.0,1.0,36,1200,700,500,0.5833333333333334,17,7,10,392.74180497998293,0.38014219576719577,0.15671971706454468,0.26920665541355193,137084.29783950615,3567.7469135802444,140652.0447530864,1906,29,629.1111111111111,32,4,17,27.912245800176837,0.6998697916666667,38.19444444444444,1047.2222222222222,32.72569444444444,0
1935,4,0,0,36,0.0,0.0,1.0,36,800,500,300,0.625,11,5,6,393.2817619096473,0.3787037037037037,0.16270955165691992,0.2707374447928732,137234.06412197236,3594.330906382167,140828.39502835454,1907,30,630.1111111111111,33,3,17,27.7495126705653,0.6988636363636365,38.0514705882353,1047.7941176470592,31.751336898395735,0
1936,4,0,0,36,0.0,0.0,1.0,36,900,600,300,0.6666666666666666,12,6,6,392.752826974535,0.37838955026455023,0.15932184669759253,0.2706228383125902,137266.16753472202,3582.335069444419,140848.50260416642,1908,31,631.1111111111111,33,3,17,27.73152750165672,0.699179292929293,38.02083333333332,1047.916666666665,31.755050505050452,0
1937,4,0,0,36,0.0,0.0,1.0,36,700,500,200,0.7142857142857143,9,5,4,392.752826974535,0.37838955026455023,0.15932184669759253,0.2706228383125902,137266.16753472202,3582.335069444419,140848.50260416642,1909,32,632.1111111111111,33,3,17,27.73152750165672,0.699179292929293,38.02083333333332,1047.916666666665,31.755050505050452,0
1938,4,0,0,36,0.0,0.0,1.0,36,1100,700,400,0.6363636363636364,15,7,8,392.22518281294543,0.3770502645502645,0.16439756924155668,0.27176282504699373,137458.8668570982,3582.965836457129,141041.83269355533,1910,33,633.1111111111111,33,3,19,27.55431712827704,0.7010732323232324,37.83700980392157,1048.6519607843136,31.777332144979198,0
1939,4,0,0,36,0.0,0.0,1.0,36,800,400,400,0.5,12,4,8,393.86672149867536,0.37663690476190476,0.1602763822357236,0.2734067533906863,137523.13000108127,3633.156868752398,141156.28686983368,1911,34,634.1111111111111,33,3,19,27.44759415040697,0.7017045454545455,37.775735294117645,1048.897058823529,31.78475935828876,0
1940,4,0,0,36,0.0,0.0,1.0,36,550,200,350,0.36363636363636365,9,2,7,394.519855201307,0.37592592592592594,0.16093721612292056,0.27462430896208045,137619.5528762975,3658.729214725098,141278.2820910226,1912,35,635.1111111111111,33,3,19,27.334929533598075,0.7026515151515151,37.68382352941176,1049.2647058823525,31.795900178253106,0
1941,4,0,0,36,0.0,0.0,1.0,36,1300,1000,300,0.7692307692307693,16,10,6,394.80191566927687,0.3756944444444445,0.16078935077066814,0.275332541188248,137683.8535659361,3671.5698289119473,141355.42339484804,1913,36,636.1111111111111,33,3,20,27.263836992059787,0.7032828282828283,37.62254901960784,1049.509803921568,31.803327391562664,0
1942,4,0,0,36,0.0,0.0,1.0,36,1050,600,450,0.5714285714285714,15,6,9,394.620811287478,0.3748842592592592,0.1613756613756614,0.2762345679012345,137812.5,3676.856257208766,141489.35625720877,1914,37,637.1111111111111,31,5,20,27.1412037037037,0.7096774193548387,37.5,1050.0,33.87096774193548,0
1943,4,0,0,36,0.0,0.0,1.0,36,1000,800,200,0.8,12,8,4,394.7983315676909,0.37447089947089945,0.16249965561892177,0.2769081167326082,137880.86785210506,3687.0273166232687,141567.89516872834,1915,38,638.1111111111111,31,5,20,27.068869328043647,0.7103494623655914,37.434895833333336,1050.2604166666667,33.879368279569896,0
1944,4,0,0,36,0.0,0.0,1.0,36,900,600,300,0.6666666666666666,12,6,6,394.71661376831287,0.37387566137566136,0.16364449951810545,0.2779548929415606,138017.6544189453,3695.5722384982632,141713.22665744356,1916,39,639.1111111111111,31,5,20,26.93566707971912,0.7116935483870968,37.3046875,1050.78125,33.89616935483871,0
1945,4,0,0,36,0.0,0.0,1.0,36,550,300,250,0.5454545454545454,8,3,5,394.71661376831287,0.37387566137566136,0.16364449951810545,0.2779548929415606,138017.6544189453,3695.5722384982632,141713.22665744356,1917,40,640.1111111111111,31,5,20,26.93566707971912,0.7116935483870968,37.3046875,1050.78125,33.89616935483871,0
1946,4,0,0,36,0.0,0.0,1.0,36,600,400,200,0.6666666666666666,8,4,4,392.25759050606,0.3735780423280423,0.15860037440810504,0.27677476141301705,138086.07313368047,3633.0620659722113,141719.1351996527,1918,41,641.1111111111111,31,5,18,26.93260654112983,0.7123655913978495,37.23958333333333,1051.041666666666,33.9045698924731,0
1947,4,0,0,36,0.0,0.0,1.0,36,1350,900,450,0.6666666666666666,18,9,9,394.1511180975568,0.3722718253968254,0.1580839353285175,0.2789456861207511,138188.73299492724,3693.448723687055,141882.1817186143,1919,42,642.1111111111111,31,5,18,26.78134674922601,0.7133736559139785,37.14192708333333,1051.432291666666,33.917170698924714,0
1948,4,0,0,36,0.0,0.0,1.0,36,1350,900,450,0.6666666666666666,18,9,9,394.94770718465844,0.37098214285714287,0.16189647585903444,0.2810503197241467,138376.52288350672,3730.2980882052752,142106.820971712,1920,43,643.1111111111111,32,4,18,26.57481299251969,0.7125651041666667,36.963383838383834,1052.1464646464642,32.87957702020201,0
1949,4,0,0,36,0.0,0.0,1.0,36,950,700,250,0.7368421052631579,12,7,5,394.26120523454387,0.37023809523809526,0.1549190084355434,0.28122219522875924,138456.63326605145,3717.6158208381303,142174.24908688958,1921,44,644.1111111111111,33,3,19,26.513740102468553,0.7108585858585859,36.88725490196078,1052.4509803921562,31.89245395127746,0
1950,4,0,0,36,0.0,0.0,1.0,36,700,600,100,0.8571428571428571,8,6,2,398.15592599667787,0.36956018518518513,0.15488754381200032,0.2848091224177734,138553.38278847066,3833.170084823132,142386.55287329378,1922,45,645.1111111111111,33,3,19,26.3156937492725,0.7118055555555556,36.795343137254896,1052.8186274509794,31.9035947712418,0
1951,4,0,0,36,0.0,0.0,1.0,36,700,400,300,0.5714285714285714,10,4,6,397.8903185075518,0.3689153439153439,0.16210922348925627,0.2854315022749497,138650.16610197988,3833.5117502883345,142483.6778522682,1923,46,646.1111111111111,33,3,19,26.227115817236836,0.7127525252525253,36.70343137254901,1053.1862745098028,31.914735591206146,0
1952,4,0,1,35,0.0,0.027777777777777776,0.9722222222222222,36,950,700,250,0.7368421052631579,12,7,5,396.1841021474664,0.3689980158730159,0.17897360400847173,0.28693333458558945,138973.02119377177,3811.7803248750674,142784.80151864683,1924,47,647.1111111111111,33,3,19,25.953529366186274,0.7159090909090908,36.39705882352942,1054.4117647058833,31.95187165775404,1
1953,4,0,0,35,0.0,0.0,1.0,35,700,400,300,0.5714285714285714,10,4,6,398.38531320592347,0.36635154061624653,0.20209409751924734,0.2882597370250834,138941.69759463327,4070.466342720142,143012.1639373534,1925,48,662.2857142857143,32,3,19,25.926397205588824,0.7180989583333333,36.42676767676768,1054.2929292929298,32.946654040404056,0
1954,4,0,0,35,0.0,0.0,1.0,35,800,600,200,0.75,10,6,4,399.4724573916467,0.3660014005602241,0.20226833398908606,0.2893316991914695,138974.97903594037,4103.3352782879465,143078.3143142283,1926,49,663.2857142857143,32,3,19,25.86491637728016,0.7184244791666665,36.39520202020203,1054.419191919193,32.95059974747478,0
1955,4,0,0,35,0.0,0.0,1.0,35,1150,800,350,0.6956521739130435,15,8,7,400.4781022828516,0.36474089635854345,0.2069231952682955,0.29178687888210914,139174.75138059896,4147.288063717992,143322.03944431696,1927,50,664.2857142857143,32,3,16,25.641428343504458,0.7203776041666666,36.20580808080808,1055.176767676768,32.974273989899,0
1956,4,0,0,35,0.0,0.0,1.0,35,950,800,150,0.8421052631578947,11,8,3,400.6308255702234,0.3646008403361345,0.2002768615521333,0.2924779974621398,139241.37404665357,4156.877327568632,143398.2513742222,1928,51,665.2857142857143,32,3,17,25.571739043745264,0.7210286458333333,36.142676767676775,1055.4292929292942,32.982165404040444,0
1957,4,0,2,33,0.0,0.05714285714285714,0.9428571428571428,35,700,400,300,0.5714285714285714,10,4,6,400.6925207756233,0.36435574229691875,0.20203007518797023,0.2928137651821863,139274.69135802475,4161.265432098772,143435.9567901235,1929,52,666.2857142857143,32,3,17,25.537280701754387,0.7213541666666666,36.111111111111114,1055.5555555555559,32.98611111111112,0
1958,4,0,0,33,0.0,0.0,1.0,33,700,700,0,1.0,7,7,0,410.9109653238233,0.3617818813131313,0.19327834924165188,0.2985953014686448,139085.58792924037,4830.358639727134,143915.9465689675,1930,53,654.030303030303,30,3,20,25.45420276928304,0.725,36.29032258064516,1054.8387096774195,35.16129032258065,0
1959,4,0,0,33,0.0,0.0,1.0,33,450,200,250,0.4444444444444444,7,2,5,406.7950252750782,0.3606770833333333,0.1921077247710412,0.2966834922555936,139208.06072084478,4725.82931588613,143933.8900367309,1931,54,655.030303030303,32,1,17,25.44194185211774,0.720703125,36.17424242424242,1055.30303030303,32.97821969696969,0
1960,4,0,0,33,0.0,0.0,1.0,33,750,500,250,0.6666666666666666,10,5,5,404.68304147928274,0.3603219696969697,0.1891555826237008,0.2954362920284128,139241.37404665354,4669.724549790853,143911.09859644438,1932,55,656.030303030303,32,1,17,25.464818359452888,0.7210286458333333,36.142676767676775,1055.429292929294,32.98216540404044,0
1961,4,0,0,33,0.0,0.0,1.0,33,700,500,200,0.7142857142857143,9,5,4,400.1636427613191,0.359335542929293,0.17934668377146212,0.2930094904352146,139341.33793745548,4551.867475257644,143893.2054127131,1933,56,657.030303030303,32,1,17,25.48557960615483,0.7220052083333333,36.04797979797981,1055.8080808080817,32.994002525252554,0
1962,4,0,0,33,0.0,0.0,1.0,33,450,200,250,0.4444444444444444,7,2,5,400.1636427613191,0.359335542929293,0.17934668377146212,0.2930094904352146,139341.33793745548,4551.867475257644,143893.2054127131,1934,57,658.030303030303,32,1,17,25.48557960615483,0.7220052083333333,36.04797979797981,1055.8080808080817,32.994002525252554,0
1963,4,0,0,33,0.0,0.0,1.0,33,1150,800,350,0.6956521739130435,15,8,7,396.7943162847949,0.3588620580808081,0.174883700708665,0.29112172468473924,139408.00045913694,4463.260445362733,143871.26090449968,1935,58,659.030303030303,32,1,17,25.50887733142037,0.72265625,35.98484848484849,1056.060606060607,33.001893939393966,0
1964,4,0,0,33,0.0,0.0,1.0,33,750,500,250,0.6666666666666666,10,5,5,396.7943162847949,0.3588620580808081,0.174883700708665,0.29112172468473924,139408.00045913694,4463.260445362733,143871.26090449968,1936,59,660.030303030303,32,1,17,25.50887733142037,0.72265625,35.98484848484849,1056.060606060607,33.001893939393966,0
1965,4,0,0,33,0.0,0.0,1.0,33,800,400,400,0.5,12,4,8,398.0512490742133,0.35874368686868685,0.17488618707693604,0.29291950756411134,139508.02413337937,4506.268652433441,144014.2927858128,1937,60,661.030303030303,32,1,18,25.377226006932002,0.7236328125,35.89015151515152,1056.439393939395,33.01373106060609,0
1966,4,0,0,33,0.0,0.0,1.0,33,350,200,150,0.5714285714285714,5,2,3,398.9687793616031,0.35854640151515155,0.17767541572512857,0.2938882698677726,139541.3733292522,4534.530277522709,144075.90360677493,1938,61,662.030303030303,32,1,18,25.32016810070108,0.7239583333333333,35.85858585858586,1056.5656565656573,33.01767676767679,0
1967,4,0,0,33,0.0,0.0,1.0,33,750,600,150,0.8,9,6,3,398.5971403245077,0.3583096590909091,0.17106549364613888,0.2942026511918987,139608.08367768605,4529.476584022057,144137.5602617081,1939,62,663.030303030303,32,1,19,25.264336917562726,0.724609375,35.795454545454554,1056.8181818181827,33.02556818181821,0
1968,4,0,0,33,0.0,0.0,1.0,33,550,400,150,0.7272727272727273,7,4,3,396.9982093552122,0.35795454545454547,0.16812009716083276,0.29331615273720074,139641.444830247,4487.480709876552,144128.92554012354,1940,63,664.030303030303,32,1,19,25.273762593079272,0.7249348958333333,35.76388888888889,1056.9444444444453,33.029513888888914,0
1969,4,0,0,33,0.0,0.0,1.0,33,1150,800,350,0.6956521739130435,15,8,7,403.04105306013054,0.35795454545454547,0.1530180531025227,0.27444545659073993,136853.0016866903,4431.475582848707,141284.477269539,1941,64,665.030303030303,32,1,20,27.8724709384176,0.6975911458333333,38.41540404040405,1046.338383838385,32.69807449494953,4
1970,4,0,0,33,0.0,0.0,1.0,33,1050,700,350,0.6666666666666666,14,7,7,395.98180563685156,0.356573547979798,0.14950956216778977,0.27168478724215755,137117.35608930213,4259.195649678606,141376.55173898075,1942,65,666.030303030303,32,1,19,27.794605183845675,0.7001953125,38.16287878787879,1047.3484848484852,32.72964015151516,0
1971,4,0,1,32,0.0,0.030303030303030304,0.9696969696969697,33,550,400,150,0.7272727272727273,7,4,3,395.78337131428555,0.35649463383838387,0.14718719069689334,0.2720641782762738,137183.48454558203,4258.988400418323,141442.47294600034,1943,66,667.030303030303,32,1,20,27.734170985496768,0.7008463541666667,38.099747474747474,1047.6010101010097,32.73753156565655,0
1972,4,0,0,32,0.0,0.0,1.0,32,600,300,300,0.5,9,3,6,402.7699934517011,0.35362063172043007,0.13154977516862365,0.2664939312044892,135837.20737033425,4542.230224609382,140379.43759494362,1944,67,680.53125,31,1,20,28.89135231909401,0.6901881720430108,39.388020833333336,1042.447916666667,33.62735215053765,5
1973,4,0,0,32,0.0,0.0,1.0,32,950,600,350,0.631578947368421,13,6,7,404.41930034087676,0.35309559811827956,0.1340975084301237,0.2678399783150869,135871.14334106445,4589.78254530165,140460.9258863661,1945,68,681.53125,31,1,17,28.814500853419926,0.690524193548387,39.35546875,1042.578125,33.63155241935484,0
1974,4,0,0,32,0.0,0.0,1.0,32,1150,700,450,0.6086956521739131,16,7,9,401.97068351541554,0.35395665322580644,0.13309722915626554,0.2674907903924845,136040.8867730036,4536.88964843752,140577.77642144114,1946,69,682.53125,31,1,17,28.709019803627893,0.6922043010752688,39.19270833333334,1043.2291666666679,33.6525537634409,0
1975,4,0,0,32,0.0,0.0,1.0,32,550,300,250,0.5454545454545454,8,3,5,401.6421960264897,0.35376764112903225,0.13139975664545123,0.26752775700417825,136074.84817504886,4530.680168999566,140605.52834404842,1947,70,683.53125,31,1,18,28.68372748450434,0.6925403225806451,39.16015625,1043.3593750000002,33.65675403225807,0
1976,4,0,0,32,0.0,0.0,1.0,32,650,500,150,0.7692307692307693,8,5,3,401.5924601758476,0.35372563844086025,0.1255107610729882,0.2680069582272623,136142.78369479717,4534.783087836378,140677.56678263354,1948,71,684.53125,31,1,19,28.617306092742762,0.6932123655913978,39.095052083333336,1043.6197916666672,33.66515456989249,0
1977,4,0,0,32,0.0,0.0,1.0,32,650,400,250,0.6153846153846154,9,4,5,399.2711384528406,0.35410366263440857,0.12810667955594357,0.26696886713731643,136210.73616875554,4477.003139919715,140687.73930867526,1949,72,685.53125,31,1,19,28.610166936925697,0.6938844086021505,39.02994791666667,1043.8802083333342,33.67355510752691,0
1978,4,0,0,32,0.0,0.0,1.0,32,550,300,250,0.5454545454545454,8,3,5,400.0958815219391,0.3541456653225807,0.1254637423618905,0.26803415822259224,136278.70559692383,4504.909769694011,140783.61536661783,1950,73,686.53125,31,1,19,28.52093465519392,0.6945564516129032,38.96484375,1044.140625,33.68195564516129,0
1979,4,0,0,32,0.0,0.0,1.0,32,550,400,150,0.7272727272727273,7,4,3,400.01492528031514,0.35395665322580644,0.12227244389027403,0.26823743317292065,136312.6966688369,4505.422634548621,140818.11930338552,1951,74,687.53125,31,1,19,28.489193682460517,0.6948924731182795,38.93229166666667,1044.2708333333342,33.686155913978524,0
1980,4,0,0,32,0.0,0.0,1.0,32,800,600,200,0.75,10,6,4,398.7561996328983,0.3536416330645162,0.12392107067181835,0.2681660511026607,136414.6953158908,4479.241095648867,140893.93641153967,1952,75,688.53125,31,1,20,28.42050459096764,0.6959005376344086,38.834635416666664,1044.661458333333,33.6987567204301,0
1981,4,0,0,32,0.0,0.0,1.0,32,650,300,350,0.46153846153846156,10,3,7,398.63460466059473,0.3538306451612903,0.12521809571286147,0.26834262313729956,136448.7033420138,4478.634982638879,140927.33832465266,1953,76,689.53125,31,1,20,28.38983050847457,0.696236559139785,38.80208333333333,1044.7916666666658,33.702956989247284,0
1982,4,0,0,32,0.0,0.0,1.0,32,700,500,200,0.7142857142857143,9,5,4,408.72346917195955,0.3538306451612903,0.14061081939582531,0.2594637133928662,134341.68915842875,4581.991516811918,138923.68067524067,1954,77,690.53125,30,2,19,30.233588314101727,0.678125,40.82661290322581,1036.693548387097,34.55645161290324,3
1983,4,0,0,32,0.0,0.0,1.0,32,450,200,250,0.4444444444444444,7,2,5,407.95245729569587,0.35395665322580644,0.14373379779650008,0.25946852498238177,134411.36845661336,4566.68961007051,138978.05806668388,1955,78,691.53125,30,2,19,30.183624972996316,0.6788194444444444,40.75940860215053,1036.962365591397,34.5654121863799,0
1984,4,0,1,31,0.0,0.03125,0.96875,32,800,600,200,0.75,10,6,4,407.13826064991656,0.35324260752688175,0.14154504080351527,0.2592211227878965,134449.48196411133,4547.905646430122,138997.38761054145,1956,79,692.53125,31,1,20,30.16648357396945,0.6764112903225807,40.72265625,1037.109375,33.455141129032256,0
1985,4,0,0,31,0.0,0.0,1.0,31,800,500,300,0.625,11,5,6,416.34811783527664,0.3501344086021505,0.1529237137541033,0.26480838657041683,134411.36845661333,4992.384054514954,139403.7525111283,1957,168,713.3225806451613,30,1,20,29.965975372650686,0.6788194444444444,40.75940860215053,1036.9623655913967,34.565412186379895,0
1986,4,0,0,31,0.0,0.0,1.0,31,500,200,300,0.4,8,2,6,419.01144061567703,0.34977598566308243,0.15336376862489343,0.26675678843156475,134446.214880333,5066.900436466644,139513.11531679964,1958,169,714.3225806451613,30,1,20,29.861921116295136,0.6791666666666667,40.725806451612904,1037.0967741935485,34.56989247311829,0
1987,4,0,0,31,0.0,0.0,1.0,31,950,700,250,0.7368421052631579,12,7,5,417.4247263335262,0.34941756272401436,0.15667181818993936,0.2667824224407721,134588.05035341516,5036.15731283292,139624.20766624808,1959,170,715.3225806451613,28,3,20,29.76062725006924,0.6867559523809523,40.58908045977011,1037.6436781609189,37.058702791461386,0
1988,4,0,0,31,0.0,0.0,1.0,31,1000,800,200,0.8,12,8,4,419.92316609674594,0.3475358422939068,0.14702430622180374,0.2703138528685108,134849.0785812194,5125.250404610905,139974.3289858303,1960,171,716.3225806451613,28,3,18,29.433819799880098,0.6893601190476191,40.337643678160916,1038.649425287356,37.09462233169129,0
1989,4,0,0,31,0.0,0.0,1.0,31,400,200,200,0.5,6,2,4,420.3252545774195,0.3470430107526881,0.14771784232365115,0.27085130040951366,134886.38897146253,5139.231156691763,140025.6201281543,1961,172,717.3225806451613,28,3,18,29.385949746426903,0.6897321428571428,40.30172413793103,1038.7931034482758,37.09975369458128,0
1990,4,0,0,31,0.0,0.0,1.0,31,650,300,350,0.46153846153846156,10,3,7,420.3939456802955,0.34681899641577063,0.14427130499953167,0.27117472089332884,134923.7045225591,5144.22170200819,140067.9262245673,1962,173,718.3225806451613,28,3,18,29.34673627437422,0.6901041666666667,40.26580459770115,1038.9367816091954,37.104885057471265,0
1991,4,0,0,31,0.0,0.0,1.0,31,600,400,200,0.6666666666666666,8,4,4,421.7374904553998,0.34668458781362005,0.14367149586069083,0.27232192240834374,134961.02523450908,5183.624818337943,140144.65005284702,1963,174,719.3225806451613,28,3,18,29.274405420353983,0.6904761904761905,40.22988505747126,1039.0804597701142,37.11001642036122,0
1992,4,0,0,31,0.0,0.0,1.0,31,950,800,150,0.8421052631578947,11,8,3,421.4892077796046,0.3459229390681004,0.14573247748660445,0.2726018791542593,135019.5047260802,5181.852816358017,140201.3575424382,1964,175,720.3225806451613,29,2,18,29.222209229809792,0.6878591954022989,40.17361111111111,1039.305555555555,35.838122605363964,0
1993,4,0,0,31,0.0,0.0,1.0,31,550,400,150,0.7272727272727273,7,4,3,421.0826462544327,0.3455645161290322,0.14441786799405287,0.2728834291960545,135091.6883680555,5176.9531249999945,140268.6414930555,1965,176,721.3225806451613,29,2,19,29.160404141616564,0.6885775862068966,40.104166666666664,1039.583333333333,35.847701149425276,0
1994,4,0,0,31,0.0,0.0,1.0,31,550,500,50,0.9090909090909091,6,5,1,421.8265046753226,0.3450716845878136,0.14725121301698652,0.27363892668972833,135127.7874228395,5200.09645061728,140327.88387345677,1966,177,722.3225806451613,29,2,19,29.104884673612958,0.6889367816091954,40.06944444444444,1039.7222222222222,35.85249042145594,0
1995,4,0,0,31,0.0,0.0,1.0,31,650,600,50,0.9230769230769231,7,6,1,419.4274942472059,0.34435483870967737,0.146453680727874,0.2726278712606837,135200.0,5141.319444444444,140341.31944444444,1967,178,723.3225806451613,29,2,19,29.09488514957265,0.6896551724137931,40.0,1040.0,35.86206896551724,0
1996,4,0,0,31,0.0,0.0,1.0,31,950,800,150,0.8421052631578947,11,8,3,419.4924070229538,0.34372759856630825,0.14393790979079557,0.2730405162279763,135248.92915727245,5147.179767892228,140396.10892516468,1968,179,724.3225806451613,30,1,19,29.044180988069087,0.6871527777777777,39.952956989247305,1040.1881720430101,34.67293906810034,0
1997,4,0,1,30,0.0,0.03225806451612903,0.967741935483871,31,1100,800,300,0.7272727272727273,14,8,6,417.94547300052795,0.3431899641577061,0.1389776873647841,0.27289380884152126,135362.548828125,5114.8328993055575,140477.38172743056,1969,180,725.3225806451613,31,0,19,28.97063730397064,0.6854838709677419,39.84375,1040.625,33.568548387096776,0
1998,4,0,0,30,0.0,0.0,1.0,30,1200,1000,200,0.8333333333333334,14,10,4,415.92614721843756,0.34238505747126435,0.09535974973931172,0.2540593472499885,132917.2447681814,5056.751503063953,137973.99627124536,1970,181,686.9666666666667,30,0,20,31.481903892944025,0.6638888888888889,42.20430107526882,1031.1827956989255,34.37275985663085,4
1999,4,0,0,30,0.0,0.0,1.0,30,350,100,250,0.2857142857142857,6,1,5,414.19073303680756,0.3421216475095785,0.09871410573873729,0.2532339039515078,132951.89698592314,5013.488734246725,137965.38572016987,1971,182,687.9666666666667,30,0,20,31.491648203657846,0.6642361111111111,42.17069892473118,1031.3172043010748,34.37724014336916,0
2000,4,0,0,30,0.0,0.0,1.0,30,600,300,300,0.5,9,3,6,412.77171124142785,0.3417145593869732,0.09722005038658654,0.25260048740563934,132986.55372008323,4978.617470227766,137965.171190311,1972,183,688.9666666666667,30,0,20,31.493245591173643,0.6645833333333333,42.137096774193544,1031.4516129032256,34.38172043010752,0
2001,4,0,0,30,0.0,0.0,1.0,30,800,600,200,0.75,10,6,4,412.367217510273,0.341882183908046,0.09220181494507385,0.25305700470234727,133090.55102107173,4976.436040293668,138066.9870613654,1973,184,689.9666666666667,30,0,20,31.398712604750116,0.665625,42.03629032258064,1031.8548387096769,34.39516129032256,0
2002,4,0,0,30,0.0,0.0,1.0,30,800,600,200,0.75,10,6,4,411.06573416156346,0.34216954022988505,0.09029387507053865,0.25272808427755367,133159.90513715456,4947.494833217714,138107.39997037227,1974,185,690.9666666666667,30,0,20,31.36231931241048,0.6663194444444445,41.969086021505376,1032.1236559139784,34.40412186379928,0
2003,4,0,0,30,0.0,0.0,1.0,30,750,600,150,0.8,9,6,3,413.16901312934027,0.3421934865900383,0.0933767361111113,0.2542578542334403,133194.58896982312,5006.37537576599,138200.9643455891,1975,186,691.9666666666667,30,0,20,31.27305772569445,0.6666666666666666,41.935483870967744,1032.2580645161293,34.40860215053764,0
2004,4,0,0,30,0.0,0.0,1.0,30,400,400,0,1.0,4,4,0,413.16901312934027,0.3421934865900383,0.0933767361111113,0.2542578542334403,133194.58896982312,5006.37537576599,138200.9643455891,1976,187,692.9666666666667,30,0,20,31.27305772569445,0.6666666666666666,41.935483870967744,1032.2580645161293,34.40860215053764,0
2005,4,0,0,30,0.0,0.0,1.0,30,600,500,100,0.8333333333333334,7,5,2,410.8259037430386,0.34248084291187736,0.0928143712574847,0.2532876880059408,133263.9701844144,4949.658197479477,138213.62838189385,1977,188,693.9666666666667,30,0,20,31.26355983684803,0.6673611111111111,41.86827956989247,1032.52688172043,34.41756272401434,0
2006,4,1,1,30,0.03225806451612903,0.03225806451612903,0.967741935483871,31,500,200,300,0.4,8,2,6,398.4442667000359,0.3480286738351255,0.08205042157808617,0.24749890233629052,133541.67569950287,4441.945600647479,137983.62130015035,1978,0,672.5483870967741,30,1,20,31.303641092327705,0.6701388888888888,41.5994623655914,1033.6021505376348,34.453405017921156,0
2007,4,0,0,30,0.0,0.0,1.0,30,1000,900,100,0.9,11,9,2,408.944988807033,0.3426724137931034,0.09330384248417012,0.2530717539429031,133402.78681061396,4910.88023181871,138313.66704243267,1979,190,695.9666666666667,30,0,20,31.172207043108685,0.66875,41.733870967741936,1033.0645161290324,34.43548387096775,0
2008,4,1,0,31,0.03225806451612903,0.0,1.0,31,500,300,200,0.6,7,3,4,403.73839143873647,0.3527777777777778,0.09768365320979489,0.22215903476472368,128894.11212640199,4226.399547635574,133120.51167403755,1980,0,674.483870967742,30,1,21,35.88627840282373,0.6232638888888888,46.13575268817205,1015.4569892473125,33.848566308243754,8
2009,4,1,0,32,0.03125,0.0,1.0,32,750,600,150,0.8,9,6,3,389.19715966163005,0.36061407930107525,0.09027644384684352,0.21600857283565525,129234.4856262207,3659.538947211372,132894.02457343208,1981,0,654.375,31,1,22,35.90741985742947,0.623991935483871,45.80078125,1016.796875,32.799899193548384,0
2010,4,0,0,32,0.0,0.0,1.0,32,800,500,300,0.625,11,5,6,364.59106146411295,0.36061407930107525,0.03737451067053921,0.18215751518828452,124968.43633621564,2712.4749706662524,127680.9113068819,1982,1,655.375,32,0,21,40.917939975586144,0.5777994791666667,50.031565656565654,999.873737373737,31.24605429292928,8
2011,4,7,6,33,0.1794871794871795,0.15384615384615385,0.8461538461538461,39,700,500,200,0.7142857142857143,9,5,4,314.1474631770153,0.40038798920377866,0.03546579382587223,0.16304945442379326,126541.1797417536,150.51812065973004,126691.69786241333,1983,0,538.5641025641025,39,0,15,40.56158763847186,0.579861111111111,48.46354166666667,1006.1458333333344,25.79861111111114,0
2012,4,0,0,33,0.0,0.0,1.0,33,1100,900,200,0.8181818181818182,13,9,4,359.8224943892754,0.36971275252525254,0.047341309958932376,0.18299735684197865,125705.64994533337,2446.3441044309748,128151.99404976434,1984,1,637.4242424242424,33,0,17,40.2744256385189,0.5830176767676768,49.295343137254896,1002.8186274509791,30.388443256090277,0
2013,4,2,0,35,0.05714285714285714,0.0,1.0,35,1000,800,200,0.8,12,8,4,358.984347826087,0.38252801120448177,0.0689291925465838,0.1776385542168675,124566.34898244601,1943.4739101080274,126509.82289255405,1985,0,601.9428571428572,35,0,18,41.475,0.5669642857142856,50.43402777777778,998.263888888889,28.521825396825403,7
2014,4,3,1,37,0.07894736842105263,0.02631578947368421,0.9736842105263158,38,1150,600,550,0.5217391304347826,17,6,11,348.75813310660993,0.397240990990991,0.10900605332470814,0.17346528978533984,124780.79793782685,1104.417147717443,125885.21508554429,1986,0,555.3421052631579,37,1,17,41.50799312262219,0.5653153153153154,50.21929824561403,999.1228070175424,27.00331910858223,3
2015,4,6,3,40,0.13953488372093023,0.06976744186046512,0.9302325581395349,43,650,400,250,0.6153846153846154,9,4,5,320.27311029291485,0.4174049464747139,0.14553139220550637,0.16195514063077068,125469.18945312512,-550.2058626211772,124918.98359050394,1987,0,491.6279069767442,39,4,16,41.50940944063217,0.5689102564102564,49.53125000000001,1001.8750000000009,25.689102564102587,4
2016,4,6,4,42,0.13043478260869565,0.08695652173913043,0.9130434782608696,46,1100,700,400,0.6363636363636364,15,7,8,315.50232359954975,0.4273450080515298,0.18730009490000255,0.16329555409734045,126426.81274373739,-1219.7834947575693,125207.02924897982,1988,0,460.4347826086956,40,6,10,40.64478914039342,0.5770833333333333,48.57723577235773,1005.6910569105708,25.14227642276427,0
2017,4,3,2,43,0.06666666666666667,0.044444444444444446,0.9555555555555556,45,850,500,350,0.5882352941176471,12,5,7,326.49522224792634,0.42451599326599326,0.21053479196144065,0.16945821341712636,126541.17974175357,-736.9818793402674,125804.1978624133,1989,0,471.6,39,6,12,40.250996479966865,0.579861111111111,48.46354166666667,1006.1458333333342,25.798611111111132,0
2018,4,4,5,42,0.0851063829787234,0.10638297872340426,0.8936170212765957,47,1250,700,550,0.56,18,7,11,319.9918038385358,0.4335491828553808,0.2278881659926153,0.16834351419331653,127092.01388888883,-1265.1231553819493,125826.89073350688,1990,0,452.4468085106383,40,7,15,39.85020661157026,0.5838541666666668,47.916666666666664,1008.3333333333328,25.20833333333332,0
2019,4,4,4,42,0.08695652173913043,0.08695652173913043,0.9130434782608696,46,1400,1200,200,0.8571428571428571,16,12,4,325.87938675202656,0.4321759259259259,0.21444290250288534,0.17155184030159704,127118.27392578125,-914.9549696180565,126203.31895616319,1991,0,463.0,39,7,16,39.674900148056324,0.5857371794871795,47.890625,1008.4375,25.857371794871796,0
2020,4,2,4,40,0.045454545454545456,0.09090909090909091,0.9090909090909091,44,1050,600,450,0.5714285714285714,15,6,9,341.5880012243651,0.42692917547568715,0.14026629935720858,0.17723905723905728,126529.03777513384,-138.90998190302838,126390.12779323081,1992,0,484.8863636363636,40,4,15,39.883838383838395,0.578125,48.47560975609756,1006.0975609756097,25.15243902439024,8
2021,4,2,0,42,0.047619047619047616,0.0,1.0,42,1050,800,250,0.7619047619047619,13,8,5,353.8506150605908,0.414198606271777,0.15837937384898737,0.18299131807419092,126392.74691358003,544.8302469135571,126937.57716049359,1993,0,508.8333333333333,38,4,17,39.71569981583793,0.5800438596491229,48.6111111111111,1005.5555555555537,26.46198830409352,0
2022,4,4,3,43,0.08695652173913043,0.06521739130434782,0.9347826086956522,46,1350,1000,350,0.7407407407407407,17,10,7,330.9935130426079,0.4263687600644122,0.17994795172073408,0.17526377821764302,127354.73632812487,-763.4946469907563,126591.24168113411,1994,0,465.5,39,7,15,39.303835569315424,0.5881410256410258,47.65624999999999,1009.374999999999,25.88141025641023,0
2023,4,2,0,45,0.044444444444444446,0.0,1.0,45,1400,900,500,0.6428571428571429,19,9,10,335.9285166368789,0.42411616161616167,0.19009342499559279,0.17873968063037085,127550.26989051426,-430.4454078091966,127119.82448270507,1995,0,476.73333333333335,38,7,18,38.97915564956811,0.5918311403508771,47.462606837606835,1010.1495726495725,26.582883490778226,0
2024,4,0,0,45,0.0,0.0,1.0,45,600,300,300,0.5,9,3,6,334.6446081661075,0.42447390572390575,0.1851891015473548,0.17829487658742973,127604.23657909635,-459.58604993060214,127144.65052916575,1996,1,477.73333333333335,38,7,18,38.956372704522224,0.5923793859649122,47.409188034188034,1010.3632478632479,26.58850652271705,0
2025,4,1,2,44,0.021739130434782608,0.043478260869565216,0.9565217391304348,46,1400,1100,300,0.7857142857142857,17,11,6,328.2143121534288,0.4275462962962963,0.1934518225391031,0.17613016456401892,127893.53820231797,-804.7020660115896,127088.83613630637,1997,0,468.32608695652175,41,5,19,38.82323133254872,0.5904471544715446,47.12301587301587,1011.5079365079365,24.670925280681377,0
2026,4,0,1,43,0.0,0.022727272727272728,0.9772727272727273,44,750,400,350,0.5333333333333333,11,4,7,343.7020069865281,0.4240221987315011,0.20089540909559434,0.1833014386902866,127644.04432508702,-25.69715711803167,127618.34716796898,1998,1,490.4318181818182,39,5,19,38.686840703707524,0.5910790598290598,47.36979166666668,1010.5208333333351,25.910790598290642,0
2027,4,2,0,45,0.044444444444444446,0.0,1.0,45,1350,800,550,0.5925925925925926,19,8,11,340.47012453012576,0.42615740740740743,0.20915259130936903,0.18410902050118522,128200.04712988618,-267.40497226309543,127932.64215762308,1999,0,480.15555555555557,37,8,23,38.20015879890285,0.6002252252252251,46.82017543859649,1012.7192982456145,27.370791844476067,0
2028,4,2,3,44,0.0425531914893617,0.06382978723404255,0.9361702127659575,47,1050,700,350,0.6666666666666666,14,7,7,325.37686307534227,0.4304463459759482,0.19364608348501777,0.17768898013261972,128593.1654188369,-1031.7518446180463,127561.41357421885,2000,0,460.6808510638298,39,8,19,38.181785115196334,0.6006944444444444,46.43229166666667,1014.2708333333342,26.006944444444464,0
2029,4,2,1,45,0.043478260869565216,0.021739130434782608,0.9782608695652174,46,1200,800,400,0.6666666666666666,16,8,8,331.62902615645885,0.43075684380032203,0.20214333227677117,0.1813439127309239,128645.99745008688,-667.4506293402726,127978.54682074662,2001,0,471.6304347826087,39,7,20,37.969439880891244,0.6012286324786325,46.380208333333336,1014.4791666666673,26.01228632478634,0
2030,4,1,0,46,0.021739130434782608,0.0,1.0,46,1000,800,200,0.8,12,8,4,333.34638476639014,0.4282105475040258,0.2103442735622545,0.1826468211695258,128725.26584201376,-617.9796006944543,128107.2862413193,2002,0,472.60869565217394,39,7,21,37.845154998973534,0.6020299145299146,46.30208333333333,1014.7916666666656,26.020299145299116,0
2031,4,0,0,46,0.0,0.0,1.0,46,1500,1200,300,0.8,18,12,6,328.9328124257716,0.42755636070853464,0.2086987733699559,0.18131282385323325,128963.21750217001,-715.9532335069541,128247.26426866306,2003,1,473.60869565217394,39,7,22,37.71504204696954,0.6044337606837608,46.06770833333333,1015.7291666666656,26.04433760683758,0
2032,4,1,0,47,0.02127659574468085,0.0,1.0,47,1500,1000,500,0.6666666666666666,20,10,10,329.9255336856153,0.42996453900709225,0.2301309427622389,0.17713477682344167,127913.11905115981,-952.9063304281308,126960.21272073168,2004,0,464.51063829787233,40,7,18,38.7599624941397,0.5921875000000001,47.10365853658536,1011.5853658536569,25.28963414634142,7
2033,4,2,1,48,0.04081632653061224,0.02040816326530612,0.9795918367346939,49,1350,800,550,0.5925925925925926,19,8,11,316.12615705481437,0.43253968253968256,0.2312738775909624,0.17210938726388617,128471.19005298855,-1677.1701403526097,126794.01991263594,2005,0,446.51020408163265,41,8,15,38.54044345500213,0.5962906504065042,46.55257936507935,1013.7896825396805,24.726577622919038,0
2034,4,1,1,48,0.02040816326530612,0.02040816326530612,0.9795918367346939,49,1100,700,400,0.6363636363636364,15,7,8,312.3819821840601,0.4331065759637189,0.22851714517217014,0.17082449999006413,128647.25548784326,-1762.5830656336625,126884.6724222096,2006,0,447.48979591836735,41,8,15,38.456304191929064,0.5980691056910569,46.37896825396825,1014.4841269841268,24.743515292295776,0
2035,4,1,2,47,0.02040816326530612,0.04081632653061224,0.9591836734693877,49,1250,800,450,0.64,17,8,9,314.41424557800417,0.4343112244897959,0.23097595671370574,0.17226263085256566,128722.74900990474,-1705.5467962648136,127017.20221363993,2007,0,448.46938775510205,41,8,15,38.32801756444099,0.5988313008130082,46.30456349206349,1014.7817460317449,24.75077429345719,0
2036,4,1,1,47,0.020833333333333332,0.020833333333333332,0.9791666666666666,48,1600,1300,300,0.8125,19,13,6,322.4380736118767,0.43231937056737585,0.2367416658324153,0.1770661856684466,128814.23017259935,-1293.0775538700127,127521.15261872933,2008,0,458.625,40,8,16,38.03141789301565,0.6013020833333331,46.21443089430896,1015.1422764227672,25.37855691056918,0
2037,4,0,0,47,0.0,0.0,1.0,47,1150,700,450,0.6086956521739131,16,7,9,328.5074047482999,0.4286925686093124,0.23863068083796035,0.18011523041433286,128751.69406467052,-940.8230251735718,127810.87103949695,2009,4,469.3829787234043,39,8,16,37.94102175921175,0.6022970085470085,46.276041666666686,1014.8958333333364,26.022970085470167,0
2038,4,2,3,46,0.04081632653061224,0.061224489795918366,0.9387755102040817,49,1550,1200,350,0.7741935483870968,19,12,7,313.87714438632753,0.43154761904761907,0.22397372742200328,0.17417309093650649,129227.22012566957,-1686.921871320668,127540.2982543489,2010,0,451.18367346938777,40,9,17,37.82941862402134,0.6054687499999998,45.80792682926831,1016.7682926829294,25.419207317073237,0
2039,4,3,2,47,0.061224489795918366,0.04081632653061224,0.9591836734693877,49,1150,900,250,0.782608695652174,14,9,5,315.74627613949883,0.43370890022675734,0.2364256460750318,0.1759007217825559,129382.26176754934,-1629.6065296780712,127752.65523787127,2011,0,451.9591836734694,40,9,18,37.624654546665354,0.6070312499999999,45.655487804878064,1017.37804878049,25.434451219512248,0
2040,4,1,1,47,0.020833333333333332,0.020833333333333332,0.9791666666666666,48,1250,1000,250,0.8,15,10,5,322.2220579062202,0.43208850472813237,0.2388096335757941,0.1788066803423891,129227.86593967053,-1271.9862196180154,127955.87972005252,2012,0,462.3541666666667,39,9,18,37.61664190827442,0.6071047008547007,45.807291666666686,1016.7708333333366,26.07104700854709,0
2041,4,2,1,48,0.04081632653061224,0.02040816326530612,0.9795918367346939,49,950,500,450,0.5263157894736842,14,5,9,315.95292692135706,0.4344352324263039,0.24636577172531626,0.1766753669286129,129529.39111118992,-1614.9619512156614,127914.42915997426,2013,0,453.8775510204082,41,8,15,37.470255498164576,0.6069613821138211,45.5109126984127,1017.9563492063498,24.828203639179264,0
2042,4,2,1,49,0.04,0.02,0.98,50,1250,900,350,0.72,16,9,7,307.99136574082365,0.4369642857142857,0.24336407720832898,0.17349465417762422,129817.8362647228,-2003.4454622618732,127814.39080246093,2014,0,445.76,42,8,16,37.38094672118157,0.6083829365079365,45.22771317829458,1019.0891472868228,24.264027316352923,0
2043,4,0,1,48,0.0,0.02040816326530612,0.9795918367346939,49,1250,900,350,0.72,16,9,7,313.78706394757313,0.4337443310657596,0.24395631902132986,0.17682580954105406,129832.5314645533,-1652.046229371389,128180.48523518191,2015,1,455.85714285714283,41,8,18,37.21841639897465,0.610010162601626,45.213293650793645,1019.1468253968245,24.85723964382499,0
2044,4,0,1,47,0.0,0.020833333333333332,0.9791666666666666,48,1350,800,550,0.5925925925925926,19,8,11,345.52939960751337,0.4322270242316785,0.2720464907995437,0.19003188635050522,128873.80248685139,-694.0624803161857,128179.7400065352,2016,2,466.1458333333333,41,7,18,37.38468897573685,0.6003556910569106,46.155753968253975,1015.3769841269855,24.76529229578013,2
2045,4,2,1,48,0.04081632653061224,0.02040816326530612,0.9795918367346939,49,1250,900,350,0.72,16,9,7,340.2983069067452,0.43271683673469385,0.26848444295751017,0.18871087928464986,129201.38888888911,-1006.597222222202,128194.7916666669,2017,0,456.85714285714283,42,7,19,37.18408469945354,0.6021825396825395,45.83333333333334,1016.6666666666684,24.20634920634925,0
2046,4,1,2,47,0.02040816326530612,0.04081632653061224,0.9591836734693877,49,1050,800,250,0.7619047619047619,13,8,5,332.64522001757655,0.4326105442176871,0.25298518103095935,0.18435448822347347,129177.321196697,-1205.9563138487251,127971.36488284827,2018,0,457.83673469387753,43,6,17,37.40306241266884,0.6005329457364341,45.85700757575757,1016.571969696969,23.641208597603928,2
2047,4,3,2,48,0.06,0.04,0.96,50,1050,600,450,0.5714285714285714,15,6,9,332.4050621957818,0.4349489795918367,0.2637581395348838,0.18591854415216702,129538.5719768708,-1388.1423431760977,128150.4296336947,2019,0,448.54,43,7,16,37.042248062015496,0.6041666666666667,45.50189393939393,1017.9924242424228,23.67424242424239,0
2048,4,0,0,48,0.0,0.0,1.0,48,1350,800,550,0.5925925925925926,19,8,11,344.162885299696,0.4326425827423168,0.25956943631753515,0.19158774298930925,129352.72285997705,-696.3187358276948,128656.40412414935,2020,1,468.2291666666667,41,7,18,36.931929003315766,0.6051829268292683,45.684523809523796,1017.2619047619025,24.811265969802502,0
2049,4,1,1,48,0.02040816326530612,0.02040816326530612,0.9795918367346939,49,1150,800,350,0.6956521739130435,15,8,7,338.70893854736005,0.43432893990929705,0.2611623822139413,0.19055775756155618,129768.46648526205,-1009.2520919716629,128759.21439329039,2021,0,459.6530612244898,42,7,17,36.648438738310325,0.6078869047619049,45.27616279069766,1018.8953488372073,24.259413067552554,0
2050,4,0,0,48,0.0,0.0,1.0,48,1200,700,500,0.5833333333333334,17,7,10,343.96811656023516,0.43252253250591016,0.26444274028629833,0.1933338034459252,129731.44531249988,-675.3038194444601,129056.14149305542,2022,1,470.1666666666667,41,7,18,36.55206203135649,0.6089939024390245,45.31249999999999,1018.7499999999991,24.847560975609735,0
2051,4,1,1,48,0.02040816326530612,0.02040816326530612,0.9795918367346939,49,1050,700,350,0.6666666666666666,14,7,7,342.3884880046594,0.43464781746031744,0.26171791659070043,0.1934807556812578,129941.30179225987,-901.9188299982188,129039.38296226165,2023,0,461.55102040816325,42,7,18,36.379332192865725,0.609623015873016,45.10658914728681,1019.573643410851,24.275562938353595,0
2052,4,0,0,48,0.0,0.0,1.0,48,1100,700,400,0.6363636363636364,15,7,8,353.0770748491203,0.4321254432624113,0.27638123297218575,0.19952078311291296,129941.30179225987,-424.14105222044094,129517.16074003943,2024,3,472.1666666666667,42,6,19,36.10688715706772,0.609623015873016,45.10658914728681,1019.573643410851,24.275562938353595,0
2053,4,0,0,48,0.0,0.0,1.0,48,1500,1000,500,0.6666666666666666,20,10,10,349.7526641937905,0.4322916666666667,0.2718029698581568,0.1983941836547531,130089.53788834775,-500.1675079622879,129589.37038038546,2025,4,473.1666666666667,42,6,19,36.04119174265451,0.6111111111111112,44.96124031007751,1020.1550387596875,24.289405684754463,0
2054,4,1,2,47,0.02040816326530612,0.04081632653061224,0.9591836734693877,49,1250,600,650,0.48,19,6,13,341.78828469249487,0.4332837301587302,0.26869062985147485,0.19512073290847684,130338.55273880342,-890.1318842561343,129448.4208545473,2026,0,464.48979591836735,41,8,19,35.99199698824443,0.6150914634146343,44.717261904761884,1021.1309523809489,24.905632984901192,0
2055,4,2,1,48,0.04081632653061224,0.02040816326530612,0.9795918367346939,49,900,500,400,0.5555555555555556,13,5,8,346.420759149127,0.4353032879818594,0.29146894687380365,0.19978823453879127,130732.87080854495,-742.2839297518439,129990.58687879311,2027,0,460.265306122449,42,7,18,35.47450413745181,0.617559523809524,44.3313953488372,1022.6744186046494,24.34939091915832,0
2056,4,0,0,48,0.0,0.0,1.0,48,1350,900,450,0.6666666666666666,18,9,9,349.1611027119517,0.43371380023640665,0.29144562334217516,0.20162716631440677,130782.42368247084,-467.1729463373772,130315.25073613346,2028,1,470.8541666666667,42,6,19,35.35430087154226,0.6180555555555556,44.2829457364341,1022.8682170542622,24.354005167958626,0
2057,4,0,0,48,0.0,0.0,1.0,48,1250,900,350,0.72,16,9,7,349.2283035660493,0.4334644651300236,0.29557131357136046,0.20205488533446123,130856.77059859688,-460.22239874406216,130396.54819985281,2029,2,471.8541666666667,42,6,19,35.2773700161,0.6187996031746031,44.21027131782946,1023.1589147286825,24.360926541159106,0
2058,4,0,0,48,0.0,0.0,1.0,48,1200,800,400,0.6666666666666666,16,8,8,352.1901549413835,0.4330212027186761,0.29971165073053707,0.20429349844293465,130955.93268320737,-375.7219555615435,130580.21072764583,2030,3,472.8541666666667,42,6,19,35.101296980024614,0.6197916666666665,44.113372093023266,1023.5465116279088,24.370155038759734,0
2059,4,0,0,48,0.0,0.0,1.0,48,1550,900,650,0.5806451612903226,22,9,13,347.7935791015628,0.43282727541371163,0.2619303385416669,0.19188611260775862,128999.74804736691,-602.4695577958912,128397.27848957102,2031,4,473.8541666666667,41,7,15,37.19889322916667,0.6016260162601625,46.031746031746025,1015.8730158730144,24.777390631049133,7
2060,4,0,0,48,0.0,0.0,1.0,48,1050,600,450,0.5714285714285714,15,6,9,345.6215015092123,0.43219932033096925,0.2650169204737738,0.19117422578079735,129100.54878432839,-676.0148966994354,128424.53388762896,2032,5,474.8541666666667,41,7,15,37.15142197058441,0.6026422764227642,45.93253968253968,1016.26984126984,24.787069299264388,0
2061,4,2,0,50,0.04,0.0,1.0,50,1350,800,550,0.5925925925925926,19,8,11,335.2878657182512,0.43462585034013607,0.2748972287554965,0.1883274002790799,129704.91672092021,-1302.1455895002587,128402.77113141996,2033,0,456.82,39,11,15,36.800051982138605,0.6119123931623931,45.33854166666667,1018.6458333333339,26.119123931623946,0
2062,4,0,0,50,0.0,0.0,1.0,50,1300,700,600,0.5384615384615384,19,7,12,332.2811446140042,0.43463435374149656,0.27257820486608075,0.18701807575455645,129784.51063368062,-1375.0108506944343,128409.49978298618,2034,1,457.82,39,11,15,36.79590063381722,0.6127136752136751,45.26041666666667,1018.9583333333339,26.127136752136767,0
2063,4,1,0,51,0.0196078431372549,0.0,1.0,51,1100,900,200,0.8181818181818182,13,9,4,327.0392787638471,0.4353267973856209,0.27782727279831754,0.1852238262795696,130029.26911891082,-1695.0643218322336,128334.20479707858,2035,0,449.8235294117647,40,11,17,36.68148830875513,0.6135416666666667,45.020325203252035,1019.9186991869929,25.49796747967482,0
2064,4,1,0,52,0.019230769230769232,0.0,1.0,52,1450,800,650,0.5517241379310345,21,8,13,321.7421023689067,0.4361566742081448,0.2836696341771472,0.18380820845395954,130366.3506861824,-2010.922111507676,128355.42857467472,2036,0,442.15384615384613,40,12,19,36.47564434272067,0.6169270833333333,44.690040650406516,1021.2398373983758,25.530995934959396,0
2065,4,2,2,52,0.037037037037037035,0.037037037037037035,0.962962962962963,54,1600,1300,300,0.8125,19,13,6,307.7155081098114,0.4408775914279059,0.2771918930391981,0.1778080251294624,130807.20364048131,-2749.718973469145,128057.48466701216,2037,0,426.74074074074076,42,12,15,36.3891651668719,0.6183035714285714,44.258720930232556,1022.9651162790695,24.356312292358798,0
2066,4,0,1,51,0.0,0.019230769230769232,0.9807692307692307,52,1100,600,500,0.5454545454545454,16,6,10,320.7704718083512,0.4355517848164907,0.2862283371828014,0.1843605374541943,130599.97046235722,-2021.4771713265752,128578.49329103064,2038,2,444.15384615384613,40,12,15,36.26445781136078,0.6192708333333332,44.461382113821145,1022.1544715447167,25.553861788617915,0
2067,4,0,1,50,0.0,0.0196078431372549,0.9803921568627451,51,1350,1200,150,0.8888888888888888,15,12,3,331.1428107218685,0.4341830065359477,0.2926487076330888,0.19010193774091608,130555.177137587,-1553.5183376735908,129001.6587999134,2039,3,453.3921568627451,39,12,15,36.04468198960351,0.6204594017094017,44.50520833333334,1021.9791666666682,26.204594017094056,0
2068,4,0,0,50,0.0,0.0,1.0,50,2200,1500,700,0.6818181818181818,29,15,14,333.76235198586073,0.43223639455782314,0.2853496393853874,0.1917780433302542,130589.98243343209,-1282.7960634450856,129307.186369987,2040,4,462.44,38,12,15,35.94256297689976,0.622532894736842,44.471153846153854,1022.1153846153858,26.897773279352258,0
2069,4,0,1,49,0.0,0.02,0.98,50,1300,900,400,0.6923076923076923,17,9,8,334.3173447978745,0.4320918367346939,0.284886896270633,0.19232065778700724,130635.0314670141,-1265.2886284722022,129369.74283854189,2041,5,463.44,39,11,15,35.882837443108485,0.6212606837606837,44.42708333333334,1022.2916666666683,26.21260683760688,0
2070,4,0,0,49,0.0,0.0,1.0,49,1250,800,450,0.64,17,8,9,343.50065255242913,0.43039611678004536,0.29252411815656654,0.19723452835033262,130562.68376981537,-830.3265852143834,129732.35718460099,2042,6,473.7755102040816,38,11,16,35.721348177573354,0.6222587719298245,44.49786324786326,1022.0085470085485,26.894961763382856,0
2071,4,1,1,49,0.02,0.02,0.98,50,1100,800,300,0.7272727272727273,14,8,6,336.5818204967686,0.43259353741496603,0.2986644951140056,0.19496343187265705,130901.3888888893,-1188.194444444404,129713.19444444489,2043,0,465.28,39,11,17,35.55578175895766,0.6239316239316237,44.166666666666686,1023.3333333333366,26.23931623931632,0
2072,4,0,1,48,0.0,0.02040816326530612,0.9795918367346939,49,1700,1200,500,0.7058823529411765,22,12,10,344.72731074473694,0.4309630102040816,0.29182883319117336,0.20014053032459594,130989.8015091053,-768.8475981558324,130220.95391094947,2044,1,475.1224489795918,40,9,18,35.25803302557995,0.6231770833333332,44.08028455284554,1023.67886178862,25.5919715447155,0
2073,4,0,0,48,0.0,0.0,1.0,48,1400,700,700,0.5,21,7,14,352.5473930870656,0.4283854166666667,0.29141436701740453,0.2048190563990257,131015.81090124954,-362.1434827152843,130653.66741853426,2045,2,485.7916666666667,40,8,20,35.03159949705513,0.6234374999999999,44.0548780487805,1023.7804878048803,25.594512195122007,0
2074,4,0,1,47,0.0,0.020833333333333332,0.9791666666666666,48,1100,600,500,0.5454545454545454,16,6,10,357.38924526206216,0.4282376625295508,0.2849799087211027,0.20833581278174268,131145.8965913976,-225.973399596768,130919.92319180084,2046,3,486.7916666666667,40,8,20,34.77610212653372,0.6247395833333332,43.9278455284553,1024.2886178861813,25.607215447154534,0
2075,4,1,1,47,0.020833333333333332,0.020833333333333332,0.9791666666666666,48,1100,800,300,0.7272727272727273,14,8,6,350.5802911248678,0.42825613179669025,0.2697325025849471,0.2054906044969522,131356.22409058546,-389.43979506794517,130966.78429551751,2047,0,486.4583333333333,37,11,20,34.738006738688625,0.6320382882882883,43.72258771929824,1025.109649122806,27.70566619250827,0
2076,4,0,0,47,0.0,0.0,1.0,47,1250,700,550,0.56,18,7,11,357.05547419919355,0.4267075238976257,0.275000632980833,0.20884845718240563,131276.0468305905,-25.43376958157586,131250.61306100892,2048,5,497.8085106382979,40,7,20,34.65308078804706,0.6260416666666666,43.80081300813009,1024.7967479674817,25.619918699187043,0
2077,4,0,0,47,0.0,0.0,1.0,47,400,200,200,0.5,6,2,4,359.9048185603807,0.42643771199506625,0.27936343193219204,0.2108013937282231,131328.12500000012,53.12500000001438,131381.25000000012,2049,6,498.8085106382979,40,7,20,34.527439024390254,0.6265624999999999,43.75000000000001,1025.000000000001,25.62500000000002,0
2078,4,0,0,47,0.0,0.0,1.0,47,1250,1000,250,0.8,15,10,5,359.14887662727915,0.42603299414122725,0.2818185004732021,0.210834978832455,131414.71021274658,39.48910904147476,131454.19932178804,2050,7,499.8085106382979,36,11,20,34.45931722496794,0.6345486111111112,43.66554054054054,1025.3378378378382,28.481606606606615,0
2079,4,0,0,47,0.0,0.0,1.0,47,1400,1000,400,0.7142857142857143,18,10,8,357.369140625,0.4256282762873882,0.2805984042553191,0.21021714154411758,131492.4391847468,-1.732001972397427,131490.7071827744,2051,8,500.8085106382979,38,9,20,34.42643229166665,0.631578947368421,43.589743589743584,1025.641025641025,26.99055330634276,0
2080,4,0,0,47,0.0,0.0,1.0,47,800,400,400,0.5,12,4,8,328.15661526497314,0.4254162812210916,0.17746586956790833,0.18993307125942377,130870.93431122445,-772.5010776006694,130098.43323362379,2052,9,501.8085106382979,41,6,16,35.80206515415939,0.6204268292682926,44.19642857142857,1023.2142857142853,24.95644599303135,4
2081,4,0,0,47,0.0,0.0,1.0,47,1400,1000,400,0.7142857142857143,18,10,8,329.66787666674463,0.42557045945112554,0.17951779648957822,0.19118513117317626,130947.07739866783,-766.1910076530594,130180.88639101476,2053,10,502.8085106382979,41,6,17,35.68654889987398,0.6211890243902438,44.12202380952381,1023.5119047619049,24.963704994192803,0
2082,4,1,0,48,0.020833333333333332,0.0,1.0,48,1150,900,250,0.782608695652174,14,9,5,324.17956751548616,0.42539339539007087,0.1838493530499079,0.18939648598906905,131231.07854109272,-1091.5131427915535,130139.56539830117,2054,0,493.3125,43,5,18,35.54066543438077,0.6211240310077519,43.84469696969697,1024.621212121212,23.82840028188865,0
2083,4,0,0,48,0.0,0.0,1.0,48,1350,900,450,0.6666666666666666,18,9,9,328.03105078166993,0.4251809988179669,0.1872067472905099,0.19239402559799348,131380.21349725703,-980.5344927220859,130399.67900453495,2055,1,494.3125,40,8,18,35.29172449114457,0.6270833333333332,43.69918699186992,1025.203252032521,25.630081300813025,0
2084,4,0,0,48,0.0,0.0,1.0,48,1400,900,500,0.6428571428571429,19,9,10,323.4342573115665,0.4254765070921986,0.18988177795389993,0.19047522714719675,131536.54095611075,-1091.3153133055712,130445.22564280518,2056,2,495.3125,40,8,18,35.25217125685226,0.6286458333333333,43.546747967479675,1025.8130081300812,25.645325203252032,0
2085,4,1,0,49,0.02040816326530612,0.0,1.0,49,1150,800,350,0.6956521739130435,15,8,7,320.0029703005285,0.4277388038548753,0.2068774297151632,0.19001184774315427,131850.08154745816,-1361.516454089292,130488.56509336887,2057,0,486.18367346938777,42,7,17,35.02492373494355,0.628720238095238,43.241279069767444,1027.0348837209308,24.45321151716502,0
2086,4,0,1,48,0.0,0.02040816326530612,0.9795918367346939,49,1250,900,350,0.72,16,9,7,316.70510889958797,0.4274199263038549,0.19380138010415582,0.1887186785650429,131984.12682399293,-1439.9905482380505,130544.13627575488,2058,1,487.18367346938777,43,6,17,34.97498310447577,0.6286337209302325,43.11079545454546,1027.5568181818194,23.896670190274868,0
2087,4,1,0,49,0.02040816326530612,0.0,1.0,49,1000,700,300,0.7,13,7,6,329.61196268229867,0.4283765589569161,0.18272225795762398,0.18030497645160215,128660.12878583011,-1293.0518671856528,127367.07691864445,2059,0,488.0816326530612,42,7,15,38.00620821394458,0.5967261904761905,46.36627906976744,1014.5348837209297,24.155592469545944,8
2088,4,0,0,49,0.0,0.0,1.0,49,800,500,300,0.625,11,5,6,331.72876588652014,0.4281285430839002,0.1814985734553567,0.1816874286801066,128709.2873024457,-1260.6853930052307,127448.60190944046,2060,1,489.0816326530612,42,7,15,37.90246212121214,0.5972222222222223,46.31782945736434,1014.728682170542,24.160206718346238,0
2089,4,1,1,49,0.02,0.02,0.98,50,1850,1600,250,0.8648648648648649,21,16,5,325.87509960901576,0.4301360544217687,0.17501864280387802,0.17983477719164187,129008.9101239668,-1591.841712580363,127417.06841138643,2061,0,480.28,43,7,15,37.746240367884674,0.5988372093023258,46.022727272727266,1015.9090909090896,23.625792811839293,0
2090,4,4,2,51,0.07547169811320754,0.03773584905660377,0.9622641509433962,53,1800,1200,600,0.6666666666666666,24,12,12,320.19563456790127,0.43644170295113693,0.21571488469601685,0.18029033477922368,129800.663102552,-2287.535381851684,127513.12772070031,2062,0,454.0188679245283,45,8,17,37.087407407407404,0.6041666666666667,45.244565217391305,1019.021739130435,22.64492753623189,0
2091,4,1,0,52,0.019230769230769232,0.0,1.0,52,1300,900,400,0.6923076923076923,17,9,8,329.3863208939752,0.4332893413775767,0.23062075085419642,0.18586437758696944,129884.774734225,-1843.5463820301773,128041.22835219481,2063,0,463.7307692307692,44,8,18,36.76802313258849,0.6062973484848484,45.16203703703704,1019.3518518518521,23.167087542087547,0
2092,4,1,2,51,0.018867924528301886,0.03773584905660377,0.9622641509433962,53,1150,800,350,0.6956521739130435,15,8,7,322.89489241670975,0.4334482341557813,0.2309913700686106,0.18332097117851906,130123.92354547358,-2196.7299411888303,127927.19360428475,2064,0,455.9622641509434,45,8,18,36.69137665719696,0.6074074074074074,44.927536231884055,1020.2898550724633,22.673107890499185,0
2093,4,1,2,50,0.019230769230769232,0.038461538461538464,0.9615384615384616,52,1450,1100,350,0.7586206896551724,18,11,7,327.1358281865589,0.43296725741578684,0.24344553515367728,0.18651569409546964,130288.52390276967,-1875.2957973525856,128413.22810541707,2065,0,464.5576923076923,40,12,19,36.41665007631561,0.6161458333333333,44.76626016260163,1020.9349593495947,25.523373983739866,0
2094,4,1,0,51,0.0196078431372549,0.0,1.0,51,1400,900,500,0.6428571428571429,19,9,10,328.25823821975274,0.43509803921568624,0.23864141756981305,0.18790727850711625,130444.20070725132,-1636.123297970749,128808.07740928058,2066,0,454.47058823529414,40,11,20,36.23055942432684,0.6177083333333332,44.6138211382114,1021.5447154471573,25.538617886178933,0
2095,4,0,0,51,0.0,0.0,1.0,51,1100,700,400,0.6363636363636364,15,7,8,330.3010309163284,0.4345751633986928,0.23505226222588949,0.18920320591463552,130470.1558781977,-1581.114601923432,128889.04127627426,2067,1,455.47058823529414,40,11,20,36.152143638714826,0.6179687499999998,44.58841463414635,1021.6463414634162,25.541158536585407,0
2096,4,0,0,51,0.0,0.0,1.0,51,1500,600,900,0.4,24,6,18,330.3394164830165,0.4348692810457517,0.2357052314227961,0.18969658130479594,130566.58340419516,-1573.7422052154018,128992.84119897976,2068,2,456.47058823529414,41,10,17,36.053678897301516,0.6173780487804876,44.49404761904763,1022.0238095238107,24.927409988385627,0
2097,4,0,0,51,0.0,0.0,1.0,51,1700,1400,300,0.8235294117647058,20,14,6,333.1726634421967,0.43472222222222223,0.2379196584513874,0.19182555695169165,130667.99433893936,-1492.9992598891356,129174.99507905022,2069,3,457.47058823529414,41,10,17,35.878776117472015,0.6183943089430894,44.39484126984127,1022.4206349206355,24.937088656600867,0
2098,4,1,1,51,0.019230769230769232,0.019230769230769232,0.9807692307692307,52,1350,900,450,0.6666666666666666,18,9,9,328.4484421893225,0.43486833836098543,0.24401647556495587,0.19072090214522855,130996.1591220851,-1794.9031207133019,129201.25600137179,2070,0,449.65384615384613,44,8,19,35.66822690545103,0.6174242424242424,44.074074074074076,1023.7037037037042,23.265993265993277,0
2099,4,1,1,51,0.019230769230769232,0.019230769230769232,0.9807692307692307,52,1400,1000,400,0.7142857142857143,18,10,8,327.7206130623654,0.435905291603821,0.24536108069134843,0.19113937148645135,131165.69789861643,-1802.859414382477,129362.83848423396,2071,0,449.9230769230769,45,7,19,35.515868629704954,0.617824074074074,43.908514492753625,1024.365942028986,22.763687600644133,0
2100,4,0,1,50,0.0,0.0196078431372549,0.9803921568627451,51,1200,900,300,0.75,15,9,6,333.2513104584888,0.43449346405228756,0.24029358578874604,0.19398734177215193,131090.963648834,-1462.75291495199,129628.21073388202,2072,2,459.7450980392157,44,7,19,35.44963080168776,0.6183712121212122,43.98148148148148,1024.074074074074,23.27441077441077,0
2101,4,1,1,50,0.0196078431372549,0.0196078431372549,0.9803921568627451,51,750,300,450,0.4,12,3,9,324.54226981294175,0.4342973856209151,0.2411924119241189,0.19008904374758032,131328.12500000017,-1675.4801097393556,129652.64489026082,2073,0,459.3333333333333,43,8,19,35.43360433604335,0.622093023255814,43.75000000000001,1025.0000000000014,23.837209302325615,0
2102,4,0,0,50,0.0,0.0,1.0,50,1100,700,400,0.6363636363636364,15,7,8,328.1483936435915,0.43252551020408164,0.2405841035120151,0.19171520622158003,131231.07854109284,-1387.3464761248742,129843.73206496796,2074,4,469.52,43,7,19,35.43900184842884,0.6211240310077519,43.844696969696976,1024.621212121213,23.828400281888673,0
2103,4,2,1,51,0.038461538461538464,0.019230769230769232,0.9807692307692307,52,1050,800,250,0.7619047619047619,13,8,5,317.545488320659,0.43515899949723474,0.2451337643645335,0.18790433377428103,131719.04047070196,-2034.4632441990643,129684.5772265029,2075,0,452.4230769230769,40,12,17,35.21969771969769,0.63046875,43.36890243902439,1026.5243902439024,25.663109756097562,0
2104,4,0,1,50,0.0,0.0196078431372549,0.9803921568627451,51,1400,1000,400,0.7142857142857143,18,10,8,322.1651384043293,0.4335294117647059,0.24613584396511068,0.19041950262134724,131675.35942925356,-1715.7579210069403,129959.60150824662,2076,1,462.29411764705884,39,12,17,35.14507002943265,0.6316773504273505,43.411458333333336,1026.3541666666672,26.316773504273517,0
2105,4,1,0,51,0.0196078431372549,0.0,1.0,51,1150,900,250,0.782608695652174,14,9,5,318.0050111483867,0.435016339869281,0.249680960415819,0.1893422062844634,131953.86860499697,-1807.6017086390361,130146.26689635793,2077,0,444.03921568627453,40,11,19,34.97197494230136,0.6328125,43.140243902439025,1027.4390243902435,25.68597560975609,0
2106,4,1,1,51,0.019230769230769232,0.019230769230769232,0.9807692307692307,52,1400,1000,400,0.7142857142857143,18,10,8,320.3074864697314,0.43544966063348417,0.25154757905849623,0.1908746843163491,131985.99810979603,-1942.5407783740502,130043.45733142197,2078,0,436.4807692307692,38,14,17,34.88056248700352,0.636513157894737,43.10897435897435,1027.5641025641014,27.041160593792142,1
2107,4,1,2,50,0.019230769230769232,0.038461538461538464,0.9615384615384616,52,1050,600,450,0.5714285714285714,15,6,9,321.60802749753543,0.4364709024635495,0.26162121321148457,0.1920664700529973,132068.34781804722,-1905.1518326758892,130163.19598537132,2079,0,437.46153846153845,38,14,18,34.764447562623424,0.6373355263157896,43.028846153846146,1027.8846153846143,27.049595141700376,0
2108,4,1,1,50,0.0196078431372549,0.0196078431372549,0.9803921568627451,51,1750,1100,650,0.6285714285714286,24,11,13,338.4270808255176,0.4331045751633987,0.26392592965329875,0.19880465200252762,131440.53939673738,-1272.8563528195343,130167.68304391784,2080,0,446.72549019607845,37,14,22,34.96444610778444,0.632882882882883,43.64035087719298,1025.4385964912276,27.71455666192507,4
2109,4,1,1,50,0.0196078431372549,0.0196078431372549,0.9803921568627451,51,1000,700,300,0.7,13,7,6,336.49993617041844,0.43256535947712416,0.27029779529638076,0.19840138013526193,131581.12502164132,-1344.5919657971633,130236.53305584415,2081,0,447.6078431372549,37,14,19,34.87217680168144,0.6342905405405406,43.50328947368421,1025.9868421052636,27.72937411095307,0
2110,4,1,1,50,0.0196078431372549,0.0196078431372549,0.9803921568627451,51,1350,900,450,0.6666666666666666,18,9,9,333.5209400853163,0.4329248366013072,0.26606912540203465,0.1973195315480121,131711.6845642485,-1414.279028782251,130297.40553546626,2082,0,448.5882352941176,38,13,19,34.817122883708016,0.6337719298245614,43.37606837606837,1026.4957264957252,27.013045434098032,0
2111,4,0,0,50,0.0,0.0,1.0,50,1050,700,350,0.6666666666666666,14,7,7,341.14110577332826,0.43113945578231294,0.2644833849770276,0.20143467564243392,131637.38031173046,-1018.6157038704278,130618.76460786004,2083,3,458.56,37,13,19,34.696437475513754,0.6348536036036037,43.4484649122807,1026.2061403508767,27.735301090564235,0
2112,4,0,0,50,0.0,0.0,1.0,50,1500,1000,500,0.6666666666666666,20,10,10,339.5073853220447,0.43079931972789115,0.26393756503642063,0.20115079981164286,131766.52444480962,-1052.8583625538859,130713.66608225573,2084,4,459.56,38,12,19,34.608263961151565,0.6343201754385965,43.32264957264957,1026.709401709401,27.018668466036868,0
2113,4,0,0,50,0.0,0.0,1.0,50,1800,1500,300,0.8333333333333334,21,15,6,336.17427519580525,0.43027210884353745,0.26342346089850244,0.2000403360323551,131931.11257213805,-1129.6307710570773,130801.48180108097,2085,5,460.56,38,12,19,34.52817353022739,0.6359649122807018,43.16239316239315,1027.350427350426,27.035537561853314,0
2114,4,0,1,49,0.0,0.02,0.98,50,1900,1600,300,0.8421052631578947,22,16,6,336.6869608866634,0.4299574829931973,0.2608105369807494,0.20140001842129504,132130.126953125,-1102.7018229166663,131027.42513020833,2086,6,461.56,39,11,19,34.31484295845998,0.6362179487179487,42.96875,1028.125,26.362179487179485,0
2115,4,0,0,49,0.0,0.0,1.0,49,1750,1300,450,0.7428571428571429,22,13,9,346.9985825027627,0.4274907879818594,0.2749941185322402,0.2084372645613909,132288.07259706678,-619.2452653590694,131668.82733170773,2087,7,471.48979591836735,38,11,20,33.89089382767334,0.63952850877193,42.81517094017093,1028.7393162393146,27.072087269455647,0
2116,4,0,2,47,0.0,0.04081632653061224,0.9591836734693877,49,1150,800,350,0.6956521739130435,15,8,7,347.1876810518604,0.4272604875283447,0.2794042781226276,0.20932027736240133,132426.97934420907,-604.5055123624084,131822.47383184667,2088,8,472.48979591836735,36,13,22,33.7463530269876,0.6446759259259259,42.68018018018018,1029.2792792792793,28.59109109109109,0
2117,4,0,0,47,0.0,0.0,1.0,47,750,500,250,0.6666666666666666,10,5,5,353.4126135700737,0.42524283071230345,0.2738179732018755,0.21243245055272234,132313.38158135168,-47.75640100803298,132265.62518034366,2089,9,489.36170212765956,37,10,22,33.70046449252193,0.6416103603603605,42.79057017543858,1028.8377192982434,27.80642484589847,0
2118,4,0,0,47,0.0,0.0,1.0,47,1300,900,400,0.6923076923076923,17,9,8,353.14004094598596,0.42506938020351526,0.26907932194307405,0.21308192158572573,132457.5684263545,-44.73166927669877,132412.8367570778,2090,10,490.36170212765956,35,12,22,33.56242035829398,0.6470238095238096,42.650462962962955,1029.3981481481474,29.41137566137564,0
2119,4,0,1,46,0.0,0.02127659574468085,0.9787234042553191,47,1300,900,400,0.6923076923076923,17,9,8,356.99999207527026,0.4248381128584644,0.2708834256705406,0.21678130487408287,132695.96220207462,74.49149091219158,132770.4536929868,2091,11,491.36170212765956,35,12,17,33.22333932449637,0.6494047619047618,42.418981481481474,1030.324074074073,29.437830687830658,0
2120,4,0,0,46,0.0,0.0,1.0,46,1450,1100,350,0.7586206896551724,18,11,7,361.7344088584563,0.4246276167471819,0.2865959605090045,0.22024588691255348,132796.4923469386,407.4121315192556,133203.90447845787,2092,12,501.6521739130435,34,12,18,33.000308000308,0.6525735294117647,42.32142857142856,1030.7142857142844,30.31512605042013,0
2121,4,0,0,46,0.0,0.0,1.0,46,1700,1500,200,0.8823529411764706,19,15,4,368.68684930969584,0.4238023349436393,0.2960927777108673,0.2255863603403393,132980.61224489793,605.6405895691519,133586.25283446707,2093,13,502.6521739130435,34,12,18,32.63600338565712,0.6544117647058822,42.14285714285714,1031.428571428571,30.336134453781504,0
2122,4,0,0,46,0.0,0.0,1.0,46,900,600,300,0.6666666666666666,12,6,6,370.70578686244164,0.42354066022544284,0.2957434852848211,0.22719493274044694,133042.01388888893,663.8888888888941,133705.90277777784,2094,14,503.6521739130435,34,12,18,32.52221324717287,0.6550245098039216,42.083333333333336,1031.666666666667,30.34313725490197,0
2123,4,0,0,46,0.0,0.0,1.0,46,1200,1000,200,0.8333333333333334,14,10,4,370.8242823374209,0.4231481481481481,0.2986210999019947,0.22788698315663553,133143.5282305598,674.5706607938927,133818.0988913537,2095,15,504.6521739130435,35,11,18,32.41712926619565,0.6538690476190476,41.9849537037037,1032.060185185185,29.487433862433857,0
2124,4,0,0,46,0.0,0.0,1.0,46,1050,800,250,0.7619047619047619,13,8,5,383.8396112825943,0.4227958937198068,0.323643566745766,0.2318048155287623,132489.90929705213,971.3802832411153,133461.28958029323,2096,16,505.6521739130435,34,12,19,32.73974714770272,0.6495098039215687,42.61904761904761,1029.5238095238092,30.280112044817916,1
2125,4,1,1,46,0.02127659574468085,0.02127659574468085,0.9787234042553191,47,1000,600,400,0.6,14,6,8,376.01441430969015,0.4242599444958372,0.31106268280094107,0.22869073394900793,132755.59413580227,583.6033950617066,133339.19753086398,2097,0,495.8723404255319,35,12,18,32.673517520215626,0.6500000000000001,42.3611111111111,1030.5555555555538,29.444444444444397,0
2126,4,1,1,46,0.02127659574468085,0.02127659574468085,0.9787234042553191,47,1050,600,450,0.5714285714285714,15,6,9,379.2557720702911,0.4245297563983965,0.31126694627826756,0.23139797380836685,132874.89819101518,678.7144204389646,133553.61261145415,2098,0,496.8510638297872,35,12,18,32.46987726388266,0.6511904761904761,42.245370370370374,1031.0185185185192,29.457671957671977,0
2127,4,0,0,46,0.0,0.0,1.0,46,1100,600,500,0.5454545454545454,16,6,10,387.46239313787254,0.4224537037037037,0.31794790420623475,0.23584091667072848,132785.41512613607,1089.870943715718,133875.28606985178,2099,19,508.6521739130435,35,11,18,32.34851675088902,0.650297619047619,42.33217592592593,1030.671296296297,29.447751322751344,0
2128,4,0,0,46,0.0,0.0,1.0,46,850,700,150,0.8235294117647058,10,7,3,391.66824107692463,0.421688808373591,0.3206009254016904,0.23897128024063335,132874.89819101518,1208.5755315500753,134083.47372256525,2100,20,509.6521739130435,35,11,18,32.14994012872325,0.6511904761904761,42.245370370370374,1031.0185185185192,29.457671957671977,0
2129,4,0,0,46,0.0,0.0,1.0,46,1350,800,550,0.5925925925925926,19,8,11,391.26619732680325,0.42149758454106284,0.31897233201581,0.23910712058860212,132934.57031250012,1202.560763888903,134137.13107638902,2101,21,510.6521739130435,35,11,18,32.10016835016836,0.6517857142857142,42.18750000000001,1031.250000000001,29.46428571428574,0
2130,4,0,0,46,0.0,0.0,1.0,46,1100,600,500,0.5454545454545454,16,6,10,384.94771297475427,0.42068236714975843,0.31005325062905964,0.23637698408284485,133113.66705246904,1048.3603395061662,134162.02739197522,2102,22,511.6521739130435,35,11,19,32.08277254374159,0.6535714285714285,42.013888888888886,1031.944444444444,29.48412698412697,0
2131,4,0,0,46,0.0,0.0,1.0,46,1500,1100,400,0.7333333333333333,19,11,8,384.07446158795153,0.4205716586151369,0.3064978499761102,0.2362190378235416,133173.39275763035,1029.6998242455427,134203.09258187588,2103,23,512.6521739130435,35,11,19,32.04520819316737,0.6541666666666666,41.95601851851852,1032.1759259259263,29.49074074074075,0
2132,4,0,0,46,0.0,0.0,1.0,46,1750,1600,150,0.9142857142857143,19,16,3,383.81628426069295,0.4205012077294686,0.3036459348800935,0.23643931323241577,133233.13185871052,1027.4091220850423,134260.54098079557,2104,24,513.6521739130435,35,11,19,31.991778774289976,0.6547619047619049,41.898148148148145,1032.4074074074072,29.49735449735449,0
2133,4,0,0,46,0.0,0.0,1.0,46,1350,1000,350,0.7407407407407407,17,10,7,383.27218761780205,0.4206219806763285,0.3049834162116878,0.23743725321749626,133442.32420535415,1028.9463037980186,134471.27050915218,2105,25,514.6521739130435,35,11,20,31.7955126768978,0.6568452380952381,41.695601851851855,1033.217592592593,29.52050264550266,0
2134,4,0,1,45,0.0,0.021739130434782608,0.9782608695652174,46,1050,800,250,0.7619047619047619,13,8,5,383.1607639120678,0.42014895330112717,0.3097031180367431,0.2381521054436998,133564.50007086174,1035.338524716737,134599.83859557848,2106,26,515.6521739130435,34,12,21,31.675640139736647,0.6602328431372548,41.577380952380956,1033.6904761904768,30.40266106442579,0
2135,4,0,0,45,0.0,0.0,1.0,45,1150,700,450,0.6086956521739131,16,7,9,407.1511478918883,0.42053872053872055,0.3195043639488082,0.23649417739252254,131008.00781250013,1668.012152777792,132676.01996527793,2107,27,514.8,39,6,16,33.64197530864199,0.625,44.06250000000001,1023.750000000001,26.250000000000025,5
2136,4,1,0,46,0.021739130434782608,0.0,1.0,46,1200,700,500,0.5833333333333334,17,7,10,399.2332606252886,0.42301731078904997,0.31866383881230087,0.23383662408052658,131328.12500000026,1286.1111111111402,132614.23611111142,2108,0,504.5869565217391,40,6,17,33.51964769647697,0.6265624999999999,43.750000000000014,1025.000000000002,25.62500000000005,0
2137,4,0,0,46,0.0,0.0,1.0,46,1600,1400,200,0.875,18,14,4,391.9156856973162,0.42251409017713365,0.31252817002848343,0.23107467366539303,131581.1250216413,1113.74136753617,132694.86638917745,2109,1,505.5869565217391,37,9,15,33.4507810551815,0.6342905405405406,43.50328947368421,1025.9868421052633,27.729374110953064,0
2138,4,1,1,46,0.02127659574468085,0.02127659574468085,0.9787234042553191,47,1750,1500,250,0.8571428571428571,20,15,5,385.2812271731193,0.424086493987049,0.3156986774008057,0.22992589363557114,132040.89506172837,774.5756172839547,132815.47067901233,2110,0,495.8085106382979,38,9,17,33.15596846846849,0.6370614035087719,43.05555555555556,1027.7777777777776,27.04678362573099,0
2139,4,1,1,46,0.02127659574468085,0.02127659574468085,0.9787234042553191,47,1200,900,300,0.75,15,9,6,387.5306279189805,0.42372032069071847,0.31538175837003224,0.2319399728291212,132150.72320841553,842.4905489809344,132993.21375739647,2111,0,496.74468085106383,38,9,17,32.98719347464671,0.6381578947368421,42.94871794871795,1028.2051282051284,27.05802968960864,0
2140,4,0,0,46,0.0,0.0,1.0,46,1400,1200,200,0.8571428571428571,16,12,4,394.90359805223693,0.42197061191626406,0.3232762219274401,0.23578511644214445,132059.6782182979,1230.1684172052896,133289.84663550317,2112,2,508.54347826086956,37,9,18,32.88973046013797,0.6390765765765766,43.03728070175438,1027.8508771929821,27.779753437648164,0
2141,4,0,0,46,0.0,0.0,1.0,46,2100,1600,500,0.7619047619047619,26,16,10,399.7919531591624,0.421256038647343,0.32531467205007614,0.23980044442761733,132233.1242809008,1373.1478057199247,133606.27208662074,2113,3,509.54347826086956,38,8,18,32.58868287109171,0.6389802631578947,42.868589743589745,1028.5256410256416,27.066464237516882,0
2142,4,0,0,46,0.0,0.0,1.0,46,1300,1000,300,0.7692307692307693,16,10,6,402.11954464727614,0.4206521739130435,0.32684545577678414,0.24172354650145264,132315.551035503,1441.3338264299841,133756.884861933,2114,4,510.54347826086956,38,8,19,32.445482866043605,0.6398026315789473,42.78846153846154,1028.8461538461543,27.074898785425113,0
2143,4,0,1,45,0.0,0.021739130434782608,0.9782608695652174,46,850,600,250,0.7058823529411765,11,6,5,403.7109278958838,0.4205314009661836,0.33207181834184074,0.24321121753727667,132398.0034722224,1490.1555309007422,133888.15900312315,2115,5,511.54347826086956,36,10,19,32.32118758434547,0.6443865740740741,42.70833333333334,1029.166666666668,28.587962962963005,0
2144,4,0,0,45,0.0,0.0,1.0,45,850,600,250,0.7058823529411765,11,6,5,405.09274235288024,0.4202651515151515,0.321382893685052,0.2448169182045668,132517.14677640607,1736.3468792866997,134253.49365569276,2116,6,505.24444444444447,35,10,19,32.16520533573142,0.6476190476190475,42.592592592592595,1029.62962962963,29.41798941798943,0
2145,4,0,0,45,0.0,0.0,1.0,45,1050,700,350,0.6666666666666666,14,7,7,401.66900356449173,0.4199915824915825,0.2963790606248706,0.24792672978635857,133306.67529585792,1712.4612421977022,135019.1365380556,2117,7,506.24444444444447,38,7,18,31.456910821435947,0.649671052631579,41.82692307692307,1032.6923076923072,27.17611336032387,1
2146,4,0,1,44,0.0,0.022222222222222223,0.9777777777777777,45,900,600,300,0.6666666666666666,12,6,6,399.3560618765408,0.41875,0.29276531210147194,0.24741655825804118,133444.62393390667,1658.3838985681775,135103.00783247483,2118,8,507.24444444444447,38,7,19,31.377744459380263,0.6510416666666667,41.69337606837606,1033.2264957264947,27.190170940170912,0
2147,4,0,0,44,0.0,0.0,1.0,44,1550,1200,350,0.7741935483870968,19,12,7,400.71736200207033,0.417448467230444,0.2807933084879193,0.24927145928552857,133595.26643990935,1906.799963027077,135502.0664029364,2119,9,494.79545454545456,34,10,19,31.190983417779833,0.6605392156862745,41.54761904761905,1033.809523809524,30.406162464986004,0
2148,4,0,0,44,0.0,0.0,1.0,44,1050,700,350,0.6666666666666666,14,7,7,404.22783144931805,0.41647947498238197,0.28299221496735294,0.25229392238733295,133718.36734693882,2010.5371315192795,135728.9044784581,2120,10,495.79545454545456,34,10,16,30.976394643953338,0.661764705882353,41.42857142857143,1034.2857142857147,30.420168067226903,0
2149,4,0,0,44,0.0,0.0,1.0,44,1100,800,300,0.7272727272727273,14,8,6,403.8556821764786,0.41644644115574353,0.28044539353264164,0.25283401951384576,133831.2596450617,2009.7029320987622,135840.96257716048,2121,11,496.79545454545456,35,9,16,30.872483221476507,0.6607142857142857,41.31944444444444,1034.7222222222222,29.563492063492063,0
2150,4,0,0,44,0.0,0.0,1.0,44,1450,900,550,0.6206896551724138,20,9,11,370.84624507866977,0.4163253171247357,0.2306011511404824,0.2227451646176744,132285.18029586,1025.4778179610507,133310.65811382103,2122,12,497.79545454545456,37,7,20,33.28048390535066,0.641328828828829,42.817982456140335,1028.7280701754364,27.803461356092875,5
2151,4,1,0,45,0.022222222222222223,0.0,1.0,45,1250,900,350,0.72,16,9,7,363.7965499565335,0.41771885521885527,0.23651030208407264,0.2204841800188176,132623.79410010757,649.6638388734781,133273.45793898104,2123,0,487.7111111111111,37,8,21,33.12087502661271,0.6447072072072073,42.48903508771929,1030.0438596491215,27.83902323376004,0
2152,4,1,1,45,0.021739130434782608,0.021739130434782608,0.9782608695652174,46,850,600,250,0.7058823529411765,11,6,5,356.7285511483116,0.4202194041867955,0.23787326463206404,0.217439910930515,132838.18354381234,277.4345505515177,133115.61809436386,2124,0,478.0869565217391,38,8,13,33.08740974885135,0.6450109649122808,42.280982905982896,1030.8760683760668,27.128317588843863,0
2153,4,0,0,45,0.0,0.0,1.0,45,700,400,300,0.5714285714285714,10,4,6,363.7876523379055,0.4182239057239057,0.24328580549053003,0.22114336071614682,132736.761551631,657.5989727608217,133394.3605243918,2125,1,489.68888888888887,37,8,13,33.007466127544866,0.6458333333333335,42.37938596491227,1030.4824561403489,27.850877192982402,0
2154,4,0,0,45,0.0,0.0,1.0,45,1200,600,600,0.5,18,6,12,357.1988584420386,0.41771885521885527,0.23764792558824976,0.2182078089672502,132920.79863393944,495.8315070494369,133416.63014098888,2126,2,490.68888888888887,38,7,13,32.992298660035914,0.6458333333333335,42.20085470085469,1031.1965811965795,27.13675213675209,0
2155,4,0,2,43,0.0,0.044444444444444446,0.9555555555555556,45,1300,1100,200,0.8461538461538461,15,11,4,353.0226796514983,0.41746632996632993,0.23254732723401883,0.21613405022417337,133003.4394061836,390.64611640731766,133394.08552259093,2127,3,491.68888888888887,38,7,13,33.017003279820486,0.646655701754386,42.12072649572649,1031.5170940170926,27.14518668466033,0
2156,4,0,1,42,0.0,0.023255813953488372,0.9767441860465116,43,1400,1100,300,0.7857142857142857,17,11,6,364.3279127996624,0.41655131044665933,0.23136944131183568,0.222385757972914,132891.02447041642,1083.1819150231388,133974.20638543955,2128,4,504.7674418604651,36,7,14,32.83843927479249,0.6493055555555556,42.22972972972973,1031.0810810810815,28.64114114114115,0
2157,4,0,0,42,0.0,0.0,1.0,42,700,500,200,0.7142857142857143,9,5,4,365.03372093638814,0.41536004645760743,0.22207489678553216,0.22316280482880135,132949.08717839475,1306.1799975651447,134255.2671759599,2129,5,502.64285714285717,36,6,14,32.76188396301958,0.6498842592592593,42.17342342342343,1031.3063063063073,28.647397397397427,0
2158,4,0,2,40,0.0,0.047619047619047616,0.9523809523809523,42,1150,700,450,0.6086956521739131,16,7,9,364.06580669651964,0.41471883468834686,0.22494165224216522,0.22309075954159327,133036.20501836305,1286.786659970793,134322.99167833384,2130,6,503.64285714285717,36,6,14,32.6993050249245,0.6507523148148149,42.08896396396397,1031.644144144145,28.656781781781806,0
2159,4,0,0,40,0.0,0.0,1.0,40,1300,900,400,0.6923076923076923,17,9,8,378.27584030660984,0.4125400641025641,0.236001347103727,0.23080008119529308,132874.89819101503,2052.6727537722836,134927.57094478732,2131,7,477.675,35,5,15,32.495135458763656,0.6511904761904762,42.24537037037037,1031.018518518518,29.457671957671945,0
2160,4,0,0,40,0.0,0.0,1.0,40,1050,800,250,0.7619047619047619,13,8,5,380.3161289525888,0.41169871794871793,0.2340037024570849,0.23297303486972,133024.10361207573,2118.242428626554,135142.34604070228,2132,8,478.675,35,5,16,32.29236788959947,0.6526785714285714,42.10069444444445,1031.597222222223,29.474206349206373,0
2161,4,0,0,40,0.0,0.0,1.0,40,1050,700,350,0.6666666666666666,14,7,7,381.86169036176057,0.4114449786324786,0.2378699551569503,0.23523524019522843,133233.13185871075,2175.3257887517375,135408.4576474625,2133,9,479.675,35,5,16,32.04222720478326,0.6547619047619047,41.89814814814816,1032.407407407409,29.497354497354543,0
2162,4,0,0,40,0.0,0.0,1.0,40,550,200,350,0.36363636363636365,9,2,7,383.521114849204,0.41089743589743594,0.2382817753866846,0.23663730198372057,133292.88435570992,2224.127121913582,135517.0114776235,2134,10,480.675,35,5,16,31.939307330195025,0.6553571428571427,41.84027777777778,1032.6388888888891,29.50396825396826,0
2163,4,0,0,40,0.0,0.0,1.0,40,700,300,400,0.42857142857142855,11,3,8,384.8163715671818,0.4109775641025641,0.2421223666517256,0.23781864957517532,133352.65024862834,2263.2566015089246,135615.90685013725,2135,11,481.675,35,5,17,31.845771701777974,0.6559523809523808,41.78240740740741,1032.870370370371,29.510582010582027,0
2164,4,0,0,40,0.0,0.0,1.0,40,1000,600,400,0.6,14,6,8,388.3387750373708,0.4099492521367521,0.242904860631191,0.24117004612835855,133533.73724489793,2371.3191732454234,135905.05641814336,2136,12,482.675,34,6,17,31.57274629501651,0.6599264705882353,41.607142857142854,1033.5714285714282,30.399159663865536,0
2165,4,0,1,39,0.0,0.025,0.975,40,700,400,300,0.5714285714285714,10,4,6,388.3600829233021,0.41006944444444443,0.24429632615455432,0.2413837222636387,133564.50007086163,2374.2240646258438,135938.7241354875,2137,13,483.675,34,6,17,31.54127797612191,0.6602328431372548,41.57738095238095,1033.690476190476,30.40266106442576,0
2166,4,0,0,39,0.0,0.0,1.0,39,1050,800,250,0.7619047619047619,13,8,5,391.0120347194543,0.40882253711201083,0.2441672441672449,0.24325792956440365,133598.88624567463,2647.7544694348235,136246.64071510945,2138,14,493.20512820512823,33,6,17,31.438181602655284,0.662878787878788,41.54411764705882,1033.823529411764,31.327985739750424,0
2167,4,0,0,39,0.0,0.0,1.0,39,500,300,200,0.6,7,3,4,392.0709856888808,0.4082883490778228,0.24320538646880663,0.24454449728222188,133693.92368620232,2683.5016880526578,136377.425374255,2139,15,494.20512820512823,33,6,17,31.315297033613774,0.6638257575757576,41.452205882352935,1034.1911764705874,31.33912655971477,0
2168,4,0,0,39,0.0,0.0,1.0,39,1100,800,300,0.7272727272727273,14,8,6,391.9712046000765,0.40806342780026994,0.24350467857576885,0.24469208334501807,133725.61034217608,2683.3177143406374,136408.9280565167,2140,16,495.20512820512823,33,6,16,31.28603870458135,0.6641414141414141,41.42156862745098,1034.313725490196,31.342840166369577,0
2169,4,0,0,39,0.0,0.0,1.0,39,900,500,400,0.5555555555555556,13,5,8,390.12022389378694,0.407838506522717,0.24245074991343674,0.2439551800082479,133788.99491781995,2638.7585303729165,136427.75344819287,2141,17,496.20512820512823,33,6,16,31.27023612098238,0.6647727272727273,41.36029411764705,1034.5588235294108,31.350267379679114,0
2170,4,0,0,39,0.0,0.0,1.0,39,650,600,50,0.9230769230769231,7,6,1,390.31581857585417,0.40688259109311736,0.24564120785842958,0.2442873577639684,133820.69283749026,2646.4666534505777,136467.15949094083,2142,18,497.20512820512823,33,6,16,31.233344190453625,0.6650883838383839,41.32965686274509,1034.6813725490185,31.353980986333895,0
2171,4,0,0,39,0.0,0.0,1.0,39,1200,900,300,0.75,15,9,6,408.56125309233545,0.4064327485380117,0.28306376939519096,0.24555111418105244,132308.68115837174,3023.4386972892166,135332.11985566095,2143,19,498.20512820512823,35,4,19,32.28674485318933,0.6455357142857143,42.79513888888888,1028.819444444443,29.394841269841226,4
2172,4,0,0,39,0.0,0.0,1.0,39,1550,1100,450,0.7096774193548387,20,11,9,406.7711270528458,0.40651709401709407,0.2745380583030914,0.24565340130956742,132489.90929705193,2978.6440863961066,135468.55338344804,2144,20,499.20512820512823,34,5,19,32.14953361085415,0.6495098039215688,42.619047619047606,1029.5238095238076,30.28011204481787,0
2173,4,0,0,39,0.0,0.0,1.0,39,750,500,250,0.6666666666666666,10,5,5,405.47334024570375,0.4058704453441295,0.27669902912621436,0.245669141442985,132612.49999999985,2954.166666666653,135566.6666666665,2145,21,500.20512820512823,34,5,19,32.05906148867315,0.6507352941176471,42.49999999999999,1029.9999999999989,30.29411764705879,0
2174,4,1,1,39,0.025,0.025,0.975,40,750,500,250,0.6666666666666666,10,5,5,394.3057717441973,0.4096287393162393,0.26172953856517345,0.2403888780920988,132845.06715374222,2476.315345293198,135321.38249903542,2146,0,488.675,35,5,18,32.112032670932955,0.6508928571428572,42.27430555555555,1030.9027777777771,29.45436507936506,0
2175,4,0,0,39,0.0,0.0,1.0,39,800,600,200,0.75,10,6,4,399.21510315056014,0.4055611785874944,0.26736018109712445,0.24260833196924447,132725.77649444848,2797.2269107938696,135523.00340524234,2147,23,502.20512820512823,35,4,18,32.105867872252794,0.6497023809523811,42.39004629629628,1030.439814814813,29.441137566137513,0
2176,4,0,0,39,0.0,0.0,1.0,39,1050,800,250,0.7619047619047619,13,8,5,399.20653080597873,0.4057017543859649,0.25825841386636283,0.24337663038253596,132845.06715374222,2806.5236786265314,135651.59083236876,2148,24,503.20512820512823,35,4,18,31.985727517682708,0.6508928571428572,42.27430555555555,1030.9027777777771,29.45436507936506,0
2177,4,0,0,39,0.0,0.0,1.0,39,1050,900,150,0.8571428571428571,12,9,3,398.7222816797253,0.4049707602339181,0.2647030895263418,0.24385821908359853,132964.41139671204,2803.1746988597292,135767.58609557175,2149,25,504.20512820512823,35,4,18,31.877852279953622,0.6520833333333333,42.15856481481481,1031.36574074074,29.46759259259257,0
2178,4,0,0,39,0.0,0.0,1.0,39,800,400,400,0.5,12,4,8,398.91394894277585,0.40449280251911834,0.2684410843279912,0.24436563758948177,133024.10361207562,2813.0340952932074,135837.13770736882,2150,26,505.20512820512823,35,4,19,31.812731403567817,0.6526785714285714,42.10069444444444,1031.5972222222222,29.474206349206348,0
2179,4,0,0,39,0.0,0.0,1.0,39,450,200,250,0.4444444444444444,7,2,5,398.18022276434147,0.40480206927575346,0.2650282183600561,0.24411131401109604,133053.9547432269,2795.890667866928,135849.84541109382,2151,27,506.20512820512823,35,4,19,31.80156682372299,0.6529761904761905,42.07175925925925,1031.712962962962,29.477513227513196,0
2180,4,0,0,39,0.0,0.0,1.0,39,1250,700,550,0.56,18,7,11,398.532997587347,0.40452091767881243,0.26079830229207834,0.24491514400319597,133143.52823055984,2812.4178830161154,135955.94611357595,2152,28,507.20512820512823,35,4,19,31.702202721393586,0.6538690476190476,41.9849537037037,1032.0601851851852,29.487433862433864,0
2181,4,0,1,38,0.0,0.02564102564102564,0.9743589743589743,39,1150,900,250,0.782608695652174,14,9,5,358.1143930060332,0.4045490328385066,0.14327264775026016,0.2147770464447946,132228.78674207427,1678.0042367172832,133906.79097879154,2153,29,508.20512820512823,37,2,18,33.66471215351814,0.6407657657657658,42.87280701754385,1028.5087719298228,27.7975343764817,7
2182,4,0,0,38,0.0,0.0,1.0,38,850,600,250,0.7058823529411765,11,6,5,357.43045639008403,0.4040273826458037,0.13307132557969958,0.21452687852817479,132256.9820161009,1854.5346885579982,134111.5167046589,2154,30,509.3421052631579,37,1,18,33.653905944639895,0.6410472972972974,42.845394736842096,1028.6184210526299,27.800497866287294,0
2183,4,0,0,38,0.0,0.0,1.0,38,1300,1100,200,0.8461538461538461,15,11,4,357.8362011238248,0.40460526315789475,0.13257911132972633,0.2151037838216247,132315.55103550272,1869.4588264299546,134185.0098619327,2155,31,510.3421052631579,38,0,18,33.584501557632386,0.6398026315789475,42.788461538461526,1028.846153846152,27.074898785425052,0
2184,4,0,0,38,0.0,0.0,1.0,38,700,500,200,0.7142857142857143,9,5,4,357.1822037783562,0.40479788999525845,0.13480318489089527,0.21486707086754195,132343.03232750733,1854.115188289852,134197.14751579717,2156,32,511.3421052631579,38,0,18,33.573659709964346,0.640076754385965,42.76175213675213,1028.9529914529903,27.077710301394482,0
2185,4,0,0,38,0.0,0.0,1.0,38,1450,1200,250,0.8275862068965517,17,12,5,356.2154717638183,0.40423482693219537,0.13141773041070004,0.21492842425036726,132455.95838659615,1836.5951694704813,134292.55355606662,2157,33,512.3421052631579,36,2,18,33.48489406702404,0.6449652777777778,42.65202702702703,1029.3918918918926,28.594219219219237,0
2186,4,1,1,38,0.02564102564102564,0.02564102564102564,0.9743589743589743,39,900,400,500,0.4444444444444444,14,4,10,349.4735123188647,0.4055049482681062,0.115617814798753,0.21292290922291957,132821.5187004656,1483.5205303554997,134305.0392308211,2158,0,500.1794871794872,37,2,16,33.29111707974329,0.6466779279279279,42.29714912280702,1030.8114035087724,27.859767662399253,0
2187,4,0,1,37,0.0,0.02631578947368421,0.9736842105263158,38,1600,1300,300,0.8125,19,13,6,355.7539363767535,0.4043089141773352,0.11222078496592558,0.21642273449871238,132765.01092884352,1846.3350502077576,134611.3459790513,2159,35,514.3421052631579,37,1,16,33.18604372805617,0.6461148648648649,42.35197368421053,1030.5921052631581,27.853840682788057,0
2188,4,0,0,37,0.0,0.0,1.0,37,1250,900,350,0.72,16,9,7,365.586073038908,0.40212087087087084,0.11412789839019322,0.22211902843997425,132716.91243608494,2303.8909686713964,135020.80340475633,2160,36,525.918918918919,36,1,17,32.98110200364299,0.6475694444444444,42.39864864864866,1030.405405405407,28.622372372372418,0
2189,4,0,0,37,0.0,0.0,1.0,37,1300,1000,300,0.7692307692307693,16,10,6,363.72787435409344,0.4019019019019019,0.1099201407128898,0.22236447752568683,132949.08717839463,2271.4577753429076,135220.54495373755,2161,37,526.918918918919,36,1,17,32.79555215840429,0.6498842592592593,42.17342342342342,1031.3063063063064,28.6473973973974,0
2190,4,0,0,37,0.0,0.0,1.0,37,750,400,350,0.5333333333333333,11,4,7,365.0445502897798,0.4017142142142142,0.12056986579418627,0.22369051004713514,133036.2050183628,2312.82832663743,135349.0333450002,2162,38,527.918918918919,36,1,17,32.67406214750937,0.6507523148148149,42.088963963963955,1031.644144144143,28.65678178178175,0
2191,4,0,0,37,0.0,0.0,1.0,37,950,700,250,0.7368421052631579,12,7,5,363.39914858602094,0.4014952452452452,0.12069830144486371,0.22285562244612586,133065.25063915254,2271.159757730695,135336.41039688324,2163,39,528.918918918919,36,1,17,32.687322636978834,0.6510416666666667,42.06081081081081,1031.756756756756,28.65990990990989,0
2192,4,0,0,37,0.0,0.0,1.0,37,700,500,200,0.7142857142857143,9,5,4,366.6040096549973,0.4009634634634635,0.12030035273160555,0.22517152442884678,133123.35139193243,2360.7108797987144,135484.06227173115,2164,40,529.918918918919,36,1,17,32.54628619234687,0.6516203703703705,42.0045045045045,1031.9819819819816,28.666166166166153,0
2193,4,0,0,37,0.0,0.0,1.0,37,850,600,250,0.7058823529411765,11,6,5,370.774977434596,0.40024399399399396,0.12499631583601034,0.22880259374665174,133297.72973987498,2484.692547277002,135782.42228715197,2165,41,530.918918918919,36,1,17,32.26349509269357,0.6533564814814815,41.835585585585584,1032.6576576576574,28.68493493493493,0
2194,4,1,1,37,0.02631578947368421,0.02631578947368421,0.9736842105263158,38,1000,900,100,0.9,11,9,2,362.9203034666403,0.40389402560455195,0.11883680655113493,0.22536417761954144,133530.41174620553,2092.293644996332,135622.70539120186,2166,0,517.921052631579,36,2,17,32.23287571729499,0.6556712962962964,41.61036036036035,1033.5585585585575,28.70995995995993,0
2195,4,0,0,37,0.0,0.0,1.0,37,800,500,300,0.625,11,5,6,372.0083246618108,0.3983358358358358,0.12881429816913714,0.23064516129032253,133472.22222222213,2530.5555555555507,136002.7777777777,2167,43,532.918918918919,35,2,18,32.05645161290324,0.6571428571428571,41.666666666666664,1033.3333333333328,29.523809523809508,0
2196,4,0,0,37,0.0,0.0,1.0,37,900,700,200,0.7777777777777778,11,7,4,372.96239030642425,0.3978353353353354,0.12586587259076376,0.23179729351612174,133561.93636670505,2562.7158082561496,136124.6521749612,2168,44,533.918918918919,35,2,18,31.941761840779307,0.6580357142857144,41.5798611111111,1033.6805555555538,29.53373015873011,0
2197,4,0,0,37,0.0,0.0,1.0,37,1150,800,350,0.6956521739130435,15,8,7,373.83164924241873,0.39720970970970976,0.12466193527308422,0.23290180992550674,133651.68065200603,2592.6456404320875,136244.3262924381,2169,45,534.918918918919,35,2,18,31.829247817327072,0.6589285714285715,41.49305555555555,1034.0277777777767,29.543650793650762,0
2198,4,0,0,37,0.0,0.0,1.0,37,650,500,150,0.7692307692307693,8,5,3,377.5370189513911,0.39708458458458457,0.12890231621349502,0.23578255334511397,133741.45507812497,2698.470052083332,136439.9251302083,2170,46,535.918918918919,35,2,16,31.64337865055388,0.6598214285714286,41.40625,1034.3749999999998,29.553571428571423,0
2199,4,0,0,37,0.0,0.0,1.0,37,650,400,250,0.6153846153846154,9,4,5,377.25496526087295,0.3967717717717718,0.13368688075031065,0.23598895272686793,133801.32144043632,2695.4425743741353,136496.76401481047,2171,47,536.918918918919,35,2,16,31.590618823880373,0.6604166666666667,41.348379629629626,1034.606481481481,29.560185185185173,0
2200,4,0,0,37,0.0,0.0,1.0,37,1250,1100,150,0.88,14,11,3,376.60079437350214,0.3967404904904905,0.13226377798061995,0.23615457947320154,133891.14610125162,2684.702396261993,136575.84849751362,2172,48,537.918918918919,35,2,16,31.51746440020876,0.6613095238095239,41.26157407407407,1034.953703703703,29.570105820105802,0
2201,4,0,0,37,0.0,0.0,1.0,37,1100,700,400,0.6363636363636364,15,7,8,379.42759944396573,0.39611486486486486,0.13105917544151224,0.23850877561674422,133981.0009028848,2767.2179087362697,136748.21881162107,2173,49,538.918918918919,35,2,16,31.354224892863797,0.662202380952381,41.17476851851851,1035.300925925925,29.580026455026427,0
2202,4,0,0,37,0.0,0.0,1.0,37,900,800,100,0.8888888888888888,10,8,2,381.680471895384,0.39502002002002,0.13289445870451444,0.24090551646429384,134130.8258852024,2839.0233839163293,136969.8492691187,2174,50,539.918918918919,35,2,16,31.14571694599627,0.663690476190476,41.030092592592595,1035.87962962963,29.59656084656086,0
2203,4,0,0,37,0.0,0.0,1.0,37,1100,700,400,0.6363636363636364,15,7,8,376.44613006548224,0.3949261761761762,0.1359197518197075,0.2387713555854433,134310.7263803155,2712.150634430727,137022.87701474622,2175,51,540.918918918919,35,2,16,31.101124013696595,0.6654761904761904,40.85648148148148,1036.574074074074,29.61640211640211,0
2204,4,0,0,37,0.0,0.0,1.0,37,750,400,350,0.5333333333333333,11,4,7,368.02069060592896,0.3948948948948949,0.1032375899632536,0.23220797889500988,134118.83680555545,2471.9157235939447,136590.75252914938,2176,52,541.918918918919,34,3,17,31.511464199517285,0.6657475490196079,41.04166666666666,1035.8333333333323,30.465686274509775,2
2205,4,0,0,37,0.0,0.0,1.0,37,1500,1100,400,0.7333333333333333,19,11,8,370.2918704314475,0.3945508008008008,0.10524028852003164,0.2350219830697552,134334.72222222213,2548.6111111111018,136883.33333333323,2177,53,542.918918918919,34,3,17,31.236602357984996,0.6678921568627452,40.83333333333333,1036.6666666666658,30.49019607843135,0
2206,4,0,1,36,0.0,0.02702702702702703,0.972972972972973,37,400,100,300,0.25,7,1,6,370.2918704314475,0.3945508008008008,0.10524028852003164,0.2350219830697552,134334.72222222213,2548.6111111111018,136883.33333333323,2178,54,543.918918918919,34,3,17,31.236602357984996,0.6678921568627452,40.83333333333333,1036.6666666666658,30.49019607843135,0
2207,4,0,0,36,0.0,0.0,1.0,36,900,700,200,0.7777777777777778,11,7,4,379.924748581998,0.39118716931216935,0.1135455680399502,0.24025906875548186,134201.36072964725,2997.2836469146464,137198.6443765619,2179,99,558.5277777777778,33,3,17,31.12051547407846,0.6688762626262627,40.96200980392157,1036.1519607843136,31.398544266191323,0
2208,4,0,0,36,0.0,0.0,1.0,36,850,600,250,0.7058823529411765,11,6,5,376.22702325445914,0.3916005291005291,0.10663802842805015,0.2385403420304508,134296.61218041132,2905.2029267589337,137201.81510717026,2180,100,559.5277777777778,33,3,17,31.12093087412312,0.6698232323232323,40.870098039215684,1036.5196078431368,31.409685086155662,0
2209,4,0,0,36,0.0,0.0,1.0,36,900,700,200,0.7777777777777778,11,7,4,373.4153133293536,0.39055886243386245,0.10353057820851252,0.2373754294575251,134391.8974222654,2836.7984969723097,137228.6959192377,2181,101,560.5277777777778,33,3,17,31.098446795099086,0.6707702020202021,40.7781862745098,1036.8872549019602,31.420825906120005,0
2210,4,0,0,36,0.0,0.0,1.0,36,600,300,300,0.5,9,3,6,371.47156440351137,0.3897982804232804,0.11084531075671067,0.2369635864864901,134518.996975322,2793.996449682816,137312.9934250048,2182,102,561.5277777777778,33,3,18,31.021731640086617,0.6720328282828283,40.65563725490196,1037.3774509803923,31.43568033273916,0
2211,4,0,0,36,0.0,0.0,1.0,36,1100,900,200,0.8181818181818182,13,9,4,374.95338057435106,0.3900793650793651,0.11467964314679624,0.24004024831161755,134649.0472910929,2897.426849147754,137546.47414024064,2183,103,562.5277777777778,32,4,18,30.80139902676399,0.67578125,40.53030303030304,1037.8787878787891,32.43371212121216,0
2212,4,0,0,36,0.0,0.0,1.0,36,700,400,300,0.5714285714285714,10,4,6,372.66956828458166,0.3885582010582011,0.11467704027879044,0.23987322916345644,134845.68698347124,2850.57679063363,137696.26377410488,2184,104,563.5277777777778,32,4,17,30.664204959883296,0.677734375,40.3409090909091,1038.636363636365,32.45738636363641,0
2213,4,0,0,36,0.0,0.0,1.0,36,700,500,200,0.7142857142857143,9,5,4,373.0026213279575,0.3880787037037037,0.11367318831773776,0.24074028007119747,134944.06063475687,2866.897669880648,137810.95830463752,2185,105,564.5277777777778,32,4,18,30.557327743346704,0.6787109375,40.24621212121213,1039.015151515153,32.469223484848534,0
2214,4,0,0,36,0.0,0.0,1.0,36,750,600,150,0.8,9,6,3,370.6023146107606,0.3877149470899471,0.11211341945760633,0.2396251100990708,135009.66299676057,2806.9787202836496,137816.64171704423,2186,106,565.5277777777778,32,4,18,30.554205645324586,0.6793619791666666,40.18308080808081,1039.2676767676771,32.47711489898991,0
2215,4,0,0,36,0.0,0.0,1.0,36,900,400,500,0.4444444444444444,14,4,10,368.67356163783694,0.3866402116402117,0.10813819477185804,0.23913046612656022,135123.54022491357,2763.2953671664836,137886.83559208005,2187,107,566.5277777777778,33,3,18,30.490727644193004,0.678030303030303,40.07352941176471,1039.7058823529417,31.50623885918005,0
2216,4,0,0,36,0.0,0.0,1.0,36,850,600,250,0.7058823529411765,11,6,5,382.90541763687526,0.3864087301587302,0.029708973322554844,0.23332709439251975,132827.17013888908,2972.048611111135,135799.2187500002,2188,108,567.5277777777778,34,2,17,32.423874966316355,0.6528799019607842,42.29166666666668,1030.8333333333348,30.318627450980436,6
2217,4,0,0,36,0.0,0.0,1.0,36,1100,600,500,0.5454545454545454,16,6,10,381.51571558864765,0.3861937830687831,0.027040030792917946,0.23267085190124603,132857.8514739231,2937.471655328821,135795.32312925192,2189,109,568.5277777777778,34,2,17,32.42879137798307,0.6531862745098038,42.26190476190477,1030.9523809523826,30.322128851540665,0
2218,4,0,0,36,0.0,0.0,1.0,36,900,600,300,0.6666666666666666,12,6,6,381.28531753021406,0.38654100529100527,0.0291883054433546,0.23348673331443884,133011.31129535165,2943.052012471676,135954.36330782334,2190,110,569.5277777777778,34,2,17,32.28024620119255,0.6547181372549018,42.11309523809525,1031.5476190476204,30.339635854341775,0
2219,4,0,0,36,0.0,0.0,1.0,36,900,600,300,0.6666666666666666,12,6,6,382.79306644599137,0.38622685185185185,0.02612418602266331,0.2349893980137291,133103.42970521544,2990.214002267578,136093.64370748302,2191,111,570.5277777777778,34,2,17,32.148659821565914,0.6556372549019608,42.023809523809526,1031.9047619047622,30.350140056022415,0
2220,4,0,0,36,0.0,0.0,1.0,36,900,500,400,0.5555555555555556,13,5,8,381.52692849619,0.38578042328042333,0.01706125011209747,0.23518003204317395,133257.03125000003,2968.229166666667,136225.2604166667,2192,112,571.5277777777778,34,2,17,32.02683615819209,0.6571691176470589,41.875,1032.5000000000002,30.367647058823536,0
2221,4,0,0,36,0.0,0.0,1.0,36,850,600,250,0.7058823529411765,11,6,5,381.49999542996693,0.38616071428571425,0.023865324522309272,0.2357474330733897,133349.23469387754,2974.5464852607693,136323.7811791383,2193,113,572.5277777777778,34,2,18,31.934839403719085,0.6580882352941178,41.785714285714285,1032.8571428571427,30.378151260504197,0
2222,4,0,0,36,0.0,0.0,1.0,36,1300,1000,300,0.7692307692307693,16,10,6,370.89438736826713,0.38721891534391534,0.04745426912012163,0.2307662039339948,133602.72548719522,2729.9588208408572,136332.68430803608,2194,114,573.5277777777778,32,4,20,31.954282690115612,0.6653645833333334,41.54040404040404,1033.838383838384,32.3074494949495,4
2223,4,0,0,36,0.0,0.0,1.0,36,1100,900,200,0.8181818181818182,13,9,4,368.78114508228407,0.38685515873015874,0.04918885465223455,0.2298209233533467,133662.24078479433,2658.422842176089,136320.6636269704,2195,115,574.5277777777778,33,3,20,31.949217824128937,0.663510101010101,41.4828431372549,1034.0686274509806,31.33541295306002,0
2224,4,0,0,36,0.0,0.0,1.0,36,800,500,300,0.625,11,5,6,369.1004306018351,0.38602843915343915,0.043278593610190264,0.23120801454020004,133852.3945117263,2680.9952902729815,136533.3898019993,2196,116,575.5277777777778,33,3,18,31.750355281856937,0.6654040404040404,41.29901960784314,1034.8039215686279,31.35769459298872,0
2225,4,0,0,36,0.0,0.0,1.0,36,850,600,250,0.7058823529411765,11,6,5,368.479861951474,0.38556547619047615,0.04682690030783809,0.23121700698678674,133915.8091238946,2669.0557718185246,136584.86489571314,2197,117,576.5277777777778,33,3,18,31.702877101586548,0.6660353535353536,41.23774509803921,1035.0490196078429,31.36512180629827,0
2226,4,0,0,36,0.0,0.0,1.0,36,1200,1100,100,0.9166666666666666,13,11,2,358.71134894319033,0.3860945767195767,0.019204557845382553,0.21628808554621926,132430.49178655224,2311.8123831416283,134742.30416969387,2198,118,577.5277777777778,32,4,19,33.44629129865882,0.6536458333333335,42.67676767676767,1029.2929292929282,32.165404040404006,8
2227,4,1,1,36,0.02702702702702703,0.02702702702702703,0.972972972972973,37,1150,800,350,0.6956521739130435,15,8,7,350.79958587756636,0.3863238238238238,0.01665278934221437,0.21293661505218037,132681.93310565635,1908.953437379833,134590.88654303618,2199,0,562.8918918918919,33,4,15,33.397144244875285,0.6537247474747476,42.43259803921568,1030.2696078431363,31.220291146761706,0
2228,4,0,0,36,0.0,0.0,1.0,36,900,600,300,0.6666666666666666,12,6,6,357.0249590697985,0.38602843915343915,0.0011560693641621267,0.2159626500666963,132551.19756235817,2264.817176870736,134816.0147392289,2200,120,579.5277777777778,34,2,22,33.36825626204239,0.6501225490196079,42.5595238095238,1029.761904761904,30.28711484593835,2
2229,4,0,0,36,0.0,0.0,1.0,36,1250,800,450,0.64,17,8,9,355.39793257297265,0.38645833333333335,-0.005303847536856976,0.21532933561774212,132612.49999999988,2226.041666666652,134838.54166666654,2201,121,580.5277777777778,34,2,22,33.348503236245946,0.6507352941176471,42.49999999999999,1029.999999999999,30.294117647058798,0
2230,4,0,0,36,0.0,0.0,1.0,36,750,500,250,0.6666666666666666,10,5,5,355.3410286677741,0.38587962962962963,-0.00701264522754963,0.2158229195171638,132704.4802295918,2231.0693027210864,134935.5495323129,2202,122,581.5277777777778,34,2,16,33.257510109763146,0.6516544117647058,42.410714285714285,1030.3571428571427,30.30462184873949,0
2231,4,0,0,36,0.0,0.0,1.0,36,900,700,200,0.7777777777777778,11,7,4,351.18445723175347,0.3866402116402117,-0.0095628415300546,0.21392946484993125,132815.2394654491,2128.5295567558146,134943.7690222049,2203,123,582.5277777777778,35,1,17,33.25333108765625,0.6505952380952382,42.30324074074073,1030.787037037036,29.451058201058174,0
2232,4,0,0,36,0.0,0.0,1.0,36,650,400,250,0.6153846153846154,9,4,5,353.7775462145697,0.38673941798941797,-0.010365214788205401,0.21585276586845129,132874.89819101518,2201.631087105631,135076.5292781208,2204,124,583.5277777777778,35,1,17,33.1265903307888,0.6511904761904761,42.245370370370374,1031.0185185185192,29.457671957671977,0
2233,4,0,0,36,0.0,0.0,1.0,36,1050,800,250,0.7619047619047619,13,8,5,358.13935596963,0.3865906084656085,-0.036075245886807994,0.207614567988598,130931.84700963713,2179.7090646958322,133111.55607433297,2205,125,584.5277777777778,34,2,16,34.973440347408,0.6338848039215685,44.13690476190476,1023.4523809523805,30.101540616246485,5
2234,4,1,0,37,0.02702702702702703,0.0,1.0,37,1000,700,300,0.7,13,7,6,347.86983282005497,0.38879504504504503,-0.03053477062287635,0.20327997557464997,131239.16437596455,1730.8292341821013,132969.99361014666,2206,0,569.7027027027027,35,2,19,34.92566079295154,0.6348214285714285,43.83680555555556,1024.652777777778,29.27579365079366,0
2235,4,0,0,37,0.0,0.0,1.0,37,1600,1500,100,0.9375,17,15,2,347.7767919295117,0.38960835835835833,-0.028146164894444103,0.20480702371237633,131535.8170037081,1749.0208922753889,133284.83789598348,2207,1,570.7027027027027,35,2,20,34.62862932039565,0.6377976190476189,43.54745370370371,1025.810185185186,29.308862433862455,0
2236,4,0,0,37,0.0,0.0,1.0,37,900,600,300,0.6666666666666666,12,6,6,348.23881058517355,0.3894519519519519,-0.03100562491425407,0.2053983403750875,131595.18771701402,1765.3103298611304,133360.49804687515,2208,2,571.7027027027027,35,2,14,34.55689509306261,0.638392857142857,43.48958333333334,1026.0416666666679,29.315476190476225,0
2237,4,1,1,37,0.02631578947368421,0.02631578947368421,0.9736842105263158,38,1000,600,400,0.6,14,6,8,339.0712686095246,0.3926327643432907,-0.03203937271374013,0.2016302550362506,131905.89871966562,1345.100083191302,133250.99880285692,2209,0,557.6315789473684,36,2,17,34.47914382810788,0.6394675925925926,43.18693693693694,1027.2522522522524,28.53478478478479,0
2238,4,2,2,37,0.05128205128205128,0.05128205128205128,0.9487179487179487,39,850,700,150,0.8235294117647058,10,7,3,336.09940442934766,0.39521479982006297,-0.016951885835800207,0.2017241530999174,132256.9820161011,1090.2985774469018,133347.280593548,2210,0,544.2051282051282,37,2,18,34.20244376932096,0.6410472972972973,42.8453947368421,1028.6184210526314,27.800497866287337,0
2239,4,0,0,37,0.0,0.0,1.0,37,900,800,100,0.8888888888888888,10,8,2,347.6099760979035,0.39145395395395394,-0.021120095436050867,0.20760754524044947,132070.63567654754,1781.814102151928,133852.44977869946,2211,1,562.3783783783783,35,2,18,34.09396933528507,0.6431547619047618,43.026620370370374,1027.893518518519,29.368386243386254,0
2240,4,0,0,37,0.0,0.0,1.0,37,900,600,300,0.6666666666666666,12,6,6,347.5512637649082,0.391234984984985,-0.018278548018935803,0.20777966515454152,132108.41912436092,1782.8896041311705,133891.3087284921,2212,2,563.3783783783783,36,1,18,34.05744513820427,0.6414930555555556,42.98986486486487,1028.0405405405413,28.556681681681702,0
2241,4,1,1,37,0.02631578947368421,0.02631578947368421,0.9736842105263158,38,900,700,200,0.7777777777777778,11,7,4,338.92918893344034,0.39183262209577996,-0.02130165567371134,0.20387894288150035,132341.58587257622,1370.8852723915065,133712.47114496774,2213,0,549.5263157894736,37,1,18,34.044650468883205,0.6418918918918919,42.76315789473684,1028.947368421053,27.809388335704135,0
2242,4,0,0,37,0.0,0.0,1.0,37,900,600,300,0.6666666666666666,12,6,6,342.9834009602397,0.3909534534534535,-0.022652180472033878,0.20630937028135038,132340.06123944905,1678.0888574385351,134018.15009688758,2214,4,565.3783783783783,36,1,18,33.941893765276724,0.6438078703703702,42.76463963963965,1028.9414414414425,28.581706706706736,0
2243,4,0,0,37,0.0,0.0,1.0,37,1400,1200,200,0.8571428571428571,16,12,4,343.6078218055046,0.38970220220220225,-0.01799574104845547,0.2078231672742061,132546.94097490126,1708.84581667423,134255.7867915755,2215,5,566.3783783783783,35,2,20,33.717943314225764,0.6479166666666668,42.5636574074074,1029.745370370369,29.42129629629626,0
2244,4,0,0,37,0.0,0.0,1.0,37,1000,700,300,0.7,13,7,6,344.0867870309604,0.38913913913913917,-0.022608067107449337,0.20844304409724385,132606.53941883112,1725.6316175839775,134332.1710364151,2216,6,567.3783783783783,35,2,21,33.64575139528784,0.6485119047619049,42.50578703703702,1029.9768518518492,29.42791005290998,0
2245,4,0,0,37,0.0,0.0,1.0,37,900,700,200,0.7777777777777778,11,7,4,346.8180317159126,0.3884196696696696,-0.025906594157352414,0.21043130881413316,132666.15125868042,1802.2026909722022,134468.3539496526,2217,7,568.3783783783783,35,2,14,33.51554600606672,0.6491071428571429,42.44791666666666,1030.2083333333321,29.434523809523775,0
2246,4,0,0,37,0.0,0.0,1.0,37,350,100,250,0.2857142857142857,6,1,5,349.18243296853416,0.38851351351351354,-0.025706488247204895,0.21220281233575825,132725.77649444863,1869.1019107938835,134594.87840524252,2218,8,569.3783783783783,35,2,14,33.39475925717923,0.649702380952381,42.39004629629629,1030.439814814814,29.441137566137545,0
2247,4,0,1,36,0.0,0.02702702702702703,0.972972972972973,37,1200,800,400,0.6666666666666666,16,8,8,347.5852020218809,0.38866991991991995,-0.023777229570425495,0.21190563958993097,132845.0671537422,1834.995900848754,134680.06305459095,2219,9,570.3783783783783,35,2,14,33.31614179858539,0.6508928571428572,42.27430555555555,1030.902777777777,29.454365079365054,0
2248,4,0,0,36,0.0,0.0,1.0,36,900,500,400,0.5555555555555556,13,5,8,352.2561422769326,0.3851521164021164,-0.021643438310104512,0.21447494232304357,132796.49234693858,2155.6760204081447,134952.16836734672,2220,10,586.9444444444445,34,2,14,33.24454261954263,0.6525735294117647,42.32142857142856,1030.7142857142842,30.315126050420123,0
2249,4,0,0,36,0.0,0.0,1.0,36,700,200,500,0.2857142857142857,12,2,10,355.5254331839839,0.3846230158730159,-0.02255701788142339,0.21717639649080853,132919.22477324243,2251.232993197258,135170.45776643968,2221,11,587.9444444444445,34,2,14,33.03701993381052,0.6537990196078433,42.20238095238094,1031.1904761904748,30.329131652661022,0
2250,4,0,0,36,0.0,0.0,1.0,36,850,700,150,0.8235294117647058,10,7,3,355.8814849214537,0.3844080687830688,-0.0256047844313676,0.21828908915882794,133072.7200255102,2271.6234410430884,135344.34346655328,2222,12,588.9444444444445,34,2,15,32.873735625552875,0.6553308823529411,42.05357142857143,1031.7857142857144,30.34663865546219,0
2251,4,0,0,36,0.0,0.0,1.0,36,1100,700,400,0.6363636363636364,15,7,8,354.9750061264507,0.38417658730158727,-0.04609922457463622,0.21990713946501222,133442.32420535415,2273.7379704646837,135716.06217581884,2223,13,589.9444444444445,35,1,16,32.52644132033904,0.6568452380952381,41.695601851851855,1033.217592592593,29.52050264550266,3
2252,4,0,0,36,0.0,0.0,1.0,36,1050,700,350,0.6666666666666666,14,7,7,354.1233090530698,0.38425925925925924,-0.044130824372759836,0.21955645161290313,133472.22222222216,2253.128348979762,135725.3505712019,2224,14,590.9444444444445,34,2,16,32.51848118279569,0.6593137254901962,41.666666666666664,1033.333333333333,30.39215686274509,0
2253,4,0,0,36,0.0,0.0,1.0,36,1200,600,600,0.5,18,6,12,356.1605773125547,0.38386243386243385,-0.047044971716706074,0.2211864186142771,133533.73724489778,2311.890589569142,135845.62783446693,2225,15,591.9444444444445,34,2,16,32.40420793979882,0.6599264705882353,41.60714285714285,1033.571428571427,30.399159663865504,0
2254,4,0,0,36,0.0,0.0,1.0,36,750,400,350,0.5333333333333333,11,4,7,346.28411424034476,0.38341600529100534,-0.017240434162920426,0.20576269745838355,131876.9799148813,1933.3806357032927,133810.3605505846,2226,16,592.9444444444445,36,0,12,34.32303658224611,0.6391782407407407,43.2150900900901,1027.139639639641,28.531656656656693,8
2255,4,0,0,36,0.0,0.0,1.0,36,750,600,150,0.8,9,6,3,349.61689915077676,0.38331679894179893,-0.016335391623125695,0.20805968499364252,131934.82069485047,2025.3285802694845,133960.14927511994,2227,17,593.9444444444445,36,0,12,34.179180825021014,0.6397569444444443,43.1587837837838,1027.3648648648666,28.53791291291296,0
2256,4,0,0,36,0.0,0.0,1.0,36,800,600,200,0.75,10,6,4,348.2957493476887,0.3829365079365079,-0.01914554264981616,0.20774817049326863,132021.6056428052,1996.512813489191,134018.11845629438,2228,18,594.9444444444445,36,0,13,34.12571225071226,0.6406249999999998,43.07432432432434,1027.7027027027045,28.547297297297348,0
2257,4,0,0,36,0.0,0.0,1.0,36,500,400,100,0.8,6,4,2,347.17557874633025,0.38280423280423276,-0.016885724717049744,0.20771382922372214,132137.3632923467,1974.9731150069344,134112.33640735364,2229,19,595.9444444444445,36,0,13,34.037970062066464,0.6417824074074072,42.96171171171173,1028.1531531531555,28.559809809809874,0
2258,4,0,0,36,0.0,0.0,1.0,36,950,700,250,0.7368421052631579,12,7,5,349.68056953747305,0.3829695767195767,-0.01778240132379416,0.20953300269135236,132195.26113951812,2045.2228410843531,134240.48398060247,2230,20,596.9444444444445,36,0,14,33.91530697912103,0.6423611111111109,42.90540540540542,1028.3783783783801,28.566066066066114,0
2259,4,0,0,36,0.0,0.0,1.0,36,850,700,150,0.8235294117647058,10,7,3,351.3969290539133,0.3830522486772487,-0.016763972511098846,0.21104608460930313,132282.13168827622,2096.706968793128,134378.83865706934,2231,21,597.9444444444445,36,0,15,33.78375296478744,0.6432291666666665,42.82094594594595,1028.716216216217,28.57545045045047,0
2260,4,0,0,36,0.0,0.0,1.0,36,1150,900,250,0.782608695652174,14,9,5,352.10391239603723,0.3827380952380952,-0.021814976902504002,0.21228428491423373,132426.9793442092,2125.6115067770625,134552.59085098625,2232,22,598.9444444444445,36,0,17,33.61984865062,0.6446759259259258,42.68018018018019,1029.2792792792802,28.591091091091116,0
2261,4,0,0,36,0.0,0.0,1.0,36,1000,700,300,0.7,13,7,6,354.0764411775733,0.383234126984127,-0.018433459706425515,0.21413194299786614,132542.914536158,2186.064696453234,134728.97923261122,2233,23,599.9444444444445,36,0,17,33.45249161563138,0.6458333333333333,42.56756756756758,1029.7297297297316,28.603603603603656,0
2262,4,0,0,36,0.0,0.0,1.0,36,1250,900,350,0.72,16,9,7,357.08322135626617,0.3819444444444444,-0.010109289617486139,0.21695295321446464,132716.9124360849,2278.1965242269534,134995.10896031186,2234,24,600.9444444444445,36,0,13,33.200136612021865,0.6475694444444444,42.39864864864866,1030.4054054054068,28.62237237237241,0
2263,4,0,0,36,0.0,0.0,1.0,36,850,600,250,0.7058823529411765,11,6,5,357.5752195247934,0.381712962962963,-0.013476107226106704,0.2175883250725339,132774.93709926153,2295.405456131821,135070.34255539335,2235,25,601.9444444444445,36,0,13,33.12914299242424,0.6481481481481481,42.34234234234235,1030.6306306306315,28.62862862862865,0
2264,4,0,0,36,0.0,0.0,1.0,36,1200,1000,200,0.8333333333333334,14,10,4,358.17802637934085,0.3823412698412698,-0.010998277159011138,0.21897158648745021,132949.08717839463,2323.8883308984637,135272.9755092931,2236,26,602.9444444444445,36,0,14,32.938641988789385,0.6498842592592593,42.17342342342342,1031.3063063063064,28.6473973973974,0
2265,4,0,0,36,0.0,0.0,1.0,36,750,500,250,0.6666666666666666,10,5,5,357.870988348811,0.3821759259259259,-0.010995875788452292,0.219124214791117,133007.1625679734,2319.880945134326,135327.04351310772,2237,27,603.9444444444445,36,0,14,32.88823689956332,0.650462962962963,42.11711711711712,1031.5315315315318,28.65365365365366,0
2266,4,0,0,36,0.0,0.0,1.0,36,900,500,400,0.5555555555555556,13,5,8,358.19334513696043,0.3819940476190476,-0.01088248493007793,0.21949225650834076,133036.20501836293,2330.536659970779,135366.74167833372,2238,28,604.9444444444445,36,0,14,32.85076228941527,0.6507523148148149,42.08896396396396,1031.644144144144,28.65678178178178,0
2267,4,0,0,36,0.0,0.0,1.0,36,1100,800,300,0.7272727272727273,14,8,6,358.41291185512387,0.3814980158730159,-0.0119991513608535,0.22031216211617768,133152.40652392252,2344.708348551246,135497.11487247376,2239,29,605.9444444444445,36,0,15,32.7284506273868,0.6519097222222223,41.97635135135135,1032.0945945945941,28.669294294294282,0
2268,4,0,0,36,0.0,0.0,1.0,36,850,500,350,0.5882352941176471,12,5,7,355.7970195828463,0.3815145502645503,-0.013001332848660896,0.2195598027977589,133297.72973987486,2285.3869917214333,135583.1167315963,2240,30,606.9444444444445,36,0,16,32.65017266448564,0.6533564814814816,41.83558558558558,1032.6576576576565,28.6849349349349,0
2269,4,0,0,36,0.0,0.0,1.0,36,950,700,250,0.7368421052631579,12,7,5,357.3194717310165,0.3811177248677249,-0.0035850107792552155,0.22119087946426072,133414.04537983923,2334.287243324397,135748.33262316362,2241,31,607.9444444444445,36,0,17,32.4942318872175,0.654513888888889,41.72297297297297,1033.1081081081074,28.69744744744743,0
2270,4,0,0,36,0.0,0.0,1.0,36,600,200,400,0.3333333333333333,10,2,8,356.5783865488422,0.3811011904761905,-0.00571049860188122,0.22160006839078014,133559.51126379755,2324.887006939366,135884.3982707369,2242,32,608.9444444444445,36,0,19,32.3675872462505,0.6559606481481481,41.582207207207205,1033.671171171171,28.71308808808808,0
2271,4,0,0,36,0.0,0.0,1.0,36,650,500,150,0.7692307692307693,8,5,3,356.0262350727307,0.3804232804232804,-0.006268302717877816,0.22177970762807422,133646.82883897415,2316.3554601899286,135963.18429916407,2243,33,609.9444444444445,36,0,19,32.29438938502869,0.6568287037037037,41.49774774774775,1034.0090090090096,28.72247247247249,0
2272,4,0,0,36,0.0,0.0,1.0,36,600,400,200,0.6666666666666666,8,4,4,355.4996165010915,0.38037367724867727,-0.00391726257456404,0.2216261356639187,133675.94103816643,2304.349154898131,135980.29019306457,2244,34,610.9444444444445,36,0,19,32.27884859704526,0.6571180555555556,41.46959459459459,1034.1216216216208,28.725600600600576,0
2273,4,0,1,35,0.0,0.027777777777777776,0.9722222222222222,36,1050,900,150,0.8571428571428571,12,9,3,353.95411159319747,0.38073743386243386,0.0007831114013765461,0.22135986543272326,133792.42153893757,2271.275540743445,136063.69707968103,2245,35,611.9444444444445,36,0,17,32.202206015746896,0.658275462962963,41.35698198198198,1034.572072072072,28.73811311311311,0
2274,4,0,0,35,0.0,0.0,1.0,35,1100,900,200,0.8181818181818182,13,9,4,357.1509148071766,0.3765406162464986,0.015183563919864751,0.2239581683173751,133891.1461012516,2563.8690629286584,136455.01516418025,2246,36,625.0571428571428,35,0,18,32.020707522552755,0.6613095238095239,41.26157407407407,1034.9537037037028,29.570105820105795,0
2275,4,0,0,35,0.0,0.0,1.0,35,700,400,300,0.5714285714285714,10,4,6,356.7856925701086,0.375875350140056,0.01633018144646048,0.22409348555807923,133951.0459533606,2558.3633401920274,136509.40929355263,2247,37,626.0571428571428,35,0,18,31.970222122838408,0.661904761904762,41.203703703703695,1035.1851851851839,29.57671957671954,0
2276,4,0,0,35,0.0,0.0,1.0,35,1050,800,250,0.7619047619047619,13,8,5,355.03576324289855,0.37580532212885154,0.01172619712912537,0.22354011074836105,134040.92084887245,2517.864127872065,136558.78497674453,2248,38,627.0571428571428,35,0,18,31.925622182482016,0.6627976190476191,41.11689814814814,1035.5324074074063,29.58664021164018,0
2277,4,0,0,35,0.0,0.0,1.0,35,1100,1000,100,0.9090909090909091,12,10,2,351.91061452513975,0.37531512605042017,0.011262569832402036,0.22211565585331428,134130.82588520212,2440.4122728051902,136571.23815800733,2249,39,628.0571428571428,35,0,18,31.916666666666657,0.6636904761904763,41.03009259259258,1035.8796296296282,29.596560846560806,0
2278,4,0,0,35,0.0,0.0,1.0,35,450,200,250,0.4444444444444444,7,2,5,353.11593110973087,0.37531512605042017,0.009882375472812344,0.2230586238082709,134160.80092860496,2474.863227666305,136635.66415627126,2250,40,629.0571428571428,35,0,18,31.85549566156481,0.6639880952380952,41.0011574074074,1035.995370370369,29.59986772486769,0
2279,4,0,0,35,0.0,0.0,1.0,35,850,700,150,0.8235294117647058,10,7,3,352.1470695105637,0.3751050420168067,0.013095504004594805,0.22299327159813195,134250.74615269198,2455.201367455411,136705.9475201474,2251,41,630.0571428571428,35,0,18,31.790726677090312,0.6648809523809525,40.91435185185185,1036.3425925925922,29.609788359788347,0
2280,4,0,0,35,0.0,0.0,1.0,35,950,700,250,0.7368421052631579,12,7,5,352.1470695105637,0.3751050420168067,0.013095504004594805,0.22299327159813195,134250.74615269198,2455.201367455411,136705.9475201474,2252,42,631.0571428571428,35,0,18,31.790726677090312,0.6648809523809525,40.91435185185185,1036.3425925925922,29.609788359788347,0
2281,4,0,0,35,0.0,0.0,1.0,35,1000,700,300,0.7,13,7,6,353.5274460094865,0.3751750700280112,0.009874653143240097,0.22460275612432484,134370.720003858,2500.7474922839438,136871.46749614194,2253,43,632.0571428571428,35,0,18,31.63513060951105,0.6660714285714285,40.79861111111111,1036.8055555555552,29.623015873015863,0
2282,4,0,1,34,0.0,0.02857142857142857,0.9714285714285714,35,550,300,250,0.5454545454545454,8,3,5,354.4842155612246,0.37485994397759104,0.009183673469387754,0.22558086444805192,134430.7270233196,2530.714163237311,136961.4411865569,2254,44,633.0571428571428,35,0,18,31.550409226190485,0.6666666666666666,40.74074074074074,1037.037037037037,29.629629629629626,0
2283,4,0,0,34,0.0,0.0,1.0,34,800,700,100,0.875,9,7,2,359.66455607076693,0.3739973262032086,0.009452816939448105,0.2290495330766463,134458.16326530615,2871.967120181409,137330.13038548757,2255,45,646.9411764705883,34,0,19,31.3886975818794,0.6691176470588236,40.714285714285715,1037.1428571428573,30.504201680672274,0
2284,4,0,0,34,0.0,0.0,1.0,34,1050,800,250,0.7619047619047619,13,8,5,360.40207162969136,0.3738302139037433,0.009975270221456833,0.23050488992146725,134614.36106305264,2903.090807401389,137517.45187045404,2256,46,647.9411764705883,33,1,19,31.213588411273815,0.6729797979797979,40.56372549019608,1037.7450980392155,31.4468211527035,0
2285,4,0,0,34,0.0,0.0,1.0,34,450,400,50,0.8888888888888888,5,4,1,360.40207162969136,0.3738302139037433,0.009975270221456833,0.23050488992146725,134614.36106305264,2903.058919646287,137517.41998269892,2257,47,648.9411764705883,33,1,19,31.213588411273815,0.6729797979797979,40.56372549019608,1037.7450980392155,31.4468211527035,0
2286,4,0,0,34,0.0,0.0,1.0,34,550,400,150,0.7272727272727273,7,4,3,359.24840603830324,0.3739973262032086,0.007162846250529764,0.23037041995083013,134709.7589418733,2878.853235534405,137588.6121774077,2258,48,649.9411764705883,33,1,20,31.14830500137725,0.6739267676767677,40.47181372549019,1038.1127450980389,31.457961972667846,0
2287,4,0,0,34,0.0,0.0,1.0,34,700,400,300,0.5714285714285714,10,4,6,356.1771022397302,0.3737373737373737,0.00686262939024318,0.228801257564612,134773.3763005814,2800.638125961161,137574.01442654256,2259,49,650.9411764705883,33,1,20,31.164557024273165,0.6745580808080809,40.41053921568627,1038.3578431372543,31.465389185977404,0
2288,4,0,0,34,0.0,0.0,1.0,34,950,700,250,0.7368421052631579,12,7,5,354.23785472280406,0.373681669637552,0.009244094051023,0.22815501950079667,134868.83049788536,2755.1290369088692,137623.95953479424,2260,50,651.9411764705883,33,1,17,31.119730218656592,0.6755050505050505,40.31862745098039,1038.7254901960778,31.47653000594175,0
2289,4,0,0,34,0.0,0.0,1.0,34,1350,1100,250,0.8148148148148148,16,11,5,354.60365156812094,0.37327317290552586,-0.0017961912423540838,0.2295990971450993,135059.84026576314,2778.5425076893457,137838.3827734525,2261,51,652.9411764705883,33,1,18,30.919889177080865,0.6773989898989898,40.134803921568626,1039.4607843137253,31.498811645870465,0
2290,4,0,0,34,0.0,0.0,1.0,34,900,600,300,0.6666666666666666,12,6,6,353.69137328204766,0.37202911467617344,0.001292939096675827,0.2296152488368916,135155.39583633692,2760.659511966544,137916.05534830346,2262,52,653.9411764705883,33,1,18,30.84843351011589,0.6783459595959596,40.04289215686274,1039.8284313725485,31.509952465834804,0
2291,4,0,0,34,0.0,0.0,1.0,34,950,600,350,0.631578947368421,13,6,7,355.26009552988705,0.3716391859774213,-0.00033264955369505245,0.23124598856270562,135250.98519800068,2809.855584390609,138060.8407823913,2263,53,654.9411764705883,33,1,19,30.712476437323275,0.6792929292929293,39.95098039215686,1040.196078431372,31.52109328579915,0
2292,4,0,0,34,0.0,0.0,1.0,34,1400,1200,200,0.8571428571428571,16,12,4,353.96278839801016,0.3716391859774213,-0.002874001024944617,0.23163019450328945,135442.26529459818,2788.3043781237966,138230.569672722,2264,54,655.9411764705883,33,1,20,30.555882583784634,0.6811868686868687,39.7671568627451,1040.9313725490192,31.543374925727854,0
2293,4,0,0,34,0.0,0.0,1.0,34,600,500,100,0.8333333333333334,7,5,2,355.58618263029064,0.3715463458110517,-0.003554887884305691,0.23331396091193643,135537.95602953175,2839.0848772106665,138377.04090674242,2265,55,656.9411764705883,33,1,20,30.418456514063784,0.6821338383838385,39.675245098039206,1041.299019607842,31.554515745692182,0
2294,4,0,0,34,0.0,0.0,1.0,34,800,600,200,0.75,10,6,4,353.97306115137593,0.3716763220439691,-0.0034679440145086726,0.2324623704531987,135569.8604503075,2797.6157006920344,138367.47615099952,2266,56,657.9411764705883,33,1,20,30.4287283282341,0.682449494949495,39.64460784313725,1041.4215686274504,31.55822935234698,0
2295,4,0,0,34,0.0,0.0,1.0,34,1050,800,250,0.7619047619047619,13,8,5,354.8800000000001,0.37182486631016043,-0.0040000000000000036,0.2334736842105263,135633.68055555547,2826.7361111111013,138460.41666666657,2267,57,658.9411764705883,33,1,21,30.34166666666667,0.6830808080808082,39.58333333333333,1041.666666666666,31.565656565656546,0
2296,4,0,1,33,0.0,0.029411764705882353,0.9705882352941176,34,1000,600,400,0.6,14,6,8,352.4189601661641,0.37152777777777773,-0.0090614797188866,0.23268407121529938,135761.36582083802,2768.9758746635775,138530.3416955016,2268,58,659.9411764705883,33,1,21,30.27888836625902,0.6843434343434345,39.46078431372548,1042.156862745097,31.580510992275666,0
2297,4,1,1,33,0.029411764705882353,0.029411764705882353,0.9705882352941176,34,1000,700,300,0.7,13,7,6,345.91396688997236,0.37332887700534756,-0.002227902317708974,0.23065445795365036,136112.8100520233,2616.6644139273385,138729.47446595063,2269,0,653.6470588235294,33,1,15,30.099701507144253,0.6878156565656566,39.12377450980392,1043.5049019607845,31.62136066547832,0
2298,4,0,0,33,0.0,0.0,1.0,33,550,300,250,0.5454545454545454,8,3,5,355.276998324969,0.36888415404040403,0.0012182860330112177,0.23546367994924527,135896.85523160908,3056.2053616977905,138953.06059330687,2270,60,674.4545454545455,32,1,15,30.0698312747235,0.6881510416666666,39.33080808080808,1042.6767676767681,32.583648989899004,0
2299,4,0,0,33,0.0,0.0,1.0,33,800,500,300,0.625,11,5,6,353.565479552909,0.36841066919191917,0.006879884406207015,0.2354159192220539,136061.4689349302,3021.3277025303723,139082.79663746056,2271,61,675.4545454545455,32,1,15,29.95103675017146,0.6897786458333333,39.17297979797981,1043.3080808080815,32.60337752525255,0
2300,4,0,0,33,0.0,0.0,1.0,33,650,400,250,0.6153846153846154,9,4,5,355.0348563306592,0.3682528409090909,-0.001195111042679109,0.23705316013160174,136160.28498367514,3068.3294434241457,139228.6144270993,2272,62,676.4545454545455,32,1,16,29.814652391321882,0.6907552083333333,39.07828282828283,1043.6868686868688,32.61521464646465,0
2301,4,0,0,33,0.0,0.0,1.0,33,750,400,350,0.5333333333333333,11,4,7,355.751062202852,0.368331755050505,0.0018911905704361853,0.23797328335705328,136226.1822773186,3092.5218089990826,139318.7040863177,2273,63,677.4545454545455,32,1,16,29.730587808417997,0.69140625,39.015151515151516,1043.9393939393938,32.623106060606055,0
2302,4,0,0,33,0.0,0.0,1.0,33,1050,900,150,0.8571428571428571,12,9,3,356.03077737516094,0.36781881313131315,-0.001457475052641266,0.23971966499426012,136456.94835029595,3116.5746798796145,139573.52303017557,2274,64,678.4545454545455,32,1,19,29.49446122860021,0.6936848958333333,38.794191919191924,1044.8232323232328,32.650726010101025,0
2303,4,0,0,33,0.0,0.0,1.0,33,950,700,250,0.7368421052631579,12,7,5,356.56609539493843,0.3680950126262626,-0.0003075334717235201,0.2405295494363413,136522.91738406802,3135.8887167125877,139658.8061007806,2275,65,679.4545454545455,32,1,19,29.415096049293208,0.6943359375,38.73106060606061,1045.0757575757582,32.65861742424244,0
2304,4,0,0,33,0.0,0.0,1.0,33,550,300,250,0.5454545454545454,8,3,5,355.7901224158828,0.36817392676767674,-0.007613274916089763,0.24045603456988535,136588.9023600909,3119.396458269568,139708.29881836046,2276,66,680.4545454545455,32,1,19,29.369992350122796,0.6949869791666666,38.667929292929294,1045.3282828282834,32.666508838383855,0
2305,4,0,0,33,0.0,0.0,1.0,33,550,400,150,0.7272727272727273,7,4,3,356.2656092016339,0.36817392676767674,0.017970956993868636,0.23417012034297047,135600.80165608105,3061.980442046728,138662.7820981278,2277,67,681.4545454545455,32,1,19,30.33827332605972,0.6852213541666667,39.61489898989899,1041.5404040404042,32.54813762626263,3
2306,4,0,0,33,0.0,0.0,1.0,33,750,400,350,0.5333333333333333,11,4,7,355.5991009333012,0.3675820707070707,0.017149194318365923,0.23437729879405741,135699.45031119257,3050.920505560644,138750.37081675322,2278,68,682.4545454545455,32,1,19,30.257563822911628,0.6861979166666667,39.520202020202014,1041.9191919191908,32.55997474747471,0
2307,4,0,0,33,0.0,0.0,1.0,33,950,700,250,0.7368421052631579,12,7,5,352.9259839584767,0.36706912878787884,0.018750803002771654,0.23325892694773623,135798.13483636873,2985.338071370271,138783.472907739,2279,69,683.4545454545455,32,1,19,30.229154048051694,0.6871744791666666,39.42550505050505,1042.29797979798,32.57181186868687,0
2308,4,0,0,33,0.0,0.0,1.0,33,550,200,350,0.36363636363636365,9,2,7,354.63823773402214,0.366082702020202,0.019140301048753416,0.23504033444683453,135896.8552316092,3038.8442505866947,138935.6994821959,2280,70,684.4545454545455,32,1,18,30.086481795430686,0.6881510416666666,39.33080808080809,1042.676767676769,32.58364898989903,0
2309,4,0,0,33,0.0,0.0,1.0,33,350,100,250,0.2857142857142857,6,1,5,354.63823773402214,0.366082702020202,0.019140301048753416,0.23504033444683453,135896.8552316092,3038.8442505866947,138935.6994821959,2281,71,685.4545454545455,32,1,18,30.086481795430686,0.6881510416666666,39.33080808080809,1042.676767676769,32.58364898989903,0
2310,4,0,0,33,0.0,0.0,1.0,33,750,500,250,0.6666666666666666,10,5,5,355.07605231500605,0.3656881313131313,0.01683501683501687,0.2362027652356344,136028.5382231405,3060.095270890722,139088.6334940312,2282,72,686.4545454545455,32,1,18,29.94432340837568,0.689453125,39.20454545454545,1043.181818181818,32.59943181818181,0
2311,4,0,0,33,0.0,0.0,1.0,33,1050,700,350,0.6666666666666666,14,7,7,358.54124261365484,0.36497790404040403,0.02541993855809488,0.2393943385657893,136160.28498367517,3163.815554535256,139324.10053821042,2283,73,687.4545454545455,32,1,18,29.723163158319206,0.6907552083333334,39.07828282828283,1043.686868686869,32.61521464646466,0
2312,4,1,1,33,0.029411764705882353,0.029411764705882353,0.9705882352941176,34,750,500,250,0.6666666666666666,10,5,5,352.5884781019752,0.36636586452762926,0.026403664914241176,0.23745413620042974,136464.70858564012,2823.176782968078,139287.8853686082,2284,0,668.2058823529412,33,1,18,29.576686996637726,0.6912878787878789,38.78676470588235,1044.8529411764703,31.662210338680918,0
2313,4,0,0,33,0.0,0.0,1.0,33,550,300,250,0.5454545454545454,8,3,5,362.1589375505355,0.36304450757575757,0.032545527829688004,0.24271105458208486,136292.09551321284,3271.880101520249,139563.9756147331,2285,75,689.4545454545455,32,1,18,29.497934300685213,0.6920572916666667,38.9520202020202,1044.1919191919185,32.63099747474745,0
2314,4,0,0,33,0.0,0.0,1.0,33,1150,900,250,0.782608695652174,14,9,5,363.41073837292026,0.36304450757575757,0.0331710676204815,0.24423209086589506,136390.99525877458,3313.190458881744,139704.18571765634,2286,76,690.4545454545455,32,1,18,29.367117933841023,0.6930338541666667,38.85732323232323,1044.5707070707067,32.642834595959584,0
2315,4,0,0,33,0.0,0.0,1.0,33,1000,600,400,0.6,14,6,8,363.7202735527308,0.36264993686868685,0.032869156021865464,0.2449509519992557,136464.7085856399,3326.9962274125073,139791.7048130524,2287,77,691.4545454545455,33,0,18,29.285909766205332,0.6912878787878789,38.78676470588234,1044.8529411764687,31.662210338680868,0
2316,4,0,0,33,0.0,0.0,1.0,33,700,500,200,0.7142857142857143,9,5,4,363.4266055372043,0.36229482323232326,0.034315241070254965,0.2449753885704139,136496.72188881654,3321.3080606016642,139818.0299494182,2288,78,692.4545454545455,33,0,19,29.26183006919198,0.6916035353535355,38.75612745098038,1044.9754901960764,31.66592394533565,0
2317,4,0,0,33,0.0,0.0,1.0,33,800,500,300,0.625,11,5,6,362.4929566202041,0.36229482323232326,0.035031994230024566,0.24479037426870284,136560.7597588665,3300.462712658563,139861.22247152508,2289,79,693.4545454545455,33,0,20,29.222725407433472,0.6922348484848486,38.69485294117646,1045.220588235292,31.673351158645215,0
2318,4,0,0,33,0.0,0.0,1.0,33,650,500,150,0.7692307692307693,8,5,3,363.12415047092594,0.3624131944444444,0.031404312764218734,0.2454396991693341,136592.78432574,3320.027753748542,139912.81207948856,2290,80,694.4545454545455,33,0,20,29.174482219617033,0.6925505050505052,38.6642156862745,1045.3431372549012,31.677064765300035,0
2319,4,0,1,32,0.0,0.030303030303030304,0.9696969696969697,33,650,500,150,0.7692307692307693,8,5,3,364.8687512721147,0.3624131944444444,0.026891288013603853,0.22564040384979103,133377.26362757102,3133.039125576686,136510.3027531477,2291,81,695.4545454545455,33,0,21,32.33615592992446,0.660669191919192,41.75857843137254,1032.965686274509,31.301990493166937,5
2320,4,0,0,32,0.0,0.0,1.0,32,850,600,250,0.7058823529411765,11,6,5,371.0585802828004,0.36006804435483875,0.03618642254554327,0.22904816061381303,133309.18281616672,3493.103222885418,136802.28603905215,2292,212,715.65625,32,0,22,32.24467131271141,0.6624348958333334,41.82449494949495,1032.70202020202,32.27193813131313,0
2321,4,0,0,32,0.0,0.0,1.0,32,1100,700,400,0.6363636363636364,15,7,8,371.5994383939068,0.35964801747311825,0.0303790795746246,0.2297849588435792,133374.38662190086,3512.369432966031,136886.75605486688,2293,213,716.65625,32,0,22,32.16523041193009,0.6630859375,41.76136363636364,1032.9545454545457,32.279829545454554,0
2322,4,0,0,32,0.0,0.0,1.0,32,750,500,250,0.6666666666666666,10,5,5,375.4041786387951,0.35948000672043007,0.030336556633488776,0.2329619207080623,133505.8614942763,3623.7675256089897,137129.6290198853,2294,214,717.65625,31,1,22,31.934951283020464,0.667002688172043,41.634114583333336,1033.463541666667,33.33753360215055,0
2323,4,0,0,32,0.0,0.0,1.0,32,650,400,250,0.6153846153846154,9,4,5,375.01070362356904,0.359396001344086,0.02750267665952899,0.2331409534900168,133573.15275404183,3618.2723999023383,137191.42515394418,2295,215,718.65625,31,1,22,31.87757169248856,0.6676747311827957,41.569010416666664,1033.723958333333,33.34593413978494,0
2324,4,0,0,32,0.0,0.0,1.0,32,600,300,300,0.5,9,3,6,375.9661220504412,0.35861895161290325,0.028542873331654617,0.23437385724682908,133674.12143283416,3651.3882107204804,137325.50964355463,2296,216,719.65625,31,1,23,31.75155292537563,0.6686827956989247,41.471354166666664,1034.114583333333,33.35853494623655,0
2325,4,0,0,32,0.0,0.0,1.0,32,850,500,350,0.5882352941176471,12,5,7,375.8525514263614,0.3588499663978495,0.033106513530522186,0.23494480889712344,133775.12825859906,3655.9446546766294,137431.07291327568,2297,217,720.65625,31,1,20,31.65316236626808,0.6696908602150538,41.37369791666666,1034.5052083333323,33.37113575268814,0
2326,4,0,0,32,0.0,0.0,1.0,32,450,200,250,0.4444444444444444,7,2,5,374.55970451781457,0.3587239583333333,0.030075503355704747,0.234493260391405,133831.2596450618,3625.559413580258,137456.81905864205,2298,218,721.65625,32,0,20,31.630313199105142,0.6676432291666666,41.31944444444445,1034.7222222222229,32.335069444444464,0
2327,4,0,0,32,0.0,0.0,1.0,32,750,700,50,0.9333333333333333,8,7,1,373.3742917839435,0.35895497311827956,0.03221083455344065,0.23395838650314993,133863.92332415062,3596.26951331497,137460.19283746558,2299,219,722.65625,32,0,20,31.62823328452904,0.66796875,41.28787878787879,1034.848484848485,32.339015151515156,0
2328,4,0,0,32,0.0,0.0,1.0,32,1150,900,250,0.782608695652174,14,9,5,369.9311109035955,0.35895497311827956,-0.007073738363547077,0.22538190965798152,132820.66243240488,3426.899040914196,136247.56147331907,2300,220,723.65625,32,0,18,32.7647803364364,0.6575520833333334,42.2979797979798,1030.8080808080808,32.212752525252526,3
2329,4,0,0,32,0.0,0.0,1.0,32,550,300,250,0.5454545454545454,8,3,5,373.2210623910609,0.3579469086021505,-0.007070274240940089,0.22817886509058288,132950.84685236207,3524.0112616059696,136474.85811396805,2301,221,724.65625,32,0,18,32.54902260855371,0.6588541666666666,42.17171717171718,1031.3131313131319,32.22853535353537,0
2330,4,1,0,33,0.030303030303030304,0.0,1.0,33,750,500,250,0.6666666666666666,10,5,5,365.3469623713368,0.3643465909090909,-0.005626061181617237,0.22497681367077094,133219.07439446385,3134.2368319877164,136353.31122645157,2302,0,703.6666666666666,33,0,19,32.48258942703386,0.659090909090909,41.91176470588236,1032.352941176472,31.283422459893092,0
2331,4,0,0,33,0.0,0.0,1.0,33,550,400,150,0.7272727272727273,7,4,3,363.5267749977614,0.3636363636363636,-0.011003592349266844,0.22442784856455217,133313.97667063161,3092.640000240309,136406.6166708719,2303,1,704.6666666666666,33,0,19,32.43431331830229,0.6600378787878787,41.81985294117648,1032.720588235295,31.294563279857424,0
2332,4,0,0,33,0.0,0.0,1.0,33,650,400,250,0.6153846153846154,9,4,5,361.6146151024768,0.3637941919191919,-0.007089521385404751,0.22362799638288905,133377.26362757114,3046.2335700211447,136423.49719759228,2304,2,705.6666666666666,33,0,19,32.420191204966976,0.6606691919191918,41.75857843137255,1032.9656862745098,31.301990493166965,0
2333,4,0,0,33,0.0,0.0,1.0,33,1350,1000,350,0.7407407407407407,17,10,7,360.8951178279542,0.36339962121212116,-0.0105058170033272,0.2241376600707635,133535.54672481745,3038.4653738946636,136574.01209871212,2305,3,706.6666666666666,33,0,19,32.28005691249703,0.6622474747474747,41.60539215686275,1033.5784313725496,31.320558526440898,0
2334,4,0,0,33,0.0,0.0,1.0,33,750,400,350,0.5333333333333333,11,4,7,362.6846472222873,0.36407039141414144,-0.010746315831061448,0.2258280714844604,133630.56163795176,3093.150621155329,136723.7122591071,2306,4,707.6666666666666,33,0,19,32.13857117458812,0.6631944444444444,41.513480392156865,1033.9460784313726,31.33169934640523,0
2335,4,0,0,33,0.0,0.0,1.0,33,700,500,200,0.7142857142857143,9,5,4,361.68415480591653,0.3641493055555556,-0.013670647955684956,0.22597897488650925,133757.3007527153,3075.5792543733173,136832.88000708862,2307,5,708.6666666666666,33,0,16,32.03745113138253,0.6644570707070707,41.39093137254902,1034.4362745098038,31.346553773024358,0
2336,4,0,0,33,0.0,0.0,1.0,33,550,400,150,0.7272727272727273,7,4,3,361.68415480591653,0.3641493055555556,-0.013670647955684956,0.22597897488650925,133757.3007527153,3075.5792543733173,136832.88000708862,2308,6,709.6666666666666,33,0,16,32.03745113138253,0.6644570707070707,41.39093137254902,1034.4362745098038,31.346553773024358,0
2337,4,0,0,33,0.0,0.0,1.0,33,1150,800,350,0.6956521739130435,15,8,7,343.17644579376963,0.3639914772727273,-0.01991755261444972,0.20366987363681227,131831.05656478275,2448.2626874279094,134279.31925221067,2309,7,710.6666666666666,33,0,17,34.44908512330947,0.6452020202020202,43.259803921568626,1026.9607843137253,31.120023767082586,4
2338,4,1,0,34,0.029411764705882353,0.0,1.0,34,800,500,300,0.625,11,5,6,344.2910472999342,0.37011660724896017,-0.013750999296221922,0.20149569178824864,131297.62081916124,2240.919075963748,133538.539895125,2310,0,690.7352941176471,34,0,21,34.95832849343711,0.6375612745098038,43.77976190476192,1024.8809523809543,30.143557422969245,2
2339,4,1,1,34,0.02857142857142857,0.02857142857142857,0.9714285714285714,35,1050,700,350,0.6666666666666666,14,7,7,336.63119550626215,0.37829131652661063,-0.02297576070139229,0.1983975343728399,131565.50068587132,1857.8103566529796,133423.3110425243,2311,0,671.9714285714285,35,0,15,34.884551744885684,0.6380952380952379,43.51851851851853,1025.925925925928,29.31216931216937,0
2340,4,1,2,33,0.02857142857142857,0.05714285714285714,0.9428571428571428,35,600,400,200,0.6666666666666666,8,4,4,331.5565087912271,0.3770658263305322,-0.0028402209798095157,0.19435215093269254,131358.63272392275,1713.1875332437355,133071.8202571665,2312,0,672.9428571428572,34,1,19,35.22311578213914,0.6381740196078433,43.72023809523809,1025.1190476190463,30.1505602240896,3
2341,4,0,0,33,0.0,0.0,1.0,33,1100,600,500,0.5454545454545454,16,6,10,350.63192023870295,0.3637941919191919,0.007151457127522631,0.20403066333667125,131077.0196559014,2591.957420222972,133668.97707612437,2313,11,714.6666666666666,33,0,19,35.018749002712624,0.6376262626262628,43.99509803921568,1024.0196078431359,31.030897207367754,0
2342,4,0,0,33,0.0,0.0,1.0,33,700,400,300,0.5714285714285714,10,4,6,348.1913104456079,0.363320707070707,0.0029581615895770685,0.20310754808198409,131171.15600069665,2534.531340109549,133705.6873408062,2314,12,715.6666666666666,33,0,21,34.98611775730749,0.6385732323232324,43.90318627450979,1024.387254901959,31.042038027332094,0
2343,4,0,0,33,0.0,0.0,1.0,33,1150,700,450,0.6086956521739131,16,7,9,360.49900187187893,0.363833648989899,0.006899418121363299,0.19482493227846814,128176.49347005399,2661.50767170344,130838.00114175743,2315,13,716.6666666666666,32,1,23,37.717165419783875,0.6106770833333334,46.84343434343434,1012.626262626262,31.644570707070688,6
2344,4,1,0,34,0.029411764705882353,0.0,1.0,34,950,800,150,0.8421052631578947,11,8,3,349.2941379126573,0.36820409982174684,0.021765700723392012,0.19098129944788475,128641.33536380235,2186.7328671664723,130828.06823096883,2316,0,696.5588235294117,33,1,21,37.526173793992115,0.6130050505050505,46.384803921568626,1014.4607843137252,30.741235888294703,0
2345,4,1,0,35,0.02857142857142857,0.0,1.0,35,750,500,250,0.6666666666666666,10,5,5,340.8798931091776,0.37478991596638656,0.02408412028665219,0.1878803131787791,128959.43877551003,1791.9359410430657,130751.3747165531,2317,0,677.6285714285714,34,1,22,37.415514142834816,0.6139705882352942,46.07142857142856,1015.7142857142843,29.87394957983189,0
2346,4,2,1,36,0.05405405405405406,0.02702702702702703,0.972972972972973,37,850,600,250,0.7058823529411765,11,6,5,325.7141488689464,0.3855105105105105,0.03294629630767898,0.18197777796400966,129495.73072059316,1035.9451001336595,130531.67582072681,2318,0,641.9459459459459,35,2,16,37.255988931847455,0.6172619047619048,45.543981481481474,1017.8240740740731,29.080687830687804,0
2347,4,1,1,36,0.02702702702702703,0.02702702702702703,0.972972972972973,37,300,100,200,0.3333333333333333,5,1,4,324.4412799794189,0.3852602602602602,0.035462409538589146,0.18140248298912834,129525.18332315245,1004.6632533864922,130529.84657653894,2319,0,642.918918918919,35,2,16,37.25850388478303,0.6175595238095237,45.5150462962963,1017.939814814815,29.083994708994716,0
2348,4,1,1,36,0.02702702702702703,0.02702702702702703,0.972972972972973,37,1100,800,300,0.7272727272727273,14,8,6,325.92654068344376,0.38785660660660665,0.030621209980155495,0.18264342069636563,129613.56122470861,1048.8999271262153,130662.46115183482,2320,0,643.8918918918919,35,2,16,37.13107145563386,0.6184523809523809,45.42824074074075,1018.287037037038,29.09391534391537,0
2349,4,1,0,37,0.02702702702702703,0.0,1.0,37,1200,800,400,0.6666666666666666,16,8,8,327.0343439008704,0.38576076076076077,0.032464682116654764,0.18442291879419206,129860.5420242881,1093.7714319049146,130954.313456193,2321,0,644.8648648648649,36,1,18,36.85251169299895,0.6189236111111109,45.18581081081083,1019.2567567567592,28.312687687687756,0
2350,4,1,1,37,0.02631578947368421,0.02631578947368421,0.9736842105263158,38,850,600,250,0.7058823529411765,11,6,5,321.51317234093057,0.3894766477003319,0.030230348011041963,0.18239991191829374,130094.74068944287,765.4345567867017,130860.17524622957,2322,0,628.8684210526316,37,1,18,36.756144310690736,0.6193693693693694,44.95614035087719,1020.1754385964911,27.572309151256515,0
2351,4,0,0,37,0.0,0.0,1.0,37,950,700,250,0.7368421052631579,12,7,5,328.6380203237016,0.38663663663663667,0.02800282893028805,0.1861460006298791,130032.77084094238,1146.7424772745776,131179.51331821695,2323,2,646.8648648648649,36,1,18,36.63717750542858,0.6206597222222222,45.016891891891895,1019.9324324324332,28.33145645645648,0
2352,4,0,1,36,0.0,0.02702702702702703,0.972972972972973,37,850,700,150,0.8235294117647058,10,7,3,325.40645524349,0.3863863863863864,0.02326573345224703,0.18485942890039264,130147.65346004789,1070.177314138463,131217.83077418635,2324,3,647.8648648648649,36,1,19,36.60329985652799,0.6218171296296295,44.90427927927928,1020.3828828828829,28.34396896896897,0
2353,4,1,1,36,0.02702702702702703,0.02702702702702703,0.972972972972973,37,950,600,350,0.631578947368421,13,6,7,324.57060144742576,0.3880442942942943,0.026195013285380986,0.18465683370483493,130205.11379200147,1052.1504190000858,131257.26421100157,2325,0,648.2432432432432,36,1,19,36.56648828570377,0.6223958333333334,44.847972972972975,1020.6081081081082,28.35022522522523,0
2354,4,1,0,37,0.02702702702702703,0.0,1.0,37,600,200,400,0.3333333333333333,10,2,8,328.0295965780961,0.3863863863863864,0.028432738687696357,0.18761252040192494,130410.3186755188,1155.701526550809,131566.0202020696,2326,0,649.2162162162163,35,2,20,36.27065627950897,0.6264880952380951,44.64699074074075,1021.4120370370381,29.18320105820109,0
2355,4,2,2,37,0.05128205128205128,0.05128205128205128,0.9487179487179487,39,750,500,250,0.6666666666666666,10,5,5,313.50674242865944,0.3954397210976159,0.03642987249544616,0.18162373849079344,130906.99932912068,408.04538415667764,131315.04471327734,2327,0,616.8717948717949,37,2,18,36.140464838029914,0.6275337837837838,44.16118421052632,1023.3552631578962,27.658250355618815,0
2356,4,0,0,37,0.0,0.0,1.0,37,600,300,300,0.5,9,3,6,329.51049091650566,0.38676176176176175,0.04699660593670352,0.18932382207440857,130587.70743580667,1206.0039169667298,131793.71135277342,2328,1,651.1891891891892,35,2,18,36.053509417582006,0.6282738095238095,44.473379629629626,1022.1064814814808,29.20304232804231,0
2357,4,0,0,37,0.0,0.0,1.0,37,1050,800,250,0.7619047619047619,13,8,5,329.973682769276,0.3859484484484485,0.044014132978479115,0.19017074280929896,130706.03358892744,1225.910252700612,131931.94384162806,2329,2,652.1891891891892,35,2,18,35.922113752122215,0.6294642857142857,44.357638888888886,1022.5694444444442,29.216269841269835,0
2358,4,1,0,38,0.02631578947368421,0.0,1.0,38,550,300,250,0.5454545454545454,8,3,5,320.3580864137018,0.3905879563774301,0.047657923687105974,0.18595498119416043,130982.06948502568,792.2330269458821,131774.30251197156,2330,0,636.0,36,2,19,35.889484781811525,0.6302083333333333,44.087837837837846,1023.6486486486496,28.43468468468471,0
2359,4,0,0,38,0.0,0.0,1.0,38,1150,800,350,0.6956521739130435,15,8,7,319.4409811183658,0.3899656235182551,0.05015012646676098,0.18641705725102375,131187.6746330602,781.3438990843397,131969.01853214455,2331,1,637.0,37,1,19,35.70576456527169,0.6303490990990991,43.887061403508774,1024.4517543859652,27.687885253674732,0
2360,4,0,0,38,0.0,0.0,1.0,38,800,500,300,0.625,11,5,6,320.7159360819613,0.3902027027027027,0.05212750978569991,0.18743529847942014,131243.8457626385,818.3985697522266,132062.24433239072,2332,2,638.0,37,1,19,35.61652844658464,0.6309121621621622,43.83223684210526,1024.6710526315787,27.69381223328591,0
2361,4,0,1,37,0.0,0.02631578947368421,0.9736842105263158,38,800,500,300,0.625,11,5,6,318.2629387269483,0.3896544570886676,0.05412922550278099,0.18641114982578394,131328.12500000003,759.4020515927991,132087.52705159283,2333,3,639.0,36,2,19,35.59451219512195,0.6336805555555556,43.75,1025.0000000000002,28.47222222222223,0
2362,4,1,0,38,0.02631578947368421,0.0,1.0,38,1050,800,250,0.7619047619047619,13,8,5,313.3192363339527,0.39315137505926984,0.06385448916408643,0.18490705190900125,131616.85333982643,647.6183954224589,132264.4717352489,2334,0,625.6578947368421,36,2,18,35.430842112964605,0.6365740740740741,43.46846846846847,1026.126126126127,28.503503503503527,0
2363,4,0,0,38,0.0,0.0,1.0,38,800,500,300,0.625,11,5,6,324.0909368554205,0.39315137505926984,0.08672749240619226,0.18626237443688223,130598.60365689447,865.164762234539,131463.76841912902,2335,1,626.6578947368421,37,1,15,36.180987627833794,0.6244369369369369,44.46271929824562,1022.1491228070179,27.62565196775724,2
2364,4,0,1,37,0.0,0.02631578947368421,0.9736842105263158,38,1050,600,450,0.5714285714285714,15,6,9,324.2589949008337,0.3935218112849692,0.08503305351225299,0.18649393025666083,130626.62459843411,871.3715999153509,131497.99619834946,2336,2,627.6578947368421,37,1,16,36.1483919696807,0.6247184684684685,44.435307017543856,1022.2587719298243,27.62861545756282,0
2365,4,3,2,38,0.075,0.05,0.95,40,1050,600,450,0.5714285714285714,15,6,9,313.5914718582441,0.4004273504273504,0.058635511097218096,0.1840695630228485,131410.26925131507,243.70653319480044,131653.97578450988,2337,0,597.05,38,2,20,35.63157757632593,0.6307565789473684,43.6698717948718,1025.320512820514,26.98211875843458,2
2366,4,0,0,38,0.0,0.0,1.0,38,800,400,400,0.5,12,4,8,324.98870765042955,0.39449976292081557,0.06614368577195129,0.1902072172557273,131299.2696032181,934.1559887590345,132233.42559197714,2338,1,629.4736842105264,36,2,21,35.45123246529686,0.6333912037037037,43.778153153153156,1024.8873873873874,28.469094094094096,0
2367,4,0,0,38,0.0,0.0,1.0,38,1050,600,450,0.5714285714285714,15,6,9,324.21177870315296,0.3945738501659554,0.06568249893025224,0.18989547038327523,131328.125,915.6250000000007,132243.75,2339,2,630.4736842105264,36,2,21,35.4420731707317,0.6336805555555556,43.75,1025.0,28.47222222222222,0
2368,4,0,0,38,0.0,0.0,1.0,38,750,500,250,0.6666666666666666,10,5,5,323.1490804848311,0.39377370791844474,0.06194687707737212,0.18970163622272015,131414.71021274666,893.3085534859326,132308.0187662326,2340,3,631.4736842105264,36,2,22,35.382116053450474,0.634548611111111,43.66554054054055,1025.3378378378388,28.481606606606633,0
2369,4,0,0,38,0.0,0.0,1.0,38,900,600,300,0.6666666666666666,12,6,6,321.4959898043098,0.3933588193456614,0.058608894615505225,0.18930232521832313,131530.20154867708,857.2864672104633,132387.48801588756,2341,4,632.4736842105264,36,2,22,35.30825740110514,0.6357060185185185,43.55292792792793,1025.7882882882886,28.49411911911913,0
2370,4,1,1,38,0.02564102564102564,0.02564102564102564,0.9743589743589743,39,1150,900,250,0.782608695652174,14,9,5,312.3484911757805,0.3958333333333333,0.059983298424301834,0.18525292082718084,131806.21831957917,433.8946839412191,132240.11300352038,2342,0,617.2307692307693,37,2,17,35.2655054280121,0.6365427927927927,43.28399122807018,1026.86403508772,27.753082029397834,0
2371,4,0,0,38,0.0,0.0,1.0,38,1150,800,350,0.6956521739130435,15,8,7,318.99898360384924,0.3920993361782836,0.05923650724001739,0.1888308269177072,131732.4334469605,804.5024754484248,132536.9359224089,2343,6,634.4736842105264,36,2,17,35.168933742869676,0.6377314814814814,43.35585585585586,1026.5765765765768,28.516016016016025,0
2372,4,1,0,39,0.02564102564102564,0.0,1.0,39,950,800,150,0.8421052631578947,11,8,3,313.1549265577162,0.39552406657669814,0.07377878395152848,0.18753300774318404,132172.4052112188,478.08796937518196,132650.493180594,2344,0,619.1794871794872,37,2,20,34.87728371365607,0.6402027027027027,42.92763157894736,1028.2894736842102,27.791607396870546,0
2373,4,0,0,39,0.0,0.0,1.0,39,800,500,300,0.625,11,5,6,313.4829654683013,0.3950742240215925,0.0773796342620312,0.18786943981643436,132200.59447378037,488.52687846259585,132689.12135224298,2345,1,620.1794871794872,37,2,20,34.840579130682016,0.6404842342342343,42.90021929824561,1028.3991228070172,27.79457088667614,0
2374,4,0,0,39,0.0,0.0,1.0,39,900,500,400,0.5555555555555556,13,5,8,318.149781179826,0.395748987854251,0.07910308315166636,0.19166584378394394,132398.00347222213,624.4791666666576,133022.4826388888,2346,2,621.1794871794872,37,2,22,34.52260458839407,0.642454954954955,42.70833333333333,1029.1666666666658,27.815315315315292,0
2375,4,0,0,39,0.0,0.0,1.0,39,1050,700,350,0.6666666666666666,14,7,7,321.0834266168097,0.3960863697705803,0.07958275306518114,0.19401373075494466,132510.87474030457,709.4091451215604,133220.28388542612,2347,3,622.1794871794872,37,2,23,34.33395456159035,0.6435810810810811,42.59868421052631,1029.6052631578937,27.827169274537667,0
2376,4,1,0,40,0.025,0.0,1.0,40,850,600,250,0.7058823529411765,11,6,5,323.4131678185688,0.3996928418803419,0.0923078950142302,0.17582926779912675,128415.10662073562,306.2272855942733,128721.33390632989,2348,0,607.6,38,2,15,38.41287200028109,0.6006030701754386,46.60790598290598,1013.568376068376,26.672852001799367,7
2377,4,3,1,42,0.06976744186046512,0.023255813953488372,0.9767441860465116,43,1050,700,350,0.6666666666666666,14,7,7,305.1849720796494,0.4101375046142488,0.10860126957180882,0.16913090367226424,129176.17517203631,-715.4745173532449,128460.70065468307,2349,0,566.1395348837209,41,2,17,38.10210712078332,0.6034044715447153,45.85813492063492,1016.5674603174596,24.794328300425843,0
2378,4,0,0,42,0.0,0.0,1.0,42,1200,1000,200,0.8333333333333334,14,10,4,308.3148339500618,0.40678232675183895,0.11331962041891086,0.17063954921608004,129123.91067031851,-437.8365845396329,128686.07408577888,2350,1,580.6190476190476,40,2,17,38.075567443255686,0.6044270833333334,45.90955284552845,1016.3617886178855,25.409044715447138,0
2379,4,0,0,42,0.0,0.0,1.0,42,450,200,250,0.4444444444444444,7,2,5,310.2739077307097,0.4069517034456059,0.11948082241994062,0.17194847086040396,129175.5602340705,-384.03882857424713,128791.52140549624,2351,2,581.6190476190476,40,2,17,37.97339964677263,0.6049479166666667,45.85873983739838,1016.5650406504078,25.414126016260195,0
2380,4,2,1,43,0.045454545454545456,0.022727272727272728,0.9772727272727273,44,1150,900,250,0.782608695652174,14,9,5,299.3626104056345,0.412955866807611,0.12223659037766632,0.16772149744560189,129605.142983119,-1040.210632953815,128564.93235016518,2352,0,556.1363636363636,41,3,14,37.815828786697836,0.6077235772357723,45.43650793650793,1018.2539682539668,24.835462640340655,0
2381,4,0,0,43,0.0,0.0,1.0,43,850,600,250,0.7058823529411765,11,6,5,305.8991396513182,0.40988372093023256,0.11831766847462633,0.17097576912654042,129511.5341397317,-676.5066263467463,128835.02751338495,2353,1,570.0697674418604,40,3,14,37.744192625133124,0.6083333333333333,45.52845528455285,1017.8861788617891,25.447154471544728,0
2382,4,1,1,43,0.022727272727272728,0.022727272727272728,0.9772727272727273,44,1150,700,450,0.6086956521739131,16,7,9,334.63754758225423,0.41247137068358003,0.1827310176949728,0.17952102690738578,127880.99500868026,-111.08421352414229,127769.91079515612,2354,0,558.0909090909091,39,5,15,38.673618262959124,0.5934829059829061,47.13541666666665,1011.458333333331,25.934829059829,7
2383,4,1,0,44,0.022727272727272728,0.0,1.0,44,750,500,250,0.6666666666666666,10,5,5,336.1614929973414,0.41411205073995777,0.20585484474373383,0.1815272062185642,128144.53124999987,-184.00607638890284,127960.52517361096,2355,0,559.0227272727273,37,7,16,38.3659122085048,0.5996621621621623,46.87499999999999,1012.499999999999,27.36486486486484,0
2384,4,1,1,44,0.022222222222222223,0.022222222222222223,0.9777777777777777,45,1100,700,400,0.6363636363636364,15,7,8,329.613914709823,0.4167087542087542,0.20378843788437928,0.1789575261031864,128360.96871803982,-538.0877209803691,127822.88099705944,2356,0,547.5777777777778,38,7,16,38.310929537866805,0.6000548245614037,46.661324786324776,1013.3547008546991,26.667228969860503,0
2385,4,2,2,44,0.043478260869565216,0.043478260869565216,0.9565217391304348,46,1150,900,250,0.782608695652174,14,9,5,324.5440149520725,0.4185487117552335,0.19938436675491156,0.17746963288142834,128645.99745008699,-849.742296006923,127796.25515408006,2357,0,536.6304347826087,39,7,13,38.149129787452516,0.6012286324786325,46.38020833333334,1014.4791666666681,26.012286324786363,0
2386,4,2,2,44,0.043478260869565216,0.043478260869565216,0.9565217391304348,46,1350,1000,350,0.7407407407407407,17,10,7,328.8445092663656,0.4199376006441224,0.1894582063376602,0.18030005930119322,128751.69406467024,-732.1424696180463,128019.5515950522,2358,0,537.5869565217391,39,7,13,37.93246860994217,0.6022970085470085,46.27604166666667,1014.8958333333343,26.02297008547011,0
2387,4,2,2,44,0.043478260869565216,0.043478260869565216,0.9565217391304348,46,1500,1300,200,0.8666666666666667,17,13,4,326.11194840391954,0.42000805152979065,0.19785199215199967,0.17969505531535665,128949.36244173587,-789.6144337364678,128159.7480079994,2359,0,538.5434782608696,41,5,13,37.800758611708005,0.6011178861788619,46.0813492063492,1015.6746031746026,24.772551296941526,0
2388,4,0,0,44,0.0,0.0,1.0,44,1250,700,550,0.56,18,7,11,333.7097385526037,0.41284575405214935,0.1256936838262135,0.1798565474017282,128067.37061273071,-252.53424714123224,127814.83636558948,2360,5,564.0227272727273,40,4,17,38.50673527443106,0.59375,46.95121951219513,1012.195121951221,25.304878048780527,5
2389,4,2,1,45,0.043478260869565216,0.021739130434782608,0.9782608695652174,46,1200,700,500,0.5833333333333334,17,7,10,324.17300231347235,0.4184782608695652,0.1361858190709042,0.17716028587147284,128622.09590143933,-860.8145638996484,127761.28133753968,2361,0,540.4565217391304,41,5,17,38.18286471067643,0.5978150406504066,46.40376984126984,1014.3849206349211,24.74109562524198,0
2390,4,2,0,47,0.0425531914893617,0.0,1.0,47,450,300,150,0.6666666666666666,6,3,3,315.4613538029135,0.4200007708911502,0.15072207294600926,0.17406825438261825,129004.43558079444,-1260.8172210203682,127743.61835977407,2362,0,528.9787234042553,42,5,19,38.01526929924966,0.6001984126984127,46.02713178294574,1015.8914728682172,24.18789221114803,0
2391,4,0,0,47,0.0,0.0,1.0,47,1100,500,600,0.45454545454545453,17,5,12,312.9724527694904,0.4191527906259636,0.1486846642192161,0.17334113144413704,129152.1364776756,-1315.7878132323808,127836.34866444321,2363,1,529.9787234042553,42,5,19,37.92858277724818,0.6016865079365079,45.88178294573643,1016.472868217054,24.201734957548904,0
2392,4,2,1,48,0.04081632653061224,0.02040816326530612,0.9795918367346939,49,900,400,500,0.4444444444444444,14,4,10,301.0039808259677,0.4243728741496599,0.16083978462583737,0.16866575329972017,129610.88266363923,-1997.3122825156697,127613.57038112356,2364,0,509.3061224489796,43,6,13,37.76823909606622,0.6048934108527132,45.43087121212121,1018.2765151515151,23.680849189570118,0
2393,4,0,0,48,0.0,0.0,1.0,48,950,700,250,0.7368421052631579,12,7,5,306.16149908225213,0.4221612736406619,0.1648069724654242,0.17148960726845944,129595.74619914644,-1664.5544137972665,127931.19178534918,2365,1,520.9166666666666,42,6,14,37.65226494099737,0.6061507936507937,45.44573643410852,1018.2170542635639,24.24326319675152,0
2394,4,0,0,48,0.0,0.0,1.0,48,1100,1000,100,0.9090909090909091,12,10,2,308.3355890498018,0.4226230053191489,0.16353076435141145,0.17292460196976603,129645.08311549776,-1605.1613860345028,128039.92172946325,2366,2,521.9166666666666,42,6,14,37.546979067554716,0.6066468253968255,45.39728682170542,1018.4108527131775,24.247877445551847,0
2395,4,0,1,47,0.0,0.020833333333333332,0.9791666666666666,48,1350,1200,150,0.8888888888888888,15,12,3,307.79891474322875,0.42240137411347517,0.1648116438356162,0.1728409290481208,129694.42942130884,-1616.039075175773,128078.39034613308,2367,3,522.9166666666666,42,6,14,37.5107020547945,0.6071428571428572,45.348837209302324,1018.6046511627909,24.252491694352166,0
2396,4,0,0,47,0.0,0.0,1.0,47,1100,800,300,0.7272727272727273,14,8,6,311.70938033319146,0.42169673142152325,0.16126925684290416,0.17452664322747094,129579.88989866771,-1321.746563208628,128258.14333545908,2368,4,534.936170212766,41,6,14,37.52709977589397,0.6074695121951219,45.46130952380952,1018.1547619047611,24.833042973286858,0
2397,4,1,0,48,0.020833333333333332,0.0,1.0,48,600,300,300,0.5,9,3,6,309.3477569431395,0.4237680998817967,0.17010060202788368,0.17458897012026953,129891.90853915016,-1563.6458896701058,128328.26264948005,2369,0,524.7708333333334,42,6,16,37.271467046894806,0.6091269841269842,45.155038759689916,1019.3798449612392,24.270948689553315,0
2398,4,1,2,47,0.02040816326530612,0.04081632653061224,0.9591836734693877,49,850,400,450,0.47058823529411764,13,4,9,307.5763995833127,0.4257015306122449,0.17849426121009793,0.1749208896205469,130190.094526587,-1791.3198928202405,128398.77463376675,2370,0,515.0408163265306,43,6,17,37.015267854381236,0.6107073643410852,44.8626893939394,1020.5492424242433,23.733703312191704,0
2399,4,0,0,47,0.0,0.0,1.0,47,1050,800,250,0.7619047619047619,13,8,5,319.71384098229754,0.42015494912118406,0.18200252016859064,0.18133576540656188,130085.41907793212,-1081.978202160492,129003.44087577163,2371,1,537.5744680851063,41,6,18,36.811464715225775,0.6125508130081301,44.96527777777778,1020.138888888889,24.881436314363146,0
2400,4,1,2,46,0.020833333333333332,0.041666666666666664,0.9583333333333334,48,1350,1000,350,0.7407407407407407,17,10,7,314.64143103528966,0.4221335697399527,0.18847248576850095,0.17984385483253548,130386.26359593781,-1395.01588696592,128991.24770897189,2372,0,527.3541666666666,42,6,19,36.636820050600896,0.6140873015873016,44.67054263565892,1021.317829457365,24.317091177556307,0
2401,4,0,0,46,0.0,0.0,1.0,46,1150,900,250,0.782608695652174,14,9,5,324.2505179519949,0.4184681964573269,0.18591674891347632,0.18462427450736038,130236.65229030343,-754.1396077070494,129482.51268259638,2373,3,550.1739130434783,40,6,19,36.542753551042075,0.615625,44.81707317073171,1020.7317073170735,25.518292682926838,0
2402,4,1,1,46,0.02127659574468085,0.02127659574468085,0.9787234042553191,47,1250,1000,250,0.8,15,10,5,318.81324567864766,0.42034767190872646,0.18735551685455976,0.18271884347492426,130490.55103812342,-1079.5767786281367,129410.97425949528,2374,0,539.4468085106383,41,6,14,36.4249563064375,0.6166158536585367,44.56845238095237,1021.7261904761892,24.920150987224126,0
2403,4,1,1,46,0.02127659574468085,0.02127659574468085,0.9787234042553191,47,1100,800,300,0.7272727272727273,14,8,6,322.7514474105667,0.4219087264878199,0.18999217331865736,0.18546057795153723,130591.93244716841,-970.2529565067076,129621.6794906617,2375,0,540.4255319148937,41,6,14,36.22195396162928,0.6176321138211384,44.46924603174602,1022.1230158730137,24.92982965543936,0
2404,4,0,1,45,0.0,0.021739130434782608,0.9782608695652174,46,1150,800,350,0.6956521739130435,15,8,7,328.63770885291774,0.4184380032206119,0.19154351502255462,0.18825042091728647,130470.1558781973,-624.5173797012565,129845.63849849605,2376,6,553.1739130434783,40,6,19,36.1946268112338,0.6179687500000002,44.58841463414633,1021.6463414634129,25.54115853658532,0
2405,4,2,2,45,0.0425531914893617,0.0425531914893617,0.9574468085106383,47,1100,800,300,0.7272727272727273,14,8,6,324.91916448486853,0.42204363243909965,0.19278122871824555,0.18756531835604648,130769.44464128221,-902.1002614008771,129867.34437988134,2377,0,541.531914893617,41,6,14,35.98731005496281,0.6194105691056911,44.29563492063491,1022.8174603174585,24.94676732481606,0
2406,4,1,0,46,0.021739130434782608,0.0,1.0,46,900,600,300,0.6666666666666666,12,6,6,332.25413790532343,0.4174013687600644,0.2049016727725168,0.19173197499307176,130755.83316808757,-511.16667492896636,130244.6664931586,2378,0,554.2826086956521,40,6,15,35.81350192103866,0.6208333333333333,44.30894308943088,1022.7642276422748,25.56910569105687,0
2407,4,1,2,45,0.02127659574468085,0.0425531914893617,0.9574468085106383,47,1350,1100,250,0.8148148148148148,16,11,5,327.7920497566256,0.41911424606845515,0.20749628896585937,0.1904737586423632,131023.24263038524,-810.324546485283,130212.91808389996,2379,0,543.468085106383,41,6,15,35.65770348837209,0.6219512195121952,44.04761904761904,1023.8095238095218,24.97096399535419,0
2408,4,0,0,45,0.0,0.0,1.0,45,1250,900,350,0.72,16,9,7,351.5879701400736,0.4144570707070707,0.2528076463560336,0.19562715261639996,129333.80126953126,94.44173177083368,129428.2430013021,2380,2,568.4222222222222,39,6,19,36.762352790578596,0.608173076923077,45.703125,1017.1875000000001,26.081730769230774,3
2409,4,3,3,45,0.0625,0.0625,0.9375,48,1150,700,450,0.6086956521739131,16,7,9,337.26201048290204,0.42107158687943264,0.26181512272367424,0.19094581282047018,130015.40927716166,-830.1483346854318,129185.26094247622,2381,0,533.8333333333334,42,6,17,36.43487727632621,0.6103670634920635,45.03391472868216,1019.86434108527,24.282484311554047,0
2410,4,0,1,44,0.0,0.022222222222222223,0.9777777777777777,45,1050,700,350,0.6666666666666666,14,7,7,356.48287727173323,0.4153619528619528,0.2648081882107025,0.20050368157532064,129757.97661675359,251.2993706597283,130009.27598741332,2382,1,561.8222222222222,39,6,17,36.20635671199262,0.6124465811965811,45.286458333333336,1018.8541666666675,26.124465811965834,0
2411,4,0,0,44,0.0,0.0,1.0,44,1400,1000,400,0.7142857142857143,18,10,8,358.1449825599069,0.4124603594080338,0.2598383160463693,0.20137208453368377,129745.05077069197,493.50778910075746,130238.55855979273,2383,2,575.2954545454545,38,6,17,36.1771619826622,0.6140350877192982,45.29914529914531,1018.8034188034203,26.810616284300533,0
2412,4,3,2,45,0.06382978723404255,0.0425531914893617,0.9574468085106383,47,1650,1300,350,0.7878787878787878,20,13,7,347.68815860364543,0.4206367560900401,0.28473869158562204,0.19969730503008934,130574.00238160162,-319.16297183689016,130254.83940976473,2384,0,539.5106382978723,40,7,16,35.60289682145107,0.6190104166666666,44.486788617886184,1022.0528455284558,25.551321138211396,0
2413,4,0,0,45,0.0,0.0,1.0,45,1300,1100,200,0.8461538461538461,15,11,4,362.3490212411488,0.4151094276094276,0.28988662131519183,0.20645467489321326,130262.58680555594,440.1041666667057,130702.69097222264,2385,1,564.4888888888889,39,6,18,35.544217687074834,0.6175213675213673,44.791666666666686,1020.8333333333364,26.175213675213755,0
2414,4,1,1,45,0.021739130434782608,0.021739130434782608,0.9782608695652174,46,1250,800,450,0.64,17,8,9,355.84205574438886,0.4176328502415459,0.2861908751956226,0.2037211348911399,130448.74267578153,83.82975260419644,130532.57242838573,2386,0,553.195652173913,39,7,18,35.521502498215575,0.6193910256410255,44.609375000000014,1021.5625000000022,26.193910256410312,0
2415,4,2,0,47,0.0425531914893617,0.0,1.0,47,1300,900,400,0.6923076923076923,17,9,8,356.3603207110434,0.41851680542707365,0.30558737862025454,0.2059198041491028,130807.808059026,-77.05751371535115,130730.75054531066,2387,0,542.3829787234042,40,7,19,35.14450460295384,0.6213541666666664,44.25813008130083,1022.9674796747992,25.57418699186998,0
2416,4,0,0,47,0.0,0.0,1.0,47,1350,900,450,0.6666666666666666,18,9,9,357.4368538482814,0.4182084489670059,0.30109267332004874,0.2069598436686806,130885.78976014645,-43.31901893709983,130842.47074120936,2388,1,543.3829787234042,40,7,19,35.03802926473998,0.6221354166666665,44.18191056910571,1023.2723577235802,25.581808943089506,0
2417,4,1,2,46,0.020833333333333332,0.041666666666666664,0.9583333333333334,48,1750,1500,250,0.8571428571428571,20,15,5,355.4503665079748,0.41974179964539005,0.3012713437268002,0.20750344459739165,131201.04762101616,-272.90790737589936,130928.13971364025,2389,0,533.0416666666666,41,7,19,34.770000161389234,0.6237296747967478,43.874007936507944,1024.5039682539696,24.987901664730966,0
2418,4,0,0,46,0.0,0.0,1.0,46,1050,700,350,0.6666666666666666,14,7,7,368.9166003017176,0.41626409017713367,0.3054430799867238,0.2138410382279869,130928.03955078138,460.3054470486258,131388.34499783002,2390,3,556.9782608695652,39,7,19,34.70154792196778,0.6241987179487178,44.14062500000001,1023.437500000001,26.241987179487207,0
2419,4,0,0,46,0.0,0.0,1.0,46,1150,600,550,0.5217391304347826,17,6,11,369.8112452578163,0.41567028985507243,0.30566364961992054,0.2154310826420969,131119.87428944427,497.920797805553,131617.79508724983,2391,4,557.9782608695652,40,6,19,34.48435536151352,0.6244791666666667,43.95325203252033,1024.18699186992,25.604674796747997,0
2420,4,0,0,46,0.0,0.0,1.0,46,1600,1300,300,0.8125,19,13,6,368.3520038350101,0.4159319645732689,0.3038110314456415,0.21503511269667294,131201.0476210158,465.63375929073794,131666.68138030655,2392,5,558.9782608695652,41,5,19,34.43955569542624,0.623729674796748,43.87400793650793,1024.5039682539668,24.9879016647309,0
2421,4,0,0,46,0.0,0.0,1.0,46,1300,900,400,0.6923076923076923,17,9,8,368.106090689163,0.41581119162640906,0.30659655988949486,0.21532577517304172,131278.46884201694,464.8807914188068,131743.34963343575,2393,6,559.9782608695652,42,4,19,34.367514498235,0.6230158730158729,43.79844961240311,1024.8062015503895,24.400147655961653,0
2422,4,0,1,45,0.0,0.021739130434782608,0.9782608695652174,46,1100,600,500,0.5454545454545454,16,6,10,344.94917052862866,0.4160426731078905,0.29952330743126465,0.19843676199108815,130635.03146701396,-164.5700531161695,130470.46141389779,2394,7,560.9782608695652,39,7,13,35.61111677195843,0.6212606837606838,44.427083333333336,1022.2916666666673,26.212606837606852,4
2423,4,0,1,44,0.0,0.022222222222222223,0.9777777777777777,45,1350,1000,350,0.7407407407407407,17,10,7,349.05280797740147,0.4165824915824916,0.2913781398506441,0.20162932790224036,130794.81336805578,130.8593750000215,130925.6727430558,2395,8,560.1777777777778,39,6,13,35.34453496266123,0.6228632478632478,44.27083333333334,1022.9166666666684,26.228632478632523,0
2424,4,0,0,44,0.0,0.0,1.0,44,1000,600,400,0.6,14,6,8,359.85039131625246,0.4153453136011276,0.3053043759082843,0.20735268484574657,130699.20562358458,606.4320576740445,131305.63768125864,2396,9,573.7272727272727,38,6,13,35.16525615574827,0.6236293859649122,44.36431623931624,1022.5427350427346,26.909019343229858,0
2425,4,0,0,44,0.0,0.0,1.0,44,800,700,100,0.875,9,7,2,358.2201626499475,0.4156095842142354,0.3030611663485372,0.20670534159421022,130753.83434007235,567.7319608810036,131321.56630095336,2397,10,574.7272727272727,38,6,14,35.15159824506425,0.6241776315789473,44.31089743589744,1022.7564102564105,26.914642375168697,0
2426,4,2,0,46,0.043478260869565216,0.0,1.0,46,850,600,250,0.7058823529411765,11,6,5,347.85265555262737,0.4212258454106281,0.3180834741233658,0.20401962727993667,131380.21349725718,-59.80876958157597,131320.4047276756,2398,0,550.695652173913,40,6,18,34.783695149352354,0.6270833333333332,43.69918699186993,1025.2032520325222,25.630081300813053,0
2427,4,2,2,46,0.041666666666666664,0.041666666666666664,0.9583333333333334,48,1050,600,450,0.5714285714285714,15,6,9,336.6148340783323,0.42628915484633567,0.30648694352682004,0.19935350291000195,131750.58144229633,-730.1599776155106,131020.42146468083,2399,0,528.7083333333334,42,6,15,34.69856064181217,0.6277281746031745,43.33817829457365,1026.647286821707,24.443983019564453,0
2428,4,1,2,45,0.02127659574468085,0.0425531914893617,0.9574468085106383,47,1050,700,350,0.6666666666666666,14,7,7,347.9907582440663,0.42127274128893005,0.32394696268886825,0.20628318143333835,131786.1128826531,-227.93013038548358,131558.18275226763,2400,0,540.936170212766,41,6,15,34.370772946859894,0.6295731707317073,43.30357142857143,1026.7857142857147,25.04355400696865,0
2429,4,0,0,45,0.0,0.0,1.0,45,1450,1100,350,0.7586206896551724,18,11,7,362.1128223489207,0.41820286195286194,0.3336310732169441,0.21388102672551357,131648.6328125,534.3315972222231,132182.96440972222,2401,3,564.8444444444444,39,6,15,34.147042901610504,0.6314102564102565,43.4375,1026.25,26.314102564102566,0
2430,4,0,0,45,0.0,0.0,1.0,45,1850,1400,450,0.7567567567567568,23,14,9,364.56781447703685,0.4183291245791246,0.3311647618403555,0.21624004302735428,131809.03320312497,610.6662326388865,132419.69943576385,2402,4,565.8444444444444,39,6,15,33.92211063772233,0.6330128205128205,43.28125,1026.8749999999998,26.3301282051282,0
2431,4,0,0,45,0.0,0.0,1.0,45,1200,700,500,0.5833333333333334,17,7,10,367.85734819485674,0.41759259259259257,0.34088794259127897,0.21896059295388465,131942.7747938367,707.2238498263823,132649.99864366307,2403,5,566.8444444444444,39,6,17,33.702663996755554,0.6343482905982907,43.151041666666664,1027.3958333333326,26.343482905982885,0
2432,4,1,1,45,0.021739130434782608,0.021739130434782608,0.9782608695652174,46,1200,900,300,0.75,15,9,6,362.5483432403598,0.4187097423510467,0.3418078368223294,0.21811063430235544,132345.71358194525,396.3438388194814,132742.05742076473,2404,0,555.5,40,6,18,33.43292181069959,0.63671875,42.75914634146341,1028.9634146341461,25.724085365853654,0
2433,4,0,0,45,0.0,0.0,1.0,45,900,600,300,0.6666666666666666,12,6,6,368.55344865180706,0.41607744107744105,0.3514611594789776,0.2217156495604475,132344.4064670138,755.1974826388837,133099.60394965266,2405,1,568.4666666666667,39,6,19,33.27976310994131,0.6383547008547009,42.760416666666664,1028.9583333333326,26.38354700854699,0
2434,4,0,0,45,0.0,0.0,1.0,45,1500,1200,300,0.8,18,12,6,370.1442913795371,0.41607744107744105,0.3518704878582368,0.22350456484753844,132484.94059938332,807.7414434071087,133292.68204279043,2406,2,569.4666666666667,36,9,19,33.097243491577345,0.6452546296296295,42.62387387387388,1029.5045045045058,28.597347347347384,0
2435,4,0,0,45,0.0,0.0,1.0,45,1150,900,250,0.782608695652174,14,9,5,372.08685528482135,0.4162037037037037,0.35163312919218415,0.22502395533891612,132542.91453615797,863.49525200879,133406.40978816675,2407,3,570.4666666666667,36,9,20,32.98884514435696,0.6458333333333333,42.56756756756758,1029.7297297297314,28.60360360360365,0
2436,4,0,0,45,0.0,0.0,1.0,45,1000,700,300,0.7,13,7,6,371.27734200015306,0.4157617845117845,0.3500801632415098,0.22522845653961565,132658.9004545087,850.6487906825935,133509.5492451913,2408,4,571.4666666666667,36,9,15,32.89289097799154,0.6469907407407407,42.454954954954964,1030.1801801801814,28.61611611611615,0
2437,4,0,0,45,0.0,0.0,1.0,45,850,600,250,0.7058823529411765,11,6,5,368.69241013865525,0.41571969696969696,0.34531224137523364,0.22412492047109192,132736.76155163127,787.8073060941822,133524.56885772545,2409,5,572.4666666666667,37,8,16,32.88110945591261,0.6458333333333333,42.37938596491228,1030.482456140351,27.850877192982455,0
2438,4,0,0,45,0.0,0.0,1.0,45,1050,800,250,0.7619047619047619,13,8,5,370.49827730624924,0.41550925925925924,0.3498073695903947,0.22590303522914096,132849.7770948753,844.1227108340968,133693.89980570937,2410,6,573.4666666666667,37,8,16,32.72087499113664,0.6469594594594594,42.26973684210526,1030.9210526315785,27.862731152204823,0
2439,4,0,0,45,0.0,0.0,1.0,45,1100,900,200,0.8181818181818182,13,9,4,370.6005522119768,0.41517255892255894,0.3495385633426682,0.2261360799772368,132878.0384950178,848.9348886195844,133726.97338363738,2411,7,574.4666666666667,37,8,17,32.68981087596159,0.6472409909909909,42.242324561403514,1031.0307017543867,27.86569464201045,0
2440,4,0,0,45,0.0,0.0,1.0,45,1100,500,600,0.45454545454545453,17,5,12,367.38112204027027,0.41390993265993264,0.3398814661372922,0.22492484041209948,133003.43940618375,772.5905608517756,133776.02996703552,2412,8,575.4666666666667,38,7,17,32.646728810633526,0.6466557017543859,42.120726495726494,1031.5170940170938,27.145186684660363,0
2441,4,0,0,45,0.0,0.0,1.0,45,1350,800,550,0.5925925925925926,19,8,11,366.306597175982,0.4132996632996633,0.33648742625120565,0.22482237618496143,133095.751953125,750.7703993055561,133846.52235243056,2413,9,576.4666666666667,39,6,17,32.58168450097584,0.6458333333333334,42.03125,1031.875,26.458333333333332,0
2442,4,0,0,45,0.0,0.0,1.0,45,1100,600,500,0.5454545454545454,16,6,10,366.3654117745477,0.41357323232323234,0.3331068276875122,0.2253454292535067,133176.37939453125,758.2438151041686,133934.6232096354,2414,10,577.4666666666667,39,6,17,32.49918003834898,0.6466346153846154,41.953125,1032.1875,26.466346153846153,0
2443,4,0,0,45,0.0,0.0,1.0,45,1100,800,300,0.7272727272727273,14,8,6,365.1735447483452,0.413699494949495,0.3303060881264712,0.2247745235065904,133203.26063368074,728.4613715278003,133931.72200520855,2415,11,578.4666666666667,39,6,17,32.50294315506223,0.6469017094017093,41.92708333333334,1032.2916666666683,26.469017094017136,0
2444,4,0,0,45,0.0,0.0,1.0,45,1350,900,450,0.6666666666666666,18,9,9,362.0257819300667,0.41308922558922556,0.32276573093517147,0.22364396435119077,133337.70751953125,654.3375651041679,133992.0450846354,2416,12,579.4666666666667,39,6,17,32.44925617750883,0.6482371794871795,41.796875,1032.8125,26.482371794871796,0
2445,4,0,0,45,0.0,0.0,1.0,45,1300,1000,300,0.7692307692307693,16,10,6,364.5008996706365,0.41252104377104376,0.3268116185547374,0.2258266348427888,133445.31385633702,728.1873914930762,134173.50124783008,2417,13,580.4666666666667,39,6,18,32.27738431293478,0.6493055555555554,41.69270833333334,1033.2291666666683,26.4930555555556,0
2446,4,0,0,45,0.0,0.0,1.0,45,1150,800,350,0.6956521739130435,15,8,7,356.8697309999842,0.4113425925925926,0.31157503100454664,0.2219197633133581,133582.64391116975,534.323152442792,134116.96706361254,2418,14,581.4666666666667,38,7,19,32.33688163152817,0.6524122807017543,41.55982905982907,1033.7606837606854,27.204228520018038,0
2447,4,0,0,45,0.0,0.0,1.0,45,1600,1300,300,0.8125,19,13,6,355.8034937051598,0.4117003367003367,0.31345246703164276,0.22208469520049356,133720.73522764642,515.660954963854,134236.39618261027,2419,15,582.4666666666667,38,7,15,32.22613882863343,0.653782894736842,41.42628205128206,1034.2948717948727,27.21828609986507,0
2448,4,0,0,45,0.0,0.0,1.0,45,1050,600,450,0.5714285714285714,15,6,9,352.86423718336584,0.4115530303030303,0.3119523873450565,0.22069569292853888,133795.33420138928,442.31770833337356,134237.65190972266,2420,16,583.4666666666667,39,6,16,32.2274801986844,0.6527777777777777,41.354166666666686,1034.5833333333364,26.527777777777857,0
2449,4,0,0,45,0.0,0.0,1.0,45,1500,1100,400,0.7333333333333333,19,11,8,372.354262450177,0.4119107744107744,0.35976603441863597,0.22101388762771204,131835.7760959202,843.0094401041724,132678.7855360244,2421,17,584.4666666666667,39,6,17,33.69520657943672,0.6332799145299146,43.255208333333336,1026.9791666666672,26.33279914529916,4
2450,4,0,0,45,0.0,0.0,1.0,45,1500,1000,500,0.6666666666666666,20,10,10,374.76793272791423,0.4123316498316498,0.36082671622458795,0.22338886141153305,131996.2904188367,893.5953776041581,132889.88579644085,2422,18,585.4666666666667,39,6,17,33.47113110322689,0.6348824786324787,43.09895833333333,1027.6041666666658,26.348824786324766,0
2451,4,0,0,45,0.0,0.0,1.0,45,1250,900,350,0.72,16,9,7,369.75063634620426,0.4122895622895623,0.35371871060687976,0.22149140060738617,132183.68055555536,774.9999999999824,132958.68055555533,2423,19,586.4666666666667,39,6,17,33.410994057266336,0.6367521367521368,42.91666666666666,1028.3333333333317,26.367521367521324,0
2452,4,0,0,45,0.0,0.0,1.0,45,1000,700,300,0.7,13,7,6,368.77187816639406,0.4117424242424242,0.35184526553821227,0.2213943624436677,132267.29811124314,755.291988895486,133022.59010013862,2424,20,587.4666666666667,40,5,18,33.35185734044655,0.6359375,42.83536585365853,1028.6585365853646,25.716463414634113,0
2453,4,0,0,45,0.0,0.0,1.0,45,1250,700,550,0.56,18,7,11,368.9619564326574,0.41119528619528617,0.3568151147098517,0.2222770810704059,132398.00347222228,770.2234739573069,133168.22694617958,2425,21,588.4666666666667,36,9,18,33.215249662618085,0.6443865740740742,42.708333333333336,1029.166666666667,28.587962962962973,0
2454,4,0,0,45,0.0,0.0,1.0,45,1700,1200,500,0.7058823529411765,22,12,10,368.00876574950576,0.4114057239057239,0.3607520021388557,0.2223862620785017,132513.92598257042,753.257269093418,133267.18325166384,2426,22,589.4666666666667,36,9,18,33.12301760909986,0.6455439814814815,42.59572072072072,1029.617117117117,28.600475475475474,0
2455,4,0,0,45,0.0,0.0,1.0,45,900,700,200,0.7777777777777778,11,7,4,367.96930325797143,0.411763468013468,0.3587631371119613,0.2227054452875017,132571.90626014533,756.4783956253589,133328.3846557707,2427,23,590.4666666666667,36,9,18,33.06565518498269,0.6461226851851851,42.539414414414416,1029.8423423423428,28.606731731731745,0
2456,4,0,0,45,0.0,0.0,1.0,45,1450,900,550,0.6206896551724138,20,9,11,366.86902185085756,0.41092171717171716,0.35804281779385505,0.22318459135121096,132765.01092884352,741.4739390966478,133506.48486794016,2428,24,591.4666666666667,37,8,16,32.899665744582755,0.6461148648648647,42.35197368421053,1030.5921052631581,27.853840682788057,0
2457,4,0,0,45,0.0,0.0,1.0,45,1150,700,450,0.6086956521739131,16,7,9,366.12202089267254,0.41029040404040407,0.3545630700883786,0.2235721743165384,132906.30290089257,731.9848414896867,133638.28774238226,2429,25,592.4666666666667,37,8,16,32.77683255352333,0.6475225225225225,42.21491228070175,1031.1403508771928,27.86865813181602,0
2458,4,0,0,45,0.0,0.0,1.0,45,1450,900,550,0.6206896551724138,20,9,11,371.60321813218513,0.4098274410774411,0.35781045074894724,0.22801422367983779,133086.1058605451,891.0450452918526,133977.15090583696,2430,26,593.4666666666667,38,7,16,32.45474390833161,0.6474780701754386,42.0405982905983,1031.8376068376078,27.15362123256863,0
2459,4,0,0,45,0.0,0.0,1.0,45,1400,700,700,0.5,21,7,14,370.7134692488053,0.40938552188552185,0.35578548025521606,0.22865001150540562,133279.094128954,881.6710725765321,134160.76520153054,2431,27,594.4666666666667,38,7,16,32.28379893085015,0.6493969298245613,41.853632478632484,1032.585470085471,27.173301844354498,0
2460,4,0,0,45,0.0,0.0,1.0,45,1300,900,400,0.6923076923076923,17,9,8,370.64526007799105,0.4085437710437711,0.3543008222984021,0.22946689696963302,133418.40820312526,890.1801215278068,134308.58832465307,2432,28,595.4666666666667,39,6,16,32.14567789204814,0.6490384615384615,41.718750000000014,1033.125000000002,26.490384615384666,0
2461,4,0,0,45,0.0,0.0,1.0,45,1200,900,300,0.75,15,9,6,374.9467980814404,0.40774410774410774,0.3646546088472442,0.23283232156911088,133530.41174620562,1013.392618230562,134543.8043644362,2433,29,596.4666666666667,36,9,16,31.92212355633037,0.6556712962962963,41.61036036036036,1033.5585585585582,28.70995995995995,0
2462,4,0,0,45,0.0,0.0,1.0,45,1150,700,450,0.6086956521739131,16,7,9,374.0847706903489,0.4075126262626263,0.3597574701376032,0.23284557828529442,133617.7198101818,996.8708150718282,134614.59062525362,2434,30,597.4666666666667,36,9,17,31.8567784918128,0.6565393518518519,41.5259009009009,1033.8963963963963,28.719344344344343,0
2463,4,1,0,46,0.021739130434782608,0.0,1.0,46,1200,800,400,0.6666666666666666,16,8,8,363.3339916690607,0.4089472624798712,0.35214627855563707,0.22805005860079336,133925.82333025546,531.9607956294237,134457.78412588488,2435,0,585.4565217391304,37,9,16,31.826006355932204,0.6576576576576576,41.228070175438596,1035.0877192982455,27.975343764817445,0
2464,4,0,0,46,0.0,0.0,1.0,46,1250,900,350,0.72,16,9,7,361.70892068968595,0.4089975845410628,0.35013389312771626,0.22781316232911789,134052.4454511834,497.5930719921014,134550.0385231755,2436,1,586.4565217391304,38,8,16,31.741333952336724,0.6570723684210527,41.105769230769226,1035.5769230769226,27.252024291497964,0
2465,4,0,0,46,0.0,0.0,1.0,46,1150,900,250,0.782608695652174,14,9,5,359.1928131468792,0.40885668276972625,0.348240827508284,0.22691157713910642,134163.10683988951,438.08475326903556,134601.19159315855,2437,2,587.4565217391304,38,8,16,31.695799388126918,0.6581688596491229,40.99893162393162,1036.0042735042723,27.263270355375585,0
2466,4,0,0,46,0.0,0.0,1.0,46,1300,1100,200,0.8461538461538461,15,11,4,358.82659822204494,0.40893719806763285,0.34615888859269184,0.22724161844119206,134253.7448459202,434.76291232639477,134688.50775824662,2438,3,588.4565217391304,39,7,16,31.614672328877266,0.6573183760683761,40.911458333333336,1036.3541666666672,26.573183760683776,0
2467,4,0,0,46,0.0,0.0,1.0,46,1650,1100,550,0.6666666666666666,22,11,11,357.13544822431504,0.4086855877616747,0.34448553849300345,0.2271951442444456,134419.0172846849,401.1591975675674,134820.17648225246,2439,4,589.4565217391304,40,6,16,31.493368613615573,0.6572916666666667,40.752032520325194,1036.991869918698,25.924796747967452,0
2468,4,0,1,45,0.0,0.021739130434782608,0.9782608695652174,46,1250,1000,250,0.8,15,10,5,362.98805380990734,0.4086654589371981,0.3448531416110119,0.23158637833072093,134524.42329301345,566.1517202062211,135090.57501321967,2440,5,590.4565217391304,40,6,17,31.236326084117017,0.6583333333333334,40.65040650406504,1037.39837398374,25.9349593495935,0
2469,4,0,0,45,0.0,0.0,1.0,45,950,500,450,0.5263157894736842,14,5,9,362.1960829603561,0.40852272727272726,0.3302476125121525,0.23195352313512552,134661.64809564233,754.7894569690827,135416.4375526114,2441,6,565.8222222222222,38,7,17,31.11983187510722,0.6631030701754387,40.518162393162385,1037.927350427349,27.313877642824973,0
2470,4,0,0,45,0.0,0.0,1.0,45,750,400,350,0.5333333333333333,11,4,7,361.94422157401,0.4078914141414141,0.33036518716699903,0.23232324605391177,134744.82819234405,754.022390240322,135498.85058258436,2442,7,566.8222222222222,38,7,20,31.043338821431018,0.6639254385964912,40.43803418803418,1038.247863247862,27.322312190733207,0
2471,4,0,0,45,0.0,0.0,1.0,45,1750,1100,650,0.6285714285714286,24,11,13,358.80440730196966,0.4074705387205387,0.32822270198645276,0.2318996989917778,134994.52257515147,687.325932317908,135681.84850746937,2443,8,567.8222222222222,38,7,15,30.87582673657516,0.6663925438596492,40.19764957264957,1039.2094017094007,27.347615834457912,0
2472,4,0,0,45,0.0,0.0,1.0,45,1100,500,600,0.45454545454545453,17,5,12,354.7316874364499,0.40717592592592594,0.3159925568227222,0.23032711900059807,135161.1139076082,589.1860024472129,135750.29991005542,2444,9,568.8222222222222,38,7,17,30.815695743004895,0.6680372807017544,40.03739316239316,1039.8504273504268,27.36448493027439,0
2473,4,0,2,43,0.0,0.044444444444444446,0.9555555555555556,45,700,400,300,0.5714285714285714,10,4,6,353.95072661271,0.4070286195286195,0.3112069851052903,0.23017437031227306,135216.66718030884,572.0075197238482,135788.6747000327,2445,10,569.8222222222222,38,7,17,30.780688238315342,0.6685855263157896,39.98397435897435,1040.0641025641014,27.370107962213194,0
2474,4,0,1,42,0.0,0.023255813953488372,0.9767441860465116,43,1250,900,350,0.72,16,9,7,363.8941209071447,0.4049464747139166,0.31010858927156604,0.23582229393852647,135091.68836805565,1231.8142361111204,136323.50260416677,2446,42,588.6046511627907,37,6,17,30.646710086840343,0.6692004504504505,40.10416666666667,1039.5833333333342,28.09684684684687,0
2475,4,0,0,42,0.0,0.0,1.0,42,950,800,150,0.8421052631578947,11,8,3,373.5930055132708,0.4055966898954704,0.30538010609532074,0.24142270692412202,134989.27136596054,1686.209520331141,136675.48088629168,2447,43,594.8809523809524,36,6,17,30.496857390550495,0.6701388888888888,40.2027027027027,1039.1891891891892,28.866366366366364,0
2476,4,0,0,42,0.0,0.0,1.0,42,1100,900,200,0.8181818181818182,13,9,4,372.360669901539,0.4055120015485869,0.30412908150371587,0.24160267499655022,135135.5932579539,1663.836006614725,136799.42926456864,2448,44,595.8809523809524,36,6,17,30.38286580742987,0.6715856481481481,40.06193693693694,1039.7522522522524,28.88200700700701,0
2477,4,0,0,42,0.0,0.0,1.0,42,1100,900,200,0.8181818181818182,13,9,4,371.5498092561851,0.4047861014324429,0.30173506943370576,0.2420576260866459,135281.99440995054,1652.7998437626884,136934.79425371322,2449,45,596.8809523809524,36,6,19,30.25794724687883,0.6730324074074073,39.921171171171174,1040.3153153153157,28.89764764764766,0
2478,4,0,0,42,0.0,0.0,1.0,42,900,600,300,0.6666666666666666,12,6,6,371.57550789581956,0.40447154471544716,0.3024906998072976,0.24286427467985622,135399.17239875026,1662.2032505478617,137061.37564929813,2450,46,597.8809523809524,36,6,19,30.14048185818367,0.6741898148148149,39.808558558558566,1040.765765765767,28.910160160160192,0
2479,4,0,1,41,0.0,0.023809523809523808,0.9761904761904762,42,850,400,450,0.47058823529411764,13,4,9,369.117525844974,0.4046046264034069,0.3016207672386719,0.2426416486524639,135604.35593955452,1610.7888716419238,137215.14481119643,2451,47,598.8809523809524,36,6,19,30.0000900998306,0.6762152777777778,39.61148648648649,1041.5540540540549,28.93205705705708,0
2480,4,0,0,41,0.0,0.0,1.0,41,700,400,300,0.5714285714285714,10,4,6,372.27160850394716,0.4042936991869919,0.2942334068817458,0.24450364476777484,135573.4056177126,1894.0259559327812,137467.43157364536,2452,48,611.1951219512196,35,6,19,29.948784915166335,0.6779761904761905,39.6412037037037,1041.435185185185,29.755291005291,0
2481,4,0,0,41,0.0,0.0,1.0,41,900,600,300,0.6666666666666666,12,6,6,376.6775481352503,0.4032266260162602,0.30058077317519105,0.24824411907226715,135695.69160997722,2022.7174775517103,137718.40908752894,2453,49,612.1951219512196,34,7,19,29.71225624619135,0.6813725490196079,39.52380952380952,1041.904761904761,30.644257703081205,0
2482,4,0,0,41,0.0,0.0,1.0,41,1800,1500,300,0.8333333333333334,21,15,6,377.52271227856215,0.4024644308943089,0.29890998613114705,0.25010165765020026,135881.80980725627,2059.6938775510207,137941.50368480728,2454,50,613.1951219512196,34,7,16,29.504928826977235,0.6832107843137254,39.345238095238095,1042.6190476190477,30.66526610644258,0
2483,4,0,0,41,0.0,0.0,1.0,41,1050,700,350,0.6666666666666666,14,7,7,376.1646019159868,0.40251524390243903,0.299558755853929,0.2495760724052313,135935.25618355625,2026.8063057270224,137962.06248928327,2455,51,614.1951219512196,35,6,16,29.48714391416944,0.6815476190476191,39.29398148148148,1042.8240740740741,29.794973544973548,0
2484,4,0,0,41,0.0,0.0,1.0,41,1150,900,250,0.782608695652174,14,9,5,376.74058680210936,0.40152439024390246,0.29548615432903813,0.2508079504752004,136055.98020618997,2051.5619641632375,138107.5421703532,2456,52,615.1951219512196,35,6,16,29.35202647733156,0.6827380952380953,39.17824074074074,1043.287037037037,29.808201058201057,0
2485,4,0,0,41,0.0,0.0,1.0,41,1150,700,450,0.6086956521739131,16,7,9,379.25365655133845,0.4013211382113821,0.29821841646037095,0.25269561816779873,136086.1695842979,2122.2354841821025,138208.40506848,2457,53,616.1951219512196,35,6,16,29.256447587354412,0.6830357142857142,39.14930555555556,1043.402777777778,29.811507936507944,0
2486,4,0,0,41,0.0,0.0,1.0,41,1400,1000,400,0.7142857142857143,18,10,8,380.1967541949155,0.4010924796747968,0.2924017089394839,0.25440465302953563,136237.16670953366,2159.3857167352617,138396.55242626893,2458,54,617.1951219512196,35,6,17,29.081670362158178,0.6845238095238095,39.00462962962963,1043.9814814814818,29.828042328042336,0
2487,4,0,0,41,0.0,0.0,1.0,41,1250,1000,250,0.8,15,10,5,380.84344871662887,0.4003556910569106,0.294753516082207,0.25549073886766865,136327.80517243233,2183.910295567562,138511.7154679999,2459,55,618.1951219512196,35,6,17,28.974680446266945,0.6854166666666666,38.917824074074076,1044.3287037037042,29.837962962962976,0
2488,4,0,1,40,0.0,0.024390243902439025,0.975609756097561,41,800,500,300,0.625,11,5,6,380.72232910819383,0.39994918699186993,0.29514789828749355,0.2556278495440729,136358.02469135798,2182.908950617277,138540.93364197525,2460,56,619.1951219512196,35,6,18,28.947805851063826,0.6857142857142857,38.888888888888886,1044.4444444444441,29.84126984126983,0
2489,4,0,0,40,0.0,0.0,1.0,40,800,400,400,0.5,12,4,8,381.86508697754016,0.3973557692307692,0.28130470914127415,0.25661447579838415,136388.24755926352,2416.382003386485,138804.62956265,2461,57,599.85,35,5,18,28.887927054478304,0.6860119047619047,38.8599537037037,1044.560185185185,29.844576719576715,0
2490,4,0,0,40,0.0,0.0,1.0,40,900,600,300,0.6666666666666666,12,6,6,379.81665493127684,0.3970352564102564,0.27929869266563245,0.25545641783976936,136418.47377614884,2362.801676097395,138781.27545224622,2462,58,600.85,35,5,18,28.911385626708032,0.6863095238095238,38.83101851851852,1044.675925925926,29.8478835978836,0
2491,4,0,0,40,0.0,0.0,1.0,40,900,500,400,0.5555555555555556,13,5,8,395.09543850368595,0.3969417735042735,0.23285024154589395,0.24783259324322132,133903.12500000012,2603.421317729782,136506.5463177299,2463,59,601.85,34,6,14,31.026905528717137,0.6636029411764706,41.25000000000001,1035.000000000001,30.44117647058826,7
2492,4,0,0,40,0.0,0.0,1.0,40,650,500,150,0.7692307692307693,8,5,3,408.22776030728136,0.3969417735042735,0.22054187758858745,0.25564234096476135,133841.52494331056,2927.5651927437502,136769.09013605432,2464,60,602.85,34,6,16,30.749060438717592,0.6629901960784315,41.3095238095238,1034.761904761904,30.43417366946776,1
2493,4,0,0,40,0.0,0.0,1.0,40,900,700,200,0.7777777777777778,11,7,4,409.3574075370616,0.3964877136752137,0.2191626409017715,0.2567787374550659,133903.125,2962.847222222222,136865.97222222222,2465,61,603.85,34,6,16,30.657877079978526,0.6636029411764706,41.25,1035.0,30.441176470588236,0
2494,4,0,0,40,0.0,0.0,1.0,40,1600,1300,300,0.8125,19,13,6,405.7140969745014,0.395446047008547,0.22448275862068967,0.25577627852740287,134088.0102040815,2880.2791950113187,136968.28939909284,2466,62,604.85,34,6,16,30.566331417624507,0.6654411764705883,41.07142857142856,1035.7142857142846,30.46218487394955,0
2495,4,0,0,40,0.0,0.0,1.0,40,1150,800,350,0.6956521739130435,15,8,7,405.0728213175698,0.3947516025641025,0.22169616180188445,0.2558014289626627,134149.66695011334,2868.076814058952,137017.7437641723,2467,63,605.85,34,6,17,30.52100091932888,0.6660539215686274,41.01190476190476,1035.9523809523807,30.46918767507002,0
2496,4,0,0,40,0.0,0.0,1.0,40,900,600,300,0.6666666666666666,12,6,6,404.717468472913,0.394284188034188,0.22092141544117627,0.2560073288944938,134211.33786848068,2863.53458049886,137074.87244897953,2468,64,606.85,34,6,17,30.468271292892148,0.6666666666666667,40.95238095238095,1036.190476190476,30.476190476190467,0
2497,4,0,0,40,0.0,0.0,1.0,40,1650,1300,350,0.7878787878787878,20,13,7,407.1158091474895,0.3935096153846154,0.229878328741965,0.25926848898340127,134458.16326530615,2948.008786848075,137406.17205215423,2469,65,607.85,34,6,17,30.158354377104388,0.6691176470588236,40.714285714285715,1037.1428571428573,30.504201680672274,0
2498,4,0,0,40,0.0,0.0,1.0,40,1050,700,350,0.6666666666666666,14,7,7,409.18694859760336,0.39300213675213674,0.23624497991967885,0.26125012872000825,134550.78125,3011.284722222223,137562.06597222222,2470,66,608.85,34,6,17,30.011713520749655,0.6700367647058822,40.625,1037.5,30.514705882352942,0
2499,4,0,0,40,0.0,0.0,1.0,40,950,600,350,0.631578947368421,13,6,7,409.535216734649,0.3930422008547008,0.23495296007342792,0.261694204476481,134581.66099773246,3023.185941043084,137604.84693877553,2471,67,609.85,34,6,17,29.971699556371416,0.6703431372549019,40.595238095238095,1037.6190476190477,30.518207282913167,0
2500,4,0,0,40,0.0,0.0,1.0,40,600,500,100,0.8333333333333334,7,5,2,409.88046817408093,0.39245459401709404,0.2387933012158754,0.2623596124479911,134643.43112244908,3037.5425170068156,137680.9736394559,2472,68,610.85,34,6,18,29.900779995411796,0.6709558823529411,40.53571428571429,1037.8571428571436,30.525210084033635,0
2501,4,0,0,40,0.0,0.0,1.0,40,1500,1200,300,0.8,18,12,6,407.23573863328915,0.3921340811965812,0.23824237560192607,0.2615545001737519,134767.013888889,2976.3888888888996,137743.4027777779,2473,69,611.85,34,6,18,29.84550561797753,0.6721813725490196,40.41666666666667,1038.3333333333342,30.539215686274535,0
2502,4,0,0,40,0.0,0.0,1.0,40,1000,700,300,0.7,13,7,6,407.4088061674372,0.3920138888888889,0.2357736389684817,0.26233519068715044,134859.7381660997,2988.608985260766,137848.34715136047,2474,70,612.85,34,6,16,29.748089780324747,0.6731004901960784,40.32738095238095,1038.6904761904757,30.549719887955167,0
2503,4,0,0,40,0.0,0.0,1.0,40,850,500,350,0.5882352941176471,12,5,7,407.90564886963955,0.39168002136752134,0.23138822046522312,0.2631036657564925,134921.5720663265,3007.054280045345,137928.62634637186,2475,71,613.85,34,6,17,29.673236316412662,0.6737132352941178,40.26785714285714,1038.928571428571,30.55672268907562,0
2504,4,0,0,40,0.0,0.0,1.0,40,1250,900,350,0.72,16,9,7,406.4349466787651,0.3919337606837607,0.22800721732157192,0.2626033049266426,134983.42013888896,2972.3958333333394,137955.8159722223,2476,72,614.85,34,6,17,29.649492114407916,0.6743259803921569,40.208333333333336,1039.1666666666672,30.563725490196095,0
2505,4,0,0,40,0.0,0.0,1.0,40,700,500,200,0.7142857142857143,9,5,4,408.90059294423895,0.3917067307692308,0.22892325315005735,0.2644223834372746,135014.34948979595,3041.4895124716604,138055.8390022676,2477,73,615.85,34,6,17,29.554457808323793,0.6746323529411764,40.17857142857143,1039.2857142857147,30.567226890756313,0
2506,4,0,0,40,0.0,0.0,1.0,40,750,400,350,0.5333333333333333,11,4,7,385.19469983775014,0.3917067307692308,0.20287790697674435,0.22382935260842235,131023.24263038544,2133.3085317460245,133156.55116213148,2478,74,616.85,34,6,16,34.18846899224806,0.6348039215686274,44.047619047619044,1023.8095238095234,30.11204481792716,7
2507,4,0,0,40,0.0,0.0,1.0,40,1250,900,350,0.72,16,9,7,386.96645549213787,0.39129273504273504,0.20315296989422293,0.22539420559233986,131114.67013888882,2147.3958333333244,133262.06597222213,2479,75,617.85,34,6,16,34.05037971250338,0.6357230392156863,43.95833333333333,1024.166666666666,30.122549019607824,0
2508,4,1,0,41,0.024390243902439025,0.0,1.0,41,750,600,150,0.8,9,6,3,379.96452800128293,0.39512195121951216,0.21424689177253908,0.22361846811878783,131511.2244897959,1794.0936791383178,133305.3181689342,2480,0,603.7560975609756,34,7,19,33.82805246053853,0.6397058823529411,43.57142857142857,1025.7142857142853,30.168067226890745,0
2509,4,0,0,41,0.0,0.0,1.0,41,1450,1200,250,0.8275862068965517,17,12,5,378.4733064842578,0.39443597560975613,0.22029003544123338,0.22399281549854178,131725.00177154187,1770.8793934240275,133495.8811649659,2481,1,604.7560975609756,34,7,16,33.650073446982866,0.6418504901960784,43.363095238095234,1026.5476190476184,30.192577030812306,0
2510,4,0,0,41,0.0,0.0,1.0,41,1500,1200,300,0.8,18,12,6,378.2786167341311,0.3930640243902439,0.22472716788820435,0.22495976456228917,131908.377621882,1779.6237244897832,133688.0013463718,2482,2,605.7560975609756,34,7,17,33.469743500598746,0.6436887254901962,43.1845238095238,1027.2619047619041,30.213585434173652,0
2511,4,1,1,41,0.023809523809523808,0.023809523809523808,0.9761904761904762,42,1200,1000,200,0.8333333333333334,14,10,4,369.4502011216504,0.3965834301200155,0.22044474344331966,0.22120982206175693,132166.31063073222,1365.7740088061191,133532.08463953834,2483,0,592.3095238095239,36,6,17,33.436233709341806,0.6420717592592593,42.933558558558566,1028.265765765767,28.56293793793797,0
2512,4,0,0,41,0.0,0.0,1.0,41,950,800,150,0.8421052631578947,11,8,3,377.3690713179931,0.3927083333333334,0.2241902653287149,0.22502753419962776,132011.15779588892,1763.385604209519,133774.54340009845,2484,4,607.7560975609756,35,6,18,33.389294027105144,0.6425595238095239,43.08449074074073,1027.662037037036,29.36177248677246,0
2513,4,0,0,41,0.0,0.0,1.0,41,500,200,300,0.4,8,2,6,378.0487368586348,0.3927083333333334,0.2209601647467665,0.22043149426064987,131155.0401753103,1716.5994541839004,132871.6396294942,2485,5,608.7560975609756,36,5,18,34.2378059953093,0.6319444444444444,43.91891891891891,1024.3243243243232,28.453453453453424,1
2514,4,1,1,41,0.023809523809523808,0.023809523809523808,0.9761904761904762,42,1050,800,250,0.7619047619047619,13,8,5,370.18722831069755,0.3969584785133566,0.21497911728186003,0.21732860540785084,131417.11576485337,1330.0158363247788,132747.13160117815,2486,0,595.2380952380952,35,7,18,34.17393328818151,0.6366071428571429,43.66319444444444,1025.3472222222222,29.29563492063492,0
2515,4,0,1,40,0.0,0.024390243902439025,0.975609756097561,41,600,400,200,0.6666666666666666,8,4,4,380.72575847709714,0.39151422764227645,0.22665080309339714,0.22299651567944245,131328.12499999988,1799.9999999999868,133128.12499999988,2487,7,610.7560975609756,34,7,18,33.99390243902439,0.6378676470588236,43.74999999999999,1024.999999999999,30.147058823529385,0
2516,4,0,0,40,0.0,0.0,1.0,40,1000,600,400,0.6,14,6,8,383.4315623739835,0.3899973290598291,0.2524764835675306,0.22476032563664866,131358.63272392275,2073.4091553287835,133432.04187925154,2488,8,624.45,34,6,18,33.893663144040566,0.6381740196078433,43.72023809523809,1025.1190476190463,30.1505602240896,0
2517,4,1,0,41,0.024390243902439025,0.0,1.0,41,800,700,100,0.875,9,7,2,374.6703366854289,0.39425813008130084,0.2509669716593399,0.22116026664800328,131624.87809713633,1663.1874785665102,133288.06557570284,2489,0,610.1951219512196,35,6,16,33.848879615008634,0.6386904761904763,43.46064814814814,1026.1574074074063,29.318783068783034,0
2518,4,1,0,42,0.023809523809523808,0.0,1.0,42,1100,700,400,0.6363636363636364,15,7,8,370.33805967348496,0.3992692605497484,0.2590293542074362,0.22072728899546354,131992.67415641982,1376.3821676406014,133369.05632406042,2490,0,596.6428571428571,36,6,17,33.58858447488584,0.6403356481481483,43.10247747747747,1027.5900900900892,28.544169169169145,0
2519,4,0,0,42,0.0,0.0,1.0,42,800,600,200,0.75,10,6,4,370.95486479103073,0.3988579171506001,0.2602404169731878,0.2214326390417094,132050.54029959007,1396.958064483395,133447.49836407346,2491,1,597.6428571428571,36,6,17,33.51434388809758,0.6409143518518519,43.04617117117117,1027.8153153153148,28.550425425425413,0
2520,4,0,0,42,0.0,0.0,1.0,42,1000,600,400,0.6,14,6,8,374.70452380895546,0.3979626403406891,0.2636257438031613,0.22435586930488985,132166.31063073198,1504.6628976949783,133670.97352842696,2492,2,598.6428571428571,36,6,17,33.301162705800735,0.6420717592592593,42.93355855855855,1028.265765765765,28.562937937937917,0
2521,4,0,1,41,0.0,0.023809523809523808,0.9761904761904762,42,1350,1000,350,0.7407407407407407,17,10,7,337.6473289815917,0.39828929539295393,0.16968772433596602,0.1919766241923904,130180.80210387881,391.2429286194664,130572.04503249828,2493,3,599.6428571428571,38,4,17,36.25745917085426,0.618421052631579,44.87179487179486,1020.5128205128188,26.85560053981102,8
2522,4,0,0,41,0.0,0.0,1.0,41,1100,900,200,0.8181818181818182,13,9,4,349.71923406999093,0.3951473577235773,0.13796430814346827,0.19692653074669247,129803.15778193735,916.3767105002819,130719.53449243763,2494,4,615.170731707317,36,5,18,36.33274394960769,0.6183449074074074,45.24211711711712,1019.0315315315315,28.30643143143143,8
2523,4,1,1,41,0.023809523809523808,0.023809523809523808,0.9761904761904762,42,1450,1000,450,0.6896551724137931,19,10,9,337.15038154646754,0.4003581107239644,0.13199230481920954,0.1916834820435534,130178.6502217026,377.9563182902168,130556.60653999282,2495,0,601.5,37,5,18,36.27231743132409,0.6202139639639641,44.87390350877192,1020.5043859649104,27.581199620673253,0
2524,4,0,0,41,0.0,0.0,1.0,41,1150,1000,150,0.8695652173913043,13,10,3,346.8914049257812,0.3955030487804878,0.1343873092114296,0.19677452956935831,130090.20580969492,825.4348520818221,130915.64066177674,2496,6,617.170731707317,36,5,18,36.11348750781911,0.6212384259259258,44.96058558558559,1020.1576576576583,28.33771271271273,0
2525,4,1,0,42,0.023809523809523808,0.0,1.0,42,850,400,450,0.47058823529411764,13,4,9,338.7512885125444,0.39914827719705764,0.1433861298087984,0.19398560264728792,130458.54403518385,438.5999778778022,130897.14401306165,2497,0,603.452380952381,37,5,20,35.94806536438767,0.6230292792792793,44.59978070175438,1021.600877192982,27.610834518729245,0
2526,4,0,0,42,0.0,0.0,1.0,42,950,600,350,0.631578947368421,13,6,7,340.68411648768637,0.3990514905149052,0.14326589004700585,0.19551576143258848,130542.57079101262,494.75607879347524,131037.3268698061,2498,1,604.452380952381,37,5,16,35.81366237482118,0.6238738738738738,44.51754385964912,1021.9298245614035,27.61972498814604,0
2527,4,0,0,42,0.0,0.0,1.0,42,1000,700,300,0.7,13,7,6,340.04312374714715,0.3992813588850174,0.1428622511008264,0.1954304562004257,130598.60365689438,481.83142890118995,131080.43508579556,2499,2,605.452380952381,37,5,16,35.77334978187798,0.6244369369369369,44.46271929824561,1022.1491228070172,27.62565196775722,0
2528,4,1,0,43,0.023255813953488372,0.0,1.0,43,1300,1000,300,0.7692307692307693,16,10,6,334.89422377030724,0.40330841638981174,0.14657062323833414,0.19406846760410004,130917.78897518084,168.72226331361668,131086.51123849445,2500,0,592.3488372093024,38,5,18,35.582393778056186,0.6258223684210527,44.15064102564103,1023.3974358974361,26.93151147098516,0
2529,4,1,1,43,0.022727272727272728,0.022727272727272728,0.9772727272727273,44,950,400,550,0.42105263157894735,15,4,11,325.2676964437184,0.4044992071881606,0.1442105068579247,0.1899841485879108,131221.37586805574,-263.5850694444206,130957.79079861131,2501,0,579.8636363636364,39,5,19,35.522570150467686,0.6271367521367521,43.85416666666668,1024.5833333333348,26.27136752136756,0
2530,4,0,0,43,0.0,0.0,1.0,43,1250,1000,250,0.8,15,10,5,331.43513892317003,0.40250092284976,0.15075296457065246,0.19357265421883074,131218.63928153997,98.09358791730779,131316.73286945728,2502,2,594.3488372093024,38,5,20,35.3673531456378,0.6288377192982456,43.85683760683761,1024.5726495726499,26.96243814664868,0
2531,4,0,0,43,0.0,0.0,1.0,43,1000,600,400,0.6,14,6,8,331.45410559943986,0.40203949796973054,0.15065870469284692,0.19441525656064917,131382.8849806413,109.47932646649633,131492.3643071078,2503,3,595.3488372093024,38,5,22,35.201299152424625,0.6304824561403508,43.69658119658119,1025.2136752136744,26.979307242465115,0
2532,4,1,1,43,0.022727272727272728,0.022727272727272728,0.9772727272727273,44,1400,1000,400,0.7142857142857143,18,10,8,321.1124347686496,0.4049616807610994,0.15267911508017096,0.1899304881278674,131702.08875868045,-341.7643229166715,131360.32443576376,2504,0,582.7954545454545,39,5,16,35.145203301535766,0.6319444444444444,43.385416666666664,1026.4583333333326,26.319444444444425,0
2533,4,0,0,43,0.0,0.0,1.0,43,1650,1100,550,0.6666666666666666,22,11,11,327.5310492359499,0.40155500184569953,0.15113130500913097,0.1929419101081957,131547.23340821094,17.160676455541193,131564.39408466648,2505,5,597.3488372093024,38,5,22,35.13634312296049,0.6321271929824561,43.53632478632478,1025.8547008547005,26.99617633828159,0
2534,4,0,0,43,0.0,0.0,1.0,43,750,200,550,0.26666666666666666,13,2,11,328.77202444058156,0.40141657438169065,0.15376008950691245,0.19381201661773503,131574.6348002958,51.6118096646839,131626.2466099605,2506,6,598.3488372093024,38,5,16,35.07692908466104,0.6324013157894737,43.50961538461538,1025.9615384615379,26.998987854251,0
2535,4,0,0,43,0.0,0.0,1.0,43,1350,1100,250,0.8148148148148148,16,11,5,329.5665959050224,0.40162421557770395,0.14763859574385707,0.19498004023740476,131711.68456424863,81.55430455109598,131793.23886879973,2507,7,599.3488372093024,38,5,16,34.918600818762144,0.6337719298245614,43.376068376068375,1026.495726495726,27.013045434098057,0
2536,4,0,0,43,0.0,0.0,1.0,43,1200,700,500,0.5833333333333334,17,7,10,328.33295147607316,0.4007475083056478,0.1524838138373541,0.1948108845424698,131821.37573964483,56.260272846791054,131877.63601249162,2508,8,600.3488372093024,38,5,17,34.83991364960465,0.6348684210526316,43.26923076923076,1026.9230769230758,27.02429149797568,0
2537,4,1,0,44,0.022727272727272728,0.0,1.0,44,1000,700,300,0.7,13,7,6,321.9653869669012,0.40420190274841433,0.15033902052548154,0.19232169725117307,132076.5842013888,-295.182291666678,131781.4019097221,2509,0,587.6818181818181,39,5,18,34.746993649506834,0.6356837606837608,43.02083333333333,1027.9166666666658,26.356837606837587,0
2538,4,0,0,44,0.0,0.0,1.0,44,1250,1000,250,0.8,15,10,5,318.89803756946606,0.4042679704016913,0.14242976545528174,0.19157159483187633,132290.8203125,-362.54340277777817,131928.27690972222,2510,1,588.6818181818181,39,5,18,34.61084109626031,0.6378205128205128,42.8125,1028.75,26.378205128205128,0
2539,4,0,0,44,0.0,0.0,1.0,44,1450,1200,250,0.8275862068965517,17,12,5,318.43131632606753,0.40423493657505283,0.1400652439978285,0.1916991452763694,132371.20361328125,-369.7726779513893,132001.43093532987,2511,2,589.6818181818181,39,5,18,34.54223183858015,0.6386217948717949,42.734375,1029.0625,26.38621794871795,0
2540,4,0,0,44,0.0,0.0,1.0,44,900,400,500,0.4444444444444444,14,4,10,318.43131632606753,0.40389358703312195,0.1400652439978285,0.1916991452763694,132371.20361328125,-369.7726779513893,132001.43093532987,2512,3,590.6818181818181,39,5,18,34.54223183858015,0.6386217948717949,42.734375,1029.0625,26.38621794871795,0
2541,4,0,0,44,0.0,0.0,1.0,44,850,500,350,0.5882352941176471,12,5,7,317.2341543592247,0.4035302149400986,0.14487773914003443,0.19138631949803775,132451.611328125,-396.3650173611119,132055.24631076388,2513,4,591.6818181818181,39,5,18,34.49242730891183,0.6394230769230769,42.65625,1029.375,26.39423076923077,0
2542,4,2,1,45,0.043478260869565216,0.021739130434782608,0.9782608695652174,46,1600,1100,500,0.6875,21,11,10,307.24665315825024,0.4064814814814815,0.150032621242284,0.18789036507253923,132960.14817964216,-1029.6878936759922,131930.46028596617,2514,0,566.9130434782609,41,5,15,34.24073361549314,0.641260162601626,42.16269841269841,1031.3492063492058,25.154858691444044,0
2543,4,0,1,44,0.0,0.022222222222222223,0.9777777777777777,45,900,500,400,0.5555555555555556,13,5,8,304.1587773284932,0.4046717171717172,0.08324705529297094,0.1823721251916994,132219.38898533923,-956.8624614197722,131262.52652391946,2515,1,580.5111111111111,41,4,18,35.06147310375874,0.6338922764227644,42.881944444444436,1028.4722222222201,25.084688346883418,4
2544,4,0,0,44,0.0,0.0,1.0,44,1050,700,350,0.6666666666666666,14,7,7,310.2891197745352,0.4014160500352361,0.08424176574117315,0.18654198625875246,132319.5725097494,-588.5352634014216,131731.037246348,2516,2,594.5681818181819,40,4,18,34.80343737653102,0.6364583333333333,42.78455284552845,1028.8617886178854,25.721544715447134,0
2545,4,0,0,44,0.0,0.0,1.0,44,1050,700,350,0.6666666666666666,14,7,7,311.9067567812754,0.4002928999295278,0.09224904221790231,0.18804190831231568,132425.49332493235,-539.0722970596786,131886.42102787268,2517,3,595.5681818181819,38,6,19,34.65568991765272,0.6408991228070176,42.681623931623925,1029.2735042735035,27.086144849302723,0
2546,4,4,4,44,0.08333333333333333,0.08333333333333333,0.9166666666666666,48,1700,1100,600,0.6470588235294118,23,11,12,284.30831748319764,0.4085401891252955,0.08900661785412578,0.17497033542163504,133197.00894064357,-2026.19649885824,131170.81244178533,2518,0,546.8541666666666,42,6,16,34.59608404518289,0.6421130952380952,41.93313953488372,1032.267441860465,24.577796234772975,0
2547,4,0,0,44,0.0,0.0,1.0,44,1700,1200,500,0.7058823529411765,22,12,10,310.2545886856658,0.4004690803382664,0.09160991167360621,0.1883811010859375,132692.98095703137,-566.2787543402628,132126.7022026911,2519,5,597.5681818181819,39,5,16,34.43039547737001,0.641826923076923,42.42187500000001,1030.312500000001,26.418269230769255,0
2548,4,0,0,44,0.0,0.0,1.0,44,1300,1000,300,0.7692307692307693,16,10,6,312.6862143205547,0.40048009161381254,0.09249407354319406,0.19026552303121574,132773.486328125,-496.7122395833329,132276.77408854166,2520,6,598.5681818181819,39,5,16,34.287194259146965,0.6426282051282051,42.34375,1030.625,26.42628205128205,0
2549,4,0,0,44,0.0,0.0,1.0,44,1250,1000,250,0.8,15,10,5,315.8029035984937,0.4004360465116279,0.09739505367851686,0.1928521247823248,132907.71620008664,-405.47146267363036,132502.244737413,2521,7,599.5681818181819,39,5,16,34.0725704616628,0.6439636752136753,42.21354166666666,1031.145833333332,26.439636752136714,0
2550,4,0,0,44,0.0,0.0,1.0,44,1450,1300,150,0.896551724137931,16,13,3,317.2363602634929,0.40054615926708953,0.09750585103942067,0.19456508658884794,133068.88156467004,-357.14246961806106,132711.73909505198,2522,8,600.5681818181819,39,5,17,33.874411071849245,0.6455662393162394,42.057291666666664,1031.7708333333326,26.455662393162374,0
2551,4,0,0,44,0.0,0.0,1.0,44,1100,700,400,0.6363636363636364,15,7,8,315.8502184186318,0.40006166314305847,0.10020963495077928,0.1942743522228567,133176.37939453113,-387.24229600695975,132789.13709852417,2523,9,601.5681818181819,39,5,17,33.802708816900456,0.6466346153846154,41.95312499999999,1032.187499999999,26.466346153846132,0
2552,4,0,1,43,0.0,0.022727272727272728,0.9772727272727273,44,900,600,300,0.6666666666666666,12,6,6,315.8502184186318,0.40006166314305847,0.10020963495077928,0.1942743522228567,133176.37939453113,-387.24229600695975,132789.13709852417,2524,10,602.5681818181819,39,5,17,33.802708816900456,0.6466346153846154,41.95312499999999,1032.187499999999,26.466346153846132,0
2553,4,1,0,44,0.022727272727272728,0.0,1.0,44,800,600,200,0.75,10,6,4,318.5660367765893,0.3991367159971811,0.10327806461671085,0.19651183090020685,133283.9206271699,-308.05392795141324,132975.8666992185,2525,0,603.0,39,5,18,33.62514290998354,0.6477029914529915,41.84895833333332,1032.6041666666647,26.477029914529865,0
2554,4,0,0,44,0.0,0.0,1.0,44,1200,800,400,0.6666666666666666,16,8,8,316.5886619962126,0.3991807610993658,0.09314354597706442,0.19585837560925978,133391.5052625866,-353.9523654514086,133037.5528971352,2526,1,604.0,39,5,20,33.56872458068637,0.6487713675213678,41.74479166666666,1033.0208333333317,26.487713675213634,0
2555,4,0,0,44,0.0,0.0,1.0,44,1200,800,400,0.6666666666666666,16,8,8,317.6145930580047,0.3989054792107118,0.09307966057744754,0.19678169211582766,133445.97012566903,-323.1225006610057,133122.84762500803,2527,2,605.0,40,4,20,33.48783646437821,0.6476562500000002,41.692073170731696,1033.2317073170716,25.83079268292679,0
2556,4,0,1,43,0.0,0.022727272727272728,0.9772727272727273,44,1400,1100,300,0.7857142857142857,17,11,6,318.3825181607542,0.39821176885130377,0.08734901141972773,0.19840447318153218,133660.65673828125,-288.95412376737124,133371.70261451387,2528,3,606.0,39,5,21,33.25368943285988,0.6514423076923077,41.484375,1034.0625,26.514423076923077,0
2557,4,0,0,43,0.0,0.0,1.0,43,1000,700,300,0.7,13,7,6,318.9192423500251,0.3982096714654854,0.07377221948991797,0.1991740928638836,133741.455078125,-69.45529513888863,133671.99978298612,2529,4,599.5581395348837,39,4,15,33.15919771735482,0.6522435897435896,41.40625,1034.375,26.522435897435898,0
2558,4,0,0,43,0.0,0.0,1.0,43,650,400,250,0.6153846153846154,9,4,5,317.83257008897834,0.3977482465854559,0.09547867765401152,0.18998725828032248,132103.35422091998,-202.65028211807555,131900.70393880192,2530,5,600.5581395348837,39,4,19,34.826329077583,0.6359508547008548,42.99479166666666,1028.020833333332,26.35950854700851,2
2559,4,1,0,44,0.022727272727272728,0.0,1.0,44,1200,900,300,0.75,15,9,6,309.55872204017055,0.3994780655391121,0.0948998075399079,0.18689898781823794,132480.4815910582,-597.2458176672656,131883.23577339094,2531,0,587.8863636363636,38,6,20,34.66103673723539,0.6414473684210528,42.62820512820512,1029.4871794871772,27.091767881241505,0
2560,4,0,0,44,0.0,0.0,1.0,44,700,400,300,0.5714285714285714,10,4,6,308.8638270689129,0.3995110993657505,0.09442065146641321,0.18661571796006934,132507.98000447414,-614.6156357294452,131893.3643687447,2532,1,588.8863636363636,38,6,20,34.65138701532289,0.6417214912280704,42.60149572649571,1029.594017094015,27.09457939721092,0
2561,4,1,1,44,0.022222222222222223,0.022222222222222223,0.9777777777777777,45,600,300,300,0.5,9,3,6,307.2674835947752,0.403766835016835,0.09137415663165127,0.1894573441501436,133267.2745023937,-810.2599836230584,132457.01451877065,2533,0,576.7777777777778,41,4,17,33.93343261593648,0.6443089430894308,41.865079365079374,1032.5396825396838,25.183894696089848,1
2562,4,0,0,44,0.0,0.0,1.0,44,950,700,250,0.7368421052631579,12,7,5,311.401409778633,0.39867424242424243,0.09592703290409754,0.19184517416259173,133236.0463038703,-502.02146952869833,132734.0248343416,2534,3,590.8863636363636,40,4,17,33.85790924303572,0.6455729166666666,41.89532520325204,1032.4186991869938,25.810467479674845,0
2563,4,0,0,44,0.0,0.0,1.0,44,950,500,450,0.5263157894736842,14,5,9,314.3079134332095,0.39865221987315014,0.1016788791368064,0.1939090897628928,133288.5117675492,-421.27319634475396,132867.23857120445,2535,4,591.8863636363636,40,4,17,33.73048092379359,0.6460937499999999,41.84451219512196,1032.6219512195132,25.81554878048783,0
2564,4,0,0,44,0.0,0.0,1.0,44,950,700,250,0.7368421052631579,12,7,5,305.25708545938915,0.39865221987315014,0.02966024791738464,0.1708416470464896,129563.26116233735,-846.344148654888,128716.91701368247,2536,5,592.8863636363636,40,4,12,37.70816696612763,0.6088541666666667,45.47764227642277,1018.08943089431,25.45223577235775,8
2565,4,1,0,45,0.022222222222222223,0.0,1.0,45,1050,700,350,0.6666666666666666,14,7,7,301.0837334575114,0.40258838383838386,0.039348021242307185,0.16966720755946307,129832.5314645533,-1181.9073404825017,128650.6241240708,2537,0,580.6888888888889,41,4,13,37.54208037249748,0.610010162601626,45.213293650793645,1019.1468253968245,24.85723964382499,0
2566,4,2,0,47,0.0425531914893617,0.0,1.0,47,1450,1300,150,0.896551724137931,16,13,3,290.3194670985201,0.40751233425840266,0.05556333569367422,0.16613666268391128,130431.8139222477,-1826.6210578799667,128605.19286436774,2538,0,556.936170212766,43,4,16,37.2119410710423,0.6131298449612405,44.625946969696955,1021.4962121212093,23.75572586328394,0
2567,4,1,3,45,0.020833333333333332,0.0625,0.9375,48,750,500,250,0.6666666666666666,10,5,5,287.7124477153172,0.409657579787234,0.0573756263961851,0.16563716619773317,130664.61334019159,-2081.2328532236293,128583.38048696796,2539,0,546.3125,44,4,12,37.04416470446178,0.6141098484848486,44.39814814814813,1022.4074074074038,23.236531986531904,0
2568,4,0,0,45,0.0,0.0,1.0,45,1200,700,500,0.5833333333333334,17,7,10,302.55615043203966,0.40256734006734,0.08002080488914887,0.16842620882356868,129352.72285997734,-1172.7076247165523,128180.01523526078,2540,2,583.5333333333333,41,4,14,37.99005266237565,0.6051829268292683,45.68452380952381,1017.2619047619048,24.811265969802555,3
2569,4,0,0,45,0.0,0.0,1.0,45,1050,700,350,0.6666666666666666,14,7,7,302.98471021062704,0.40315656565656566,0.08054418231840743,0.1690977778748974,129453.66138353506,-1155.5039840009906,128298.15739953407,2541,3,584.5333333333333,41,4,13,37.87694157405603,0.6061991869918698,45.58531746031747,1017.6587301587315,24.820944638017842,0
2570,4,0,0,45,0.0,0.0,1.0,45,750,600,150,0.8,9,6,3,303.7417256256256,0.4033880471380471,0.08422306700891369,0.16962908890545977,129478.90216561174,-1134.3709648211004,128344.53120079065,2542,4,585.5333333333333,41,4,13,37.83212707541346,0.6064532520325203,45.56051587301588,1017.7579365079375,24.823364305071646,0
2571,4,1,1,45,0.021739130434782608,0.021739130434782608,0.9782608695652174,46,1100,800,300,0.7272727272727273,14,8,6,297.5699637928649,0.4066425120772947,0.08362174119787413,0.16741295715794433,129768.4664852625,-1476.9604253049527,128291.50605995755,2543,0,573.7826086956521,42,4,13,37.69634648914248,0.6078869047619047,45.27616279069768,1018.8953488372109,24.25941306755264,0
2572,4,0,0,45,0.0,0.0,1.0,45,1000,700,300,0.7,13,7,6,303.1131117419822,0.40277777777777773,0.0870446132865772,0.17004148661984664,129655.65653344695,-1139.934098639433,128515.72243480751,2544,6,587.5333333333333,41,4,13,37.669248003117076,0.6082317073170731,45.38690476190477,1018.4523809523828,24.840301974448362,0
2573,4,0,0,45,0.0,0.0,1.0,45,1150,700,450,0.6086956521739131,16,7,9,303.1519607228137,0.4021885521885522,0.08825266984776148,0.17039230895799548,129731.44531250017,-1134.3315972222083,128597.11371527797,2545,7,588.5333333333333,41,4,13,37.59159850034084,0.6089939024390243,45.31250000000001,1018.7500000000014,24.847560975609788,0
2574,4,0,0,45,0.0,0.0,1.0,45,1350,700,650,0.5185185185185185,20,7,13,303.14858129434185,0.4017676767676768,0.08992751271232291,0.17050032474769405,129756.71315980107,-1132.887298437882,128623.82586136319,2546,8,589.5333333333333,41,4,13,37.566131126257716,0.6092479674796747,45.28769841269842,1018.8492063492073,24.849980642663592,0
2575,4,0,0,45,0.0,0.0,1.0,45,1100,900,200,0.8181818181818182,13,9,4,304.3461026160156,0.40126262626262627,0.09375506893755037,0.17172741374956416,129883.08930342982,-1094.1175949546378,128788.97170847518,2547,9,590.5333333333333,41,4,13,37.407846715328475,0.6105182926829268,45.16369047619048,1019.345238095239,24.862078977932658,0
2576,4,0,0,45,0.0,0.0,1.0,45,600,500,100,0.8333333333333334,7,5,2,305.8340651772149,0.40122053872053876,0.09259907893883335,0.17290222892692092,129958.94451530646,-1050.8255385487214,128908.11897675773,2548,10,591.5333333333333,41,4,13,37.293247713562955,0.6112804878048779,45.08928571428573,1019.6428571428598,24.86933797909414,0
2577,4,1,1,45,0.021739130434782608,0.021739130434782608,0.9782608695652174,46,1250,1000,250,0.8,15,10,5,313.513042077043,0.4048107890499195,0.1175190270440678,0.17610756102468714,129707.32829897015,-1067.0121850608052,128640.31611390934,2549,0,579.6521739130435,43,3,12,37.35213117040067,0.6058624031007751,45.336174242424256,1018.6553030303057,23.68965821000711,2
2578,4,1,1,45,0.021739130434782608,0.021739130434782608,0.9782608695652174,46,1050,600,450,0.5714285714285714,15,6,9,314.6745810698113,0.40467995169082127,0.12856865881440527,0.17752396177334662,129876.19447314068,-1026.2525826446122,128849.94189049608,2550,0,580.6304347826087,43,3,13,37.15161649944258,0.6075581395348837,45.170454545454554,1019.3181818181833,23.705073995771706,0
2579,4,0,0,45,0.0,0.0,1.0,45,1250,1100,150,0.88,14,11,3,319.6752409601792,0.4023148148148148,0.13506937844516265,0.18064569738899075,129941.30179226016,-692.1966077759666,129249.10518448419,2551,1,593.2,42,3,14,36.958277893936526,0.6096230158730158,45.106589147286826,1019.5736434108534,24.27556293835365,0
2580,4,1,0,46,0.021739130434782608,0.0,1.0,46,1200,800,400,0.6666666666666666,16,8,8,313.4464254863425,0.40523349436392914,0.13391780313572732,0.17848066668342763,130238.42047068702,-1035.4465284951716,129202.97394219185,2552,0,581.2826086956521,43,3,16,36.81666898599129,0.6111918604651163,44.815340909090914,1020.7386363636366,23.738107822410154,0
2581,4,0,0,46,0.0,0.0,1.0,46,1250,1200,50,0.96,13,12,1,317.40196500467886,0.4054549114331723,0.1388158033659228,0.1814354930440403,130389.20899667729,-922.8372860517476,129466.37171062555,2553,1,582.2826086956521,41,5,16,36.56336004532946,0.615599593495935,44.66765873015873,1021.3293650793645,24.91047231900889,0
2582,4,0,0,46,0.0,0.0,1.0,46,1200,800,400,0.6666666666666666,16,8,8,317.49935415198024,0.40504227053140096,0.13771551546434257,0.18217345967827966,130534.75320743934,-911.0600324499853,129623.69317498936,2554,2,583.2826086956521,42,4,13,36.41388520134015,0.6155753968253969,44.52519379844961,1021.8992248062006,24.330933923957154,0
2583,4,0,0,46,0.0,0.0,1.0,46,1150,700,450,0.6086956521739131,16,7,9,313.0837227735605,0.4044082125603865,0.14026934291283455,0.18017334067501914,130649.55305899905,-1019.1503099173534,129630.4027490817,2555,3,584.2826086956521,43,3,13,36.41086204767199,0.6153100775193798,44.41287878787879,1022.3484848484846,23.775546159267083,0
2584,4,1,1,46,0.02127659574468085,0.02127659574468085,0.9787234042553191,47,1300,800,500,0.6153846153846154,18,8,10,308.3529282830285,0.4068185322232501,0.14071081115938489,0.17872180997967038,130925.07823216733,-1325.7737482853215,129599.304483882,2556,0,572.8297872340426,44,3,14,36.254108990017784,0.6167140151515151,44.14351851851852,1023.4259259259259,23.259680134680135,0
2585,4,1,1,46,0.02127659574468085,0.02127659574468085,0.9787234042553191,47,1000,800,200,0.8,12,8,4,322.48398682951097,0.4060669133518347,0.18666057488558274,0.18651589902066573,130843.25140610654,-960.4099000668807,129882.84150603967,2557,0,573.7234042553191,43,4,16,35.97510181414292,0.6172480620155039,44.22348484848485,1023.1060606060607,23.793164200140946,1
2586,4,1,1,46,0.02127659574468085,0.02127659574468085,0.9787234042553191,47,1800,1500,300,0.8333333333333334,21,15,6,314.4365733268712,0.40799414122725874,0.1973046568514334,0.18348767127049076,131185.80246913584,-1150.0771604938195,130035.72530864202,2558,0,571.3191489361702,44,3,17,35.83581887201737,0.6193181818181819,43.88888888888889,1024.4444444444448,23.28282828282829,0
2587,4,1,0,47,0.02127659574468085,0.0,1.0,47,1150,800,350,0.6956521739130435,15,8,7,308.8943690153266,0.4104995374653099,0.19814241486068163,0.18140523853081905,131429.83119173592,-1280.1044028722572,130149.72678886367,2559,0,561.7659574468086,41,6,18,35.732311016511886,0.6260162601626016,43.65079365079365,1025.3968253968253,25.00967866821525,0
2588,4,0,0,47,0.0,0.0,1.0,47,1200,800,400,0.6666666666666666,16,8,8,312.8362822779925,0.41100061671292015,0.19547396635817038,0.1845787602738892,131607.9117555588,-1165.6540336041726,130442.25772195464,2560,1,562.7659574468086,41,6,14,35.45221808630637,0.6277947154471544,43.477182539682545,1026.0912698412706,25.026616337591964,0
2589,4,0,1,46,0.0,0.02127659574468085,0.9787234042553191,47,1400,900,500,0.6428571428571429,19,9,10,315.8606562214582,0.41061517113783536,0.1918729227957785,0.1870622500092987,131750.58144229633,-1077.0349776155103,130673.54646468083,2561,2,563.7659574468086,42,5,15,35.23124115148656,0.6277281746031745,43.33817829457365,1026.647286821707,24.443983019564453,0
2590,4,0,0,46,0.0,0.0,1.0,46,1650,1200,450,0.7272727272727273,21,12,9,322.29308636929454,0.40822262479871174,0.18723296096661302,0.19092221813599486,131760.64819735772,-706.8908060909484,131053.75739126677,2562,4,576.9782608695652,41,5,15,35.05602393145875,0.6293191056910568,43.32837301587302,1026.6865079365084,25.04113433991484,0
2591,4,0,1,45,0.0,0.021739130434782608,0.9782608695652174,46,1050,700,350,0.6666666666666666,14,7,7,322.93067790156914,0.40798107890499197,0.18752923028955415,0.19162482219489538,131825.20300012024,-685.9195661318361,131139.2834339884,2563,5,577.9782608695652,42,4,15,34.97475938856389,0.6284722222222222,43.265503875968996,1026.9379844961245,24.45090439276487,0
2592,4,0,0,45,0.0,0.0,1.0,45,1100,700,400,0.6363636363636364,15,7,8,327.7201864253864,0.4044823232323232,0.18930942268365558,0.19408582309541472,131750.58144229618,-364.5349776155248,131386.04646468066,2564,7,591.7111111111111,42,3,15,34.926852288815475,0.6277281746031745,43.338178294573645,1026.6472868217058,24.443983019564424,0
2593,4,0,0,45,0.0,0.0,1.0,45,1250,900,350,0.72,16,9,7,335.8542046840923,0.40484006734006733,0.19190509128256772,0.19981628945346483,131924.73127366134,-138.50485998438137,131786.22641367695,2565,8,592.7111111111111,42,3,15,34.54281424888387,0.6294642857142858,43.16860465116279,1027.325581395348,24.46013289036543,0
2594,4,1,1,45,0.021739130434782608,0.021739130434782608,0.9782608695652174,46,1000,500,500,0.5,15,5,10,329.91195572842105,0.4065418679549115,0.19459495176423958,0.19734733351754616,132130.12695312485,-481.7382812500163,131648.38867187483,2566,0,580.804347826087,43,3,15,34.48898176291792,0.6300872093023256,42.96874999999999,1028.1249999999989,23.909883720930207,0
2595,4,0,2,43,0.0,0.044444444444444446,0.9555555555555556,45,900,500,400,0.5555555555555556,13,5,8,333.86127054815023,0.4046927609427609,0.194071978626434,0.19902185352237936,131999.40212614913,-186.10237891354257,131813.29974723558,2567,10,594.7111111111111,42,3,15,34.51889831840326,0.6302083333333334,43.09593023255813,1027.6162790697663,24.467054263565863,0
2596,4,0,0,43,0.0,0.0,1.0,43,1450,1100,350,0.7586206896551724,18,11,7,344.9861313731678,0.4016703580657069,0.1841227177960132,0.2048431165486035,131849.47472569224,497.2480418401593,132346.7227675324,2568,11,617.0232558139535,40,3,15,34.38407051916352,0.6317708333333334,43.24186991869918,1027.0325203252023,25.675813008130056,0
2597,4,0,0,43,0.0,0.0,1.0,43,900,600,300,0.6666666666666666,12,6,6,347.70560686714487,0.40111664820967147,0.18377821282900175,0.20688381282048035,131927.766262228,574.404806166946,132502.17106839493,2569,12,618.0232558139535,40,3,15,34.235376067530574,0.6325520833333333,43.16565040650406,1027.337398373982,25.68343495934955,0
2598,4,0,1,42,0.0,0.023255813953488372,0.9767441860465116,43,750,200,550,0.26666666666666666,13,2,11,348.49127279274785,0.40063215208564046,0.18304778877858197,0.20811055201185324,132066.38681224774,604.7966466678981,132671.18345891565,2570,13,619.0232558139535,41,2,15,34.07560000643437,0.632367886178862,43.030753968253954,1027.8769841269818,25.070170344560534,0
2599,4,0,0,42,0.0,0.0,1.0,42,1000,700,300,0.7,13,7,6,354.6958386085402,0.40012824235385214,0.17821595713626626,0.21177058510547636,132058.30379569012,968.1061620067132,133026.40995769683,2571,14,602.6428571428571,40,2,15,33.924304594291755,0.6338541666666668,43.03861788617885,1027.8455284552822,25.696138211382056,0
2600,4,0,0,42,0.0,0.0,1.0,42,900,700,200,0.7777777777777778,11,7,4,355.5568954757099,0.3992934572202865,0.16860549931999724,0.2130183673960158,132188.90587819743,1000.1353980765322,133189.04127627396,2572,15,603.6428571428571,40,2,15,33.77062950884475,0.6351562500000001,42.911585365853654,1028.3536585365846,25.708841463414615,0
2601,4,0,0,42,0.0,0.0,1.0,42,1050,600,450,0.5714285714285714,15,6,9,355.44068453917276,0.399559620596206,0.16589990733031357,0.2135386379578659,132293.43401951526,1004.4937495868617,133297.92776910213,2573,16,604.6428571428571,40,2,16,33.668378939049674,0.6361979166666668,42.809959349593484,1028.7601626016242,25.719004065040604,0
2602,4,0,0,42,0.0,0.0,1.0,42,1450,1100,350,0.7586206896551724,18,11,7,355.1700780861018,0.39914827719705764,0.16526785096434282,0.21412443881611398,132425.49332493232,1006.7971837387893,133432.2905086711,2574,17,605.6428571428571,38,4,17,33.542445159504545,0.6408991228070176,42.681623931623925,1029.2735042735032,27.086144849302716,0
2603,4,0,0,42,0.0,0.0,1.0,42,1150,900,250,0.782608695652174,14,9,5,354.54697793278234,0.398482868757259,0.16296809986130367,0.21481375721809773,132612.50000000015,1003.4722222222374,133615.9722222224,2575,18,606.6428571428571,39,3,17,33.37041531823086,0.641025641025641,42.50000000000001,1030.0000000000011,26.41025641025644,0
2604,4,0,0,42,0.0,0.0,1.0,42,1200,900,300,0.75,15,9,6,355.77397888400293,0.398482868757259,0.15732582213876456,0.21586531602225711,132666.15125868065,1039.8328993055661,133705.9841579862,2576,19,607.6428571428571,39,3,15,33.284883720930246,0.641559829059829,42.44791666666667,1030.2083333333342,26.41559829059831,0
2605,4,0,0,42,0.0,0.0,1.0,42,1050,800,250,0.7619047619047619,13,8,5,359.31834940391246,0.398494967092528,0.16057165966174125,0.218171749168453,132692.98095703128,1135.804578993056,133828.78553602434,2577,20,608.6428571428571,39,3,15,33.166620328244534,0.6418269230769231,42.421875,1030.3125000000002,26.418269230769237,0
2606,4,0,0,42,0.0,0.0,1.0,42,1100,900,200,0.8181818181818182,13,9,4,358.3636265681006,0.3979868370112272,0.15660867682090496,0.21821588214716062,132800.32687717033,1118.1613498264092,133918.48822699673,2578,21,609.6428571428571,39,3,15,33.08331227892876,0.6428952991452991,42.31770833333334,1030.7291666666683,26.428952991453034,0
2607,4,0,0,42,0.0,0.0,1.0,42,1000,700,300,0.7,13,7,6,356.0304075288284,0.3968495934959349,0.15278639483265266,0.21773051667343657,132961.42713758713,1067.6622178819796,134029.0893554691,2579,22,610.6428571428571,39,3,15,32.98162222671112,0.6444978632478631,42.16145833333335,1031.3541666666692,26.444978632478698,0
2608,4,0,0,42,0.0,0.0,1.0,42,1000,600,400,0.6,14,6,8,356.05032258754926,0.39597851335656215,0.1426768587293572,0.21837018236716313,133068.88156467053,1075.8436414930945,134144.72520616362,2580,23,611.6428571428571,39,3,15,32.87323321554771,0.6455662393162391,42.057291666666686,1031.7708333333364,26.455662393162473,0
2609,4,0,0,42,0.0,0.0,1.0,42,1050,600,450,0.5714285714285714,15,6,9,349.3140203995556,0.395591366627952,0.1331012679514343,0.21516788416283436,133230.14458550388,907.8314887153172,134137.9760742192,2581,24,612.6428571428571,39,3,15,32.88528318703125,0.6471688034188032,41.901041666666686,1032.3958333333364,26.471688034188112,0
2610,4,0,0,42,0.0,0.0,1.0,42,1300,800,500,0.6153846153846154,18,8,10,346.9154663208538,0.39503484320557486,0.12773373812334832,0.21447985399544808,133367.22932778145,853.430910833538,134220.66023861498,2582,25,613.6428571428571,40,2,15,32.80983536665356,0.6468749999999999,41.76829268292685,1032.9268292682957,25.823170731707393,0
2611,4,0,0,42,0.0,0.0,1.0,42,1200,1000,200,0.8333333333333334,14,10,4,345.3433922996876,0.39553087495160666,0.12692012288786492,0.21411290322580656,133472.22222222245,818.7500000000232,134290.97222222248,2583,26,614.6428571428571,41,1,15,32.745295698924735,0.646341463414634,41.66666666666668,1033.333333333335,25.203252032520368,0
2612,4,0,0,42,0.0,0.0,1.0,42,1150,1000,150,0.8695652173913043,13,10,3,347.33787344072846,0.39459930313588854,0.13326999481775714,0.21597625664322057,133579.88281250044,879.4704861111547,134459.3532986116,2584,27,615.6428571428571,39,3,15,32.58598683326617,0.6506410256410255,41.56250000000002,1033.7500000000034,26.506410256410344,0
2613,4,0,0,42,0.0,0.0,1.0,42,1000,700,300,0.7,13,7,6,349.152261345613,0.393788714672861,0.13827460685150306,0.21789646781273386,133714.5195855037,937.3453776041904,134651.8649631079,2585,28,616.6428571428571,39,3,14,32.404341659113044,0.6519764957264957,41.43229166666668,1034.270833333335,26.519764957265004,0
2614,4,0,0,42,0.0,0.0,1.0,42,750,300,450,0.4,12,3,9,349.61120011138445,0.3940306813782424,0.13956137519355916,0.21845871122982116,133761.16569378367,952.8803333003054,134714.04602708397,2586,29,617.6428571428571,40,2,14,32.34580181419262,0.6507812499999999,41.38719512195123,1034.4512195121968,25.86128048780492,0
2615,4,0,0,42,0.0,0.0,1.0,42,1000,800,200,0.8,12,8,4,350.7492769336433,0.393776616337592,0.13309860472075719,0.2199526253874523,133892.6069138741,992.5470123603784,134885.1539262345,2587,30,618.6428571428571,40,2,14,32.18488151348521,0.6520833333333333,41.26016260162602,1034.9593495934967,25.873983739837417,0
2616,4,0,0,42,0.0,0.0,1.0,42,750,400,350,0.5333333333333333,11,4,7,349.3966432004481,0.3934983546264034,0.12950651050798356,0.21926092489196325,133918.9029037775,958.1630271333204,134877.06593091082,2588,31,619.6428571428571,40,2,14,32.19358533791524,0.65234375,41.234756097560975,1035.060975609756,25.8765243902439,0
2617,4,0,1,41,0.0,0.023809523809523808,0.9761904761904762,42,1050,800,250,0.7619047619047619,13,8,5,350.30467469604906,0.39341366627951996,0.12955690817461885,0.21998788017595297,133945.20147564285,984.3260460043662,134929.52752164722,2589,32,620.6428571428571,40,2,14,32.143792132993,0.6526041666666667,41.209349593495936,1035.1626016260166,25.879065040650413,0
2618,4,0,1,40,0.0,0.024390243902439025,0.975609756097561,41,850,600,250,0.7058823529411765,11,6,5,355.3099025217428,0.39448678861788616,0.1305836526212698,0.22303945049643453,133930.07948133687,1317.3366970486163,135247.4161783855,2590,33,622.2926829268292,39,2,14,32.029389319378744,0.6541132478632479,41.223958333333336,1035.1041666666672,26.54113247863249,0
2619,4,0,0,40,0.0,0.0,1.0,40,750,600,150,0.8,9,6,3,363.12774416505147,0.3898103632478633,0.1343062867760918,0.22767757007940762,133886.53897518056,1723.5833744246947,135610.12234960526,2591,34,637.85,38,2,14,31.87067719624238,0.6554276315789475,41.26602564102563,1034.9358974358956,27.235155195681465,0
2620,4,0,0,40,0.0,0.0,1.0,40,950,700,250,0.7368421052631579,12,7,5,362.4315143527834,0.38959668803418807,0.13493189557321306,0.22792497116111723,133997.13187824137,1712.956685112105,135710.08856335346,2592,35,638.85,38,2,14,31.77798128848072,0.6565241228070177,41.15918803418802,1035.3632478632455,27.246401259559093,0
2621,4,0,1,39,0.0,0.025,0.975,40,1250,900,350,0.72,16,9,7,360.0769072885016,0.3888087606837607,0.12616027227722815,0.2272985477258662,134135.43721235998,1659.8146778434887,135795.25189020345,2593,36,639.85,38,2,14,31.70057240099009,0.6578947368421054,41.02564102564101,1035.8974358974333,27.26045883940614,0
2622,4,0,0,39,0.0,0.0,1.0,39,1100,700,400,0.6363636363636364,15,7,8,365.6005816672566,0.3880454340980657,0.12573985382117625,0.23018212621770426,134039.34383656475,2000.9724145890686,136040.31625115382,2594,37,652.4102564102565,37,2,14,31.65369546802203,0.658783783783784,41.11842105263156,1035.5263157894708,27.987197724039753,0
2623,4,0,0,39,0.0,0.0,1.0,39,1600,1300,300,0.8125,19,13,6,364.122505013333,0.38739878542510126,0.12786141472468548,0.2301994819830053,134190.77932098752,1972.3765432098603,136163.15586419738,2595,38,653.4102564102565,38,1,15,31.540437890974072,0.6584429824561404,40.972222222222214,1036.1111111111102,27.266081871345005,0
2624,4,0,0,39,0.0,0.0,1.0,39,850,500,350,0.5882352941176471,12,5,7,370.5181450021473,0.38739878542510126,0.125838348392175,0.22254809452049606,132285.18029586034,2003.2941759857838,134288.47447184613,2596,39,654.4102564102565,37,2,17,33.28892204931429,0.6413288288288288,42.817982456140356,1028.7280701754394,27.803461356092956,3
2625,4,0,0,39,0.0,0.0,1.0,39,600,500,100,0.8333333333333334,7,5,2,375.3327751649975,0.38745501574448943,0.1315386801320304,0.22577710013771393,132341.5858725762,2134.4269390581717,134476.01281163437,2597,40,655.4102564102565,37,2,17,33.10821611253196,0.6418918918918919,42.76315789473684,1028.9473684210527,27.809388335704128,0
2626,4,1,1,39,0.025,0.025,0.975,40,1050,600,450,0.5714285714285714,15,6,9,364.69539862748286,0.3933092948717949,0.12267085839256442,0.2207239854697772,132571.90626014542,1669.6968859300819,134241.6031460755,2598,0,640.0,36,4,17,33.14994532531438,0.6461226851851851,42.53941441441442,1029.8423423423435,28.606731731731763,0
2627,4,1,1,39,0.025,0.025,0.975,40,550,300,250,0.5454545454545454,8,3,5,364.1717763717276,0.3935897435897436,0.12167614257599002,0.2205771567348229,132600.90115453315,1657.901144387658,134258.8022989208,2599,0,640.975,36,4,17,33.13424812304105,0.646412037037037,42.511261261261275,1029.9549549549567,28.60985985985991,0
2628,4,0,0,39,0.0,0.0,1.0,39,1300,800,500,0.6153846153846154,18,8,10,375.88991288978656,0.38849527665317135,0.11710746182656262,0.22788966108440747,132636.34366426617,2171.332733196165,134807.67639746235,2600,43,658.4102564102565,35,4,16,32.796816479400746,0.6488095238095237,42.476851851851855,1030.092592592593,29.431216931216944,0
2629,4,0,0,39,0.0,0.0,1.0,39,1000,700,300,0.7,13,7,6,375.01629535010284,0.38838281601439495,0.12247672204989946,0.2279023943687348,132725.77649444874,2154.865799682787,134880.64229413154,2601,44,659.4102564102565,35,4,16,32.72925324796885,0.649702380952381,42.3900462962963,1030.439814814815,29.44113756613757,0
2630,4,0,0,39,0.0,0.0,1.0,39,1350,1200,150,0.8888888888888888,15,12,3,377.26601975870545,0.3885233918128655,0.12284322105850864,0.23036757848048706,132904.73257726766,2228.087893304179,135132.82047057184,2602,45,660.4102564102565,35,4,16,32.491137239495636,0.6514880952380953,42.21643518518518,1031.1342592592591,29.460978835978832,0
2631,4,0,0,39,0.0,0.0,1.0,39,850,500,350,0.5882352941176471,12,5,7,376.79645380328833,0.38798920377867746,0.1190422199265957,0.2305329806535954,132978.12328798414,2221.1370576657955,135199.26034564993,2603,46,661.4102564102565,36,3,16,32.42939549441352,0.650173611111111,42.14527027027028,1031.4189189189206,28.65052552552557,0
2632,4,0,0,39,0.0,0.0,1.0,39,1150,800,350,0.6956521739130435,15,8,7,375.8107298156384,0.38787674313990106,0.12277799702753267,0.2302877656080981,133036.20501836305,2199.2866599707927,135235.49167833384,2604,47,662.4102564102565,36,3,16,32.39639049594295,0.6507523148148149,42.08896396396397,1031.644144144145,28.656781781781806,0
2633,4,0,0,39,0.0,0.0,1.0,39,550,300,250,0.5454545454545454,8,3,5,373.81130659083533,0.38782051282051283,0.11843618566307645,0.2294194911113081,133094.29943034274,2150.4307939696755,135244.73022431243,2605,48,663.4102564102565,36,3,17,32.38954672778204,0.6513310185185184,42.03265765765767,1031.8693693693713,28.663038038038092,0
2634,4,0,0,39,0.0,0.0,1.0,39,1300,1000,300,0.7692307692307693,16,10,6,374.00645185279694,0.3880735492577598,0.1230019525895587,0.23007672064984847,133181.46482631305,2162.145422449506,135343.61024876256,2606,49,664.4102564102565,36,3,17,32.29689431958688,0.652199074074074,41.94819819819821,1032.2072072072092,28.67242242242248,0
2635,4,0,0,39,0.0,0.0,1.0,39,1550,1300,250,0.8387096774193549,18,13,5,369.4725463170524,0.3873144399460189,0.11867013393730996,0.22799887279457445,133297.7297398753,2049.970325054823,135347.70006493013,2607,50,665.4102564102565,36,3,17,32.29711922937116,0.6533564814814813,41.835585585585605,1032.65765765766,28.684934934934997,0
2636,4,0,0,39,0.0,0.0,1.0,39,700,500,200,0.7142857142857143,9,5,4,372.08352845040037,0.38739878542510126,0.11971588860283933,0.23014984534561886,133384.96171424826,2126.069439371828,135511.03115362008,2608,51,666.4102564102565,36,3,17,32.142110905192794,0.654224537037037,41.75112612612614,1032.9954954954972,28.694319319319366,0
2637,4,0,0,39,0.0,0.0,1.0,39,700,400,300,0.5714285714285714,10,4,6,373.260342911829,0.38714574898785425,0.12344250473746854,0.23105873049076395,133414.04537983946,2159.6344655466464,135573.6798453861,2609,52,667.4102564102565,36,3,17,32.0825158055374,0.6545138888888888,41.72297297297298,1033.1081081081093,28.69744744744748,0
2638,4,0,0,39,0.0,0.0,1.0,39,750,600,150,0.8,9,6,3,374.4276073027492,0.3870051731893837,0.12737511353315178,0.2319630855504879,133443.13221583082,2192.958541311596,135636.0907571424,2610,53,668.4102564102565,36,3,17,32.023160762942794,0.6548032407407407,41.69481981981983,1033.2207207207216,28.7005755755756,0
2639,4,0,1,38,0.0,0.02564102564102564,0.9743589743589743,39,850,500,350,0.5882352941176471,12,5,7,374.170636617514,0.38717386414754834,0.12622390673902428,0.23236048574369975,133532.02830289793,2192.7559781847826,135724.7842810827,2611,54,669.4102564102565,35,4,17,31.940556177678243,0.6577380952380951,41.608796296296305,1033.564814814816,29.53042328042331,0
2640,4,1,1,38,0.02564102564102564,0.02564102564102564,0.9743589743589743,39,550,300,250,0.5454545454545454,8,3,5,362.5319304863758,0.3879610886189833,0.10778773952133403,0.22708288406539248,133850.68081172393,1905.029142317997,135755.70995404193,2612,0,645.7179487179487,36,3,14,31.92199912939384,0.6588541666666666,41.30067567567568,1034.7972972972975,28.744369369369377,0
2641,4,0,0,38,0.0,0.0,1.0,38,800,600,200,0.75,10,6,4,374.31827550634625,0.3860389995258416,0.11922483541590623,0.23396201024305752,133771.3865847907,2414.614947702322,136186.00153249304,2613,56,663.7105263157895,35,3,14,31.696595062280895,0.6601190476190477,41.37731481481481,1034.49074074074,29.556878306878286,0
2642,4,0,0,38,0.0,0.0,1.0,38,1100,800,300,0.7272727272727273,14,8,6,375.24412299145416,0.3860389995258416,0.04075331698421669,0.22087154074813437,131516.61169982693,2379.8261167060555,133896.43781653297,2614,57,664.7105263157895,33,5,17,33.94364794902429,0.6420454545454546,43.56617647058823,1025.7352941176466,31.082887700534744,7
2643,4,1,1,38,0.02564102564102564,0.02564102564102564,0.9743589743589743,39,550,300,250,0.5454545454545454,8,3,5,367.62865402624954,0.38872019793072426,0.03760406356905688,0.2182747693244635,131847.23816609973,1894.1645408163156,133741.40270691604,2615,0,648.6410256410256,34,5,16,33.80496310034387,0.6430759803921569,43.24404761904761,1027.0238095238092,30.206582633053213,0
2644,4,0,0,38,0.0,0.0,1.0,38,1000,700,300,0.7,13,7,6,380.3116759249347,0.3857722854433381,0.05518152189672865,0.22004311727631892,130857.49959450694,2353.326995626685,133210.82659013363,2616,59,666.7105263157895,33,5,16,34.48154968658922,0.6354166666666666,44.20955882352941,1023.1617647058825,31.00490196078432,1
2645,4,0,0,38,0.0,0.0,1.0,38,1100,900,200,0.8181818181818182,13,9,4,379.4397286293683,0.38648352299668093,0.058287773046786784,0.22079375852555694,131077.0196559014,2347.165753556306,133424.18540945768,2617,60,667.7105263157895,33,5,16,34.2812549864369,0.6376262626262628,43.99509803921568,1024.0196078431359,31.030897207367754,0
2646,4,0,0,38,0.0,0.0,1.0,38,1100,600,500,0.5454545454545454,16,6,10,380.2873106091051,0.38646870554765295,0.05597811372551509,0.22182984154790678,131171.15600069665,2376.5452289984396,133547.70122969509,2618,61,668.7105263157895,33,5,16,34.16414941978706,0.6385732323232324,43.90318627450979,1024.387254901959,31.042038027332094,0
2647,4,0,0,38,0.0,0.0,1.0,38,850,400,450,0.47058823529411764,13,4,9,380.72430579517624,0.38544630156472265,0.056681372209669734,0.2228129719639649,131296.72369100823,2397.570796088032,133694.29448709625,2619,62,669.7105263157895,33,5,16,34.025743353660935,0.6398358585858586,43.780637254901954,1024.8774509803918,31.056892453951267,0
2648,4,0,0,38,0.0,0.0,1.0,38,950,600,350,0.631578947368421,13,6,7,381.6330677064857,0.38532776197249885,0.06031012375130462,0.2237168864049787,131360.48179076106,2426.3044828075613,133786.7862735686,2620,63,670.7105263157895,32,6,16,33.93788233362073,0.6429036458333335,43.71843434343434,1025.126262626262,32.035195707070685,0
2649,4,0,0,38,0.0,0.0,1.0,38,1200,700,500,0.5833333333333334,17,7,10,382.37816066624606,0.38440908013276437,0.05655756821892188,0.2251043606704771,131522.32552800744,2458.2529843893535,133980.57851239678,2621,64,671.7105263157895,32,6,16,33.7549236829148,0.64453125,43.56060606060606,1025.7575757575764,32.05492424242426,0
2650,4,0,0,38,0.0,0.0,1.0,38,700,500,200,0.7142857142857143,9,5,4,379.6009119349918,0.38366820768136556,0.05349614345942322,0.22403896959300512,131619.47959710754,2392.574896694221,134012.05449380176,2622,65,672.7105263157895,32,6,16,33.72785160575858,0.6455078125,43.46590909090909,1026.1363636363644,32.06676136363639,0
2651,4,1,1,38,0.02564102564102564,0.02564102564102564,0.9743589743589743,39,1350,1000,350,0.7407407407407407,17,10,7,373.17202016005314,0.38762370670265406,0.056698824939168224,0.22294636076228833,132082.88278546729,2057.927239523277,134140.81002499055,2623,0,656.4358974358975,33,6,16,33.42473374662217,0.6477272727272727,43.01470588235295,1027.9411764705894,31.14973262032089,0
2652,4,0,0,38,0.0,0.0,1.0,38,650,500,150,0.7692307692307693,8,5,3,383.5705615161717,0.38229018492176386,0.06012265176214826,0.2281235444806708,131911.1570247935,2519.4473140495984,134430.6043388431,2624,67,674.7105263157895,32,6,16,33.33102876106194,0.6484375,43.18181818181819,1027.2727272727282,32.102272727272755,0
2653,4,0,0,38,0.0,0.0,1.0,38,450,300,150,0.6666666666666666,6,3,3,382.3640384734669,0.3821420104314841,0.05623391237986808,0.22779491545366587,131976.01807213557,2492.576650341809,134468.59472247737,2625,68,675.7105263157895,32,6,16,33.296469238961244,0.6490885416666666,43.11868686868687,1027.525252525253,32.11016414141416,0
2654,4,0,0,38,0.0,0.0,1.0,38,1650,1400,250,0.8484848484848485,19,14,5,381.47250284801544,0.38224573257468,0.05441224946192058,0.22823883840495163,132138.24043783802,2481.4210603509905,134619.661498189,2626,69,676.7105263157895,32,6,18,33.15552212534281,0.6507161458333334,42.96085858585859,1028.156565656566,32.12989267676769,0
2655,4,2,2,38,0.05,0.05,0.95,40,1100,600,500,0.5454545454545454,16,6,10,358.61166261341674,0.3895165598290598,0.05596476025418817,0.21780939929256987,132704.48022959172,1517.8748582766284,134222.35508786835,2627,0,643.825,34,6,15,33.17326208357403,0.651654411764706,42.41071428571428,1030.357142857142,30.30462184873947,0
2656,4,0,0,38,0.0,0.0,1.0,38,600,400,200,0.6666666666666666,8,4,4,377.1574685702114,0.38162339971550496,0.0584913701257197,0.22721437740693198,132398.0034722221,2386.979166666658,134784.98263888876,2628,71,678.7105263157895,32,6,19,33.0043859649123,0.6533203125,42.70833333333333,1029.1666666666656,32.1614583333333,0
2657,4,0,0,38,0.0,0.0,1.0,38,700,300,400,0.42857142857142855,11,3,8,377.1574685702114,0.3815493124703651,0.0584913701257197,0.22721437740693198,132398.0034722221,2386.979166666658,134784.98263888876,2629,72,679.7105263157895,32,6,19,33.0043859649123,0.6533203125,42.70833333333333,1029.1666666666656,32.1614583333333,0
2658,4,0,0,38,0.0,0.0,1.0,38,1100,800,300,0.7272727272727273,14,8,6,377.2470421676764,0.38191974869606443,0.05006969360625657,0.22825125192281656,132560.48489949998,2401.610167329853,134962.09506682982,2630,73,680.7105263157895,32,6,19,32.83829900277913,0.6549479166666667,42.550505050505045,1029.7979797979792,32.18118686868685,0
2659,4,0,0,38,0.0,0.0,1.0,38,1200,900,300,0.75,15,9,6,374.32147491349485,0.38106033665244193,0.04614938080495379,0.22726660976890742,132690.5417814507,2333.7838613406607,135024.32564279137,2631,74,681.7105263157895,32,6,18,32.78262867647058,0.65625,42.424242424242415,1030.3030303030291,32.19696969696966,0
2660,4,0,0,38,0.0,0.0,1.0,38,950,500,450,0.5263157894736842,14,5,9,372.8296365505735,0.3811047889995258,0.04272244758446808,0.22655716037894483,132723.0659658453,2296.6184891847784,135019.68445503007,2632,75,682.7105263157895,32,6,18,32.78831229832945,0.6565755208333334,42.39267676767677,1030.4292929292928,32.2009154040404,0
2661,4,1,0,39,0.02564102564102564,0.0,1.0,39,850,400,450,0.47058823529411764,13,4,9,363.3274951196267,0.3841655420602789,0.04990608742241154,0.22354327913751748,133187.4478115388,1878.1323589484718,135065.58017048726,2633,0,666.1794871794872,33,6,20,32.56645989156674,0.6587752525252526,41.94240196078431,1032.2303921568623,31.27970885323825,0
2662,4,0,0,39,0.0,0.0,1.0,39,1100,800,300,0.7272727272727273,14,8,6,362.2654423364046,0.38315339631129103,0.04778983424137073,0.2240304778762695,133377.2636275711,1863.5946811322551,135240.85830870338,2634,1,667.1794871794872,33,6,20,32.40338414995847,0.6606691919191918,41.75857843137255,1032.9656862745096,31.301990493166958,0
2663,4,0,0,39,0.0,0.0,1.0,39,1300,900,400,0.6923076923076923,17,9,8,363.2284079084286,0.3823942869995502,0.05500413564929696,0.2252016129032258,133472.22222222228,1896.1805555555648,135368.40277777784,2635,2,668.1794871794872,33,6,21,32.28326612903226,0.6616161616161615,41.66666666666667,1033.333333333334,31.313131313131333,0
2664,4,0,0,39,0.0,0.0,1.0,39,800,500,300,0.625,11,5,6,359.1744023727251,0.38191632928475033,0.055658897764160775,0.22345097775931508,133598.8862456749,1797.0600249904085,135395.9462706653,2636,3,669.1794871794872,33,6,21,32.26104393867552,0.6628787878787878,41.54411764705883,1033.823529411766,31.327985739750485,0
2665,4,0,1,38,0.0,0.02564102564102564,0.9743589743589743,39,600,200,400,0.3333333333333333,10,2,8,358.63277108756535,0.3819444444444444,0.05026115015450272,0.22368824502645707,133693.9236862024,1789.4044658304515,135483.32815203286,2637,4,670.1794871794872,33,6,21,32.179834696054044,0.6638257575757576,41.45220588235294,1034.191176470588,31.33912655971479,0
2666,4,0,0,38,0.0,0.0,1.0,38,1400,1100,300,0.7857142857142857,17,11,6,372.2895365073645,0.37968231389284024,0.04722712822324282,0.2330720207546108,133831.2596450619,2364.7955246913843,136196.05516975326,2638,5,681.3947368421053,32,6,16,31.689038031319907,0.6676432291666665,41.31944444444446,1034.7222222222235,32.335069444444485,0
2667,4,0,0,38,0.0,0.0,1.0,38,850,600,250,0.7058823529411765,11,6,5,373.2433207606731,0.38002311522048365,0.049049190431555756,0.23429163427228186,133929.26263901664,2397.640546882999,136326.90318589963,2639,6,682.3947368421053,32,6,17,31.566134016426773,0.6686197916666665,41.22474747474749,1035.1010101010118,32.34690656565662,0
2668,4,1,1,38,0.02564102564102564,0.02564102564102564,0.9743589743589743,39,1200,900,300,0.75,15,9,6,363.10715126276403,0.3851495726495726,0.047794507877299,0.22962385668860674,134201.36072964736,1945.8947580257727,136147.25548767313,2640,0,665.8717948717949,33,6,17,31.55615513502859,0.6688762626262625,40.962009803921575,1036.1519607843145,31.398544266191347,0
2669,4,0,0,38,0.0,0.0,1.0,38,1150,800,350,0.6956521739130435,15,8,7,371.5653059444347,0.3792674253200569,0.04745312439841376,0.2340690199198352,134059.9890955005,2362.4081726354516,136422.39726813594,2641,8,684.3947368421053,32,6,17,31.478602779809815,0.669921875,41.09848484848485,1035.606060606061,32.362689393939405,0
2670,4,0,0,38,0.0,0.0,1.0,38,600,400,200,0.6666666666666666,8,4,4,371.314037152561,0.3794155998103366,0.04358592727552679,0.23432772006150848,134125.37623711867,2360.5269870421407,136485.9032241608,2642,9,685.3947368421053,32,6,18,31.41963269949619,0.6705729166666666,41.035353535353536,1035.858585858586,32.37058080808081,0
2671,4,0,0,38,0.0,0.0,1.0,38,650,400,250,0.6153846153846154,9,4,5,368.7512824458806,0.3795045045045045,0.04770698676515828,0.2335424788823912,134256.19834710754,2301.429063360892,136557.62741046844,2643,10,686.3947368421053,32,6,18,31.355080409356713,0.671875,40.909090909090914,1036.3636363636372,32.38636363636366,0
2672,4,0,0,38,0.0,0.0,1.0,38,1100,900,200,0.8181818181818182,13,9,4,367.2933024477861,0.37865990990990994,0.053334411424448946,0.23368691167768157,134423.66667868115,2274.5824923106393,136698.2491709918,2644,11,687.3947368421053,33,5,20,31.225380130780763,0.6710858585858586,40.74754901960784,1037.0098039215677,31.42453951277478,0
2673,4,0,0,38,0.0,0.0,1.0,38,1300,1100,200,0.8461538461538461,15,11,4,368.75556040699416,0.3783931958274063,0.061162275364732066,0.23564799342338072,134583.53261146814,2325.7452709878035,136909.27788245594,2645,12,688.3947368421053,32,6,20,31.02767299424028,0.6751302083333334,40.59343434343434,1037.6262626262621,32.42582070707069,0
2674,4,0,0,38,0.0,0.0,1.0,38,1000,900,100,0.9,11,9,2,373.11511894300327,0.3783931958274063,0.04457879684912913,0.22365586272640617,132208.88600538266,2265.826845444072,134474.71285082673,2646,13,689.3947368421053,33,5,20,33.29907451541149,0.648989898989899,42.892156862745104,1028.4313725490206,31.164587046940017,5
2675,4,0,0,38,0.0,0.0,1.0,38,900,600,300,0.6666666666666666,12,6,6,375.4555722501925,0.37864509246088196,0.04075137802805595,0.22524650592536571,132240.39619677534,2330.0787257304996,134570.47492250585,2647,14,690.3947368421053,33,5,20,33.207112077524926,0.6493055555555556,42.86151960784314,1028.553921568628,31.16830065359479,0
2676,4,1,0,39,0.02564102564102564,0.0,1.0,39,800,500,300,0.625,11,5,6,369.2132937685594,0.3820569050832208,0.049964311206280865,0.22392546518171078,132650.37035034611,1995.3498954729052,134645.72024581901,2648,0,673.6666666666666,33,6,19,32.95463557776191,0.6534090909090908,42.46323529411765,1030.1470588235302,31.216577540106975,0
2677,4,0,0,39,0.0,0.0,1.0,39,1050,700,350,0.6666666666666666,14,7,7,369.4453673749107,0.38169140800719753,0.049903468721120614,0.2242546717343593,132681.93310565656,2003.7451040465296,134685.6782097031,2649,1,674.6666666666666,33,6,19,32.91688969509536,0.6537247474747474,42.43259803921569,1030.269607843138,31.220291146761756,0
2678,4,0,0,39,0.0,0.0,1.0,39,850,700,150,0.8235294117647058,10,7,3,367.29063409590066,0.38211313540260905,0.05189212881520544,0.22362885443054226,132796.4923469389,1954.9815759637288,134751.47392290263,2650,2,675.6666666666666,34,5,19,32.857135982135965,0.6525735294117647,42.32142857142858,1030.7142857142867,30.315126050420197,0
2679,4,0,0,39,0.0,0.0,1.0,39,1250,800,450,0.64,17,8,9,368.68568283056175,0.3817476383265857,0.05694255711574736,0.22503077512300892,132888.5363520408,1998.8201530612187,134887.356505102,2651,3,676.6666666666666,34,5,19,32.72861101489435,0.6534926470588236,42.232142857142854,1031.0714285714284,30.325630252100837,0
2680,4,0,0,39,0.0,0.0,1.0,39,1350,1000,350,0.7407407407407407,17,10,7,370.1266493392423,0.3807073774179037,0.06790815944955497,0.22691258268294406,133053.95474322708,2049.3628900891654,135103.31763331624,2652,4,677.6666666666666,35,4,19,32.525147707725665,0.6529761904761904,42.07175925925926,1031.7129629629633,29.477513227513235,0
2681,4,0,0,39,0.0,0.0,1.0,39,1150,800,350,0.6956521739130435,15,8,7,372.87148412401865,0.3809604138551507,0.07544826515563186,0.22951282035211307,133203.26063368045,2133.5394965277683,135336.80013020823,2653,5,678.6666666666666,35,4,20,32.304280188361936,0.6544642857142857,41.92708333333333,1032.2916666666658,29.494047619047596,0
2682,4,0,0,39,0.0,0.0,1.0,39,950,600,350,0.631578947368421,13,6,7,372.59977135423077,0.38048245614035087,0.07179832087353666,0.22971406774368291,133263.00643272034,2130.7531453617953,135393.75957808213,2654,6,679.6666666666666,35,4,20,32.25126574001419,0.6550595238095238,41.86921296296296,1032.523148148148,29.500661375661373,0
2683,4,0,0,39,0.0,0.0,1.0,39,800,400,400,0.5,12,4,8,370.31848033330965,0.3808198380566801,0.07670760611937077,0.22904313492548778,133382.53821855714,2078.8037712191353,135461.34198977627,2655,7,680.6666666666666,35,4,20,32.190126050420155,0.65625,41.75347222222222,1032.9861111111113,29.513888888888896,0
2684,4,0,0,39,0.0,0.0,1.0,39,600,300,300,0.5,9,3,6,373.60763982091197,0.38020130454340983,0.0715990598594658,0.2318346745113869,133503.88259623694,2175.674378377435,135679.5569746144,2656,8,681.6666666666666,33,6,21,31.983354085141713,0.6619318181818181,41.6360294117647,1033.4558823529405,31.316844919786078,0
2685,4,0,0,39,0.0,0.0,1.0,39,1050,600,450,0.5714285714285714,15,6,9,374.17484167958287,0.3810728744939271,0.07625127293177147,0.23258399333583502,133567.2146079633,2195.498275903506,135762.71288386683,2657,9,682.6666666666666,33,6,22,31.90513238490419,0.6625631313131313,41.57475490196079,1033.700980392157,31.324272133095665,0
2686,4,0,0,39,0.0,0.0,1.0,39,850,400,450,0.47058823529411764,13,4,9,375.92498095922775,0.38020130454340983,0.08219228034350068,0.23427289433781137,133662.24078479435,2249.395064398312,135911.63584919268,2658,10,683.6666666666666,33,6,22,31.764537410128774,0.663510101010101,41.4828431372549,1034.0686274509808,31.335412953060025,0
2687,4,0,0,39,0.0,0.0,1.0,39,850,700,150,0.8235294117647058,10,7,3,375.0857368792398,0.3805386864597391,0.03330142741702202,0.21778273135885107,130992.77388038556,2041.1367733367929,133033.91065372236,2659,11,684.6666666666666,34,5,17,34.47808853742683,0.6344975490196079,44.077380952380956,1023.6904761904768,30.108543417366967,7
2688,4,0,0,39,0.0,0.0,1.0,39,700,400,300,0.5714285714285714,10,4,6,375.0870487787179,0.38076360773729195,0.038224535608561094,0.21812871579078774,131053.7149234693,2031.310232426295,133085.0251558956,2660,12,685.6666666666666,34,5,17,34.416298492423365,0.635110294117647,44.01785714285714,1023.9285714285708,30.115546218487374,0
2689,4,1,0,40,0.025,0.0,1.0,40,600,500,100,0.8333333333333334,7,5,2,365.0077197845594,0.38338675213675216,0.047528216704289195,0.2144541377514056,131446.7860510974,1595.8183299039786,133042.60438100138,2661,0,669.5,35,5,19,34.27671181339353,0.6369047619047619,43.63425925925926,1025.462962962963,29.2989417989418,0
2690,4,1,1,40,0.024390243902439025,0.024390243902439025,0.975609756097561,41,1000,700,300,0.7,13,7,6,360.1055447715225,0.3879319105691057,0.04695021607374583,0.21300207920781497,131703.53366457685,1285.4345477234071,132988.96821230027,2662,0,654.1463414634146,36,5,15,34.1431248857195,0.6374421296296295,43.38400900900901,1026.4639639639647,28.51288788788791,0
2691,4,1,1,40,0.024390243902439025,0.024390243902439025,0.975609756097561,41,600,500,100,0.8333333333333334,7,5,2,359.8541041206304,0.3878810975609756,0.050936974924817635,0.21301493591971882,131732.43344696064,1280.8913643373276,133013.32481129796,2663,0,655.1219512195122,36,5,15,34.120410998976155,0.6377314814814814,43.355855855855864,1026.5765765765777,28.51601601601605,0
2692,4,1,2,39,0.024390243902439025,0.04878048780487805,0.9512195121951219,41,900,600,300,0.6666666666666666,12,6,6,358.7162952363808,0.3901422764227642,0.05042273034858891,0.2128258878503941,131819.15181651255,1257.1355561642888,133076.28737267683,2664,0,656.0975609756098,36,5,15,34.062123039807005,0.638599537037037,43.271396396396405,1026.9144144144152,28.52540040040042,0
2693,4,0,0,39,0.0,0.0,1.0,39,1450,1200,250,0.8275862068965517,17,12,5,370.1472732148829,0.3818882141250562,0.05098141242447918,0.2191726510958618,131743.6731074245,1952.9122728052066,133696.5853802297,2665,4,682.5384615384615,35,4,17,33.84488913942127,0.6398809523809523,43.344907407407405,1026.6203703703698,29.332010582010565,0
2694,4,0,0,39,0.0,0.0,1.0,39,1050,900,150,0.8571428571428571,12,9,3,367.48460046343894,0.3817757534862798,0.048554098142738145,0.2181064120342537,131832.8045294282,1889.305100094314,133722.1096295225,2666,5,683.5384615384615,35,4,18,33.82323246553215,0.6407738095238095,43.258101851851855,1026.9675925925928,29.341931216931226,0
2695,4,0,0,39,0.0,0.0,1.0,39,850,500,350,0.5882352941176471,12,5,7,368.07888970051147,0.3799201529464687,0.04060984060984052,0.21965998256320837,132040.8950617283,1920.2932098765323,133961.18827160486,2667,6,684.5384615384615,35,4,19,33.59797297297297,0.6428571428571428,43.05555555555555,1027.7777777777771,29.365079365079346,0
2696,4,0,0,39,0.0,0.0,1.0,39,750,500,250,0.6666666666666666,10,5,5,369.0838037342599,0.379189158794422,0.046501961395578606,0.22077922077922082,132130.12695312497,1953.4179687499998,134083.54492187497,2668,7,685.5384615384615,35,4,19,33.48214285714286,0.64375,42.96875,1028.1249999999998,29.374999999999993,0
2697,4,0,0,39,0.0,0.0,1.0,39,1050,800,250,0.7619047619047619,13,8,5,364.422454853533,0.37843004948268105,0.04324867120275644,0.21850593345671349,132219.3889853395,1836.7428626543183,134056.13184799382,2669,8,686.5384615384615,35,4,19,33.51198514517217,0.6446428571428571,42.88194444444444,1028.4722222222222,29.384920634920633,0
2698,4,0,0,39,0.0,0.0,1.0,39,1000,600,400,0.6,14,6,8,366.5719028326525,0.3778115159694107,0.0449821300310671,0.2203149184773121,132308.68115837182,1900.1290027006114,134208.81016107244,2670,9,687.5384615384615,35,4,19,33.36673135335809,0.6455357142857143,42.795138888888886,1028.819444444444,29.394841269841255,0
2699,4,0,0,39,0.0,0.0,1.0,39,1250,900,350,0.72,16,9,7,367.44496449656657,0.37738978857399913,0.046945595354456415,0.2215381741876585,132427.78427479835,1931.9844982424365,134359.7687730408,2671,10,688.5384615384615,35,4,20,33.22428220697927,0.6467261904761905,42.67939814814814,1029.282407407406,29.408068783068742,0
2700,4,0,0,39,0.0,0.0,1.0,39,1300,800,500,0.6153846153846154,18,8,10,368.6437328131178,0.3769961763382816,0.04803044061054207,0.22261276329753438,132487.35592689033,1968.1266878857903,134455.48261477612,2672,11,689.5384615384615,35,4,20,33.13343170320405,0.6473214285714286,42.62152777777777,1029.513888888888,29.414682539682513,0
2701,4,0,0,39,0.0,0.0,1.0,39,750,600,150,0.8,9,6,3,363.16916000905974,0.3769961763382816,0.00044118586115393654,0.209141874805739,130676.44702717772,1695.1781389317619,132371.62516610947,2673,12,690.5384615384615,35,4,19,35.10348275601841,0.6291666666666667,44.386574074074076,1022.4537037037044,29.212962962962983,7
2702,4,0,0,39,0.0,0.0,1.0,39,1400,1200,200,0.8571428571428571,16,12,4,364.83304832755584,0.3766025641025641,-0.0053736765290457456,0.21058325591578156,130765.21675936655,1741.4945291066706,132506.71128847322,2674,13,691.5384615384615,35,4,19,34.97097902757346,0.6300595238095237,44.299768518518526,1022.800925925927,29.22288359788363,0
2703,4,0,0,39,0.0,0.0,1.0,39,850,600,250,0.7058823529411765,11,6,5,366.0310779431072,0.3757591093117409,-0.0005916490477062553,0.21192408383071462,130883.62328800156,1781.4947434413616,132665.11803144292,2675,14,692.5384615384615,35,4,20,34.82036817102138,0.6312499999999999,44.18402777777778,1023.263888888889,29.236111111111114,0
2704,4,1,0,40,0.025,0.0,1.0,40,750,500,250,0.6666666666666666,10,5,5,356.4614126914652,0.3805154914529914,0.01263328569858202,0.20800060752112004,131183.87972009182,1352.3982174742434,132536.27793756608,2676,0,676.2,36,4,22,34.761459821919324,0.6322337962962963,43.89076576576577,1024.4369369369379,28.456581581581606,0
2705,4,1,0,41,0.024390243902439025,0.0,1.0,41,1000,700,300,0.7,13,7,6,348.00441896282433,0.3833841463414634,0.023215032193439233,0.19366748618584986,129340.77222077925,802.3905769855364,130143.16279776479,2677,0,660.6829268292682,37,4,21,36.846389817110406,0.6117680180180181,45.69627192982455,1017.2149122807,27.492294926505405,8
2706,4,0,0,41,0.0,0.0,1.0,41,1600,1300,300,0.8125,19,13,6,348.4668113719573,0.38191056910569104,0.03650655205388742,0.19488951064923188,129536.03512619258,827.8018236380296,130363.83694983061,2678,1,661.6829268292682,37,4,13,36.63605845181674,0.6137387387387387,45.504385964912274,1017.9824561403501,27.5130393551446,0
2707,4,0,0,41,0.0,0.0,1.0,41,1050,800,250,0.7619047619047619,13,8,5,344.2208165270729,0.3817073170731707,0.03761516478062088,0.19314049699544342,129663.42872242305,726.5702617064699,130389.99898412952,2679,2,662.6829268292682,38,3,14,36.614698066365946,0.6132127192982457,45.3792735042735,1018.4829059829054,26.80218173639225,0
2708,4,0,0,41,0.0,0.0,1.0,41,650,400,250,0.6153846153846154,9,4,5,347.60298320578744,0.3807164634146341,0.04294953927834366,0.19558051037366356,129772.26382725194,821.8452087442631,130594.1090359962,2680,3,663.6829268292682,38,3,15,36.418029778756434,0.6143092105263157,45.272435897435905,1018.9102564102575,26.813427800269935,0
2709,4,0,0,41,0.0,0.0,1.0,41,950,500,450,0.5263157894736842,14,5,9,350.7663181356527,0.3804369918699187,0.0425870331255207,0.19749758809786638,129799.47973738052,905.8571206808506,130705.33685806138,2681,4,664.6829268292682,38,3,15,36.309804641084774,0.6145833333333333,45.2457264957265,1019.0170940170951,26.816239316239347,0
2710,4,0,0,41,0.0,0.0,1.0,41,1400,1100,300,0.7857142857142857,17,11,6,352.9612663246442,0.3799034552845528,0.03216588024190847,0.19928736114022214,129908.37191358021,970.5246913580188,130878.89660493823,2682,5,665.6829268292682,38,3,16,36.14327883742052,0.6156798245614035,45.138888888888886,1019.4444444444441,26.82748538011695,0
2711,4,0,0,41,0.0,0.0,1.0,41,950,600,350,0.631578947368421,13,6,7,351.00607162934506,0.3798018292682927,0.029924422437185072,0.1987368896662946,130017.30974687697,927.3730276134036,130944.68277449037,2683,6,666.6829268292682,38,3,18,36.08252147496334,0.6167763157894737,45.03205128205128,1019.8717948717941,26.838731443994583,0
2712,4,1,0,42,0.023809523809523808,0.0,1.0,42,1000,500,500,0.5,15,5,10,354.2299499908354,0.3822952961672474,0.09297815880792015,0.20155313879269493,130209.423828125,825.0466772476981,131034.4705053727,2684,0,651.7857142857143,39,3,17,35.80535143226509,0.6169871794871795,44.84375,1020.625,26.169871794871796,3
2713,4,0,0,42,0.0,0.0,1.0,42,1600,900,700,0.5625,23,9,14,352.7244374553612,0.38207752613240414,0.10096495397557992,0.2019873130775415,130458.54403518385,803.2050126000241,131261.74904778387,2685,1,652.7857142857143,37,5,19,35.59119083395942,0.6230292792792793,44.59978070175438,1021.600877192982,27.610834518729245,0
2714,4,0,0,42,0.0,0.0,1.0,42,1000,700,300,0.7,13,7,6,350.9067871107228,0.3825493612078978,0.09920842356806858,0.20134513609562457,130535.3879597669,761.1507186426994,131296.5386784096,2686,2,653.7857142857143,38,4,14,35.55976650984492,0.621984649122807,44.52457264957265,1021.9017094017088,26.89215024741339,0
2715,4,0,0,42,0.0,0.0,1.0,42,950,800,150,0.8421052631578947,11,8,3,350.2650833940062,0.38279132791327913,0.09938668762797587,0.20149481409312864,130635.03146701379,751.3780381944334,131386.40950520823,2687,3,654.7857142857143,39,3,14,35.475256436383404,0.6212606837606838,44.42708333333333,1022.2916666666658,26.212606837606817,0
2716,4,0,0,42,0.0,0.0,1.0,42,950,600,350,0.631578947368421,13,6,7,349.7840294009615,0.3826945412311266,0.10561959094966467,0.2014953070774552,130688.28124999997,742.534722222221,131430.8159722222,2688,4,655.7857142857143,39,3,15,35.43364574843792,0.6217948717948718,44.375,1022.4999999999998,26.217948717948712,0
2717,4,0,0,42,0.0,0.0,1.0,42,900,700,200,0.7777777777777778,11,7,4,352.2570759300222,0.38273083623693377,0.10738779113193497,0.20319976330675388,130741.54188368033,810.9266493055354,131552.46853298586,2689,5,656.7857142857143,39,3,15,35.316510490935016,0.6223290598290598,44.32291666666666,1022.7083333333316,26.223290598290554,0
2718,4,0,0,42,0.0,0.0,1.0,42,950,700,250,0.7368421052631579,12,7,5,353.0348720969303,0.3831663763066202,0.10760353021045499,0.2039295555289325,130794.81336805546,835.0260416666559,131629.8394097221,2690,6,657.7857142857143,39,3,15,35.24270196877121,0.6228632478632479,44.27083333333333,1022.9166666666658,26.228632478632456,0
2719,4,0,0,42,0.0,0.0,1.0,42,1400,900,500,0.6428571428571429,19,9,10,351.14648715113015,0.38283972125435545,0.1077054729755289,0.20372969001072463,130963.79469892247,797.4952905016771,131761.28998942414,2691,7,658.7857142857143,40,2,16,35.1200522901774,0.6229166666666668,44.105691056910565,1023.5772357723567,25.58943089430892,0
2720,4,2,1,43,0.045454545454545456,0.022727272727272728,0.9772727272727273,44,900,600,300,0.6666666666666666,12,6,6,290.10566108232337,0.3896780303030303,0.03828979252827791,0.1743096663107544,132298.29679894555,-1122.8909003915528,131175.405898554,2692,0,629.7954545454545,42,2,14,35.343866754576005,0.6331845238095237,42.805232558139544,1028.7790697674434,24.4947397563677,6
2721,4,0,0,43,0.0,0.0,1.0,43,1000,700,300,0.7,13,7,6,296.6087205890867,0.3856589147286822,0.033446916759574785,0.17784514785118943,132219.38898533976,-756.5152391975053,131462.87374614226,2693,1,645.4418604651163,41,2,15,35.25559869457573,0.6338922764227641,42.88194444444446,1028.4722222222242,25.084688346883517,0
2722,4,1,1,43,0.022727272727272728,0.022727272727272728,0.9772727272727273,44,950,700,250,0.7368421052631579,12,7,5,287.86044392274573,0.39025061663143057,0.028193381103383208,0.17388915524041093,132500.12302374674,-1171.5705900415508,131328.5524337052,2694,0,631.75,41,3,15,35.19986188732577,0.6366869918699185,42.609126984126995,1029.5634920634936,25.111304684475456,0
2723,4,0,0,43,0.0,0.0,1.0,43,1300,900,400,0.6923076923076923,17,9,8,293.8482981038844,0.3855435585086748,0.04515431218732879,0.17565044542624073,132103.35422092004,-832.7779118736657,131270.57630904636,2695,3,647.4418604651163,39,4,17,35.44273735940826,0.6359508547008548,42.994791666666664,1028.0208333333326,26.359508547008527,3
2724,4,1,0,44,0.022727272727272728,0.0,1.0,44,750,400,350,0.5333333333333333,11,4,7,289.198680079546,0.3894578047921071,0.05775411631623384,0.17410379515371485,132371.85723610286,-1143.6467215281898,131228.21051457466,2696,0,633.7045454545455,40,4,19,35.29363355059582,0.6369791666666667,42.733739837398375,1029.0650406504067,25.726626016260166,0
2725,4,0,1,43,0.0,0.022727272727272728,0.9772727272727273,44,1100,700,400,0.6363636363636364,15,7,8,287.51652795338583,0.3894578047921071,0.05315296313914142,0.17345175173554775,132450.30369034637,-1183.6697113160171,131266.63397903036,2697,1,634.7045454545455,40,4,19,35.258498700102,0.6377604166666667,42.65752032520325,1029.3699186991869,25.73424796747967,0
2726,4,0,0,43,0.0,0.0,1.0,43,350,100,250,0.2857142857142857,6,1,5,294.43601490727895,0.38584348468069396,0.05867867047749997,0.1771278291872167,132344.40646701373,-806.6080729166853,131537.79839409704,2698,2,649.9767441860465,39,4,19,35.18635688735912,0.6383547008547009,42.76041666666666,1028.958333333332,26.383547008546973,0
2727,4,0,0,43,0.0,0.0,1.0,43,700,400,300,0.5714285714285714,10,4,6,295.90042772017097,0.3860972683647102,0.06311855263684385,0.17838878134856662,132424.8060438367,-763.088650173616,131661.71739366307,2699,3,650.9767441860465,39,4,19,35.06824967108592,0.639155982905983,42.682291666666664,1029.2708333333326,26.39155982905981,0
2728,4,0,0,43,0.0,0.0,1.0,43,1200,700,500,0.5833333333333334,17,7,10,295.63242973243297,0.38556662975267625,0.05791951883549151,0.1784810814322316,132478.41932508658,-767.0166015625241,131711.40272352405,2700,4,651.9767441860465,39,4,19,35.02152264831866,0.639690170940171,42.63020833333332,1029.479166666665,26.396901709401664,0
2729,4,0,0,43,0.0,0.0,1.0,43,1050,900,150,0.8571428571428571,12,9,3,294.34163650136617,0.3862587670727206,0.06483966495821392,0.17820917085664434,132585.67843966998,-794.9028862847417,131790.77555338523,2701,5,652.9767441860465,39,4,20,34.94751104143486,0.6407585470085471,42.52604166666666,1029.895833333332,26.407585470085433,0
2730,4,0,0,43,0.0,0.0,1.0,43,1000,700,300,0.7,13,7,6,293.28682238700543,0.38607419712070873,0.06664001693042065,0.17795132965690055,132666.1512586804,-818.1532118055759,131847.99804687483,2702,6,653.9767441860465,39,4,14,34.894253454668004,0.6415598290598292,42.44791666666666,1030.208333333332,26.415598290598254,0
2731,4,0,0,43,0.0,0.0,1.0,43,1150,900,250,0.782608695652174,14,9,5,292.8117473769086,0.38556662975267625,0.06637063086655104,0.17804465991393703,132746.6484917533,-826.0443793402976,131920.60411241298,2703,7,654.9767441860465,39,4,15,34.826076518750625,0.6423611111111112,42.36979166666666,1030.520833333332,26.423611111111075,0
2732,4,0,0,43,0.0,0.0,1.0,43,900,700,200,0.7777777777777778,11,7,4,293.2421190077698,0.3855204872646733,0.06873343234757767,0.1786899020751778,132827.17013888873,-809.8958333333526,132017.2743055554,2704,8,655.9767441860465,39,4,15,34.73457289140394,0.6431623931623933,42.29166666666666,1030.833333333332,26.431623931623896,0
2733,4,0,0,43,0.0,0.0,1.0,43,1150,1000,150,0.8695652173913043,13,10,3,293.05135865317055,0.38522056109265407,0.06748838149121017,0.17882998446048554,132880.86480034687,-811.8164062500396,132069.04839409684,2705,9,656.9767441860465,39,4,16,34.68587930221592,0.6436965811965814,42.239583333333314,1031.0416666666638,26.436965811965738,0
2734,4,0,0,43,0.0,0.0,1.0,43,1500,1400,100,0.9333333333333333,16,14,2,294.71279876888013,0.38464377999261723,0.0710472983286714,0.1804910851087331,133015.14892578102,-759.7466362847515,132255.40228949627,2706,10,657.9767441860465,39,4,17,34.5090082129994,0.6450320512820514,42.109374999999986,1031.5624999999982,26.450320512820465,0
2735,4,1,2,42,0.022727272727272728,0.045454545454545456,0.9545454545454546,44,1050,800,250,0.7619047619047619,13,8,5,289.40902256804543,0.38868701550387597,0.06574803149606345,0.17842206731136745,133262.2777447283,-1086.538890541378,132175.7388541869,2707,0,644.0,40,4,17,34.399401246719194,0.6458333333333335,41.869918699186975,1032.520325203249,25.813008130081226,0
2736,4,0,0,42,0.0,0.0,1.0,42,1100,900,200,0.8181818181818182,13,9,4,301.9818214896708,0.38034746418892756,0.06682648199118058,0.18474857443987808,132975.8896285336,-368.739727153217,132607.14990138038,2708,16,675.4047619047619,38,4,18,34.360757199088454,0.6463815789473686,42.147435897435884,1031.4102564102543,27.142375168690904,0
2737,4,0,0,42,0.0,0.0,1.0,42,1050,500,550,0.47619047619047616,16,5,11,303.3061996064968,0.3802748741773132,0.07976929902395735,0.18638281731544243,133141.23109796166,-323.48783694940096,132817.74326101225,2709,17,676.4047619047619,38,4,18,34.16149068322981,0.6480263157894738,41.987179487179475,1032.0512820512802,27.15924426450737,0
2738,4,0,0,42,0.0,0.0,1.0,42,1000,600,400,0.6,14,6,8,302.54825110090854,0.3797788424312814,0.08229476205260156,0.18633038562065493,133223.9403558512,-338.6659681131075,132885.27438773809,2710,18,677.4047619047619,38,4,18,34.0984942564421,0.6488486842105264,41.90705128205127,1032.371794871793,27.16767881241561,0
2739,4,0,0,42,0.0,0.0,1.0,42,1200,900,300,0.75,15,9,6,304.6957499534827,0.3792828106852497,0.08336288590736252,0.1883502883983546,133361.8461903717,-273.04245196875,133088.80373840296,2711,19,678.4047619047619,38,4,19,33.90545269617983,0.6502192982456141,41.773504273504265,1032.9059829059818,27.18173639226268,0
2740,4,0,0,42,0.0,0.0,1.0,42,1100,800,300,0.7272727272727273,14,8,6,304.6957499534827,0.3792828106852497,0.08336288590736252,0.1883502883983546,133361.8461903717,-273.04245196875,133088.80373840296,2712,20,679.4047619047619,38,4,19,33.90545269617983,0.6502192982456141,41.773504273504265,1032.9059829059818,27.18173639226268,0
2741,4,0,0,42,0.0,0.0,1.0,42,700,500,200,0.7142857142857143,9,5,4,305.0339491913968,0.37958526906697637,0.08484405242084425,0.1886995044613958,133389.43591798155,-262.3387163050687,133127.0972016765,2713,21,680.4047619047619,38,4,19,33.86919536663565,0.6504934210526316,41.74679487179487,1033.01282051282,27.18454790823211,0
2742,4,0,0,42,0.0,0.0,1.0,42,700,400,300,0.5714285714285714,10,4,6,305.36344668796244,0.37969415408439794,0.08690106859703572,0.18904382390989719,133417.02849915982,-251.8632661260973,133165.1652330337,2714,22,681.4047619047619,38,4,19,33.83316097897277,0.6507675438596492,41.720085470085465,1033.1196581196573,27.187359424201507,0
2743,4,0,0,42,0.0,0.0,1.0,42,1050,700,350,0.6666666666666666,14,7,7,305.3459937565039,0.3797909407665505,0.09350998463901727,0.18931451612903233,133472.2222222221,-248.95833333333746,133223.26388888876,2715,23,682.4047619047619,38,4,19,33.77856182795699,0.6513157894736842,41.666666666666664,1033.3333333333326,27.19298245614033,0
2744,4,0,0,42,0.0,0.0,1.0,42,950,700,250,0.7368421052631579,12,7,5,322.05304146355695,0.3797909407665505,0.10060139089921094,0.17991882608006948,129492.78564453125,-59.2909071180556,129433.49473741319,2716,24,683.4047619047619,39,3,14,37.35213471838433,0.6097756410256411,45.546875,1017.8125,26.09775641025641,6
2745,4,0,0,42,0.0,0.0,1.0,42,750,400,350,0.5333333333333333,11,4,7,319.9729950925611,0.38032326751838946,0.09812018535030953,0.1789980584453118,129545.80213758662,-109.76833767363075,129436.033799913,2717,25,684.4047619047619,39,3,14,37.35131228895937,0.6103098290598292,45.49479166666666,1018.0208333333319,26.103098290598254,0
2746,4,1,0,43,0.023255813953488372,0.0,1.0,43,1200,1000,200,0.8333333333333334,14,10,4,316.4206284436823,0.3836978589885567,0.10364256069002353,0.1784982510286912,129873.84018276139,-381.0475741952705,129492.79260856612,2718,0,669.4651162790698,40,3,15,37.10950481887671,0.6119791666666667,45.17276422764227,1019.3089430894292,25.48272357723573,0
2747,4,0,0,43,0.0,0.0,1.0,43,1200,1000,200,0.8333333333333334,14,10,4,334.1800775946525,0.38388242894056845,0.10496971886511064,0.18672924335743415,129500.2616722367,63.95947242492383,129564.22114466161,2719,1,670.4651162790698,38,5,15,37.0359679507365,0.6115679824561404,45.53952991452991,1017.8418803418792,26.785312640575768,4
2748,4,0,1,42,0.0,0.023255813953488372,0.9767441860465116,43,1200,900,300,0.75,15,9,6,334.6053466421598,0.38365171650055374,0.10836852435615318,0.18743651939410355,129598.8294813366,72.89225260414295,129671.72173394074,2720,2,671.4651162790698,39,4,15,36.92508525149189,0.6108440170940173,45.44270833333332,1018.2291666666649,26.108440170940128,0
2749,4,0,0,42,0.0,0.0,1.0,42,850,600,250,0.7058823529411765,11,6,5,325.6360813901552,0.3804926442121564,0.060115093174251566,0.17655843109335842,128306.84222961857,-43.73253616043206,128263.10969345814,2721,3,687.5952380952381,38,4,18,38.46686175260992,0.5995065789473685,46.714743589743584,1013.1410256410248,26.661605937921706,5
2750,4,2,2,42,0.045454545454545456,0.045454545454545456,0.9545454545454546,44,1200,800,400,0.6666666666666666,16,8,8,309.87924861798746,0.39040477448907684,0.05826735826735807,0.17028018117127025,128840.02267995238,-815.0301160023823,128024.99256395,2722,0,657.2954545454545,40,4,16,38.32394894894894,0.6015625,46.1890243902439,1015.2439024390242,25.381097560975604,0
2751,4,0,1,41,0.0,0.023809523809523808,0.9761904761904762,42,950,500,450,0.5263157894736842,14,5,9,324.4211893232139,0.38057733255903986,0.0663727466971622,0.17721834127932032,128604.67916757952,-55.583406384718955,128549.09576119481,2723,5,689.5952380952381,38,4,16,38.19429815321956,0.6025219298245614,46.420940170940156,1014.316239316237,26.692532613585183,0
2752,4,0,0,41,0.0,0.0,1.0,41,950,500,450,0.5263157894736842,14,5,9,333.72610664718803,0.3797764227642277,0.06795517468688184,0.18222942659306274,128588.99493113231,382.70092720833134,128971.69585834065,2724,6,702.5853658536586,37,4,16,37.974324324324314,0.6041666666666667,46.43640350877191,1014.2543859649095,27.41228070175431,0
2753,4,0,0,41,0.0,0.0,1.0,41,700,600,100,0.8571428571428571,8,6,2,333.9355842080266,0.38023373983739833,0.06903277158987264,0.1828544317314244,128700.23108071688,395.51737072942353,129095.74845144631,2725,7,703.5853658536586,37,4,17,37.85570203875801,0.6052927927927929,46.3267543859649,1014.6929824561382,27.42413466097671,0
2754,4,0,0,41,0.0,0.0,1.0,41,950,600,350,0.631578947368421,13,6,7,335.683708719966,0.3807164634146341,0.06990921497030911,0.18432738880957547,128811.51532202197,447.98543782700006,129259.50075984896,2726,8,704.5853658536586,37,4,17,37.6980269316627,0.6064189189189191,46.21710526315788,1015.1315789473668,27.435988620199105,0
2755,4,1,1,41,0.023809523809523808,0.023809523809523808,0.9761904761904762,42,1000,800,200,0.8,12,8,4,328.4974547538434,0.3865418118466899,0.07668398450403902,0.18191646010058565,129147.08547921662,84.89777375992333,129231.98325297654,2727,0,688.7857142857143,38,4,19,37.539196622521196,0.6080043859649125,45.88675213675212,1016.4529914529893,26.748762932973403,0
2756,4,1,0,42,0.023809523809523808,0.0,1.0,42,950,600,350,0.631578947368421,13,6,7,329.11823201893714,0.39188927603561746,0.07938389841817317,0.18328685214115809,129368.65790435494,115.52820790301772,129484.18611225796,2728,0,680.2380952380952,37,5,20,37.29835812315873,0.6120495495495497,45.668859649122794,1017.3245614035068,27.495258416310993,0
2757,4,0,0,42,0.0,0.0,1.0,42,700,300,400,0.42857142857142855,11,3,8,327.98036258243894,0.3915747193186218,0.08084772370486659,0.1831717043014555,129480.23069598297,93.39460218523973,129573.62529816822,2729,1,681.2380952380952,37,5,16,37.2140522875817,0.6131756756756759,45.559210526315766,1017.7631578947336,27.50711237553334,0
2758,4,1,1,42,0.023255813953488372,0.023255813953488372,0.9767441860465116,43,700,400,300,0.5714285714285714,10,4,6,320.8225212267721,0.39472591362126247,0.07856608244733376,0.1807634985222787,129826.69850107742,-269.734252867274,129556.96424821015,2730,0,666.3720930232558,38,5,17,37.04506936436383,0.6148574561403508,45.21901709401709,1019.123931623931,26.81905083220871,0
2759,4,0,0,42,0.0,0.0,1.0,42,1400,1100,300,0.7857142857142857,17,11,6,333.81401486601135,0.39002613240418116,0.034255937126260294,0.18449607450526562,129069.04432508662,217.01117621525867,129286.05550130187,2731,1,683.1666666666666,39,3,19,37.48344865880745,0.6055021367521368,45.96354166666666,1016.1458333333319,26.05502136752133,6
2760,4,3,2,43,0.06666666666666667,0.044444444444444446,0.9555555555555556,45,650,400,250,0.6153846153846154,9,4,5,316.5527220812864,0.4001473063973064,0.06107147764143894,0.1778684536205536,129719.10609526146,-787.412771918775,128931.69332334268,2732,0,638.5555555555555,42,3,16,37.26279368401027,0.6073908730158731,45.324612403100765,1018.7015503875949,24.25479881875226,0
2761,4,1,0,44,0.022727272727272728,0.0,1.0,44,650,300,350,0.46153846153846156,10,3,7,322.5461933209073,0.39466613812544044,0.06135943047893955,0.18105969200796884,129680.91699932265,-434.3827751008037,129246.53422422185,2733,0,653.9545454545455,41,3,17,37.14885474497579,0.6084857723577237,45.36210317460316,1018.5515873015855,24.842721641502084,0
2762,4,2,1,45,0.043478260869565216,0.021739130434782608,0.9782608695652174,46,1000,700,300,0.7,13,7,6,312.00960373813655,0.40314009661835754,0.07948955916473288,0.1772221128243764,130141.77755000282,-1078.9031113693825,129062.87443863344,2734,0,626.4782608695652,43,3,18,36.95098607888632,0.6102228682170543,44.910037878787875,1020.359848484848,23.72929880197321,0
2763,4,0,0,45,0.0,0.0,1.0,45,1150,600,550,0.5217391304347826,17,6,11,317.79021567929794,0.39997895622895624,0.07665790612499057,0.18014957460721423,130064.826003921,-733.3341783847197,129331.49182553629,2735,1,641.4,42,3,18,36.88135271207371,0.6108630952380952,44.985465116279066,1020.0581395348835,24.28709856035437,0
2764,4,0,0,45,0.0,0.0,1.0,45,1300,1000,300,0.7692307692307693,16,10,6,318.93749652583983,0.4001052188552188,0.07907423230692934,0.18148939226940441,130213.13252095746,-694.0298997956686,129519.10262116179,2736,2,642.4,42,3,19,36.70211082629196,0.6123511904761905,44.840116279069775,1020.6395348837224,24.300941306755295,0
2765,4,0,1,44,0.0,0.022222222222222223,0.9777777777777777,45,1150,800,350,0.6956521739130435,15,8,7,301.72670624533026,0.3998737373737374,-0.015546065481511162,0.1747030595275576,130885.7897601459,-1096.8895488031533,129788.90021134274,2737,3,643.4,40,5,17,36.46319561690999,0.6221354166666667,44.18191056910568,1023.2723577235759,25.581808943089396,4
2766,4,1,3,42,0.022222222222222223,0.06666666666666667,0.9333333333333333,45,1500,1100,400,0.7333333333333333,19,11,8,298.6400462962964,0.4009469696969697,0.0005379188712524297,0.17420669367283928,131171.92147531212,-1165.3622595677405,130006.55921574438,2738,0,644.2888888888889,40,5,17,36.25434027777777,0.6250000000000002,43.90243902439023,1024.3902439024373,25.609756097560933,0
2767,4,0,0,42,0.0,0.0,1.0,42,1450,1100,350,0.7586206896551724,18,11,7,317.5623896834821,0.3911391792489354,-0.0046544933762975305,0.1836339035995786,130835.79881656794,-90.29421433268578,130745.50460223526,2739,5,690.9761904761905,38,4,17,36.10850041771094,0.625,44.230769230769226,1023.0769230769222,26.9230769230769,0
2768,4,1,1,42,0.023255813953488372,0.023255813953488372,0.9767441860465116,43,1300,700,600,0.5384615384615384,19,7,12,315.014137507833,0.3943567737172388,0.0041990977614272396,0.18399519338046583,131221.37586805545,-332.682291666673,130888.69357638877,2740,0,675.8837209302326,39,4,19,35.78521079029417,0.6271367521367521,43.854166666666664,1024.5833333333326,26.2713675213675,0
2769,4,0,0,42,0.0,0.0,1.0,42,850,400,450,0.47058823529411764,13,4,9,320.0549220840968,0.3916836043360434,0.0030025778956619398,0.18652684121703544,131136.5549551646,-5.8200242895899095,131130.734930875,2741,1,692.7857142857143,38,4,19,35.74154236639893,0.6280153508771931,43.936965811965806,1024.2521367521358,26.954003598740417,0
2770,4,2,0,44,0.045454545454545456,0.0,1.0,44,650,500,150,0.7692307692307693,8,5,3,320.5778203471939,0.40002862931641997,0.11539143748016234,0.17518444526043625,128619.58007812497,-532.7262152207068,128086.85386290426,2742,0,662.25,39,5,13,38.276596837132885,0.6009615384615385,46.40625,1014.3749999999998,26.00961538461538,6
2771,4,0,0,44,0.0,0.0,1.0,44,1000,700,300,0.7,13,7,6,324.91704156521774,0.3992578400281888,0.1286790093503294,0.17802822378674638,128725.26584201393,-434.9934895833301,128290.2723524306,2743,1,663.25,39,5,13,38.05900567987409,0.6020299145299146,46.302083333333336,1014.7916666666671,26.020299145299155,0
2772,4,4,1,47,0.08333333333333333,0.020833333333333332,0.9791666666666666,48,1650,1100,550,0.6666666666666666,22,11,11,303.44841091952037,0.41038711583924353,0.15489837011669172,0.1703979538240382,129694.42942130867,-1728.007391148012,127966.42203016065,2744,0,608.8958333333334,42,6,15,37.6214881405378,0.6071428571428572,45.34883720930232,1018.6046511627894,24.25249169435213,0
2773,4,0,0,47,0.0,0.0,1.0,47,1350,1000,350,0.7407407407407407,17,10,7,308.8357837762531,0.4074737897008942,0.1579872191232412,0.1734751546944513,129706.17992567403,-1388.4180524061462,128317.76187326788,2745,1,622.8510638297872,41,6,15,37.47240618101545,0.608739837398374,45.33730158730159,1018.6507936507942,24.845141308555956,0
2774,4,0,0,47,0.0,0.0,1.0,47,900,600,300,0.6666666666666666,12,6,6,308.500477373809,0.40782069071847055,0.16224906254531923,0.17351039992491885,129756.71315980091,-1393.998409549008,128362.71475025191,2746,2,623.8510638297872,41,6,15,37.429811749432,0.6092479674796747,45.28769841269841,1018.8492063492059,24.84998064266356,0
2775,4,0,1,46,0.0,0.02127659574468085,0.9787234042553191,47,1300,1000,300,0.7692307692307693,16,10,6,311.6977995631095,0.407531606537157,0.17298338251281264,0.17587561177984345,129883.08930342966,-1303.145372732432,128579.94393069723,2747,3,624.8510638297872,41,6,16,37.220498783454985,0.6105182926829269,45.163690476190474,1019.3452380952377,24.862078977932626,0
2776,4,0,0,46,0.0,0.0,1.0,46,1700,1100,600,0.6470588235294118,23,11,12,315.0146358822233,0.40746779388083737,0.1904060726015182,0.17366636986446887,128969.02394614648,-1074.5739763037855,127894.4499698427,2748,4,637.2826086956521,40,6,16,38.06257295314323,0.6028645833333333,46.0619918699187,1015.7520325203253,25.393800813008134,1
2777,4,1,0,47,0.02127659574468085,0.0,1.0,47,1250,700,550,0.56,18,7,11,310.4668748334658,0.4108464384828862,0.20113478083645875,0.17228352275437553,129227.86593967037,-1375.3873862516477,127852.47855341872,2749,0,624.7021276595744,39,8,17,37.91545009049621,0.6071047008547008,45.80729166666668,1016.7708333333353,26.07104700854706,0
2778,4,2,2,47,0.04081632653061224,0.04081632653061224,0.9591836734693877,49,1350,1000,350,0.7407407407407407,17,10,7,298.5916331806533,0.41576318027210885,0.19300052899741083,0.16707455505451818,129554.6392746914,-2063.2137345678957,127491.42554012351,2750,0,600.1632653061224,41,8,16,37.88653933606185,0.6072154471544715,45.486111111111114,1018.055555555556,24.830623306233072,0
2779,4,0,0,47,0.0,0.0,1.0,47,1050,700,350,0.6666666666666666,14,7,7,313.0182582066054,0.4116751464693185,0.2008792990008761,0.17428371206646018,129360.29188368074,-1301.5733506944248,128058.71853298631,2751,2,626.7021276595744,39,8,17,37.71631169363097,0.6084401709401709,45.67708333333334,1017.2916666666681,26.084401709401746,0
2780,4,0,0,47,0.0,0.0,1.0,47,950,600,350,0.631578947368421,13,6,7,313.0182582066054,0.4116751464693185,0.2008792990008761,0.17428371206646018,129360.29188368074,-1301.5733506944248,128058.71853298631,2752,3,627.7021276595744,39,8,17,37.71631169363097,0.6084401709401709,45.67708333333334,1017.2916666666681,26.084401709401746,0
2781,4,2,2,47,0.04081632653061224,0.04081632653061224,0.9591836734693877,49,1150,900,250,0.782608695652174,14,9,5,302.8026168944471,0.4166312358276644,0.20080710699234383,0.1704156535957738,129781.9834675771,-1940.335156053139,127841.64831152395,2753,0,603.0408163265306,41,8,16,37.549390679258764,0.6095020325203251,45.26289682539684,1018.9484126984147,24.85240030971743,0
2782,4,0,0,47,0.0,0.0,1.0,47,1450,900,550,0.6206896551724138,20,9,11,318.058334489053,0.411231884057971,0.1964184288353681,0.1784082809121906,129651.86767578173,-1152.6285807291224,128499.2390950526,2754,5,629.7021276595744,39,8,16,37.29256162422009,0.611378205128205,45.39062500000002,1018.4375000000039,26.11378205128215,0
2783,4,0,0,47,0.0,0.0,1.0,47,1450,1200,250,0.8275862068965517,17,12,5,358.9129702672184,0.41105843354918287,0.2602046374431213,0.18789279000174605,126892.02648652071,-289.9261697589711,126602.10031676175,2755,6,630.7021276595744,41,6,14,39.07460286201918,0.5802845528455283,48.115079365079374,1007.539682539684,24.57413859852888,6
2784,4,3,2,48,0.06,0.04,0.96,50,1150,900,250,0.782608695652174,14,9,5,345.5871404499688,0.4193452380952381,0.26012784823177615,0.18406642917211702,127591.41845703141,-1180.4219579179892,126410.99649911342,2756,0,593.8,39,11,15,38.693099804103525,0.5905448717948718,47.42187500000001,1010.3125000000013,25.90544871794875,0
2785,4,1,0,49,0.02040816326530612,0.0,1.0,49,950,400,550,0.42105263157894735,15,4,11,353.4920218248344,0.4188102324263039,0.2746166994716668,0.18821061702565506,127577.25180802097,-780.4918639053344,126796.75994411563,2757,0,606.8979591836735,38,11,16,38.507957910321494,0.5921052631578947,47.43589743589743,1010.2564102564097,26.585695006747624,0
2786,4,1,0,50,0.02,0.0,1.0,50,1050,700,350,0.6666666666666666,14,7,7,348.0496581747299,0.4222108843537415,0.27961479040065873,0.18659382281714293,127854.65630425367,-1100.046115451369,126754.6101888023,2758,0,595.74,39,11,17,38.36142153328526,0.593215811965812,47.16145833333334,1011.3541666666683,25.932158119658162,0
2787,4,2,1,51,0.038461538461538464,0.019230769230769232,0.9807692307692307,52,1500,1100,400,0.7333333333333333,19,11,8,339.36359224679904,0.42738185017596786,0.28319466744514266,0.18437588980831215,128388.03624260331,-1684.9702633187696,126703.06597928454,2759,0,573.7884615384615,38,14,17,38.036316677208525,0.6003289473684212,46.63461538461537,1013.4615384615364,26.670040485829904,0
2788,4,0,1,50,0.0,0.0196078431372549,0.9803921568627451,51,1650,1300,350,0.7878787878787878,20,13,7,344.5847987937314,0.42493464052287583,0.28258374647056717,0.18724263934453025,128394.44739006224,-1351.4450359726175,127043.00235408962,2760,1,586.0392156862745,37,14,17,37.8974854845108,0.602195945945946,46.628289473684205,1013.4868421052626,27.391536273115204,0
2789,4,1,1,50,0.0196078431372549,0.0196078431372549,0.9803921568627451,51,950,600,350,0.631578947368421,13,6,7,344.2429129220799,0.4255555555555555,0.2754641679680716,0.1877904442216312,128550.5013149244,-1349.4801939513545,127201.02112097305,2761,0,586.1960784313726,38,13,17,37.74691845764852,0.6019736842105263,46.47435897435897,1014.1025641025642,26.686909581646425,0
2790,4,1,0,51,0.0196078431372549,0.0,1.0,51,1850,1400,450,0.7567567567567568,23,14,9,340.9802719167215,0.4257843137254902,0.2816501741823696,0.1869538992281719,128751.69406467007,-1419.642469618059,127332.051595052,2762,0,587.1764705882352,39,12,18,37.624555236237995,0.6022970085470085,46.276041666666664,1014.8958333333327,26.022970085470067,0
2791,4,1,1,51,0.019230769230769232,0.019230769230769232,0.9807692307692307,52,1250,700,550,0.56,18,7,11,331.21307957754743,0.42749183006535946,0.28013558762143576,0.18343833585684058,129150.96391565882,-1844.7023022171843,127306.26161344165,2763,0,576.8653846153846,41,11,19,37.46624699069558,0.6031504065040652,45.882936507936506,1016.4682539682537,24.791908633372042,0
2792,4,0,0,51,0.0,0.0,1.0,51,1250,900,350,0.72,16,9,7,335.4737855360381,0.42676470588235293,0.283354209423448,0.1859138103444313,129175.56023407016,-1532.997161907608,127642.56307216255,2764,1,588.8039215686274,40,11,19,37.332966776633675,0.6049479166666667,45.85873983739837,1016.5650406504051,25.414126016260127,0
2793,4,1,1,51,0.019230769230769232,0.019230769230769232,0.9807692307692307,52,1350,1100,250,0.8148148148148148,16,11,5,332.72650654256586,0.42628205128205127,0.2989772256092882,0.18621531522588958,129563.26116233716,-1778.1711654768997,127785.08999686026,2765,0,578.4615384615385,40,12,18,37.009008784188474,0.6088541666666667,45.47764227642276,1018.0894308943084,25.45223577235771,0
2794,4,1,1,51,0.019230769230769232,0.019230769230769232,0.9807692307692307,52,850,400,450,0.47058823529411764,13,4,9,334.96568587649,0.42639988687782804,0.3011861180822577,0.18808745487619374,129692.62390318251,-1711.4842562297708,127981.13964695274,2766,0,579.1346153846154,40,12,18,36.82072898998969,0.6101562500000001,45.350609756097555,1018.5975609756088,25.46493902439022,0
2795,4,3,1,53,0.05555555555555555,0.018518518518518517,0.9814814814814815,54,1400,1100,300,0.7857142857142857,17,11,6,324.1550888280642,0.42790589331469836,0.30525142571848485,0.184575659768369,130237.85848957393,-2356.5470825070643,127881.31140706687,2767,0,558.6296296296297,42,12,20,36.54396873615594,0.6125992063492064,44.815891472868216,1020.736434108527,24.303248431155403,0
2796,4,0,1,52,0.0,0.018867924528301886,0.9811320754716981,53,1550,1300,250,0.8387096774193549,18,13,5,330.813537192548,0.4261611030478955,0.3092289968699782,0.18800849218428076,130163.68762581871,-1988.0180164954081,128175.6696093233,2768,1,570.1698113207547,42,11,20,36.44913430190231,0.6118551587301587,44.888565891472865,1020.4457364341081,24.296327057954954,0
2797,4,0,0,52,0.0,0.0,1.0,52,1300,800,500,0.6153846153846154,18,8,10,342.40192477991985,0.4252608094519859,0.316921505995706,0.19420402606243312,130085.41907793198,-1491.7004243827282,128593.71865354925,2769,2,582.0192307692307,41,11,20,36.232839800317684,0.6125508130081301,44.96527777777777,1020.1388888888879,24.881436314363118,0
2798,4,1,0,53,0.018867924528301886,0.0,1.0,53,1150,700,450,0.6086956521739131,16,7,9,335.63276819049713,0.4265844218674408,0.3162997629419668,0.19177009152020125,130371.67302441761,-1848.1166447512394,128523.55637966638,2770,0,572.0188679245283,38,15,22,36.115615301461105,0.6203399122807016,44.68482905982907,1021.2606837606853,26.875281151596983,0
2799,4,0,1,52,0.0,0.018867924528301886,0.9811320754716981,53,1700,1400,300,0.8235294117647058,20,14,6,337.49289507783453,0.42628205128205127,0.3201969495893675,0.19361434507096842,130528.56445312513,-1789.507378472206,128739.05707465293,2771,1,573.0188679245283,39,14,17,35.90936119605845,0.6201923076923077,44.53125000000001,1021.875000000001,26.2019230769231,0
2800,4,1,2,51,0.018867924528301886,0.03773584905660377,0.9622641509433962,53,1650,1200,450,0.7272727272727273,21,12,9,336.0831939995446,0.42661465892597966,0.3217368407902348,0.1937362721957449,130714.91021050377,-1813.783094618022,128901.12711588576,2772,0,573.7547169811321,39,14,17,35.75695647006894,0.6220619658119657,44.34895833333335,1022.604166666669,26.22061965811972,0
2801,4,0,1,50,0.0,0.0196078431372549,0.9803921568627451,51,800,400,400,0.5,12,4,8,349.28754981965085,0.4215359477124183,0.3229031816698764,0.19973072600184477,130402.54122662758,-1090.403176939039,129312.13804968854,2773,6,597.2156862745098,37,14,22,35.73570853462158,0.622466216216216,44.654605263157904,1021.3815789473698,27.604907539118102,0
2802,4,1,0,51,0.0196078431372549,0.0,1.0,51,900,500,400,0.5555555555555556,13,5,8,346.3428495603525,0.4223529411764706,0.3227765580706756,0.19933955119140315,130654.64854570659,-1149.7393428747068,129504.90920283188,2774,0,596.0,37,14,18,35.55564493064494,0.6249999999999998,44.40789473684212,1022.3684210526333,27.631578947368467,0
2803,4,1,2,50,0.019230769230769232,0.038461538461538464,0.9615384615384616,52,1350,800,550,0.5925925925925926,19,8,11,320.54303891238294,0.42596782302664654,0.25394535124898554,0.1764020723821048,128898.98667800453,-2091.3914544349614,126807.59522356956,2775,0,585.5192307692307,41,11,18,37.99335677999217,0.600609756097561,46.13095238095238,1015.4761904761904,24.76771196283391,8
2804,4,0,0,50,0.0,0.0,1.0,50,2150,1800,350,0.8372093023255814,25,18,7,329.6805121715805,0.42267857142857146,0.2654310603784922,0.1808083072519261,128762.65290377752,-1509.892528422235,127252.76037535528,2776,1,609.62,40,10,18,37.90010346784153,0.60078125,46.265243902439025,1014.9390243902438,25.373475609756095,0
2805,4,0,1,49,0.0,0.02,0.98,50,1200,800,400,0.6666666666666666,16,8,8,331.3344335995882,0.4222193877551021,0.2707656891202086,0.18218835036287745,128865.8177692675,-1460.4634518144105,127405.35431745308,2777,2,610.62,40,10,18,37.753144496713716,0.6018229166666667,46.163617886178855,1015.3455284552834,25.383638211382085,0
2806,4,0,0,49,0.0,0.0,1.0,49,1250,800,450,0.64,17,8,9,338.17661505349196,0.42029832766439906,0.2700251271679841,0.1858297241135525,128840.02267995238,-1085.8634493357172,127754.15923061666,2778,3,623.795918367347,40,9,18,37.60573073073071,0.6015625,46.1890243902439,1015.2439024390242,25.381097560975604,0
2807,4,2,0,51,0.0392156862745098,0.0,1.0,51,950,700,250,0.7368421052631579,12,7,5,328.4324482481166,0.4260947712418301,0.26880716444283825,0.18274318274318263,129333.8012695311,-1702.9984080269205,127630.80286150418,2779,0,600.2941176470588,39,12,20,37.35119047619048,0.608173076923077,45.70312499999999,1017.1874999999989,26.08173076923074,0
2808,4,0,0,51,0.0,0.0,1.0,51,1200,800,400,0.6666666666666666,16,8,8,327.11820764648564,0.4263888888888889,0.26485942928712136,0.1825024426326965,129439.78000217001,-1731.578233506953,127708.20176866306,2780,1,601.2941176470588,39,12,13,37.27703705599346,0.6092414529914532,45.59895833333333,1017.6041666666656,26.092414529914503,0
2809,4,2,3,50,0.03773584905660377,0.05660377358490566,0.9433962264150944,53,1700,1100,600,0.6470588235294118,23,11,12,316.6879903569057,0.43010703918722787,0.2710446133788129,0.17884457039962456,129916.60399202285,-2371.394353554463,127545.20963846838,2781,0,579.566037735849,42,11,14,37.05941292019135,0.609375,45.13081395348838,1019.4767441860475,24.27325581395351,0
2810,4,1,1,50,0.0196078431372549,0.0196078431372549,0.9803921568627451,51,1300,1000,300,0.7692307692307693,16,10,6,320.830670754231,0.4240359477124183,0.22080556360475234,0.17602331395434842,128778.12500000001,-1913.3319061354475,126864.79309386457,2782,0,603.1960784313726,44,7,14,38.10892172961138,0.5951704545454546,46.25,1015.0000000000001,23.06818181818182,7
2811,4,0,0,50,0.0,0.0,1.0,50,1250,900,350,0.72,16,9,7,327.0800846513698,0.4217431972789116,0.22740298507462664,0.1796259481282114,128816.57483930225,-1573.3327594122927,127243.24207988995,2783,1,616.1,43,7,15,37.9112251243781,0.5968992248062015,46.21212121212122,1015.1515151515163,23.608174770965494,0
2812,4,1,2,49,0.0196078431372549,0.0392156862745098,0.9607843137254902,51,1100,600,500,0.5454545454545454,16,6,10,321.189773372217,0.42493464052287583,0.22423309978324646,0.17737369819896043,129036.7037465709,-1910.9460733881806,127125.75767318271,2784,0,605.0,44,7,15,37.837001427746905,0.5977746212121211,45.99537037037038,1016.0185185185205,23.09132996633001,0
2813,4,1,1,49,0.02,0.02,0.98,50,900,500,400,0.5555555555555556,13,5,8,324.21701282160075,0.42279761904761903,0.23198942859746663,0.1790454595717878,129036.70374657057,-1632.8210733882095,127403.88267318235,2785,0,617.7,44,6,15,37.760108144232824,0.5977746212121213,45.99537037037037,1016.0185185185179,23.09132996632995,0
2814,4,3,3,49,0.057692307692307696,0.057692307692307696,0.9423076923076923,52,1100,900,200,0.8181818181818182,13,9,4,309.63429344364204,0.4247894670688788,0.23452663822965247,0.17297034230417185,129490.37606175404,-2380.7527080569907,127109.62335369705,2786,0,594.8846153846154,43,9,12,37.67057437042552,0.6036821705426356,45.54924242424243,1017.8030303030314,23.669837914023987,0
2815,4,0,1,48,0.0,0.02040816326530612,0.9795918367346939,49,1650,1100,550,0.6666666666666666,22,11,11,331.76015105702714,0.4203691893424036,0.22190193509622258,0.1836401083700397,129129.19253795042,-1232.0159155475326,127897.1766224029,2787,5,632.3061224489796,43,6,16,37.47447513897945,0.6000484496124032,45.904356060606055,1016.382575757575,23.636804087385464,2
2816,4,0,0,48,0.0,0.0,1.0,48,1050,500,550,0.47619047619047616,16,5,11,342.3138941144854,0.41743314125295505,0.24129098360655776,0.18982861400894177,129201.38888888882,-754.4735350665846,128446.91535382223,2788,6,646.2291666666666,40,8,17,37.13285519125682,0.6052083333333333,45.83333333333333,1016.6666666666661,25.41666666666665,0
2817,4,1,1,48,0.02040816326530612,0.02040816326530612,0.9795918367346939,49,1100,700,400,0.6363636363636364,15,7,8,336.3291269108445,0.41969600340136054,0.24284520825874245,0.18794862974429535,129504.14540816311,-1088.7967687075002,128415.34863945561,2789,0,634.0204081632653,41,8,14,36.977339181286546,0.6067073170731708,45.53571428571428,1017.8571428571416,24.825783972125407,0
2818,4,1,0,49,0.02040816326530612,0.0,1.0,49,1250,1100,150,0.88,14,11,3,332.8979752646249,0.41941255668934235,0.2413451682042682,0.18693501687936612,129694.42942130867,-1164.9974085091221,128529.43201279955,2790,0,635.0,42,7,15,36.87155156012176,0.6071428571428572,45.34883720930232,1018.6046511627894,24.25249169435213,0
2819,4,0,0,49,0.0,0.0,1.0,49,1250,800,450,0.64,17,8,9,333.0665667070099,0.41918225623582767,0.2388319785459112,0.1876197687229576,129817.83626472251,-1152.403795595235,128665.43246912728,2791,1,636.0,42,7,16,36.74210009191468,0.6083829365079365,45.227713178294564,1019.0891472868203,24.264027316352866,0
2820,4,0,1,48,0.0,0.02040816326530612,0.9795918367346939,49,1100,900,200,0.8181818181818182,13,9,4,333.30198474147033,0.41918225623582767,0.23871966118260324,0.18858441330210918,129990.70443482952,-1134.7680427859023,128855.93639204362,2792,2,637.0,42,7,16,36.56087672621309,0.6101190476190477,45.058139534883715,1019.7674418604641,24.280177187153907,0
2821,4,1,0,49,0.02040816326530612,0.0,1.0,49,1000,700,300,0.7,13,7,6,339.4871418229547,0.42070578231292516,0.26480440181785325,0.19382600182238918,130342.35161675338,-949.2374247552203,129393.11419199816,2793,0,637.2448979591836,39,10,18,36.04689465809788,0.6183226495726496,44.713541666666664,1021.1458333333326,26.183226495726476,0
2822,4,0,0,49,0.0,0.0,1.0,49,1050,600,450,0.5714285714285714,15,6,9,338.8733857421936,0.42052862811791386,0.2649128173753441,0.1940064970212313,130448.74267578125,-958.8785807291649,129489.86409505208,2794,1,638.2448979591836,39,10,18,35.95486642194352,0.6193910256410255,44.609375,1021.5625,26.193910256410255,0
2823,4,0,0,49,0.0,0.0,1.0,49,1650,1000,650,0.6060606060606061,23,10,13,336.74727704420854,0.4197314342403628,0.26085944207569955,0.19411908507005293,130714.91021050377,-996.4219835069091,129718.48822699687,2795,2,639.2448979591836,39,10,15,35.73997911785679,0.6220619658119657,44.34895833333335,1022.604166666669,26.22061965811972,0
2824,4,0,0,49,0.0,0.0,1.0,49,950,600,350,0.631578947368421,13,6,7,338.6461465861396,0.4198022959183674,0.2618846683101834,0.19534828831860923,130741.54188368095,-944.9761284721828,129796.56575520877,2796,3,640.2448979591836,39,10,15,35.66451076254498,0.6223290598290596,44.322916666666686,1022.7083333333366,26.22329059829068,0
2825,4,0,0,49,0.0,0.0,1.0,49,1600,1100,500,0.6875,21,11,10,334.97485276520104,0.419625141723356,0.25915610582731285,0.19382338032414084,130859.79327781107,-1033.0520027761045,129826.74127503496,2797,4,641.2448979591836,40,9,15,35.638905442987685,0.6218749999999998,44.20731707317074,1023.170731707319,25.579268292682976,0
2826,4,0,0,49,0.0,0.0,1.0,49,1100,700,400,0.6363636363636364,15,7,8,335.781003578079,0.4193948412698412,0.2569163473986831,0.19494651579492764,130989.80150910531,-1003.2225981558336,129986.57891094948,2798,5,642.2448979591836,40,9,16,35.48698666401933,0.6231770833333332,44.08028455284554,1023.6788617886201,25.591971544715502,0
2827,4,0,0,49,0.0,0.0,1.0,49,1050,500,550,0.47619047619047616,16,5,11,335.87747380080697,0.41918225623582767,0.25526098920568274,0.1957957812861965,131145.8965913975,-990.2095107078942,130155.6870806896,2799,6,643.2448979591836,40,9,17,35.32695869299203,0.6247395833333333,43.92784552845529,1024.2886178861804,25.60721544715451,0
2828,4,1,2,48,0.02,0.04,0.96,50,1250,800,450,0.64,17,8,9,330.25624425483807,0.4219897959183674,0.2553801923267571,0.19356738732124087,131354.1679576477,-1323.7666484896363,130030.40130915807,2800,0,631.36,40,10,17,35.26093817124352,0.6268229166666666,43.72459349593497,1025.1016260162614,25.627540650406537,0
2829,4,0,0,48,0.0,0.0,1.0,48,1550,1100,450,0.7096774193548387,20,11,9,343.2364209660181,0.4184212470449173,0.26371744602575253,0.20063887901290353,131251.87119118503,-589.9154974489542,130661.95569373608,2801,8,656.4166666666666,41,7,17,35.031525317068464,0.6242378048780487,43.82440476190477,1024.7023809523826,24.9927409988386,0
2830,4,1,2,47,0.02040816326530612,0.04081632653061224,0.9591836734693877,49,1550,1200,350,0.7741935483870968,19,12,7,318.0793034326053,0.42116638321995464,0.2007438027954822,0.18642730813211045,131353.5478572214,-1443.7867102859836,129909.7611469354,2802,0,644.0,41,8,14,35.57362737507661,0.6252540650406504,43.725198412698404,1025.099206349205,25.00241966705378,5
2831,4,0,1,46,0.0,0.02127659574468085,0.9787234042553191,47,1100,600,500,0.5454545454545454,16,6,10,334.251115999993,0.4182662658032686,0.16327640873505,0.1863319695652524,129408.11107806217,-680.4187051986685,128727.6923728635,2803,10,663.0425531914893,40,7,17,37.12773838060996,0.6072916666666666,45.63008130081302,1017.4796747967492,25.43699186991873,8
2832,4,1,0,47,0.02127659574468085,0.0,1.0,47,1400,1200,200,0.8571428571428571,16,12,4,333.46413229453384,0.4215040086339809,0.17744078162734334,0.1876156784727834,129770.27253123155,-745.2537345495285,129025.01879668202,2804,0,660.4042553191489,40,7,14,36.78020480085112,0.6109374999999999,45.274390243902445,1018.9024390243914,25.472560975609785,0
2833,4,0,1,46,0.0,0.02127659574468085,0.9787234042553191,47,1450,1100,350,0.7586206896551724,18,11,7,333.46441234621113,0.420713845205057,0.17536751447784282,0.18811293902320045,129873.84018276188,-738.3392408618945,129135.50094189998,2805,1,661.4042553191489,40,7,14,36.67518278497839,0.6119791666666665,45.17276422764229,1019.3089430894332,25.48272357723583,0
2834,4,0,0,46,0.0,0.0,1.0,46,1150,1000,150,0.8695652173913043,13,10,3,338.4059177572294,0.41969605475040256,0.1742595191983083,0.19124232811823133,129943.7717013891,-405.2517361110877,129538.519965278,2806,2,659.5652173913044,39,7,15,36.478340825500624,0.6143162393162392,45.10416666666668,1019.5833333333351,26.143162393162438,0
2835,4,0,1,45,0.0,0.021739130434782608,0.9782608695652174,46,1350,1100,250,0.8148148148148148,16,11,5,338.5411203191084,0.4194545088566828,0.1664813101364193,0.19074682496892945,129826.69850107744,-409.2741834228286,129417.42431765462,2807,3,660.5652173913044,38,8,13,36.5936331551176,0.6148574561403508,45.21901709401709,1019.1239316239311,26.819050832208713,1
2836,4,0,0,45,0.0,0.0,1.0,45,1000,400,600,0.4,16,4,12,347.5319896720983,0.417739898989899,0.17439244516167585,0.1958950784719315,129843.17440221974,24.93134906892351,129868.10575128866,2808,4,675.8666666666667,37,8,13,36.34783485745024,0.6168355855855856,45.20285087719297,1019.1885964912267,27.545637743006125,0
2837,4,1,0,46,0.021739130434782608,0.0,1.0,46,1050,800,250,0.7619047619047619,13,8,5,358.1112173651879,0.4213063607085346,0.20174598479833605,0.19705692121325052,128895.01006319259,33.102372845502856,128928.11243603809,2809,0,662.1521739130435,37,9,15,37.0436732894216,0.6072635135135135,46.13486842105264,1015.46052631579,27.44487908961595,3
2838,4,0,0,46,0.0,0.0,1.0,46,1100,700,400,0.6363636363636364,15,7,8,361.2695552138354,0.4207125603864734,0.20038143763987204,0.19963535886503353,129062.0807003116,125.24009791473773,129187.32079822634,2810,1,663.1521739130435,37,9,16,36.793078486385376,0.6089527027027027,45.9703947368421,1016.1184210526313,27.462660028449495,0
2839,4,2,2,46,0.041666666666666664,0.041666666666666664,0.9583333333333334,48,1350,900,450,0.6666666666666666,18,9,9,342.25778427652676,0.424894725177305,0.19207764952780693,0.19164022821123952,129581.83235627136,-729.8466917367247,128851.98566453464,2811,0,636.4791666666666,38,10,12,36.74755159146555,0.6123903508771931,45.4594017094017,1018.1623931623924,26.79374718848401,0
2840,4,1,1,46,0.02127659574468085,0.02127659574468085,0.9787234042553191,47,700,600,100,0.8571428571428571,8,6,2,351.03578329369793,0.42335414739438787,0.1910491562729275,0.19576995606763928,129424.43828870429,-313.4781855955606,129110.96010310872,2812,0,651.0,37,10,16,36.68417744252873,0.6126126126126126,45.6140350877193,1017.5438596491233,27.501185395922253,0
2841,4,0,0,46,0.0,0.0,1.0,46,1200,700,500,0.5833333333333334,17,7,10,360.5433600844277,0.42051127214170697,0.19613657206010315,0.1961873669205726,128450.01737313383,62.36017332253965,128512.37754645637,2813,4,666.1521739130435,37,9,14,37.43633946277267,0.6027590090090091,46.57346491228069,1013.7061403508754,27.397463252726364,1
2842,4,1,0,47,0.02127659574468085,0.0,1.0,47,1200,600,600,0.5,18,6,12,360.8278587541055,0.4230265186555658,0.21801475159852646,0.1991598249252287,129016.12548828124,-89.47753906250045,128926.64794921874,2814,0,652.9574468085107,39,8,15,36.85116118117504,0.6049679487179487,46.015625,1015.9374999999999,26.049679487179485,0
2843,4,1,0,48,0.020833333333333332,0.0,1.0,48,1050,800,250,0.7619047619047619,13,8,5,351.4335668671338,0.42525487588652483,0.22767060367454062,0.19609869504449023,129445.8954840565,-501.40760473167944,128944.48787932482,2815,0,640.3333333333334,38,10,15,36.652230971128596,0.6110197368421053,45.592948717948715,1017.6282051282049,26.77968960863697,0
2844,4,1,0,49,0.02040816326530612,0.0,1.0,49,1650,1000,650,0.6060606060606061,23,10,13,346.75621750794016,0.42678217120181405,0.24634913221520782,0.1959613081390137,129943.77170138879,-788.2378472222287,129155.53385416656,2816,0,628.2448979591836,39,10,16,36.265495164146586,0.6143162393162394,45.104166666666664,1019.5833333333325,26.14316239316237,0
2845,4,0,0,49,0.0,0.0,1.0,49,2250,1700,550,0.7555555555555555,28,17,11,346.54290889776803,0.4264278628117914,0.23895512871270563,0.19664201910456208,130103.13042534732,-782.7365451388799,129320.39388020844,2817,1,629.2448979591836,39,10,17,36.10926757878973,0.6159188034188035,44.94791666666667,1020.2083333333342,26.159188034188055,0
2846,4,1,2,48,0.02,0.04,0.96,50,1450,1100,350,0.7586206896551724,18,11,7,339.1240810871021,0.4288010204081633,0.2378029850746275,0.19386786205491321,130392.29811124323,-1156.166344437836,129236.1317668054,2818,0,617.64,40,10,17,36.005597014925385,0.6171875,44.66463414634146,1021.3414634146335,25.533536585365837,0
2847,4,0,0,48,0.0,0.0,1.0,48,1250,800,450,0.64,17,8,9,344.1996564873691,0.4241559544917258,0.22025890775890833,0.19162617138145494,129356.41503899777,-679.8048243439914,128676.61021465379,2819,3,643.1458333333334,40,8,18,36.927239427239435,0.6067708333333335,45.68089430894308,1017.2764227642263,25.431910569105657,5
2848,4,2,0,50,0.04,0.0,1.0,50,1150,700,450,0.6086956521739131,16,7,9,339.14708719576856,0.42766156462585037,0.24724042937209112,0.1922564020953068,130064.8260039207,-1177.7786228291948,128887.0473810915,2820,0,618.38,42,8,16,36.336721446439306,0.6108630952380953,44.98546511627905,1020.0581395348809,24.287098560354305,0
2849,4,1,1,50,0.0196078431372549,0.0196078431372549,0.9803921568627451,51,1300,900,400,0.6923076923076923,17,9,8,336.3124518236034,0.42959150326797385,0.25868771075309116,0.1920038361320208,130340.40584308276,-1432.5290137769996,128907.87682930575,2821,0,607.2352941176471,40,11,17,36.12990976645434,0.6166666666666667,44.71544715447154,1021.1382113821134,25.528455284552834,0
2850,4,0,0,50,0.0,0.0,1.0,50,1600,1200,400,0.75,20,12,8,335.85597134508464,0.4287414965986394,0.2652116504854367,0.19261227755313862,130515.89269967239,-1233.0916162761455,129282.80108339625,2822,1,619.6,41,9,15,35.963996763754054,0.6168699186991871,44.54365079365079,1021.8253968253962,24.922570654277955,0
2851,4,2,0,52,0.038461538461538464,0.0,1.0,52,1650,1200,450,0.7272727272727273,21,12,9,328.04885494919233,0.432912267471091,0.28595743015885455,0.1908118487663053,131061.33355034716,-1801.0959201388935,129260.23763020827,2823,0,596.7307692307693,43,9,17,35.612707697524584,0.6194282945736435,44.010416666666664,1023.9583333333328,23.81298449612402,0
2852,4,0,0,52,0.0,0.0,1.0,52,1700,1200,500,0.7058823529411765,22,12,10,324.5103030261617,0.4327630090497738,0.2823901606711223,0.18958971267511165,131231.0785410927,-1882.8325872359997,129348.24595385669,2824,1,597.7307692307693,43,9,17,35.532193468884785,0.6211240310077519,43.84469696969697,1024.6212121212118,23.828400281888648,0
2853,4,0,0,52,0.0,0.0,1.0,52,1600,1200,400,0.75,20,12,8,323.5507964835746,0.432378079436903,0.27814258911819856,0.18950832365466497,131328.12499999988,-1901.6285009182886,129426.4964990816,2825,2,598.7307692307693,40,12,17,35.4590108401084,0.6265625000000001,43.74999999999999,1024.999999999999,25.62499999999998,0
2854,4,1,0,53,0.018867924528301886,0.0,1.0,53,1450,700,750,0.4827586206896552,22,7,15,320.1492778354987,0.4325260038703435,0.2799544718294451,0.1890196421193147,131633.36167800426,-2171.5348639456015,129461.82681405866,2826,0,588.4150943396227,41,12,15,35.23902745552978,0.628048780487805,43.45238095238094,1026.190476190474,25.02903600464571,0
2855,4,0,0,53,0.0,0.0,1.0,53,1200,700,500,0.5833333333333334,17,7,10,321.6342739185125,0.43237481857764876,0.28599244845459504,0.19053194623827613,131760.64819735757,-2124.2519172020743,129636.3962801555,2827,1,589.4150943396227,41,12,16,35.07293377782072,0.629319105691057,43.32837301587301,1026.6865079365073,25.041134339914812,0
2856,4,0,0,53,0.0,0.0,1.0,53,1700,1200,500,0.7058823529411765,22,12,10,317.1060804497037,0.432253870343493,0.2805578342904025,0.18878583778822036,131949.619210459,-2231.5946870680955,129718.02452339091,2828,2,590.4150943396227,42,11,17,34.99933195007702,0.6297123015873016,43.144379844961236,1027.4224806201541,24.462440014765576,0
2857,4,0,2,51,0.0,0.03773584905660377,0.9622641509433962,53,1150,800,350,0.6956521739130435,15,8,7,319.3124259217552,0.4325562409288824,0.2827591849511941,0.19072444899650776,132074.09410492147,-2165.4201219878723,129908.6739829336,2829,3,591.4150943396227,42,11,18,34.81766905480141,0.630952380952381,43.02325581395348,1027.9069767441852,24.473975636766312,0
2858,4,0,0,51,0.0,0.0,1.0,51,1350,1200,150,0.8888888888888888,15,12,3,326.4721490679106,0.428921568627451,0.2840024147869751,0.1949612643511593,132066.3868122477,-1576.8005755543252,130489.58623669339,2830,4,606.0588235294117,41,10,18,34.6414237686195,0.632367886178862,43.030753968253954,1027.8769841269816,25.070170344560527,0
2859,4,1,2,50,0.019230769230769232,0.038461538461538464,0.9615384615384616,52,1100,800,300,0.7272727272727273,14,8,6,315.54811319580824,0.43006064605329314,0.22854548617907366,0.1888483377958671,132148.8072099785,-2058.8911839730554,130089.91602600543,2831,0,595.3846153846154,42,10,17,34.83943549147111,0.6316964285714286,42.95058139534884,1028.1976744186056,24.4808970099668,1
2860,4,0,0,50,0.0,0.0,1.0,50,1800,1200,600,0.6666666666666666,24,12,12,328.6614169294574,0.4278571428571429,0.22768488125120667,0.19587312753482847,131989.91894211384,-1324.0012440161302,130665.9176980977,2832,6,619.88,41,9,17,34.66201647679732,0.6316056910569106,43.10515873015873,1027.5793650793648,25.062911343399144,0
2861,4,0,0,50,0.0,0.0,1.0,50,1400,1000,400,0.7142857142857143,18,10,8,331.641368784679,0.42795918367346936,0.233341053850608,0.19818153767859553,132091.88102324272,-1238.573554421755,130853.30746882096,2833,7,620.88,41,9,17,34.482966608762794,0.6326219512195121,43.00595238095239,1027.9761904761913,25.072590011614423,0
2862,4,0,0,50,0.0,0.0,1.0,50,1400,1200,200,0.8571428571428571,16,12,4,338.7568159891669,0.42757653061224493,0.24466525178468124,0.20297995112969366,132193.8824719701,-1043.6842561098656,131150.19821586023,2834,8,621.88,41,9,17,34.19753681908805,0.6336382113821138,42.906746031746025,1028.3730158730145,25.082268679829625,0
2863,4,0,0,50,0.0,0.0,1.0,50,1650,1300,350,0.7878787878787878,20,13,7,342.59543123253377,0.42671768707482993,0.2519907452038952,0.20625318677742716,132372.47973552835,-929.9586443373735,131442.52109119098,2835,9,622.88,41,9,17,33.91928966226421,0.6354166666666666,42.73313492063492,1029.0674603174596,25.09920634920633,0
2864,4,0,0,50,0.0,0.0,1.0,50,1800,1500,300,0.8333333333333334,21,15,6,340.52475326494783,0.42639455782312924,0.256033994334278,0.20573023601899387,132505.23003472202,-975.7329262723811,131529.49710844964,2836,10,623.88,39,11,17,33.83920140294078,0.6399572649572651,42.60416666666666,1029.5833333333317,26.399572649572608,0
2865,4,0,2,48,0.0,0.04,0.96,50,800,600,200,0.75,10,6,4,340.52475326494783,0.4261139455782313,0.256033994334278,0.20573023601899387,132505.23003472202,-975.7378472222422,131529.49218749977,2837,11,624.88,39,11,17,33.83920140294078,0.6399572649572651,42.60416666666666,1029.5833333333317,26.399572649572608,0
2866,4,0,1,47,0.0,0.020833333333333332,0.9791666666666666,48,1150,700,450,0.6086956521739131,16,7,9,345.103275458348,0.4234264184397163,0.2544457654558334,0.20834793349754743,132478.4193250867,-456.2527126736213,132022.16661241307,2838,12,649.3125,39,9,17,33.7482925225134,0.639690170940171,42.63020833333333,1029.4791666666658,26.39690170940169,0
2867,4,1,0,48,0.020833333333333332,0.0,1.0,48,1200,800,400,0.6666666666666666,16,8,8,344.63687822694146,0.42721261820330975,0.2570005895233285,0.20985734831111277,132800.32687717004,-446.421983506954,132353.90489366307,2839,0,632.7083333333334,39,9,17,33.43702627589691,0.6428952991452992,42.31770833333333,1030.7291666666658,26.42895299145297,0
2868,4,0,0,48,0.0,0.0,1.0,48,1100,400,700,0.36363636363636365,18,4,14,345.9110357675823,0.42741578014184395,0.2541052250614415,0.21154201143513507,132961.42713758696,-401.43500434025833,132559.9921332467,2840,1,633.7083333333334,39,9,17,33.242538632461375,0.6444978632478633,42.16145833333334,1031.354166666668,26.44497863247867,0
2869,4,0,0,48,0.0,0.0,1.0,48,800,600,200,0.75,10,6,4,345.7674342060577,0.42728649527186763,0.25429627011378164,0.21160625052585796,132988.28667534716,-403.39626736111734,132584.89040798604,2841,2,634.7083333333334,39,9,17,33.21929913148858,0.6447649572649572,42.135416666666664,1031.458333333333,26.447649572649564,0
2870,4,0,0,48,0.0,0.0,1.0,48,1300,900,400,0.6923076923076923,17,9,8,347.533158607206,0.4267508865248227,0.2589520036337942,0.21345387491144394,133122.62505425356,-347.0947265624942,132775.53032769106,2842,3,635.7083333333334,39,9,17,33.03903384812086,0.6461004273504274,42.005208333333336,1031.9791666666672,26.461004273504287,0
2871,4,0,0,48,0.0,0.0,1.0,48,1050,700,350,0.6666666666666666,14,7,7,345.94906122814723,0.4265938977541371,0.2573368651194079,0.21294131656962356,133203.2606336806,-383.69140624999386,132819.5692274306,2843,4,636.7083333333334,39,9,17,32.99907500840902,0.6469017094017094,41.927083333333336,1032.291666666667,26.4690170940171,0
2872,4,0,1,47,0.0,0.020833333333333332,0.9791666666666666,48,1700,1400,300,0.8235294117647058,20,14,6,347.70832041664096,0.42665854018912525,0.2612450787401577,0.21436386744132715,133262.2777447286,-332.7194460969048,132929.5582986317,2844,5,637.7083333333334,40,8,18,32.894520997375324,0.6458333333333334,41.86991869918699,1032.5203252032516,25.81300813008129,0
2873,4,0,0,47,0.0,0.0,1.0,47,1000,800,200,0.8,12,8,4,355.85068045136063,0.42551264261486277,0.26836153459540935,0.2193836719287516,133262.27774472878,84.29444279199771,133346.57218752077,2845,6,650.1063829787234,40,7,18,32.684342191601054,0.6458333333333333,41.869918699187,1032.520325203253,25.81300813008132,0
2874,4,0,0,47,0.0,0.0,1.0,47,1550,1200,350,0.7741935483870968,19,12,7,357.53124147415735,0.425127197039778,0.27513907434460294,0.22135582221840955,133419.72061107805,140.34366944279463,133560.06428052083,2846,7,651.1063829787234,40,7,18,32.48307266050233,0.6473958333333334,41.71747967479675,1033.1300813008131,25.82825203252033,0
2875,4,2,2,47,0.04081632653061224,0.04081632653061224,0.9591836734693877,49,1500,1100,400,0.7333333333333333,19,11,8,341.8075360244372,0.4271896258503401,0.2629399585921324,0.21440654532441966,133903.125,-646.1495720140108,133256.97542798598,2847,0,625.4897959183673,39,10,14,32.40573000536769,0.653846153846154,41.25,1035.0,26.53846153846154,0
2876,4,0,0,47,0.0,0.0,1.0,47,850,500,350,0.5882352941176471,12,5,7,354.5699442403472,0.42445266728337955,0.27117336059192687,0.22067590787077423,133613.88991083775,75.09389908430995,133688.98380992207,2848,9,653.1063829787234,37,10,19,32.36502191819562,0.6545608108108109,41.52960526315788,1033.8815789473667,27.94274537695586,0
2877,4,0,0,47,0.0,0.0,1.0,47,1000,500,500,0.5,15,5,10,353.972551261915,0.4245104841196423,0.2693832246304064,0.22064211043959792,133670.57802641182,63.1431065327597,133733.72113294457,2849,10,654.1063829787234,37,10,19,32.32369755769977,0.655123873873874,41.474780701754376,1034.1008771929812,27.94867235656706,0
2878,4,0,0,47,0.0,0.0,1.0,47,1000,600,400,0.6,14,6,8,350.77522562474775,0.42418285538082023,0.2673321004665037,0.21890931585343307,133714.5195855034,-19.251844618060545,133695.26774088535,2850,11,655.1063829787234,39,8,15,32.36237704367677,0.6519764957264957,41.432291666666664,1034.270833333333,26.51976495726495,0
2879,4,0,0,47,0.0,0.0,1.0,47,1250,1000,250,0.8,15,10,5,350.01287938788874,0.42410576626580326,0.25756780777179356,0.21939293102325994,133876.17323133664,-28.32302517362882,133847.850206163,2851,12,656.1063829787234,39,8,16,32.22036990437845,0.6535790598290598,41.27604166666666,1034.895833333332,26.53579059829056,0
2880,4,0,1,46,0.0,0.02127659574468085,0.9787234042553191,47,1200,700,500,0.5833333333333334,17,7,10,350.8512298296599,0.42402867715078635,0.25169277272211565,0.22056359097261158,133983.99658203113,1.689995659708984,133985.68657769085,2852,13,657.1063829787234,39,8,16,32.090858402924496,0.6546474358974359,41.17187499999999,1035.312499999999,26.546474358974336,0
2881,4,0,0,46,0.0,0.0,1.0,46,1400,900,500,0.6428571428571429,19,9,10,359.9819241906516,0.4222222222222222,0.26524429894387547,0.22706732303372568,134107.77043839928,455.27465026661986,134563.0450886659,2853,14,670.0434782608696,38,8,16,31.73070311156954,0.6576206140350878,41.05235042735042,1035.790598290597,27.257647323436764,0
2882,4,1,0,47,0.02127659574468085,0.0,1.0,47,1400,900,500,0.6428571428571429,19,9,10,353.83484848064404,0.42333487511563367,0.2692755698515663,0.22507513844247998,134415.72401258672,112.19346788193576,134527.91748046866,2854,0,656.7659574468086,39,8,17,31.58222417545623,0.6589209401709402,40.75520833333333,1036.979166666666,26.589209401709386,0
2883,4,0,1,46,0.0,0.02127659574468085,0.9787234042553191,47,1500,1100,400,0.7333333333333333,19,11,8,351.67284844685474,0.4230072463768116,0.26702431193382536,0.22470494023312523,134579.22299409434,65.70737210007138,134644.9303661944,2855,1,657.7659574468086,37,10,17,31.475109197224285,0.6641328828828829,40.59758771929825,1037.609649122807,28.043504030346135,0
2884,4,0,1,45,0.0,0.021739130434782608,0.9782608695652174,46,950,700,250,0.7368421052631579,12,7,5,356.0321078839569,0.42009863123993557,0.27219594776159495,0.22679525612450482,134467.66107823802,374.9609631821156,134842.62204142014,2856,2,672.7173913043479,38,8,17,31.47339822826535,0.6611842105263158,40.705128205128204,1037.179487179487,27.294197031039133,0
2885,4,0,0,45,0.0,0.0,1.0,45,1150,700,450,0.6086956521739131,16,7,9,362.39548287761244,0.41948653198653196,0.2811212142571835,0.23065521379922344,134437.0443309481,743.8755193905895,135180.9198503387,2857,3,688.0,37,8,18,31.338989920349608,0.6627252252252251,40.73464912280702,1037.0614035087726,28.02868658131818,0
2886,4,0,0,45,0.0,0.0,1.0,45,1200,900,300,0.75,15,9,6,362.20899199636403,0.4192550505050505,0.282286089978397,0.23161796623335087,134607.66774392143,751.2215297014661,135358.8892736229,2858,4,689.0,37,8,18,31.17339391377853,0.6644144144144144,40.5701754385965,1037.7192982456156,28.046467520151772,0
2887,4,0,0,45,0.0,0.0,1.0,45,800,500,300,0.625,11,5,6,360.48187095728156,0.4190867003367003,0.28224217878734503,0.23069377340166813,134636.11549948066,706.775762734693,135342.89126221536,2859,5,690.0,37,8,18,31.189800140869874,0.6646959459459458,40.54276315789474,1037.8289473684215,28.04943100995734,0
2888,4,1,1,45,0.021739130434782608,0.021739130434782608,0.9782608695652174,46,900,700,200,0.7777777777777778,11,7,4,353.1222924264307,0.42000805152979065,0.27811865513447764,0.22735463092514976,134855.77493790642,324.1160786032698,135179.89101650967,2860,0,675.9782608695652,38,8,16,31.161712267708985,0.6650219298245613,40.331196581196586,1038.6752136752143,27.333558254610903,0
2889,4,0,0,45,0.0,0.0,1.0,45,1600,1300,300,0.8125,19,13,6,361.54233539834183,0.41811868686868686,0.288755147291732,0.23246214925714215,134806.86515322057,747.6777710449701,135554.54292426555,2861,7,692.0,37,8,16,30.991865519304532,0.6663851351351349,40.37828947368423,1038.4868421052659,28.06721194879097,0
2890,4,0,0,45,0.0,0.0,1.0,45,900,700,200,0.7777777777777778,11,7,4,362.97594046749396,0.4179924242424242,0.29156343843843757,0.23356712690951836,134835.3339489077,788.3964296707031,135623.73037857842,2862,8,693.0,37,8,16,30.926238738738743,0.6666666666666665,40.35087719298247,1038.5964912280729,28.070175438596564,0
2891,4,0,0,45,0.0,0.0,1.0,45,800,600,200,0.75,10,6,4,362.34801514660853,0.4169191919191919,0.2906689517280774,0.2338310847578482,134939.01495954808,778.9768472861688,135717.99180683424,2863,9,694.0,38,7,16,30.839117395029998,0.6658442982456139,40.25106837606839,1038.9957264957284,27.34199280251917,0
2892,4,0,0,45,0.0,0.0,1.0,45,1150,900,250,0.782608695652174,14,9,5,364.6771145702729,0.4163930976430976,0.2922005252940505,0.23623890311376566,135077.8054003217,851.9568631748468,135929.76226349655,2864,10,695.0,38,7,16,30.640202124015094,0.6672149122807016,40.117521367521384,1039.5299145299166,27.356050382366227,0
2893,4,0,0,45,0.0,0.0,1.0,45,1300,900,400,0.6923076923076923,17,9,8,360.4476165848233,0.4158459595959596,0.28684378709029446,0.23458007988434804,135244.4480970124,749.7077945796117,135994.15589159203,2865,11,696.0,38,7,16,30.584086551629685,0.6688596491228068,39.95726495726497,1040.1709401709418,27.372919478182677,0
2894,4,0,0,45,0.0,0.0,1.0,45,1250,900,350,0.72,16,9,7,361.3128191289753,0.414983164983165,0.28903034451289056,0.23587043286301765,135355.60029951073,781.1427058222124,136136.74300533294,2866,12,697.0,38,7,16,30.450889801505827,0.669956140350877,39.85042735042736,1040.598290598292,27.384165542060313,0
2895,4,0,0,45,0.0,0.0,1.0,45,1050,700,350,0.6666666666666666,14,7,7,363.27475358096655,0.413699494949495,0.28913053389869137,0.23862549177272666,135578.04167579822,850.4159361531291,136428.45761195134,2867,13,698.0,38,7,17,30.178412665845983,0.6721491228070174,39.63675213675214,1041.4529914529924,27.406657669815587,0
2896,4,0,0,45,0.0,0.0,1.0,45,1200,800,400,0.6666666666666666,16,8,8,364.78885412293573,0.41325757575757577,0.29271371581602557,0.23981089759206034,135606.5551757814,893.5519748264044,136500.1071506078,2868,14,699.0,39,6,17,30.11061522818949,0.6706730769230769,39.60937500000001,1041.5625000000011,26.7067307692308,0
2897,4,0,0,45,0.0,0.0,1.0,45,1150,600,550,0.5217391304347826,17,6,11,365.8761791575881,0.41308922558922556,0.29384824141119403,0.2413009469526134,135721.6734259599,931.4735984136781,136653.14702437355,2869,15,700.0,36,9,18,29.967758204546275,0.6773726851851851,39.49887387387388,1042.0045045045056,28.944569569569598,0
2898,4,0,0,45,0.0,0.0,1.0,45,1150,900,250,0.782608695652174,14,9,5,362.7164402319052,0.4126893939393939,0.2870786516853936,0.23980738362760845,135809.69482996524,852.0818115412903,136661.77664150653,2870,16,701.0,36,9,18,29.962546816479406,0.6782407407407407,39.41441441441442,1042.3423423423435,28.953953953953985,0
2899,4,0,0,45,0.0,0.0,1.0,45,1600,1100,500,0.6875,21,11,10,337.8673557007932,0.4121001683501684,0.2210543977985837,0.21147047537340763,133822.27783203125,42.83582899305486,133865.1136610243,2871,17,702.0,39,6,15,32.58844675995839,0.6530448717948718,41.328125,1034.6875,26.53044871794872,5
2900,4,0,0,45,0.0,0.0,1.0,45,1000,600,400,0.6,14,6,8,339.3140510002829,0.4118265993265993,0.2172760000894436,0.21315442723393263,133957.03667534728,90.70095486112052,134047.7376302084,2872,18,703.0,39,6,17,32.41639833635205,0.6543803418803419,41.19791666666667,1035.208333333334,26.543803418803435,0
2901,4,0,0,45,0.0,0.0,1.0,45,500,300,200,0.6,7,3,4,339.05647162654,0.411763468013468,0.22070198971607424,0.21330514733973452,134010.95920138882,87.45659722221205,134098.41579861104,2873,19,704.0,39,6,17,32.36921529175049,0.65491452991453,41.14583333333333,1035.416666666666,26.549145299145284,0
2902,4,0,0,45,0.0,0.0,1.0,45,550,400,150,0.7272727272727273,7,4,3,336.17593185112554,0.4113846801346801,0.22108674758041058,0.21180361942103237,134064.892578125,13.878038194443775,134078.77061631944,2874,20,705.0,39,6,17,32.38994501441695,0.655448717948718,41.09375,1035.625,26.55448717948718,0
2903,4,0,0,45,0.0,0.0,1.0,45,850,800,50,0.9411764705882353,9,8,1,335.69511760634134,0.4114267676767677,0.21958049772592703,0.21165609095496832,134091.8633355034,2.79676649304497,134094.66010199644,2875,21,706.0,39,6,17,32.37547772302122,0.6557158119658121,41.06770833333333,1035.729166666666,26.557158119658105,0
2904,4,0,0,45,0.0,0.0,1.0,45,1400,1000,400,0.7142857142857143,18,10,8,335.75638757809213,0.4108375420875421,0.21527051780369044,0.21247484374216669,134226.7578125,13.498263888887891,134240.25607638888,2876,22,707.0,39,6,18,32.23931108430506,0.657051282051282,40.9375,1036.25,26.57051282051282,0
2905,4,0,0,45,0.0,0.0,1.0,45,1200,800,400,0.6666666666666666,16,8,8,347.88056222875133,0.4110690235690236,0.21899618032747004,0.2087740509459539,132253.17166829002,232.73793218896134,132485.90960047898,2877,23,708.0,36,9,22,33.90331910079557,0.6429398148148149,42.84909909909911,1028.6036036036046,28.57232232232235,8
2906,4,0,0,45,0.0,0.0,1.0,45,1350,900,450,0.6666666666666666,18,9,9,345.69928475073016,0.4103535353535353,0.21442713741779174,0.20780799701307942,132315.55103550298,148.27827087442756,132463.82930637742,2878,24,709.0,38,7,22,33.896677050882644,0.6398026315789473,42.78846153846154,1028.846153846154,27.074898785425106,0
2907,4,0,0,45,0.0,0.0,1.0,45,1150,900,250,0.782608695652174,14,9,5,344.06393770436455,0.40993265993266,0.21210673865642238,0.20697562673521142,132343.03232750745,106.8929660676439,132449.9252935751,2879,25,710.0,38,7,22,33.91111168795212,0.6400767543859649,42.761752136752136,1028.9529914529912,27.077710301394507,0
2908,4,0,0,45,0.0,0.0,1.0,45,1050,700,350,0.6666666666666666,14,7,7,345.40212909420205,0.40957491582491584,0.20541394693019188,0.20840401729703667,132455.9583865963,150.13683613716347,132606.09522273345,2880,26,711.0,36,9,23,33.763173248732826,0.6449652777777777,42.65202702702704,1029.3918918918937,28.59421921921927,0
2909,4,0,0,45,0.0,0.0,1.0,45,800,500,300,0.625,11,5,6,345.53561155602887,0.410016835016835,0.20282303387403955,0.20894558455393888,132539.10007165687,159.395799669145,132698.495871326,2881,27,712.0,37,8,23,33.676192631242685,0.6438626126126126,42.57127192982457,1029.7149122807032,27.83013276434333,0
2910,4,0,0,45,0.0,0.0,1.0,45,1150,600,550,0.5217391304347826,17,6,11,348.69533725667725,0.41024831649831645,0.21438297872340417,0.21228861206041238,132793.26331178827,260.87834718375456,133054.14165897202,2882,28,713.0,37,8,20,33.3395390070922,0.6463963963963963,42.324561403508774,1030.7017543859652,27.85680417259365,0
2911,4,0,1,44,0.0,0.022222222222222223,0.9777777777777777,45,1250,700,550,0.56,18,7,11,349.96278405724456,0.4099747474747475,0.2226758333923975,0.21402795493123797,132962.84072983972,306.4091835949262,133269.24991343464,2883,29,714.0,37,8,20,33.13665036501523,0.6480855855855856,42.16008771929823,1031.3596491228052,27.874585111427166,0
2912,4,0,0,44,0.0,0.0,1.0,44,1350,1100,250,0.8148148148148148,16,11,5,343.6921761408116,0.41043428470754056,0.1740986165375631,0.20566697738815523,132144.2189543899,283.38683537243844,132427.6057897623,2884,30,705.8181818181819,37,7,16,34.120609825459475,0.6399211711711711,42.95504385964913,1028.1798245614043,27.78864390706498,2
2913,4,0,0,44,0.0,0.0,1.0,44,1450,1200,250,0.8275862068965517,17,12,5,346.5239805199615,0.409916754756871,0.1740308875819907,0.20829176868794366,132313.3815813521,369.95193232534496,132683.33351367744,2885,31,706.8181818181819,37,7,18,33.87764663043092,0.6416103603603602,42.7905701754386,1028.8377192982466,27.806424845898558,0
2914,4,1,1,44,0.022222222222222223,0.022222222222222223,0.9777777777777777,45,1150,700,450,0.6086956521739131,16,7,9,339.66810989177515,0.4126893939393939,0.17503645377661092,0.20541833312502605,132542.91453615788,4.174355194370889,132547.08889135226,2886,0,692.0888888888888,36,9,18,33.823408792650916,0.6458333333333334,42.56756756756757,1029.7297297297305,28.603603603603624,0
2915,4,0,0,44,0.0,0.0,1.0,44,1350,1000,350,0.7407407407407407,17,10,7,346.58657959328036,0.4102360817477097,0.18151665065314782,0.20912761457955417,132457.5684263543,381.6031164265809,132839.17154278088,2887,33,708.8181818181819,35,9,20,33.731073382804894,0.6470238095238097,42.65046296296295,1029.3981481481458,29.411375661375594,0
2916,4,0,0,44,0.0,0.0,1.0,44,1350,1000,350,0.7407407407407407,17,10,7,346.37792173499537,0.4092670894996477,0.18788883327033723,0.20983098199589637,132606.5394188311,386.3955064728675,132992.93492530397,2888,34,709.8181818181819,35,9,21,33.5867560025471,0.6485119047619049,42.50578703703702,1029.976851851849,29.427910052909972,0
2917,4,0,0,44,0.0,0.0,1.0,44,950,700,250,0.7368421052631579,12,7,5,363.76715241627676,0.4092670894996477,0.20694473739717378,0.21477211327591147,131633.36167800458,782.4116120856856,132415.77329009026,2889,35,710.8181818181819,34,10,16,34.12002126836815,0.6409313725490196,43.452380952380956,1026.1904761904766,30.182072829131666,2
2918,4,1,1,44,0.022222222222222223,0.022222222222222223,0.9777777777777777,45,1250,800,450,0.64,17,8,9,358.1069250924056,0.4119949494949495,0.19443505688858775,0.21320691978841605,131951.6933111497,450.56303047838765,132402.2563416281,2890,0,696.0,35,10,16,33.94411118621154,0.6419642857142858,43.14236111111111,1027.4305555555554,29.355158730158728,0
2919,4,1,1,44,0.022222222222222223,0.022222222222222223,0.9777777777777777,45,1450,1000,450,0.6896551724137931,19,10,9,361.6784439765461,0.4113425925925926,0.1910249388395957,0.21622544302959348,132108.41912436092,556.1534930200588,132664.572617381,2891,0,696.9777777777778,36,9,16,33.69436228867711,0.6414930555555556,42.98986486486487,1028.0405405405413,28.556681681681702,0
2920,4,0,0,44,0.0,0.0,1.0,44,950,600,350,0.631578947368421,13,6,7,366.4559229456081,0.40910192036645526,0.19211108040895275,0.21920727027110007,132130.126953125,883.973524305557,133014.10047743056,2892,38,713.8181818181819,35,9,17,33.54968760553867,0.64375,42.96875,1028.125,29.375,0
2921,4,0,0,44,0.0,0.0,1.0,44,1250,900,350,0.72,16,9,7,370.180362620594,0.40830910852713176,0.18954223299481487,0.22248365404560227,132308.68115837182,995.6151138117226,133304.29627218354,2893,39,714.8181818181819,35,9,17,33.27392001349983,0.6455357142857143,42.795138888888886,1028.819444444444,29.394841269841255,0
2922,4,0,0,44,0.0,0.0,1.0,44,1200,700,500,0.5833333333333334,17,7,10,371.56819691241384,0.40801180408738547,0.19816482481680686,0.22403455031352215,132429.5361910082,1041.3810777238346,133470.91726873204,2894,40,715.8181818181819,33,11,19,33.11641762908281,0.651199494949495,42.67769607843137,1029.289215686274,31.190582293523455,0
2923,4,0,1,43,0.0,0.022727272727272728,0.9772727272727273,44,1400,1100,300,0.7857142857142857,17,11,6,366.7746628484617,0.4073841613812544,0.1901139810644361,0.22253996414547733,132666.15125868042,931.7165798610916,133597.8678385415,2895,41,716.8181818181819,35,9,17,33.001558813616434,0.6491071428571429,42.44791666666666,1030.2083333333321,29.434523809523775,0
2924,4,0,0,43,0.0,0.0,1.0,43,900,600,300,0.6666666666666666,12,6,6,367.1396081478541,0.4071151716500554,0.1869138369741843,0.222938389613383,132695.9622020746,1143.5887131344148,133839.550915209,2896,42,721.4418604651163,35,8,17,32.96216206096008,0.6494047619047618,42.418981481481474,1030.3240740740728,29.43783068783065,0
2925,4,0,0,43,0.0,0.0,1.0,43,700,400,300,0.5714285714285714,10,4,6,368.14906610943245,0.40679217423403474,0.18886239025779106,0.2237290877523739,132725.77649444866,1172.5741330161059,133898.35062746477,2897,43,722.4418604651163,35,8,17,32.90615990864501,0.649702380952381,42.39004629629629,1030.4398148148143,29.441137566137552,0
2926,4,0,0,43,0.0,0.0,1.0,43,850,500,350,0.5882352941176471,12,5,7,345.9280640450717,0.4064230343300111,0.15843378218667925,0.20085316831354294,130992.77388038544,475.2768881793901,131468.05076856483,2898,44,723.4418604651163,34,9,19,35.224299337132216,0.6344975490196079,44.07738095238095,1023.6904761904759,30.10854341736694,7
2927,4,0,0,43,0.0,0.0,1.0,43,1300,1000,300,0.7692307692307693,16,10,6,342.9979754057735,0.4063538205980066,0.16488766625772144,0.2002605547043479,131206.12953514743,400.68735827664625,131606.81689342408,2899,45,724.4418604651163,34,9,20,35.083807808505696,0.6366421568627452,43.86904761904762,1024.5238095238096,30.13305322128852,0
2928,4,0,0,43,0.0,0.0,1.0,43,1000,700,300,0.7,13,7,6,342.6192488829851,0.4058231819859727,0.16605162279580887,0.20037501059351961,131270.41737683638,395.1543604415323,131665.5717372779,2900,46,725.4418604651163,36,7,20,35.02861721611721,0.6331018518518519,43.80630630630631,1024.7747747747753,28.46596596596598,0
2929,4,0,0,43,0.0,0.0,1.0,43,1250,900,350,0.72,16,9,7,343.1210111822869,0.40573089700996673,0.16557512970159816,0.2011310433826191,131358.63272392293,414.40674075205857,131773.03946467498,2901,47,726.4418604651163,34,9,20,34.92674099020632,0.6381740196078431,43.720238095238095,1025.1190476190477,30.150560224089638,0
2930,4,0,0,43,0.0,0.0,1.0,43,1100,900,200,0.8181818181818182,13,9,4,342.1673143056231,0.4058231819859727,0.1761123458118281,0.201503581839916,131535.81700370798,401.45144783093,131937.26845153893,2902,48,727.4418604651163,35,8,20,34.77248580239948,0.6377976190476191,43.5474537037037,1025.810185185185,29.30886243386243,0
2931,4,0,0,43,0.0,0.0,1.0,43,1300,1000,300,0.7692307692307693,16,10,6,339.9114110593587,0.4060769656699889,0.1772432904144401,0.2009048378985083,131674.6370525931,351.5423362551726,132026.17938884828,2903,49,728.4418604651163,36,7,18,34.690448760149216,0.6371527777777778,43.41216216216216,1026.3513513513512,28.509759759759756,0
2932,4,1,1,43,0.022727272727272728,0.022727272727272728,0.9772727272727273,44,1600,1300,300,0.8125,19,13,6,331.1593320228874,0.40845225510923183,0.16990869392616093,0.19734141607163144,131985.99810979617,-58.321005917162296,131927.67710387902,2904,0,712.8636363636364,38,6,18,34.6017883135787,0.6365131578947368,43.10897435897436,1027.5641025641025,27.04116059379217,0
2933,4,0,0,43,0.0,0.0,1.0,43,950,600,350,0.631578947368421,13,6,7,333.30235823719784,0.40526947212993725,0.07510759372027387,0.19043856798501924,130371.67302441732,115.95978066329873,130487.63280508062,2905,51,730.4418604651163,38,5,18,36.17511420301984,0.6203399122807018,44.684829059829056,1021.2606837606829,26.87528115159692,6
2934,4,1,1,43,0.022727272727272728,0.022727272727272728,0.9772727272727273,44,1050,400,650,0.38095238095238093,17,4,13,325.6789863916366,0.408738548273432,0.06538433036293201,0.1873513231211913,130635.03146701399,-290.9830729166605,130344.04839409734,2906,0,714.8181818181819,39,5,15,36.10361048841791,0.6212606837606838,44.427083333333336,1022.2916666666675,26.21260683760686,0
2935,4,1,0,44,0.022727272727272728,0.0,1.0,44,1050,600,450,0.5714285714285714,15,6,9,331.0418183612074,0.40578752642706134,0.09038327872108054,0.19193564494621296,130937.79047070196,-130.82315007600891,130806.96732062595,2907,0,715.7954545454545,40,4,17,35.66076688842553,0.62265625,44.13109756097561,1023.4756097560976,25.586890243902438,0
2936,4,1,0,45,0.022222222222222223,0.0,1.0,45,1100,1000,100,0.9090909090909091,12,10,2,326.66979093228247,0.40900673400673404,0.09854642092465227,0.1907020311451488,131201.04762101604,-428.11624070924677,130772.93138030679,2908,0,700.8666666666667,41,4,19,35.50714550853746,0.6237296747967479,43.87400793650794,1024.5039682539687,24.98790166473094,0
2937,4,1,0,46,0.021739130434782608,0.0,1.0,46,1100,700,400,0.6363636363636364,15,7,8,323.1042898556616,0.41208735909822863,0.11900741723451724,0.19028090442258194,131536.54095611107,-699.8728451145626,130836.66811099651,2909,0,686.6086956521739,40,6,20,35.26063337956543,0.6286458333333332,43.54674796747969,1025.8130081300835,25.64532520325209,0
2938,4,1,0,47,0.02127659574468085,0.0,1.0,47,950,500,450,0.5263157894736842,14,5,9,317.66275925900254,0.41472016651248844,0.12818155171790746,0.18849887584697156,131825.20300012038,-1024.8084550207109,130800.39454509967,2910,0,672.9787234042553,42,5,15,35.11000503239606,0.6284722222222221,43.265503875969,1026.9379844961256,24.450904392764897,0
2939,4,0,1,46,0.0,0.02127659574468085,0.9787234042553191,47,700,400,300,0.5714285714285714,10,4,6,314.7984272649538,0.4143154486586494,0.1281131219721685,0.1872891653121799,131924.73127366172,-1094.0604155399083,130830.67085812181,2911,1,673.9787234042553,42,5,15,35.08359271835501,0.6294642857142856,43.1686046511628,1027.325581395351,24.4601328903655,0
2940,4,0,0,46,0.0,0.0,1.0,46,1300,900,400,0.6923076923076923,17,9,8,317.6725680829786,0.41153381642512077,0.12748037745832907,0.18868985068061286,131862.52170138905,-822.1788194444342,131040.34288194461,2912,2,689.5652173913044,41,5,15,35.072261663285985,0.6303353658536586,43.22916666666667,1027.0833333333346,25.050813008130113,0
2941,4,0,0,46,0.0,0.0,1.0,46,1550,1000,550,0.6451612903225806,21,10,11,315.11907707238686,0.4111714975845411,0.12070393374741184,0.1878492305988007,131999.40212614942,-880.8940455801794,131118.50808056924,2913,3,690.5652173913044,42,4,16,35.0003928964325,0.6302083333333333,43.095930232558146,1027.6162790697686,24.467054263565917,0
2942,4,0,1,45,0.0,0.021739130434782608,0.9782608695652174,46,900,400,500,0.4444444444444444,14,4,10,308.48875451975044,0.4111916264090177,0.06582691969248833,0.1861037876432734,132450.30369034677,-1026.9123049101074,131423.39138543667,2914,4,691.5652173913044,40,6,15,34.71879422121302,0.6377604166666664,42.65752032520327,1029.3699186991903,25.734247967479757,2
2943,4,0,0,45,0.0,0.0,1.0,45,900,600,300,0.6666666666666666,12,6,6,320.3067932797657,0.4085648148148148,0.06192192192192136,0.19115082824760243,132040.89506172863,-541.2808641975118,131499.61419753113,2915,5,707.8222222222222,41,4,14,34.82545045045046,0.6321138211382112,43.055555555555564,1027.7777777777796,25.067750677506822,2
2944,4,1,0,46,0.021739130434782608,0.0,1.0,46,1150,600,550,0.5217391304347826,17,6,11,319.54977083224145,0.41232890499194846,0.06368054124596445,0.19264286184457996,132424.15229030346,-735.8139904230926,131688.33829988036,2916,0,693.4130434782609,40,6,16,34.460365652975256,0.6375,42.6829268292683,1029.2682926829275,25.731707317073187,0
2945,4,1,1,46,0.02127659574468085,0.02127659574468085,0.9787234042553191,47,1700,1500,200,0.8823529411764706,19,15,4,316.17578480005005,0.414604532839963,0.03070848870366283,0.18998527245949942,132300.5624426081,-1033.9531680440596,131266.60927456402,2917,0,679.6382978723404,43,4,17,34.6710849288169,0.631782945736434,42.80303030303031,1028.7878787878803,23.92529950669489,2
2946,4,0,0,46,0.0,0.0,1.0,46,1750,1300,450,0.7428571428571429,22,13,9,323.425211595666,0.4105273752012883,0.036162305743485446,0.1951019888007245,132447.87089305028,-632.6038662039559,131815.26702684633,2918,1,695.2608695652174,42,4,18,34.336855564969085,0.6346726190476191,42.65988372093023,1029.3604651162789,24.508582502768544,0
2947,4,0,0,46,0.0,0.0,1.0,46,1050,700,350,0.6666666666666666,14,7,7,323.24837114565383,0.4105978260869565,0.029460142881693185,0.1953832304774582,132522.6896295293,-632.4512874827342,131890.23834204656,2919,2,696.2608695652174,42,4,20,34.266382771817575,0.6354166666666667,42.587209302325576,1029.6511627906964,24.51550387596896,0
2948,4,0,0,46,0.0,0.0,1.0,46,1300,1000,300,0.7692307692307693,16,10,6,324.87053120604276,0.41027576489533013,0.03154637994707854,0.1970164641900418,132647.43447095997,-581.3515000601208,132066.08297089985,2920,3,697.2608695652174,42,4,15,34.09956730316997,0.6366567460317462,42.466085271317816,1030.1356589147263,24.527039497969675,0
2949,4,0,0,46,0.0,0.0,1.0,46,1000,700,300,0.7,13,7,6,324.13005326886525,0.40942028985507245,0.03537768622738824,0.19748542420814347,132822.1758382909,-589.6682140496439,132232.50762424123,2921,4,698.2608695652174,42,4,16,33.943567086545094,0.6383928571428572,42.29651162790697,1030.8139534883715,24.543189368770747,0
2950,4,1,1,46,0.02127659574468085,0.02127659574468085,0.9787234042553191,47,900,600,300,0.6666666666666666,12,6,6,323.5211083496231,0.41287002775208137,0.06013948622084131,0.19222973792414105,131875.5693225758,-852.7444878140398,131022.82483476175,2922,0,684.3829787234042,40,7,15,34.90897397843078,0.63203125,43.21646341463414,1027.1341463414628,25.678353658536572,8
2951,4,0,0,46,0.0,0.0,1.0,46,1050,800,250,0.7619047619047619,13,8,5,326.0243867807345,0.41101046698872784,0.06491757163705958,0.19378700892373862,131889.27001953125,-600.1763237847218,131289.09369574653,2923,1,700.1521739130435,39,7,15,34.83092063009161,0.6338141025641026,43.203125,1027.1875,26.338141025641026,0
2952,4,0,0,46,0.0,0.0,1.0,46,1050,600,450,0.5714285714285714,15,6,9,327.39630987723575,0.4106078904991948,0.06008622475743808,0.19487687412909904,131942.7747938366,-560.4844835069639,131382.29031032964,2924,2,701.1521739130435,39,7,15,34.74190155125216,0.6343482905982907,43.15104166666666,1027.3958333333317,26.343482905982864,0
2953,4,1,1,46,0.02127659574468085,0.02127659574468085,0.9787234042553191,47,1050,700,350,0.6666666666666666,14,7,7,324.3352998132729,0.4126965772432933,0.05711318577131608,0.19458195432188138,132241.16478493303,-821.9044343644537,131419.26035056857,2925,0,687.2127659574468,40,7,15,34.52083950861245,0.6356770833333333,42.86077235772358,1028.5569105691068,25.713922764227668,0
2954,4,1,0,47,0.02127659574468085,0.0,1.0,47,850,500,350,0.5882352941176471,12,5,7,324.834092363969,0.41298566142460685,0.06383188862621503,0.19542157963072995,132345.71358194525,-801.9200500694053,131543.79353187585,2926,0,688.1914893617021,40,7,17,34.40308641975309,0.63671875,42.75914634146341,1028.9634146341461,25.724085365853654,0
2955,4,0,0,47,0.0,0.0,1.0,47,900,500,400,0.5555555555555556,13,5,8,325.3471889185412,0.4129471168670984,0.08893465406580114,0.1929171359643742,131797.29327781074,-824.0242249983539,130973.26905281238,2927,1,689.1914893617021,40,7,16,34.94078252837161,0.6312500000000001,43.292682926829265,1026.8292682926822,25.670731707317053,1
2956,4,0,0,47,0.0,0.0,1.0,47,1400,1000,400,0.7142857142857143,18,10,8,327.442140338377,0.4125231267345051,0.09620026219600764,0.19509531414032594,131979.9735297277,-756.8389971247218,131223.13453260297,2928,2,690.1914893617021,40,7,17,34.70333465202915,0.6330729166666667,43.114837398373986,1027.5406504065043,25.688516260162608,0
2957,4,0,0,47,0.0,0.0,1.0,47,950,600,350,0.631578947368421,13,6,7,326.55681787592926,0.41240749306197966,0.09748564624004086,0.19483593505482455,132032.1911250745,-776.7975618018246,131255.39356327266,2929,3,691.1914893617021,40,7,17,34.67360493094697,0.63359375,43.06402439024391,1027.7439024390253,25.693597560975633,0
2958,4,0,0,47,0.0,0.0,1.0,47,1150,900,250,0.782608695652174,14,9,5,326.66052710616003,0.4122725871107,0.0978130343071173,0.1954361060161457,132136.65729930942,-767.2339753122999,131369.42332399712,2930,4,692.1914893617021,40,7,18,34.565994530657946,0.6346354166666666,42.962398373983746,1028.1504065040663,25.703760162601657,0
2959,4,0,0,47,0.0,0.0,1.0,47,1150,700,450,0.6086956521739131,16,7,9,326.8161508537863,0.41173296330558123,0.0988773021612992,0.1959348013412511,132215.03404058435,-757.9982979707756,131457.03574261357,2931,5,693.1914893617021,40,7,18,34.48328392621872,0.6354166666666666,42.88617886178862,1028.4552845528458,25.711382113821145,0
2960,4,0,0,47,0.0,0.0,1.0,47,1000,700,300,0.7,13,7,6,327.0975349501151,0.4113282454517422,0.10515960599830976,0.19637492578677734,132267.29811124335,-747.1385666600559,131520.1595445833,2932,6,694.1914893617021,40,7,18,34.42357406309688,0.6359375,42.83536585365854,1028.6585365853662,25.716463414634156,0
2961,4,0,1,46,0.0,0.02127659574468085,0.9787234042553191,47,1550,1200,350,0.7741935483870968,19,12,7,329.4993767158673,0.41032608695652173,0.11016052934280318,0.19908372999440824,132507.98000447443,-667.6115376396539,131840.36846683477,2933,7,695.1914893617021,38,9,18,34.12023105392412,0.6417214912280702,42.60149572649573,1029.5940170940173,27.094579397210982,0
2962,4,1,0,47,0.02127659574468085,0.0,1.0,47,800,500,300,0.625,11,5,6,327.73664823708043,0.4114824236817762,0.11389573894592009,0.19932835491140488,132755.59413580265,-698.2253086419539,132057.36882716068,2934,0,683.7446808510638,38,9,15,33.91734052111413,0.644188596491228,42.36111111111112,1030.555555555557,27.11988304093571,0
2963,4,0,0,47,0.0,0.0,1.0,47,1400,1100,300,0.7857142857142857,17,11,6,329.30720587821577,0.41134751773049644,0.12034238595374935,0.20095454523937015,132880.86480034742,-648.2747395833132,132232.5900607641,2935,1,684.7446808510638,39,8,15,33.751347073482854,0.6436965811965811,42.23958333333334,1031.0416666666683,26.436965811965855,0
2964,4,0,0,47,0.0,0.0,1.0,47,1250,700,550,0.56,18,7,11,329.31131248350675,0.4109042553191489,0.11871204164334381,0.20145753528602253,132973.8739031828,-642.0398117852992,132331.8340913975,2936,2,685.7446808510638,40,7,15,33.65807797155713,0.6429687499999999,42.149390243902445,1031.4024390243915,25.785060975609788,0
2965,4,0,0,47,0.0,0.0,1.0,47,1100,700,400,0.6363636363636364,15,7,8,332.8037977478989,0.4103646315140302,0.12035432353082887,0.2041665835972462,133078.71187991637,-542.1798573930582,132536.53202252332,2937,3,686.7446808510638,40,7,16,33.46301585738205,0.6440104166666666,42.04776422764229,1031.8089430894333,25.795223577235834,0
2966,4,0,0,47,0.0,0.0,1.0,47,1200,900,300,0.75,15,9,6,332.8689895492343,0.41017190872648784,0.11885561037954284,0.2044939255216261,133131.14636005374,-536.9539667195249,132594.1923933342,2938,4,687.7446808510638,40,7,16,33.408829804693916,0.64453125,41.996951219512205,1032.0121951219528,25.80030487804882,0
2967,4,0,0,47,0.0,0.0,1.0,47,1100,600,500,0.5454545454545454,16,6,10,330.29444029805205,0.41061517113783536,0.11203257788884735,0.20319809994593074,133183.59116803834,-602.0400596536322,132581.5511083847,2939,5,688.7446808510638,40,7,16,33.42276262675988,0.6450520833333333,41.94613821138212,1032.2154471544725,25.805386178861813,0
2968,4,0,0,47,0.0,0.0,1.0,47,1200,600,600,0.5,18,6,12,331.0979059458116,0.4097671908726488,0.10515161668621209,0.2041234662869813,133262.2777447289,-575.4277794302093,132686.8499652987,2940,6,689.7446808510638,40,7,17,33.323285761154864,0.6458333333333333,41.869918699187004,1032.5203252032538,25.813008130081347,0
2969,4,0,0,47,0.0,0.0,1.0,47,1450,1000,450,0.6896551724137931,19,10,9,330.7537776224996,0.40974791859389453,0.10845307741415544,0.2046325106228065,133393.47367844882,-575.9209341331081,132817.5527443157,2941,7,690.7446808510638,40,7,17,33.20093457943925,0.6471354166666666,41.742886178861795,1033.028455284554,25.825711382113848,0
2970,4,0,0,47,0.0,0.0,1.0,47,900,700,200,0.7777777777777778,11,7,4,330.94968206228907,0.4094395621338267,0.11313615807504052,0.20504359643676398,133445.97012566944,-567.2197228831831,132878.75040278625,2942,8,691.7446808510638,40,7,17,33.143380544900175,0.6476562499999999,41.69207317073172,1033.2317073170746,25.830792682926862,0
2971,4,0,0,47,0.0,0.0,1.0,47,1550,1200,350,0.7741935483870968,19,12,7,330.9291508923743,0.4086879432624113,0.10730001649348542,0.20563516601693793,133555.03420857998,-560.544022466931,132994.49018611305,2943,9,692.7446808510638,38,9,18,33.03488372093023,0.6521381578947367,41.58653846153847,1033.6538461538469,27.2014170040486,0
2972,4,0,0,47,0.0,0.0,1.0,47,1200,800,400,0.6666666666666666,16,8,8,330.25685574755806,0.4079748689485045,0.10179796026024257,0.20598494611059057,133693.11125721398,-569.3866882167981,133123.7245689972,2944,10,693.7446808510638,38,9,18,32.91429924242424,0.6535087719298245,41.45299145299146,1034.1880341880355,27.215474583895674,0
2973,4,0,1,46,0.0,0.02127659574468085,0.9787234042553191,47,1650,1400,250,0.8484848484848485,19,14,5,330.5321260616605,0.4076279679309282,0.09386655888516438,0.20708500472401328,133858.89788333705,-551.0667780699769,133307.83110526708,2945,11,694.7446808510638,38,9,15,32.741628811342835,0.6551535087719298,41.292735042735046,1034.8290598290603,27.232343679712113,0
2974,4,0,0,46,0.0,0.0,1.0,46,1100,600,500,0.5454545454545454,16,6,10,328.49936883831293,0.4072061191626409,0.08822294255830121,0.20651203206097352,133983.99658203125,-397.26833767361177,133586.72824435763,2946,12,701.9782608695652,39,7,16,32.669387429989605,0.6546474358974359,41.171875,1035.3125,26.546474358974358,0
2975,4,0,0,46,0.0,0.0,1.0,46,1250,900,350,0.72,16,9,7,330.6722745696919,0.40681360708534625,0.08752940970673406,0.20833610606919378,134064.892578125,-333.6914062499999,133731.201171875,2947,13,702.9782608695652,39,7,16,32.532438141219075,0.6554487179487181,41.09375,1035.625,26.55448717948718,0
2976,4,0,0,46,0.0,0.0,1.0,46,1250,800,450,0.64,17,8,9,334.52754263733993,0.4069142512077295,0.08264191853399683,0.21138570133869022,134172.7918836806,-223.10112847221762,133949.69075520837,2948,14,703.9782608695652,39,7,16,32.32497151283599,0.656517094017094,40.989583333333336,1036.041666666667,26.565170940170947,0
2977,4,0,0,46,0.0,0.0,1.0,46,1600,1000,600,0.625,22,10,12,335.33496628873,0.4070048309178744,0.08562377102905772,0.21252120474986386,134280.73459201388,-194.19487847222723,134086.53971354166,2949,15,704.9782608695652,39,7,18,32.1963986599665,0.6575854700854702,40.885416666666664,1036.4583333333333,26.5758547008547,0
2978,4,0,1,45,0.0,0.021739130434782608,0.9782608695652174,46,1600,1300,300,0.8125,19,13,6,334.4608750426644,0.406280193236715,0.08179197693970708,0.212751310610206,134415.72401258684,-208.6398654513835,134207.08414713547,2950,16,705.9782608695652,39,7,18,32.084484346224684,0.6589209401709402,40.755208333333336,1036.979166666667,26.58920940170941,0
2979,4,0,0,45,0.0,0.0,1.0,45,1150,900,250,0.782608695652174,14,9,5,344.05415976549745,0.4073232323232323,0.07813043876522885,0.21850141141128168,134356.87413251502,245.20828767622265,134602.08242019123,2951,17,701.9777777777778,38,7,18,31.894493679582283,0.6600877192982457,40.811965811965806,1036.7521367521358,27.28295096716147,0
2980,4,0,0,45,0.0,0.0,1.0,45,800,500,300,0.625,11,5,6,341.510640036791,0.4071338383838384,0.0801666609434204,0.21737992018604116,134439.96006145433,182.53536142156736,134622.4954228759,2952,18,702.9777777777778,38,7,18,31.877553998832468,0.6609100877192983,40.7318376068376,1037.0726495726485,27.2913855150697,0
2981,4,0,0,45,0.0,0.0,1.0,45,1200,900,300,0.75,15,9,6,340.8499308452547,0.4071969696969697,0.08372529497259129,0.21728903339307795,134495.36494859005,168.54716834684206,134663.9121169369,2953,19,703.9777777777778,38,7,18,31.839444501665113,0.6614583333333334,40.6784188034188,1037.2863247863245,27.297008547008538,0
2982,4,0,0,45,0.0,0.0,1.0,45,800,500,300,0.625,11,5,6,338.84069780991103,0.40717592592592594,0.08591224018475763,0.2161764580069766,134523.7643771702,116.42523871528726,134640.1896158855,2954,20,704.9777777777778,39,6,18,31.863243464872642,0.6599893162393162,40.65104166666667,1037.395833333334,26.59989316239318,0
2983,4,0,0,45,0.0,0.0,1.0,45,1300,900,400,0.6923076923076923,17,9,8,336.20387463452397,0.4067760942760943,0.0867337016827392,0.21498013392528847,134606.20896568417,51.02851349909747,134657.23747918327,2955,21,705.9777777777778,38,7,18,31.84949723737946,0.6625548245614035,40.5715811965812,1037.7136752136755,27.3082546108862,0
2984,4,0,0,45,0.0,0.0,1.0,45,1500,900,600,0.6,21,9,12,337.0459473929638,0.4060816498316498,0.09061746178733565,0.2165069109525587,134772.56059838185,84.90907389144036,134857.4696722733,2956,22,706.9777777777778,38,7,18,31.661993689337038,0.6641995614035088,40.41132478632478,1038.3547008547002,27.325123706702637,0
2985,4,0,0,45,0.0,0.0,1.0,45,1300,1000,300,0.7692307692307693,16,10,6,336.3863058104801,0.4058712121212121,0.09603419506731647,0.2165793155688403,134855.77493790642,72.7271897143795,134928.5021276208,2957,23,707.9777777777778,38,7,15,31.596293629568674,0.6650219298245613,40.331196581196586,1038.6752136752143,27.333558254610903,0
2986,4,0,0,45,0.0,0.0,1.0,45,1750,1300,450,0.7428571428571429,22,13,9,333.5093780796829,0.4042718855218855,0.09971451410300358,0.21604835211153894,135077.80540032158,9.942974285942455,135087.74837460753,2958,24,708.9777777777778,38,7,16,31.45019698526893,0.6672149122807016,40.11752136752138,1039.5299145299157,27.356050382366202,0
2987,4,0,0,45,0.0,0.0,1.0,45,1250,900,350,0.72,16,9,7,331.5440845013709,0.40319865319865317,0.1032881408757984,0.21518030243775604,135145.83875868077,-38.63932291664696,135107.1994357641,2959,25,709.9777777777778,39,6,16,31.433663928404464,0.6661324786324785,40.05208333333334,1039.7916666666683,26.66132478632483,0
2988,4,1,1,45,0.021739130434782608,0.021739130434782608,0.9782608695652174,46,900,700,200,0.7777777777777778,11,7,4,324.87662456888694,0.40387479871175525,0.10219450778566186,0.21200839763931412,135342.72057183247,-406.06275613058784,134936.65781570188,2960,0,695.5217391304348,40,6,16,31.411555490445032,0.6664062499999999,39.86280487804879,1040.5487804878067,26.013719512195166,0
2989,4,0,0,45,0.0,0.0,1.0,45,1350,900,450,0.6666666666666666,18,9,9,327.82022307371886,0.40290404040404043,0.10097368274634144,0.21324331774534774,135227.08468967033,-133.96538628470296,135093.11930338564,2961,27,711.9777777777778,39,6,16,31.449778834919048,0.6669337606837606,39.97395833333334,1040.1041666666683,26.66933760683765,0
2990,4,0,0,45,0.0,0.0,1.0,45,950,800,150,0.8421052631578947,11,8,3,328.0795523817489,0.4023989898989899,0.10174560261673538,0.21373323480994988,135281.26220703148,-123.39680989580415,135157.86539713567,2962,28,712.9777777777778,39,6,16,31.389243516571568,0.6674679487179487,39.921875000000014,1040.3125000000018,26.674679487179535,0
2991,4,0,0,45,0.0,0.0,1.0,45,1200,900,300,0.75,15,9,6,330.4142814740454,0.40212542087542086,0.10708791147624974,0.2142862211431088,135118.7622070311,-70.9662543402917,135047.79595269082,2963,29,713.9777777777778,39,6,16,31.48993504324884,0.6658653846153848,40.07812499999999,1039.6874999999989,26.65865384615382,1
2992,4,0,0,45,0.0,0.0,1.0,45,800,500,300,0.625,11,5,6,332.49352810650873,0.40189393939393936,0.1145655270655268,0.21612079326923064,135200.00000000003,-9.374999999999602,135190.62500000003,2964,30,714.9777777777778,39,6,16,31.35516826923077,0.6666666666666666,40.0,1040.0000000000002,26.66666666666667,0
2993,4,0,0,45,0.0,0.0,1.0,45,1700,1300,400,0.7647058823529411,21,13,8,336.2160343313058,0.401473063973064,0.1159257775997864,0.21919880880555367,135308.35503472228,98.56770833333911,135406.92274305562,2965,31,715.9777777777778,39,6,16,31.15071419036176,0.6677350427350428,39.895833333333336,1040.416666666667,26.677350427350436,0
2994,4,0,0,45,0.0,0.0,1.0,45,1150,600,550,0.5217391304347826,17,6,11,338.51901376986285,0.4007575757575758,0.11835245974557407,0.22136662209348623,135416.7534722222,168.22916666666265,135584.98263888885,2966,32,716.9777777777778,39,6,17,30.98311982919669,0.6688034188034189,39.791666666666664,1040.8333333333333,26.688034188034187,0
2995,4,0,0,45,0.0,0.0,1.0,45,900,600,300,0.6666666666666666,12,6,6,337.43485049177906,0.40084175084175083,0.12226113056528254,0.22115812004362825,135498.08078342013,144.3549262152735,135642.4357096354,2967,33,717.9777777777778,39,6,17,30.93056945139235,0.6696047008547009,39.713541666666664,1041.1458333333333,26.696047008547005,0
2996,4,0,1,44,0.0,0.022222222222222223,0.9777777777777777,45,950,400,550,0.42105263157894735,15,4,11,337.8457770601162,0.4008838383838384,0.12729596656774822,0.22176258918384656,135552.31255425353,159.1552734375058,135711.46782769103,2968,34,718.9777777777778,39,6,18,30.8660306425261,0.670138888888889,39.661458333333336,1041.354166666667,26.701388888888896,0
2997,4,0,0,44,0.0,0.0,1.0,44,1700,1400,300,0.8235294117647058,20,14,6,335.6356583198118,0.3988394115574348,0.12439050540270968,0.22098469306390855,135661.50427578716,306.5920733144561,135968.0963491016,2969,35,714.7045454545455,38,6,19,30.81521553344957,0.6729714912280702,39.55662393162393,1041.7735042735044,27.4150922177238,0
2998,4,0,0,44,0.0,0.0,1.0,44,850,600,250,0.7058823529411765,11,6,5,335.52177731840493,0.3982888477801268,0.12989709460026244,0.22125381299434782,135717.16027695604,307.21256574622697,136024.37284270226,2970,36,715.7045454545455,38,6,19,30.76297036809187,0.6735197368421052,39.50320512820513,1041.9871794871801,27.420715249662635,0
2999,4,0,0,44,0.0,0.0,1.0,44,1100,900,200,0.8181818181818182,13,9,4,337.8448913640432,0.3976281712473573,0.13924298333892482,0.22330723307233075,135800.66568047326,375.9122287968388,136176.5779092701,2971,37,716.7045454545455,38,6,20,30.619618696186965,0.6743421052631579,39.42307692307692,1042.3076923076915,27.42914979757083,0
3000,4,0,0,44,0.0,0.0,1.0,44,500,200,300,0.4,8,2,6,337.3266582764262,0.397606148696265,0.1356602507965492,0.22331299399330815,135856.35021732768,365.5937248885823,136221.94394221625,2972,38,717.7045454545455,38,6,21,30.577901892464293,0.6748903508771931,39.36965811965811,1042.5213675213665,27.434772829509644,0
3001,4,0,0,44,0.0,0.0,1.0,44,1350,700,650,0.5185185185185185,20,7,13,337.46749780611395,0.3973418780831572,0.13830530256467588,0.22410596691042728,135967.75353385916,376.9395134779571,136344.69304733712,2973,39,718.7045454545455,38,6,16,30.463788158164313,0.6759868421052633,39.262820512820504,1042.9487179487166,27.44601889338728,0
3002,4,0,0,44,0.0,0.0,1.0,44,1200,1000,200,0.8333333333333334,14,10,4,334.5571811480902,0.39698951726568005,0.13972805450078152,0.22322093889716826,136134.94411571324,308.9846318211555,136443.9287475344,2974,40,719.7045454545455,38,6,16,30.374053030303017,0.6776315789473685,39.102564102564095,1043.5897435897427,27.462887989203757,0
3003,4,0,0,44,0.0,0.0,1.0,44,950,600,350,0.631578947368421,13,6,7,332.9914859933246,0.39749603594080335,0.14125519859323976,0.22270087677212674,136218.57792981577,271.9253369493623,136490.50326676512,2975,41,720.7045454545455,38,6,18,30.3321052092928,0.678453947368421,39.02243589743589,1043.9102564102554,27.471322537111984,0
3004,4,0,0,44,0.0,0.0,1.0,44,1150,900,250,0.782608695652174,14,9,5,332.6997599440087,0.39698951726568005,0.14915368518949101,0.22320797209695853,136330.12963191248,271.4002803345744,136601.52991224706,2976,42,721.7045454545455,38,6,19,30.22932651321399,0.6795504385964912,38.91559829059829,1044.3376068376067,27.48256860098965,0
3005,4,0,0,44,0.0,0.0,1.0,44,1300,1100,200,0.8461538461538461,15,11,4,331.3760392572809,0.39632884073291047,0.15093037521725794,0.22337622604930818,136497.542792114,246.40301976037824,136743.94581187438,2977,43,722.7045454545455,38,6,20,30.098319871860404,0.6811951754385965,38.755341880341874,1044.9786324786314,27.49943769680609,0
3006,4,0,0,44,0.0,0.0,1.0,44,1050,700,350,0.6666666666666666,14,7,7,330.1258115607842,0.3959214235377026,0.15190849624619052,0.22306291024245237,136581.28789539033,217.80170209656285,136799.0895974869,2978,44,723.7045454545455,38,6,20,30.04820795857183,0.6820175438596492,38.67521367521367,1045.2991452991444,27.507872244714324,0
3007,4,0,0,44,0.0,0.0,1.0,44,850,500,350,0.5882352941176471,12,5,7,330.38981141263884,0.3954699612403101,0.15415393332528327,0.22377336223498212,136665.05868078364,230.54859284824732,136895.60727363187,2979,45,724.7045454545455,38,6,20,29.958533428697915,0.6828399122807018,38.59508547008546,1045.6196581196564,27.516306792622537,0
3008,4,0,1,43,0.0,0.022727272727272728,0.9772727272727273,44,1300,700,600,0.5384615384615384,19,7,12,330.67270515809736,0.39538187103594086,0.1567132295575291,0.22414296662655486,136692.9879830518,240.1280224997875,136933.1160055516,2980,46,725.7045454545455,38,6,20,29.923545838441626,0.6831140350877194,38.568376068376054,1045.7264957264936,27.519118308591935,0
3009,4,0,0,43,0.0,0.0,1.0,43,1100,800,300,0.7272727272727273,14,8,6,339.65531095769654,0.3956487633813215,0.17004729374671568,0.2261595719917759,136062.33558643024,642.8589806478692,136705.1945670781,2981,47,733.7441860465116,37,6,17,30.312992643194956,0.6787725225225226,39.17214912280701,1043.3114035087704,28.197605500237035,1
3010,4,0,0,43,0.0,0.0,1.0,43,900,700,200,0.7777777777777778,11,7,4,342.12744117261013,0.39516426725729054,0.1739470379256931,0.22835687132404606,136148.1477473835,716.0034818405347,136864.15122922405,2982,48,734.7441860465116,37,6,18,30.163462211949284,0.6796171171171173,39.08991228070174,1043.6403508771907,28.206495969653805,0
3011,4,0,0,43,0.0,0.0,1.0,43,1100,800,300,0.7272727272727273,14,8,6,340.9690346726928,0.39507198228128465,0.17586476451045563,0.22795120857331685,136205.37088334846,688.36276546627,136893.73364881473,2983,49,735.7441860465116,37,6,18,30.13699229691877,0.6801801801801803,39.03508771929823,1043.859649122805,28.212422949264997,0
3012,4,0,0,43,0.0,0.0,1.0,43,950,700,250,0.7368421052631579,12,7,5,343.94552750466977,0.3944259874492433,0.1753062963840304,0.2304991737105534,136291.22813028973,775.3516707063352,137066.57980099606,2984,50,736.7441860465116,37,6,18,29.97425093632959,0.6810247747747749,38.952850877192965,1044.1885964912253,28.221313418681767,0
3013,4,0,0,43,0.0,0.0,1.0,43,1300,1000,300,0.7692307692307693,16,10,6,347.1106934935388,0.3938030638612034,0.17938386370125992,0.23375390800706172,136463.02377895085,873.5549640273556,137336.57874297822,2985,51,737.7441860465116,37,6,19,29.721442438870803,0.6827139639639641,38.78837719298244,1044.8464912280674,28.239094357515334,0
3014,4,0,1,42,0.0,0.023255813953488372,0.9767441860465116,43,1200,1100,100,0.9166666666666666,13,11,2,349.46828602436864,0.39301864156515315,0.18673445241620956,0.2361078079851384,136577.61432604247,945.9089575638517,137523.52328360634,2986,52,738.7441860465116,37,6,19,29.546378369873075,0.6838400900900901,38.67872807017543,1045.285087719297,28.25094831673776,0
3015,4,0,0,42,0.0,0.0,1.0,42,1250,1000,250,0.8,15,10,5,359.61060372634927,0.3922643244289586,0.1932260083520585,0.2429334515129531,136573.74223886058,1422.6731799367003,137996.4154187973,2987,53,753.0,36,6,20,29.28517560870501,0.6857638888888888,38.682432432432435,1045.270270270271,29.03528528528531,0
3016,4,0,0,42,0.0,0.0,1.0,42,950,600,350,0.631578947368421,13,6,7,360.11810928456697,0.39244579945799457,0.19516217561030658,0.2434797092854067,136603.1714780659,1438.6551669913174,138041.8266450572,2988,54,754.0,36,6,20,29.24274659772344,0.6860532407407407,38.65427927927928,1045.382882882883,29.038413413413416,0
3017,4,0,0,42,0.0,0.0,1.0,42,750,600,150,0.8,9,6,3,357.4585749918739,0.39237320944638016,0.19053259899695396,0.24228907499084265,136691.4782180831,1372.30820347376,138063.78642155684,2989,55,755.0,36,6,20,29.22477385311221,0.6869212962962963,38.56981981981983,1045.7207207207218,29.047797797797827,0
3018,4,0,0,42,0.0,0.0,1.0,42,1050,700,350,0.6666666666666666,14,7,7,357.61337121632954,0.39202235772357724,0.18962246253082848,0.24259717885215898,136720.92013888902,1378.6458333333449,138099.56597222236,2990,56,756.0,36,6,20,29.191567065073038,0.6872106481481481,38.54166666666667,1045.8333333333344,29.050925925925956,0
3019,4,0,0,42,0.0,0.0,1.0,42,1000,700,300,0.7,13,7,6,355.73657461896653,0.39138114595431667,0.18386544422047368,0.24196695183834993,136814.31405895713,1333.9710884353979,138148.2851473925,2991,57,757.0,34,8,20,29.148175542406317,0.6924019607843136,38.45238095238096,1046.1904761904777,30.770308123249347,0
3020,4,0,0,42,0.0,0.0,1.0,42,1050,500,550,0.47619047619047616,16,5,11,351.70416573847183,0.39121176926054974,0.17889125799573558,0.24045080718854706,136993.408203125,1236.2304687500007,138229.638671875,2992,58,758.0,35,7,17,29.07649253731343,0.6919642857142858,38.28125,1046.875,29.910714285714285,0
3021,4,0,0,42,0.0,0.0,1.0,42,1450,1100,350,0.7586206896551724,18,11,7,350.4210963279837,0.3904253774680604,0.18207654414550967,0.24019773330118155,137084.29783950615,1207.4459876543183,138291.74382716048,2993,59,759.0,35,7,17,29.020225464190982,0.6928571428571428,38.19444444444444,1047.2222222222222,29.92063492063492,0
3022,4,0,0,42,0.0,0.0,1.0,42,1100,600,500,0.5454545454545454,16,6,10,352.22239153250337,0.3904132791327913,0.18241867512666343,0.24206263217621038,137175.2176167053,1263.2366415895156,138438.45425829483,2994,60,760.0,35,7,19,28.883203513423933,0.6937499999999999,38.10763888888889,1047.569444444445,29.93055555555557,0
3023,4,0,0,42,0.0,0.0,1.0,42,950,700,250,0.7368421052631579,12,7,5,352.1116836064225,0.39002613240418116,0.1809423868962141,0.24240814233376007,137235.8475464036,1264.4690661437066,138500.3166125473,2995,61,761.0,35,7,19,28.82619481571487,0.694345238095238,38.049768518518526,1047.800925925927,29.937169312169342,0
3024,4,0,0,42,0.0,0.0,1.0,42,1000,800,200,0.8,12,8,4,353.04614333358086,0.39003823073945026,0.18234514739980123,0.24390075668743266,137357.14759355714,1298.6822434413602,138655.82983699848,2996,62,762.0,35,7,20,28.681889698575684,0.6955357142857143,37.93402777777778,1048.2638888888891,29.950396825396833,0
3025,4,0,0,42,0.0,0.0,1.0,42,1050,300,750,0.2857142857142857,18,3,15,354.48977317664134,0.38887679055361984,0.18208256490282326,0.24618703557853655,137539.19813368062,1351.247829861121,138890.44596354174,2997,63,763.0,35,7,20,28.46429162528964,0.6973214285714284,37.76041666666667,1048.958333333334,29.970238095238113,0
3026,4,0,0,42,0.0,0.0,1.0,42,1300,1200,100,0.9230769230769231,14,12,2,358.46686530542627,0.3885622338366241,0.1843455639205338,0.24942761643395528,137605.6519991277,1465.413344087352,139071.06534321504,2998,64,764.0,36,6,20,28.294381238596124,0.6958912037037036,37.69707207207208,1049.2117117117134,29.144769769769816,0
3027,4,0,0,42,0.0,0.0,1.0,42,850,500,350,0.5882352941176471,12,5,7,354.9538799243505,0.388187185443283,0.18189434108764724,0.24804198415703133,137753.38471917872,1379.2196757568481,139132.60439493557,2999,65,765.0,36,6,21,28.240765572480885,0.6973379629629629,37.55630630630631,1049.7747747747753,29.160410410410424,0
3028,4,0,0,42,0.0,0.0,1.0,42,1500,1200,300,0.8,18,12,6,359.4858797954895,0.3867716802168022,0.18786800591958186,0.2520846115351059,137873.27058684838,1512.7114770394699,139385.98206388784,3000,66,766.0,35,7,21,28.00354492689737,0.700595238095238,37.442129629629626,1050.231481481481,30.006613756613746,0
3029,4,0,0,42,0.0,0.0,1.0,42,1350,1000,350,0.7407407407407407,17,10,7,358.0529107408082,0.38636033681765386,0.18254143124695088,0.25174641911652323,137964.4515844692,1479.714693715696,139444.16627818492,3001,67,767.0,35,7,21,27.95125500348866,0.7014880952380953,37.35532407407407,1050.578703703703,30.01653439153437,0
3030,4,0,0,42,0.0,0.0,1.0,42,1150,700,450,0.6086956521739131,16,7,9,356.855362999476,0.3861546651180798,0.1859030837004405,0.25157194844994096,138055.662722908,1453.1807270233064,139508.8434499313,3002,68,768.0,35,7,17,27.892804698972082,0.7023809523809523,37.26851851851851,1050.9259259259252,30.026455026455004,0
3031,4,0,0,42,0.0,0.0,1.0,42,800,400,400,0.5,12,4,8,355.86834633687533,0.3855497483546264,0.18899792413662975,0.2517685403523499,138177.32445987643,1434.587191358012,139611.91165123443,3003,69,769.0,35,7,17,27.798877146631437,0.7035714285714286,37.15277777777777,1051.388888888888,30.039682539682513,0
3032,4,0,0,42,0.0,0.0,1.0,42,1150,700,450,0.6086956521739131,16,7,9,353.8785973926644,0.3847875532326752,0.18413030155412757,0.2519271988172835,138390.36143529223,1394.677399477007,139785.03883476925,3004,70,770.0,35,7,18,27.64146316870164,0.705654761904762,36.950231481481474,1052.199074074073,30.062830687830658,0
3033,4,0,0,42,0.0,0.0,1.0,42,800,500,300,0.625,11,5,6,353.7559829797321,0.38443670150987225,0.18646823215267472,0.25274239318151276,138512.17052737027,1399.9018079132065,139912.07233528348,3005,71,771.0,35,7,18,27.52485339930365,0.7068452380952381,36.834490740740726,1052.662037037035,30.07605820105814,0
3034,4,0,0,42,0.0,0.0,1.0,42,1400,1000,400,0.7142857142857143,18,10,8,356.1536356445228,0.3836503097173829,0.18586502528028181,0.2551406123695956,138603.56251071647,1472.8325402948906,140076.39505101135,3006,72,772.0,35,7,19,27.37185828387191,0.7077380952380954,36.74768518518517,1053.009259259257,30.085978835978775,0
3035,4,0,0,42,0.0,0.0,1.0,42,1100,700,400,0.6363636363636364,15,7,8,357.84176937514326,0.3827429345722029,0.18846437597124388,0.2570416687516318,138694.98463488068,1526.1717410407875,140221.15637592148,3007,73,773.0,35,7,20,27.23750595172691,0.7086309523809524,36.66087962962962,1053.3564814814802,30.095899470899433,0
3036,4,0,0,42,0.0,0.0,1.0,42,1300,1100,200,0.8461538461538461,15,11,4,360.4851689107588,0.3825493612078978,0.19117439397505342,0.25987470015300496,138816.92768614937,1608.2887249228033,140425.21641107218,3008,74,774.0,35,7,20,27.047981878088954,0.7098214285714287,36.54513888888887,1053.8194444444418,30.10912698412691,0
3037,4,0,1,41,0.0,0.023809523809523808,0.9761904761904762,42,1050,800,250,0.7619047619047619,13,8,5,360.2479529632493,0.3822831978319783,0.20918094422962308,0.25723740384625604,138493.237219483,1578.3810415144894,140071.6182609975,3009,75,775.0,36,6,17,27.37264184586856,0.7045717592592593,36.85247747747748,1052.5900900900901,29.238613613613616,1
3038,4,0,0,41,0.0,0.0,1.0,41,1250,900,350,0.72,16,9,7,362.4388690635665,0.3806910569105691,0.20872686108959249,0.2597061965221005,138611.7975027393,1847.660625152191,140459.4581278915,3010,76,778.0487804878048,36,5,17,27.198294300074856,0.7057291666666667,36.73986486486487,1053.0405405405413,29.25112612612615,0
3039,4,0,0,41,0.0,0.0,1.0,41,1200,800,400,0.6666666666666666,16,8,8,363.4127599356673,0.3800813008130081,0.21330253704418212,0.261545367842931,138760.0691908124,1885.435942699457,140645.50513351188,3011,77,779.0487804878048,36,5,17,27.02677426250535,0.7071759259259259,36.5990990990991,1053.6036036036035,29.266766766766764,0
3040,4,0,0,41,0.0,0.0,1.0,41,950,500,450,0.5263157894736842,14,5,9,344.48189577530127,0.3800813008130081,0.21349699239863806,0.2257768228376483,135498.08078342013,1135.3271484374964,136633.40793185763,3012,78,780.0487804878048,39,2,19,30.74714440553609,0.6696047008547009,39.713541666666664,1041.1458333333333,26.696047008547005,7
3041,4,0,0,41,0.0,0.0,1.0,41,900,500,400,0.5555555555555556,13,5,8,345.2145775478897,0.3790650406504065,0.2127036784076497,0.22694703048674292,135607.21673813535,1162.7176077401032,136769.93434587546,3013,79,781.0487804878048,40,1,20,30.61965394997886,0.6690104166666667,39.608739837398375,1041.5650406504064,26.039126016260163,0
3042,4,0,0,41,0.0,0.0,1.0,41,600,300,300,0.5,9,3,6,347.1877594057089,0.37947154471544714,0.2073434353020578,0.22878783119812088,135692.33929875816,1222.1541777781881,136914.49347653636,3014,80,782.0487804878048,36,5,20,30.483724239803998,0.6770833333333335,39.527027027027025,1041.8918918918914,28.941441441441427,0
3043,4,0,0,41,0.0,0.0,1.0,41,1200,800,400,0.6666666666666666,16,8,8,347.4811297836977,0.37914126016260163,0.20823793200662877,0.22992371825644695,135839.0416387673,1240.3007314747326,137079.34237024203,3015,81,783.0487804878048,36,5,20,30.33042562385221,0.6785300925925926,39.38626126126127,1042.454954954956,28.957082082082113,0
3044,4,0,0,41,0.0,0.0,1.0,41,1200,1000,200,0.8333333333333334,14,10,4,349.0192145319517,0.3782012195121951,0.20783859242480074,0.23151274545600833,135927.1010875742,1288.2340110380778,137215.3350986123,3016,82,784.0487804878048,36,5,16,30.202933765298784,0.6793981481481481,39.30180180180181,1042.7927927927938,28.966466466466493,0
3045,4,0,0,41,0.0,0.0,1.0,41,1000,800,200,0.8,12,8,4,348.2680912318933,0.3776168699186992,0.20888712302782508,0.23189439384684865,136062.3355864305,1277.2339806478994,137339.5695670784,3017,83,785.0487804878048,37,4,16,30.08834734629533,0.6787725225225225,39.17214912280702,1043.3114035087724,28.197605500237092,0
3046,4,0,0,41,0.0,0.0,1.0,41,950,900,50,0.9473684210526315,10,9,1,346.6520053704964,0.3779471544715447,0.20748746409619767,0.23156353958749182,136176.75781250012,1241.1892361111256,137417.94704861124,3018,84,786.0487804878048,37,4,18,30.017049234863617,0.6798986486486486,39.06250000000001,1043.750000000001,28.209459459459485,0
3047,4,0,0,41,0.0,0.0,1.0,41,650,400,250,0.6153846153846154,9,4,5,347.648281036409,0.3777439024390244,0.20900574372645786,0.23250317275884708,136218.57792981606,1271.2308925049465,137489.808822321,3019,85,787.0487804878048,38,3,18,29.949595742503334,0.678453947368421,39.022435897435905,1043.9102564102577,27.471322537112044,0
3048,4,0,0,41,0.0,0.0,1.0,41,1000,700,300,0.7,13,7,6,349.6885109905478,0.3773628048780488,0.21487962041326436,0.23497625924086513,136385.92260437217,1338.5180391190047,137724.44064349117,3020,86,788.0487804878048,38,3,19,29.73048992533496,0.6800986842105263,38.86217948717949,1044.5512820512824,27.488191632928487,0
3049,4,0,0,41,0.0,0.0,1.0,41,950,800,150,0.8421052631578947,11,8,3,349.0972696751917,0.3774644308943089,0.2156957630120382,0.23476431244044188,136413.82337095478,1324.3386569508361,137738.1620279056,3021,87,789.0487804878048,38,3,19,29.718287652553347,0.6803728070175439,38.835470085470085,1044.6581196581196,27.491003148897885,0
3050,4,0,0,41,0.0,0.0,1.0,41,850,500,350,0.5882352941176471,12,5,7,346.9689528177154,0.37703252032520324,0.21915314839102207,0.23407243423882,136525.45497297097,1274.0188289867742,137799.47380195773,3022,88,790.0487804878048,38,3,19,29.663327199618358,0.6814692982456141,38.72863247863248,1045.0854700854698,27.50224921277552,0
3051,4,0,0,41,0.0,0.0,1.0,41,1200,900,300,0.75,15,9,6,350.3589543353838,0.37690548780487804,0.21121432914369986,0.23748708068107582,136692.98798305198,1378.3224669442468,138071.31044999624,3023,89,791.0487804878048,38,3,20,29.40888502928756,0.6831140350877194,38.56837606837606,1045.7264957264947,27.519118308591967,0
3052,4,0,0,41,0.0,0.0,1.0,41,1200,600,600,0.5,18,6,12,348.8242157672694,0.3766006097560976,0.2092992727559133,0.23723111013747678,136809.26492370747,1344.4826164788856,138153.74754018636,3024,90,792.0487804878048,36,5,20,29.33396124865445,0.6880787037037037,38.457207207207205,1046.171171171171,29.060310310310303,0
3053,4,0,0,41,0.0,0.0,1.0,41,1500,1200,300,0.8,18,12,6,349.0250966396122,0.37624491869918697,0.20203361366588357,0.23836798481008048,136956.56963974112,1360.2559907880845,138316.8256305292,3025,91,793.0487804878048,36,5,18,29.183028509951576,0.689525462962963,38.31644144144144,1046.7342342342345,29.075950950950958,0
3054,4,0,0,41,0.0,0.0,1.0,41,850,600,250,0.7058823529411765,11,6,5,350.2303611340818,0.37619410569105693,0.19587734322337313,0.2399994199105251,137074.47047977024,1401.5282596785903,138475.99873944884,3026,92,794.0487804878048,36,5,18,29.0349320715489,0.6906828703703705,38.203828828828826,1047.184684684684,29.088463463463444,0
3055,4,0,0,41,0.0,0.0,1.0,41,1000,700,300,0.7,13,7,6,354.4422861508387,0.37644817073170733,0.1991703855976421,0.24350237413405473,137162.92939899355,1523.2684542650686,138686.19785325864,3027,93,795.0487804878048,36,5,18,28.83721242743494,0.6915509259259259,38.119369369369366,1047.5225225225222,29.097847847847838,0
3056,4,0,0,41,0.0,0.0,1.0,41,700,500,200,0.7142857142857143,9,5,4,355.72365368384874,0.37649898373983737,0.20246130457005784,0.24500433734479699,137251.41685181786,1564.7150951627073,138816.13194698057,3028,94,796.0487804878048,36,5,18,28.71619201146336,0.6924189814814816,38.0349099099099,1047.860360360359,29.107232232232192,0
3057,4,0,0,41,0.0,0.0,1.0,41,1150,700,450,0.6086956521739131,16,7,9,352.8160295361215,0.37545731707317076,0.1974121395704722,0.24362103879244942,137339.93283824355,1491.1459601493302,138831.07879839287,3029,95,797.0487804878048,36,5,18,28.70492228907034,0.6932870370370371,37.95045045045045,1048.1981981981974,29.116616616616593,0
3058,4,0,0,41,0.0,0.0,1.0,41,1500,1100,400,0.7333333333333333,19,11,8,350.24704614133157,0.3739329268292683,0.19313700330475525,0.2430850214426497,137517.0504118983,1432.9881401671857,138950.03855206547,3030,96,798.0487804878048,36,5,20,28.597407129053035,0.6950231481481481,37.78153153153153,1048.8738738738732,29.135385385385366,0
3059,4,0,0,41,0.0,0.0,1.0,41,1250,1000,250,0.8,15,10,5,347.21317589035186,0.37370426829268294,0.19256340928261406,0.24203767709006224,137668.62309797225,1360.0719692597463,139028.69506723198,3031,97,799.0487804878048,37,4,20,28.52747448890746,0.6945382882882883,37.63706140350876,1049.4517543859633,28.36356092935036,0
3060,4,0,0,41,0.0,0.0,1.0,41,750,500,250,0.6666666666666666,10,5,5,347.7678749954817,0.3733993902439024,0.19040290277537153,0.24262639208868425,137697.3924669128,1377.3459141274147,139074.73838104022,3032,98,800.0487804878048,37,4,20,28.484555648419004,0.6948198198198199,37.609649122807014,1049.5614035087713,28.36652441915598,0
3061,4,0,1,40,0.0,0.024390243902439025,0.975609756097561,41,1450,1200,250,0.8275862068965517,17,12,5,347.1744438914986,0.37334857723577236,0.18566643316563725,0.2428192330358725,137783.71860812927,1366.997177015987,139150.71578514526,3033,99,801.0487804878048,37,4,20,28.41503481288077,0.6956644144144144,37.527412280701746,1049.8903508771918,28.375414888572752,0
3062,4,0,0,40,0.0,0.0,1.0,40,1250,1000,250,0.8,15,10,5,352.11819642520203,0.3739182692307692,0.18438639776871923,0.24606040682726643,137753.38471917863,1701.0946757568338,139454.47939493548,3034,100,806.2,36,4,22,28.315186297647138,0.697337962962963,37.556306306306304,1049.7747747747746,29.160410410410407,0
3063,4,0,0,40,0.0,0.0,1.0,40,1000,800,200,0.8,12,8,4,354.00333896611886,0.37354433760683764,0.17459759691679877,0.24825257999674893,137875.0070861678,1761.6679368971836,139636.675023065,3035,101,807.2,34,6,23,28.14578137988362,0.7028186274509804,37.44047619047619,1050.2380952380954,30.889355742296924,0
3064,4,0,0,40,0.0,0.0,1.0,40,750,300,450,0.4,12,3,9,353.99439316391107,0.37343750000000003,0.17489232687294587,0.24847195949762826,137906.26594387752,1763.6089852607693,139669.87492913828,3036,102,808.2,34,6,23,28.115200800936947,0.703125,37.410714285714285,1050.3571428571427,30.89285714285714,0
3065,4,0,0,40,0.0,0.0,1.0,40,1100,700,400,0.6363636363636364,15,7,8,353.3971161870017,0.3732638888888889,0.1785903083700442,0.2491339918461159,138055.66272290796,1757.6946159121946,139813.35733882015,3037,103,809.2,35,5,19,27.983663729809095,0.7023809523809523,37.26851851851851,1050.925925925925,30.026455026455,0
3066,4,0,0,40,0.0,0.0,1.0,40,800,400,400,0.5,12,4,8,353.6695814843058,0.37284989316239314,0.18266182298546907,0.2502129655921678,138177.32445987657,1773.823302469138,139951.1477623457,3038,104,810.2,35,5,19,27.85667107001321,0.7035714285714285,37.15277777777778,1051.3888888888891,30.03968253968255,0
3067,4,0,0,40,0.0,0.0,1.0,40,1250,800,450,0.64,17,8,9,365.7048127203666,0.37284989316239314,0.19170723611418472,0.2485142930350883,136781.44959919414,2016.3832090192077,138797.83280821334,3039,105,811.2,35,5,20,28.92002286641588,0.6898809523809524,38.4837962962963,1046.064814814815,29.887566137566143,5
3068,4,0,0,40,0.0,0.0,1.0,40,1500,1400,100,0.9333333333333333,16,14,2,364.03156144548257,0.3732104700854701,0.1845764679862878,0.2484481064265283,136932.8318571031,1969.5745188185954,138902.40637592168,3040,106,812.2,35,5,20,28.813838512293117,0.6913690476190476,38.339120370370374,1046.643518518519,29.904100529100543,0
3069,4,0,0,40,0.0,0.0,1.0,40,950,700,250,0.7368421052631579,12,7,5,364.68424749727154,0.37343750000000003,0.18545997346306953,0.24910908869828746,136963.11835562423,1989.6583504801222,138952.77670610434,3041,107,813.2,35,5,19,28.76676986584108,0.6916666666666667,38.31018518518519,1046.75925925926,29.90740740740743,0
3070,4,0,0,40,0.0,0.0,1.0,40,900,700,200,0.7777777777777778,11,7,4,364.36948791390176,0.3735042735042735,0.18432905935669308,0.249542070943003,137053.99794506605,1987.6590095593374,139041.6569546254,3042,108,814.2,35,5,19,28.685038318411273,0.6925595238095237,38.22337962962963,1047.1064814814818,29.91732804232805,0
3071,4,0,0,40,0.0,0.0,1.0,40,750,600,150,0.8,9,6,3,363.64892852145624,0.3725560897435898,0.1861680971320916,0.2499497743233088,137180.00370306248,1977.0722722376115,139157.0759753001,3043,109,815.2,37,3,19,28.57921638406252,0.6897522522522522,38.103070175438596,1047.5877192982455,28.313181602655284,0
3072,4,0,0,40,0.0,0.0,1.0,40,1000,600,400,0.6,14,6,8,361.92388413060405,0.3721688034188034,0.18732604373757478,0.2493804297502656,137266.16753472228,1935.9809027777828,139202.14843750006,3044,110,816.2,37,3,19,28.539181577203447,0.6905968468468467,38.020833333333336,1047.916666666667,28.322072072072082,0
3073,4,0,0,40,0.0,0.0,1.0,40,1100,800,300,0.7272727272727273,14,8,6,359.7841502377453,0.371875,0.18392352756564545,0.24831600665145184,137323.6251178248,1881.3727541166613,139204.99787194145,3045,111,817.2,37,3,19,28.538441085190225,0.6911599099099099,37.96600877192983,1048.1359649122812,28.327999051683275,0
3074,4,0,0,40,0.0,0.0,1.0,40,600,400,200,0.6666666666666666,8,4,4,358.2281472663296,0.37159455128205127,0.18391213389121397,0.24744661039495008,137352.35841797473,1840.6961757463803,139193.0545937211,3046,112,818.2,37,3,19,28.55081938633194,0.6914414414414414,37.93859649122807,1048.2456140350873,28.330962541488848,0
3075,4,0,0,40,0.0,0.0,1.0,40,1100,600,500,0.5454545454545454,16,6,10,355.35421486536154,0.37044604700854705,0.17252247543382815,0.24668493609593967,137524.82133925823,1774.0049823022416,139298.82632156045,3047,113,819.2,37,3,20,28.45581573628823,0.6931306306306306,37.77412280701754,1048.9035087719296,28.348743480322423,0
3076,4,0,0,40,0.0,0.0,1.0,40,750,400,350,0.5333333333333333,11,4,7,352.2574948413028,0.3701923076923077,0.17207449587294943,0.24555400459767737,137668.6230979725,1698.960858148666,139367.58395612118,3048,114,820.2,37,3,21,28.395130254588505,0.6945382882882882,37.637061403508774,1049.4517543859654,28.363560929350417,0
3077,4,0,0,40,0.0,0.0,1.0,40,1000,500,500,0.5,15,5,10,352.2452071557599,0.3704994658119658,0.17154961832061044,0.2459708003059946,137728.37822567404,1702.8322238658916,139431.21044953994,3049,115,821.2,38,2,21,28.33651399491093,0.6932565789473684,37.58012820512821,1049.6794871794884,27.623144399460223,0
3078,4,0,0,40,0.0,0.0,1.0,40,950,600,350,0.631578947368421,13,6,7,353.1042256435749,0.37033920940170945,0.17160120077337981,0.24697190216365916,137784.45655498942,1730.4547675140677,139514.9113225035,3050,116,822.2,38,2,21,28.25866659882636,0.6938048245614035,37.526709401709404,1049.8931623931626,27.628767431399016,0
3079,4,0,0,40,0.0,0.0,1.0,40,1050,800,250,0.7619047619047619,13,8,5,351.85692345612944,0.3701923076923077,0.16942472332428427,0.24671197751557916,137870.07180093895,1702.110713679382,139572.18251461833,3051,117,823.2,37,3,21,28.207002157722556,0.6965090090090089,37.4451754385965,1050.2192982456156,28.38430535798961,0
3080,4,0,0,40,0.0,0.0,1.0,40,650,300,350,0.46153846153846156,10,3,7,350.9468665147028,0.36992521367521364,0.17317327766179536,0.2464861423175115,137927.65562480787,1681.0557094490853,139608.71133425695,3052,118,824.2,37,3,22,28.174147529575507,0.697072072072072,37.39035087719299,1050.4385964912299,28.390232337600807,0
3081,4,0,0,40,0.0,0.0,1.0,40,800,600,200,0.75,10,6,4,350.9471966609625,0.3696848290598291,0.17473909413483613,0.2468998559768975,137985.25147160675,1685.107436903676,139670.35890851042,3053,119,825.2,37,3,22,28.117390245599392,0.6976351351351351,37.33552631578948,1050.657894736843,28.39615931721197,0
3082,4,0,0,40,0.0,0.0,1.0,40,1000,600,400,0.6,14,6,8,350.0980845952082,0.3685096153846154,0.17371674491392808,0.24692348350589172,138071.6677847991,1667.7252856648097,139739.3930704639,3054,120,826.2,37,3,16,28.054577464788714,0.6984797297297297,37.253289473684205,1050.9868421052627,28.40504978662872,0
3083,4,0,0,40,0.0,0.0,1.0,40,1400,1000,400,0.7142857142857143,18,10,8,350.29493922349155,0.36786858974358977,0.16435349322210668,0.24810402268488066,138215.75508810405,1683.2559056632804,139899.01099376733,3055,121,827.2,37,3,18,27.90754257907543,0.6998873873873874,37.11622807017544,1051.5350877192984,28.419867235656714,0
3084,4,0,0,40,0.0,0.0,1.0,40,1000,700,300,0.7,13,7,6,350.90677384570125,0.3670138888888889,0.15955445544554436,0.2495886208339142,138359.9175347222,1710.2864583333287,140070.20399305553,3056,122,828.2,37,3,20,27.74958745874586,0.701295045045045,36.979166666666664,1052.0833333333333,28.434684684684683,0
3085,4,0,0,40,0.0,0.0,1.0,40,1000,800,200,0.8,12,8,4,353.1779581258705,0.36651976495726496,0.15596478433006933,0.25184264800089906,138446.4510714834,1779.2469798399372,140225.69805132333,3057,123,829.2,37,3,21,27.604709314440505,0.7021396396396398,36.8969298245614,1052.4122807017534,28.443575154101442,0
3086,4,0,0,40,0.0,0.0,1.0,40,1150,800,350,0.6956521739130435,15,8,7,350.9921875000001,0.36619925213675214,0.15476041666666673,0.25070870535714285,138504.15512465363,1722.7752770083007,140226.93040166193,3058,124,830.2,37,3,21,27.605468750000004,0.7027027027027029,36.84210526315789,1052.6315789473676,28.449502133712638,0
3087,4,0,0,40,0.0,0.0,1.0,40,750,400,350,0.5333333333333333,11,4,7,346.4335761763864,0.36505074786324787,0.15095252966895734,0.24871755850152188,138677.33942174492,1608.4973261003113,140285.83674784523,3059,125,831.2,37,3,21,27.555260601013252,0.704391891891892,36.677631578947356,1053.2894736842086,28.467283072546177,0
3088,4,0,1,39,0.0,0.025,0.975,40,750,400,350,0.5333333333333333,11,4,7,351.99897162886754,0.3640758547008547,0.15802986161689714,0.2537931070011284,138821.74232696573,1773.0221077638957,140594.76443472962,3060,126,832.2,37,3,21,27.266825339021246,0.7057995495495497,36.54057017543858,1053.8377192982437,28.482100521574154,0
3089,4,0,0,39,0.0,0.0,1.0,39,750,500,250,0.6666666666666666,10,5,5,354.5122477128229,0.3632759784075574,0.14358097461656283,0.25536344125087623,138789.73303962743,2040.5320438681879,140830.26508349561,3061,127,810.5897435897435,36,3,21,27.232063339389406,0.7074652777777779,36.570945945945944,1053.716216216216,29.26989489489489,0
3090,4,0,0,39,0.0,0.0,1.0,39,1100,800,300,0.7272727272727273,14,8,6,353.85648893124426,0.3624044084570401,0.14594101550623284,0.25578769057029904,138908.4201388887,2030.779893068719,140939.2000319574,3062,128,811.5897435897435,35,4,22,27.132740447957826,0.7107142857142857,36.45833333333332,1054.1666666666652,30.119047619047574,0
3091,4,0,0,39,0.0,0.0,1.0,39,700,600,100,0.8571428571428571,8,6,2,333.10545677718284,0.3624044084570401,0.1167632818775921,0.21037301842451994,134152.912434595,1176.4759349030185,135329.38836949802,3063,129,812.5897435897435,37,2,18,32.381632797064626,0.6599099099099102,41.00877192982455,1035.9649122806998,27.999051683262156,8
3092,4,0,0,39,0.0,0.0,1.0,39,900,600,300,0.6666666666666666,12,6,6,333.7938704144138,0.36248875393612234,0.12161444082260697,0.21118504560661416,134218.45465565397,1160.2594921104335,135378.7141477644,3064,130,813.5897435897435,38,1,18,32.298432828126614,0.658717105263158,40.94551282051281,1036.2179487179471,27.2688933873144,0
3093,4,0,0,39,0.0,0.0,1.0,39,900,600,300,0.6666666666666666,12,6,6,333.9178622548031,0.36209514170040485,0.1238994658229795,0.21158309482258916,134273.81388569262,1167.284977901936,135441.09886359455,3065,131,814.5897435897435,38,1,18,32.24001821118098,0.6592653508771931,40.892094017094,1036.4316239316217,27.274516419253203,0
3094,4,0,0,39,0.0,0.0,1.0,39,900,700,200,0.7777777777777778,11,7,4,333.9178622548031,0.36209514170040485,0.1238994658229795,0.21158309482258916,134273.81388569262,1167.284977901936,135441.09886359455,3066,132,815.5897435897435,38,1,18,32.24001821118098,0.6592653508771931,40.892094017094,1036.4316239316217,27.274516419253203,0
3095,4,0,0,39,0.0,0.0,1.0,39,1000,600,400,0.6,14,6,8,332.4246840867251,0.36150472334682865,0.11877206333100832,0.21111578104565276,134356.87413251487,1132.7082876762097,135489.5824201911,3067,133,816.5897435897435,38,1,18,32.195915773564145,0.6600877192982457,40.8119658119658,1036.7521367521347,27.28295096716144,0
3096,4,0,1,38,0.0,0.02564102564102564,0.9743589743589743,39,1100,1000,100,0.9090909090909091,12,10,2,332.45951365389993,0.3621513720197931,0.11758056891438318,0.21194021129781426,134495.3649485899,1142.8527239023836,135638.2176724923,3068,134,817.5897435897435,38,1,18,32.05702612696124,0.6614583333333335,40.67841880341879,1037.2863247863233,27.29700854700851,0
3097,4,0,0,38,0.0,0.0,1.0,38,650,300,350,0.46153846153846156,10,3,7,337.15553913043027,0.36167911332385017,0.12213653384968914,0.21475786159156482,134465.47405211203,1467.1558796937313,135932.62993180574,3069,135,833.4736842105264,37,1,18,31.96503770659335,0.6630067567567568,40.70723684210525,1037.1710526315776,28.031650071123718,0
3098,4,0,0,38,0.0,0.0,1.0,38,1050,800,250,0.7619047619047619,13,8,5,335.4755083158644,0.36160502607871026,0.12500278179592716,0.21385433346819907,134493.90677900877,1423.882348414878,135917.78912742366,3070,136,834.4736842105264,37,1,18,31.980267794221266,0.6632882882882885,40.6798245614035,1037.2807017543848,28.03461356092932,0
3099,4,0,1,37,0.0,0.02631578947368421,0.9736842105263158,38,1250,700,550,0.56,18,7,11,335.3171723036726,0.3614420341394025,0.12481504967237345,0.21408711770157554,134550.78125,1423.4615458602648,135974.24279586028,3071,137,835.4736842105264,35,3,18,31.927710843373482,0.6678571428571429,40.625,1037.5,29.642857142857142,0
3100,4,0,0,37,0.0,0.0,1.0,37,1100,900,200,0.8181818181818182,13,9,4,339.5106530539829,0.36039164164164167,0.12656029523499424,0.21676449387292773,134550.78125000012,1736.2847222222363,136287.06597222236,3072,138,850.1621621621622,36,1,19,31.818942436412307,0.665798611111111,40.62500000000001,1037.500000000001,28.81944444444447,0
3101,4,0,0,37,0.0,0.0,1.0,37,900,400,500,0.4444444444444444,14,4,10,336.5826363891869,0.3603603603603604,0.11986292079968863,0.21542730196301502,134640.85708429795,1663.554928626554,136304.4120129245,3073,139,851.1621621621622,35,2,19,31.80516058882569,0.66875,40.53819444444445,1037.847222222223,29.652777777777803,0
3102,4,1,0,38,0.02631578947368421,0.0,1.0,38,500,200,300,0.4,8,2,6,330.4060772464212,0.36474632527264106,0.12897760334067288,0.21316968312415963,134930.76480196422,1316.3889396152988,136247.15374157953,3074,0,829.7368421052631,36,2,17,31.67700881566586,0.6695601851851851,40.25900900900901,1038.9639639639647,28.86011011011013,0
3103,4,0,0,38,0.0,0.0,1.0,38,700,300,400,0.42857142857142855,11,3,8,332.7589990622385,0.364183262209578,0.13257135035247436,0.21503501704106007,134989.27136596065,1383.7789647756,136373.05033073627,3075,1,830.7368421052631,36,2,17,31.55771384193036,0.6701388888888888,40.20270270270271,1039.18918918919,28.866366366366393,0
3104,4,0,0,38,0.0,0.0,1.0,38,500,300,200,0.6,7,3,4,334.082028199046,0.36372392128971076,0.1356336718923754,0.2160646838296425,135018.52940355908,1421.4528295187163,136439.98223307778,3076,2,831.7368421052631,36,2,17,31.494248203127817,0.6704282407407407,40.17454954954955,1039.3018018018026,28.869494494494518,0
3105,4,0,0,38,0.0,0.0,1.0,38,900,500,400,0.5555555555555556,13,5,8,339.6003642958745,0.3631608582266477,0.14386895973823854,0.22034646265241112,135135.59325795394,1578.4193399480594,136714.012597902,3077,3,832.7368421052631,36,2,17,31.234430845878904,0.6715856481481481,40.06193693693694,1039.7522522522527,28.88200700700702,0
3106,4,0,0,38,0.0,0.0,1.0,38,750,400,350,0.5333333333333333,11,4,7,338.9492148616512,0.36305713608345186,0.14165612211164658,0.2201024648405408,135164.86714755307,1562.8051193085107,136727.67226686157,3078,4,833.7368421052631,36,2,17,31.222249296079696,0.671875,40.03378378378379,1039.864864864866,28.885135135135165,0
3107,4,0,0,38,0.0,0.0,1.0,38,1250,800,450,0.64,17,8,9,338.26295170141293,0.3631460407776197,0.13891864785393526,0.22001384661367954,135223.42443795147,1548.2149379108869,136771.63937586235,3079,5,834.7368421052631,36,2,17,31.181878879745923,0.6724537037037037,39.97747747747748,1040.0900900900901,28.891391391391394,0
3108,4,0,0,38,0.0,0.0,1.0,38,800,400,400,0.5,12,4,8,336.6230645167962,0.36307195353247984,0.14155598479798015,0.21912524643704362,135252.70783875103,1505.8361993750632,136758.5440381261,3080,6,835.7368421052631,36,2,17,31.19541878676339,0.6727430555555556,39.94932432432433,1040.2027027027036,28.894519519519545,0
3109,4,0,0,38,0.0,0.0,1.0,38,1050,700,350,0.6666666666666666,14,7,7,336.84707226542287,0.3630126837363679,0.141559521707179,0.21962809461257904,135311.28415155035,1515.8419821849045,136827.12613373526,3081,7,836.7368421052631,36,2,17,31.13139048237543,0.6733217592592593,39.893018018018026,1040.4279279279292,28.900775775775813,0
3110,4,0,0,38,0.0,0.0,1.0,38,1000,600,400,0.6,14,6,8,328.55989978863823,0.3630126837363679,0.11079728360364771,0.2001809214460784,132821.5187004656,1127.9649747999454,133949.48367526554,3082,8,837.7368421052631,37,1,18,33.83006683686132,0.6466779279279279,42.29714912280702,1030.8114035087724,27.859767662399253,7
3111,4,0,0,38,0.0,0.0,1.0,38,1050,600,450,0.5714285714285714,15,6,9,329.54654625370046,0.3627904220009483,0.11341198594103274,0.20123738447855838,132906.3029008926,1159.7626192674659,134066.06552016007,3083,9,838.7368421052631,37,1,18,33.71969374734155,0.6475225225225225,42.21491228070175,1031.140350877193,27.868658131816026,0
3112,4,0,0,38,0.0,0.0,1.0,38,650,400,250,0.6153846153846154,9,4,5,328.092116319183,0.36299786628733993,0.11083071275893297,0.20065243472680333,132962.84072983998,1124.811961372733,134087.65269121272,3084,10,839.7368421052631,37,1,19,33.700563470125445,0.6480855855855856,42.16008771929825,1031.3596491228072,27.874585111427223,0
3113,4,0,0,38,0.0,0.0,1.0,38,400,100,300,0.25,7,1,6,331.55549969958525,0.36319049312470364,0.11238120276778685,0.20323164147709444,133047.67001625508,1222.537343221,134270.20735947607,3085,11,840.7368421052631,37,1,19,33.52630017359266,0.6489301801801801,42.077850877192986,1031.6885964912287,27.88347558084402,0
3114,4,0,0,38,0.0,0.0,1.0,38,950,600,350,0.631578947368421,13,6,7,331.55549969958525,0.36319049312470364,0.11238120276778685,0.20323164147709444,133047.67001625508,1222.537343221,134270.20735947607,3086,12,841.7368421052631,37,1,19,33.52630017359266,0.6489301801801801,42.077850877192986,1031.6885964912287,27.88347558084402,0
3115,4,0,0,38,0.0,0.0,1.0,38,550,300,250,0.5454545454545454,8,3,5,347.03546345163903,0.3630867709815078,0.11770308449596634,0.19342784776591948,129401.82317029852,1389.8474377637488,130791.67060806227,3087,13,842.7368421052631,36,2,19,36.808937465412285,0.6142939814814816,45.636261261261254,1017.4549549549538,28.262637637637607,8
3116,4,0,0,38,0.0,0.0,1.0,38,850,600,250,0.7058823529411765,11,6,5,346.4969480367805,0.3624792555713608,0.12496579907904937,0.19397392614244763,129573.74762854057,1379.3816197954557,130953.12924833603,3088,14,843.7368421052631,36,2,13,36.647863436935445,0.6160300925925927,45.467342342342334,1018.1306306306295,28.281406406406376,0
3117,4,0,0,38,0.0,0.0,1.0,38,1300,1200,100,0.9230769230769231,14,12,2,351.6466682856798,0.36364983404457085,0.12662237554757905,0.19772202659916377,129745.7862211874,1524.934689757323,131270.7209109447,3089,15,844.7368421052631,36,2,13,36.341927342397106,0.6177662037037037,45.29842342342342,1018.8063063063063,28.300175175175173,0
3118,4,0,0,38,0.0,0.0,1.0,38,1050,700,350,0.6666666666666666,14,7,7,352.0598508133435,0.3628052394499763,0.1324106763759878,0.19824452955880184,129803.15778193738,1539.6960727619535,131342.85385469932,3090,16,845.7368421052631,36,2,14,36.27311489299001,0.6183449074074074,45.24211711711712,1019.0315315315318,28.306431431431438,0
3119,4,4,2,40,0.09523809523809523,0.047619047619047616,0.9523809523809523,42,1000,700,300,0.7,13,7,6,322.0979321713593,0.38017808749516063,0.12693442025383583,0.18524774726767856,130625.94112507411,14.869104864803717,130640.81022993891,3091,0,766.0952380952381,40,2,14,36.20431123040727,0.6195312500000001,44.435975609756085,1022.2560975609737,25.556402439024342,0
3120,4,2,1,41,0.047619047619047616,0.023809523809523808,0.9761904761904762,42,950,800,150,0.8421052631578947,11,8,3,330.04738938187865,0.38308168795973674,0.15403255930512394,0.19135908223747247,130937.79047070186,243.13518325730922,131180.92565395916,3092,0,767.047619047619,40,2,15,35.68621123357494,0.6226562500000001,44.131097560975604,1023.4756097560968,25.58689024390242,0
3121,4,0,0,41,0.0,0.0,1.0,41,1050,900,150,0.8571428571428571,12,9,3,338.64695512249466,0.37855691056910573,0.15337467497473067,0.19575348712525123,130821.45317925341,660.4573567708279,131481.91053602422,3093,1,786.7560975609756,39,2,16,35.58371941078641,0.623130341880342,44.244791666666664,1023.0208333333328,26.231303418803407,0
3122,4,0,0,41,0.0,0.0,1.0,41,900,600,300,0.6666666666666666,12,6,6,339.08184813928995,0.37870934959349595,0.14272772624948193,0.19681968822591855,130981.34901258675,682.6795789930507,131664.02859157982,3094,2,787.7560975609756,39,2,16,35.411048641497906,0.6247329059829061,44.088541666666664,1023.6458333333329,26.24732905982905,0
3123,4,0,0,41,0.0,0.0,1.0,41,700,600,100,0.8571428571428571,8,6,2,343.94707645983465,0.37947154471544714,0.1396726631288281,0.2001979697262661,131088.00048828125,817.4669053819445,131905.4673936632,3095,3,788.7560975609756,39,2,16,35.17879242532126,0.625801282051282,43.984375,1024.0625,26.25801282051282,0
3124,4,0,1,40,0.0,0.024390243902439025,0.975609756097561,41,1150,700,450,0.6086956521739131,16,7,9,342.95189922905297,0.3793191056910569,0.13872230241521444,0.20003493339374329,131168.01757812512,796.8641493055702,131964.88172743068,3096,4,789.7560975609756,39,2,16,35.12346620568097,0.6266025641025641,43.90625000000001,1024.375000000001,26.266025641025664,0
3125,4,0,0,40,0.0,0.0,1.0,40,950,700,250,0.7368421052631579,12,7,5,347.4693104020315,0.3786324786324786,0.13737220947214723,0.20235970896196084,131109.19922017682,1111.284608079486,132220.4838282563,3097,5,795.1,38,2,17,35.06719869253772,0.6277412280701754,43.96367521367522,1024.1452991452995,26.95119208277104,0
3126,4,1,1,40,0.024390243902439025,0.024390243902439025,0.975609756097561,41,850,600,250,0.7058823529411765,11,6,5,339.4568084324105,0.3836636178861788,0.13154522765632048,0.1989633384028205,131354.81906467033,717.8575303819645,132072.6765950523,3098,0,776.6829268292682,39,2,17,35.0244936151475,0.6284722222222221,43.72395833333334,1025.1041666666683,26.284722222222264,0
3127,4,1,0,41,0.024390243902439025,0.0,1.0,41,1050,900,150,0.8571428571428571,12,9,3,341.8434886091926,0.3823932926829268,0.1403225446898524,0.20120339703136428,131515.04041883696,791.5120442708537,132306.5524631078,3099,0,777.6585365853658,39,2,18,34.801737415795,0.6300747863247863,43.56770833333334,1025.729166666668,26.3007478632479,0
3128,4,0,1,40,0.0,0.024390243902439025,0.975609756097561,41,1500,1000,500,0.6666666666666666,20,10,10,340.3535129498387,0.3827489837398374,0.13356703603576858,0.20102894541857375,131648.6328125,761.4149305555563,132410.04774305556,3100,1,778.6585365853658,39,2,12,34.70530518338071,0.6314102564102564,43.4375,1026.25,26.314102564102566,0
3129,4,1,1,40,0.024390243902439025,0.024390243902439025,0.975609756097561,41,850,500,350,0.5882352941176471,12,5,7,331.9497263752505,0.38404471544715446,0.10061285256362607,0.19524354873899152,131488.33007812512,529.5030381944592,132017.83311631958,3101,0,779.609756097561,39,2,14,35.08235154715961,0.6298076923076923,43.59375000000001,1025.625000000001,26.298076923076945,1
3130,4,0,0,40,0.0,0.0,1.0,40,1400,1200,200,0.8571428571428571,16,12,4,337.702241859928,0.377190170940171,0.1052281963113475,0.19822192141466236,131410.26925131504,875.5085059171754,132285.77775723222,3102,10,800.1,38,2,14,35.01354589976036,0.6307565789473684,43.6698717948718,1025.3205128205138,26.982118758434574,0
3131,4,1,1,40,0.024390243902439025,0.024390243902439025,0.975609756097561,41,700,400,300,0.5714285714285714,10,4,6,329.52251361240235,0.38127540650406505,0.10179974299996797,0.1944952834988484,131621.90890842036,474.4764539930794,132096.38536241345,3103,0,781.560975609756,39,2,11,35.01008780834434,0.6311431623931623,43.46354166666668,1026.145833333335,26.311431623931668,0
3132,4,1,1,40,0.024390243902439025,0.024390243902439025,0.975609756097561,41,1200,800,400,0.6666666666666666,16,8,8,342.1068623853978,0.38132621951219514,0.15063753019477488,0.19726788474415832,130726.51855504421,757.4028577490321,131483.92141279325,3104,0,782.5365853658536,38,3,14,35.591220922133985,0.6239035087719298,44.337606837606835,1022.6495726495727,26.911830859199284,3
3133,4,0,0,40,0.0,0.0,1.0,40,1050,800,250,0.7619047619047619,13,8,5,347.2884327315358,0.3763888888888889,0.14210272356851883,0.20017379008988254,130710.70545744828,1078.8632079101117,131789.56866535838,3105,13,803.1,37,3,14,35.474748016298534,0.6255630630630631,44.35307017543859,1022.5877192982442,27.637505926979575,0
3134,4,0,0,40,0.0,0.0,1.0,40,950,800,150,0.8421052631578947,11,8,3,349.4073639019561,0.3763221153846154,0.14468478610485747,0.2015412791041151,130738.73842191814,1136.2155903739492,131874.9540122921,3106,14,804.1,37,3,14,35.39220810550018,0.6258445945945947,44.325657894736835,1022.6973684210515,27.640469416785173,0
3135,4,0,0,40,0.0,0.0,1.0,40,1300,900,400,0.6923076923076923,17,9,8,346.66217185581866,0.3763221153846154,0.13593967641701532,0.20083166045501882,130906.99932912037,1076.100939712204,131983.10026883258,3107,15,805.1,37,3,14,35.29222025786635,0.6275337837837839,44.16118421052631,1023.3552631578937,27.658250355618748,0
3136,4,1,0,41,0.024390243902439025,0.0,1.0,41,950,400,550,0.42105263157894735,15,4,11,339.96525373998367,0.3804369918699187,0.14707530283271897,0.19884531309714396,131274.74500868065,725.7703993055609,132000.5154079862,3108,0,786.439024390244,39,2,15,35.09224435860946,0.6276709401709402,43.802083333333336,1024.7916666666674,26.27670940170942,0
3137,4,0,1,40,0.0,0.024390243902439025,0.975609756097561,41,1200,800,400,0.6666666666666666,16,8,8,338.27934706146135,0.37975101626016255,0.14751028435380786,0.19884528183974046,131465.0463533674,694.3928590588025,132159.4392124262,3109,1,787.439024390244,38,3,16,34.94352710351773,0.6313048245614037,43.61645299145298,1025.534188034186,26.987741790373313,0
3138,4,1,1,40,0.024390243902439025,0.024390243902439025,0.975609756097561,41,750,400,350,0.5333333333333333,11,4,7,334.62104763026537,0.3811229674796748,0.14709318271858307,0.19740175315977054,131602.03904594915,607.3624351669073,132209.40148111605,3110,0,787.560975609756,38,3,14,34.89930410939887,0.6326754385964912,43.482905982905976,1026.0683760683748,27.00179937022039,0
3139,4,1,0,41,0.024390243902439025,0.0,1.0,41,1050,700,350,0.6666666666666666,14,7,7,340.82962450441414,0.38104674796747967,0.16446543912079425,0.20251767676053378,131876.23844875436,789.4657663087007,132665.70421506307,3111,0,788.5365853658536,38,3,15,34.463846127175636,0.6354166666666667,43.21581196581196,1027.1367521367513,27.029914529914507,0
3140,4,1,1,41,0.023809523809523808,0.023809523809523808,0.9761904761904762,42,650,400,250,0.6153846153846154,9,4,5,335.57436032452733,0.38472706155632985,0.1662517068839897,0.20059257189841065,132103.3542209201,466.0997178819395,132569.45393880203,3112,0,770.7380952380952,39,3,15,34.37035582801364,0.6359508547008548,42.994791666666664,1028.020833333333,26.359508547008538,0
3141,4,0,0,41,0.0,0.0,1.0,41,1250,1000,250,0.8,15,10,5,340.14758428791083,0.3817327235772358,0.16364461596586044,0.20284436536053388,132013.44515897793,780.8108928701804,132794.25605184812,3113,2,790.5365853658536,38,3,15,34.343270263714174,0.6367872807017544,43.082264957264954,1027.6709401709395,27.043972109761565,0
3142,4,0,1,40,0.0,0.024390243902439025,0.975609756097561,41,1050,800,250,0.7619047619047619,13,8,5,341.2214476278133,0.3818089430894309,0.15728970257283592,0.2042235828339599,132150.7232084155,818.5322156476004,132969.2554240631,3114,3,791.5365853658536,38,3,16,34.17757689110557,0.6381578947368421,42.94871794871795,1028.2051282051282,27.058029689608635,0
3143,4,0,0,40,0.0,0.0,1.0,40,1150,700,450,0.6086956521739131,16,7,9,351.2465277181094,0.3799946581196581,0.1540977924709397,0.21018753608249596,132144.21895438983,1283.0396131502016,133427.25856754003,3115,4,811.75,37,3,17,33.92642902847393,0.6399211711711712,42.95504385964912,1028.1798245614036,27.788643907064962,0
3144,4,0,0,40,0.0,0.0,1.0,40,650,500,150,0.7692307692307693,8,5,3,351.2465277181094,0.3795806623931624,0.1540977924709397,0.21018753608249596,132144.21895438983,1283.0396131502016,133427.25856754003,3116,5,812.75,37,3,17,33.92642902847393,0.6399211711711712,42.95504385964912,1028.1798245614036,27.788643907064962,0
3145,4,1,0,41,0.024390243902439025,0.0,1.0,41,900,600,300,0.6666666666666666,12,6,6,352.833364416064,0.3827997967479675,0.18160932172566002,0.20263461427739576,130570.58572108726,1020.8149382502336,131591.4006593375,3117,0,793.9024390243902,37,4,18,35.474890927296784,0.6241554054054053,44.49013157894737,1022.0394736842106,27.622688477951638,3
3146,4,0,0,41,0.0,0.0,1.0,41,700,600,100,0.8571428571428571,8,6,2,352.32235360935505,0.3827235772357724,0.18262862165301197,0.2027810879662732,130654.64854570643,1006.5106571252779,131661.1592028317,3118,1,794.9024390243902,37,4,18,35.402813527813535,0.625,44.40789473684211,1022.368421052632,27.631578947368432,0
3147,4,1,0,42,0.023809523809523808,0.0,1.0,42,1100,800,300,0.7272727272727273,14,8,6,344.554582112225,0.3877274487030585,0.18207767536080177,0.19985792938811842,130954.6929253474,624.2078993055746,131578.90082465296,3119,0,776.952380952381,39,3,19,35.29793405251374,0.6244658119658119,44.11458333333334,1023.541666666668,26.244658119658155,0
3148,4,0,0,42,0.0,0.0,1.0,42,700,200,500,0.2857142857142857,12,2,10,343.5418046732656,0.3878968253968254,0.17577572339477077,0.19954662271447143,131008.00781250015,601.345486111125,131609.35329861127,3120,1,777.952380952381,39,3,19,35.26997693664361,0.625,44.06250000000001,1023.7500000000011,26.25000000000003,0
3149,4,1,1,42,0.023255813953488372,0.023255813953488372,0.9767441860465116,43,1100,700,400,0.6363636363636364,15,7,8,332.47405644788137,0.3906423034330011,0.16524862923047845,0.1947348044909021,131328.12500000015,132.63888888890287,131460.76388888905,3121,0,760.8372093023256,40,3,19,35.230352303523034,0.6265624999999999,43.75000000000001,1025.0000000000011,25.62500000000003,0
3150,4,0,0,42,0.0,0.0,1.0,42,700,500,200,0.7142857142857143,9,5,4,339.8211349333624,0.3873040069686411,0.1695714479366368,0.198484601140413,131221.37586805565,518.3593750000092,131739.73524305565,3122,3,779.952380952381,39,3,20,35.14978988748815,0.6271367521367521,43.85416666666667,1024.5833333333342,26.271367521367544,0
3151,4,0,0,42,0.0,0.0,1.0,42,1650,1300,350,0.7878787878787878,20,13,7,336.409406031171,0.3872919086333721,0.16292999067071623,0.1973218007503125,131382.8849806412,439.731062577593,131822.6160432188,3123,4,780.952380952381,38,4,21,35.074293108239544,0.630482456140351,43.696581196581185,1025.2136752136735,26.97930724246509,0
3152,4,1,0,43,0.023255813953488372,0.0,1.0,43,1650,1300,350,0.7878787878787878,20,13,7,331.74380474719106,0.3886120339608712,0.16547950375017706,0.19704782619321082,131862.52170138873,148.91493055553582,132011.43663194426,3124,0,763.7674418604652,39,4,19,34.71095334685597,0.6335470085470087,43.22916666666666,1027.083333333332,26.33547008547005,0
3153,4,0,0,43,0.0,0.0,1.0,43,850,500,350,0.5882352941176471,12,5,7,330.82743441319485,0.3889581026208933,0.16125791739965045,0.19678046792418108,131916.021050347,128.28776041664187,132044.3088107636,3125,1,764.7674418604652,39,4,20,34.680676671398636,0.6340811965811968,43.17708333333332,1027.2916666666647,26.340811965811916,0
3154,4,0,0,43,0.0,0.0,1.0,43,1000,800,200,0.8,12,8,4,330.0486625192767,0.38884274640088595,0.1618123740260966,0.19673293388233581,131996.29041883643,113.03982204857306,132109.330240885,3126,2,765.7674418604652,39,4,20,34.6199738131441,0.6348824786324789,43.098958333333314,1027.6041666666638,26.348824786324712,0
3155,4,0,1,42,0.0,0.023255813953488372,0.9767441860465116,43,1100,700,400,0.6363636363636364,15,7,8,329.3318785749824,0.38893503137689184,0.1628024799289296,0.19686107266241665,132103.35422091998,101.16916232636962,132204.52338324636,3127,3,766.7674418604652,39,4,20,34.530790860269526,0.6359508547008548,42.99479166666666,1028.020833333332,26.35950854700851,0
3156,4,0,0,42,0.0,0.0,1.0,42,950,700,250,0.7368421052631579,12,7,5,331.79582899078065,0.3881750871080139,0.15961364277547685,0.19815069340287383,132068.3478180472,363.9453895463362,132432.29320759352,3128,4,772.0,38,4,20,34.50265045213595,0.6373355263157896,43.028846153846146,1027.884615384614,27.049595141700372,0
3157,4,1,3,40,0.023255813953488372,0.06976744186046512,0.9302325581395349,43,1400,1100,300,0.7857142857142857,17,11,6,327.2313395729995,0.3916112956810631,0.16297433337885026,0.19685695324616845,132344.4064670138,61.44748263888408,132405.85394965266,3129,0,755.0232558139535,39,4,20,34.342731322130014,0.6383547008547009,42.760416666666664,1028.9583333333326,26.38354700854699,0
3158,4,0,0,40,0.0,0.0,1.0,40,1250,900,350,0.72,16,9,7,348.85462076143006,0.3857905982905983,0.1646031153312708,0.2081358599870708,132031.50398439902,1211.96005020775,133243.46403460676,3130,6,805.475,37,3,22,34.10138607347344,0.638795045045045,43.06469298245614,1027.741228070175,27.77678994784257,0
3159,4,0,0,40,0.0,0.0,1.0,40,650,400,250,0.6153846153846154,9,4,5,350.23314488888906,0.3853365384615384,0.17164533333333365,0.20926932653494806,132087.85545792943,1252.30900373193,133340.16446166136,3131,7,806.475,37,3,22,34.009222222222235,0.6393581081081081,43.00986842105264,1027.96052631579,27.782716927453784,0
3160,4,0,0,40,0.0,0.0,1.0,40,1100,800,300,0.7272727272727273,14,8,6,352.17973590744083,0.3848023504273504,0.18181697047223078,0.2113754384227576,132256.9820161011,1315.645799669124,133572.62781577022,3132,8,807.475,37,3,22,33.788930639945974,0.6410472972972973,42.8453947368421,1028.6184210526314,27.800497866287337,0
3161,4,0,0,40,0.0,0.0,1.0,40,850,600,250,0.7058823529411765,11,6,5,349.30629904747224,0.38518963675213674,0.18233492524916972,0.21028239202657809,132370.5164730805,1247.5710424428328,133618.08751552334,3133,9,808.475,38,2,22,33.748615725359905,0.6403508771929824,42.73504273504273,1029.0598290598284,27.080521817363906,0
3162,4,1,0,41,0.024390243902439025,0.0,1.0,41,950,600,350,0.631578947368421,13,6,7,343.2624477188668,0.38917682926829267,0.19355475064523775,0.208439448130515,132695.9622020746,909.9195718530948,133605.8817739277,3134,0,789.7317073170732,35,6,17,33.57719239122295,0.649404761904762,42.418981481481474,1030.3240740740728,29.43783068783065,0
3163,4,0,0,41,0.0,0.0,1.0,41,1450,1100,350,0.7586206896551724,18,11,7,344.4135101535574,0.38831300813008135,0.18355694082137508,0.21063416622265022,132962.84072983995,958.8397391505093,133921.68046899047,3135,1,790.7317073170732,37,4,18,33.279732794670075,0.6480855855855856,42.16008771929825,1031.359649122807,27.874585111427216,0
3164,4,0,0,41,0.0,0.0,1.0,41,1100,700,400,0.6363636363636364,15,7,8,343.9518502358559,0.3885416666666666,0.1817771775337056,0.21083016018691647,133047.67001625494,952.3984543320958,134000.06847058702,3136,2,791.7317073170732,37,4,18,33.20657083643321,0.6489301801801801,42.07785087719298,1031.6885964912276,27.88347558084399,0
3165,4,0,1,40,0.0,0.024390243902439025,0.975609756097561,41,900,800,100,0.8888888888888888,10,8,2,343.7699132665046,0.38922764227642276,0.1833400256466715,0.21168042729915898,133217.40974386345,959.2274786472681,134176.6372225107,3137,3,792.7317073170732,37,4,19,33.041135599221086,0.6506193693693694,41.91337719298245,1032.34649122807,27.901256519677567,0
3166,4,0,0,40,0.0,0.0,1.0,40,600,400,200,0.6666666666666666,8,4,4,349.35339706904546,0.3848157051282051,0.18060405980574057,0.21440892011678936,133094.29943034257,1299.389127302981,134393.68855764554,3138,4,813.1,36,4,20,33.02048091964058,0.6513310185185186,42.03265765765766,1031.8693693693697,28.663038038038046,0
3167,4,0,0,40,0.0,0.0,1.0,40,1000,700,300,0.7,13,7,6,317.6975970589242,0.3851228632478632,0.06626919556595112,0.1851760801351748,131141.34250217,332.65787760414776,131474.00037977417,3139,5,814.1,39,1,17,35.797082104478115,0.6263354700854702,43.93229166666666,1024.2708333333321,26.26335470085467,7
3168,4,0,0,40,0.0,0.0,1.0,40,1100,600,500,0.5454545454545454,16,6,10,320.78897492912336,0.3841746794871795,0.07407501524700177,0.18762912814225408,131274.74500868045,422.2981770833239,131697.04318576376,3140,6,815.1,39,1,17,35.58353662668566,0.6276709401709402,43.80208333333333,1024.7916666666658,26.27670940170938,0
3169,4,0,1,39,0.0,0.025,0.975,40,1150,800,350,0.6956521739130435,15,8,7,320.2458853856832,0.3840144230769231,0.07073170731707368,0.1875725900116143,131328.12499999985,411.46918402776396,131739.5941840276,3141,7,816.1,38,2,17,35.54369918699188,0.6299342105263158,43.74999999999999,1024.9999999999989,26.973684210526287,0
3170,4,0,0,39,0.0,0.0,1.0,39,950,700,250,0.7368421052631579,12,7,5,325.17680351917386,0.3816351776878093,0.06850974070242155,0.1900530604846063,131246.00643080182,735.6313691649931,131981.63779996682,3142,8,837.5897435897435,38,1,17,35.50007819831092,0.6291118421052633,43.83012820512819,1024.6794871794848,26.96524966261802,0
3171,4,0,0,39,0.0,0.0,1.0,39,1400,1100,300,0.7857142857142857,17,11,6,326.5163564160922,0.381578947368421,0.06207827260458876,0.19138206718463047,131355.50356353621,777.9440837533591,132133.44764728958,3143,9,838.5897435897435,38,1,19,35.35543685947542,0.6302083333333335,43.72329059829059,1025.106837606836,26.976495726495685,0
3172,4,1,2,38,0.025,0.05,0.95,40,1200,900,300,0.75,15,9,6,318.0747937946495,0.3842815170940171,0.06244292237442983,0.18826589146223852,131728.82080078122,379.9235026041658,132108.74430338538,3144,0,818.6,39,1,17,35.1962836123795,0.6322115384615385,43.359375,1026.5624999999998,26.32211538461538,0
3173,4,1,1,38,0.02564102564102564,0.02564102564102564,0.9743589743589743,39,1100,1000,100,0.9090909090909091,12,10,2,317.46817730247227,0.38287224471435,0.05637333291729418,0.18870124752137887,131889.2700195311,574.1292317708181,132463.39925130192,3145,0,812.3333333333334,39,0,19,35.05064141567792,0.6338141025641026,43.20312499999999,1027.1874999999989,26.338141025640997,0
3174,4,0,0,38,0.0,0.0,1.0,38,800,600,200,0.75,10,6,4,319.3962641299446,0.38184566145092463,0.038422804098432684,0.1900565888535607,131931.11257213788,827.6608956095757,132758.77346774747,3146,1,770.5263157894736,38,0,20,34.95909595119246,0.6359649122807018,43.162393162393144,1027.3504273504245,27.03553756185328,0
3175,4,0,0,38,0.0,0.0,1.0,38,850,500,350,0.5882352941176471,12,5,7,328.84137034315137,0.38229018492176386,0.027008310249307277,0.19015609676364792,130835.79881656771,1004.8446745561732,131840.6434911239,3147,2,771.5263157894736,38,0,16,35.82001879699248,0.6250000000000002,44.23076923076921,1023.0769230769204,26.923076923076852,8
3176,4,0,0,38,0.0,0.0,1.0,38,1050,800,250,0.7619047619047619,13,8,5,331.4806257352692,0.38375711237553345,0.024958937370563872,0.19236316627314393,130972.46334876507,1082.9668209876234,132055.43016975268,3148,3,772.5263157894736,38,0,16,35.614540931705136,0.6263706140350879,44.09722222222221,1023.6111111111082,26.9371345029239,0
3177,4,0,0,38,0.0,0.0,1.0,38,1150,900,250,0.782608695652174,14,9,5,332.0958640722853,0.3841275486012328,0.028056629470169403,0.1931314782323288,131054.49631090632,1104.5312385856967,132159.02754949202,3149,4,773.5263157894736,38,0,16,35.516007582081244,0.6271929824561404,44.017094017094,1023.931623931622,26.94556905083216,0
3178,4,0,0,38,0.0,0.0,1.0,38,1050,500,550,0.47619047619047616,16,5,11,332.42743951435375,0.3837126600284495,0.020975797157126275,0.19415220127543512,131218.63928153954,1124.135254583932,132342.77453612347,3150,5,774.5263157894736,38,0,17,35.34193604449078,0.6288377192982457,43.85683760683759,1024.5726495726465,26.96243814664859,0
3179,4,0,0,38,0.0,0.0,1.0,38,950,700,250,0.7368421052631579,12,7,5,333.7749487344888,0.38387565196775725,0.018726437614210667,0.19507833841026678,131246.00643080185,1161.3258136094369,132407.3322444113,3151,6,775.5263157894736,38,0,17,35.27981962256281,0.6291118421052633,43.83012820512819,1024.679487179485,26.965249662618028,0
3180,4,0,0,38,0.0,0.0,1.0,38,900,600,300,0.6666666666666666,12,6,6,335.1199403114235,0.3835200331910858,0.017866646183894996,0.19614433114139626,131300.74929003205,1200.2998529841375,132501.0491430162,3152,7,776.5263157894736,38,0,18,35.19015601653985,0.6296600877192983,43.7767094017094,1024.8931623931617,26.970872694556885,0
3181,4,0,0,38,0.0,0.0,1.0,38,950,900,50,0.9473684210526315,10,9,1,335.10733427090577,0.3839349217638692,0.020216121335125514,0.19641752427179815,131355.50356353621,1203.6385281978046,132559.14209173401,3153,8,777.5263157894736,38,0,18,35.13527010595797,0.6302083333333335,43.72329059829059,1025.106837606836,26.976495726495685,0
3182,4,0,0,38,0.0,0.0,1.0,38,1050,700,350,0.6666666666666666,14,7,7,345.9189443625561,0.3845424371740161,0.05202226467294624,0.20174396828151986,131163.91354372117,1474.4165023011137,132638.33004602228,3154,9,778.5263157894736,38,0,19,35.05162703379224,0.6282894736842106,43.91025641025641,1024.358974358974,26.95681511470984,7
3183,4,0,0,38,0.0,0.0,1.0,38,600,300,300,0.5,9,3,6,346.3589808532618,0.3848536036036036,0.056595543899883305,0.20272249562692768,131300.74929003228,1495.4387418730553,132796.18803190533,3155,10,779.5263157894736,38,0,19,34.9021856214601,0.6296600877192982,43.77670940170941,1024.8931623931635,26.970872694556935,0
3184,4,0,0,38,0.0,0.0,1.0,38,1200,800,400,0.6666666666666666,16,8,8,346.7789743647278,0.38503141299193927,0.058065841536790286,0.2035612171553402,131412.4312889543,1514.2164818003282,132926.64777075464,3156,11,780.5263157894736,37,1,19,34.77870013902256,0.6326013513513513,43.66776315789474,1025.3289473684213,27.711593172119493,0
3185,4,0,0,38,0.0,0.0,1.0,38,1050,500,550,0.47619047619047616,16,5,11,347.7150283365763,0.38597972972972977,0.05310687748547349,0.2050138323973123,131581.12502164132,1550.5469230917247,133131.67194473304,3157,12,781.5263157894736,37,1,14,34.58451337679454,0.6342905405405406,43.50328947368421,1025.9868421052636,27.72937411095307,0
3186,4,1,1,38,0.02564102564102564,0.02564102564102564,0.9743589743589743,39,1100,800,300,0.7272727272727273,14,8,6,339.18403700933834,0.3913911381016644,0.04995919412395389,0.20153988453694574,131876.23844875462,1146.0629885309522,133022.30143728558,3158,0,762.4615384615385,38,1,15,34.506102212051864,0.6354166666666665,43.21581196581197,1027.1367521367533,27.02991452991456,0
3187,4,0,0,38,0.0,0.0,1.0,38,1200,1000,200,0.8333333333333334,14,10,4,347.03238947385086,0.38546111901375063,0.049096957640738736,0.20597625854322468,131834.36850761765,1550.1591835949462,133384.5276912126,3159,14,783.5263157894736,37,1,16,34.34675065840985,0.6368243243243243,43.25657894736842,1026.9736842105258,27.7560455192034,0
3188,4,0,0,38,0.0,0.0,1.0,38,600,400,200,0.6666666666666666,8,4,4,347.78995182041484,0.38497214319582745,0.052898473363936827,0.20657885090055966,131862.52170138885,1572.0920138888841,133434.61371527772,3160,15,784.5263157894736,37,1,16,34.29893509127789,0.6371058558558559,43.229166666666664,1027.083333333333,27.759009009009002,0
3189,4,0,0,38,0.0,0.0,1.0,38,1200,1100,100,0.9166666666666666,13,11,2,346.72309297575845,0.3842016358463727,0.05430863258572671,0.2067656188055684,132013.44515897793,1554.4220039812922,133567.8671629592,3161,16,785.5263157894736,38,0,16,34.17433378383061,0.6367872807017544,43.082264957264954,1027.6709401709395,27.043972109761565,0
3190,4,0,0,38,0.0,0.0,1.0,38,1100,800,300,0.7272727272727273,14,8,6,349.5423219144977,0.3843794452347084,0.04960366303973207,0.20874901794782008,132068.34781804736,1632.6953895463503,133701.0432075937,3162,17,786.5263157894736,38,0,16,34.04661677580292,0.6373355263157894,43.02884615384615,1027.8846153846155,27.049595141700408,0
3191,4,0,0,38,0.0,0.0,1.0,38,900,500,400,0.5555555555555556,13,5,8,340.63737272532416,0.3846757942152679,0.05201538031779385,0.20167495468377314,131739.10307774486,1375.0523915187316,133114.15546926358,3163,18,787.5263157894736,38,0,16,34.6068789676345,0.634046052631579,43.34935897435897,1026.6025641025637,27.015856950067466,2
3192,4,0,0,38,0.0,0.0,1.0,38,900,600,300,0.6666666666666666,12,6,6,340.6744610700113,0.3845276197249881,0.052218127255502234,0.20198780045304598,131793.9486654429,1379.7664867776894,133173.7151522206,3164,19,788.5263157894736,38,0,16,34.55068844726528,0.6345942982456141,43.29594017094016,1026.8162393162381,27.021479982006266,0
3193,4,0,0,38,0.0,0.0,1.0,38,1350,1000,350,0.7407407407407407,17,10,7,335.70887921320315,0.38449798482693215,0.043870596929140415,0.19961910164718272,131903.67408366187,1256.246918145939,133159.92100180782,3165,20,789.5263157894736,38,0,16,34.56773270930838,0.6356907894736843,43.189102564102555,1027.2435897435882,27.0327260458839,0
3194,4,0,0,38,0.0,0.0,1.0,38,800,500,300,0.625,11,5,6,336.3019082670374,0.38434981033665244,0.04343459772442437,0.2002610186875601,131958.5539141828,1275.5826986996735,133234.13661288246,3166,21,790.5263157894736,38,0,16,34.4972877889848,0.6362390350877194,43.135683760683754,1027.457264957264,27.038349077822737,0
3195,4,0,0,38,0.0,0.0,1.0,38,900,500,400,0.5555555555555556,13,5,8,328.3085849170504,0.3839201043148412,0.032066214284909966,0.19314455995686078,131496.7646295013,1035.0338568874204,132531.79848638872,3167,22,791.5263157894736,37,1,18,35.167219015038114,0.633445945945946,43.585526315789465,1025.6578947368414,27.720483641536255,1
3196,4,1,1,38,0.02564102564102564,0.02564102564102564,0.9743589743589743,39,800,500,300,0.625,11,5,6,318.09693553259757,0.3886920827710301,0.020171295925718313,0.1884655703124697,131766.5244448095,582.9055263349867,132349.42997114448,3168,0,772.2051282051282,38,1,15,35.157821713492865,0.6343201754385965,43.32264957264956,1026.7094017094,27.018668466036843,0
3197,4,0,0,38,0.0,0.0,1.0,38,950,500,450,0.5263157894736842,14,5,9,326.9633741896035,0.3831644144144144,0.026310165840930377,0.1930631053022394,131637.3803117303,1008.1204072406676,132645.50071897096,3169,24,793.5263157894736,37,1,15,35.06016935570041,0.6348536036036037,43.44846491228069,1026.2061403508753,27.7353010905642,0
3198,4,0,0,38,0.0,0.0,1.0,38,1000,700,300,0.7,13,7,6,330.00953783209303,0.3831792318634424,0.02589986285662893,0.19558286786453907,131778.07113727287,1097.6040704832149,132875.67520775608,3170,25,794.5263157894736,37,1,15,34.84043499928805,0.6362612612612613,43.311403508771924,1026.7543859649113,27.750118539592197,0
3199,4,0,0,38,0.0,0.0,1.0,38,1050,600,450,0.5714285714285714,15,6,9,332.311302037868,0.38331258890469416,0.021143056124999227,0.19797134211041725,131975.16453379902,1171.3677525777348,133146.53228637675,3171,26,795.5263157894736,37,1,15,34.583088784548075,0.6382319819819819,43.11951754385966,1027.5219298245627,27.770862968231423,0
3200,4,0,0,38,0.0,0.0,1.0,38,1150,800,350,0.6956521739130435,15,8,7,335.08741750318364,0.3835348506401138,0.0235870773584268,0.20007066571177362,132059.67821829804,1250.3073060941924,133309.98552439222,3172,27,796.5263157894736,37,1,15,34.42678330132991,0.6390765765765765,43.03728070175439,1027.8508771929833,27.779753437648196,0
3201,4,0,0,38,0.0,0.0,1.0,38,750,400,350,0.5333333333333333,11,4,7,339.57738423781393,0.3835348506401138,0.017324960682739032,0.1973014335176393,131019.23338190565,1298.2337113342194,132317.46709323986,3173,28,797.5263157894736,37,1,15,35.360104066259666,0.6286599099099102,44.05153508771928,1023.7938596491202,27.670104314841087,3
3202,4,0,0,38,0.0,0.0,1.0,38,750,400,350,0.5333333333333333,11,4,7,340.62163235503385,0.38347558084400185,0.02260187893440624,0.19819722271424622,131075.36844269352,1329.4211920975208,132404.78963479103,3174,29,798.5263157894736,37,1,15,35.27668469143731,0.6292229729729731,43.996710526315766,1024.0131578947337,27.67603129445226,0
3203,4,0,0,38,0.0,0.0,1.0,38,1350,1100,250,0.8148148148148148,16,11,5,337.9682975172118,0.38374229492650547,0.023516057617016806,0.19722909454736431,131187.67463305983,1267.4550101954044,132455.12964325523,3175,30,799.5263157894736,37,1,15,35.231256020550134,0.6303490990990992,43.88706140350875,1024.4517543859622,27.687885253674654,0
3204,4,0,0,38,0.0,0.0,1.0,38,850,600,250,0.7058823529411765,11,6,5,337.1009319849299,0.38307550972024657,0.027385537013264516,0.1974448315911728,131328.12499999974,1254.1666666666374,132582.29166666637,3176,31,800.5263157894736,37,1,17,35.11178861788618,0.6317567567567569,43.749999999999986,1024.999999999998,27.70270270270265,0
3205,4,2,2,38,0.05,0.05,0.95,40,900,500,400,0.5555555555555556,13,5,8,325.24192528250967,0.3930154914529915,0.030154220779220697,0.1926432942057941,131755.55555555547,570.4861111111009,132326.04166666657,3177,0,761.45,39,1,13,34.98545725108224,0.6324786324786326,43.33333333333333,1026.666666666666,26.32478632478631,0
3206,4,1,1,38,0.02564102564102564,0.02564102564102564,0.9743589743589743,39,700,500,200,0.7142857142857143,9,5,4,330.9932120813886,0.3892543859649123,0.027296318841508738,0.19526159759395906,131602.03904594915,911.8763240557967,132513.91537000495,3178,0,781.9487179487179,38,1,13,34.992364292655836,0.6326754385964912,43.482905982905976,1026.0683760683748,27.00179937022039,0
3207,4,0,0,38,0.0,0.0,1.0,38,650,300,350,0.46153846153846156,10,3,7,341.628648116998,0.38184566145092463,0.045156972362516035,0.20157382654973913,131609.25116381937,1392.2981109571942,133001.54927477657,3179,34,803.5263157894736,37,1,13,34.71227826458645,0.6345720720720722,43.475877192982445,1026.096491228068,27.732337600758598,0
3208,4,0,0,38,0.0,0.0,1.0,38,1300,1200,100,0.9230769230769231,14,12,2,340.7511317216641,0.38129741583688953,0.04067803279425686,0.20179967402339932,131749.9269606995,1378.7873432209922,133128.71430392048,3180,35,804.5263157894736,37,1,13,34.59305689059774,0.6359797297297298,43.338815789473685,1026.6447368421057,27.747155049786638,0
3209,4,0,0,38,0.0,0.0,1.0,38,1100,700,400,0.6363636363636364,15,7,8,341.86522059337847,0.3812085111427217,0.033682075370983,0.20305970331630782,131862.52170138882,1415.8420138888837,133278.3637152777,3181,36,805.5263157894736,37,1,14,34.45106490872212,0.6371058558558559,43.229166666666664,1027.0833333333328,27.759009009008995,0
3210,4,1,2,37,0.02564102564102564,0.05128205128205128,0.9487179487179487,39,950,700,250,0.7368421052631579,12,7,5,333.3979018384212,0.38517768780926676,0.03231968031968058,0.19968604886090888,132178.18737900877,1013.586068193451,133191.77344720223,3182,0,785.8461538461538,38,1,15,34.35108225108225,0.6384320175438596,42.92200854700855,1028.3119658119665,27.060841205578065,0
3211,4,0,0,37,0.0,0.0,1.0,37,1000,800,200,0.8,12,8,4,331.54235498414465,0.38013013013013014,-0.0013347418950342416,0.1842559389453422,129287.27027280674,1172.841211143595,130460.11148395033,3183,38,818.8108108108108,36,1,18,37.31937216255122,0.6131365740740741,45.74887387387388,1017.0045045045057,28.25012512512516,7
3212,4,1,1,37,0.02631578947368421,0.02631578947368421,0.9736842105263158,38,1100,700,400,0.6363636363636364,15,7,8,327.6928837185387,0.3838311996206733,-0.002664459511553474,0.18327112846041657,129536.03512619279,889.6073791936117,130425.6425053864,3184,0,798.2368421052631,37,1,16,37.16474579922447,0.6137387387387387,45.50438596491229,1017.9824561403517,27.51303935514464,0
3213,4,0,0,37,0.0,0.0,1.0,37,950,700,250,0.7368421052631579,12,7,5,348.6142977901224,0.3803803803803804,-0.03994653994653985,0.18661118293471213,127793.20987654282,1522.4195051468382,129315.62938168967,3185,40,820.8108108108108,35,2,17,38.41002747252747,0.6000000000000002,47.2222222222222,1011.111111111108,28.8888888888888,6
3214,4,2,0,39,0.05128205128205128,0.0,1.0,39,550,400,150,0.7272727272727273,7,4,3,331.5148924719681,0.39032276203328836,-0.02118533561944047,0.18001531352678754,128366.66690712499,711.0923553400778,129077.75926246507,3186,0,779.6666666666666,37,2,19,38.256960975257904,0.6019144144144146,46.65570175438595,1013.3771929824538,27.388572783309563,0
3215,4,1,0,40,0.025,0.0,1.0,40,1250,900,350,0.72,16,9,7,326.5258725761776,0.39444444444444443,-0.008357894736841454,0.17909906405737203,128767.28121119132,409.16977134924593,129176.45098254057,3187,0,761.15,38,2,18,37.97543859649123,0.6041666666666667,46.260683760683754,1014.9572649572638,26.70940170940168,0
3216,4,2,2,40,0.047619047619047616,0.047619047619047616,0.9523809523809523,42,1100,700,400,0.6363636363636364,15,7,8,313.43803477212947,0.40234223770809135,-0.002196339767257971,0.1740550300444063,129255.70371283493,-295.8082219300365,128959.89549090489,3188,0,725.8571428571429,38,4,18,37.8116901309799,0.6091008771929826,45.77991452991452,1016.8803418803403,26.76000899685106,0
3217,4,2,1,41,0.047619047619047616,0.023809523809523808,0.9761904761904762,42,1050,500,550,0.47619047619047616,16,5,11,323.0323934546889,0.40103561749903216,0.027377953700371993,0.18062515521339603,129527.4490466795,-31.687623274194664,129495.7614234053,3189,0,726.8095238095239,38,4,14,37.29206024349286,0.611842105263158,45.5128205128205,1017.9487179487154,26.78812415654514,0
3218,4,0,0,41,0.0,0.0,1.0,41,1200,700,500,0.5833333333333334,17,7,10,331.02744057332245,0.39748475609756095,0.027657521968042387,0.18448069796275404,129396.54659366321,366.7615275853864,129763.3081212486,3190,1,745.5365853658536,37,4,19,37.22148130186443,0.6123310810810811,45.64144736842104,1017.434210526314,27.498221906116594,0
3219,4,1,2,40,0.023809523809523808,0.047619047619047616,0.9523809523809523,42,1000,700,300,0.7,13,7,6,321.6587209250518,0.4003339140534263,0.03403656410406275,0.18054988365127178,129678.39084201377,-57.56293402778749,129620.827907986,3191,0,728.7619047619048,39,3,15,37.17401309061158,0.6116452991452992,45.36458333333333,1018.5416666666657,26.116452991452967,0
3220,4,0,0,40,0.0,0.0,1.0,40,900,800,100,0.8888888888888888,10,8,2,334.1456404527671,0.394017094017094,0.02844790432065536,0.18648260306928008,129452.33298947733,651.1865429747415,130103.51953245208,3192,1,764.65,37,3,17,37.0855107208275,0.6128941441441442,45.586622807017534,1017.6535087719283,27.50414888572779,0
3221,4,0,0,40,0.0,0.0,1.0,40,1100,700,400,0.6363636363636364,15,7,8,333.321545760289,0.39336271367521364,0.022680763983628838,0.18650739926892512,129554.63927469144,636.6705246913652,130191.3097993828,3193,2,765.65,38,2,17,37.002614824920414,0.6121162280701754,45.486111111111114,1018.0555555555562,26.79093567251464,0
3222,4,2,0,42,0.047619047619047616,0.0,1.0,42,1000,800,200,0.8,12,8,4,323.04229297947626,0.39776906697638403,0.040490419275279965,0.18344709397703304,130132.94004891277,7.688669112307366,130140.62871802508,3194,0,730.1428571428571,40,2,19,36.67849435590969,0.6145833333333333,44.91869918699187,1020.3252032520332,25.50813008130083,0
3223,4,0,0,42,0.0,0.0,1.0,42,1050,500,550,0.47619047619047616,16,5,11,319.58486601605284,0.3973819202477739,0.03970150385921034,0.1819677094254668,130236.65229030342,-75.6673854848247,130160.9849048186,3195,1,731.1428571428571,40,2,20,36.66181302270012,0.615625,44.81707317073171,1020.7317073170734,25.518292682926834,0
3224,4,2,1,43,0.045454545454545456,0.022727272727272728,0.9772727272727273,44,700,500,200,0.7142857142857143,9,5,4,305.6318494801054,0.4022198731501057,0.04126718823041764,0.1760842634204272,130693.3532238125,-811.1871659281135,129882.16605788439,3196,0,698.8636363636364,41,3,13,36.55717392710458,0.6186483739837398,44.37003968253968,1022.5198412698398,24.939508323654632,0
3225,4,0,0,43,0.0,0.0,1.0,43,850,500,350,0.5882352941176471,12,5,7,311.4572999379471,0.39874031007751937,0.03873965509269972,0.1792483087743561,130651.91436975336,-461.5015037345581,130190.4128660188,3197,1,716.1162790697674,40,3,15,36.45004970178927,0.6197916666666667,44.41056910569105,1022.357723577235,25.558943089430876,0
3226,4,0,1,42,0.0,0.023255813953488372,0.9767441860465116,43,1150,800,350,0.6956521739130435,15,8,7,308.84649287639104,0.3988095238095238,0.035145917700245555,0.17858458608768688,130833.7993774374,-518.4879825170176,130315.31139492038,3198,2,717.1162790697674,40,3,16,36.33344094566406,0.6216145833333333,44.232723577235774,1023.0691056910572,25.57672764227643,0
3227,4,0,2,40,0.0,0.047619047619047616,0.9523809523809523,42,1050,900,150,0.8571428571428571,12,9,3,319.5442976360584,0.39678910181958965,0.01696342580072785,0.18109915953546704,130055.1829784686,-87.38949203515472,129967.79348643344,3199,3,735.0952380952381,40,2,16,36.84637673939756,0.6138020833333333,44.994918699187,1020.0203252032528,25.50050813008132,4
3228,4,2,0,42,0.047619047619047616,0.0,1.0,42,1650,1500,150,0.9090909090909091,18,15,3,355.4239171507395,0.3971278552071235,0.09939707409535936,0.18798064509551454,127307.56104353876,694.1046977230948,128001.66574126187,3200,0,735.5714285714286,38,4,17,38.73575234667233,0.5893640350877192,47.70299145299146,1009.1880341880354,26.557579847053564,6
3229,4,2,0,44,0.045454545454545456,0.0,1.0,44,1000,500,500,0.5,15,5,10,342.140856176305,0.40590865045806906,0.1167187243136607,0.18369310045193885,127913.11905116026,-47.13918633086172,127865.9798648294,3201,0,703.0909090909091,40,4,16,38.45104145737057,0.5921874999999999,47.10365853658538,1011.5853658536605,25.289634146341513,0
3230,4,3,3,44,0.06382978723404255,0.06382978723404255,0.9361702127659575,47,1150,800,350,0.6956521739130435,15,8,7,322.90146712977224,0.41701356768424297,0.1234921257827295,0.17583324432787167,128479.16253552784,-1102.1505676184765,127377.01196790936,3202,0,659.1489361702128,40,7,14,38.3606071237637,0.5979166666666667,46.54471544715447,1013.8211382113825,25.345528455284562,0
3231,4,2,1,45,0.043478260869565216,0.021739130434782608,0.9782608695652174,46,1050,800,250,0.7619047619047619,13,8,5,330.7129494849109,0.4104770531400966,0.13104913476875724,0.17988640086292212,128434.73442925386,-704.9940321180165,127729.74039713584,3203,0,674.4347826086956,39,7,15,38.20789658479771,0.5990918803418802,46.588541666666686,1013.6458333333364,25.990918803418882,0
3232,4,0,0,45,0.0,0.0,1.0,45,1450,1200,250,0.8275862068965517,17,12,5,334.15600499361534,0.4092171717171717,0.12771219786396792,0.18179312932221495,128442.17985243653,-416.05486156765625,128026.12499086888,3204,1,690.4222222222222,38,7,15,38.1130550871276,0.600877192982456,46.58119658119659,1013.6752136752158,26.675663517768836,0
3233,4,1,3,43,0.021739130434782608,0.06521739130434782,0.9347826086956522,46,1100,800,300,0.7272727272727273,14,8,6,328.7398271860594,0.4120068438003221,0.13203702574909215,0.18017540693084497,128736.86814230972,-735.8128428844993,128001.05529942522,3205,0,676.3913043478261,40,6,16,37.95021363241874,0.6005208333333332,46.29065040650408,1014.8373983739857,25.370934959349643,0
3234,4,1,2,42,0.022727272727272728,0.045454545454545456,0.9545454545454546,44,1300,1000,300,0.7692307692307693,16,10,6,336.3809483188115,0.4102030479210712,0.1215869431328267,0.18430951622732653,128725.26584201408,-139.85460069442559,128585.41124131966,3206,0,680.0454545454545,39,5,16,37.76816875384931,0.6020299145299145,46.30208333333334,1014.7916666666682,26.020299145299184,0
3235,4,2,0,44,0.045454545454545456,0.0,1.0,44,900,400,500,0.4444444444444444,14,4,10,340.76376041517335,0.4126475510923185,0.14004044960575568,0.18821119587143847,129042.58355034732,-5.392795138883741,129037.19075520843,3207,0,653.4772727272727,39,5,19,37.33382885653749,0.6052350427350428,45.989583333333336,1016.0416666666674,26.052350427350447,0
3236,4,0,0,44,0.0,0.0,1.0,44,1350,1000,350,0.7407407407407407,17,10,7,336.60972607498,0.41270260747004933,0.14750398807874898,0.18679386373501938,129228.54487407762,-99.98532552370045,129128.55954855392,3208,1,654.4772727272727,38,6,19,37.25022766277887,0.608826754385965,45.806623931623925,1016.7735042735035,26.757197480881672,0
3237,4,1,1,44,0.022222222222222223,0.022222222222222223,0.9777777777777777,45,750,300,450,0.4,12,3,9,327.45352015842747,0.41544612794612795,0.1439337587152103,0.18268951675772013,129439.7800021702,-522.8976779513844,128916.88232421881,3209,0,640.9111111111112,39,6,16,37.26850667076125,0.6092414529914529,45.598958333333336,1017.6041666666672,26.092414529914542,0
3238,4,0,0,44,0.0,0.0,1.0,44,1250,800,450,0.64,17,8,9,336.6805133610268,0.4126035059901339,0.15483894058697212,0.18786654304415812,129445.89548405648,-83.61789119001213,129362.27759286648,3210,3,656.4772727272727,38,6,16,37.02755905511811,0.6110197368421053,45.592948717948715,1017.6282051282047,26.779689608636968,0
3239,4,1,2,43,0.022222222222222223,0.044444444444444446,0.9555555555555556,45,1300,900,400,0.6923076923076923,17,9,8,331.4854764833564,0.4163510101010101,0.15218690017831382,0.18669674245461576,129811.04736328125,-393.90462239583394,129417.14274088542,3211,0,642.8666666666667,39,6,16,36.78926454052947,0.6129807692307693,45.234375,1019.0625,26.129807692307693,0
3240,4,0,0,43,0.0,0.0,1.0,43,1250,800,450,0.64,17,8,9,339.0893843760297,0.4125599852344038,0.15429534717285343,0.19072071699723656,129757.97661675338,199.91048177082257,129957.88709852421,3212,5,671.3720930232558,39,4,18,36.649392529734506,0.6124465811965812,45.28645833333333,1018.8541666666658,26.12446581196579,0
3241,4,0,0,43,0.0,0.0,1.0,43,1050,800,250,0.7619047619047619,13,8,5,342.7490959298243,0.4126291989664083,0.15828021996302244,0.19343383233963457,129890.67382812515,303.98220486112757,130194.65603298627,3213,6,672.3720930232558,39,4,18,36.42150350841338,0.6137820512820513,45.15625000000001,1019.3750000000011,26.137820512820543,0
3242,4,1,0,44,0.022727272727272728,0.0,1.0,44,1000,800,200,0.8,12,8,4,341.3631427334444,0.4143212649753347,0.17933514774494497,0.19424469095363267,130211.9551524314,89.91244646006658,130301.86759889146,3214,0,658.0681818181819,41,3,19,36.13109123898391,0.6138211382113821,44.84126984126984,1020.6349206349212,24.893534649632223,0
3243,4,0,0,44,0.0,0.0,1.0,44,1250,800,450,0.64,17,8,9,344.23541770721346,0.413924859055673,0.1795419449291058,0.19627913817192444,130291.32806793285,170.22715771710784,130461.55522564995,3215,1,659.0681818181819,36,8,19,35.977369659533785,0.6232638888888888,44.763513513513516,1020.9459459459463,28.35960960960962,0
3244,4,0,0,44,0.0,0.0,1.0,44,1450,1200,250,0.8275862068965517,17,12,5,338.6857711398926,0.4142331747709655,0.17503136762860771,0.19419608604208247,130508.09500328741,40.246959237358,130548.34196252476,3216,2,660.0681818181819,38,6,16,35.89959744876623,0.6217105263157894,44.55128205128206,1021.7948717948725,26.889338731444013,0
3245,4,1,1,44,0.022222222222222223,0.022222222222222223,0.9777777777777777,45,1500,1000,500,0.6666666666666666,20,10,10,332.9635440222572,0.4179713804713805,0.17595813044486386,0.19201215722039983,130729.84959556167,-294.3451938330172,130435.50440172866,3217,0,646.3777777777777,40,5,16,35.82161548908544,0.6205729166666667,44.33434959349594,1022.6626016260176,25.56656504065044,0
3246,4,0,0,44,0.0,0.0,1.0,44,1250,900,350,0.72,16,9,7,330.5863322633977,0.4151360993657505,0.13773594928639787,0.1856925853216935,129706.17992567354,-222.81608350540316,129483.36384216814,3218,4,662.0681818181819,41,3,18,36.918500844046214,0.6087398373983742,45.33730158730157,1018.6507936507902,24.84514130855586,4
3247,4,2,1,45,0.043478260869565216,0.021739130434782608,0.9782608695652174,46,1450,1100,350,0.7586206896551724,18,11,7,307.11455525329256,0.42014895330112717,0.10437162437428715,0.17487521347465618,130238.42047068704,-1199.1862141842596,129039.23425650278,3219,0,634.2391304347826,43,3,18,36.978248600674156,0.6111918604651163,44.815340909090914,1020.7386363636367,23.738107822410157,3
3248,4,0,1,44,0.0,0.022222222222222223,0.9777777777777777,45,1900,1500,400,0.7894736842105263,23,15,8,310.03748438150774,0.41807659932659935,0.09759637188208625,0.17664926435690573,130262.58680555562,-922.7430555555458,129339.84375000007,3220,1,649.3333333333334,42,3,20,36.879251700680285,0.6128472222222221,44.79166666666667,1020.8333333333339,24.30555555555557,0
3249,4,1,1,44,0.022222222222222223,0.022222222222222223,0.9777777777777777,45,1050,700,350,0.6666666666666666,14,7,7,305.3111743790122,0.41906565656565653,0.10182339425367326,0.17473346364297224,130435.75074364524,-1035.3015518899092,129400.44919175534,3221,0,649.9777777777778,42,3,20,36.82512015430342,0.6145833333333334,44.622093023255815,1021.511627906977,24.321705426356594,0
3250,4,1,1,44,0.022222222222222223,0.022222222222222223,0.9777777777777777,45,1450,800,650,0.5517241379310345,21,8,13,306.06871002169345,0.41725589225589227,0.10303777461672214,0.1755026942457182,130509.99907044352,-1010.9945879153823,129499.00448252814,3222,0,650.9555555555555,42,3,14,36.730875612454554,0.6153273809523809,44.549418604651166,1021.8023255813957,24.328626799557043,0
3251,4,1,1,44,0.022222222222222223,0.022222222222222223,0.9777777777777777,45,1200,700,500,0.5833333333333334,17,7,10,307.52048134261014,0.41824494949494945,0.10441432047271504,0.17678656990099145,130609.02970261696,-967.0096636319986,129642.02003898496,3223,0,651.9333333333333,42,3,15,36.59391095522482,0.6163194444444444,44.45251937984496,1022.1899224806195,24.33785529715761,0
3252,4,0,0,44,0.0,0.0,1.0,44,850,600,250,0.7058823529411765,11,6,5,315.9783252947554,0.4154003699788584,0.10524353328450009,0.1813310712457536,130541.23682169632,-550.3597214348644,129990.87710026145,3224,5,667.75,41,3,16,36.446198589133736,0.6171239837398372,44.51884920634921,1021.9246031746036,24.924990321331794,0
3253,4,1,1,44,0.022222222222222223,0.022222222222222223,0.9777777777777777,45,1300,1000,300,0.7692307692307693,16,10,6,315.414874261442,0.4165614478114478,0.10709002724910333,0.1827260826700543,130906.3469461722,-742.0382075896752,130164.30873858252,3225,0,653.8888888888889,42,3,17,36.092305021620426,0.6192956349206349,44.16182170542636,1023.3527131782953,24.36554078995941,0
3254,4,0,0,44,0.0,0.0,1.0,44,950,500,450,0.5263157894736842,14,5,9,322.9051874758127,0.4149268851303735,0.10501445800126974,0.18664788639296995,130820.18455530376,-351.49675610983394,130468.68779919393,3226,7,669.75,41,3,18,35.98760343935868,0.6199186991869918,44.246031746031754,1023.0158730158743,24.95160665892376,0
3255,4,1,0,45,0.022222222222222223,0.0,1.0,45,1200,800,400,0.6666666666666666,16,8,8,323.032727565953,0.4160143097643098,0.12347687199209778,0.1887153625017896,131228.82207349336,-521.7591340664483,130707.0629394269,3227,0,655.8444444444444,42,3,19,35.57231574301746,0.6225198412698412,43.84689922480621,1024.6124031007764,24.395533407161345,0
3256,4,0,0,45,0.0,0.0,1.0,45,1500,1000,500,0.6666666666666666,20,10,10,321.81463101749733,0.414983164983165,0.12043249751105556,0.18903162965152615,131437.6563755569,-540.1375909828337,130897.51878457406,3228,1,656.8444444444444,38,7,19,35.3932242828367,0.631030701754386,43.643162393162385,1025.4273504273492,26.984930274403926,0
3257,4,0,0,45,0.0,0.0,1.0,45,1500,1200,300,0.8,18,12,6,318.6921494092143,0.41470959595959594,0.12070034230733695,0.18854643913323454,131711.6845642485,-604.9040287822507,131106.78053546627,3229,2,657.8444444444444,38,7,16,35.197665140160964,0.6337719298245614,43.37606837606837,1026.4957264957252,27.013045434098032,0
3258,4,1,2,44,0.021739130434782608,0.043478260869565216,0.9565217391304348,46,1100,900,200,0.8181818181818182,13,9,4,310.8027486879138,0.4158917069243156,0.11641806833809376,0.18513033291410536,131969.53125000015,-996.7013888888739,130972.82986111127,3230,0,644.5217391304348,39,7,16,35.141254393079215,0.6346153846153846,43.12500000000001,1027.5000000000011,26.346153846153875,0
3259,4,0,0,44,0.0,0.0,1.0,44,600,400,200,0.6666666666666666,8,4,4,323.1737161224341,0.41222912262156447,0.11582167832167856,0.19096628679962008,131665.51246537393,-289.8334102800902,131375.67905509385,3231,4,674.2045454545455,37,7,16,35.12909544159544,0.6351351351351351,43.421052631578945,1026.315789473684,27.738264580369837,0
3260,4,0,1,43,0.0,0.022727272727272728,0.9772727272727273,44,900,600,300,0.6666666666666666,12,6,6,321.8581471534499,0.4117886715997181,0.11990889223171419,0.19055668120748628,131739.10307774498,-319.7392751479202,131419.36380259704,3232,5,675.2045454545455,38,6,16,35.08884899573316,0.634046052631579,43.34935897435898,1026.6025641025649,27.015856950067498,0
3261,4,0,0,43,0.0,0.0,1.0,43,1000,700,300,0.7,13,7,6,325.6902195497181,0.41108342561830935,0.1146148301169323,0.19352198830352205,131876.23844875433,-9.839789246854082,131866.39865950748,3233,6,682.1860465116279,38,5,17,34.85260210803689,0.6354166666666667,43.21581196581196,1027.136752136751,27.029914529914503,0
3262,4,0,0,43,0.0,0.0,1.0,43,900,800,100,0.8888888888888888,10,8,2,332.046163756763,0.4106681432262828,0.08528128471639196,0.19783846563020832,131979.9735297279,191.53800722184798,132171.51153694975,3234,7,683.1860465116279,40,3,16,34.585064121583756,0.6330729166666667,43.11483739837399,1027.5406504065058,25.688516260162647,3
3263,4,0,1,42,0.0,0.023255813953488372,0.9767441860465116,43,1100,700,400,0.6363636363636364,15,7,8,331.2778213126901,0.41078349944629017,0.08356178245510737,0.19751658780152867,132006.0810364203,146.13738515436228,132152.21842157468,3235,8,684.1860465116279,40,3,16,34.57855353375528,0.6333333333333332,43.089430894308954,1027.642276422766,25.69105691056915,0
3264,4,0,0,42,0.0,0.0,1.0,42,1700,1600,100,0.9411764705882353,18,16,2,326.6295014527397,0.4099883855981417,0.04349964168334708,0.19706169358153694,132452.98603121116,285.001269381366,132737.98730059253,3236,9,698.5238095238095,38,4,19,34.24926483307386,0.6411732456140351,42.65491452991453,1029.3803418803416,27.088956365272146,3
3265,4,0,0,42,0.0,0.0,1.0,42,600,400,200,0.6666666666666666,8,4,4,328.18918308748914,0.4095286488579171,0.044103331900364307,0.19829211018270418,132507.9800044743,297.5371420483465,132805.51714652264,3237,10,699.5238095238095,38,4,19,34.15395524194944,0.6417214912280702,42.60149572649572,1029.5940170940162,27.094579397210953,0
3266,4,0,1,41,0.0,0.023809523809523808,0.9761904761904762,42,1400,1200,200,0.8571428571428571,16,12,4,330.1466444470783,0.40870596205962056,0.05190698363326729,0.2006467791866458,132728.0700402695,363.945389546347,133092.01542981583,3238,11,700.5238095238095,38,4,15,33.88284085018144,0.6439144736842106,42.38782051282051,1030.4487179487173,27.117071524966246,0
3267,4,1,0,42,0.023809523809523808,0.0,1.0,42,1050,700,350,0.6666666666666666,14,7,7,325.85420499196266,0.4076413085559427,0.08127043547199198,0.19962257301589686,133026.28772762563,269.4350461035,133295.72277372913,3239,0,701.047619047619,40,2,16,33.69475092765901,0.6434895833333334,42.09857723577235,1031.6056910569098,25.790142276422745,0
3268,4,0,0,42,0.0,0.0,1.0,42,1150,900,250,0.782608695652174,14,9,5,330.6203271238777,0.4068670150987224,0.08035978002503574,0.20339858646863856,133183.59116803802,406.6404959018937,133590.23166393992,3240,1,702.047619047619,40,2,16,33.41435299136885,0.6450520833333334,41.946138211382106,1032.2154471544702,25.805386178861756,0
3269,4,0,1,41,0.0,0.023809523809523808,0.9761904761904762,42,1150,700,450,0.6086956521739131,16,7,9,330.787729886692,0.40710898180410376,0.07652425018048192,0.20364495516297054,133209.81744497307,412.834622248649,133622.65206722173,3241,2,703.047619047619,40,2,17,33.38378617838156,0.6453125000000001,41.92073170731707,1032.3170731707305,25.80792682926826,0
3270,4,0,0,41,0.0,0.0,1.0,41,1000,800,200,0.8,12,8,4,337.8861056642388,0.40561483739837395,0.0745985013342263,0.20767838305963254,133149.50086805545,797.8732638888832,133947.37413194432,3242,3,720.1951219512196,39,2,18,33.26100121114251,0.6463675213675215,41.979166666666664,1032.0833333333326,26.463675213675195,0
3271,4,0,0,41,0.0,0.0,1.0,41,800,700,100,0.875,9,7,2,338.45477104230696,0.40561483739837395,0.06851911102360275,0.20832837149250083,133203.2606336806,816.6558159722258,134019.9164496528,3243,4,721.1951219512196,39,2,19,33.192482341069635,0.6469017094017094,41.927083333333336,1032.291666666667,26.4690170940171,0
3272,4,0,0,41,0.0,0.0,1.0,41,1250,1000,250,0.8,15,10,5,339.8161041930547,0.40538617886178857,0.0774268464895671,0.20977190890223796,133310.8127170138,860.2322048611044,134171.04492187488,3244,5,722.1951219512196,39,2,19,33.04964360164078,0.6479700854700855,41.822916666666664,1032.7083333333326,26.479700854700834,0
3273,4,0,0,41,0.0,0.0,1.0,41,1250,1000,250,0.8,15,10,5,342.38753309943496,0.4049034552845528,0.08841305822341772,0.21243839689998967,133499.82336410639,941.832694419352,134441.65605852572,3245,6,723.1951219512196,38,3,19,32.79403149660569,0.6515899122807016,41.639957264957275,1033.4401709401723,27.195793972109797,0
3274,4,0,0,41,0.0,0.0,1.0,41,900,600,300,0.6666666666666666,12,6,6,340.88588535884537,0.40452235772357725,0.08742378836416242,0.2121384381104533,133610.2564673279,909.1701137775019,134519.42658110542,3246,7,724.1951219512196,38,3,20,32.7223485239916,0.6526864035087718,41.533119658119666,1033.8675213675224,27.207040035987433,0
3275,4,1,1,41,0.023809523809523808,0.023809523809523808,0.9761904761904762,42,1000,600,400,0.6,14,6,8,329.67880395846026,0.40534262485482,0.08308083641940645,0.20673946671877844,133892.60691387413,428.3109012492662,134320.9178151234,3247,0,707.9285714285714,40,2,16,32.73005858863576,0.6520833333333333,41.26016260162602,1034.9593495934969,25.87398373983742,0
3276,4,0,0,41,0.0,0.0,1.0,41,950,800,150,0.8421052631578947,11,8,3,336.96879416358223,0.40396341463414637,0.08333742620551465,0.2107540342337976,133795.33420138925,816.9704861111495,134612.3046875004,3248,9,726.1951219512196,39,2,17,32.63860920928985,0.6527777777777777,41.354166666666686,1034.5833333333362,26.527777777777853,0
3277,4,0,0,41,0.0,0.0,1.0,41,1500,1100,400,0.7333333333333333,19,11,8,339.9620614199664,0.40315040650406503,0.0729989348595439,0.2135615023003559,133957.03667534745,908.0620659722474,134865.0987413197,3249,10,727.1951219512196,39,2,18,32.39962769168848,0.6543803418803418,41.19791666666668,1035.208333333335,26.543803418803464,0
3278,4,0,1,40,0.0,0.024390243902439025,0.975609756097561,41,1400,800,600,0.5714285714285714,20,8,12,340.7076409874378,0.4029725609756098,0.0771932578537371,0.2149744151001958,134118.83680555577,939.0625000000251,135057.8993055558,3250,11,728.1951219512196,39,2,19,32.21875838026281,0.6559829059829059,41.04166666666668,1035.833333333335,26.559829059829106,0
3279,4,0,0,40,0.0,0.0,1.0,40,700,600,100,0.8571428571428571,8,6,2,339.2175606810945,0.40236378205128204,0.07821715817694397,0.21445449175262413,134190.77932098764,1103.9737654320975,135294.75308641975,3251,12,739.05,38,2,19,32.18554512957998,0.6584429824561404,40.97222222222222,1036.111111111111,27.26608187134503,0
3280,4,0,0,40,0.0,0.0,1.0,40,1050,900,150,0.8571428571428571,12,9,3,340.75371870230083,0.40158920940170945,0.08229746444032182,0.21607794633004707,134301.49778106494,1152.7469592373247,135454.24474030227,3252,13,740.05,38,2,19,32.0352762317048,0.6595394736842106,40.865384615384606,1036.5384615384603,27.27732793522264,0
3281,4,0,0,40,0.0,0.0,1.0,40,1000,600,400,0.6,14,6,8,337.30773978117605,0.4009481837606838,0.0837626210591389,0.2145418690901765,134412.26189823938,1067.6592519541168,135479.9211501935,3253,14,741.05,38,2,19,32.01413215193352,0.6606359649122808,40.758547008547005,1036.9658119658113,27.288573999100297,0
3282,4,0,0,40,0.0,0.0,1.0,40,1450,1000,450,0.6896551724137931,19,10,9,341.1523257898205,0.400627670940171,0.09044799176107121,0.21764711454790772,134523.07167251068,1178.5717546935402,135701.64342720422,3254,15,742.05,38,2,19,31.8039821489873,0.6617324561403508,40.6517094017094,1037.3931623931617,27.29982006297794,0
3283,4,0,0,40,0.0,0.0,1.0,40,1100,800,300,0.7272727272727273,14,8,6,333.58899223308276,0.39999999999999997,0.04301345059492978,0.20575224058281724,133279.09412895393,892.0877392431837,134171.1818681971,3255,16,743.05,38,2,17,33.24215381962406,0.6493969298245614,41.85363247863248,1032.5854700854702,27.17330184435448,4
3284,4,0,0,40,0.0,0.0,1.0,40,1100,900,200,0.8181818181818182,13,9,4,332.3647267800175,0.40030715811965817,0.04593071354705258,0.20575972522168834,133417.0284991601,868.6228449850422,134285.65134414515,3256,17,744.05,38,2,19,33.135772147535334,0.650767543859649,41.72008547008548,1033.1196581196596,27.187359424201567,0
3285,4,0,0,40,0.0,0.0,1.0,40,900,600,300,0.6666666666666666,12,6,6,333.89920418673637,0.3996394230769231,0.04551336444633036,0.20765182698367754,133585.55036164974,920.8332055946439,134506.3835672444,3257,18,745.05,37,3,19,32.92762692688446,0.6542792792792793,41.55701754385965,1033.7719298245615,27.93978188715031,0
3286,4,0,0,40,0.0,0.0,1.0,40,850,500,350,0.5882352941176471,12,5,7,333.6960924174178,0.3992387820512821,0.04344783715012701,0.20816280050800826,133698.9265927978,922.9618728839606,134621.88846568175,3258,19,746.05,37,3,21,32.819568136839116,0.6554054054054055,41.44736842105263,1034.2105263157894,27.951635846372685,0
3287,4,0,0,40,0.0,0.0,1.0,40,700,300,400,0.42857142857142855,11,3,8,332.7308039082451,0.39901175213675216,0.03959614161543357,0.20787962940863455,133755.6327427669,900.9238419513557,134656.55658471826,3259,20,747.05,37,3,14,32.78787718182459,0.6559684684684686,41.392543859649116,1034.4298245614027,27.957562825983857,0
3288,4,0,1,39,0.0,0.025,0.975,40,1450,1300,150,0.896551724137931,16,13,3,330.49197157259164,0.3978498931623931,0.0422528869583636,0.20727665911453108,133897.4507180094,850.4064952677711,134747.85721327717,3260,21,748.05,37,3,14,32.704183882473416,0.6573761261261262,41.25548245614035,1034.9780701754387,27.972380275011858,0
3289,4,0,0,39,0.0,0.0,1.0,39,1100,900,200,0.8181818181818182,13,9,4,334.26703336127304,0.3959176788124157,0.042840963717989844,0.2099677353269311,133954.1989482339,1155.2945377423684,135109.49348597627,3261,22,756.9487179487179,37,2,14,32.54984906259931,0.6579391891891893,41.200657894736835,1035.1973684210514,27.978307254623008,0
3290,4,0,1,38,0.0,0.02564102564102564,0.9743589743589743,39,1000,600,400,0.6,14,6,8,332.8961500423103,0.3959176788124157,0.0423983753081596,0.2095914160666383,134039.3438365649,1124.2363034779712,135163.58014004288,3262,23,757.9487179487179,37,2,14,32.50035295778625,0.6587837837837839,41.11842105263157,1035.526315789472,27.98719772403978,0
3291,4,0,0,38,0.0,0.0,1.0,38,1050,700,350,0.6666666666666666,14,7,7,338.76284525820023,0.3963815789473684,0.042258681291001965,0.2130359507047806,133996.38447569188,1478.59929185942,135474.9837675513,3263,24,777.1578947368421,36,2,14,32.39136937132913,0.6603009259259259,41.159909909909906,1035.3603603603601,28.760010010010003,0
3292,4,0,0,38,0.0,0.0,1.0,38,800,600,200,0.75,10,6,4,338.76284525820023,0.3963815789473684,0.042258681291001965,0.2130359507047806,133996.38447569188,1478.59929185942,135474.9837675513,3264,25,778.1578947368421,36,2,14,32.39136937132913,0.6603009259259259,41.159909909909906,1035.3603603603601,28.760010010010003,0
3293,4,0,0,38,0.0,0.0,1.0,38,900,500,400,0.5555555555555556,13,5,8,338.4668043643629,0.39574442863916554,0.04932100284417684,0.21335703904996875,134083.84471887434,1476.586087776973,135560.4308066513,3265,26,779.1578947368421,36,2,16,32.31171396469863,0.6611689814814814,41.075450450450454,1035.6981981981987,28.76939439439441,0
3294,4,0,0,38,0.0,0.0,1.0,38,1000,900,100,0.9,11,9,2,369.0775286103698,0.3959666903745851,0.021033088639444975,0.2175588332123233,131572.2859977324,2198.1575342579154,133770.4435319903,3266,27,780.1578947368421,34,4,16,34.04550553105902,0.6403186274509804,43.51190476190476,1025.9523809523807,30.1750700280112,7
3295,4,0,0,38,0.0,0.0,1.0,38,1000,700,300,0.7,13,7,6,366.49387223710517,0.3964112138454244,0.023324549533509042,0.2166711772665764,131684.26890432087,2052.2955246913452,133736.5644290122,3267,28,781.1578947368421,35,3,16,33.99864682002706,0.6392857142857145,43.40277777777777,1026.388888888888,29.3253968253968,0
3296,4,1,1,38,0.02564102564102564,0.02564102564102564,0.9743589743589743,39,700,300,400,0.42857142857142855,11,3,8,359.8150114006359,0.4003598740440846,0.022113733392918,0.21412865942648418,131934.82069485023,1694.4258024916785,133629.24649734193,3268,0,762.1025641025641,36,3,16,33.91725126968467,0.6397569444444444,43.15878378378378,1027.3648648648648,28.537912912912912,0
3297,4,0,0,38,0.0,0.0,1.0,38,650,300,350,0.46153846153846156,10,3,7,368.1708135627685,0.39621858700806073,0.026475980278731548,0.21817256426956028,131773.38023244587,2103.0225212191194,133876.402753665,3269,30,783.1578947368421,35,3,16,33.86561548867093,0.6401785714285715,43.315972222222214,1026.7361111111102,29.335317460317434,0
3298,4,0,0,38,0.0,0.0,1.0,38,750,500,250,0.6666666666666666,10,5,5,367.484600463439,0.39636676149834044,0.02530147638904534,0.21810641203425363,131832.80452942807,2089.3051000942987,133922.10962952237,3270,31,784.1578947368421,35,3,16,33.823232465532136,0.6407738095238096,43.25810185185185,1026.967592592592,29.341931216931197,0
3299,4,0,0,38,0.0,0.0,1.0,38,750,500,250,0.6666666666666666,10,5,5,366.05692043458515,0.3952258179231864,0.02418111524868949,0.21776951915397955,131921.96609224944,2058.1897290809065,133980.15582133035,3271,32,785.1578947368421,35,3,18,33.76990386059785,0.6416666666666668,43.17129629629628,1027.3148148148132,29.351851851851805,0
3300,4,0,0,38,0.0,0.0,1.0,38,1100,800,300,0.7272727272727273,14,8,6,368.4268335370975,0.39387743006164055,0.030741747986989365,0.2203862331521904,132130.1269531246,2136.056857638846,134266.18381076344,3272,33,786.1578947368421,35,3,22,33.49902904424181,0.6437500000000003,42.96874999999998,1028.1249999999968,29.374999999999908,0
3301,4,1,0,39,0.02564102564102564,0.0,1.0,39,800,500,300,0.625,11,5,6,355.8673563695618,0.3961144849302744,0.029316383447918204,0.21489749727815674,132487.35592689025,1629.8562885802203,134117.21221547047,3273,0,766.974358974359,35,4,23,33.46226812816188,0.6473214285714286,42.621527777777764,1029.5138888888873,29.414682539682495,0
3302,4,1,2,38,0.025,0.05,0.95,40,1200,700,500,0.5833333333333334,17,7,10,352.0881148281874,0.39760950854700855,0.029577734076259077,0.2144153369941713,132803.9541864498,1351.738774247199,134155.692960697,3274,0,748.775,36,4,17,33.24137805455406,0.6484375000000002,42.31418918918918,1030.7432432432417,28.631756756756715,0
3303,4,0,1,37,0.0,0.02631578947368421,0.9736842105263158,38,800,600,200,0.75,10,6,4,364.8912695532157,0.3937144381223328,0.030087790276755122,0.22090093582259382,132581.84700963704,2075.5916950113237,134657.43870464838,3275,36,789.1578947368421,34,4,22,33.13489769968789,0.6504289215686274,42.5297619047619,1029.8809523809514,30.29061624649857,0
3304,4,0,0,37,0.0,0.0,1.0,37,1400,1100,300,0.7857142857142857,17,11,6,367.46669253729186,0.39079704704704704,0.045128030749239434,0.22313700525013463,132695.96220207476,2352.2692686899845,135048.23147076476,3276,37,809.4594594594595,35,2,19,32.95373698794279,0.6494047619047618,42.41898148148148,1030.3240740740741,29.43783068783069,0
3305,4,0,0,37,0.0,0.0,1.0,37,1050,800,250,0.7619047619047619,13,8,5,345.87406848536057,0.3905155155155155,0.03380383791508357,0.20182273258571665,131183.87972009165,1674.6204396964486,132858.5001597881,3277,38,810.4594594594595,36,1,21,35.0326114836393,0.6322337962962963,43.890765765765764,1024.4369369369365,28.45658158158157,8
3306,4,0,0,37,0.0,0.0,1.0,37,750,300,450,0.4,12,3,9,345.9256128486897,0.3897334834834835,0.03290169290169276,0.20230868103618738,131270.4173768363,1681.9599159970735,132952.37729283338,3278,39,811.4594594594595,36,1,21,34.94391025641025,0.6331018518518519,43.806306306306304,1024.7747747747746,28.465965965965964,0
3307,4,0,1,36,0.0,0.02702702702702703,0.972972972972973,37,550,300,250,0.5454545454545454,8,3,5,349.46578652655165,0.3893581081081081,0.025760659609593173,0.20484569631142738,131357.78523930468,1781.0230286084106,133138.8082679131,3279,40,812.4594594594595,35,2,21,34.76499284934705,0.6360119047619047,43.72106481481482,1025.1157407407406,29.28902116402116,0
3308,4,0,0,36,0.0,0.0,1.0,36,650,300,350,0.46153846153846156,10,3,7,352.30352303523034,0.3879794973544974,0.029810298102981303,0.20634920634920642,131328.12500000012,2053.472222222236,133381.59722222236,3280,41,823.3055555555555,34,2,21,34.72222222222222,0.6378676470588235,43.75000000000001,1025.000000000001,30.147058823529438,0
3309,4,0,0,36,0.0,0.0,1.0,36,1300,1100,200,0.8461538461538461,15,11,4,353.9031492747994,0.3870701058201058,0.03588741909698112,0.20861404517443366,131572.28599773234,2112.76927437641,133685.05527210876,3281,42,824.3055555555555,34,2,17,34.43471029627912,0.6403186274509804,43.51190476190476,1025.9523809523803,30.175070028011184,0
3310,4,0,0,36,0.0,0.0,1.0,36,700,400,300,0.5714285714285714,10,4,6,354.5537296814993,0.3869874338624339,0.037858864781942,0.20916485941990703,131602.82206632657,2132.0542800453586,133734.87634637192,3282,43,825.3055555555555,34,2,17,34.38720655915227,0.640625,43.48214285714286,1026.071428571429,30.178571428571438,0
3311,4,0,1,35,0.0,0.027777777777777776,0.9722222222222222,36,750,400,350,0.5333333333333333,11,4,7,356.18348307771817,0.38660714285714287,0.04163444186646026,0.2102946317897213,131633.36167800458,2177.125850340143,133810.48752834473,3283,44,826.3055555555555,34,2,17,34.31457849961332,0.6409313725490196,43.452380952380956,1026.1904761904766,30.182072829131666,0
3312,4,1,0,36,0.027777777777777776,0.0,1.0,36,750,500,250,0.6666666666666666,10,5,5,346.7924261258164,0.3892030423280423,0.028578668769005944,0.2067944896958444,132011.157795889,1956.0939375428661,133967.25173343188,3284,0,777.7222222222222,35,1,18,34.17485546420394,0.6425595238095239,43.08449074074074,1027.6620370370367,29.361772486772477,0
3313,4,0,0,36,0.0,0.0,1.0,36,700,600,100,0.8571428571428571,8,6,2,347.84011200213615,0.3888888888888889,0.031355550551678046,0.20790820153452044,132100.37964034642,1989.9621699245645,134090.341810271,3285,1,778.7222222222222,35,1,18,34.05811378818584,0.6434523809523809,42.99768518518519,1028.0092592592598,29.371693121693138,0
3314,4,1,1,36,0.02702702702702703,0.02702702702702703,0.972972972972973,37,1150,600,550,0.5217391304347826,17,6,11,340.1137537084693,0.392017017017017,0.028011817485501966,0.20489779796583404,132398.00347222234,1606.0763888889069,134004.07986111124,3286,0,758.6486486486486,36,1,18,33.957489878542525,0.644386574074074,42.70833333333334,1029.1666666666677,28.58796296296299,0
3315,4,0,0,36,0.0,0.0,1.0,36,600,400,200,0.6666666666666666,8,4,4,349.67808211964285,0.3880952380952381,0.026552655265526193,0.2099958644513101,132278.91375171486,2051.007373113873,134329.92112482875,3287,3,780.7222222222222,35,1,18,33.83119561956197,0.6452380952380952,42.82407407407408,1028.703703703705,29.39153439153443,0
3316,4,0,0,36,0.0,0.0,1.0,36,900,700,200,0.7777777777777778,11,7,4,352.1081834392641,0.3883432539682539,0.02550331796198435,0.21195625314546368,132368.22601862578,2121.587121699261,134489.81314032504,3288,4,781.7222222222222,35,1,19,33.678837213661765,0.6461309523809522,42.737268518518526,1029.0509259259268,29.40145502645505,0
3317,4,0,0,36,0.0,0.0,1.0,36,950,800,150,0.8421052631578947,11,8,3,374.41886944846016,0.38832671957671955,0.04567442232349883,0.2147114534705133,130512.91120001934,2608.9927583423078,133121.90395836165,3289,5,782.7222222222222,33,3,18,34.98191013032703,0.6319444444444444,44.54656862745099,1021.813725490197,30.96405228758173,4
3318,4,0,0,36,0.0,0.0,1.0,36,1200,700,500,0.5833333333333334,17,7,10,371.7227346566045,0.388260582010582,0.03819361197687776,0.21385593465554453,130638.16350682436,2512.2350778546815,133150.39858467903,3290,6,783.7222222222222,33,3,18,34.92367937345163,0.6332070707070706,44.42401960784314,1022.303921568628,30.978906714200846,0
3319,4,0,0,36,0.0,0.0,1.0,36,900,600,300,0.6666666666666666,12,6,6,375.8464163924393,0.3887566137566138,0.043164031304903316,0.21728295595873148,130826.15460399848,2634.1082756632095,133460.2628796617,3291,7,784.7222222222222,33,3,18,34.62755550231593,0.6351010101010102,44.240196078431374,1023.0392156862747,31.001188354129535,0
3320,4,1,0,37,0.02702702702702703,0.0,1.0,37,650,600,50,0.9230769230769231,7,6,1,366.8074708584878,0.39198573573573575,0.04369070849712653,0.21331379694752234,131053.71492346942,2214.29634353742,133268.01126700683,3292,0,764.4864864864865,34,3,19,34.62824090222067,0.635110294117647,44.017857142857146,1023.9285714285717,30.115546218487403,0
3321,4,0,0,37,0.0,0.0,1.0,37,800,500,300,0.625,11,5,6,370.548138984149,0.39164164164164167,0.03783909432444976,0.21600245174929666,131145.15306122453,2319.1184807256277,133464.27154195015,3293,1,765.4864864864865,34,3,19,34.439892298155904,0.6360294117647058,43.92857142857143,1024.2857142857147,30.126050420168077,0
3322,4,0,0,37,0.0,0.0,1.0,37,1050,800,250,0.7619047619047619,13,8,5,370.4542426420579,0.3917980480480481,0.03452650884675079,0.2162909913281921,131206.12953514743,2321.173469387757,133527.30300453518,3294,2,766.4864864864865,34,3,19,34.380567820900154,0.6366421568627452,43.86904761904762,1024.5238095238096,30.13305322128852,0
3323,4,0,0,37,0.0,0.0,1.0,37,950,700,250,0.7368421052631579,12,7,5,371.51075481996423,0.3913601101101101,0.0311235111325463,0.21726263032866355,131268.8145683301,2353.5552769204605,133622.36984525056,3295,3,767.4864864864865,35,2,19,34.29005722460657,0.6351190476190476,43.80787037037038,1024.76851851852,29.279100529100575,0
3324,4,0,0,37,0.0,0.0,1.0,37,800,400,400,0.5,12,4,8,375.02180907623654,0.39142267267267267,0.02395341447838284,0.21637423517622234,130749.151431406,2406.7700569168123,133155.9214883228,3296,4,768.4864864864865,34,3,16,34.72674892329182,0.6320465686274509,44.3154761904762,1022.7380952380961,30.080532212885178,2
3325,4,0,2,35,0.0,0.05405405405405406,0.9459459459459459,37,1200,1000,200,0.8333333333333334,14,10,4,373.52032916624523,0.3909221721721721,0.02702388178938908,0.2158480288181268,130810.03578514747,2372.0415249433217,133182.0773100908,3297,5,769.4864864864865,34,3,16,34.703392296054936,0.6326593137254901,44.25595238095239,1022.976190476191,30.08753501400562,0
3326,4,0,0,35,0.0,0.0,1.0,35,1000,800,200,0.8,12,8,4,391.7654810215779,0.38606442577030814,0.03015618106414908,0.22507747117598811,130585.01882779812,3231.740543056823,133816.75937085494,3298,14,812.3142857142857,32,3,16,34.46546221947703,0.6350911458333334,44.4760101010101,1022.0959595959591,31.940498737373723,0
3327,4,0,0,35,0.0,0.0,1.0,35,1000,500,500,0.5,15,5,10,392.309785493297,0.3855042016806723,0.022732965269081307,0.22614355535304004,130714.10323245074,3256.0843600142825,133970.18759246502,3299,15,813.3142857142857,32,3,16,34.32033790179859,0.6363932291666667,44.349747474747474,1022.6010101010098,31.956281565656557,0
3328,4,1,1,35,0.027777777777777776,0.027777777777777776,0.9722222222222222,36,600,400,200,0.6666666666666666,8,4,4,382.33848725808457,0.39107142857142857,0.02235188509874364,0.222299099585337,131045.64838343408,2820.7589929353912,133866.40737636946,3300,0,791.6944444444445,33,3,16,34.238853979652916,0.6373106060606062,44.02573529411764,1023.8970588235279,31.027183600712966,0
3329,4,0,0,35,0.0,0.0,1.0,35,650,400,250,0.6153846153846154,9,4,5,389.20563486237853,0.384453781512605,0.025769368937851977,0.22555560421483126,130920.20083922027,3190.9759767877467,134111.17681600802,3301,17,815.3142857142857,33,2,16,34.19039137029497,0.6360479797979799,44.148284313725476,1023.4068627450962,31.012329174093825,0
3330,4,0,1,34,0.0,0.02857142857142857,0.9714285714285714,35,1450,1200,250,0.8275862068965517,17,12,5,391.15738236884795,0.3842086834733893,0.03039867109634553,0.2272941546197359,131023.24263038546,3250.141723356002,134273.38435374145,3302,18,816.3142857142857,34,1,16,34.035852713178286,0.6348039215686274,44.047619047619044,1023.8095238095235,30.112044817927163,0
3331,4,0,0,34,0.0,0.0,1.0,34,800,600,200,0.75,10,6,4,391.8542488652564,0.3842654486036839,0.010512751904688145,0.22764606363145676,131014.28086553233,3467.7005238369707,134481.9813893693,3303,19,786.7941176470588,33,1,16,34.027112760354306,0.6369949494949496,44.0563725490196,1023.7745098039204,31.023469994058193,0
3332,4,0,0,34,0.0,0.0,1.0,34,800,400,400,0.5,12,4,8,393.8051909062744,0.3834484551396316,0.02205002604056716,0.2295274606411882,131139.7734645327,3528.7047049211637,134668.47816945385,3304,20,787.7941176470588,33,1,16,33.8498045784478,0.6382575757575759,43.933823529411754,1024.2647058823516,31.03832442067732,0
3333,4,0,0,34,0.0,0.0,1.0,34,1150,900,250,0.782608695652174,14,9,5,394.91264316427146,0.3835041592394533,0.024416583999943953,0.2307382676098162,131233.93233672128,3565.1878183871345,134799.12015510842,3305,21,788.7941176470588,33,1,16,33.72590499541522,0.6392045454545456,43.84191176470587,1024.632352941175,31.049465240641666,0
3334,4,0,0,34,0.0,0.0,1.0,34,1000,800,200,0.8,12,8,4,395.52907060594254,0.38311423054070115,0.027621572499368252,0.2314826491398066,131297.62081916086,3586.4051870748176,134884.02600623568,3306,22,789.7941176470588,34,0,16,33.645506640337636,0.6375612745098039,43.7797619047619,1024.8809523809514,30.14355742296916,0
3335,4,0,0,34,0.0,0.0,1.0,34,600,500,100,0.8333333333333334,7,5,2,396.7337232158022,0.3827243018419489,0.03175166618371472,0.23276573934337524,131392.842567085,3625.6014132772766,135018.44398036227,3307,23,790.7941176470588,32,2,16,33.51806239737273,0.6432291666666667,43.686868686868685,1025.2525252525254,32.03914141414142,0
3336,4,0,0,34,0.0,0.0,1.0,34,950,700,250,0.7368421052631579,12,7,5,393.2903557063864,0.3835041592394533,0.033508997987578004,0.23192143907620436,131587.0909218447,3550.3867590041846,135137.47768084888,3308,24,791.7941176470588,32,2,16,33.409477807859545,0.6451822916666667,43.49747474747475,1026.0101010101012,32.06281565656566,0
3337,4,0,0,34,0.0,0.0,1.0,34,900,700,200,0.7777777777777778,11,7,4,391.76299757745994,0.38303995840760546,0.03307331051500473,0.23161028416779428,131684.2689043209,3517.804783950605,135202.0736882715,3309,25,792.7941176470588,32,2,16,33.35024808299503,0.6461588541666667,43.40277777777777,1026.3888888888882,32.07465277777776,0
3338,4,0,0,34,0.0,0.0,1.0,34,1300,1000,300,0.7692307692307693,16,10,6,389.4865317441746,0.38257575757575757,0.029773444055438247,0.23085309592883593,131781.4827568616,3465.4225334149623,135246.90529027657,3310,26,793.7941176470588,32,2,16,33.31027627479914,0.6471354166666666,43.30808080808081,1026.7676767676774,32.08648989898992,0
3339,4,0,0,34,0.0,0.0,1.0,34,1000,800,200,0.8,12,8,4,391.6501501255493,0.38261289364230544,0.027813535052575222,0.2325315562862205,131846.31191970222,3527.5255713702836,135373.8374910725,3311,27,794.7941176470588,32,2,16,33.18913408736989,0.6477864583333333,43.2449494949495,1027.020202020203,32.09438131313134,0
3340,4,1,0,35,0.02857142857142857,0.0,1.0,35,850,700,150,0.8235294117647058,10,7,3,381.6506437198806,0.38693977591036416,0.041604248944573374,0.22877230014980257,132208.8860053825,3091.521289888502,135300.407295271,3312,0,773.0571428571428,33,2,17,33.07961947886877,0.648989898989899,42.8921568627451,1028.4313725490192,31.164587046939975,0
3341,4,0,0,35,0.0,0.0,1.0,35,800,500,300,0.625,11,5,6,380.37874009746594,0.3873249299719888,0.04064611666184437,0.22820005472752206,132240.39619677534,3060.2870590638327,135300.68325583916,3313,1,774.0571428571428,33,2,17,33.080518487628574,0.6493055555555556,42.86151960784314,1028.553921568628,31.16830065359479,0
3342,4,0,0,35,0.0,0.0,1.0,35,1000,700,300,0.7,13,7,6,380.11476233266126,0.3872198879551821,0.041244129857755496,0.22861343442299575,132334.9492983467,3060.4935601691595,135395.44285851586,3314,2,775.0571428571428,33,2,18,32.991900905192956,0.6502525252525253,42.76960784313725,1028.9215686274504,31.179441473559102,0
3343,4,0,0,35,0.0,0.0,1.0,35,600,300,300,0.5,9,3,6,379.6954469500537,0.3870798319327731,0.0415460744469196,0.22931858014575135,132492.61289227704,3061.3683739427165,135553.98126621975,3315,3,776.0571428571428,33,2,18,32.84368428361702,0.6518308080808082,42.61642156862745,1029.5343137254904,31.198009506833042,0
3344,4,0,1,34,0.0,0.02857142857142857,0.9714285714285714,35,1050,800,250,0.7619047619047619,13,8,5,381.54876939950276,0.3862745098039216,0.047361892300634034,0.23160148045787876,132681.93310565653,3124.925659602087,135806.85876525863,3316,4,777.0571428571428,33,2,17,32.605145513659245,0.6537247474747474,42.43259803921569,1030.2696078431377,31.22029114676175,0
3345,4,0,0,34,0.0,0.0,1.0,34,1150,700,450,0.6086956521739131,16,7,9,391.7966570363636,0.3840054961378491,0.05342122144777539,0.23808283827801685,132723.06596584545,3600.090711407016,136323.15667725247,3317,5,797.0882352941177,32,2,17,32.29970796062573,0.6565755208333333,42.392676767676775,1030.429292929294,32.20091540404044,0
3346,4,0,0,34,0.0,0.0,1.0,34,450,300,150,0.6666666666666666,6,3,3,390.4095185188337,0.3834855912061794,0.050273472123138374,0.23765196865542434,132788.12629132238,3568.3496900826576,136356.47598140503,3318,6,798.0882352941177,32,2,17,32.26984564498346,0.6572265625,42.32954545454546,1030.6818181818187,32.208806818181834,0
3347,4,0,0,34,0.0,0.0,1.0,34,950,700,250,0.7368421052631579,12,7,5,389.9279393758019,0.38296568627450983,0.0555723574776954,0.23860084919557498,132983.40292125804,3570.788854453628,136554.19177571166,3319,7,799.0882352941177,32,2,17,32.08547557840618,0.6591796875,42.140151515151516,1031.439393939394,32.23248106060606,0
3348,4,1,1,34,0.02857142857142857,0.02857142857142857,0.9714285714285714,35,450,400,50,0.8888888888888888,5,4,1,379.35636344943055,0.3860994397759104,0.05257088590421932,0.23360365538728126,133219.07439446382,3107.500720876605,136326.57511534044,3320,0,777.2285714285714,33,2,17,32.12102326685661,0.659090909090909,41.91176470588236,1032.3529411764719,31.283422459893085,0
3349,4,0,0,34,0.0,0.0,1.0,34,1200,700,500,0.5833333333333334,17,7,10,384.18691094449923,0.38341131907308373,0.05474625920354659,0.23590981391054802,133113.66705246922,3428.1057098765514,136541.77276234576,3321,9,801.0882352941177,32,2,17,32.102400179452665,0.6604817708333333,42.01388888888889,1031.9444444444453,32.248263888888914,0
3350,4,2,1,35,0.05555555555555555,0.027777777777777776,0.9722222222222222,36,650,400,250,0.6153846153846154,9,4,5,365.623626289786,0.38966600529100526,0.04219267615722133,0.22800950765106773,133687.58680555568,2575.8680555555757,136263.45486111124,3322,0,757.5277777777778,34,2,18,32.00543916196616,0.6614583333333333,41.45833333333334,1034.1666666666679,30.416666666666703,0
3351,4,0,0,35,0.0,0.0,1.0,35,1100,800,300,0.7272727272727273,14,8,6,375.1963452468802,0.38651960784313727,0.045096378603611154,0.23301958584773114,133535.54672481745,3020.409818339109,136555.95654315656,3323,1,780.1714285714286,33,2,18,31.91052090743814,0.6622474747474747,41.60539215686275,1033.5784313725496,31.320558526440898,0
3352,4,0,0,35,0.0,0.0,1.0,35,550,400,150,0.7272727272727273,7,4,3,373.19232564895464,0.38651960784313727,0.030476190476190546,0.22240352882491027,131988.41979346893,2851.4130682910472,134839.83286176,3324,2,781.1714285714286,33,2,18,33.519553766646794,0.646780303030303,43.106617647058826,1027.5735294117653,31.138591800356526,3
3353,4,0,0,35,0.0,0.0,1.0,35,1050,800,250,0.7619047619047619,13,8,5,371.3325486715992,0.3867296918767507,0.02812851350890977,0.2214790009359907,132019.90370290272,2804.65746347559,134824.56116637832,3325,3,782.1714285714286,33,2,18,33.535555290563664,0.6470959595959596,43.075980392156865,1027.6960784313724,31.142305407011285,0
3354,4,1,0,36,0.027777777777777776,0.0,1.0,36,950,600,350,0.631578947368421,13,6,7,360.62366072711677,0.39214616402116403,0.03234795017162284,0.21690120387365822,132336.75063775506,2344.7526927437557,134681.50333049882,3326,0,761.4166666666666,34,2,19,33.49145744147479,0.6479779411764706,42.76785714285714,1028.9285714285709,30.26260504201679,0
3355,4,1,0,37,0.02702702702702703,0.0,1.0,37,900,700,200,0.7777777777777778,11,7,4,356.0496622092043,0.3948636136136136,0.039379377130696946,0.21637611895211906,132725.77649444863,2051.3935774605507,134777.17007190918,3327,0,741.8108108108108,35,2,18,33.21785259650305,0.649702380952381,42.39004629629629,1030.439814814814,29.441137566137545,0
3356,4,0,0,37,0.0,0.0,1.0,37,1150,800,350,0.6956521739130435,15,8,7,357.06403704206963,0.3946759259259259,0.040608828929997065,0.21733802117974238,132785.41512613604,2082.5792770490502,134867.9944031851,3328,1,742.8108108108108,35,2,19,33.131784577952466,0.650297619047619,42.33217592592593,1030.6712962962968,29.447751322751337,0
3357,4,0,0,37,0.0,0.0,1.0,37,1500,1000,500,0.6666666666666666,20,10,10,364.25497118050095,0.3932682682682683,0.04024037499469402,0.22331284821891204,133053.95474322682,2293.1128900891345,135347.06763331595,3329,2,743.8108108108108,35,2,19,32.676594869493684,0.6529761904761906,42.071759259259245,1031.7129629629612,29.477513227513178,0
3358,4,1,1,37,0.02631578947368421,0.02631578947368421,0.9736842105263158,38,1000,800,200,0.8,12,8,4,361.43162668453175,0.39527027027027023,0.0557574138391661,0.21317973190674497,131595.18771701396,1920.9050015003484,133516.09271851432,3330,0,725.2105263157895,35,3,17,34.218485617597295,0.6383928571428571,43.489583333333336,1026.0416666666672,29.315476190476204,6
3359,4,2,1,38,0.05128205128205128,0.02564102564102564,0.9743589743589743,39,1000,900,100,0.9,11,9,2,355.20941232005435,0.394961763382816,0.06356995702605728,0.21138783226326538,131934.82069485035,1572.8980247139168,133507.71871956426,3331,0,707.4615384615385,36,3,18,34.03554203661076,0.6397569444444444,43.15878378378379,1027.3648648648657,28.537912912912937,0
3360,4,0,0,38,0.0,0.0,1.0,38,1100,800,300,0.7272727272727273,14,8,6,362.84864368913264,0.39109174964438126,0.0699797160243405,0.21552335101053288,131862.52170138888,1969.2274305555518,133831.74913194444,3332,1,727.078947368421,35,3,18,33.91227180527383,0.6410714285714285,43.229166666666664,1027.0833333333333,29.34523809523809,0
3361,4,0,0,38,0.0,0.0,1.0,38,1150,800,350,0.6956521739130435,15,8,7,361.258795894158,0.3909583926031295,0.06864511769343418,0.2154208763427957,132011.15779588892,1938.0383819872973,133949.19617787623,3333,2,728.078947368421,35,3,18,33.80319198858731,0.6425595238095239,43.08449074074073,1027.662037037036,29.36177248677246,0
3362,4,0,0,38,0.0,0.0,1.0,38,800,500,300,0.625,11,5,6,359.8862209739789,0.390039710763395,0.06902895536714126,0.2152773940007983,132130.126953125,1910.3624131944455,134040.48936631944,3334,3,729.078947368421,35,3,18,33.7185494765282,0.64375,42.96875,1028.125,29.375,0
3363,4,1,0,39,0.02564102564102564,0.0,1.0,39,1050,700,350,0.6666666666666666,14,7,7,351.300316004902,0.39279689608636975,0.07201142219192791,0.21196278472612606,132455.95838659615,1506.3640075886792,133962.32239418483,3335,0,711.3589743589744,36,3,19,33.61138460416439,0.6449652777777778,42.65202702702703,1029.3918918918926,28.594219219219237,0
3364,4,0,0,39,0.0,0.0,1.0,39,1000,700,300,0.7,13,7,6,354.0764411775739,0.39319050832208724,0.0755939161450978,0.21413194299786603,132542.9145361577,1586.0646964532054,134128.9792326109,3336,1,712.3589743589744,36,3,19,33.45249161563139,0.6458333333333335,42.567567567567565,1029.7297297297291,28.603603603603588,0
3365,4,0,0,39,0.0,0.0,1.0,39,650,500,150,0.7692307692307693,8,5,3,357.62539887355416,0.3932186234817814,0.07493818230752392,0.21661204623162444,132600.90115453306,1684.290033276534,134285.1911878096,3337,2,713.3589743589744,36,3,19,33.302809971572266,0.646412037037037,42.51126126126127,1029.954954954956,28.609859859859892,0
3366,4,0,1,38,0.0,0.02564102564102564,0.9743589743589743,39,450,200,250,0.4444444444444444,7,2,5,357.86313546902693,0.39319050832208724,0.0796755350756222,0.21709097899672805,132658.90045450864,1694.7460129048006,134353.64646741343,3338,3,714.3589743589744,36,3,16,33.23836722052177,0.6469907407407407,42.45495495495496,1030.1801801801807,28.61611611611613,0
3367,4,0,1,37,0.0,0.02631578947368421,0.9736842105263158,38,950,800,150,0.8421052631578947,11,8,3,362.5216103120168,0.3946923897581793,0.08049066042254283,0.21995943104207616,132666.15125868042,2018.8693576388703,134685.0206163193,3339,4,720.5263157894736,35,3,16,33.11109706774519,0.6491071428571429,42.44791666666666,1030.2083333333321,29.434523809523775,0
3368,4,0,0,37,0.0,0.0,1.0,37,900,600,300,0.6666666666666666,12,6,6,370.4340023095456,0.39508258258258255,0.08199041913922245,0.22389124290532875,132520.55165816305,2418.0236678004276,134938.57532596347,3340,5,727.0540540540541,34,3,21,33.053917601264104,0.6498161764705884,42.5892857142857,1029.6428571428555,30.283613445378105,0
3369,4,0,0,37,0.0,0.0,1.0,37,650,400,250,0.6153846153846154,9,4,5,370.4340023095456,0.39508258258258255,0.08199041913922245,0.22389124290532875,132520.55165816305,2418.0236678004276,134938.57532596347,3341,6,728.0540540540541,34,3,21,33.053917601264104,0.6498161764705884,42.5892857142857,1029.6428571428555,30.283613445378105,0
3370,4,0,0,37,0.0,0.0,1.0,37,1100,600,500,0.5454545454545454,16,6,10,368.4771655426358,0.39508258258258255,0.0819150364972625,0.22343608363282577,132643.1565334466,2375.1948696144977,135018.3514030611,3342,7,729.0540540540541,34,3,17,32.98085442428445,0.6510416666666667,42.47023809523809,1030.1190476190466,30.297619047619015,0
3371,4,0,1,36,0.0,0.02702702702702703,0.972972972972973,37,1250,900,350,0.72,16,9,7,371.9275798807184,0.39442567567567566,0.09101836039574307,0.2262668347875878,132765.8180980724,2475.8538832199374,135241.67198129234,3343,8,730.0540540540541,34,3,18,32.76852065765661,0.6522671568627452,42.35119047619047,1030.595238095237,30.31162464985991,0
3372,4,0,0,36,0.0,0.0,1.0,36,1500,1100,400,0.7333333333333333,19,11,8,370.45553880073936,0.39469246031746036,0.07901410683151044,0.2258168110428857,132839.8032006922,2642.248173779334,135482.05137447154,3344,9,735.7222222222222,33,3,18,32.73200982723095,0.6553030303030303,42.27941176470589,1030.8823529411777,31.23885918003569,0
3373,4,0,1,35,0.0,0.027777777777777776,0.9722222222222222,36,1100,600,500,0.5454545454545454,16,6,10,384.6348437327648,0.39451058201058203,0.0273959304131719,0.2207022392113669,130536.16780045329,2841.751700680246,133377.91950113353,3345,10,736.7222222222222,34,2,15,34.69730506368437,0.6299019607843138,44.52380952380951,1021.9047619047601,30.056022408963532,7
3374,4,0,0,35,0.0,0.0,1.0,35,1050,700,350,0.6666666666666666,14,7,7,384.592678974201,0.3929971988795518,0.04309340787328164,0.22102494924179975,130597.00255102031,3045.330215419487,133642.3327664398,3346,11,758.3714285714286,34,1,16,34.63656922121283,0.630514705882353,44.46428571428571,1022.1428571428564,30.063025210084014,0
3375,4,0,0,35,0.0,0.0,1.0,35,800,600,200,0.75,10,6,4,382.1861572207104,0.39303221288515405,0.036795528644620434,0.21998758164956125,130657.85147392265,2987.1244331065473,133644.9759070292,3347,12,759.3714285714286,34,1,16,34.63626571960875,0.6311274509803922,44.40476190476189,1022.3809523809504,30.07002801120442,0
3376,4,0,0,35,0.0,0.0,1.0,35,800,700,100,0.875,9,7,2,381.90895389240916,0.3931372549019608,0.0344506517690879,0.2205216217636812,130779.5918367345,2989.1794217686893,133768.7712585032,3348,13,760.3714285714286,34,1,16,34.519756750465554,0.6323529411764707,44.28571428571428,1022.8571428571413,30.08403361344533,0
3377,4,0,0,35,0.0,0.0,1.0,35,950,800,150,0.8421052631578947,11,8,3,379.27742531965725,0.3927170868347339,0.035834787667248236,0.21952117647289238,130870.93431122437,2927.2782029478267,133798.2125141722,3349,14,761.3714285714286,34,1,16,34.494376575528385,0.6332720588235294,44.19642857142856,1023.2142857142846,30.094537815126017,0
3378,4,1,2,34,0.027777777777777776,0.05555555555555555,0.9444444444444444,36,700,500,200,0.7142857142857143,9,5,4,393.9829654497011,0.39596560846560847,0.005370768437857887,0.22775771298952982,130824.41332572454,3108.5180630572786,133932.9313887818,3350,0,741.1944444444445,35,1,15,34.16546460761022,0.6306547619047618,44.24189814814815,1023.0324074074081,29.229497354497372,3
3379,4,0,0,34,0.0,0.0,1.0,34,750,600,150,0.8,9,6,3,412.14682929915034,0.38779337492572785,0.028452532091973737,0.2367289639362891,130575.52984429075,3963.258121876215,134538.78796616697,3351,21,785.3529411764706,33,1,15,33.95433653077538,0.6325757575757576,44.485294117647065,1022.0588235294125,30.971479500891288,0
3380,4,0,0,34,0.0,0.0,1.0,34,800,500,300,0.625,11,5,6,410.378524171142,0.38758912655971484,0.026414522169016408,0.2359040158588214,130606.84479827479,3919.648842993091,134526.49364126788,3352,22,786.3529411764706,33,1,15,33.96762478519762,0.6328914141414141,44.454656862745104,1022.1813725490204,30.975193107546072,0
3381,4,0,1,33,0.0,0.029411764705882353,0.9705882352941176,34,1050,700,350,0.6666666666666666,14,7,7,432.00696848552514,0.387106357694593,0.028568086267892756,0.23975664331266938,129232.53864198893,4365.871449682846,133598.41009167177,3353,23,787.3529411764706,33,1,14,34.821195411996314,0.6190025252525251,45.80269607843139,1016.7892156862766,30.811794414735655,4
3382,4,0,0,33,0.0,0.0,1.0,33,650,300,350,0.46153846153846156,10,3,7,432.85054587765467,0.38490372474747475,0.04794154607911727,0.24042608941369906,129265.58036169801,4590.5354045505865,133856.1157662486,3354,24,810.1212121212121,32,1,14,34.76585133680987,0.6217447916666665,45.770202020202035,1016.9191919191937,31.778724747474804,0
3383,4,1,1,33,0.029411764705882353,0.029411764705882353,0.9705882352941176,34,850,300,550,0.35294117647058826,14,3,11,426.30627439626335,0.390857100415924,0.04313347871647455,0.2386625692509543,129575.4337274127,4247.764081122666,133823.19780853536,3355,0,787.2647058823529,33,1,13,34.61472877547746,0.6224747474747474,45.465686274509814,1018.1372549019621,30.852644087938245,0
3384,4,0,0,33,0.0,0.0,1.0,33,900,600,300,0.6666666666666666,12,6,6,431.9450679081859,0.38348327020202017,0.041997947468732644,0.24129654833041514,129490.37606175411,4586.545856290198,134076.9219180443,3356,26,812.1212121212121,32,1,13,34.55836744820742,0.6240234374999998,45.549242424242436,1017.803030303032,31.80634469696975,0
3385,4,2,1,34,0.05714285714285714,0.02857142857142857,0.9714285714285714,35,600,300,300,0.5,9,3,6,411.78325777644926,0.3934873949579832,0.042722073071086886,0.2331624037918601,130019.6446286849,3707.982568027227,133727.62719671213,3357,0,766.6571428571428,34,1,14,34.53051437687251,0.6246936274509803,45.02976190476191,1019.8809523809532,29.9964985994398,0
3386,4,0,0,34,0.0,0.0,1.0,34,750,700,50,0.9333333333333333,8,7,1,418.9623791161163,0.38887032085561496,0.038789018853514046,0.2364266668580638,129887.55076172644,4083.5994569396616,133971.1502186661,3358,1,790.2058823529412,33,1,15,34.48244770377495,0.6256313131313129,45.15931372549021,1019.3627450980407,30.889780154486083,0
3387,4,1,0,35,0.02857142857142857,0.0,1.0,35,750,400,350,0.5333333333333333,11,4,7,411.3286130778839,0.39292717086834733,0.05177842565597657,0.2343616516373993,130262.58680555575,3716.1458333333576,133978.7326388891,3359,0,768.6,34,1,16,34.294217687074834,0.6271446078431371,44.79166666666668,1020.833333333335,30.024509803921617,0
3388,4,3,3,35,0.07894736842105263,0.07894736842105263,0.9210526315789473,38,800,600,200,0.75,10,6,4,388.3056917130165,0.40491642958748225,0.05124535106502881,0.22610817709473632,131103.44048168653,2581.6424284395043,133685.08291012605,3360,0,708.8421052631579,37,1,16,34.027480371163456,0.6295045045045045,43.96929824561403,1024.1228070175428,27.678994784257913,0
3389,4,1,1,35,0.027777777777777776,0.027777777777777776,0.9722222222222222,36,950,400,550,0.42105263157894735,15,4,11,399.2128744494485,0.40262896825396827,0.05780729853652411,0.23184752951446938,131002.08340031281,3259.543654621043,134261.62705493387,3361,0,744.4444444444445,35,1,17,33.85116355756548,0.6324404761904763,44.06828703703703,1023.7268518518509,29.2493386243386,0
3390,4,0,1,34,0.0,0.02857142857142857,0.9714285714285714,35,750,600,150,0.8,9,6,3,411.31736145741615,0.39670868347338933,0.06491391344811581,0.2382536414479749,130901.38888888885,3768.4027777777724,134669.79166666663,3362,2,766.7142857142857,34,1,17,33.643797502714435,0.633578431372549,44.166666666666664,1023.3333333333329,30.098039215686264,0
3391,4,0,0,34,0.0,0.0,1.0,34,650,400,250,0.6153846153846154,9,4,5,413.0563480518995,0.3937908496732026,0.07657480037741693,0.23996333321457353,131014.28086553246,4023.256079392538,135037.536944925,3363,3,788.7941176470588,33,1,17,33.48445854281382,0.6369949494949495,44.056372549019606,1023.7745098039214,31.023469994058225,0
3392,4,1,1,34,0.02857142857142857,0.02857142857142857,0.9714285714285714,35,950,500,450,0.5263157894736842,14,5,9,401.179277780943,0.3984593837535014,0.07132270072743396,0.23536226072337815,131390.93888168025,3542.6398500576825,134933.57873173794,3364,0,767.2285714285714,33,2,17,33.406048290700454,0.6407828282828282,43.688725490196084,1025.2450980392166,31.068033273915656,0
3393,4,0,0,34,0.0,0.0,1.0,34,400,200,200,0.5,6,2,4,414.1053605658007,0.39367944147355916,0.08440937350549982,0.2425474254742547,131328.125,4076.7361111111104,135404.86111111112,3365,5,790.7941176470588,32,2,17,33.13855013550135,0.642578125,43.75,1025.0,32.03125,0
3394,4,0,0,34,0.0,0.0,1.0,34,850,600,250,0.7058823529411765,11,6,5,416.1098297740579,0.3933637849079026,0.08156413655229389,0.24434041414281443,131425.20732897156,4137.464129935723,135562.67145890728,3366,6,791.7941176470588,32,2,17,32.98854820834873,0.6435546875,43.65530303030303,1025.378787878788,32.043087121212125,0
3395,4,0,0,34,0.0,0.0,1.0,34,1000,700,300,0.7,13,7,6,419.9985163496091,0.3929738562091503,0.08087149187592324,0.24725130049450905,131522.32552800738,4247.836317722686,135770.16184573006,3367,7,792.7941176470588,32,2,17,32.79018956179222,0.64453125,43.56060606060606,1025.757575757576,32.05492424242425,0
3396,4,0,1,33,0.0,0.029411764705882353,0.9705882352941176,34,450,200,250,0.4444444444444444,7,2,5,419.3477707645318,0.3925653594771242,0.08638212853440663,0.2472873719326987,131587.0909218448,4236.150647893086,135823.24156973787,3368,8,793.7941176470588,32,2,16,32.74109853146281,0.6451822916666666,43.497474747474755,1026.0101010101018,32.06281565656568,0
3397,4,0,0,33,0.0,0.0,1.0,33,650,400,250,0.6153846153846154,9,4,5,429.85988252138714,0.3899147727272727,0.09908121335241726,0.252654957816302,131461.62245008687,4702.015516493065,136163.63796657993,3369,9,817.6969696969697,31,2,17,32.59903504316912,0.646505376344086,43.61979166666667,1025.520833333334,33.081317204301094,0
3398,4,0,0,33,0.0,0.0,1.0,33,950,700,250,0.7368421052631579,12,7,5,433.9927402930861,0.38999368686868685,0.10062051625106694,0.25642659512669447,131661.99578179247,4828.07006835937,136490.06585015185,3370,10,818.6969696969697,31,2,16,32.289287828808256,0.648521505376344,43.424479166666664,1026.302083333333,33.10651881720429,0
3399,4,0,0,33,0.0,0.0,1.0,33,850,600,250,0.7058823529411765,11,6,5,433.7449074492366,0.3897174873737374,0.10383899881616787,0.2567300938686023,131728.82080078125,4827.341037326389,136556.16183810763,3371,11,819.6969696969697,31,2,16,32.22771858616607,0.6491935483870968,43.359375,1026.5625,33.11491935483871,0
3400,4,0,0,33,0.0,0.0,1.0,33,1000,900,100,0.9,11,9,2,424.40751421154255,0.3893623737373737,0.07000078476216132,0.24670398084167733,131037.09323347114,4522.62540174473,135559.71863521586,3372,12,820.6969696969697,32,1,17,33.17070538907387,0.6396484375,44.034090909090914,1023.8636363636368,31.99573863636365,4
3401,4,1,1,33,0.029411764705882353,0.029411764705882353,0.9705882352941176,34,1300,900,400,0.6923076923076923,17,9,8,412.15292827637086,0.39453357100415926,0.03614733712385454,0.23846602897986316,130857.49959450714,3986.660328960046,134844.1599234672,3373,0,797.5294117647059,33,1,18,33.6670808879307,0.6354166666666665,44.20955882352943,1023.1617647058841,31.004901960784366,3
3402,4,0,0,33,0.0,0.0,1.0,33,1000,700,300,0.7,13,7,6,416.30143280492763,0.3883364898989899,0.04070567471357189,0.24097905796079544,130875.5484134273,4296.735664728098,135172.2840781554,3374,14,822.6969696969697,32,1,18,33.54259213557092,0.6380208333333333,44.1919191919192,1023.232323232324,31.976010101010125,0
3403,4,1,1,33,0.029411764705882353,0.029411764705882353,0.9705882352941176,34,900,800,100,0.8888888888888888,10,8,2,404.14711201666603,0.3940879382055853,0.03007317759639716,0.23594063243431065,131202.54229142642,3805.025711264902,135007.56800269132,3375,0,799.4705882352941,33,1,18,33.52123205741627,0.6388888888888888,43.872549019607845,1024.509803921569,31.045751633986942,0
3404,4,1,0,34,0.029411764705882353,0.0,1.0,34,850,500,350,0.5882352941176471,12,5,7,405.1808728464394,0.39109848484848486,0.030101157899179887,0.2369316404714635,131265.32613658212,3837.2398836985785,135102.5660202807,3376,0,800.4411764705883,33,1,19,33.43099736905046,0.639520202020202,43.81127450980392,1024.7549019607845,31.0531788472965,0
3405,4,0,0,34,0.0,0.0,1.0,34,1000,700,300,0.7,13,7,6,409.1479939189636,0.3913027332144979,0.033237685318030064,0.23964382500967876,131328.1250000001,3946.5427960399984,135274.6677960401,3377,1,801.4411764705883,32,2,19,33.26558265582656,0.642578125,43.75000000000001,1025.0000000000007,32.03125000000002,0
3406,4,0,1,33,0.0,0.029411764705882353,0.9705882352941176,34,400,100,300,0.25,7,1,6,381.75639886516484,0.39037433155080214,0.014967855221048598,0.2137218437851608,129575.43372741232,3162.694636678179,132738.12836409052,3378,2,802.4411764705883,33,1,15,35.748675974963895,0.6224747474747476,45.46568627450979,1018.1372549019591,30.852644087938152,8
3407,4,0,0,33,0.0,0.0,1.0,33,1150,800,350,0.6956521739130435,15,8,7,395.5834468431552,0.38735006313131315,0.029558798102583772,0.22116461501036866,129522.50567544119,3647.3918477706225,133169.8975232118,3379,19,827.6969696969697,32,1,15,35.45077730918713,0.6243489583333335,45.51767676767676,1017.9292929292922,31.81029040404038,0
3408,4,0,0,33,0.0,0.0,1.0,33,1200,1000,200,0.8333333333333334,14,10,4,400.9766107695211,0.3872316919191919,0.027947755727599777,0.22509939589963285,129683.2135273185,3799.987086776845,133483.20061409535,3380,20,828.6969696969697,32,1,16,35.14937399281022,0.6259765625,45.35984848484848,1018.5606060606049,31.830018939393902,0
3409,4,0,0,33,0.0,0.0,1.0,33,600,200,400,0.3333333333333333,10,2,8,398.93036304086456,0.38735006313131315,0.025842063760279643,0.22450265200416852,129779.68606519744,3754.611455463728,133534.29752066117,3381,21,829.6969696969697,32,1,16,35.1030049566295,0.626953125,45.265151515151516,1018.939393939394,31.841856060606062,0
3410,4,0,0,33,0.0,0.0,1.0,33,950,600,350,0.631578947368421,13,6,7,402.8890145597101,0.38663983585858586,0.024482596866497897,0.22766471606505662,129940.55333958271,3870.3242972655853,133810.87763684828,3382,22,830.6969696969697,32,1,16,34.83797729618162,0.6285807291666667,45.10732323232323,1019.5707070707072,31.8615845959596,0
3411,4,0,0,33,0.0,0.0,1.0,33,700,500,200,0.7142857142857143,9,5,4,401.1408683540077,0.38608743686868685,0.025250098291905054,0.22745889565250405,130075.0012014609,3835.6797866205175,133910.6809880814,3383,23,831.6969696969697,33,0,18,34.7454148646484,0.6275252525252526,44.975490196078425,1020.0980392156856,30.912061794414715,0
3412,4,0,0,33,0.0,0.0,1.0,33,950,600,350,0.631578947368421,13,6,7,401.28237342691017,0.38608743686868685,0.02301385416552959,0.2280872575785583,130168.77710796316,3846.8871647923725,134015.66427275553,3384,24,832.6969696969697,33,0,18,34.64620611664865,0.6284722222222223,44.88357843137254,1020.4656862745088,30.923202614379054,0
3413,4,0,0,33,0.0,0.0,1.0,33,750,400,350,0.5333333333333333,11,4,7,405.8263747884943,0.38628472222222227,0.02344953179626086,0.23161029590081533,130327.04132550256,3978.0639346977678,134305.10526020033,3385,25,833.6969696969697,32,1,19,34.36894604509295,0.6324869791666666,44.72853535353536,1021.0858585858591,31.908933080808097,0
3414,4,0,0,33,0.0,0.0,1.0,33,800,500,300,0.625,11,5,6,412.0135207854575,0.38628472222222227,0.010687017320716752,0.22758188546517177,129045.69644187328,4033.7143466455173,133079.4107885188,3386,26,834.6969696969697,33,0,17,35.520820769509115,0.6171085858585859,45.986519607843135,1016.0539215686272,30.789512774806884,3
3415,4,0,0,33,0.0,0.0,1.0,33,1200,1000,200,0.8333333333333334,14,10,4,408.8130536089884,0.38624526515151514,0.018879573309952935,0.22652667198975002,129170.24289035461,3961.2962862841123,133131.53917663873,3387,27,835.6969696969697,33,0,17,35.47455796664658,0.6183712121212122,45.86397058823529,1016.5441176470583,30.80436720142601,0
3416,4,1,1,33,0.029411764705882353,0.029411764705882353,0.9705882352941176,34,850,600,250,0.7058823529411765,11,6,5,399.69247648712195,0.38991013071895425,0.012766002678628041,0.2225249662856874,129357.17520004326,3540.621695982314,132897.79689602557,3388,0,812.0882352941177,33,1,17,35.515173874633575,0.6202651515151515,45.68014705882353,1017.279411764706,30.826648841354725,0
3417,4,0,0,33,0.0,0.0,1.0,33,750,400,350,0.5333333333333333,11,4,7,407.1486159634506,0.38628472222222227,0.02235469448584193,0.22578241430700446,129201.38888888893,3920.8333333333376,133122.22222222228,3389,29,837.6969696969697,32,1,17,35.48497267759562,0.62109375,45.833333333333336,1016.6666666666671,31.770833333333346,0
3418,4,0,0,33,0.0,0.0,1.0,33,750,500,250,0.6666666666666666,10,5,5,408.675510332571,0.3863636363636364,0.02131069824141596,0.22699810760127753,129265.58036169766,3965.5354045505433,133231.1157662482,3390,30,838.6969696969697,32,1,17,35.380452777087996,0.6217447916666667,45.770202020202014,1016.919191919191,31.77872474747472,0
3419,4,0,0,33,0.0,0.0,1.0,33,650,500,150,0.7692307692307693,8,5,3,405.6838786831119,0.38592960858585856,0.01751159353244458,0.2258876994160215,129361.89746263128,3896.0072632894476,133257.90472592073,3391,31,839.6969696969697,32,1,18,35.35797029498158,0.6227213541666667,45.675505050505045,1017.2979797979792,31.79056186868685,0
3420,4,1,0,34,0.029411764705882353,0.0,1.0,34,700,500,200,0.7142857142857143,9,5,4,391.29391646850826,0.39119132501485443,0.013559417992413447,0.2197591238977185,129700.23548635119,3350.1826220684075,133050.4181084196,3392,0,815.9705882352941,33,1,16,35.37856913699069,0.6237373737373739,45.34313725490195,1018.6274509803903,30.867498514557283,0
3421,4,0,0,34,0.0,0.0,1.0,34,950,600,350,0.631578947368421,13,6,7,392.98466162931743,0.39119132501485443,0.014949978066761682,0.22106051940366322,129762.65889321403,3398.946919454041,133161.60581266807,3393,1,816.9705882352941,33,1,16,35.27183064710126,0.6243686868686871,45.28186274509803,1018.8725490196069,30.874925727866877,0
3422,4,0,0,34,0.0,0.0,1.0,34,750,400,350,0.5333333333333333,11,4,7,394.96756427973366,0.3914884135472371,0.00960586254703899,0.22253050572833763,129825.09731833897,3455.3404940407354,133280.4378123797,3394,2,817.9705882352941,33,1,16,35.157627865961196,0.625,45.22058823529411,1019.1176470588225,30.88235294117644,0
3423,4,0,0,34,0.0,0.0,1.0,34,450,200,250,0.4444444444444444,7,2,5,399.24714179066643,0.3917483660130719,0.009073165212225787,0.2253010668531047,129887.55076172622,3571.4466791618556,133458.99744088808,3395,3,818.9705882352941,33,1,16,34.9848721647832,0.6256313131313131,45.15931372549019,1019.3627450980389,30.889780154486026,0
3424,4,1,0,35,0.02857142857142857,0.0,1.0,35,1000,700,300,0.7,13,7,6,391.40010046927046,0.39765406162464983,0.004513032464502409,0.2224855213012324,130171.45691609965,3189.824263038533,133361.28117913817,3396,0,796.5428571428571,34,1,17,34.895590293980405,0.6262254901960785,44.88095238095237,1020.4761904761895,30.014005602240868,0
3425,4,1,2,34,0.027777777777777776,0.05555555555555555,0.9444444444444444,36,800,500,300,0.625,11,5,6,378.53565158763945,0.4025462962962963,-0.0016991391028546854,0.2169943332607582,130498.9979852535,2679.704646776374,133178.7026320299,3397,0,775.3888888888889,35,1,12,34.89087751095,0.6273809523809525,44.56018518518517,1021.7592592592571,29.19312169312163,0
3426,4,1,1,34,0.02857142857142857,0.02857142857142857,0.9714285714285714,35,1000,900,100,0.9,11,9,2,382.956552532844,0.3997899159663865,0.0011315417256010374,0.21991183969862654,130566.58340419496,3000.2657312925066,133566.84913548746,3398,0,797.3714285714286,34,1,12,34.70927975150456,0.6302083333333334,44.49404761904761,1022.0238095238091,30.059523809523796,0
3427,4,0,0,34,0.0,0.0,1.0,34,700,600,100,0.8571428571428571,8,6,2,390.5654382021018,0.3943478906714201,0.0068351035675222604,0.22342916454457906,130419.01139285362,3387.431666906951,133806.44305976055,3399,3,821.8235294117648,33,1,17,34.66494201159768,0.6309974747474747,44.63848039215686,1021.4460784313718,30.952911467617326,0
3428,4,0,0,34,0.0,0.0,1.0,34,950,700,250,0.7368421052631579,12,7,5,390.12025065214567,0.39349376114081996,0.011342068313471731,0.2235348817654252,130481.60750973185,3380.7034854382964,133862.31099517015,3400,4,822.8235294117648,33,1,18,34.61264543600816,0.6316287878787878,44.57720588235294,1021.6911764705883,30.960338680926917,0
3429,4,1,1,34,0.02857142857142857,0.02857142857142857,0.9714285714285714,35,800,600,200,0.75,10,6,4,382.1314634258123,0.39800420168067224,0.0070788217487485205,0.22012925146641862,130688.28125000001,2988.020833333334,133676.30208333334,3401,0,800.2857142857143,34,1,13,34.606764466177665,0.6314338235294117,44.375,1022.5000000000001,30.07352941176471,0
3430,4,0,1,33,0.0,0.029411764705882353,0.9705882352941176,34,950,600,350,0.631578947368421,13,6,7,390.10723250542856,0.39330808080808083,0.015553925682490144,0.22425116652844787,130606.84479827466,3390.1349541041873,133996.97975237886,3402,6,824.8235294117648,33,1,14,34.48564820365265,0.6328914141414141,44.4546568627451,1022.1813725490192,30.975193107546037,0
3431,4,0,0,33,0.0,0.0,1.0,33,700,300,400,0.42857142857142855,11,3,8,398.69541610308175,0.3868765782828283,0.016558000247134164,0.22863290092623784,130512.91120001925,3806.9798875432534,134319.89108756252,3403,11,850.6363636363636,33,0,14,34.36175741584712,0.6319444444444444,44.54656862745098,1021.8137254901964,30.96405228758171,0
3432,4,0,0,33,0.0,0.0,1.0,33,800,500,300,0.625,11,5,6,398.84248475292566,0.38660037878787884,0.017536021851016548,0.2296440890471815,130669.48596993952,3823.308493127652,134492.79446306717,3404,12,851.6363636363636,33,0,14,34.19870450277678,0.6335227272727272,44.39338235294118,1022.4264705882359,30.982620320855634,0
3433,4,0,0,33,0.0,0.0,1.0,33,850,500,350,0.5882352941176471,12,5,7,397.56917906303227,0.3858506944444444,0.013827913648164936,0.22928229435252295,130732.14215986658,3795.0140871299704,134527.15624699654,3405,13,852.6363636363636,33,0,14,34.167540443379266,0.6341540404040403,44.332107843137265,1022.6715686274524,30.990047534165225,0
3434,4,0,0,33,0.0,0.0,1.0,33,850,800,50,0.9411764705882353,9,8,1,400.21245864458217,0.38517992424242425,0.01826384578810014,0.231557437091034,130857.49959450707,3874.1603289600334,134731.65992346712,3406,14,853.6363636363636,33,0,14,33.97250668742764,0.6354166666666665,44.20955882352942,1023.1617647058836,31.004901960784352,0
3435,4,0,1,32,0.0,0.030303030303030304,0.9696969696969697,33,700,500,200,0.7142857142857143,9,5,4,401.25750502781796,0.38592960858585856,0.02146464646464641,0.23272935291613447,130951.55709342571,3909.0590157631814,134860.61610918888,3407,15,854.6363636363636,33,0,14,33.85017560664113,0.6363636363636362,44.117647058823536,1023.5294117647068,31.01604278074869,0
3436,4,1,1,32,0.030303030303030304,0.030303030303030304,0.9696969696969697,33,650,500,150,0.7692307692307693,8,5,3,401.69588613204917,0.38660037878787884,0.01874848085790326,0.23317343550111252,130982.91710219646,3923.0597907055244,134905.976892902,3408,0,855.1515151515151,33,0,14,33.80709026696995,0.6366792929292928,44.08700980392158,1023.6519607843152,31.01975638740349,0
3437,4,1,0,33,0.030303030303030304,0.0,1.0,33,900,600,300,0.6666666666666666,12,6,6,397.53096311897605,0.38719223484848486,0.023908945918515556,0.23207813210018446,131202.5422914265,3831.4146001538065,135033.9568915803,3409,0,856.1212121212121,33,0,18,33.69068979266348,0.6388888888888888,43.87254901960785,1024.5098039215698,31.045751633986963,0
3438,4,0,0,33,0.0,0.0,1.0,33,1000,600,400,0.6,14,6,8,391.52628089329556,0.3859690656565657,0.0017272473265768085,0.22690048381262404,130920.2008392205,3651.7398656766627,134571.94070489716,3410,1,857.1212121212121,33,0,18,34.13101724344391,0.6360479797979798,44.14828431372549,1023.4068627450981,31.012329174093882,2
3439,4,0,0,33,0.0,0.0,1.0,33,1000,600,400,0.6,14,6,8,392.18553166504756,0.3858506944444444,0.0071531692312156725,0.2278385209686931,131014.28086553245,3676.3810793925395,134690.661944925,3411,2,858.1212121212121,33,0,18,34.01863378820525,0.6369949494949496,44.056372549019606,1023.7745098039213,31.02346999405822,0
3440,4,0,0,33,0.0,0.0,1.0,33,750,400,350,0.5333333333333333,11,4,7,390.4955330785125,0.385574494949495,0.012573690965650197,0.22759844250140912,131139.77346453283,3641.899149365622,134781.67261389847,3412,3,859.1212121212121,33,0,18,33.934553720985875,0.6382575757575759,43.93382352941176,1024.2647058823527,31.038324420677355,0
3441,4,0,1,32,0.0,0.030303030303030304,0.9696969696969697,33,850,500,350,0.5882352941176471,12,5,7,389.6496998724718,0.38435132575757575,0.012812569072284452,0.2280364198763807,131296.72369100817,3631.94579608803,134928.6694870962,3413,4,860.1212121212121,33,0,18,33.79705747538762,0.6398358585858586,43.780637254901954,1024.8774509803914,31.056892453951253,0
3442,4,0,0,32,0.0,0.0,1.0,32,1000,900,100,0.9,11,9,2,406.9514739229023,0.37817120295698925,0.018607142857142822,0.23898157025673814,131428.24172973644,4301.582680203203,135729.82440993964,3414,54,887.875,31,1,19,33.2202380952381,0.6461693548387096,43.65234375000001,1025.390625000001,33.0771169354839,3
3443,4,1,1,32,0.030303030303030304,0.030303030303030304,0.9696969696969697,33,1050,900,150,0.8571428571428571,12,9,3,402.00198931114215,0.38364109848484845,0.007803067566963584,0.23827114993281412,131781.48275686166,3995.283644526084,135776.76640138775,3415,0,861.939393939394,32,1,16,32.98901459255616,0.6471354166666665,43.30808080808082,1026.7676767676778,32.08648989898993,0
3444,4,1,1,32,0.030303030303030304,0.030303030303030304,0.9696969696969697,33,650,500,150,0.7692307692307693,8,5,3,400.0220803856561,0.3857717803030303,0.01238044158398166,0.23790786886094292,131911.15702479347,3953.4750918273744,135864.63211662084,3416,0,862.9090909090909,32,1,17,32.9085238446411,0.6484375,43.18181818181819,1027.272727272728,32.10227272727275,0
3445,4,0,0,32,0.0,0.0,1.0,32,750,500,250,0.6666666666666666,10,5,5,412.05682804701934,0.3786122311827957,0.025038032454361092,0.24475182677973553,131862.52170138885,4466.970486111106,136329.49218749994,3417,57,890.875,31,1,18,32.64874915483435,0.6505376344086022,43.229166666666664,1027.083333333333,33.131720430107514,0
3446,4,0,0,32,0.0,0.0,1.0,32,750,500,250,0.6666666666666666,10,5,5,412.68005416684736,0.37785618279569894,0.0265129911280102,0.24555396888208336,131929.3975830078,4488.926188151042,136418.32377115884,3418,58,891.875,31,1,19,32.564955640050705,0.6512096774193548,43.1640625,1027.34375,33.140120967741936,0
3447,4,0,0,32,0.0,0.0,1.0,32,750,400,350,0.5333333333333333,11,4,7,410.5755413663451,0.3774571572580645,0.02504988597491442,0.2449488093729826,132029.74319458008,4441.636657714844,136471.37985229492,3419,59,892.875,31,1,19,32.517341315089325,0.6522177419354838,43.06640625,1027.734375,33.15272177419355,0
3448,4,0,0,32,0.0,0.0,1.0,32,900,600,300,0.6666666666666666,12,6,6,411.16814513869457,0.37752016129032256,0.021859956929313418,0.24551901193077563,132063.20020887582,4460.036214192704,136523.23642306853,3420,60,893.875,31,1,19,32.46822481209357,0.6525537634408602,43.033854166666664,1027.864583333333,33.156922043010745,0
3449,4,1,1,32,0.030303030303030304,0.030303030303030304,0.9696969696969697,33,800,600,200,0.75,10,6,4,398.46580012784983,0.3838778409090909,0.009324009324009008,0.24005134788189994,132398.0034722223,3951.215277777782,136349.2187500001,3421,0,867.7575757575758,32,1,19,32.456140350877185,0.6533203125,42.708333333333336,1029.1666666666672,32.16145833333335,0
3450,4,0,0,32,0.0,0.0,1.0,32,550,300,250,0.5454545454545454,8,3,5,408.12211604621643,0.37670110887096775,0.023600651816225948,0.24521466455369997,132297.51798841677,4398.708597819001,136696.22658623577,3422,62,895.875,31,1,19,32.30933320676709,0.6549059139784946,42.80598958333333,1028.7760416666658,33.186323924731155,0
3451,4,0,1,31,0.0,0.03125,0.96875,32,550,200,350,0.36363636363636365,9,2,7,411.253368827617,0.37621807795698925,0.026488547203239454,0.24731538207578593,132331.00891113273,4484.314643012138,136815.32355414485,3423,63,896.875,31,1,19,32.19490846199274,0.655241935483871,42.77343749999999,1028.9062499999993,33.19052419354836,0
3452,4,0,0,31,0.0,0.0,1.0,31,950,700,250,0.7368421052631579,12,7,5,419.11849071448455,0.373163082437276,0.02429149797570851,0.2524933346499457,132398.0034722223,4898.090277777781,137296.0937500001,3424,64,897.483870967742,30,1,19,31.924763832658567,0.6586805555555555,42.708333333333336,1029.1666666666672,34.30555555555557,0
3453,4,1,1,31,0.03125,0.03125,0.96875,32,600,300,300,0.5,9,3,6,408.85534611770953,0.37668010752688175,0.019369312436804842,0.24807235417816845,132666.1512586805,4448.253038194439,137114.40429687494,3425,0,870.40625,31,1,18,31.91776204920796,0.6586021505376344,42.447916666666664,1030.208333333333,33.23252688172042,0
3454,4,0,0,31,0.0,0.0,1.0,31,850,400,450,0.47058823529411764,13,4,9,418.6090981600529,0.37311827956989246,0.021595216036385034,0.2528821523585178,132501.77043588855,4893.289325355536,137395.05976124408,3426,66,899.483870967742,30,1,19,31.832843777197564,0.6597222222222222,42.60752688172043,1029.5698924731184,34.31899641577061,0
3455,4,0,0,31,0.0,0.0,1.0,31,750,600,150,0.8,9,6,3,417.55184364569425,0.37311827956989246,0.04915514592933934,0.23233012838747596,129333.80126953126,4600.713433159723,133934.514702691,3427,67,900.483870967742,31,0,19,35.08491210104113,0.625,45.703125,1017.1875000000001,32.81250000000001,6
3456,4,0,0,31,0.0,0.0,1.0,31,550,300,250,0.5454545454545454,8,3,5,418.7091225096357,0.37240143369175627,0.04728101165516563,0.23375932153823653,129466.28146701386,4641.742621527774,134108.02408854163,3428,68,901.483870967742,31,0,16,34.91982258614807,0.6263440860215055,45.572916666666664,1017.708333333333,32.82930107526881,0
3457,4,0,0,31,0.0,0.0,1.0,31,1000,800,200,0.8,12,8,4,420.0260333200331,0.37217741935483867,0.05306492863625123,0.2352867894385859,129598.82948133686,4686.976453993061,134285.8059353299,3429,69,902.483870967742,31,0,17,34.75063938618926,0.6276881720430108,45.442708333333336,1018.2291666666671,32.84610215053765,0
3458,4,0,0,31,0.0,0.0,1.0,31,1050,900,150,0.8571428571428571,12,9,3,424.184956465821,0.3723566308243728,0.053031021333608264,0.23862309736484888,129764.60986667205,4808.8390774197,134573.44894409174,3430,70,903.483870967742,31,0,17,34.47510649627263,0.6293682795698925,45.279947916666664,1018.8802083333329,32.86710349462364,0
3459,4,0,0,31,0.0,0.0,1.0,31,750,600,150,0.8,9,6,3,428.8184729998494,0.37240143369175627,0.05274696292877534,0.24184373246706203,129864.12896050344,4937.627495659717,134801.75645616316,3431,71,904.483870967742,31,0,17,34.25523760858457,0.6303763440860215,45.182291666666664,1019.270833333333,32.87970430107526,0
3460,4,1,1,31,0.03125,0.03125,0.96875,32,700,500,200,0.7142857142857143,9,5,4,420.89023124223297,0.3790532594086022,0.046834395495607195,0.23901714396826979,130133.72559241384,4554.402771400851,134688.1283638147,3432,0,877.1875,32,0,17,34.181774120364636,0.6305338541666667,44.91792929292928,1020.3282828282812,31.885258838383788,0
3461,4,1,0,32,0.03125,0.0,1.0,32,650,600,50,0.9230769230769231,7,6,1,418.1615864510049,0.38041834677419356,0.04385999872465263,0.23845854540816908,130295.81917656775,4497.005059964511,134792.82423653227,3433,0,878.15625,31,1,18,34.08592122603409,0.634744623655914,44.75911458333332,1020.9635416666652,32.93430779569888,0
3462,4,1,0,33,0.030303030303030304,0.0,1.0,33,750,500,250,0.6666666666666666,10,5,5,407.1350334788081,0.38139204545454547,0.04870637718254467,0.2344935633791881,130681.8261529434,4041.029933170065,134722.85608611346,3434,0,852.5151515151515,32,1,15,33.97418086770397,0.6360677083333335,44.38131313131312,1022.474747474746,31.952335858585812,0
3463,4,1,1,33,0.029411764705882353,0.029411764705882353,0.9705882352941176,34,850,600,250,0.7058823529411765,11,6,5,396.06273000340263,0.38625222816399285,0.04748205998549282,0.2299035429964158,130982.9171021963,3575.4903462610523,134558.40744845735,3435,0,828.4117647058823,33,1,16,33.95125004988226,0.6366792929292929,44.08700980392157,1023.6519607843139,31.01975638740345,0
3464,4,1,1,33,0.029411764705882353,0.029411764705882353,0.9705882352941176,34,650,400,250,0.6153846153846154,9,4,5,394.50451126358644,0.3806632501485443,0.04781788224027905,0.22918572232934642,131014.28086553249,3537.1449682814273,134551.4258338139,3436,0,829.3235294117648,33,1,16,33.95928098316174,0.6369949494949496,44.056372549019606,1023.7745098039217,31.02346999405823,0
3465,4,1,2,32,0.029411764705882353,0.058823529411764705,0.9411764705882353,34,500,300,200,0.6,7,3,4,406.13733011689106,0.3804032976827094,0.10050640431716773,0.2290063847174359,129856.32216274976,3747.8999963955976,133604.22215914534,3437,0,830.2941176470588,33,1,17,34.84116368081439,0.6253156565656567,45.18995098039215,1019.2401960784302,30.88606654783122,5
3466,4,2,2,32,0.058823529411764705,0.058823529411764705,0.9411764705882353,34,750,400,350,0.5333333333333333,11,4,7,403.9133066559951,0.38619652406417115,0.08314540814523141,0.22848148366312251,129981.25908604846,3700.232032151072,133681.49111819954,3438,0,810.7941176470588,33,1,17,34.770335095941974,0.6265782828282829,45.0674019607843,1019.7303921568614,30.900920974450344,0
3467,4,2,2,32,0.058823529411764705,0.058823529411764705,0.9411764705882353,34,450,200,250,0.4444444444444444,7,2,5,404.4840976331361,0.38435828877005346,0.0792138009049772,0.22862144648829427,129950.01922337557,3712.543252595148,133662.5624759707,3439,0,811.7352941176471,33,1,17,34.78766025641025,0.6262626262626263,45.09803921568627,1019.6078431372545,30.89720736779559,0
3468,4,1,1,32,0.030303030303030304,0.030303030303030304,0.9696969696969697,33,1000,700,300,0.7,13,7,6,416.510103389072,0.382260101010101,0.09292478857696285,0.23497456776100478,129876.1944731405,4218.949437557394,134095.1439106979,3440,0,837.3030303030303,32,1,17,34.55654651306826,0.6279296875,45.17045454545455,1019.3181818181819,31.853693181818183,0
3469,4,1,0,33,0.030303030303030304,0.0,1.0,33,700,500,200,0.7142857142857143,9,5,4,416.2517767865895,0.37811710858585856,0.1137263726372637,0.2361878059294693,130101.52025303539,4230.997793592489,134332.51804662787,3441,0,838.2727272727273,32,1,18,34.33297235973597,0.6302083333333334,44.94949494949495,1020.2020202020201,31.881313131313128,0
3470,4,1,1,33,0.029411764705882353,0.029411764705882353,0.9705882352941176,34,900,700,200,0.7777777777777778,11,7,4,405.3122815541031,0.3832070707070707,0.10592753664115695,0.2313056116375879,130325.145376778,3764.4764033064,134089.62178008442,3442,0,814.5882352941177,33,1,18,34.384001440230435,0.6300505050505052,44.730392156862735,1021.0784313725477,30.94177064765296,0
3471,4,0,0,33,0.0,0.0,1.0,33,1100,900,200,0.8181818181818182,13,9,4,413.2696944661001,0.37598642676767674,0.11908427831286028,0.23625007480821789,130391.51178770026,4177.372047495157,134568.88383519542,3443,2,840.2727272727273,32,1,21,34.11319899451931,0.6331380208333334,44.66540404040404,1021.3383838383841,31.916824494949502,0
3472,4,1,1,33,0.029411764705882353,0.029411764705882353,0.9705882352941176,34,800,600,200,0.75,10,6,4,403.1605250889912,0.38112745098039214,0.10515684159316407,0.23213031475620788,130669.48596993939,3736.1557153498607,134405.64168528924,3444,0,816.5294117647059,33,1,14,34.08833253426026,0.6335227272727273,44.393382352941174,1022.4264705882348,30.9826203208556,0
3473,4,2,1,34,0.05714285714285714,0.02857142857142857,0.9714285714285714,35,900,700,200,0.7777777777777778,11,7,4,394.12677642782603,0.38490896358543414,0.10964676170538001,0.2286573565267508,130962.30867346935,3323.1505102040746,134285.45918367343,3445,0,794.1428571428571,34,1,16,34.0217201674808,0.6341911764705883,44.107142857142854,1023.5714285714283,30.105042016806717,0
3474,4,1,1,34,0.02857142857142857,0.02857142857142857,0.9714285714285714,35,400,200,200,0.5,6,2,4,394.138723634397,0.38564425770308125,0.11003322259136228,0.22902655562539284,131023.24263038543,3328.2667233560023,134351.50935374142,3446,0,795.1142857142858,34,1,16,33.95954457364342,0.6348039215686274,44.047619047619044,1023.8095238095233,30.112044817927156,0
3475,4,1,0,35,0.02857142857142857,0.0,1.0,35,850,400,450,0.47058823529411764,13,4,9,394.3096811261132,0.38508403361344534,0.11668765133171921,0.22988410263281298,131150.23389274688,3342.7613811728315,134492.99527391972,3447,0,796.0857142857143,35,0,17,33.82627118644067,0.6339285714285714,43.92361111111111,1024.3055555555552,29.265873015873005,0
3476,4,1,0,36,0.027777777777777776,0.0,1.0,36,900,600,300,0.6666666666666666,12,6,6,391.0929482443225,0.387962962962963,0.11162528216704337,0.229780074366359,131446.78605109727,3081.702782064457,134528.4888331617,3448,0,774.9444444444445,35,1,18,33.60797592174568,0.6369047619047619,43.63425925925925,1025.462962962962,29.29894179894177,0
3477,4,0,0,36,0.0,0.0,1.0,36,900,700,200,0.7777777777777778,11,7,4,393.7030001694277,0.38720238095238096,0.10627256317689593,0.23203347031261998,131565.50068587094,3159.5464677640475,134725.04715363498,3449,1,775.9444444444445,35,1,14,33.42076564380265,0.6380952380952382,43.51851851851851,1025.925925925925,29.312169312169285,0
3478,4,0,0,36,0.0,0.0,1.0,36,900,500,400,0.5555555555555556,13,5,8,406.54220390004747,0.38720238095238096,0.11133921330089169,0.22278512773722633,128731.13854595355,3280.645576131705,132011.78412208526,3450,2,776.9444444444445,35,1,16,35.98217001216544,0.6095238095238094,46.296296296296305,1014.8148148148164,28.99470899470904,8
3479,4,0,0,36,0.0,0.0,1.0,36,1050,700,350,0.6666666666666666,14,7,7,401.95672962660086,0.38753306878306876,0.11031311749506045,0.22092508974213926,128848.62075617285,3158.3140432098808,132006.93479938273,3451,3,777.9444444444445,35,1,16,35.97811217510261,0.6107142857142855,46.18055555555556,1015.2777777777778,29.00793650793651,0
3480,4,3,2,37,0.07692307692307693,0.05128205128205128,0.9487179487179487,39,650,400,250,0.6153846153846154,9,4,5,379.22042642336856,0.39993814664867294,0.11689925119128675,0.21213815933584523,129545.085626167,2026.1930286142338,131571.27865478123,3452,0,719.025641025641,36,3,12,35.84416482300884,0.6157407407407407,45.49549549549551,1018.0180180180204,28.278278278278343,0
3481,4,1,1,37,0.02631578947368421,0.02631578947368421,0.9736842105263158,38,450,300,150,0.6666666666666666,6,3,3,387.53346154778365,0.3943515884305358,0.11442637088853136,0.21554709241024886,129319.08543381379,2423.0945644719145,131742.1799982857,3453,0,738.921052631579,35,3,17,35.863298437262934,0.6154761904761903,45.71759259259261,1017.1296296296324,29.06084656084664,0
3482,4,1,0,38,0.02631578947368421,0.0,1.0,38,600,400,200,0.6666666666666666,8,4,4,387.43846718944945,0.3973298956851588,0.12979563747344436,0.21662564011005805,129525.18332315271,2436.6076978309657,131961.79102098368,3454,0,739.8947368421053,35,3,13,35.6553202577222,0.6175595238095237,45.51504629629631,1017.939814814817,29.083994708994773,0
3483,4,0,0,38,0.0,0.0,1.0,38,1150,900,250,0.782608695652174,14,9,5,385.53214345714235,0.3976410621147463,0.1297603522331634,0.21604533746088805,129613.56122470871,2394.0388160151183,132007.60004072383,3455,1,740.8947368421053,35,3,13,35.613681139652954,0.6184523809523808,45.428240740740755,1018.2870370370388,29.093915343915395,0
3484,4,0,0,38,0.0,0.0,1.0,38,950,700,250,0.7368421052631579,12,7,5,384.8808847049106,0.3979818634423897,0.13058623720988627,0.21616698572354315,129701.96926708262,2383.9617358967876,132085.9310029794,3456,2,741.8947368421053,35,3,13,35.540113812824295,0.619345238095238,45.34143518518519,1018.6342592592604,29.10383597883601,0
3485,4,1,1,38,0.02564102564102564,0.02564102564102564,0.9743589743589743,39,950,700,250,0.7368421052631579,12,7,5,376.5473659530839,0.40069725596041383,0.14748067622866134,0.2137750604144872,130122.707527797,1999.472554055094,132122.1800818521,3457,0,723.8461538461538,37,2,14,35.32408651262763,0.6196509009009008,44.92872807017544,1020.2850877192982,27.575272641062114,0
3486,4,1,2,37,0.02564102564102564,0.05128205128205128,0.9487179487179487,39,850,600,250,0.7058823529411765,11,6,5,375.4518295623082,0.4004161043634728,0.14774167245159964,0.21361281354315198,130206.62607725458,1977.26319636812,132183.8892736227,3458,0,724.5641025641025,37,2,14,35.26670605930383,0.6204954954954955,44.84649122807018,1020.6140350877197,27.58416311047891,0
3487,4,1,1,37,0.02631578947368421,0.02631578947368421,0.9736842105263158,38,1050,600,450,0.5714285714285714,15,6,9,385.57580529404936,0.3989005452821242,0.1514140882680739,0.21858694190435973,130066.77685682144,2430.1204457140775,132496.8973025355,3459,0,744.3421052631579,37,1,14,35.15073542584829,0.6190878378378377,44.98355263157895,1020.0657894736851,27.56934566145095,0
3488,4,0,0,37,0.0,0.0,1.0,37,850,600,250,0.7058823529411765,11,6,5,397.44700036834007,0.3946759259259259,0.16075947855983186,0.22495500220848055,130004.05811216623,2933.944586478368,132938.0026986446,3460,3,765.4594594594595,36,1,14,34.911936837455826,0.6203703703703705,45.04504504504504,1019.8198198198198,28.32832832832833,0
3489,4,1,0,38,0.02631578947368421,0.0,1.0,38,1050,700,350,0.6666666666666666,14,7,7,394.5555634194653,0.3991228070175439,0.16732105938000363,0.22550913914560905,130384.14292800447,2689.5282020161308,133073.6711300206,3461,0,746.2894736842105,34,4,17,34.59853518281074,0.6283700980392157,44.672619047619044,1021.3095238095233,30.03851540616245,0
3490,4,1,0,39,0.02564102564102564,0.0,1.0,39,1350,900,450,0.6666666666666666,18,9,9,383.71166763266797,0.4006410256410256,0.16709548313321876,0.22148901210875815,130766.77439212083,2235.3474145891237,133002.12180670997,3462,0,728.1282051282051,37,2,18,34.48667095483134,0.626126126126126,44.298245614035096,1022.8070175438611,27.64343290659084,0
3491,4,1,1,39,0.025,0.025,0.975,40,1550,1300,250,0.8387096774193549,18,13,5,372.56864084874377,0.4025106837606838,0.16135367762128316,0.21682273360869544,131081.8463387576,1767.3970660749765,132849.24340483258,3463,0,710.9,38,2,18,34.45226917057904,0.6274671052631577,43.99038461538463,1024.0384615384633,26.948380566801664,0
3492,4,0,0,39,0.0,0.0,1.0,39,1150,600,550,0.5217391304347826,17,6,11,381.3174391811916,0.40075348627980206,0.1561694169598209,0.2215532625783937,131019.23338190604,2191.983711334264,133211.2170932403,3464,2,730.1282051282051,37,2,18,34.29177376744851,0.6286599099099099,44.0515350877193,1023.7938596491233,27.670104314841172,0
3493,4,0,0,39,0.0,0.0,1.0,39,1300,900,400,0.6923076923076923,17,9,8,374.39554445347835,0.40095029239766083,0.1417392262757633,0.21458564591449203,130492.60567577711,1978.75048727557,132471.3561630527,3465,3,731.1282051282051,36,3,18,35.00312281861936,0.6252893518518519,44.56644144144144,1021.7342342342341,28.381506506506504,2
3494,4,0,0,39,0.0,0.0,1.0,39,1200,900,300,0.75,15,9,6,371.79225989395184,0.4014001349527665,0.15092502434274602,0.2029309753093897,128572.4639335281,1763.1156917052174,130335.57962523331,3466,4,732.1282051282051,36,3,17,37.026010437486114,0.6059027777777779,46.4527027027027,1014.189189189189,28.171921921921918,4
3495,4,0,0,39,0.0,0.0,1.0,39,1200,900,300,0.75,15,9,6,370.05990384342965,0.401006522717049,0.1502319360254989,0.20256620495925276,128686.69979100717,1724.3575501176788,130411.05734112485,3467,5,733.1282051282051,36,3,17,36.95315390307064,0.6070601851851853,46.34009009009009,1014.6396396396392,28.184434434434422,0
3496,4,0,0,39,0.0,0.0,1.0,39,900,600,300,0.6666666666666666,12,6,6,368.83284914258184,0.4003598740440846,0.15087039518416412,0.20233052156555628,128772.40997331787,1699.0989722830873,130471.50894560096,3468,6,734.1282051282051,36,3,18,36.8967047597914,0.6079282407407408,46.25563063063063,1014.9774774774772,28.193818818818812,0
3497,4,1,0,40,0.025,0.0,1.0,40,1050,700,350,0.6666666666666666,14,7,7,359.914121086958,0.4021768162393162,0.14352611135088544,0.19902649607600975,129089.93632656184,1292.2581948291609,130382.19452139101,3469,0,716.75,37,3,19,36.79911163861315,0.6092342342342343,45.94298245614034,1016.2280701754371,27.465623518255057,0
3498,4,0,0,40,0.0,0.0,1.0,40,650,400,250,0.6153846153846154,9,4,5,358.7636745808056,0.40169604700854705,0.1383105622701002,0.1988139990469636,129174.23575726854,1268.604696288986,130442.84045355752,3470,1,717.75,38,2,19,36.742424242424235,0.6082785087719298,45.86004273504273,1016.5598290598285,26.751574448942858,0
3499,4,1,1,40,0.024390243902439025,0.024390243902439025,0.975609756097561,41,1200,800,400,0.6666666666666666,16,8,8,353.5918802614829,0.40536077235772355,0.14717715973625656,0.19733531212909325,129452.33298947747,954.6644723340967,130406.99746181157,3471,0,701.219512195122,37,4,16,36.59077236648351,0.6128941441441441,45.58662280701754,1017.6535087719293,27.50414888572782,0
3500,4,2,2,40,0.047619047619047616,0.047619047619047616,0.9523809523809523,42,1150,800,350,0.6956521739130435,15,8,7,342.07514826698184,0.4065040650406504,0.13305379423194919,0.19200980480795374,129678.39084201408,471.9509548611312,130150.3417968752,3472,0,685.4761904761905,39,3,16,36.654138542305866,0.6116452991452991,45.36458333333334,1018.5416666666682,26.11645299145303,0
3501,4,0,0,40,0.0,0.0,1.0,40,750,400,350,0.5333333333333333,11,4,7,360.0902942925091,0.4013354700854701,0.14928879310344856,0.20081958720159163,129424.43828870424,1320.8968144044388,130745.33510310868,3473,4,720.75,37,3,19,36.453843390804614,0.6126126126126126,45.6140350877193,1017.543859649123,27.501185395922242,0
3502,4,2,3,39,0.047619047619047616,0.07142857142857142,0.9285714285714286,42,1000,600,400,0.6,14,6,8,344.90915960394244,0.40614111498257843,0.14430493710003156,0.1945208142204369,129864.12896050357,558.2655164930655,130422.39447699663,3474,0,687.3809523809524,39,3,17,36.39339550332141,0.6135149572649572,45.18229166666667,1019.2708333333342,26.135149572649595,0
3503,4,1,1,39,0.025,0.025,0.975,40,1100,600,500,0.5454545454545454,16,6,10,358.3351409202067,0.4037793803418803,0.14745015739769163,0.20064241439304176,129581.83235627146,1286.7448316166283,130868.57718788809,3475,0,722.6,38,2,17,36.338317593564184,0.612390350877193,45.45940170940171,1018.1623931623932,26.79374718848403,0
3504,4,1,0,40,0.025,0.0,1.0,40,1550,1100,450,0.7096774193548387,20,11,9,356.45083415771296,0.4028044871794872,0.15017299224155978,0.20069823236105486,129799.47973738048,1253.426565125293,131052.90630250577,3476,0,723.575,38,2,18,36.16498916614245,0.6145833333333333,45.2457264957265,1019.0170940170948,26.816239316239336,0
3505,4,0,1,39,0.0,0.025,0.975,40,800,600,200,0.75,10,6,4,376.7743075343915,0.402724358974359,0.13990937223695843,0.2120058417021876,129774.47041636241,1797.0348273536151,131571.50524371603,3477,1,724.575,36,4,18,35.672708517536094,0.6180555555555556,45.270270270270274,1018.9189189189196,28.303303303303323,2
3506,4,2,2,39,0.04878048780487805,0.04878048780487805,0.9512195121951219,41,1350,1100,250,0.8148148148148148,16,11,5,367.9256599325676,0.4091971544715447,0.1326267398799641,0.2088995274884673,130126.29323727083,1375.3604627803375,131501.65370005116,3478,0,706.9756097560976,38,3,18,35.54035776614311,0.6178728070175439,44.925213675213676,1020.2991452991456,26.849977507872254,0
3507,4,1,0,40,0.025,0.0,1.0,40,1100,600,500,0.5454545454545454,16,6,10,376.83850468490385,0.4049412393162393,0.15105781315458744,0.2136611664329846,130071.7957849368,1803.212205055151,131875.00798999195,3479,0,725.625,38,2,19,35.36844539868733,0.6173245614035088,44.97863247863248,1020.08547008547,26.84435447593342,0
3508,4,1,2,39,0.024390243902439025,0.04878048780487805,0.9512195121951219,41,900,400,500,0.4444444444444444,14,4,10,364.08796935875193,0.40772357723577235,0.14530312282278013,0.20775239887827587,130320.07250071016,1290.0135872719047,131610.08608798205,3480,0,708.9024390243902,36,5,19,35.44148193081137,0.6235532407407407,44.73536036036036,1021.0585585585584,28.36273773773773,0
3509,4,0,0,39,0.0,0.0,1.0,39,700,400,300,0.5714285714285714,10,4,6,371.3379457105811,0.4055049482681062,0.14882155424393484,0.21128001163628232,130208.06081753602,1870.2387637884476,132078.29958132448,3481,2,736.2820512820513,38,1,19,35.370215290135725,0.6186951754385964,44.84508547008547,1020.6196581196585,26.858412055780487,0
3510,4,1,0,40,0.025,0.0,1.0,40,850,500,350,0.5882352941176471,12,5,7,362.61130824071745,0.40952190170940167,0.15016534391534453,0.20767738562877455,130463.84222059899,1461.5671439670964,131925.4093645661,3482,0,718.85,36,4,20,35.33330577601412,0.625,44.5945945945946,1021.6216216216217,28.37837837837838,0
3511,4,1,2,39,0.024390243902439025,0.04878048780487805,0.9512195121951219,41,1050,800,250,0.7619047619047619,13,8,5,355.2747831641651,0.4104420731707317,0.1564750881724708,0.20522343356894698,130794.81336805543,1093.6197916666574,131888.4331597221,3483,0,702.2926829268292,37,4,16,35.18542090970808,0.6264076576576577,44.27083333333333,1022.9166666666656,27.64639639639637,0
3512,4,0,0,39,0.0,0.0,1.0,39,800,600,200,0.75,10,6,4,368.225334022878,0.40463337831758883,0.15991077341326565,0.2110839771918158,130498.99798525362,1810.6074245541652,132309.6054098078,3484,5,739.2820512820513,35,4,17,35.15424407189247,0.6273809523809524,44.560185185185176,1021.759259259258,29.193121693121658,0
3513,4,2,2,39,0.04878048780487805,0.04878048780487805,0.9512195121951219,41,1550,1200,350,0.7741935483870968,19,12,7,354.07278159353893,0.4113313008130081,0.1506473147216747,0.20542382947021004,130963.11034404792,1074.094553131706,132037.20489717962,3485,0,704.170731707317,37,4,18,35.045862346009635,0.628096846846847,44.106359649122794,1023.5745614035068,27.664177335229912,0
3514,4,0,0,39,0.0,0.0,1.0,39,650,500,150,0.7692307692307693,8,5,3,349.1007131379573,0.40491452991452986,0.1342556397792809,0.1970112004566579,129889.23890106335,1268.8851858615528,131158.12408692492,3486,7,741.2820512820513,36,3,18,36.26109331271175,0.6192129629629629,45.157657657657666,1019.3693693693704,28.315815815815842,3
3515,4,1,0,40,0.025,0.0,1.0,40,800,400,400,0.5,12,4,8,342.40886831224634,0.4069577991452991,0.13812708131915352,0.19495315933447735,130234.60493853895,918.6967384195361,131153.30167695848,3487,0,723.725,37,3,19,36.081457908117606,0.6207770270270269,44.81907894736843,1020.7236842105277,27.587126600284535,0
3516,4,1,1,40,0.024390243902439025,0.024390243902439025,0.975609756097561,41,1000,700,300,0.7,13,7,6,335.83679085478576,0.40907012195121956,0.1349406798070556,0.1925946494754309,130514.55886667062,566.3211276546759,131080.87999432528,3488,0,707.0487804878048,37,4,17,35.96583592660157,0.6235923423423422,44.544956140350884,1021.8201754385973,27.616761498340466,0
3517,4,1,0,41,0.024390243902439025,0.0,1.0,41,1700,1200,500,0.7058823529411765,22,12,10,335.3644625665232,0.4072662601626016,0.1435596840693456,0.1937222954354858,130794.8133680556,572.7864583333375,131367.59982638893,3489,0,708.0243902439024,37,4,19,35.694585879158176,0.6264076576576576,44.270833333333336,1022.9166666666671,27.64639639639641,0
3518,4,0,0,41,0.0,0.0,1.0,41,950,600,350,0.631578947368421,13,6,7,336.30853026765766,0.406275406504065,0.149498708874787,0.19469176206313765,130878.94833025541,603.1413511849762,131482.08968144038,3490,1,709.0243902439024,37,4,19,35.5854407772539,0.6272522522522522,44.18859649122807,1023.2456140350873,27.65528686581317,0
3519,4,1,0,42,0.023809523809523808,0.0,1.0,42,900,500,400,0.5555555555555556,13,5,8,328.71189111545857,0.4086696670538134,0.14911496513499012,0.19170861386952673,131163.91354372134,223.02761341223984,131386.94115713358,3491,0,693.1190476190476,38,4,20,35.49228201919066,0.6282894736842104,43.910256410256416,1024.3589743589753,26.956815114709876,0
3520,4,1,2,41,0.023255813953488372,0.046511627906976744,0.9534883720930233,43,1350,1000,350,0.7407407407407407,17,10,7,322.534564822323,0.41170634920634924,0.14335915158447765,0.18918347701925506,131382.8849806415,-124.79294506537559,131258.09203557612,3492,0,677.9767441860465,38,5,21,35.429910031957746,0.6304824561403508,43.6965811965812,1025.213675213676,26.979307242465158,0
3521,4,0,1,40,0.0,0.024390243902439025,0.975609756097561,41,1500,1100,400,0.7333333333333333,19,11,8,335.7789675457728,0.40777439024390244,0.14416022209002577,0.19667053813395283,131328.12500000015,619.4444444444592,131947.5694444446,3493,2,694.1219512195122,37,4,21,35.14566395663957,0.6317567567567567,43.75000000000001,1025.0000000000011,27.702702702702734,0
3522,4,0,1,39,0.0,0.025,0.975,40,1050,800,250,0.7619047619047619,13,8,5,336.3123332905607,0.407946047008547,0.1329314511699442,0.19713143399510447,131356.983567182,835.3947274977629,132192.37829467977,2951,3,625.15,36,4,21,35.10289648101357,0.6339699074074074,43.721846846846844,1025.1126126126123,28.475350350350343,0
3523,4,0,0,39,0.0,0.0,1.0,39,1550,1300,250,0.8387096774193549,18,13,5,353.0293328317194,0.40713562753036436,0.16321778864344139,0.19962698473988738,129967.37423911168,1376.4590835047893,131343.83332261647,2952,4,635.0,35,4,18,36.081630722663654,0.6220238095238095,45.08101851851851,1019.675925925925,29.133597883597854,3
3524,4,0,1,38,0.0,0.02564102564102564,0.9743589743589743,39,1000,700,300,0.7,13,7,6,350.05627537041204,0.4066295546558705,0.1627083533358349,0.19839523825334016,130055.9028447573,1305.3769879543745,131361.27983271168,2953,5,636.0,35,4,18,36.06757536215438,0.6229166666666668,44.994212962962955,1020.0231481481475,29.143518518518498,0
3525,4,1,0,39,0.02564102564102564,0.0,1.0,39,1100,700,400,0.6363636363636364,15,7,8,350.69764154342994,0.4079228520017994,0.17037411820809467,0.19951301955677156,130203.51750042844,1332.4133016117717,131535.9308020402,2954,0,636.7435897435897,35,4,19,35.90147047705451,0.6244047619047619,44.849537037037024,1020.6018518518499,29.160052910052855,0
3526,4,0,0,39,0.0,0.0,1.0,39,850,400,450,0.47058823529411764,13,4,9,353.01957517700953,0.4074730094466936,0.17017268445839862,0.2011390602752728,130262.58680555542,1397.0486111110934,131659.6354166665,2955,1,637.7435897435897,35,4,19,35.782312925170054,0.625,44.79166666666666,1020.8333333333322,29.166666666666636,0
3527,4,1,0,40,0.025,0.0,1.0,40,1150,700,450,0.6086956521739131,16,7,9,347.05425403547116,0.4110844017094017,0.17275757575757567,0.19921045891030356,130550.14209733374,1061.5964359629804,131611.7385332967,2956,0,622.775,36,4,17,35.64325068870522,0.6258680555555556,44.51013513513513,1021.9594594594588,28.387762762762744,0
3528,4,0,0,40,0.0,0.0,1.0,40,850,600,250,0.7058823529411765,11,6,5,346.3855224319395,0.4102697649572649,0.17194315928618664,0.19927045453974296,130636.47050766973,1050.1164170927582,131686.5869247625,2957,1,623.775,36,4,17,35.572951090548585,0.6267361111111112,44.42567567567567,1022.2972972972965,28.397147147147123,0
3529,4,0,0,40,0.0,0.0,1.0,40,950,600,350,0.631578947368421,13,6,7,345.7522742573114,0.41010950854700856,0.1695007156225916,0.19964830941380518,130780.41459956561,1043.5251552227692,131823.9397547884,2958,2,624.775,36,4,18,35.44350251385371,0.6281828703703705,44.2849099099099,1022.8603603603591,28.412787787787753,0
3530,4,0,3,37,0.0,0.075,0.925,40,750,400,350,0.5333333333333333,11,4,7,346.5889162905953,0.40930822649572646,0.1740141448778405,0.20064316171363697,130878.94833025515,1072.2385734071686,131951.1869036623,2959,3,625.775,37,3,18,35.322456779539934,0.6272522522522523,44.188596491228054,1023.2456140350853,27.655286865813117,0
3531,4,1,1,37,0.02631578947368421,0.02631578947368421,0.9736842105263158,38,650,300,350,0.46153846153846156,10,3,7,360.8232300040826,0.40786510194404935,0.1731038509894114,0.20763202544795176,130646.86381440736,1828.0846782835786,132474.94849269095,2960,0,651.3421052631579,35,3,18,35.193427110457,0.6288690476190477,44.415509259259245,1022.3379629629612,29.209656084656036,0
3532,4,0,0,37,0.0,0.0,1.0,37,1400,1100,300,0.7857142857142857,17,11,6,364.0277084837675,0.403246996996997,0.1751277891708245,0.20899640220491955,130558.13426997577,2105.355688443047,132663.48995841882,2961,5,669.9459459459459,35,2,18,35.201491128727824,0.6279761904761906,44.5023148148148,1021.9907407407389,29.1997354497354,0
3533,4,0,0,37,0.0,0.0,1.0,37,1300,1100,200,0.8461538461538461,15,11,4,360.5756174461417,0.4026839339339339,0.1729717824861532,0.20789759885894651,130722.8274516068,2027.0928445336951,132749.9202961405,2962,6,670.9459459459459,36,1,18,35.12278383437946,0.6276041666666667,44.3412162162162,1022.6351351351334,28.406531531531485,0
3534,4,1,1,37,0.02631578947368421,0.02631578947368421,0.9736842105263158,38,1250,800,450,0.64,17,8,9,356.82966276247504,0.4064278093883357,0.17124708322530435,0.2074766744007466,131047.29940943363,1752.3127308402534,132799.61214027388,2963,0,654.2631578947369,37,1,18,34.890144213607485,0.6289414414414414,44.02412280701754,1023.9035087719295,27.673067804646745,0
3535,4,1,1,37,0.02631578947368421,0.02631578947368421,0.9736842105263158,38,900,500,400,0.5555555555555556,13,5,8,358.8304850056426,0.40627963489805596,0.17450900855220897,0.20925058619991962,131159.59357686975,1812.812115266226,132972.40569213597,2964,0,655.2368421052631,37,1,19,34.72534432312852,0.6300675675675675,43.91447368421052,1024.3421052631575,27.68492176386912,0
3536,4,0,0,37,0.0,0.0,1.0,37,950,600,350,0.631578947368421,13,6,7,366.5972614835476,0.40137012012012013,0.18403580620426863,0.21343377054618345,131097.3705969484,2211.9874097070174,133309.3580066554,2965,9,673.9459459459459,36,1,19,34.58942709478776,0.6313657407407407,43.97522522522523,1024.0990990991,28.44719719719722,0
3537,4,0,0,37,0.0,0.0,1.0,37,800,500,300,0.625,11,5,6,366.30917530129636,0.40065065065065064,0.17807962890920837,0.2143909842068872,131299.269603218,2219.2254332034668,133518.4950364215,2966,10,674.9459459459459,36,1,20,34.392511811888795,0.6333912037037037,43.77815315315315,1024.8873873873868,28.469094094094075,0
3538,4,0,0,37,0.0,0.0,1.0,37,1200,800,400,0.6666666666666666,16,8,8,367.50611408553095,0.4004316816816817,0.18105910788837565,0.21525358110723963,131328.12500000015,2252.7809481779236,133580.90594817806,2967,11,675.9459459459459,35,2,20,34.33265582655826,0.6357142857142857,43.75000000000001,1025.0000000000011,29.285714285714317,0
3539,4,0,0,37,0.0,0.0,1.0,37,1150,900,250,0.782608695652174,14,9,5,371.7053718631075,0.39974349349349353,0.18608112683273448,0.21855881221493012,131476.45968632124,2374.101267789787,133850.56095411102,2968,12,676.9459459459459,35,2,20,34.07499623819734,0.637202380952381,43.605324074074076,1025.5787037037044,29.302248677248695,0
3540,4,1,0,38,0.02631578947368421,0.0,1.0,38,600,400,200,0.6666666666666666,8,4,4,362.99667561613376,0.4030049786628734,0.19081328169639988,0.21536543168142644,131819.1518165125,1969.9827783864985,133789.134594899,2969,0,660.1052631578947,36,2,20,33.95223343202836,0.638599537037037,43.2713963963964,1026.9144144144148,28.52540040040041,0
3541,4,0,0,38,0.0,0.0,1.0,38,850,600,250,0.7058823529411765,11,6,5,369.0142265523822,0.4024567330488383,0.19810406305173145,0.21943596966172316,131905.89871966562,2135.030638746859,134040.92935841248,2970,1,661.1052631578947,36,2,20,33.71016955346051,0.6394675925925927,43.18693693693694,1027.2522522522524,28.53478478478479,0
3542,4,0,0,38,0.0,0.0,1.0,38,1100,700,400,0.6363636363636364,15,7,8,371.26291911111116,0.4004119250829777,0.19560701754385934,0.22183491820692577,132087.85545792925,2207.864559287456,134295.72001721672,2971,2,662.1052631578947,37,1,21,33.468777777777774,0.6393581081081081,43.00986842105262,1027.9605263157885,27.78271692745374,0
3543,4,0,0,38,0.0,0.0,1.0,38,1000,900,100,0.9,11,9,2,370.6089062660277,0.4005304646752015,0.19479408084129757,0.2221048518766178,132200.59447378016,2198.9435451292484,134399.5380189094,2972,3,663.1052631578947,37,1,21,33.37187244553436,0.6404842342342343,42.9002192982456,1028.3991228070156,27.794570886676098,0
3544,4,1,0,39,0.02564102564102564,0.0,1.0,39,900,600,300,0.6666666666666666,12,6,6,362.4413357251126,0.4029745838956365,0.18894863660206607,0.21868490098107288,132455.95838659603,1801.797458265798,134257.75584486182,2973,0,647.0769230769231,36,3,22,33.32467271997958,0.6449652777777779,42.652027027027025,1029.3918918918916,28.594219219219212,0
3545,4,1,1,39,0.025,0.025,0.975,40,850,500,350,0.5882352941176471,12,5,7,349.57458508278916,0.40626335470085473,0.16113537117903998,0.2083152638987772,131985.9981097961,1227.7901051939493,133213.78821499005,2974,0,631.875,38,2,18,34.12871698897901,0.6365131578947368,43.10897435897436,1027.564102564102,27.04116059379216,1
3546,4,0,1,38,0.0,0.02564102564102564,0.9743589743589743,39,600,400,200,0.6666666666666666,8,4,4,350.93808484082217,0.4040710751237067,0.11847848680108086,0.20973454983468262,132095.80342793482,1471.4896541018284,133567.29308203666,2975,1,649.0512820512821,38,1,18,33.98310295849789,0.637609649122807,43.00213675213675,1027.9914529914527,27.052406657669806,2
3547,4,0,0,38,0.0,0.0,1.0,38,700,600,100,0.8571428571428571,8,6,2,359.7027261260096,0.4001452110004742,0.13396542139516043,0.214608125523812,132031.50398439902,1898.418383541083,133929.9223679401,2976,7,667.1052631578947,37,1,19,33.82265994523275,0.638795045045045,43.06469298245614,1027.741228070175,27.77678994784257,0
3548,4,0,0,38,0.0,0.0,1.0,38,900,700,200,0.7777777777777778,11,7,4,355.8666416137998,0.3998340445708867,0.1271428415145115,0.21268005127999878,132095.80342793482,1801.6979874351618,133897.50141536997,2977,8,668.1052631578947,38,0,19,33.85644010254278,0.637609649122807,43.00213675213675,1027.9914529914527,27.052406657669806,0
3549,4,0,0,38,0.0,0.0,1.0,38,950,600,350,0.631578947368421,13,6,7,358.7270071460057,0.3993895211000474,0.12858267630430764,0.21501283753346526,132205.65440317048,1885.1477463657009,134090.80214953618,2978,9,669.1052631578947,38,0,19,33.672259159221554,0.6387061403508771,42.89529914529915,1028.4188034188037,27.063652721547466,0
3550,4,1,1,38,0.02564102564102564,0.02564102564102564,0.9743589743589743,39,1200,800,400,0.6666666666666666,16,8,8,354.98130272760204,0.4028621232568601,0.12536893562073437,0.21453217860494217,132517.14677640607,1608.7811787242035,134125.92795513026,2979,0,652.9230769230769,35,4,20,33.455110911270985,0.6476190476190475,42.592592592592595,1029.62962962963,29.41798941798943,0
3551,4,0,0,38,0.0,0.0,1.0,38,750,500,250,0.6666666666666666,10,5,5,365.4117497610408,0.3992117117117117,0.12966141933598752,0.22031729347517137,132428.63520408154,2078.195861677995,134506.83106575953,2980,11,671.1052631578947,34,4,20,33.2757440820418,0.6488970588235294,42.67857142857142,1029.2857142857135,30.27310924369746,0
3552,4,1,1,38,0.02564102564102564,0.02564102564102564,0.9743589743589743,39,900,600,300,0.6666666666666666,12,6,6,359.8634483960094,0.40196243814664867,0.12436121570736991,0.2189807366835295,132774.93709926165,1756.1693450207242,134531.10644428237,2981,0,654.8717948717949,36,3,16,33.07018502331003,0.6481481481481481,42.342342342342356,1030.6306306306324,28.628628628628675,0
3553,4,0,0,38,0.0,0.0,1.0,38,400,200,200,0.5,6,2,4,369.3919259478123,0.3974336178283547,0.1349848331648129,0.2241279845168014,132666.1512586805,2201.1610243055507,134867.31228298607,2982,13,673.1052631578947,35,3,16,32.93415065722952,0.6491071428571429,42.447916666666664,1030.208333333333,29.4345238095238,0
3554,4,1,1,38,0.02564102564102564,0.02564102564102564,0.9743589743589743,39,900,600,300,0.6666666666666666,12,6,6,358.8449839016715,0.4004161043634728,0.1263994221740703,0.219549846864089,132978.123287984,1743.7065021102262,134721.82979009423,2983,0,656.8205128205128,36,3,17,32.89228263638681,0.6501736111111112,42.145270270270274,1031.4189189189194,28.650525525525538,0
3555,4,0,0,38,0.0,0.0,1.0,38,1200,900,300,0.75,15,9,6,364.7236894796056,0.4001303935514462,0.13211905309124305,0.22332012002895638,133007.1625679734,2102.172611800993,135109.33517977438,2984,1,672.7631578947369,36,2,18,32.71151746724892,0.650462962962963,42.11711711711712,1031.5315315315318,28.65365365365366,0
3556,4,0,0,38,0.0,0.0,1.0,38,650,300,350,0.46153846153846156,10,3,7,366.33473844230343,0.4000118539592224,0.13199829961281728,0.2246558817676293,133065.2506391526,2149.284757730696,135214.5353968833,2985,2,673.7631578947369,36,2,18,32.61160227024667,0.6510416666666667,42.06081081081081,1031.7567567567562,28.659909909909896,0
3557,4,0,0,38,0.0,0.0,1.0,38,1150,800,350,0.6956521739130435,15,8,7,368.51776948583694,0.3992857989568516,0.12852384644097947,0.22652349814471484,133152.40652392266,2213.8055707734834,135366.21209469615,2986,3,674.7631578947369,36,2,19,32.4677214038916,0.6519097222222222,41.976351351351354,1032.0945945945953,28.669294294294314,0
3558,4,0,0,38,0.0,0.0,1.0,38,1100,1000,100,0.9090909090909091,12,10,2,365.79478335283864,0.40008594120436225,0.11882134187283655,0.22590599044638962,133326.80389426596,2154.049869125889,135480.85376339185,2987,4,675.7631578947369,36,2,20,32.36288300076328,0.6536458333333334,41.807432432432435,1032.7702702702709,28.68806306306308,0
3559,4,0,0,38,0.0,0.0,1.0,38,650,400,250,0.6153846153846154,9,4,5,367.8533955789016,0.39949324324324326,0.12316179634740387,0.227533324183767,133384.961714248,2213.2222171495782,135598.18393139757,2988,5,676.7631578947369,36,2,21,32.25135361023293,0.6542245370370371,41.751126126126124,1032.995495495495,28.69431931931931,0
3560,4,0,0,38,0.0,0.0,1.0,38,1200,900,300,0.75,15,9,6,367.59729450808913,0.39907835467045993,0.12495339165352104,0.22773161222901533,133443.13221583067,2210.666874644916,135653.7990904756,2989,6,677.7631578947369,36,2,21,32.199591280653955,0.6548032407407407,41.69481981981982,1033.2207207207205,28.70057557557557,0
3561,4,0,0,38,0.0,0.0,1.0,38,1050,700,350,0.6666666666666666,14,7,7,363.0488542207859,0.39860419630156474,0.12496833149705111,0.22600107419890467,133621.76254125944,2102.248728313367,135724.0112695728,2990,7,678.7631578947369,35,3,22,32.13797623045636,0.6586309523809524,41.52199074074074,1033.9120370370372,29.540343915343918,0
3562,4,0,0,38,0.0,0.0,1.0,38,900,500,400,0.5555555555555556,13,5,8,349.8196095401112,0.3976706970128023,0.08034298729428602,0.21755272287230654,133585.55036164963,1746.1690135426177,135331.71937519225,2991,8,679.7631578947369,37,1,21,32.51617522274078,0.6542792792792793,41.557017543859644,1033.7719298245604,27.939781887150282,1
3563,4,1,2,37,0.02564102564102564,0.05128205128205128,0.9487179487179487,39,900,700,200,0.7777777777777778,11,7,4,342.52910798196126,0.39909469185784974,0.07844787877825277,0.21460135445752118,133858.89788333693,1370.1137774855642,135229.0116608225,2992,0,663.3076923076923,38,1,18,32.43125817330856,0.6551535087719298,41.29273504273504,1034.8290598290594,27.232343679712088,0
3564,4,0,0,37,0.0,0.0,1.0,37,1050,800,250,0.7619047619047619,13,8,5,358.0277765911495,0.39408158158158163,0.08927751280692431,0.2226758122701053,133588.61395178968,2165.6868862105393,135754.30083800023,2993,10,699.1891891891892,36,1,21,32.3009713144517,0.65625,41.554054054054056,1033.7837837837842,28.716216216216228,0
3565,4,1,2,36,0.02631578947368421,0.05263157894736842,0.9473684210526316,38,1200,800,400,0.6666666666666666,16,8,8,351.5616823133662,0.39647048364153625,0.07829497995438861,0.22049107769806403,133897.45071800947,1814.6426063788965,135712.09332438835,2994,0,681.7631578947369,37,1,18,32.159016668432386,0.657376126126126,41.255482456140356,1034.9780701754394,27.972380275011876,0
3566,4,0,0,36,0.0,0.0,1.0,36,1000,800,200,0.8,12,8,4,368.6913726537709,0.3894345238095238,0.08510539078530144,0.22988537436576717,133681.60211173273,2657.450676226001,136339.05278795873,2995,26,720.3333333333334,35,1,21,31.93212553628054,0.6592261904761905,41.464120370370374,1034.143518518519,29.546957671957685,0
3567,4,0,0,36,0.0,0.0,1.0,36,900,700,200,0.7777777777777778,11,7,4,370.36072290450574,0.3896825396825397,0.0820650552074007,0.23111336730968315,133711.52692043895,2704.2995541838095,136415.82647462277,2996,27,721.3333333333334,35,1,19,31.85896001193672,0.6595238095238095,41.43518518518518,1034.2592592592591,29.550264550264547,0
3568,4,0,0,36,0.0,0.0,1.0,36,950,600,350,0.631578947368421,13,6,7,368.80254272477316,0.3894510582010582,0.0784478257626613,0.2305144843967846,133771.3865847907,2667.045503257875,136438.43208804858,2997,28,722.3333333333334,35,1,19,31.839244424554334,0.6601190476190477,41.37731481481481,1034.49074074074,29.556878306878286,0
3569,4,0,0,36,0.0,0.0,1.0,36,750,400,350,0.5333333333333333,11,4,7,368.1816134408359,0.38862433862433865,0.07818791946308723,0.23050025379279215,133831.2596450617,2654.84182098765,136486.10146604935,2998,29,723.3333333333334,35,1,19,31.795302013422813,0.6607142857142857,41.31944444444444,1034.7222222222222,29.563492063492063,0
3570,4,0,0,36,0.0,0.0,1.0,36,800,600,200,0.75,10,6,4,366.1822638816441,0.3876984126984127,0.07677400119260613,0.2299953769773472,133951.04595336074,2610.099451303152,136561.1454046639,2999,30,724.3333333333334,35,1,19,31.727042337507452,0.6619047619047619,41.2037037037037,1035.185185185185,29.576719576719572,0
3571,4,0,0,36,0.0,0.0,1.0,36,600,500,100,0.8333333333333334,7,5,2,365.45227096988407,0.38733465608465606,0.07025486250838409,0.22991111224307856,134010.95920138867,2594.9218749999754,136605.88107638864,3000,31,725.3333333333334,35,1,19,31.685949027498317,0.6625000000000001,41.14583333333332,1035.416666666665,29.583333333333282,0
3572,4,0,0,36,0.0,0.0,1.0,36,700,600,100,0.8571428571428571,8,6,2,366.62830531902546,0.38720238095238096,0.07603188794516491,0.23102747014046718,134070.88584533578,2630.836334019173,136701.72217935495,3001,32,726.3333333333334,35,1,19,31.595514826404408,0.6630952380952382,41.08796296296295,1035.6481481481458,29.58994708994702,0
3573,4,0,0,36,0.0,0.0,1.0,36,550,400,150,0.7272727272727273,7,4,3,367.84936969343255,0.3868882275132275,0.07791373337803154,0.23198618811744343,134100.85419077906,2665.782937885775,136766.63712866485,3002,33,727.3333333333334,35,1,19,31.53390043580288,0.6633928571428573,41.059027777777764,1035.7638888888869,29.59325396825391,0
3574,4,0,0,36,0.0,0.0,1.0,36,1000,600,400,0.6,14,6,8,373.8456001575021,0.3862929894179894,0.07478536767450539,0.23215863764996486,133532.02830289782,2784.0722522290835,136316.1005551269,3003,34,728.3333333333334,35,1,20,31.948954833893247,0.6577380952380951,41.6087962962963,1033.564814814815,29.530423280423285,1
3575,4,0,0,36,0.0,0.0,1.0,36,700,400,300,0.5714285714285714,10,4,6,382.34160761393287,0.3862929894179894,0.09487353455336711,0.22176789225290594,130953.25213304527,2813.7753885642455,133767.02752160953,3004,35,729.3333333333334,36,0,16,34.33248065427072,0.6299189814814814,44.115990990990994,1023.5360360360366,28.431556556556572,5
3576,4,0,0,36,0.0,0.0,1.0,36,750,400,350,0.5333333333333333,11,4,7,382.34160761393287,0.3862929894179894,0.09487353455336711,0.22176789225290594,130953.25213304527,2813.7753885642455,133767.02752160953,3005,36,730.3333333333334,36,0,16,34.33248065427072,0.6299189814814814,44.115990990990994,1023.5360360360366,28.431556556556572,0
3577,4,1,2,35,0.02702702702702703,0.05405405405405406,0.9459459459459459,37,800,500,300,0.625,11,5,6,373.337699673954,0.3909221721721721,0.08683126619770487,0.21802921660958902,131215.758694983,2397.557902431509,133613.31659741452,3006,0,711.5675675675676,37,0,16,34.29696418378996,0.6306306306306306,43.859649122807014,1024.5614035087713,27.690848743480306,0
3578,4,0,0,35,0.0,0.0,1.0,35,550,300,250,0.5454545454545454,8,3,5,383.3193267693234,0.3866946778711485,0.09160423663136186,0.2231321975825639,131090.9636488339,3049.9399862825626,134140.90363511644,3007,38,746.7428571428571,35,0,17,34.16779686558167,0.6333333333333333,43.981481481481474,1024.074074074073,29.259259259259228,0
3579,4,0,1,34,0.0,0.02857142857142857,0.9714285714285714,35,900,600,300,0.6666666666666666,12,6,6,378.6263402431746,0.38742997198879553,0.08644043181488126,0.22125273862526876,131239.1643759644,2938.120900848754,134177.28527681317,3008,39,747.7428571428571,35,0,17,34.13779227380549,0.6348214285714286,43.83680555555555,1024.652777777777,29.275793650793627,0
3580,4,0,0,34,0.0,0.0,1.0,34,1300,1100,200,0.8461538461538461,15,11,4,385.5311821975924,0.3877005347593583,0.08682074130767559,0.22545193045902698,131267.12018140595,3321.513605442178,134588.63378684814,3009,40,752.5882352941177,34,0,18,33.93258209417595,0.6372549019607843,43.80952380952381,1024.761904761905,30.14005602240897,0
3581,4,0,0,34,0.0,0.0,1.0,34,1150,900,250,0.782608695652174,14,9,5,385.8328884466985,0.38721776589423645,0.0861561866125764,0.22637016287479717,131392.84256708506,3339.1643384473577,134732.0069055324,3010,41,753.5882352941177,32,2,18,33.797465106732346,0.6432291666666666,43.68686868686869,1025.2525252525259,32.03914141414143,0
3582,4,0,0,34,0.0,0.0,1.0,34,1000,600,400,0.6,14,6,8,385.8328884466985,0.38721776589423645,0.0861561866125764,0.22637016287479717,131392.84256708506,3339.1359937761567,134731.9785608612,3011,42,754.5882352941177,32,2,18,33.797465106732346,0.6432291666666666,43.68686868686869,1025.2525252525259,32.03914141414143,0
3583,4,0,0,34,0.0,0.0,1.0,34,750,500,250,0.6666666666666666,10,5,5,388.9782230668361,0.38706922162804513,0.09442610131201645,0.22898978870978096,131522.3255280074,3431.864095500463,134954.18962350787,3012,43,755.5882352941177,32,2,18,33.58567208271786,0.64453125,43.56060606060606,1025.7575757575762,32.054924242424256,0
3584,4,0,0,34,0.0,0.0,1.0,34,400,100,300,0.25,7,1,6,389.8202887573966,0.38675356506238856,0.09637285067873336,0.22968019188932898,131554.7062321446,3456.538714161816,135011.24494630643,3013,44,756.5882352941177,32,2,16,33.53128205128206,0.6448567708333334,43.5290404040404,1025.8838383838379,32.058869949494934,0
3585,4,0,0,34,0.0,0.0,1.0,34,1100,900,200,0.8181818181818182,13,9,4,394.1994253890879,0.38517528223410574,0.10466681137399636,0.23324900497913287,131716.66953627186,3584.527089072552,135301.19662534443,3014,45,757.5882352941177,32,2,17,33.25492004920051,0.646484375,43.371212121212125,1026.515151515152,32.0785984848485,0
3586,4,0,0,34,0.0,0.0,1.0,34,1000,700,300,0.7,13,7,6,400.28529021441716,0.3844882650029709,0.10650782747026288,0.23786127362266493,131878.73247946633,3757.8233407305293,135636.55582019687,3015,46,758.5882352941177,32,2,17,32.93459332104077,0.6481119791666667,43.213383838383834,1027.1464646464642,32.09832702020201,0
3587,4,0,0,34,0.0,0.0,1.0,34,1000,800,200,0.8,12,8,4,398.70595887609755,0.38443256090314915,0.10511018566718744,0.2371251229105211,131911.15702479336,3718.7528696051377,135629.9098943985,3016,47,759.5882352941177,32,2,17,32.94232423795478,0.6484375,43.18181818181818,1027.272727272727,32.10227272727272,0
3588,4,0,0,34,0.0,0.0,1.0,34,650,300,350,0.46153846153846156,10,3,7,401.8018661836116,0.38441399286987527,0.10020381171266957,0.23957988196838176,132008.45457415044,3808.2486799816184,135816.70325413207,3017,48,760.5882352941177,32,2,17,32.76431379776386,0.6494140625,43.087121212121204,1027.6515151515139,32.11410984848481,0
3589,4,0,0,34,0.0,0.0,1.0,34,600,200,400,0.3333333333333333,10,2,8,401.18289789312644,0.3841540404040404,0.09478890438376553,0.2396206875823875,132073.33953486886,3797.1130178042995,135870.45255267317,3018,49,761.5882352941177,32,2,17,32.714551856856225,0.6500651041666667,43.023989898989896,1027.9040404040402,32.122001262626256,0
3590,4,1,1,34,0.02857142857142857,0.02857142857142857,0.9714285714285714,35,1200,800,400,0.6666666666666666,16,8,8,390.59810847579894,0.3869047619047619,0.0862926547137075,0.23531154339883478,132398.00347222213,3342.881944444435,135740.88541666657,3019,0,740.8,33,2,18,32.65856950067478,0.6508838383838385,42.70833333333333,1029.1666666666658,31.18686868686866,0
3591,4,0,0,34,0.0,0.0,1.0,34,850,700,150,0.8235294117647058,10,7,3,397.7708971648658,0.38326277480689247,0.0969068368724686,0.23880910089920124,132268.0900705285,3722.479370727474,135990.56944125597,3020,51,763.5882352941177,32,2,19,32.6053046111043,0.6520182291666667,42.83459595959596,1028.661616161616,32.1456755050505,0
3592,4,0,0,34,0.0,0.0,1.0,34,1250,900,350,0.72,16,9,7,394.32788313543966,0.38170306001188353,0.09854546503993489,0.2379685589343625,132462.98408644515,3646.7696217222606,136109.7537081674,3021,52,764.5882352941177,32,2,20,32.49698474998978,0.6539713541666667,42.645202020202014,1029.419191919191,32.16934974747472,0
3593,4,0,0,34,0.0,0.0,1.0,34,800,600,200,0.75,10,6,4,390.19683723476993,0.3809603386809269,0.10677584752179703,0.2362906905214563,132592.99314164364,3547.47331267217,136140.4664543158,3022,53,765.5882352941177,32,2,21,32.47210984430551,0.6552734375,42.51893939393939,1029.9242424242418,32.18513257575756,0
3594,4,0,0,34,0.0,0.0,1.0,34,900,600,300,0.6666666666666666,12,6,6,388.730695750831,0.3803661616161616,0.10538194194078732,0.23560661336814837,132625.50536934996,3511.1209953065863,136136.62636465655,3023,54,766.5882352941177,32,2,14,32.4770675002043,0.6555989583333335,42.48737373737373,1030.0505050505042,32.189078282828255,0
3595,4,0,0,34,0.0,0.0,1.0,34,900,800,100,0.8888888888888888,10,8,2,389.0408737024223,0.3804775698158051,0.100929930795848,0.23620338760504195,132690.5417814507,3524.408861340661,136214.95064279137,3024,55,767.5882352941177,32,2,15,32.40349264705881,0.6562500000000002,42.424242424242415,1030.3030303030291,32.19696969696966,0
3596,4,0,0,34,0.0,0.0,1.0,34,1100,900,200,0.8181818181818182,13,9,4,388.8841944450379,0.38053327391562686,0.10035449750698922,0.23692914652606623,132820.6624324048,3530.3712631364024,136351.03369554118,3025,56,768.5882352941177,32,2,17,32.276355544667645,0.6575520833333335,42.29797979797979,1030.8080808080801,32.212752525252505,0
3597,4,0,0,34,0.0,0.0,1.0,34,800,500,300,0.625,11,5,6,387.11839397013904,0.3802176173499703,0.09823263748094924,0.23637258104969147,132902.97752066504,3489.837442329859,136392.8149629949,3026,57,769.5882352941177,33,1,17,32.23892718485066,0.6559343434343434,42.218137254901954,1031.1274509803914,31.246286393345194,0
3598,4,0,0,34,0.0,0.0,1.0,34,850,600,250,0.7058823529411765,11,6,5,388.3841117408088,0.3802176173499703,0.10057872959069569,0.23754656136705282,132966.16685890043,3528.3893214148384,136494.55618031527,3027,58,770.5882352941177,33,1,17,32.14264496197718,0.6565656565656566,42.15686274509804,1031.3725490196077,31.25371360665478,0
3599,4,0,0,34,0.0,0.0,1.0,34,1050,600,450,0.5714285714285714,15,6,9,389.93533469021037,0.3799948009506833,0.10482439590233805,0.23889924653727712,133029.3712153978,3574.5704777008655,136603.9416930987,3028,59,771.5882352941177,33,1,18,32.03898392333886,0.6571969696969697,42.09558823529411,1031.6176470588225,31.261140819964318,0
3600,4,1,1,34,0.02857142857142857,0.02857142857142857,0.9714285714285714,35,900,700,200,0.7777777777777778,11,7,4,380.52354938112194,0.3842787114845938,0.09984192847263396,0.23514403948935989,133349.23469387754,3148.5048185941023,136497.73951247166,3029,0,750.5142857142857,34,1,19,31.96005263562318,0.6580882352941178,41.785714285714285,1032.8571428571427,30.378151260504197,0
3601,4,0,0,34,0.0,0.0,1.0,34,950,600,350,0.631578947368421,13,6,7,387.1165445371146,0.3791592394533571,0.1046259890635588,0.23817988711732027,133187.44781153876,3511.8129145040275,136699.2607260428,3030,61,773.5882352941177,33,1,19,31.95256539633544,0.6587752525252526,41.94240196078431,1032.230392156862,31.279708853238244,0
3602,4,0,0,34,0.0,0.0,1.0,34,1000,800,200,0.8,12,8,4,388.2018508571885,0.3797534165181224,0.10316983766800525,0.2392538839408784,133250.70473195385,3545.6340409938225,136796.33877294767,3031,62,774.5882352941177,33,1,19,31.860905044510385,0.6594065656565657,41.88112745098038,1032.4754901960769,31.287136066547784,0
3603,4,0,0,34,0.0,0.0,1.0,34,1050,600,450,0.5714285714285714,15,6,9,387.63819564094564,0.38025475341651815,0.09635947402216738,0.23951720768782164,133345.6182718184,3537.9709727027916,136883.5892445212,3032,63,775.5882352941177,33,1,21,31.779979433633912,0.6603535353535355,41.7892156862745,1032.843137254901,31.298276886512152,0
3604,4,0,0,34,0.0,0.0,1.0,34,850,500,350,0.5882352941176471,12,5,7,388.9177939646204,0.3804775698158051,0.09748576850094892,0.24112903225806454,133472.22222222213,3581.944444444439,137054.16666666657,3033,64,776.5882352941177,33,1,21,31.619623655913987,0.6616161616161617,41.666666666666664,1033.3333333333328,31.313131313131297,0
3605,4,0,0,34,0.0,0.0,1.0,34,1100,800,300,0.7272727272727273,14,8,6,388.84751687403684,0.380514705882353,0.09508432255994648,0.2414977877257458,133535.54672481742,3584.9931516724405,137120.53987648987,3034,65,777.5882352941177,33,1,21,31.557781993518304,0.6622474747474747,41.60539215686275,1033.5784313725494,31.32055852644089,0
3606,4,0,0,34,0.0,0.0,1.0,34,900,700,200,0.7777777777777778,11,7,4,388.9931874013292,0.3810160427807487,0.09492152911893692,0.24220926362398623,133630.56163795167,3596.2756211553137,137226.83725910698,3035,66,778.5882352941177,33,1,21,31.458530875903755,0.6631944444444444,41.51348039215686,1033.946078431372,31.33169934640521,0
3607,4,0,0,34,0.0,0.0,1.0,34,850,600,250,0.7058823529411765,11,6,5,389.5632130879386,0.3806261140819964,0.09621042064609675,0.2427721116717893,133662.24078479435,3613.9783977316447,137276.219182526,3036,67,779.5882352941177,33,1,21,31.411965710673925,0.663510101010101,41.4828431372549,1034.0686274509808,31.335412953060025,0
3608,4,0,0,34,0.0,0.0,1.0,34,550,400,150,0.7272727272727273,7,4,3,389.26572299210176,0.3809046345811052,0.10078607915148075,0.24321184069402876,133757.30075271518,3613.426476595524,137370.7272293107,3037,68,780.5882352941177,33,1,15,31.324166765391155,0.6644570707070707,41.39093137254901,1034.4362745098028,31.34655377302433,0
3609,4,0,0,34,0.0,0.0,1.0,34,1000,700,300,0.7,13,7,6,389.2044581169085,0.3799948009506833,0.10133195864797839,0.24380136827441948,133852.39451172625,3619.1897347174117,137471.58424644367,3038,69,781.5882352941177,33,1,16,31.230262119058892,0.6654040404040404,41.299019607843135,1034.8039215686274,31.357694592988707,0
3610,4,0,0,34,0.0,0.0,1.0,34,800,500,300,0.625,11,5,6,391.9739785278689,0.38001336898395727,0.10238219621774114,0.24574760569174828,133884.09994052752,3695.8166630622627,137579.91660358978,3039,70,782.5882352941177,33,1,16,31.12677619893427,0.665719696969697,41.26838235294117,1034.926470588234,31.361408199643453,0
3611,4,0,0,34,0.0,0.0,1.0,34,950,400,550,0.42105263157894735,15,4,11,392.2529138614384,0.38023618538324416,0.1016096579476864,0.2467717698596642,134010.9592013887,3713.2378472221976,137724.1970486109,3040,71,783.5882352941177,33,1,16,30.992203219315893,0.6669823232323233,41.14583333333332,1035.4166666666652,31.37626262626258,0
3612,4,0,0,34,0.0,0.0,1.0,34,700,400,300,0.5714285714285714,10,4,6,393.4663355689585,0.3794191919191919,0.1079684269874086,0.2479630128182898,134074.4113592127,3750.753466214905,137825.1648254276,3041,72,784.5882352941177,33,1,17,30.897107837336797,0.6676136363636365,41.084558823529406,1035.6617647058815,31.383689839572167,0
3613,4,1,1,34,0.02857142857142857,0.02857142857142857,0.9714285714285714,35,600,500,100,0.8333333333333334,7,5,2,384.6944734070531,0.38343837535014,0.09463670657700529,0.24457582944346204,134396.43565759627,3340.313208616769,137736.74886621305,3042,0,763.1428571428571,34,1,19,30.80152123995407,0.6685049019607843,40.77380952380952,1036.904761904761,30.497198879551796,0
3614,4,0,1,33,0.0,0.029411764705882353,0.9705882352941176,34,600,300,300,0.5,9,3,6,393.03269249511345,0.379177807486631,0.10135200923594812,0.24919569063895566,134296.61218041135,3756.591815647822,138053.20399605916,3043,74,786.5882352941177,33,1,19,30.68544573185149,0.6698232323232323,40.870098039215684,1036.519607843137,31.409685086155665,0
3615,4,0,0,33,0.0,0.0,1.0,33,900,800,100,0.8888888888888888,10,8,2,397.461875464549,0.3793008207070707,0.09383973720149119,0.2521763522074147,134321.63331547793,4077.5456586062555,138399.17897408418,3044,75,791.3030303030303,32,1,20,30.54557450263905,0.6725260416666667,40.84595959595959,1036.616161616161,32.39425505050503,0
3616,4,0,0,33,0.0,0.0,1.0,33,400,300,100,0.75,5,3,2,400.26665502517415,0.37823547979797983,0.09940368123514731,0.25441097299278115,134387.0842260994,4158.133736353436,138545.21796245282,3045,76,792.3030303030303,32,1,20,30.407229257996427,0.6731770833333334,40.782828282828284,1036.868686868687,32.40214646464647,0
3617,4,1,0,34,0.029411764705882353,0.0,1.0,34,700,500,200,0.7142857142857143,9,5,4,391.0925715552977,0.380718954248366,0.09687781704751974,0.2508239565778204,134714.57791296815,3737.2737794612926,138451.85169242945,3046,0,769.9705882352941,32,2,21,30.317035595556646,0.6764322916666666,40.46717171717172,1038.1313131313138,32.44160353535356,0
3618,4,0,0,34,0.0,0.0,1.0,34,900,600,300,0.6666666666666666,12,6,6,388.99487440638546,0.38077465834818774,0.09619718007597089,0.24970373553815034,134747.3492022498,3683.2056359045046,138430.55483815432,3047,1,770.9705882352941,32,2,21,30.338684178523653,0.6767578125,40.43560606060606,1038.257575757576,32.44554924242425,0
3619,4,0,0,34,0.0,0.0,1.0,34,650,500,150,0.7692307692307693,8,5,3,389.6015742648348,0.38116458704694,0.09554443053817274,0.2505451875158927,134812.90373750127,3704.6639054688303,138517.5676429701,3048,2,771.9705882352941,32,2,19,30.257345491388044,0.6774088541666666,40.37247474747475,1038.5101010101012,32.45344065656566,0
3620,4,0,0,34,0.0,0.0,1.0,34,850,600,250,0.7058823529411765,11,6,5,389.4060232728416,0.38105317884729645,0.09683472368167112,0.2513272286676247,134944.06063475672,3709.606003213966,138653.6666379707,3049,3,772.9705882352941,32,2,20,30.131243164418517,0.6787109375,40.246212121212125,1039.015151515152,32.4692234848485,0
3621,4,0,0,34,0.0,0.0,1.0,34,850,500,350,0.5882352941176471,12,5,7,388.40750863400336,0.38112745098039214,0.10048156272104403,0.2515939432402635,135075.2813010152,3692.8506976328945,138768.1319986481,3050,4,773.9705882352941,32,2,20,30.026013198914942,0.6800130208333334,40.119949494949495,1039.5202020202019,32.48500631313131,0
3622,4,0,0,34,0.0,0.0,1.0,34,1000,600,400,0.6,14,6,8,390.787580054203,0.380718954248366,0.1010882138725846,0.2542897381110999,135239.3968089991,3769.9753213957747,139009.37213039488,3051,5,774.9705882352941,32,2,20,29.800163874726863,0.681640625,39.96212121212121,1040.1515151515152,32.50473484848485,0
3623,4,0,0,34,0.0,0.0,1.0,34,750,600,150,0.8,9,6,3,391.35285259813213,0.3804218657159834,0.10520005138672794,0.2555887647475283,135370.76095551482,3795.546691664121,139166.30764717894,3052,6,775.9705882352941,32,2,21,29.65426069724177,0.6829427083333333,39.83585858585859,1040.6565656565663,32.520517676767696,0
3624,4,0,0,34,0.0,0.0,1.0,34,700,200,500,0.2857142857142857,12,2,10,393.0579621044707,0.3804404337492573,0.10649039460380316,0.2572137388378564,135442.26529459836,3847.3321559015903,139289.59745049995,3053,7,776.9705882352941,33,1,21,29.538497763126916,0.6811868686868687,39.767156862745104,1040.9313725490206,31.543374925727896,0
3625,4,0,1,33,0.0,0.029411764705882353,0.9705882352941176,34,500,200,300,0.4,8,2,6,395.3062214277859,0.37988339275103983,0.10785698460175008,0.25914518960265986,135506.0553633219,3913.277345251837,139419.33270857375,3054,8,777.9705882352941,33,1,21,29.41629394224733,0.6818181818181818,39.70588235294118,1041.176470588236,31.550802139037454,0
3626,4,0,0,33,0.0,0.0,1.0,33,1100,900,200,0.8181818181818182,13,9,4,398.16304705964643,0.3785905934343434,0.10019917829765035,0.26098986375626754,135502.18887103366,4190.392880828501,139692.58175186216,3055,9,790.7272727272727,32,1,21,29.345793920284592,0.6842447916666666,39.709595959595966,1041.1616161616168,32.53630050505053,0
3627,4,0,0,33,0.0,0.0,1.0,33,650,400,250,0.6153846153846154,9,4,5,401.503147810691,0.3790640782828283,0.0970079064162479,0.26366225821198885,135567.92674216925,4286.189865830027,139854.11660799928,3056,10,791.7272727272727,32,1,21,29.193188247656,0.6848958333333333,39.64646464646465,1041.414141414142,32.54419191919194,0
3628,4,0,0,33,0.0,0.0,1.0,33,1000,800,200,0.8,12,8,4,402.9940889309847,0.378945707070707,0.0932459200175737,0.2653790704145521,135667.5910949707,4334.663396406608,140002.2544913773,3057,11,792.7272727272727,31,2,22,29.054831687705704,0.688508064516129,39.55078125,1041.796875,33.606350806451616,0
3629,4,0,0,33,0.0,0.0,1.0,33,1100,1000,100,0.9090909090909091,12,10,2,402.06835125298375,0.3781565656565657,0.09483466772660987,0.2657768085697884,135803.2756381566,4320.439826117633,140123.71546427422,3058,12,793.7272727272727,31,2,22,28.943498854882357,0.6898521505376343,39.42057291666667,1042.3177083333344,33.62315188172047,0
3630,4,0,0,33,0.0,0.0,1.0,33,1200,900,300,0.75,15,9,6,403.46097813844625,0.377801452020202,0.10071490476136424,0.26720529792841535,135871.14334106457,4363.740878634999,140234.88421969957,3059,13,794.7272727272727,31,2,17,28.83947899754382,0.690524193548387,39.35546875000001,1042.578125000001,33.63155241935487,0
3631,4,0,0,33,0.0,0.0,1.0,33,950,700,250,0.7368421052631579,12,7,5,404.49172543293577,0.3770517676767677,0.10005410579764384,0.26839885907144867,135939.02799818266,4397.242397732225,140336.27039591488,3060,14,795.7272727272727,31,2,17,28.74487555666542,0.6911962365591398,39.29036458333334,1042.8385416666679,33.63995295698928,0
3632,4,0,0,33,0.0,0.0,1.0,33,900,800,100,0.8888888888888888,10,8,2,403.5655255636277,0.3768544823232323,0.1008461849804998,0.2682957199410976,136006.92960951076,4377.5416056315225,140384.4712151423,3061,15,796.7272727272727,31,2,17,28.70129093330003,0.6918682795698924,39.22526041666667,1043.0989583333344,33.64835349462369,0
3633,4,0,0,33,0.0,0.0,1.0,33,850,700,150,0.8235294117647058,10,7,3,403.0723421382844,0.37602588383838387,0.100332951978644,0.2686282125347407,136094.4036322825,4371.178004795438,140465.58163707796,3062,16,797.7272727272727,32,1,17,28.626926024524042,0.6901041666666666,39.141414141414145,1043.434343434344,32.60732323232325,0
3634,4,0,0,33,0.0,0.0,1.0,33,600,400,200,0.6666666666666666,8,4,4,410.8639080328294,0.3764599116161616,0.13368983957219283,0.2649363820763414,134911.26543209865,4541.528925619822,139452.79435771846,3063,17,798.7272727272727,32,1,17,29.60672905525847,0.6783854166666667,40.27777777777777,1038.888888888888,32.46527777777775,5
3635,4,0,0,33,0.0,0.0,1.0,33,1100,900,200,0.8181818181818182,13,9,4,406.07679900288156,0.3764599116161616,0.11443872931476284,0.236402222365482,131094.6676466199,4058.9569280176897,135153.6245746376,3064,18,799.7272727272727,31,2,19,33.58139966094514,0.6428091397849462,43.97786458333333,1024.0885416666658,33.0351142473118,8
3636,4,0,0,33,0.0,0.0,1.0,33,750,500,250,0.6666666666666666,10,5,5,407.53517553960313,0.3764599116161616,0.12266617167076577,0.23140910402379208,130129.69970703125,4006.486002604167,134136.1857096354,3065,19,800.7272727272727,31,2,19,34.52654415518121,0.6330645161290323,44.921875,1020.3125,32.913306451612904,1
3637,4,3,2,34,0.08333333333333333,0.05555555555555555,0.9444444444444444,36,600,400,200,0.6666666666666666,8,4,4,379.5839256982501,0.39254298941798943,0.1278856021928627,0.2126117430580968,129595.04145408183,2638.438917233585,132233.4803713154,3066,0,734.9166666666666,34,2,20,35.78398417709186,0.6204044117647057,45.446428571428584,1018.2142857142874,29.947478991596686,2
3638,4,0,0,34,0.0,0.0,1.0,34,1050,600,450,0.5714285714285714,15,6,9,393.21496961375277,0.38851752822341057,0.14078236753758566,0.2194814858093386,129458.25043362938,3380.9844021018457,132839.23483573121,3067,1,774.5882352941177,32,2,20,35.576664598842015,0.6236979166666665,45.58080808080809,1017.6767676767689,31.80239898989903,0
3639,4,1,1,34,0.02857142857142857,0.02857142857142857,0.9714285714285714,35,900,500,400,0.5555555555555556,13,5,8,379.39994759367636,0.3929971988795518,0.1267356475300403,0.21366207575012303,129807.2562358277,2849.773242630392,132657.0294784581,3068,0,753.4285714285714,34,1,20,35.57242990654206,0.6225490196078431,45.23809523809524,1019.0476190476194,29.971988795518218,0
3640,4,0,0,34,0.0,0.0,1.0,34,850,400,450,0.47058823529411764,13,4,9,391.488036358738,0.388851752822341,0.13192899773162736,0.21039528070708033,127952.84162649218,3219.198536852754,131172.04016334494,3069,3,776.5882352941177,32,2,19,37.162267565206534,0.6083984375,47.06439393939394,1011.7424242424241,31.616950757575754,4
3641,4,1,0,35,0.02857142857142857,0.0,1.0,35,800,700,100,0.875,9,7,2,383.24655402522404,0.39415266106442576,0.1419412811695384,0.20775732866403468,128299.67928501061,2834.0819937043525,131133.76127871496,3070,0,755.3714285714286,33,2,20,37.015014515543726,0.6095328282828283,46.7218137254902,1013.1127450980396,30.70038621509211,0
3642,4,4,1,38,0.10256410256410256,0.02564102564102564,0.9743589743589743,39,900,600,300,0.6666666666666666,12,6,6,351.9571625891969,0.41065002249212773,0.14021451163007836,0.1957594648629028,129319.0854338135,1309.2708548409735,130628.35628865447,3071,0,678.7948717948718,35,4,19,36.76794113184646,0.6154761904761905,45.717592592592595,1017.1296296296301,29.060846560846574,0
3643,4,1,0,39,0.02564102564102564,0.0,1.0,39,550,300,250,0.5454545454545454,8,3,5,352.41445054016924,0.41292735042735046,0.13402821207699267,0.18912293811710668,127894.85857427295,1217.8286175542253,129112.68719182718,3072,0,679.7692307692307,37,2,19,38.20991418247517,0.5971283783783783,47.121710526315795,1011.5131578947376,27.33819345661453,6
3644,4,2,1,40,0.04878048780487805,0.024390243902439025,0.975609756097561,41,1350,900,450,0.6666666666666666,18,9,9,342.0863488689375,0.41849593495934956,0.1359655182689783,0.18631599509177535,128486.82032962026,591.4478418733404,129078.26817149359,3073,0,647.560975609756,36,5,16,37.86654448517162,0.6050347222222221,46.53716216216217,1013.8513513513522,28.16253753753756,0
3645,4,0,0,40,0.0,0.0,1.0,40,1300,900,400,0.6923076923076923,17,9,8,350.45237400090684,0.41432959401709407,0.14076062128825928,0.19035738131215518,128379.01341735257,998.1460048010997,129377.15942215368,3074,1,664.75,35,5,17,37.76458047814831,0.605952380952381,46.64351851851852,1013.4259259259262,28.955026455026463,0
3646,4,5,5,40,0.1111111111111111,0.1111111111111111,0.8888888888888888,45,900,600,300,0.6666666666666666,12,6,6,315.7664536402796,0.4273779461279461,0.137436974789916,0.17558975693080967,129310.0299510555,-828.3948841730298,128481.63506688247,3075,0,591.7777777777778,38,7,19,37.69739145658263,0.6096491228070176,45.72649572649572,1017.0940170940164,26.765632028789906,0
3647,4,4,2,42,0.09090909090909091,0.045454545454545456,0.9545454545454546,44,1100,800,300,0.7272727272727273,14,8,6,325.1383535834491,0.42561883368569414,0.15223047617228924,0.18092590674856898,129337.19735051855,-389.5033192709641,128947.69403124758,3076,0,606.0681818181819,38,6,21,37.4315110457585,0.6099232456140352,45.69978632478632,1017.2008547008537,26.768443544759307,0
3648,4,0,0,42,0.0,0.0,1.0,42,1150,800,350,0.6956521739130435,15,8,7,339.8156687177094,0.41863869531552456,0.16849178695868616,0.1881907659107495,129148.44292534706,377.3328993055372,129525.77582465259,3077,1,635.9285714285714,39,3,21,37.2502049600328,0.6063034188034189,45.88541666666666,1016.458333333332,26.063034188034155,0
3649,4,1,1,42,0.023255813953488372,0.023255813953488372,0.9767441860465116,43,1250,800,450,0.64,17,8,9,331.2500000000001,0.4195967146548542,0.16016439454691245,0.18473557692307682,129424.43828870404,-25.598411290033482,129398.83987741401,3078,0,622.1162790697674,37,6,22,37.187499999999986,0.6126126126126127,45.61403508771929,1017.5438596491214,27.5011853959222,0
3650,4,3,3,42,0.06666666666666667,0.06666666666666667,0.9333333333333333,45,1750,1400,350,0.8,21,14,7,316.92657792539734,0.4268308080808081,0.16391401614628998,0.17952188141327852,130034.82187145668,-757.7017786281385,129277.12009282854,3079,0,595.4,41,4,16,36.93372483221477,0.6120426829268294,45.01488095238094,1019.9404761904742,24.876596980255467,0
3651,4,0,1,41,0.0,0.023809523809523808,0.9761904761904762,42,1800,1300,500,0.7222222222222222,23,13,10,337.2349271094392,0.4167876500193573,0.17490525622013564,0.189746873147063,129772.26382725165,352.74798652201184,130125.01181377366,3080,1,638.8571428571429,38,4,16,36.68213274614659,0.6143092105263158,45.27243589743589,1018.9102564102551,26.81342780026987,0
3652,4,1,1,41,0.023809523809523808,0.023809523809523808,0.9761904761904762,42,1350,1200,150,0.8888888888888888,15,12,3,340.04261984248893,0.4136420828493999,0.18311851618987807,0.19212710012770093,129935.60209155148,436.72850920446075,130372.33060075594,3081,0,639.6190476190476,38,4,16,36.44490726186735,0.615953947368421,45.11217948717948,1019.551282051281,26.83029689608634,0
3653,4,0,1,40,0.0,0.024390243902439025,0.975609756097561,41,1150,900,250,0.782608695652174,14,9,5,347.78356023950244,0.4120680894308943,0.18728054291517715,0.1958969944767233,129815.23762119106,829.5211026469601,130644.75872383802,3082,3,656.219512195122,37,4,16,36.36979054587189,0.6165540540540541,45.23026315789473,1019.0789473684205,27.542674253200552,0
3654,4,0,0,40,0.0,0.0,1.0,40,900,600,300,0.6666666666666666,12,6,6,357.3335367668216,0.41021634615384617,0.18869514756272787,0.20091960889555216,129745.78622118739,1272.5041342017662,131018.29035538915,3083,4,673.4,36,4,17,36.19708190560406,0.6177662037037037,45.29842342342342,1018.8063063063062,28.30017517517517,0
3655,4,1,0,41,0.024390243902439025,0.0,1.0,41,800,500,300,0.625,11,5,6,355.82130455432,0.41366869918699184,0.20683618676736937,0.20229864883854926,130178.65022170258,1064.067429401328,131242.7176511039,3084,0,657.9512195121952,37,4,18,35.79597346083594,0.6202139639639641,44.87390350877192,1020.5043859649103,27.58119962067325,0
3656,4,1,1,41,0.023809523809523808,0.023809523809523808,0.9761904761904762,42,800,500,300,0.625,11,5,6,348.7321091859849,0.41456155632984903,0.21046269747568425,0.19970111009746888,130458.54403518376,699.0436961372536,131157.58773132102,3085,0,643.2619047619048,37,5,19,35.69315498551034,0.6230292792792793,44.599780701754376,1021.6008771929813,27.610834518729224,0
3657,4,0,0,41,0.0,0.0,1.0,41,900,600,300,0.6666666666666666,12,6,6,357.0999710165278,0.4129827235772358,0.21485888175315138,0.20467264921244166,130492.6056757769,1119.7811409382057,131612.3868167151,3086,1,659.0,36,5,17,35.444909805650454,0.625289351851852,44.56644144144143,1021.7342342342324,28.381506506506454,0
3658,4,0,0,41,0.0,0.0,1.0,41,1550,1100,450,0.7096774193548387,20,11,9,354.30945503560315,0.4132367886178862,0.18951481250623936,0.198058328018975,129516.42679419319,1079.770691299444,130596.19748549264,3087,2,660.0,36,5,16,36.50731091197403,0.6154513888888888,45.52364864864867,1017.9054054054083,28.27515015015023,8
3659,4,0,1,40,0.0,0.024390243902439025,0.975609756097561,41,550,500,50,0.9090909090909091,6,5,1,357.21585456150694,0.41308434959349594,0.19463096301132232,0.199974522668148,129573.74762854094,1057.1593975732774,130630.90702611422,3088,3,661.0,36,5,16,36.37503226044318,0.6160300925925926,45.467342342342356,1018.1306306306326,28.28140640640646,0
3660,4,0,1,39,0.0,0.025,0.975,40,900,700,200,0.7777777777777778,11,7,4,363.54466208814813,0.41163194444444445,0.20119560534252479,0.20332220739917892,129536.0351261928,1418.4268236380585,130954.46194983086,3089,5,678.45,37,3,16,36.25233376418212,0.6137387387387387,45.50438596491229,1017.9824561403518,27.513039355144645,0
3661,4,0,0,39,0.0,0.0,1.0,39,700,500,200,0.7142857142857143,9,5,4,368.93035679649313,0.40983468286099867,0.2148138060950624,0.20608112266543321,129487.77113261928,1754.3939209479893,131242.16505356727,3090,6,696.5128205128206,36,3,16,36.16443534705316,0.615162037037037,45.55180180180181,1017.7927927927942,28.27202202202206,0
3662,4,1,0,40,0.025,0.0,1.0,40,1100,1100,0,1.0,11,11,0,372.5616569139701,0.4098824786324786,0.24791196388261838,0.2112090855740808,130066.77685682144,1691.57877904741,131758.35563586885,3091,0,680.075,37,3,17,35.482617614389625,0.6190878378378377,44.98355263157895,1020.0657894736851,27.56934566145095,0
3663,4,0,0,40,0.0,0.0,1.0,40,1100,700,400,0.6363636363636364,15,7,8,373.4026148302191,0.40972222222222227,0.2505183156085513,0.21259969060883838,130234.6049385387,1725.9884050861747,131960.59334362487,3092,1,681.075,37,3,17,35.290556629784795,0.620777027027027,44.81907894736842,1020.7236842105257,27.587126600284478,0
3664,4,0,1,39,0.0,0.025,0.975,40,1000,500,500,0.5,15,5,10,361.1301931258271,0.40961538461538466,0.18840587715421986,0.2037999069934534,129889.23890106347,1399.212185515306,131288.45108657877,3093,2,682.075,36,4,17,35.95453122698484,0.6192129629629628,45.15765765765767,1019.3693693693713,28.315815815815867,5
3665,4,1,1,39,0.025,0.025,0.975,40,950,600,350,0.631578947368421,13,6,7,359.16699559960796,0.4121794871794872,0.18535871964679895,0.20388803133661984,130118.92804967145,1346.8848916484249,131465.81294131986,3094,0,670.775,36,4,17,35.771247240618116,0.6215277777777777,44.93243243243244,1020.2702702702716,28.340840840840876,0
3666,4,0,0,39,0.0,0.0,1.0,39,1100,800,300,0.7272727272727273,14,8,6,366.3873861222092,0.4090755735492578,0.18986582845833744,0.20718054375716705,129967.3742391118,1723.6813057270233,131691.05554483883,3095,4,688.974358974359,35,4,17,35.741108588724934,0.6220238095238095,45.08101851851852,1019.675925925926,29.133597883597886,0
3667,4,0,0,39,0.0,0.0,1.0,39,800,600,200,0.75,10,6,4,352.8691587189211,0.4090755735492578,0.11202139571602387,0.20021079005389025,130099.04308431929,1381.5879766600683,131480.63106097936,3096,5,689.974358974359,38,1,16,35.95206304325062,0.6175986842105264,44.951923076923066,1020.1923076923058,26.847165991902784,3
3668,4,0,1,38,0.0,0.02564102564102564,0.9743589743589743,39,950,600,350,0.631578947368421,13,6,7,360.84812991875265,0.4091599190283401,0.12100706537964045,0.20067309671021277,129312.88954293626,1532.5656016598637,130845.45514459613,3097,6,690.974358974359,37,2,17,36.54817090700015,0.6114864864864864,45.723684210526315,1017.1052631578945,27.48933143669985,2
3669,4,3,2,39,0.07317073170731707,0.04878048780487805,0.9512195121951219,41,1400,1000,400,0.7142857142857143,18,10,8,341.89985671830266,0.41831808943089427,0.12214307248803391,0.1933482205323781,129970.32470703128,687.3670789930559,130657.69178602434,3098,0,657.439024390244,39,2,14,36.362349746313896,0.6145833333333334,45.078125,1019.6875000000002,26.14583333333334,0
3670,4,0,1,38,0.0,0.02564102564102564,0.9743589743589743,39,1000,700,300,0.7,13,7,6,353.5030382107811,0.4118870895186684,0.06355198993235889,0.19869308699433497,129731.44531249958,1418.6442057291233,131150.0895182287,3099,1,692.1538461538462,37,2,14,36.309219495569195,0.6157094594594597,45.31249999999998,1018.7499999999966,27.53378378378369,6
3671,4,1,0,39,0.02564102564102564,0.0,1.0,39,1250,900,350,0.72,16,9,7,355.87685129848455,0.40733243364822314,0.08489128127954326,0.2017502954070562,130066.77685682091,1457.551001269573,131524.3278580905,3100,0,693.1025641025641,37,2,16,35.908107599699015,0.619087837837838,44.983552631578924,1020.0657894736809,27.569345661450836,0
3672,4,0,0,39,0.0,0.0,1.0,39,750,600,150,0.8,9,6,3,358.4885792697274,0.407838506522717,0.08913059649064814,0.20381510123783433,130178.65022170261,1533.5118738457734,131712.16209554838,3101,1,694.1025641025641,37,2,17,35.727924322194745,0.6202139639639641,44.87390350877192,1020.5043859649105,27.581199620673257,0
3673,4,1,0,40,0.025,0.0,1.0,40,950,700,250,0.7368421052631579,12,7,5,374.9564356153733,0.4111378205128205,0.13234185887188943,0.20396698528692123,128437.66744898801,1655.544461804926,130093.21191079293,3102,0,677.725,35,5,16,37.08371393773312,0.6065476190476191,46.58564814814813,1013.6574074074047,28.961640211640134,7
3674,4,0,0,40,0.0,0.0,1.0,40,950,700,250,0.7368421052631579,12,7,5,377.52770374822603,0.41111111111111115,0.13662976489386036,0.20597121670248777,128555.01570001697,1706.6159765088962,130261.63167652587,3103,1,678.725,35,5,17,36.89844403865175,0.6077380952380953,46.4699074074074,1014.120370370369,28.974867724867686,0
3675,4,1,1,40,0.024390243902439025,0.024390243902439025,0.975609756097561,41,1300,700,600,0.5384615384615384,19,7,12,373.56228131696463,0.41529471544715446,0.13154720369558937,0.2056645087250544,128915.32368517177,1431.5804825095477,130346.90416768132,3104,0,663.1463414634146,36,5,17,36.63067383751016,0.609375,46.11486486486487,1015.5405405405414,28.209459459459485,0
3676,4,0,0,40,0.0,0.0,1.0,40,1500,1100,400,0.7333333333333333,19,11,8,382.81686179337004,0.41024305555555557,0.13133337133736167,0.2102496364927769,128819.24518014831,1862.8358356910144,130682.08101583933,3105,3,680.725,35,5,17,36.49396210998367,0.6104166666666666,46.20949074074074,1015.162037037037,29.004629629629626,0
3677,4,1,1,40,0.024390243902439025,0.024390243902439025,0.975609756097561,41,800,300,500,0.375,13,3,10,377.3015850560833,0.41328760162601624,0.12842717522919855,0.2086255823251287,129086.92476260067,1540.9402645889372,130627.8650271896,3106,0,665.0975609756098,36,5,17,36.360446217494086,0.611111111111111,45.94594594594596,1016.2162162162181,28.22822822822828,0
3678,4,0,0,40,0.0,0.0,1.0,40,1300,1000,300,0.7692307692307693,16,10,6,382.93491627793526,0.40968215811965814,0.13342824601366732,0.21172346126701974,129083.74592764067,1886.1346879286746,130969.88061556935,3107,5,682.725,35,5,20,36.220577069096414,0.6130952380952381,45.949074074074076,1016.2037037037043,29.03439153439155,0
3679,4,2,3,39,0.047619047619047616,0.07142857142857142,0.9285714285714286,42,850,600,250,0.7058823529411765,11,6,5,369.60959023072274,0.41594076655052264,0.13552809687086875,0.20691271240098857,129573.7476285408,1178.393536805088,130752.14116534589,3108,0,651.1666666666666,36,6,15,36.059571212623986,0.6160300925925926,45.46734234234235,1018.1306306306315,28.28140640640643,0
3680,4,0,0,39,0.0,0.0,1.0,39,1100,800,300,0.7272727272727273,14,8,6,384.59619216031297,0.4063765182186235,0.16186590554903768,0.21359432012139754,129260.23046339165,2142.5984867969814,131402.82895018862,3109,7,701.5128205128206,35,4,20,35.998084073146664,0.6148809523809524,45.77546296296296,1016.8981481481483,29.054232804232807,0
3681,4,0,0,39,0.0,0.0,1.0,39,1050,700,350,0.6666666666666666,14,7,7,384.1772069290498,0.4063202878992353,0.16273939988095676,0.2136803350944614,129319.08543381348,2136.2890089163293,131455.3744427298,3110,8,702.5128205128206,35,4,20,35.94864208769534,0.6154761904761905,45.717592592592595,1017.12962962963,29.06084656084657,0
3682,4,2,1,40,0.04878048780487805,0.024390243902439025,0.975609756097561,41,1150,900,250,0.782608695652174,14,9,5,367.84412257707487,0.40823170731707314,0.15950495205403992,0.20719656213523227,129815.23762119106,1350.3544359802938,131165.59205717137,3111,0,669.1951219512196,37,4,16,35.8587081271071,0.6165540540540541,45.23026315789473,1019.0789473684205,27.542674253200552,0
3683,4,0,0,40,0.0,0.0,1.0,40,550,300,250,0.5454545454545454,8,3,5,395.6230129629493,0.4076388888888889,0.14209599411208074,0.218638609894864,129065.65176647306,2212.2684043757736,131277.92017084884,3112,1,686.925,38,2,17,35.91674552272807,0.6071820175438596,45.96688034188034,1016.1324786324785,26.740328385065226,5
3684,4,2,3,39,0.047619047619047616,0.07142857142857142,0.9285714285714286,42,950,700,250,0.7368421052631579,12,7,5,379.4303634889606,0.4157713898567557,0.1430135314597465,0.2126596128981278,129619.76431450056,1436.5488754827693,131056.31318998332,3113,0,655.1666666666666,37,5,16,35.76269247334984,0.6145833333333333,45.422149122807014,1018.3114035087715,27.52192982456139,0
3685,4,1,0,40,0.025,0.0,1.0,40,750,400,350,0.5333333333333333,11,4,7,391.74217291763796,0.40639690170940174,0.16002387991812617,0.21886789508498777,129495.73072059327,2145.7877872085046,131641.51850780178,3114,0,687.9,35,5,17,35.57586612083996,0.6172619047619048,45.54398148148148,1017.824074074074,29.08068783068783,0
3686,4,1,0,41,0.024390243902439025,0.0,1.0,41,1150,1000,150,0.8695652173913043,13,10,3,382.088140743556,0.4099339430894309,0.1603603943633114,0.21483849653865464,129745.78622118752,1714.8652453128925,131460.65146650042,3115,0,672.0975609756098,36,5,18,35.56657823956376,0.6177662037037037,45.29842342342343,1018.8063063063072,28.300175175175198,0
3687,4,1,1,41,0.023809523809523808,0.023809523809523808,0.9761904761904762,42,1050,800,250,0.7619047619047619,13,8,5,373.5585763092307,0.41235965931087887,0.15152724890472102,0.21192615816957822,130094.74068944289,1319.6012234533687,131414.34191289626,3116,0,657.0714285714286,37,5,18,35.42875824018343,0.6193693693693694,44.95614035087719,1020.1754385964912,27.57230915125652,0
3688,4,0,0,41,0.0,0.0,1.0,41,1200,900,300,0.75,15,9,6,389.0641926533775,0.40998475609756097,0.22686279735550285,0.21104686702822764,128325.39859693861,1797.0017167762576,130122.40031371487,3117,2,674.0975609756098,34,7,20,36.84129362002114,0.6075367647058825,46.69642857142856,1013.2142857142844,29.800420168067188,3
3689,4,3,0,44,0.06818181818181818,0.0,1.0,44,1500,1000,500,0.6666666666666666,20,10,10,363.67598575272484,0.4200911733615222,0.22200370862446372,0.2009832830037282,129065.65176647293,587.6156265979818,129653.26739307091,3118,0,629.0681818181819,38,6,20,36.72830582132968,0.6071820175438598,45.966880341880334,1016.1324786324775,26.740328385065197,0
3690,4,0,0,44,0.0,0.0,1.0,44,1200,1000,200,0.8333333333333334,14,10,4,364.0928663868646,0.4200911733615222,0.2216135799927459,0.20204866247788084,129229.25954380161,610.3616448849048,129839.62118868652,3119,1,630.0681818181819,37,7,20,36.550895970379955,0.610641891891892,45.80592105263156,1016.776315789471,27.480440967283002,0
3691,4,1,1,44,0.022222222222222223,0.022222222222222223,0.9777777777777777,45,1250,1100,150,0.88,14,11,3,359.3167706893138,0.42161195286195285,0.21413759723825887,0.20077483134059165,129500.26167223658,306.32316549781467,129806.5848377344,3120,0,617.0444444444445,38,7,15,36.396338476610325,0.6115679824561404,45.5395299145299,1017.8418803418783,26.785312640575746,0
3692,4,0,0,44,0.0,0.0,1.0,44,950,400,550,0.42105263157894735,15,4,11,364.5180081546488,0.4193093727977449,0.21688605512134917,0.20357738578167509,129480.23069598299,639.5751577407945,130119.80585372378,3121,3,632.0681818181819,37,7,15,36.284385549091425,0.6131756756756759,45.559210526315766,1017.7631578947337,27.507112375533342,0
3693,4,1,1,44,0.022222222222222223,0.022222222222222223,0.9777777777777777,45,1100,900,200,0.8181818181818182,13,9,4,363.61460960071713,0.42234848484848486,0.22389022841900563,0.2048741737141898,129826.69850107715,441.3768582438089,130268.07535932095,3122,0,619.0,38,7,15,35.954808330712524,0.614857456140351,45.219017094017076,1019.1239316239288,26.819050832208653,0
3694,4,0,3,41,0.0,0.06818181818181818,0.9318181818181819,44,1550,1400,150,0.9032258064516129,17,14,3,367.08783499609945,0.41955162085976044,0.21946381929702796,0.20662309210289187,129787.3038458945,728.6680757540386,130515.97192164854,3123,5,634.0681818181819,37,7,15,35.906394598084574,0.6162725225225227,45.25767543859647,1018.9692982456108,27.539710763394886,0
3695,4,2,2,41,0.046511627906976744,0.046511627906976744,0.9534883720930233,43,1150,500,650,0.43478260869565216,18,5,13,382.041496800518,0.415813030638612,0.22711824319113205,0.21465511677375682,129717.10519641261,1311.4634059735429,131028.56860238615,3124,0,649.4186046511628,36,7,15,35.59699498857693,0.6174768518518519,45.32657657657658,1018.6936936936935,28.29704704704704,0
3696,4,1,1,41,0.023809523809523808,0.023809523809523808,0.9761904761904762,42,1200,900,300,0.75,15,9,6,390.2396694214875,0.41281939605110335,0.23326839826839807,0.21901205936920223,129672.49657064477,1720.6704389574809,131393.16700960224,3125,0,665.8571428571429,35,7,15,35.43371212121213,0.619047619047619,45.370370370370374,1018.5185185185189,29.100529100529112,0
3697,4,1,0,42,0.023809523809523808,0.0,1.0,42,950,600,350,0.631578947368421,13,6,7,379.1485333831579,0.4105449090205188,0.23720702500282886,0.19907869547199286,127013.25005425386,1270.2256609546866,128283.47571520855,3126,0,666.8333333333334,39,3,18,38.44005115221661,0.5846688034188032,47.994791666666686,1008.0208333333366,25.846688034188116,8
3698,4,5,2,45,0.10638297872340426,0.0425531914893617,0.9574468085106383,47,1000,700,300,0.7,13,7,6,349.20151088638687,0.426495528831329,0.25236683584506947,0.1887068572418158,128173.82979948982,-423.1246717999919,127750.70512768983,3127,0,596.7872340425532,35,12,17,38.00589114946469,0.6038690476190476,46.84606481481481,1012.6157407407402,28.931878306878293,0
3699,4,1,2,44,0.021739130434782608,0.043478260869565216,0.9565217391304348,46,1400,900,500,0.6428571428571429,19,9,10,357.486236734694,0.4230776972624799,0.2569590062111802,0.19332537524280416,128203.13169795947,-33.82898233882693,128169.30271562064,3128,0,610.7391304347826,35,11,17,37.76619047619047,0.6041666666666667,46.817129629629626,1012.731481481481,28.93518518518517,0
3700,4,2,2,44,0.043478260869565216,0.043478260869565216,0.9565217391304348,46,1100,900,200,0.8181818181818182,13,9,4,354.74730764927995,0.42624798711755235,0.25125766642663794,0.19254883313511742,128349.69142500428,-93.65850587277396,128256.0329191315,3129,0,611.3260869565217,35,11,19,37.68572720350276,0.6056547619047619,46.6724537037037,1013.3101851851851,28.951719576719576,0
3701,4,1,0,45,0.022222222222222223,0.0,1.0,45,1400,900,500,0.6428571428571429,19,9,10,363.08797502631694,0.4222222222222222,0.25793231267212247,0.1972538565028102,128385.71605725621,323.06193310657125,128708.77799036278,3130,0,625.8888888888889,34,11,18,37.437595442264765,0.6081495098039216,46.63690476190476,1013.4523809523807,29.80742296918767,0
3702,4,1,1,45,0.021739130434782608,0.021739130434782608,0.9782608695652174,46,1100,700,400,0.6363636363636364,15,7,8,351.6530865490917,0.42662037037037037,0.24494004971821748,0.1924869949830963,128685.967348327,-149.4364772810433,128536.53087104596,3131,0,613.2608695652174,38,8,18,37.42080832543609,0.6033442982456141,46.34081196581196,1014.6367521367512,26.700967161493452,0
3703,4,0,1,44,0.0,0.022222222222222223,0.9777777777777777,45,1550,900,650,0.5806451612903226,22,9,13,357.4951975922265,0.42234848484848486,0.25316106078693035,0.195285351319942,128604.67916757964,195.1110380597409,128799.79020563938,3132,2,627.8888888888889,38,7,18,37.35561056105612,0.6025219298245614,46.42094017094016,1014.3162393162379,26.692532613585207,0
3704,4,0,0,44,0.0,0.0,1.0,44,1500,1200,300,0.8,18,12,6,366.46661796932085,0.42110421071176884,0.2620491400491405,0.20010721465266923,128588.99493113263,624.7148160972641,129213.70974722989,3133,3,641.8636363636364,37,7,18,37.14414414414416,0.6041666666666666,46.43640350877193,1014.2543859649122,27.412280701754383,0
3705,4,1,0,45,0.022222222222222223,0.0,1.0,45,1250,1000,250,0.8,15,10,5,358.2783923227932,0.4231481481481481,0.25687794497644045,0.1969184246526027,128848.62075617274,232.73533950616167,129081.3560956789,3134,0,628.5777777777778,38,7,20,37.08675330597355,0.6049890350877194,46.18055555555555,1015.2777777777769,26.71783625730992,0
3706,4,1,2,44,0.021739130434782608,0.043478260869565216,0.9565217391304348,46,1400,800,600,0.5714285714285714,20,8,12,343.1528973343947,0.4255434782608696,0.25965987832663906,0.18803315955179503,128728.04763244434,-340.72458993796045,128387.32304250638,3135,0,615.8913043478261,37,9,17,37.59353052404106,0.6055743243243243,46.29934210526314,1014.8026315789454,27.427098150782307,3
3707,4,0,0,44,0.0,0.0,1.0,44,1300,700,600,0.5384615384615384,19,7,12,355.48872996401246,0.4205866807610994,0.27230074201201404,0.19389315647037716,128543.91289515844,339.1824679408871,128883.09536309933,3136,6,644.8636363636364,36,8,17,37.46853599851933,0.605613425925926,46.48085585585584,1014.0765765765748,28.168793793793743,0
3708,4,1,1,44,0.022222222222222223,0.022222222222222223,0.9777777777777777,45,2050,1500,550,0.7317073170731707,26,15,11,345.26132537496255,0.4249579124579124,0.26308922558922676,0.1898937289562287,128875.73964496996,-100.83826429984742,128774.90138067011,3137,0,631.5111111111111,38,7,17,37.38952020202021,0.605263157894737,46.15384615384613,1015.3846153846117,26.720647773279257,0
3709,4,4,2,46,0.08333333333333333,0.041666666666666664,0.9583333333333334,48,1300,1100,200,0.8461538461538461,15,11,4,328.9698108288867,0.4295582151300236,0.2692901234567904,0.18415526523720138,129572.3144531249,-1074.1022173940003,128498.2122357309,3138,0,592.9583333333334,39,9,18,37.09544028374598,0.6105769230769231,45.46874999999999,1018.1249999999992,26.10576923076921,0
3710,4,0,1,45,0.0,0.021739130434782608,0.9782608695652174,46,1000,700,300,0.7,13,7,6,342.9708811580914,0.42589573268921094,0.2751521996897426,0.1908662786144936,129340.7722207792,-327.9762763542925,129012.7959444249,3139,1,619.7391304347826,37,9,20,36.97439456002299,0.6117680180180181,45.69627192982455,1017.2149122806995,27.492294926505394,0
3711,4,0,0,45,0.0,0.0,1.0,45,950,600,350,0.631578947368421,13,6,7,340.4689153803495,0.42569444444444443,0.25084498937157207,0.1818846080414167,127712.20419908341,-297.04638564379275,127415.15781343961,3140,2,623.9555555555555,38,7,17,38.698780960434064,0.5934758771929823,47.30235042735044,1010.7905982906,26.599752586594736,5
3712,4,2,1,46,0.0425531914893617,0.02127659574468085,0.9787234042553191,47,1100,700,400,0.6363636363636364,15,7,8,325.39568814064205,0.43194958371877895,0.24718146937864316,0.17582943215203936,128170.8997938371,-1058.0178588447734,127112.88193499233,3141,0,598.3617021276596,39,8,19,38.611532592668794,0.59642094017094,46.84895833333335,1012.604166666669,25.96420940170946,0
3713,4,3,5,44,0.061224489795918366,0.10204081632653061,0.8979591836734694,49,1000,500,500,0.5,15,5,10,316.10014718093026,0.43532100340136054,0.24127879717729295,0.17318630988289974,128722.74900990506,-1662.1440184870044,127060.60499141806,3142,0,574.8775510204082,41,8,18,38.285247010134576,0.598831300813008,46.3045634920635,1014.7817460317474,24.750774293457255,0
3714,4,1,2,43,0.022222222222222223,0.044444444444444446,0.9555555555555556,45,1550,900,650,0.5806451612903226,22,9,13,347.2412262183808,0.42640993265993266,0.25975650834897235,0.18777048977476374,128200.04712988606,-96.73168667283284,128103.31544321323,3143,0,626.1333333333333,37,8,20,38.028728165150845,0.6002252252252254,46.820175438596486,1012.7192982456136,27.37079184447604,0
3715,4,0,0,43,0.0,0.0,1.0,43,950,500,450,0.5263157894736842,14,5,9,359.27850043376253,0.4228266888150609,0.2633794620250771,0.1936076962932901,128061.2799731648,601.9329264773731,128663.21289964217,3144,2,642.4418604651163,37,6,20,37.86595439280684,0.5988175675675675,46.95723684210526,1012.1710526315787,27.355974395448072,0
3716,4,1,1,43,0.022727272727272728,0.022727272727272728,0.9772727272727273,44,1500,900,600,0.6,21,9,12,347.74888888888916,0.4274356941508104,0.2503232323232327,0.18899396135265706,128401.20525931333,130.32939536967072,128531.534654683,3145,0,628.8181818181819,36,8,18,37.81041666666668,0.6041666666666667,46.62162162162162,1013.5135135135132,28.153153153153145,0
3717,4,4,1,46,0.0851063829787234,0.02127659574468085,0.9787234042553191,47,1350,800,550,0.5925925925925926,19,8,11,327.3811186650539,0.4337804502004317,0.24888253173609964,0.18130448104049912,129148.44292534713,-943.8476562500039,128204.59526909713,3146,0,589.5957446808511,39,8,21,37.566185010589614,0.6063034188034189,45.885416666666664,1016.4583333333326,26.06303418803417,0
3718,4,2,1,47,0.041666666666666664,0.020833333333333332,0.9791666666666666,48,1100,800,300,0.7272727272727273,14,8,6,318.7629058299269,0.4350435874704492,0.25274001959343595,0.17811461606109744,129500.26167223671,-1344.0023553355024,128156.25931690121,3147,0,578.2708333333334,38,10,17,37.42827402820054,0.6115679824561404,45.53952991452991,1017.8418803418793,26.78531264057577,0
3719,4,3,3,47,0.06,0.06,0.94,50,1100,700,400,0.6363636363636364,15,7,8,307.48632898954276,0.4382993197278911,0.25339910313901304,0.17403414051946225,130003.35784131488,-2005.1489482120285,127998.20889310286,3148,0,556.08,40,10,18,37.20623650556385,0.61328125,45.04573170731708,1019.8170731707332,25.495426829268332,0
3720,4,2,1,48,0.04081632653061224,0.02040816326530612,0.9795918367346939,49,1300,900,400,0.6923076923076923,17,9,8,313.60801401170494,0.43732284580498865,0.26307189542483633,0.17771120793996614,130050.0,-1643.055555555556,128406.94444444444,3149,0,568.3469387755102,39,10,20,37.002995642701514,0.6153846153846154,45.0,1020.0,26.153846153846153,0
3721,4,1,1,48,0.02040816326530612,0.02040816326530612,0.9795918367346939,49,1350,900,450,0.6666666666666666,18,9,9,312.8530459633974,0.43696853741496594,0.2632878666853655,0.17777914173845347,130158.86423631765,-1655.8805729063429,128502.9836634113,3150,0,569.3265306122449,40,9,21,36.912201639942886,0.6148437500000001,44.89329268292683,1020.4268292682924,25.51067073170731,0
3722,4,0,0,48,0.0,0.0,1.0,48,1450,1200,250,0.8275862068965517,17,12,5,317.85306203024305,0.43541297281323876,0.26390732421210283,0.18036227633396273,130103.13042534703,-1329.264322916688,128773.86610243034,3151,1,582.0208333333334,39,9,21,36.84100810019739,0.6159188034188036,44.94791666666666,1020.2083333333318,26.159188034187995,0
3723,4,1,2,47,0.02040816326530612,0.04081632653061224,0.9591836734693877,49,1450,1100,350,0.7586206896551724,18,11,7,314.8458374754679,0.43872236394557823,0.2627184098162376,0.1797573526366923,130342.35161675327,-1592.3529730902983,128749.99864366297,3152,0,571.1224489795918,39,10,22,36.67595378965623,0.6183226495726497,44.71354166666666,1021.1458333333317,26.18322649572645,0
3724,4,2,2,47,0.04081632653061224,0.04081632653061224,0.9591836734693877,49,1250,700,550,0.56,18,7,11,309.49731013165774,0.4383680555555556,0.2515536993435781,0.17779786926298707,130581.79253472202,-1717.0572916666865,128864.73524305533,3153,0,567.3265306122449,39,10,12,36.57086560674005,0.6207264957264957,44.47916666666666,1022.0833333333317,26.207264957264915,0
3725,4,0,0,47,0.0,0.0,1.0,47,1400,1000,400,0.7142857142857143,18,10,8,325.0831844429059,0.43497533148319456,0.2538297415466999,0.1857561214663328,130374.54433094796,-923.4855917205259,129451.05873922743,3154,4,592.468085106383,37,10,24,36.38205926562166,0.6221846846846846,44.68201754385965,1021.2719298245612,27.601944049312465,0
3726,4,1,0,48,0.020833333333333332,0.0,1.0,48,1350,1000,350,0.7407407407407407,17,10,7,317.37287253948483,0.4339631353427896,0.25050523062291896,0.182573116711753,130635.03146701399,-1307.9969618055518,129327.03450520844,3155,0,581.1041666666666,39,9,15,36.31589226275389,0.6212606837606838,44.427083333333336,1022.2916666666675,26.21260683760686,0
3727,4,2,1,49,0.04,0.02,0.98,50,650,300,350,0.46153846153846156,10,3,7,306.97486022738445,0.4371683673469388,0.2536995059575706,0.1787310480613248,131099.43000637754,-1951.1541595805004,129148.27584679704,3156,0,558.82,41,9,18,36.11383560980335,0.6227134146341464,43.973214285714285,1024.1071428571427,24.978222996515676,0
3728,4,0,2,47,0.0,0.04081632653061224,0.9591836734693877,49,1200,800,400,0.6666666666666666,16,8,8,311.6380654147897,0.43516156462585037,0.2524647420747539,0.18096754063113182,130997.85175933782,-1635.216580845322,129362.63517849249,3157,1,571.2244897959183,41,8,18,36.09674306295828,0.6216971544715447,44.072420634920626,1023.7103174603161,24.968544328300393,0
3729,4,0,1,46,0.0,0.02127659574468085,0.9787234042553191,47,950,500,450,0.5263157894736842,14,5,9,323.26127944444227,0.43013798951588034,0.25314426580364446,0.18698894503553137,130848.09570312547,-940.3754340277353,129907.72026909773,3158,2,596.1489361702128,39,8,19,35.9503325867101,0.6233974358974357,44.21875000000002,1023.1250000000038,26.233974358974454,0
3730,4,1,1,46,0.02127659574468085,0.02127659574468085,0.9787234042553191,47,1200,800,400,0.6666666666666666,16,8,8,328.2284109870758,0.4274013259327783,0.2660260809883319,0.19081945993622568,131041.82287535544,-797.6701409544415,130244.152734401,3159,0,596.936170212766,40,7,20,35.62779156327546,0.6236979166666665,44.029471544715456,1023.8821138211395,25.597052845528488,0
3731,4,0,1,45,0.0,0.021739130434782608,0.9782608695652174,46,1350,1000,350,0.7407407407407407,17,10,7,333.08604505028654,0.4259460547504026,0.2671973353032506,0.19360749478410816,131034.66932508699,-470.83604600692394,130563.83327908006,3160,1,610.6304347826087,39,7,20,35.510669956251924,0.6252670940170939,44.03645833333334,1023.8541666666681,26.252670940170976,0
3732,4,0,0,45,0.0,0.0,1.0,45,1000,700,300,0.7,13,7,6,339.96001192980094,0.4247895622895623,0.2693195125627563,0.19756439019546895,131027.14913662431,-91.20176327707782,130935.94737334724,3161,2,624.1777777777778,38,7,20,35.342316254478426,0.6269188596491228,44.04380341880342,1023.8247863247864,26.9427575348628,0
3733,4,3,2,46,0.0625,0.041666666666666664,0.9583333333333334,48,1050,500,550,0.47619047619047616,16,5,11,324.40796167994233,0.4282746010638298,0.26818635410324054,0.19187971514970933,131702.08875868077,-1054.2682037698796,130647.82055491088,3162,0,586.1041666666666,39,9,18,35.06063527501523,0.6319444444444444,43.38541666666668,1026.458333333335,26.31944444444449,0
3734,4,0,0,46,0.0,0.0,1.0,46,900,600,300,0.6666666666666666,12,6,6,339.41770619825974,0.42619766505636075,0.27245508982035904,0.1993865821838017,131440.5393967374,-277.35072329948264,131163.18867343792,3163,1,612.5869565217391,37,9,21,34.93905047048759,0.632882882882883,43.64035087719298,1025.4385964912278,27.714556661925076,0
3735,4,2,0,48,0.041666666666666664,0.0,1.0,48,1200,600,600,0.5,18,6,12,328.39224439684466,0.4299830082742317,0.28310910104388354,0.19602215822526717,132049.81689453125,-927.1728515625009,131122.64404296875,3164,0,588.0208333333334,39,9,20,34.608733657646695,0.6354166666666666,43.046875,1027.8125,26.354166666666668,0
3736,4,0,1,47,0.0,0.020833333333333332,0.9791666666666666,48,1150,800,350,0.6956521739130435,15,8,7,325.21707635092895,0.429899896572104,0.22534671405672846,0.1867362876574421,130562.68376981514,-1057.9388899019154,129504.74487991323,3165,1,589.0208333333334,38,10,14,36.18849745626871,0.6222587719298246,44.49786324786324,1022.0085470085467,26.894961763382806,6
3737,4,0,1,46,0.0,0.02127659574468085,0.9787234042553191,47,1350,1000,350,0.7407407407407407,17,10,7,331.56884550783286,0.42688097440641376,0.23525438118037956,0.19069810898639888,130626.62459843411,-737.6561778624289,129888.96842057168,3166,2,602.3617021276596,37,10,14,35.96157799706817,0.6247184684684686,44.435307017543856,1022.2587719298243,27.62861545756282,0
3738,4,3,2,47,0.061224489795918366,0.04081632653061224,0.9591836734693877,49,1550,1000,550,0.6451612903225806,21,10,11,320.31761706567295,0.4311401643990929,0.22431360159425484,0.1864725954460301,131093.85456945244,-1401.665778471842,129692.1887909806,3167,0,578.204081632653,40,9,15,35.777843935033566,0.6242187500000002,43.97865853658535,1024.0853658536562,25.602134146341406,0
3739,4,0,1,46,0.0,0.02127659574468085,0.9787234042553191,47,1300,700,600,0.5384615384615384,19,7,12,330.4544707953572,0.42686170212765956,0.23442019166263162,0.1913599105972145,130890.45606874114,-749.3327215282532,130141.1233472129,3168,1,603.8085106382979,38,9,16,35.72357659915083,0.6255482456140351,44.17735042735042,1023.2905982905968,26.928699955015706,0
3740,4,0,0,46,0.0,0.0,1.0,46,1450,1200,250,0.8275862068965517,17,12,5,337.28075913315587,0.4253220611916264,0.2367424672335443,0.19517449125185685,130863.12601587025,-372.47710296589923,130490.64891290435,3169,2,617.804347826087,38,8,17,35.57655494065645,0.6252741228070176,44.20405982905982,1023.1837606837594,26.9258884390463,0
3741,4,0,0,46,0.0,0.0,1.0,46,900,600,300,0.6666666666666666,12,6,6,338.10839720234395,0.42510064412238324,0.23830452480679565,0.19620936121112395,130972.4633487653,-343.42206790125215,130629.04128086405,3170,3,618.804347826087,38,8,17,35.444934418815,0.6263706140350878,44.097222222222214,1023.6111111111102,26.937134502923954,0
3742,4,2,1,47,0.041666666666666664,0.020833333333333332,0.9791666666666666,48,700,400,300,0.5714285714285714,10,4,6,326.2003710903162,0.42705562943262415,0.23974644862900618,0.1915810095635208,131432.31232236087,-1025.3461894375196,130406.96613292335,3171,0,593.9791666666666,40,8,18,35.28617443012885,0.6276041666666667,43.64837398373983,1025.4065040650394,25.635162601625986,0
3743,4,0,0,47,0.0,0.0,1.0,47,1000,500,500,0.5,15,5,10,330.9286902613437,0.4256282762873882,0.2388823680723533,0.19423560514265972,131408.2153320311,-702.6502821180711,130705.56504991303,3172,1,607.6170212765958,39,8,19,35.189241931660405,0.6290064102564104,43.67187499999999,1025.3124999999989,26.290064102564074,0
3744,4,1,1,47,0.020833333333333332,0.020833333333333332,0.9791666666666666,48,1100,800,300,0.7272727272727273,14,8,6,323.83169577765796,0.42801603132387706,0.2349769733584237,0.19110044607054405,131614.73954202177,-1075.7951409544771,130538.94440106729,3173,0,595.9375,40,8,12,35.1632910765574,0.6294270833333334,43.470528455284544,1026.1178861788603,25.65294715447151,0
3745,4,0,0,47,0.0,0.0,1.0,47,1550,1000,550,0.6451612903225806,21,10,11,360.33360789988916,0.42570536540240517,0.2423246871831104,0.20010382512955538,129257.13320444766,-67.19896848780036,129189.93423595985,3174,3,609.6170212765958,37,10,19,36.61805405793975,0.6109234234234234,45.77850877192983,1016.8859649122818,27.483404457088696,8
3746,4,1,1,47,0.020833333333333332,0.020833333333333332,0.9791666666666666,48,1550,1000,550,0.6451612903225806,21,10,11,356.2045782912654,0.42745271867612294,0.24372442555870366,0.19958764466161397,129609.02829142021,-366.5341469427891,129242.49414447742,3175,0,597.8958333333334,38,10,16,36.364888259364186,0.6126644736842104,45.432692307692314,1018.2692307692315,26.79655870445346,0
3747,4,0,1,46,0.0,0.02127659574468085,0.9787234042553191,47,1250,900,350,0.72,16,9,7,368.06958722602553,0.42551264261486277,0.2525464315585655,0.20599916319431266,129563.94184989613,137.70931921360727,129701.65116910974,3176,5,611.6170212765958,37,10,16,36.10875516065339,0.6140202702702702,45.47697368421053,1018.0921052631579,27.516002844950215,0
3748,4,2,2,46,0.041666666666666664,0.041666666666666664,0.9583333333333334,48,1200,800,400,0.6666666666666666,16,8,8,356.01341771221774,0.43004765070921985,0.2631730567777082,0.20157200981499585,130017.3097468771,-342.41863905324726,129674.89110782386,3177,0,599.25,38,10,16,35.95485019903625,0.6167763157894737,45.032051282051285,1019.8717948717951,26.838731443994607,0
3749,4,0,0,46,0.0,0.0,1.0,46,1100,700,400,0.6363636363636364,15,7,8,370.3798821059111,0.4249597423510467,0.2692533196207241,0.20825523886961977,129745.78622118765,411.04580086846244,130156.83202205611,3178,7,626.304347826087,36,10,16,35.86478943296121,0.6177662037037036,45.298423423423436,1018.8063063063082,28.300175175175227,0
3750,4,1,1,46,0.02127659574468085,0.02127659574468085,0.9787234042553191,47,1600,1200,400,0.75,20,12,8,361.4890758119538,0.4281914893617021,0.2688186898893832,0.20495829547817898,130071.7957849368,3.906649499596142,130075.70243443639,3179,0,613.9574468085107,38,9,17,35.759888632872496,0.6173245614035088,44.97863247863248,1020.08547008547,26.84435447593342,0
3751,4,1,2,45,0.02127659574468085,0.0425531914893617,0.9574468085106383,47,1250,1000,250,0.8,15,10,5,357.88956453040976,0.42797949429540544,0.2722848652912204,0.20439258885098874,130353.74858276625,-68.99143752396694,130284.75714524229,3180,0,613.8297872340426,34,13,18,35.56554558172069,0.6280637254901962,44.70238095238094,1021.1904761904746,30.035014005602193,0
3752,4,0,0,45,0.0,0.0,1.0,45,1550,1300,250,0.8387096774193549,18,13,5,373.21205657612654,0.42676767676767674,0.2812580689465727,0.21352797296328616,130423.75299714335,735.1434164881377,131158.8964136315,3181,1,640.6222222222223,32,13,21,35.10326534816646,0.6334635416666665,44.633838383838395,1021.4646464646481,31.920770202020254,0
3753,4,0,0,45,0.0,0.0,1.0,45,1350,1100,250,0.8148148148148148,16,11,5,372.34644466226314,0.4268308080808081,0.27942599032657767,0.21369559546033134,130544.2186448723,721.5351367262728,131265.75378159856,3182,2,641.6222222222223,33,12,15,35.00307291042091,0.6322601010101009,44.515931372549026,1021.936274509805,30.967765894236514,0
3754,4,1,2,44,0.021739130434782608,0.043478260869565216,0.9565217391304348,46,1500,1200,300,0.8,18,12,6,367.44790962883917,0.42976046698872783,0.27214133217310343,0.21250655015815925,130840.48327664408,415.41241496599804,131255.8956916101,3183,0,628.6521739130435,34,12,15,34.82783531145761,0.6329656862745097,44.22619047619048,1023.0952380952389,30.09103641456585,0
3755,4,0,0,44,0.0,0.0,1.0,44,1000,600,400,0.6,14,6,8,384.60686436672984,0.42812940451021847,0.2892786561264826,0.2211489470108697,130617.28395061733,1247.2608024691465,131864.5447530865,3184,4,649.1590909090909,32,12,17,34.615602355072475,0.6354166666666666,44.44444444444445,1022.2222222222226,31.944444444444457,0
3756,4,1,2,43,0.022222222222222223,0.044444444444444446,0.9555555555555556,45,1300,1000,300,0.7692307692307693,16,10,6,374.95023781531415,0.43099747474747474,0.28454875663593193,0.21729420097124855,130920.2008392206,817.7120878988999,131737.9129271195,3185,0,635.7111111111111,33,12,17,34.55511814952302,0.6360479797979797,44.1482843137255,1023.4068627450989,31.012329174093907,0
3757,4,1,0,44,0.022727272727272728,0.0,1.0,44,950,300,650,0.3157894736842105,16,3,13,386.7860094195009,0.4281073819591261,0.2977878488737322,0.22389384430968826,130875.5484134272,1324.166220283641,132199.71463371083,3186,0,651.0,32,12,19,34.29762051661731,0.6380208333333334,44.19191919191919,1023.2323232323232,31.9760101010101,0
3758,4,0,0,44,0.0,0.0,1.0,44,900,500,400,0.5555555555555556,13,5,8,385.2370232100463,0.4279972692036646,0.290475068972478,0.2233713383505463,130940.15438475672,1288.5990587695208,132228.75344352625,3187,1,652.0,32,12,19,34.271681470515674,0.638671875,44.12878787878788,1023.484848484849,31.98390151515153,0
3759,4,0,0,44,0.0,0.0,1.0,44,1000,500,500,0.5,15,5,10,384.32927390935583,0.4280743481324876,0.29246123835469007,0.22340688760795457,131037.09323347114,1272.2781795225078,132309.37141299364,3188,2,653.0,32,12,19,34.1965717104452,0.6396484375,44.034090909090914,1023.8636363636368,31.99573863636365,0
3760,4,1,0,45,0.022222222222222223,0.0,1.0,45,1650,1100,550,0.6666666666666666,22,11,11,378.3982692975405,0.4286826599326599,0.30739502043849876,0.22309509229288774,131579.47063629364,957.8887927720032,132537.35942906563,3189,0,639.4666666666667,33,12,17,33.79917184265011,0.6426767676767677,43.50490196078431,1025.980392156862,31.090314913844306,0
3761,4,0,0,45,0.0,0.0,1.0,45,1050,700,350,0.6666666666666666,14,7,7,373.1190295437507,0.4286826599326599,0.2939199806599784,0.20321354387198481,128485.98082768646,623.8263228085362,129109.807150495,3190,1,640.4666666666667,33,12,17,37.08084028365365,0.6114267676767677,46.53799019607843,1013.8480392156862,30.722667855020795,8
3762,4,4,3,46,0.08163265306122448,0.061224489795918366,0.9387755102040817,49,850,600,250,0.7058823529411765,11,6,5,338.9440509143049,0.4352324263038549,0.2652379265816496,0.18862531255740855,129340.77222077918,-1032.1429430209585,128308.62927775823,3191,0,589.1020408163265,37,12,18,37.07679835435305,0.6117680180180181,45.69627192982455,1017.2149122806994,27.49229492650539,0
3763,4,1,0,47,0.02127659574468085,0.0,1.0,47,1500,1000,500,0.6666666666666666,20,10,10,357.1095454253529,0.43177613320999075,0.29109404163327923,0.19877364121237687,129348.5179424942,-161.68191122254137,129186.83603127167,3192,0,615.1489361702128,35,12,19,36.60695661243221,0.6157738095238093,45.68865740740742,1017.245370370372,29.064153439153486,0
3764,4,4,4,47,0.0784313725490196,0.0784313725490196,0.9215686274509804,51,1300,700,600,0.5384615384615384,19,7,12,330.0283092540263,0.4375326797385621,0.29248844786972916,0.18817127226918134,130289.8540799184,-1596.9135794542344,128692.94050046416,3193,0,567.8235294117648,38,13,19,36.341478303334725,0.619517543859649,44.764957264957275,1020.9401709401727,26.866846603688757,0
3765,4,1,0,48,0.020833333333333332,0.0,1.0,48,1300,700,600,0.5384615384615384,19,7,12,346.7007212288827,0.43423093971631205,0.3057181242638398,0.196232608215548,130004.05811216655,-585.4998579660344,129418.55825420051,3194,0,602.3125,36,12,20,36.20573836866903,0.6203703703703702,45.045045045045065,1019.8198198198224,28.3283283283284,0
3766,4,0,0,48,0.0,0.0,1.0,48,1500,1100,400,0.7333333333333333,19,11,8,348.35485214493923,0.4342494089834515,0.30790816326530557,0.198481252966303,130262.5868055559,-524.4791666666283,129738.10763888927,3195,1,603.3125,36,12,21,35.90136054421768,0.6229745370370369,44.791666666666686,1020.8333333333361,28.35648148148156,0
3767,4,0,0,48,0.0,0.0,1.0,48,1150,900,250,0.782608695652174,14,9,5,354.4206806322647,0.4345633865248227,0.30975243598459135,0.20286101992609393,130439.87509645062,-353.8821373456766,130085.99295910494,3196,2,604.3125,35,13,22,35.56679129843644,0.6267857142857143,44.61805555555556,1021.5277777777777,29.186507936507933,0
3768,4,1,0,49,0.02040816326530612,0.0,1.0,49,1050,600,450,0.5714285714285714,15,6,9,348.91877725409506,0.4354981575963719,0.3282258301482075,0.1936316926753055,129230.0128464612,-764.2421489620407,128465.77069749916,3197,0,592.9591836734694,36,13,21,36.93584560859451,0.6125578703703705,45.80518018018017,1016.7792792792783,28.24386886886884,4
3769,4,1,1,49,0.02,0.02,0.98,50,1350,1100,250,0.8148148148148148,16,11,5,342.9873290725327,0.4390986394557823,0.3240172413793101,0.19128139505968175,129424.43828870429,-1121.8115189288944,128302.6267697754,3198,0,582.08,37,13,18,36.88891882183907,0.6126126126126126,45.6140350877193,1017.5438596491233,27.501185395922253,1
3770,4,0,0,49,0.0,0.0,1.0,49,1150,600,550,0.5217391304347826,17,6,11,350.38444531876144,0.4386337868480725,0.328315451055879,0.195010640453751,129344.54038075256,-735.936992735956,128608.6033880166,3199,1,594.8571428571429,36,13,18,36.78203070223995,0.6137152777777777,45.69256756756758,1017.2297297297313,28.256381381381424,0
3771,4,3,4,48,0.057692307692307696,0.07692307692307693,0.9230769230769231,52,1200,800,400,0.6666666666666666,16,8,8,326.98651175598326,0.4421270110608346,0.3091948912160196,0.18494828968204838,129977.4491456806,-1899.82545938263,128077.62368629797,3200,0,561.4807692307693,40,12,18,36.735308285163775,0.6130208333333333,45.07113821138212,1019.7154471544725,25.492886178861813,0
3772,4,1,0,49,0.02040816326530612,0.0,1.0,49,1150,400,750,0.34782608695652173,19,4,15,347.9032131010717,0.43886408730158727,0.3269348648060797,0.19526724752240826,129675.59880203533,-777.0885031932792,128898.51029884204,3201,0,596.5510204081633,37,12,19,36.50857196684252,0.6151463963963963,45.367324561403514,1018.5307017543867,27.52785680417261,0
3773,4,1,1,49,0.02,0.02,0.98,50,1700,1200,500,0.7058823529411765,22,12,10,341.14704278731244,0.44056972789115645,0.3275356244761105,0.19288550807832422,129962.83512309169,-1132.7126251004295,128830.12249799127,3202,0,585.6,38,12,19,36.3891362810841,0.6162280701754386,45.08547008547009,1019.6581196581209,26.83310841205581,0
3774,4,0,0,49,0.0,0.0,1.0,49,1000,700,300,0.7,13,7,6,343.32667983344396,0.4385097789115646,0.32181546384284565,0.19380134440871488,129899.0569814753,-880.4376106109318,129018.61937086437,3203,2,598.5510204081633,37,12,20,36.39827811838945,0.6173986486486485,45.14802631578949,1019.4078947368439,27.551564722617403,0
3775,4,0,1,48,0.0,0.02040816326530612,0.9795918367346939,49,1750,1200,550,0.6857142857142857,23,12,11,340.86052624454607,0.4386337868480725,0.318773623606166,0.19323738425673484,130066.77685682155,-933.0739987303537,129133.7028580912,3204,3,599.5510204081633,37,12,20,36.29104858647748,0.6190878378378377,44.98355263157896,1020.065789473686,27.569345661450974,0
3776,4,1,0,49,0.02040816326530612,0.0,1.0,49,1300,800,500,0.6153846153846154,18,8,10,338.258477617689,0.4390058106575964,0.3097942105712579,0.19340616303977914,130398.9517130544,-978.2898221199343,129420.66189093447,3205,0,594.6938775510204,38,11,21,36.02096408647141,0.6206140350877192,44.658119658119666,1021.3675213675223,26.878092667566374,0
3777,4,0,0,49,0.0,0.0,1.0,49,950,600,350,0.631578947368421,13,6,7,340.7542898752663,0.4389880952380953,0.30508742239968223,0.19524465392912968,130480.80490037639,-907.6211967638047,129573.18370361258,3206,1,595.6938775510204,38,11,21,35.87437693889644,0.6214364035087718,44.57799145299146,1021.6880341880355,26.88652721547462,0
3778,4,1,1,49,0.02,0.02,0.98,50,1500,1000,500,0.6666666666666666,20,10,10,336.2502519920632,0.4404591836734694,0.3113029315960909,0.19477137238030867,130901.38888888912,-1196.8749999999768,129704.51388888915,3207,0,584.76,39,11,17,35.56426438653637,0.6239316239316238,44.16666666666668,1023.3333333333352,26.239316239316288,0
3779,4,0,0,49,0.0,0.0,1.0,49,1050,600,450,0.5714285714285714,15,6,9,345.7598413326549,0.43921839569161,0.32151808091657696,0.19993938650975251,130835.798816568,-752.446992110462,130083.35182445754,3208,1,597.6530612244898,38,11,17,35.387296365914786,0.625,44.230769230769226,1023.0769230769226,26.923076923076913,0
3780,4,0,1,48,0.0,0.02040816326530612,0.9795918367346939,49,1500,1300,200,0.8666666666666667,17,13,4,349.1440000407779,0.4391652494331066,0.3288947388598522,0.20275744293277173,130999.80481591064,-652.4408284023581,130347.36398750829,3209,2,598.6530612244898,38,11,17,35.13488833228973,0.6266447368421052,44.070512820512825,1023.7179487179492,26.939946018893398,0
3781,4,0,1,47,0.0,0.020833333333333332,0.9791666666666666,48,1250,1000,250,0.8,15,10,5,358.92968074386755,0.43793402777777773,0.3370812350441095,0.20793859158178238,130906.99932912046,-202.71850473222696,130704.28082438823,3210,3,611.9583333333334,37,11,17,34.97836976320583,0.6275337837837838,44.161184210526315,1023.3552631578943,27.658250355618765,0
3782,4,1,0,48,0.020833333333333332,0.0,1.0,48,1350,1000,350,0.7407407407407407,17,10,7,353.4940954105025,0.43813718971631205,0.32108691273938983,0.20720262398723807,131356.98356718215,-311.86380397344556,131045.1197632087,3211,0,606.5208333333334,36,12,19,34.662565454612036,0.6339699074074073,43.72184684684685,1025.1126126126135,28.475350350350375,0
3783,4,1,1,48,0.02040816326530612,0.02040816326530612,0.9795918367346939,49,1400,1000,400,0.7142857142857143,18,10,8,347.23499581442303,0.4393246882086168,0.31879304403958586,0.20488178378508018,131609.25116381963,-660.1324445983475,130949.11871922128,3212,0,595.1224489795918,37,12,16,34.568461922063115,0.6345720720720721,43.47587719298245,1026.0964912280701,27.73233760075865,0
3784,4,1,2,47,0.02040816326530612,0.04081632653061224,0.9591836734693877,49,1350,1000,350,0.7407407407407407,17,10,7,347.99865840451326,0.43884637188208614,0.32785148663758945,0.2060918051006617,131749.9269606995,-630.2404345567861,131119.6865261427,3213,0,596.1020408163265,37,12,17,34.40704101249598,0.6359797297297298,43.338815789473685,1026.6447368421057,27.747155049786638,0
3785,4,0,0,47,0.0,0.0,1.0,47,1450,1000,450,0.6896551724137931,19,10,9,363.0807286969515,0.4332793709528215,0.3339021492601788,0.21415240584820203,131595.18771701396,155.93532986111433,131751.1230468751,3214,3,622.1489361702128,35,12,18,34.176184433164124,0.6383928571428571,43.489583333333336,1026.0416666666672,29.315476190476204,0
3786,4,2,1,48,0.04081632653061224,0.02040816326530612,0.9795918367346939,49,1650,1200,450,0.7272727272727273,21,12,9,347.4939836772806,0.43633078231292516,0.3265567430557368,0.20717007729156953,132003.33275623262,-625.9272083718179,131377.4055478608,3215,0,597.7142857142857,37,12,19,34.16471048513302,0.6385135135135136,43.09210526315789,1027.6315789473679,27.773826458036968,0
3787,4,0,0,48,0.0,0.0,1.0,48,1000,400,600,0.4,16,4,12,356.76533155003415,0.43350140366430256,0.3370694563051524,0.2120671082462383,131890.67790089242,-189.19571406588406,131701.48218682653,3216,1,611.1666666666666,37,11,19,34.040083262169084,0.6373873873873874,43.201754385964904,1027.1929824561391,27.761972498814572,0
3788,4,0,0,48,0.0,0.0,1.0,48,1050,700,350,0.6666666666666666,14,7,7,355.0563979591409,0.4334090573286052,0.33443590837957027,0.21167866168403743,132003.33275623262,-226.27443059404,131777.0583256386,3217,2,612.1666666666666,37,11,19,33.97042609190496,0.6385135135135136,43.09210526315789,1027.6315789473679,27.773826458036968,0
3789,4,1,1,48,0.02040816326530612,0.02040816326530612,0.9795918367346939,49,1000,800,200,0.8,12,8,4,352.0347325056707,0.4359410430839002,0.3351765979781951,0.21147779916216553,132290.82031249988,-485.807291666683,131805.0130208332,3218,0,600.6530612244898,39,10,20,33.75860672336978,0.637820512820513,42.81249999999999,1028.749999999999,26.378205128205106,0
3790,4,0,0,48,0.0,0.0,1.0,48,1250,900,350,0.72,16,9,7,360.8851319581079,0.43303043735224583,0.34001890869800167,0.21618070526034203,132183.68055555536,-59.37500000001975,132124.30555555533,3219,4,614.1666666666666,39,9,20,33.638911399243646,0.6367521367521369,42.91666666666666,1028.3333333333317,26.367521367521324,0
3791,4,0,0,48,0.0,0.0,1.0,48,700,300,400,0.42857142857142855,11,3,8,359.42894651256864,0.43288268321513,0.33925376409425456,0.21561369488852355,132237.24500868033,-94.02126736113576,132143.2237413192,3220,5,615.1666666666666,39,9,20,33.622392140976295,0.637286324786325,42.86458333333332,1028.541666666665,26.372863247863204,0
3792,4,0,0,48,0.0,0.0,1.0,48,1450,1000,450,0.6896551724137931,19,10,9,358.85274795705857,0.43279033687943264,0.33853375527426177,0.2154207225578084,132264.03130425327,-107.33778211807535,132156.6935221352,3221,6,616.1666666666666,39,9,20,33.61023206751056,0.6375534188034189,42.83854166666666,1028.6458333333317,26.375534188034145,0
3793,4,0,1,47,0.0,0.020833333333333332,0.9791666666666666,48,900,400,500,0.4444444444444444,14,4,10,359.58071254064794,0.43261487884160754,0.34000776292696133,0.21601089519777592,132290.82031249988,-86.15451388890608,132204.66579861098,3222,7,617.1666666666666,39,9,20,33.5645335493452,0.637820512820513,42.81249999999999,1028.749999999999,26.378205128205106,0
3794,4,0,1,46,0.0,0.02127659574468085,0.9787234042553191,47,1300,800,500,0.6153846153846154,18,8,10,363.71682866462334,0.4329131976564909,0.3362908088551988,0.2191172114150291,132398.00347222216,231.11979166665674,132629.12326388882,3223,8,628.063829787234,37,10,20,33.3502024291498,0.642454954954955,42.70833333333333,1029.166666666666,27.8153153153153,0
3795,4,0,0,46,0.0,0.0,1.0,46,1950,1600,350,0.8205128205128205,23,16,7,367.8358526974031,0.4314915458937198,0.33424031966511203,0.2217691090800968,132426.97934420922,542.2781734437285,132969.25751765294,3224,9,640.6304347826087,36,10,20,33.21503464624362,0.6446759259259258,42.68018018018019,1029.2792792792804,28.591091091091123,0
3796,4,1,0,47,0.02127659574468085,0.0,1.0,47,1300,1000,300,0.7692307692307693,16,10,6,357.8469895880487,0.4333757323465927,0.3365866908103212,0.21786021386837173,132793.2633117883,103.93390273930896,132897.1972145276,3225,0,627.9787234042553,37,10,20,33.103723404255305,0.6463963963963963,42.324561403508774,1030.7017543859654,27.85680417259366,0
3797,4,0,0,47,0.0,0.0,1.0,47,1250,1100,150,0.88,14,11,3,356.9893418219149,0.43349136601911814,0.33327826147965256,0.21750206108022183,132821.5187004656,83.17330813327851,132904.69200859885,3226,1,628.9787234042553,37,10,20,33.09743201077899,0.6466779279279279,42.29714912280702,1030.8114035087724,27.859767662399253,0
3798,4,0,0,47,0.0,0.0,1.0,47,1250,900,350,0.72,16,9,7,357.4706252210564,0.43272047486894855,0.33600101338665644,0.2186195514193277,132962.8407298401,106.06196137274605,133068.90269121283,3227,2,629.9787234042553,37,10,21,32.943068254305764,0.6480855855855854,42.160087719298254,1031.3596491228082,27.874585111427248,0
3799,4,0,1,46,0.0,0.02127659574468085,0.9787234042553191,47,1700,1300,400,0.7647058823529411,21,13,8,356.75226871666854,0.4312943262411348,0.33494077776798026,0.21900819314367728,133104.23790252797,97.04776950602758,133201.285672034,3228,3,630.9787234042553,37,10,21,32.819639251939215,0.6494932432432431,42.02302631578949,1031.9078947368441,27.889402560455245,0
3800,4,0,0,46,0.0,0.0,1.0,46,1350,800,550,0.5925925925925926,19,8,11,360.3640784458502,0.43009259259259264,0.32343539237606,0.22139338814179765,133132.52635426284,395.23603416435765,133527.7623884272,3229,4,642.1739130434783,37,9,21,32.698062756764415,0.6497747747747746,41.99561403508772,1032.017543859649,27.892366050260787,0
3801,4,0,0,46,0.0,0.0,1.0,46,1300,800,500,0.6153846153846154,18,8,10,361.0270556669207,0.4296195652173913,0.31490340216467727,0.2224758348272072,133245.71021852878,421.06128808863537,133666.77150661743,3230,5,643.1739130434783,37,9,22,32.56734990087792,0.6509009009009008,41.8859649122807,1032.4561403508771,27.904220009483165,0
3802,4,0,0,46,0.0,0.0,1.0,46,1200,1000,200,0.8333333333333334,14,10,4,355.31118663741745,0.4288446054750403,0.3123156869712891,0.21978901439994172,133387.25767784324,278.7969615650986,133666.05463940834,3231,6,644.1739130434783,37,9,22,32.57295315430066,0.6523085585585585,41.74890350877193,1033.004385964913,27.91903745851116,0
3803,4,1,1,46,0.02127659574468085,0.02127659574468085,0.9787234042553191,47,1300,1000,300,0.7692307692307693,16,10,6,349.47975316427187,0.42903946962688866,0.3170641153791234,0.21879194630872484,133831.2596450617,-45.736882716052094,133785.52276234567,3232,0,631.4468085106383,38,9,17,32.27908277404921,0.6548793859649124,41.31944444444444,1034.7222222222222,27.22953216374269,0
3804,4,0,0,46,0.0,0.0,1.0,46,1350,1100,250,0.8148148148148148,16,11,5,356.8948472956976,0.4268216586151368,0.3241414760756618,0.22246366852912897,133670.5780264118,341.2681065327596,134011.84613294454,3233,8,646.1739130434783,37,9,23,32.24814883540097,0.6551238738738739,41.474780701754376,1034.100877192981,27.948672356567055,0
3805,4,0,0,46,0.0,0.0,1.0,46,1700,1200,500,0.7058823529411765,22,12,10,360.7413458776217,0.42618760064412237,0.3224944731024322,0.22642275964659206,133925.8233302553,462.51635118496336,134388.33968144027,3234,9,647.1739130434783,37,9,22,31.89309675141244,0.6576576576576577,41.22807017543859,1035.0877192982443,27.975343764817413,0
3806,4,0,0,46,0.0,0.0,1.0,46,1450,1300,150,0.896551724137931,16,13,3,358.5882089660031,0.4248691626409018,0.3165591140487345,0.22611643670846882,134096.12212411498,417.057652354553,134513.17977646954,3235,10,648.1739130434783,37,9,22,31.77844237419718,0.659346846846847,41.06359649122806,1035.7456140350866,27.99312470365099,0
3807,4,1,0,47,0.02127659574468085,0.0,1.0,47,750,400,350,0.5333333333333333,11,4,7,350.5149795870379,0.4251464693185322,0.31648716914279706,0.22260453939218655,134356.8741325149,18.819398787320353,134375.6935313022,3236,0,635.3617021276596,38,9,23,31.72703696070347,0.6600877192982457,40.8119658119658,1036.752136752135,27.282950967161444,0
3808,4,0,1,46,0.0,0.02127659574468085,0.9787234042553191,47,700,400,300,0.5714285714285714,10,4,6,354.74100852431167,0.42522355843354914,0.3161770507324515,0.22597281566627414,134467.66107823802,140.2387409598934,134607.89981919792,3237,1,636.3617021276596,38,9,23,31.50687577255871,0.6611842105263158,40.705128205128204,1037.179487179487,27.294197031039133,0
3809,4,0,0,46,0.0,0.0,1.0,46,1150,900,250,0.782608695652174,14,9,5,362.4955623122928,0.4223329307568438,0.32223387037445717,0.2303600831468442,134380.1939058172,542.4447907048352,134922.63869652204,3238,2,650.9347826086956,37,9,23,31.393207134799777,0.6621621621621622,40.78947368421053,1036.8421052631581,28.022759601706976,0
3810,4,0,0,46,0.0,0.0,1.0,46,1050,900,150,0.8571428571428571,12,9,3,365.9618393251723,0.4217592592592592,0.3311506897153833,0.23365255895376358,134550.78124999977,648.4148968913221,135199.1961468911,3239,3,651.9347826086956,34,12,23,31.13286479250335,0.6700367647058825,40.624999999999986,1037.4999999999982,30.51470588235289,0
3811,4,0,0,46,0.0,0.0,1.0,46,1650,1100,550,0.6666666666666666,22,11,11,365.7114251093486,0.4214774557165861,0.3356640393253669,0.2346850138615617,134736.1128826528,654.9071712017819,135391.02005385456,3240,4,652.9347826086956,34,12,23,30.954257921492186,0.6718750000000002,40.446428571428555,1038.2142857142835,30.53571428571422,0
3812,4,0,0,46,0.0,0.0,1.0,46,1500,1100,400,0.7333333333333333,19,11,8,376.1160714285712,0.42144726247987113,0.3432065217391298,0.2393465909090909,134430.72702331975,912.3113854595476,135343.0384087793,3241,5,653.9347826086956,35,11,20,30.98958333333334,0.6666666666666665,40.74074074074075,1037.037037037038,29.629629629629658,1
3813,4,0,0,46,0.0,0.0,1.0,46,850,500,350,0.5882352941176471,12,5,7,374.96151440305607,0.42153784219001605,0.3423312615536891,0.23880811162514465,134460.73555652009,883.5202064043247,135344.2557629244,3242,6,654.9347826086956,35,11,20,30.98949614998327,0.6669642857142857,40.71180555555556,1037.1527777777778,29.63293650793651,0
3814,4,0,0,46,0.0,0.0,1.0,46,1100,900,200,0.8181818181818182,13,9,4,373.4150568623986,0.4209037842190016,0.3438304367779397,0.2386133163938905,134581.66099773243,850.9938596387628,135432.65485737118,3243,7,655.9347826086956,34,12,20,30.908673703533733,0.670343137254902,40.595238095238095,1037.6190476190475,30.51820728291316,0
3815,4,0,0,46,0.0,0.0,1.0,46,1050,600,450,0.5714285714285714,15,6,9,371.7198367920024,0.42080314009661834,0.34371681673382115,0.23791661502597322,134640.8570842978,809.7354841820959,135450.59256847991,3244,8,656.9347826086956,35,11,20,30.893484442957515,0.66875,40.53819444444444,1037.847222222222,29.65277777777777,0
3816,4,0,0,46,0.0,0.0,1.0,46,1100,800,300,0.7272727272727273,14,8,6,371.85640145692787,0.4206723027375201,0.34633059766247976,0.23839743135576746,134700.92438539525,817.8802029749693,135518.80458837023,3245,9,657.9347826086956,35,11,21,30.829918794365778,0.669345238095238,40.480324074074076,1038.078703703704,29.659391534391542,0
3817,4,0,0,46,0.0,0.0,1.0,46,900,700,200,0.7777777777777778,11,7,4,374.2460071448321,0.4205515297906602,0.3475450192870573,0.24052544241428614,134791.05045438957,889.0024862825804,135680.05294067215,3246,10,658.9347826086956,35,11,17,30.677849606182196,0.6702380952380952,40.39351851851852,1038.4259259259259,29.669312169312168,0
3818,4,0,0,46,0.0,0.0,1.0,46,1200,800,400,0.6666666666666666,16,8,8,346.7161539906,0.42007850241545897,0.2879998490665703,0.22225518132721525,134696.8653619838,142.94142271652998,134839.80678470034,3247,11,659.9347826086956,36,10,19,31.486403413611043,0.6672453703703702,40.48423423423424,1038.0630630630646,28.83508508508513,2
3819,4,0,1,45,0.0,0.021739130434782608,0.9782608695652174,46,1600,1200,400,0.75,20,12,8,328.0259284803079,0.4199174718196457,0.25759254130896325,0.2027561841394029,133358.94217451525,-444.4688549446342,132914.47331957062,3248,12,660.9347826086956,37,9,20,33.3059094125973,0.652027027027027,41.776315789473685,1032.8947368421054,27.916073968705554,5
3820,4,0,0,45,0.0,0.0,1.0,45,850,400,450,0.47058823529411764,13,4,9,333.4100506359175,0.4194023569023569,0.2640636928781761,0.20558417984403016,133268.65875588427,-113.37794720395954,133155.2808086803,3249,34,676.3555555555556,36,9,21,33.257216344930384,0.6530671296296295,41.86373873873874,1032.545045045045,28.681806806806808,0
3821,4,0,0,45,0.0,0.0,1.0,45,1500,1200,300,0.8,18,12,6,334.1608863413483,0.41803451178451173,0.2590288834636565,0.20670582470268184,133387.2576778432,-85.43914954601254,133301.8185282972,3250,35,677.3555555555556,37,8,21,33.11916197855854,0.6523085585585585,41.74890350877193,1033.0043859649127,27.919037458511152,0
3822,4,0,0,45,0.0,0.0,1.0,45,1150,700,450,0.6086956521739131,16,7,9,330.0598335067636,0.41788720538720536,0.2525089605734765,0.20463709677419373,133472.22222222245,-189.23611111108832,133282.98611111136,3251,36,678.3555555555556,38,7,21,33.140120967741936,0.6513157894736841,41.66666666666668,1033.333333333335,27.192982456140395,0
3823,4,0,0,45,0.0,0.0,1.0,45,1600,900,700,0.5625,23,9,14,329.3692184906766,0.41710858585858585,0.2579559412703334,0.2052778278023992,133665.49014034995,-194.94039465993632,133470.54974569002,3252,37,679.3555555555556,38,7,23,32.964837965354555,0.6532346491228069,41.47970085470086,1034.081196581197,27.212663067926236,0
3824,4,0,0,45,0.0,0.0,1.0,45,1450,1200,250,0.8275862068965517,17,12,5,329.51269449578524,0.41683501683501684,0.25636470061632766,0.20567455805375234,133720.73522764642,-187.46404503614548,133533.27118261027,3253,38,680.3555555555556,38,7,19,32.90594979857455,0.653782894736842,41.42628205128206,1034.2948717948727,27.21828609986507,0
3825,4,0,0,45,0.0,0.0,1.0,45,850,500,350,0.5882352941176471,12,5,7,329.17708894754537,0.41660353535353534,0.25764835467437686,0.20592706262067373,133803.62426035505,-190.9824950690327,133612.641765286,3254,39,681.3555555555556,38,7,20,32.8318618339529,0.6546052631578947,41.34615384615385,1034.6153846153848,27.226720647773284,0
3826,4,0,0,45,0.0,0.0,1.0,45,1100,900,200,0.8181818181818182,13,9,4,328.92484352385264,0.4150673400673401,0.2594977640178884,0.20669790750623412,133969.47937212346,-186.8219921104648,133782.657380013,3255,40,682.3555555555556,38,7,20,32.672858617131055,0.65625,41.18589743589743,1035.2564102564093,27.243589743589716,0
3827,4,0,0,45,0.0,0.0,1.0,45,700,500,200,0.7142857142857143,9,5,4,331.65825048790066,0.4150673400673401,0.24646099824429446,0.19486021878798393,131446.78605109727,-257.8552401157598,131188.93081098152,3256,41,683.3555555555556,35,10,22,35.1316779533484,0.6369047619047619,43.63425925925925,1025.462962962962,29.29894179894177,5
3828,4,1,1,45,0.021739130434782608,0.021739130434782608,0.9782608695652174,46,1500,1000,500,0.6666666666666666,20,10,10,322.3709126245649,0.41838768115942027,0.23565389072492393,0.19097177455478614,131761.3363997443,-704.795547236426,131056.54085250787,3257,0,669.4782608695652,36,10,19,35.053334430185366,0.6380208333333335,43.3277027027027,1026.689189189189,28.519144144144136,0
3829,4,0,0,45,0.0,0.0,1.0,45,1300,900,400,0.6923076923076923,17,9,8,328.5058959145541,0.414793771043771,0.24163220292252618,0.19391033776154668,131624.87809713616,-352.0902992112822,131272.7877979249,3258,43,685.3555555555556,35,10,19,35.03317918640499,0.6386904761904764,43.46064814814813,1026.157407407405,29.318783068782995,0
3830,4,0,0,45,0.0,0.0,1.0,45,950,300,650,0.3157894736842105,16,3,13,328.88243134966655,0.4147306397306398,0.2438053707254122,0.19428384535492915,131654.57182623856,-340.22486389749156,131314.34696234108,3259,44,686.3555555555556,35,10,19,34.99363275816699,0.6389880952380953,43.43171296296295,1026.2731481481458,29.32208994708988,0
3831,4,0,0,45,0.0,0.0,1.0,45,1200,600,600,0.5,18,6,12,328.947698793787,0.41384680134680135,0.24905225441926304,0.19462555974663742,131713.9693313827,-334.598577889255,131379.37075349342,3260,45,687.3555555555556,35,10,19,34.93218419964671,0.6395833333333334,43.37384259259258,1026.5046296296282,29.328703703703663,0
3832,4,0,0,45,0.0,0.0,1.0,45,1250,900,350,0.72,16,9,7,327.1073324320491,0.4134680134680135,0.2479511642358443,0.19407233340584606,131819.1518165124,-376.1977771690716,131442.95403934334,3261,46,688.3555555555556,36,9,20,34.87361552801841,0.6385995370370372,43.27139639639639,1026.9144144144138,28.525400400400386,0
3833,4,0,0,45,0.0,0.0,1.0,45,850,600,250,0.7058823529411765,11,6,5,326.81891804577015,0.4131734006734007,0.2466268146883006,0.19426647362009983,131890.67790089245,-379.12626962143804,131511.55163127102,3262,47,689.3555555555556,37,8,20,34.80910190720181,0.6373873873873874,43.201754385964904,1027.1929824561394,27.76197249881458,0
3834,4,0,0,45,0.0,0.0,1.0,45,1200,1100,100,0.9166666666666666,13,11,2,328.0947470412044,0.4130260942760943,0.2528287570541088,0.19560457819784757,132003.33275623253,-338.07998614960843,131665.2527700829,3263,48,690.3555555555556,37,8,21,34.66309218950063,0.6385135135135136,43.09210526315788,1027.631578947367,27.773826458036943,0
3835,4,0,0,45,0.0,0.0,1.0,45,1400,1000,400,0.7142857142857143,18,10,8,327.5837153024504,0.41308922558922556,0.2503792188092542,0.19588169098697497,132116.03570329296,-344.1876346568482,131771.8480686361,3264,49,691.3555555555556,37,8,21,34.562979948805484,0.6396396396396398,42.98245614035086,1028.0701754385937,27.78568041725929,0
3836,4,0,1,44,0.0,0.022222222222222223,0.9777777777777777,45,500,300,200,0.6,7,3,4,321.83310141069927,0.41308922558922556,0.23174535355693293,0.1904552146274947,131721.78578985838,-521.2132579255149,131200.57253193285,3265,50,692.3555555555556,37,8,18,35.106903795485294,0.6356981981981982,43.36622807017544,1026.535087719298,27.744191559981026,1
3837,4,2,1,45,0.043478260869565216,0.021739130434782608,0.9782608695652174,46,1050,900,150,0.8571428571428571,12,9,3,308.63383281393055,0.41542874396135265,0.22239968553601241,0.18458566644925117,132123.26189139087,-1044.4582557162623,131078.80363567462,3266,0,671.0434782608696,38,8,20,35.04277945200737,0.6378837719298245,42.97542735042735,1028.0982905982905,27.055218173639226,0
3838,4,0,0,45,0.0,0.0,1.0,45,1250,1000,250,0.8,15,10,5,312.1432689955618,0.4138047138047138,0.2192643155100491,0.18664893431775428,132116.03570329325,-752.1737457679418,131363.8619575253,3267,1,686.9555555555555,37,8,22,34.95982650739475,0.6396396396396398,42.98245614035087,1028.070175438596,27.78568041725935,0
3839,4,0,0,45,0.0,0.0,1.0,45,900,600,300,0.6666666666666666,12,6,6,312.1607921404253,0.41311026936026934,0.21987206823027794,0.1872166387645259,132228.78674207424,-744.6714373653634,131484.1153047089,3268,2,687.9555555555555,37,8,23,34.84630419331914,0.6407657657657658,42.87280701754385,1028.5087719298226,27.797534376481693,0
3840,4,0,0,45,0.0,0.0,1.0,45,1400,1000,400,0.7142857142857143,18,10,8,312.90465341179186,0.41197390572390574,0.23067926225821012,0.188505974128567,132398.00347222202,-714.4097222222453,131683.59374999977,3269,3,688.9555555555555,37,8,24,34.65755735492578,0.642454954954955,42.70833333333332,1029.166666666665,27.815315315315267,0
3841,4,0,0,45,0.0,0.0,1.0,45,1300,1000,300,0.7692307692307693,16,10,6,311.80604715809585,0.41148989898989896,0.22199032170281274,0.18854929741543308,132539.10007165652,-734.7014225531046,131804.39864910342,3270,4,689.9555555555555,37,8,24,34.5444885173748,0.6438626126126127,42.571271929824555,1029.7149122807007,27.83013276434326,0
3842,4,0,1,44,0.0,0.022222222222222223,0.9777777777777777,45,900,600,300,0.6666666666666666,12,6,6,331.45758453879057,0.41148989898989896,0.2360610715449425,0.187930939262255,130071.7957849369,-377.34335050039067,129694.4524344365,3271,5,690.9555555555555,38,7,18,36.525755830191315,0.6173245614035088,44.978632478632484,1020.0854700854708,26.844354475933443,5
3843,4,2,1,45,0.043478260869565216,0.021739130434782608,0.9782608695652174,46,1650,1300,350,0.7878787878787878,20,13,7,328.17581585689106,0.4160829307568438,0.24567809172176092,0.1879052186361433,130453.51765103363,-637.5222578347626,129815.99539319887,3272,0,676.7826086956521,38,8,20,36.22324478839851,0.6211622807017544,44.60470085470085,1021.5811965811963,26.883715699505167,0
3844,4,0,0,45,0.0,0.0,1.0,45,1500,900,600,0.6,21,9,12,337.4995470313634,0.41430976430976435,0.25295036424985984,0.1935482017714015,130514.55886667041,-190.27910030010773,130324.27976637031,3273,1,692.8222222222222,37,8,15,35.92335998139999,0.6235923423423424,44.54495614035087,1021.8201754385957,27.616761498340423,0
3845,4,0,1,44,0.0,0.022222222222222223,0.9777777777777777,45,1350,1100,250,0.8148148148148148,16,11,5,337.2173664314231,0.41487794612794615,0.24905669372042794,0.1939467925502873,130626.62459843411,-190.08673341798232,130436.53786501613,3274,2,693.8222222222222,37,8,16,35.817221745503936,0.6247184684684685,44.435307017543856,1022.2587719298243,27.62861545756282,0
3846,4,0,0,44,0.0,0.0,1.0,44,1000,700,300,0.7,13,7,6,343.8489938836844,0.4103461945031712,0.2527995913297807,0.19751730813217228,130578.91506371248,179.88571341613317,130758.80077712862,3275,60,710.5454545454545,36,8,17,35.69602064051711,0.6261574074074073,44.48198198198199,1022.0720720720731,28.39089089089092,0
3847,4,0,1,43,0.0,0.022727272727272728,0.9772727272727273,44,1300,900,400,0.6923076923076923,17,9,8,343.4291477756077,0.41018102536997886,0.2454710598220453,0.19830686263482797,130780.41459956573,182.76126633389663,130963.17586589963,3276,61,711.5454545454545,36,8,18,35.50290836360967,0.6281828703703705,44.284909909909906,1022.86036036036,28.412787787787778,0
3848,4,1,0,44,0.022727272727272728,0.0,1.0,44,800,500,300,0.625,11,5,6,347.1113993940859,0.41259249471458775,0.25771822480829454,0.20193755308320027,131068.54056336729,299.0769062981776,131367.61746966548,3277,0,708.3181818181819,36,8,19,35.11744382125444,0.631076388888889,44.00337837837837,1023.9864864864855,28.444069069069045,0
3849,4,0,0,44,0.0,0.0,1.0,44,1200,800,400,0.6666666666666666,16,8,8,351.17803712971266,0.4124163143058492,0.25624953736504263,0.20357906845611218,130931.84700963738,396.59141094350974,131328.43842058087,3278,1,709.3181818181819,34,10,17,35.15155480594006,0.6338848039215685,44.13690476190477,1023.4523809523824,30.10154061624654,3
3850,4,1,0,45,0.022222222222222223,0.0,1.0,45,1250,1000,250,0.8,15,10,5,342.71928085134516,0.41430976430976435,0.25275519421860904,0.2007355787843594,131328.12500000012,1.736111111125524,131329.86111111124,3279,0,694.5333333333333,36,9,18,34.96781842818428,0.6336805555555556,43.75000000000001,1025.000000000001,28.472222222222246,0
3851,4,1,0,46,0.021739130434782608,0.0,1.0,46,1350,1000,350,0.7407407407407407,17,10,7,334.4468980616424,0.4177435587761675,0.24030841721996143,0.18349383866625243,128778.125,-581.7708333333333,128196.35416666667,3280,0,680.4130434782609,39,7,18,37.76340996168582,0.6025641025641026,46.25,1015.0,26.025641025641026,8
3852,4,1,1,46,0.02127659574468085,0.02127659574468085,0.9787234042553191,47,900,700,200,0.7777777777777778,11,7,4,329.85926855511804,0.42050185013876046,0.23427449127891475,0.18232519769389882,129072.2714344142,-884.8629907792824,128187.40844363492,3281,0,666.9148936170212,40,7,18,37.58063306330632,0.6039062499999999,45.960365853658544,1016.1585365853672,25.40396341463418,0
3853,4,1,3,44,0.02127659574468085,0.06382978723404255,0.9361702127659575,47,1150,800,350,0.6956521739130435,15,8,7,326.84426889271515,0.42003931544865863,0.23171263513317064,0.18101872319323023,129150.96391565882,-957.549524439409,128193.41439121941,3282,0,667.8936170212766,41,6,18,37.5772659249138,0.603150406504065,45.882936507936506,1016.4682539682537,24.791908633372042,0
3854,4,1,1,44,0.022222222222222223,0.022222222222222223,0.9777777777777777,45,1500,1200,300,0.8,18,12,6,338.5493456131271,0.4152988215488216,0.23629925652673855,0.18761516546499196,129174.91455078125,-253.58344184027814,128921.33110894097,3283,0,689.8,39,6,18,37.25546077125388,0.6065705128205128,45.859375,1016.5625,26.065705128205128,0
3855,4,1,0,45,0.022222222222222223,0.0,1.0,45,1250,800,450,0.64,17,8,9,339.413054200646,0.41645622895622897,0.2438720647579362,0.18915397777344115,129396.54659366346,-216.21915817847332,129180.32743548499,3284,0,690.7777777777778,37,8,20,37.00818604734705,0.612331081081081,45.641447368421055,1017.434210526316,27.498221906116648,0
3856,4,2,3,44,0.0425531914893617,0.06382978723404255,0.9361702127659575,47,800,400,400,0.5,12,4,8,329.71483626302336,0.4200007708911502,0.2321434255170618,0.1856288974289351,129796.16057117113,-840.8560339414485,128955.30453722968,3285,0,662.3404255319149,40,7,16,36.84946477843157,0.6111979166666668,45.24898373983739,1019.0040650406494,25.475101626016233,0
3857,4,0,0,44,0.0,0.0,1.0,44,1400,1100,300,0.7857142857142857,17,11,6,351.357692874456,0.41315406976744184,0.23870555226843293,0.19619187469648672,129473.0771513622,298.2723354517975,129771.349486814,3286,6,708.4772727272727,38,6,16,36.62651340191755,0.6112938596491229,45.566239316239304,1017.7350427350411,26.782501124606345,0
3858,4,1,0,45,0.022222222222222223,0.0,1.0,45,1100,500,600,0.45454545454545453,17,5,12,338.70440434062607,0.4156144781144781,0.23228854365403873,0.1908919292666292,129837.58680555546,-204.68750000000963,129632.89930555545,3287,0,693.7111111111111,39,6,17,36.578427364404455,0.6132478632478633,45.20833333333333,1019.1666666666658,26.132478632478612,0
3859,4,0,0,45,0.0,0.0,1.0,45,1100,600,500,0.5454545454545454,16,6,10,337.89253170386297,0.41504629629629625,0.22567734758969804,0.1910820330935365,129970.3247070314,-216.7995876735957,129753.5251193578,3288,1,694.7111111111111,39,6,18,36.46450522695544,0.6145833333333333,45.07812500000001,1019.6875000000011,26.145833333333364,0
3860,4,0,0,45,0.0,0.0,1.0,45,1250,700,550,0.56,18,7,11,337.2020285222942,0.4146254208754209,0.22905633834774108,0.19134163773739044,130103.1304253476,-225.79210069440566,129877.33832465319,3289,2,695.7111111111111,39,6,18,36.34750867878292,0.6159188034188032,44.947916666666686,1020.2083333333363,26.159188034188112,0
3861,4,0,0,45,0.0,0.0,1.0,45,850,500,350,0.5882352941176471,12,5,7,332.9666369545777,0.4147516835016835,0.2228163871596871,0.18958396720034348,130236.00396050367,-327.15115017359176,129908.85281033008,3290,3,696.7111111111111,39,6,18,36.3209893866721,0.6172542735042734,44.81770833333334,1020.7291666666682,26.172542735042775,0
3862,4,0,0,45,0.0,0.0,1.0,45,1600,1100,500,0.6875,21,11,10,328.8943778404756,0.4145412457912458,0.21312972841055666,0.18818426969077143,130426.23325525982,-420.70631921329334,130005.52693604653,3291,4,697.7111111111111,38,7,18,36.23248091203848,0.6208881578947367,44.63141025641026,1021.47435897436,26.88090418353579,0
3863,4,1,0,46,0.021739130434782608,0.0,1.0,46,1350,900,450,0.6666666666666666,18,9,9,320.2894479912258,0.41683776167471814,0.21647250007748942,0.1848866601896443,130768.17626953138,-823.266601562485,129944.9096679689,3292,0,683.5217391304348,39,7,17,36.106973724411844,0.6225961538461537,44.29687500000001,1022.812500000001,26.225961538461565,0
3864,4,0,0,46,0.0,0.0,1.0,46,950,500,450,0.5263157894736842,14,5,9,321.8020761223009,0.41693840579710145,0.21749089315669923,0.1862735293900627,130874.74093967021,-776.8473307291619,130097.89360894106,3293,1,684.5217391304348,39,7,17,35.96077657877768,0.62366452991453,44.192708333333336,1023.2291666666673,26.236645299145316,0
3865,4,0,0,46,0.0,0.0,1.0,46,750,600,150,0.8,9,6,3,322.1749574293132,0.41679750402576493,0.21463657484234955,0.18674743107628333,130928.03955078125,-763.6528862847217,130164.38666449653,3294,2,685.5217391304348,39,7,17,35.897476675148425,0.6241987179487181,44.140625,1023.4375,26.24198717948718,0
3866,4,0,0,46,0.0,0.0,1.0,46,950,700,250,0.7368421052631579,12,7,5,319.7770321691596,0.4161533816425121,0.21297979328919614,0.1861295443016583,131088.00048828125,-816.213650173612,130271.78683810764,3295,3,686.5217391304348,39,7,18,35.79758332485674,0.6258012820512822,43.984375,1024.0625,26.25801282051282,0
3867,4,0,1,45,0.0,0.021739130434782608,0.9782608695652174,46,1350,800,550,0.5925925925925926,19,8,11,322.22086748868537,0.41688808373590985,0.21332895303260324,0.18886433864104657,131355.50356353621,-734.6834119063631,130620.82015162986,3296,4,687.5217391304348,38,8,20,35.46552023623415,0.6302083333333335,43.72329059829059,1025.106837606836,26.976495726495685,0
3868,4,0,1,44,0.0,0.022222222222222223,0.9777777777777777,45,1500,900,600,0.6,21,9,12,330.0189310532185,0.4139309764309764,0.21429352346999364,0.19358074061151778,131384.32618690372,-328.1370229301275,131056.1891639736,3297,5,703.6,37,8,20,35.23663101604278,0.6323198198198199,43.69517543859649,1025.2192982456145,27.708629682313905,0
3869,4,1,1,44,0.022222222222222223,0.022222222222222223,0.9777777777777777,45,1050,800,250,0.7619047619047619,13,8,5,327.4009988446186,0.4177819865319865,0.20803762291577566,0.19289444239233308,131553.00188519535,-385.8831563558158,131167.11872883953,3298,0,702.3555555555556,37,8,21,35.13387131252671,0.6340090090090091,43.53070175438596,1025.8771929824554,27.726410621147444,0
3870,4,0,1,43,0.0,0.022727272727272728,0.9772727272727273,44,900,600,300,0.6666666666666666,12,6,6,332.9029707895522,0.4136826109936575,0.21349060559471278,0.19557512593610746,131443.57829112903,-48.408459134801916,131395.16983199422,3299,7,719.3181818181819,36,8,21,35.10299985357641,0.6348379629629629,43.63738738738739,1025.450450450451,28.484734734734747,0
3871,4,0,0,43,0.0,0.0,1.0,43,900,700,200,0.7777777777777778,11,7,4,336.15368209745236,0.41223698781838314,0.20015827227937577,0.19808279714798144,131559.0823086601,244.813986283584,131803.89629494367,3300,8,725.8372093023256,36,7,17,34.90326564215146,0.6359953703703705,43.52477477477478,1025.9009009009014,28.497247247247262,0
3872,4,1,0,44,0.022727272727272728,0.0,1.0,44,800,600,200,0.75,10,6,4,337.971659362782,0.4147837385482734,0.17738098629668664,0.19502125949848767,130753.83434007224,52.02833495776849,130805.86267503,3301,0,710.3181818181819,38,6,20,35.6693304084404,0.6241776315789473,44.31089743589743,1022.7564102564096,26.914642375168672,3
3873,4,0,0,44,0.0,0.0,1.0,44,1100,800,300,0.7272727272727273,14,8,6,337.13473847526103,0.4143432875264271,0.17338801549327876,0.1949518270313463,130835.79881656785,21.858563445078516,130857.65738001293,3302,1,711.3181818181819,38,6,20,35.60789995822889,0.6250000000000002,44.23076923076922,1023.0769230769215,26.92307692307688,0
3874,4,1,1,44,0.022222222222222223,0.022222222222222223,0.9777777777777777,45,1350,800,550,0.5925925925925926,19,8,11,330.04102358026853,0.417003367003367,0.16901185592061396,0.19210380715320408,131088.0004882811,-347.11642795140426,130740.8840603297,3303,0,696.4888888888889,39,6,20,35.534809107245785,0.6258012820512822,43.98437499999999,1024.0624999999989,26.258012820512793,0
3875,4,0,0,44,0.0,0.0,1.0,44,1050,900,150,0.8571428571428571,12,9,3,337.11423148228266,0.41501497533474274,0.1721043542617493,0.19563243197042696,130972.46334876529,30.536265432081677,131002.99961419737,3304,3,713.3181818181819,38,6,22,35.470375395748505,0.6263706140350878,44.097222222222214,1023.6111111111101,26.93713450292395,0
3876,4,0,0,44,0.0,0.0,1.0,44,1000,700,300,0.7,13,7,6,336.9787595513898,0.41483879492600423,0.1718502461745708,0.19583186493517057,131027.14913662407,30.673236722890238,131057.82237334695,3305,4,714.3181818181819,38,6,22,35.41862325646109,0.6269188596491229,44.04380341880341,1023.8247863247844,26.94275753486275,0
3877,4,0,0,44,0.0,0.0,1.0,44,1300,900,400,0.6923076923076923,17,9,8,337.6463226091439,0.4147837385482734,0.16724030037546944,0.19691927866036904,131163.91354372093,57.40261341219468,131221.31615713311,3306,5,715.3181818181819,38,6,22,35.26348039215685,0.6282894736842106,43.910256410256395,1024.358974358972,26.95681511470979,0
3878,4,3,1,46,0.06382978723404255,0.02127659574468085,0.9787234042553191,47,1100,700,400,0.6363636363636364,15,7,8,320.2829979065592,0.41963459759481964,0.17706796427734783,0.19036797705651606,131887.9962285838,-951.7034360040539,130936.29279257974,3307,0,670.5957446808511,41,6,21,34.97963749919517,0.630589430894309,43.20436507936507,1027.182539682538,25.053232675183853,0
3879,4,0,0,46,0.0,0.0,1.0,46,1450,1000,450,0.6896551724137931,19,10,9,323.54945510842373,0.41866948470209336,0.15946092098206166,0.18548782028980318,130501.95448133699,-753.2643674512392,129748.69011388575,3308,1,686.1739130434783,39,7,17,36.29245675739968,0.6199252136752136,44.55729166666668,1021.7708333333348,26.199252136752175,6
3880,4,1,1,46,0.02127659574468085,0.02127659574468085,0.9787234042553191,47,1300,1000,300,0.7692307692307693,16,10,6,321.0975285679204,0.4194804193647857,0.17116768813762717,0.18617001785880977,130937.79047070199,-991.2398167426777,129946.55065395932,3309,0,672.5531914893617,40,7,19,35.91521033991991,0.62265625,44.13109756097561,1023.4756097560978,25.586890243902445,0
3881,4,1,2,45,0.02127659574468085,0.0425531914893617,0.9574468085106383,47,800,500,300,0.625,11,5,6,320.6486987774767,0.42129201356768425,0.1726239867910715,0.18666533434896762,131093.8545694526,-992.9852229162583,130100.86934653635,3310,0,670.7872340425532,40,7,19,35.76936753663459,0.62421875,43.978658536585364,1024.0853658536578,25.602134146341445,0
3882,4,1,0,46,0.021739130434782608,0.0,1.0,46,1100,900,200,0.8181818181818182,13,9,4,325.909918785289,0.4205414653784219,0.18201100442334694,0.18947157713570623,131041.8228753554,-658.4340298433308,130383.38884551206,3311,0,686.2826086956521,40,6,20,35.687138130686535,0.6236979166666666,44.029471544715456,1023.8821138211391,25.597052845528477,0
3883,4,0,0,46,0.0,0.0,1.0,46,1250,700,550,0.56,18,7,11,324.26473626318983,0.42046095008051526,0.17296205086624372,0.1892827334261274,131197.9489411892,-691.4263376627569,130506.52260352645,3312,1,687.2826086956521,40,6,20,35.571867870250955,0.6252604166666667,43.87703252032521,1024.4918699187,25.612296747967502,0
3884,4,0,0,46,0.0,0.0,1.0,46,800,500,300,0.625,11,5,6,320.6226434512591,0.42017914653784216,0.1723689268057771,0.18792420692101505,131354.81906467027,-776.8695872398232,130577.94947743045,3313,2,688.2826086956521,39,7,21,35.50716814009417,0.6284722222222222,43.72395833333334,1025.1041666666679,26.284722222222253,0
3885,4,0,0,46,0.0,0.0,1.0,46,1600,1100,500,0.6875,21,11,10,317.75192639936984,0.41939412238325285,0.1673495789933812,0.1870235038406813,131515.04041883693,-842.1685112847022,130672.87190755222,3314,3,689.2826086956521,39,7,21,35.419522866524495,0.6300747863247863,43.56770833333334,1025.7291666666679,26.300747863247896,0
3886,4,0,1,45,0.0,0.021739130434782608,0.9782608695652174,46,1300,800,500,0.6153846153846154,18,8,10,364.6699587634031,0.4191223832528181,0.20505039767291255,0.19790713443625452,128344.1443977761,244.51578637336218,128588.66018414946,3315,4,690.2826086956521,36,10,18,37.4400329702897,0.603587962962963,46.677927927927925,1013.2882882882878,28.146896896896884,8
3887,4,2,1,46,0.0425531914893617,0.02127659574468085,0.9787234042553191,47,1200,800,400,0.6666666666666666,16,8,8,353.7902612789138,0.42212072155411656,0.22715480094463159,0.19471780158981328,128902.86138733651,-279.08459803492406,128623.77678930158,3316,0,676.063829787234,38,9,18,37.145362090127996,0.6055372807017544,46.12713675213675,1015.4914529914527,26.723459289248755,0
3888,4,0,0,46,0.0,0.0,1.0,46,1100,800,300,0.7272727272727273,14,8,6,357.9250008281229,0.4209742351046699,0.2289734634068008,0.19676790654662807,128857.43408203137,24.25944010418152,128881.69352213555,3317,1,691.5652173913044,39,7,18,37.086731814917414,0.6033653846153846,46.17187500000001,1015.3125000000009,26.033653846153868,0
3889,4,2,1,47,0.041666666666666664,0.020833333333333332,0.9791666666666666,48,1650,1300,350,0.7878787878787878,20,13,7,351.2449202845689,0.424894725177305,0.2339434507775746,0.19602550241497774,129452.33298947733,-504.2713563308144,128948.06163314651,3318,0,663.7083333333334,37,11,17,36.65048216786985,0.6128941441441442,45.586622807017534,1017.6535087719283,27.50414888572779,0
3890,4,0,1,46,0.0,0.02127659574468085,0.9787234042553191,47,1350,900,450,0.6666666666666666,18,9,9,360.0902942925088,0.4226988899167437,0.24541452677916387,0.2008195872015916,129424.43828870429,-79.10318559556134,129345.33510310872,3319,1,678.8297872340426,37,10,21,36.45384339080459,0.6126126126126126,45.6140350877193,1017.5438596491233,27.501185395922253,0
3891,4,0,0,46,0.0,0.0,1.0,46,1350,1000,350,0.7407407407407407,17,10,7,361.5350899010116,0.4239331723027375,0.24194615177470435,0.1911089852015517,127285.57254395606,9.050501115752184,127294.62304507181,3320,2,691.1086956521739,37,9,19,38.60414629287552,0.5909346846846846,47.7247807017544,1009.1008771929844,27.27299668089147,4
3892,4,2,2,46,0.041666666666666664,0.041666666666666664,0.9583333333333334,48,1650,1400,250,0.8484848484848485,19,14,5,343.62025223036164,0.4290780141843971,0.22301131485869297,0.1839780357639341,127801.98703342037,-816.9297960069189,126985.05723741345,3321,0,663.2708333333334,39,9,16,38.52728700937468,0.5926816239316238,47.21354166666668,1011.1458333333353,25.926816239316288,0
3893,4,0,0,46,0.0,0.0,1.0,46,1400,1100,300,0.7857142857142857,17,11,6,356.0420873631626,0.42430555555555555,0.23115194979829656,0.18975869491333414,127617.73003472241,-112.54340277775742,127505.18663194466,3322,4,693.1086956521739,39,7,16,38.40206185567011,0.5908119658119657,47.39583333333334,1010.4166666666682,25.9081196581197,0
3894,4,2,1,47,0.041666666666666664,0.020833333333333332,0.9791666666666666,48,1300,1000,300,0.7692307692307693,16,10,6,344.40342194934925,0.4277482269503546,0.23357739918325704,0.1858639954817562,128120.0048074033,-775.0063848326527,127344.99842257064,3323,0,665.1875,42,6,18,38.18234749872384,0.5912698412698414,46.899224806201545,1012.4031007751929,24.10483573274269,0
3895,4,1,1,47,0.020833333333333332,0.020833333333333332,0.9791666666666666,48,700,400,300,0.5714285714285714,10,4,6,336.91557968019646,0.4297890809692671,0.228399949723479,0.17985107031237568,127681.91599122569,-996.3899570977107,126685.52603412798,3324,0,666.1666666666666,40,8,16,38.819549187196245,0.58984375,47.33231707317074,1010.6707317073189,25.266768292682972,3
3896,4,0,0,47,0.0,0.0,1.0,47,2100,1800,300,0.8571428571428571,24,18,6,350.44579559300485,0.42568609312365097,0.24340802033106423,0.18719301197465232,127707.59489225988,-449.0820609425649,127258.5128313173,3325,2,681.3404255319149,40,7,16,38.45138749245928,0.5901041666666667,47.30691056910569,1010.7723577235771,25.269308943089428,0
3897,4,0,0,47,0.0,0.0,1.0,47,1400,900,500,0.6428571428571429,19,9,10,350.432968864423,0.4258595436324391,0.24283117716240832,0.18766458773955896,127810.33631601553,-442.2088786436699,127368.12743737186,3326,3,682.3404255319149,40,7,16,38.34652428810722,0.5911458333333334,47.20528455284553,1011.1788617886173,25.27947154471543,0
3898,4,0,1,46,0.0,0.02127659574468085,0.9787234042553191,47,900,500,400,0.5555555555555556,13,5,8,350.6237190170629,0.4253584643848289,0.24172897455957054,0.1882474918606171,127913.11905115993,-430.1252974420034,127482.99375371792,3327,4,683.3404255319149,40,7,16,38.23651295961424,0.5921875,47.103658536585364,1011.5853658536578,25.289634146341445,0
3899,4,0,0,46,0.0,0.0,1.0,46,1200,800,400,0.6666666666666666,16,8,8,353.74042812090056,0.4242451690821256,0.23843213264159613,0.19014282115873327,127960.02739800359,-147.07302517360148,127812.95437282999,3328,5,698.6304347826087,39,7,16,38.10968547307731,0.594284188034188,47.05729166666667,1011.7708333333343,25.942841880341906,0
3900,4,2,1,47,0.041666666666666664,0.020833333333333332,0.9791666666666666,48,1600,1100,500,0.6875,21,11,10,342.10965755801647,0.4287455673758865,0.23714156807700038,0.18605243863051582,128427.6523977131,-812.5990424407264,127615.05335527238,3329,0,670.4791666666666,40,8,16,37.92631675690129,0.5973958333333333,46.59552845528456,1013.6178861788626,25.340447154471565,0
3901,4,1,1,47,0.020833333333333332,0.020833333333333332,0.9791666666666666,48,950,500,450,0.5263157894736842,14,5,9,342.8437676878326,0.42860704787234044,0.23546866125421784,0.18681334080947626,128504.92147737811,-788.5777108533046,127716.3437665248,3330,0,671.4583333333334,40,8,16,37.82888142728275,0.5981770833333333,46.51930894308944,1013.9227642276442,25.348069105691103,0
3902,4,0,0,47,0.0,0.0,1.0,47,1500,900,600,0.6,21,9,12,346.6406292412501,0.4263991674375578,0.23446865323978128,0.18930116696141616,128593.16541883671,-484.8768446180618,128108.28857421865,3331,2,686.7446808510638,39,8,16,37.64260466947385,0.6006944444444444,46.432291666666664,1014.2708333333326,26.006944444444425,0
3903,4,2,0,49,0.04081632653061224,0.0,1.0,49,1150,600,550,0.5217391304347826,17,6,11,332.4297175316909,0.42998866213151926,0.23715074782109657,0.18364321288886615,129050.14349489791,-1219.9794501133852,127830.16404478453,3332,0,659.6734693877551,41,8,18,37.5378344073423,0.6021341463414633,45.982142857142854,1016.0714285714282,24.782229965156787,0
3904,4,0,0,49,0.0,0.0,1.0,49,1500,1200,300,0.8,18,12,6,335.76067826167304,0.4292977607709751,0.23471279797173117,0.18607569876405414,129176.17517203628,-1125.5439617976901,128050.63121023859,3333,1,660.6734693877551,41,8,18,37.32505042126152,0.6034044715447155,45.85813492063492,1016.5674603174593,24.79432830042584,0
3905,4,1,0,50,0.02,0.0,1.0,50,1100,800,300,0.7272727272727273,14,8,6,333.044405309333,0.42979591836734693,0.23932507987220486,0.1861480336818232,129511.53413973126,-1373.3767053969282,128138.15743433432,3334,0,648.44,40,10,16,37.05342285676251,0.6083333333333336,45.52845528455283,1017.8861788617855,25.44715447154464,0
3906,4,1,0,51,0.0196078431372549,0.0,1.0,51,1600,1400,200,0.875,18,14,4,330.7364576905283,0.42931372549019603,0.2515202696404675,0.18642476216446785,129842.52467550001,-1611.2686662460408,128231.25600925396,3335,0,636.7058823529412,42,9,17,36.7764388033213,0.6086309523809526,45.20348837209301,1019.1860465116258,24.266334440752996,0
3907,4,1,1,51,0.019230769230769232,0.019230769230769232,0.9807692307692307,52,1100,600,500,0.5454545454545454,16,6,10,325.0566880804601,0.43140397184514834,0.2471726806699892,0.18451848036769616,130117.62242452917,-1940.8793187557612,128176.7431057734,3336,0,625.4423076923077,43,9,19,36.642611843326506,0.6099806201550388,44.93371212121211,1020.2651515151498,23.727096546863947,0
3908,4,1,2,50,0.019230769230769232,0.038461538461538464,0.9615384615384616,52,1400,1000,400,0.7142857142857143,18,10,8,326.6650343208021,0.42968357214680747,0.24331071182995023,0.18636566148723338,130313.22830057924,-1886.0835456581112,128427.14475492113,3337,0,626.3461538461538,41,11,19,36.40367923306127,0.6148373983739839,44.74206349206348,1021.0317460317441,24.903213317847417,0
3909,4,0,0,50,0.0,0.0,1.0,50,1400,1000,400,0.7142857142857143,18,10,8,335.3953106659484,0.42798469387755106,0.24578624914908098,0.19023000438929621,130085.41907793183,-1273.99209104941,128811.42698688242,3338,2,652.24,41,9,19,36.41153278874517,0.6125508130081302,44.965277777777764,1020.1388888888868,24.881436314363093,0
3910,4,1,3,48,0.0196078431372549,0.058823529411764705,0.9411764705882353,51,800,500,300,0.625,11,5,6,328.66342443102144,0.42964052287581694,0.2434634172363075,0.18750576298470456,130313.22830057942,-1634.0410643424157,128679.187236237,3339,0,640.4313725490196,41,10,19,36.35266873947402,0.6148373983739838,44.74206349206349,1021.0317460317455,24.90321331784745,0
3911,4,2,1,49,0.04,0.02,0.98,50,1250,800,450,0.64,17,8,9,333.7808045130754,0.42911564625850335,0.2397727934750944,0.1912970787801981,130490.55103812343,-1288.9517786281351,129201.5992594953,3088,0,587.0,41,9,12,36.04263763472179,0.6166158536585367,44.56845238095237,1021.7261904761893,24.92015098722413,0
3912,4,1,0,50,0.02,0.0,1.0,50,900,700,200,0.7777777777777778,11,7,4,333.71913614774127,0.42831632653061225,0.24662913714452084,0.19176287003514636,130591.93244716851,-1283.794623173359,129308.13782399514,3089,0,587.98,41,9,13,35.941695784399364,0.6176321138211383,44.469246031746025,1022.1230158730145,24.929829655439377,0
3913,4,0,0,50,0.0,0.0,1.0,50,1700,1200,500,0.7058823529411765,22,12,10,332.7873799725654,0.42757653061224493,0.24275555555555584,0.19199271921494138,130746.38429752053,-1297.8506657484033,129448.53363177212,3090,1,588.98,43,7,13,35.80941358024691,0.6162790697674418,44.31818181818181,1022.7272727272717,23.784355179703994,0
3914,4,1,0,51,0.0196078431372549,0.0,1.0,51,1300,900,400,0.6923076923076923,17,9,8,335.2808268135113,0.42854575163398695,0.26934863251998786,0.19553040522076293,131162.0895490397,-1404.7732338820424,129757.31631515766,3091,0,578.4117647058823,44,7,15,35.32589864111602,0.6190814393939394,43.91203703703703,1024.351851851851,23.28072390572389,0
3915,4,0,1,50,0.0,0.0196078431372549,0.9803921568627451,51,1200,800,400,0.6666666666666666,16,8,8,336.2248369997446,0.42887254901960786,0.26847171506173684,0.19656631120317863,131256.95408950612,-1373.6304012345704,129883.32368827156,3092,1,579.4117647058823,44,7,15,35.206017891027386,0.6200284090909091,43.81944444444444,1024.722222222222,23.289141414141408,0
3916,4,0,0,50,0.0,0.0,1.0,50,1400,1100,300,0.7857142857142857,17,11,6,339.17274996085996,0.42698979591836733,0.2648526286611843,0.19853254044491003,131303.86002245467,-1093.0617431416442,130210.79827931302,3093,2,591.84,43,7,17,35.08317549046783,0.6218507751937985,43.77367424242424,1024.9053030303032,23.835007047216354,0
3917,4,1,1,50,0.0196078431372549,0.0196078431372549,0.9803921568627451,51,1250,900,350,0.72,16,9,7,337.2089142327765,0.4282679738562092,0.2763182389793746,0.19620464558684972,131074.03175390497,-1360.126887993613,129713.90486591136,3094,0,581.2156862745098,41,10,16,35.3654007621262,0.6224593495934961,43.99801587301586,1024.0079365079341,24.975803329461808,1
3918,4,1,1,50,0.0196078431372549,0.0196078431372549,0.9803921568627451,51,1500,1100,400,0.7333333333333333,19,11,8,334.93941068107745,0.4289542483660131,0.2724737332042715,0.19567123362108857,131228.82207349286,-1409.2591340664935,129819.56293942637,3095,0,582.1960784313726,42,9,16,35.267322363028825,0.6225198412698414,43.84689922480619,1024.6124031007726,24.395533407161253,0
3919,4,0,1,49,0.0,0.02,0.98,50,1450,900,550,0.6206896551724138,20,9,11,338.64209905155917,0.42698979591836733,0.27236729949631977,0.19729915522620137,131124.83071932444,-1119.1224174855477,130005.7083018389,3096,5,594.84,41,9,16,35.2774279994834,0.6229674796747968,43.94841269841268,1024.2063492063464,24.980642663569427,0
3920,4,0,0,49,0.0,0.0,1.0,49,1550,1100,450,0.7096774193548387,20,11,9,344.0638972007025,0.42740221088435376,0.2736867060473753,0.20125594892883628,131277.28666698126,-766.4450270849455,130510.84163989632,3097,6,599.0204081632653,41,8,16,34.984672474991925,0.6244918699186994,43.799603174603156,1024.8015873015845,24.995160665892303,0
3921,4,0,0,49,0.0,0.0,1.0,49,1200,800,400,0.6666666666666666,16,8,8,339.4095361763951,0.4272604875283447,0.2742784328795942,0.19933889522816184,131432.31232236073,-878.1141253155877,130554.19819704513,3098,7,600.0204081632653,40,9,17,34.9475553353155,0.6276041666666667,43.64837398373982,1025.4065040650382,25.635162601625957,0
3922,4,0,1,48,0.0,0.02040816326530612,0.9795918367346939,49,1700,1300,400,0.7647058823529411,21,13,8,340.5568871341373,0.42738449546485263,0.2778527045416408,0.2004221960259384,131510.47992473043,-842.6400662634867,130667.83985846695,3099,8,601.0204081632653,40,9,19,34.83932758677632,0.6283854166666668,43.57215447154471,1025.7113821138194,25.642784552845484,0
3923,4,0,0,48,0.0,0.0,1.0,48,1650,1200,450,0.7272727272727273,21,12,9,344.49495642766317,0.4267693557919621,0.2801746181002347,0.20413094104332416,131771.2064268126,-521.0967967149285,131250.10963009766,3100,9,610.4583333333334,40,8,16,34.475527071166994,0.6309895833333334,43.318089430894304,1026.7276422764216,25.66819105691054,0
3924,4,0,0,48,0.0,0.0,1.0,48,1500,1100,400,0.7333333333333333,19,11,8,340.55567500593935,0.42660313238770686,0.2702603548344551,0.20249039782117836,131901.666501421,-616.027786040062,131285.63871538092,3101,10,611.4583333333334,40,8,16,34.44528261443082,0.6322916666666667,43.1910569105691,1027.2357723577227,25.680894308943067,0
3925,4,1,1,48,0.02040816326530612,0.02040816326530612,0.9795918367346939,49,1500,1200,300,0.8,18,12,6,336.54717589962195,0.42633928571428575,0.2790860606537704,0.20220128702659748,132295.92328829653,-895.2361268581791,131400.68716143834,3102,0,599.9591836734694,41,8,18,34.15180006428802,0.6346544715447155,42.80753968253967,1028.769841269839,25.09194734804485,0
3926,4,0,0,48,0.0,0.0,1.0,48,1050,600,450,0.5714285714285714,15,6,9,341.34786930135033,0.4263537972813239,0.27763351798586666,0.20579527611636347,132426.21678064414,-559.1611420621075,131867.05563858204,3103,1,607.5625,37,11,18,33.89738911970455,0.6427364864864864,42.68092105263158,1029.2763157894744,27.81827880512093,0
3927,4,0,0,48,0.0,0.0,1.0,48,850,400,450,0.47058823529411764,13,4,9,343.8335451095597,0.4257350768321513,0.275304272230501,0.20838531114575548,132623.79410010797,-479.8981417358949,132143.89595837207,3104,2,608.5625,37,11,19,33.63494429068199,0.6447072072072071,42.48903508771931,1030.0438596491247,27.839023233760127,0
3928,4,0,0,48,0.0,0.0,1.0,48,1300,800,500,0.6153846153846154,18,8,10,343.18766957475475,0.4256427304964539,0.2724826204156914,0.2086208097453781,132736.76155163138,-489.2760272391353,132247.48552439225,3105,3,609.5625,37,11,16,33.53816414840036,0.6458333333333333,42.37938596491229,1030.4824561403518,27.85087719298248,0
3929,4,0,0,48,0.0,0.0,1.0,48,1250,1000,250,0.8,15,10,5,339.2954890529641,0.4253287529550827,0.21304122182680896,0.20285538813592124,132110.53688280794,-633.0662806672312,131477.4706021407,3106,4,610.5625,40,8,18,34.26749703440095,0.634375,42.987804878048784,1028.0487804878055,25.701219512195138,4
3930,4,0,0,48,0.0,0.0,1.0,48,1300,900,400,0.6923076923076923,17,9,8,362.20346882194707,0.42525487588652483,0.16683665760048338,0.2070002207826979,130380.76560356627,-94.17709600729256,130286.58850755898,3107,5,611.5625,35,13,17,35.42799939558776,0.6261904761904764,44.67592592592591,1021.2962962962943,29.17989417989412,8
3931,4,0,0,48,0.0,0.0,1.0,48,1500,1000,500,0.6666666666666666,20,10,10,361.08516183961524,0.4246176861702127,0.17781347903219724,0.20746539129509683,130587.70743580654,-169.34330525550854,130418.36413055104,3108,6,612.5625,35,13,16,35.246692522553126,0.6282738095238096,44.47337962962962,1022.1064814814798,29.20304232804228,0
3932,4,0,1,47,0.0,0.020833333333333332,0.9791666666666666,48,1650,900,750,0.5454545454545454,24,9,15,360.96771003828655,0.4243406471631206,0.17846656389928794,0.20827882735500086,130751.61944038606,-160.57746936128535,130591.04197102477,3109,7,613.5625,36,12,17,35.08359025178006,0.6278935185185187,44.31306306306305,1022.7477477477456,28.4096596596596,0
3933,4,0,0,47,0.0,0.0,1.0,47,1600,1000,600,0.625,22,10,12,361.3449451974701,0.42478029602220163,0.19147567900390028,0.20888155753980103,130822.85534972262,54.43549938438866,130877.29084910701,3110,8,624.5106382978723,37,10,17,35.00178635226868,0.6266891891891893,44.24342105263156,1023.0263157894707,27.64935988620191,0
3934,4,0,1,46,0.0,0.02127659574468085,0.9787234042553191,47,1600,1000,600,0.625,22,10,12,360.08165863737844,0.4246068455134135,0.1985815602836889,0.20906233613423877,130991.17036011054,33.503578023981845,131024.67393813453,3111,9,625.5106382978723,37,10,18,34.863699657240794,0.6283783783783785,44.07894736842104,1023.6842105263137,27.667140825035506,0
3935,4,0,0,46,0.0,0.0,1.0,46,1350,900,450,0.6666666666666666,18,9,9,367.7431769579599,0.42333937198067634,0.21230209977519454,0.21346011995835584,130982.06948502545,433.55247139029484,131415.62195641574,3112,10,639.2391304347826,36,10,18,34.67684268426843,0.6302083333333335,44.08783783783783,1023.6486486486477,28.434684684684658,0
3936,4,0,1,45,0.0,0.021739130434782608,0.9782608695652174,46,900,700,200,0.7777777777777778,11,7,4,367.68520025727156,0.42330917874396135,0.21008435509477952,0.21374640925441873,131039.71370018648,436.27267470170534,131475.9863748882,3113,11,640.2391304347826,36,10,18,34.61994977269393,0.6307870370370372,44.03153153153152,1023.8738738738723,28.440940940940898,0
3937,4,1,0,46,0.021739130434782608,0.0,1.0,46,950,600,350,0.631578947368421,13,6,7,364.3139665635437,0.42327898550724635,0.2149301805461301,0.21274252039763272,131212.72243527306,360.52547479911357,131573.24791007218,3114,0,640.695652173913,36,10,19,34.53116985418039,0.6325231481481483,43.86261261261261,1024.549549549549,28.459709709709696,0
3938,4,0,0,46,0.0,0.0,1.0,46,1000,500,500,0.5,15,5,10,360.35902795957116,0.4228462157809984,0.21257816866756118,0.2109085217659201,131299.26960321804,262.9754332034628,131562.2450364215,3115,1,641.695652173913,36,10,19,34.54496758597956,0.6333912037037037,43.77815315315315,1024.887387387387,28.469094094094082,0
3939,4,0,1,45,0.0,0.021739130434782608,0.9782608695652174,46,1100,700,400,0.6363636363636364,15,7,8,361.42305558601026,0.422030998389694,0.19425641074499422,0.21574285339002722,132050.54029959018,345.22195337229795,132395.76225296248,3116,2,642.695652173913,36,10,17,33.75926737518718,0.6409143518518519,43.046171171171174,1027.8153153153157,28.550425425425438,1
3940,4,0,0,45,0.0,0.0,1.0,45,1000,600,400,0.6,14,6,8,355.1088638258509,0.41988636363636367,0.08834577958814194,0.20512759075116813,130794.81336805562,289.2795138888939,131084.09288194453,3117,15,657.9333333333333,41,4,18,35.18966395112015,0.6196646341463414,44.270833333333336,1022.9166666666672,24.949186991869933,6
3941,4,0,0,45,0.0,0.0,1.0,45,1250,1100,150,0.88,14,11,3,353.21225217392185,0.41963383838383833,0.082088186093489,0.20462285217821108,130906.34694617205,247.54512574364287,131153.8920719157,3118,16,658.9333333333333,42,3,18,35.12530379067639,0.6192956349206349,44.161821705426355,1023.3527131782942,24.365540789959386,0
3942,4,0,1,44,0.0,0.022222222222222223,0.9777777777777777,45,1050,700,350,0.6666666666666666,14,7,7,352.4624902206584,0.4197811447811448,0.08270074144186745,0.20471501974608344,131005.52780970196,234.906912895858,131240.43472259783,3119,17,659.9333333333333,42,3,18,35.04417100489035,0.6202876984126984,44.064922480620154,1023.7403100775196,24.37476928755999,0
3943,4,1,1,44,0.022222222222222223,0.022222222222222223,0.9777777777777777,45,950,700,250,0.7368421052631579,12,7,5,349.1717188721245,0.4197390572390572,0.10867181824185979,0.20563239966716593,131536.54095611078,200.49069294405348,131737.03164905484,3120,0,658.8222222222222,40,5,20,34.59212568522553,0.6286458333333333,43.546747967479675,1025.8130081300815,25.645325203252035,1
3944,4,0,1,43,0.0,0.022727272727272728,0.9772727272727273,44,1300,1100,200,0.8461538461538461,15,11,4,354.41826660526283,0.41867071881606766,0.10983985300343124,0.20857979969952917,131510.47992473096,521.9432670698922,132032.42319180086,3121,19,674.7954545454545,40,4,20,34.48388321939298,0.6283854166666666,43.57215447154473,1025.7113821138234,25.642784552845587,0
3945,4,0,0,43,0.0,0.0,1.0,43,1700,1000,700,0.5882352941176471,24,10,14,355.142929025937,0.416828165374677,0.12692796205334567,0.2098203084393674,131658.81406092545,751.5393715356707,132410.35343246112,3122,20,690.1627906976744,41,2,17,34.315591267923324,0.6283028455284552,43.427579365079374,1026.2896825396838,25.031455671699604,0
3946,4,0,0,43,0.0,0.0,1.0,43,1150,800,350,0.6956521739130435,15,8,7,357.541692921655,0.416828165374677,0.12457027300303314,0.21194481796902231,131786.1128826531,823.8059807256278,132609.91886337873,3123,21,691.1627906976744,41,2,17,34.125603864734295,0.6295731707317073,43.30357142857143,1026.7857142857147,25.04355400696865,0
3947,4,1,0,44,0.022727272727272728,0.0,1.0,44,1150,900,250,0.782608695652174,14,9,5,353.2020070777085,0.4174925123326286,0.13253040444989161,0.21082800726354842,132049.19443129923,528.008101225895,132577.20253252512,3124,0,676.4318181818181,42,2,18,33.97186606329155,0.630704365079365,43.04748062015504,1027.8100775193802,24.471668512366197,0
3948,4,0,0,44,0.0,0.0,1.0,44,750,500,250,0.6666666666666666,10,5,5,353.2460247763379,0.41717318534179,0.12497430010622623,0.21154891732090847,132173.71627306056,537.9679706748434,132711.68424373542,3125,1,677.4318181818181,42,2,18,33.84533232818194,0.6319444444444444,42.92635658914729,1028.2945736434112,24.483204134366936,0
3949,4,0,0,44,0.0,0.0,1.0,44,1350,1200,150,0.8888888888888888,15,12,3,354.1905295443487,0.41753655743481327,0.12136483524011799,0.21267458493454774,132273.37599903843,569.9954179436243,132843.37141698206,3126,2,678.4318181818181,42,2,19,33.72072029640794,0.6329365079365079,42.82945736434108,1028.6821705426348,24.492432631967496,0
3950,4,0,0,44,0.0,0.0,1.0,44,1400,1000,400,0.7142857142857143,18,10,8,357.16041895458005,0.4169970049330514,0.13019874861980107,0.21516737434580835,132398.00347222242,657.641330148448,133055.64480237087,3127,3,679.4318181818181,39,5,20,33.51889338731444,0.6388888888888888,42.70833333333334,1029.1666666666683,26.388888888888932,0
3951,4,0,0,44,0.0,0.0,1.0,44,1000,700,300,0.7,13,7,6,355.31778499550495,0.41621520436927417,0.13560433133996108,0.2148402014922633,132535.48127145885,618.4427277375971,133153.92399919644,3128,4,680.4318181818181,38,6,20,33.42801065227918,0.6419956140350876,42.574786324786324,1029.7008547008547,27.097390913180387,0
3952,4,0,3,41,0.0,0.06818181818181818,0.9318181818181819,44,1850,1300,550,0.7027027027027027,24,13,11,349.3424936234957,0.41568666314305847,0.12043824115664092,0.21302789028907793,132854.0161132811,482.3106553819303,133336.32676866304,3129,5,681.4318181818181,39,5,16,33.26186807450068,0.6434294871794872,42.26562499999999,1030.9374999999989,26.434294871794844,0
3953,4,0,0,41,0.0,0.0,1.0,41,1150,800,350,0.6956521739130435,15,8,7,362.6584503471426,0.4145071138211382,0.13992530049808294,0.22029097982625073,132708.5151801516,1425.5728926208058,134134.0880727724,3130,6,721.8048780487804,37,4,18,33.0649631087936,0.6455518018018017,42.406798245614034,1030.372807017544,27.84791370317686,0
3954,4,1,0,42,0.023809523809523808,0.0,1.0,42,1100,800,300,0.7272727272727273,14,8,6,352.6023234111914,0.4154084397986837,0.1346676130342419,0.21683584000480716,133168.79799702315,991.1255159251953,134159.92351294836,3131,0,705.5952380952381,38,4,20,32.8619363074906,0.6483004385964912,41.960470085470085,1032.1581196581196,27.162055780476834,0
3955,4,0,0,42,0.0,0.0,1.0,42,1650,1200,450,0.7272727272727273,21,12,9,349.5614679446983,0.41520276809910955,0.08786885245901677,0.21238296359189848,132716.9124360849,879.2343100403805,133596.14674612528,3132,1,706.5952380952381,36,6,16,33.39389799635702,0.6475694444444444,42.39864864864866,1030.4054054054068,28.62237237237241,2
3956,4,0,0,42,0.0,0.0,1.0,42,700,500,200,0.7142857142857143,9,5,4,347.18583860715967,0.41499709639953547,0.08375344019395214,0.2114299388404082,132803.9541864501,821.5304409139097,133625.48462736403,3133,2,707.5952380952381,36,6,17,33.36770275683748,0.6484375,42.3141891891892,1030.7432432432445,28.63175675675679,0
3957,4,0,0,42,0.0,0.0,1.0,42,1200,900,300,0.75,15,9,6,344.8338044444857,0.41527535811072397,0.08688517875702106,0.1952099339706729,130010.85820877553,568.1049127136106,130578.96312148914,3134,3,708.5952380952381,37,5,19,36.24643855499409,0.6185247747747749,45.038377192982445,1019.8464912280682,27.563418681839682,6
3958,4,0,0,42,0.0,0.0,1.0,42,1500,1200,300,0.8,18,12,6,344.85986138737985,0.41494870305845916,0.07746219390496734,0.1957852965350558,130122.70752779683,574.8197762773016,130697.52730407413,3135,4,709.5952380952381,37,5,20,36.13234372201326,0.6196509009009009,44.92872807017543,1020.2850877192967,27.575272641062075,0
3959,4,1,0,43,0.023255813953488372,0.0,1.0,43,750,400,350,0.5333333333333333,11,4,7,334.9755630524531,0.4174049464747139,0.08085483528692117,0.19154679986701023,130402.54122662726,136.4080774853565,130538.94930411261,3136,0,694.0697674418604,37,6,21,36.1011585256754,0.6224662162162162,44.65460526315788,1021.3815789473672,27.60490753911803,0
3960,4,3,3,43,0.06521739130434782,0.06521739130434782,0.9347826086956522,46,1300,900,400,0.6923076923076923,17,9,8,315.5246194192151,0.4231481481481481,0.10074462669439299,0.18380676962467307,131119.8742894438,-925.6903133056014,130194.1839761382,3137,0,649.7391304347826,40,6,15,35.874346761923675,0.6244791666666668,43.95325203252031,1024.1869918699163,25.604674796747908,0
3961,4,0,0,43,0.0,0.0,1.0,43,600,400,200,0.6666666666666666,8,4,4,335.86015855788503,0.41569767441860467,0.10432071824926714,0.19344632356715738,130682.67549871115,178.22082275315177,130860.8963214643,3138,1,696.046511627907,37,6,15,35.79524128686327,0.6252815315315315,44.38048245614035,1022.4780701754387,27.63454243717402,0
3962,4,1,0,44,0.022727272727272728,0.0,1.0,44,700,400,300,0.5714285714285714,10,4,6,340.62446644037226,0.4181862226920366,0.13169871430196833,0.19865616692398336,131163.91354372108,135.52761341221162,131299.4411571333,3139,0,681.2045454545455,38,6,16,35.187213183145595,0.6282894736842106,43.9102564102564,1024.3589743589732,26.956815114709823,0
3963,4,0,0,44,0.0,0.0,1.0,44,1500,1200,300,0.8,18,12,6,338.092405314297,0.41743745595489784,0.1273096821877311,0.1980255516840881,131328.12499999988,80.31106180143206,131408.4360618013,3140,1,682.2045454545455,37,7,17,35.086382113821145,0.6317567567567568,43.74999999999999,1024.999999999999,27.702702702702677,0
3964,4,0,1,43,0.0,0.022727272727272728,0.9772727272727273,44,1600,1200,400,0.75,20,12,8,334.3798471287625,0.4182302677942213,0.12952628439976133,0.19711784358364068,131574.6348002958,-0.8187458908707868,131573.81605440495,3141,2,683.2045454545455,38,6,15,34.933093824846395,0.6324013157894737,43.50961538461538,1025.9615384615379,26.998987854251,0
3965,4,1,0,44,0.022727272727272728,0.0,1.0,44,1350,1100,250,0.8148148148148148,16,11,5,325.6953018008011,0.41680981324876676,0.1434968793502409,0.1935914027159555,131889.27001953142,-208.85687934026225,131680.41314019117,3142,0,682.3181818181819,39,5,16,34.83937142953723,0.6338141025641024,43.20312500000001,1027.1875000000014,26.33814102564106,0
3966,4,0,0,44,0.0,0.0,1.0,44,1100,900,200,0.8181818181818182,13,9,4,323.91805126112473,0.4163693622269204,0.14440644530889912,0.1926706768116536,131916.0210503474,-254.00390624998025,131662.01714409742,3143,1,683.3181818181819,39,5,16,34.85812546474684,0.6340811965811965,43.17708333333334,1027.291666666668,26.340811965812,0
3967,4,0,0,44,0.0,0.0,1.0,44,1100,600,500,0.5454545454545454,16,6,10,318.8603829739629,0.4166005990133897,0.13863244792098506,0.19033245001839652,132049.81689453142,-378.9089626735956,131670.90793185783,3144,2,684.3181818181819,39,5,16,34.85365781561432,0.6354166666666666,43.04687500000001,1027.8125000000014,26.354166666666703,0
3968,4,0,0,44,0.0,0.0,1.0,44,1100,700,400,0.6363636363636364,15,7,8,319.60573576042736,0.4157747533474278,0.14412360688956416,0.19118234011851035,132130.12695312517,-354.0907118055402,131776.03624131964,3145,3,685.3181818181819,39,5,17,34.75388382303276,0.6362179487179487,42.96875000000001,1028.1250000000014,26.36217948717952,0
3969,4,0,1,43,0.0,0.022727272727272728,0.9772727272727273,44,1300,800,500,0.6153846153846154,18,8,10,322.75596859477633,0.4157307082452431,0.13872266973532787,0.19375168327497988,132264.03130425356,-262.19889322915617,132001.8324110244,3146,4,686.3181818181819,39,5,17,34.53850210970464,0.6375534188034189,42.83854166666667,1028.6458333333342,26.37553418803421,0
3970,4,0,0,43,0.0,0.0,1.0,43,1100,700,400,0.6363636363636364,15,7,8,328.92827991478254,0.4143364710225175,0.1464237060511493,0.19743899495134218,132260.59701219967,100.85013514501955,132361.44714734468,3147,5,702.9302325581396,38,5,18,34.38322254535384,0.6392543859649122,42.84188034188035,1028.6324786324794,27.069275753486302,0
3971,4,0,0,43,0.0,0.0,1.0,43,700,500,200,0.7142857142857143,9,5,4,330.59393735006694,0.41431339977851606,0.14821022734134015,0.19858322038326862,132288.07259706705,146.72695686318414,132434.79955393024,3148,6,703.9302325581396,38,5,18,34.312796413611665,0.6395285087719298,42.815170940170944,1028.7393162393168,27.072087269455707,0
3972,4,0,0,43,0.0,0.0,1.0,43,800,600,200,0.75,10,6,4,332.2460620564178,0.4142672572905131,0.15365784766029567,0.2001579934827689,132398.0034722223,197.74305555556177,132595.74652777787,3149,7,704.9302325581396,38,5,18,34.15991902834008,0.640625,42.708333333333336,1029.1666666666672,27.083333333333346,0
3973,4,0,0,43,0.0,0.0,1.0,43,1550,1000,550,0.6451612903225806,21,10,11,331.6775754116706,0.41396733111849393,0.15363458044716616,0.20069304139316324,132562.98539201176,193.63391683102654,132756.61930884278,3150,8,705.9302325581396,38,5,19,34.00897395995436,0.6422697368421053,42.54807692307692,1029.8076923076917,27.100202429149782,0
3974,4,0,0,43,0.0,0.0,1.0,43,1450,1100,350,0.7586206896551724,18,11,7,353.8729257588103,0.4140134736064969,0.15105709349707075,0.2039083547524124,130699.2056235845,650.1820576740291,131349.38768125852,3151,9,706.9302325581396,38,5,14,35.31806150524152,0.6236293859649124,44.36431623931623,1022.542735042734,26.90901934322984,5
3975,4,0,2,41,0.0,0.046511627906976744,0.9534883720930233,43,850,500,350,0.5882352941176471,12,5,7,351.75060894720946,0.4141749723145072,0.14394119733192134,0.20311582207844267,130781.15297866886,600.4700398129734,131381.62301848183,3152,10,707.9302325581396,38,5,14,35.2893687765476,0.624451754385965,44.28418803418803,1022.8632478632467,26.91745389113807,0
3976,4,0,0,41,0.0,0.0,1.0,41,1050,700,350,0.6666666666666666,14,7,7,367.55335586329085,0.41173780487804873,0.15943271253798819,0.21129080501400205,130607.6912004911,1401.0590404593863,132008.7502409505,3153,14,731.2682926829268,36,5,14,35.06114354963094,0.6264467592592593,44.45382882882883,1022.1846846846852,28.394019019019034,0
3977,4,0,0,41,0.0,0.0,1.0,41,1250,1000,250,0.8,15,10,5,365.9469345362553,0.4116107723577236,0.1545431596134943,0.21115184621717087,130751.61944038629,1369.6308639720773,132121.25030435837,3154,15,732.2682926829268,36,5,14,34.95627798575937,0.6278935185185186,44.31306306306306,1022.7477477477474,28.409659659659653,0
3978,4,0,0,41,0.0,0.0,1.0,41,1250,800,450,0.64,17,8,9,362.38732541971876,0.4110518292682927,0.1521517328779627,0.2094100804142955,130809.21292914537,1280.7201627303,132089.93309187566,3155,16,733.2682926829268,36,5,14,34.98894576544841,0.6284722222222222,44.25675675675676,1022.9729729729731,28.41591591591592,0
3979,4,1,2,40,0.023809523809523808,0.047619047619047616,0.9523809523809523,42,950,500,450,0.5263157894736842,14,5,9,355.8360647721304,0.414198606271777,0.14763536599047455,0.2068989522317652,131047.29940943346,926.2710641735722,131973.57047360702,3156,0,716.7857142857143,37,5,14,34.91557792532305,0.6289414414414415,44.024122807017534,1023.9035087719282,27.673067804646706,0
3980,4,0,0,40,0.0,0.0,1.0,40,950,700,250,0.7368421052631579,12,7,5,367.40443479863217,0.4094951923076923,0.15128959276018072,0.2125559688232923,130854.01663237302,1615.2692043895581,132469.28583676257,3157,18,748.25,35,5,14,34.81523378582201,0.630952380952381,44.212962962962955,1023.1481481481475,29.232804232804213,0
3981,4,0,0,40,0.0,0.0,1.0,40,900,700,200,0.7777777777777778,11,7,4,365.3119447337591,0.4091746794871795,0.14804908391766602,0.21167026312817147,130913.23329260966,1564.8335691015004,132478.06686171115,3158,19,749.25,35,5,14,34.80877252506974,0.631547619047619,44.15509259259259,1023.379629629629,29.239417989417973,0
3982,4,0,0,40,0.0,0.0,1.0,40,900,500,400,0.5555555555555556,13,5,8,364.84040878621573,0.4088541666666667,0.14501356852103142,0.21172234746097718,130972.46334876542,1556.8094135802455,132529.27276234567,3159,20,750.25,35,5,15,34.76085481682496,0.6321428571428571,44.09722222222222,1023.6111111111111,29.246031746031747,0
3983,4,0,0,40,0.0,0.0,1.0,40,800,500,300,0.625,11,5,6,363.3377190092548,0.4091346153846154,0.14665950712186304,0.21117512893271143,131031.70680084023,1521.7522933813502,132553.4590942216,3160,21,751.25,35,5,16,34.739336046424,0.6327380952380952,44.039351851851855,1023.8425925925928,29.25264550264551,0
3984,4,1,0,41,0.024390243902439025,0.0,1.0,41,1250,1100,150,0.88,14,11,3,340.34548476454285,0.4115345528455285,0.1615250320924262,0.186679105384709,128767.2812111916,565.0725491270537,129332.35376031866,3161,0,733.9024390243902,38,3,16,37.62478070175441,0.6041666666666665,46.26068376068377,1014.957264957266,26.70940170940174,8
3985,4,1,1,41,0.023809523809523808,0.023809523809523808,0.9761904761904762,42,900,600,300,0.6666666666666666,12,6,6,335.3595475517825,0.4148035230352303,0.17092246348165152,0.18559858794456874,129121.97401258702,260.45735677085486,129382.43136935787,3162,0,717.4047619047619,39,3,18,37.39035649619077,0.6060363247863247,45.91145833333334,1016.3541666666683,26.06036324786329,0
3986,4,2,1,42,0.046511627906976744,0.023255813953488372,0.9767441860465116,43,900,500,400,0.5555555555555556,13,5,8,329.8461274392324,0.4197582133628645,0.17900210200243394,0.184383373279111,129516.42679419302,-55.803980183707154,129460.62281400932,3163,0,695.0697674418604,36,7,14,37.1298447468378,0.6154513888888888,45.52364864864866,1017.9054054054068,28.27515015015019,0
3987,4,1,0,43,0.023255813953488372,0.0,1.0,43,850,500,350,0.5882352941176471,12,5,7,331.288153303061,0.41901993355481726,0.18775925873539534,0.18573085990821978,129631.08114448929,-10.951703392563104,129620.12944109672,3164,0,696.046511627907,36,7,15,36.976805263739884,0.6166087962962963,45.411036036036045,1018.3558558558575,28.287662662662708,0
3988,4,2,3,42,0.044444444444444446,0.06666666666666667,0.9333333333333333,45,950,800,150,0.8421052631578947,11,8,3,315.5044633617034,0.4237584175084175,0.17791740845463755,0.17901082119078437,130099.04308431935,-790.6342455621514,129308.4088387572,3165,0,666.0666666666667,38,7,16,36.90504241281808,0.6175986842105263,44.951923076923066,1020.1923076923063,26.847165991902795,0
3989,4,1,1,42,0.023255813953488372,0.023255813953488372,0.9767441860465116,43,800,600,200,0.75,10,6,4,323.17463229213115,0.42280361757105944,0.1763072177267151,0.18321106667968884,130066.77685682126,-193.14344317482582,129873.63341364644,3166,0,693.1395348837209,37,6,16,36.742067970905445,0.6190878378378378,44.983552631578945,1020.0657894736837,27.56934566145091,0
3990,4,0,0,42,0.0,0.0,1.0,42,1200,800,400,0.6666666666666666,16,8,8,335.2141444220622,0.4184088269454123,0.18908057758924324,0.19015059075262777,130090.20580969502,321.61540763739276,130411.82121733241,3167,3,710.6428571428571,36,6,16,36.41130367590243,0.6212384259259258,44.9605855855856,1020.1576576576592,28.337712712712758,0
3991,4,0,0,42,0.0,0.0,1.0,42,1150,800,350,0.6956521739130435,15,8,7,334.853280998209,0.41837253193960516,0.18644609912745258,0.19010431846786707,130122.7075277973,314.4031096106801,130437.11063740798,3168,4,711.6428571428571,37,5,17,36.38758284076661,0.6196509009009008,44.92872807017545,1020.2850877193006,27.575272641062178,0
3992,4,2,2,42,0.045454545454545456,0.045454545454545456,0.9545454545454546,44,1100,900,200,0.8181818181818182,13,9,4,320.36418950850657,0.4204655567300916,0.17644515810276684,0.1842094089673914,130617.28395061739,-430.90479495826594,130186.37915565913,3169,0,680.25,38,6,13,36.257359601449274,0.6228070175438596,44.44444444444445,1022.2222222222231,26.90058479532166,0
3993,4,0,0,42,0.0,0.0,1.0,42,1300,1000,300,0.7692307692307693,16,10,6,335.77892962052573,0.41834833526906695,0.18083631379098475,0.1915989650641477,130320.07250071017,351.7468904715528,130671.81939118172,3170,6,713.6428571428571,36,6,17,36.16411161354362,0.6235532407407407,44.73536036036036,1021.0585585585585,28.362737737737735,0
3994,4,0,0,42,0.0,0.0,1.0,42,1100,1000,100,0.9090909090909091,12,10,2,334.49572561283,0.4180458768873403,0.1773204374924522,0.1911494477367836,130377.57087746532,322.148034859188,130699.7189123245,3171,7,714.6428571428571,36,6,17,36.13867754621973,0.6241319444444444,44.679054054054056,1021.283783783784,28.368993993994,0
3995,4,1,1,42,0.023255813953488372,0.023255813953488372,0.9767441860465116,43,1100,700,400,0.6363636363636364,15,7,8,327.58165426765146,0.4191122185308232,0.17554984047953393,0.18840492058835992,130626.62459843412,-41.82284452909357,130584.80175390503,3172,0,699.0,37,6,13,36.063476527584086,0.6247184684684685,44.435307017543856,1022.2587719298244,27.628615457562823,0
3996,4,0,0,42,0.0,0.0,1.0,42,950,700,250,0.7368421052631579,12,7,5,341.18989519188756,0.4172473867595819,0.18473105416692936,0.19598984106085873,130578.91506371221,510.4412689716594,131089.35633268388,3173,9,716.6428571428571,36,6,13,35.76396540326135,0.6261574074074074,44.481981981981974,1022.0720720720708,28.390890890890855,0
3997,4,0,0,42,0.0,0.0,1.0,42,1150,700,450,0.6086956521739131,16,7,9,339.3222641026421,0.4172473867595819,0.18736344317739673,0.192121609319325,130017.30974687698,423.55358316895865,130440.86333004595,3174,10,717.6428571428571,38,4,14,36.38042111879322,0.6167763157894738,45.03205128205128,1019.8717948717942,26.838731443994586,1
3998,4,1,1,42,0.023255813953488372,0.023255813953488372,0.9767441860465116,43,650,500,150,0.7692307692307693,8,5,3,333.56803769440614,0.42001199704688075,0.196635499080956,0.19032999797857278,130318.55955678658,94.4835154102795,130413.04307219686,3175,0,701.9302325581396,37,6,15,36.22207903780069,0.6216216216216217,44.73684210526315,1021.0526315789464,27.596017069701254,0
3999,4,0,0,42,0.0,0.0,1.0,42,1200,1000,200,0.8333333333333334,14,10,4,338.4433098311824,0.41739256678281067,0.19502171663856904,0.1931192882466539,130320.07250071016,421.1913349159978,130741.26383562616,3176,1,719.3809523809524,36,6,17,36.09609940810999,0.6235532407407407,44.73536036036036,1021.0585585585584,28.36273773773773,0
4000,4,2,3,41,0.045454545454545456,0.06818181818181818,0.9318181818181819,44,950,700,250,0.7368421052631579,12,7,5,323.6535165517427,0.4227118569415081,0.1918271103048037,0.18649535261389077,130699.20562358446,-339.74849788152676,130359.45712570293,3177,0,687.6363636363636,38,6,13,36.090577438790795,0.6236293859649124,44.36431623931623,1022.5427350427337,26.909019343229836,0
4001,4,0,1,40,0.0,0.024390243902439025,0.975609756097561,41,1300,1000,300,0.7692307692307693,16,10,6,347.9613133256371,0.41562499999999997,0.19407296631413606,0.19869730410811556,130348.82010388761,871.2693267591858,131220.0894306468,3178,3,736.8536585365854,36,5,18,35.82400566093222,0.6238425925925927,44.707207207207205,1021.1711711711707,28.365865865865853,0
4002,4,0,0,40,0.0,0.0,1.0,40,1100,900,200,0.8181818181818182,13,9,4,344.79350530177453,0.41471688034188037,0.1972363055218782,0.19761917078982924,130492.60567577697,998.6005853826648,131491.20626115965,3179,4,749.2,36,4,15,35.759258238730304,0.6252893518518519,44.566441441441434,1021.734234234233,28.381506506506472,0
4003,4,0,0,40,0.0,0.0,1.0,40,1300,1100,200,0.8461538461538461,15,11,4,349.80934240884346,0.41491720085470085,0.2002975871313668,0.20148067436457479,130682.67549871115,1142.8041560864856,131825.47965479764,3180,5,750.2,37,3,16,35.43867292225201,0.6252815315315314,44.38048245614035,1022.4780701754387,27.63454243717402,0
4004,4,1,0,41,0.024390243902439025,0.0,1.0,41,1050,400,650,0.38095238095238093,17,4,13,339.8670566171937,0.41933434959349597,0.1957175802190081,0.19737006887914843,130999.80481591051,704.5036160420711,131704.30843195258,3181,0,732.8780487804878,38,3,18,35.372312669588815,0.6266447368421053,44.07051282051282,1023.7179487179482,26.939946018893373,0
4005,4,0,1,40,0.0,0.024390243902439025,0.975609756097561,41,1350,1100,250,0.8148148148148148,16,11,5,340.5830596261434,0.4191310975609756,0.1309088117114121,0.1907025004839684,129581.83235627123,626.6753871721538,130208.50774344339,3182,1,733.8780487804878,38,3,17,36.790180132913584,0.6123903508771931,45.459401709401696,1018.1623931623914,26.793747188483984,6
4006,4,0,0,40,0.0,0.0,1.0,40,1650,1300,350,0.7878787878787878,20,13,7,350.81377207479414,0.41489049145299145,0.1410241223346973,0.19648110298471289,129591.85157933214,1092.521256540478,130684.37283587262,3183,8,753.2,37,3,17,36.51958144877593,0.6143018018018017,45.449561403508774,1018.2017543859652,27.518966334755817,0
4007,4,0,0,40,0.0,0.0,1.0,40,950,600,350,0.631578947368421,13,6,7,349.4399894355826,0.41483707264957265,0.13948105081826023,0.1959902549443051,129647.68005540172,1060.8167897814797,130708.49684518321,3184,9,754.2,37,3,17,36.497810795291414,0.6148648648648647,45.39473684210527,1018.4210526315794,27.524893314367013,0
4008,4,1,0,41,0.024390243902439025,0.0,1.0,41,1250,900,350,0.72,16,9,7,351.24859368581497,0.41689532520325207,0.16158293930864254,0.19639106048739607,129525.18332315233,949.6160273169163,130474.79935046926,3185,0,736.780487804878,35,6,18,36.57629808603373,0.617559523809524,45.51504629629629,1017.9398148148141,29.083994708994688,4
4009,4,2,0,43,0.046511627906976744,0.0,1.0,43,1300,700,600,0.5384615384615384,19,7,12,343.81694374566297,0.4193429309708379,0.18695940938592215,0.19647610981911906,130377.57087746533,367.29670276899446,130744.86758023432,3186,0,703.4651162790698,36,7,21,35.90068732311538,0.6241319444444444,44.679054054054056,1021.2837837837841,28.368993993994003,0
4010,4,2,3,42,0.044444444444444446,0.06666666666666667,0.9333333333333333,45,950,700,250,0.7368421052631579,12,7,5,328.84137034315125,0.42270622895622895,0.17332219437482643,0.19015609676364817,130835.79881656796,-395.15532544379596,130440.64349112417,3187,0,673.1555555555556,38,7,15,35.82001879699248,0.625,44.230769230769226,1023.0769230769223,26.923076923076902,0
4011,4,0,0,42,0.0,0.0,1.0,42,1900,1600,300,0.8421052631578947,22,16,6,350.6688238613162,0.4173199767711963,0.17957866123003763,0.20117316737307084,130528.56445312499,754.4596354166666,131283.02408854166,3188,2,722.2142857142857,35,7,17,35.572757390417955,0.6276785714285715,44.53125,1021.8749999999999,29.19642857142857,0
4012,4,0,0,42,0.0,0.0,1.0,42,1500,1100,400,0.7333333333333333,19,11,8,352.2085645899882,0.41725948509485095,0.18469226042239417,0.20282988654419531,130676.44702717767,805.0727666323769,131481.51979381003,3189,3,723.2142857142857,35,7,18,35.38365029054412,0.6291666666666667,44.386574074074076,1022.4537037037039,29.21296296296297,0
4013,4,1,1,42,0.023255813953488372,0.023255813953488372,0.9767441860465116,43,1100,800,300,0.7272727272727273,14,8,6,346.21495401260614,0.41971207087486156,0.18412750398513955,0.200813510977701,130953.25213304511,467.5948330086761,131420.8469660538,3190,0,707.3720930232558,36,7,19,35.256903949829464,0.6299189814814815,44.11599099099099,1023.5360360360353,28.431556556556536,0
4014,4,1,2,41,0.023255813953488372,0.046511627906976744,0.9534883720930233,43,850,500,350,0.5882352941176471,12,5,7,347.72611004802906,0.4180970837947582,0.18460421131234006,0.20244694268737373,131097.37059694837,517.1957430403496,131614.56633998873,3191,0,708.3488372093024,36,7,19,35.07257532438973,0.6313657407407407,43.97522522522523,1024.0990990990997,28.447197197197212,0
4015,4,0,0,41,0.0,0.0,1.0,41,1150,900,250,0.782608695652174,14,9,5,364.08754939497567,0.41275406504065043,0.19432733693852766,0.21063703773897807,130854.01663237318,1328.4636488340316,132182.48028120722,3192,6,743.7560975609756,35,6,19,34.90007541478131,0.6309523809523809,44.21296296296297,1023.1481481481487,29.23280423280425,0
4016,4,0,0,41,0.0,0.0,1.0,41,1000,700,300,0.7,13,7,6,365.769748163783,0.4127286585365854,0.19580892475224676,0.21215579075051827,130953.25213304514,1379.7476107864552,132332.9997438316,3193,7,744.7560975609756,36,5,19,34.756528037554546,0.6299189814814815,44.11599099099099,1023.5360360360355,28.431556556556544,0
4017,4,0,1,40,0.0,0.024390243902439025,0.975609756097561,41,800,600,200,0.75,10,6,4,363.0481412182143,0.41267784552845527,0.1895421329928213,0.21105074807902838,131039.71370018664,1314.744896923944,132354.45859711058,3194,8,745.7560975609756,36,5,19,34.73864386273646,0.6307870370370371,44.03153153153153,1023.8738738738735,28.440940940940934,0
4018,4,0,0,40,0.0,0.0,1.0,40,1400,1100,300,0.7857142857142857,17,11,6,364.89083493654596,0.41220619658119656,0.17576297049847422,0.21224123712581333,131061.33355034719,1564.6158854166626,132625.94943576385,3195,9,717.225,35,5,19,34.66959138691082,0.6330357142857144,44.010416666666664,1023.958333333333,29.255952380952372,0
4019,4,0,1,39,0.0,0.025,0.975,40,1100,800,300,0.7272727272727273,14,8,6,365.55750648970906,0.4120325854700855,0.18415047446904675,0.21345086064953206,131209.51753257896,1592.9248113854737,132802.44234396445,3196,10,718.225,35,5,19,34.502560626600385,0.6345238095238095,43.86574074074075,1024.5370370370379,29.272486772486797,0
4020,4,2,0,41,0.04878048780487805,0.0,1.0,41,1050,800,250,0.7619047619047619,13,8,5,356.6427096350815,0.41310975609756095,0.20591073682126693,0.21134118083986717,131773.38023244613,1199.2566604509736,132972.6368928971,3197,0,700.8536585365854,35,6,19,34.16152350355088,0.6401785714285714,43.31597222222223,1026.7361111111122,29.33531746031749,0
4021,4,0,0,41,0.0,0.0,1.0,41,900,500,400,0.5555555555555556,13,5,8,356.9493706786636,0.41267784552845527,0.2088770262209554,0.21185362983490186,131832.8045294282,1211.5273223165366,133044.33185174473,3198,1,701.8536585365854,35,6,19,34.093715954769145,0.6407738095238094,43.258101851851855,1026.9675925925928,29.341931216931226,0
4022,4,0,0,41,0.0,0.0,1.0,41,1150,800,350,0.6956521739130435,15,8,7,356.6558600587763,0.4117123983739837,0.21420781839308378,0.2126761169551294,132011.1577958892,1216.5106042095479,133227.66840009874,3199,2,702.8536585365854,35,6,19,33.921448549010776,0.6425595238095237,43.08449074074075,1027.662037037038,29.361772486772516,0
4023,4,0,0,41,0.0,0.0,1.0,41,1400,1000,400,0.7142857142857143,18,10,8,357.99538212430525,0.41173780487804873,0.2137996349012452,0.21448340999153423,132189.6316256216,1264.6555373371127,133454.28716295873,3200,3,703.8536585365854,35,6,20,33.707207840930415,0.644345238095238,42.91087962962963,1028.3564814814818,29.381613756613763,0
4024,4,1,0,42,0.023809523809523808,0.0,1.0,42,1250,1000,250,0.8,15,10,5,349.41336499146024,0.4132549361207898,0.21167351832819503,0.21116720753831716,132517.14677640592,860.8165348508138,133377.96331125672,3201,0,688.0714285714286,35,7,21,33.59843375299761,0.6476190476190476,42.59259259259259,1029.6296296296289,29.417989417989396,0
4025,4,0,0,42,0.0,0.0,1.0,42,1100,700,400,0.6363636363636364,15,7,8,346.8933565549776,0.41246854432830043,0.21119954215540004,0.21081171013030459,132725.7764944486,808.338021904995,133534.11451635358,3202,1,689.0714285714286,35,7,16,33.45372814407129,0.649702380952381,42.39004629629629,1030.4398148148139,29.441137566137538,0
4026,4,0,1,41,0.0,0.023809523809523808,0.9761904761904762,42,1400,1100,300,0.7857142857142857,17,11,6,345.2621013147227,0.41198461091753774,0.20834736408874965,0.21082522690972313,132904.7325772674,777.3934488597067,133682.1260261271,3203,2,690.0714285714286,35,7,17,33.31614565794888,0.6514880952380953,42.21643518518517,1031.134259259257,29.460978835978775,0
4027,4,0,0,41,0.0,0.0,1.0,41,750,600,150,0.8,9,6,3,353.6679012303496,0.4097560975609756,0.21032077002840222,0.21498239838833602,132735.14739229015,1188.832199546468,133923.97959183663,3204,7,707.8536585365854,34,7,18,33.26979359211335,0.6519607843137256,42.38095238095237,1030.4761904761897,30.308123249299697,0
4028,4,0,0,41,0.0,0.0,1.0,41,800,600,200,0.75,10,6,4,350.88281098362336,0.40980691056910573,0.2071100419977523,0.2138138114220404,132827.17013888876,1121.3541666666488,133948.52430555542,3205,8,708.8536585365854,34,7,18,33.24912422527622,0.6528799019607844,42.29166666666666,1030.8333333333321,30.318627450980358,0
4029,4,0,1,40,0.0,0.024390243902439025,0.975609756097561,41,2000,1700,300,0.85,23,17,6,354.74992062205894,0.4092479674796748,0.21206681148491202,0.21777424305609105,133103.42970521536,1243.6862244897864,134347.11592970515,3206,9,709.8536585365854,34,7,18,32.872106214428534,0.6556372549019608,42.02380952380952,1031.9047619047615,30.350140056022397,0
4030,4,0,0,40,0.0,0.0,1.0,40,950,900,50,0.9473684210526315,10,9,1,364.6891917751219,0.4050347222222222,0.2196239752881075,0.2232428310669963,132997.7671598663,1700.56964268549,134698.33680255178,3207,10,728.375,33,7,18,32.721847649598025,0.6568813131313131,42.12622549019607,1031.4950980392148,31.25742721330954,0
4031,4,0,0,40,0.0,0.0,1.0,40,1000,500,500,0.5,15,5,10,364.05233552056234,0.40452724358974357,0.21625890736342046,0.22341987354833356,133092.5905901577,1690.533688965792,134783.1242791235,3208,11,729.375,33,7,19,32.64301266825021,0.6578282828282829,42.0343137254902,1031.8627450980398,31.268568033273933,0
4032,4,0,0,40,0.0,0.0,1.0,40,700,300,400,0.42857142857142855,11,3,8,364.7985853586921,0.4042735042735042,0.21957902861892897,0.22406775253869765,133124.20590938575,1712.7043985486287,134836.9103079344,3209,12,730.375,33,7,19,32.59200708546096,0.6581439393939394,42.00367647058823,1031.9852941176466,31.272281639928686,0
4033,4,0,0,40,0.0,0.0,1.0,40,1200,800,400,0.6666666666666666,16,8,8,363.3575722983678,0.4036458333333333,0.22037538922846278,0.22361061102903795,133195.58000283435,1679.5245181405758,134875.1045209749,3210,13,731.375,34,6,19,32.55751931726445,0.6565563725490196,41.9345238095238,1032.261904761904,30.360644257703058,0
4034,4,0,0,40,0.0,0.0,1.0,40,900,600,300,0.6666666666666666,12,6,6,366.54439617463373,0.4033520299145299,0.2232647296206618,0.22594453077630397,133257.0312499999,1768.9236111110972,135025.954861111,3211,14,732.375,34,6,19,32.41357277374226,0.6571691176470589,41.87499999999999,1032.4999999999993,30.367647058823508,0
4035,4,0,0,40,0.0,0.0,1.0,40,1450,1100,350,0.7586206896551724,18,11,7,361.80584175181923,0.4031517094017094,0.2223150495505879,0.2239480096092928,133410.72137188193,1653.755668934223,135064.47704081616,3212,15,733.375,34,6,19,32.38169317046938,0.6587009803921569,41.72619047619047,1033.095238095237,30.385154061624615,0
4036,4,0,0,40,0.0,0.0,1.0,40,1250,800,450,0.64,17,8,9,359.0858680148109,0.40271100427350426,0.22466021653996848,0.22300311202464837,133533.73724489775,1590.0155895691405,135123.7528344669,3213,16,734.375,34,6,19,32.32862051754589,0.6599264705882353,41.60714285714285,1033.5714285714268,30.399159663865497,0
4037,4,1,1,40,0.024390243902439025,0.024390243902439025,0.975609756097561,41,1100,700,400,0.6363636363636364,15,7,8,349.69595964145776,0.40520833333333334,0.21568178097888357,0.21892730246460992,133831.25964506157,1160.0501543209707,134991.30979938255,3214,0,717.439024390244,35,6,18,32.27348993288591,0.6607142857142858,41.319444444444436,1034.722222222221,29.56349206349203,0
4038,4,0,0,40,0.0,0.0,1.0,40,1400,900,500,0.6428571428571429,19,9,10,361.0582238705234,0.40169604700854705,0.22303752302025792,0.2253501328295337,133718.36734693882,1656.0232426303908,135374.3905895692,3215,18,736.375,34,6,18,32.09263735420504,0.6617647058823529,41.42857142857143,1034.2857142857147,30.420168067226903,0
4039,4,0,0,40,0.0,0.0,1.0,40,1000,800,200,0.8,12,8,4,360.2336036818849,0.40158920940170945,0.22054763000460142,0.2255872106053996,133841.52494331083,1642.8429705215576,135484.3679138324,3216,19,737.375,34,6,19,31.990623561895994,0.6629901960784312,41.30952380952382,1034.761904761906,30.43417366946782,0
4040,4,0,0,40,0.0,0.0,1.0,40,1100,600,500,0.5454545454545454,16,6,10,360.7370585596449,0.40137553418803423,0.2250402576489534,0.22628051855105,133903.12500000012,1660.7638888889037,135563.88888888902,3217,20,738.375,34,6,19,31.915928609769196,0.6636029411764706,41.25000000000001,1035.000000000001,30.44117647058826,0
4041,4,0,1,39,0.0,0.025,0.975,40,950,700,250,0.7368421052631579,12,7,5,361.20192726789537,0.4014022435897436,0.22872585096596132,0.22695173117930784,133964.73922902506,1677.6643990929836,135642.40362811805,3218,21,739.375,34,6,19,31.84222631094757,0.6642156862745097,41.1904761904762,1035.238095238096,30.44817927170871,0
4042,4,0,0,39,0.0,0.0,1.0,39,950,700,250,0.7368421052631579,12,7,5,368.86349690891427,0.40103463787674315,0.22768963770028772,0.23245827087078552,134074.41135921283,2091.0312439926975,136165.44260320553,3219,22,746.4871794871794,33,6,20,31.534113319922685,0.6676136363636364,41.08455882352941,1035.6617647058824,31.383689839572195,0
4043,4,0,0,39,0.0,0.0,1.0,39,1200,800,400,0.6666666666666666,16,8,8,369.4931739022222,0.40038798920377866,0.22779081969997494,0.23346003678396013,134169.6177551903,2114.9515811226447,136284.56933631294,3220,23,747.4871794871794,33,6,20,31.42250216859869,0.6685606060606061,40.99264705882353,1036.0294117647059,31.39483065953654,0
4044,4,0,0,39,0.0,0.0,1.0,39,1050,700,350,0.6666666666666666,14,7,7,367.82418863413176,0.399685110211426,0.22916249825684676,0.23321266772619825,134296.61218041135,2079.508482314489,136376.12066272585,3221,24,748.4871794871794,33,6,22,31.338673445258916,0.6698232323232323,40.870098039215684,1036.519607843137,31.409685086155665,0
4045,4,0,0,39,0.0,0.0,1.0,39,1050,600,450,0.5714285714285714,15,6,9,366.3696988888771,0.3994039586144849,0.23027177544454558,0.2331224577809356,134427.29768990932,2050.0177154195044,136477.31540532882,3222,25,749.4871794871794,34,5,22,31.24569509815176,0.6688112745098038,40.74404761904762,1037.0238095238096,30.50070028011205,0
4046,4,0,0,39,0.0,0.0,1.0,39,750,600,150,0.8,9,6,3,366.2392961363343,0.3992352676563203,0.2280444671998494,0.23363171497306126,134519.90504535148,2053.2950680272115,136573.2001133787,3223,26,750.4871794871794,34,5,23,31.156520159130903,0.6697303921568627,40.654761904761905,1037.3809523809525,30.51120448179272,0
4047,4,0,0,39,0.0,0.0,1.0,39,1100,600,500,0.5454545454545454,16,6,10,366.89492741458304,0.398897885739991,0.22822844648757035,0.23445278116371887,134582.56927924356,2075.535940479132,136658.1052197227,3224,27,751.4871794871794,33,6,23,31.076901499940945,0.6726641414141414,40.59436274509804,1037.6225490196077,31.44310754604872,0
4048,4,0,0,39,0.0,0.0,1.0,39,1050,800,250,0.7619047619047619,13,8,5,364.9159948403382,0.3985605038236617,0.22682073083584675,0.23339189156404697,134614.36106305252,2024.5866974240512,136638.94776047659,3225,28,752.4871794871794,33,6,23,31.09648086915446,0.672979797979798,40.56372549019607,1037.7450980392146,31.44682115270347,0
4049,4,0,0,39,0.0,0.0,1.0,39,850,600,250,0.7058823529411765,11,6,5,394.7770765404151,0.3985605038236617,0.18056257678673715,0.23217774796674168,131485.1878634419,2585.3122897443236,134070.50015318624,3226,29,753.4871794871794,33,6,21,33.47460369618034,0.641729797979798,43.59681372549019,1025.6127450980389,31.079174093879967,8
4050,4,1,2,38,0.025,0.05,0.95,40,900,600,300,0.6666666666666666,12,6,6,386.05169992106477,0.40241720085470084,0.1673112605821636,0.228477955279296,131725.00177154204,2170.53217120182,133895.53394274387,3227,0,735.625,34,6,17,33.45558390351384,0.6418504901960784,43.36309523809524,1026.5476190476197,30.192577030812345,0
4051,4,0,0,38,0.0,0.0,1.0,38,750,400,350,0.5333333333333333,11,4,7,399.86832602780953,0.3983671171171171,0.18102308948145795,0.2354007449746323,131522.3255280074,2918.322428833796,134440.64795684122,3228,31,771.5526315789474,32,6,21,33.3064069423929,0.64453125,43.56060606060606,1025.7575757575762,32.054924242424256,0
4052,4,1,1,38,0.02564102564102564,0.02564102564102564,0.9743589743589743,39,950,800,150,0.8421052631578947,11,8,3,394.5201772925388,0.4018218623481781,0.17799976740057954,0.23375460009596094,131768.13755526717,2597.037797962321,134365.17535322948,3229,0,752.7435897435897,33,6,17,33.19457706692132,0.6445707070707071,43.32107843137255,1026.7156862745094,31.112596553773013,0
4053,4,1,0,39,0.02564102564102564,0.0,1.0,39,1050,900,150,0.8571428571428571,12,9,3,393.81328155370477,0.401006522717049,0.19277559423544854,0.23457573727329353,131969.53124999988,2594.2708333333194,134563.8020833332,3230,0,753.7179487179487,34,5,19,33.008921330089215,0.6443014705882353,43.12499999999999,1027.499999999999,30.22058823529409,0
4054,4,0,0,39,0.0,0.0,1.0,39,1300,1100,200,0.8461538461538461,15,11,4,401.86699750562167,0.4008940620782726,0.19898813553283268,0.24034095501790478,132122.47732426284,2819.1326530612077,134941.60997732406,3231,1,754.7179487179487,34,5,19,32.64725181411147,0.6458333333333335,42.97619047619047,1028.0952380952367,30.238095238095198,0
4055,4,0,0,39,0.0,0.0,1.0,39,1050,700,350,0.6666666666666666,14,7,7,398.5045257213841,0.3997694556905083,0.19916973047397812,0.23929656753012343,132275.51197562338,2742.4780328797983,135017.99000850317,3232,2,755.7179487179487,34,5,20,32.5789356941712,0.6473651960784315,42.82738095238094,1028.6904761904746,30.25560224089631,0
4056,4,0,0,39,0.0,0.0,1.0,39,1050,800,250,0.7619047619047619,13,8,5,400.37534896200646,0.39988191632928477,0.2044696780930011,0.24100588554509603,132367.3752834465,2799.3268140589335,135166.70209750545,3233,3,756.7179487179487,34,5,20,32.43796274872745,0.6482843137254903,42.73809523809523,1029.0476190476174,30.266106442576984,0
4057,4,1,0,40,0.025,0.0,1.0,40,1150,800,350,0.6956521739130435,15,8,7,390.3492647058825,0.4031383547008547,0.20316176470588232,0.23699776785714288,132690.54178145083,2359.1417128145977,135049.68349426542,3234,0,738.775,32,8,18,32.369791666666664,0.65625,42.42424242424242,1030.30303030303,32.19696969696969,0
4058,4,0,0,40,0.0,0.0,1.0,40,1400,800,600,0.5714285714285714,20,8,12,393.23312094506747,0.40263087606837605,0.20020215633423222,0.2391630948698689,132755.5941358025,2440.7793209876613,135196.37345679017,3235,1,739.775,32,8,18,32.2298966756514,0.6569010416666666,42.361111111111114,1030.5555555555557,32.204861111111114,0
4059,4,0,0,40,0.0,0.0,1.0,40,900,600,300,0.6666666666666666,12,6,6,370.5003349305081,0.4033253205128205,0.11625728101989186,0.21651782578886944,131241.5683208548,1725.0090039363836,132966.57732479117,3236,2,740.775,36,4,18,34.34351760266696,0.6328125,43.83445945945947,1024.6621621621634,28.462837837837874,8
4060,4,0,0,40,0.0,0.0,1.0,40,850,700,150,0.8235294117647058,10,7,3,372.79397184215713,0.4030315170940171,0.12032520325203233,0.21835075493612074,131328.12500000015,1791.666666666681,133119.79166666683,3237,3,741.775,36,4,18,34.19715447154471,0.6336805555555556,43.75000000000001,1025.0000000000011,28.472222222222253,0
4061,4,1,0,41,0.024390243902439025,0.0,1.0,41,1300,900,400,0.6923076923076923,17,9,8,355.2887654317755,0.4085111788617886,0.11498221358509264,0.20186573460076643,130153.5462437905,1065.7796634158642,131219.32590720637,3238,0,724.6585365853658,38,3,19,35.83503472585767,0.6181469298245614,44.898504273504265,1020.4059829059818,26.852789023841627,6
4062,4,1,0,42,0.023809523809523808,0.0,1.0,42,1200,800,400,0.6666666666666666,16,8,8,348.1505988579104,0.41159746418892756,0.11939409210933816,0.19924757616656816,130435.08193582094,682.3473488981494,131117.42928471908,3239,0,708.3809523809524,36,6,20,35.731773417116806,0.6247106481481481,44.622747747747745,1021.5090090090089,28.375250250250247,0
4063,4,0,0,42,0.0,0.0,1.0,42,1200,800,400,0.6666666666666666,16,8,8,346.47843038488384,0.41196041424699964,0.11236388535454944,0.19869738416964494,130514.55886667041,644.0958996998919,131158.6547663703,3240,1,709.3809523809524,37,5,14,35.69398987731157,0.6235923423423424,44.54495614035087,1021.8201754385957,27.616761498340423,0
4064,4,1,1,42,0.023255813953488372,0.023255813953488372,0.9767441860465116,43,700,600,100,0.8571428571428571,8,6,2,339.47129544368215,0.4129291251384275,0.11316987383465871,0.19602522210963894,130781.15297866902,279.2894842574326,131060.44246292645,3241,0,693.8604651162791,38,5,14,35.603370238841286,0.6244517543859649,44.284188034188034,1022.863247863248,26.917453891138106,0
4065,4,0,1,41,0.0,0.023809523809523808,0.9761904761904762,42,750,500,250,0.6666666666666666,10,5,5,346.1559847335924,0.412395954316686,0.11160219583812059,0.1993764396319178,130682.67549871115,647.3180449753736,131329.99354368652,3242,3,711.3809523809524,37,5,14,35.53205987488829,0.6252815315315314,44.38048245614035,1022.4780701754387,27.63454243717402,0
4066,4,0,0,41,0.0,0.0,1.0,41,800,500,300,0.625,11,5,6,351.4939026226014,0.40752032520325204,0.11708177020068988,0.2019087759621983,130578.9150637124,979.5384911938955,131558.4535549063,3243,4,729.6341463414634,36,5,14,35.500679447627434,0.6261574074074074,44.48198198198198,1022.0720720720724,28.3908908908909,0
4067,4,2,1,42,0.046511627906976744,0.023255813953488372,0.9767441860465116,43,1350,1000,350,0.7407407407407407,17,10,7,338.0182133948042,0.412375415282392,0.11067914543554047,0.19727672843839192,131191.27498584636,269.008076740457,131460.28306258682,3244,0,696.6511627906976,38,5,16,35.226344422428475,0.628563596491228,43.88354700854701,1024.4658119658125,26.959626630679274,0
4068,4,0,1,41,0.0,0.023809523809523808,0.9761904761904762,42,1050,700,350,0.6666666666666666,14,7,7,346.92498354321435,0.4081736353077816,0.11054439975326402,0.20216009178273034,131131.51552641208,698.5597731994619,131830.07529961155,3245,1,714.2380952380952,37,5,17,35.05859026513935,0.6297860360360359,43.94188596491229,1024.2324561403518,27.68195827406356,0
4069,4,0,0,41,0.0,0.0,1.0,41,1300,900,400,0.6923076923076923,17,9,8,353.2291925316893,0.4044207317073171,0.1048490893879912,0.20595979072232373,131155.04017531063,1065.557787517263,132220.5979628279,3246,2,732.390243902439,36,5,19,34.87338756962766,0.6319444444444444,43.918918918918926,1024.3243243243257,28.45345345345349,0
4070,4,0,0,41,0.0,0.0,1.0,41,600,200,400,0.3333333333333333,10,2,8,355.51406834923307,0.40447154471544716,0.10673277941570603,0.20791632531992435,131270.4173768365,1133.6960271082144,132404.1134039447,3247,3,733.390243902439,36,5,20,34.69826007326007,0.6331018518518517,43.80630630630632,1024.7747747747765,28.465965965966014,0
4071,4,0,0,41,0.0,0.0,1.0,41,1200,900,300,0.75,15,9,6,356.9303985722783,0.40472560975609756,0.11084671822327974,0.20905923344947755,131328.12500000023,1175.0000000000296,132503.12500000026,3248,4,734.390243902439,36,5,20,34.60365853658537,0.6336805555555554,43.750000000000014,1025.0000000000018,28.47222222222227,0
4072,4,1,0,42,0.023809523809523808,0.0,1.0,42,1450,1200,250,0.8275862068965517,17,12,5,333.38452828595365,0.40680652342237705,0.14471895272501256,0.19084540608550815,130444.94224773237,302.00538548752,130746.94763321988,3249,0,717.8809523809524,34,8,22,36.0988909606495,0.6289828431372548,44.613095238095234,1021.5476190476186,30.0455182072829,4
4073,4,1,0,43,0.023255813953488372,0.0,1.0,43,1050,700,350,0.6666666666666666,14,7,7,324.0076530200974,0.409422296050203,0.14067701603459049,0.18701865641662954,130765.21675936629,-126.21380422669452,130639.0029551396,3250,0,702.1627906976744,35,8,18,36.01488533061748,0.6300595238095239,44.29976851851851,1022.8009259259248,29.222883597883566,0
4074,4,2,1,44,0.044444444444444446,0.022222222222222223,0.9777777777777777,45,900,400,500,0.4444444444444444,14,4,10,311.59068242352527,0.4152777777777778,0.14984371471696334,0.18263707147194577,131356.22409058549,-814.1248990073998,130542.09919157809,3251,0,671.9111111111112,37,8,19,35.737222341070336,0.6320382882882883,43.72258771929824,1025.1096491228063,27.70566619250828,0
4075,4,1,0,45,0.022222222222222223,0.0,1.0,45,700,400,300,0.5714285714285714,10,4,6,314.7758269522233,0.41485690235690237,0.15271897940275103,0.18518321291264753,131496.76462950138,-721.5994344413684,130775.16519506002,3252,0,672.8888888888889,37,8,20,35.51421851614284,0.6334459459459459,43.58552631578947,1025.657894736842,27.720483641536273,0
4076,4,0,0,45,0.0,0.0,1.0,45,1250,900,350,0.72,16,9,7,317.2401198042224,0.4147516835016835,0.15403608736942043,0.18746007079340407,131665.51246537393,-646.0834102800901,131019.42905509385,3253,1,673.8888888888889,37,8,16,35.28133903133904,0.6351351351351351,43.421052631578945,1026.315789473684,27.738264580369837,0
4077,4,0,0,45,0.0,0.0,1.0,45,1200,800,400,0.6666666666666666,16,8,8,317.6908195489621,0.4143308080808081,0.15063548008117067,0.18814289332301923,131749.92696069946,-628.8515456678958,131121.07541503158,3254,2,674.8888888888889,37,8,17,35.18492559364876,0.6359797297297298,43.338815789473685,1026.6447368421054,27.747155049786635,0
4078,4,0,0,45,0.0,0.0,1.0,45,1100,700,400,0.6363636363636364,15,7,8,320.3654054408001,0.41452020202020207,0.15408925902199466,0.1901484402635316,131834.3685076175,-552.9658164050694,131281.40269121242,3255,3,675.8888888888889,37,8,17,35.03140792938999,0.6368243243243243,43.25657894736841,1026.9736842105247,27.75604551920337,0
4079,4,0,0,45,0.0,0.0,1.0,45,1250,900,350,0.72,16,9,7,318.23072841269084,0.413510101010101,0.1523403044529803,0.1897238159468025,132003.33275623253,-598.4966528162752,131404.83610341625,3256,4,676.8888888888889,37,8,18,34.91650661545027,0.6385135135135136,43.09210526315788,1027.631578947367,27.773826458036943,0
4080,4,0,1,44,0.0,0.022222222222222223,0.9777777777777777,45,1700,1200,500,0.7058823529411765,22,12,10,317.55391308256276,0.41306818181818183,0.14887987706954187,0.1890969648368425,131958.5539141829,-619.2089679669778,131339.34494621592,3257,5,677.8888888888889,38,7,19,34.978856885376594,0.6362390350877192,43.13568376068376,1027.457264957265,27.03834907782276,1
4081,4,0,0,44,0.0,0.0,1.0,44,900,500,400,0.5555555555555556,13,5,8,323.61454918154413,0.4111059725158563,0.15286631929283256,0.1925044261131358,131918.83710612892,-261.8290002692983,131657.00810585963,3258,6,694.1136363636364,37,7,19,34.86309015547729,0.6376689189189189,43.174342105263165,1027.3026315789484,27.764935988620227,0
4082,4,0,0,44,0.0,0.0,1.0,44,1050,600,450,0.5714285714285714,15,6,9,324.4779402107495,0.4109187808315715,0.15408567105110027,0.19344829870579802,132003.3327562327,-233.56609726068888,131769.76665897202,3259,7,695.1136363636364,37,7,19,34.75601081234884,0.6385135135135135,43.0921052631579,1027.6315789473686,27.77382645803699,0
4083,4,0,0,44,0.0,0.0,1.0,44,1450,1100,350,0.7586206896551724,18,11,7,327.6002956654404,0.4105443974630021,0.16810039837548119,0.1963299152106177,132200.59447378048,-138.2092326485017,132062.38524113197,3260,8,696.1136363636364,37,7,21,34.47762288090416,0.6404842342342343,42.90021929824562,1028.399122807018,27.794570886676166,0
4084,4,0,1,43,0.0,0.022727272727272728,0.9772727272727273,44,800,500,300,0.625,11,5,6,331.1461358195258,0.41014799154334036,0.17189104862308846,0.19889968285907764,132285.18029586028,-38.8547437673156,132246.32555209295,3261,9,697.1136363636364,37,7,21,34.301499324948466,0.6413288288288288,42.81798245614035,1028.7280701754387,27.80346135609294,0
4085,4,0,0,43,0.0,0.0,1.0,43,850,700,150,0.8235294117647058,10,7,3,333.47244453655964,0.4098606496862311,0.17648660824503493,0.20058839537396628,132340.06123944905,226.35274632742386,132566.41398577648,3262,10,709.7441860465116,36,7,21,34.18654919557843,0.6438078703703705,42.76463963963965,1028.9414414414425,28.581706706706736,0
4086,4,0,0,43,0.0,0.0,1.0,43,950,500,450,0.5263157894736842,14,5,9,333.68340440379643,0.40946843853820597,0.1793838150936291,0.20086949601066476,132369.03077063555,233.869765035316,132602.90053567087,3263,11,710.7441860465116,36,7,21,34.152029984679366,0.6440972222222222,42.73648648648649,1029.0540540540546,28.58483483483485,0
4087,4,0,1,42,0.0,0.023255813953488372,0.9767441860465116,43,1350,1000,350,0.7407407407407407,17,10,7,333.47965688786724,0.4086148025101513,0.18274143530260778,0.201219000567211,132457.5684263545,234.3840646045029,132691.952490959,3264,12,711.7441860465116,35,8,21,34.06837943182669,0.6470238095238096,42.650462962962955,1029.3981481481474,29.41137566137564,0
4088,4,0,0,42,0.0,0.0,1.0,42,800,400,400,0.5,12,4,8,336.3386143299321,0.4079074719318622,0.16685388308885019,0.20311845926852323,132489.90929705213,512.2945011337756,133002.20379818592,3265,13,689.0952380952381,34,8,22,33.96233233117483,0.6495098039215687,42.61904761904761,1029.5238095238092,30.280112044817916,0
4089,4,1,1,42,0.023255813953488372,0.023255813953488372,0.9767441860465116,43,1200,900,300,0.75,15,9,6,329.26235641996243,0.4114294942783315,0.1626026452704823,0.20025628562591125,132755.59413580227,142.28395061726147,132897.87808641954,3266,0,674.046511627907,35,8,17,33.87803234501349,0.6500000000000001,42.3611111111111,1030.5555555555538,29.444444444444397,0
4090,4,0,0,42,0.0,0.0,1.0,42,650,500,150,0.7692307692307693,8,5,3,335.41413311987685,0.40781068524970965,0.17204265574961242,0.20355356998733592,132673.8166099771,500.13463718817883,133173.95124716527,3267,15,691.0952380952381,34,8,17,33.801565749942206,0.6513480392156864,42.440476190476176,1030.2380952380934,30.301120448179216,0
4091,4,0,0,42,0.0,0.0,1.0,42,1400,900,500,0.6428571428571429,19,9,10,335.3714222113817,0.40707268679829656,0.17484784007125564,0.20469710273240116,132888.53635204062,513.4034863945371,133401.93983843515,3268,16,692.0952380952381,34,8,18,33.587345572104844,0.6534926470588236,42.23214285714285,1031.071428571427,30.325630252100797,0
4092,4,0,0,42,0.0,0.0,1.0,42,1550,1300,250,0.8387096774193549,18,13,5,335.6020682658248,0.40668554006968644,0.17284917429175994,0.20551179657408963,133011.31129535128,527.7742346938546,133539.08553004512,3269,17,693.0952380952381,34,8,18,33.45835737641854,0.654718137254902,42.11309523809523,1031.5476190476174,30.33963585434169,0
4093,4,0,1,41,0.0,0.023809523809523808,0.9761904761904762,42,1000,800,200,0.8,12,8,4,336.98288715519857,0.4066613433991482,0.1760432630775235,0.20703789147756285,133134.1429280043,572.7855725623334,133706.92850056663,3270,18,694.0952380952381,34,8,18,33.29968854539162,0.6559436274509804,41.994047619047606,1032.0238095238076,30.353641456582576,0
4094,4,1,1,41,0.023809523809523808,0.023809523809523808,0.9761904761904762,42,1000,800,200,0.8,12,8,4,336.4501883314497,0.40587495160665893,0.171229792655069,0.2072227296314153,133226.30385487512,564.8030045351198,133791.10685941024,3271,0,694.5952380952381,34,8,19,33.22114275830258,0.6568627450980393,41.90476190476189,1032.380952380951,30.36414565826326,0
4095,4,0,0,41,0.0,0.0,1.0,41,1400,900,500,0.6428571428571429,19,9,10,346.4505609171643,0.4027184959349594,0.18145600259421357,0.21334060856477985,133219.07439446353,1030.7646097654517,134249.839004229,3272,20,712.5365853658536,33,8,20,32.970283317505526,0.6590909090909092,41.91176470588234,1032.3529411764694,31.28342245989301,0
4096,4,0,0,41,0.0,0.0,1.0,41,850,300,550,0.35294117647058826,14,3,11,347.86081691129425,0.401880081300813,0.18369390909669825,0.21457359028510695,133282.3388240098,1072.7406526335765,134355.07947664338,3273,21,713.5365853658536,33,8,20,32.870480259514196,0.6597222222222223,41.85049019607842,1032.5980392156848,31.29084967320257,0
4097,4,0,0,41,0.0,0.0,1.0,41,1550,1000,550,0.6451612903225806,21,10,11,348.90478525600815,0.4016514227642276,0.17884635419681216,0.21558427640305247,133345.6182718184,1104.9848615916821,134450.6031334101,3274,22,714.5365853658536,33,8,20,32.780117861097935,0.6603535353535355,41.7892156862745,1032.843137254901,31.298276886512152,0
4098,4,0,0,41,0.0,0.0,1.0,41,1150,800,350,0.6956521739130435,15,8,7,351.2096689082798,0.4013719512195122,0.18049359141278254,0.2173786717251685,133408.9127378891,1170.9000144175156,134579.8127523066,3275,23,715.5365853658536,33,8,20,32.65717674970343,0.6609848484848486,41.72794117647058,1033.0882352941164,31.30570409982171,0
4099,4,0,0,41,0.0,0.0,1.0,41,1200,1000,200,0.8333333333333334,14,10,4,349.84416936787534,0.4003810975609756,0.17788625597899355,0.21727435378856114,133535.5467248173,1143.3264850057606,134678.87320982307,3276,24,716.5365853658536,33,8,21,32.56560746186072,0.6622474747474747,41.60539215686274,1033.5784313725485,31.320558526440863,0
4100,4,0,0,41,0.0,0.0,1.0,41,950,800,150,0.8421052631578947,11,8,3,350.4028097874019,0.40010162601626015,0.17835293573419353,0.21799396042526006,133598.88624567492,1162.685024990409,134761.57127066533,3277,25,717.5365853658536,33,8,21,32.48775090880354,0.6628787878787878,41.54411764705883,1033.8235294117662,31.327985739750492,0
4101,4,0,0,41,0.0,0.0,1.0,41,1000,800,200,0.8,12,8,4,349.62267613957124,0.3995426829268293,0.1756745038415064,0.21788154662228243,133662.24078479447,1146.2700643983267,134808.5108491928,3278,26,718.5365853658536,33,8,21,32.444497116220276,0.6635101010101009,41.48284313725491,1034.0686274509817,31.33541295306005,0
4102,4,0,0,41,0.0,0.0,1.0,41,1050,900,150,0.8571428571428571,12,9,3,351.19076383967274,0.3995426829268293,0.1756259353638312,0.21961129098774215,133788.99491782018,1197.0918637062814,134986.08678152645,3279,27,719.5365853658536,33,8,18,32.27710653083787,0.6647727272727272,41.360294117647065,1034.5588235294126,31.35026737967917,0
4103,4,0,0,41,0.0,0.0,1.0,41,1300,800,500,0.6153846153846154,18,8,10,349.6817743501652,0.3981707317073171,0.17577378236486574,0.21942141650531183,133915.80912389472,1165.5835495963188,135081.39267349103,3280,28,720.5365853658536,33,8,18,32.18930065514246,0.6660353535353535,41.23774509803922,1035.0490196078438,31.365121806298298,0
4104,4,0,0,41,0.0,0.0,1.0,41,650,200,450,0.3076923076923077,11,2,9,350.65117617940746,0.39738313008130083,0.17898882113821135,0.22040931074134196,133979.23875432534,1195.9955305651742,135175.23428489052,3281,29,721.5365853658536,33,8,18,32.10079308712122,0.6666666666666665,41.1764705882353,1035.2941176470595,31.372549019607863,0
4105,4,0,0,41,0.0,0.0,1.0,41,750,600,150,0.8,9,6,3,351.2566086621618,0.39756097560975606,0.18239861451869022,0.22117126253317956,134042.6834030182,1216.67567762401,135259.3590806422,3282,30,722.5365853658536,33,8,19,32.0216962524655,0.6672979797979797,41.11519607843138,1035.5392156862754,31.379976232917436,0
4106,4,0,0,41,0.0,0.0,1.0,41,1250,1000,250,0.8,15,10,5,353.7281066039602,0.3978404471544716,0.18081377738673865,0.22369268072823412,134201.3607296475,1294.158646914677,135495.51937656218,3283,31,723.5365853658536,33,8,20,31.79910802286615,0.6688762626262625,40.96200980392158,1036.1519607843159,31.39854426619139,0
4107,4,0,0,41,0.0,0.0,1.0,41,1050,800,250,0.7619047619047619,13,8,5,376.35868575549205,0.3980182926829268,0.16615853658536572,0.2241044901544066,131956.93963860048,1781.024425701645,133737.96406430213,3284,32,724.5365853658536,33,8,20,33.47000238549617,0.6464646464646465,43.13725490196078,1027.4509803921565,31.13487819370171,8
4108,4,0,0,41,0.0,0.0,1.0,41,1150,800,350,0.6956521739130435,15,8,7,356.14575655313513,0.398119918699187,0.16217921226291132,0.20215227585421014,130114.93866008645,1067.9766535922408,131182.9153136787,3285,33,725.5365853658536,35,6,21,35.852358668935544,0.6235119047619049,44.93634259259259,1020.2546296296285,29.150132275132243,5
4109,4,0,0,41,0.0,0.0,1.0,41,1150,700,450,0.6086956521739131,16,7,9,362.1603283822972,0.39745934959349594,0.16017762490287835,0.2065039597065444,130292.12648158852,1237.3278624399704,131529.4543440285,3286,34,726.5365853658536,35,6,22,35.51905018327476,0.625297619047619,44.762731481481474,1020.949074074073,29.169973544973516,0
4110,4,1,0,42,0.023809523809523808,0.0,1.0,42,1350,900,450,0.6666666666666666,18,9,9,358.18155795765466,0.4003581107239644,0.16076672959932892,0.20636348643753236,130694.03863322812,962.4388746855332,131656.47750791366,3287,0,710.2142857142857,36,6,14,35.21315161527168,0.6273148148148147,44.36936936936939,1022.5225225225249,28.40340340340347,0
4111,4,1,0,43,0.023255813953488372,0.0,1.0,43,1000,700,300,0.7,13,7,6,351.50311422163566,0.4056847545219638,0.15785658956240556,0.20423052753499796,131019.23338190619,610.7337113342778,131629.96709324047,3288,0,694.6744186046511,37,6,16,35.05486683802793,0.6286599099099097,44.05153508771931,1023.7938596491246,27.670104314841204,0
4112,4,0,0,43,0.0,0.0,1.0,43,800,400,400,0.5,12,4,8,350.23407874766696,0.40596160944998155,0.15149643942034774,0.20393929523087384,131103.44048168705,583.3785395506732,131686.81902123772,3289,1,695.6744186046511,37,6,16,35.002230549607425,0.6295045045045042,43.969298245614056,1024.1228070175468,27.678994784258023,0
4113,4,1,1,43,0.022727272727272728,0.022727272727272728,0.9772727272727273,44,850,600,250,0.7058823529411765,11,6,5,342.78251356710615,0.40884866102889356,0.15755312350215656,0.20107551569039586,131385.84530476463,207.73879390550624,131593.58409867014,3290,0,680.8409090909091,36,8,17,34.907961701816056,0.6342592592592591,43.69369369369372,1025.2252252252285,28.47847847847857,0
4114,4,1,0,44,0.022727272727272728,0.0,1.0,44,1100,800,300,0.7272727272727273,14,8,6,336.48669822053625,0.40884866102889356,0.16560063583377516,0.19907415003096793,131711.684564249,63.845971217807715,131775.53053546682,3291,0,677.5454545454545,38,6,13,34.74101443241745,0.6337719298245612,43.376068376068396,1026.4957264957293,27.01304543409814,0
4115,4,0,0,44,0.0,0.0,1.0,44,1000,800,200,0.8,12,8,4,336.23505886056904,0.4080558491895701,0.1651912382249463,0.19949946825727116,131821.37573964518,64.59360618016882,131885.96934582535,3292,1,678.5454545454545,38,6,15,34.63704223886808,0.6348684210526314,43.26923076923078,1026.9230769230785,27.02429149797575,0
4116,4,1,1,44,0.022222222222222223,0.022222222222222223,0.9777777777777777,45,1250,1000,250,0.8,15,10,5,329.52360703236485,0.41007996632996635,0.1696527496284288,0.19683649843797713,132076.58420138917,-295.52951388885475,131781.05468750032,3293,0,664.4444444444445,39,6,15,34.552763140116234,0.6356837606837605,43.02083333333335,1027.916666666669,26.35683760683767,0
4117,4,0,0,44,0.0,0.0,1.0,44,750,300,450,0.4,12,3,9,335.9729960708181,0.40689966525722343,0.17398876988665912,0.2000651580936882,131958.5539141832,66.90214314416136,132025.45605732736,3294,3,680.5454545454545,38,6,15,34.50573636962324,0.6362390350877192,43.135683760683776,1027.4572649572672,27.03834907782282,0
4118,4,0,1,43,0.0,0.022727272727272728,0.9772727272727273,44,1200,1000,200,0.8333333333333334,14,10,4,336.7254103584796,0.4072410147991543,0.17228647560733634,0.20109467244313683,132068.34781804745,94.15372287969896,132162.50154092716,3295,4,681.5454545454545,38,6,16,34.37597443093233,0.6373355263157894,43.02884615384616,1027.8846153846164,27.049595141700433,0
4119,4,0,1,42,0.0,0.023255813953488372,0.9767441860465116,43,950,600,350,0.631578947368421,13,6,7,337.12406671581346,0.4076458102620893,0.1555823179017659,0.1944561638997148,130738.73842191814,215.4459486908433,130954.18437060899,3296,5,684.1860465116279,37,6,13,35.706260498195206,0.6258445945945947,44.325657894736835,1022.6973684210515,27.640469416785173,6
4120,4,0,1,41,0.0,0.023809523809523808,0.9761904761904762,42,1150,800,350,0.6956521739130435,15,8,7,342.17050363331856,0.40731465350367785,0.15907825864930425,0.19708091083265572,130682.67549871113,543.151378308707,131225.82687701983,3297,7,701.3571428571429,37,5,14,35.633936550491505,0.6252815315315315,44.38048245614035,1022.4780701754386,27.634542437174016,0
4121,4,0,0,41,0.0,0.0,1.0,41,1050,900,150,0.8571428571428571,12,9,3,344.970611072555,0.40584349593495933,0.17195377107388476,0.1989001980412619,130722.82745160717,819.1067334226288,131541.9341850298,3298,8,716.7560975609756,36,5,14,35.521739529420415,0.6276041666666665,44.341216216216225,1022.6351351351364,28.406531531531567,0
4122,4,0,0,41,0.0,0.0,1.0,41,1050,500,550,0.47619047619047616,16,5,11,346.08414946898324,0.40584349593495933,0.1733605798019886,0.19983994466794508,130780.41459956583,852.2057107783527,131632.62031034418,3299,9,717.7560975609756,36,5,15,35.435015963888574,0.6281828703703705,44.28490990990991,1022.8603603603608,28.4127877877878,0
4123,4,2,1,42,0.046511627906976744,0.023255813953488372,0.9767441860465116,43,850,500,350,0.5882352941176471,12,5,7,332.45215716290176,0.41170634920634924,0.17450953291967086,0.19430521872939627,131246.00643080217,126.60359138725761,131372.61002218942,3300,0,685.3255813953489,38,5,17,35.31370555729331,0.629111842105263,43.83012820512821,1024.6794871794878,26.9652496626181,0
4124,4,1,0,43,0.023255813953488372,0.0,1.0,43,950,700,250,0.7368421052631579,12,7,5,334.4645793345486,0.4103682170542636,0.18368910020490592,0.19647693127743068,131440.53939673738,192.46662548421114,131633.00602222158,3301,0,686.3023255813954,37,6,18,35.06602865697177,0.632882882882883,43.64035087719298,1025.4385964912276,27.71455666192507,0
4125,4,0,0,43,0.0,0.0,1.0,43,1300,900,400,0.6923076923076923,17,9,8,334.0435894675389,0.4102297895902547,0.18100667504982693,0.1970983549960423,131609.2511638197,192.6453331794454,131801.89649699914,3302,1,687.3023255813954,37,6,14,34.90685331623567,0.634572072072072,43.47587719298246,1026.0964912280706,27.732337600758665,0
4126,4,0,0,43,0.0,0.0,1.0,43,1300,900,400,0.6923076923076923,17,9,8,334.8213371629694,0.4107373569582872,0.1835875502037958,0.19828793041473014,131749.92696069946,222.53734322099336,131972.46430392045,3303,2,688.3023255813954,37,6,16,34.74525169995372,0.6359797297297296,43.338815789473685,1026.6447368421054,27.747155049786635,0
4127,4,1,0,44,0.022727272727272728,0.0,1.0,44,1450,1000,450,0.6896551724137931,19,10,9,323.66869050832713,0.41270260747004933,0.18570698372643446,0.19374976616177692,132156.90239800364,-244.98969184025816,131911.9127061634,3304,0,673.6363636363636,39,5,17,34.62256863539661,0.6364850427350426,42.94270833333334,1028.229166666668,26.364850427350465,0
4128,4,0,0,44,0.0,0.0,1.0,44,850,400,450,0.47058823529411764,13,4,9,323.653074310548,0.41288979915433405,0.1870799344467562,0.19415251857486968,132237.24500868074,-240.20182291664634,131997.04318576408,3305,1,674.6363636363636,39,5,19,34.5423165215043,0.6372863247863247,42.86458333333334,1028.5416666666683,26.37286324786329,0
4129,4,0,0,44,0.0,0.0,1.0,44,400,100,300,0.25,7,1,6,323.653074310548,0.41288979915433405,0.1870799344467562,0.19415251857486968,132237.24500868074,-240.20182291664634,131997.04318576408,3306,2,675.6363636363636,39,5,19,34.5423165215043,0.6372863247863247,42.86458333333334,1028.5416666666683,26.37286324786329,0
4130,4,0,0,44,0.0,0.0,1.0,44,1500,1000,500,0.6666666666666666,20,10,10,323.62385385977024,0.41291182170542634,0.1820988790517042,0.1946867495996838,132344.4064670138,-234.03862847222723,132110.36783854157,3307,3,676.6363636363636,39,5,19,34.43553013430522,0.6383547008547009,42.760416666666664,1028.9583333333326,26.38354700854699,0
4131,4,0,0,44,0.0,0.0,1.0,44,850,500,350,0.5882352941176471,12,5,7,322.4114474913538,0.4132751937984496,0.17565329407434693,0.19423323787893745,132398.00347222213,-262.66276041667663,132135.34071180545,3308,4,677.6363636363636,38,6,19,34.41295546558704,0.640625,42.70833333333333,1029.1666666666658,27.08333333333331,0
4132,4,1,1,44,0.022222222222222223,0.022222222222222223,0.9777777777777777,45,1250,1000,250,0.8,15,10,5,315.7612117868531,0.4162247474747475,0.17021161881655233,0.19186178789898967,132719.81336805562,-618.4461805555513,132101.36718750006,3309,0,663.5555555555555,39,6,15,34.26169295053243,0.642094017094017,42.395833333333336,1030.4166666666672,26.420940170940185,0
4133,4,0,0,44,0.0,0.0,1.0,44,1450,1200,250,0.8275862068965517,17,12,5,321.05572093977116,0.41287878787878785,0.16900594996746832,0.1945504843230881,132618.0021938234,-284.4463392139825,132333.5558546094,3310,6,679.6363636363636,38,6,21,34.227301801334576,0.6428179824561404,42.49465811965811,1030.0213675213665,27.105825461088592,0
4134,4,1,1,44,0.022222222222222223,0.022222222222222223,0.9777777777777777,45,1350,900,450,0.6666666666666666,18,9,9,313.4060146578568,0.41677188552188554,0.1632773118677937,0.19111394498267462,132854.01611328125,-672.5504557291675,132181.4656575521,3311,0,665.5111111111111,39,6,16,34.18807466909163,0.6434294871794872,42.265625,1030.9375,26.434294871794872,0
4135,4,0,0,44,0.0,0.0,1.0,44,1600,1500,100,0.9375,17,15,2,335.9405290864844,0.4129999119097956,0.20573750249332745,0.19357536447241067,130699.20562358461,-18.567942325956494,130680.63768125865,3312,8,681.6363636363636,38,6,16,35.776477553721314,0.6236293859649124,44.36431623931624,1022.5427350427349,26.909019343229865,6
4136,4,0,2,42,0.0,0.045454545454545456,0.9545454545454546,44,1550,1300,250,0.8387096774193549,18,13,5,335.6224318755398,0.41219608879492603,0.20935337503678264,0.19421486586538056,130863.1260158706,-15.879880743647277,130847.24613512694,3313,9,682.6363636363636,38,6,17,35.61897427865371,0.6252741228070174,44.20405982905984,1023.1837606837622,26.925888439046375,0
4137,4,2,1,43,0.045454545454545456,0.022727272727272728,0.9772727272727273,44,1400,1000,400,0.7142857142857143,18,10,8,329.27418277340445,0.41443137773079636,0.1956985640816249,0.19328580559410596,131412.43128895445,-144.20645358573412,131268.22483536872,3314,0,630.0454545454545,37,7,19,35.22740437742844,0.6326013513513512,43.66776315789475,1025.3289473684224,27.711593172119525,0
4138,4,1,1,43,0.022727272727272728,0.022727272727272728,0.9772727272727273,44,1550,1100,450,0.7096774193548387,20,11,9,330.5669196131091,0.41614913671599724,0.19374615493824243,0.19515029274025297,131629.4461451714,-97.53189148220022,131531.91425368917,3315,0,631.0227272727273,38,6,15,34.975707096998114,0.6329495614035088,43.456196581196586,1026.1752136752143,27.00461088618985,0
4139,4,0,0,43,0.0,0.0,1.0,43,1400,1000,400,0.7142857142857143,18,10,8,337.75905612714934,0.41297526762643044,0.2005792201658112,0.19885059597668228,131524.88175448214,284.74398372576053,131809.6257382079,3316,2,646.6976744186046,37,6,21,34.89655709959024,0.6337274774774775,43.55811403508772,1025.767543859649,27.723447131341867,0
4140,4,0,0,43,0.0,0.0,1.0,43,1150,800,350,0.6956521739130435,15,8,7,338.83310295737306,0.4132751937984496,0.19651771581638866,0.20007186186612322,131637.38031173046,320.62040724068316,131958.00071897113,3317,3,647.6976744186046,37,6,16,34.755649642055765,0.6348536036036037,43.4484649122807,1026.2061403508767,27.735301090564235,0
4141,4,0,2,41,0.0,0.046511627906976744,0.9534883720930233,43,1200,1000,200,0.8333333333333334,14,10,4,339.98557235736735,0.4131829088224437,0.20012919896640824,0.20090056548389876,131665.51246537393,352.8749230532442,132018.3873884272,3318,4,648.6976744186046,37,6,16,34.69773860398861,0.6351351351351351,43.421052631578945,1026.315789473684,27.738264580369837,0
4142,4,1,1,41,0.023809523809523808,0.023809523809523808,0.9761904761904762,42,1100,900,200,0.8181818181818182,13,9,4,331.14840862525716,0.41527535811072397,0.14186412208284116,0.19100935109757414,130738.73842191834,273.12839046629813,131011.86681238464,3319,0,653.9047619047619,37,5,18,35.85904274329007,0.6258445945945945,44.32565789473684,1022.6973684210532,27.64046941678522,3
4143,4,1,0,42,0.023809523809523808,0.0,1.0,42,1250,700,550,0.56,18,7,11,326.06688095227184,0.41677555168408825,0.15090241664117476,0.18986687456946497,131103.44048168664,149.6979839950748,131253.13846568172,3320,0,653.0952380952381,37,5,20,35.620985010706626,0.6295045045045045,43.969298245614034,1024.1228070175437,27.678994784257938,0
4144,4,1,1,42,0.023255813953488372,0.023255813953488372,0.9767441860465116,43,1200,800,400,0.6666666666666666,16,8,8,319.4609896729253,0.4166666666666667,0.14139984518265103,0.1872539207335891,131356.983567182,-206.9288720713347,131150.05469511068,3321,0,638.8837209302326,36,7,21,35.53475960306125,0.6339699074074074,43.721846846846844,1025.1126126126123,28.475350350350343,0
4145,4,0,0,42,0.0,0.0,1.0,42,1550,1100,450,0.7096774193548387,20,11,9,328.9799644085865,0.4162553232675184,0.14874702280144314,0.1928375608713997,131357.78523930465,242.81590256343327,131600.60114186807,3322,2,655.0952380952381,35,7,22,35.290001317225546,0.6360119047619048,43.72106481481481,1025.1157407407402,29.289021164021147,0
4146,4,0,0,42,0.0,0.0,1.0,42,1100,900,200,0.8181818181818182,13,9,4,328.1297638771959,0.4162553232675184,0.14694944674630928,0.1929368173666776,131476.4596863211,228.2679344564375,131704.72762077753,3323,3,656.0952380952381,35,7,23,35.19225162697965,0.637202380952381,43.60532407407407,1025.5787037037032,29.302248677248663,0
4147,4,0,0,42,0.0,0.0,1.0,42,1150,400,750,0.34782608695652173,19,4,15,327.57599819741915,0.4163158149438637,0.1483665255344735,0.19302828871788388,131559.08230865985,219.11954183912607,131778.20185049897,3324,4,657.0952380952381,36,6,18,35.1232619831687,0.6359953703703705,43.52477477477477,1025.9009009008996,28.497247247247213,0
4148,4,0,1,41,0.0,0.023809523809523808,0.9761904761904762,42,1250,1100,150,0.88,14,11,3,328.9590027219661,0.4163279132791328,0.14897601027907026,0.19487454371774954,131761.33639974435,268.81556387468356,132030.15196361905,3325,5,658.0952380952381,36,6,19,34.884236408175184,0.6380208333333334,43.3277027027027,1026.6891891891894,28.51914414414415,0
4149,4,0,0,41,0.0,0.0,1.0,41,1100,700,400,0.6363636363636364,15,7,8,334.2948520100165,0.41445630081300816,0.15877465640197053,0.1981859857364974,131790.2425229284,611.3599241133103,132401.60244704172,3326,6,673.3658536585366,36,5,19,34.71818564012576,0.6383101851851851,43.29954954954955,1026.8018018018024,28.52227227227229,0
4150,4,0,0,41,0.0,0.0,1.0,41,1000,600,400,0.6,14,6,8,341.063643715411,0.4133892276422764,0.1713065075405764,0.20296957740480742,131934.82069485038,799.6341358250259,132734.45483067541,3327,7,674.3658536585366,36,5,19,34.398863677883725,0.6397569444444444,43.15878378378379,1027.364864864866,28.537912912912944,0
4151,4,1,0,42,0.023809523809523808,0.0,1.0,42,750,500,250,0.6666666666666666,10,5,5,335.4797357754718,0.4161101432442896,0.16880416736478177,0.2010520410120222,132200.59447378034,470.12410068481785,132670.71857446517,3328,0,659.2857142857143,37,5,20,34.27504264846999,0.6404842342342343,42.90021929824561,1028.399122807017,27.794570886676134,0
4152,4,0,1,41,0.0,0.023809523809523808,0.9761904761904762,42,1200,800,400,0.6666666666666666,16,8,8,329.4727959297774,0.4159286682152536,0.11355997739508106,0.1946442606212444,131656.85609796146,275.76505817216275,131932.62115613362,3329,1,660.2857142857143,38,4,17,34.97618675827609,0.6332236842105265,43.42948717948716,1026.282051282048,27.00742240215916,5
4153,4,0,0,41,0.0,0.0,1.0,41,1050,600,450,0.5714285714285714,15,6,9,334.5095261303899,0.41227134146341465,0.12285493795820557,0.19790440437566384,131711.68456424837,611.7626378844,132323.44720213278,3330,2,677.1463414634146,38,3,17,34.79175339994447,0.6337719298245617,43.37606837606836,1026.495726495724,27.013045434098,0
4154,4,0,1,40,0.0,0.024390243902439025,0.975609756097561,41,900,700,200,0.7777777777777778,11,7,4,333.42935519997644,0.4120680894308943,0.12190300240324303,0.1976921365099919,131793.94866544285,588.7942645554667,132382.74292999832,3331,3,678.1463414634146,38,3,17,34.73667325633824,0.6345942982456141,43.29594017094016,1026.8162393162377,27.021479982006255,0
4155,4,0,0,40,0.0,0.0,1.0,40,900,600,300,0.6666666666666666,12,6,6,337.14575558391914,0.4089610042735043,0.11663717735220658,0.19946406524940208,131711.68456424837,881.2070823288451,132592.89164657722,3332,12,696.025,38,2,18,34.72410144324172,0.6337719298245617,43.37606837606836,1026.495726495724,27.013045434098,0
4156,4,0,0,40,0.0,0.0,1.0,40,1450,1100,350,0.7586206896551724,18,11,7,334.43362518885834,0.4089610042735043,0.07881603675088789,0.19366416336510803,130890.45606874138,766.5221619548643,131656.97823069623,3333,13,697.025,38,2,21,35.62178081715043,0.625548245614035,44.17735042735043,1023.2905982905987,26.928699955015755,3
4157,4,0,0,40,0.0,0.0,1.0,40,1250,1100,150,0.88,14,11,3,335.0144481587856,0.4087473290598291,0.07866910229645074,0.19427593301217722,130945.12473518889,773.7017404485368,131718.8264756374,3334,14,698.025,38,2,21,35.55171363952679,0.6260964912280702,44.123931623931625,1023.504273504274,26.93432298695458,0
4158,4,0,0,40,0.0,0.0,1.0,40,1050,700,350,0.6666666666666666,14,7,7,331.17963562981106,0.40894764957264956,0.0754538341158062,0.19273568958784085,131081.84633875743,682.3276216305144,131764.17396038794,3335,15,699.025,38,2,22,35.51186750130412,0.6274671052631577,43.99038461538462,1024.038461538462,26.948380566801628,0
4159,4,0,0,40,0.0,0.0,1.0,40,1000,600,400,0.6,14,6,8,330.1372719126246,0.4092681623931624,0.07521895527056688,0.1929522592878723,131246.00643080217,665.8397024983683,131911.84613330054,3336,16,700.025,38,2,24,35.37300594307164,0.629111842105263,43.83012820512821,1024.6794871794878,26.9652496626181,0
4160,4,0,0,40,0.0,0.0,1.0,40,600,500,100,0.8333333333333334,7,5,2,319.1733142827645,0.4093883547008547,0.0366342746698165,0.1822477667636658,130346.5504410012,325.6617968535314,130672.21223785474,3337,17,701.025,37,3,20,36.56123608575825,0.621903153153153,44.70942982456141,1021.1622807017555,27.598980559506906,2
4161,4,1,0,41,0.024390243902439025,0.0,1.0,41,1200,900,300,0.75,15,9,6,322.69956429645345,0.41255081300813007,-0.02448212845460407,0.18399266327069885,130289.85407991837,312.65972727487645,130602.51380719325,3338,0,684.9024390243902,38,3,19,36.528533556578765,0.619517543859649,44.764957264957275,1020.9401709401724,26.866846603688746,8
4162,4,1,1,41,0.023809523809523808,0.023809523809523808,0.9761904761904762,42,1400,1000,400,0.7142857142857143,18,10,8,314.90228789390034,0.41454945799457993,-0.027790318900523858,0.18053048170375624,130501.9544813369,-180.92719184026836,130321.02728949663,3339,0,669.5714285714286,39,3,17,36.513342338668565,0.6199252136752136,44.55729166666667,1021.7708333333342,26.199252136752158,0
4163,4,0,0,41,0.0,0.0,1.0,41,1200,900,300,0.75,15,9,6,320.24219036210474,0.41229674796747967,-0.02842339687908979,0.1832337272323212,130426.23325525982,153.5965236686512,130579.82977892847,3340,2,686.9024390243902,38,3,21,36.453430603493345,0.6208881578947367,44.63141025641026,1021.47435897436,26.88090418353579,0
4164,4,0,1,40,0.0,0.024390243902439025,0.975609756097561,41,1100,900,200,0.8181818181818182,13,9,4,318.98696267238023,0.4121443089430894,-0.03515357056341073,0.1830300118753041,130535.38795976719,127.81738530939637,130663.20534507658,3341,3,687.9024390243902,38,3,18,36.37523958877855,0.6219846491228068,44.52457264957266,1021.9017094017112,26.89215024741345,0
4165,4,0,0,40,0.0,0.0,1.0,40,1200,800,400,0.6666666666666666,16,8,8,324.060122676785,0.4108173076923077,-0.015257510729613344,0.18597539060022428,130542.57079101288,460.7283010157272,131003.29909202861,3342,4,705.175,37,3,18,36.23837625178825,0.6238738738738737,44.51754385964914,1021.9298245614057,27.6197249881461,0
4166,4,1,2,39,0.024390243902439025,0.04878048780487805,0.9512195121951219,41,1100,900,200,0.8181818181818182,13,9,4,316.2354507823442,0.413135162601626,-0.006051714652484774,0.18286658675674708,130835.79881656823,74.9835634451225,130910.78238001335,3343,0,688.9512195121952,38,3,18,36.14243943191311,0.6249999999999998,44.23076923076924,1023.0769230769245,26.92307692307696,0
4167,4,0,0,39,0.0,0.0,1.0,39,900,600,300,0.6666666666666666,12,6,6,332.62739314476914,0.4071918578497526,-0.005860644388305358,0.19078767164321345,130521.37230135546,882.9967636555565,131404.369065011,3344,24,725.1538461538462,36,3,18,36.04093196679156,0.6255787037037037,44.53828828828829,1021.8468468468473,28.384634634634647,0
4168,4,1,0,40,0.025,0.0,1.0,40,1550,1100,450,0.7096774193548387,20,11,9,330.9236288713692,0.407678952991453,-0.00830119965724041,0.19213327109098893,130991.1703601107,669.6146891351083,131660.7850492458,3345,0,708.0,37,3,20,35.60991502427877,0.6283783783783784,44.07894736842105,1023.6842105263149,27.66714082503554,0
4169,4,2,1,41,0.047619047619047616,0.023809523809523808,0.9761904761904762,42,650,400,250,0.6153846153846154,9,4,5,315.119140625,0.4105933023615951,0.007455357142857277,0.18536420036764711,131492.4391847469,-112.41028759872972,131380.02889714818,3346,0,675.2380952380952,38,4,21,35.50976562500001,0.631578947368421,43.58974358974359,1025.6410256410259,26.990553306342786,0
4170,4,0,0,41,0.0,0.0,1.0,41,1100,800,300,0.7272727272727273,14,8,6,322.6686010408297,0.4084349593495935,0.0013771841279526242,0.1894082917974134,131412.4312889541,280.5330726761855,131692.9643616303,3347,1,692.7073170731708,37,4,21,35.39672673154384,0.6326013513513514,43.667763157894726,1025.3289473684197,27.71159317211945,0
4171,4,0,0,41,0.0,0.0,1.0,41,1500,1100,400,0.7333333333333333,19,11,8,323.6876431729632,0.4078252032520325,0.004735159603039385,0.19042605121005632,131496.76462950127,312.77556555861725,131809.54019505988,3348,2,693.7073170731708,37,4,21,35.28570664956169,0.633445945945946,43.585526315789465,1025.6578947368412,27.720483641536248,0
4172,4,1,1,41,0.023809523809523808,0.023809523809523808,0.9761904761904762,42,1250,500,750,0.4,20,5,15,317.7394693409688,0.4090084204413473,0.009264631929132516,0.18714702715728856,131541.75347222242,-40.79861111108613,131500.95486111133,3349,0,678.1666666666666,39,3,19,35.39297319252641,0.6303418803418803,43.54166666666668,1025.833333333335,26.303418803418847,3
4173,4,0,1,40,0.0,0.024390243902439025,0.975609756097561,41,1250,900,350,0.72,16,9,7,329.4317682862498,0.4069359756097561,0.009951158555633555,0.1942009374372533,131574.63480029584,468.97292077579567,132043.60772107163,3350,4,695.7073170731708,38,3,15,35.060007289388714,0.6324013157894738,43.50961538461538,1025.961538461538,26.998987854251002,0
4174,4,0,0,40,0.0,0.0,1.0,40,1100,800,300,0.7272727272727273,14,8,6,337.09906271451416,0.40403311965811967,0.02395777659005871,0.19846203471958965,131524.88175448216,867.3828726146503,132392.26462709683,3351,5,713.35,37,3,20,34.91348209513628,0.6337274774774775,43.55811403508772,1025.7675438596493,27.723447131341874,0
4175,4,0,0,40,0.0,0.0,1.0,40,1300,900,400,0.6923076923076923,17,9,8,341.4582141771265,0.40268429487179486,0.03457696827262047,0.20191979424586748,131693.64762474992,993.575547283777,132687.2231720337,3352,6,714.35,37,3,16,34.63160541964889,0.6354166666666666,43.39364035087719,1026.4254385964912,27.74122807017544,0
4176,4,0,0,40,0.0,0.0,1.0,40,1150,900,250,0.782608695652174,14,9,5,336.5959517418585,0.40237713675213677,0.03149566241833579,0.19556916001329983,131019.23338190577,820.1087113342348,131839.34209324,3353,7,715.35,37,3,16,35.436413373317606,0.6286599099099099,44.05153508771929,1023.7938596491211,27.67010431484111,1
4177,4,0,0,40,0.0,0.0,1.0,40,1150,900,250,0.782608695652174,14,9,5,336.99177858580686,0.4031116452991453,0.025117773019271983,0.19622837979996463,131103.44048168653,836.156317328393,131939.59679901492,3354,8,716.35,37,3,17,35.34127408993575,0.6295045045045047,43.96929824561403,1024.1228070175428,27.678994784257913,0
4178,4,0,0,40,0.0,0.0,1.0,40,950,700,250,0.7368421052631579,12,7,5,334.9679011657911,0.4028311965811966,0.02780393835616457,0.19562125428082186,131215.758694983,790.6134579870652,132006.37215297006,3355,9,717.35,37,3,18,35.27976954908676,0.6306306306306306,43.859649122807014,1024.5614035087713,27.690848743480306,0
4179,4,1,1,40,0.024390243902439025,0.024390243902439025,0.975609756097561,41,1000,600,400,0.6,14,6,8,345.57089026236264,0.4069867886178862,0.08058387761810915,0.19912456295611547,130699.2056235849,833.1681687851845,131532.37379237008,3356,0,700.829268292683,38,3,15,35.5302911573155,0.6236293859649121,44.36431623931625,1022.5427350427373,26.90901934322993,2
4180,4,0,0,40,0.0,0.0,1.0,40,1300,1000,300,0.7692307692307693,16,10,6,354.49540711649604,0.40319177350427354,0.07699549404570316,0.20358913676727433,130570.5857210874,1257.3345885272572,131827.92030961465,3357,11,719.35,37,3,15,35.432424096127036,0.6241554054054053,44.49013157894738,1022.0394736842117,27.622688477951666,0
4181,4,0,0,40,0.0,0.0,1.0,40,1550,1100,450,0.7096774193548387,20,11,9,349.5249552059641,0.40229700854700856,0.06674528301886751,0.20175549394562092,130766.77439212071,1141.2501923668856,131908.0245844876,3358,12,720.35,37,3,16,35.36083118925099,0.6261261261261261,44.29824561403509,1022.8070175438602,27.643432906590817,0
4182,4,0,0,40,0.0,0.0,1.0,40,1100,1000,100,0.9090909090909091,12,10,2,348.53480197958226,0.40239049145299144,0.08239644970414162,0.19646033865374243,129843.17440221974,1052.1753087488237,130895.34971096856,3359,13,721.35,37,3,19,36.32228348574502,0.6168355855855856,45.20285087719297,1019.1885964912267,27.545637743006125,4
4183,4,1,0,41,0.024390243902439025,0.0,1.0,41,1000,600,400,0.6,14,6,8,341.641215098389,0.4059705284552846,0.08757579153126893,0.19399279431238928,130129.69970703099,691.5337456596922,130821.23345269068,3360,0,704.7317073170732,39,2,20,36.20735494299811,0.6161858974358976,44.921874999999986,1020.312499999998,26.16185897435892,0
4184,4,1,1,41,0.023809523809523808,0.023809523809523808,0.9761904761904762,42,1100,500,600,0.45454545454545453,17,5,12,335.5452706844834,0.4099883855981417,0.09070734147217929,0.19196948216639675,130422.14084201372,352.5743272569256,130774.71516927064,3361,0,688.9285714285714,39,3,20,36.066778842885306,0.6191239316239316,44.63541666666666,1021.4583333333319,26.19123931623928,0
4185,4,0,0,41,0.0,0.0,1.0,41,1100,700,400,0.6363636363636364,15,7,8,339.82013242224446,0.4068597560975609,0.08412059026231389,0.19401611870327698,130342.35161675357,658.591037326399,131000.94265407998,3362,2,706.7317073170732,39,2,20,36.03839385902277,0.6183226495726495,44.71354166666667,1021.1458333333342,26.18322649572652,0
4186,4,0,0,41,0.0,0.0,1.0,41,950,600,350,0.631578947368421,13,6,7,340.5116455518784,0.4066056910569105,0.08010667621976131,0.1945440660250943,130368.94531250012,678.4288194444596,131047.37413194457,3363,3,707.7317073170732,39,2,20,35.99381204950361,0.6185897435897435,44.68750000000001,1021.2500000000009,26.18589743589746,0
4187,4,0,0,41,0.0,0.0,1.0,41,900,600,300,0.6666666666666666,12,6,6,341.2026477023623,0.4067581300813008,0.07805077030986496,0.19520613555247185,130422.14084201399,700.0759548611215,131122.21679687512,3364,4,708.7317073170732,39,2,20,35.92230947039228,0.6191239316239316,44.63541666666667,1021.4583333333342,26.191239316239336,0
4188,4,0,0,41,0.0,0.0,1.0,41,500,300,200,0.6,7,3,4,341.2024188797498,0.40678353658536587,0.07662520797737771,0.1953398786896501,130448.74267578126,701.8853081597232,131150.627983941,3365,5,709.7317073170732,39,2,21,35.895385099078894,0.6193910256410255,44.609375,1021.5625000000001,26.19391025641026,0
4189,4,0,0,41,0.0,0.0,1.0,41,800,400,400,0.5,12,4,8,342.19161240017115,0.4065548780487805,0.07261369514184479,0.19604061532832243,130475.3472222223,729.5138888888945,131204.8611111112,3366,6,710.7317073170732,39,2,21,35.84318923327895,0.6196581196581197,44.583333333333336,1021.6666666666673,26.196581196581214,0
4190,4,0,0,41,0.0,0.0,1.0,41,800,400,400,0.5,12,4,8,342.4806283712661,0.4057672764227642,0.07175356157231261,0.19647572890772638,130528.564453125,740.7009548611111,131269.26540798612,3367,7,711.7317073170732,39,2,14,35.781940197077816,0.6201923076923077,44.53125,1021.875,26.201923076923077,0
4191,4,0,0,41,0.0,0.0,1.0,41,1250,900,350,0.72,16,9,7,343.3482594506054,0.4063008130081301,0.06370344963003283,0.19737999238364323,130608.41064453125,768.8340928819447,131377.2447374132,3368,8,712.7317073170732,39,2,14,35.678967526070856,0.6209935897435896,44.453125,1022.1875,26.209935897435898,0
4192,4,0,1,40,0.0,0.024390243902439025,0.975609756097561,41,1300,900,400,0.6923076923076923,17,9,8,344.73890518124637,0.40609756097560973,0.05811931846406049,0.19913741463999038,130794.81336805546,818.0121527777674,131612.82552083323,3369,9,713.7317073170732,39,2,15,35.45485403937542,0.6228632478632479,44.27083333333333,1022.9166666666658,26.228632478632456,0
4193,4,1,1,40,0.024390243902439025,0.024390243902439025,0.975609756097561,41,1100,700,400,0.6363636363636364,15,7,8,336.0007605286538,0.40856199186991865,0.07425490794425782,0.19557273397023067,131088.00048828125,609.1335720486112,131697.13406032987,3370,0,713.0243902439024,39,2,16,35.382230529278125,0.6258012820512822,43.984375,1024.0625,26.25801282051282,0
4194,4,1,2,39,0.024390243902439025,0.04878048780487805,0.9512195121951219,41,900,600,300,0.6666666666666666,12,6,6,334.46523233942906,0.40932418699186995,0.07144416440096046,0.19481410926310833,131114.67013888896,570.6597222222273,131685.32986111118,3371,0,713.7560975609756,39,2,16,35.394629780309195,0.6260683760683761,43.958333333333336,1024.1666666666672,26.260683760683776,0
4195,4,1,0,40,0.025,0.0,1.0,40,950,500,450,0.5263157894736842,14,5,9,338.4641005483433,0.4054487179487179,0.08553208137715207,0.19697500933551115,131081.8463387573,873.2998438527234,131955.14618261004,3372,0,731.95,38,2,18,35.32537819509649,0.6274671052631579,43.99038461538461,1024.038461538461,26.948380566801603,0
4196,4,1,0,41,0.024390243902439025,0.0,1.0,41,1150,1000,150,0.8695652173913043,13,10,3,329.10296429785717,0.40713922764227645,0.08206955745886502,0.19290179393233017,131356.22409058554,446.40682354356795,131802.6309141291,3373,0,715.0731707317074,37,4,19,35.28842211288197,0.6320382882882882,43.72258771929825,1025.1096491228068,27.705666192508293,0
4197,4,1,0,42,0.023809523809523808,0.0,1.0,42,650,200,450,0.3076923076923077,11,2,9,320.2421503424821,0.40802845528455284,0.08192796169061012,0.18919102682594605,131656.85609796186,32.41494082840748,131689.27103879026,3374,0,699.0238095238095,38,4,13,35.213017905475745,0.6332236842105262,43.42948717948718,1026.2820512820513,27.007422402159243,0
4198,4,0,1,41,0.0,0.023809523809523808,0.9761904761904762,42,700,500,200,0.7142857142857143,9,5,4,318.6921494092144,0.407689701897019,0.08109809285912561,0.18854643913323463,131711.68456424863,-4.904028782237361,131706.7805354664,3375,1,700.0238095238095,38,4,14,35.19766514016097,0.6337719298245614,43.376068376068375,1026.495726495726,27.013045434098057,0
4199,4,0,0,41,0.0,0.0,1.0,41,1100,600,500,0.5454545454545454,16,6,10,325.1515815618384,0.4049288617886179,0.08457369189076558,0.19213502546835876,131665.51246537373,362.24992305322803,132027.76238842696,3376,2,718.0487804878048,37,4,15,35.07834757834759,0.6351351351351353,43.42105263157894,1026.3157894736823,27.738264580369794,0
4200,4,1,3,39,0.023809523809523808,0.07142857142857142,0.9285714285714286,42,1050,700,350,0.6666666666666666,14,7,7,312.30825420014617,0.40664924506387923,0.09350064350064402,0.18637750653879687,132040.8950617284,-152.50771604938018,131888.38734567902,3377,0,701.9285714285714,38,4,17,35.03096846846848,0.6370614035087719,43.05555555555556,1027.7777777777778,27.046783625730995,1
4201,4,1,1,39,0.025,0.025,0.975,40,1100,900,200,0.8181818181818182,13,9,4,325.73221337593134,0.40037393162393164,0.09315639394604003,0.19310964379465181,131790.24252292846,585.6654796688651,132375.9080025973,3378,0,737.7,36,4,17,34.93798895956715,0.6383101851851851,43.29954954954955,1026.8018018018029,28.522272272272303,0
4202,4,0,0,39,0.0,0.0,1.0,39,500,100,400,0.2,9,1,8,357.01563327066697,0.396789248762933,0.09842568289292197,0.2032733826142998,130235.32238476146,1499.2092190810122,131734.53160384248,3379,5,757.6153846153846,38,1,22,35.70799316167751,0.6189692982456141,44.81837606837607,1020.7264957264955,26.861223571749882,8
4203,4,0,0,39,0.0,0.0,1.0,39,900,700,200,0.7777777777777778,11,7,4,359.020477361832,0.39723909131803864,0.0930979725986929,0.20488757653279316,130325.14537677808,1557.8934489269836,131883.03882570507,3380,6,758.6153846153846,33,6,22,35.56569051048168,0.630050505050505,44.73039215686274,1021.0784313725483,30.941770647652977,0
4204,4,0,0,39,0.0,0.0,1.0,39,1050,800,250,0.7619047619047619,13,8,5,359.28272054047505,0.39766081871345027,0.08392782981865166,0.20553338886100606,130419.0113928536,1571.459444684725,131990.47083753833,3381,7,759.6153846153846,33,6,22,35.4637822435513,0.6309974747474747,44.63848039215686,1021.4460784313717,30.952911467617323,0
4205,4,0,0,39,0.0,0.0,1.0,39,950,800,150,0.8421052631578947,11,8,3,372.17239582310486,0.397576473234368,0.06746163768699631,0.2066944797535903,129260.23046339159,1836.3198019161646,131096.55026530777,3382,8,760.6153846153846,35,4,19,36.3139274603536,0.6148809523809524,45.77546296296296,1016.8981481481478,29.054232804232793,7
4206,4,0,0,39,0.0,0.0,1.0,39,900,500,400,0.5555555555555556,13,5,8,372.09469030160534,0.3976327035537562,0.07039902897891093,0.20696000875762682,129319.08543381334,1823.789008916313,131142.87444272966,3383,9,761.6153846153846,35,4,19,36.25587922925202,0.6154761904761905,45.71759259259259,1017.1296296296288,29.060846560846535,0
4207,4,1,1,39,0.025,0.025,0.975,40,650,400,250,0.6153846153846154,9,4,5,366.1538687446157,0.4023504273504273,0.06998893805309692,0.20482864934723563,129545.08562616674,1486.6868557746957,131031.77248194143,3384,0,743.55,36,4,17,36.17671460176991,0.6157407407407407,45.4954954954955,1018.0180180180183,28.278278278278286,0
4208,4,1,1,39,0.025,0.025,0.975,40,850,400,450,0.47058823529411764,13,4,9,359.3217082192439,0.4021233974358975,0.04701686121919613,0.19648016811137375,128644.60699445989,1259.1285058688698,129903.73550032875,3385,0,744.525,37,3,15,37.26851851851852,0.6047297297297296,46.381578947368425,1014.4736842105268,27.41820768136559,6
4209,4,0,0,39,0.0,0.0,1.0,39,1000,800,200,0.8,12,8,4,368.1667031510433,0.39791385515069727,0.05160658519157524,0.2010962701808035,128601.01814229786,1669.3225742634743,130270.34071656133,3386,12,764.6153846153846,36,3,16,37.088745790311265,0.6061921296296295,46.42454954954956,1014.3018018018031,28.175050050050086,0
4210,4,0,0,39,0.0,0.0,1.0,39,850,600,250,0.7058823529411765,11,6,5,369.1698994298814,0.39825123706702653,0.046280728406546956,0.2025154171370374,128772.40997331808,1707.7795278386707,130480.18950115675,3387,13,765.6153846153846,36,3,16,36.88815229853175,0.6079282407407407,46.25563063063064,1014.9774774774788,28.193818818818855,0
4211,4,3,1,41,0.07142857142857142,0.023809523809523808,0.9761904761904762,42,950,700,250,0.7368421052631579,12,7,5,352.0468494310584,0.40752032520325204,0.0733769345402655,0.19736885675170904,129631.08114448938,729.3827611395498,130360.46390562893,3388,0,711.8571428571429,36,6,16,36.44831176969294,0.6166087962962962,45.41103603603605,1018.3558558558582,28.287662662662726,0
4212,4,0,0,41,0.0,0.0,1.0,41,1100,900,200,0.8181818181818182,13,9,4,363.7660525566349,0.404395325203252,0.07288796234177375,0.20384800830530378,129613.56122470836,1229.8027049039629,130843.36392961233,3389,1,730.219512195122,35,6,16,36.167784344926886,0.618452380952381,45.42824074074073,1018.2870370370359,29.093915343915313,0
4213,4,1,1,41,0.023809523809523808,0.023809523809523808,0.9761904761904762,42,1000,700,300,0.7,13,7,6,356.7804635612962,0.40881484707704224,0.0733752124206215,0.2011975062737256,129860.54202428799,866.3408763493434,130726.88290063734,3390,0,713.8095238095239,36,6,16,36.09453835671934,0.618923611111111,45.18581081081082,1019.2567567567584,28.31268768768773,0
4214,4,1,0,42,0.023809523809523808,0.0,1.0,42,1800,1500,300,0.8333333333333334,21,15,6,358.87910339509455,0.4072057684862563,0.08516562256888993,0.20359824256024156,130094.74068944303,937.6567790089372,131032.39746845196,3391,0,714.7857142857143,37,5,18,35.80314918314702,0.6193693693693693,44.9561403508772,1020.1754385964923,27.572309151256547,0
4215,4,0,0,42,0.0,0.0,1.0,42,1250,1100,150,0.88,14,11,3,357.3181548445746,0.40729045683313975,0.07597511366355625,0.20316089375448682,130180.80210387908,903.1928007889621,131083.99490466804,3392,1,715.7857142857143,38,4,18,35.75560092127305,0.618421052631579,44.871794871794876,1020.5128205128209,26.855600539811075,0
4216,4,2,3,41,0.045454545454545456,0.06818181818181818,0.9318181818181819,44,900,700,200,0.7777777777777778,11,7,4,341.5137891989999,0.4139138477801268,0.07668940423146697,0.19650904683374804,130644.58832137122,123.43704342903658,130768.02536480025,3393,0,684.2045454545455,38,6,15,35.68924826697321,0.6230811403508771,44.417735042735046,1022.3290598290603,26.90339631129106,0
4217,4,0,0,41,0.0,0.0,1.0,41,1250,1000,250,0.8,15,10,5,365.1583990297604,0.40612296747967475,0.08392942562233685,0.20821346075252187,130292.12648158852,1315.4528624399697,131607.5793440285,3394,3,731.2926829268292,35,6,20,35.442528246986356,0.6252976190476192,44.762731481481474,1020.949074074073,29.169973544973516,0
4218,4,0,1,40,0.0,0.024390243902439025,0.975609756097561,41,1250,900,350,0.72,16,9,7,348.49057428226644,0.4063262195121951,0.035385743128125924,0.19183707558880927,128910.32036675341,784.8063151041619,129695.12668185757,3395,4,732.2926829268292,39,2,19,37.27230570656819,0.6038995726495726,46.119791666666664,1015.5208333333328,26.038995726495713,5
4219,4,1,0,41,0.024390243902439025,0.0,1.0,41,1100,800,300,0.7272727272727273,14,8,6,348.711933203793,0.40729166666666666,0.05364053640536404,0.19285904877189353,129095.50781249988,803.4288194444297,129898.9366319443,3396,0,733.170731707317,39,2,20,37.078037447041126,0.6057692307692308,45.93749999999999,1016.2499999999991,26.057692307692285,0
4220,4,2,1,42,0.046511627906976744,0.023255813953488372,0.9767441860465116,43,850,500,350,0.5882352941176471,12,5,7,333.8440578344469,0.41350590623846434,0.06881359488093941,0.1873181520503696,129663.428722423,57.603247817579415,129721.03197024058,3397,0,700.0232558139535,38,5,18,36.878911850064696,0.6132127192982457,45.3792735042735,1018.4829059829051,26.80218173639224,0
4221,4,0,0,42,0.0,0.0,1.0,42,950,400,550,0.42105263157894735,15,4,11,341.30336667080894,0.4113554974835463,0.031944951893800866,0.19118856213221566,129598.82948133704,447.8844908977089,130046.71397223475,3398,1,717.6904761904761,39,3,14,36.75458226768967,0.610844017094017,45.44270833333334,1018.2291666666686,26.10844017094022,1
4222,4,0,0,42,0.0,0.0,1.0,42,800,500,300,0.625,11,5,6,342.6496615179094,0.41140389082462253,0.029876947199781734,0.1924624376785549,129704.91672092026,488.66916232640017,130193.58588324666,3399,2,718.6904761904761,39,3,15,36.61257541670929,0.6119123931623931,45.33854166666667,1018.6458333333343,26.119123931623957,0
4223,4,0,0,42,0.0,0.0,1.0,42,1000,700,300,0.7,13,7,6,342.51914192061554,0.41144018583042974,0.03462517583952707,0.19291104003508255,129811.04736328128,492.55371093750136,130303.60107421878,3400,3,719.6904761904761,39,3,16,36.50816467341308,0.6129807692307692,45.234375,1019.0625000000002,26.129807692307697,0
4224,4,0,0,42,0.0,0.0,1.0,42,1300,900,400,0.6923076923076923,17,9,8,342.5858285308686,0.4107868757259001,0.03547709060123472,0.19347302387949297,129917.22140842024,501.5597873263955,130418.78119574663,3401,4,720.6904761904761,39,3,16,36.39873045877184,0.6140491452991453,45.130208333333336,1019.4791666666675,26.140491452991476,0
4225,4,0,0,42,0.0,0.0,1.0,42,1300,900,400,0.6923076923076923,17,9,8,341.8478161713822,0.4097827138985675,0.03399380383345307,0.1935819530441875,130023.43885633674,489.6457248263854,130513.08458116313,3402,5,721.6904761904761,39,3,17,36.30981258298438,0.6151175213675215,45.026041666666664,1019.8958333333328,26.1511752136752,0
4226,4,2,2,42,0.045454545454545456,0.045454545454545456,0.9545454545454546,44,1200,800,400,0.6666666666666666,16,8,8,330.2919004942936,0.4166446441155744,0.039820843035689224,0.18951661837000078,130535.38795976677,-176.3845461142567,130359.0034136525,3403,0,689.8409090909091,38,6,12,36.08642620665621,0.6219846491228072,44.52457264957264,1021.9017094017078,26.892150247413362,0
4227,4,0,0,42,0.0,0.0,1.0,42,1350,1100,250,0.8148148148148148,16,11,5,342.06151160045056,0.4126621176926055,0.0478388907635201,0.19545772509488296,130374.5443309478,519.222741612779,130893.76707256059,3404,1,721.5714285714286,37,5,19,35.948572042087164,0.6221846846846848,44.68201754385964,1021.27192982456,27.60194404931243,0
4228,4,1,1,42,0.023255813953488372,0.023255813953488372,0.9767441860465116,43,1500,1100,400,0.7333333333333333,19,11,8,331.12548478785874,0.41431339977851606,0.05157701639150236,0.19193556861597108,130928.03955078115,70.72211371526322,130998.76166449641,3405,0,705.7674418604652,39,4,15,35.668469041560634,0.6241987179487181,44.14062499999999,1023.4374999999992,26.241987179487158,0
4229,4,1,1,42,0.023255813953488372,0.023255813953488372,0.9767441860465116,43,1250,900,350,0.72,16,9,7,328.7344630629734,0.41456718346253235,0.06271805928676044,0.1924136424834639,131302.08462431404,32.70405760458141,131334.7886819186,3406,0,699.3720930232558,40,3,18,35.35242108742357,0.6263020833333335,43.77540650406503,1024.8983739837383,25.62245934959346,0
4230,4,0,0,42,0.0,0.0,1.0,42,750,400,350,0.5333333333333333,11,4,7,335.33649678563813,0.41331542779713515,0.06821460033494975,0.19613795810803264,131274.74500868062,404.2426215277826,131678.9876302084,3407,1,716.5952380952381,39,3,18,35.21083214745545,0.6276709401709402,43.802083333333336,1024.7916666666672,26.276709401709414,0
4231,4,0,0,42,0.0,0.0,1.0,42,500,200,300,0.4,8,2,6,336.7704408751406,0.41289198606271776,0.0644599303135891,0.19725125822686793,131328.12499999997,445.51866319444434,131773.6436631944,3408,2,717.5952380952381,36,6,18,35.12025745257453,0.6336805555555556,43.75,1024.9999999999998,28.472222222222214,0
4232,4,0,0,42,0.0,0.0,1.0,42,650,300,350,0.46153846153846156,10,3,7,337.82732478587604,0.41258952768099105,0.0662869277763829,0.19816881216820967,131385.8453047641,477.1457268078785,131862.991031572,3409,3,718.5952380952381,36,6,18,35.03496631517282,0.6342592592592593,43.69369369369369,1025.2252252252244,28.478478478478458,0
4233,4,0,0,42,0.0,0.0,1.0,42,1600,1400,200,0.875,18,14,4,333.2595939285726,0.412395954316686,0.06026960709449458,0.19605724789986576,131496.76462950127,364.51167666972754,131861.276306171,3410,4,719.5952380952381,37,5,18,35.0402679780486,0.633445945945946,43.585526315789465,1025.6578947368412,27.720483641536248,0
4234,4,0,0,42,0.0,0.0,1.0,42,1000,600,400,0.6,14,6,8,336.19538545342385,0.41185152922957796,0.060616467978365174,0.1985143604074823,131637.38031173052,451.1759627962383,132088.55627452675,3411,5,720.5952380952381,37,5,15,34.823320689532345,0.6348536036036037,43.4484649122807,1026.2061403508771,27.735301090564246,0
4235,4,0,0,42,0.0,0.0,1.0,42,950,600,350,0.631578947368421,13,6,7,337.7862344423174,0.41147648083623695,0.06723272455409623,0.2000438022190648,131749.92696069926,500.66234322097773,132250.58930392025,3412,6,721.5952380952381,37,5,16,34.66915429527575,0.6359797297297298,43.33881578947368,1026.6447368421038,27.747155049786592,0
4236,4,1,0,43,0.023255813953488372,0.0,1.0,43,1100,800,300,0.7272727272727273,14,8,6,332.9429931357197,0.41366740494647475,0.0777546043998274,0.19912432709415956,132123.26189139072,197.90285539483233,132321.16474678557,3413,0,705.7906976744187,38,5,17,34.417974297689575,0.6378837719298246,42.975427350427346,1028.0982905982894,27.055218173639194,0
4237,4,0,1,42,0.0,0.023255813953488372,0.9767441860465116,43,1500,900,600,0.6,21,9,12,334.01669257735085,0.4129983388704319,0.06994430089003711,0.20094587120295182,132345.71358194528,241.13550548614975,132586.84908743144,3414,1,706.7906976744187,40,3,17,34.166872427983535,0.63671875,42.75914634146341,1028.9634146341464,25.72408536585366,0
4238,4,0,0,42,0.0,0.0,1.0,42,700,300,400,0.42857142857142855,11,3,8,338.1791379586606,0.41067799070847855,0.0681494876431592,0.20301027278673384,132264.03130425338,545.7872178819395,132809.81852213532,3415,2,724.4285714285714,39,3,17,34.14187763713081,0.6375534188034189,42.838541666666664,1028.6458333333328,26.375534188034173,0
4239,4,1,1,42,0.023255813953488372,0.023255813953488372,0.9767441860465116,43,900,400,500,0.4444444444444444,14,4,10,334.57547602698867,0.4106912144702843,0.07115846758299726,0.20249455514671175,132571.90626014545,271.3329963198176,132843.23925646525,3416,0,708.5581395348837,36,7,18,33.925414616365956,0.6461226851851851,42.53941441441442,1029.8423423423437,28.60673173173177,0
4240,4,0,0,42,0.0,0.0,1.0,42,1300,1100,200,0.8461538461538461,15,11,4,340.33330053337687,0.40835511033681765,0.08134630720895752,0.20584264954761744,132546.94097490137,622.0275795181706,133168.96855441955,3417,1,725.7619047619048,35,7,19,33.8022413922296,0.6479166666666667,42.563657407407405,1029.74537037037,29.421296296296287,0
4241,4,0,0,42,0.0,0.0,1.0,42,1050,800,250,0.7619047619047619,13,8,5,339.21411663307117,0.4076413085559427,0.08747683594644706,0.20577790046149444,132658.90045450866,599.9543462381484,133258.8548007468,3418,2,726.7619047619048,36,6,16,33.718663460137016,0.6469907407407407,42.454954954954964,1030.1801801801812,28.616116116116146,0
4242,4,0,0,42,0.0,0.0,1.0,42,1000,600,400,0.6,14,6,8,338.9368794807714,0.4071452768099109,0.09022689731351141,0.2060367912910924,132736.76155163127,597.8767505386272,133334.6383021699,3419,3,727.7619047619048,37,5,17,33.64767326381499,0.6458333333333333,42.37938596491228,1030.482456140351,27.850877192982455,0
4243,4,0,0,42,0.0,0.0,1.0,42,1200,800,400,0.6666666666666666,16,8,8,339.21684019918536,0.406975900116144,0.09467071935157079,0.20651802447359713,132793.26331178812,609.1422360726269,133402.40554786075,3420,4,728.7619047619048,37,5,17,33.58377659574469,0.6463963963963963,42.32456140350877,1030.701754385964,27.856804172593623,0
4244,4,0,0,42,0.0,0.0,1.0,42,950,700,250,0.7368421052631579,12,7,5,339.9970316411059,0.40715737514518,0.09583327001686759,0.2071491960115384,132821.5187004656,631.7844192443893,133453.30311970998,3421,5,729.7619047619048,37,5,17,33.5353286884374,0.6466779279279279,42.29714912280702,1030.8114035087724,27.859767662399253,0
4245,4,0,0,42,0.0,0.0,1.0,42,750,400,350,0.5333333333333333,11,4,7,341.067238036935,0.406794425087108,0.09855699855699851,0.20842997880034914,132934.5703125,667.9253472222222,133602.49565972222,3422,6,730.7619047619048,37,5,17,33.39436026936027,0.6478040540540541,42.1875,1031.25,27.87162162162162,0
4246,4,1,1,42,0.023255813953488372,0.023255813953488372,0.9767441860465116,43,1800,1400,400,0.7777777777777778,22,14,8,332.532226820108,0.4078303802141012,0.10090260792484584,0.20572190226918366,133391.5052625869,271.3948567708437,133662.90011935774,3423,0,714.7441860465116,39,4,19,33.15697371516924,0.6487713675213675,41.74479166666667,1033.0208333333342,26.487713675213698,0
4247,4,0,1,41,0.0,0.023809523809523808,0.9761904761904762,42,550,400,150,0.7272727272727273,7,4,3,339.4507517618814,0.40443524970963995,0.09741334712881544,0.20936767809691023,133279.09412895388,648.3377392431845,133927.43186819705,3424,1,732.1428571428571,38,4,19,33.09083462665977,0.6493969298245614,41.85363247863248,1032.5854700854698,27.173301844354466,0
4248,4,0,0,41,0.0,0.0,1.0,41,850,600,250,0.7058823529411765,11,6,5,339.81593692373735,0.4030741869918699,0.09123163221438935,0.20972388557980073,133302.32018505692,859.6505655586307,134161.97075061555,3425,2,742.0487804878048,37,4,20,33.05815105825723,0.651463963963964,41.83114035087719,1032.6754385964912,27.910146989094358,0
4249,4,0,0,41,0.0,0.0,1.0,41,1500,1000,500,0.6666666666666666,20,10,10,342.56168725998907,0.40259146341463414,0.09361587566204688,0.21206414043124944,133415.5761869037,940.6129770698727,134356.18916397355,3426,3,743.0487804878048,37,4,20,32.87385905327956,0.6525900900900901,41.72149122807018,1033.1140350877197,27.922000948316747,0
4250,4,0,0,41,0.0,0.0,1.0,41,1500,1200,300,0.8,18,12,6,341.53809560249096,0.40215955284552846,0.09381067348732985,0.21292222212611506,133675.94103816655,931.0972889393882,134607.03832710593,3427,4,744.0487804878048,36,5,20,32.639796362844386,0.6571180555555556,41.4695945945946,1034.1216216216217,28.7256006006006,0
4251,4,0,1,40,0.0,0.024390243902439025,0.975609756097561,41,1350,900,450,0.6666666666666666,18,9,9,338.7884653545757,0.4011941056910569,0.09489578134788745,0.21204280787996185,133821.54959013063,867.4394834023149,134688.98907353295,3428,5,745.0487804878048,36,5,17,32.565347917573646,0.6585648148148149,41.328828828828826,1034.6846846846843,28.74124124124123,0
4252,4,0,0,40,0.0,0.0,1.0,40,1100,800,300,0.7272727272727273,14,8,6,345.8042430521147,0.40113514957264956,0.09365771812080514,0.2164908916586769,133831.2596450617,1255.8834876543178,135087.14313271604,3429,6,757.45,35,5,17,32.3741610738255,0.6607142857142857,41.31944444444444,1034.7222222222222,29.563492063492063,0
4253,4,1,1,40,0.024390243902439025,0.024390243902439025,0.975609756097561,41,1150,1000,150,0.8695652173913043,13,10,3,337.2730925661732,0.40444613821138214,0.09442150947390737,0.21284027424666918,134124.51577648887,847.3180449753752,134971.83382146424,3430,0,739.9512195121952,37,4,17,32.30203150912107,0.6596283783783784,41.036184210526315,1035.8552631578943,27.996088193456604,0
4254,4,0,0,40,0.0,0.0,1.0,40,1200,800,400,0.6666666666666666,16,8,8,344.6101786529016,0.4005475427350427,0.09597879282218624,0.21688505083596393,134025.53471968602,1237.3126927603446,135262.84741244637,3431,8,759.45,36,4,18,32.21089360159508,0.6605902777777777,41.131756756756765,1035.472972972974,28.763138138138167,0
4255,4,0,0,40,0.0,0.0,1.0,40,1150,900,250,0.782608695652174,14,9,5,344.7526135302034,0.399732905982906,0.10233911939034712,0.2177287896145294,134152.91243459514,1249.913434903033,135402.82586949816,3432,9,760.45,37,3,18,32.07998165396556,0.6599099099099099,41.008771929824555,1035.964912280701,27.999051683262188,0
4256,4,0,1,39,0.0,0.025,0.975,40,1200,700,500,0.5833333333333334,17,7,10,344.48687162889445,0.4001201923076923,0.09938895354988908,0.21806734251605384,134238.1204433095,1248.6540329716904,135486.7744762812,3433,10,761.45,37,3,18,32.00179434275034,0.6607545045045045,40.9265350877193,1036.293859649123,28.007942152679004,0
4257,4,0,1,38,0.0,0.02564102564102564,0.9743589743589743,39,850,400,450,0.47058823529411764,13,4,9,354.31589564858564,0.3976327035537562,0.10535735193269469,0.22352521318077453,134113.0044740688,1703.6738596704984,135816.67833373928,3434,18,781.7179487179487,36,3,18,31.872191418424308,0.6614583333333333,41.047297297297305,1035.8108108108117,28.77252252252255,0
4258,4,0,0,38,0.0,0.0,1.0,38,850,700,150,0.8235294117647058,10,7,3,355.79363939951907,0.3956851588430536,0.08553366656865569,0.22456650723735527,134130.82588520242,1944.5789394718847,136075.4048246743,3435,19,738.421052631579,35,3,18,31.816108007448772,0.663690476190476,41.030092592592595,1035.8796296296302,29.596560846560863,0
4259,4,0,0,38,0.0,0.0,1.0,38,1000,700,300,0.7,13,7,6,355.2817888434474,0.39541844476055,0.08437985043036544,0.2246103512518745,134190.77932098773,1935.1080246913707,136125.8873456791,3436,20,739.421052631579,35,3,18,31.769436997319048,0.6642857142857143,40.97222222222223,1036.1111111111118,29.603174603174622,0
4260,4,0,0,38,0.0,0.0,1.0,38,1300,900,400,0.6923076923076923,17,9,8,355.7644030535072,0.3944553105737316,0.08101596107284736,0.22565339899059556,134310.7263803155,1956.5950788751702,136267.32145919066,3437,21,740.421052631579,35,3,18,31.637077564388854,0.6654761904761904,40.85648148148148,1036.574074074074,29.61640211640211,0
4261,4,0,0,38,0.0,0.0,1.0,38,850,500,350,0.5882352941176471,12,5,7,354.97935859682275,0.39387743006164055,0.08150874451448376,0.22571043815961225,134400.72183909905,1941.8964066786803,136342.61824577773,3438,22,741.421052631579,35,3,18,31.56753450905978,0.6663690476190476,40.76967592592593,1036.9212962962972,29.62632275132278,0
4262,4,0,0,38,0.0,0.0,1.0,38,1000,700,300,0.7,13,7,6,371.7797920893156,0.39353662873399714,0.08084421550553955,0.22169461208603294,132011.15779588892,2215.8161597650756,134226.973955654,3439,23,742.421052631579,35,3,18,33.53289127904794,0.6425595238095239,43.08449074074073,1027.662037037036,29.36177248677246,7
4263,4,0,0,38,0.0,0.0,1.0,38,900,400,500,0.4444444444444444,14,4,10,370.1821287088578,0.3934329065908013,0.07728818781924396,0.22126229254320806,132100.37964034622,2180.2399477023146,134280.61958804855,3440,24,743.421052631579,35,3,18,33.48391878705996,0.643452380952381,42.997685185185176,1028.009259259258,29.371693121693085,0
4264,4,0,0,38,0.0,0.0,1.0,38,1200,700,500,0.5833333333333334,17,7,10,370.4721969491367,0.3931810099573258,0.06733702573823419,0.2219585616920484,132189.63162562152,2194.51664844821,134384.14827406974,3441,25,744.421052631579,35,3,18,33.38644250609641,0.6443452380952381,42.910879629629626,1028.356481481481,29.381613756613746,0
4265,4,0,0,38,0.0,0.0,1.0,38,1150,900,250,0.782608695652174,14,9,5,372.318059888797,0.39328473210052156,0.06954379648491127,0.22359208893862365,132278.91375171475,2249.9657064471926,134528.87945816194,3442,26,745.421052631579,35,3,18,33.2489498949895,0.6452380952380952,42.824074074074076,1028.7037037037042,29.391534391534403,0
4266,4,0,0,38,0.0,0.0,1.0,38,1200,900,300,0.75,15,9,6,374.1264781893415,0.39258831199620675,0.07592141286438303,0.22595517924289413,132492.61289227704,2313.906096850809,134806.51898912786,3443,27,746.421052631579,33,5,19,32.98702039439748,0.6518308080808082,42.61642156862745,1029.5343137254904,31.198009506833042,0
4267,4,0,0,38,0.0,0.0,1.0,38,850,500,350,0.5882352941176471,12,5,7,373.0693805398578,0.3929142958748222,0.03718997922766931,0.22741011805081768,132839.80320069208,2311.6926182237635,135151.49581891584,3444,28,747.421052631579,33,5,17,32.66464574417498,0.6553030303030303,42.279411764705884,1030.8823529411768,31.23885918003566,3
4268,4,0,0,38,0.0,0.0,1.0,38,700,600,100,0.8571428571428571,8,6,2,372.91415145734294,0.3931069227121859,0.037463949902093674,0.22750737898554202,132871.3884833957,2309.924217848892,135181.3127012446,3445,29,748.421052631579,33,5,18,32.636866555727245,0.6556186868686869,42.248774509803916,1031.0049019607836,31.242572786690413,0
4269,4,0,0,38,0.0,0.0,1.0,38,1250,1000,250,0.8,15,10,5,369.45176849455686,0.39341808914177334,0.03424554732839735,0.22596701189318252,132966.16685890048,2224.917099192631,135191.0839580931,3446,30,749.421052631579,33,5,18,32.630802439797215,0.6565656565656566,42.156862745098046,1031.3725490196084,31.2537136066548,0
4270,4,0,0,38,0.0,0.0,1.0,38,900,700,200,0.7777777777777778,11,7,4,369.03700396375876,0.3930032005689901,0.035190844942780464,0.2266710875549828,133124.2059093859,2225.5516207708656,135349.75753015676,3447,31,750.421052631579,33,5,18,32.48265744369235,0.6581439393939392,42.00367647058824,1031.9852941176478,31.27228163992872,0
4271,4,0,0,38,0.0,0.0,1.0,38,550,300,250,0.5454545454545454,8,3,5,373.3575163960045,0.39260312944523473,0.03206514267144911,0.22951948927643462,133155.82498317971,2342.945621876222,135498.77060505594,3448,32,751.421052631579,33,5,18,32.3394086915222,0.6584595959595958,41.973039215686285,1032.1078431372564,31.275995246583527,0
4272,4,0,0,38,0.0,0.0,1.0,38,850,600,250,0.7058823529411765,11,6,5,371.53716284770405,0.39218824087245135,0.03240115959414225,0.2287886739641128,133219.0743944639,2299.167387543287,135518.2417820072,3449,33,752.421052631579,33,5,18,32.32282763532764,0.659090909090909,41.91176470588237,1032.3529411764725,31.283422459893107,0
4273,4,0,0,38,0.0,0.0,1.0,38,1450,1100,350,0.7586206896551724,18,11,7,372.991107680255,0.391210289236605,0.03562061299428021,0.2304669395549261,133345.6182718187,2347.345972702836,135692.96424452154,3450,34,753.421052631579,33,5,18,32.158183040658145,0.6603535353535352,41.789215686274524,1032.8431372549035,31.298276886512227,0
4274,4,0,0,38,0.0,0.0,1.0,38,850,600,250,0.7058823529411765,11,6,5,373.65491893013615,0.3912991939307729,0.03334665409519766,0.23107390401042704,133377.26362757126,2367.414125576714,135744.67775314796,3451,35,754.421052631579,33,5,18,32.10926068730968,0.6606691919191918,41.758578431372555,1032.9656862745107,31.301990493166993,0
4275,4,0,0,38,0.0,0.0,1.0,38,1150,800,350,0.6956521739130435,15,8,7,373.634235171696,0.3912843764817449,0.040110356536502634,0.23165322580645187,133472.22222222242,2373.958333333357,135846.18055555577,3452,36,755.421052631579,33,5,18,32.01444892473118,0.6616161616161614,41.66666666666668,1033.3333333333348,31.313131313131358,0
4276,4,0,0,38,0.0,0.0,1.0,38,1200,1000,200,0.8333333333333334,14,10,4,374.1748416795824,0.39091394025604553,0.03498892459364189,0.23258399333583513,133567.21460796357,2395.498275903534,135962.7128838671,3453,37,756.421052631579,33,5,19,31.905132384904174,0.6625631313131312,41.5747549019608,1033.700980392159,31.324272133095725,0
4277,4,0,0,38,0.0,0.0,1.0,38,900,700,200,0.7777777777777778,11,7,4,378.1113426999817,0.391210289236605,0.03523428193662248,0.23583751818515516,133693.92368620267,2510.2377991638136,136204.1614853665,3454,38,757.421052631579,33,5,19,31.67622052375874,0.6638257575757575,41.452205882352956,1034.19117647059,31.339126559714853,0
4278,4,0,0,38,0.0,0.0,1.0,38,650,500,150,0.7692307692307693,8,5,3,375.95590526626273,0.39100284495021337,0.0315008086449291,0.2348440590121177,133749.15143140592,2456.7566609977357,136205.90809240364,3455,39,758.421052631579,34,4,17,31.676545056968592,0.6620710784313726,41.398809523809526,1034.4047619047622,30.42366946778712,0
4279,4,0,0,38,0.0,0.0,1.0,38,1200,1000,200,0.8333333333333334,14,10,4,375.557062696896,0.3903953295400664,0.02322871583789854,0.23577391048010932,133933.93034297062,2459.9666950113524,136393.89703798198,3456,40,759.421052631579,34,4,18,31.501581368602647,0.6639093137254901,41.2202380952381,1035.1190476190484,30.444677871148482,0
4280,4,0,0,38,0.0,0.0,1.0,38,800,700,100,0.875,9,7,2,375.67203989211237,0.39001007586533903,0.023792233256476836,0.23624148452217683,133995.55165816352,2467.6764455782586,136463.22810374177,3457,41,760.421052631579,34,4,19,31.43684603886397,0.6645220588235292,41.1607142857143,1035.3571428571447,30.451680672268964,0
4281,4,0,0,38,0.0,0.0,1.0,38,1100,800,300,0.7272727272727273,14,8,6,375.87711745513195,0.3896396396396396,0.026932991250256944,0.23656868072537937,134026.36763038574,2475.4889455782586,136501.856575964,3458,42,761.421052631579,34,4,19,31.400657239212073,0.6648284313725489,41.130952380952394,1035.4761904761924,30.45518207282919,0
4282,4,0,0,38,0.0,0.0,1.0,38,950,600,350,0.631578947368421,13,6,7,373.6894452707989,0.3892543859649123,0.022765486458043105,0.23598298641121157,134149.6669501135,2426.0629251700784,136575.72987528358,3459,43,762.421052631579,34,4,19,31.333792997778275,0.6660539215686274,41.011904761904766,1035.9523809523819,30.469187675070057,0
4283,4,1,1,38,0.02564102564102564,0.02564102564102564,0.9743589743589743,39,900,600,300,0.6666666666666666,12,6,6,364.18670024750463,0.39192532613585246,0.020643344153056464,0.23137478445511683,134370.7200038581,1987.2058256172913,136357.9258294754,3460,0,743.8461538461538,35,4,19,31.358841259209655,0.6660714285714285,40.798611111111114,1036.8055555555559,29.623015873015884,0
4284,4,0,1,37,0.0,0.02631578947368421,0.9736842105263158,38,1250,1000,250,0.8,15,10,5,375.8844767380132,0.38885431484115696,0.02526424569864205,0.2387730056828123,134365.57716836737,2501.186933106582,136866.76410147393,3461,45,764.421052631579,34,4,19,31.0607800359781,0.6681985294117647,40.80357142857143,1036.7857142857144,30.493697478991603,0
4285,4,0,0,37,0.0,0.0,1.0,37,900,700,200,0.7777777777777778,11,7,4,376.3113393149025,0.3863238238238238,0.007745725642949397,0.24005090333840612,134518.9969753219,2724.2047830161346,137243.20175833805,3462,46,749.6216216216217,33,4,19,30.896214806064176,0.6720328282828283,40.655637254901954,1037.3774509803914,31.435680332739132,0
4286,4,0,0,37,0.0,0.0,1.0,37,1200,900,300,0.75,15,9,6,375.96167803745107,0.3861361361361361,0.0067296211874527945,0.24003707136237254,134550.78125,2717.1875,137267.96875,3463,47,750.6216216216217,33,4,20,30.873493975903607,0.6723484848484849,40.625,1037.5,31.439393939393938,0
4287,4,0,0,37,0.0,0.0,1.0,37,550,300,250,0.5454545454545454,8,3,5,377.36744311822156,0.38597972972972977,0.009828009828009687,0.2417777793654564,134677.95589436736,2764.615172049194,137442.57106641657,3464,48,751.6216216216217,33,4,21,30.709858323494693,0.6736111111111112,40.50245098039215,1037.99019607843,31.45424836601303,0
4288,4,0,0,37,0.0,0.0,1.0,37,750,600,150,0.8,9,6,3,377.5275729147442,0.38601101101101104,0.011918434014751345,0.24230406043437183,134741.56574394446,2773.7312572087462,137515.2970011532,3465,49,752.6216216216217,33,4,21,30.642115203021714,0.6742424242424243,40.441176470588225,1038.2352941176457,31.4616755793226,0
4289,4,0,0,37,0.0,0.0,1.0,37,1300,800,500,0.6153846153846154,18,8,10,378.69577505127353,0.3854792292292292,0.012627067841791906,0.24390770435673173,134868.8304978852,2814.8512591310778,137683.68175701628,3466,50,753.6216216216217,33,4,19,30.484603586597455,0.6755050505050506,40.31862745098038,1038.7254901960766,31.476530005941715,0
4290,4,0,0,37,0.0,0.0,1.0,37,700,500,200,0.7142857142857143,9,5,4,379.87011916705995,0.38494744744744747,0.013916735464087449,0.2453098812199164,134964.3184862793,2853.782349336793,137818.10083561612,3467,51,754.6216216216217,33,4,19,30.358704839407164,0.6764520202020202,40.22671568627451,1039.093137254902,31.487670825906125,0
4291,4,0,0,37,0.0,0.0,1.0,37,900,700,200,0.7777777777777778,11,7,4,380.8794700443981,0.3840715715715716,0.01057634721001044,0.24704750946916446,135123.54022491333,2893.1564782775645,138016.6967031909,3468,52,755.6216216216217,33,4,19,30.173463774948928,0.6780303030303031,40.073529411764696,1039.7058823529399,31.506238859179994,0
4292,4,0,0,37,0.0,0.0,1.0,37,750,500,250,0.6666666666666666,10,5,5,366.602501666858,0.3840715715715716,0.005960427485090847,0.23053810245818257,133995.55165816328,2424.6208900226743,136420.17254818595,3469,53,756.6216216216217,34,3,22,31.67160131846229,0.6645220588235294,41.160714285714285,1035.357142857143,30.451680672268907,3
4293,4,0,0,37,0.0,0.0,1.0,37,700,500,200,0.7142857142857143,9,5,4,365.7121551828251,0.38338338338338335,0.004088696122263258,0.23036423156664707,134057.18714569157,2405.2685657596335,136462.4557114512,3470,54,757.6216216216217,34,3,22,31.632946315668462,0.6651348039215685,41.101190476190474,1035.5952380952378,30.45868347338935,0
4294,4,0,0,37,0.0,0.0,1.0,37,1000,700,300,0.7,13,7,6,368.1212167077805,0.3829767267267267,0.00634542192088694,0.23325060499693856,134273.02295918364,2485.74971655328,136758.77267573692,3471,55,758.6216216216217,34,3,22,31.354573474232332,0.6672794117647058,40.89285714285714,1036.428571428571,30.483193277310914,0
4295,4,0,0,37,0.0,0.0,1.0,37,800,500,300,0.625,11,5,6,369.5347148174687,0.3827577577577577,0.009647410129780543,0.23434368258672236,134303.87081916095,2525.988520408155,136829.8593395691,3472,56,759.6216216216217,34,3,22,31.287087018108036,0.6675857843137255,40.863095238095234,1036.5476190476186,30.486694677871135,0
4296,4,0,0,37,0.0,0.0,1.0,37,800,300,500,0.375,13,3,10,368.224232542138,0.3819444444444444,0.008036739380022917,0.23410460331693575,134396.4356575963,2497.604875283436,136894.04053287974,3473,57,760.6216216216217,34,3,22,31.2284730195178,0.6685049019607843,40.77380952380952,1036.9047619047612,30.497198879551803,0
4297,4,0,0,37,0.0,0.0,1.0,37,900,600,300,0.6666666666666666,12,6,6,368.0572947101873,0.38125625625625625,0.012682103591194371,0.23439438242069818,134458.16326530604,2497.66156462584,136955.82482993187,3474,58,761.6216216216217,34,3,23,31.17108585858586,0.6691176470588236,40.71428571428571,1037.1428571428564,30.50420168067225,0
4298,4,0,0,37,0.0,0.0,1.0,37,1000,700,300,0.7,13,7,6,364.7075183217669,0.3813188188188188,0.013066990809074364,0.2330491737311231,134581.66099773243,2416.5887188208617,136998.24971655328,3475,59,762.6216216216217,34,3,24,31.134551399724646,0.670343137254902,40.595238095238095,1037.6190476190475,30.51820728291316,0
4299,4,0,1,36,0.0,0.02702702702702703,0.972972972972973,37,850,500,350,0.5882352941176471,12,5,7,363.461567913614,0.3811936936936937,0.008376580296745706,0.23264742651034412,134643.431122449,2387.542517006802,137030.9736394558,3476,60,763.6216216216217,34,3,24,31.10518467538426,0.6709558823529411,40.535714285714285,1037.857142857143,30.525210084033613,0
4300,4,0,0,36,0.0,0.0,1.0,36,850,600,250,0.7058823529411765,11,6,5,371.6315946354384,0.37959656084656085,0.01687527059471794,0.23789478268839973,134646.1566014273,2807.7531778642806,137453.90977929157,3477,61,777.1111111111111,33,3,24,30.89047801786908,0.6732954545454546,40.533088235294116,1037.8676470588234,31.450534759358284,0
4301,4,0,0,36,0.0,0.0,1.0,36,1150,900,250,0.782608695652174,14,9,5,373.24536368249335,0.3796792328042328,0.014165912637528422,0.23976557744365165,134773.3763005814,2860.707570405605,137634.08387098703,3478,62,778.1111111111111,33,3,24,30.72148294582791,0.6745580808080809,40.41053921568627,1038.3578431372543,31.465389185977404,0
4302,4,0,0,36,0.0,0.0,1.0,36,700,400,300,0.5714285714285714,10,4,6,374.31445949826406,0.3798115079365079,0.015375286791215803,0.24087433897097837,134837.00867755184,2894.288404700106,137731.29708225196,3479,63,779.1111111111111,33,3,21,30.630162241887888,0.675189393939394,40.34926470588235,1038.60294117647,31.47281639928697,0
4303,4,0,1,35,0.0,0.027777777777777776,0.9722222222222222,36,900,600,300,0.6666666666666666,12,6,6,374.7000623953437,0.37964616402116397,0.015469964479047915,0.24154619231371294,134900.6560727844,2909.4568495290137,137810.1129223134,3480,64,780.1111111111111,33,3,21,30.55657956824349,0.6758207070707072,40.287990196078425,1038.8480392156855,31.48024361259653,0
4304,4,0,0,35,0.0,0.0,1.0,35,900,700,200,0.7777777777777778,11,7,4,380.2650751563639,0.3788515406162465,0.026122448979591928,0.24454106670532402,134812.90373750127,3252.927794357718,138065.831531859,3481,68,801.5714285714286,32,3,21,30.499746707193513,0.6774088541666667,40.37247474747475,1038.5101010101012,32.45344065656566,0
4305,4,0,0,35,0.0,0.0,1.0,35,700,400,300,0.5714285714285714,10,4,6,381.2662644056164,0.37815126050420167,0.028342245989304793,0.24585100497879392,134911.26543209868,3287.422839506158,138198.68827160483,3482,69,802.5714285714286,32,3,21,30.37544563279856,0.6783854166666667,40.27777777777777,1038.8888888888882,32.46527777777776,0
4306,4,0,0,35,0.0,0.0,1.0,35,1200,800,400,0.6666666666666666,16,8,8,380.81766964868893,0.3774159663865546,0.023784257247292162,0.2463550462464173,135027.99591803632,3284.209348567856,138312.20526660417,3483,70,803.5714285714286,33,2,21,30.270482057933403,0.6770833333333334,40.16544117647059,1039.3382352941176,31.495098039215684,0
4307,4,0,1,34,0.0,0.02857142857142857,0.9714285714285714,35,1050,700,350,0.6666666666666666,14,7,7,383.9743615487488,0.3773109243697479,0.03114801030632708,0.24883533300366978,135091.6883680555,3374.348958333328,138466.03732638882,3484,71,804.5714285714286,33,2,21,30.124832999331982,0.6777146464646465,40.104166666666664,1039.583333333333,31.502525252525242,0
4308,4,0,0,34,0.0,0.0,1.0,34,950,600,350,0.631578947368421,13,6,7,385.9217454487545,0.37620692216280455,0.04181935069109621,0.25043857949334064,135140.9155475206,3630.763601928369,138771.67914944896,3485,72,822.0294117647059,32,2,21,30.025045537340613,0.6806640625,40.05681818181818,1039.7727272727268,32.49289772727271,0
4309,4,0,0,34,0.0,0.0,1.0,34,600,500,100,0.8333333333333334,7,5,2,383.6544576421472,0.3765782828282828,0.04015610486476007,0.24928726857207217,135187.25520232608,3573.0386149557935,138760.29381728187,3486,73,823.0294117647059,33,1,21,30.037709168041477,0.6786616161616161,40.01225490196079,1039.9509803921571,31.51366607248961,0
4310,4,0,0,34,0.0,0.0,1.0,34,700,400,300,0.5714285714285714,10,4,6,384.14158570374025,0.37590983363042185,0.03757553916948542,0.25004553523415235,135250.9851980008,3591.1055843906242,138842.09078239143,3487,74,824.0294117647059,33,1,21,29.961416116870875,0.6792929292929293,39.950980392156865,1040.1960784313726,31.521093285799168,0
4311,4,0,0,34,0.0,0.0,1.0,34,650,400,250,0.6153846153846154,9,4,5,383.71544280183673,0.3749814319667261,0.04160316976531586,0.2506547338671693,135378.49024413698,3589.3634659746403,138967.8537101116,3488,75,825.0294117647059,33,1,24,29.84524650651594,0.6805555555555555,39.828431372549026,1040.6862745098047,31.535947712418324,0
4312,4,0,0,34,0.0,0.0,1.0,34,500,400,100,0.8,6,4,2,384.70659147075486,0.3749257278669043,0.04101994029685341,0.25152525645582163,135410.37589208488,3618.652831843535,139029.0287239284,3489,76,826.0294117647059,33,1,24,29.787643745829907,0.680871212121212,39.797794117647065,1040.8088235294126,31.539661319073108,0
4313,4,0,0,34,0.0,0.0,1.0,34,800,500,300,0.625,11,5,6,385.3672008157342,0.3739973262032086,0.04010065836385168,0.25285444828813086,135537.95602953195,3646.3765438773635,139184.3325734093,3490,77,827.0294117647059,33,1,24,29.643182888078158,0.6821338383838383,39.67524509803922,1041.2990196078435,31.55451574569223,0
4314,4,0,0,34,0.0,0.0,1.0,34,700,300,400,0.42857142857142855,11,3,8,384.6786041742888,0.37358882947118244,0.03964134188797308,0.2528525488690859,135601.7686256488,3632.6198156958935,139234.3884413447,3491,78,828.0294117647059,33,1,24,29.597477154175003,0.6827651515151516,39.6139705882353,1041.544117647059,31.561942959001787,0
4315,4,0,0,34,0.0,0.0,1.0,34,850,700,150,0.8235294117647058,10,7,3,387.8399999999995,0.37312462863933454,0.03694117647058803,0.2551578947368422,135633.68055555574,3720.8370878989053,139354.51764345463,3492,79,829.0294117647059,32,2,24,29.48333333333333,0.685546875,39.58333333333334,1041.666666666668,32.55208333333338,0
4316,4,0,0,34,0.0,0.0,1.0,34,1100,800,300,0.7272727272727273,14,8,6,388.99712942451094,0.3727161319073084,0.03700189753320671,0.2564372992041021,135706.02816358022,3757.8510802469073,139463.87924382713,3493,80,830.0294117647059,29,5,24,29.38105394117123,0.694683908045977,39.513888888888886,1041.9444444444443,35.92911877394636,0
4317,4,0,0,34,0.0,0.0,1.0,34,1050,900,150,0.8571428571428571,12,9,3,390.42858734048303,0.37267899584076053,0.03682741753417784,0.25790282741223447,135778.39506172825,3802.3533950617084,139580.74845678997,3494,81,831.0294117647059,29,5,24,29.27161069651741,0.6954022988505748,39.444444444444436,1042.2222222222213,35.93869731800763,0
4318,4,0,0,34,0.0,0.0,1.0,34,1050,800,250,0.7619047619047619,13,8,5,399.10505558010686,0.37267899584076053,0.02619653877691941,0.2461448826948805,133276.5868916438,3838.271923783295,137114.85881542708,3495,82,832.0294117647059,32,2,19,31.553405478112012,0.662109375,41.85606060606061,1032.5757575757582,32.26799242424244,6
4319,4,0,0,34,0.0,0.0,1.0,34,550,300,250,0.5454545454545454,8,3,5,404.1415020367702,0.37219622697563876,0.026262430164585737,0.2499079084023295,133374.38662190086,3980.424988521587,137354.81161042245,3496,83,833.0294117647059,32,2,19,31.32486859797091,0.6630859375,41.76136363636364,1032.9545454545457,32.279829545454554,0
4320,4,0,0,34,0.0,0.0,1.0,34,650,500,150,0.7692307692307693,8,5,3,404.1415020367702,0.3718434343434343,0.026262430164585737,0.2499079084023295,133374.38662190086,3980.424988521587,137354.81161042245,3497,84,834.0294117647059,32,2,19,31.32486859797091,0.6630859375,41.76136363636364,1032.9545454545457,32.279829545454554,0
4321,4,0,0,34,0.0,0.0,1.0,34,1000,700,300,0.7,13,7,6,408.15452842667463,0.3711007130124777,0.023513346032911553,0.2532929918541324,133506.94670265348,4098.364714749902,137605.3114174034,3498,85,835.0294117647059,30,4,19,31.08770104478259,0.6697916666666666,41.63306451612903,1033.467741935484,34.4489247311828,0
4322,4,0,0,34,0.0,0.0,1.0,34,800,300,500,0.375,13,3,10,407.24914393943897,0.3714163695781343,0.024998661537167344,0.2532055914339713,133576.40921277023,4079.7756604809742,137656.18487325122,3499,86,836.0294117647059,30,4,20,31.041151995839286,0.6704861111111111,41.56586021505376,1033.7365591397847,34.45788530465949,0
4323,4,2,0,36,0.05555555555555555,0.0,1.0,36,950,700,250,0.7368421052631579,12,7,5,382.51207124649505,0.3795469576719577,0.02371049346211951,0.24189525522730895,134201.36072964748,3066.728091359121,137268.0888210066,3500,0,790.5277777777778,33,3,21,31.053493987778435,0.6688762626262625,40.96200980392158,1036.1519607843156,31.398544266191383,0
4324,4,0,1,35,0.0,0.027777777777777776,0.9722222222222222,36,900,600,300,0.6666666666666666,12,6,6,383.3371140870437,0.37979497354497355,0.02441475526129122,0.24304837413404912,134296.61218041144,3096.1751489811695,137392.7873293926,3501,1,791.5277777777778,33,3,21,30.93668716008513,0.6698232323232323,40.87009803921569,1036.5196078431377,31.409685086155687,0
4325,4,0,0,35,0.0,0.0,1.0,35,850,600,250,0.7058823529411765,11,6,5,380.49952774564207,0.380672268907563,0.022897669706180235,0.24166861897358363,134360.13192041527,3224.793348712041,137584.9252691273,3502,2,801.6285714285714,33,2,21,30.94661150512215,0.6704545454545454,40.80882352941177,1036.7647058823534,31.417112299465256,0
4326,4,0,0,35,0.0,0.0,1.0,35,850,700,150,0.8235294117647058,10,7,3,382.01882798072154,0.380672268907563,0.02531160115052744,0.2391630477694435,133831.2596450618,3225.3473557178977,137056.6070007797,3503,3,802.6285714285714,32,3,15,31.437360178970913,0.6676432291666666,41.31944444444445,1034.7222222222229,32.335069444444464,1
4327,4,0,0,35,0.0,0.0,1.0,35,700,500,200,0.7142857142857143,9,5,4,379.0766239881069,0.3802170868347339,0.026828843271878622,0.2379533050118303,133929.26263901652,3153.8905468829844,137083.15318589951,3504,4,803.6285714285714,32,3,15,31.415182564853215,0.6686197916666666,41.22474747474748,1035.1010101010108,32.34690656565659,0
4328,4,0,1,34,0.0,0.02857142857142857,0.9714285714285714,35,850,700,150,0.8235294117647058,10,7,3,376.8366653828648,0.38018207282913163,0.022505494505494772,0.23727793014047757,134042.6834030182,3102.439566512897,137145.12296953108,3505,5,804.6285714285714,33,2,17,31.35946745562132,0.6672979797979797,41.11519607843138,1035.5392156862754,31.379976232917436,0
4329,4,0,0,34,0.0,0.0,1.0,34,950,700,250,0.7368421052631579,12,7,5,380.1980963712076,0.379196375519905,0.0013199426111907275,0.23908162501870425,133994.6178961331,3388.899729619435,137383.51762575255,3506,6,734.1176470588235,32,2,17,31.320630081300813,0.6692708333333333,41.161616161616166,1035.3535353535358,32.35479797979799,0
4330,4,0,0,34,0.0,0.0,1.0,34,900,700,200,0.7777777777777778,11,7,4,378.72744201822917,0.3796605763517528,-0.00032627948168140186,0.23879332873755077,134092.6806735283,3356.9155889705235,137449.59626249882,3507,7,735.1176470588235,32,2,18,31.260412857084805,0.6702473958333333,41.0669191919192,1035.7323232323238,32.36663510101012,0
4331,4,0,2,32,0.0,0.058823529411764705,0.9411764705882353,34,850,500,350,0.5882352941176471,12,5,7,378.4525198105671,0.3792520796197267,0.004097214754274603,0.23904564473023127,134158.07578627186,3354.4923668503257,137512.56815312218,3508,8,736.1176470588235,32,2,18,31.202010968921392,0.6708984375,41.00378787878788,1035.984848484849,32.37452651515153,0
4332,4,0,0,32,0.0,0.0,1.0,32,900,600,300,0.6666666666666666,12,6,6,398.0711587013556,0.37100974462365593,0.01737464276435441,0.2491342910311411,133819.67026534854,4253.950239912126,138073.62050526065,3509,96,782.625,30,2,18,31.033764181172604,0.6729166666666667,41.33064516129032,1034.6774193548383,34.489247311827945,0
4333,4,0,0,32,0.0,0.0,1.0,32,950,700,250,0.7368421052631579,12,7,5,403.4107512759219,0.37004368279569894,0.02224493769470426,0.2539114728619034,134028.3558792922,4413.69594750836,138442.05182680057,3510,97,783.625,30,2,18,30.685899100034625,0.675,41.129032258064505,1035.4838709677404,34.516129032258014,0
4334,4,0,0,32,0.0,0.0,1.0,32,800,500,300,0.625,11,5,6,377.5902196689149,0.36903561827956993,0.0005819073980877221,0.23667879068837022,133876.17323133675,3710.0667317708294,137586.2399631076,3511,98,784.625,31,1,15,31.50687804059722,0.6706989247311828,41.276041666666664,1034.895833333333,33.38373655913978,8
4335,4,0,0,32,0.0,0.0,1.0,32,800,500,300,0.625,11,5,6,375.33045354622726,0.3686155913978495,0.0011946680080483496,0.23612561444617075,134010.9592013888,3659.678819444434,137670.63802083323,3512,99,785.625,31,1,16,31.43024815560027,0.6720430107526882,41.14583333333333,1035.4166666666658,33.40053763440857,0
4336,4,0,0,32,0.0,0.0,1.0,32,750,500,250,0.6666666666666666,10,5,5,375.33045354622726,0.3686155913978495,0.0011946680080483496,0.23612561444617075,134010.9592013888,3659.678819444434,137670.63802083323,3513,100,786.625,31,1,16,31.43024815560027,0.6720430107526882,41.14583333333333,1035.4166666666658,33.40053763440857,0
4337,4,0,0,32,0.0,0.0,1.0,32,950,700,250,0.7368421052631579,12,7,5,377.5385863737863,0.36853158602150543,-0.004911051043500425,0.23795102345618843,134078.37761773012,3723.952229817717,137802.32984754784,3514,101,787.625,31,1,17,31.305527617131833,0.6727150537634409,41.08072916666667,1035.6770833333342,33.40893817204304,0
4338,4,0,0,32,0.0,0.0,1.0,32,900,600,300,0.6666666666666666,12,6,6,376.19892852670245,0.36804855510752693,-0.007459930861093644,0.23732454214353035,134112.09318372942,3690.5651516384596,137802.6583353679,3515,102,788.625,31,1,17,31.306437251204684,0.6730510752688172,41.048177083333336,1035.807291666667,33.41313844086022,0
4339,4,0,0,32,0.0,0.0,1.0,32,700,500,200,0.7142857142857143,9,5,4,375.1972197981222,0.3683215725806452,-0.0062850438810333475,0.23677830701721475,134125.37623711856,3664.6936537087927,137790.06989082735,3516,103,789.625,32,0,17,31.319071997399647,0.6705729166666667,41.03535353535353,1035.858585858585,32.37058080808078,0
4340,4,0,0,32,0.0,0.0,1.0,32,600,400,200,0.6666666666666666,8,4,4,375.217323008332,0.36842657930107525,-0.006409963436928567,0.23700216591865772,134158.07578627174,3667.6868112947586,137825.7625975665,3517,104,790.625,32,0,17,31.285801340645946,0.6708984375,41.003787878787875,1035.984848484848,32.3745265151515,0
4341,4,0,0,32,0.0,0.0,1.0,32,1000,800,200,0.8,12,8,4,374.9038172441008,0.36909862231182794,-0.0016335140733518827,0.23722711088067336,134223.4868412661,3664.1795161207924,137887.6663573869,3518,105,791.625,32,0,18,31.22842289102799,0.6715494791666667,40.94065656565656,1036.237373737373,32.382417929292906,0
4342,4,0,0,32,0.0,0.0,1.0,32,1050,800,250,0.7619047619047619,13,8,5,372.9341865911667,0.3686365927419355,-0.0038943537580702348,0.23640283689010688,134288.91383851125,3616.1853701152795,137905.09920862652,3519,106,792.625,32,0,18,31.21396231778131,0.6722005208333335,40.877525252525245,1036.489898989898,32.39030934343431,0
4343,4,0,0,32,0.0,0.0,1.0,32,300,100,200,0.3333333333333333,5,1,4,373.1874157424561,0.3686365927419355,-0.0033910303251738494,0.23698699695756437,134354.35677800735,3627.871039944902,137982.22781795225,3520,107,793.625,32,0,18,31.141913287053942,0.6728515625,40.81439393939394,1036.7424242424242,32.39820075757576,0
4344,4,0,0,32,0.0,0.0,1.0,32,650,500,150,0.7692307692307693,8,5,3,374.0458093353348,0.36821656586021506,-0.0008789419213441896,0.23795803501712678,134419.81565975418,3655.8337478318617,138075.64940758605,3521,108,794.625,32,0,18,31.054172247250293,0.6735026041666666,40.75126262626263,1036.99494949495,32.40609217171719,0
4345,4,0,0,32,0.0,0.0,1.0,32,800,500,300,0.625,11,5,6,374.0458093353348,0.36821656586021506,-0.0008789419213441896,0.23795803501712678,134419.81565975418,3655.8337478318617,138075.64940758605,3522,109,795.625,32,0,18,31.054172247250293,0.6735026041666666,40.75126262626263,1036.99494949495,32.40609217171719,0
4346,4,0,0,32,0.0,0.0,1.0,32,700,500,200,0.7142857142857143,9,5,4,374.0458093353348,0.36821656586021506,-0.0008789419213441896,0.23795803501712678,134419.81565975418,3655.8337478318617,138075.64940758605,3523,110,796.625,32,0,18,31.054172247250293,0.6735026041666666,40.75126262626263,1036.99494949495,32.40609217171719,0
4347,4,0,0,32,0.0,0.0,1.0,32,900,600,300,0.6666666666666666,12,6,6,372.5136385744586,0.36777553763440857,-0.005271725900681368,0.237622053922962,134518.03387409443,3621.9604504642352,138139.99432455868,3524,111,797.625,32,0,18,30.995669019798765,0.6744791666666667,40.656565656565654,1037.373737373737,32.41792929292928,0
4348,4,0,0,32,0.0,0.0,1.0,32,850,600,250,0.7058823529411765,11,6,5,370.9340125411619,0.36794354838709675,-0.006686064750909937,0.23704676390862206,134584.5561557345,3584.4018737462725,138168.95802948077,3525,112,798.625,31,1,18,30.970139498891534,0.677755376344086,40.59244791666666,1037.6302083333323,33.471942204301044,0
4349,4,0,0,32,0.0,0.0,1.0,32,900,600,300,0.6666666666666666,12,6,6,371.9163585343484,0.36762852822580644,-0.009047290516809081,0.2383373963212077,134685.90630425344,3618.3783637152737,138304.28466796872,3526,113,799.625,31,1,18,30.84336845626358,0.6787634408602151,40.494791666666664,1038.0208333333333,33.48454301075269,0
4350,4,0,0,32,0.0,0.0,1.0,32,750,500,250,0.6666666666666666,10,5,5,371.9163585343484,0.36762852822580644,-0.009047290516809081,0.2383373963212077,134685.90630425344,3618.3783637152737,138304.28466796872,3527,114,800.625,31,1,18,30.84336845626358,0.6787634408602151,40.494791666666664,1038.0208333333333,33.48454301075269,0
4351,4,0,0,32,0.0,0.0,1.0,32,900,700,200,0.7777777777777778,11,7,4,368.3935743278279,0.36725050403225806,-0.013473903177004365,0.22757771273896654,133337.70751953125,3424.150933159722,136761.85845269097,3528,115,801.625,31,1,21,32.28483778786351,0.6653225806451613,41.796875,1032.8125,33.31653225806452,2
4352,4,0,0,32,0.0,0.0,1.0,32,750,400,350,0.5333333333333333,11,4,7,365.9191330109163,0.36758652553763443,-0.01953363680801634,0.2266704213041883,133439.60636988573,3365.6210144373076,136805.22738432305,3529,116,802.625,32,0,21,32.24647643488533,0.6637369791666666,41.698232323232325,1033.207070707071,32.287720959595966,0
4353,4,0,0,32,0.0,0.0,1.0,32,700,400,300,0.5714285714285714,10,4,6,365.9191330109163,0.36758652553763443,-0.01953363680801634,0.2266704213041883,133439.60636988573,3365.6210144373076,136805.22738432305,3530,117,803.625,32,0,21,32.24647643488533,0.6637369791666666,41.698232323232325,1033.207070707071,32.287720959595966,0
4354,4,0,0,32,0.0,0.0,1.0,32,1100,700,400,0.6363636363636364,15,7,8,364.926629674305,0.36727150537634407,-0.006759947116595555,0.22749193821611713,133674.1214328343,3356.253307394305,137030.3747402286,3531,118,804.625,31,1,22,32.036955426844614,0.6686827956989246,41.47135416666667,1034.1145833333342,33.35853494623659,0
4355,4,0,0,32,0.0,0.0,1.0,32,850,700,150,0.8235294117647058,10,7,3,366.0568592433033,0.36680947580645157,-0.010605488418932607,0.22861286869723296,133741.45507812512,3391.3953993055707,137132.85047743068,3532,119,805.625,31,1,19,31.94024840550519,0.6693548387096774,41.40625000000001,1034.375000000001,33.366935483870996,0
4356,4,0,0,32,0.0,0.0,1.0,32,950,800,150,0.8421052631578947,11,8,3,373.9381639277622,0.36676747311827956,0.007564180929095388,0.2310282613994786,133341.78272625254,3572.3162815019055,136914.09900775444,3533,120,806.625,32,0,22,32.13758149959252,0.6627604166666665,41.7929292929293,1032.8282828282838,32.27588383838387,2
4357,4,0,0,32,0.0,0.0,1.0,32,950,600,350,0.631578947368421,13,6,7,372.47827714182796,0.36645245295698925,0.0037443303515185544,0.23114621467354882,133505.86149427635,3545.6704245478873,137051.53191882424,3534,121,807.625,31,1,22,32.01054659611106,0.6670026881720429,41.63411458333334,1033.4635416666677,33.33753360215057,0
4358,4,1,1,32,0.030303030303030304,0.030303030303030304,0.9696969696969697,33,1100,700,400,0.6363636363636364,15,7,8,364.7238419171289,0.37152777777777773,-0.003822536700418544,0.22874072931864628,133896.5909888022,3167.055817008475,137063.64680581068,3535,0,784.1212121212121,32,1,19,31.819313976658137,0.6682942708333333,41.256313131313135,1034.9747474747478,32.34296085858587,0
4359,4,0,0,32,0.0,0.0,1.0,32,750,600,150,0.8,9,6,3,374.09926692052034,0.36599042338709675,0.0035290507364977852,0.23342266120578892,133707.78613620336,3603.996955023876,137311.78309122723,3536,123,809.625,31,1,19,31.766046623861687,0.669018817204301,41.438802083333336,1034.2447916666667,33.36273521505377,0
4360,4,0,0,32,0.0,0.0,1.0,32,750,500,250,0.6666666666666666,10,5,5,373.0514068673353,0.36529737903225806,-0.0026893558127831785,0.23383379982504565,133876.17323133675,3588.5389539930507,137464.71218532982,3537,124,810.625,31,1,19,31.62430800201308,0.6706989247311828,41.276041666666664,1034.895833333333,33.38373655913978,0
4361,4,0,0,32,0.0,0.0,1.0,32,1050,900,150,0.8571428571428571,12,9,3,373.68777706331383,0.3648983534946237,0.0011591537784485517,0.23530790902490362,134044.6662902831,3618.1706746419127,137662.836964925,3538,125,811.625,31,1,19,31.43900100590972,0.6723790322580645,41.11328124999999,1035.546874999999,33.40473790322578,0
4362,4,0,0,32,0.0,0.0,1.0,32,800,600,200,0.75,10,6,4,372.9626224824508,0.365234375,-0.00318588937774944,0.235282923223465,134112.09318372927,3603.75959608289,137715.85277981215,3539,126,812.625,31,1,19,31.390241986172217,0.6730510752688172,41.04817708333333,1035.8072916666658,33.41313844086019,0
4363,4,0,0,32,0.0,0.0,1.0,32,600,400,200,0.6666666666666666,8,4,4,372.12139303092954,0.36529737903225806,-0.004547310882131006,0.23540079854850043,134213.26531304244,3588.725450303808,137801.99076334626,3540,127,813.625,31,1,20,31.310735528189667,0.6740591397849462,40.95052083333333,1036.1979166666658,33.4257392473118,0
4364,4,0,0,32,0.0,0.0,1.0,32,500,400,100,0.8,6,4,2,372.68255115924967,0.36548639112903225,-0.002823061942454741,0.23597298525667987,134246.9978332518,3606.302727593301,137853.30056084512,3541,128,814.625,31,1,20,31.26243351342296,0.6743951612903226,40.91796874999999,1036.3281249999989,33.429939516129,0
4365,4,0,0,32,0.0,0.0,1.0,32,450,400,50,0.8888888888888888,5,4,1,398.02515608059196,0.36632644489247307,-0.06742093961478379,0.24585412373981275,133333.36946467805,4214.350361139854,137547.7198258179,3542,129,815.625,30,2,18,31.524108537220204,0.6680555555555555,41.80107526881721,1032.7956989247316,34.42652329749105,8
4366,4,1,1,32,0.030303030303030304,0.030303030303030304,0.9696969696969697,33,800,600,200,0.75,10,6,4,386.35623252209825,0.3701467803030303,-0.0677945407232744,0.24085095751102875,133674.1214328343,3729.1659884982737,137403.28742133258,3543,0,791.8787878787879,31,2,19,31.48293880634599,0.6686827956989246,41.47135416666667,1034.1145833333342,33.35853494623659,0
4367,4,0,1,31,0.0,0.03125,0.96875,32,1100,800,300,0.7272727272727273,14,8,6,385.9935670140336,0.36609543010752693,-0.046664621869887624,0.24172504941375325,133842.48733520528,3932.467820909318,137774.9551561146,3544,1,812.34375,31,1,16,31.32327188456861,0.6703629032258063,41.308593750000014,1034.7656250000016,33.37953629032263,0
4368,4,0,0,31,0.0,0.0,1.0,31,900,600,300,0.6666666666666666,12,6,6,398.76386070990117,0.3607974910394265,-0.04997338720154909,0.24933269178587417,133784.90513715462,4469.71705543994,138254.62219259457,3545,132,839.516129032258,30,1,16,31.050788185873284,0.6725694444444444,41.36424731182796,1034.5430107526886,34.48476702508962,0
4369,4,0,0,31,0.0,0.0,1.0,31,400,100,300,0.25,7,1,6,398.8471471594969,0.3602598566308244,-0.052552873317667226,0.250327781603528,133923.99274843922,4483.040488784836,138407.03323722407,3546,133,840.516129032258,30,1,17,30.908864649612596,0.6739583333333332,41.22983870967742,1035.0806451612912,34.50268817204304,0
4370,4,0,0,31,0.0,0.0,1.0,31,650,400,250,0.6153846153846154,9,4,5,398.1119338841058,0.36017025089605736,-0.054950117690419575,0.2501026194759694,133958.77594230557,4466.117470227785,138424.89341253336,3547,134,841.516129032258,30,1,17,30.89294988314724,0.6743055555555555,41.19623655913979,1035.2150537634416,34.507168458781386,0
4371,4,0,0,31,0.0,0.0,1.0,31,500,400,100,0.8,6,4,2,400.9206552638574,0.36075268817204303,-0.014562452623599897,0.24219654726507484,132501.77043588858,4424.539325355536,136926.3097612441,3548,135,842.516129032258,30,1,20,32.28813098346387,0.6597222222222221,42.60752688172043,1029.5698924731187,34.31899641577062,4
4372,4,0,0,31,0.0,0.0,1.0,31,950,800,150,0.8421052631578947,11,8,3,398.3638448080295,0.36030465949820784,-0.019717705101598648,0.24131716543588394,132605.57804731766,4365.0535827841395,136970.6316301018,3549,136,843.516129032258,30,1,21,32.24911914393841,0.6607638888888887,42.50672043010753,1029.9731182795701,34.33243727598567,0
4373,4,0,0,31,0.0,0.0,1.0,31,800,600,200,0.75,10,6,4,399.0059950921007,0.3610215053763441,-0.015672411253498053,0.24215209440862656,132674.80570369415,4387.6085746907265,137062.41427838488,3550,137,844.516129032258,30,1,19,32.16269841269841,0.6614583333333333,42.43951612903226,1030.2419354838717,34.34139784946239,0
4374,4,0,0,31,0.0,0.0,1.0,31,850,500,350,0.5882352941176471,12,5,7,400.25780291268086,0.36084229390681005,-0.015802959478619982,0.24336055312700447,132744.051425743,4426.368474679174,137170.4199004222,3551,138,845.516129032258,30,1,19,32.06056258423546,0.6621527777777776,42.372311827957,1030.5107526881732,34.3503584229391,0
4375,4,0,0,31,0.0,0.0,1.0,31,800,500,300,0.625,11,5,6,404.5736541036149,0.3612007168458781,-0.042342305321553364,0.2324965728194272,130595.10125054247,4367.0674641927,134962.16871473516,3552,139,846.516129032258,31,0,18,34.12791932059448,0.6377688172043011,44.46614583333333,1022.1354166666661,32.972110215053746,5
4376,4,0,0,31,0.0,0.0,1.0,31,900,600,300,0.6666666666666666,12,6,6,404.306251572787,0.36093189964157707,-0.04128506333690796,0.23254273854197435,130628.37600708005,4362.773810492621,134991.14981757267,3553,140,847.516129032258,31,0,19,34.10088417611345,0.6381048387096775,44.43359375,1022.2656249999998,32.97631048387096,0
4377,4,0,0,31,0.0,0.0,1.0,31,650,400,250,0.6153846153846154,9,4,5,399.49228682476,0.35990143369175626,-0.03705407003482053,0.23076554450700845,130794.81336805559,4250.303819444449,135045.11718750003,3554,141,848.516129032258,31,0,19,34.05465037338764,0.6397849462365591,44.270833333333336,1022.916666666667,32.997311827957,0
4378,4,2,1,32,0.06060606060606061,0.030303030303030304,0.9696969696969697,33,1250,800,450,0.64,17,8,9,380.38678365903513,0.3724352904040404,-0.04852831965802673,0.2229807600075565,131359.5300635575,3393.4858287678085,134753.01589232532,3555,0,798.030303030303,33,0,20,33.970786013150025,0.6404671717171716,43.71936274509805,1025.1225490196096,31.064319667260897,0
4379,4,0,0,32,0.0,0.0,1.0,32,700,500,200,0.7142857142857143,9,5,4,389.5942024013725,0.36578040994623656,-0.04385322938493763,0.22723060848902524,131166.40082963495,3820.3338626160917,134986.73469225105,3556,1,823.96875,32,0,20,33.93062574468959,0.6409505208333333,43.9078282828283,1024.3686868686887,32.01152146464652,0
4380,4,0,0,32,0.0,0.0,1.0,32,850,800,50,0.9411764705882353,9,8,1,388.65754511203636,0.36529737903225806,-0.03785569105691067,0.2276422764227643,131328.12500000012,3808.3333333333476,135136.45833333346,3557,2,824.96875,32,0,20,33.79065040650405,0.642578125,43.75000000000001,1025.000000000001,32.03125000000003,0
4381,4,0,0,32,0.0,0.0,1.0,32,900,700,200,0.7777777777777778,11,7,4,389.90321264833443,0.36626344086021506,-0.03758310760896311,0.22914572309187922,131457.5760764207,3851.146247831847,135308.72232425254,3558,3,825.96875,32,0,20,33.6275445292621,0.6438802083333334,43.62373737373737,1025.50505050505,32.04703282828281,0
4382,4,1,1,32,0.030303030303030304,0.030303030303030304,0.9696969696969697,33,900,800,100,0.8888888888888888,10,8,2,381.19625754125536,0.368331755050505,-0.05311981251830877,0.22604695272032407,131799.5951827423,3448.302485822773,135247.8976685651,3559,0,801.9090909090909,33,0,15,33.50476886661099,0.6448863636363635,43.290441176470594,1026.8382352941185,31.116310160427833,0
4383,4,0,0,32,0.0,0.0,1.0,32,750,400,350,0.5333333333333333,11,4,7,391.2931361018974,0.36546538978494625,-0.047959215059055094,0.23113594551135333,131651.87225793282,3902.8947938985784,135554.76705183138,3560,5,827.96875,32,0,15,33.39510539698164,0.6458333333333334,43.43434343434343,1026.2626262626259,32.07070707070706,0
4384,4,0,0,32,0.0,0.0,1.0,32,900,700,200,0.7777777777777778,11,7,4,392.22232812734023,0.36546538978494625,-0.04744003690036891,0.232079150485828,131716.66953627186,3932.4437557392184,135649.11329201108,3561,6,828.96875,32,0,16,33.305658056580576,0.646484375,43.371212121212125,1026.515151515152,32.0785984848485,0
4385,4,0,0,32,0.0,0.0,1.0,32,900,900,0,1.0,9,9,0,397.2464175635918,0.3650873655913978,-0.04437392426850251,0.23585418689505527,131846.31191970222,4075.0950158147257,135921.40693551695,3562,7,829.96875,32,0,16,33.045447094500446,0.6477864583333333,43.2449494949495,1027.020202020203,32.09438131313134,0
4386,4,1,1,32,0.030303030303030304,0.030303030303030304,0.9696969696969697,33,1000,900,100,0.9,11,9,2,385.0038907603257,0.3708964646464647,-0.04222352185182754,0.23116757217755168,132271.9101427335,3585.0400086505124,135856.95015138402,3563,0,805.7878787878788,33,0,18,32.929771265189416,0.6496212121212122,42.830882352941174,1028.676470588235,31.172014260249544,0
4387,4,0,0,32,0.0,0.0,1.0,32,650,400,250,0.6153846153846154,9,4,5,393.61091463673523,0.36584341397849457,-0.03216324901768175,0.23570347711776266,132170.69686766661,4004.7657764513924,136175.462644118,3564,1,831.71875,32,0,18,32.81070931565161,0.6510416666666666,42.929292929292934,1028.2828282828289,32.1338383838384,0
4388,4,0,0,32,0.0,0.0,1.0,32,500,100,400,0.2,9,1,8,393.55057700043193,0.3658854166666667,-0.03468726982568182,0.23607238587964055,132235.6216840118,4008.281042750732,136243.90272676252,3565,2,832.71875,32,0,18,32.74664456993207,0.6516927083333334,42.86616161616161,1028.5353535353531,32.141729797979785,0
4389,4,0,0,32,0.0,0.0,1.0,32,900,700,200,0.7777777777777778,11,7,4,396.78646975486885,0.36632644489247307,-0.03784752055971541,0.2382180817312393,132268.09007052853,4096.437704060809,136364.52777458934,3566,3,833.71875,32,0,18,32.63062067836831,0.6520182291666667,42.83459595959596,1028.6616161616162,32.145675505050505,0
4390,4,0,0,32,0.0,0.0,1.0,32,1150,800,350,0.6956521739130435,15,8,7,394.76152880112613,0.3657594086021505,-0.03796944035346095,0.23720626376634038,132300.56244260792,4045.434458218551,136345.99690082646,3567,4,834.71875,32,0,18,32.64988340697104,0.65234375,42.803030303030305,1028.787878787879,32.14962121212122,0
4391,4,1,0,33,0.030303030303030304,0.0,1.0,33,750,600,150,0.8,9,6,3,385.7413833216932,0.37101483585858586,-0.03383670113798609,0.23355695860486356,132587.25610342162,3628.878316032279,136216.1344194539,3568,0,810.3939393939394,33,0,19,32.59261462795495,0.6527777777777779,42.52450980392156,1029.9019607843125,31.209150326797346,0
4392,4,0,0,33,0.0,0.0,1.0,33,450,100,350,0.2222222222222222,8,1,7,387.8635118327785,0.3707780934343434,-0.0379959480601878,0.23523670133234723,132650.37035034588,3690.0476980007516,136340.41804834665,3569,1,811.3939393939394,33,0,17,32.4743238956301,0.653409090909091,42.46323529411764,1030.1470588235281,31.216577540106915,0
4393,4,0,0,33,0.0,0.0,1.0,33,950,600,350,0.631578947368421,13,6,7,387.40641979637496,0.3696338383838384,-0.037242820595971615,0.23575166356639035,132776.64389898122,3687.704849096506,136464.34874807773,3570,2,812.3939393939394,33,0,18,32.358799048751486,0.6546717171717171,42.34068627450981,1030.6372549019613,31.231431966726102,0
4394,4,0,0,33,0.0,0.0,1.0,33,800,700,100,0.875,9,7,2,388.57475012234437,0.3694760101010101,-0.03993327640931965,0.23666200023743952,132808.2216725539,3721.1843101211102,136529.405982675,3571,3,813.3939393939394,33,0,18,32.29686818848332,0.6549873737373737,42.310049019607845,1030.759803921569,31.23514557338088,0
4395,4,0,0,33,0.0,0.0,1.0,33,750,500,250,0.6666666666666666,10,5,5,390.53157841036614,0.36841066919191917,-0.03844505662687481,0.23865818680633502,132934.57031250012,3783.0295138889032,136717.59982638902,3572,4,814.3939393939394,33,0,18,32.119107744107744,0.65625,42.18750000000001,1031.250000000001,31.25000000000003,0
4396,4,0,1,32,0.0,0.030303030303030304,0.9696969696969697,33,550,300,250,0.5454545454545454,8,3,5,389.3633708742354,0.3687657828282828,-0.03844048853554549,0.23814550358121858,132966.1668589005,3754.43098808152,136720.59784698204,3573,5,815.3939393939394,33,0,18,32.11739543726236,0.6565656565656566,42.156862745098046,1031.3725490196086,31.253713606654806,0
4397,4,0,0,32,0.0,0.0,1.0,32,900,500,400,0.5555555555555556,13,5,8,392.21258120155187,0.36872059811827956,-0.04027038193169308,0.23999884463187077,132983.40292125792,4031.552743342503,137014.95566460042,3574,6,822.15625,32,0,18,32.026563838903165,0.6591796875,42.14015151515151,1031.439393939393,32.232481060606034,0
4398,4,0,0,32,0.0,0.0,1.0,32,700,400,300,0.5714285714285714,10,4,6,391.03412921679035,0.36758652553763443,-0.042017160161507805,0.2401143454612193,133113.6670524691,4010.397376543203,137124.0644290123,3575,7,823.15625,32,0,18,31.92575145805294,0.6604817708333334,42.013888888888886,1031.9444444444443,32.248263888888886,0
4399,4,0,0,32,0.0,0.0,1.0,32,500,400,100,0.8,6,4,2,387.12566282299485,0.3680065524193548,-0.04124999999999979,0.2381303456416842,133178.82303145088,3911.3880280073495,137090.21105945823,3576,8,824.15625,32,0,18,31.96100917431194,0.6611328125,41.95075757575758,1032.1969696969697,32.256155303030305,0
4400,4,0,0,32,0.0,0.0,1.0,32,650,500,150,0.7692307692307693,8,5,3,387.41490122335983,0.368174563172043,-0.03644750519750506,0.23872582119844854,133243.99495268328,3924.141828639921,137168.1367813232,3577,9,825.15625,32,0,18,31.887968285027107,0.6617838541666667,41.887626262626256,1032.449494949494,32.26404671717169,0
4401,4,0,0,32,0.0,0.0,1.0,32,1000,900,100,0.9,11,9,2,390.2980138995107,0.36853158602150543,-0.054423551171393414,0.22706720894727633,131069.41415416794,3831.22640546883,134900.64055963678,3578,10,826.15625,32,0,17,34.010994656802296,0.6399739583333334,44.00252525252525,1023.989898989899,31.999684343434343,4
4402,4,1,1,32,0.030303030303030304,0.030303030303030304,0.9696969696969697,33,850,500,350,0.5882352941176471,12,5,7,380.06316549315443,0.37302714646464646,-0.05519260523445657,0.2224260498963786,131296.7236910082,3380.2096849769196,134676.93337598513,3579,0,802.0909090909091,33,0,17,34.042683048347875,0.6398358585858586,43.780637254901954,1024.8774509803916,31.05689245395126,0
4403,4,0,0,32,0.0,0.0,1.0,32,700,500,200,0.7142857142857143,9,5,4,391.24869537759423,0.3684685819892473,-0.05173409959324571,0.22819559062533576,131166.40082963466,3863.7366403938263,135030.13747002848,3580,12,828.15625,32,0,17,33.88825547475244,0.6409505208333335,43.90782828282828,1024.3686868686864,32.01152146464645,0
4404,4,0,0,32,0.0,0.0,1.0,32,700,400,300,0.5714285714285714,10,4,6,390.12102969242676,0.3679855510752688,-0.04879250862493845,0.22811399690084552,131263.42337516585,3841.7243776145338,135105.14775278038,3581,13,829.15625,32,0,17,33.81874281255135,0.6419270833333334,43.813131313131315,1024.747474747475,32.023358585858595,0
4405,4,0,0,32,0.0,0.0,1.0,32,900,700,200,0.7777777777777778,11,7,4,392.33204723514365,0.36821656586021506,-0.04482591429626892,0.2303780589730009,131425.20732897156,3912.4641299357236,135337.67145890728,3582,14,830.15625,32,0,17,33.59807905430367,0.6435546875,43.65530303030303,1025.378787878788,32.043087121212125,0
4406,4,0,0,32,0.0,0.0,1.0,32,900,700,200,0.7777777777777778,11,7,4,400.40714782495246,0.36821656586021506,-0.0452246757257565,0.2300422896836756,130585.0188277981,4057.4349875012686,134642.45381529938,3583,15,831.15625,32,0,14,34.244646901379454,0.6350911458333334,44.4760101010101,1022.095959595959,31.94049873737372,1
4407,4,1,1,32,0.030303030303030304,0.030303030303030304,0.9696969696969697,33,750,400,350,0.5333333333333333,11,4,7,393.71795331492683,0.37231691919191917,-0.048121937942297466,0.22798508392369202,130888.84833958096,3706.6578960015418,134595.5062355825,3584,0,806.939393939394,33,0,15,34.10678642714571,0.6357323232323233,44.17892156862745,1023.2843137254905,31.008615567439108,0
4408,4,1,0,33,0.030303030303030304,0.0,1.0,33,400,200,200,0.5,6,2,4,394.8357940633777,0.3740530303030303,-0.039219100267699814,0.22937817966658267,131014.28086553258,3745.825523836995,134760.10638936958,3585,0,807.9090909090909,33,0,17,33.9508020110127,0.6369949494949494,44.05637254901961,1023.7745098039223,31.023469994058253,0
4409,4,0,0,33,0.0,0.0,1.0,33,800,400,400,0.5,12,4,8,394.40875313893144,0.3740924873737374,-0.041917318451960006,0.22969156445867964,131108.3946829346,3742.0596945886414,134850.45437752325,3586,1,808.9090909090909,33,0,17,33.86619500618246,0.6379419191919191,43.96446078431374,1024.1421568627463,31.034610814022617,0
4410,4,1,1,33,0.029411764705882353,0.029411764705882353,0.9705882352941176,34,600,400,200,0.6666666666666666,8,4,4,384.5168610939678,0.378286541889483,-0.044102280410596606,0.22575621844596766,131419.6588010205,3306.6149376417366,134726.27373866225,3587,0,786.0882352941177,34,0,17,33.80403653392159,0.6387867647058822,43.66071428571429,1025.3571428571436,30.157563025210106,0
4411,4,1,0,34,0.029411764705882353,0.0,1.0,34,600,300,300,0.5,9,3,6,383.59836369023583,0.3822229649435532,-0.03261337028718869,0.22593760081467987,131541.75347222242,3291.8402777778006,134833.59375000023,3588,0,787.0588235294117,34,0,20,33.70396696452748,0.6400122549019607,43.54166666666668,1025.833333333335,30.17156862745103,0
4412,4,1,1,34,0.02857142857142857,0.02857142857142857,0.9714285714285714,35,1100,800,300,0.7272727272727273,14,8,6,375.417050317314,0.38448879551820725,-0.0368713464418573,0.22246657671108205,131773.38023244624,2893.994743441385,134667.37497588762,3589,0,765.5428571428571,35,0,15,33.67961616503213,0.6401785714285713,43.315972222222236,1026.7361111111131,29.33531746031752,0
4413,4,0,0,34,0.0,0.0,1.0,34,650,400,250,0.6153846153846154,9,4,5,380.120783318346,0.3815173796791444,-0.03402323471427293,0.2249678458856625,131725.00177154213,3214.2821712018326,134939.28394274396,3590,2,789.0588235294117,34,0,15,33.60779311144613,0.6418504901960783,43.36309523809525,1026.5476190476204,30.192577030812366,0
4414,4,0,1,33,0.0,0.029411764705882353,0.9705882352941176,34,950,700,250,0.7368421052631579,12,7,5,379.57191520962095,0.38164735591206184,-0.031743975123088686,0.2251848239751164,131816.6737528346,3206.7814625850515,135023.45521541967,3591,3,790.0588235294117,34,0,15,33.529204343457764,0.6427696078431371,43.27380952380953,1026.904761904763,30.20308123249303,0
4415,4,1,0,34,0.029411764705882353,0.0,1.0,34,1200,800,400,0.6666666666666666,16,8,8,383.28896676881817,0.38018048128342247,-0.018963789895520167,0.2283069062927309,131969.53125000012,3316.4930555555698,135286.02430555568,3592,0,790.3529411764706,34,0,16,33.27926466612599,0.6443014705882353,43.12500000000001,1027.500000000001,30.220588235294144,0
4416,4,0,1,33,0.0,0.029411764705882353,0.9705882352941176,34,600,400,200,0.6666666666666666,8,4,4,382.00802070994087,0.38010620915032683,-0.020623999455022357,0.22827953348306873,132091.88102324284,3292.031604308415,135383.91262755124,3593,1,791.3529411764706,34,0,16,33.18857363443351,0.6455269607843136,43.005952380952394,1027.9761904761922,30.234593837535066,0
4417,4,1,1,33,0.029411764705882353,0.029411764705882353,0.9705882352941176,34,1150,900,250,0.782608695652174,14,9,5,380.3251810385907,0.3799205288175876,-0.01609014567966871,0.2276416208337015,132153.07716836748,3252.228599773251,135405.30576814074,3594,0,792.0882352941177,34,0,16,33.170033962409775,0.6461397058823529,42.94642857142858,1028.2142857142867,30.24159663865549,0
4418,4,0,0,33,0.0,0.0,1.0,33,700,500,200,0.7142857142857143,9,5,4,390.4992778899262,0.3748421717171717,-0.014250047873512806,0.23310444438881223,132051.39136690216,3713.1945946270703,135764.58596152923,3595,3,817.0909090909091,33,0,16,33.01128234171932,0.6474116161616161,43.0453431372549,1027.8186274509806,31.146019013666077,0
4419,4,0,0,33,0.0,0.0,1.0,33,850,600,250,0.7058823529411765,11,6,5,388.7646483057048,0.375039457070707,-0.007613681511178694,0.23264874459949092,132145.87688629376,3674.7290705497867,135820.60595684353,3596,4,818.0909090909091,33,0,16,32.960369487485096,0.6483585858585859,42.95343137254902,1028.186274509804,31.157159833630423,0
4420,4,0,0,33,0.0,0.0,1.0,33,1100,900,200,0.8181818181818182,13,9,4,381.04760785286044,0.3753551136363636,-0.045325943233893384,0.22336813172313827,131359.53006355753,3410.846939878921,134770.37700343644,3597,5,819.0909090909091,33,0,18,33.95385036859932,0.6404671717171716,43.71936274509805,1025.1225490196098,31.064319667260904,3
4421,4,0,1,32,0.0,0.030303030303030304,0.9696969696969697,33,750,400,350,0.5333333333333333,11,4,7,381.2918374285722,0.37578914141414144,-0.0428472101512255,0.22406250671364433,131453.76778162256,3424.4497308727523,134878.21751249532,3598,6,820.0909090909091,33,0,18,33.852174952198844,0.6414141414141414,43.62745098039216,1025.4901960784323,31.07546048722522,0
4422,4,0,1,31,0.0,0.03125,0.96875,32,700,400,300,0.5714285714285714,10,4,6,384.8245814471755,0.37460097446236557,-0.02602563707989658,0.22635264845006586,131489.94880943283,3720.112903020114,135210.06171245294,3599,7,840.40625,32,0,19,33.724968197299845,0.6442057291666666,43.59217171717172,1025.631313131314,32.050978535353565,0
4423,4,0,0,31,0.0,0.0,1.0,31,1350,1000,350,0.7407407407407407,17,10,7,387.94637927266535,0.37356630824372755,-0.009688875795813345,0.22962231638030717,131728.82080078113,4020.743815104152,135749.5646158853,3600,8,860.3225806451613,31,0,18,33.40309487569762,0.6491935483870969,43.35937499999999,1026.562499999999,33.11491935483868,0
4424,4,0,0,31,0.0,0.0,1.0,31,950,600,350,0.631578947368421,13,6,7,387.02088067155813,0.3734318996415771,-0.009948213657523075,0.22947719285533114,131795.6627739799,4001.5346950954627,135797.19746907536,3601,9,861.3225806451613,31,0,18,33.35922309578155,0.6498655913978496,43.29427083333332,1026.8229166666654,33.12331989247308,0
4425,4,0,0,31,0.0,0.0,1.0,31,950,900,50,0.9473684210526315,10,9,1,385.0663857905198,0.3727150537634409,-0.014656808218281858,0.2287201544514771,131862.5217013888,3955.1649305555375,135817.68663194432,3602,10,862.3225806451613,31,0,18,33.34178498985801,0.6505376344086022,43.22916666666666,1027.0833333333323,33.13172043010749,0
4426,4,0,0,31,0.0,0.0,1.0,31,750,500,250,0.6666666666666666,10,5,5,387.0192330861131,0.3728046594982079,-0.011513144445806978,0.2302851997774832,131929.39758300758,4011.84285481768,135941.24043782527,3603,11,863.3225806451613,31,0,18,33.22401774397973,0.651209677419355,43.164062499999986,1027.3437499999982,33.14012096774188,0
4427,4,0,0,31,0.0,0.0,1.0,31,700,600,100,0.8571428571428571,8,6,2,390.134444808971,0.37262544802867387,-0.008630482931095251,0.2329592516885034,132063.2002088758,4104.480658637137,136167.6808675129,3604,12,864.3225806451613,31,0,18,33.00871970272779,0.6525537634408602,43.03385416666666,1027.8645833333326,33.15692204301073,0
4428,4,2,1,32,0.06060606060606061,0.030303030303030304,0.9696969696969697,33,400,300,100,0.75,5,3,2,369.76658781285397,0.3843907828282828,-0.015203805278778182,0.22369680614768944,132555.70461180768,3202.934117887322,135758.638729695,3605,0,812.8787878787879,33,0,19,33.03569657661947,0.6524621212121213,42.555147058823515,1029.7794117647038,31.20543672014254,0
4429,4,0,0,32,0.0,0.0,1.0,32,700,300,400,0.42857142857142855,11,3,8,379.78003245422826,0.37804519489247307,-0.00544028340080982,0.22879431223462018,132398.00347222204,3656.423611111087,136054.42708333314,3606,1,839.28125,32,0,19,32.936909581646425,0.6533203125000002,42.70833333333332,1029.1666666666652,32.161458333333286,0
4430,4,0,0,32,0.0,0.0,1.0,32,1150,800,350,0.6956521739130435,15,8,7,381.96560283381365,0.37783518145161293,-0.005943439607602574,0.2309065597560969,132527.980642919,3724.2260037240926,136252.20664664308,3607,2,840.28125,32,0,19,32.74959125281015,0.6546223958333335,42.5820707070707,1029.6717171717162,32.17724116161613,0
4431,4,0,0,32,0.0,0.0,1.0,32,1200,800,400,0.6666666666666666,16,8,8,382.0201993769471,0.376953125,-0.00012639416595172648,0.23173998562948017,132658.0215826189,3735.608770788672,136393.63035340759,3608,3,841.28125,32,0,17,32.61709972627365,0.6559244791666667,42.45580808080807,1030.176767676766,32.19302398989894,0
4432,4,0,0,32,0.0,0.0,1.0,32,1100,800,300,0.7272727272727273,14,8,6,382.02187109382606,0.3767641129032258,-0.003284235668789659,0.23274825041865632,132820.66243240488,3748.079596469751,136568.74202887464,3609,4,842.28125,32,0,18,32.45319900375634,0.6575520833333334,42.2979797979798,1030.8080808080808,32.212752525252526,0
4433,4,0,0,32,0.0,0.0,1.0,32,800,700,100,0.875,9,7,2,380.33301674609993,0.3761130712365592,-0.0036618403330472837,0.23232458846412846,132918.29476902867,3710.6432060504067,136628.93797507908,3610,5,843.28125,32,0,18,32.39842251336679,0.6585286458333334,42.20328282828283,1031.1868686868688,32.22458964646465,0
4434,4,0,0,32,0.0,0.0,1.0,32,800,400,400,0.5,12,4,8,379.6028557813184,0.37655409946236557,-0.009843061674008835,0.23289148179016028,133081.09504132232,3703.5927456382033,136784.6877869605,3611,6,844.28125,32,0,18,32.253426333822816,0.66015625,42.04545454545455,1031.818181818182,32.24431818181819,0
4435,4,0,0,32,0.0,0.0,1.0,32,700,500,200,0.7142857142857143,9,5,4,379.6028557813184,0.37655409946236557,-0.009843061674008835,0.23289148179016028,133081.09504132232,3703.5927456382033,136784.6877869605,3612,7,845.28125,32,0,18,32.253426333822816,0.66015625,42.04545454545455,1031.818181818182,32.24431818181819,0
4436,4,1,0,33,0.030303030303030304,0.0,1.0,33,1000,500,500,0.5,15,5,10,366.4802289281998,0.380011047979798,-0.0014662756598240456,0.22721774193548394,133472.22222222228,3182.9861111111213,136655.2083333334,3613,0,820.6363636363636,33,0,20,32.19926075268818,0.6616161616161615,41.66666666666667,1033.333333333334,31.313131313131333,0
4437,4,1,0,34,0.029411764705882353,0.0,1.0,34,1050,600,450,0.5714285714285714,15,6,9,358.3455924664719,0.38463680926916216,-0.0022504687066402518,0.22421753377437767,133810.73022959175,2790.0970804988538,136600.8273100906,3614,0,797.4705882352941,34,0,17,32.0702930234342,0.6626838235294118,41.33928571428571,1034.6428571428564,30.430672268907543,0
4438,4,0,0,34,0.0,0.0,1.0,34,850,600,250,0.7058823529411765,11,6,5,357.1715663013011,0.3843211527035057,-0.004262574595055524,0.2240439824980886,133903.12499999988,2765.2777777777633,136668.40277777764,3615,1,798.4705882352941,34,0,17,32.00818572195383,0.6636029411764707,41.24999999999999,1034.999999999999,30.441176470588207,0
4439,4,0,0,34,0.0,0.0,1.0,34,550,400,150,0.7272727272727273,7,4,3,366.2685224952618,0.38471108140225785,0.03990846874081555,0.2221394805263471,132650.3703503461,2918.6935313341123,135569.0638816802,3616,2,799.4705882352941,33,1,20,33.0304742644143,0.6534090909090908,42.46323529411765,1030.14705882353,31.216577540106968,2
4440,4,0,0,34,0.0,0.0,1.0,34,750,400,350,0.5333333333333333,11,4,7,366.50129661217227,0.3850638740344623,0.03830491397225044,0.22246761015296274,132681.93310565653,2925.620104046529,135607.55320970307,3617,3,800.4705882352941,33,1,20,32.99271936085009,0.6537247474747474,42.43259803921569,1030.2696078431377,31.22029114676175,0
4441,4,0,0,34,0.0,0.0,1.0,34,900,700,200,0.7777777777777778,11,7,4,364.0392765958181,0.3850638740344623,0.05716296741745053,0.21288383783538065,131267.12018140603,2757.27749433108,134024.39767573713,3618,4,801.4705882352941,34,0,18,34.48318424721189,0.6372549019607842,43.80952380952382,1024.7619047619057,30.14005602240899,5
4442,4,0,0,34,0.0,0.0,1.0,34,1050,800,250,0.7619047619047619,13,8,5,364.43542000633937,0.3836712715389186,0.06703424260011626,0.21430792787403513,131480.6990504536,2783.244756235839,134263.94380668944,3619,5,802.4705882352941,34,0,18,34.25710969239697,0.6393995098039215,43.60119047619048,1025.5952380952388,30.164565826330552,0
4443,4,1,0,35,0.02857142857142857,0.0,1.0,35,700,500,200,0.7142857142857143,9,5,4,356.6201447478894,0.38742997198879553,0.07674002994638673,0.2116582303911721,131832.8045294282,2402.84676676098,134235.65129618917,3620,0,780.5142857142857,35,0,16,34.10216856380781,0.6407738095238094,43.258101851851855,1026.9675925925928,29.341931216931226,0
4444,4,0,0,35,0.0,0.0,1.0,35,1200,1100,100,0.9166666666666666,13,11,2,354.21279737999515,0.3869047619047619,0.07856820961823208,0.21072337731533802,131921.96609224993,2345.689729080965,134267.6558213309,3621,1,781.5142857142857,35,0,16,34.07409493765961,0.6416666666666665,43.17129629629631,1027.314814814817,29.351851851851915,0
4445,4,0,0,35,0.0,0.0,1.0,35,700,500,200,0.7142857142857143,9,5,4,353.0392676166912,0.38571428571428573,0.07715154537994984,0.21051952029339166,132011.15779588916,2321.0244930984372,134332.1822889876,3622,2,782.5142857142857,35,0,18,34.01436441791494,0.6425595238095237,43.08449074074075,1027.6620370370379,29.36177248677251,0
4446,4,0,0,35,0.0,0.0,1.0,35,950,700,250,0.7368421052631579,12,7,5,351.12570269430086,0.3858543417366947,0.07480940586097118,0.2098720384475629,132100.37964034657,2276.767725480136,134377.1473658267,3623,3,783.5142857142857,35,0,18,33.97367334684381,0.6434523809523809,42.9976851851852,1028.009259259261,29.37169312169317,0
4447,4,1,0,36,0.027777777777777776,0.0,1.0,36,900,700,200,0.7777777777777778,11,7,4,345.3588814765032,0.38887235449735447,0.07366171839856017,0.20805766762121075,132398.00347222242,1944.9652777777987,134342.96875000023,3624,0,762.7222222222222,36,0,20,33.8225371120108,0.644386574074074,42.70833333333334,1029.1666666666683,28.587962962963008,0
4448,4,0,0,36,0.0,0.0,1.0,36,1100,800,300,0.7272727272727273,14,8,6,347.37414203184693,0.388640873015873,0.0756528977845834,0.2099168394314064,132513.92598257054,2006.3822690934335,134520.30825166398,3625,1,763.7222222222222,36,0,20,33.65416165372417,0.6455439814814814,42.59572072072073,1029.6171171171181,28.600475475475506,0
4449,4,0,0,36,0.0,0.0,1.0,36,900,500,400,0.5555555555555556,13,5,8,348.9131618425953,0.3890376984126984,0.08191210232863244,0.21149825655230112,132629.89921932085,2055.263498295617,134685.16271761648,3626,2,764.7222222222222,36,0,16,33.49800481032034,0.6467013888888888,42.48310810810812,1030.067567567569,28.61298798798803,0
4450,4,0,0,36,0.0,0.0,1.0,36,950,700,250,0.7368421052631579,12,7,5,347.9263041595747,0.3888558201058201,0.084693381906497,0.2113894875869928,132716.9124360849,2035.1409686713976,134752.0534047563,3627,3,765.7222222222222,36,0,16,33.43602003642988,0.6475694444444444,42.39864864864866,1030.4054054054068,28.62237237237241,0
4451,4,0,0,36,0.0,0.0,1.0,36,800,500,300,0.625,11,5,6,349.0760837174189,0.38872354497354494,0.08534867909867927,0.21241651051740826,132774.93709926153,2069.7110116873764,134844.6481109489,3628,4,766.7222222222222,36,0,17,33.34812973484849,0.6481481481481481,42.34234234234235,1030.6306306306315,28.62862862862865,0
4452,4,0,2,34,0.0,0.05555555555555555,0.9444444444444444,36,1000,800,200,0.8,12,8,4,349.630720060097,0.38878968253968255,0.08014780835881741,0.21341459152468326,132891.02447041633,2092.556915023125,134983.58138543947,3629,5,767.7222222222222,36,0,17,33.21728920926167,0.6493055555555556,42.229729729729726,1031.0810810810808,28.641141141141134,0
4453,4,0,0,34,0.0,0.0,1.0,34,1200,1000,200,0.8333333333333334,14,10,4,367.50767168337165,0.3806446821152703,0.09304207119741092,0.22266641284345456,132612.5,2947.2222222222226,135559.72222222222,3630,10,813.0294117647059,34,0,19,33.03667745415317,0.650735294117647,42.5,1030.0,30.294117647058822,0
4454,4,0,0,34,0.0,0.0,1.0,34,950,700,250,0.7368421052631579,12,7,5,381.50166468589975,0.380941770647653,0.08032567416190872,0.2238073798552428,131389.14399092947,3225.0354308389724,134614.17942176844,3631,11,814.0294117647059,34,0,16,33.91222518965784,0.6384803921568629,43.690476190476176,1025.2380952380931,30.1540616246498,4
4455,4,1,0,35,0.02857142857142857,0.0,1.0,35,1150,800,350,0.6956521739130435,15,8,7,370.0899818555107,0.3818627450980392,0.07580411474934823,0.21982453139128522,131862.52170138882,2760.1996527777724,134622.7213541666,3632,0,791.7428571428571,35,0,17,33.726335361730904,0.6410714285714285,43.229166666666664,1027.0833333333328,29.34523809523808,0
4456,4,0,0,35,0.0,0.0,1.0,35,850,600,250,0.7058823529411765,11,6,5,369.55357043624224,0.38217787114845936,0.06835516364689642,0.22019440257268172,131981.42387902946,2754.8412851508874,134736.26516418034,3633,1,792.7428571428571,35,0,17,33.620090861305094,0.6422619047619048,43.113425925925924,1027.546296296296,29.358465608465604,0
4457,4,0,0,35,0.0,0.0,1.0,35,850,500,350,0.5882352941176471,12,5,7,370.37983929875827,0.38165266106442575,0.07019305019305011,0.2210331299040976,132040.8950617283,2781.05709876542,134821.95216049373,3634,2,793.7428571428571,35,0,17,33.53885135135135,0.6428571428571428,43.05555555555555,1027.7777777777771,29.365079365079346,0
4458,4,0,0,35,0.0,0.0,1.0,35,500,200,300,0.4,8,2,6,370.37983929875827,0.38165266106442575,0.07019305019305011,0.2210331299040976,132040.8950617283,2781.05709876542,134821.95216049373,3635,3,794.7428571428571,35,0,17,33.53885135135135,0.6428571428571428,43.05555555555555,1027.7777777777771,29.365079365079346,0
4459,4,0,0,35,0.0,0.0,1.0,35,1050,900,150,0.8571428571428571,12,9,3,368.21174055017275,0.38035714285714284,0.07592470542847551,0.2209519067028618,132249.14969403704,2739.1379190243338,134988.28761306137,3636,4,795.7428571428571,35,0,17,33.384555155470544,0.6449404761904762,42.85300925925925,1028.5879629629617,29.388227513227477,0
4460,4,0,0,35,0.0,0.0,1.0,35,1200,900,300,0.75,15,9,6,365.4784839117496,0.37993697478991595,0.0719410129957756,0.22035255304591128,132427.78427479859,2679.9011649091312,135107.6854397077,3637,5,796.7428571428571,35,0,18,33.274883803740785,0.6467261904761905,42.67939814814815,1029.2824074074078,29.408068783068796,0
4461,4,0,0,35,0.0,0.0,1.0,35,500,300,200,0.6,7,3,4,367.333335229163,0.37986694677871147,0.07655022886051555,0.22182145396221356,132487.35592689048,2733.4044656635806,135220.76039255405,3638,6,797.7428571428571,35,0,18,33.16715851602024,0.6473214285714286,42.62152777777778,1029.5138888888891,29.41468253968255,0
4462,4,0,1,34,0.0,0.02857142857142857,0.9714285714285714,35,350,100,250,0.2857142857142857,6,1,5,366.7722296982557,0.38004201680672267,0.07538540596094556,0.22165799968720679,132517.14677640607,2720.7218792866997,135237.86865569276,3639,7,798.7428571428571,35,0,18,33.15160371702638,0.6476190476190475,42.592592592592595,1029.62962962963,29.41798941798943,0
4463,4,1,1,34,0.02857142857142857,0.02857142857142857,0.9714285714285714,35,650,400,250,0.6153846153846154,9,4,5,364.55194603098636,0.3822128851540616,0.08064055454822627,0.2215430700009468,132725.77649444874,2677.08802190501,135402.86451635376,3640,0,798.3714285714286,35,0,16,32.99882530233254,0.649702380952381,42.3900462962963,1030.439814814815,29.44113756613757,0
4464,4,0,0,34,0.0,0.0,1.0,34,850,700,150,0.8235294117647058,10,7,3,370.29301842508363,0.3757241532976827,0.08692387663162782,0.22527242870737527,132765.81809807263,3032.451105442188,135798.26920351482,3641,9,822.8529411764706,34,0,17,32.81063493897039,0.652267156862745,42.35119047619048,1030.5952380952388,30.311624649859965,0
4465,4,0,0,34,0.0,0.0,1.0,34,850,700,150,0.8235294117647058,10,7,3,372.44905628071126,0.37516711229946526,0.09023253602168424,0.22695541015726128,132827.17013888908,3094.2708333333585,135921.44097222245,3642,10,823.8529411764706,34,0,17,32.69334411209917,0.6528799019607842,42.29166666666668,1030.8333333333348,30.318627450980436,0
4466,4,0,0,34,0.0,0.0,1.0,34,850,600,250,0.7058823529411765,11,6,5,371.4165611413742,0.37431298276886515,0.09470635766715807,0.2270699837097901,132949.91673752837,3075.960175736969,136025.87691326535,3643,11,824.8529411764706,34,0,17,32.59648312747703,0.6541053921568627,42.17261904761905,1031.309523809524,30.332633053221297,0
4467,4,0,1,33,0.0,0.029411764705882353,0.9705882352941176,34,900,500,400,0.5555555555555556,13,5,8,371.35825410206155,0.3744058229352347,0.09194146156039174,0.22759481117740216,133042.01388888893,3081.2500000000055,136123.26388888893,3644,12,825.8529411764706,34,0,17,32.50538502961767,0.6550245098039216,42.083333333333336,1031.666666666667,30.34313725490197,0
4468,4,0,0,33,0.0,0.0,1.0,33,1050,600,450,0.5714285714285714,15,6,9,381.65898376968636,0.3714094065656566,0.09792591472524936,0.233630812101051,132997.7671598665,3551.9585315744075,136549.7256914409,3645,25,851.5151515151515,33,0,18,32.28424121816959,0.6568813131313129,42.126225490196084,1031.4950980392164,31.257427213309587,0
4469,4,0,0,33,0.0,0.0,1.0,33,750,500,250,0.6666666666666666,10,5,5,380.5837623627496,0.3709359217171717,0.09667886850450103,0.23336742136431085,133060.97902549506,3528.1696042387653,136589.14862973383,3646,26,852.5151515151515,33,0,18,32.248361840281916,0.6575126262626263,42.06495098039216,1031.7401960784318,31.264854426619145,0
4470,4,0,0,33,0.0,0.0,1.0,33,1450,1300,150,0.896551724137931,16,13,3,379.55065723593395,0.370501893939394,0.09346372775487,0.2333266887037253,133155.82498317957,3507.876177431764,136663.70116061132,3647,27,853.5151515151515,33,0,18,32.17960896065859,0.6584595959595959,41.97303921568628,1032.1078431372553,31.27599524658349,0
4471,4,0,0,33,0.0,0.0,1.0,33,950,600,350,0.631578947368421,13,6,7,379.6821634745029,0.37006786616161613,0.09588765144320721,0.23380427961324654,133219.07439446368,3516.1812764321458,136735.25567089583,3648,28,854.5151515151515,33,0,18,32.11261475150365,0.6590909090909091,41.911764705882355,1032.3529411764707,31.283422459893053,0
4472,4,0,0,33,0.0,0.0,1.0,33,700,400,300,0.5714285714285714,10,4,6,380.71022902376524,0.3701862373737374,0.09856667565866384,0.23463669930689263,133250.7047319541,3545.981263216074,136796.68599517015,3649,29,855.5151515151515,33,0,18,32.05427794263105,0.6594065656565655,41.881127450980394,1032.4754901960787,31.287136066547838,0
4473,4,0,0,33,0.0,0.0,1.0,33,500,400,100,0.8,6,4,2,379.50092455167265,0.3695154671717172,0.09853159022594249,0.23448928094732407,133345.61827181865,3520.9570838139325,136866.57535563258,3650,30,856.5151515151515,33,0,18,31.99009254864737,0.6603535353535352,41.78921568627452,1032.843137254903,31.298276886512213,0
4474,4,0,0,33,0.0,0.0,1.0,33,900,700,200,0.7777777777777778,11,7,4,378.2046142610339,0.36939709595959597,0.09800771323722368,0.23428678198639083,133440.56560277304,3493.567528114198,136934.13313088723,3651,31,857.5151515151515,33,0,18,31.92817676827581,0.661300505050505,41.69730392156863,1033.210784313726,31.309417706476545,0
4475,4,0,0,33,0.0,0.0,1.0,33,800,700,100,0.875,9,7,2,378.77165210161183,0.3692392676767677,0.09601828098389653,0.23524006729197305,133535.54672481734,3515.895929450205,137051.44265426754,3652,32,858.5151515151515,33,0,18,31.818136906173418,0.6622474747474747,41.60539215686274,1033.5784313725487,31.32055852644087,0
4476,4,0,0,33,0.0,0.0,1.0,33,1200,1000,200,0.8333333333333334,14,10,4,376.57442058440444,0.36912089646464646,0.09963584649529178,0.23467761897276257,133662.24078479435,3466.756175509423,137128.99696030378,3653,33,859.5151515151515,33,0,19,31.747748281583316,0.663510101010101,41.4828431372549,1034.0686274509808,31.335412953060025,0
4477,4,0,0,33,0.0,0.0,1.0,33,800,600,200,0.75,10,6,4,372.8017110764539,0.36785827020202017,0.09884465883518345,0.233325785516568,133820.6928374905,3377.7166534506077,137198.4094909411,3654,34,860.5151515151515,33,0,17,31.6863822101149,0.6650883838383839,41.329656862745104,1034.6813725490204,31.35398098633395,0
4478,4,0,0,33,0.0,0.0,1.0,33,800,400,400,0.5,12,4,8,374.7923473764176,0.3675426136363636,0.1034573084306658,0.2349756030878874,133884.0999405276,3435.7472186178343,137319.84715914543,3655,35,861.5151515151515,33,0,17,31.571319321097295,0.665719696969697,41.268382352941174,1034.9264705882347,31.361408199643474,0
4479,4,0,0,33,0.0,0.0,1.0,33,500,300,200,0.6,7,3,4,373.0173313724797,0.36730587121212116,0.1034450591637428,0.23406421848231534,133915.8091238947,3390.5835495963174,137306.392673491,3656,36,862.5151515151515,33,0,17,31.58546451969375,0.6660353535353535,41.23774509803922,1035.0490196078435,31.36512180629829,0
4480,4,0,0,33,0.0,0.0,1.0,33,800,500,300,0.625,11,5,6,370.4122187786959,0.36675347222222227,0.10244490358126734,0.2328305375180375,133979.2387543253,3325.5094194540625,137304.74817377937,3657,37,863.5151515151515,33,0,17,31.58933080808082,0.6666666666666666,41.1764705882353,1035.2941176470592,31.372549019607856,0
4481,4,0,0,33,0.0,0.0,1.0,33,800,500,300,0.625,11,5,6,372.62728896047065,0.36655618686868685,0.10778554778554761,0.23462746585066876,134042.683403018,3389.592344290646,137432.27574730862,3658,38,864.5151515151515,33,0,17,31.46844181459565,0.6672979797979799,41.11519607843137,1035.539215686274,31.379976232917393,0
4482,4,0,0,33,0.0,0.0,1.0,33,1100,800,300,0.7272727272727273,14,8,6,370.78714129972883,0.3667929292929293,0.1060283459147906,0.2342776152875865,134169.61775519027,3349.6738033448664,137519.29155853513,3659,39,865.5151515151515,33,0,17,31.38898746155666,0.6685606060606061,40.99264705882353,1036.0294117647056,31.394830659536535,0
4483,4,0,0,33,0.0,0.0,1.0,33,750,500,250,0.6666666666666666,10,5,5,372.29661521495683,0.36635890151515155,0.10720901817035244,0.23584363107662062,134264.8579422576,3397.270430843887,137662.1283731015,3660,40,866.5151515151515,33,0,17,31.25455736864924,0.6695075757575759,40.90073529411764,1036.397058823528,31.405971479500845,0
4484,4,0,0,33,0.0,0.0,1.0,33,700,500,200,0.7142857142857143,9,5,4,371.13156615193736,0.36600378787878785,0.10205602120495749,0.23571869742082505,134360.13192041515,3373.0572376009145,137733.18915801606,3661,41,867.5151515151515,33,0,17,31.189420803782497,0.6704545454545455,40.80882352941176,1036.7647058823525,31.417112299465227,0
4485,4,0,0,33,0.0,0.0,1.0,33,700,700,0,1.0,7,7,0,370.50870208647007,0.36620107323232326,0.09985208425109127,0.23552773315955092,134391.8974222654,3358.6734969723093,137750.5709192377,3662,42,868.5151515151515,33,0,17,31.173792498916605,0.6707702020202021,40.7781862745098,1036.8872549019602,31.420825906120005,0
4486,4,0,0,33,0.0,0.0,1.0,33,1200,800,400,0.6666666666666666,16,8,8,373.01934040172614,0.364425505050505,0.09497898694979034,0.23880210109830158,134649.04729109284,3445.4336253876613,138094.4809164805,3663,43,869.5151515151515,32,1,18,30.851581508515824,0.67578125,40.53030303030304,1037.8787878787887,32.433712121212146,0
4487,4,0,0,33,0.0,0.0,1.0,33,900,500,400,0.5555555555555556,13,5,8,374.50015512943355,0.3642282196969697,0.09308701756713411,0.24039927990861296,134747.3492022498,3492.5806359045027,138239.92983815432,3664,44,870.5151515151515,32,1,18,30.714915480968017,0.6767578125,40.43560606060606,1038.257575757576,32.44554924242425,0
4488,4,0,0,33,0.0,0.0,1.0,33,600,400,200,0.6666666666666666,8,4,4,377.1838806472418,0.3629655934343434,0.10510500557893909,0.2434389140271495,134944.06063475684,3579.744892102869,138523.8055268597,3665,45,871.5151515151515,32,1,15,30.448717948717956,0.6787109375,40.24621212121213,1039.0151515151529,32.46922348484853,0
4489,4,0,0,33,0.0,0.0,1.0,33,500,200,300,0.4,8,2,6,377.1838806472418,0.3629655934343434,0.10510500557893909,0.2434389140271495,134944.06063475684,3579.744892102869,138523.8055268597,3666,46,872.5151515151515,32,1,15,30.448717948717956,0.6787109375,40.24621212121213,1039.0151515151529,32.46922348484853,0
4490,4,0,0,33,0.0,0.0,1.0,33,800,600,200,0.75,10,6,4,373.88758085491565,0.3629655934343434,0.10248255146214325,0.2419687551570495,135042.4701561067,3498.140495867793,138540.61065197448,3667,47,873.5151515151515,32,1,15,30.436103012633623,0.6796875,40.15151515151516,1039.3939393939409,32.48106060606065,0
4491,4,0,0,33,0.0,0.0,1.0,33,900,500,400,0.5555555555555556,13,5,8,371.7753587184037,0.3628866792929293,0.09834379619908695,0.24156858300799203,135187.25520232623,3451.8580594002515,138639.11326172648,3668,48,874.5151515151515,33,0,15,30.34655118233954,0.6786616161616161,40.012254901960794,1039.9509803921583,31.513666072489645,0
4492,4,0,0,33,0.0,0.0,1.0,33,700,400,300,0.5714285714285714,10,4,6,370.9844624023183,0.36284722222222227,0.09273698340616376,0.24148129730604898,135250.9851980008,3435.202806612845,138686.18800461365,3669,49,875.5151515151515,33,0,16,30.303565818410323,0.6792929292929293,39.950980392156865,1040.1960784313726,31.521093285799168,0
4493,4,1,1,33,0.029411764705882353,0.029411764705882353,0.9705882352941176,34,900,700,200,0.7777777777777778,11,7,4,363.8867721847753,0.36625445632798576,0.08863888608616688,0.23836627885811693,135478.71492346944,3059.782454648534,138538.49737811796,3670,0,850.7352941176471,34,0,16,30.26133981322662,0.6792279411764706,39.73214285714286,1041.0714285714291,30.61974789915968,0
4494,4,0,0,33,0.0,0.0,1.0,33,300,200,100,0.6666666666666666,4,2,2,372.6601016905719,0.363320707070707,0.09636713465197344,0.2427867692441493,135282.85582768652,3482.904561947331,138765.76038963386,3671,51,877.5151515151515,33,0,16,30.22821199984293,0.6796085858585859,39.9203431372549,1040.3186274509808,31.524806892453963,0
4495,4,0,1,32,0.0,0.030303030303030304,0.9696969696969697,33,950,600,350,0.631578947368421,13,6,7,375.97985416358256,0.3634785353535353,0.09780052319211419,0.24538393095334207,135346.60835075463,3577.519613850457,138924.12796460508,3672,52,878.5151515151515,33,0,16,30.07829368350804,0.680239898989899,39.85906862745099,1040.563725490197,31.532234105763543,0
4496,4,0,0,32,0.0,0.0,1.0,32,750,500,250,0.6666666666666666,10,5,5,379.4485614820445,0.36334425403225806,0.09670705447045957,0.2480408003407211,135403.6119560504,3875.7411552392573,139279.35311128965,3673,53,884.6875,32,0,17,29.931204254114597,0.6832682291666667,39.80429292929293,1040.7828282828282,32.52446338383838,0
4497,4,0,0,32,0.0,0.0,1.0,32,950,600,350,0.631578947368421,13,6,7,383.34457589335375,0.36334425403225806,0.09885011333585214,0.23875602173875468,133640.46096801758,3846.2644589675856,137486.72542698515,3674,54,885.6875,31,1,19,31.594598707131762,0.6683467741935484,41.50390625,1033.984375,33.35433467741935,2
4498,4,0,0,32,0.0,0.0,1.0,32,1200,900,300,0.75,15,9,6,383.075024421339,0.3640582997311828,0.0974620926135652,0.2398973379886825,133842.48733520508,3854.3428209092885,137696.83015611436,3675,55,886.6875,31,1,17,31.398772073319076,0.6703629032258065,41.30859375,1034.765625,33.379536290322584,0
4499,4,0,0,32,0.0,0.0,1.0,32,900,600,300,0.6666666666666666,12,6,6,385.06767928483845,0.3639532930107527,0.10268081761006287,0.24180790286844117,133943.5577392578,3915.4669867621524,137859.02472601997,3676,56,887.6875,31,1,17,31.245807127882607,0.6713709677419355,41.2109375,1035.15625,33.39213709677419,0
4500,4,0,0,32,0.0,0.0,1.0,32,950,700,250,0.7368421052631579,12,7,5,385.6944483804236,0.3636172715053763,0.1060739436619722,0.24264574790515256,134010.9592013889,3937.456597222228,137948.41579861112,3677,57,888.6875,31,1,17,31.16197183098592,0.6720430107526882,41.145833333333336,1035.4166666666667,33.40053763440861,0
4501,4,0,0,32,0.0,0.0,1.0,32,900,800,100,0.8888888888888888,10,8,2,384.2896936373323,0.363302251344086,0.1097776555625396,0.24242858944369383,134112.0931837294,3907.579040527349,138019.67222425673,3678,58,889.6875,31,1,17,31.096925413785893,0.6730510752688172,41.048177083333336,1035.8072916666667,33.413138440860216,0
4502,4,0,0,32,0.0,0.0,1.0,32,600,500,100,0.8333333333333334,7,5,2,382.4697657171123,0.3637852822580645,0.10769822819804009,0.24194709026842445,134213.26531304256,3866.503228081603,138079.76854112415,3679,59,890.6875,31,1,17,31.042661472731854,0.6740591397849462,40.950520833333336,1036.1979166666667,33.42573924731183,0
4503,4,0,0,32,0.0,0.0,1.0,32,600,300,300,0.5,9,3,6,380.7127620464414,0.36349126344086025,0.10352704678362579,0.24111808262941303,134256.19834710754,3822.609618916448,138078.80796602397,3680,60,891.6875,32,0,17,31.045169346978554,0.671875,40.909090909090914,1036.3636363636372,32.38636363636366,0
4504,4,0,0,32,0.0,0.0,1.0,32,800,500,300,0.625,11,5,6,376.95181689145886,0.3621261760752688,0.0963069219530015,0.2398067600410188,134419.81565975415,3733.958747831862,138153.77440758602,3681,61,892.6875,32,0,18,30.97883436827794,0.6735026041666666,40.75126262626263,1036.9949494949499,32.406092171717184,0
4505,4,0,0,32,0.0,0.0,1.0,32,750,700,50,0.9333333333333333,8,7,1,378.5422815761034,0.3610341061827957,0.10052710843373469,0.24168468746782001,134550.78125000003,3786.695713447608,138337.47696344764,3682,62,893.6875,31,1,18,30.80655957161982,0.6774193548387097,40.625,1037.5000000000002,33.46774193548388,0
4506,4,0,0,32,0.0,0.0,1.0,32,1100,800,300,0.7272727272727273,14,8,6,380.0846650472524,0.3612021169354838,0.10592063989962375,0.24311996632637234,134618.33530002163,3833.2729763454768,138451.6082763671,3683,63,894.6875,31,1,18,30.698975324132178,0.6780913978494624,40.55989583333333,1037.760416666666,33.47614247311826,0
4507,4,0,0,32,0.0,0.0,1.0,32,700,500,200,0.7142857142857143,9,5,4,380.6171575426183,0.36191616263440857,0.11055883090817886,0.24391318166637904,134685.90630425353,3852.753363715289,138538.6596679688,3684,64,895.6875,31,1,18,30.617578190332825,0.678763440860215,40.49479166666667,1038.020833333334,33.48454301075271,0
4508,4,0,0,32,0.0,0.0,1.0,32,800,600,200,0.75,10,6,4,382.71799953812763,0.36174815188172044,0.11318817406571346,0.24571604897882693,134753.4942626953,3914.5175509982646,138668.01181369356,3685,65,896.6875,31,1,18,30.49546442605135,0.6794354838709677,40.4296875,1038.28125,33.492943548387096,0
4509,4,0,0,32,0.0,0.0,1.0,32,750,500,250,0.6666666666666666,10,5,5,383.48747345345964,0.36158014112903225,0.11205491474423246,0.24666903937619308,134821.0991753472,3940.440538194435,138761.53971354163,3686,66,897.6875,31,1,16,30.407890337679707,0.6801075268817205,40.36458333333333,1038.5416666666663,33.50134408602149,0
4510,4,0,0,32,0.0,0.0,1.0,32,600,300,300,0.5,9,3,6,385.1437367828017,0.36218918010752693,0.11587611257364938,0.24796542278582803,134854.90798950195,3987.704637315539,138842.61262681748,3687,67,898.6875,31,1,16,30.331082069282516,0.6804435483870968,40.33203125,1038.671875,33.50554435483871,0
4511,4,0,0,32,0.0,0.0,1.0,32,1000,700,300,0.7,13,7,6,383.91902317967424,0.3618531586021505,0.1147426055896732,0.24763863265566854,134922.5383334689,3959.8658243815,138882.4041578504,3688,68,899.6875,31,1,16,30.295280319171148,0.6811155913978495,40.26692708333333,1038.932291666666,33.5139448924731,0
4512,4,0,0,32,0.0,0.0,1.0,32,1000,700,300,0.7,13,7,6,383.93513945590826,0.3611601142473118,0.1104124906038586,0.2483444313725331,135024.0156385633,3968.0928548176985,138992.10849338098,3689,69,900.6875,31,1,16,30.193456109579884,0.6821236559139785,40.16927083333333,1039.322916666666,33.526545698924714,0
4513,4,0,0,32,0.0,0.0,1.0,32,1150,900,250,0.782608695652174,14,9,5,384.2153244364481,0.3611601142473118,0.11379008016032088,0.2489914894724513,135091.68836805542,3980.85937499998,139072.5477430554,3690,70,901.6875,31,1,17,30.11857047428189,0.6827956989247312,40.10416666666666,1039.5833333333321,33.5349462365591,0
4514,4,0,0,32,0.0,0.0,1.0,32,650,400,250,0.6153846153846154,9,4,5,384.717911065228,0.360383064516129,0.10595733692249887,0.25001968719918444,135193.22925143767,4002.251349555116,139195.4806009928,3691,71,902.6875,31,1,18,30.004095196360744,0.6838037634408602,40.006510416666664,1039.973958333333,33.547547043010745,0
4515,4,0,0,32,0.0,0.0,1.0,32,700,500,200,0.7142857142857143,9,5,4,384.8938240763237,0.3605090725806452,0.09881947052196782,0.2506044629621639,135260.94436645508,4012.220425075955,139273.16479153105,3692,72,903.6875,31,1,18,29.931911586765125,0.684475806451613,39.94140625,1040.234375,33.55594758064516,0
4516,4,0,0,32,0.0,0.0,1.0,32,900,700,200,0.7777777777777778,11,7,4,383.391754642285,0.36071908602150543,0.0943643810679613,0.24993259954528696,135305.07091113145,3974.9697097234916,139280.04062085494,3693,73,904.6875,32,0,18,29.926931634304207,0.6822916666666667,39.898989898989896,1040.40404040404,32.51262626262625,0
4517,4,0,0,32,0.0,0.0,1.0,32,400,300,100,0.75,5,3,2,382.6960718300529,0.3608030913978495,0.09534245328803692,0.24993510491468263,135370.76095551468,3961.1716916641058,139331.9326471788,3694,74,905.6875,32,0,18,29.879479090835567,0.6829427083333334,39.83585858585858,1040.6565656565651,32.52051767676766,0
4518,4,0,0,32,0.0,0.0,1.0,32,900,600,300,0.6666666666666666,12,6,6,383.5633272524253,0.3602150537634408,0.09807132459970891,0.2509600055451584,135436.46694214878,3989.692378328742,139426.1593204775,3695,75,906.6875,32,0,18,29.79136341581757,0.68359375,39.77272727272727,1040.909090909091,32.52840909090909,0
4519,4,0,0,32,0.0,0.0,1.0,32,900,500,400,0.5555555555555556,13,5,8,381.25831816037163,0.36027805779569894,0.09643344451182556,0.24968028858079913,135469.32591380962,3929.761472043647,139399.08738585326,3696,76,907.6875,32,0,18,29.818576915302206,0.6839192708333334,39.741161616161605,1041.035353535352,32.53235479797975,0
4520,4,1,1,32,0.030303030303030304,0.030303030303030304,0.9696969696969697,33,1050,900,150,0.8571428571428571,12,9,3,371.32020347538344,0.36339962121212116,0.07920749756884726,0.24582264365487064,135857.16919273834,3489.3023416474416,139346.47153438578,3697,0,881.1515151515151,33,0,18,29.69111222130794,0.685290404040404,39.368872549019606,1042.5245098039213,31.59165181224004,0
4521,4,0,0,32,0.0,0.0,1.0,32,550,400,150,0.7272727272727273,7,4,3,368.1116086509642,0.3595430107526882,0.07389410187667567,0.23272140682510112,134190.77932098764,3479.4367283950596,137670.2160493827,3698,78,909.6875,32,0,19,31.437109025915998,0.6712239583333334,40.97222222222222,1036.111111111111,32.37847222222222,7
4522,4,0,0,32,0.0,0.0,1.0,32,850,500,350,0.5882352941176471,12,5,7,366.3549759906083,0.35803091397849457,0.08112366049683395,0.23285658381074897,134387.0842260994,3446.6754030201023,137833.7596291195,3699,79,910.6875,32,0,20,31.286278210748495,0.6731770833333334,40.782828282828284,1036.868686868687,32.40214646464647,0
4523,4,0,0,32,0.0,0.0,1.0,32,450,300,150,0.6666666666666666,6,3,3,362.67695251368485,0.357400873655914,0.08110390796201616,0.23093244092615556,134452.5510789715,3352.5682966023855,137805.11937557388,3700,80,911.6875,32,0,20,31.31619795471147,0.673828125,40.71969696969697,1037.121212121212,32.410037878787875,0
4524,4,0,0,32,0.0,0.0,1.0,32,800,500,300,0.625,11,5,6,364.4472893036979,0.357442876344086,0.08484968354430378,0.23247662491608564,134518.03387409454,3404.946561575359,137922.98043566992,3701,81,912.6875,32,0,20,31.20486449204804,0.6744791666666666,40.65656565656566,1037.3737373737379,32.41792929292931,0
4525,4,0,0,32,0.0,0.0,1.0,32,1000,900,100,0.9,11,9,2,363.67147956737165,0.3567708333333333,0.08505930656934302,0.23281772290060723,134649.04729109278,3393.603650137743,138042.65094123053,3702,82,913.6875,32,0,20,31.094130170316305,0.67578125,40.53030303030303,1037.878787878788,32.433712121212125,0
4526,4,0,0,32,0.0,0.0,1.0,32,350,300,50,0.8571428571428571,4,3,1,364.8221943734396,0.35649781586021506,0.08166205449458719,0.23376486827311346,134681.810609249,3426.9827377308366,138108.79334697983,3703,83,914.6875,32,0,20,31.031555366338242,0.6761067708333334,40.49873737373737,1038.00505050505,32.43765782828281,0
4527,4,0,0,32,0.0,0.0,1.0,32,400,200,200,0.5,6,2,4,364.8370089447993,0.35700184811827956,0.07737823786939124,0.23419630948892145,134747.34920224978,3432.1639692378367,138179.5131714876,3704,84,915.6875,32,0,21,30.96573634926427,0.6767578125,40.43560606060606,1038.2575757575758,32.44554924242424,0
4528,4,0,0,32,0.0,0.0,1.0,32,600,300,300,0.5,9,3,6,364.9617380216425,0.35607778897849457,0.08032947502734222,0.23555059938667414,134944.06063475672,3449.883780991743,138393.94441574847,3705,85,916.6875,32,0,18,30.76619273301738,0.6787109375,40.246212121212125,1039.015151515152,32.4692234848485,0
4529,4,0,0,32,0.0,0.0,1.0,32,850,600,250,0.7058823529411765,11,6,5,366.6622867173853,0.3566448252688172,0.08395352369380316,0.23686268600346028,134976.85982297736,3498.1848153249803,138475.04463830235,3706,86,917.6875,32,0,18,30.68929728635075,0.6790364583333333,40.21464646464647,1039.141414141415,32.47316919191922,0
4530,4,0,0,32,0.0,0.0,1.0,32,450,300,150,0.6666666666666666,6,3,3,367.3875241421095,0.35683383736559143,0.08381803547564082,0.23754648163501207,135009.66299676057,3520.173164728092,138529.83616148867,3707,87,918.6875,32,0,18,30.637731340865827,0.6793619791666666,40.18308080808081,1039.2676767676771,32.47711489898991,0
4531,4,0,1,31,0.0,0.03125,0.96875,32,1050,700,350,0.6666666666666666,14,7,7,363.81659761518387,0.35649781586021506,0.07449238193517038,0.23652386065953207,135206.56573627697,3438.078544281204,138644.64428055816,3708,88,919.6875,32,0,21,30.53422564849662,0.6813151041666666,39.99368686868687,1040.025252525253,32.50078914141416,0
4532,4,0,0,31,0.0,0.0,1.0,31,800,400,400,0.5,12,4,8,365.8784995637536,0.35389784946236563,0.06201300012111899,0.23844773340247913,135294.80828179262,3700.2922905816085,138995.10057237424,3709,89,917.6451612903226,31,0,22,30.39267834793491,0.6848118279569892,39.90885416666667,1040.3645833333342,33.56014784946239,0
4533,4,0,0,31,0.0,0.0,1.0,31,800,400,400,0.5,12,4,8,367.22998778551784,0.3533602150537634,0.06042486231313915,0.24045894777602103,135464.1914367677,3749.302673339859,139213.49411010757,3710,90,918.6451612903226,31,0,22,30.188789868667925,0.6864919354838709,39.74609375000001,1041.015625000001,33.58114919354842,0
4534,4,0,0,31,0.0,0.0,1.0,31,650,300,350,0.46153846153846156,10,3,7,366.5864846432467,0.35331541218637996,0.059362258992051276,0.24094702470512183,135599.77425469304,3741.8089124891594,139341.5831671822,3711,91,919.6451612903226,31,0,22,30.0705556944618,0.6878360215053763,39.61588541666667,1041.5364583333342,33.59795026881723,0
4535,4,0,0,31,0.0,0.0,1.0,31,850,600,250,0.7058823529411765,11,6,5,368.3372889858292,0.35259856630824377,0.060106492323442895,0.24301758645948845,135735.4248894587,3799.2836846245864,139534.70857408328,3712,92,920.6451612903226,31,0,22,29.889963138822942,0.6891801075268816,39.48567708333334,1042.0572916666679,33.61475134408606,0
4536,4,0,0,31,0.0,0.0,1.0,31,500,200,300,0.4,8,2,6,368.3372889858292,0.35259856630824377,0.060106492323442895,0.24301758645948845,135735.4248894587,3799.2836846245864,139534.70857408328,3713,93,921.6451612903226,31,0,22,29.889963138822942,0.6891801075268816,39.48567708333334,1042.0572916666679,33.61475134408606,0
4537,4,0,0,31,0.0,0.0,1.0,31,800,500,300,0.625,11,5,6,369.53985734780844,0.3525537634408602,0.057247387040364694,0.24450711553112037,135837.20737033433,3839.4524468316176,139676.65981716596,3714,94,922.6451612903226,31,0,22,29.757369472895338,0.6901881720430108,39.38802083333334,1042.4479166666679,33.627352150537675,0
4538,4,0,0,31,0.0,0.0,1.0,31,750,400,350,0.5333333333333333,11,4,7,370.2890516077327,0.35215053763440857,0.055944055944055604,0.24546976202605347,135905.08355034734,3864.8328993055657,139769.9164496529,3715,95,923.6451612903226,31,0,21,29.670329670329657,0.6908602150537634,39.32291666666667,1042.7083333333342,33.63575268817207,0
4539,4,0,0,31,0.0,0.0,1.0,31,1000,800,200,0.8,12,8,4,369.738613525738,0.3526881720430108,0.060561888693369204,0.24580713966428944,136006.9296095107,3857.402716742632,139864.33232625332,3716,96,924.6451612903226,31,0,21,29.58341135105895,0.6918682795698924,39.22526041666667,1043.098958333334,33.64835349462368,0
4540,4,0,0,31,0.0,0.0,1.0,31,650,400,250,0.6153846153846154,9,4,5,371.02179319270095,0.35219534050179213,0.06183500199272962,0.2471319724732432,136074.84817504894,3897.3468356662484,139972.1950107152,3717,97,925.6451612903226,31,0,21,29.482429593577105,0.692540322580645,39.16015625000001,1043.359375000001,33.65675403225809,0
4541,4,0,0,31,0.0,0.0,1.0,31,850,600,250,0.7058823529411765,11,6,5,373.8232118597135,0.35219534050179213,0.06181186015066609,0.249713905522289,136176.75781250023,3981.206597222252,140157.96440972248,3718,98,926.6451612903226,31,0,21,29.308050565535588,0.693548387096774,39.062500000000014,1043.7500000000018,33.66935483870974,0
4542,4,0,0,31,0.0,0.0,1.0,31,950,900,50,0.9473684210526315,10,9,1,374.9355350875811,0.3521057347670251,0.06590798466545178,0.25117861786694384,136278.70559692406,4019.145880805151,140297.85147772921,3719,99,927.6451612903226,31,0,21,29.177708151473592,0.6945564516129031,38.964843750000014,1044.1406250000018,33.68195564516135,0
4543,4,0,0,31,0.0,0.0,1.0,31,650,200,450,0.3076923076923077,11,2,9,376.1344767756418,0.35206093189964155,0.06564234574853178,0.2522239551622616,136312.6966688369,4054.380967881955,140367.07763671887,3720,100,928.6451612903226,31,0,21,29.112635078969227,0.6948924731182795,38.93229166666667,1044.2708333333342,33.686155913978524,0
4544,4,0,0,31,0.0,0.0,1.0,31,900,700,200,0.7777777777777778,11,7,4,375.2117746857317,0.3525537634408602,0.06330187806829524,0.25233227730960833,136414.69531589095,4036.879984537772,140451.57530042873,3721,101,929.6451612903226,31,0,21,29.0354034234908,0.6959005376344085,38.83463541666667,1044.6614583333342,33.69875672043013,0
4545,4,0,0,31,0.0,0.0,1.0,31,850,700,150,0.8235294117647058,10,7,3,376.368402270755,0.3527777777777778,0.06072106261859567,0.2533540318641393,136448.70334201402,4070.9960937500214,140519.69943576405,3722,102,930.6451612903226,31,0,21,28.971419076105015,0.6962365591397849,38.80208333333334,1044.7916666666679,33.70295698924735,0
4546,4,0,0,31,0.0,0.0,1.0,31,500,400,100,0.8,6,4,2,375.60613736279726,0.3526433691756272,0.06302884132248043,0.25308473991070096,136482.71560668945,4052.7491251627616,140535.4647318522,3723,103,931.6451612903226,31,0,21,28.957554517133953,0.6965725806451613,38.76953125,1044.921875,33.70715725806452,0
4547,4,0,0,31,0.0,0.0,1.0,31,1050,1000,50,0.9523809523809523,11,10,1,379.12991982715016,0.3517921146953405,0.06171177867327682,0.256447693874658,136618.80705091698,4159.255472819021,140778.062523736,3724,104,932.6451612903226,31,0,22,28.730357661809272,0.6979166666666666,38.63932291666667,1045.4427083333342,33.72395833333336,0
4548,4,0,0,31,0.0,0.0,1.0,31,700,600,100,0.8571428571428571,8,6,2,378.44620306994,0.35156810035842295,0.06426709404284203,0.25648113559955177,136686.8782043457,4145.726013183594,140832.6042175293,3725,105,933.6451612903226,31,0,23,28.68065932013448,0.6985887096774193,38.57421875,1045.703125,33.732358870967744,0
4549,4,0,0,31,0.0,0.0,1.0,31,750,600,150,0.8,9,6,3,377.08745586041033,0.35089605734767026,0.061424045168518626,0.25605608900479104,136754.96631198464,4113.716464572489,140868.68277655714,3726,106,934.6451612903226,31,0,23,28.648621312087627,0.699260752688172,38.509114583333336,1045.963541666667,33.74075940860216,0
4550,4,0,0,31,0.0,0.0,1.0,31,800,400,400,0.5,12,4,8,376.40225753645694,0.35156810035842295,0.0572905794890739,0.2563363170816074,136857.1302625868,4102.666558159728,140959.79682074653,3727,107,935.6451612903226,31,0,23,28.565206570433045,0.700268817204301,38.411458333333336,1046.3541666666667,33.75336021505377,0
4551,4,0,0,31,0.0,0.0,1.0,31,550,400,150,0.7272727272727273,7,4,3,380.4163263285562,0.35049283154121863,0.05931632161771794,0.2600805496327885,136993.408203125,4222.905815972222,141216.31401909722,3728,108,936.6451612903226,31,0,20,28.325041459369825,0.7016129032258065,38.28125,1046.875,33.770161290322584,0
4552,4,0,0,31,0.0,0.0,1.0,31,750,600,150,0.8,9,6,3,381.4090672069128,0.35071684587813623,0.05699111920482047,0.26126845983628544,137061.5726047091,4255.305311414921,141316.877916124,3729,109,937.6451612903226,31,0,20,28.231472270579467,0.7022849462365592,38.21614583333333,1047.1354166666658,33.77856182795696,0
4553,4,0,0,31,0.0,0.0,1.0,31,800,500,300,0.625,11,5,6,383.2944040301585,0.3502688172043011,0.054403656849576265,0.2633307839814365,137163.85099622927,4314.8273044162215,141478.6783006455,3730,110,938.6451612903226,31,0,20,28.080717837165942,0.7032930107526882,38.11848958333333,1047.5260416666658,33.79116263440857,0
4554,4,0,0,31,0.0,0.0,1.0,31,1000,700,300,0.7,13,7,6,382.95275691989553,0.34995519713261647,0.056706197429297944,0.26335366514337416,137197.9522705077,4308.066813151027,141506.01908365873,3731,111,939.6451612903226,31,0,21,28.055866268953512,0.7036290322580646,38.08593749999999,1047.656249999999,33.79536290322578,0
4555,4,0,0,31,0.0,0.0,1.0,31,800,700,100,0.875,9,7,2,383.4482177826178,0.34919354838709676,0.06566233433125368,0.26447084018271544,137300.2815246581,4329.509650336356,141629.79117499443,3732,112,940.6451612903226,31,0,21,27.941488590715192,0.7046370967741936,37.98828124999999,1048.046874999999,33.80796370967739,0
4556,4,0,0,31,0.0,0.0,1.0,31,750,600,150,0.8,9,6,3,384.6462713629878,0.3487455197132616,0.06232017631737152,0.26555767448302303,137334.39975314657,4365.032958984354,141699.43271213092,3733,113,941.6451612903226,31,0,21,27.87629399585921,0.70497311827957,37.95572916666666,1048.1770833333321,33.81216397849458,0
4557,4,0,0,31,0.0,0.0,1.0,31,650,400,250,0.6153846153846154,9,4,5,384.5697009103917,0.3484318996415771,0.0612867165369162,0.2657657220626233,137368.52222018762,4365.554300944001,141734.07652113162,3734,114,942.6451612903226,31,0,21,27.844496542872538,0.7053091397849462,37.92317708333333,1048.3072916666658,33.8163642473118,0
4558,4,0,0,31,0.0,0.0,1.0,31,650,500,150,0.7692307692307693,8,5,3,383.8512164719684,0.3481182795698925,0.0640994823966794,0.26553006830174314,137402.64892578125,4348.434787326389,141751.08371310763,3735,115,943.6451612903226,31,0,21,27.829524755754267,0.7056451612903226,37.890625,1048.4375,33.82056451612903,0
4559,4,0,0,31,0.0,0.0,1.0,31,650,400,250,0.6153846153846154,9,4,5,382.77243012911623,0.3465501792114695,0.06765544414902136,0.26582885320001354,137539.19813368042,4329.242621527757,141868.44075520817,3736,116,944.6451612903226,31,0,21,27.72260840781198,0.706989247311828,37.76041666666666,1048.9583333333321,33.83736559139781,0
4560,4,0,0,31,0.0,0.0,1.0,31,950,700,250,0.7368421052631579,12,7,5,383.2769126180583,0.3461469534050179,0.07096053700731297,0.26696876739748754,137641.65454440642,4350.973680284283,141992.6282246907,3737,117,945.6451612903226,31,0,23,27.607979691442274,0.707997311827957,37.662760416666664,1049.348958333333,33.84996639784945,0
4561,4,0,0,31,0.0,0.0,1.0,31,750,500,250,0.6666666666666666,10,5,5,384.1211146827441,0.344758064516129,0.06631646749588938,0.2686182608574991,137778.32243177615,4384.712558322473,142163.03499009862,3738,118,946.6451612903226,31,0,23,27.45062321716483,0.7093413978494625,37.53255208333333,1049.8697916666658,33.86676747311825,0
4562,4,0,0,31,0.0,0.0,1.0,31,1150,900,250,0.782608695652174,14,9,5,392.18868483558407,0.34462365591397853,0.060174732908859996,0.26765760638165575,136931.85492903797,4545.240603034676,141477.09553207265,3739,119,947.6451612903226,30,1,23,28.078046744574298,0.7038194444444444,38.34005376344086,1046.639784946236,34.8879928315412,6
4563,4,0,0,31,0.0,0.0,1.0,31,750,600,150,0.8,9,6,3,389.64239038259785,0.34386200716845877,0.05519410193259611,0.266908356342151,137061.57260470925,4480.999755859381,141542.57236056862,3740,120,948.6451612903226,31,0,21,28.01593716322639,0.7022849462365591,38.216145833333336,1047.135416666667,33.778561827957,0
4564,4,0,0,31,0.0,0.0,1.0,31,800,700,100,0.875,9,7,2,390.272694610275,0.34368279569892474,0.05620699058404588,0.26786293135196687,137129.7539605034,4503.59971788194,141633.35367838535,3741,121,949.6451612903226,31,0,22,27.9317918117023,0.7029569892473118,38.151041666666664,1047.395833333333,33.786962365591386,0
4565,4,0,0,31,0.0,0.0,1.0,31,700,300,400,0.42857142857142855,11,3,8,393.07600486860036,0.3433691756272401,0.06209456913072464,0.2703153448865604,137197.95227050778,4585.844590928821,141783.7968614366,3742,122,950.6451612903226,31,0,22,27.790724169359518,0.7036290322580645,38.0859375,1047.6562499999998,33.7953629032258,0
4566,4,0,0,31,0.0,0.0,1.0,31,600,300,300,0.5,9,3,6,394.4434242506075,0.34314516129032263,0.07027048687637705,0.2723215750615258,137334.3997531468,4634.130181206609,141968.52993435343,3743,123,951.6451612903226,31,0,23,27.619565217391294,0.7049731182795698,37.95572916666667,1048.1770833333342,33.81216397849465,0
4567,4,0,0,31,0.0,0.0,1.0,31,450,300,150,0.6666666666666666,6,3,3,394.4434242506075,0.34314516129032263,0.07027048687637705,0.2723215750615258,137334.3997531468,4634.130181206609,141968.52993435343,3744,124,952.6451612903226,31,0,23,27.619565217391294,0.7049731182795698,37.95572916666667,1048.1770833333342,33.81216397849465,0
4568,4,0,0,31,0.0,0.0,1.0,31,450,300,150,0.6666666666666666,6,3,3,393.9593832340164,0.3432795698924731,0.06486867618544001,0.2725224187113659,137402.64892578122,4626.212565104167,142028.86149088538,3745,125,953.6451612903226,31,0,23,27.564580228514654,0.7056451612903225,37.890625,1048.4374999999998,33.820564516129025,0
4569,4,0,0,31,0.0,0.0,1.0,31,700,400,300,0.5714285714285714,10,4,6,394.8075651608293,0.34323476702508965,0.06383515660363015,0.27337792968531044,137436.77986992738,4652.216084798186,142088.99595472557,3746,126,954.6451612903226,31,0,23,27.508511320832813,0.705981182795699,37.85807291666667,1048.567708333334,33.824764784946254,0
4570,4,0,0,31,0.0,0.0,1.0,31,450,300,150,0.6666666666666666,6,3,3,397.53947913910383,0.34332437275985667,0.061263888110095754,0.27554070266663866,137470.9150526258,4730.023193359366,142200.93824598516,3747,127,955.6451612903226,31,0,23,27.40305024418508,0.7063172043010753,37.82552083333333,1048.697916666666,33.82896505376342,0
4571,4,0,0,31,0.0,0.0,1.0,31,800,500,300,0.625,11,5,6,394.7891807724848,0.3425627240143369,0.05303485216054571,0.2747159947033405,137607.49816894528,4665.190294053819,142272.6884629991,3748,128,956.6451612903226,31,0,24,27.339807230909244,0.7076612903225806,37.6953125,1049.2187499999998,33.84576612903225,0
4572,4,0,0,31,0.0,0.0,1.0,31,750,600,150,0.8,9,6,3,394.9357520786089,0.34162186379928317,0.056067588325652506,0.2764550264550265,137812.50000000015,4685.416666666682,142497.91666666683,3749,129,957.6451612903226,31,0,24,27.132936507936503,0.7096774193548386,37.50000000000001,1050.0000000000011,33.87096774193552,0
4573,4,0,0,31,0.0,0.0,1.0,31,800,700,100,0.875,9,7,2,395.2503695298631,0.341173835125448,0.054931583183703836,0.27752755057285533,137918.3670980749,4702.457112093883,142620.8242101688,3750,130,958.6451612903226,30,1,24,27.019886969503087,0.7135416666666666,37.399193548387096,1050.4032258064515,35.01344086021505,0
4574,4,0,0,31,0.0,0.0,1.0,31,550,500,50,0.9090909090909091,6,5,1,396.17313879410693,0.341173835125448,0.0578796183180903,0.2784612637423327,137953.66516360274,4730.707307203147,142684.3724708059,3751,131,959.6451612903226,30,1,24,26.96072159672466,0.7138888888888888,37.365591397849464,1050.5376344086023,35.01792114695341,0
4575,4,0,0,31,0.0,0.0,1.0,31,550,300,250,0.5454545454545454,8,3,5,393.89786090975673,0.3406362007168459,0.060191947449640626,0.2774318447380613,138024.27484391266,4673.493322927519,142697.7681668402,3752,132,960.6451612903226,30,1,24,26.950626758761835,0.7145833333333332,37.2983870967742,1050.8064516129039,35.026881720430126,0
4576,4,0,0,31,0.0,0.0,1.0,31,650,400,250,0.6153846153846154,9,4,5,395.0402600715587,0.3403225806451613,0.05278442372741532,0.2788100030468947,138094.90258989495,4710.609246733747,142805.5118366287,3753,133,961.6451612903226,30,1,21,26.850756606990625,0.7152777777777777,37.231182795698935,1051.0752688172056,35.03584229390685,0
4577,4,0,0,31,0.0,0.0,1.0,31,650,500,150,0.7692307692307693,8,5,3,397.0820063728099,0.33982974910394265,0.05458549500581489,0.2808296070387091,138165.5484015494,4772.610634177377,142938.15903572677,3754,134,962.6451612903226,30,1,21,26.72723301798348,0.7159722222222222,37.16397849462366,1051.3440860215062,35.04480286738354,0
4578,4,0,0,31,0.0,0.0,1.0,31,850,500,350,0.5882352941176471,12,5,7,399.07979380731933,0.33982974910394265,0.05715251665677168,0.2828261147417088,138236.2122788761,4833.455818591737,143069.66809746783,3755,135,963.6451612903226,30,1,21,26.604837678936594,0.7166666666666666,37.096774193548384,1051.6129032258061,35.0537634408602,0
4579,4,0,0,31,0.0,0.0,1.0,31,500,200,300,0.4,8,2,6,398.9202424354648,0.33982974910394265,0.04321355497122559,0.26015514715189,135318.84330919766,4597.915582726337,139916.758891924,3756,136,964.6451612903226,30,1,20,29.509268828316756,0.6878472222222223,39.88575268817205,1040.4569892473123,34.681899641577075,6
4580,4,0,0,31,0.0,0.0,1.0,31,1200,900,300,0.75,15,9,6,400.0060014978741,0.3389336917562724,0.0382265353297655,0.2618805140829275,135458.7258100646,4636.860655856151,140095.58646592076,3757,137,965.6451612903226,30,1,21,29.341241661286855,0.6892361111111112,39.7513440860215,1040.9946236559128,34.69982078853043,0
4581,4,1,1,31,0.03125,0.03125,0.96875,32,700,500,200,0.7142857142857143,9,5,4,386.3310723448868,0.34465305779569894,0.025659045477261166,0.25513151015251445,135769.34814453128,4090.38357204861,139859.7317165799,3758,0,936.4375,31,1,21,29.387389638514083,0.6895161290322581,39.453125,1042.1875000000002,33.61895161290323,0
4582,4,0,0,31,0.0,0.0,1.0,31,600,300,300,0.5,9,3,6,397.50231117601675,0.33848566308243727,0.03420112089804972,0.2622838654083111,135738.70759986687,4591.289997398516,140329.99759726538,3759,139,967.6451612903226,30,1,22,29.126897115095215,0.6920138888888889,39.48252688172042,1042.069892473117,34.735663082437235,0
4583,4,0,0,31,0.0,0.0,1.0,31,1050,1000,50,0.9523809523809523,11,10,1,400.3109535284983,0.33839605734767025,0.038766234036270886,0.26517609449364304,135878.80688880212,4678.7549499942115,140557.56183879633,3760,140,968.6451612903226,30,1,20,28.913937948519614,0.6934027777777778,39.34811827956989,1042.60752688172,34.75358422939067,0
4584,4,0,0,31,0.0,0.0,1.0,31,300,100,200,0.3333333333333333,5,1,4,401.6979903775923,0.33839605734767025,0.03388161052425098,0.25894276627426294,134899.62938273224,4637.782005145119,139537.41138787736,3761,141,969.6451612903226,30,1,21,29.856438952861513,0.6836805555555555,40.28897849462366,1038.8440860215064,34.62813620071688,3
4585,4,0,0,31,0.0,0.0,1.0,31,1150,800,350,0.6956521739130435,15,8,7,401.4681295729761,0.3367383512544803,0.03686397543514208,0.2595444463092185,135004.37189270445,4639.990533587713,139644.36242629218,3762,142,970.6451612903226,30,1,22,29.757555181927916,0.6847222222222222,40.18817204301076,1039.2473118279577,34.64157706093192,0
4586,4,0,0,31,0.0,0.0,1.0,31,300,200,100,0.6666666666666666,4,2,2,403.2986077811057,0.3365143369175627,0.03639200243614482,0.26097976016496155,135039.29509553133,4692.2319415539405,139731.52703708527,3763,143,971.6451612903226,30,1,22,29.67503987240828,0.6850694444444445,40.15456989247312,1039.3817204301079,34.646057347670265,0
4587,4,0,0,31,0.0,0.0,1.0,31,700,500,200,0.7142857142857143,9,5,4,402.2254976681675,0.33624551971326166,0.0364373482819893,0.2605370183388279,135074.2228147762,4666.059298762858,139740.28211353905,3764,144,972.6451612903226,30,1,22,29.667970433583307,0.6854166666666666,40.12096774193548,1039.5161290322576,34.650537634408586,0
4588,4,1,0,32,0.03125,0.0,1.0,32,450,200,250,0.4444444444444444,7,2,5,391.40125672187577,0.3410198252688172,0.04352483112334249,0.25604432456912246,135430.30632866768,4201.51841905384,139631.82474772152,3765,0,943.21875,31,1,23,29.593549328663173,0.6861559139784945,39.77864583333334,1040.8854166666679,33.57694892473122,0
4589,4,0,0,32,0.0,0.0,1.0,32,700,600,100,0.8571428571428571,8,6,2,395.5771388458517,0.340851814516129,0.040924293573393555,0.2597558256559214,135565.8721923828,4325.351969401042,139891.22416178384,3766,1,944.21875,31,1,23,29.3495248812203,0.6875,39.6484375,1041.40625,33.59375,0
4590,4,0,0,32,0.0,0.0,1.0,32,950,800,150,0.8421052631578947,11,8,3,392.3862727465693,0.3396757392473118,0.04651022184960629,0.25890815085992797,135738.70759986708,4252.418062719727,139991.1256625868,3767,2,945.21875,30,2,23,29.260178855496786,0.6920138888888889,39.48252688172043,1042.0698924731187,34.73566308243729,0
4591,4,0,0,32,0.0,0.0,1.0,32,800,600,200,0.75,10,6,4,393.016298214043,0.3391927083333333,0.0421864925854285,0.2598330258013558,135808.74821149843,4275.010297433226,140083.75850893167,3768,3,946.21875,30,2,23,29.17392005157962,0.6927083333333333,39.41532258064516,1042.3387096774193,34.744623655913976,0
4592,4,0,0,32,0.0,0.0,1.0,32,1050,800,250,0.7619047619047619,13,8,5,387.8539043374206,0.33929771505376344,0.03955419580419539,0.2571137471799724,135905.08355034734,4142.263454861122,140047.34700520846,3769,4,947.21875,31,1,20,29.212454212454205,0.6908602150537634,39.32291666666667,1042.7083333333342,33.63575268817207,0
4593,4,0,0,32,0.0,0.0,1.0,32,600,400,200,0.6666666666666666,8,4,4,386.97119135636103,0.33877268145161293,0.045035732118337224,0.25726358622039924,136006.92960951073,4126.152716742633,140133.08232625335,3770,5,948.21875,31,1,20,29.13402925144592,0.6918682795698925,39.22526041666667,1043.0989583333342,33.648353494623684,0
4594,4,0,0,32,0.0,0.0,1.0,32,1300,1200,100,0.9230769230769231,14,12,2,385.35943680789717,0.3380376344086022,0.04327582979785394,0.25692766444080595,136108.81381564666,4090.1631673177035,140198.97698296438,3771,6,949.21875,31,1,20,29.074640212960656,0.6928763440860215,39.127604166666664,1043.489583333333,33.66095430107526,0
4595,4,0,0,32,0.0,0.0,1.0,32,700,500,200,0.7142857142857143,9,5,4,384.34109824263624,0.33812163978494625,0.04235279441117745,0.2567398536260811,136176.75781250003,4067.6649305555557,140244.4227430556,3772,7,950.21875,31,1,20,29.033599467731197,0.6935483870967742,39.0625,1043.7500000000002,33.66935483870969,0
4596,4,0,0,32,0.0,0.0,1.0,32,750,400,350,0.5333333333333333,11,4,7,380.66827224984013,0.337890625,0.03635506297543345,0.25501912073278765,136278.70559692383,3975.3958808051225,140254.10147772895,3773,8,951.21875,31,1,21,29.028063557384545,0.6945564516129032,38.96484375,1044.140625,33.68195564516129,0
4597,4,0,0,32,0.0,0.0,1.0,32,700,400,300,0.5714285714285714,10,4,6,379.77275282800275,0.33778561827956993,0.035098790825230486,0.2551538545382108,136380.6915283203,3958.734130859375,140339.4256591797,3774,9,952.21875,31,1,22,28.950074794315633,0.6955645161290323,38.8671875,1044.53125,33.694556451612904,0
4598,4,0,0,32,0.0,0.0,1.0,32,950,700,250,0.7368421052631579,12,7,5,380.8746666779264,0.33728158602150543,0.03126557438325417,0.2568823592232807,136516.73210991765,3999.1529676649416,140515.88507758258,3775,10,953.21875,31,1,22,28.786132569150247,0.6969086021505376,38.73697916666667,1045.0520833333342,33.71135752688175,0
4599,4,0,0,32,0.0,0.0,1.0,32,850,600,250,0.7058823529411765,11,6,5,380.71838259866337,0.33679855510752693,0.036239724747789026,0.25752214775776483,136618.80705091695,4002.658250596799,140621.46530151376,3776,11,954.21875,31,1,22,28.68884149126085,0.6979166666666666,38.63932291666667,1045.442708333334,33.72395833333335,0
4600,4,0,0,32,0.0,0.0,1.0,32,650,500,150,0.7692307692307693,8,5,3,381.81042758398235,0.33652553763440857,0.03714975093399753,0.2585107701095596,136652.84050835497,4035.0958930121415,140687.93640136713,3777,12,955.21875,31,1,22,28.626504773765042,0.698252688172043,38.60677083333333,1045.572916666666,33.728158602150515,0
4601,4,0,0,32,0.0,0.0,1.0,32,600,400,200,0.6666666666666666,8,4,4,382.0574276598786,0.3362315188172043,0.03797310756972094,0.25917949822332276,136720.92013888876,4047.04861111109,140767.96874999985,3778,13,956.21875,31,1,22,28.552456839309425,0.6989247311827957,38.54166666666666,1045.8333333333321,33.73655913978491,0
4602,4,0,1,31,0.0,0.03125,0.96875,32,1050,700,350,0.6666666666666666,14,7,7,382.6679249038415,0.3357904905913978,0.036718263845675114,0.2603502774430451,136823.0713738334,4071.56016031899,140894.6315341524,3779,14,957.21875,31,1,22,28.435101638664186,0.6999327956989247,38.44401041666666,1046.2239583333321,33.74915994623652,0
4603,4,0,0,31,0.0,0.0,1.0,31,800,600,200,0.75,10,6,4,386.2995596343645,0.3341397849462366,0.04829277494812301,0.2633324479034253,136891.19338989246,4376.201544867608,141267.39493476006,3780,15,973.258064516129,31,0,22,28.272494919331415,0.7006048387096775,38.37890624999999,1046.484374999999,33.75756048387094,0
4604,4,0,0,31,0.0,0.0,1.0,31,450,300,150,0.6666666666666666,6,3,3,385.13314267903564,0.3341397849462366,0.04545582222150912,0.26304888139309823,136959.33236016158,4349.515618218305,141308.8479783799,3781,16,974.258064516129,31,0,18,28.235399303395948,0.7012768817204302,38.31380208333333,1046.7447916666658,33.76596102150535,0
4605,4,0,0,31,0.0,0.0,1.0,31,600,400,200,0.6666666666666666,8,4,4,384.57572996679176,0.3332885304659498,0.047235882584175215,0.2634376508000799,137061.5726047091,4342.110866970476,141403.68347167957,3782,17,975.258064516129,31,0,18,28.148574152366745,0.7022849462365592,38.21614583333333,1047.1354166666658,33.77856182795696,0
4606,4,0,0,31,0.0,0.0,1.0,31,1200,700,500,0.5833333333333334,17,7,10,383.1879498357767,0.33436379928315413,0.0472006669659466,0.2640322448868431,137266.16753472204,4319.748263888863,141585.91579861092,3783,18,976.258064516129,31,0,20,27.98210735586481,0.7043010752688174,38.02083333333332,1047.9166666666652,33.803763440860166,0
4607,4,0,0,31,0.0,0.0,1.0,31,550,200,350,0.36363636363636365,9,2,7,382.49987061327903,0.3349462365591398,0.0497597377354031,0.2638167488060221,137300.28152465797,4303.467983669675,141603.74950832766,3784,19,977.258064516129,31,0,20,27.966336397896214,0.7046370967741937,37.988281249999986,1048.0468749999982,33.80796370967736,0
4608,4,0,0,31,0.0,0.0,1.0,31,850,700,150,0.8235294117647058,10,7,3,380.14627930646037,0.33467741935483875,0.050516665932102134,0.26270881499539134,137368.52222018753,4244.026523166209,141612.54874335375,3785,20,978.258064516129,31,0,20,27.96042417091045,0.7053091397849464,37.92317708333332,1048.3072916666652,33.81636424731178,0
4609,4,0,0,31,0.0,0.0,1.0,31,650,400,250,0.6153846153846154,9,4,5,379.7429296799896,0.334094982078853,0.0469033459482191,0.2634650558632484,137505.05447387684,4243.314446343302,141748.36892022015,3786,21,979.258064516129,31,0,21,27.835842127043243,0.7066532258064517,37.79296874999999,1048.828124999999,33.83316532258062,0
4610,4,0,0,31,0.0,0.0,1.0,31,850,600,250,0.7058823529411765,11,6,5,380.7424354176014,0.3342293906810036,0.04791665832555969,0.26468005195510036,137573.34603203658,4276.002163357194,141849.34819539377,3787,22,980.258064516129,31,0,21,27.742051425261685,0.7073252688172044,37.72786458333333,1049.0885416666658,33.84156586021503,0
4611,4,0,0,31,0.0,0.0,1.0,31,900,700,200,0.7777777777777778,11,7,4,379.9567757944452,0.33364695340501793,0.05071640118466392,0.26491795959370457,137675.81515842004,4262.171766493046,141937.98692491307,3788,23,981.258064516129,31,0,21,27.661290322580648,0.7083333333333334,37.63020833333333,1049.4791666666658,33.85416666666664,0
4612,4,0,0,31,0.0,0.0,1.0,31,900,500,400,0.5555555555555556,13,5,8,380.02586877502523,0.33310931899641577,0.056074542013899054,0.26575443017632494,137778.32243177615,4271.865336100251,142050.1877678764,3789,24,982.258064516129,31,0,22,27.55811009136385,0.7093413978494624,37.53255208333333,1049.8697916666658,33.86676747311825,0
4613,4,0,0,31,0.0,0.0,1.0,31,1100,1000,100,0.9090909090909091,12,10,2,378.42953088052604,0.33230286738351256,0.054517968693760466,0.26542718226802786,137880.86785210494,4235.638427734366,142116.50627983932,3790,25,983.258064516129,31,0,22,27.498656913794544,0.7103494623655914,37.43489583333333,1050.2604166666658,33.87936827956987,0
4614,4,0,0,31,0.0,0.0,1.0,31,800,500,300,0.625,11,5,6,380.1475263925447,0.33230286738351256,0.05348089625281882,0.26716291314765267,137949.25265842024,4288.213433159733,142237.46609157996,3791,26,984.258064516129,31,0,22,27.38596926127912,0.711021505376344,37.36979166666667,1050.5208333333342,33.887768817204325,0
4615,4,0,0,31,0.0,0.0,1.0,31,700,400,300,0.5714285714285714,10,4,6,379.30745383102305,0.3318996415770609,0.04835112123755825,0.2671039400014274,138017.65441894543,4270.225016276058,142287.8794352215,3792,27,985.258064516129,31,0,22,27.340458488228002,0.7116935483870968,37.30468750000001,1050.781250000001,33.89616935483874,0
4616,4,0,0,31,0.0,0.0,1.0,31,500,300,200,0.6,7,3,4,377.4577382022492,0.3317204301075269,0.04476400973617212,0.26606649825592626,138051.8616570368,4221.748691134993,142273.6103481718,3793,28,986.258064516129,31,0,17,27.35526886383347,0.712029569892473,37.27213541666667,1050.9114583333342,33.90036962365594,0
4617,4,0,0,31,0.0,0.0,1.0,31,550,400,150,0.7272727272727273,7,4,3,377.4846991545859,0.33154121863799285,0.04475846414527318,0.26635109192096323,138086.0731336807,4225.075954861132,142311.14908854183,3794,29,987.258064516129,31,0,17,27.320779649818302,0.7123655913978494,37.23958333333334,1051.0416666666679,33.904569892473155,0
4618,4,0,0,31,0.0,0.0,1.0,31,800,600,200,0.75,10,6,4,378.45065666734286,0.3308691756272401,0.04577017427505248,0.26756660262102694,138154.50880262596,4256.9329155816085,142411.44171820756,3795,30,988.258064516129,31,0,17,27.227830071835513,0.713037634408602,37.17447916666667,1051.3020833333342,33.912970430107556,0
4619,4,0,0,31,0.0,0.0,1.0,31,850,700,150,0.8235294117647058,10,7,3,380.92058379106396,0.33001792114695344,0.046775591384536463,0.27012252460758784,138257.19409518782,4333.0022176106895,142590.1963127985,3796,31,989.258064516129,31,0,17,27.061537905988192,0.7140456989247311,37.07682291666667,1051.6927083333342,33.925571236559165,0
4620,4,0,0,31,0.0,0.0,1.0,31,1000,1000,0,1.0,10,10,0,378.85291732869723,0.33055555555555555,-0.006213743052015719,0.24323455416900422,134753.4942626953,4010.3508843315976,138763.8451470269,3797,32,990.258064516129,31,0,21,30.595790485745344,0.6794354838709677,40.4296875,1038.28125,33.492943548387096,6
4621,4,0,0,31,0.0,0.0,1.0,31,700,500,200,0.7142857142857143,9,5,4,383.5973365414456,0.3309139784946237,-0.016042110540167798,0.24743113567212546,134922.5383334689,4151.185268825946,139073.72360229483,3798,33,991.258064516129,31,0,19,30.303635585077494,0.6811155913978495,40.26692708333333,1038.932291666666,33.5139448924731,0
4622,4,0,0,31,0.0,0.0,1.0,31,700,600,100,0.8571428571428571,8,6,2,382.975567473941,0.3308243727598566,-0.011640549530942401,0.24749214607364545,134990.185631646,4139.58858913845,139129.77422078443,3799,34,992.258064516129,31,0,19,30.25218748694817,0.6817876344086022,40.201822916666664,1039.192708333333,33.522345430107514,0
4623,4,0,0,31,0.0,0.0,1.0,31,400,400,0,1.0,4,4,0,382.95567608915394,0.3308243727598566,-0.008792878415019079,0.24794283554093402,135057.84988403323,4144.234042697484,139202.08392673073,3800,35,993.258064516129,31,0,20,30.185106893816013,0.6824596774193548,40.13671875,1039.4531250000002,33.53074596774194,0
4624,4,0,0,31,0.0,0.0,1.0,31,800,400,400,0.5,12,4,8,384.1326629139183,0.3307795698924731,-0.013442879878497127,0.24940515821386605,135159.37805175784,4183.826361762153,139343.20441352,3801,36,994.258064516129,31,0,20,30.053113782452623,0.683467741935484,40.0390625,1039.8437500000002,33.54334677419356,0
4625,4,0,0,31,0.0,0.0,1.0,31,1200,900,300,0.75,15,9,6,383.8433837039731,0.32921146953405017,-0.008526787516653922,0.2501556799180052,135294.80828179247,4186.403401692703,139481.21168348516,3802,37,995.258064516129,31,0,20,29.925427617855643,0.6848118279569892,39.908854166666664,1040.364583333333,33.56014784946235,0
4626,4,0,0,31,0.0,0.0,1.0,31,700,500,200,0.7142857142857143,9,5,4,384.35068482998486,0.32952508960573473,-0.006714713454445409,0.2514320273756873,135430.30632866756,4210.546196831603,139640.85252549915,3803,38,996.258064516129,31,0,20,29.777020265198907,0.6861559139784946,39.778645833333336,1040.8854166666667,33.576948924731184,0
4627,4,0,0,31,0.0,0.0,1.0,31,700,500,200,0.7142857142857143,9,5,4,385.022426170564,0.32988351254480286,-0.0046474850328388495,0.25234748521801886,135498.0807834202,4233.959960937511,139732.0407443577,3804,39,997.258064516129,31,0,20,29.691929297982316,0.6868279569892473,39.71354166666667,1041.145833333334,33.58534946236561,0
4628,4,0,0,31,0.0,0.0,1.0,31,750,600,150,0.8,9,6,3,384.96000000000004,0.32974910394265233,-0.0030967741935481463,0.25326315789473697,135633.6805555556,4242.7083333333385,139876.38888888893,3805,40,998.258064516129,31,0,20,29.55833333333334,0.6881720430107527,39.583333333333336,1041.666666666667,33.602150537634415,0
4629,4,0,0,31,0.0,0.0,1.0,31,1000,800,200,0.8,12,8,4,386.40793289328434,0.3293010752688172,0.005931776510648135,0.255424897011622,135803.27563815657,4295.09260389541,140098.36824205198,3806,41,999.258064516129,31,0,20,29.351577139287944,0.6898521505376344,39.42057291666667,1042.3177083333342,33.62315188172046,0
4630,4,0,0,31,0.0,0.0,1.0,31,950,700,250,0.7368421052631579,12,7,5,386.8958214612558,0.3294354838709677,0.005156134188391892,0.2564786207170313,135905.08355034734,4316.221788194454,140221.3053385418,3807,42,1000.258064516129,31,0,18,29.23742923742923,0.6908602150537635,39.32291666666667,1042.7083333333342,33.63575268817207,0
4631,4,0,0,31,0.0,0.0,1.0,31,950,700,250,0.7368421052631579,12,7,5,388.88369484574474,0.32988351254480286,0.010048187823818555,0.25902951344962194,136074.84817504883,4383.457946777343,140458.30612182617,3808,43,1001.258064516129,31,0,18,29.01652002995133,0.6925403225806452,39.16015625,1043.359375,33.656754032258064,0
4632,4,0,0,31,0.0,0.0,1.0,31,400,300,100,0.75,5,3,2,389.18603200575706,0.3303763440860215,0.013653525684890422,0.2594789401409429,136108.81381564657,4394.329833984356,140503.14364963092,3809,44,1002.258064516129,31,0,18,28.97481490724566,0.6928763440860215,39.12760416666666,1043.4895833333321,33.66095430107523,0
4633,4,0,0,31,0.0,0.0,1.0,31,850,800,50,0.9411764705882353,9,8,1,389.12195568941956,0.3293458781362007,0.012362372030133129,0.25993346640053216,136176.7578125,4397.873263888889,140574.63107638888,3810,45,1003.258064516129,31,0,18,28.908848968729206,0.6935483870967742,39.0625,1043.75,33.66935483870968,0
4634,4,0,1,30,0.0,0.03225806451612903,0.967741935483871,31,750,600,150,0.8,9,6,3,389.71180877033964,0.3288978494623656,0.012103312718537484,0.2605771118358476,136210.73616875536,4416.586473253033,140627.3226420084,3811,46,1004.258064516129,31,0,18,28.859636813438115,0.6938844086021505,39.029947916666664,1043.880208333333,33.67355510752687,0
4635,4,0,0,30,0.0,0.0,1.0,30,750,600,150,0.8,9,6,3,395.39149534122913,0.32533524904214556,0.022619967379174044,0.26425218182616034,136194.29449936398,4770.013151809445,140964.30765117344,3812,47,1030.4666666666667,30,0,18,28.727787792943612,0.6965277777777779,39.04569892473118,1043.8172043010745,34.793906810035814,0
4636,4,0,0,30,0.0,0.0,1.0,30,800,500,300,0.625,11,5,6,393.50238269157194,0.3252873563218391,0.023140283140282936,0.2640339821686971,136334.6286420395,4729.600242802627,141064.22888484213,3813,48,1031.4666666666667,30,0,19,28.637387387387385,0.6979166666666667,38.91129032258064,1044.3548387096769,34.81182795698923,0
4637,4,0,0,30,0.0,0.0,1.0,30,600,500,100,0.8333333333333334,7,5,2,393.13201592795605,0.32490421455938695,0.019677474695488195,0.26430986399585416,136404.82281188574,4725.020594866458,141129.8434067522,3814,49,1032.4666666666667,30,0,19,28.57721092811802,0.6986111111111111,38.844086021505376,1044.6236559139784,34.82078853046595,0
4638,4,0,0,30,0.0,0.0,1.0,30,750,600,150,0.8,9,6,3,392.61295797257867,0.3244971264367816,0.02140314764784068,0.2642234218459614,136439.92667143603,4713.616639206848,141153.54331064288,3815,50,1033.4666666666667,30,0,20,28.555845019083147,0.6989583333333333,38.810483870967744,1044.7580645161293,34.82526881720431,0
4639,4,0,0,30,0.0,0.0,1.0,30,900,700,200,0.7777777777777778,11,7,4,391.947392208166,0.325,0.02365397805212588,0.26456448974051205,136545.26534859528,4703.712134350795,141248.97748294607,3816,51,1034.4666666666667,30,0,20,28.468471364883392,0.7,38.70967741935484,1045.161290322581,34.83870967741937,0
4640,4,0,0,30,0.0,0.0,1.0,30,550,200,350,0.36363636363636365,9,2,7,390.1804914085071,0.32447318007662834,0.022319362303934165,0.2638977271456841,136615.5137154584,4660.941655104632,141276.45537056302,3817,52,1035.4666666666667,30,0,20,28.444812291077398,0.7006944444444445,38.64247311827957,1045.4301075268813,34.847670250896044,0
4641,4,0,0,30,0.0,0.0,1.0,30,650,300,350,0.46153846153846156,10,3,7,392.85090712845795,0.32435344827586204,0.02483399734395686,0.2665015613222785,136720.920138889,4742.187500000011,141463.107638889,3818,53,1036.4666666666667,30,0,20,28.270252324037173,0.7017361111111111,38.54166666666667,1045.8333333333342,34.861111111111136,0
4642,4,0,0,30,0.0,0.0,1.0,30,650,400,250,0.6153846153846154,9,4,5,395.104826011894,0.3247365900383142,0.024031007751937672,0.2685677607729757,136791.21366993297,4809.37373540294,141600.58740533591,3819,54,1037.4666666666667,30,0,20,28.14146216112039,0.7024305555555554,38.4744623655914,1046.1021505376348,34.87007168458783,0
4643,4,0,0,30,0.0,0.0,1.0,30,450,200,250,0.4444444444444444,7,2,5,395.39013327813655,0.3239942528735632,0.03158660844250338,0.26957159174286965,136896.68783963463,4825.51993004972,141722.20776968435,3820,55,1038.4666666666667,30,0,20,28.02920840825414,0.7034722222222222,38.373655913978496,1046.505376344086,34.88351254480287,0
4644,4,0,0,30,0.0,0.0,1.0,30,450,300,150,0.6666666666666666,6,3,3,394.72441490658997,0.32392241379310344,0.02773425795128648,0.26938816992792447,136931.85492903806,4810.069263787728,141741.9241928258,3821,56,1039.4666666666667,30,0,21,28.011696845169308,0.7038194444444444,38.340053763440864,1046.639784946237,34.88799283154123,0
4645,4,0,0,30,0.0,0.0,1.0,30,650,300,350,0.46153846153846156,10,3,7,392.7809340961256,0.3236111111111111,0.02600582092107495,0.26833139602987954,136967.02653485953,4759.607324546187,141726.6338594057,3822,57,1040.4666666666667,30,0,18,28.02762797466187,0.7041666666666666,38.306451612903224,1046.774193548387,34.89247311827957,0
4646,4,0,0,30,0.0,0.0,1.0,30,600,500,100,0.8333333333333334,7,5,2,390.44889847587746,0.32370689655172413,0.024937954642703763,0.2672756519443838,137037.3832957568,4701.219071568974,141738.60236732577,3823,58,1041.4666666666667,30,0,18,28.018827556696618,0.704861111111111,38.23924731182796,1047.0430107526886,34.90143369175629,0
4647,4,0,0,30,0.0,0.0,1.0,30,800,600,200,0.75,10,6,4,391.2455188911164,0.32229406130268196,0.02266837716484904,0.2691755357242943,137213.35423531634,4736.821995317392,141950.17623063372,3824,59,1042.4666666666667,30,0,18,27.82339106264698,0.7065972222222221,38.07123655913979,1047.7150537634418,34.92383512544806,0
4648,4,0,0,30,0.0,0.0,1.0,30,1000,800,200,0.8,12,8,4,393.35634451019075,0.32131226053639844,0.026760683760683968,0.27200172758683394,137389.4380853277,4808.601427910734,142198.03951323844,3825,60,1043.4666666666667,30,0,19,27.593482905982903,0.7083333333333333,37.90322580645161,1048.387096774193,34.94623655913976,0
4649,4,0,0,30,0.0,0.0,1.0,30,850,700,150,0.8235294117647058,10,7,3,388.4768709339872,0.31982758620689655,0.02489321715359627,0.26972184170541236,137530.38646086253,4685.474838131569,142215.8612989941,3826,61,1044.4666666666667,30,0,20,27.581742268921914,0.7097222222222223,37.76881720430107,1048.9247311827955,34.96415770609318,0
4650,4,0,0,30,0.0,0.0,1.0,30,500,300,200,0.6,7,3,4,387.7126255849888,0.31949233716475095,0.020386027841830634,0.26974017427062597,137600.88774713845,4669.920294253674,142270.80804139213,3827,62,1045.4666666666667,30,0,21,27.531973268425993,0.7104166666666667,37.70161290322581,1049.193548387097,34.9731182795699,0
4651,4,0,0,30,0.0,0.0,1.0,30,550,300,250,0.5454545454545454,8,3,5,388.7987021507995,0.31939655172413794,0.018792691256830585,0.2710482380708429,137671.4070990865,4705.29288067983,142376.69997976633,3828,63,1046.4666666666667,30,0,21,27.433668459699458,0.711111111111111,37.63440860215053,1049.462365591397,34.982078853046566,0
4652,4,0,0,30,0.0,0.0,1.0,30,600,300,300,0.5,9,3,6,390.428701275741,0.3190852490421456,0.015482135996926605,0.27246271030047026,137706.67354968784,4752.927542201413,142459.60109188926,3829,64,1047.4666666666667,30,0,21,27.355988816323052,0.7114583333333333,37.600806451612904,1049.5967741935485,34.98655913978495,0
4653,4,0,0,30,0.0,0.0,1.0,30,750,700,50,0.9333333333333333,8,7,1,384.1659944020567,0.3190852490421456,0.05966929337294902,0.2505331897781233,135318.84330919766,4396.979600242813,139715.82290944047,3830,65,1048.4666666666667,30,0,19,29.893047840502955,0.6878472222222223,39.88575268817205,1040.4569892473123,34.681899641577075,7
4654,4,0,0,30,0.0,0.0,1.0,30,1150,900,250,0.782608695652174,14,9,5,385.80922153541417,0.31786398467432947,0.057911501377410524,0.2523400854366764,135423.74841022087,4449.546190311026,139873.2946005319,3831,66,1049.4666666666667,30,0,19,29.745609504132233,0.6888888888888889,39.78494623655914,1040.8602150537638,34.695340501792124,0
4655,4,0,0,30,0.0,0.0,1.0,30,950,700,250,0.7368421052631579,12,7,5,382.5500959252387,0.3184147509578544,0.05161998192848816,0.2509412017894011,135528.69415900687,4369.302990230091,139897.99714923697,3832,67,1050.4666666666667,30,0,19,29.72575405533324,0.6899305555555555,39.68413978494624,1041.2634408602155,34.70878136200718,0
4656,4,0,0,30,0.0,0.0,1.0,30,800,600,200,0.75,10,6,4,382.75524513540296,0.3184626436781609,0.04359437491936502,0.25205912532238833,135668.68505390815,4385.580161001296,140054.26521490945,3833,68,1051.4666666666667,30,0,21,29.580860534124636,0.6913194444444444,39.54973118279571,1041.8010752688187,34.72670250896063,0
4657,4,0,0,30,0.0,0.0,1.0,30,650,500,150,0.7692307692307693,8,5,3,382.4772576963447,0.31810344827586207,0.043177714727882455,0.25261743238308854,135773.72564747385,4386.072450572343,140159.7980980462,3834,69,1052.4666666666667,30,0,21,29.483438655317695,0.692361111111111,39.44892473118281,1042.20430107527,34.74014336917567,0
4658,4,0,0,30,0.0,0.0,1.0,30,800,700,100,0.875,9,7,2,382.1038586181202,0.31755268199233716,0.04249495079712906,0.25311525459442874,135878.80688880236,4383.9632833275755,140262.77017212994,3835,70,1053.4666666666667,30,0,19,29.38850930342485,0.6934027777777777,39.3481182795699,1042.607526881722,34.75358422939073,0
4659,4,0,0,30,0.0,0.0,1.0,30,1100,800,300,0.7272727272727273,14,8,6,381.05709335861667,0.3176963601532567,0.04008678094256135,0.2529189039665959,135948.88363177827,4360.857288414847,140309.74092019312,3836,71,1054.4666666666667,30,0,19,29.34602826824763,0.6940972222222221,39.280913978494624,1042.8763440860216,34.76254480286739,0
4660,4,0,0,30,0.0,0.0,1.0,30,400,200,200,0.5,6,2,4,381.8834159365575,0.3167385057471264,0.04167418288021296,0.2539671971794022,136018.9784404267,4388.678423806232,140407.65686423294,3837,72,1055.4666666666667,30,0,19,29.254713739638376,0.6947916666666666,39.21370967741936,1043.1451612903231,34.7715053763441,0
4661,4,0,0,30,0.0,0.0,1.0,30,950,900,50,0.9473684210526315,10,9,1,381.369452573269,0.31666666666666665,0.045506052021632826,0.2548808234667821,136194.29449936422,4388.06870736503,140582.36320672923,3838,73,1056.4666666666667,30,0,20,29.09369902995964,0.6965277777777776,39.04569892473119,1043.8172043010763,34.79390681003588,0
4662,4,0,0,30,0.0,0.0,1.0,30,550,300,250,0.5454545454545454,8,3,5,381.57118897229464,0.3159722222222222,0.050941777148496126,0.25577450967435345,136299.53833174356,4401.595379523645,140701.1337112672,3839,74,1057.4666666666667,30,0,20,28.983781696486027,0.6975694444444445,38.94489247311828,1044.220430107527,34.8073476702509,0
4663,4,0,0,30,0.0,0.0,1.0,30,700,500,200,0.7142857142857143,9,5,4,381.57118897229464,0.3159722222222222,0.050941777148496126,0.25577450967435345,136299.53833174356,4401.595379523645,140701.1337112672,3840,75,1058.4666666666667,30,0,20,28.983781696486027,0.6975694444444445,38.94489247311828,1044.220430107527,34.8073476702509,0
4664,4,0,0,30,0.0,0.0,1.0,30,950,800,150,0.8421052631578947,11,8,3,378.50807994127445,0.3159243295019157,0.04851018220793146,0.2552385361269217,136510.14793979068,4334.038797837899,140844.18673762857,3841,76,1059.4666666666667,30,0,20,28.854501607717047,0.6996527777777777,38.74327956989247,1045.0268817204299,34.834229390680996,0
4665,4,0,0,30,0.0,0.0,1.0,30,800,500,300,0.625,11,5,6,379.5507094743349,0.31580459770114944,0.050231481481481266,0.2561967288951761,136545.26534859525,4365.170467684128,140910.43581627938,3842,77,1060.4666666666667,30,0,20,28.79238468792867,0.7,38.70967741935484,1045.1612903225807,34.83870967741936,0
4666,4,0,0,30,0.0,0.0,1.0,30,600,500,100,0.8333333333333334,7,5,2,377.5299526921898,0.3156369731800766,0.0572524317607237,0.25559664943364196,136650.64467351715,4317.942283790035,140968.58695730718,3843,78,1061.4666666666667,30,0,20,28.7405729099713,0.7010416666666668,38.608870967741936,1045.5645161290322,34.85215053763441,0
4667,4,0,0,30,0.0,0.0,1.0,30,650,500,150,0.7692307692307693,8,5,3,376.0257773686132,0.31678639846743295,0.05909694555112832,0.2550877570797888,136720.9201388888,4282.118055555537,141003.03819444432,3844,79,1062.4666666666667,30,0,21,28.7101593625498,0.7017361111111111,38.54166666666666,1045.8333333333323,34.86111111111108,0
4668,4,0,0,30,0.0,0.0,1.0,30,450,300,150,0.6666666666666666,6,3,3,378.92292655154006,0.3169300766283525,0.05881622339286463,0.25756830893892013,136791.21366993285,4366.665402069593,141157.87907200246,3845,80,1063.4666666666667,30,0,21,28.564660156751902,0.7024305555555556,38.47446236559139,1046.1021505376339,34.87007168458779,0
4669,4,0,0,30,0.0,0.0,1.0,30,850,600,250,0.7058823529411765,11,6,5,381.68996380455997,0.3173850574712644,0.05811504879301488,0.26075451211490464,136967.0265348595,4455.787880101741,141422.81441496123,3846,81,1064.4666666666667,30,0,17,28.317871511727443,0.7041666666666667,38.306451612903224,1046.7741935483868,34.89247311827956,0
4670,4,0,0,30,0.0,0.0,1.0,30,900,600,300,0.6666666666666666,12,6,6,381.68996380455997,0.3173850574712644,0.05811504879301488,0.26075451211490464,136967.0265348595,4455.787880101741,141422.81441496123,3847,82,1065.4666666666667,30,0,17,28.317871511727443,0.7041666666666667,38.306451612903224,1046.7741935483868,34.89247311827956,0
4671,4,0,0,30,0.0,0.0,1.0,30,700,400,300,0.5714285714285714,10,4,6,382.46016482360096,0.3160680076628352,0.05875582937577528,0.26207098893057823,137072.56845083245,4484.959424499937,141557.5278753324,3848,83,1066.4666666666667,30,0,17,28.1930539511402,0.7052083333333334,38.20564516129032,1047.1774193548385,34.90591397849462,0
4672,4,0,0,30,0.0,0.0,1.0,30,550,400,150,0.7272727272727273,7,4,3,382.1850552680982,0.3165229885057471,0.053297408262765966,0.2626763951287087,137178.15101456814,4485.487845415649,141663.6388599838,3849,84,1067.4666666666667,30,0,17,28.095597040458465,0.70625,38.104838709677416,1047.5806451612902,34.91935483870967,0
4673,4,0,0,30,0.0,0.0,1.0,30,950,800,150,0.8421052631578947,11,8,3,382.780752744281,0.31645114942528735,0.05260076078129661,0.2644204686140519,137354.21228248923,4515.309754017792,141869.52203650703,3850,85,1068.4666666666667,30,0,18,27.905554130871476,0.7079861111111111,37.93682795698924,1048.2526881720423,34.94175627240141,0
4674,4,0,0,30,0.0,0.0,1.0,30,900,700,200,0.7777777777777778,11,7,4,365.48433504971774,0.31645114942528735,0.01375996552467118,0.2369674209228473,135109.15505043944,3876.0559385478205,138985.21098898727,3851,86,1069.4666666666667,30,0,20,30.58796595561301,0.6857638888888888,40.087365591397855,1039.6505376344094,34.65501792114698,7
4675,4,0,0,30,0.0,0.0,1.0,30,550,500,50,0.9090909090909091,6,5,1,365.04245852533836,0.3164272030651341,0.013090313684936294,0.23691010563355855,135144.0918025205,3866.666305353224,139010.75810787373,3852,87,1070.4666666666667,30,0,21,30.564622113064466,0.6861111111111111,40.053763440860216,1039.784946236559,34.659498207885306,0
4676,4,0,0,30,0.0,0.0,1.0,30,600,300,300,0.5,9,3,6,365.04245852533836,0.3164272030651341,0.013090313684936294,0.23691010563355855,135144.0918025205,3866.666305353224,139010.75810787373,3853,88,1071.4666666666667,30,0,21,30.564622113064466,0.6861111111111111,40.053763440860216,1039.784946236559,34.659498207885306,0
4677,4,0,0,30,0.0,0.0,1.0,30,500,200,300,0.4,8,2,6,365.04245852533836,0.3164272030651341,0.013090313684936294,0.23691010563355855,135144.0918025205,3866.666305353224,139010.75810787373,3854,89,1072.4666666666667,30,0,21,30.564622113064466,0.6861111111111111,40.053763440860216,1039.784946236559,34.659498207885306,0
4678,4,0,0,30,0.0,0.0,1.0,30,550,200,350,0.36363636363636365,9,2,7,366.19548809679964,0.3162116858237548,0.016427555900219826,0.23788870624726588,135179.03307101972,3900.3903991790876,139079.42347019882,3855,90,1073.4666666666667,30,0,21,30.49981689716084,0.6864583333333333,40.02016129032258,1039.919354838709,34.663978494623635,0
4679,4,0,0,30,0.0,0.0,1.0,30,950,700,250,0.7368421052631579,12,7,5,367.3372208368927,0.3164272030651341,0.014422331351770623,0.23886179956604003,135213.97885593714,3933.8254422476693,139147.8042981848,3856,91,1074.4666666666667,30,0,21,30.43529766520205,0.6868055555555554,39.98655913978495,1040.0537634408606,34.66845878136202,0
4680,4,0,0,30,0.0,0.0,1.0,30,600,400,200,0.6666666666666666,8,4,4,366.3401078477623,0.3161877394636015,0.015482648755704709,0.23914039755121216,135353.80715978736,3917.105662504351,139270.91282229172,3857,92,1075.4666666666667,30,0,21,30.32189141479376,0.6881944444444443,39.852150537634415,1040.5913978494632,34.68637992831544,0
4681,4,0,0,30,0.0,0.0,1.0,30,500,500,0,1.0,5,5,0,366.6830179699016,0.31611590038314175,0.016677426296535014,0.2400642412660092,135458.72581006488,3934.082878078404,139392.80868814327,3858,93,1076.4666666666667,30,0,21,30.20846782870669,0.6892361111111109,39.75134408602151,1040.994623655915,34.699820788530495,0
4682,4,0,0,30,0.0,0.0,1.0,30,500,400,100,0.8,6,4,2,366.6830179699016,0.31611590038314175,0.016677426296535014,0.2400642412660092,135458.72581006488,3934.082878078404,139392.80868814327,3859,94,1077.4666666666667,30,0,21,30.20846782870669,0.6892361111111109,39.75134408602151,1040.994623655915,34.699820788530495,0
4683,4,0,0,30,0.0,0.0,1.0,30,700,600,100,0.8571428571428571,8,6,2,367.9502661590044,0.3162116858237548,0.01773562180066235,0.24183601462817003,135598.6805736212,3978.714121574749,139577.39469519595,3860,95,1078.4666666666667,30,0,21,30.03613369467028,0.690625,39.61693548387097,1041.532258064516,34.71774193548387,0
4684,4,0,0,30,0.0,0.0,1.0,30,850,500,350,0.5882352941176471,12,5,7,370.64947017619215,0.3157567049808429,0.01945662453787289,0.24480545074499127,135773.72564747388,4064.8918950167867,139838.61754249068,3861,96,1079.4666666666667,30,0,21,29.79161293096037,0.692361111111111,39.44892473118281,1042.2043010752702,34.74014336917568,0
4685,4,0,0,30,0.0,0.0,1.0,30,700,500,200,0.7142857142857143,9,5,4,369.3269499090832,0.315014367816092,0.013720940226032319,0.24465150729673457,135878.80688880233,4036.741061105353,139915.5479499077,3862,97,1080.4666666666667,30,0,19,29.72154183318293,0.6934027777777777,39.3481182795699,1042.6075268817217,34.753584229390725,0
4686,4,0,0,30,0.0,0.0,1.0,30,1200,1100,100,0.9166666666666666,13,11,2,370.31738008908536,0.31331417624521074,0.014377737696469772,0.24651831082774286,136054.03261937806,4076.634582032619,140130.6672014107,3863,98,1081.4666666666667,30,0,19,29.521493601305504,0.6951388888888888,39.18010752688173,1043.279569892474,34.775985663082466,0
4687,4,0,0,30,0.0,0.0,1.0,30,500,400,100,0.8,6,4,2,370.31738008908536,0.31331417624521074,0.014377737696469772,0.24651831082774286,136054.03261937806,4076.634582032619,140130.6672014107,3864,99,1082.4666666666667,30,0,19,29.521493601305504,0.6951388888888888,39.18010752688173,1043.279569892474,34.775985663082466,0
4688,4,0,0,30,0.0,0.0,1.0,30,500,400,100,0.8,6,4,2,370.31738008908536,0.31331417624521074,0.014377737696469772,0.24651831082774286,136054.03261937806,4076.634582032619,140130.6672014107,3865,100,1083.4666666666667,30,0,19,29.521493601305504,0.6951388888888888,39.18010752688173,1043.279569892474,34.775985663082466,0
4689,4,0,0,30,0.0,0.0,1.0,30,900,700,200,0.7777777777777778,11,7,4,369.27133268858313,0.3135775862068965,0.014242775559276888,0.24606466572201469,136089.09131474738,4050.7600228350125,140139.8513375824,3866,101,1084.4666666666667,30,0,19,29.513933616728927,0.695486111111111,39.14650537634409,1043.4139784946237,34.780465949820794,0
4690,4,0,0,30,0.0,0.0,1.0,30,650,300,350,0.46153846153846156,10,3,7,367.853722943243,0.3139128352490422,0.011042444530277695,0.24609128906978178,136229.37126040575,4022.496278471492,140251.86753887724,3867,102,1085.4666666666667,30,0,20,29.411559589717175,0.6968749999999999,39.012096774193544,1043.9516129032252,34.79838709677417,0
4691,4,0,0,30,0.0,0.0,1.0,30,600,300,300,0.5,9,3,6,368.0340020108359,0.3135057471264368,0.014362934362933899,0.2469450946134882,136334.62864203952,4035.1557983581824,140369.7844403977,3868,103,1086.4666666666667,30,0,21,29.30233805233805,0.6979166666666667,38.91129032258064,1044.354838709677,34.811827956989234,0
4692,4,0,0,30,0.0,0.0,1.0,30,300,200,100,0.6666666666666666,4,2,2,368.0340020108359,0.3135057471264368,0.014362934362933899,0.2469450946134882,136334.62864203952,4035.1557983581824,140369.7844403977,3869,104,1087.4666666666667,30,0,21,29.30233805233805,0.6979166666666667,38.91129032258064,1044.354838709677,34.811827956989234,0
4693,4,0,0,30,0.0,0.0,1.0,30,750,600,150,0.8,9,6,3,366.72216852451317,0.312595785440613,0.01276376737004603,0.24655403925367791,136404.82281188577,4004.5344837553466,140409.35729564112,3870,105,1088.4666666666667,30,0,21,29.266919711785885,0.6986111111111111,38.844086021505376,1044.6236559139786,34.820788530465954,0
4694,4,0,0,30,0.0,0.0,1.0,30,700,500,200,0.7142857142857143,9,5,4,367.27744000851425,0.31269157088122607,0.012494640253837286,0.24741896175270287,136475.0350474044,4024.840299456592,140499.875346861,3871,106,1089.4666666666667,30,0,21,29.182745905153922,0.6993055555555555,38.77688172043011,1044.8924731182801,34.82974910394267,0
4695,4,0,0,30,0.0,0.0,1.0,30,1100,900,200,0.8181818181818182,13,9,4,367.27744000851425,0.31269157088122607,0.012494640253837286,0.24741896175270287,136475.0350474044,4024.840299456592,140499.875346861,3872,107,1090.4666666666667,30,0,21,29.182745905153922,0.6993055555555555,38.77688172043011,1044.8924731182801,34.82974910394267,0
4696,4,0,0,30,0.0,0.0,1.0,30,600,500,100,0.8333333333333334,7,5,2,369.45984133489293,0.31396072796934865,0.01634306287771592,0.24963416038761632,136580.38727381782,4092.1936423285997,140672.58091614643,3873,108,1091.4666666666667,30,0,21,29.021205691997757,0.7003472222222221,38.67607526881721,1045.2956989247316,34.84318996415772,0
4697,4,0,0,30,0.0,0.0,1.0,30,700,200,500,0.2857142857142857,12,2,10,369.90710781534773,0.31319444444444444,0.018198568796332193,0.2504358043251168,136650.64467351726,4109.608950456717,140760.253623974,3874,109,1092.4666666666667,30,0,21,28.93982731285085,0.7010416666666666,38.60887096774194,1045.564516129033,34.85215053763444,0
4698,4,0,0,30,0.0,0.0,1.0,30,1100,900,200,0.8181818181818182,13,9,4,368.14191283883764,0.3115421455938697,0.014602603631380662,0.2504909658686638,136826.36721008216,4074.304110301777,140900.67132038393,3875,110,1093.4666666666667,30,0,22,28.811772010962663,0.7027777777777777,38.44086021505377,1046.2365591397854,34.87455197132618,0
4699,4,0,0,30,0.0,0.0,1.0,30,350,300,50,0.8571428571428571,4,3,1,367.503998145405,0.3119492337164751,0.017653607364589874,0.250307841256516,136861.52526664932,4059.431545554398,140920.95681220372,3876,111,1094.4666666666667,30,0,23,28.79362020980518,0.703125,38.40725806451613,1046.3709677419354,34.87903225806451,0
4700,4,0,0,30,0.0,0.0,1.0,30,850,800,50,0.9411764705882353,9,8,1,367.1132599927878,0.312404214559387,0.015125834617359946,0.25079632182665185,136967.0265348595,4056.4823245461876,141023.50885940567,3877,112,1095.4666666666667,30,0,18,28.699334446156474,0.7041666666666666,38.306451612903224,1046.7741935483868,34.89247311827956,0
4701,4,0,0,30,0.0,0.0,1.0,30,850,800,50,0.9411764705882353,9,8,1,367.5780437791758,0.3122844827586207,0.01843580199375361,0.25187339833628475,137072.56845083242,4076.9733133888276,141149.54176422124,3878,113,1096.4666666666667,30,0,18,28.5826594788859,0.7052083333333333,38.20564516129032,1047.1774193548383,34.90591397849461,0
4702,4,0,0,30,0.0,0.0,1.0,30,850,700,150,0.8235294117647058,10,7,3,368.1544517319823,0.3126197318007663,0.01842634167201207,0.2532889630406711,137213.3542353163,4103.141439761836,141316.49567507816,3879,114,1097.4666666666667,30,0,19,28.428212529399197,0.7065972222222222,38.07123655913979,1047.7150537634416,34.92383512544805,0
4703,4,0,0,30,0.0,0.0,1.0,30,700,600,100,0.8571428571428571,8,6,2,368.8532052979799,0.3119492337164751,0.01630114146466566,0.25428368184866035,137283.77422606654,4127.512031737765,141411.2862578043,3880,115,1098.4666666666667,30,0,20,28.340227010388617,0.7072916666666667,38.00403225806451,1047.9838709677415,34.932795698924714,0
4704,4,0,0,30,0.0,0.0,1.0,30,750,600,150,0.8,9,6,3,369.8250970034214,0.3123802681992337,0.016031969910672128,0.25547085310271755,137354.21228248923,4159.406976240016,141513.61925872925,3881,116,1099.4666666666667,30,0,20,28.245074154806176,0.7079861111111111,37.93682795698924,1048.2526881720423,34.94175627240141,0
4705,4,0,0,30,0.0,0.0,1.0,30,850,600,250,0.7058823529411765,11,6,5,369.80638807593084,0.31233237547892717,0.019206939281288804,0.2559768973718134,137424.6684045844,4164.1040510463745,141588.77245563077,3882,117,1100.4666666666667,30,0,20,28.17587488783491,0.7086805555555555,37.86962365591398,1048.5215053763445,34.95071684587815,0
4706,4,0,0,30,0.0,0.0,1.0,30,600,500,100,0.8333333333333334,7,5,2,370.57062318005103,0.312595785440613,0.016158250021362175,0.2567666076421631,137459.90324025886,4187.720401202436,141647.6236414613,3883,118,1101.4666666666667,30,0,20,28.12099461676494,0.7090277777777778,37.83602150537634,1048.6559139784936,34.955197132616455,0
4707,4,0,0,30,0.0,0.0,1.0,30,650,500,150,0.7692307692307693,8,5,3,368.47169271172356,0.31245210727969347,0.012443419591767313,0.2563538354106696,137600.8877471384,4140.406405364784,141741.29415250316,3884,119,1102.4666666666667,30,0,20,28.036659834315497,0.7104166666666667,37.70161290322581,1049.1935483870966,34.97311827956989,0
4708,4,0,0,30,0.0,0.0,1.0,30,550,300,250,0.5454545454545454,8,3,5,368.47169271172356,0.31245210727969347,0.012443419591767313,0.2563538354106696,137600.8877471384,4140.406405364784,141741.29415250316,3885,120,1103.4666666666667,30,0,20,28.036659834315497,0.7104166666666667,37.70161290322581,1049.1935483870966,34.97311827956989,0
4709,4,0,0,30,0.0,0.0,1.0,30,950,700,250,0.7368421052631579,12,7,5,368.99626947842546,0.3131465517241379,0.012570965125709765,0.25750597572448836,137706.6735496878,4162.649764423634,141869.32331411145,3886,121,1104.4666666666667,30,0,20,27.9183740982627,0.7114583333333333,37.600806451612904,1049.5967741935483,34.986559139784944,0
4710,4,0,0,30,0.0,0.0,1.0,30,800,600,200,0.75,10,6,4,370.30531460208124,0.31297892720306514,0.010584720443875373,0.25868376628284917,137741.94451670704,4201.314819632318,141943.25933633937,3887,122,1105.4666666666667,30,0,20,27.849178403755868,0.7118055555555556,37.567204301075265,1049.7311827956983,34.99103942652327,0
4711,4,0,0,30,0.0,0.0,1.0,30,650,500,150,0.7692307692307693,8,5,3,369.7130589055176,0.3122844827586207,0.014155251141552139,0.25853435121853136,137777.2200001444,4187.607490750356,141964.82749089476,3888,123,1106.4666666666667,30,0,21,27.829876669653896,0.7121527777777779,37.533602150537625,1049.8655913978484,34.995519713261615,0
4712,4,0,0,30,0.0,0.0,1.0,30,550,400,150,0.7272727272727273,7,4,3,369.4490453072325,0.31168582375478926,0.018249296135142146,0.25914495871011795,137883.07354896513,4188.153977338414,142071.22752630356,3889,124,1107.4666666666667,30,0,22,27.7322754031226,0.7131944444444445,37.43279569892473,1050.2688172043006,35.008960573476685,0
4713,4,0,0,30,0.0,0.0,1.0,30,500,300,200,0.6,7,3,4,368.1862520564117,0.3115181992337165,0.019172531456600694,0.25852430905847773,137918.3670980749,4155.929334316104,142074.296432391,3890,125,1108.4666666666667,30,0,22,27.730592876946037,0.7135416666666667,37.399193548387096,1050.4032258064515,35.01344086021505,0
4714,4,0,0,30,0.0,0.0,1.0,30,950,800,150,0.8421052631578947,11,8,3,369.0910647977958,0.3105603448275862,0.015466291416144529,0.25969260607780087,137988.96774554858,4186.099007110641,142175.06675265922,3891,126,1109.4666666666667,30,0,23,27.637147669608957,0.7142361111111112,37.331989247311824,1050.6720430107523,35.02240143369174,0
4715,4,0,0,30,0.0,0.0,1.0,30,1050,700,350,0.6666666666666666,14,7,7,369.7521711834154,0.30818965517241376,0.019551691809426286,0.2615010382456308,138165.5484015494,4217.402300844043,142382.95070239346,3892,127,1110.4666666666667,30,0,20,27.44555953294129,0.7159722222222222,37.16397849462366,1051.3440860215062,35.04480286738354,0
4716,4,0,0,30,0.0,0.0,1.0,30,950,600,350,0.631578947368421,13,6,7,371.96860231297643,0.3076388888888889,0.0154504792332264,0.2638852505076194,138271.55099216686,4286.535112440759,142558.08610460762,3893,128,1111.4666666666667,30,0,20,27.282747603833865,0.7170138888888888,37.06317204301076,1051.747311827958,35.058243727598594,0
4717,4,0,0,30,0.0,0.0,1.0,30,700,500,200,0.7142857142857143,9,5,4,373.7738746357885,0.3074233716475096,0.006864247998636941,0.2659910809680866,138377.59423054697,4344.3859116661,142721.98014221305,3894,129,1112.4666666666667,30,0,20,27.13070601260432,0.7180555555555556,36.962365591397855,1052.1505376344094,35.07168458781364,0
4718,4,0,0,30,0.0,0.0,1.0,30,800,600,200,0.75,10,6,4,373.73257717480806,0.30670498084291187,0.0073884916581548055,0.2670687540541145,138519.04844490692,4353.816192623425,142872.86463753035,3895,130,1113.4666666666667,30,0,21,26.992360401770515,0.7194444444444444,36.82795698924731,1052.6881720430106,35.08960573476702,0
4719,4,0,0,30,0.0,0.0,1.0,30,950,700,250,0.7368421052631579,12,7,5,371.02028542757995,0.30670498084291187,0.008703420112302185,0.26623763338924133,138660.57492195631,4289.177217019311,142949.75213897563,3896,131,1114.4666666666667,30,0,22,26.924344903862515,0.7208333333333332,36.693548387096776,1053.225806451613,35.10752688172043,0
4720,4,0,0,30,0.0,0.0,1.0,30,500,200,300,0.4,8,2,6,370.2877014276389,0.3055316091954023,0.009886465110345632,0.26654594044915164,138766.7672021332,4276.725452364437,143043.49265449762,3897,132,1115.4666666666667,30,0,22,26.839095122677215,0.721875,36.59274193548387,1053.6290322580646,35.12096774193549,0
4721,4,0,0,30,0.0,0.0,1.0,30,750,300,450,0.4,12,3,9,367.5595178311266,0.30519636015325674,0.010147515197891588,0.26513653903531426,138837.58463767503,4206.215133252427,143043.79977092746,3898,133,1116.4666666666667,30,0,22,26.8412829996174,0.7225694444444444,36.525537634408614,1053.8978494623668,35.12992831541223,0
4722,4,0,0,30,0.0,0.0,1.0,30,750,500,250,0.6666666666666666,10,5,5,369.47929197456585,0.30428639846743294,0.010408432147562374,0.2670807453416149,138908.42013888896,4264.75694444445,143173.1770833334,3899,134,1117.4666666666667,30,0,22,26.72101449275361,0.7232638888888887,36.458333333333336,1054.1666666666672,35.13888888888891,0
4723,4,0,0,30,0.0,0.0,1.0,30,700,500,200,0.7142857142857143,9,5,4,368.47107010778694,0.30407088122605364,0.006320081549438861,0.26775564427832527,139085.5879292405,4249.803084171594,143335.39101341207,3900,135,1118.4666666666667,30,0,24,26.573383876996264,0.7249999999999999,36.29032258064517,1054.8387096774202,35.161290322580676,0
4724,4,0,0,30,0.0,0.0,1.0,30,800,600,200,0.75,10,6,4,368.11374120853964,0.30452586206896554,0.00987386928271139,0.2677780124880285,139121.03503656492,4242.472937622849,143363.50797418776,3901,136,1119.4666666666667,30,0,24,26.54796789399925,0.7253472222222221,36.25672043010753,1054.97311827957,35.165770609319,0
4725,4,0,0,30,0.0,0.0,1.0,30,550,500,50,0.9090909090909091,6,5,1,368.11374120853964,0.30452586206896554,0.00987386928271139,0.2677780124880285,139121.03503656492,4242.472937622849,143363.50797418776,3902,137,1120.4666666666667,30,0,24,26.54796789399925,0.7253472222222221,36.25672043010753,1054.97311827957,35.165770609319,0
4726,4,0,0,30,0.0,0.0,1.0,30,500,300,200,0.6,7,3,4,368.11374120853964,0.30452586206896554,0.00987386928271139,0.2677780124880285,139121.03503656492,4242.472937622849,143363.50797418776,3903,138,1121.4666666666667,30,0,24,26.54796789399925,0.7253472222222221,36.25672043010753,1054.97311827957,35.165770609319,0
4727,4,0,0,30,0.0,0.0,1.0,30,400,200,200,0.5,6,2,4,368.11374120853964,0.30452586206896554,0.00987386928271139,0.2677780124880285,139121.03503656492,4242.472937622849,143363.50797418776,3904,139,1122.4666666666667,30,0,24,26.54796789399925,0.7253472222222221,36.25672043010753,1054.97311827957,35.165770609319,0
4728,4,0,0,30,0.0,0.0,1.0,30,750,700,50,0.9333333333333333,8,7,1,368.0580956631099,0.30483716475095785,0.012636942675158913,0.2680200418325989,139156.48666030774,4243.534295872376,143400.02095618012,3905,140,1123.4666666666667,30,0,20,26.514596602972397,0.7256944444444444,36.2231182795699,1055.107526881722,35.1702508960574,0
4729,4,0,0,30,0.0,0.0,1.0,30,1150,1000,150,0.8695652173913043,13,10,3,371.15932096384176,0.3038314176245211,0.01657754010695167,0.2714232129283065,139298.33831945885,4340.3753324083655,143638.7136518672,3906,141,1124.4666666666667,30,0,20,26.293396146337315,0.7270833333333333,36.08870967741935,1055.6451612903222,35.18817204301074,0
4730,4,0,0,30,0.0,0.0,1.0,30,650,400,250,0.6153846153846154,9,4,5,370.4921863702507,0.30246647509578545,0.019070043697763994,0.2717980493287637,139404.77448621223,4329.675937969699,143734.45042418194,3907,142,1125.4666666666667,30,0,20,26.20646132959993,0.728125,35.98790322580645,1056.048387096774,35.2016129032258,0
4731,4,0,0,30,0.0,0.0,1.0,30,800,500,300,0.625,11,5,6,369.58121203555856,0.30174808429118777,0.019854095092674884,0.2717061501765625,139475.75451280485,4309.523680483278,143785.27819328813,3908,143,1126.4666666666667,30,0,20,26.16082410824109,0.7288194444444445,35.92069892473118,1056.3172043010745,35.210573476702486,0
4732,4,0,0,30,0.0,0.0,1.0,30,600,300,300,0.5,9,3,6,370.1848235402806,0.3021791187739464,0.025632871135987445,0.272729418730098,139546.75260506992,4331.6179977454,143878.37060281532,3909,144,1127.4666666666667,30,0,20,26.075191875503535,0.7295138888888889,35.85349462365591,1056.5860215053763,35.219534050179206,0
4733,4,0,0,30,0.0,0.0,1.0,30,250,100,150,0.4,4,1,3,370.1848235402806,0.3021791187739464,0.025632871135987445,0.272729418730098,139546.75260506992,4331.6179977454,143878.37060281532,3910,145,1128.4666666666667,30,0,20,26.075191875503535,0.7295138888888889,35.85349462365591,1056.5860215053763,35.219534050179206,0
4734,4,0,0,30,0.0,0.0,1.0,30,550,400,150,0.7272727272727273,7,4,3,369.50289283271456,0.30174808429118777,0.026677688753232287,0.27280762876466064,139617.7687630073,4317.833889756047,143935.60265276337,3911,146,1129.4666666666667,30,0,20,26.0235173173937,0.7302083333333333,35.78629032258065,1056.8548387096778,35.228494623655926,0
4735,4,0,0,30,0.0,0.0,1.0,30,650,400,250,0.6153846153846154,9,4,5,370.7333663940932,0.3013888888888889,0.027849817781167907,0.2745940357868114,139724.32687304894,4360.09401375882,144084.42088680775,3912,147,1130.4666666666667,30,0,20,25.886462835833548,0.73125,35.685483870967744,1057.2580645161293,35.241935483870975,0
4736,4,0,0,30,0.0,0.0,1.0,30,700,600,100,0.8571428571428571,8,6,2,372.17922964978004,0.3004549808429119,0.023505739822933913,0.27655130860378846,139830.9256308533,4408.433236501333,144239.35886735463,3913,148,1131.4666666666667,30,0,21,25.74368831278858,0.7322916666666667,35.58467741935484,1057.6612903225807,35.255376344086024,0
4737,4,0,0,30,0.0,0.0,1.0,30,800,500,300,0.625,11,5,6,373.8607477214954,0.3003831417624521,0.01522309711286085,0.27929597035664655,140008.68055555553,4468.749999999995,144477.43055555553,3914,149,1132.4666666666667,30,0,22,25.524934383202087,0.7340277777777778,35.416666666666664,1058.3333333333333,35.27777777777778,0
4738,4,0,0,30,0.0,0.0,1.0,30,550,400,150,0.7272727272727273,7,4,3,374.4754648526076,0.3002155172413793,0.017189417989417644,0.2800564373897707,140044.2450897503,4488.6267559833495,144532.87184573364,3915,150,1133.4666666666667,30,0,22,25.47380952380952,0.734375,35.38306451612903,1058.4677419354841,35.282258064516135,0
4739,4,0,0,30,0.0,0.0,1.0,30,1200,900,300,0.75,15,9,6,373.67524285603884,0.2983716475095785,0.019932318104907365,0.28096955283450226,140222.13550699493,4479.508107873734,144701.64361486866,3916,151,1134.4666666666667,30,0,23,25.32069585448393,0.7361111111111112,35.21505376344086,1059.1397849462357,35.30465949820786,0
4740,4,0,0,30,0.0,0.0,1.0,30,1150,800,350,0.6956521739130435,15,8,7,374.68067531926914,0.2983955938697318,0.022677491648695813,0.282641891248019,140328.92395435882,4515.707198809102,144844.63115316792,3917,152,1135.4666666666667,30,0,19,25.189490041862236,0.7371527777777778,35.11424731182795,1059.5430107526877,35.318100358422925,0
4741,4,0,0,30,0.0,0.0,1.0,30,700,500,200,0.7142857142857143,9,5,4,373.23767586449003,0.29825191570881227,0.01978862819699856,0.28216482015258915,140400.13883469196,4480.524301942436,144880.6631366344,3918,153,1136.4666666666667,30,0,19,25.15800042274362,0.7378472222222222,35.047043010752695,1059.8118279569899,35.32706093189966,0
4742,4,0,0,30,0.0,0.0,1.0,30,950,900,50,0.9473684210526315,10,9,1,375.17368676082253,0.29815613026819926,0.02004056280897437,0.2848647945001085,140542.62279237478,4545.578788010163,145088.20158038495,3919,154,1137.4666666666667,30,0,20,24.967253982338264,0.7392361111111112,34.912634408602145,1060.3494623655909,35.34498207885303,0
4743,4,0,0,30,0.0,0.0,1.0,30,750,500,250,0.6666666666666666,10,5,5,375.17368676082253,0.29815613026819926,0.02004056280897437,0.2848647945001085,140542.62279237478,4545.578788010163,145088.20158038495,3920,155,1138.4666666666667,30,0,20,24.967253982338264,0.7392361111111112,34.912634408602145,1060.3494623655909,35.34498207885303,0
4744,4,0,0,30,0.0,0.0,1.0,30,550,300,250,0.5454545454545454,8,3,5,372.9305856300593,0.29820402298850573,0.023172431268212446,0.28440010747614075,140685.17901274704,4493.161239738689,145178.34025248574,3921,156,1139.4666666666667,30,0,20,24.887294649267293,0.7406250000000001,34.77822580645161,1060.8870967741927,35.36290322580643,0
4745,4,0,0,30,0.0,0.0,1.0,30,600,300,300,0.5,9,3,6,373.7533595829686,0.29844348659003833,0.018978256280345995,0.28565176901331407,140756.4842214417,4521.641772170176,145278.12599361187,3922,157,1140.4666666666667,30,0,20,24.795756808106404,0.7413194444444444,34.71102150537634,1061.1559139784938,35.371863799283126,0
4746,4,0,0,30,0.0,0.0,1.0,30,900,600,300,0.6666666666666666,12,6,6,374.14901829148744,0.29846743295019157,0.0217240797028031,0.2862675046927892,140792.14360041625,4535.448462249975,145327.59206266623,3923,158,1141.4666666666667,30,0,20,24.7504010469436,0.7416666666666667,34.67741935483871,1061.2903225806454,35.37634408602151,0
4747,4,0,0,30,0.0,0.0,1.0,30,900,600,300,0.6666666666666666,12,6,6,376.07518954186145,0.2978687739463602,0.019758558102232815,0.28805681588865967,140827.80749580884,4592.368879350222,145420.17637515906,3924,159,1142.4666666666667,30,0,20,24.664429530201346,0.742013888888889,34.64381720430108,1061.4247311827962,35.380824372759875,0
4748,4,0,0,30,0.0,0.0,1.0,30,1000,800,200,0.8,12,8,4,376.07518954186145,0.2978687739463602,0.019758558102232815,0.28805681588865967,140827.80749580884,4592.368879350222,145420.17637515906,3925,160,1143.4666666666667,30,0,20,24.664429530201346,0.742013888888889,34.64381720430108,1061.4247311827962,35.380824372759875,0
4749,4,0,0,30,0.0,0.0,1.0,30,750,600,150,0.8,9,6,3,375.0110559205254,0.29736590038314176,0.023282700421940472,0.28818943013347775,140934.82628049492,4570.423603884849,145505.24988437977,3926,161,1144.4666666666667,30,0,21,24.58808016877637,0.7430555555555556,34.543010752688176,1061.827956989248,35.39426523297493,0
4750,4,0,0,30,0.0,0.0,1.0,30,850,800,50,0.9411764705882353,9,8,1,377.2455062982513,0.2967432950191571,0.022225033738191735,0.29118637517396234,141077.58122326265,4644.176711180463,145721.7579344431,3927,162,1145.4666666666667,30,0,21,24.389286015519577,0.7444444444444445,34.408602150537625,1062.3655913978482,35.41218637992827,0
4751,4,0,0,30,0.0,0.0,1.0,30,1150,1000,150,0.8695652173913043,13,10,3,377.22329197056075,0.296551724137931,0.02091238721646005,0.2918128518903376,141148.98579315518,4648.937015839969,145797.92280899515,3928,163,1146.4666666666667,30,0,21,24.32013660511005,0.7451388888888889,34.34139784946236,1062.6344086021497,35.42114695340499,0
4752,4,0,0,30,0.0,0.0,1.0,30,550,300,250,0.5454545454545454,8,3,5,380.23352263728884,0.296455938697318,0.016987017366379753,0.2947928134329098,141220.40842872008,4739.3466730257815,145959.75510174586,3929,164,1147.4666666666667,30,0,21,24.170407604113976,0.7458333333333333,34.274193548387096,1062.9032258064515,35.43010752688171,0
4753,4,0,0,30,0.0,0.0,1.0,30,300,300,0,1.0,3,3,0,386.41996471558224,0.296455938697318,0.04785909245991138,0.2716059751993696,137953.66516360262,4661.610084980911,142615.27524858352,3930,165,1148.4666666666667,30,0,21,27.216873507335393,0.7138888888888889,37.36559139784946,1050.5376344086014,35.017921146953384,8
4754,4,0,0,30,0.0,0.0,1.0,30,850,500,350,0.5882352941176471,12,5,7,387.42568198317804,0.2958093869731801,0.05166006052081995,0.27371781922226157,138130.22323751298,4703.039188056418,142833.2624255694,3931,166,1149.4666666666667,30,0,20,27.01593999062353,0.715625,37.19758064516129,1051.2096774193546,35.04032258064515,0
4755,4,0,0,30,0.0,0.0,1.0,30,600,500,100,0.8333333333333334,7,5,2,384.73902222032535,0.29509099616858236,0.051911031573565136,0.27238130052756604,138200.87808200374,4634.254140652103,142835.13222265584,3932,167,1150.4666666666667,30,0,20,27.0167561464059,0.7163194444444445,37.130376344086024,1051.4784946236562,35.04928315412187,0
4756,4,0,0,30,0.0,0.0,1.0,30,900,600,300,0.6666666666666666,12,6,6,385.57884920186854,0.29477969348659006,0.05256475800954297,0.273258053999585,138236.2122788761,4660.19192970285,142896.40420857896,3933,168,1151.4666666666667,30,0,20,26.959781867757325,0.7166666666666666,37.096774193548384,1051.6129032258061,35.0537634408602,0
4757,4,0,0,30,0.0,0.0,1.0,30,1100,800,300,0.7272727272727273,14,8,6,384.0876790614992,0.29477969348659006,0.053343555669136844,0.27276498877815725,138306.89422187538,4624.394799976878,142931.28902185225,3934,169,1152.4666666666667,30,0,20,26.929199676292704,0.7173611111111111,37.02956989247312,1051.8817204301076,35.06272401433692,0
4758,4,0,0,30,0.0,0.0,1.0,30,500,300,200,0.6,7,3,4,384.0876790614992,0.29477969348659006,0.053343555669136844,0.27276498877815725,138306.89422187538,4624.394799976878,142931.28902185225,3935,170,1153.4666666666667,30,0,20,26.929199676292704,0.7173611111111111,37.02956989247312,1051.8817204301076,35.06272401433692,0
4759,4,0,0,30,0.0,0.0,1.0,30,850,600,250,0.7058823529411765,11,6,5,384.5975447765929,0.2942768199233717,0.05530293353770155,0.27397763221619176,138412.95100950988,4646.656224708076,143059.60723421795,3936,171,1154.4666666666667,30,0,21,26.811108272661475,0.7184027777777777,36.92876344086022,1052.28494623656,35.076164874552,0
4760,4,0,0,30,0.0,0.0,1.0,30,950,800,150,0.8421052631578947,11,8,3,381.879270607163,0.2936302681992337,0.052511065713312766,0.27289036928789256,138519.04844490706,4579.510637067886,143098.55908197496,3937,172,1155.4666666666667,30,0,22,26.777962206332994,0.7194444444444443,36.82795698924732,1052.6881720430117,35.089605734767055,0
4761,4,0,0,30,0.0,0.0,1.0,30,650,500,150,0.7692307692307693,8,5,3,382.41820037934195,0.2932471264367816,0.05223385243809053,0.2738449891930316,138589.8026505955,4599.85258411378,143189.65523470927,3938,173,1156.4666666666667,30,0,22,26.69400476555187,0.7201388888888889,36.76075268817205,1052.956989247312,35.09856630824374,0
4762,4,0,0,30,0.0,0.0,1.0,30,700,500,200,0.7142857142857143,9,5,4,381.66278020502494,0.29310344827586204,0.05222052067381311,0.2738745005207488,138660.57492195643,4584.316105908217,143244.89102786465,3939,174,1157.4666666666667,30,0,22,26.64412115024673,0.7208333333333332,36.69354838709678,1053.2258064516138,35.10752688172046,0
4763,4,0,0,30,0.0,0.0,1.0,30,600,500,100,0.8333333333333334,7,5,2,381.17926542727525,0.2928639846743295,0.05326188653568087,0.27409936535954,138731.36525898956,4576.303980228941,143307.6692392185,3940,175,1158.4666666666667,30,0,22,26.587086416602872,0.7215277777777778,36.62634408602151,1053.4946236559147,35.11648745519715,0
4764,4,0,0,30,0.0,0.0,1.0,30,700,500,200,0.7142857142857143,9,5,4,381.9053259058726,0.2929597701149425,0.054039115646258296,0.2751964848439376,138802.17366169504,4601.857873742636,143404.03153543768,3941,176,1159.4666666666667,30,0,22,26.49819302721089,0.7222222222222222,36.55913978494624,1053.7634408602155,35.12544802867385,0
4765,4,0,0,30,0.0,0.0,1.0,30,850,600,250,0.7058823529411765,11,6,5,379.79034198315856,0.29260057471264367,0.04677206851119875,0.27453416149068327,138908.42013888893,4551.215277777783,143459.63541666672,3942,177,1160.4666666666667,30,0,22,26.449275362318836,0.7232638888888889,36.458333333333336,1054.166666666667,35.1388888888889,0
4766,4,0,0,30,0.0,0.0,1.0,30,900,700,200,0.7777777777777778,11,7,4,380.394867318751,0.29238505747126436,0.044515251933044286,0.2758390137692164,139014.70726384557,4576.0962249971135,143590.80348884268,3943,178,1161.4666666666667,30,0,22,26.328702523578887,0.7243055555555555,36.35752688172043,1054.5698924731187,35.152329749103956,0
4767,4,0,0,30,0.0,0.0,1.0,30,350,100,250,0.2857142857142857,6,1,5,379.4308536383412,0.29212164750957853,0.043324412726732264,0.2754295937557876,139050.14533833385,4551.983068851883,143602.12840718572,3944,179,1162.4666666666667,30,0,22,26.319240898857302,0.7246527777777778,36.32392473118279,1054.7043010752684,35.15681003584228,0
4768,4,0,0,30,0.0,0.0,1.0,30,600,300,300,0.5,9,3,6,376.1373420466822,0.29212164750957853,0.03312733359083264,0.25163296603588114,136229.37126040578,4248.190722915938,140477.5619833217,3945,180,1163.4666666666667,30,0,19,29.195367151624385,0.6968749999999999,39.012096774193544,1043.9516129032254,34.79838709677418,4
4769,4,0,0,30,0.0,0.0,1.0,30,600,300,300,0.5,9,3,6,375.0380498938843,0.2920977011494253,0.02979745966357683,0.2511461699634221,136264.45253786576,4220.870909931796,140485.32344779756,3946,181,1164.4666666666667,30,0,19,29.189194987984887,0.6972222222222222,38.97849462365592,1044.0860215053772,34.80286738351257,0
4770,4,0,0,30,0.0,0.0,1.0,30,650,400,250,0.6153846153846154,9,4,5,374.0827424225109,0.2920977011494253,0.03191763191763175,0.2510037054078504,136334.6286420395,4200.086353913739,140534.71499595323,3947,182,1165.4666666666667,30,0,19,29.14441226941227,0.6979166666666666,38.91129032258064,1044.3548387096769,34.81182795698923,0
4771,4,0,0,30,0.0,0.0,1.0,30,750,600,150,0.8,9,6,3,372.98501303777743,0.29226532567049807,0.03670128648972093,0.2576536861542626,137354.2122824892,4246.212531795569,141600.42481428478,3948,183,1166.4666666666667,30,0,19,28.16226439287088,0.7079861111111112,37.93682795698924,1048.252688172042,34.941756272401406,1
4772,4,0,0,30,0.0,0.0,1.0,30,500,300,200,0.6,7,3,4,372.8221564760027,0.2925287356321839,0.03444444444444472,0.25780255501000177,137389.4380853277,4244.36531679962,141633.80340212732,3949,184,1167.4666666666667,30,0,19,28.13167735042734,0.7083333333333334,37.90322580645161,1048.387096774193,34.94623655913976,0
4773,4,0,0,30,0.0,0.0,1.0,30,600,400,200,0.6666666666666666,8,4,4,372.01719526194483,0.29279214559386973,0.037486647011067076,0.2575071996662317,137424.66840458428,4224.867939935248,141649.53634451953,3950,185,1168.4666666666667,30,0,19,28.1179229158655,0.7086805555555555,37.869623655913976,1048.5215053763436,34.95071684587812,0
4774,4,0,0,30,0.0,0.0,1.0,30,600,500,100,0.8333333333333334,7,5,2,370.69260765496847,0.2929837164750958,0.034563629373317806,0.2571123926694861,137495.14259235174,4193.6865894901175,141688.82918184187,3951,186,1169.4666666666667,30,0,20,28.082948865820835,0.7093750000000001,37.80241935483871,1048.7903225806454,34.95967741935485,0
4775,4,0,0,30,0.0,0.0,1.0,30,750,600,150,0.8,9,6,3,371.5358467383012,0.2933189655172414,0.03402519752295485,0.258222376116869,137565.63484579133,4222.112924904596,141787.74777069592,3952,187,1170.4666666666667,30,0,20,27.991138159299584,0.7100694444444444,37.73521505376343,1049.0591397849455,34.96863799283152,0
4776,4,0,0,30,0.0,0.0,1.0,30,850,600,250,0.7058823529411765,11,6,5,372.0208267045258,0.2934147509578544,0.03613423850390651,0.25908711811616714,137636.14516490352,4240.702501734312,141876.84766663783,3953,188,1171.4666666666667,30,0,21,27.90871440160539,0.710763888888889,37.668010752688176,1049.327956989248,34.97759856630827,0
4777,4,0,0,30,0.0,0.0,1.0,30,750,700,50,0.9333333333333333,8,7,1,370.6204167151669,0.29310344827586204,0.030431071276141308,0.25890388681086357,137741.9445167072,4209.995375187888,141951.9398918951,3954,189,1172.4666666666667,30,0,22,27.840909090909083,0.7118055555555556,37.56720430107527,1049.7311827956994,34.991039426523315,0
4778,4,0,0,30,0.0,0.0,1.0,30,500,300,200,0.6,7,3,4,370.0280803421363,0.2930795019157088,0.03294072461912667,0.2587546406045142,137777.2200001444,4196.288046305912,141973.50804645033,3955,190,1173.4666666666667,30,0,23,27.821608415482434,0.7121527777777779,37.533602150537625,1049.8655913978484,34.995519713261615,0
4779,4,0,0,30,0.0,0.0,1.0,30,550,300,250,0.5454545454545454,8,3,5,369.7404887881079,0.292816091954023,0.0354497354497354,0.2588183421516755,137812.5,4190.972222222223,142003.47222222222,3956,191,1174.4666666666667,30,0,23,27.79431216931216,0.7125,37.5,1050.0,35.0,0
4780,4,0,0,30,0.0,0.0,1.0,30,450,300,150,0.6666666666666666,6,3,3,370.7019886270605,0.29245689655172413,0.03504842356755833,0.2597573665599303,137847.78451627356,4220.089569603427,142067.87408587697,3957,192,1175.4666666666667,30,0,23,27.734225009599385,0.7128472222222222,37.46639784946237,1050.1344086021506,35.00448028673836,0
4781,4,0,0,30,0.0,0.0,1.0,30,600,400,200,0.6666666666666666,8,4,4,371.9672820514903,0.29305555555555557,0.034647214401501536,0.2609113412881819,137883.07354896524,4257.5984217828745,142140.6719707481,3958,193,1176.4666666666667,30,0,23,27.666154764951802,0.7131944444444445,37.432795698924735,1050.2688172043015,35.00896057347672,0
4782,4,0,0,30,0.0,0.0,1.0,30,400,300,100,0.75,5,3,2,372.26213137578844,0.29310344827586204,0.030143295803479964,0.26165474989506865,137953.66516360274,4270.9850849809245,142224.65024858367,3959,194,1177.4666666666667,30,0,23,27.588706925963837,0.7138888888888889,37.365591397849464,1050.5376344086023,35.01792114695341,0
4783,4,0,0,30,0.0,0.0,1.0,30,950,800,150,0.8421052631578947,11,8,3,373.09680177528577,0.29260057471264367,0.03475721533017895,0.2630517486998159,138059.5864586946,4301.918032431496,142361.5044911261,3960,195,1178.4666666666667,30,0,19,27.462218101206478,0.7149305555555555,37.26478494623656,1050.9408602150534,35.03136200716845,0
4784,4,0,0,30,0.0,0.0,1.0,30,600,400,200,0.6666666666666666,8,4,4,373.83663524581425,0.29260057471264367,0.026584787761258166,0.24238276392509428,135109.15505043944,4101.750382992265,139210.9054334317,3961,196,1179.4666666666667,30,0,19,30.370879120879124,0.6857638888888888,40.087365591397855,1039.6505376344094,34.65501792114698,6
4785,4,0,0,30,0.0,0.0,1.0,30,700,600,100,0.8571428571428571,8,6,2,375.5066995099948,0.2920258620689655,0.026310800913360133,0.24393747557588816,135179.03307101966,4152.126510290197,139331.15958130985,3962,197,1180.4666666666667,30,0,20,30.257744173021425,0.6864583333333333,40.02016129032258,1039.9193548387088,34.66397849462363,0
4786,4,0,0,30,0.0,0.0,1.0,30,1000,700,300,0.7,13,7,6,374.356961631845,0.2920258620689655,0.033394391382092437,0.22266227686787468,131914.29509553118,3876.6069415539255,135790.90203708512,3963,198,1181.4666666666667,30,0,19,33.56448166077893,0.6538194444444445,43.17876344086021,1027.2849462365584,34.242831541218614,4
4787,4,0,0,30,0.0,0.0,1.0,30,850,700,150,0.8235294117647058,10,7,3,376.3138003940933,0.2929597701149425,0.027029383555671638,0.22443801230992477,132017.872369638,3936.029454272158,135953.90182391016,3964,199,1182.4666666666667,30,0,19,33.40962594820821,0.6548611111111111,43.077956989247305,1027.68817204301,34.25627240143366,0
4788,4,0,0,30,0.0,0.0,1.0,30,450,200,250,0.4444444444444444,7,2,5,376.3138003940933,0.2929597701149425,0.027029383555671638,0.22443801230992477,132017.872369638,3936.029454272158,135953.90182391016,3965,200,1183.4666666666667,30,0,19,33.40962594820821,0.6548611111111111,43.077956989247305,1027.68817204301,34.25627240143366,0
4789,4,0,0,30,0.0,0.0,1.0,30,750,500,250,0.6666666666666666,10,5,5,376.3138003940933,0.2929597701149425,0.027029383555671638,0.22443801230992477,132017.872369638,3936.029454272158,135953.90182391016,3966,201,1184.4666666666667,30,0,19,33.40962594820821,0.6548611111111111,43.077956989247305,1027.68817204301,34.25627240143366,0
4790,4,0,0,30,0.0,0.0,1.0,30,750,600,150,0.8,9,6,3,387.5291869452567,0.2943965517241379,0.020807182705718574,0.23154868919979082,132086.9464677997,4237.509394149608,136324.4558619493,3967,202,1185.4666666666667,30,0,21,33.05166928172944,0.6555555555555556,43.01075268817204,1027.9569892473114,34.26523297491038,6
4791,4,0,0,30,0.0,0.0,1.0,30,650,400,250,0.6153846153846154,9,4,5,394.3535288785615,0.29509099616858236,0.031025741881911095,0.2311863462534039,131362.5694625099,4360.65856601917,135723.2280285291,3968,203,1186.4666666666667,30,0,21,33.609763559285,0.648263888888889,43.71639784946235,1025.1344086021488,34.171146953404964,1
4792,4,0,0,30,0.0,0.0,1.0,30,950,700,250,0.7368421052631579,12,7,5,393.26797978720145,0.2965277777777778,0.032084370496528125,0.2318003466961934,131569.3310823504,4348.401007341863,135917.73208969226,3969,204,1187.4666666666667,30,0,18,33.428042709288604,0.6503472222222224,43.514784946236546,1025.9408602150525,34.19802867383508,0
4793,4,0,0,30,0.0,0.0,1.0,30,550,300,250,0.5454545454545454,8,3,5,392.5991399515123,0.2967672413793104,0.03424143200174612,0.23182478217554486,131638.28775364193,4336.215711353896,135974.50346499583,3970,205,1188.4666666666667,30,0,18,33.37535472604234,0.6510416666666667,43.44758064516128,1026.209677419354,34.206989247311796,0
4794,4,0,0,30,0.0,0.0,1.0,30,500,400,100,0.8,6,4,2,392.5991399515123,0.2967672413793104,0.03424143200174612,0.23182478217554486,131638.28775364193,4336.215711353896,135974.50346499583,3971,206,1189.4666666666667,30,0,18,33.37535472604234,0.6510416666666667,43.44758064516128,1026.209677419354,34.206989247311796,0
4795,4,1,0,31,0.03225806451612903,0.0,1.0,31,500,200,300,0.4,8,2,6,382.1125330746539,0.3050179211469534,0.012441599560682803,0.203910868430683,127668.66337510114,3569.4458896982283,131238.10926479936,3972,0,1152.0645161290322,30,1,20,37.69118233807687,0.6107638888888889,47.34543010752688,1010.6182795698923,33.68727598566308,6
4796,4,2,0,33,0.06060606060606061,0.0,1.0,33,700,400,300,0.5714285714285714,10,4,6,361.8534710605033,0.32563920454545453,0.004118491649663492,0.1955569297779808,128176.493470054,2676.2218141005924,130852.71528415459,3973,0,1083.1818181818182,32,1,22,37.682876142975886,0.6106770833333334,46.84343434343434,1012.6262626262621,31.64457070707069,0
4797,4,3,3,33,0.08333333333333333,0.08333333333333333,0.9166666666666666,36,800,500,300,0.625,11,5,6,336.0631163708088,0.35380291005291004,0.0045299145299146915,0.18511951325510637,128936.76757812485,1466.178385416652,130402.94596354151,3974,0,993.8333333333334,35,1,18,37.56089743589744,0.6116071428571429,46.09374999999999,1015.6249999999989,29.01785714285711,0
4798,4,2,2,33,0.05714285714285714,0.05714285714285714,0.9428571428571428,35,550,300,250,0.5454545454545454,8,3,5,344.8751872043297,0.34607843137254907,0.0027619494536437195,0.1889277696484385,128717.71541950104,1878.3092403628,130596.02465986383,3975,0,1023.1142857142858,34,1,18,37.560368762709196,0.6115196078431373,46.3095238095238,1014.7619047619039,29.845938375350116,0
4799,4,1,0,34,0.029411764705882353,0.0,1.0,34,1100,900,200,0.8181818181818182,13,9,4,354.4120049476067,0.33895944741532974,0.011778914464336543,0.19408276461416543,128703.50346020747,2322.8133410226646,131026.31680123013,3976,0,1054.1764705882354,33,1,19,37.33293075684379,0.6136363636363638,46.323529411764696,1014.7058823529401,30.748663101604244,0
4800,4,1,0,35,0.02857142857142857,0.0,1.0,35,950,600,350,0.631578947368421,13,6,7,346.7504655878872,0.34880952380952385,0.007732738841065734,0.1915747223030872,129054.34355977771,1949.930743098396,131004.2743028761,3977,0,1025.0285714285715,35,0,22,37.16978490336788,0.6127976190476192,45.978009259259245,1016.087962962961,29.0310846560846,0
4801,4,1,0,36,0.027777777777777776,0.0,1.0,36,1000,700,300,0.7,13,7,6,342.1188042739208,0.3559358465608466,0.015508636487698624,0.19103681631206704,129473.85381235815,1659.2554591924077,131133.10927155055,3978,0,997.5277777777778,34,2,14,36.86079268530433,0.6191789215686274,45.56547619047618,1017.7380952380942,29.93347338935571,0
4802,4,2,3,35,0.05263157894736842,0.07894736842105263,0.9210526315789473,38,400,200,200,0.5,6,2,4,326.0316657100697,0.36855440967283076,0.01262146084468685,0.1838574832611737,129860.54202428764,867.7297652381903,130728.27178952584,3979,0,945.9736842105264,36,2,15,36.87806135601958,0.6189236111111112,45.1858108108108,1019.2567567567555,28.312687687687653,0
4803,4,1,1,35,0.027777777777777776,0.027777777777777776,0.9722222222222222,36,1050,800,250,0.7619047619047619,13,8,5,342.32717715773856,0.3530588624338624,0.0171926748490161,0.1920399344645543,129655.65653344667,1676.9309807256188,131332.58751417228,3980,0,999.4444444444445,34,2,17,36.67080654587959,0.6210171568627452,45.38690476190476,1018.4523809523806,29.954481792717075,0
4804,4,1,1,35,0.027777777777777776,0.027777777777777776,0.9722222222222222,36,950,600,350,0.631578947368421,13,6,7,340.98816028988347,0.3541501322751323,0.015601662445613229,0.19128876795278377,129655.65653344667,1642.2087585033962,131297.86529195006,3981,0,1000.4166666666666,34,2,17,36.70489966880965,0.6210171568627452,45.38690476190476,1018.4523809523806,29.954481792717075,0
4805,4,1,0,36,0.027777777777777776,0.0,1.0,36,1000,600,400,0.6,14,6,8,350.435404736055,0.3527777777777778,0.08019346282861384,0.19522952860979978,129383.00028344683,1868.0768140589714,131251.0770975058,3982,0,1001.3888888888889,34,2,20,36.74160425930261,0.6182598039215685,45.65476190476191,1017.3809523809534,29.9229691876751,2
4806,4,0,0,36,0.0,0.0,1.0,36,1000,800,200,0.8,12,8,4,348.81741217378925,0.35352182539682536,0.07382827219688459,0.19507767766501458,129534.44054705222,1836.773667800465,131371.2142148527,3983,1,1002.3888888888889,34,2,17,36.628756870541466,0.6197916666666666,45.50595238095239,1017.9761904761909,29.940476190476204,0
4807,4,3,0,39,0.07692307692307693,0.0,1.0,39,800,600,200,0.75,10,6,4,327.16483122849445,0.36864597390913184,0.09166122899613782,0.1868109180399122,130346.55044100106,728.9614352493089,131075.51187625038,3984,0,926.2051282051282,37,2,20,36.35722019399407,0.6219031531531531,44.709429824561404,1021.1622807017542,27.59898055950687,0
4808,4,0,0,39,0.0,0.0,1.0,39,450,200,250,0.4444444444444444,7,2,5,326.98747741494765,0.3676900584795322,0.09276463382743594,0.18697902714059145,130402.54122662732,727.9996008387102,131130.54082746603,3985,1,927.2051282051282,37,2,20,36.305130613705494,0.6224662162162162,44.65460526315789,1021.3815789473676,27.604907539118045,0
4809,4,0,1,38,0.0,0.02564102564102564,0.9743589743589743,39,750,500,250,0.6666666666666666,10,5,5,329.8508686191054,0.3685897435897436,0.09120600042372762,0.18916186120993478,130514.55886667044,810.0681219221152,131324.62698859256,3986,2,928.2051282051282,37,2,14,36.11874932932716,0.6235923423423424,44.54495614035087,1021.8201754385959,27.61676149834043,0
4810,4,0,0,38,0.0,0.0,1.0,38,500,400,100,0.8,6,4,2,337.66819141578014,0.36502785680417255,0.0971566181164043,0.19310532762554372,130406.32482144295,1206.8135703270693,131613.13839177002,3987,3,953.2631578947369,36,2,20,36.028574053656726,0.6244212962962964,44.65090090090089,1021.3963963963954,28.372122122122093,0
4811,4,0,0,38,0.0,0.0,1.0,38,600,300,300,0.5,9,3,6,339.3236724273615,0.36455369843527735,0.10301796157059329,0.19433992148112528,130463.842220599,1253.8940122555036,131717.7362328545,3988,4,954.2631578947369,36,2,20,35.92808458259847,0.625,44.5945945945946,1021.6216216216218,28.378378378378383,0
4812,4,0,0,38,0.0,0.0,1.0,38,950,800,150,0.8421052631578947,11,8,3,339.86034584598843,0.3647315078236131,0.10100090464150657,0.19522610752520203,130578.9150637124,1275.7190467494515,131854.63411046186,3989,5,955.2631578947369,36,2,15,35.797937784633454,0.6261574074074074,44.48198198198198,1022.0720720720724,28.3908908908909,0
4813,4,1,3,36,0.02564102564102564,0.07692307692307693,0.9230769230769231,39,1150,700,450,0.6086956521739131,16,7,9,334.47177391098586,0.3694331983805668,0.10332261521972153,0.19334706633144333,130822.85534972293,951.3104993844191,131774.16584910735,3990,0,931.7435897435897,37,2,15,35.68908538763845,0.6266891891891893,44.243421052631575,1023.0263157894731,27.649359886201974,0
4814,4,0,0,36,0.0,0.0,1.0,36,800,600,200,0.75,10,6,4,355.8327365476012,0.35224867724867726,0.10246719262109294,0.20305904067656536,130323.3577806123,2074.6634070294876,132398.0211876418,3991,7,1010.0555555555555,34,2,20,35.648876841164366,0.6277573529411764,44.73214285714286,1021.0714285714291,30.031512605042032,0
4815,4,0,0,36,0.0,0.0,1.0,36,850,500,350,0.5882352941176471,12,5,7,355.3645989956597,0.35206679894179893,0.09565887257567574,0.20358738241527038,130475.34722222213,2073.26388888888,132548.611111111,3992,8,1011.0555555555555,34,2,20,35.506729200652536,0.6292892156862746,44.58333333333333,1021.6666666666658,30.049019607843114,0
4816,4,0,0,36,0.0,0.0,1.0,36,1400,1100,300,0.7857142857142857,17,11,6,357.52279267196235,0.35175264550264546,0.09637637411012978,0.20589024448918605,130676.44702717756,2143.961655521252,132820.40868269882,3993,9,1012.0555555555555,35,1,15,35.24781148592559,0.6291666666666667,44.38657407407407,1022.4537037037031,29.212962962962948,0
4817,4,0,0,36,0.0,0.0,1.0,36,1000,700,300,0.7,13,7,6,359.85434158274387,0.35057870370370375,0.10110583028428444,0.20770952426954326,130765.21675936643,2211.2861957733217,132976.50295513976,3994,10,1013.0555555555555,35,1,16,35.09828467428615,0.6300595238095238,44.29976851851852,1022.8009259259261,29.2228835978836,0
4818,4,0,0,36,0.0,0.0,1.0,36,1100,700,400,0.6363636363636364,15,7,8,359.11222128949044,0.3502314814814815,0.10492709904474617,0.20775864111250625,130854.01663237308,2198.2553155006835,133052.27194787376,3995,11,1014.0555555555555,35,1,16,35.02733785822021,0.6309523809523809,44.21296296296296,1023.1481481481479,29.232804232804227,0
4819,4,1,0,37,0.02702702702702703,0.0,1.0,37,600,400,200,0.6666666666666666,8,4,4,350.3746927056455,0.355762012012012,0.10202152889639127,0.20398895361492592,131097.3705969484,1786.6401874847927,132884.0107844332,3996,0,987.6216216216217,36,1,17,35.00476504655082,0.6313657407407407,43.97522522522523,1024.0990990991,28.44719719719722,0
4820,4,1,2,36,0.02631578947368421,0.05263157894736842,0.9473684210526316,38,500,300,200,0.6,7,3,4,344.1017016047896,0.3618569227121859,0.09585681868091656,0.20139753318096243,131300.02891514706,1436.1126740920413,132736.1415892391,3997,0,962.6052631578947,37,1,17,34.960749438322466,0.6314752252252251,43.77741228070176,1024.8903508771937,27.699739212897125,0
4821,4,1,0,37,0.02702702702702703,0.0,1.0,37,1050,700,350,0.6666666666666666,14,7,7,350.1266194980984,0.3524461961961962,0.10144365885587514,0.20523305551917018,131357.78523930485,1798.3744638515516,133156.15970315642,3998,0,988.972972972973,35,2,18,34.74805709231869,0.6360119047619046,43.721064814814824,1025.115740740742,29.2890211640212,0
4822,4,0,0,37,0.0,0.0,1.0,37,1100,1000,100,0.9090909090909091,12,10,2,349.5929683262796,0.35254004004004,0.09983340757781978,0.20507910684994604,131387.44882758922,1786.4256472908185,133173.87447488005,3999,1,989.972972972973,35,2,18,34.73178670881313,0.6363095238095238,43.69212962962963,1025.231481481482,29.292328042328055,0
4823,4,0,0,37,0.0,0.0,1.0,37,1150,1000,150,0.8695652173913043,13,10,3,347.3664571958471,0.3535097597597598,0.09822686599937747,0.20440647700329367,131506.1366705249,1736.1641589506407,133242.30082947554,4000,2,990.972972972973,35,2,19,34.669092755585645,0.6374999999999998,43.5763888888889,1025.6944444444462,29.305555555555603,0
4824,4,0,0,37,0.0,0.0,1.0,37,1200,1000,200,0.8333333333333334,14,10,4,358.8291387740051,0.3539164164164164,0.118182347408059,0.2046045140999026,130292.12648158839,1950.5223068844007,132242.64878847278,4001,3,991.972972972973,35,2,17,35.60407455692854,0.6252976190476192,44.76273148148147,1020.949074074072,29.169973544973484,3
4825,4,2,2,37,0.05128205128205128,0.05128205128205128,0.9487179487179487,39,1000,900,100,0.9,11,9,2,354.01710383951377,0.36378205128205127,0.09703937817816866,0.19645724739101164,129229.2595438016,1457.1782997124326,130686.43784351404,4002,0,942.0512820512821,37,2,19,36.80701588842159,0.6106418918918921,45.80592105263156,1016.7763157894709,27.480440967283,6
4826,4,1,1,37,0.02631578947368421,0.02631578947368421,0.9736842105263158,38,450,400,50,0.8888888888888888,5,4,1,359.1568639320434,0.3604344476055002,0.10462449403629881,0.199028289630243,129173.52123970799,1678.7113583025132,130852.23259801051,4003,0,966.921052631579,37,1,19,36.733159853306006,0.610078828828829,45.86074561403507,1016.5570175438565,27.4745139876718,0
4827,4,1,0,38,0.02631578947368421,0.0,1.0,38,650,400,250,0.6153846153846154,9,4,5,360.21235968697914,0.3592638691322902,0.10751879699248112,0.2000441333316987,129258.63997443386,1712.1149487566327,130970.75492319048,4004,0,967.8947368421053,36,2,20,36.61960132890364,0.6128472222222223,45.777027027027025,1016.8918918918916,28.24699699699699,0
4828,4,1,1,38,0.02564102564102564,0.02564102564102564,0.9743589743589743,39,350,100,250,0.2857142857142857,6,1,5,357.8093597473446,0.3626855600539811,0.12488129154795868,0.20068438003220604,129647.68005540146,1477.8306786703388,131125.5107340718,4005,0,944.0512820512821,37,2,17,36.284722222222214,0.6148648648648649,45.39473684210525,1018.4210526315774,27.524893314366956,0
4829,4,1,1,38,0.02564102564102564,0.02564102564102564,0.9743589743589743,39,600,400,200,0.6666666666666666,8,4,4,355.7277116614392,0.36161718398560505,0.11678396952885661,0.19980111495373426,129703.5205544011,1427.8273122498917,131131.347866651,4006,0,945.0,37,2,17,36.280947255113006,0.615427927927928,45.33991228070174,1018.6403508771909,27.530820293978135,0
4830,4,0,0,38,0.0,0.0,1.0,38,850,600,250,0.7058823529411765,11,6,5,361.7983495183647,0.3555891417733523,0.12072077317186758,0.20239214601769911,129545.08562616672,1773.8396335524737,131318.9252597192,4007,2,970.8684210526316,36,2,17,36.2875645280236,0.6157407407407407,45.4954954954955,1018.0180180180182,28.278278278278282,0
4831,4,0,1,37,0.0,0.02631578947368421,0.9736842105263158,38,550,400,150,0.7272727272727273,7,4,3,363.00772609192177,0.35536688003793265,0.12189315358735264,0.20336529487751925,129602.412801315,1809.3354334064006,131411.7482347214,4008,3,971.8684210526316,36,2,17,36.19843508073435,0.6163194444444444,45.4391891891892,1018.2432432432446,28.284534534534572,0
4832,4,0,0,37,0.0,0.0,1.0,37,1250,900,350,0.72,16,9,7,370.348804701622,0.3489426926926927,0.12210254597974912,0.2070704219549122,129525.18332315257,2193.8993644976163,131719.0826876502,4009,4,998.972972972973,35,2,17,36.09022645442486,0.6175595238095237,45.515046296296305,1017.9398148148159,29.08399470899474,0
4833,4,0,0,37,0.0,0.0,1.0,37,650,400,250,0.6153846153846154,9,4,5,371.4866708925751,0.3489114114114114,0.12010578597690769,0.2083308615158555,129643.027223187,2232.1313175154637,131875.15854070245,4010,5,999.972972972973,35,2,19,35.94122911694511,0.6187499999999998,45.39930555555557,1018.40277777778,29.097222222222285,0
4834,4,0,0,37,0.0,0.0,1.0,37,750,600,150,0.8,9,6,3,371.8305785123963,0.34881756756756754,0.12027027027027004,0.2086804267161412,129672.49657064503,2243.2398834019555,131915.736454047,4011,6,1000.972972972973,35,2,19,35.902462121212125,0.6190476190476188,45.37037037037039,1018.518518518521,29.100529100529172,0
4835,4,0,0,37,0.0,0.0,1.0,37,800,400,400,0.5,12,4,8,372.76093470642036,0.3490365365365365,0.11876000669104125,0.20974757072286687,129774.47041636262,2274.9705786868303,132049.44099504946,4012,7,1001.972972972973,36,1,19,35.77494105511348,0.6180555555555554,45.27027027027029,1018.9189189189213,28.30330330330337,0
4836,4,0,0,37,0.0,0.0,1.0,37,800,600,200,0.75,10,6,4,373.1575406777101,0.34934934934934936,0.11861911629893074,0.21043295331301934,129860.5420242881,2291.6880985715793,132152.23012285968,4013,8,1002.972972972973,36,1,19,35.677227194048555,0.6189236111111109,45.18581081081083,1019.2567567567592,28.312687687687756,0
4837,4,0,0,37,0.0,0.0,1.0,37,950,600,350,0.631578947368421,13,6,7,373.4700990727452,0.3492242242242242,0.11428127929121934,0.21107355037482148,129946.64216581477,2306.2370647675043,132252.87923058227,4014,9,1003.972972972973,36,1,19,35.58164899491938,0.6197916666666665,45.10135135135137,1019.5945945945971,28.322072072072142,0
4838,4,0,0,37,0.0,0.0,1.0,37,900,400,500,0.4444444444444444,14,4,10,374.5831941203144,0.3483483483483483,0.11500583263471031,0.21248272733474857,130090.20580969517,2345.9209631929634,132436.12677288812,4015,10,1004.972972972973,36,1,19,35.40723773779301,0.6212384259259258,44.960585585585605,1020.1576576576604,28.337712712712786,0
4839,4,2,1,38,0.05128205128205128,0.02564102564102564,0.9743589743589743,39,1200,700,500,0.5833333333333334,17,7,10,355.3657688834246,0.36324786324786323,0.1103962703962702,0.20398129997578007,130550.14209733409,1478.8385936612626,132028.98069099535,4016,0,954.3846153846154,36,3,18,35.43089990817265,0.6258680555555554,44.51013513513515,1021.9594594594616,28.387762762762822,0
4840,4,0,0,38,0.0,0.0,1.0,38,650,400,250,0.6153846153846154,9,4,5,362.42168592020454,0.35717460881934565,0.11215752928004985,0.20772280204384216,130492.60567577736,1858.6700298271528,132351.27570560452,4017,1,980.5,36,2,19,35.308975348102436,0.6252893518518517,44.566441441441455,1021.734234234236,28.381506506506557,0
4841,4,0,0,38,0.0,0.0,1.0,38,900,600,300,0.6666666666666666,12,6,6,364.5506452007344,0.35733760075865334,0.10919573564725127,0.2090981387200675,130521.37230135562,1916.3300969889046,132437.70239834453,4018,2,981.5,36,2,19,35.22541510542943,0.6255787037037036,44.5382882882883,1021.8468468468485,28.38463463463468,0
4842,4,0,0,38,0.0,0.0,1.0,38,1250,1000,250,0.8,15,10,5,365.1217834180625,0.3561966571834993,0.10928185381921085,0.20973704470267956,130578.91506371247,1935.4412689716878,132514.35633268417,4019,3,982.5,36,2,19,35.152462538563235,0.6261574074074073,44.48198198198199,1022.072072072073,28.390890890890915,0
4843,4,0,0,38,0.0,0.0,1.0,38,850,400,450,0.47058823529411764,13,4,9,364.991012507644,0.35670045045045046,0.10314699504875868,0.20997391708139385,130636.47050766999,1936.227528203897,132572.69803587388,4020,4,983.5,36,2,20,35.097442535066456,0.626736111111111,44.425675675675684,1022.2972972972985,28.39714714714718,0
4844,4,2,1,39,0.05,0.025,0.975,40,700,400,300,0.5714285714285714,10,4,6,347.794500403088,0.36762820512820515,0.09905900305188209,0.20229703780842387,131061.33355034758,1116.4822048611502,132177.81575520872,4021,0,935.275,39,1,21,35.107239742285536,0.6255341880341878,44.010416666666686,1023.9583333333362,26.255341880341955,0
4845,4,0,0,39,0.0,0.0,1.0,39,1050,700,350,0.6666666666666666,14,7,7,353.45115234458433,0.3615890688259109,0.10224298765313145,0.20525872374338258,130999.80481591081,1460.4063938198785,132460.21120973068,4022,1,960.2564102564103,38,1,21,35.02465560425799,0.6266447368421051,44.07051282051283,1023.7179487179505,26.939946018893437,0
4846,4,0,0,39,0.0,0.0,1.0,39,900,600,300,0.6666666666666666,12,6,6,352.76599780897845,0.3618139901034638,0.10638377548454758,0.20544440188316354,131109.19922017696,1450.173496968389,132559.37271714534,4023,2,961.2564102564103,38,1,21,34.931584254816045,0.6277412280701753,43.963675213675224,1024.1452991453007,26.95119208277107,0
4847,4,1,1,39,0.025,0.025,0.975,40,700,500,200,0.7142857142857143,9,5,4,359.1464992910553,0.36817574786324786,0.1378857606930155,0.1940736056730776,128172.28768707684,1219.13275168026,129391.4204387571,4024,0,938.2,37,3,19,37.75570745352823,0.5999436936936937,46.84758771929825,1012.6096491228074,27.36782835467047,8
4848,4,1,1,39,0.025,0.025,0.975,40,800,600,200,0.75,10,6,4,355.2927680603987,0.36825587606837606,0.1419462179417812,0.19279274630922733,128338.8894299206,1119.5758550707767,129458.46528499138,4025,0,938.975,37,3,20,37.68294827399632,0.601632882882883,46.68311403508771,1013.267543859648,27.385609293504,0
4849,4,2,2,39,0.04878048780487805,0.04878048780487805,0.9512195121951219,41,1050,700,350,0.6666666666666666,14,7,7,346.14904001128593,0.3717225609756098,0.1348464722401359,0.1889587600245621,128577.58881446773,701.4017870187631,129278.9906014865,4026,0,917.0243902439024,38,3,17,37.67095930334633,0.6022478070175439,46.44764957264957,1014.2094017094009,26.689721097615813,0
4850,4,2,1,40,0.04878048780487805,0.024390243902439025,0.975609756097561,41,1200,900,300,0.75,15,9,6,351.7096689296828,0.37433943089430893,0.16838708353427645,0.19397073852572055,128984.24373584629,873.0011322960004,129857.2448681423,4027,0,917.9756097560976,38,3,20,37.11523629224513,0.606359649122807,46.047008547008545,1015.8119658119657,26.731893837156992,0
4851,4,0,0,40,0.0,0.0,1.0,40,650,400,250,0.6153846153846154,9,4,5,356.7642985742587,0.36904380341880344,0.17035147392290262,0.1963157557395251,128895.0100631924,1197.027570983362,130092.03763417577,4028,1,941.925,37,3,20,37.077866861030124,0.6072635135135136,46.13486842105262,1015.4605263157886,27.444879089615906,0
4852,4,0,0,40,0.0,0.0,1.0,40,1100,700,400,0.6363636363636364,15,7,8,353.53479777406613,0.370178952991453,0.16453814610985296,0.19536117894885308,129062.08070031143,1125.5873201369454,130187.66802044837,4029,2,942.925,37,3,20,36.989564224308474,0.6089527027027027,45.970394736842096,1016.1184210526299,27.462660028449456,0
4853,4,2,1,41,0.047619047619047616,0.023809523809523808,0.9761904761904762,42,950,700,250,0.7368421052631579,12,7,5,341.9402751787833,0.3798030391018196,0.16043541810908546,0.19137525346805317,129563.94184989603,460.7762725069142,130024.71812240295,4030,0,898.9761904761905,37,5,15,36.773806318434744,0.6140202702702702,45.47697368421052,1018.0921052631571,27.516002844950194,0
4854,4,1,1,41,0.023809523809523808,0.023809523809523808,0.9761904761904762,42,1300,900,400,0.6923076923076923,17,9,8,341.6732229407412,0.3794037940379404,0.16110000512583955,0.19190714879803392,129703.52055440107,463.2439789165593,130166.76453331763,4031,0,899.952380952381,37,5,15,36.63885898815931,0.615427927927928,45.33991228070174,1018.6403508771907,27.530820293978127,0
4855,4,3,2,42,0.06818181818181818,0.045454545454545456,0.9545454545454546,44,1250,1000,250,0.8,15,10,5,315.0354019158685,0.3872775722339676,0.13348794063079739,0.17949691504508747,130262.58680555529,-582.4234379809507,129680.16336757434,4032,0,859.9772727272727,38,6,19,36.75170068027208,0.6192434210526316,44.79166666666665,1020.8333333333312,26.86403508771924,1
4856,4,1,1,42,0.023255813953488372,0.023255813953488372,0.9767441860465116,43,800,600,200,0.75,10,6,4,321.12786272637135,0.38238279808047254,0.13476006659735207,0.18272448302328306,130210.72035701295,-237.14193353824945,129973.5784234747,4033,0,880.953488372093,40,3,19,36.64866075873742,0.6153645833333334,44.84247967479674,1020.6300813008124,25.51575203252031,0
4857,4,1,1,42,0.023255813953488372,0.023255813953488372,0.9767441860465116,43,950,500,450,0.5263157894736842,14,5,9,321.50417339193586,0.38325950535252856,0.13145915062465807,0.18357868588590415,130346.55044100097,-218.57702565360717,130127.97341534737,4034,0,881.9302325581396,37,6,19,36.50173145066036,0.6219031531531531,44.7094298245614,1021.1622807017535,27.598980559506852,0
4858,4,1,1,42,0.023255813953488372,0.023255813953488372,0.9767441860465116,43,1000,700,300,0.7,13,7,6,319.79814232476855,0.3849437061646364,0.12899036742872827,0.18323724595876353,130480.80490037626,-254.49619676382102,130226.30870361243,4035,0,882.9069767441861,38,5,20,36.409643068772,0.6214364035087719,44.577991452991455,1021.6880341880345,26.886527215474594,0
4859,4,1,0,43,0.023255813953488372,0.0,1.0,43,1350,1000,350,0.7407407407407407,17,10,7,320.79480351018583,0.38379014396456257,0.13039294306335236,0.18471758541470978,130671.89554569362,-216.22698882313966,130455.66855687049,4036,0,883.8837209302326,38,5,16,36.191222570532936,0.6233552631578947,44.39102564102564,1022.4358974358975,26.90620782726046,0
4860,4,0,1,42,0.0,0.023255813953488372,0.9767441860465116,43,850,500,350,0.5882352941176471,12,5,7,322.98935371202685,0.38353636028054633,0.12718167526418211,0.18611264927018714,130699.20562358461,-157.109608992623,130542.09601459198,4037,1,884.8837209302326,38,5,16,36.107555810956704,0.6236293859649122,44.36431623931624,1022.5427350427349,26.909019343229865,0
4861,4,0,0,42,0.0,0.0,1.0,42,900,500,400,0.5555555555555556,13,5,8,329.4009214215136,0.3790287456445993,0.1309779166922027,0.18958853032927095,130654.6485457062,207.55232379191597,130862.2008694981,4038,2,906.5714285714286,37,5,16,35.98866723866723,0.625,44.407894736842096,1022.3684210526301,27.631578947368382,0
4862,4,1,0,43,0.023255813953488372,0.0,1.0,43,1200,700,500,0.5833333333333334,17,7,10,329.71611856264906,0.3816675895164267,0.15849142273365824,0.1923148463787123,131168.01757812497,49.64192708333292,131217.6595052083,4039,0,886.4651162790698,39,4,17,35.46242627618466,0.6266025641025641,43.90625,1024.3749999999998,26.266025641025635,0
4863,4,0,1,42,0.0,0.023255813953488372,0.9767441860465116,43,1350,1000,350,0.7407407407407407,17,10,7,329.70961771580033,0.38205980066445183,0.14054983454911119,0.18673621463858778,130029.26911891079,-25.619877387792826,130003.64924152299,4040,1,887.4651162790698,40,3,16,36.61340009299853,0.6135416666666667,45.020325203252035,1019.9186991869926,25.497967479674816,4
4864,4,1,1,42,0.023255813953488372,0.023255813953488372,0.9767441860465116,43,700,500,200,0.7142857142857143,9,5,4,330.99797817896166,0.3843669250645995,0.14101239908662677,0.1882152716236203,130184.79100568443,18.180522506443452,130202.97152819087,4041,0,888.2093023255813,40,3,16,36.42306479452964,0.6151041666666668,44.86788617886179,1020.5284552845527,25.513211382113816,0
4865,4,0,0,42,0.0,0.0,1.0,42,800,600,200,0.75,10,6,4,335.7337753119139,0.3790892373209446,0.14047097221036253,0.19040088342265493,130081.0994199881,334.5237209994042,130415.6231409875,4042,3,910.3571428571429,40,2,17,36.40727734608487,0.6140625000000001,44.96951219512195,1020.1219512195121,25.503048780487802,0
4866,4,1,0,43,0.023255813953488372,0.0,1.0,43,1050,900,150,0.8571428571428571,12,9,3,327.2600464057257,0.38607419712070873,0.13394071757095682,0.18733587622268538,130444.200707251,-62.038448509479366,130382.16225874152,4043,0,890.1627906976744,40,3,19,36.25605186364239,0.6177083333333333,44.613821138211385,1021.5447154471548,25.53861788617887,0
4867,4,0,0,43,0.0,0.0,1.0,43,650,400,250,0.6153846153846154,9,4,5,327.34572081399,0.38595884090070137,0.1379527296783416,0.18763591089303622,130496.11363110579,-56.53112400026524,130439.58250710553,4044,1,891.1627906976744,40,3,15,36.20138750745972,0.6182291666666667,44.5630081300813,1021.7479674796746,25.543699186991866,0
4868,4,0,1,42,0.0,0.023255813953488372,0.9767441860465116,43,1150,800,350,0.6956521739130435,15,8,7,325.75287659850335,0.38561277224067925,0.1393499284454276,0.1873498105033931,130625.94112507436,-89.6447840240576,130536.2963410503,4045,2,892.1627906976744,40,3,15,36.110903999734916,0.61953125,44.4359756097561,1022.2560975609756,25.55640243902439,0
4869,4,0,1,41,0.0,0.023809523809523808,0.9761904761904762,42,1200,800,400,0.6666666666666666,16,8,8,333.42867100012626,0.3783391405342625,0.14548754683283827,0.19154579156049437,130581.79253472245,307.9427083333577,130889.73524305581,4046,7,914.3571428571429,39,3,15,35.95936947954886,0.6207264957264957,44.47916666666668,1022.0833333333352,26.207264957265004,0
4870,4,0,0,41,0.0,0.0,1.0,41,850,600,250,0.7058823529411765,11,6,5,338.0830211566275,0.37446646341463413,0.15135871020046032,0.19426067648080833,130589.98243343207,630.0511587771365,131220.03359220922,4047,8,936.0975609756098,38,3,15,35.8321574161179,0.622532894736842,44.471153846153854,1022.1153846153857,26.897773279352254,0
4871,4,0,0,41,0.0,0.0,1.0,41,900,700,200,0.7777777777777778,11,7,4,336.73804306168375,0.37405995934959346,0.15141830415169366,0.19389789844165548,130671.89554569364,600.4396778435273,131272.33522353717,4048,9,937.0975609756098,38,3,15,35.78369905956114,0.6233552631578947,44.39102564102564,1022.4358974358976,26.906207827260463,0
4872,4,0,0,41,0.0,0.0,1.0,41,1200,900,300,0.75,15,9,6,335.66101519821615,0.3730691056910569,0.1449755501526091,0.19402747676643228,130821.4531792536,582.3323567708429,131403.78553602443,4049,10,938.0975609756098,39,2,15,35.66008637952685,0.6231303418803419,44.24479166666667,1023.0208333333344,26.231303418803446,0
4873,4,0,0,41,0.0,0.0,1.0,41,1050,900,150,0.8571428571428571,12,9,3,340.40751315968384,0.3721544715447154,0.15182771675045004,0.19731585939786978,130928.03955078124,713.777669270833,131641.81722005206,4050,11,939.0975609756098,39,2,15,35.43097964376591,0.624198717948718,44.140625,1023.4374999999999,26.241987179487175,0
4874,4,0,0,41,0.0,0.0,1.0,41,700,300,400,0.42857142857142855,11,3,8,343.9470764598344,0.3715447154471545,0.16209551170885517,0.2001979697262662,131088.0004882814,817.4669053819589,131905.46739366336,4051,12,940.0975609756098,39,2,16,35.17879242532126,0.6258012820512819,43.98437500000001,1024.0625000000011,26.25801282051285,0
4875,4,2,1,42,0.046511627906976744,0.023255813953488372,0.9767441860465116,43,1200,900,300,0.75,15,9,6,330.33991012027093,0.37903746770025837,0.16745885273835226,0.19538832378902452,131702.08875868045,101.73068576388451,131803.81944444432,4052,0,897.3255813953489,39,4,15,34.90841282727827,0.6319444444444444,43.385416666666664,1026.4583333333326,26.319444444444425,0
4876,4,0,0,42,0.0,0.0,1.0,42,1500,1300,200,0.8666666666666667,17,13,4,337.2016445754889,0.37437088656600853,0.17569991576235067,0.19978469817327024,131766.5244448095,486.37774855721057,132252.90219336672,4053,1,919.6904761904761,38,4,15,34.66744710371139,0.6343201754385965,43.32264957264956,1026.7094017094,27.018668466036843,0
4877,4,0,0,42,0.0,0.0,1.0,42,850,600,250,0.7058823529411765,11,6,5,338.69852310545656,0.37416521486643434,0.17886003636706027,0.20081625574130404,131793.94866544285,527.6831534443556,132321.6318188872,4054,2,920.6904761904761,38,4,15,34.60141157701248,0.6345942982456141,43.29594017094016,1026.8162393162377,27.021479982006255,0
4878,4,0,0,42,0.0,0.0,1.0,42,1250,900,350,0.72,16,9,7,338.80612006888134,0.37366918312040265,0.1790072102052136,0.20160641402118565,131931.11257213805,539.813673387368,132470.92624552542,4055,3,921.6904761904761,38,4,16,34.46057785635051,0.6359649122807018,43.16239316239315,1027.350427350426,27.035537561853314,0
4879,4,1,1,42,0.023255813953488372,0.023255813953488372,0.9767441860465116,43,800,500,300,0.625,11,5,6,330.3483946213315,0.3768918420081211,0.16821831065546,0.19788831017607894,132183.68055555536,133.3333333333134,132317.01388888867,4056,0,901.2325581395348,39,4,17,34.423960021609936,0.6367521367521368,42.91666666666666,1028.3333333333317,26.367521367521324,0
4880,4,0,0,42,0.0,0.0,1.0,42,1200,900,300,0.75,15,9,6,336.938051189773,0.37365708478513354,0.16730371078197126,0.20112327592797863,132049.81689453113,498.52159288192905,132548.33848741307,4057,5,923.6904761904761,39,3,17,34.38914648153778,0.6354166666666667,43.04687499999999,1027.812499999999,26.354166666666643,0
4881,4,0,0,42,0.0,0.0,1.0,42,1050,800,250,0.7619047619047619,13,8,5,365.29623077855985,0.37369337979094075,0.1648164378225725,0.2053216745410525,129731.44531249988,1085.701497395818,130817.1468098957,4058,6,924.6904761904761,39,3,16,36.00886162235854,0.6121794871794872,45.31249999999999,1018.7499999999991,26.121794871794847,6
4882,4,0,0,42,0.0,0.0,1.0,42,850,700,150,0.8235294117647058,10,7,3,366.4629249196162,0.37299167634533487,0.1720571350730733,0.20709810098806,129943.77170138869,1123.9149305555356,131067.68663194422,4059,7,925.6904761904761,39,3,18,35.76317940335104,0.6143162393162394,45.10416666666666,1019.5833333333317,26.14316239316235,0
4883,4,0,0,42,0.0,0.0,1.0,42,1450,1100,350,0.7586206896551724,18,11,7,367.5598897425837,0.37248354626403407,0.17276369400118696,0.20856787718069875,130103.13042534702,1164.138454861091,131267.2688802081,4060,8,926.6904761904761,39,3,19,35.57322510380504,0.6159188034188036,44.94791666666666,1020.2083333333317,26.15918803418799,0
4884,4,1,0,43,0.023255813953488372,0.0,1.0,43,1350,1000,350,0.7407407407407407,17,10,7,359.5019649605492,0.3765227021040975,0.17092205140609118,0.20581644894151221,130448.74267578124,779.4135199652774,131228.1561957465,4061,0,906.1162790697674,39,4,20,35.42803184799973,0.6193910256410255,44.609375,1021.5624999999999,26.193910256410252,0
4885,4,1,1,43,0.022727272727272728,0.022727272727272728,0.9772727272727273,44,1050,600,450,0.5714285714285714,15,6,9,349.18295563402165,0.38191508104298805,0.16525599797658663,0.20150098999431168,130755.83316808783,331.5416584043954,131087.37482649222,4062,0,886.5,40,4,17,35.38064719130895,0.6208333333333333,44.3089430894309,1022.7642276422769,25.569105691056922,0
4886,4,2,1,44,0.044444444444444446,0.022222222222222223,0.9777777777777777,45,900,500,400,0.5555555555555556,13,5,8,347.0051379123853,0.38362794612794615,0.17196382428940593,0.20163812067881837,131023.2426303854,93.1476757369538,131116.39030612237,4063,0,867.7555555555556,41,4,18,35.16593992248062,0.6219512195121951,44.047619047619044,1023.8095238095231,24.97096399535422,0
4887,4,1,1,44,0.022222222222222223,0.022222222222222223,0.9777777777777777,45,1150,1000,150,0.8695652173913043,13,10,3,348.6082263604362,0.38543771043771047,0.17508646881340684,0.20299946801120908,131104.74623107066,140.83861020970832,131245.58484128036,4064,0,868.7333333333333,42,3,18,35.04253792537925,0.621279761904762,43.96802325581395,1024.1279069767427,24.38399778516054,0
4888,4,0,0,44,0.0,0.0,1.0,44,1400,1000,400,0.7142857142857143,18,10,8,358.7324800970842,0.3807148520084567,0.1801051593243035,0.20872810933270022,131074.0317539052,604.1024974804734,131678.13425138567,4065,2,889.4772727272727,41,3,19,34.81439320545116,0.6224593495934959,43.99801587301587,1024.0079365079362,24.975803329461858,0
4889,4,1,0,45,0.022222222222222223,0.0,1.0,45,800,500,300,0.625,11,5,6,354.0920073702548,0.38259680134680135,0.18279915540008185,0.20726237752934068,131303.2957473259,298.6895131001757,131601.98526042607,4066,0,870.6888888888889,42,3,20,34.701474898364374,0.6232638888888888,43.77422480620155,1024.903100775194,24.40245478036176,0
4890,4,0,0,45,0.0,0.0,1.0,45,1100,900,200,0.8181818181818182,13,9,4,353.7384049001263,0.3821338383838384,0.17944811240900593,0.20791370723831332,131461.62245008704,300.6119683101281,131762.2344183972,4067,1,871.6888888888889,39,6,20,34.550639072287105,0.6295405982905982,43.61979166666668,1025.5208333333353,26.295405982906033,0
4891,4,0,0,45,0.0,0.0,1.0,45,1050,800,250,0.7619047619047619,13,8,5,359.4791117247251,0.3821338383838384,0.1785469028979536,0.20249822271070908,129817.83626472279,333.3600932936828,130151.19635801647,4068,2,872.6888888888889,42,3,14,36.069181642420205,0.6083829365079365,45.22771317829458,1019.0891472868227,24.264027316352923,5
4892,4,0,0,45,0.0,0.0,1.0,45,900,700,200,0.7777777777777778,11,7,4,363.1451589584924,0.3823021885521885,0.17793409378960678,0.2049510231890208,129891.90853915061,433.9235547743817,130325.832093925,4069,3,873.6888888888889,42,3,14,35.90046736375159,0.609126984126984,45.15503875968994,1019.3798449612428,24.2709486895534,0
4893,4,1,1,45,0.021739130434782608,0.021739130434782608,0.9782608695652174,46,900,600,300,0.6666666666666666,12,6,6,358.7857708050974,0.385859500805153,0.17811235011845183,0.20353865765578302,130093.46954093517,135.13714919079302,130228.60669012596,4070,0,855.6739130434783,43,3,14,35.80682029146941,0.6097383720930232,44.957386363636374,1020.1704545454566,23.724894291754804,0
4894,4,0,0,45,0.0,0.0,1.0,45,850,500,350,0.5882352941176471,12,5,7,365.0656703987095,0.3816077441077441,0.17605034474748416,0.20642590271927058,129966.00193986262,489.2251254432025,130455.22706530582,4071,5,875.6888888888889,42,3,14,35.77619658525769,0.6098710317460316,45.08236434108528,1019.6705426356607,24.277870062753827,0
4895,4,0,0,45,0.0,0.0,1.0,45,1500,1200,300,0.8,18,12,6,366.76818829048125,0.3816077441077441,0.17115839243498798,0.20804609301304894,130089.5378883481,542.5408253710756,130632.07871371918,4072,6,876.6888888888889,42,3,14,35.607229926545095,0.611111111111111,44.96124031007752,1020.1550387596903,24.28940568475453,0
4896,4,0,0,45,0.0,0.0,1.0,45,1100,800,300,0.7272727272727273,14,8,6,369.144887247308,0.3820496632996633,0.17755838238086152,0.21019309417638635,130237.85848957412,615.3279174929535,130853.18640706707,4073,7,877.6888888888889,42,3,15,35.3959005759129,0.6125992063492063,44.81589147286822,1020.7364341085286,24.303248431155442,0
4897,4,1,1,45,0.021739130434782608,0.021739130434782608,0.9782608695652174,46,900,300,600,0.3333333333333333,15,3,12,360.2967369176145,0.3848832528180354,0.17430004540246036,0.20666193324053705,130522.07396597596,205.34251122696014,130727.41647720292,4074,0,859.5869565217391,40,6,10,35.33337477208686,0.6184895833333334,44.53760162601626,1021.8495934959351,25.546239837398378,0
4898,4,0,0,45,0.0,0.0,1.0,45,1450,1100,350,0.7586206896551724,18,11,7,369.4690088857779,0.3821338383838384,0.1762552111654878,0.21166775929624487,130475.34722222232,641.3194444444501,131116.66666666677,4075,9,879.6888888888889,39,6,16,35.14647906470907,0.6196581196581197,44.583333333333336,1021.6666666666674,26.196581196581217,0
4899,4,0,0,45,0.0,0.0,1.0,45,650,400,250,0.6153846153846154,9,4,5,367.2997492892482,0.38240740740740736,0.17836111939721366,0.21096136942329918,130574.00238160152,591.9596676911854,131165.9620492927,4076,10,880.6888888888889,40,5,11,35.101794769812074,0.6190104166666668,44.48678861788618,1022.052845528455,25.551321138211375,0
4900,4,0,0,45,0.0,0.0,1.0,45,1500,1100,400,0.7333333333333333,19,11,8,365.9111681934712,0.38219696969696965,0.1800041966228234,0.21072880728073928,130677.89019639442,563.2998917641719,131241.1900881586,4077,11,881.6888888888889,40,5,11,35.031930225623704,0.6200520833333333,44.38516260162602,1022.4593495934965,25.561483739837414,0
4901,4,0,0,45,0.0,0.0,1.0,45,1050,700,350,0.6666666666666666,14,7,7,371.21357432667145,0.3830387205387205,0.18970674260234244,0.21464715983610558,130833.79937743724,713.4564619274131,131547.25583936466,4078,12,882.6888888888889,40,5,12,34.738295089566584,0.6216145833333334,44.23272357723577,1023.0691056910558,25.576727642276396,0
4902,4,0,0,45,0.0,0.0,1.0,45,1450,1300,150,0.896551724137931,16,13,3,378.3871497040624,0.383733164983165,0.19058081309421437,0.21983115029519723,131015.8109012491,914.9398506180046,131930.7507518671,4079,13,883.6888888888889,40,5,12,34.370243531202426,0.6234375000000001,44.05487804878048,1023.7804878048769,25.594512195121922,0
4903,4,0,1,44,0.0,0.022222222222222223,0.9777777777777777,45,1200,900,300,0.75,15,9,6,376.06705876795246,0.38367003367003366,0.18887566137566236,0.2193724509479717,131171.92147531194,865.8877404322473,132037.8092157442,4080,14,884.6888888888889,40,5,12,34.27145337301588,0.6250000000000002,43.902439024390226,1024.390243902436,25.609756097560897,0
4904,4,0,0,44,0.0,0.0,1.0,44,1000,700,300,0.7,13,7,6,382.43950182778116,0.38101215644820297,0.1942234944829313,0.22229437394827056,131034.66932508656,1222.5667317708085,132257.23605685736,4081,18,905.4772727272727,39,5,12,34.24740139722589,0.6252670940170941,44.03645833333332,1023.8541666666647,26.25267094017089,0
4905,4,0,0,44,0.0,0.0,1.0,44,500,300,200,0.6,7,3,4,382.43950182778116,0.38101215644820297,0.1942234944829313,0.22229437394827056,131034.66932508656,1222.5667317708085,132257.23605685736,4082,19,906.4772727272727,39,5,12,34.24740139722589,0.6252670940170941,44.03645833333332,1023.8541666666647,26.25267094017089,0
4906,4,0,0,44,0.0,0.0,1.0,44,850,700,150,0.8235294117647058,10,7,3,382.464459055336,0.38104519027484146,0.1943006139507366,0.22277195269147257,131114.67013888864,1229.340277777753,132344.0104166664,4083,20,907.4772727272727,39,5,14,34.165649579604,0.6260683760683763,43.95833333333332,1024.1666666666647,26.260683760683712,0
4907,4,1,0,45,0.022222222222222223,0.0,1.0,45,1100,800,300,0.7272727272727273,14,8,6,384.99144407431675,0.38215488215488214,0.2120514556533517,0.22654675812659988,131506.1366705246,1126.6155478394994,132632.7522183641,4084,0,888.2888888888889,35,10,16,33.70429925524713,0.6375,43.576388888888886,1025.694444444444,29.30555555555554,0
4908,4,0,0,45,0.0,0.0,1.0,45,750,500,250,0.6666666666666666,10,5,5,384.8924628561222,0.3810395622895623,0.19637566734340894,0.22719417947286177,131624.87809713668,1132.2847007887751,132757.16279792544,4085,1,889.2888888888889,35,10,12,33.58664185277089,0.6386904761904761,43.46064814814816,1026.157407407409,29.318783068783112,0
4909,4,0,0,45,0.0,0.0,1.0,45,1450,1100,350,0.7586206896551724,18,11,7,383.03602577326785,0.38127104377104376,0.19739221564183174,0.227082086020849,131790.2425229284,1096.0821463355317,132886.32466926394,4086,2,890.2888888888889,36,9,15,33.46699751407472,0.6383101851851851,43.29954954954955,1026.8018018018024,28.52227227227229,0
4910,4,0,0,45,0.0,0.0,1.0,45,1100,900,200,0.8181818181818182,13,9,4,381.640194382291,0.38059764309764305,0.19462820423918825,0.226766923905522,131876.23844875448,1065.854655197605,132942.0931039521,4087,3,891.2888888888889,38,7,15,33.41589522224533,0.6354166666666666,43.215811965811966,1027.1367521367522,27.02991452991453,0
4911,4,0,0,45,0.0,0.0,1.0,45,1150,700,450,0.6086956521739131,16,7,9,384.29510591672715,0.3801136363636364,0.19561561561561525,0.22933740191804713,132040.89506172857,1148.5339506173027,133189.42901234588,4088,4,892.2888888888889,38,7,15,33.18130630630631,0.6370614035087718,43.055555555555564,1027.7777777777792,27.04678362573103,0
4912,4,0,1,44,0.0,0.022222222222222223,0.9777777777777777,45,1400,1100,300,0.7857142857142857,17,11,6,384.38749913914353,0.37992424242424244,0.20395143793565107,0.2307283567151918,132260.59701219964,1167.8640240339073,133428.46103623355,4089,5,893.2888888888889,38,7,15,32.95704369200943,0.6392543859649122,42.84188034188035,1028.6324786324792,27.069275753486295,0
4913,4,0,0,44,0.0,0.0,1.0,44,1350,1100,250,0.8148148148148148,16,11,5,388.8917492873704,0.3759800035236082,0.20806282823976274,0.2335840199624912,132285.18029586037,1488.923034010476,133774.10332987085,4090,6,913.9545454545455,37,7,15,32.816385987351666,0.6413288288288288,42.817982456140356,1028.7280701754396,27.803461356092964,0
4914,4,0,0,44,0.0,0.0,1.0,44,1000,800,200,0.8,12,8,4,389.6932527875074,0.3761561839323467,0.20629873589383374,0.2345908388332753,132369.79316953316,1516.723054209005,133886.51622374216,4091,7,914.9545454545455,37,7,17,32.710331202273125,0.6421734234234233,42.735745614035096,1029.0570175438613,27.812351825509765,0
4915,4,0,1,43,0.0,0.022727272727272728,0.9772727272727273,44,1250,700,550,0.56,18,7,11,393.6293411314115,0.37606809372797745,0.20172498364944413,0.23788903659680963,132517.14677640604,1632.5334463073236,134149.68022271336,4092,8,915.9545454545455,35,9,17,32.460281774580345,0.6476190476190475,42.592592592592595,1029.6296296296298,29.41798941798942,0
4916,4,0,0,43,0.0,0.0,1.0,43,1350,1000,350,0.7407407407407407,17,10,7,399.58304503452945,0.37326965669988926,0.209380302064764,0.24150899765923425,132520.55165816314,1990.5931122448858,134511.14477040802,4093,9,935.6046511627907,34,9,17,32.30359001040583,0.6498161764705883,42.58928571428571,1029.6428571428562,30.283613445378123,0
4917,4,2,2,43,0.044444444444444446,0.044444444444444446,0.9555555555555556,45,1000,300,700,0.3,17,3,14,382.3450899546978,0.3813973063973064,0.2062088292026063,0.23392776746126104,132978.12328798397,1168.7065021102262,134146.8297900942,4094,0,894.9777777777778,36,9,15,32.286321286894506,0.6501736111111112,42.145270270270274,1031.4189189189192,28.650525525525534,0
4918,4,0,0,43,0.0,0.0,1.0,43,1400,800,600,0.5714285714285714,20,8,12,397.81441737154387,0.37336194167589515,0.21188398223151284,0.24118176530018676,132636.34366426617,1952.9299554183883,134589.27361968457,4095,11,937.6046511627907,35,8,15,32.2322097378277,0.6488095238095237,42.476851851851855,1030.092592592593,29.431216931216944,0
4919,4,0,0,43,0.0,0.0,1.0,43,650,400,250,0.6153846153846154,9,4,5,394.7708835505405,0.37299280177187155,0.21028582465253498,0.24003643557282378,132745.92318247305,1880.8450764954193,134626.76825896848,4096,12,938.6046511627907,36,7,15,32.20003278330237,0.6478587962962963,42.3704954954955,1030.5180180180184,28.62550050050051,0
4920,4,0,0,43,0.0,0.0,1.0,43,1350,900,450,0.6666666666666666,18,9,9,401.583653812864,0.3731312292358804,0.21251501583488008,0.24531697918374915,132920.05423920558,2075.7042092768625,134995.75844848243,4097,13,939.6046511627907,36,7,15,31.848813294019152,0.6495949074074073,42.201576576576585,1031.193693693695,28.644269269269305,0
4921,4,0,0,43,0.0,0.0,1.0,43,1050,600,450,0.5714285714285714,15,6,9,405.1730376134353,0.3723237356958287,0.2172556565623227,0.2482802807743601,133036.20501836305,2180.536659970794,135216.74167833384,4098,14,940.6046511627907,36,7,15,31.63910417348907,0.6507523148148149,42.08896396396397,1031.644144144145,28.656781781781806,0
4922,4,0,0,43,0.0,0.0,1.0,43,1150,700,450,0.6086956521739131,16,7,9,405.02108334938595,0.37179309708379477,0.22314713038323375,0.24939656636589058,133217.4097438634,2191.171923091712,135408.5816669551,4099,15,941.6046511627907,37,6,15,31.460324836254202,0.6506193693693694,41.91337719298245,1032.3464912280695,27.901256519677553,0
4923,4,0,0,43,0.0,0.0,1.0,43,1150,800,350,0.6956521739130435,15,8,7,408.46986314242804,0.3712163159837578,0.23533826975164018,0.25228705842219856,133330.6296769197,2292.3088113650206,135622.9384882847,4100,16,942.6046511627907,37,6,15,31.257188484269374,0.6517454954954955,41.80372807017543,1032.7850877192973,27.913110478899927,0
4924,4,0,0,43,0.0,0.0,1.0,43,900,500,400,0.5555555555555556,13,5,8,410.22828238926184,0.3705241786637135,0.23040582900978945,0.2539534084541143,133415.57618690343,2346.1685326253996,135761.74471952883,4101,17,943.6046511627907,37,6,15,31.126176324913313,0.6525900900900903,41.721491228070164,1033.1140350877174,27.922000948316686,0
4925,4,0,0,43,0.0,0.0,1.0,43,1100,900,200,0.8181818181818182,13,9,4,411.0301768990638,0.3706164636397195,0.2323705926481625,0.25483870967741934,133472.22222222204,2372.2462680824688,135844.4684903045,4102,18,944.6046511627907,35,8,15,31.048387096774192,0.6571428571428573,41.66666666666666,1033.333333333332,29.523809523809483,0
4926,4,0,0,43,0.0,0.0,1.0,43,850,500,350,0.5882352941176471,12,5,7,409.2234578991888,0.37089331856773716,0.2316004428713676,0.2543170020349797,133559.5112637974,2331.137006939353,135890.64827073677,4103,19,945.6046511627907,36,7,15,31.00714493227294,0.6559606481481483,41.5822072072072,1033.6711711711698,28.71308808808805,0
4927,4,0,0,43,0.0,0.0,1.0,43,1150,1000,150,0.8695652173913043,13,10,3,411.8645077341729,0.3700166112956811,0.23399627805699375,0.2571703265491759,133734.17494775177,2416.0720264183046,136150.2469741701,4104,20,946.6046511627907,36,7,14,30.763019415714012,0.6576967592592593,41.413288288288285,1034.3468468468466,28.73185685685685,0
4928,4,0,0,43,0.0,0.0,1.0,43,950,600,350,0.631578947368421,13,6,7,387.65181408132884,0.3700166112956811,0.14932356830434323,0.225636766384461,131088.0004882814,1565.785832417102,132653.7863206985,4105,21,947.6046511627907,39,4,17,34.05988285355847,0.6258012820512819,43.98437500000001,1024.0625000000011,26.25801282051285,7
4929,4,1,0,44,0.022727272727272728,0.0,1.0,44,1500,1100,400,0.7333333333333333,19,11,8,383.07043668142467,0.37479078576462294,0.1586108854589765,0.22562665433245618,131541.75347222213,1278.1711154513835,132819.9245876735,4106,0,927.0454545454545,39,5,18,33.71750609260764,0.6303418803418804,43.541666666666664,1025.8333333333328,26.30341880341879,0
4930,4,0,0,44,0.0,0.0,1.0,44,1100,700,400,0.6363636363636364,15,7,8,382.6128181078666,0.3749779774489077,0.1588002140991691,0.22583096891435536,131621.90890842007,1272.0458984374955,132893.95480685757,4107,1,928.0454545454545,39,5,16,33.64812793963388,0.6311431623931625,43.463541666666664,1026.1458333333328,26.31143162393161,0
4931,4,0,0,44,0.0,0.0,1.0,44,1300,1000,300,0.7692307692307693,16,10,6,378.83635140467544,0.3740089852008457,0.1577028784343386,0.2245453948163488,131782.29302300327,1184.7846137152596,132967.07763671852,4108,2,929.0454545454545,39,5,16,33.58283876094824,0.6327457264957266,43.30729166666666,1026.7708333333317,26.32745726495722,0
4932,4,0,0,44,0.0,0.0,1.0,44,800,400,400,0.5,12,4,8,377.82504762414214,0.37365662438336855,0.16139590632491263,0.22441897407072503,131862.5217013887,1164.192708333313,133026.71440972202,4109,3,930.0454545454545,39,5,16,33.52772143340094,0.6335470085470087,43.22916666666666,1027.0833333333317,26.335470085470043,0
4933,4,1,1,44,0.022222222222222223,0.022222222222222223,0.9777777777777777,45,1200,800,400,0.6666666666666666,16,8,8,369.85101792132184,0.3757154882154882,0.16353253827062875,0.22142914788922646,132162.78029777223,776.1077648885955,132938.88806266082,4110,0,910.3555555555556,40,5,16,33.42949034723595,0.6348958333333334,42.936991869918685,1028.2520325203232,25.706300813008077,0
4934,4,1,2,43,0.022222222222222223,0.044444444444444446,0.9555555555555556,45,1450,1100,350,0.7586206896551724,18,11,7,368.11558929684634,0.3756944444444445,0.16290588157808084,0.221000355567181,132267.29811124306,737.9308777843581,133005.2289890274,4111,0,911.3333333333334,40,5,17,33.36873476914969,0.6359375000000002,42.83536585365852,1028.658536585364,25.7164634146341,0
4935,4,0,0,43,0.0,0.0,1.0,43,1000,500,500,0.5,15,5,10,375.7070074191087,0.37156238464377994,0.15345357536391613,0.2248634477239736,132150.7232084152,1329.990548980904,133480.71375739612,4112,6,918.7441860465116,38,5,17,33.291121155444706,0.6381578947368423,42.948717948717935,1028.205128205126,27.058029689608578,0
4936,4,0,0,43,0.0,0.0,1.0,43,750,600,150,0.8,9,6,3,377.7682586149809,0.37130860095976376,0.15576031967684467,0.22642573209388528,132205.65440317005,1388.619968587879,133594.27437175793,4113,7,919.7441860465116,38,5,17,33.18269963293857,0.6387061403508774,42.89529914529913,1028.4188034188005,27.06365272154738,0
4937,4,1,1,43,0.022727272727272728,0.022727272727272728,0.9772727272727273,44,1050,800,250,0.7619047619047619,13,8,5,366.9392018563694,0.375418428470754,0.1458660083260721,0.22172195015645493,132510.87474030472,924.966572618104,133435.84131292283,4114,0,899.8181818181819,37,7,18,33.15362087326943,0.643581081081081,42.598684210526315,1029.6052631578948,27.8271692745377,0
4938,4,0,0,43,0.0,0.0,1.0,43,1100,700,400,0.6363636363636364,15,7,8,370.9609390405676,0.371516242155777,0.1410817095478334,0.22382534282309108,132455.95838659612,1227.1973409220122,133683.15572751814,4115,9,921.7441860465116,36,7,19,33.10542245560296,0.6449652777777778,42.65202702702703,1029.3918918918923,28.59421921921923,0
4939,4,0,0,43,0.0,0.0,1.0,43,800,600,200,0.75,10,6,4,367.9693032579714,0.37153931339977847,0.14285605299629967,0.22270544528750164,132571.90626014533,1156.4783956253596,133728.3846557707,4116,10,922.7441860465116,36,7,19,33.06565518498268,0.6461226851851851,42.539414414414416,1029.8423423423428,28.606731731731745,0
4940,4,0,0,43,0.0,0.0,1.0,43,1050,700,350,0.6666666666666666,14,7,7,369.8569896983667,0.3714470284237726,0.14383671352406768,0.22419363053485522,132629.89921932085,1210.8190538511712,133840.71827317204,4117,11,923.7441860465116,36,7,16,32.958665864946624,0.6467013888888888,42.48310810810812,1030.067567567569,28.61298798798803,0
4941,4,0,0,43,0.0,0.0,1.0,43,750,400,350,0.5333333333333333,11,4,7,373.43485920750066,0.3714470284237726,0.14671749904689246,0.2268877132635216,132716.91243608494,1312.22430200473,134029.13673808967,4118,12,924.7441860465116,36,7,16,32.77891621129325,0.6475694444444444,42.39864864864866,1030.405405405407,28.622372372372418,0
4942,4,0,0,43,0.0,0.0,1.0,43,1300,900,400,0.6923076923076923,17,9,8,372.78521711968557,0.3707779623477298,0.146777281429483,0.22729744561344264,132849.77709487543,1304.8865997230005,134154.66369459842,4119,13,925.7441860465116,37,6,18,32.66193363114231,0.6469594594594594,42.26973684210527,1030.9210526315796,27.862731152204855,0
4943,4,0,1,42,0.0,0.023255813953488372,0.9767441860465116,43,1250,900,350,0.72,16,9,7,373.20549874711924,0.37066260612772245,0.14015787352812503,0.2284153628311093,132991.11415291243,1326.60301727455,134317.71717018698,4120,14,926.7441860465116,37,6,19,32.508925091244116,0.648367117117117,42.13267543859649,1031.469298245614,27.87754860123281,0
4944,4,0,0,42,0.0,0.0,1.0,42,1050,600,450,0.5714285714285714,15,6,9,357.53573407202254,0.3709107626790554,0.13484711779448677,0.1961079372796888,128767.28121119131,807.7808824603558,129575.06209365166,4121,15,941.3571428571429,38,4,15,37.18859649122807,0.6041666666666667,46.260683760683754,1014.9572649572636,26.709401709401675,8
4945,4,0,0,42,0.0,0.0,1.0,42,1650,1300,350,0.7878787878787878,20,13,7,359.277002634101,0.36951945412311266,0.13340947571959583,0.19787295405792382,128929.98598327128,864.3157827452744,129794.30176601656,4122,16,942.3571428571429,38,4,15,36.97839960726559,0.6058114035087719,46.10042735042735,1015.598290598291,26.726270805218185,0
4946,4,0,0,42,0.0,0.0,1.0,42,750,600,150,0.8,9,6,3,355.4111330909435,0.3689992257065428,0.13475369112727154,0.19601212606894972,128984.2437358464,768.4872434071267,129752.73097925352,4123,17,943.3571428571429,38,4,15,37.02123650259431,0.6063596491228069,46.04700854700855,1015.8119658119665,26.731893837157013,0
4947,4,1,1,42,0.023255813953488372,0.023255813953488372,0.9767441860465116,43,950,800,150,0.8421052631578947,11,8,3,346.61334681869516,0.3740771502399409,0.13049850227696758,0.1920840233732907,129174.9145507814,354.74989149306987,129529.66444227447,4124,0,922.3953488372093,39,4,15,37.0505217406155,0.6065705128205128,45.85937500000001,1016.5625000000011,26.065705128205156,0
4948,4,2,0,44,0.045454545454545456,0.0,1.0,44,1000,800,200,0.8,12,8,4,336.7416660316654,0.3762112403100775,0.14268571532270524,0.18858662671723053,129589.12854658274,-72.38819072641854,129516.74035585632,4125,0,902.3863636363636,40,4,15,36.88055195129255,0.6091145833333333,45.452235772357724,1018.1910569105692,25.45477642276423,0
4949,4,1,1,44,0.022222222222222223,0.022222222222222223,0.9777777777777777,45,1200,1100,100,0.9166666666666666,13,11,2,328.4961834623814,0.3821127946127946,0.1426609126404712,0.18511471709868582,129832.53146455345,-470.10178492692967,129362.42967962653,4126,0,883.3111111111111,41,4,15,36.84364758752717,0.610010162601626,45.21329365079365,1019.1468253968256,24.857239643825014,0
4950,4,1,1,44,0.022222222222222223,0.022222222222222223,0.9777777777777777,45,800,700,100,0.875,9,7,2,324.3689398118941,0.38063973063973067,0.14832381205438172,0.18371143792055145,130029.26911891079,-563.7976890217029,129465.47142988909,4127,0,884.2888888888889,40,5,17,36.749576524511745,0.6135416666666667,45.020325203252035,1019.9186991869926,25.497967479674816,2
4951,4,2,0,46,0.043478260869565216,0.0,1.0,46,900,600,300,0.6666666666666666,12,6,6,320.55734450546476,0.3828502415458937,0.16017781522293406,0.18326908238344514,130395.54172092032,-839.7320043072086,129555.8097166131,4128,0,866.0217391304348,39,7,19,36.476393846676885,0.6188568376068375,44.66145833333334,1021.3541666666681,26.188568376068414,0
4952,4,2,3,45,0.041666666666666664,0.0625,0.9375,48,1250,1000,250,0.8,15,10,5,310.4215610737011,0.39024638002364065,0.15422664709410538,0.1796022610069707,130856.77059859692,-1475.8473987440607,129380.92319985286,4129,0,830.8958333333334,42,6,14,36.27000662941565,0.6187996031746031,44.21027131782946,1023.1589147286828,24.360926541159113,0
4953,4,0,0,45,0.0,0.0,1.0,45,1100,1000,100,0.9090909090909091,12,10,2,331.879425923905,0.37813552188552185,0.1488490121442807,0.19013279260874202,130475.34722222232,-339.5833333333285,130135.76388888899,4130,2,887.2666666666667,39,6,18,36.106579662860234,0.6196581196581197,44.583333333333336,1021.6666666666674,26.196581196581217,0
4954,4,0,0,45,0.0,0.0,1.0,45,1000,800,200,0.8,12,8,4,331.1428107218685,0.37830387205387206,0.15019875649780845,0.19010193774091594,130555.17713758687,-353.51833767360625,130201.65879991326,4131,3,888.2666666666667,39,6,15,36.044681989603504,0.6204594017094017,44.505208333333336,1021.9791666666672,26.20459401709403,0
4955,4,0,0,45,0.0,0.0,1.0,45,800,500,300,0.625,11,5,6,331.6593883651859,0.3781565656565657,0.1533591467970925,0.19079163173598698,130635.03146701408,-334.7330729166472,130300.29839409744,4132,4,889.2666666666667,39,6,16,35.95076761089601,0.6212606837606838,44.42708333333334,1022.2916666666682,26.212606837606877,0
4956,4,0,0,45,0.0,0.0,1.0,45,1000,600,400,0.6,14,6,8,333.56569883938914,0.37834595959595957,0.1600706113996675,0.19255035843056803,130768.17626953125,-276.04437934027794,130492.13189019097,4133,5,890.2666666666667,39,6,16,35.76749584139592,0.6225961538461539,44.296875,1022.8125,26.22596153846154,0
4957,4,1,1,45,0.021739130434782608,0.021739130434782608,0.9782608695652174,46,700,500,200,0.7142857142857143,9,5,4,323.9226397551859,0.38301127214170694,0.15625202287193862,0.18831624902097513,131041.82287535533,-710.5173631766769,130331.30551217865,4134,0,871.8913043478261,40,6,16,35.73800661703888,0.6236979166666667,44.02947154471545,1023.8821138211385,25.597052845528463,0
4958,4,1,1,45,0.021739130434782608,0.021739130434782608,0.9782608695652174,46,600,300,300,0.5,9,3,6,326.4481477891774,0.38250805152979067,0.15639317670000086,0.19017019846354508,131119.8742894441,-639.2319799722386,130480.64230947186,4135,0,872.8695652173913,40,6,16,35.594653370377735,0.6244791666666667,43.953252032520325,1024.1869918699185,25.604674796747965,0
4959,4,0,2,43,0.0,0.044444444444444446,0.9555555555555556,45,700,500,200,0.7142857142857143,9,5,4,331.14217763981253,0.3792929292929293,0.15465325347187764,0.19225332307584037,130989.80150910499,-324.75037593364146,130665.05113317135,4136,8,893.2666666666667,40,5,16,35.60570336543235,0.6231770833333334,44.08028455284553,1023.6788617886175,25.591971544715438,0
4960,4,0,0,43,0.0,0.0,1.0,43,900,700,200,0.7777777777777778,11,7,4,341.5314493482871,0.37110095976375046,0.16287833033724364,0.1971485773751223,130768.17626953125,332.288953993056,131100.4652235243,4137,9,935.3023255813954,39,4,16,35.563809111586366,0.6225961538461539,44.296875,1022.8125,26.22596153846154,0
4961,4,0,0,43,0.0,0.0,1.0,43,1100,700,400,0.6363636363636364,15,7,8,342.5144928832053,0.37133167220376523,0.15964265174944003,0.19831963363087954,130885.78976014607,366.0559810628559,131251.84574120893,4138,10,936.3023255813954,40,3,17,35.41977025192835,0.6221354166666667,44.18191056910569,1023.2723577235772,25.58180894308943,0
4962,4,1,0,44,0.022727272727272728,0.0,1.0,44,1100,800,300,0.7272727272727273,14,8,6,346.19407210593573,0.37561663143058494,0.17196277661081583,0.19654276027734757,130122.70752779683,319.44578427518525,130442.15331207201,4139,0,916.0,37,7,20,36.09831183951282,0.6196509009009009,44.92872807017543,1020.2850877192967,27.575272641062075,5
4963,4,0,0,44,0.0,0.0,1.0,44,850,600,250,0.7058823529411765,11,6,5,346.8192523898197,0.37561663143058494,0.17312238100354582,0.19718062199096195,130178.65022170258,229.6924294013274,130408.34265110391,4140,1,917.0,37,7,20,36.02563930374987,0.6202139639639641,44.87390350877192,1020.5043859649103,27.58119962067325,0
4964,4,0,0,44,0.0,0.0,1.0,44,950,900,50,0.9473684210526315,10,9,1,348.0743918692955,0.3753193269908386,0.17799246086387566,0.19817886935237103,130234.60493853857,266.2661828639367,130500.87112140251,4141,2,918.0,37,7,20,35.936884556164294,0.6207770270270271,44.81907894736841,1020.7236842105247,27.58712660028445,0
4965,4,1,1,44,0.022222222222222223,0.022222222222222223,0.9777777777777777,45,1300,1100,200,0.8461538461538461,15,11,4,342.86110821347074,0.3795664983164983,0.18265088390611384,0.19690747933812452,130570.5857210873,-46.4818501846695,130524.10387090262,4142,0,898.5777777777778,37,8,13,35.729691914315346,0.6241554054054053,44.49013157894737,1022.0394736842109,27.622688477951645,0
4966,4,1,1,44,0.022222222222222223,0.022222222222222223,0.9777777777777777,45,1200,900,300,0.75,15,9,6,341.9755974743611,0.3829545454545455,0.18288655372078044,0.19711152175808988,130710.70545744857,-60.02568097874948,130650.67977646981,4143,0,899.5555555555555,37,8,14,35.61056901851455,0.625563063063063,44.3530701754386,1022.5877192982466,27.63750592697964,0
4967,4,1,1,44,0.022222222222222223,0.022222222222222223,0.9777777777777777,45,1500,1200,300,0.8,18,12,6,341.85466986483647,0.3792508417508418,0.15295039420204692,0.19637170782868715,130578.91506371237,-61.37698279810205,130517.53808091427,4144,0,900.5333333333333,36,9,15,35.74697921257529,0.6261574074074074,44.48198198198198,1022.0720720720722,28.390890890890894,2
4968,4,1,1,44,0.022222222222222223,0.022222222222222223,0.9777777777777777,45,750,400,350,0.5333333333333333,11,4,7,339.03456683379454,0.37973484848484845,0.1563086896420225,0.19513322846656173,130654.64854570635,-140.71156509695797,130513.93698060939,4145,0,901.4,37,8,15,35.74243886743886,0.625,44.4078947368421,1022.3684210526314,27.631578947368418,0
4969,4,2,2,44,0.043478260869565216,0.043478260869565216,0.9565217391304348,46,1350,900,450,0.6666666666666666,18,9,9,333.0894074988644,0.3844001610305958,0.17238422733541414,0.19370927678817437,131054.49631090643,-469.427094747622,130585.06921615881,4146,0,882.7608695652174,38,8,16,35.490574568725656,0.6271929824561404,44.01709401709401,1023.9316239316228,26.945569050832177,0
4970,4,0,0,44,0.0,0.0,1.0,44,1200,800,400,0.6666666666666666,16,8,8,348.62284660679893,0.37823731501057084,0.17920283108588397,0.20100597270071996,130722.8274516069,314.59284453371106,131037.42029614061,4147,1,923.4772727272727,36,8,16,35.42836691994273,0.6276041666666667,44.34121621621621,1022.6351351351342,28.406531531531506,0
4971,4,1,1,44,0.022222222222222223,0.022222222222222223,0.9777777777777777,45,1000,800,200,0.8,12,8,4,340.9644686343652,0.38398569023569024,0.17129669283844895,0.1985416544292374,131103.4404816865,-59.67701600494044,131043.76346568156,4148,0,903.9333333333333,37,8,17,35.23956102783726,0.6295045045045047,43.96929824561403,1024.1228070175425,27.678994784257906,0
4972,4,0,0,44,0.0,0.0,1.0,44,1100,700,400,0.6363636363636364,15,7,8,348.23758568592467,0.3772903453136011,0.1622837757595228,0.20262871107295,131075.36844269375,329.073969875328,131404.44241256907,4149,3,925.4772727272727,37,7,17,35.08171378091872,0.629222972972973,43.99671052631578,1024.0131578947355,27.67603129445231,0
4973,4,1,1,44,0.022222222222222223,0.022222222222222223,0.9777777777777777,45,1500,1200,300,0.8,18,12,6,343.6260287493428,0.3809132996632996,0.1560656537921774,0.20172243660623898,131414.71021274658,31.98992660072267,131446.7001393473,4150,0,905.8888888888889,36,9,17,34.85722130697417,0.6345486111111112,43.66554054054054,1025.3378378378382,28.481606606606615,0
4974,4,0,0,44,0.0,0.0,1.0,44,1200,900,300,0.75,15,9,6,352.63401414501925,0.37733439041578576,0.16426459719142628,0.2065427797135115,131328.12500000015,462.15277777779295,131790.27777777793,4151,5,927.4772727272727,35,9,17,34.71375338753386,0.6357142857142857,43.75000000000001,1025.0000000000011,29.285714285714317,0
4975,4,0,0,44,0.0,0.0,1.0,44,900,700,200,0.7777777777777778,11,7,4,354.66466457397973,0.3775436046511628,0.17100483329741722,0.20821565695565863,131417.1157648535,521.8014564043322,131938.9172212578,4152,6,928.4772727272727,35,9,17,34.57183372841179,0.6366071428571427,43.66319444444445,1025.347222222223,29.295634920634946,0
4976,4,0,0,44,0.0,0.0,1.0,44,950,600,350,0.631578947368421,13,6,7,352.39636173742,0.3775215821000704,0.1679838552511459,0.20752750525440222,131535.817003708,470.54867005315253,132006.36567376117,4153,7,929.4772727272727,35,9,18,34.510159276392486,0.637797619047619,43.5474537037037,1025.8101851851852,29.308862433862434,0
4977,4,1,1,44,0.022222222222222223,0.022222222222222223,0.9777777777777777,45,650,400,250,0.6153846153846154,9,4,5,342.663842105938,0.3801557239057239,0.17188173811351093,0.20361152468066857,131876.9799148812,37.89452459216696,131914.87443947338,4154,0,909.8,36,9,16,34.4159997076344,0.6391782407407407,43.215090090090094,1027.1396396396403,28.531656656656676,0
4978,4,0,1,43,0.0,0.022727272727272728,0.9772727272727273,44,1300,900,400,0.6923076923076923,17,9,8,349.7064002016304,0.3774555144467935,0.1778710695367971,0.20755484207284736,131832.80452942822,420.5551000943126,132253.35962952254,4155,9,931.4772727272727,35,9,16,34.27967335361959,0.6407738095238094,43.258101851851855,1026.967592592593,29.34193121693123,0
4979,4,1,1,43,0.022727272727272728,0.022727272727272728,0.9772727272727273,44,1450,1200,250,0.8275862068965517,17,12,5,352.95836376917424,0.37721326638477803,0.1804668304668302,0.21063644289450745,132040.89506172857,520.9876543210055,132561.8827160496,4156,0,932.2045454545455,35,9,16,33.98648648648649,0.6428571428571427,43.055555555555564,1027.7777777777792,29.365079365079406,0
4980,4,0,0,43,0.0,0.0,1.0,43,1500,1100,400,0.7333333333333333,19,11,8,345.9225166866237,0.3739387227759321,0.1450679376512194,0.20102944071606485,131027.14913662402,465.04823672289035,131492.19737334692,4157,11,954.8837209302326,38,5,15,35.18970225051307,0.626918859649123,44.04380341880341,1023.8247863247841,26.94275753486274,3
4981,4,0,0,43,0.0,0.0,1.0,43,1450,1100,350,0.7586206896551724,18,11,7,345.65811406346364,0.37458471760797346,0.1441763464849528,0.2018794953634964,131218.63928153968,471.3574768061673,131689.99675834586,4158,12,955.8837209302326,38,5,16,35.00304136253041,0.6288377192982457,43.856837606837594,1024.5726495726476,26.962438146648623,0
4982,4,0,0,43,0.0,0.0,1.0,43,1000,600,400,0.6,14,6,8,333.46875710647976,0.3744462901439645,0.060618132925288615,0.1880383101268919,129857.80915375396,60.70444381454723,129918.51359756851,4159,13,956.8837209302326,41,2,15,36.691324378690524,0.6102642276422765,45.188492063492056,1019.2460317460307,24.859659310878797,6
4983,4,1,0,44,0.022727272727272728,0.0,1.0,44,1300,800,500,0.6153846153846154,18,8,10,330.0291545189507,0.377973044397463,0.07523191094619697,0.18803986710963463,130262.58680555547,-201.27984063996456,130061.30696491551,4160,0,936.1136363636364,41,3,17,36.36904761904763,0.6143292682926829,44.791666666666664,1020.8333333333327,24.898373983739823,0
4984,4,0,0,44,0.0,0.0,1.0,44,1400,1200,200,0.8571428571428571,16,12,4,330.1179257095585,0.37847956307258634,0.07353854514401004,0.18856980049067973,130361.52354313158,-193.06485112071414,130168.45869201087,4161,1,937.1136363636364,42,2,17,36.266684062371496,0.6138392857142857,44.69476744186047,1021.2209302325595,24.314784053156178,0
4985,4,0,0,44,0.0,0.0,1.0,44,1100,900,200,0.8181818181818182,13,9,4,330.1179257095585,0.37847956307258634,0.07353854514401004,0.18856980049067973,130361.52354313158,-193.06485112071414,130168.45869201087,4162,2,938.1136363636364,42,2,17,36.266684062371496,0.6138392857142857,44.69476744186047,1021.2209302325595,24.314784053156178,0
4986,4,1,1,44,0.022222222222222223,0.022222222222222223,0.9777777777777777,45,1100,800,300,0.7272727272727273,14,8,6,324.83295826645315,0.3835016835016835,0.07792699618206766,0.18705181068815407,130673.75750581079,-510.5713563188824,130163.18614949191,4163,0,918.2444444444444,43,2,12,36.08612346022044,0.6155523255813955,44.38920454545454,1022.4431818181805,23.77774841437629,0
4987,4,0,0,44,0.0,0.0,1.0,44,1100,400,700,0.36363636363636365,18,4,14,328.78836599118694,0.37823731501057084,0.07727789794810391,0.18901299579515132,130609.0297026168,-211.45410807645948,130397.57559454034,4164,4,940.1136363636364,42,2,13,36.05041552121843,0.6163194444444444,44.45251937984495,1022.1899224806183,24.337855297157578,0
4988,4,0,0,44,0.0,0.0,1.0,44,1700,1300,400,0.7647058823529411,21,13,8,330.61020796822095,0.37906316067653273,0.082411928319857,0.19103732706735127,130807.2036404813,-150.76064013581242,130656.44300034549,4165,5,941.1136363636364,42,2,13,35.8036531843011,0.6183035714285714,44.258720930232556,1022.9651162790694,24.356312292358798,0
4989,4,0,1,43,0.0,0.022727272727272728,0.9772727272727273,44,1450,1100,350,0.7586206896551724,18,11,7,328.0140002322685,0.37904113812544044,0.07997908255933073,0.19002500583943982,130906.34694617208,-212.17709647857885,130694.1698496935,4166,6,942.1136363636364,42,2,14,35.76997127797241,0.6192956349206349,44.161821705426355,1023.3527131782944,24.36554078995939,0
4990,4,1,1,43,0.022727272727272728,0.022727272727272728,0.9772727272727273,44,1600,1300,300,0.8125,19,13,6,327.2121400389698,0.3789640591966173,0.09475964002722459,0.19104739034439366,131206.8225310635,-213.50696237947824,130993.315568684,4167,0,941.7272727272727,43,1,14,35.48743337338632,0.6208817829457365,43.86837121212121,1024.5265151515152,23.826198026779423,0
4991,4,0,0,43,0.0,0.0,1.0,43,1250,1000,250,0.8,15,10,5,332.9605931164877,0.37645348837209297,0.10009288564744767,0.1940356559885738,131134.06795224972,132.495408631768,131266.5633608815,4168,8,964.6279069767442,43,0,15,35.41358481262326,0.6201550387596899,43.93939393939394,1024.2424242424238,23.819591261451716,0
4992,4,0,0,43,0.0,0.0,1.0,43,1050,800,250,0.7619047619047619,13,8,5,331.78648426102154,0.3763612033960871,0.09551648540600977,0.1938406997680482,131231.0785410927,108.13963498622371,131339.21817607892,4169,9,965.6279069767442,43,0,15,35.34581022797288,0.6211240310077519,43.84469696969697,1024.6212121212118,23.828400281888648,0
4993,4,0,0,43,0.0,0.0,1.0,43,800,600,200,0.75,10,6,4,332.551540799754,0.37610741971207085,0.09976035373139358,0.19516866406391004,131404.40095308947,139.81894109226738,131544.21989418173,4170,10,966.6279069767442,41,2,16,35.15148766328011,0.6257621951219513,43.675595238095234,1025.2976190476184,25.007259001161422,0
4994,4,0,0,43,0.0,0.0,1.0,43,1300,900,400,0.6923076923076923,17,9,8,331.82655572964484,0.376499630860096,0.10117563860697909,0.19574993864185022,131601.40170550154,133.76797142600412,131735.16967692756,4171,11,967.6279069767442,42,1,14,34.971629363805214,0.6262400793650793,43.48352713178295,1026.0658914728688,24.43014027316354,0
4995,4,0,0,43,0.0,0.0,1.0,43,1200,700,500,0.5833333333333334,17,7,10,335.32344742407696,0.37624584717607973,0.10802941505841979,0.19807086623917453,131651.11889497325,229.14140901989242,131880.26030399313,4172,12,968.6279069767442,42,1,14,34.8318540899506,0.626736111111111,43.435077519379846,1026.2596899224804,24.43475452196382,0
4996,4,0,0,43,0.0,0.0,1.0,43,750,400,350,0.5333333333333333,11,4,7,335.8501738900906,0.3751614987080103,0.11514223326169137,0.19897746367848984,131765.27795712816,250.67830291552667,132015.9562600437,4173,13,969.6279069767442,43,0,14,34.70339113324725,0.626453488372093,43.32386363636364,1026.704545454546,23.876849894291766,0
4997,4,0,0,43,0.0,0.0,1.0,43,850,500,350,0.5882352941176471,12,5,7,334.41700617960265,0.3751614987080103,0.1296433928354257,0.19509548055426967,131175.63952664388,176.5039512705789,131352.14347791445,4174,14,970.6279069767442,41,2,15,35.33435018400154,0.6234756097560975,43.89880952380952,1024.404761904761,24.9854819976771,5
4998,4,0,0,43,0.0,0.0,1.0,43,1000,800,200,0.8,12,8,4,335.79841981315576,0.37511535622000736,0.12262320178302155,0.19642115949433145,131277.28666698144,216.54108402619443,131493.82775100763,4175,15,971.6279069767442,41,2,15,35.19643433365605,0.6244918699186992,43.79960317460317,1024.801587301586,24.995160665892342,0
4999,4,1,0,44,0.022727272727272728,0.0,1.0,44,1250,1000,250,0.8,15,10,5,295.3769262807165,0.37677281536293167,0.027551020408163263,0.16829615567157083,130262.58680555536,-997.1745874275838,129265.41221812778,4176,0,950.5227272727273,39,5,19,37.25340136054422,0.6175213675213678,44.79166666666666,1020.8333333333318,26.175213675213634,7
5000,4,0,0,44,0.0,0.0,1.0,44,1000,700,300,0.7,13,7,6,296.48830146427946,0.3768388830162086,0.031018716031978366,0.1691605547702482,130315.76063368034,-1072.580295138913,129243.18033854142,4177,1,951.5227272727273,39,5,19,37.171410596476925,0.6180555555555557,44.73958333333332,1021.0416666666649,26.18055555555551,0
