period,mktsize,entries,exits,surviv,entryrate,exitrate,survivrate,firms,totresinv,totinninv,totimiinv,costshareinn,firmsres,firmsinn,firmsimi,hindex,div,gini,pcm,cs,totprofits,ts,maxage,minage,avgage,actfirms,inactfirms,profitablefirms,wmc,avgproxopt,price,totoutput,avgoutput,magtechshock
1,4,40,20,20,1.0,0.5,0.5,40,0,0,0,0,0,0,0,393.4503308705494,0.4990918803418803,0.2254131714035308,0.174099046684935,119755.9400981593,2823.6028510668916,122579.5429492262,0,0,0.0,33,7,20,45.67252514502734,0.5211489898989898,55.30024509803921,978.7990196078428,29.66057635175281,0
2,4,19,17,22,0.48717948717948717,0.4358974358974359,0.5641025641025641,39,300,300,0,1.0,3,3,0,330.8027237846523,0.49935335132703557,-0.0625325128636387,0.15679752423335308,122744.64111328126,320.8523220486125,123065.49343532987,1,0,0.5128205128205128,39,0,12,44.07050439749115,0.5408653846153846,52.265625,990.9375000000001,25.40865384615385,0
3,4,12,17,17,0.35294117647058826,0.5,0.5,34,450,300,150,0.6666666666666666,6,3,3,341.14937954254367,0.4974561794414736,0.0397774853451367,0.165698295386178,123782.73986678009,1645.6809807256252,125428.42084750571,2,0,1.088235294117647,34,0,15,42.73313195358295,0.560968137254902,51.220238095238095,995.1190476190479,29.268207282913174,0
4,4,19,16,20,0.5277777777777778,0.4444444444444444,0.5555555555555556,36,450,400,50,0.8888888888888888,5,4,1,332.6069522501621,0.49208002645502646,-0.11605251613711831,0.16463208440523108,124578.05937271746,1087.1057290398678,125665.16510175733,3,0,0.9444444444444444,36,0,15,42.12116939274301,0.5651041666666667,50.422297297297305,998.310810810812,27.73085585585589,0
5,4,9,8,21,0.3103448275862069,0.27586206896551724,0.7241379310344828,29,450,300,150,0.6666666666666666,6,3,3,371.84514527093535,0.48522167487684725,-0.018976059496655262,0.18530454746327224,124861.14969135808,3485.8024691358114,128346.9521604939,4,0,1.7586206896551724,29,0,20,40.84792477302207,0.5847701149425287,50.13888888888889,999.4444444444448,34.46360153256706,0
6,4,9,6,24,0.3,0.2,0.8,30,1000,700,300,0.7,13,7,6,372.4006750844013,0.4845545977011494,-0.061631595407228734,0.1893988709478333,125706.64103147745,3362.647596542929,129069.28862802038,5,0,2.066666666666667,30,0,19,39.95805968815618,0.590625,49.294354838709666,1002.8225806451599,33.42741935483866,0
7,4,3,3,24,0.1111111111111111,0.1111111111111111,0.8888888888888888,27,800,600,200,0.75,10,6,4,398.41046705194856,0.4794634377967711,0.018760159922675212,0.20355152953017713,125894.4515306121,4631.533446711998,130525.9849773241,6,0,3.185185185185185,27,0,22,39.11130881771453,0.6018518518518519,49.10714285714285,1003.5714285714273,37.16931216931212,0
8,4,3,1,26,0.1111111111111111,0.037037037037037035,0.962962962962963,27,1050,800,250,0.7619047619047619,13,8,5,397.0271547080231,0.4766144349477683,-0.022120179726459854,0.20413787672763606,126155.93389048314,4617.466296414382,130773.40018689752,7,0,3.6296296296296298,27,0,25,38.87525922085617,0.6045524691358024,48.84672619047618,1004.613095238094,37.207892416225704,0
9,4,3,5,24,0.10344827586206896,0.1724137931034483,0.8275862068965517,29,550,400,150,0.7272727272727273,7,4,3,391.0312260670021,0.4752155172413793,-0.018388250673996964,0.19567865593526665,125034.7246334879,3978.496334876573,129013.22096836448,8,0,4.103448275862069,29,0,18,40.18813937878996,0.586566091954023,49.96527777777779,1000.138888888891,34.48754789272038,8
10,4,1,1,24,0.04,0.04,0.96,25,900,600,300,0.6666666666666666,12,6,6,431.24896441254367,0.47430555555555554,0.029051212072563892,0.21336376483921649,124559.68331381494,5743.246887327423,130302.93020114236,9,0,5.4,25,0,19,39.678486380906506,0.5954166666666667,50.44070512820513,998.2371794871797,39.92948717948719,0
11,4,4,3,25,0.14285714285714285,0.10714285714285714,0.8928571428571429,28,1100,900,200,0.8181818181818182,13,9,4,390.9529452457115,0.4724977954144621,0.03348661352953153,0.20064325163491376,126079.90859096323,4258.262319989439,130338.17091095267,10,0,5.392857142857143,28,0,20,39.10646161182641,0.6004464285714286,48.92241379310345,1004.310344827587,35.868226600985246,0
12,4,3,3,25,0.10714285714285714,0.10714285714285714,0.8928571428571429,28,1000,700,300,0.7,13,7,6,385.25002975850276,0.4733245149911816,0.021891704410984536,0.19981634876807688,126513.17256242577,4147.840698903432,130661.0132613292,11,0,5.928571428571429,28,0,21,38.80200894982387,0.6049107142857143,48.49137931034483,1006.0344827586214,35.929802955665046,0
13,4,1,0,26,0.038461538461538464,0.0,1.0,26,700,500,200,0.7142857142857143,9,5,4,405.32406469348825,0.4735576923076923,0.019930553094993808,0.20901628134193875,126276.38996056221,5036.571930727001,131312.96189128922,12,0,6.8076923076923075,26,0,22,38.54214647627822,0.609375,48.72685185185184,1005.092592592591,38.65740740740735,0
14,4,0,0,26,0.0,0.0,1.0,26,800,300,500,0.375,13,3,10,431.01291419022937,0.47323717948717947,0.04651259161032861,0.21894377666097883,125656.72451322204,5631.9342040085285,131288.65871723057,13,1,7.8076923076923075,26,0,20,38.54054435380431,0.6029647435897436,49.34413580246913,1002.6234567901232,38.56244064577397,8
15,4,0,0,26,0.0,0.0,1.0,26,1400,1100,300,0.7857142857142857,17,11,6,430.3497024822646,0.4719230769230769,0.045983536758444465,0.2200467346654598,125927.64060356647,5638.584533607671,131566.22513717413,14,2,8.807692307692308,26,0,20,38.27548431734317,0.6057692307692308,49.07407407407407,1003.7037037037032,38.60398860398858,0
16,4,1,2,25,0.037037037037037035,0.07407407407407407,0.9259259259259259,27,750,600,150,0.8,9,6,3,417.6861052121007,0.4730531813865147,0.0374425920445447,0.21613496929734904,126417.6875177155,5160.582305839003,131578.2698235545,15,0,9.444444444444445,27,0,18,38.085109006609436,0.6072530864197531,48.586309523809526,1005.6547619047625,37.24647266313935,0
17,4,2,2,25,0.07407407407407407,0.07407407407407407,0.9259259259259259,27,300,100,200,0.3333333333333333,5,1,4,412.6266176993558,0.4725783475783476,0.04230927157756437,0.21488984362864824,126679.71241230863,5054.2842527635985,131733.99666507222,16,0,9.88888888888889,27,0,20,37.94114929785661,0.6099537037037037,48.325892857142854,1006.6964285714282,37.2850529100529,0
18,4,2,1,26,0.07407407407407407,0.037037037037037035,0.962962962962963,27,1300,1100,200,0.8461538461538461,15,11,4,393.27627943824837,0.46777065527065526,0.005497472144504911,0.20979883846544756,127655.32270851062,4640.762073058411,132296.08478156902,17,0,9.703703703703704,27,0,21,37.422845187257636,0.6199845679012346,47.35863095238096,1010.5654761904773,37.428350970017675,0
19,4,2,1,27,0.07142857142857142,0.03571428571428571,0.9642857142857143,28,850,600,250,0.7058823529411765,11,6,5,377.2301192092954,0.4669312169312169,0.011165146909827728,0.20426054841977975,128253.66007728898,4076.228695996838,132329.8887732858,18,0,9.964285714285714,28,0,24,37.2145390070922,0.6227678571428572,46.76724137931035,1012.931034482759,36.17610837438425,0
20,4,1,0,28,0.03571428571428571,0.0,1.0,28,500,100,400,0.2,9,1,8,375.85449368194384,0.4657462522045855,0.008370298353284511,0.20407249760883375,128362.83535225932,4049.149697780435,132411.98505003977,19,0,10.857142857142858,28,0,25,37.13756557493265,0.6238839285714286,46.6594827586207,1013.3620689655181,36.19150246305422,0
21,4,0,1,27,0.0,0.03571428571428571,0.9642857142857143,28,600,400,200,0.6666666666666666,8,4,4,374.87836031665745,0.46563602292768963,0.006606256960615564,0.2039141736340803,128435.6446731736,4029.5487762584444,132465.19344943206,20,1,11.857142857142858,28,0,21,37.08776281596977,0.6246279761904762,46.58764367816093,1013.6494252873574,36.201765188834194,0
22,4,1,0,28,0.03571428571428571,0.0,1.0,28,750,400,350,0.5333333333333333,11,4,7,394.8665198356838,0.46513999118165783,0.05692362598144163,0.20534817902367974,126621.60467449468,4399.7264747654945,131021.33114926018,21,0,12.785714285714286,28,0,21,38.44813228646205,0.6060267857142857,48.383620689655174,1006.4655172413795,35.94519704433498,8
23,4,2,0,30,0.06666666666666667,0.0,1.0,30,700,200,500,0.2857142857142857,12,2,10,372.7064740433765,0.4669540229885058,0.06685303514376995,0.19772394300945229,127431.06139438093,3498.8763151809558,130929.93770956188,22,0,12.866666666666667,30,0,21,38.17281238906638,0.6083333333333334,47.58064516129033,1009.6774193548393,33.655913978494645,0
24,4,3,0,33,0.09090909090909091,0.0,1.0,33,900,500,400,0.5555555555555556,13,5,8,345.67555352395306,0.46977588383838387,0.06729119936667116,0.1875357924236249,128330.72015570926,2272.1585447904567,130602.87870049971,23,0,12.606060606060606,33,0,24,37.934909691985176,0.6098484848484849,46.69117647058823,1013.2352941176464,30.704099821746862,0
25,4,0,1,32,0.0,0.030303030303030304,0.9696969696969697,33,1050,800,250,0.7619047619047619,13,8,5,346.95589746888925,0.46973642676767674,0.06528159466490746,0.18852334244860156,128392.81316080359,2309.3287437524077,130702.141904556,24,1,13.606060606060606,33,0,15,37.83907698508666,0.610479797979798,46.629901960784316,1013.4803921568631,30.71152703505646,0
26,4,1,1,32,0.030303030303030304,0.030303030303030304,0.9696969696969697,33,950,800,150,0.8421052631578947,11,8,3,365.65625218440755,0.46875,0.13898221143007095,0.1881993478757037,126197.70828827863,2628.9962093906315,128826.70449766927,25,0,14.303030303030303,33,0,21,39.62005020937514,0.5880681818181819,48.805147058823536,1004.7794117647067,30.447860962566867,8
27,4,2,0,34,0.058823529411764705,0.0,1.0,34,700,500,200,0.7142857142857143,9,5,4,363.7978338077453,0.4682857991681521,0.1609519575425824,0.19110670326823734,127032.00113378682,2442.7933673469347,129474.79450113376,26,0,14.205882352941176,34,0,21,38.80761887891671,0.5943627450980392,47.976190476190474,1008.0952380952378,29.649859943977585,0
28,4,0,1,33,0.0,0.029411764705882353,0.9705882352941176,34,1400,1100,300,0.7857142857142857,17,11,6,361.6128259008776,0.4675616458704694,0.15636173034066658,0.19066244392396625,127182.05959467127,2398.132794784588,129580.19238945586,27,1,15.205882352941176,34,0,22,38.70849561351744,0.5958946078431373,47.827380952380956,1008.6904761904768,29.66736694677873,0
29,4,4,1,36,0.10810810810810811,0.02702702702702703,0.972972972972973,37,1150,600,550,0.5217391304347826,17,6,11,338.1937035343527,0.4685935935935936,0.1626070514959408,0.18262459990855065,128144.5312500001,1267.5347222222358,129412.06597222234,28,0,14.621621621621621,37,0,24,38.314471879286714,0.5996621621621622,46.87500000000001,1012.5000000000008,27.364864864864888,0
30,4,2,3,35,0.05263157894736842,0.07894736842105263,0.9210526315789473,38,1100,800,300,0.7272727272727273,14,8,6,332.1260367080016,0.46710526315789475,0.16389279152707203,0.18173638188404126,128672.41753472216,947.0920138888844,129619.50954861105,29,0,15.026315789473685,37,1,18,37.92992813141684,0.6050112612612613,46.354166666666664,1014.5833333333328,27.421171171171157,0
31,4,0,1,34,0.0,0.02857142857142857,0.9714285714285714,35,800,500,300,0.625,11,5,6,383.71137065451046,0.4656162464985994,0.18389845744489586,0.1956977247253363,125822.05419089887,2745.931338320065,128567.98552921893,30,1,16.542857142857144,32,3,18,39.555017199429486,0.5865885416666667,49.17929292929293,1003.2828282828281,31.352588383838377,8
32,4,1,1,34,0.02857142857142857,0.02857142857142857,0.9714285714285714,35,1050,600,450,0.5714285714285714,15,6,9,380.21599765165337,0.46635154061624645,0.1876609064473711,0.1951168323278247,126076.52664184582,2587.4577640891284,128663.98440593494,31,0,17.4,31,4,20,39.379537793335935,0.591733870967742,48.92578125000001,1004.2968750000009,32.396673387096804,0
33,4,0,1,33,0.0,0.029411764705882353,0.9705882352941176,34,1000,600,400,0.6,14,6,8,355.04555029933454,0.46628045157456927,0.11506251985330196,0.17596783113375766,124632.6232698961,2050.051662821976,126682.67493271807,32,1,18.029411764705884,33,1,16,41.50456144657174,0.571969696969697,50.36764705882352,998.5294117647052,30.258467023172884,8
34,4,3,1,35,0.08333333333333333,0.027777777777777776,0.9722222222222222,36,1000,700,300,0.7,13,7,6,344.24832655440406,0.4683531746031746,0.14544409774387823,0.1736898407973909,125376.4403961975,1432.1259591477815,126808.56635534529,33,0,17.916666666666668,35,1,16,41.004685272930395,0.5752976190476191,49.62384259259258,1001.504629629628,28.61441798941794,0
35,4,2,0,37,0.05405405405405406,0.0,1.0,37,1550,1200,350,0.7741935483870968,19,12,7,333.3506335739072,0.4701889389389389,0.14139919592017391,0.1705790785119294,125959.03969848233,997.705137570008,126956.74483605234,34,0,17.91891891891892,36,1,19,40.677118390546696,0.5792824074074074,49.042792792792795,1003.8288288288294,27.88413413413415,0
36,4,3,2,38,0.075,0.05,0.95,40,950,600,350,0.631578947368421,13,6,7,314.63413698259143,0.4710870726495726,0.15583695767476424,0.16432443265013238,126795.9347491599,-21.105565858250543,126774.82918330166,35,0,17.5,38,2,16,40.28831194087903,0.5841557017543859,48.210470085470085,1007.1581196581196,26.504161043634728,0
37,4,2,3,37,0.05,0.075,0.925,40,1250,1000,250,0.8,15,10,5,314.9774822701882,0.4717815170940171,0.17316867731768237,0.16627124580424552,127230.25504241676,15.278362166463069,127245.53340458321,36,0,18.025,37,3,20,39.83523077201752,0.5903716216216216,47.77960526315788,1008.8815789473673,27.267069701280196,0
38,4,0,0,37,0.0,0.0,1.0,37,1350,1100,250,0.8148148148148148,16,11,5,331.2615258520591,0.471753003003003,0.15881170426624935,0.1742723679482573,127092.01388888899,1020.1388888888994,128112.1527777779,37,1,19.243243243243242,36,1,21,39.56611570247934,0.5908564814814814,47.91666666666667,1008.3333333333343,28.009259259259284,0
39,4,2,3,36,0.05128205128205128,0.07692307692307693,0.9230769230769231,39,1550,800,750,0.5161290322580645,23,8,15,323.292881671578,0.4724190283400809,0.1792786277839622,0.17340587596514637,127874.24123612038,468.1663881583911,128342.40762427877,38,0,19.205128205128204,38,1,17,38.96737790922854,0.5951206140350878,47.142094017094024,1011.431623931625,26.616621682411186,0
40,4,1,0,37,0.02702702702702703,0.0,1.0,37,1050,700,350,0.6666666666666666,14,7,7,333.4808866813569,0.472190940940941,0.1518578449359662,0.1794406735160883,128002.04554216389,1137.2471288856527,129139.29267104954,39,0,18.54054054054054,36,1,20,38.57922509088212,0.6001157407407407,47.01576576576577,1011.9369369369377,28.10935935935938,0
41,4,1,2,36,0.02631578947368421,0.05263157894736842,0.9473684210526316,38,1200,600,600,0.5,18,6,12,326.7508106643564,0.47258771929824567,0.14621312223014815,0.17783620299882302,128458.27880245095,794.8486070529877,129253.12740950394,40,0,19.026315789473685,36,2,16,38.284316448196705,0.6047453703703703,46.56531531531531,1013.7387387387375,28.159409409409378,0
42,4,2,4,34,0.05263157894736842,0.10526315789473684,0.8947368421052632,38,1350,1200,150,0.8888888888888888,15,12,3,321.60037772638947,0.4731211474632527,0.1382526922493561,0.1775690702477042,129029.71172185698,699.2008055352701,129728.91252739224,41,0,18.44736842105263,36,2,18,37.83367509051949,0.6105324074074074,46.002252252252255,1015.9909909909909,28.221971971971968,0
43,4,0,1,33,0.0,0.029411764705882353,0.9705882352941176,34,1200,900,300,0.75,15,9,6,348.5340853925727,0.46919563279857396,0.1364251534631935,0.19020896050348005,128566.75347222203,2161.979166666642,130728.73263888867,42,1,20.235294117647058,34,0,18,37.6215420432758,0.6099877450980392,46.45833333333332,1014.166666666665,29.828431372548973,0
44,4,0,1,32,0.0,0.030303030303030304,0.9696969696969697,33,950,700,250,0.7368421052631579,12,7,5,357.9702300595619,0.4676846590909091,0.1351992618304847,0.19541963218818825,128579.18228565934,2605.503892733562,131184.6861783929,43,2,21.727272727272727,33,0,19,37.36960286772997,0.6123737373737373,46.44607843137255,1014.2156862745096,30.73380867498514,0
45,4,0,0,32,0.0,0.0,1.0,32,950,800,150,0.8421052631578947,11,8,3,366.4690189919133,0.46610383064516125,0.13760268857356261,0.20028653731843765,128624.38303489452,3027.37029384759,131651.7533287421,44,3,23.125,32,0,20,37.107916355489195,0.615234375,46.40151515151516,1014.3939393939404,31.699810606060637,0
46,4,1,1,32,0.030303030303030304,0.030303030303030304,0.9696969696969697,33,1100,600,500,0.5454545454545454,16,6,10,355.6364861882311,0.4650015782828283,0.13541906463647702,0.19675072581447647,129107.96215698296,2583.1004000865128,131691.06255706947,45,0,23.393939393939394,33,0,23,36.88941979179226,0.617739898989899,45.92524509803922,1016.2990196078438,30.796939988116478,0
47,4,0,3,29,0.0,0.09375,0.90625,32,1200,800,400,0.6666666666666666,16,8,8,365.2464025307663,0.46463373655913975,0.12682453416149042,0.20221688723333375,129137.21335833096,3033.380522395696,132170.59388072666,46,1,23.78125,32,0,24,36.615424430641816,0.6204427083333333,45.89646464646466,1016.4141414141429,31.762941919191967,0
48,4,1,0,30,0.03333333333333333,0.0,1.0,30,950,500,450,0.5263157894736842,14,5,9,376.7975258435166,0.46333812260536394,0.10889417779540733,0.20877067311022107,129167.22896071809,3733.9784584923264,132901.2074192104,47,0,24.0,30,0,25,36.29126448940016,0.6260416666666666,45.866935483870975,1016.5322580645168,33.88440860215056,0
49,4,1,0,31,0.03225806451612903,0.0,1.0,31,1050,600,450,0.5714285714285714,15,6,9,365.02669809413,0.4636200716845878,0.10561535383206322,0.20430520775934194,129565.6861199275,3258.986918131534,132824.67303805903,48,0,24.193548387096776,31,0,22,36.1844278893294,0.6273521505376345,45.47526041666668,1018.098958333335,32.84190188172048,0
50,4,0,2,29,0.0,0.06451612903225806,0.935483870967742,31,900,600,300,0.6666666666666666,12,6,6,364.4973688138873,0.46366487455197136,0.10162878272310683,0.2043536861285603,129631.97708129894,3250.1029120551348,132882.07999335407,49,1,25.193548387096776,31,0,24,36.13042343263863,0.6280241935483871,45.41015625000001,1018.3593750000009,32.85030241935487,0
51,4,3,0,32,0.09375,0.0,1.0,32,600,300,300,0.5,9,3,6,349.716776262321,0.4614205309139785,0.07895785513899511,0.19959817754360412,130329.05578613278,2717.181566026475,133046.23735215925,50,0,23.15625,31,1,27,35.7992221372099,0.6350806451612903,44.7265625,1021.0937499999998,32.93850806451612,0
52,4,2,2,32,0.058823529411764705,0.058823529411764705,0.9411764705882353,34,1300,1100,200,0.8461538461538461,15,11,4,332.1098398370049,0.461267082590612,0.0796156365096019,0.19278064573721368,130982.9171021963,1900.1431240388285,132883.06022623513,51,0,22.735294117647058,33,1,21,35.587887585298674,0.6366792929292929,44.08700980392157,1023.6519607843139,31.01975638740345,0
53,4,0,0,32,0.0,0.0,1.0,32,1050,600,450,0.5714285714285714,15,6,9,350.5325823610656,0.4614205309139785,0.09106381993330914,0.20172440080863885,130649.55305899907,2759.3850436180005,133408.93810261707,52,1,25.09375,32,0,21,35.453717426207234,0.6357421875,44.41287878787879,1022.3484848484848,31.94839015151515,0
54,4,0,0,32,0.0,0.0,1.0,32,900,600,300,0.6666666666666666,12,6,6,350.00943309853136,0.4612315188172043,0.09168930600148162,0.2015914928329949,130681.82615294354,2747.974377614521,133429.80053055807,53,2,26.09375,32,0,21,35.43441796328311,0.6360677083333333,44.38131313131313,1022.4747474747472,31.95233585858585,0
55,4,0,1,31,0.0,0.03125,0.96875,32,950,600,350,0.631578947368421,13,6,7,350.26063100137185,0.46097950268817206,0.08912037037037068,0.20207344096232988,130746.38429752066,2759.062213039489,133505.44651056014,54,3,27.09375,32,0,22,35.36265432098767,0.63671875,44.31818181818182,1022.7272727272727,31.960227272727273,0
56,4,0,0,31,0.0,0.0,1.0,31,700,600,100,0.8571428571428571,8,6,2,353.67435143905635,0.46008064516129027,0.07122646352230966,0.20412285308991823,130761.51741875536,3049.3989732530326,133810.9163920084,55,4,27.387096774193548,31,0,23,35.260051983874405,0.6394489247311828,44.303385416666664,1022.7864583333328,32.99311155913977,0
57,4,0,0,31,0.0,0.0,1.0,31,800,500,300,0.625,11,5,6,355.0142765573103,0.45918458781362004,0.06724123779036395,0.2057826116327772,130928.0395507812,3096.264648437499,134024.3041992187,56,5,28.387096774193548,31,0,24,35.05725190839695,0.6411290322580645,44.140625,1023.4374999999997,33.014112903225794,0
58,4,0,0,31,0.0,0.0,1.0,31,1000,700,300,0.7,13,7,6,354.50056867044975,0.4583333333333333,0.06720703573655373,0.20619766804914313,131061.33355034713,3092.2634548611045,134153.59700520823,57,6,29.387096774193548,31,0,26,34.93557138012886,0.6424731182795699,44.010416666666664,1023.9583333333326,33.0309139784946,0
59,4,0,0,31,0.0,0.0,1.0,31,1350,1000,350,0.7407407407407407,17,10,7,353.24661066343333,0.457078853046595,0.06584416116735659,0.20654166611598943,131261.40170627157,3073.529052734356,134334.93075900592,58,7,30.387096774193548,31,0,26,34.765459551037694,0.644489247311828,43.81510416666666,1024.7395833333321,33.05611559139781,0
60,4,1,0,32,0.03125,0.0,1.0,32,600,500,100,0.8333333333333334,7,5,2,343.0666273767173,0.45730426747311825,0.06328928163472547,0.20217067741968248,131561.79004245327,2626.9088745117137,134188.698916965,59,0,30.40625,31,1,19,34.72323581672802,0.647513440860215,43.522135416666664,1025.9114583333328,33.093918010752674,0
61,4,0,2,30,0.0,0.0625,0.9375,32,800,600,200,0.75,10,6,4,366.17939348184973,0.45703125,0.03466602340637448,0.19980658209553082,128560.35098459327,3015.2302698704048,131575.58125446367,60,1,31.40625,32,0,17,37.18070426626826,0.6145833333333333,46.46464646464646,1014.141414141413,31.691919191919155,8
62,4,1,1,30,0.03225806451612903,0.03225806451612903,0.967741935483871,31,900,600,300,0.6666666666666666,12,6,6,373.3929357714068,0.45770609318996414,0.058017327378168115,0.2044870800046782,128705.44645521359,3411.540900336348,132116.98735554994,61,0,32.54838709677419,31,0,18,36.84944287608538,0.6186155913978495,46.32161458333332,1014.7135416666653,32.73269489247307,0
63,4,0,1,29,0.0,0.03333333333333333,0.9666666666666667,30,1000,700,300,0.7,13,7,6,381.05106776145135,0.45625,0.08007683136839328,0.20859713636919472,128689.46419022429,3807.451547866803,132496.91573809108,62,1,34.3,30,0,18,36.6715238221398,0.6211805555555556,46.33736559139785,1014.6505376344085,33.821684587813614,0
64,4,0,0,29,0.0,0.0,1.0,29,1000,800,200,0.8,12,8,4,390.07545851450425,0.45545977011494254,0.087540783900806,0.21306814312127334,128601.97000385798,4232.894483024684,132834.86448688267,63,2,35.58620689655172,29,0,19,36.53221849468254,0.6232040229885057,46.42361111111111,1014.3055555555552,34.97605363984673,0
65,4,0,0,29,0.0,0.0,1.0,29,700,400,300,0.5714285714285714,10,4,6,395.0458502862103,0.4548953201970443,0.08606534171337943,0.21674137191378556,128778.12499999993,4374.652777777763,133152.7777777777,64,3,36.58620689655172,29,0,20,36.22571154898739,0.625,46.24999999999999,1014.9999999999994,34.99999999999998,0
66,4,1,0,30,0.03333333333333333,0.0,1.0,30,650,300,350,0.46153846153846156,10,3,7,412.4037563261532,0.4562978927203065,0.09475283070974871,0.21363576561616623,126462.58680555571,4455.729166666691,130918.3159722224,65,0,36.333333333333336,29,1,18,38.17143054404862,0.6012931034482758,48.54166666666668,1005.8333333333346,34.683908045977056,8
67,4,2,1,31,0.0625,0.03125,0.96875,32,1350,1100,250,0.8148148148148148,16,11,5,366.97963583036636,0.4576612903225807,0.09297450562233456,0.19197575675588502,126862.35427856422,2911.1801147460637,129773.53439331028,66,0,35.0,31,1,22,38.90194842962387,0.5997983870967742,48.144531249999986,1007.4218749999982,32.497479838709616,8
68,4,2,0,33,0.06060606060606061,0.0,1.0,33,950,700,250,0.7368421052631579,12,7,5,358.78250000000014,0.4589251893939394,0.1046590909090912,0.19084175531914893,127538.0063258851,2551.680950923373,130089.68727680847,67,0,34.72727272727273,32,1,19,38.41458333333335,0.6041666666666667,47.474747474747474,1010.1010101010099,31.56565656565656,0
69,4,1,2,32,0.029411764705882353,0.058823529411764705,0.9411764705882353,34,1200,700,500,0.5833333333333334,17,7,10,372.029002716411,0.46043152109328583,0.034764728032546044,0.19284027746529908,126487.9879125854,2666.9349747474685,129154.92288733287,68,0,34.6764705882353,32,2,19,39.160495376762476,0.5934244791666667,48.51641414141414,1005.9343434343431,31.43544823232322,8
70,4,4,0,36,0.1111111111111111,0.0,1.0,36,1250,900,350,0.72,16,9,7,380.79796588044564,0.4623511904761905,0.10181670818012889,0.1946942177282012,125924.32149943316,2391.7838845057536,128316.10538393892,69,0,31.72222222222222,34,2,18,39.52229865970821,0.5830269607843137,49.077380952380956,1003.6904761904767,29.520308123249315,8
71,4,2,3,35,0.05263157894736842,0.07894736842105263,0.9210526315789473,38,1350,1000,350,0.7407407407407407,17,10,7,364.73777379663886,0.46415659080132765,0.10683609628503765,0.1892315488443189,126524.89271365953,1629.6815396477487,128154.57425330728,70,0,31.0,36,2,17,39.30583538541899,0.5850694444444444,48.479729729729726,1006.0810810810806,27.946696696696684,0
72,4,3,1,37,0.07894736842105263,0.02631578947368421,0.9736842105263158,38,950,500,450,0.5263157894736842,14,5,9,362.10981266289593,0.46380097202465626,0.12321884523515281,0.18944060725627315,126865.01323959105,1587.8132355328362,128452.82647512389,71,0,31.763157894736842,36,2,19,39.02186265742601,0.5885416666666667,48.141891891891895,1007.4324324324333,27.984234234234258,0
73,4,3,4,36,0.075,0.1,0.9,40,1450,1100,350,0.7586206896551724,18,11,7,344.96186814832123,0.4659321581196581,0.12024429967426742,0.18322369121372753,127479.27847991673,795.30091653473,128274.57939645146,72,0,31.1,37,3,13,38.823742309084324,0.5929054054054055,47.532894736842096,1009.8684210526301,27.293741109530544,0
74,4,0,1,35,0.0,0.027777777777777776,0.9722222222222222,36,1000,700,300,0.7,13,7,6,368.92473960372797,0.46488095238095234,0.12017371353654593,0.19480605408981894,127242.10778061226,2188.5522959183745,129430.66007653064,73,1,33.361111111111114,34,2,21,38.462389380530965,0.5965073529411764,47.767857142857146,1008.9285714285716,29.674369747899163,0
75,4,3,3,35,0.07894736842105263,0.07894736842105263,0.9210526315789473,38,900,400,500,0.4444444444444444,14,4,10,352.271875947149,0.4659643195827406,0.11882244020204125,0.1890146947286316,127888.11404309716,1410.2771690609534,129298.39121215811,74,0,31.05263157894737,36,2,16,38.220422326133736,0.5989583333333333,47.12837837837838,1011.4864864864866,28.096846846846848,0
76,4,3,1,37,0.07894736842105263,0.02631578947368421,0.9736842105263158,38,750,300,450,0.4,12,3,9,357.1610018797942,0.46553461356092934,0.1285466753303004,0.19286694101508928,128144.53125000041,1553.6458333333771,129698.17708333378,75,0,31.894736842105264,36,2,20,37.834362139917694,0.6015625,46.87500000000002,1012.5000000000033,28.125000000000092,0
77,4,1,0,38,0.02631578947368421,0.0,1.0,38,900,600,300,0.6666666666666666,12,6,6,363.5359821895913,0.4662458511142722,0.14956345653493264,0.19790004151638474,128466.99948827598,1740.4753675840311,130207.47485586001,76,0,32.71052631578947,35,3,13,37.34313753472619,0.606845238095238,46.55671296296297,1013.7731481481488,28.96494708994711,0
78,4,1,3,36,0.02564102564102564,0.07692307692307693,0.9230769230769231,39,1150,900,250,0.782608695652174,14,9,5,352.9566732446688,0.46710526315789475,0.14756962227002135,0.1934820887640486,128743.8367421478,1288.1992634526678,130032.03600560047,77,0,32.84615384615385,36,3,14,37.32870062139369,0.6076388888888888,46.2837837837838,1014.864864864867,28.190690690690747,0
79,4,1,1,36,0.02702702702702703,0.02702702702702703,0.972972972972973,37,1100,800,300,0.7272727272727273,14,8,6,363.21887263479186,0.46449574574574576,0.14374976892076763,0.19963383150077657,128848.62075617287,1960.0501543209907,130808.67091049386,78,0,34.0,35,2,15,36.96135430916553,0.6107142857142858,46.18055555555556,1015.2777777777779,29.007936507936513,0
80,4,0,3,33,0.0,0.08333333333333333,0.9166666666666666,36,1000,600,400,0.6,14,6,8,364.55306229980357,0.46496362433862437,0.12984783939761102,0.20046892768246458,128868.76594387763,2195.90065192745,131064.66659580509,79,1,34.05555555555556,34,2,15,36.906925391800534,0.6130514705882353,46.16071428571429,1015.3571428571435,29.86344537815128,0
81,4,0,1,32,0.0,0.030303030303030304,0.9696969696969697,33,1150,600,550,0.5217391304347826,17,6,11,393.0856523905304,0.46137152777777773,0.13496569394796065,0.21331886659017502,128342.36145019544,3489.90817599828,131832.26962619374,80,2,37.45454545454545,31,2,19,36.722029469716446,0.6149193548387097,46.67968750000001,1013.281250000001,32.68649193548391,0
82,4,2,2,32,0.058823529411764705,0.058823529411764705,0.9411764705882353,34,1050,800,250,0.7619047619047619,13,8,5,381.29653923096936,0.4617684194890077,0.12951637563370122,0.20956975201341244,128848.62075617287,3025.906635802473,131874.52739197534,81,0,36.411764705882355,32,2,17,36.50250797993617,0.6175130208333333,46.18055555555556,1015.2777777777779,31.72743055555556,0
83,4,0,0,32,0.0,0.0,1.0,32,800,600,200,0.75,10,6,4,407.8782348925891,0.4595094086021505,0.1397302492046657,0.22232900318133605,128519.04844490689,4084.024525956748,132603.07297086364,82,1,38.9375,30,2,17,36.16588237893247,0.6194444444444445,46.50537634408602,1013.9784946236556,33.79928315412185,0
84,4,0,0,32,0.0,0.0,1.0,32,800,600,200,0.75,10,6,4,406.7897708962528,0.45902637768817206,0.13217586458195285,0.22230574952599713,128621.28434284315,4064.3645580413954,132685.64890088455,83,2,39.9375,30,2,17,36.088567201095366,0.6204861111111111,46.40456989247312,1014.3817204301079,33.81272401433693,0
85,4,0,0,32,0.0,0.0,1.0,32,1200,1000,200,0.8333333333333334,14,10,4,425.7451014895262,0.4586273521505377,0.07032808966342952,0.22681261005646836,127600.75451280495,4493.266201294951,132094.0207140999,84,3,40.9375,30,2,14,36.658851048733986,0.6100694444444444,47.41263440860215,1010.3494623655914,33.67831541218638,8
86,4,0,4,28,0.0,0.125,0.875,32,600,200,400,0.3333333333333333,10,2,8,428.34766722370426,0.45841733870967744,0.07252044819789871,0.22858382610752565,127668.66337510134,4537.314826858623,132205.97820195998,85,4,41.9375,30,2,15,36.52303054484197,0.6107638888888889,47.345430107526894,1010.618279569894,33.687275985663135,0
87,4,0,0,28,0.0,0.0,1.0,28,1000,600,400,0.6,14,6,8,470.6485210447221,0.45610119047619047,0.1254643184897084,0.2485541220186102,127247.66851470817,6377.785398567298,133625.45391327547,86,8,47.0,26,2,17,35.89081778321607,0.6193910256410257,47.76234567901235,1008.950617283951,38.805792972459656,0
88,4,1,0,29,0.034482758620689655,0.0,1.0,29,900,600,300,0.6666666666666666,12,6,6,459.38004540906053,0.45587027914614126,0.14347018900082187,0.24667184428837227,127918.62643494895,5952.652884070293,133871.27931901923,87,0,46.3448275862069,27,2,16,35.4804109051682,0.6226851851851851,47.098214285714285,1011.6071428571425,37.46693121693121,0
89,4,1,0,30,0.03333333333333333,0.0,1.0,30,600,400,200,0.6666666666666666,8,4,4,446.69662819825106,0.45610632183908045,0.13763349399867675,0.24275793646459645,128399.23743228952,5471.101284846072,133870.3387171356,88,0,45.766666666666666,28,2,16,35.3053232208676,0.6242559523809523,46.6235632183908,1013.5057471264362,36.19663382594415,0
90,4,0,2,28,0.0,0.06666666666666667,0.9333333333333333,30,500,300,200,0.6,7,3,4,451.5358640904768,0.45507662835249046,0.14043266732794835,0.2460608952035904,128508.47463750174,5605.237027678702,134113.71166518045,89,1,46.766666666666666,28,2,17,35.070084077275524,0.6253720238095238,46.515804597701155,1013.9367816091961,36.21202791461415,0
91,4,1,0,29,0.034482758620689655,0.0,1.0,29,1000,700,300,0.7,13,7,6,456.17260265886335,0.45740968801313625,0.1209374778729726,0.24961354774704111,128672.41753472229,5939.366319444454,134611.78385416674,90,0,45.44827586206897,27,2,18,34.78353867214237,0.6304012345679013,46.35416666666667,1014.5833333333339,37.577160493827186,0
92,4,0,1,28,0.0,0.034482758620689655,0.9655172413793104,29,800,600,200,0.75,10,6,4,474.59902205510747,0.4572044334975369,0.09996998932407086,0.24768909498021216,126766.25307586868,6232.6279478795095,132998.8810237482,91,1,46.44827586206897,28,1,18,36.29143482189566,0.6075148809523809,48.23994252873563,1007.0402298850576,35.965722495894916,8
93,4,2,1,29,0.06666666666666667,0.03333333333333333,0.9666666666666667,30,1150,700,450,0.6086956521739131,16,7,9,455.15511078485554,0.4620210727969349,0.09155123293054324,0.24168095319139515,127467.41470025507,5604.325110134714,133071.7398103898,92,0,44.166666666666664,27,3,18,36.05400825228412,0.6180555555555556,47.544642857142854,1009.8214285714283,37.400793650793645,0
94,4,2,0,31,0.06451612903225806,0.0,1.0,31,1000,800,200,0.8,12,8,4,438.7384588068184,0.45945340501792115,0.09148643695014691,0.23542063643292677,127890.07794953085,5022.059139252195,132912.13708878306,93,0,43.67741935483871,28,3,20,36.03190104166666,0.6190476190476191,47.126436781609186,1011.4942528735621,36.12479474548436,0
95,4,0,0,31,0.0,0.0,1.0,31,600,400,200,0.6666666666666666,8,4,4,436.6812473638716,0.459005376344086,0.09250487856272516,0.23474117129285357,127962.75308825461,4975.786926938816,132938.54001519343,94,1,44.67741935483871,28,3,20,36.0089463220676,0.6197916666666667,47.05459770114942,1011.7816091954014,36.13505747126434,0
96,4,0,2,29,0.0,0.06451612903225806,0.935483870967742,31,1000,800,200,0.8,12,8,4,434.6789840907954,0.45842293906810033,0.11546210314244032,0.21827967730298425,125179.66221181804,4682.593679812405,129862.25589163044,95,2,45.67741935483871,28,3,18,38.94562096195262,0.5911458333333333,49.82040229885058,1000.7183908045985,35.73994252873566,8
97,4,3,1,31,0.09375,0.03125,0.96875,32,600,500,100,0.8333333333333334,7,5,2,417.6310928430397,0.4622185819892473,0.10246196890497261,0.21240256194287094,125706.64103147753,4099.800374320722,129806.44140579825,96,0,42.84375,30,2,19,38.82410758164679,0.590625,49.29435483870967,1002.8225806451604,33.42741935483868,8
98,4,4,3,32,0.11428571428571428,0.08571428571428572,0.9142857142857143,35,1100,700,400,0.6363636363636364,15,7,8,378.9821083490169,0.4644257703081232,0.05385483264385038,0.19797906210216853,126805.71697084504,2612.322877280534,129418.03984812557,94,0,37.31428571428572,32,3,17,38.65801679829509,0.5966796875,48.200757575757585,1007.1969696969716,31.47490530303036,0
99,4,2,1,33,0.058823529411764705,0.029411764705882353,0.9705882352941176,34,1050,800,250,0.7619047619047619,13,8,5,386.6407601038933,0.46342097445038627,0.08914728682170558,0.202750642493505,126960.75439453126,3017.640516493056,129978.39491102433,95,0,39.35294117647059,31,3,19,38.30534022394486,0.6008064516129032,48.046875,1007.8125000000001,32.510080645161295,0
100,4,1,1,33,0.029411764705882353,0.029411764705882353,0.9705882352941176,34,1300,1100,200,0.8461538461538461,15,11,4,375.92491139788467,0.4641079916815211,0.10590001766472401,0.19870316745316752,127283.05785123963,2769.7744490358127,130052.83230027545,96,0,40.14705882352941,32,2,20,38.24371246246247,0.6015625,47.72727272727273,1009.0909090909088,31.5340909090909,0
101,4,0,1,32,0.0,0.030303030303030304,0.9696969696969697,33,700,600,100,0.8571428571428571,8,6,2,383.6252378417834,0.4635416666666667,0.11048012390294226,0.20247468275191693,127223.34120008691,3161.2169053819507,130384.55810546887,97,1,41.515151515151516,31,2,20,38.11091034245394,0.603494623655914,47.786458333333336,1008.8541666666675,32.543682795698956,0
102,4,3,1,34,0.08571428571428572,0.02857142857142857,0.9714285714285714,35,1050,600,450,0.5714285714285714,15,6,9,360.33663914912626,0.465266106442577,0.10462581738919852,0.19398044107519466,128020.48040417151,2226.0939302191505,130246.57433439067,98,0,39.857142857142854,33,2,19,37.88094373133122,0.6066919191919191,46.997549019607845,1012.009803921569,30.66696375519906,0
103,4,2,0,36,0.05555555555555555,0.0,1.0,36,1200,700,500,0.5833333333333334,17,7,10,382.71261621380864,0.46418650793650795,0.13474475929065455,0.20602612677272686,128020.48040417138,2641.1968954248264,130661.67729959621,99,0,39.69444444444444,33,3,16,37.314826027286664,0.6066919191919191,46.99754901960784,1012.0098039215679,30.666963755199028,8
104,4,1,2,35,0.02702702702702703,0.05405405405405406,0.9459459459459459,37,700,300,400,0.42857142857142855,11,3,8,380.0105440676863,0.46418293293293295,0.15616320959832408,0.20675973052628419,128446.04768990923,2362.1704931972727,130808.21818310651,100,0,39.5945945945946,34,3,15,36.94705421804659,0.6087622549019608,46.57738095238095,1013.6904761904757,29.81442577030811,0
105,4,0,1,34,0.0,0.02857142857142857,0.9714285714285714,35,1100,900,200,0.8181818181818182,13,9,4,394.80178271589847,0.4621148459383753,0.15664963230711737,0.213875401939882,128272.40404359244,3128.4347579328564,131400.8388015253,101,1,42.371428571428574,32,3,18,36.75033237774732,0.6116536458333333,46.74873737373737,1013.00505050505,31.656407828282813,0
106,4,0,1,33,0.0,0.029411764705882353,0.9705882352941176,34,700,400,300,0.5714285714285714,10,4,6,392.78027944192587,0.4608957219251337,0.14104894387358713,0.21329191629234753,128368.35048719514,3284.1113151719155,131652.46180236706,102,2,42.23529411764706,32,2,16,36.703110723482006,0.6126302083333333,46.6540404040404,1013.3838383838381,31.66824494949494,0
107,4,1,1,33,0.029411764705882353,0.029411764705882353,0.9705882352941176,34,600,500,100,0.8333333333333334,7,5,2,392.2368263613337,0.4589832144979204,0.1490061861707972,0.21454206261492967,128656.40503838894,3292.756000663196,131949.16103905212,103,0,42.970588235294116,32,2,17,36.421644886952926,0.6155598958333333,46.369949494949495,1014.520202020202,31.70375631313131,0
108,4,1,3,31,0.029411764705882353,0.08823529411764706,0.9117647058823529,34,600,400,200,0.6666666666666666,8,4,4,386.7755202211096,0.4596516636957813,0.12307742940518307,0.212925086183325,128912.72454660214,3172.0572199265084,132084.78176652864,104,0,40.970588235294116,32,2,19,36.297867711053094,0.6181640625,46.11742424242423,1015.530303030301,31.735321969696905,0
109,4,0,0,31,0.0,0.0,1.0,31,800,400,400,0.5,12,4,8,410.22143660732024,0.45658602150537636,0.13434306391965745,0.22367637854145211,128531.54176311723,4345.278742283938,132876.82050540118,105,1,44.774193548387096,29,2,19,36.09365726156233,0.6224856321839081,46.49305555555555,1014.0277777777773,34.96647509578542,0
110,4,2,1,32,0.06060606060606061,0.030303030303030304,0.9696969696969697,33,700,400,300,0.5714285714285714,10,4,6,407.57466114526835,0.45939867424242425,0.10438742022597092,0.21531759192241587,127261.48118640875,3831.0075034766255,131092.4886898854,106,0,43.0,30,3,19,37.46753030504861,0.6065972222222222,47.74865591397849,1009.0053763440854,33.63351254480285,8
111,4,2,0,34,0.058823529411764705,0.0,1.0,34,950,600,350,0.631578947368421,13,6,7,405.93382086249983,0.46358808674985147,0.14302890802526802,0.21575180286240095,127506.12381708492,3554.862703511366,131060.98652059629,107,0,41.6764705882353,32,2,17,37.25674042588656,0.6038411458333333,47.50631313131313,1009.974747474747,31.561710858585844,8
112,4,0,0,34,0.0,0.0,1.0,34,900,600,300,0.6666666666666666,12,6,6,402.94725228337546,0.46291963755199045,0.14453099165962469,0.21518297228341687,127697.47865332615,3491.069629374549,131188.5482827007,108,1,42.6764705882353,32,2,17,37.135123880907756,0.6057942708333333,47.31691919191919,1010.732323232323,31.585385101010093,0
113,4,3,1,36,0.08108108108108109,0.02702702702702703,0.972972972972973,37,900,600,300,0.6666666666666666,12,6,6,394.8093918669626,0.4635885885885886,0.14764138205047805,0.20695998645307911,126946.17419249404,2674.8000166419442,129620.97420913598,109,0,40.13513513513514,35,2,17,38.11456778071284,0.5913690476190476,48.061342592592595,1007.75462962963,28.79298941798943,8
114,4,4,3,37,0.1,0.075,0.925,40,1150,800,350,0.6956521739130435,15,8,7,360.80362247112845,0.4682291666666667,0.14819528658048275,0.19384047105225197,127939.53517500454,1232.4607231653265,129171.99589816986,110,0,37.875,35,5,15,37.95201254623804,0.6014880952380952,47.07754629629631,1011.6898148148168,28.90542328042334,0
115,4,0,0,37,0.0,0.0,1.0,37,1650,1400,250,0.8484848484848485,19,14,5,380.9489872353414,0.46612237237237236,0.14659950982708891,0.20359663496703245,127729.38507550264,2331.675976941144,130061.06105244378,111,1,40.891891891891895,32,5,16,37.65821467232907,0.6061197916666667,47.28535353535354,1010.858585858587,31.589330808080845,0
116,4,1,1,37,0.02631578947368421,0.02631578947368421,0.9736842105263158,38,1250,1000,250,0.8,15,10,5,372.2026875925183,0.4659643195827406,0.1372257842474922,0.200368304702674,128020.48040417161,1929.9133746636094,129950.39377883522,112,0,40.78947368421053,33,5,17,37.58072979736821,0.6066919191919191,46.99754901960785,1012.0098039215698,30.666963755199085,0
117,4,0,0,37,0.0,0.0,1.0,37,1300,900,400,0.6923076923076923,17,9,8,383.1669295123968,0.46499624624624625,0.13995157384987889,0.20659000246556114,128082.49831795463,2415.395520953481,130497.8938389081,113,1,42.729729729729726,33,4,18,37.239709443099265,0.6073232323232323,46.93627450980392,1012.2549019607843,30.674390968508614,0
118,4,0,2,35,0.0,0.05405405405405406,0.9459459459459459,37,1000,700,300,0.7,13,7,6,385.21806456427504,0.464964964964965,0.14475972231583212,0.20818388664457463,128176.4934700541,2475.195165696147,130651.68863575025,114,2,43.729729729729726,32,5,18,37.09138611803824,0.6106770833333333,46.843434343434346,1012.6262626262629,31.644570707070717,0
119,4,2,1,36,0.05405405405405406,0.02702702702702703,0.972972972972973,37,1450,1000,450,0.6896551724137931,19,10,9,383.7492963032466,0.46602852852852855,0.12743428359866726,0.20905745246370885,128496.3348765431,2462.075617283937,130958.41049382703,115,0,42.54054054054054,32,5,14,36.80079908675799,0.6139322916666667,46.52777777777777,1013.888888888888,31.68402777777775,0
120,4,0,0,36,0.0,0.0,1.0,36,1200,900,300,0.75,15,9,6,398.9678001133435,0.4644179894179894,0.13860336631119097,0.21668990846351394,128375.34798516176,3043.526034884993,131418.87402004676,116,1,44.72222222222222,31,5,14,36.53917191314403,0.615255376344086,46.64713541666667,1013.411458333334,32.6906922043011,0
121,4,0,0,36,0.0,0.0,1.0,36,1000,700,300,0.7,13,7,6,397.9499386656243,0.4642361111111111,0.14219967462967698,0.21667400156996877,128474.33302137595,3025.270589192717,131499.60361056865,117,2,45.72222222222222,31,5,14,36.463417244627124,0.616263440860215,46.54947916666667,1013.802083333334,32.70329301075271,0
122,4,0,1,35,0.0,0.027777777777777776,0.9722222222222222,36,950,800,150,0.8421052631578947,11,8,3,399.8737664958075,0.464021164021164,0.14373903367997598,0.2182632632961349,128573.35620456279,3082.622443305131,131655.97864786792,118,3,46.72222222222222,31,5,15,36.31309646082081,0.617271505376344,46.45182291666667,1014.1927083333339,32.71589381720432,0
123,4,0,1,34,0.0,0.02857142857142857,0.9714285714285714,35,1150,900,250,0.782608695652174,14,9,5,403.0720783783289,0.4628851540616246,0.135717950597376,0.22129224810122913,128804.55864800356,3383.5042317708394,132188.0628797744,119,4,46.77142857142857,31,4,17,35.99495467761244,0.6196236559139785,46.223958333333336,1015.1041666666673,32.74529569892475,0
124,4,0,1,33,0.0,0.029411764705882353,0.9705882352941176,34,1200,800,400,0.6666666666666666,16,8,8,412.18891185486274,0.46262254901960786,0.1414469325559824,0.22525631555167624,128621.28434284305,3803.2534469302714,132424.5377897733,120,5,48.94117647058823,30,4,17,35.951647453734374,0.6204861111111111,46.40456989247311,1014.3817204301071,33.8127240143369,0
125,4,0,0,33,0.0,0.0,1.0,33,950,600,350,0.631578947368421,13,6,7,426.09248683805,0.45912247474747475,0.15840918429604933,0.2323301901721137,128531.54176311722,4353.2648533950505,132884.80661651227,121,6,51.121212121212125,29,4,17,35.69131511665068,0.6224856321839081,46.49305555555555,1014.0277777777771,34.96647509578542,0
126,4,1,1,33,0.029411764705882353,0.029411764705882353,0.9705882352941176,34,1300,600,700,0.46153846153846156,20,6,14,415.0477913842395,0.45859328579916814,0.16132874536791952,0.2285787982288128,128928.23592322801,3902.275913400378,132830.5118366284,122,0,50.588235294117645,30,4,18,35.564176371978114,0.6236111111111111,46.1021505376344,1015.5913978494615,33.85304659498205,0
127,4,1,1,33,0.029411764705882353,0.029411764705882353,0.9705882352941176,34,1150,800,350,0.6956521739130435,15,8,7,411.34657120991716,0.4581662210338681,0.16071697771881688,0.22734763751573622,129069.04432508687,3818.421766493065,132887.46609157993,123,0,51.1764705882353,31,3,19,35.51383905689391,0.6223118279569892,45.96354166666667,1016.1458333333339,32.77889784946238,0
128,4,0,1,32,0.0,0.030303030303030304,0.9696969696969697,33,900,700,200,0.7777777777777778,11,7,4,422.97444630109396,0.45805713383838387,0.16266676290495297,0.23314499567449806,128962.36423647244,4309.556921320387,133271.92115779282,124,1,51.0,30,3,19,35.327896872656716,0.6239583333333334,46.068548387096776,1015.7258064516129,33.85752688172043,0
129,4,0,0,32,0.0,0.0,1.0,32,1200,900,300,0.75,15,9,6,419.4171869963253,0.45743027553763443,0.1536231419784726,0.23180819598578786,129069.04432508687,4426.755099826399,133495.79942491328,125,2,52.0625,31,1,20,35.30881599179909,0.6223118279569892,45.96354166666667,1016.1458333333339,32.77889784946238,0
130,4,0,1,31,0.0,0.03125,0.96875,32,800,500,300,0.625,11,5,6,415.6899455807895,0.4576612903225807,0.1467553157422823,0.23032586267915015,129168.29639010967,4338.792419433604,133507.08880954326,126,3,53.0625,31,1,20,35.30178579052986,0.6233198924731183,45.86588541666667,1016.5364583333339,32.791498655914,0
131,4,2,2,31,0.06060606060606061,0.06060606060606061,0.9393939393939394,33,900,500,400,0.5555555555555556,13,5,8,397.40478122375254,0.4582938762626263,0.10837427322305837,0.22327728237557373,129715.36705438235,3709.901413121129,133425.26846750348,127,0,49.484848484848484,32,1,19,35.20750702363246,0.6263020833333333,45.32828282828284,1018.68686868687,31.833964646464686,0
132,4,1,0,32,0.03125,0.0,1.0,32,1150,900,250,0.782608695652174,14,9,5,440.0311414814153,0.4566742271505377,0.17775340317629817,0.22976678349270002,126787.25728769222,4759.220137539853,131546.47742523206,128,0,52.0,30,2,18,37.139941723386265,0.6017361111111111,48.219086021505376,1007.1236559139785,33.57078853046595,8
133,4,2,0,34,0.058823529411764705,0.0,1.0,34,750,400,350,0.5333333333333333,11,4,7,420.0387499999997,0.458407605466429,0.1768749999999999,0.22342486702127673,127538.0063258853,3914.1809509234013,131452.18727680872,129,0,49.88235294117647,32,2,17,36.86770833333335,0.6041666666666667,47.47474747474749,1010.1010101010116,31.565656565656614,0
134,4,1,0,35,0.02857142857142857,0.0,1.0,35,1000,600,400,0.6,14,6,8,406.2114585767632,0.45861344537815124,0.17489659946352876,0.21817017505212627,127927.48169273844,3393.121786091896,131320.60347883034,130,0,49.42857142857143,33,2,18,36.815944881889756,0.6057449494949495,47.08946078431373,1011.6421568627457,30.655822935234717,0
135,4,0,1,34,0.0,0.02857142857142857,0.9714285714285714,35,650,400,250,0.6153846153846154,9,4,5,402.7734144837845,0.4579831932773109,0.16437825402591177,0.21699319179527587,128051.4874837804,3315.1469687139734,131366.63445249436,131,1,50.42857142857143,33,2,19,36.77541167211527,0.6070075757575757,46.96691176470589,1012.1323529411774,30.67067736185386,0
136,4,2,1,35,0.05555555555555555,0.027777777777777776,0.9722222222222222,36,1200,800,400,0.6666666666666666,16,8,8,395.3720764518131,0.4588128306878307,0.15816792151494452,0.21634404632812682,128672.41753472218,2974.729971645517,131647.1475063677,132,0,49.0,33,3,17,36.325718685831625,0.6133207070707071,46.354166666666664,1014.5833333333329,30.74494949494948,0
137,4,0,0,35,0.0,0.0,1.0,35,1100,700,400,0.6363636363636364,15,7,8,395.237575485095,0.4588585434173669,0.15222692211993083,0.2167066597373254,128752.49496224865,3177.564789307202,131930.05975155585,133,1,50.48571428571429,32,3,18,36.247097122003815,0.6165364583333333,46.27525252525252,1014.898989898989,31.715593434343408,0
138,4,1,2,34,0.027777777777777776,0.05555555555555555,0.9444444444444444,36,1300,800,500,0.6153846153846154,18,8,10,387.90887757460575,0.45995370370370375,0.14758103342832274,0.21494833910509767,129171.13272392271,2821.3258219954414,131992.45854591814,134,0,50.05555555555556,34,2,19,36.00489909044774,0.6161151960784313,45.86309523809523,1016.5476190476176,29.89845938375346,0
139,4,1,1,34,0.02857142857142857,0.02857142857142857,0.9714285714285714,35,950,800,150,0.8421052631578947,11,8,3,392.1917690471445,0.4578781512605042,0.1339964527984494,0.2184030143667383,129366.91496107311,3147.3349331187515,132514.24989419186,135,0,48.6,31,4,21,35.69598212381074,0.6253360215053764,45.670572916666664,1017.3177083333331,32.8167002688172,0
140,4,0,1,33,0.0,0.029411764705882353,0.9705882352941176,34,1000,700,300,0.7,13,7,6,401.2014840319788,0.45647653000594174,0.1454570195560052,0.22267712595025066,129235.5533334777,3569.899157417024,132805.45249089474,136,1,50.85294117647059,30,4,21,35.60117867371668,0.6267361111111112,45.79973118279569,1016.8010752688159,33.8933691756272,0
141,4,1,3,31,0.029411764705882353,0.08823529411764706,0.9117647058823529,34,950,900,50,0.9473684210526315,10,9,1,399.9061738418959,0.4558452168746286,0.08393487943480271,0.22015368625669884,128912.72454660239,3548.8258492478462,132461.55039585024,137,0,49.23529411764706,32,2,21,35.964503294790504,0.6181640625,46.11742424242424,1015.5303030303031,31.735321969696972,7
142,4,0,1,30,0.0,0.03225806451612903,0.967741935483871,31,1250,1000,250,0.8,15,10,5,426.23808560677026,0.45179211469534053,0.1061288998176737,0.2336475387493376,128742.88435570989,4775.024112654321,133517.9084683642,138,1,52.354838709677416,29,2,22,35.47041079330322,0.6246408045977012,46.28472222222222,1014.8611111111112,34.99521072796935,0
143,4,0,0,30,0.0,0.0,1.0,30,950,500,450,0.5263157894736842,14,5,9,429.2284327469031,0.45033524904214556,0.13790109475273704,0.23540913423323934,128763.54207953495,5053.794672347738,133817.33675188269,139,2,54.9,28,2,22,35.373313042657614,0.6279761904761905,46.264367816091955,1014.9425287356322,36.24794745484401,0
144,4,0,0,30,0.0,0.0,1.0,30,800,500,300,0.625,11,5,6,429.2742199242801,0.4505986590038314,0.1392073602264683,0.2356505333150769,128800.00092895365,5058.103985004628,133858.1049139583,140,3,55.9,28,2,22,35.33468978532673,0.6283482142857143,46.22844827586207,1015.086206896552,36.253078817734,0
145,4,1,0,31,0.03225806451612903,0.0,1.0,31,600,400,200,0.6666666666666666,8,4,4,415.19543816662417,0.45085125448028673,0.1326639898805142,0.2300390168010237,129166.09037422841,4525.834297839509,133691.92467206792,141,0,55.064516129032256,29,2,23,35.31661315298082,0.6289511494252873,45.86805555555556,1016.5277777777778,35.05268199233716,0
146,4,2,0,33,0.06060606060606061,0.0,1.0,33,950,600,350,0.631578947368421,13,6,7,393.6967536110543,0.4538352272727273,0.123998962675677,0.22222436078016924,129897.31046888573,3628.029886881516,133525.34035576726,142,0,52.666666666666664,31,2,20,35.116367565035965,0.6307123655913979,45.149739583333336,1019.4010416666674,32.8839045698925,0
147,4,1,1,33,0.029411764705882353,0.029411764705882353,0.9705882352941176,34,1650,1300,350,0.7878787878787878,20,13,7,387.7191184501461,0.45322712418300654,0.12517315833056042,0.22208387485603326,130468.48127312411,3318.05063865822,133786.53191178234,143,0,52.088235294117645,30,4,21,34.68732184361707,0.6392361111111111,44.590053763440864,1021.639784946237,34.0546594982079,0
148,4,0,0,33,0.0,0.0,1.0,33,1450,1200,250,0.8275862068965517,17,12,5,394.8913604474721,0.453085542929293,0.129400041712048,0.22615457037013612,130462.04460991749,3703.6668565538153,134165.71146647132,144,1,53.666666666666664,31,2,21,34.51068485002975,0.6364247311827957,44.596354166666664,1021.6145833333329,32.95530913978493,0
149,4,0,1,32,0.0,0.030303030303030304,0.9696969696969697,33,950,700,250,0.7368421052631579,12,7,5,396.8521267643812,0.45229640151515155,0.13175969144882393,0.22786337549185268,130561.83073255747,3762.7480400933123,134324.57877265077,145,2,54.666666666666664,31,2,16,34.35907440438272,0.6374327956989247,44.498697916666664,1022.005208333333,32.96790994623655,0
150,4,0,0,32,0.0,0.0,1.0,32,1100,600,500,0.5454545454545454,16,6,10,408.3636445940056,0.451171875,0.13477538805577494,0.23411617090525122,130502.81282518216,4258.5208550121515,134761.3336801943,146,3,56.15625,30,2,17,34.12506577216522,0.6395833333333334,44.55645161290323,1021.7741935483876,34.059139784946254,0
151,4,1,1,32,0.030303030303030304,0.030303030303030304,0.9696969696969697,33,950,700,250,0.7368421052631579,12,7,5,401.59934606966124,0.44988952020202017,0.14965372920351894,0.2333906620950293,131028.00369262695,3924.152119954427,134952.1558125814,147,0,55.42424242424242,31,2,19,33.76375111280682,0.6421370967741935,44.04296875,1023.828125,33.026713709677416,0
152,4,0,2,30,0.0,0.0625,0.9375,32,650,300,350,0.46153846153846156,10,3,7,412.2452446164717,0.44928175403225806,0.145194517399869,0.23908968299729116,130949.53399598224,4396.664534917341,135346.1985308996,148,1,55.625,30,2,19,33.57107682206172,0.6440972222222222,44.11962365591398,1023.5215053763445,34.11738351254482,0
153,4,0,0,30,0.0,0.0,1.0,30,1200,1100,100,0.9166666666666666,13,11,2,440.6373368719462,0.4460727969348659,0.19815902859381174,0.23884227622804186,128295.24518140565,5431.335937297192,133726.58111870286,149,2,59.93333333333333,27,3,19,35.56600078339209,0.6265432098765432,46.72619047619046,1013.0952380952361,37.52204585537912,8
154,4,1,1,30,0.03225806451612903,0.03225806451612903,0.967741935483871,31,1250,1100,150,0.88,14,11,3,429.2619313211729,0.4478046594982079,0.1914922781686932,0.23456573027302466,128617.75829039494,4842.141465186939,133459.89975558186,150,0,58.96774193548387,28,3,18,35.5223087818697,0.6264880952380952,46.40804597701149,1014.3678160919533,36.22742200328405,0
155,4,1,0,31,0.03225806451612903,0.0,1.0,31,850,600,250,0.7058823529411765,11,6,5,428.21721224744726,0.44932795698924727,0.1980327329850584,0.23485453317670554,128763.54207953488,4827.753005681056,133591.29508521594,151,0,59.645161290322584,28,3,19,35.39897130992827,0.6279761904761905,46.26436781609195,1014.9425287356316,36.24794745484399,0
156,4,0,0,31,0.0,0.0,1.0,31,900,500,400,0.5555555555555556,13,5,8,428.3192613808256,0.4489695340501792,0.20160947977195276,0.2355589276403343,128872.93411035147,4839.751990025113,133712.6861003766,152,1,60.645161290322584,28,3,20,35.28400782981935,0.6290922619047619,46.156609195402304,1015.3735632183912,36.26334154351397,0
157,4,0,1,30,0.0,0.03225806451612903,0.967741935483871,31,900,700,200,0.7777777777777778,11,7,4,427.31728660285984,0.4489247311827957,0.19984575999707976,0.23544083390456874,128945.88793516323,4820.161390210083,133766.04932537331,153,2,61.645161290322584,28,3,20,35.23453340878013,0.6298363095238095,46.084770114942536,1015.6609195402305,36.27360426929395,0
158,4,2,0,32,0.0625,0.0,1.0,32,700,500,200,0.7142857142857143,9,5,4,404.5353455262844,0.45014280913978494,0.17438052659363845,0.22688114826444555,129645.87894915602,4089.2680873511417,133735.14703650714,154,0,58.78125,30,2,19,35.09689410936606,0.6309027777777778,45.39650537634409,1018.4139784946241,33.94713261648747,0
159,4,2,0,34,0.058823529411764705,0.0,1.0,34,850,600,250,0.7058823529411765,11,6,5,381.6939058171746,0.4503305109922757,0.17065015479876178,0.21843928344958788,130434.1542374841,3160.1109954908097,133594.2652329749,155,0,56.26470588235294,30,4,21,34.876096491228076,0.6388888888888888,44.623655913978496,1021.505376344086,34.05017921146953,0
160,4,0,0,34,0.0,0.0,1.0,34,600,300,300,0.5,9,3,6,382.7290882120859,0.45027480689245397,0.1704226224103642,0.2192256065938257,130468.4812731241,3186.816575615685,133655.29784873978,156,1,57.26470588235294,30,4,21,34.81477217909924,0.6392361111111111,44.590053763440864,1021.6397849462369,34.0546594982079,0
161,4,0,2,32,0.0,0.058823529411764705,0.9411764705882353,34,850,500,350,0.5882352941176471,12,5,7,383.7704400435993,0.44919786096256686,0.16974038431785132,0.22040713188002498,130571.48947855251,3221.8955948664643,133793.38507341896,157,2,58.26470588235294,30,4,17,34.68349991232684,0.6402777777777777,44.48924731182796,1022.0430107526888,34.06810035842296,0
162,4,1,0,33,0.030303030303030304,0.0,1.0,33,1350,1200,150,0.8888888888888888,15,12,3,391.35841528769913,0.4474826388888889,0.16483267671964863,0.22523763056550056,130652.78018904311,3626.413001543194,134279.19319058632,158,0,59.27272727272727,29,4,19,34.40698161481682,0.6440373563218391,44.409722222222214,1022.3611111111104,35.2538314176245,0
163,4,0,0,33,0.0,0.0,1.0,33,950,700,250,0.7368421052631579,12,7,5,393.41684582010896,0.44685132575757575,0.16808036908539403,0.22683854626260458,130723.78713348755,3685.7880015431983,134409.57513503075,159,1,60.27272727272727,29,4,19,34.28219362578659,0.6447557471264368,44.34027777777777,1022.6388888888881,35.263409961685795,0
164,4,0,1,32,0.0,0.030303030303030304,0.9696969696969697,33,1150,800,350,0.6956521739130435,15,8,7,394.90978336312446,0.4460227272727273,0.16820510371016129,0.2286272380793509,130880.75798141392,3737.218356168331,134617.97633758225,160,2,61.27272727272727,30,3,19,34.08451552169535,0.6434027777777778,44.18682795698924,1023.2526881720421,34.10842293906807,0
165,4,0,2,30,0.0,0.0625,0.9375,32,900,500,400,0.5555555555555556,13,5,8,404.68623178040804,0.44461945564516125,0.16844967422288604,0.23419665903584183,130865.85889274697,4191.9222608024775,135057.78115354944,161,3,62.78125,29,3,19,33.84957128636712,0.6461925287356323,44.20138888888889,1023.1944444444449,35.28256704980844,0
166,4,0,0,30,0.0,0.0,1.0,30,900,600,300,0.6666666666666666,12,6,6,432.60073228243436,0.4415469348659004,0.19098849905371917,0.24866396904167729,130604.60789133364,5299.929802650232,135904.53769398388,162,4,67.5,27,3,19,33.40202965011889,0.6500771604938271,44.45684523809524,1022.1726190476193,37.85824514991182,0
167,4,0,0,30,0.0,0.0,1.0,30,1000,700,300,0.7,13,7,6,436.8241379453382,0.44042145593869736,0.1919212491513922,0.2523301785072482,130794.81336805546,5426.8663194444325,136221.67968749988,163,5,68.5,27,3,19,33.099966055668716,0.6520061728395061,44.27083333333333,1022.9166666666658,37.88580246913577,0
168,4,0,0,30,0.0,0.0,1.0,30,1300,1100,200,0.8461538461538461,15,11,4,437.85170885488907,0.439463601532567,0.19679170301444238,0.2539244564505839,130947.0773986677,5467.080321712005,136414.1577203797,164,6,69.5,27,3,19,32.91836289619077,0.6535493827160495,44.1220238095238,1023.5119047619039,37.90784832451496,0
169,4,0,0,30,0.0,0.0,1.0,30,500,400,100,0.8,6,4,2,437.4836318867347,0.4387931034482759,0.19413801169590683,0.2540400062911968,130996.97625594528,5461.806587726257,136458.78284367154,165,7,70.5,28,2,19,32.876900584795344,0.6506696428571428,44.07327586206897,1023.706896551724,36.560960591133,0
170,4,0,0,30,0.0,0.0,1.0,30,850,600,250,0.7058823529411765,11,6,5,441.0398094928586,0.43876915708812264,0.19211560044893417,0.25684083023407644,131107.31272294885,5564.708845289998,136672.02156823885,166,8,71.5,28,2,19,32.67337729143284,0.6517857142857143,43.96551724137931,1024.1379310344826,36.57635467980295,0
171,4,0,1,29,0.0,0.03333333333333333,0.9666666666666667,30,1350,1000,350,0.7407407407407407,17,10,7,438.994670713277,0.4371647509578544,0.19769197271011718,0.2573816414079799,131366.26020851042,5534.00341933926,136900.26362784966,167,9,72.5,27,3,21,32.461926017322305,0.6577932098765432,43.71279761904761,1025.148809523809,37.96847442680774,0
172,4,0,0,29,0.0,0.0,1.0,29,950,700,250,0.7368421052631579,12,7,5,436.2574017365682,0.4355500821018063,0.18047911621670298,0.25654317515088965,131480.6990504535,5671.885629251698,137152.58467970518,168,10,73.51724137931035,27,2,22,32.41560263106985,0.6589506172839505,43.601190476190474,1025.5952380952378,37.985008818342145,0
173,4,0,0,29,0.0,0.0,1.0,29,850,500,350,0.5882352941176471,12,5,7,434.141845369638,0.43508825944170776,0.08516351219227425,0.24367628993074927,129676.56157104636,5474.573877807164,135151.1354488535,169,11,74.51724137931035,28,1,19,34.3116683124089,0.6372767857142857,45.366379310344826,1018.5344827586206,36.376231527093594,8
174,4,0,0,29,0.0,0.0,1.0,29,1050,500,550,0.47619047619047616,16,5,11,430.4316581419686,0.4348830049261084,0.08947534689314995,0.24295247529970293,129896.16620838284,5382.28444147179,135278.45064985464,170,12,75.51724137931035,28,1,19,34.181348367394875,0.6395089285714286,45.150862068965516,1019.3965517241377,36.40701970443349,0
175,4,0,0,29,0.0,0.0,1.0,29,750,500,250,0.6666666666666666,10,5,5,430.0630125910688,0.434061986863711,0.08887118632541702,0.2436566102461292,130042.67251701021,5385.308701611846,135427.98121862207,171,13,76.51724137931035,28,1,19,34.040886040287376,0.6409970238095238,45.00718390804598,1019.9712643678165,36.42754515599345,0
176,4,0,0,29,0.0,0.0,1.0,29,700,500,200,0.7142857142857143,9,5,4,429.5786202909991,0.4338054187192118,0.08384233678711217,0.24406938890453392,130152.60643744211,5382.155420134749,135534.76185757687,172,14,77.51724137931035,28,1,19,33.940849995306486,0.6421130952380952,44.899425287356316,1020.402298850574,36.44293924466336,0
177,4,0,1,28,0.0,0.034482758620689655,0.9655172413793104,29,450,200,250,0.4444444444444444,7,2,5,430.50479312179874,0.43344622331691296,0.08517042337623248,0.24482590436702453,130189.26139929311,5409.420209076487,135598.6816083696,173,15,78.51724137931035,28,1,19,33.879757379511,0.6424851190476191,44.86350574712643,1020.5459770114937,36.44807060755335,0
178,4,0,0,28,0.0,0.0,1.0,28,750,300,450,0.4,12,3,9,441.3989262698977,0.43116181657848324,0.0823887314552425,0.25051581444589527,130110.7213718819,5886.146541950084,135996.867913832,174,16,80.53571428571429,27,1,19,33.68217619603267,0.6450617283950617,44.940476190476176,1020.2380952380937,37.7865961199294,0
179,4,0,1,27,0.0,0.03571428571428571,0.9642857142857143,28,1350,1100,250,0.8148148148148148,16,11,5,446.8617736972404,0.43016975308641975,0.08191072989965442,0.25510528212233463,130338.55273880377,6048.663371598627,136387.2161104024,175,17,81.53571428571429,27,1,19,33.30965219080928,0.6473765432098766,44.7172619047619,1021.1309523809517,37.81966490299821,0
180,4,0,0,27,0.0,0.0,1.0,27,600,400,200,0.6666666666666666,8,4,4,461.2989334825864,0.4277659069325736,0.1001579141887583,0.2625672242731347,130223.20578036881,6614.365188233501,136837.57096860232,176,21,84.92592592592592,26,1,20,33.059293418002234,0.6498397435897436,44.83024691358025,1020.6790123456788,39.25688509021841,0
181,4,0,1,26,0.0,0.037037037037037035,0.962962962962963,27,900,700,200,0.7777777777777778,11,7,4,458.5943388549649,0.4269349477682811,0.09892213156039076,0.2620878527238478,130380.76560356651,6558.376200274347,136939.14180384087,177,22,85.92592592592592,26,1,20,32.966908431550316,0.6514423076923077,44.675925925925924,1021.2962962962962,39.280626780626775,0
182,4,0,0,26,0.0,0.0,1.0,26,950,700,250,0.7368421052631579,12,7,5,464.53837754709735,0.4250641025641026,0.1022564102564103,0.2660765639589169,130467.16091900886,6921.400651298486,137388.56157030736,178,23,88.11538461538461,25,1,20,32.72663398692811,0.65625,44.59134615384615,1021.6346153846154,40.86538461538461,0
183,4,0,0,26,0.0,0.0,1.0,26,800,500,300,0.625,11,5,6,459.1972903022391,0.42294871794871797,0.09894156932238762,0.26469177140185973,130712.86173261834,6804.598383053918,137517.46011567226,179,24,89.11538461538461,25,1,20,32.611626965470414,0.65875,44.35096153846154,1022.5961538461539,40.90384615384616,0
184,4,0,1,25,0.0,0.038461538461538464,0.9615384615384616,26,550,500,50,0.9090909090909091,6,5,1,461.913948083969,0.42291666666666666,0.1018368970421617,0.26654021850559595,130753.83434007241,6879.403969428027,137633.23830950045,180,25,90.11538461538461,25,1,20,32.50026115115429,0.6591666666666667,44.310897435897445,1022.7564102564111,40.910256410256444,0
185,4,0,0,25,0.0,0.0,1.0,25,950,700,250,0.7368421052631579,12,7,5,472.0666290719076,0.42006944444444444,0.08267318663406686,0.27193697364846514,130688.28125,7338.715277777778,138026.99652777778,181,26,88.44,24,1,20,32.30779679434935,0.6627604166666667,44.375,1022.5,42.604166666666664,0
186,4,0,0,25,0.0,0.0,1.0,25,750,500,250,0.6666666666666666,10,5,5,473.3281601389792,0.41993055555555553,0.0825814863102996,0.2729644352079679,130730.888888889,7375.722222222241,138106.61111111124,182,27,89.44,24,1,20,32.23191003911343,0.6631944444444444,44.33333333333334,1022.6666666666677,42.61111111111115,0
187,4,0,0,25,0.0,0.0,1.0,25,1050,800,250,0.7619047619047619,13,8,5,471.71806136074235,0.4191666666666667,0.07318455774556121,0.27293847113040526,130858.75347222234,7345.687500000018,138204.44097222236,183,28,90.44,24,1,21,32.142178422110014,0.6644965277777778,44.20833333333334,1023.1666666666675,42.63194444444448,0
188,4,1,0,26,0.038461538461538464,0.0,1.0,26,800,500,300,0.625,11,5,6,456.20106110557185,0.42080128205128203,0.06121970289288492,0.2669172722571028,131287.06250513654,6778.6594448553715,138065.72194999192,184,0,87.92307692307692,25,1,22,32.10173964034401,0.6645833333333333,43.79006410256411,1024.8397435897443,40.99358974358977,0
189,4,0,0,26,0.0,0.0,1.0,26,1200,1000,200,0.8333333333333334,14,10,4,459.8838629558177,0.42009615384615384,0.06256834869551642,0.2708110953799626,131533.5337822569,6898.029924802795,138431.56370705971,185,1,88.92307692307692,25,1,22,31.75594308181014,0.6670833333333333,43.5496794871795,1025.8012820512836,41.03205128205134,0
190,4,0,0,26,0.0,0.0,1.0,26,450,300,150,0.6666666666666666,6,3,3,459.35055635632466,0.4201923076923077,0.06544829740706026,0.2707884218962422,131574.6348002959,6887.77633957923,138462.41113987513,186,2,89.92307692307692,25,1,21,31.727715297302936,0.6675,43.50961538461539,1025.9615384615386,41.03846153846154,0
191,4,0,0,26,0.0,0.0,1.0,26,600,500,100,0.8333333333333334,7,5,2,457.25637591433536,0.41967948717948717,0.06027482823235464,0.270135593298469,131656.8560979619,6840.187376725843,138497.04347468773,187,3,90.92307692307692,25,1,21,31.697636893608156,0.6683333333333333,43.42948717948718,1026.2820512820515,41.05128205128206,0
192,4,0,0,26,0.0,0.0,1.0,26,850,600,250,0.7058823529411765,11,6,5,480.0885352351403,0.4201602564102564,0.07966409441670463,0.2718856151987182,130026.38996056237,7284.835819615906,137311.22578017827,188,4,91.92307692307692,26,0,19,32.78200181570585,0.6478365384615384,45.023148148148145,1019.9074074074072,39.22720797720797,7
193,4,0,1,25,0.0,0.038461538461538464,0.9615384615384616,26,900,700,200,0.7777777777777778,11,7,4,477.5840659286365,0.4199358974358975,0.08261203406393958,0.27128744363575136,130144.46159122091,7230.984224965715,137375.44581618664,189,5,92.92307692307692,26,0,20,32.724591651542646,0.6490384615384616,44.90740740740741,1020.3703703703709,39.24501424501427,0
194,4,0,0,25,0.0,0.0,1.0,25,1050,900,150,0.8571428571428571,12,9,3,481.500439976791,0.41909722222222223,0.1198179249725313,0.274631987743253,130303.48878718771,7548.237436308348,137851.72622349605,190,6,96.28,25,0,20,32.461380997226996,0.6545833333333333,44.75160256410256,1020.9935897435898,40.83974358974359,0
195,4,0,0,25,0.0,0.0,1.0,25,900,800,100,0.8888888888888888,10,8,2,480.53054318749037,0.4181944444444445,0.11978032323866294,0.27465660553667065,130385.31201203985,7530.824960963196,137916.13697300304,191,7,97.28,25,0,20,32.402158847220036,0.6554166666666666,44.671474358974365,1021.3141025641032,40.85256410256413,0
196,4,0,0,25,0.0,0.0,1.0,25,650,300,350,0.46153846153846156,10,3,7,483.96669442655883,0.41715277777777776,0.12331242158092826,0.27749744996976067,130508.09500328732,7632.31426692965,138140.40927021697,192,8,98.28,25,0,17,32.1884148891677,0.6566666666666667,44.55128205128205,1021.7948717948718,40.871794871794876,0
197,4,0,0,25,0.0,0.0,1.0,25,850,800,50,0.9411764705882353,9,8,1,482.7726078446384,0.41729166666666667,0.12256386146372034,0.278281121107194,130712.86173261834,7620.917827498361,138333.7795601167,193,9,99.28,25,0,17,32.00892623935643,0.65875,44.35096153846154,1022.5961538461539,40.90384615384616,0
198,4,1,0,26,0.038461538461538464,0.0,1.0,26,800,700,100,0.875,9,7,2,468.20926575120103,0.4204807692307692,0.11030817908925528,0.2728274711844352,131130.47565634028,7079.300744932139,138209.77640127242,194,0,96.42307692307692,26,0,19,31.95407061423333,0.6590544871794872,43.942901234567884,1024.2283950617266,39.393399810066406,0
199,4,0,0,26,0.0,0.0,1.0,26,500,300,200,0.6,7,3,4,480.5610350865673,0.4189102564102564,0.10000931836183202,0.27078712250099746,129829.72298430119,7278.221212467613,137107.9441967688,195,1,97.42307692307692,26,0,16,32.972125479507376,0.6458333333333333,45.21604938271605,1019.1358024691359,39.19753086419753,8
200,4,0,1,25,0.0,0.038461538461538464,0.9615384615384616,26,700,600,100,0.8571428571428571,8,6,2,478.1385265314911,0.4198076923076923,0.09652064556696693,0.2699643680570111,129908.37191358021,7222.839506172832,137131.21141975303,196,2,98.42307692307692,26,0,16,32.95299727520436,0.6466346153846154,45.138888888888886,1019.4444444444441,39.209401709401696,0
201,4,0,0,25,0.0,0.0,1.0,25,650,400,250,0.6153846153846154,9,4,5,502.8727450801748,0.4155555555555555,0.09186224489795891,0.2593764685150375,126285.33859303089,7701.0909763313575,133986.42956936226,197,13,103.28,25,0,17,36.08165922619047,0.6133333333333333,48.717948717948715,1005.1282051282051,40.205128205128204,8
202,4,2,0,27,0.07407407407407407,0.0,1.0,27,700,500,200,0.7142857142857143,9,5,4,478.1524786594803,0.4195750237416904,0.09178251362405554,0.252517035983496,127247.66851470806,6771.325832492333,134018.99434720038,198,0,96.55555555555556,26,1,19,35.701539716529005,0.6193910256410257,47.76234567901234,1008.9506172839501,38.80579297245962,0
203,4,0,0,27,0.0,0.0,1.0,27,750,500,250,0.6666666666666666,10,5,5,478.0470374431447,0.4196937321937322,0.0904494159348157,0.2531907426652314,127364.47199836142,6777.241702865395,134141.7137012268,199,1,97.55555555555556,26,1,16,35.582925648473726,0.6205929487179487,47.646604938271594,1009.4135802469126,38.82359924026587,0
204,4,0,1,26,0.0,0.037037037037037035,0.962962962962963,27,1000,700,300,0.7,13,7,6,479.3111878623621,0.4192782526115859,0.08680449468717133,0.25508707607699355,127559.26354595332,6828.116426611795,134387.3799725651,200,2,98.55555555555556,26,1,17,35.34887717690193,0.6225961538461539,47.4537037037037,1010.1851851851849,38.85327635327634,0
205,4,1,0,27,0.037037037037037035,0.0,1.0,27,700,100,600,0.14285714285714285,13,1,12,475.1167351311523,0.41981244064577394,0.0931241855722944,0.2539313911680499,127730.52466429268,6737.3819710175585,134467.90663531024,201,0,99.44444444444444,27,0,18,35.277276853623825,0.6207561728395061,47.28422619047618,1010.8630952380943,37.43937389770719,0
206,4,1,0,28,0.03571428571428571,0.0,1.0,28,1000,700,300,0.7,13,7,6,461.48114277972525,0.42148919753086417,0.08833039388594943,0.24919981710105168,128144.53125,6228.596673044219,134373.12792304423,202,0,96.85714285714286,26,2,20,35.19375857338821,0.6286057692307692,46.875,1012.5,38.94230769230769,0
207,4,1,0,29,0.034482758620689655,0.0,1.0,29,900,500,400,0.5555555555555556,13,5,8,448.4310302628898,0.42451765188834156,0.0873657682459037,0.24444872321690633,128521.48216057244,5726.604131235812,134248.08629180826,203,0,94.48275862068965,27,2,18,35.13538303492808,0.628858024691358,46.50297619047618,1013.9880952380943,37.55511463844794,0
208,4,0,1,28,0.0,0.034482758620689655,0.9655172413793104,29,750,500,250,0.6666666666666666,10,5,5,436.7204003689153,0.4249794745484401,0.04951175904277272,0.2319498927014157,127477.43296682088,5334.399112654306,132811.8320794752,204,1,95.48275862068965,29,0,16,36.509048503186165,0.6117097701149425,47.534722222222214,1009.8611111111103,34.82279693486587,8
209,4,0,0,28,0.0,0.0,1.0,28,800,500,300,0.625,11,5,6,441.3953525180858,0.4209931657848325,0.0661595837652178,0.2345100478344386,127490.73368757419,5654.763467763228,133145.49715533742,205,2,99.82142857142857,28,0,17,36.37727035614359,0.6149553571428572,47.52155172413792,1009.9137931034471,36.06834975369454,0
210,4,1,0,29,0.034482758620689655,0.0,1.0,29,1150,900,250,0.782608695652174,14,9,5,430.3444981530687,0.42646756978653527,0.05709254104414008,0.23116735431762184,127933.6805555555,5211.111111111101,133144.7916666666,206,0,97.34482758620689,29,0,19,36.19920373421198,0.6163793103448276,47.08333333333333,1011.6666666666662,34.88505747126435,0
211,4,1,0,30,0.03333333333333333,0.0,1.0,30,800,200,600,0.25,14,2,12,419.43047047209507,0.4299808429118774,0.05676751592356677,0.22707097884178923,128246.61810613933,4758.107873742614,133004.72597988194,207,0,95.06666666666666,30,0,20,36.15313163481954,0.6166666666666667,46.77419354838709,1012.9032258064507,33.76344086021502,0
212,4,1,1,30,0.03225806451612903,0.03225806451612903,0.967741935483871,31,800,600,200,0.75,10,6,4,416.32174497791925,0.43010752688172044,0.09130343090836202,0.22952126731962877,128969.83040703663,4538.588968912755,133508.4193759494,208,0,92.96774193548387,31,0,19,35.48917339657309,0.6213037634408602,46.061197916666664,1015.7552083333329,32.76629704301074,0
213,4,0,0,30,0.0,0.0,1.0,30,800,500,300,0.625,11,5,6,428.9091978975037,0.42531130268199235,0.10028244847521917,0.23560372157962514,128825.87808200374,5050.920807318766,133876.7988893225,209,1,97.0,30,0,19,35.317368374597294,0.6225694444444445,46.20295698924731,1015.1881720430109,33.839605734767034,0
214,4,0,0,30,0.0,0.0,1.0,30,1050,800,250,0.7619047619047619,13,8,5,430.3208042733719,0.4244971264367816,0.09416302958162515,0.23801430878646404,129098.92265363042,5110.790445427208,134209.71309905764,210,2,98.0,30,0,19,35.00115725433143,0.6253472222222223,45.93413978494623,1016.2634408602146,33.87544802867382,0
215,4,0,0,30,0.0,0.0,1.0,30,1300,1000,300,0.7692307692307693,16,10,6,429.2271976091161,0.42420977011494254,0.08917228315933223,0.2386452758492417,129303.89577190997,5100.149764423623,134404.0455363336,211,3,99.0,30,0,20,34.818675388749384,0.6274305555555555,45.732526881720425,1017.0698924731176,33.90232974910392,0
216,4,0,0,30,0.0,0.0,1.0,30,650,500,150,0.7692307692307693,8,5,3,430.04001403021374,0.42341954022988504,0.0909114927344783,0.23972039073701898,129406.443302694,5129.989738698117,134536.43304139213,212,4,100.0,30,0,20,34.69286657859973,0.6284722222222222,45.63172043010753,1017.4731182795701,33.915770609319004,0
217,4,1,0,31,0.03225806451612903,0.0,1.0,31,550,200,350,0.36363636363636365,9,2,7,424.47365418323244,0.4259856630824373,0.10180163845253554,0.2393933548232238,129864.12896050357,4824.780273437509,134688.90923394109,213,0,97.74193548387096,31,0,17,34.365951285981936,0.6303763440860215,45.18229166666667,1019.2708333333342,32.87970430107529,0
218,4,0,1,30,0.0,0.03225806451612903,0.967741935483871,31,1100,900,200,0.8181818181818182,13,9,4,422.59252264875965,0.4263888888888889,0.10227684602458043,0.2391433986549917,129996.88042534729,4787.141927083339,134784.02235243062,214,1,98.74193548387096,31,0,18,34.27817500851208,0.6317204301075269,45.052083333333336,1019.7916666666672,32.8965053763441,0
219,4,0,1,29,0.0,0.03333333333333333,0.9666666666666667,30,1150,900,250,0.782608695652174,14,9,5,422.41351476615256,0.42466475095785444,0.10374176548089586,0.23962022250187578,130091.13228407913,4990.450485605275,135081.5827696844,215,2,100.93333333333334,30,0,18,34.18642951251646,0.6354166666666667,44.95967741935484,1020.161290322581,34.00537634408603,0
220,4,1,0,30,0.03333333333333333,0.0,1.0,30,900,400,500,0.4444444444444444,14,4,10,416.89148244839316,0.42296455938697314,0.1031728764391262,0.2383996859973161,130404.40779320998,4873.010286995302,135277.41808020527,216,0,101.63333333333334,29,1,20,34.00756957664764,0.6415229885057472,44.652777777777786,1021.3888888888896,35.22030651340999,0
221,4,0,0,30,0.0,0.0,1.0,30,1050,800,250,0.7619047619047619,13,8,5,415.6974291335671,0.4227011494252873,0.10058900820080652,0.23836991318282574,130510.82417052473,4850.602816358031,135361.42698688275,217,1,102.63333333333334,29,1,17,33.9295625481401,0.6426005747126438,44.548611111111114,1021.8055555555559,35.23467432950193,0
222,4,1,0,31,0.03225806451612903,0.0,1.0,31,800,300,500,0.375,13,3,10,403.53192339063287,0.42334229390681005,0.09766824997987311,0.2336188998306379,130880.75798141405,4362.9128006127885,135243.67078202683,218,0,100.29032258064517,30,1,18,33.86394982267175,0.6434027777777778,44.18682795698925,1023.2526881720431,34.108422939068106,0
223,4,0,0,31,0.0,0.0,1.0,31,1150,700,450,0.6086956521739131,16,7,9,405.02856195212564,0.42240143369175626,0.09874800464522693,0.23497634874580528,130961.35669284406,4408.617994520411,135369.97468736448,219,1,101.29032258064517,31,0,18,33.74371899249459,0.6414650537634409,44.10807291666667,1023.567708333334,33.01831317204304,0
224,4,0,0,31,0.0,0.0,1.0,31,1350,800,550,0.5925925925925926,19,8,11,404.21967542929474,0.4206989247311828,0.10234667475817716,0.23572988781336277,131161.3485548232,4403.599548339853,135564.94810316304,220,2,102.29032258064517,31,0,19,33.56121033007076,0.643481182795699,43.91276041666667,1024.348958333334,33.043514784946254,0
225,4,0,0,31,0.0,0.0,1.0,31,1050,900,150,0.8571428571428571,12,9,3,405.51259171128294,0.419668458781362,0.09808549698400193,0.23751451800232273,131328.1249999999,4451.147630479585,135779.2726304795,221,3,103.29032258064517,30,1,20,33.35873983739836,0.6479166666666667,43.74999999999999,1024.9999999999993,34.16666666666664,0
226,4,0,0,31,0.0,0.0,1.0,31,1250,800,450,0.64,17,8,9,406.3639717649888,0.41948924731182796,0.0991293832109228,0.23865671598114677,131431.47193678448,4481.802990230069,135913.27492701454,222,4,104.29032258064517,30,1,20,33.232020360903576,0.6489583333333333,43.64919354838709,1025.4032258064506,34.180107526881685,0
227,4,0,0,31,0.0,0.0,1.0,31,1400,1100,300,0.7857142857142857,17,11,6,417.5880528134726,0.4183243727598566,0.168424112123168,0.2282068815773554,128621.28434284314,4578.725322291599,133200.00966513474,223,5,105.29032258064517,30,1,19,35.8147277063734,0.6204861111111111,46.40456989247312,1014.3817204301077,33.81272401433692,8
228,4,2,0,33,0.06060606060606061,0.0,1.0,33,550,400,150,0.7272727272727273,7,4,3,398.42336903929487,0.42199337121212116,0.17238436593275286,0.2216868489269923,129333.80126953126,3707.2270113190484,133041.02828085033,224,0,99.84848484848484,31,2,21,35.57134323263355,0.625,45.703125,1017.1875000000001,32.81250000000001,0
229,4,0,0,33,0.0,0.0,1.0,33,1100,900,200,0.8181818181818182,13,9,4,392.89534419593355,0.42088857323232326,0.17164480009925276,0.21934785787395825,129466.28146701383,3573.339843749997,133039.62131076382,225,1,100.84848484848484,31,2,19,35.57659501876492,0.6263440860215054,45.572916666666664,1017.7083333333328,32.8293010752688,0
230,4,2,1,34,0.05714285714285714,0.02857142857142857,0.9714285714285714,35,650,400,250,0.6153846153846154,9,4,5,383.03681496017776,0.42713585434173673,0.17948542024013658,0.20638674965044723,128056.65569540915,2810.0827064043406,130866.73840181349,226,0,96.02857142857142,35,0,17,37.26951114922812,0.6026785714285714,46.961805555555564,1012.1527777777794,28.91865079365084,8
231,4,2,0,36,0.05555555555555555,0.0,1.0,36,1150,1000,150,0.8695652173913043,13,10,3,375.2068899975118,0.43068783068783073,0.20900029149715404,0.20546151184310985,128701.77636584808,2457.9887902949386,131159.76515614302,227,0,94.25,35,1,17,36.80717938481424,0.6092261904761904,46.32523148148149,1014.6990740740755,28.991402116402156,0
232,4,0,0,36,0.0,0.0,1.0,36,1150,700,450,0.6086956521739131,16,7,9,377.297608127919,0.43029100529100534,0.2135117848955761,0.20752551198158237,128877.9996811774,2525.0722040038086,131403.0718851812,228,1,95.25,35,1,17,36.57398172422966,0.6110119047619047,46.15162037037039,1015.3935185185208,29.01124338624345,0
233,4,0,0,36,0.0,0.0,1.0,36,1100,600,500,0.5454545454545454,16,6,10,378.4178242717184,0.42880291005291005,0.21610105151273507,0.2093816581556373,129113.15164448322,2571.743586033973,131684.8952305172,229,2,96.25,35,1,18,36.30530406559616,0.6133928571428571,45.9201388888889,1016.3194444444462,29.03769841269846,0
234,4,1,0,37,0.02702702702702703,0.0,1.0,37,1350,900,450,0.6666666666666666,18,9,9,368.8341882684625,0.4324011511511512,0.21807581918201402,0.20632803601156585,129545.08562616685,2156.131300219156,131701.216926386,230,0,94.62162162162163,36,1,17,36.10849926253688,0.6157407407407407,45.495495495495504,1018.0180180180192,28.27827827827831,0
235,4,0,0,37,0.0,0.0,1.0,37,950,300,650,0.3157894736842105,16,3,13,370.3753444137731,0.4323073073073073,0.21797975812574344,0.20749280447269774,129602.412801315,2200.3076556286233,131802.7204569436,231,1,95.62162162162163,36,1,18,36.01088439135884,0.6163194444444444,45.4391891891892,1018.2432432432446,28.284534534534572,0
236,4,1,1,37,0.02631578947368421,0.02631578947368421,0.9736842105263158,38,1550,900,650,0.5806451612903226,22,9,13,361.5496852077491,0.4346550497866288,0.21752745294387155,0.2049662840638447,130066.77685682144,1805.1204457140748,131871.8973025355,232,0,94.07894736842105,37,1,19,35.76344100469383,0.6190878378378378,44.98355263157895,1020.0657894736851,27.56934566145095,0
237,4,0,0,37,0.0,0.0,1.0,37,1400,1100,300,0.7857142857142857,17,11,6,372.17592795637603,0.4339652152152152,0.22616788974404867,0.21127280120831884,130118.92804967133,2285.4265583150786,132404.3546079864,233,1,97.1891891891892,36,1,19,35.439431567328924,0.6215277777777778,44.932432432432435,1020.2702702702707,28.34084084084085,0
238,4,0,1,36,0.0,0.02702702702702703,0.972972972972973,37,1400,1100,300,0.7857142857142857,17,11,6,389.5469524188502,0.43321446446446443,0.18631830277519024,0.20972378989947105,128024.02388038562,2585.458839458616,130609.48271984424,234,2,98.1891891891892,34,3,18,37.13827784966475,0.6044730392156863,46.99404761904763,1012.0238095238105,29.765406162465016,8
239,4,1,0,37,0.02702702702702703,0.0,1.0,37,900,400,500,0.4444444444444444,14,4,10,388.4605293557896,0.43390265265265265,0.18373122561604238,0.2102719545541261,128240.42986685055,2563.382432862983,130803.81229971354,235,0,98.72972972972973,32,5,19,36.94371727748692,0.611328125,46.780303030303045,1012.8787878787898,31.65246212121218,0
240,4,0,1,36,0.0,0.02702702702702703,0.972972972972973,37,900,600,300,0.6666666666666666,12,6,6,393.36961988318535,0.4326514014014014,0.18260158277595062,0.21412641885031178,128464.33280086235,2706.7931524844653,131171.1259533468,236,1,99.72972972972973,32,5,16,36.589757960725706,0.6136067708333333,46.55934343434345,1013.7626262626278,31.68008207070712,0
241,4,1,2,35,0.02702702702702703,0.05405405405405406,0.9459459459459459,37,1100,700,400,0.6363636363636364,15,7,8,390.17847709327475,0.4338088088088088,0.18557523889763416,0.21521609211615494,128989.67013888905,2665.7986111111336,131655.46875000017,237,0,95.27027027027027,34,3,17,36.13275909215204,0.6142769607843137,46.04166666666668,1015.8333333333347,29.877450980392197,0
242,4,0,1,34,0.0,0.02857142857142857,0.9714285714285714,35,900,600,300,0.6666666666666666,12,6,6,404.82011583871673,0.4320028011204482,0.18690831556503196,0.22231924394421337,128816.57483930221,3429.508149678618,132246.08298898084,238,1,97.68571428571428,32,3,19,35.93827736318408,0.6171875,46.21212121212122,1015.1515151515159,31.723484848484873,0
243,4,1,0,35,0.02857142857142857,0.0,1.0,35,1050,700,350,0.6666666666666666,14,7,7,398.13648554370957,0.43263305322128853,0.1945383891974377,0.22060542636699318,129169.2991308287,3285.402159218475,132454.70129004717,239,0,97.65714285714286,32,3,20,35.74685339295326,0.6207682291666667,45.864898989899004,1016.5404040404059,31.766887626262683,0
244,4,1,1,35,0.027777777777777776,0.027777777777777776,0.9722222222222222,36,1000,900,100,0.9,11,9,2,384.2018713406666,0.434457671957672,0.18233283843612513,0.21492019833177906,129544.24267409171,2754.2280913590985,132298.47076545082,240,0,95.91666666666667,33,3,18,35.71824465310382,0.6221590909090908,45.49632352941177,1018.0147058823532,30.84893048128343,0
245,4,0,0,35,0.0,0.0,1.0,35,1000,500,500,0.5,15,5,10,390.00203872418075,0.431827731092437,0.1818020668994733,0.21751047959018502,129426.12879106736,3095.2908185389374,132521.4196096063,241,2,99.65714285714286,32,3,19,35.69120445051081,0.6233723958333333,45.612373737373744,1017.550505050506,31.798453282828312,0
246,4,0,0,35,0.0,0.0,1.0,35,1200,800,400,0.6666666666666666,16,8,8,386.6638429468565,0.4312324929971989,0.18156053493933233,0.21670909613387065,129618.91842987962,3023.789823742478,132642.70825362208,242,3,100.65714285714286,32,3,19,35.57940690225254,0.6253255208333333,45.4229797979798,1018.308080808081,31.82212752525253,0
247,4,1,0,36,0.027777777777777776,0.0,1.0,36,1200,1000,200,0.8333333333333334,14,10,4,376.86613828172455,0.43321759259259257,0.18124490913218239,0.21318172240939717,129981.25908604868,2597.107032151102,132578.36611819977,243,0,98.83333333333333,33,3,20,35.459855586267686,0.6265782828282829,45.067401960784316,1019.7303921568631,30.900920974450397,0
248,4,1,0,37,0.02702702702702703,0.0,1.0,37,1350,1100,250,0.8148148148148148,16,11,5,370.5879249488457,0.434496996996997,0.1838052063020008,0.2118103802888838,130384.14292800447,2263.757794784574,132647.90072278905,244,0,97.13513513513513,34,3,21,35.210494618642414,0.6283700980392157,44.672619047619044,1021.3095238095233,30.03851540616245,0
249,4,0,1,36,0.0,0.02702702702702703,0.972972972972973,37,550,300,250,0.5454545454545454,8,3,5,370.5879249488457,0.434496996996997,0.1838052063020008,0.2118103802888838,130384.14292800447,2263.757794784574,132647.90072278905,245,1,98.13513513513513,34,3,21,35.210494618642414,0.6283700980392157,44.672619047619044,1021.3095238095233,30.03851540616245,0
250,4,1,0,37,0.02702702702702703,0.0,1.0,37,1300,1000,300,0.7692307692307693,16,10,6,370.7651381112509,0.43584209209209207,0.197919352911208,0.21442500652275157,130840.48327664383,2302.2179705215244,133142.70124716536,246,0,97.83783783783784,34,3,21,34.74298929485687,0.6329656862745099,44.22619047619047,1023.0952380952369,30.091036414565792,0
251,4,0,0,37,0.0,0.0,1.0,37,950,700,250,0.7368421052631579,12,7,5,367.94504918755945,0.4349974974974975,0.1950736500631831,0.2134677147715676,130962.30867346918,2237.386621315173,133199.69529478435,247,1,98.83783783783784,34,3,21,34.69169186632552,0.6341911764705883,44.10714285714285,1023.5714285714268,30.10504201680667,0
252,4,0,0,37,0.0,0.0,1.0,37,1200,800,400,0.6666666666666666,16,8,8,364.4564733081269,0.43506006006006004,0.185472698084578,0.21228294108800344,131114.67013888867,2157.118055555532,133271.7881944442,248,2,99.83783783783784,34,3,21,34.62672904800651,0.6357230392156863,43.95833333333332,1024.166666666665,30.122549019607792,0
253,4,0,0,37,0.0,0.0,1.0,37,750,500,250,0.6666666666666666,10,5,5,361.5572741093265,0.4345908408408408,0.18611294221050323,0.21176926054974815,131328.1249999999,2096.5277777777646,133424.65277777766,249,3,100.83783783783784,34,3,21,34.4850948509485,0.6378676470588236,43.74999999999999,1024.9999999999993,30.14705882352939,0
254,4,0,1,36,0.0,0.02702702702702703,0.972972972972973,37,1050,800,250,0.7619047619047619,13,8,5,380.6089852326919,0.43559184184184185,0.22872790418095224,0.20445102127101225,127933.68055555546,2338.541666666658,130272.22222222212,250,4,101.83783783783784,34,3,19,37.457097748489836,0.6035539215686274,47.08333333333333,1011.6666666666658,29.754901960784288,8
255,4,4,1,39,0.1,0.025,0.975,40,1050,700,350,0.6666666666666666,14,7,7,355.8081521667937,0.444551282051282,0.2287619699042409,0.1955607212285159,128848.62075617285,1169.4251543209925,130018.04591049385,246,0,88.85,35,5,20,37.149452804377574,0.6107142857142858,46.18055555555556,1015.2777777777778,29.00793650793651,0
256,4,3,0,42,0.07142857142857142,0.0,1.0,42,1200,800,400,0.6666666666666666,16,8,8,337.86363937916906,0.4458841463414634,0.22851021878436262,0.18834237500204667,129407.39300679437,345.37505894203196,129752.76806573641,247,0,85.54761904761905,35,7,23,37.03657623326887,0.6163690476190475,45.63078703703703,1017.4768518518515,29.070767195767186,0
257,4,1,2,41,0.023255813953488372,0.046511627906976744,0.9534883720930233,43,1300,900,400,0.6923076923076923,17,9,8,329.3224310207752,0.44649778516057587,0.22691444769690583,0.1854411125268821,129803.15778193738,-50.58170501582387,129752.57607692156,248,0,84.53488372093024,36,7,17,36.85236858584743,0.6183449074074074,45.24211711711712,1019.0315315315319,28.30643143143144,0
258,4,1,1,41,0.023809523809523808,0.023809523809523808,0.9761904761904762,42,900,500,400,0.5555555555555556,13,5,8,340.3591938446832,0.4453881145954317,0.23517686070224997,0.1914493280137216,129760.92470689719,433.0647451560255,130193.98945205321,249,0,87.47619047619048,35,7,19,36.614056760952714,0.6199404761904762,45.28356481481481,1018.86574074074,29.110449735449713,0
259,4,1,0,42,0.023809523809523808,0.0,1.0,42,1150,700,450,0.6086956521739131,16,7,9,340.0512421635863,0.44556958962446763,0.2405853119823298,0.19232754514623826,129975.34855379032,439.65574527230143,130415.00429906262,250,0,88.38095238095238,36,6,20,36.40438063684889,0.6200810185185186,45.0731981981982,1019.7072072072076,28.32520020020021,0
260,4,0,0,42,0.0,0.0,1.0,42,1550,1300,250,0.8387096774193549,18,13,5,341.53063540566126,0.4449888695315525,0.2425172992670841,0.19375616047648012,130094.74068944289,486.2678901200343,130581.00857956291,251,1,89.38095238095238,37,5,20,36.245611206649464,0.6193693693693694,44.95614035087719,1020.1754385964912,27.57230915125652,0
261,4,0,0,42,0.0,0.0,1.0,42,1300,1000,300,0.7692307692307693,16,10,6,341.9498195389053,0.44455332946186604,0.2401169660618936,0.1942868962769828,130153.54624379048,501.1963300825312,130654.74257387301,252,2,90.38095238095238,38,4,20,36.17531323072628,0.6181469298245614,44.898504273504265,1020.4059829059817,26.852789023841623,0
262,4,1,0,43,0.023255813953488372,0.0,1.0,43,1150,600,550,0.5217391304347826,17,6,11,335.0319585919799,0.4438676633444076,0.24156103403533247,0.1922720353495846,130542.57079101265,147.27794854291108,130689.84873955556,253,0,89.25581395348837,37,6,16,35.95806509298999,0.6238738738738738,44.51754385964912,1021.9298245614037,27.619724988146046,0
263,4,0,0,43,0.0,0.0,1.0,43,1550,1300,250,0.8387096774193549,18,13,5,339.7613250318354,0.4427602436323366,0.2371051011225307,0.19626213010662533,130794.81336805588,287.8038194444799,131082.61718750035,254,1,90.25581395348837,39,4,17,35.58214528173796,0.6228632478632479,44.27083333333335,1022.9166666666692,26.228632478632544,0
264,4,0,1,42,0.0,0.023255813953488372,0.9767441860465116,43,1000,600,400,0.6,14,6,8,344.67913892419426,0.44209117755629385,0.24069731951250062,0.200346023446831,131034.66932508715,432.9833984375347,131467.6527235247,255,2,91.25581395348837,39,4,17,35.21392901956795,0.625267094017094,44.03645833333335,1023.8541666666694,26.252670940171008,0
265,4,0,2,40,0.0,0.047619047619047616,0.9523809523809523,42,900,600,300,0.6666666666666666,12,6,6,348.71283154966466,0.441298877274487,0.2470440007753434,0.20236327311189226,130972.4633487656,734.3557098765582,131706.81905864214,256,3,93.76190476190476,38,4,17,35.17356399819086,0.6263706140350878,44.09722222222223,1023.6111111111125,26.93713450292401,0
266,4,0,0,40,0.0,0.0,1.0,40,1250,600,650,0.48,19,6,13,365.0779106156107,0.43867521367521367,0.25664996144949925,0.21018023782366066,130665.25298524872,1540.599509982955,132205.85249523167,257,4,99.05,36,4,17,35.066040679957425,0.627025462962963,44.39752252252252,1022.4099099099096,28.400275275275266,0
267,4,0,0,40,0.0,0.0,1.0,40,1050,900,150,0.8571428571428571,12,9,3,366.6108311359843,0.43815438034188037,0.2565954635542833,0.21153491539879346,130751.61944038622,1586.991975083175,132338.61141546938,258,5,100.05,36,4,17,34.9393030169566,0.6278935185185186,44.313063063063055,1022.7477477477469,28.409659659659635,0
268,4,1,0,41,0.024390243902439025,0.0,1.0,41,1400,900,500,0.6428571428571429,19,9,10,355.19964917251446,0.43978658536585363,0.25017951282178474,0.20698190411231793,131131.51552641188,1115.573662088323,132247.0891885002,259,0,98.58536585365853,37,4,18,34.84671073760839,0.6297860360360361,43.941885964912274,1024.2324561403502,27.68195827406352,0
269,4,0,0,41,0.0,0.0,1.0,41,850,500,350,0.5882352941176471,12,5,7,354.51054430189527,0.4395833333333334,0.24881024792266526,0.20688269927624028,131187.67463306012,1101.4827879732125,132289.15742103333,260,1,99.58536585365853,37,4,18,34.80758767704876,0.6303490990990991,43.88706140350877,1024.4517543859645,27.687885253674715,0
270,4,0,0,41,0.0,0.0,1.0,41,1500,1100,400,0.7333333333333333,19,11,8,356.5999074624894,0.4391260162601626,0.24965298433472127,0.20886566008517213,131328.12499999988,1166.4697310710853,132494.59473107097,261,2,100.58536585365853,35,6,18,34.612127371273715,0.6357142857142857,43.74999999999999,1024.999999999999,29.28571428571426,0
271,4,0,1,40,0.0,0.024390243902439025,0.975609756097561,41,1450,1100,350,0.7586206896551724,18,11,7,357.3068030823573,0.4385924796747967,0.24608294169633194,0.20976679711773377,131417.11576485337,1191.2459008487617,132608.36166570213,262,3,101.58536585365853,35,6,19,34.5041059939045,0.6366071428571429,43.66319444444444,1025.3472222222222,29.29563492063492,0
272,4,0,0,40,0.0,0.0,1.0,40,1100,600,500,0.5454545454545454,16,6,10,366.682771267661,0.43783386752136755,0.2454516428654363,0.2152855288976389,131419.65880102038,1637.864937641722,133057.5237386621,263,4,104.05,34,6,19,34.26119431866558,0.6387867647058824,43.660714285714285,1025.3571428571427,30.157563025210077,0
273,4,0,0,40,0.0,0.0,1.0,40,1350,1000,350,0.7407407407407407,17,10,7,358.01749271137044,0.4378071581196581,0.19948979591836724,0.2039867109634548,130262.5868055553,1330.885062358243,131593.47186791355,264,5,105.05,35,5,20,35.65476190476188,0.625,44.79166666666665,1020.8333333333313,29.16666666666661,8
274,4,3,2,41,0.06976744186046512,0.046511627906976744,0.9534883720930233,43,1550,1400,150,0.9032258064516129,17,14,3,337.5380215140057,0.4390919158361019,0.20429502326551852,0.19657590973470562,131109.19922017655,250.86794141278855,131360.06716158934,265,0,98.65116279069767,38,5,19,35.32147576326588,0.6277412280701755,43.9636752136752,1024.1452991452973,26.95119208277098,0
275,4,1,0,42,0.023809523809523808,0.0,1.0,42,1100,800,300,0.7272727272727273,14,8,6,342.95081365864417,0.4353585946573752,0.22034261241970055,0.19969829174387352,131103.44048168638,592.4063173283773,131695.84679901475,266,0,101.47619047619048,37,5,20,35.18870449678799,0.6295045045045045,43.96929824561402,1024.1228070175416,27.67899478425788,0
276,4,0,0,42,0.0,0.0,1.0,42,1500,1300,200,0.8666666666666667,17,13,4,342.2449319173393,0.4357578397212543,0.21924942922374435,0.1998710402397258,131215.75869498288,581.5856802092717,131797.34437519216,267,1,102.47619047619048,37,5,20,35.09337542808218,0.6306306306306306,43.85964912280701,1024.5614035087704,27.69084874348028,0
277,4,0,0,42,0.0,0.0,1.0,42,950,600,350,0.631578947368421,13,6,7,342.24187137178666,0.435515873015873,0.21712757830404938,0.20075040761143056,131384.32618690355,593.0435326254135,131977.36971952897,268,2,103.47619047619048,37,5,20,34.92335115864528,0.6323198198198199,43.695175438596486,1025.2192982456131,27.70862968231387,0
278,4,0,1,41,0.0,0.023809523809523808,0.9761904761904762,42,1000,500,500,0.5,15,5,10,340.30410794483504,0.43545538133952766,0.21055378208163456,0.20005432568246628,131468.65051025298,547.8643669205735,132016.51487717355,269,3,104.47619047619048,37,5,20,34.88798157453936,0.6331644144144144,43.61293859649122,1025.5482456140337,27.71752015173064,0
279,4,0,0,41,0.0,0.0,1.0,41,1300,900,400,0.6923076923076923,17,9,8,339.4090396587368,0.43470528455284557,0.19604489577765905,0.19982199911941367,131524.88175448214,728.1467615035399,132253.02851598567,270,4,102.2439024390244,37,4,21,34.854244610725104,0.6337274774774775,43.55811403508772,1025.767543859649,27.723447131341867,0
280,4,0,1,40,0.0,0.024390243902439025,0.975609756097561,41,800,600,200,0.75,10,6,4,337.628710047175,0.4344512195121952,0.1941104703907237,0.19892029037791992,131553.00188519544,683.2140658664231,132236.21595106187,271,5,103.2439024390244,37,4,21,34.8715619210489,0.634009009009009,43.530701754385966,1025.877192982456,27.726410621147462,0
281,4,0,0,40,0.0,0.0,1.0,40,1300,600,700,0.46153846153846156,20,6,14,344.6470168138802,0.4321581196581197,0.19486391571553985,0.203395311995342,131616.8533398265,1072.2711732002517,132689.12451302676,272,6,106.2,36,4,15,34.627185762364654,0.6365740740740741,43.46846846846848,1026.1261261261277,28.50350350350355,0
282,4,0,1,39,0.0,0.025,0.975,40,950,500,450,0.5263157894736842,14,5,9,346.17421759702484,0.4321314102564102,0.19842549923195119,0.2046064733579304,131674.63705259323,1116.472891810744,132791.109944404,273,7,107.2,36,4,15,34.52975276131961,0.6371527777777778,43.41216216216217,1026.3513513513522,28.50975975975978,0
283,4,0,0,39,0.0,0.0,1.0,39,1200,800,400,0.6666666666666666,16,8,8,351.8668350124969,0.43176450742240213,0.20341012625276544,0.20753822304629319,131595.187717014,1460.7964409722279,133055.9841579862,274,8,110.43589743589743,35,4,15,34.46383248730962,0.6383928571428572,43.489583333333336,1026.0416666666674,29.31547619047621,0
284,4,0,0,39,0.0,0.0,1.0,39,1050,700,350,0.6666666666666666,14,7,7,351.3686990717735,0.4307523616734143,0.20248027057497242,0.2080534286226055,131743.6731074245,1458.1206061385406,133201.79371356303,275,9,111.43589743589743,35,4,15,34.32685080796695,0.6398809523809523,43.344907407407405,1026.6203703703698,29.332010582010565,0
285,4,1,0,40,0.025,0.0,1.0,40,1050,600,450,0.5714285714285714,15,6,9,347.4477248685611,0.4319845085470086,0.21891085313766268,0.2080357492311367,132166.31063073222,1184.1767865838972,133350.48741731612,276,0,109.625,36,4,16,34.001843536669945,0.6420717592592593,42.933558558558566,1028.265765765767,28.56293793793797,0
286,4,0,4,36,0.0,0.1,0.9,40,900,600,300,0.6666666666666666,12,6,6,346.14720684592174,0.43151709401709404,0.21628626163108944,0.20789314494000635,132282.1316882762,1157.8180799042398,133439.94976818044,277,1,110.625,36,4,17,33.91876482393724,0.6432291666666667,42.82094594594595,1028.7162162162167,28.575450450450465,0
287,4,0,0,36,0.0,0.0,1.0,36,1000,300,700,0.3,17,3,14,377.6223547528498,0.42703373015873014,0.2349267872523686,0.22287123290315256,131619.47959710745,2740.491563360874,134359.97116046833,278,2,122.61111111111111,32,4,17,33.77860834256182,0.6455078125,43.465909090909086,1026.1363636363635,32.06676136363636,0
288,4,0,0,36,0.0,0.0,1.0,36,1250,800,450,0.64,17,8,9,378.1759882877179,0.42663690476190474,0.2353031607428362,0.22395840937854575,131749.0741537853,2764.8672648199154,134513.94141860522,279,3,123.61111111111111,32,4,17,33.63336817939573,0.6468098958333333,43.339646464646464,1026.641414141414,32.08254419191919,0
289,4,0,0,36,0.0,0.0,1.0,36,1100,800,300,0.7272727272727273,14,8,6,375.42718770379696,0.42627314814814815,0.22917947456862953,0.22270965117395924,131813.8953455005,2697.3040059687746,134511.19935146926,280,4,124.61111111111111,32,4,17,33.63841755809663,0.6474609375,43.27651515151515,1026.8939393939395,32.09043560606061,0
290,4,0,0,36,0.0,0.0,1.0,36,1150,800,350,0.6956521739130435,15,8,7,374.02868057187135,0.4260912698412698,0.22844968862668047,0.22244863634011272,131911.15702479324,2667.711202938459,134578.8682277317,281,5,125.61111111111111,32,4,17,33.576081612586044,0.6484375,43.18181818181817,1027.2727272727261,32.10227272727269,0
291,4,0,1,35,0.0,0.027777777777777776,0.9722222222222222,36,850,600,250,0.7058823529411765,11,6,5,373.24965925386965,0.4254133597883598,0.2292613520042588,0.2229365719725422,132073.33953486872,2659.265795582064,134732.60533045078,282,6,126.61111111111111,32,4,18,33.43236907832781,0.6500651041666667,43.02398989898989,1027.904040404039,32.12200126262622,0
292,4,0,0,35,0.0,0.0,1.0,35,1350,1200,150,0.8888888888888888,15,12,3,377.81153100327447,0.42471988795518206,0.1521434565913653,0.21718304480346734,130606.84479827463,2949.3192847847313,133556.16408305935,283,7,123.25714285714285,33,2,17,34.79985912960079,0.6328914141414141,44.4546568627451,1022.181372549019,30.97519310754603,8
293,4,0,0,35,0.0,0.0,1.0,35,1150,800,350,0.6956521739130435,15,8,7,378.8283505692481,0.42342436974789915,0.1500393687309578,0.2186515500588483,130763.47588667826,2907.3823769704027,133670.85826364867,284,8,124.25714285714285,33,2,18,34.614885374231164,0.634469696969697,44.3014705882353,1022.7941176470594,30.99376114081998,0
294,4,0,0,35,0.0,0.0,1.0,35,1100,900,200,0.8181818181818182,13,9,4,375.99983966901095,0.42296918767507,0.14310011464161643,0.21754834798313058,130857.49959450698,2840.4797734044637,133697.97936791144,285,9,125.25714285714285,33,2,18,34.59184233640754,0.6354166666666667,44.20955882352941,1023.1617647058829,31.00490196078433,0
295,4,0,0,35,0.0,0.0,1.0,35,1150,700,450,0.6086956521739131,16,7,9,372.8673812383879,0.4220238095238095,0.14533016367087925,0.21643927974178295,130982.91710219631,2767.851457372164,133750.76855956847,286,10,126.25714285714285,33,2,19,34.54484915599184,0.6366792929292929,44.08700980392157,1023.651960784314,31.019756387403454,0
296,4,0,0,35,0.0,0.0,1.0,35,950,500,450,0.5263157894736842,14,5,9,371.5409956036582,0.42041316526610645,0.14923955635252728,0.21658121451042497,131145.15306122438,2745.1601473922806,133890.31320861666,287,11,127.25714285714285,34,1,19,34.41446807686348,0.6360294117647058,43.92857142857142,1024.2857142857135,30.126050420168045,0
297,4,0,0,35,0.0,0.0,1.0,35,950,500,450,0.5263157894736842,14,5,9,374.4238234473038,0.42006302521008404,0.15121675907174392,0.21860864481597672,131206.12953514745,2825.3401360544253,134031.4696712019,288,12,128.25714285714287,34,1,19,34.278894569680055,0.6366421568627452,43.86904761904762,1024.5238095238099,30.133053221288524,0
298,4,0,0,35,0.0,0.0,1.0,35,750,600,150,0.8,9,6,3,373.60377448053754,0.4194327731092437,0.11951874780983518,0.2105610212855748,129837.5868055555,2706.951530612234,132544.53833616775,289,13,129.25714285714287,34,1,17,35.68922049604795,0.6228553921568627,45.20833333333333,1019.1666666666662,29.975490196078418,8
299,4,0,0,35,0.0,0.0,1.0,35,1150,1000,150,0.8695652173913043,13,10,3,375.73101341455526,0.4184173669467787,0.1250779569444216,0.21274868419844628,130019.64462868468,2770.4825680271965,132790.12719671187,290,14,130.25714285714287,34,1,17,35.449739309754484,0.6246936274509804,45.0297619047619,1019.8809523809514,29.996498599439747,0
300,4,0,0,35,0.0,0.0,1.0,35,1000,600,400,0.6,14,6,8,375.15879250975934,0.4177170868347339,0.12552092015335958,0.21292124846414792,130110.72137188194,2762.43622448978,132873.15759637172,291,15,131.25714285714287,34,1,17,35.37169389342669,0.6256127450980392,44.94047619047618,1020.238095238094,30.007002801120414,0
301,4,0,0,35,0.0,0.0,1.0,35,1250,900,350,0.72,16,9,7,377.6759683465224,0.41775210084033615,0.12594752186588942,0.21518747033697216,130262.58680555562,2839.4982993197386,133102.08510487535,292,16,132.25714285714287,33,2,17,35.1530612244898,0.6294191919191919,44.79166666666667,1020.8333333333339,30.934343434343454,0
302,4,0,0,35,0.0,0.0,1.0,35,1000,800,200,0.8,12,8,4,378.8693636637276,0.416421568627451,0.13557478368356035,0.21676472079487655,130423.75299714308,2882.7128609325528,133306.46585807562,293,17,133.25714285714287,32,3,18,34.95879686856201,0.6334635416666667,44.63383838383838,1021.464646464646,31.920770202020186,0
303,4,0,0,35,0.0,0.0,1.0,35,1000,600,400,0.6,14,6,8,375.58327438768407,0.41610644257703083,0.13453922576224708,0.21572758322267807,130575.52984429065,2808.3970107650903,133383.92685505573,294,18,134.25714285714287,33,2,15,34.88858912869705,0.6325757575757576,44.48529411764706,1022.0588235294117,30.971479500891263,0
304,4,0,0,35,0.0,0.0,1.0,35,1200,900,300,0.75,15,9,6,375.5914983279592,0.416421568627451,0.13042927347134503,0.21625671984473172,130669.4859699394,2815.6696042387516,133485.15557417815,295,19,135.25714285714287,33,2,15,34.79301510248112,0.6335227272727273,44.393382352941174,1022.4264705882349,30.982620320855602,0
305,4,0,0,35,0.0,0.0,1.0,35,650,500,150,0.7692307692307693,8,5,3,374.35550707023776,0.4161764705882353,0.13162641838812927,0.2162453576135138,130794.81336805549,2792.751736111102,133587.5651041666,296,20,136.25714285714287,33,2,16,34.69747114731839,0.6347853535353536,44.27083333333333,1022.9166666666661,30.99747474747473,0
306,4,0,0,35,0.0,0.0,1.0,35,650,400,250,0.6153846153846154,9,4,5,374.00976139704613,0.41561624649859946,0.13222456068305855,0.216396916001659,130857.499594507,2788.396440071131,133645.89603457812,297,21,137.25714285714287,33,2,16,34.6427466363237,0.6354166666666667,44.20955882352941,1023.161764705883,31.004901960784334,0
307,4,0,0,35,0.0,0.0,1.0,35,1150,700,450,0.6086956521739131,16,7,9,373.05646776945235,0.41509103641456585,0.13577493810133134,0.2162620669867824,130931.84700963726,2768.9944727891266,133700.8414824264,298,22,138.25714285714287,34,1,16,34.591766507696484,0.6338848039215687,44.136904761904766,1023.4523809523815,30.101540616246517,0
308,4,0,0,35,0.0,0.0,1.0,35,1200,700,500,0.5833333333333334,17,7,10,374.2631151974037,0.41516106442577033,0.13481727574750813,0.21747721558768085,131023.24263038569,2807.433390022698,133830.6760204084,299,23,139.25714285714287,34,1,18,34.46826550387597,0.6348039215686274,44.04761904761906,1023.8095238095254,30.11204481792722,0
309,4,0,0,35,0.0,0.0,1.0,35,750,300,450,0.4,12,3,9,375.23864642520806,0.415406162464986,0.13503172019796073,0.21838990775031403,131084.19075963722,2837.570861678011,133921.76162131524,300,24,140.25714285714287,34,1,18,34.381539176935604,0.6354166666666667,43.98809523809524,1024.0476190476193,30.119047619047624,0
310,4,1,1,35,0.027777777777777776,0.027777777777777776,0.9722222222222222,36,450,400,50,0.8888888888888888,5,4,1,368.4919481701752,0.41825396825396827,0.13327023975559582,0.2160080691270858,131359.5300635573,2481.4393435070106,133840.96940706432,301,0,137.33333333333334,33,3,19,34.27562761506275,0.6404671717171717,43.71936274509804,1025.1225490196077,31.06431966726084,0
311,4,0,0,35,0.0,0.0,1.0,35,750,600,150,0.8,9,6,3,376.9581149021842,0.41799719887955183,0.13015688553166793,0.21991353076157935,131175.63952664402,2889.5443594104354,134065.18388605447,302,1,137.6,34,1,19,34.24486732519853,0.6363357843137255,43.898809523809526,1024.4047619047622,30.1295518207283,0
312,4,0,0,35,0.0,0.0,1.0,35,1050,700,350,0.6666666666666666,14,7,7,371.7281823605707,0.41740196078431374,0.12080380996631424,0.21755322378940548,131297.620819161,2761.405187074832,134059.02600623583,303,2,138.6,34,1,19,34.25533356564836,0.6375612745098039,43.779761904761905,1024.8809523809525,30.14355742296919,0
313,4,0,0,35,0.0,0.0,1.0,35,600,200,400,0.3333333333333333,10,2,8,375.0829619038483,0.4168417366946779,0.1230012636180462,0.2200521780706586,131390.93888168,2856.504047697494,134247.4429293775,304,3,139.6,33,2,19,34.074926288947324,0.6407828282828283,43.68872549019607,1025.2450980392146,31.068033273915592,0
314,4,0,0,35,0.0,0.0,1.0,35,900,700,200,0.7777777777777778,11,7,4,374.68403238474093,0.41645658263305324,0.11792014856081745,0.22051076660019991,131511.2244897959,2855.031179138319,134366.2556689342,305,4,140.6,34,1,19,33.963459455277004,0.6397058823529411,43.57142857142857,1025.7142857142853,30.168067226890745,0
315,4,0,0,35,0.0,0.0,1.0,35,600,400,200,0.6666666666666666,8,4,4,373.36594016172677,0.41621148459383756,0.11417962404270132,0.22008670809259653,131572.2859977324,2824.9220521541897,134397.2080498866,306,5,141.6,34,1,16,33.93551288001856,0.6403186274509804,43.51190476190476,1025.9523809523807,30.1750700280112,0
316,4,0,0,35,0.0,0.0,1.0,35,800,700,100,0.875,9,7,2,373.32917027793775,0.41579131652661067,0.11322505800464056,0.22041763341067291,131633.36167800458,2828.5147392290323,134461.8764172336,307,6,142.6,34,1,16,33.87470997679815,0.6409313725490196,43.452380952380956,1026.1904761904766,30.182072829131666,0
317,4,0,1,34,0.0,0.02857142857142857,0.9714285714285714,35,600,200,400,0.3333333333333333,10,2,8,396.40151692484784,0.41610644257703083,0.12306512899140065,0.2253285015304902,130171.45691609965,3379.9107142856974,133551.36763038536,308,7,143.6,34,1,17,34.76799463369107,0.6262254901960784,44.88095238095237,1020.4761904761895,30.014005602240868,8
318,4,1,0,35,0.02857142857142857,0.0,1.0,35,1100,900,200,0.8181818181818182,13,9,4,385.55515299990253,0.41698179271708685,0.1446248715313463,0.22145523250820826,130575.52984429052,3068.845565186843,133644.37540947736,309,0,144.37142857142857,33,2,18,34.6337929656275,0.6325757575757576,44.48529411764705,1022.0588235294106,30.97147950089123,0
319,4,1,1,35,0.027777777777777776,0.027777777777777776,0.9722222222222222,36,950,600,350,0.631578947368421,13,6,7,374.5733345648417,0.42056878306878304,0.13762244449613625,0.2173131936969304,130962.30867346934,2610.9977324262964,133573.30640589562,310,0,141.33333333333334,34,2,19,34.52207877801038,0.6341911764705883,44.107142857142854,1023.5714285714282,30.105042016806713,0
320,4,0,0,35,0.0,0.0,1.0,35,900,400,500,0.4444444444444444,14,4,10,372.89736876246474,0.4206932773109244,0.08607323168788472,0.20319685794945036,128506.39349489778,2591.765873015851,131098.15936791364,311,1,138.28571428571428,34,1,19,37.06557473288716,0.609375,46.51785714285713,1013.9285714285701,29.82142857142853,8
321,4,0,0,35,0.0,0.0,1.0,35,1150,700,450,0.6086956521739131,16,7,9,377.4038518469886,0.420203081232493,0.08511751097998421,0.20643360882156833,128657.32001133781,2711.153628117903,131368.4736394557,312,2,139.28571428571428,34,1,19,36.79691778142845,0.610906862745098,46.36904761904761,1014.5238095238091,29.83893557422968,0
322,4,0,0,35,0.0,0.0,1.0,35,1150,1000,150,0.8695652173913043,13,10,3,375.6433871318981,0.42006302521008404,0.08267377348686766,0.20562675584618934,128687.51594387756,2668.1228741496625,131355.63881802722,313,3,140.28571428571428,34,1,19,36.81068872462749,0.6112132352941176,46.339285714285715,1014.6428571428572,29.84243697478992,0
323,4,0,0,35,0.0,0.0,1.0,35,950,600,350,0.631578947368421,13,6,7,376.71112836731993,0.4194327731092437,0.08918601923528047,0.20668205150963773,128778.12500000001,2702.430555555556,131480.55555555556,314,4,141.28571428571428,34,1,19,36.690955117679245,0.6121323529411764,46.25,1015.0000000000001,29.85294117647059,0
324,4,0,0,35,0.0,0.0,1.0,35,1200,900,300,0.75,15,9,6,378.23821584288527,0.4190126050420168,0.08508472305940695,0.20847083059247387,128959.43877551016,2755.477607709747,131714.9163832199,315,5,142.28571428571428,34,1,19,36.46687959056103,0.6139705882352942,46.07142857142857,1015.7142857142853,29.873949579831923,0
325,4,0,0,35,0.0,0.0,1.0,35,350,200,150,0.5714285714285714,5,2,3,368.66608574799176,0.419187675070028,0.014956722446624493,0.18758024856173505,125724.42618580679,2270.0664169667434,127994.49260277353,316,6,143.28571428571428,35,0,19,40.03329967301405,0.5788690476190477,49.276620370370374,1002.8935185185188,28.65410052910054,8
326,4,2,1,36,0.05405405405405406,0.02702702702702703,0.972972972972973,37,1050,800,250,0.7619047619047619,13,8,5,354.24845409857875,0.4268330830830831,0.030406183295891065,0.18293710299050256,126334.56173911178,1551.5750921639233,127886.13683127571,317,0,136.48648648648648,35,2,15,39.76561900376083,0.5851190476190475,48.66898148148148,1005.3240740740739,28.723544973544968,0
327,4,0,0,36,0.0,0.0,1.0,36,900,700,200,0.7777777777777778,11,7,4,363.1898469461966,0.4232969576719577,0.030068728522336663,0.18677386461785236,126163.40880102057,1964.2538265306298,128127.66262755121,318,1,141.27777777777777,34,2,20,39.7173835762531,0.5854779411764706,48.83928571428572,1004.6428571428585,29.548319327731132,0
328,4,3,0,39,0.07692307692307693,0.0,1.0,39,750,500,250,0.6666666666666666,10,5,5,343.9225221405234,0.43100539811066124,0.06317257149231104,0.18081003951298513,127064.3746753808,940.0600425130748,128004.43471789386,319,0,131.33333333333334,37,2,19,39.27530813848107,0.5886824324324325,47.94407894736842,1008.2236842105256,27.249288762446636,0
329,4,1,0,40,0.025,0.0,1.0,40,1400,1000,400,0.7142857142857143,18,10,8,337.1776713019026,0.432545405982906,0.0608457632497621,0.17916472888234306,127496.31461620645,597.7820923734403,128094.09670857989,320,0,129.025,38,2,19,39.002829789484835,0.591282894736842,47.51602564102564,1009.9358974358975,26.577260458839408,0
330,4,1,1,40,0.024390243902439025,0.024390243902439025,0.975609756097561,41,1350,1000,350,0.7407407407407407,17,10,7,331.91864155635426,0.4355691056910569,0.05979478830635032,0.17782925895304047,127828.32031250026,285.72048611114036,128114.0407986114,321,0,126.85365853658537,39,2,20,38.79618184315342,0.592948717948718,47.187500000000014,1011.250000000002,25.929487179487232,0
331,4,1,0,41,0.024390243902439025,0.0,1.0,41,1000,700,300,0.7,13,7,6,332.0808138224232,0.4358993902439024,0.05829446616987011,0.1782662677186046,127907.33642578151,295.1144748264183,128202.45090060793,322,0,127.78048780487805,39,2,21,38.71136254419388,0.59375,47.109375000000014,1011.562500000002,25.937500000000053,0
332,4,0,0,41,0.0,0.0,1.0,41,1400,1100,300,0.7857142857142857,17,11,6,334.6613693560342,0.43577235772357725,0.05736665704279287,0.18012383397750031,128012.72922092043,368.1830512153117,128380.91227213574,323,1,128.78048780487805,39,2,22,38.538449991422226,0.5948183760683761,47.00520833333335,1011.979166666669,25.948183760683822,0
333,4,3,1,43,0.06818181818181818,0.022727272727272728,0.9772727272727273,44,1350,900,450,0.6666666666666666,18,9,9,340.90337567560704,0.4422899048625793,0.15482500913118025,0.18252339038516896,127801.98703341997,3.95779079859318,127805.94482421856,324,0,120.93181818181819,39,5,16,38.59596596957522,0.5926816239316239,47.21354166666666,1011.1458333333319,25.926816239316203,8
334,4,0,1,42,0.0,0.023255813953488372,0.9767441860465116,43,1200,900,300,0.75,15,9,6,343.2786990000087,0.4405915466961978,0.15672948203068682,0.18427747075672107,127907.33642578125,181.57280815972263,128088.90923394097,325,1,124.65116279069767,39,4,16,38.42817852607008,0.59375,47.109375,1011.5625,25.9375,0
335,4,4,1,45,0.08695652173913043,0.021739130434782608,0.9782608695652174,46,1100,800,300,0.7272727272727273,14,8,6,326.0648626415671,0.4448268921095008,0.19379940711462473,0.17933567445286205,128875.73964497053,-794.7510247164564,128080.98862025407,326,0,117.30434782608695,38,8,15,37.876815025252526,0.6052631578947368,46.15384615384616,1015.3846153846163,26.720647773279374,0
336,4,2,0,47,0.0425531914893617,0.0,1.0,47,1000,400,600,0.4,16,4,12,323.8475259780287,0.4467121492445267,0.197896035730732,0.17983551646784593,129255.70371283522,-1027.7611129373843,128227.94259989784,327,0,115.76595744680851,38,9,18,37.54705995657351,0.6091008771929824,45.779914529914535,1016.8803418803427,26.760008996851123,0
337,4,0,3,44,0.0,0.06382978723404255,0.9361702127659575,47,1450,1000,450,0.6896551724137931,19,10,9,358.70975862525233,0.44703977798334876,0.12340338135752438,0.19602220143056734,128619.58007812515,-168.6737597820176,128450.90631834313,328,1,116.76595744680851,39,8,15,37.30959471486274,0.6009615384615384,46.40625000000001,1014.3750000000011,26.009615384615415,8
338,4,0,1,43,0.0,0.022727272727272728,0.9772727272727273,44,1200,800,400,0.6666666666666666,16,8,8,367.66467182741417,0.4405281007751938,0.14862717316382024,0.2011142697968391,128658.86843450961,660.6641281320962,129319.5325626417,329,2,125.13636363636364,38,6,15,37.042351165402984,0.6030701754385965,46.36752136752138,1014.5299145299157,26.698155645524096,0
339,4,0,0,43,0.0,0.0,1.0,43,1200,800,400,0.6666666666666666,16,8,8,376.58832660741825,0.43823827980804725,0.1565083213931442,0.20585527697970304,128631.77237426057,1088.2447813938436,129720.01715565442,330,3,128.93023255813952,38,5,15,36.84373354397051,0.602796052631579,46.39423076923078,1014.4230769230787,26.6953441295547,0
340,4,1,0,44,0.022727272727272728,0.0,1.0,44,1500,1100,400,0.7333333333333333,19,11,8,368.8604682531358,0.4400436046511628,0.15811314748283256,0.20335137232157185,128969.02394614673,714.314912585132,129683.33885873186,331,0,126.97727272727273,40,4,19,36.69522261130567,0.6028645833333333,46.061991869918714,1015.7520325203272,25.39380081300818,0
341,4,0,0,44,0.0,0.0,1.0,44,1200,700,500,0.5833333333333334,17,7,10,371.84392749606116,0.4391847251585624,0.16199516411995152,0.2058002832810245,129123.91067031882,802.7884154603972,129926.69908577921,332,1,127.97727272727273,40,4,20,36.46135386461354,0.6044270833333334,45.90955284552847,1016.361788617888,25.4090447154472,0
342,4,0,0,44,0.0,0.0,1.0,44,1050,500,550,0.47619047619047616,16,5,11,377.13074793357606,0.43914068005637774,0.16930547025241904,0.20928786251335346,129230.01284646142,947.4152306749633,130177.42807713638,333,2,128.97727272727272,36,8,20,36.218711928231265,0.6125578703703703,45.80518018018019,1016.77927927928,28.243868868868887,0
343,4,0,1,43,0.0,0.022727272727272728,0.9772727272727273,44,1100,800,300,0.7272727272727273,14,8,6,377.5345074172589,0.43886539816772374,0.16704802688957066,0.21010123727114005,129340.77222077922,966.1209458679316,130306.89316664716,334,3,129.97727272727272,37,7,20,36.09542865868995,0.6117680180180181,45.69627192982455,1017.2149122806998,27.492294926505398,0
344,4,0,1,42,0.0,0.023255813953488372,0.9767441860465116,43,1300,800,500,0.6153846153846154,18,8,10,377.1060463430025,0.43874584717607973,0.1440843352063912,0.21075709983155252,129508.13140822161,1167.6598809248833,130675.7912891465,310,4,126.23255813953489,37,6,17,35.93564849725304,0.6134572072072072,45.53179824561403,1017.8728070175426,27.51007586533899,0
345,4,0,0,42,0.0,0.0,1.0,42,1000,800,200,0.8,12,8,4,377.42128201867814,0.43818960511033683,0.1484076563757839,0.21153358153937613,129619.76431450053,1384.251524507532,131004.01583900806,311,5,128.16666666666666,37,5,18,35.813839237644025,0.6145833333333333,45.422149122807014,1018.3114035087713,27.521929824561386,0
346,4,1,0,43,0.023255813953488372,0.0,1.0,43,1300,800,500,0.6153846153846154,18,8,10,373.76322590540263,0.4392764857881137,0.14480841865216054,0.21151109720311503,129996.88042534716,1117.6106770833228,131114.49110243047,312,0,126.16279069767442,39,4,19,35.52306775621382,0.6148504273504274,45.05208333333333,1019.7916666666661,26.14850427350426,0
347,4,1,1,43,0.022727272727272728,0.022727272727272728,0.9772727272727273,44,1100,700,400,0.6363636363636364,15,7,8,360.27116757122144,0.44067124735729385,0.1444273654418582,0.20601141350067048,130402.54122662723,596.8689584775841,130999.41018510482,313,0,124.27272727272727,37,7,20,35.45524691358025,0.6224662162162162,44.65460526315788,1021.3815789473668,27.604907539118024,0
348,4,0,0,43,0.0,0.0,1.0,43,1150,800,350,0.6956521739130435,15,8,7,363.87571444597995,0.43853820598006643,0.1411532006713021,0.20762320177211768,130318.55955678654,883.9517928593255,131202.51134964585,314,1,128.0,37,6,21,35.44843571019474,0.6216216216216216,44.73684210526315,1021.052631578946,27.596017069701244,0
349,4,0,0,43,0.0,0.0,1.0,43,1100,700,400,0.6363636363636364,15,7,8,364.9058998176612,0.4386997046880768,0.1406929324088908,0.20911397137152302,130486.5499480608,923.0623845798532,131409.61233264065,315,2,129.0,37,6,21,35.25166344709164,0.6233108108108107,44.57236842105262,1021.7105263157883,27.613798008534822,0
350,4,1,1,43,0.022727272727272728,0.022727272727272728,0.9772727272727273,44,1250,1000,250,0.8,15,10,5,353.7418489748081,0.4406161909795631,0.14037070095144033,0.2042656491004108,130781.15297866901,452.5533731463212,131233.70635181532,316,0,127.04545454545455,38,6,16,35.23844962049996,0.6244517543859649,44.284188034188034,1022.8632478632479,26.917453891138102,0
351,4,0,1,42,0.0,0.023255813953488372,0.9767441860465116,43,1600,1200,400,0.75,20,12,8,358.11242803441417,0.4389304171280915,0.1362079930170208,0.20626302602970423,130682.6754987111,759.8180449753736,131442.4935436865,317,1,130.93023255813952,37,6,16,35.22642984807864,0.6252815315315315,44.38048245614035,1022.4780701754383,27.63454243717401,0
352,4,0,1,41,0.0,0.023809523809523808,0.9761904761904762,42,1500,1200,300,0.8,18,12,6,365.5617821396128,0.43806862175764616,0.13601978469595566,0.21116568827123522,130794.8133680556,1162.7170138888941,131957.5303819445,318,2,129.38095238095238,37,5,17,34.92235234215885,0.6264076576576576,44.270833333333336,1022.9166666666671,27.64639639639641,0
353,4,0,1,40,0.0,0.024390243902439025,0.975609756097561,41,900,400,500,0.4444444444444444,14,4,10,372.30229119106826,0.43711890243902435,0.13177122633276306,0.21497912974497607,130780.41459956583,1537.9695996672422,132318.38419923309,319,3,133.390243902439,36,5,17,34.764578516642814,0.6281828703703703,44.28490990990991,1022.8603603603608,28.4127877877878,0
354,4,0,0,40,0.0,0.0,1.0,40,1250,800,450,0.64,17,8,9,382.9433669756007,0.4346287393162393,0.13458601968103134,0.22171593368901668,130883.62328800146,2024.2030767746787,132907.82636477615,320,4,137.05,35,5,18,34.38772480488632,0.63125,44.18402777777777,1023.2638888888882,29.236111111111093,0
355,4,0,0,40,0.0,0.0,1.0,40,1500,1100,400,0.7333333333333333,19,11,8,392.0462718710449,0.433840811965812,0.1441759918616483,0.22803638180428226,131061.33355034718,2276.421440972218,133337.75499131938,321,5,138.05,35,5,18,33.97444048830113,0.6330357142857144,44.010416666666664,1023.9583333333329,29.25595238095237,0
356,4,0,0,40,0.0,0.0,1.0,40,1400,1000,400,0.7142857142857143,18,10,8,396.7305809228748,0.43362713675213677,0.1403934930754014,0.23167232511144523,131212.72243527314,2411.2199192435737,133623.9423545167,322,6,139.05,36,4,18,33.70085916318606,0.6325231481481481,43.862612612612615,1024.5495495495497,28.459709709709713,0
357,4,0,0,40,0.0,0.0,1.0,40,1250,1000,250,0.8,15,10,5,398.5722784057108,0.43294604700854705,0.1315040650406507,0.23344947735191643,131328.12500000012,2468.7500000000146,133796.87500000012,323,7,140.05,37,3,19,33.536585365853654,0.6317567567567568,43.75000000000001,1025.000000000001,27.702702702702727,0
358,4,0,0,40,0.0,0.0,1.0,40,1400,1100,300,0.7857142857142857,17,11,6,396.7365152342153,0.43249198717948717,0.13304597701149423,0.23293057980315574,131419.65880102038,2427.795493197277,133847.45429421766,324,8,141.05,34,6,20,33.49079879252293,0.6387867647058824,43.660714285714285,1025.3571428571427,30.157563025210077,0
359,4,0,0,40,0.0,0.0,1.0,40,1300,800,500,0.6153846153846154,18,8,10,399.10248932735783,0.4315037393162393,0.13305232885981777,0.235765607785855,131654.5718262389,2508.7334694358838,134163.3052956748,325,9,142.05,35,5,17,33.192008759069225,0.6389880952380953,43.43171296296297,1026.2731481481487,29.322089947089964,0
360,4,0,0,40,0.0,0.0,1.0,40,1850,1100,750,0.5945945945945946,26,11,15,437.1185037142509,0.43043536324786325,0.13459989436154784,0.2443024670574185,129509.03148124057,3442.018797566247,132951.05027880683,326,10,143.05,30,10,16,34.40759936616929,0.6295138888888889,45.530913978494624,1017.8763440860213,33.929211469534046,8
361,4,0,0,40,0.0,0.0,1.0,40,1450,1200,250,0.8275862068965517,17,12,5,433.0871723759003,0.4303819444444445,0.1302685421994887,0.24260327277790394,129598.82948133674,3225.518120659712,132824.34760199644,327,11,144.05,31,9,16,34.41815856777493,0.6276881720430108,45.44270833333333,1018.2291666666661,32.84610215053762,0
362,4,0,0,40,0.0,0.0,1.0,40,1500,1000,500,0.6666666666666666,20,10,10,435.55704355459386,0.43078258547008547,0.12751757188498414,0.24502040731953242,129764.60986667206,3303.977966308589,133068.58783298064,328,12,145.05,31,9,17,34.18543663471779,0.6293682795698925,45.279947916666664,1018.880208333333,32.86710349462365,0
363,4,0,0,40,0.0,0.0,1.0,40,1300,1000,300,0.7692307692307693,16,10,6,432.5024236774874,0.43030181623931624,0.12166129831516348,0.2437960589332876,129844.02101826342,3231.570758085907,133075.59177634932,329,13,146.05,32,8,17,34.18194582094484,0.6276041666666667,45.2020202020202,1019.191919191919,31.84974747474747,0
364,4,0,0,40,0.0,0.0,1.0,40,1000,800,200,0.8,12,8,4,433.28485847654997,0.42964743589743587,0.11532817337461321,0.24484081400966695,129940.55333958271,3260.25485282114,133200.80819240384,330,14,147.05,32,8,17,34.063209494324035,0.6285807291666667,45.10732323232323,1019.5707070707072,31.8615845959596,0
365,4,0,1,39,0.0,0.025,0.975,40,1250,900,350,0.72,16,9,7,432.30694830916565,0.4289529914529915,0.11546675745945323,0.2446911858089089,130004.92814827562,3240.40675058667,133245.3348988623,331,15,148.05,32,8,17,34.0222751846808,0.6292317708333333,45.04419191919192,1019.8232323232318,31.869476010100993,0
366,4,0,1,38,0.0,0.02564102564102564,0.9743589743589743,39,950,600,350,0.631578947368421,13,6,7,431.28828036654573,0.4283625730994152,0.1078579793767318,0.2445177555846541,130069.31889921942,3419.47457529843,133488.79347451785,332,16,146.87179487179486,32,7,17,33.98239262284936,0.6298828125,44.9810606060606,1020.0757575757572,31.87736742424241,0
367,4,0,0,38,0.0,0.0,1.0,38,1050,700,350,0.6666666666666666,14,7,7,426.47322265744754,0.4270240635372214,0.11231233935833407,0.2434197650284471,130331.20022907275,3516.6968751582663,133847.89710423103,333,17,148.5,30,8,18,33.83764424553551,0.6378472222222222,44.7244623655914,1021.1021505376347,34.03673835125449,0
368,4,0,0,38,0.0,0.0,1.0,38,1400,1000,400,0.7142857142857143,18,10,8,426.47322265744754,0.4270240635372214,0.11231233935833407,0.2434197650284471,130331.20022907275,3516.5533949011497,133847.7536239739,334,18,149.5,30,8,18,33.83764424553551,0.6378472222222222,44.7244623655914,1021.1021505376347,34.03673835125449,0
369,4,0,0,38,0.0,0.0,1.0,38,1150,800,350,0.6956521739130435,15,8,7,427.63936035462683,0.42623873873873874,0.11845740518906811,0.24495002095369406,130468.4812731241,3558.691575615686,134027.17284873978,335,19,150.5,30,8,18,33.66771915975968,0.6392361111111111,44.590053763440864,1021.6397849462369,34.0546594982079,0
370,4,0,0,38,0.0,0.0,1.0,38,950,800,150,0.8421052631578947,11,8,3,425.98603243510075,0.42577939781887153,0.11909244441983446,0.24465240110547648,130571.48947855248,3524.32615042202,134095.8156289745,336,20,151.5,30,8,17,33.604846133613876,0.6402777777777777,44.48924731182796,1022.0430107526886,34.06810035842295,0
371,4,0,0,38,0.0,0.0,1.0,38,1350,900,450,0.6666666666666666,18,9,9,424.9406183819477,0.4256460407776197,0.11872898127517062,0.24448550252746562,130640.1841975951,3502.8641316915264,134143.04832928663,337,21,152.5,30,8,17,33.56149750197212,0.6409722222222223,44.42204301075269,1022.3118279569893,34.077060931899645,0
372,4,0,0,38,0.0,0.0,1.0,38,1400,1000,400,0.7142857142857143,18,10,8,423.71594191887345,0.4256015884305358,0.11928902413721532,0.244649341274858,130777.62783269747,3482.513151809462,134260.14098450693,338,22,153.5,30,8,17,33.452693823915894,0.6423611111111112,44.28763440860215,1022.8494623655918,34.09498207885306,0
373,4,0,0,38,0.0,0.0,1.0,38,1050,800,250,0.7619047619047619,13,8,5,412.491820251712,0.4258386676149834,0.09728569177434587,0.2222133354259224,128048.66850321396,2963.8056703397606,131012.47417355372,339,23,154.5,32,6,18,36.532403942115764,0.609375,46.96969696969697,1012.1212121212121,31.62878787878788,8
374,4,3,1,40,0.07317073170731707,0.024390243902439025,0.975609756097561,41,1250,1000,250,0.8,15,10,5,382.5918290196855,0.43226626016260167,0.1259409992740661,0.21119266939547207,129019.90504535152,1672.4281603137224,130692.33320566524,340,0,144.1219512195122,34,7,19,36.29452777126787,0.6145833333333333,46.011904761904766,1015.9523809523813,29.88095238095239,0
375,4,2,0,42,0.047619047619047616,0.0,1.0,42,950,700,250,0.7368421052631579,12,7,5,371.9537640629488,0.4360723964382501,0.1327612809072627,0.207696455190996,129473.85381235827,1231.7850056689344,130705.6388180272,341,0,141.64285714285714,34,8,18,36.10168830662456,0.6191789215686274,45.56547619047619,1017.7380952380952,29.93347338935574,0
376,4,1,0,43,0.023255813953488372,0.0,1.0,43,1250,1200,50,0.96,13,12,1,363.70886527807204,0.43717700258397935,0.13454300542767705,0.20489165443208093,129819.89354263117,843.3292341820977,130663.22277681326,342,0,139.32558139534885,35,8,19,35.95932708688245,0.6205357142857143,45.22569444444444,1019.0972222222222,29.11706349206349,0
377,4,1,0,44,0.022727272727272728,0.0,1.0,44,950,700,250,0.7368421052631579,12,7,5,354.4664537126981,0.43908562367864695,0.14626293829735992,0.20181431761632534,130233.84871357858,432.70610137165755,130666.55481495024,343,0,137.13636363636363,36,8,21,35.774538467196244,0.6226851851851851,44.81981981981983,1020.7207207207218,28.353353353353384,0
378,4,0,0,44,0.0,0.0,1.0,44,1500,1000,500,0.6666666666666666,20,10,10,354.94238316941346,0.4386561839323467,0.14907702741366347,0.20286813492407704,130384.14292800447,455.7780244737223,130839.92095247819,344,1,138.13636363636363,34,10,22,35.60996813925477,0.6283700980392157,44.672619047619044,1021.3095238095233,30.03851540616245,0
379,4,0,1,43,0.0,0.022727272727272728,0.9772727272727273,44,1300,1000,300,0.7692307692307693,16,10,6,352.7141927468558,0.43841393587033123,0.1444477985023247,0.20222751612199508,130505.75573979598,406.2464569161048,130912.00219671208,345,2,139.13636363636363,34,10,16,35.54361334420753,0.6295955882352942,44.55357142857143,1021.7857142857148,30.052521008403374,0
380,4,0,0,43,0.0,0.0,1.0,43,800,400,400,0.5,12,4,8,355.34664445704334,0.43782299741602065,0.14458908228105205,0.2042172884409757,130597.00255102056,681.4413265306302,131278.44387755118,346,3,139.93023255813952,34,9,17,35.38390985324947,0.6305147058823529,44.46428571428572,1022.1428571428584,30.06302521008407,0
381,4,0,1,42,0.0,0.023255813953488372,0.9767441860465116,43,1450,1000,450,0.6896551724137931,19,10,9,350.89793779552394,0.43763842746400883,0.14214576731552775,0.20238473749094327,130735.62349965703,574.9721364883387,131310.59563614536,347,4,140.93023255813952,35,8,17,35.357250641315844,0.6297619047619047,44.3287037037037,1022.6851851851849,29.21957671957671,0
382,4,0,1,41,0.0,0.023809523809523808,0.9761904761904762,42,1050,600,450,0.5714285714285714,15,6,9,356.80529300567093,0.4359998064266357,0.13942805383022794,0.205163043478261,130617.28395061738,920.9876543209999,131538.27160493837,348,5,145.14285714285714,35,7,17,35.32608695652174,0.6285714285714286,44.44444444444445,1022.222222222223,29.206349206349227,0
383,4,0,0,41,0.0,0.0,1.0,41,950,600,350,0.631578947368421,13,6,7,362.29526763036705,0.4352388211382114,0.1380362260592447,0.20837437797333958,130627.42524092969,1265.1395975056723,131892.56483843536,349,6,146.0,34,7,17,35.175507550172746,0.6308210784313726,44.43452380952381,1022.2619047619046,30.066526610644253,0
384,4,0,0,41,0.0,0.0,1.0,41,1450,900,550,0.6206896551724138,20,9,11,364.13730669308444,0.4348831300813008,0.13646043328884971,0.2099288231203756,130718.71456916103,1319.9121315192751,132038.6267006803,350,7,147.0,34,7,18,35.03589445091191,0.6317401960784313,44.345238095238095,1022.6190476190479,30.07703081232494,0
385,4,1,2,40,0.023809523809523808,0.047619047619047616,0.9523809523809523,42,1250,900,350,0.72,16,9,7,355.5078496708733,0.4342213511420829,0.1518126237836912,0.20694299038736078,131090.96364883386,920.7733196158978,132011.73696844975,351,0,144.47619047619048,35,7,19,34.879822182037394,0.6333333333333333,43.981481481481474,1024.0740740740728,29.25925925925922,0
386,4,0,0,40,0.0,0.0,1.0,40,750,500,250,0.6666666666666666,10,5,5,373.35999104035545,0.42956730769230766,0.15025458248472456,0.21567030070684068,130794.81336805565,1766.7100694444493,132561.5234375001,352,1,152.225,33,7,19,34.72292939579089,0.6347853535353536,44.270833333333336,1022.9166666666674,30.99747474747477,0
387,4,0,0,40,0.0,0.0,1.0,40,1200,1100,100,0.9166666666666666,13,11,2,371.759213385006,0.4292067307692307,0.14748563218390798,0.21562034376330355,130951.55709342571,1736.4895713187373,132688.04666474444,353,2,153.225,33,7,19,34.604984833971905,0.6363636363636364,44.117647058823536,1023.5294117647068,31.01604278074869,0
388,4,1,0,41,0.024390243902439025,0.0,1.0,41,1200,800,400,0.6666666666666666,16,8,8,362.8028492685564,0.4299288617886179,0.149775192722307,0.21232968928300502,131297.62081916112,1327.0301870748444,132624.65100623597,354,0,150.46341463414635,34,7,21,34.48401866263988,0.6375612745098039,43.77976190476191,1024.8809523809534,30.14355742296922,0
389,4,0,0,41,0.0,0.0,1.0,41,1000,500,500,0.5,15,5,10,362.1758200848494,0.43008130081300816,0.15030010465038357,0.21265439204560957,131422.35145436853,1319.6031261769522,132741.95458054548,355,1,151.46341463414635,33,8,21,34.37400402374408,0.6410984848484849,43.65808823529412,1025.3676470588239,31.07174688057042,0
390,4,1,3,39,0.023809523809523808,0.07142857142857142,0.9285714285714286,42,1000,700,300,0.7,13,7,6,366.14602446687945,0.4305434572202865,0.1993609227651778,0.20524332197180134,129625.34722222232,1111.8322880622934,130737.17951028461,356,0,148.83333333333334,34,8,20,36.09519912711402,0.6207107843137255,45.41666666666667,1018.3333333333342,29.950980392156886,8
391,4,0,0,39,0.0,0.0,1.0,39,1650,1300,350,0.7878787878787878,20,13,7,380.8391194981639,0.426731893837157,0.20468293799973303,0.2129212885848957,129522.50567544125,2065.447403326191,131587.95307876743,357,1,156.30769230769232,32,7,20,35.82599437691228,0.6243489583333333,45.51767676767677,1017.9292929292926,31.810290404040394,0
392,4,0,0,39,0.0,0.0,1.0,39,1250,700,550,0.56,18,7,11,353.59136945983386,0.42633828160143955,0.19315114709851566,0.19194960056390983,128355.55555555562,1336.404448525671,129691.9600040813,358,2,157.30769230769232,34,5,20,37.70901864035088,0.607843137254902,46.66666666666667,1013.3333333333339,29.80392156862747,7
393,4,1,0,40,0.025,0.0,1.0,40,1500,1400,100,0.9333333333333333,16,14,2,347.5535981916487,0.42972756410256413,0.1949441085890271,0.1903187005213107,128701.7763658479,946.1530939214664,129647.92945976937,359,0,154.35,35,5,19,37.50867362457701,0.6092261904761904,46.32523148148148,1014.6990740740739,28.99140211640211,0
394,4,1,0,41,0.024390243902439025,0.0,1.0,41,1400,1200,200,0.8571428571428571,16,12,4,343.1626314387911,0.4302845528455284,0.20126118409748917,0.18964670468415695,129065.65176647306,658.1017377091075,129723.75350418217,360,0,151.5609756097561,38,3,20,37.249412960431776,0.6071820175438596,45.96688034188034,1016.1324786324785,26.740328385065226,0
395,4,2,0,43,0.046511627906976744,0.0,1.0,43,1150,500,650,0.43478260869565216,18,5,13,329.1836601597858,0.43468530823181983,0.20806777673183974,0.18441627355420018,129602.41280131518,-67.11532084882509,129535.29748046635,361,0,145.46511627906978,36,7,19,37.059463245594614,0.6163194444444444,45.43918918918921,1018.2432432432461,28.284534534534615,0
396,4,0,0,43,0.0,0.0,1.0,43,1050,900,150,0.8571428571428571,12,9,3,329.8292653294637,0.4346160944998154,0.20966033843480814,0.18512290306014437,129675.59880203531,-45.838503193279564,129629.76029884203,362,1,146.46511627906978,37,6,19,36.96879373452473,0.6151463963963963,45.367324561403514,1018.5307017543865,27.527856804172607,0
397,4,0,0,43,0.0,0.0,1.0,43,750,500,250,0.6666666666666666,10,5,5,333.5424878653618,0.43459302325581395,0.21209542592277408,0.1876075543126478,129759.3730763312,56.05282394583219,129815.42590027704,363,2,147.46511627906978,37,6,19,36.78926316544699,0.615990990990991,45.28508771929825,1018.8596491228072,27.536747273589384,0
398,4,0,1,42,0.0,0.023255813953488372,0.9767441860465116,43,1100,700,400,0.6363636363636364,15,7,8,354.62040513285,0.4344776670358066,0.19977253134185702,0.18682237343351815,127148.79575521481,420.833064595829,127569.62881981065,364,3,148.46511627906978,36,7,18,38.91897424445437,0.5914351851851851,47.86036036036037,1008.5585585585598,28.01551551551555,7
399,4,1,2,41,0.023255813953488372,0.046511627906976744,0.9534883720930233,43,950,600,350,0.631578947368421,13,6,7,353.94659107123766,0.43247046880767814,0.2044684996977233,0.18738471918319566,127347.63215495899,414.8520564483334,127762.48421140733,365,0,149.32558139534885,36,7,16,38.731916397039676,0.5934606481481481,47.663288288288285,1009.3468468468467,28.037412412412408,0
400,4,1,0,42,0.023809523809523808,0.0,1.0,42,850,600,250,0.7058823529411765,11,6,5,361.87871487740165,0.43331397599690286,0.21954395793405057,0.19161774574655838,127354.7363281248,817.3936631944139,128172.1299913192,366,0,153.76190476190476,35,7,17,38.524466804265536,0.5955357142857143,47.656249999999986,1009.3749999999984,28.83928571428567,0
401,4,0,0,42,0.0,0.0,1.0,42,1150,1000,150,0.8695652173913043,13,10,3,360.75598500744564,0.4334228610143244,0.2133032029868347,0.19143766503679743,127442.37075617253,795.1195987653985,128237.49035493792,367,1,154.76190476190476,35,7,17,38.46286107290235,0.5964285714285714,47.56944444444443,1009.7222222222197,28.849206349206277,0
402,4,1,1,42,0.023255813953488372,0.023255813953488372,0.9767441860465116,43,1050,700,350,0.6666666666666666,14,7,7,356.44128330709395,0.4369001476559616,0.21155126162286475,0.19115199983864123,127867.13219452118,515.4249384425771,128382.55713296376,368,0,152.13953488372093,37,6,18,38.136473691818445,0.5968468468468469,47.149122807017534,1011.4035087719282,27.335229966808868,0
403,4,2,1,43,0.045454545454545456,0.022727272727272728,0.9772727272727273,44,800,500,300,0.625,11,5,6,343.23262886239763,0.43927281536293167,0.2170807392326386,0.18650788880512265,128394.44739006208,14.433888311762246,128408.88127837384,369,0,145.72727272727272,37,7,16,37.93174564535324,0.6021959459459459,46.6282894736842,1013.4868421052611,27.391536273115165,0
404,4,1,0,44,0.022727272727272728,0.0,1.0,44,1300,900,400,0.6923076923076923,17,9,8,342.70380639959745,0.44195956659619445,0.2221496355384407,0.18765568191845378,128700.23108071685,21.211815173868217,128721.44289589072,370,0,143.1818181818182,37,7,17,37.63327570059793,0.6052927927927928,46.3267543859649,1014.692982456138,27.4241346609767,0
405,4,0,1,43,0.0,0.022727272727272728,0.9772727272727273,44,1050,900,150,0.8571428571428571,12,9,3,343.8272302179588,0.44181642001409444,0.22388635135798807,0.18840266522600388,128728.04763244446,52.04161376575803,128780.08924621022,371,1,144.1818181818182,37,7,17,37.57642265442102,0.6055743243243243,46.29934210526315,1014.8026315789463,27.42709815078233,0
406,4,2,0,45,0.044444444444444446,0.0,1.0,45,1350,900,450,0.6666666666666666,18,9,9,336.2515529176627,0.4428661616161616,0.23009750686051245,0.1863385862557694,129174.23575726857,-312.99252593323627,128861.24323133533,372,0,141.86666666666667,38,7,19,37.3145472061657,0.6082785087719298,45.86004273504273,1016.5598290598288,26.75157444894286,0
407,4,0,0,45,0.0,0.0,1.0,45,900,500,400,0.5555555555555556,13,5,8,337.9208079906755,0.44257154882154887,0.22741913655433765,0.18780078873623338,129287.27027280675,-262.2225261637326,129025.04774664302,373,1,142.86666666666667,36,9,19,37.157199276565905,0.6131365740740741,45.74887387387388,1017.0045045045058,28.250125125125162,0
408,4,0,0,45,0.0,0.0,1.0,45,1400,1200,200,0.8571428571428571,16,12,4,337.6864033728068,0.4421296296296296,0.22930533683289545,0.1884278261350898,129445.89548405651,-257.5762245233453,129188.31925953316,374,2,143.86666666666667,38,7,16,37.001968503937,0.6110197368421053,45.592948717948715,1017.628205128205,26.77968960863697,0
409,4,1,2,44,0.021739130434782608,0.043478260869565216,0.9565217391304348,46,1200,900,300,0.75,15,9,6,334.21422097842475,0.44431360708534623,0.24404034569327493,0.18848911540483523,129864.12896050369,-519.5122612846985,129344.61669921898,375,0,141.7173913043478,39,7,18,36.66592147845343,0.6135149572649572,45.18229166666668,1019.2708333333351,26.135149572649617,0
410,4,1,0,45,0.022222222222222223,0.0,1.0,45,1350,1100,250,0.8148148148148148,16,11,5,342.66049482455674,0.44137205387205386,0.2538305747608065,0.19401168941845928,130017.30974687729,-89.64086127545582,129927.66888560183,376,0,145.64444444444445,38,7,19,36.295306934841804,0.6167763157894737,45.03205128205129,1019.8717948717967,26.83873144399465,0
411,4,1,0,46,0.021739130434782608,0.0,1.0,46,1200,600,600,0.5,18,6,12,336.215459552943,0.4410929951690821,0.26064446596908586,0.19237319023253707,130426.23325525997,-429.5056706114122,129996.72758464856,377,0,143.45652173913044,38,8,20,36.04552348080745,0.6208881578947368,44.63141025641027,1021.4743589743612,26.88090418353582,0
412,4,0,0,46,0.0,0.0,1.0,46,1550,1000,550,0.6451612903225806,21,10,11,336.31409499054786,0.4414049919484702,0.2633506616257082,0.19338060461956524,130617.28395061742,-414.3132716049278,130202.97067901249,378,1,144.45652173913044,38,8,19,35.84975090579709,0.6228070175438596,44.44444444444445,1022.2222222222233,26.900584795321667,0
413,4,0,0,46,0.0,0.0,1.0,46,800,400,400,0.5,12,4,8,336.9367733460576,0.44125402576489536,0.2601813449142101,0.19414941948796635,130699.20562358478,-392.52627565927577,130306.67934792551,379,2,145.45652173913044,38,8,19,35.75100999547242,0.6236293859649122,44.364316239316246,1022.5427350427364,26.909019343229904,0
414,4,0,1,45,0.0,0.021739130434782608,0.9782608695652174,46,1450,1200,250,0.8275862068965517,17,12,5,337.3077740091046,0.44123389694041865,0.26019511397544726,0.19463817483961163,130753.83434007232,-379.1430391189983,130374.69130095333,380,3,146.45652173913044,38,8,19,35.68630523346915,0.6241776315789473,44.31089743589744,1022.7564102564103,26.914642375168693,0
415,4,0,1,44,0.0,0.022222222222222223,0.9777777777777777,45,1100,600,500,0.5454545454545454,16,6,10,343.83933094816973,0.439983164983165,0.2625747494803823,0.1978471772605554,130644.58832137121,-15.850431916131186,130628.73788945508,381,4,150.62222222222223,38,7,19,35.62981154422268,0.6230811403508771,44.417735042735046,1022.3290598290602,26.903396311291058,0
416,4,0,0,44,0.0,0.0,1.0,44,1100,900,200,0.8181818181818182,13,9,4,375.2241343714017,0.43970225510923183,0.20443906590776084,0.20887884222824937,129352.72285997734,968.3590098596987,130321.08186983704,382,5,151.29545454545453,34,10,18,36.14199336844158,0.617953431372549,45.68452380952381,1017.2619047619048,29.919467787114847,8
417,4,0,0,44,0.0,0.0,1.0,44,1450,900,550,0.6206896551724138,20,9,11,372.6376177360369,0.43957011980267796,0.20170260714950294,0.20819410485201442,129495.73072059326,850.9961205418381,130346.7268411351,383,6,152.29545454545453,35,9,17,36.06199302554773,0.6172619047619048,45.54398148148148,1017.8240740740739,29.080687830687825,0
418,4,0,1,43,0.0,0.022727272727272728,0.9772727272727273,44,1100,500,600,0.45454545454545453,17,5,12,374.78893960370124,0.4390525898520084,0.20029297177756877,0.20986749215109873,129584.09857521013,913.3373789009031,130497.43595411103,384,7,153.29545454545453,35,9,17,35.91719241408057,0.6181547619047619,45.45717592592593,1018.1712962962969,29.090608465608483,0
419,4,1,1,43,0.022727272727272728,0.022727272727272728,0.9772727272727273,44,1300,800,500,0.6153846153846154,18,8,10,367.47908534164725,0.4403629316420014,0.2101946330293658,0.20738283544342875,129889.2389010635,746.3157414171237,130635.55464248062,385,0,153.72727272727272,36,8,18,35.792734570628966,0.619212962962963,45.15765765765767,1019.3693693693715,28.315815815815874,0
420,4,0,1,42,0.0,0.023255813953488372,0.9767441860465116,43,1100,800,300,0.7272727272727273,14,8,6,342.6657945070478,0.436531007751938,0.13732936467207169,0.18787804366247474,128751.6940646705,223.76030815976077,128975.45437283027,386,1,157.86046511627907,39,4,16,37.58178948989019,0.6022970085470085,46.276041666666686,1014.8958333333363,26.022970085470163,8
421,4,0,1,41,0.0,0.023809523809523808,0.9761904761904762,42,1150,800,350,0.6956521739130435,15,8,7,346.55916929888235,0.435866724738676,0.14887906536154127,0.19021713850425684,128794.39153928358,526.9754684418408,129321.36700772542,387,2,161.78571428571428,38,4,17,37.439480054731085,0.6044407894736843,46.23397435897437,1015.0641025641042,26.712213225371165,0
422,4,1,1,41,0.023809523809523808,0.023809523809523808,0.9761904761904762,42,1300,800,500,0.6153846153846154,18,8,10,351.63596387773714,0.4364958381726674,0.16758812065751583,0.1900186650954694,128173.0379027676,648.3355714482228,128821.37347421581,388,0,159.52380952380952,36,6,18,37.94507154507711,0.6018518518518519,46.846846846846844,1012.6126126126123,28.12812812812812,8
423,4,0,0,41,0.0,0.0,1.0,41,1450,1100,350,0.7586206896551724,18,11,7,356.6188253249041,0.4350863821138211,0.16956947080612395,0.19299760917861697,128232.43694540893,946.0202064043174,129178.45715181324,389,1,163.3170731707317,35,6,19,37.7581847788824,0.6044642857142857,46.78819444444444,1012.8472222222222,28.938492063492063,0
424,4,0,0,41,0.0,0.0,1.0,41,1000,800,200,0.8,12,8,4,359.14339232113764,0.4353658536585366,0.16494546670195454,0.19493492869011522,128349.69142500425,1019.1887163494487,129368.8801413537,390,2,164.3170731707317,35,6,19,37.574362269179524,0.6056547619047619,46.6724537037037,1013.3101851851849,28.95171957671957,0
425,4,0,0,41,0.0,0.0,1.0,41,1250,700,550,0.56,18,7,11,357.7925054589034,0.4347815040650407,0.16814482107602213,0.1947734341401202,128466.99948827586,992.9059231395727,129459.90541141543,391,3,165.3170731707317,35,6,16,37.48870209689082,0.606845238095238,46.55671296296296,1013.7731481481479,28.964947089947085,0
426,4,1,0,42,0.023809523809523808,0.0,1.0,42,900,500,400,0.5555555555555556,13,5,8,351.30623420299884,0.4357941347270615,0.1673429385068128,0.19271595184854723,128772.40997331798,647.7100833942119,129420.12005671219,392,0,162.35714285714286,36,6,17,37.34143274529383,0.6079282407407407,46.255630630630634,1014.977477477478,28.193818818818833,0
427,4,1,0,43,0.023255813953488372,0.0,1.0,43,750,400,350,0.5333333333333333,11,4,7,342.0206765352542,0.4373385012919897,0.17267147117919546,0.18953219917264455,129173.52123970843,236.00302496922362,129409.52426467765,393,0,159.5581395348837,37,6,18,37.168657642109814,0.6100788288288288,45.86074561403509,1016.5570175438601,27.474513987671894,0
428,4,1,1,43,0.022727272727272728,0.022727272727272728,0.9772727272727273,44,1000,600,400,0.6,14,6,8,333.400403626379,0.43827078928823116,0.17483252529722937,0.18623441582047073,129487.77113261924,-165.73895647583606,129322.0321761434,394,0,156.9090909090909,36,8,16,37.06848860367337,0.615162037037037,45.55180180180181,1017.7927927927939,28.272022022022053,0
429,4,1,0,44,0.022727272727272728,0.0,1.0,44,1000,700,300,0.7,13,7,6,332.0434414600124,0.43821573291050037,0.18035563507699748,0.1862903774543642,129659.75265806344,-189.46590171252643,129470.28675635092,395,0,157.38636363636363,36,8,17,36.92848850066342,0.6168981481481481,45.38288288288288,1018.4684684684682,28.290790790790783,0
430,4,0,1,43,0.0,0.022727272727272728,0.9772727272727273,44,650,400,250,0.6153846153846154,9,4,5,332.57893279008726,0.43813865398167723,0.18190610649436834,0.1870007212524497,129745.78622118726,-169.85697690935916,129575.9292442779,396,1,158.38636363636363,36,8,17,36.82758557164436,0.6177662037037037,45.298423423423415,1018.806306306305,28.30017517517514,0
431,4,0,0,43,0.0,0.0,1.0,43,1450,1000,450,0.6896551724137931,19,10,9,337.3488500074892,0.4373385012919897,0.18623672162502736,0.18975603364957982,129760.92470689719,154.9397451560246,129915.86445205321,397,2,161.7674418604651,35,8,17,36.69073516604188,0.6199404761904762,45.28356481481481,1018.86574074074,29.110449735449713,0
432,4,0,1,42,0.0,0.023255813953488372,0.9767441860465116,43,950,500,450,0.5263157894736842,14,5,9,333.73127057692074,0.43775378368401624,0.18242956850998904,0.18847593216050293,129917.93894823875,71.53576718610202,129989.47471542485,398,3,162.7674418604651,36,7,18,36.6236790750764,0.6195023148148149,45.1295045045045,1019.4819819819817,28.318943943943935,0
433,4,1,1,42,0.023255813953488372,0.023255813953488372,0.9767441860465116,43,950,700,250,0.7368421052631579,12,7,5,332.8786923213182,0.4384228497600591,0.18480914521598724,0.18882580298928162,130090.20580969503,60.851518748502144,130151.05732844354,399,0,163.6046511627907,36,7,20,36.47086690951908,0.6212384259259259,44.9605855855856,1020.1576576576593,28.337712712712758,0
434,4,0,0,42,0.0,0.0,1.0,42,1350,1100,250,0.8148148148148148,16,11,5,331.5341592627973,0.43683459156020127,0.19320568685576078,0.1887540187565274,130233.05047850228,235.34097972394216,130468.39145822622,400,1,166.16666666666666,35,7,21,36.36053312922855,0.624702380952381,44.820601851851855,1020.717592592593,29.1633597883598,0
435,4,0,0,42,0.0,0.0,1.0,42,1300,1100,200,0.8461538461538461,15,11,4,332.654380413016,0.4368587882307395,0.19988448791441304,0.18982386442455543,130321.66950660152,270.41484482167516,130592.0843514232,401,2,167.16666666666666,35,7,21,36.24225421295247,0.6255952380952381,44.7337962962963,1021.064814814815,29.173280423280428,0
436,4,0,0,42,0.0,0.0,1.0,42,1200,800,400,0.6666666666666666,16,8,8,363.9546436309182,0.4365684281842819,0.2334892140594358,0.19561012912513012,127955.29827781419,1020.0940720093463,128975.39234982354,402,3,168.16666666666666,38,4,20,37.85616860260471,0.5959429824561404,47.061965811965806,1011.7521367521359,26.625056230319366,8
437,4,0,0,42,0.0,0.0,1.0,42,1100,800,300,0.7272727272727273,14,8,6,362.15712801129195,0.43615708478513354,0.23497391356796138,0.1951693191569382,128063.41428336591,875.8156640367895,128939.22994740271,403,4,169.16666666666666,38,4,20,37.79092780240659,0.5970394736842105,46.95512820512819,1012.1794871794848,26.63630229419697,0
438,4,1,2,41,0.023255813953488372,0.046511627906976744,0.9534883720930233,43,1250,1000,250,0.8,15,10,5,353.316725679566,0.43752307124400147,0.24507037162310508,0.19298506659768636,128601.0181422976,487.45517617008716,129088.47331846769,404,0,166.2093023255814,36,7,20,37.465304762962155,0.6061921296296297,46.424549549549546,1014.3018018018009,28.175050050050025,0
439,4,0,0,41,0.0,0.0,1.0,41,850,500,350,0.5882352941176471,12,5,7,367.15565271118106,0.43551829268292686,0.2510101747724063,0.20006811862707147,128506.39349489778,1236.3697562358052,129742.76325113358,405,1,167.6341463414634,34,7,20,37.21111698172282,0.609375,46.51785714285713,1013.9285714285701,29.82142857142853,0
440,4,0,0,41,0.0,0.0,1.0,41,1550,1200,350,0.7741935483870968,19,12,7,365.20823014237976,0.4354166666666666,0.2517328770090539,0.19962352773801917,128629.57552146734,1195.315924032129,129824.89144549947,406,2,168.6341463414634,36,5,21,37.13458407341623,0.6064814814814814,46.39639639639639,1014.4144144144138,28.17817817817816,0
441,4,1,1,41,0.023809523809523808,0.023809523809523808,0.9761904761904762,42,1300,900,400,0.6923076923076923,17,9,8,382.2584151837383,0.43480207123499803,0.26273452265707853,0.20673976067267089,128206.57920030745,1470.4730174682609,129677.05221777571,407,0,165.5952380952381,33,9,19,37.13546708615683,0.6085858585858586,46.81372549019607,1012.7450980392147,30.689245395127717,8
442,4,2,0,43,0.046511627906976744,0.0,1.0,43,1500,1100,400,0.7333333333333333,19,11,8,360.7817008012468,0.43865356220007384,0.2501051219543653,0.19819908791732113,128829.56594685899,695.8699831588319,129525.43593001782,408,0,157.88372093023256,36,7,18,37.04266038084675,0.6085069444444444,46.19932432432432,1015.2027027027025,28.20007507507507,0
443,4,2,1,44,0.044444444444444446,0.022222222222222223,0.9777777777777777,45,1400,1000,400,0.7142857142857143,18,10,8,344.5978987953096,0.4422558922558923,0.24283337522592063,0.19258894006723995,129508.13140822164,-73.81821034205763,129434.31319787959,409,0,151.82222222222222,37,8,14,36.76287748213579,0.6134572072072072,45.53179824561403,1017.8728070175429,27.510075865338997,0
444,4,1,1,44,0.022222222222222223,0.022222222222222223,0.9777777777777777,45,1400,1100,300,0.7857142857142857,17,11,6,343.5207404421625,0.44362373737373734,0.252857569780647,0.19363403774468746,129843.17440221972,-79.23531759774224,129763.93908462198,410,0,152.44444444444446,37,8,17,36.45004034427113,0.6168355855855856,45.20285087719297,1019.1885964912266,27.545637743006125,0
445,4,1,2,43,0.022222222222222223,0.044444444444444446,0.9555555555555556,45,1100,700,400,0.6363636363636364,15,7,8,343.4984458944148,0.4442550505050505,0.2508690821775441,0.19445398936481736,130010.85820877568,-68.29445117729341,129942.56375759839,411,0,152.33333333333334,37,8,18,36.280485073289604,0.6185247747747749,45.03837719298245,1019.8464912280695,27.563418681839714,0
446,4,0,0,43,0.0,0.0,1.0,43,1200,900,300,0.75,15,9,6,359.1068956720657,0.4407299741602067,0.2619489228135252,0.20184284136050584,129731.4453125,717.491319444445,130448.93663194444,412,1,160.27906976744185,35,8,18,36.16649625085206,0.6196428571428572,45.3125,1018.75,29.107142857142858,0
447,4,0,0,43,0.0,0.0,1.0,43,1100,900,200,0.8181818181818182,13,9,4,361.5365768548287,0.44049926172019194,0.2681072175400798,0.20412911339341858,129908.3719135802,793.3256172839434,130701.69753086414,413,2,161.27906976744185,35,8,18,35.92472752043595,0.6214285714285714,45.138888888888886,1019.444444444444,29.126984126984116,0
448,4,0,0,43,0.0,0.0,1.0,43,1300,1200,100,0.9230769230769231,14,12,2,360.3762621414886,0.44033776301218164,0.2652799408705746,0.20378144219939112,129967.37423911183,767.4313057270247,130734.80554483885,414,3,162.27906976744185,35,8,18,35.89434354899735,0.6220238095238095,45.08101851851852,1019.6759259259262,29.13359788359789,0
449,4,0,0,43,0.0,0.0,1.0,43,1200,700,500,0.5833333333333334,17,7,10,363.6852752363976,0.4397379106681432,0.2673353002046468,0.20599734445378695,130032.77084094235,858.2008106079104,130890.97165155027,415,4,163.27906976744185,36,7,18,35.74353170659895,0.6206597222222222,45.016891891891895,1019.932432432433,28.331456456456472,0
450,4,0,0,43,0.0,0.0,1.0,43,900,700,200,0.7777777777777778,11,7,4,363.54984477686526,0.439922480620155,0.27036133495970716,0.20624803389048507,130094.74068944289,859.1845567867015,130953.92524622958,416,5,164.27906976744185,37,6,18,35.684024792204056,0.6193693693693694,44.95614035087719,1020.1754385964912,27.57230915125652,0
451,4,1,0,44,0.022727272727272728,0.0,1.0,44,900,500,400,0.5555555555555556,13,5,8,353.2815926384039,0.44101259689922484,0.2676889669643294,0.20201461236505427,130402.54122662745,413.87169609880505,130816.41292272626,417,0,161.52272727272728,37,7,19,35.633722490606544,0.6224662162162162,44.6546052631579,1021.3815789473687,27.604907539118074,0
452,4,0,0,44,0.0,0.0,1.0,44,1450,1200,250,0.8275862068965517,17,12,5,348.91179808332595,0.44064922480620156,0.26568217459487675,0.20020044083185448,130535.38795976709,309.0673853093816,130844.45534507647,418,1,162.52272727272728,38,6,15,35.61073357727828,0.621984649122807,44.524572649572654,1021.9017094017104,26.89215024741343,0
453,4,0,0,44,0.0,0.0,1.0,44,1300,1100,200,0.8461538461538461,15,11,4,343.6146848690413,0.43988944679351655,0.26190849263553795,0.19827747909893506,130753.83434007232,185.7875164365581,130939.62185650888,419,2,163.52272727272728,38,6,17,35.52504439569625,0.6241776315789473,44.31089743589744,1022.7564102564103,26.914642375168693,0
454,4,0,0,44,0.0,0.0,1.0,44,750,400,350,0.5333333333333333,11,4,7,345.7078959704455,0.4399445031712474,0.2567768940184889,0.20019287954080583,130890.45606874142,249.9728340273328,131140.42890276876,420,3,164.52272727272728,38,6,17,35.333359434815904,0.6255482456140351,44.17735042735043,1023.2905982905991,26.928699955015766,0
455,4,0,0,44,0.0,0.0,1.0,44,1100,500,600,0.45454545454545453,17,5,12,345.26001615808724,0.43955910852713176,0.2559053437431815,0.20064443510266533,131027.14913662434,247.68712561180865,131274.83626223615,421,4,165.52272727272728,38,6,18,35.20665936206476,0.6269188596491229,44.04380341880342,1023.8247863247866,26.942757534862807,0
456,4,0,2,42,0.0,0.045454545454545456,0.9545454545454546,44,1050,600,450,0.5714285714285714,15,6,9,344.0930052581182,0.43984540169133196,0.2525608194622282,0.2002508473223475,131081.84633875743,220.86928829718184,131302.71562705463,422,5,166.52272727272728,38,6,18,35.181272822117904,0.627467105263158,43.99038461538462,1024.038461538462,26.948380566801628,0
457,4,0,0,42,0.0,0.0,1.0,42,1200,900,300,0.75,15,9,6,359.4573030695652,0.43518921796360815,0.26186283450205905,0.20802732838790283,130866.8190995051,1008.2067709601707,131875.02587046527,423,6,174.9047619047619,36,6,18,35.00554882970138,0.6290509259259259,44.20045045045046,1023.1981981981997,28.422172172172214,0
458,4,0,0,42,0.0,0.0,1.0,42,1400,1000,400,0.7142857142857143,18,10,8,362.74941397544586,0.4337132210607821,0.2658490081765854,0.21071916437385152,131010.89000740598,1104.8247149176175,132115.7147223236,424,7,175.9047619047619,36,6,19,34.77546474535256,0.6304976851851851,44.05968468468468,1023.7612612612606,28.437812812812794,0
459,4,0,0,42,0.0,0.0,1.0,42,1400,1000,400,0.7142857142857143,18,10,8,363.61760599372883,0.43301151761517614,0.2669211515703709,0.21169900825268706,131097.3705969484,1133.8624097070165,132231.2330066554,425,8,176.9047619047619,36,6,19,34.66571365735649,0.6313657407407407,43.97522522522523,1024.0990990991,28.44719719719722,0
460,4,0,0,42,0.0,0.0,1.0,42,1400,1000,400,0.7142857142857143,18,10,8,363.3216212260129,0.4321283391405342,0.26518648787279253,0.21216303657986313,131212.72243527317,1134.4838081324613,132347.20624340564,426,9,177.9047619047619,36,6,19,34.55658752839452,0.6325231481481481,43.862612612612615,1024.54954954955,28.45970970970972,0
461,4,0,0,42,0.0,0.0,1.0,42,850,500,350,0.5882352941176471,12,5,7,363.2247352609224,0.43211624080526523,0.26296191627546683,0.2122660158085508,131241.5683208548,1134.0367817141619,132375.60510256895,427,10,178.9047619047619,36,6,20,34.529893394878556,0.6328125,43.83445945945947,1024.6621621621634,28.462837837837874,0
462,4,0,0,42,0.0,0.0,1.0,42,1350,1100,250,0.8148148148148148,16,11,5,358.717448128213,0.4313177506775068,0.2538024806851724,0.2102687252198268,131357.7852393047,1024.0944361646152,132381.87967546933,428,11,179.9047619047619,35,7,20,34.527892250950295,0.6360119047619048,43.72106481481482,1025.1157407407409,29.289021164021168,0
463,4,1,0,43,0.023255813953488372,0.0,1.0,43,1250,800,450,0.64,17,8,9,348.8523811481884,0.43154761904761907,0.2503042979287875,0.20644475299047638,131721.78578985823,590.291724376716,132312.07751423496,429,0,176.69767441860466,37,6,18,34.41349782809943,0.6356981981981982,43.36622807017543,1026.5350877192968,27.744191559980994,0
464,4,0,0,43,0.0,0.0,1.0,43,1050,700,350,0.6666666666666666,14,7,7,350.6538317499445,0.43191675895164267,0.25086284383395707,0.2081257153466397,131834.3685076175,645.6452947060416,132480.01380232355,430,1,177.69767441860466,37,6,18,34.253772510498976,0.6368243243243243,43.25657894736841,1026.9736842105247,27.75604551920337,0
465,4,0,0,43,0.0,0.0,1.0,43,1700,1500,200,0.8823529411764706,19,15,4,351.500028076757,0.4317783314876338,0.2542549599825237,0.20893732633395024,131890.67790089242,671.9153970452276,132562.59329793765,431,2,178.69767441860466,37,6,18,34.175295331625385,0.6373873873873874,43.201754385964904,1027.1929824561391,27.761972498814572,0
466,4,0,0,43,0.0,0.0,1.0,43,1750,1400,350,0.8,21,14,7,353.45684727973656,0.43163990402362495,0.2516034428430003,0.21088166960871862,132031.50398439902,733.4878279855279,132764.99181238454,432,3,179.69767441860466,37,6,19,33.98313862512891,0.638795045045045,43.06469298245614,1027.741228070175,27.77678994784257,0
467,4,0,0,43,0.0,0.0,1.0,43,1050,700,350,0.6666666666666666,14,7,7,354.8594784724693,0.43050941306755264,0.2549880831624136,0.21234954241457202,132144.21895438983,778.5257242613136,132922.74467865113,433,4,180.69767441860466,37,6,19,33.83355995165477,0.6399211711711712,42.95504385964912,1028.1798245614036,27.788643907064962,0
468,4,0,2,41,0.0,0.046511627906976744,0.9534883720930233,43,1250,800,450,0.64,17,8,9,353.519032919472,0.4303479143595423,0.24631328407794872,0.2120210056767677,132228.78674207444,749.0785626346496,132977.8653047091,434,5,181.69767441860466,37,6,19,33.78287135749821,0.6407657657657657,42.872807017543856,1028.5087719298242,27.797534376481735,0
469,4,0,0,41,0.0,0.0,1.0,41,1200,900,300,0.75,15,9,6,371.3209751255136,0.4267022357723577,0.26074148979434764,0.2209011377489316,131921.9660922497,1597.0786179698239,133519.04471021952,435,6,189.7560975609756,35,6,19,33.63470782634819,0.6416666666666666,43.1712962962963,1027.3148148148152,29.351851851851865,0
470,4,1,0,42,0.023809523809523808,0.0,1.0,42,1100,700,400,0.6363636363636364,15,7,8,359.9277276419002,0.4275914634146341,0.2561081137435819,0.2161696115719105,132282.1316882762,1122.4014132375723,133404.53310151375,436,0,186.21428571428572,36,6,20,33.56435869366904,0.6432291666666667,42.82094594594595,1028.7162162162167,28.575450450450465,0
471,4,0,0,42,0.0,0.0,1.0,42,950,600,350,0.631578947368421,13,6,7,358.18300075757327,0.4276519550909795,0.2552435159703106,0.21528683519218375,132311.0948786626,1078.3169994318837,133389.41187809448,437,1,187.21428571428572,36,6,20,33.580067863397545,0.6435185185185186,42.7927927927928,1028.8288288288302,28.578578578578615,0
472,4,1,0,43,0.023255813953488372,0.0,1.0,43,1250,700,550,0.56,18,7,11,343.7144279094907,0.428640642303433,0.22006318740052766,0.19450660400196024,129996.88042534712,336.36067708332325,130333.24110243045,438,0,183.8372093023256,39,4,18,36.28915560095336,0.6148504273504274,45.05208333333333,1019.7916666666657,26.148504273504248,8
473,4,0,1,42,0.0,0.023255813953488372,0.9767441860465116,43,1100,600,500,0.5454545454545454,16,6,10,340.3070760701579,0.4278100775193798,0.21957097237555967,0.1932352353685332,130129.69970703125,256.81152343750034,130386.51123046875,439,1,184.8372093023256,39,4,18,36.24138591117916,0.6161858974358974,44.921875,1020.3125,26.161858974358974,0
474,4,0,1,41,0.0,0.023809523809523808,0.9761904761904762,42,1150,800,350,0.6956521739130435,15,8,7,349.64604926777383,0.4264542198993419,0.23069350251586118,0.19853814797552735,130129.69970703125,699.8670789930559,130829.56678602431,440,2,190.16666666666666,39,3,18,36.00316913391185,0.6161858974358974,44.921875,1020.3125,26.161858974358974,0
475,4,0,0,41,0.0,0.0,1.0,41,1100,700,400,0.6363636363636364,15,7,8,354.6579307104106,0.42550813008130084,0.23939901163717536,0.200972827402566,130050.0,1024.6527777777783,131074.65277777778,441,3,195.53658536585365,39,2,19,35.956222766884544,0.6153846153846154,45.0,1020.0,26.153846153846153,0
476,4,0,0,41,0.0,0.0,1.0,41,1400,1000,400,0.7142857142857143,18,10,8,352.6291251376878,0.42466971544715443,0.23228851127168215,0.20077936067543323,130236.00396050357,985.0016276041717,131221.00558810774,442,4,196.53658536585365,39,2,19,35.81923750722862,0.6172542735042735,44.817708333333336,1020.7291666666674,26.172542735042754,0
477,4,1,0,42,0.023809523809523808,0.0,1.0,42,1200,800,400,0.6666666666666666,16,8,8,346.389332847635,0.42623644986449866,0.2392522628886269,0.19882879162506556,130550.14209733371,644.2461755463132,131194.38827288002,443,0,192.83333333333334,36,6,16,35.66023875114784,0.6258680555555556,44.51013513513513,1021.9594594594586,28.387762762762737,0
478,4,0,0,42,0.0,0.0,1.0,42,1000,500,500,0.5,15,5,10,343.63585849222846,0.42558313975996903,0.24108227893344814,0.19806848061177496,130710.70545744829,583.377096798999,131294.0825542473,444,1,193.83333333333334,37,5,16,35.56812495532205,0.6255630630630631,44.35307017543859,1022.5877192982443,27.63750592697958,0
479,4,0,0,42,0.0,0.0,1.0,42,1300,1000,300,0.7692307692307693,16,10,6,348.91029377964554,0.4249540263259775,0.24529014348988687,0.20198702615084674,130878.94833025528,733.0024622960725,131611.95079255136,445,2,194.83333333333334,37,5,16,35.26307329618517,0.6272522522522522,44.18859649122806,1023.2456140350863,27.655286865813142,0
480,4,0,0,42,0.0,0.0,1.0,42,850,500,350,0.5882352941176471,12,5,7,347.6568347386335,0.4249661246612466,0.2448276213946421,0.2014078981139456,130906.99932912036,702.1426063788678,131609.14193549924,446,3,195.83333333333334,37,5,16,35.26677292046144,0.6275337837837838,44.16118421052631,1023.3552631578935,27.658250355618744,0
481,4,0,0,42,0.0,0.0,1.0,42,1450,1100,350,0.7586206896551724,18,11,7,348.57991666907475,0.4245305845915602,0.24209960185765844,0.2031244542486477,131131.5155264118,741.9625509772089,131873.478077389,447,4,196.83333333333334,37,5,17,35.01621435963316,0.6297860360360361,43.941885964912274,1024.2324561403495,27.6819582740635,0
482,4,0,0,42,0.0,0.0,1.0,42,1400,1000,400,0.7142857142857143,18,10,8,374.52757016300893,0.42513550135501355,0.26093008728991984,0.21717687232468746,130942.84664619756,1525.1379916962617,132467.98463789382,448,5,197.83333333333334,35,7,16,34.542976553959804,0.6318452380952381,44.1261574074074,1023.4953703703692,29.242724867724835,7
483,4,0,1,41,0.0,0.023809523809523808,0.9761904761904762,42,1100,800,300,0.7272727272727273,14,8,6,375.81924248335673,0.4247362562911343,0.2597248461948367,0.21859781974031908,131061.33355034703,1451.0742187499795,132512.40776909702,449,6,198.83333333333334,35,7,17,34.38983553747032,0.6330357142857144,44.01041666666666,1023.9583333333318,29.255952380952337,0
484,4,0,0,41,0.0,0.0,1.0,41,1100,700,400,0.6363636363636364,15,7,8,384.0318410442686,0.4231961382113821,0.2721927393712822,0.22297702911138872,130992.77388038544,1861.0792233560023,132853.85310374145,450,7,203.70731707317074,34,7,17,34.24913749660812,0.6344975490196079,44.07738095238095,1023.6904761904759,30.10854341736694,0
485,4,1,0,42,0.023809523809523808,0.0,1.0,42,1500,1000,500,0.6666666666666666,20,10,10,338.33018282847604,0.4255105497483546,0.17546053770037973,0.1950715168422469,130722.82745160689,452.99278784436933,131175.82023945125,451,0,199.83333333333334,36,6,16,35.691507910288884,0.6276041666666667,44.34121621621621,1022.6351351351341,28.406531531531503,8
486,4,1,0,43,0.023255813953488372,0.0,1.0,43,1350,1000,350,0.7407407407407407,17,10,7,329.7085134967835,0.4275793650793651,0.17906478761017874,0.19198737631296484,131103.44048168653,45.18409510617039,131148.6245767927,452,0,196.1627906976744,37,6,17,35.52774803711633,0.6295045045045045,43.96929824561403,1024.1228070175428,27.678994784257913,0
487,4,0,0,43,0.0,0.0,1.0,43,1250,800,450,0.64,17,8,9,330.66783753987625,0.4272332964193429,0.1837866358712965,0.1931100171232876,131215.758694983,77.76623576484226,131293.52493074784,453,1,197.1627906976744,37,6,18,35.389911529680376,0.6306306306306306,43.859649122807014,1024.5614035087713,27.690848743480306,0
488,4,0,0,43,0.0,0.0,1.0,43,1350,800,550,0.5925925925925926,19,8,11,327.45086223424084,0.4264950166112957,0.1844843497750035,0.1919334238888976,131356.2240905856,2.5417676592824137,131358.76585824488,454,2,198.1627906976744,37,6,18,35.33076175705066,0.6320382882882882,43.72258771929825,1025.1096491228072,27.705666192508303,0
489,4,0,0,43,0.0,0.0,1.0,43,1400,1200,200,0.8571428571428571,16,12,4,327.0710726767942,0.4255029531192322,0.18659335633395302,0.1927000601992498,131553.00188519547,5.436288088644233,131558.4381732841,455,3,199.1627906976744,37,6,19,35.142332905800195,0.634009009009009,43.530701754385966,1025.8771929824563,27.72641062114747,0
490,4,1,0,44,0.022727272727272728,0.0,1.0,44,1350,1000,350,0.7407407407407407,17,10,7,318.9505862740552,0.42845974277660326,0.18516355692575437,0.18938060443807853,131848.80566741532,-389.3492265687861,131459.45644084652,456,0,195.61363636363637,38,6,17,35.05322653351365,0.6351425438596492,43.24252136752136,1027.0299145299136,27.027103013945094,0
491,4,0,1,43,0.0,0.022727272727272728,0.9772727272727273,44,1450,1200,250,0.8275862068965517,17,12,5,313.73061037690934,0.42785412262156447,0.1894175693302329,0.1869554529495114,131985.99810979617,-518.3904503616066,131467.60765943458,457,1,196.61363636363637,38,6,18,35.04951653150342,0.6365131578947368,43.10897435897436,1027.5641025641025,27.04116059379217,0
492,4,0,0,43,0.0,0.0,1.0,43,1350,1100,250,0.8148148148148148,16,11,5,313.9517896274654,0.42808693244739754,0.1704588309239472,0.18735832606800343,132040.89506172828,-309.1049382716162,131731.79012345665,415,2,191.5581395348837,38,5,18,34.988738738738746,0.6370614035087719,43.05555555555555,1027.777777777777,27.04678362573097,0
493,4,0,0,43,0.0,0.0,1.0,43,1450,1100,350,0.7586206896551724,18,11,7,325.9693412149818,0.42799464747139165,0.12946369841989136,0.18456128892278847,130017.30974687696,-0.21184892980701875,130017.09789794715,416,3,192.5581395348837,38,5,20,36.72087785459878,0.6167763157894737,45.03205128205128,1019.871794871794,26.83873144399458,8
494,4,1,0,44,0.022727272727272728,0.0,1.0,44,1700,1200,500,0.7058823529411765,22,12,10,319.2317597982832,0.4295828928823115,0.12590265037667314,0.18267586451356285,130430.54112803926,-472.0234867442366,129958.51764129502,417,0,189.1590909090909,37,7,22,36.47488192357234,0.6227477477477478,44.62719298245613,1021.4912280701743,27.60787102892363,0
495,4,0,1,43,0.0,0.022727272727272728,0.9772727272727273,44,1100,700,400,0.6363636363636364,15,7,8,318.9276933272472,0.42937367864693443,0.12156567282090225,0.1831623554838737,130570.58572108718,-471.4848559172176,130099.10086516995,418,1,190.1590909090909,37,7,15,36.341214283159886,0.6241554054054055,44.49013157894736,1022.03947368421,27.62268847795162,0
496,4,0,0,43,0.0,0.0,1.0,43,1150,700,450,0.6086956521739131,16,7,9,324.72508242922174,0.42734865263935035,0.12253717935921804,0.18635700543351857,130542.57079101235,-121.91058787321967,130420.66020313912,419,6,195.5581395348837,37,6,15,36.22138769670959,0.6238738738738738,44.51754385964911,1021.9298245614012,27.61972498814598,0
497,4,0,0,43,0.0,0.0,1.0,43,1400,1000,400,0.7142857142857143,18,10,8,321.46506280752465,0.4275793650793651,0.12303922641055398,0.18471208744021547,130589.98243343191,-203.9766190006566,130386.00581443125,420,7,196.5581395348837,38,5,15,36.25679418835581,0.622532894736842,44.47115384615385,1022.1153846153843,26.89777327935222,0
498,4,0,1,42,0.0,0.023255813953488372,0.9767441860465116,43,900,300,600,0.3333333333333333,15,3,12,321.0287689035921,0.4275562938353636,0.12297775530839306,0.18459154211956524,130617.28395061706,-213.61882716051218,130403.66512345655,421,8,197.5581395348837,38,5,15,36.24037590579712,0.6228070175438596,44.444444444444436,1022.2222222222204,26.90058479532159,0
499,4,0,0,42,0.0,0.0,1.0,42,900,600,300,0.6666666666666666,12,6,6,323.0342389050372,0.4267082849399923,0.13440330691975988,0.18640185467377463,130753.83434007231,47.59307199211449,130801.42741206443,422,9,201.83333333333334,38,4,16,36.05126397158677,0.6241776315789473,44.31089743589744,1022.7564102564102,26.91464237516869,0
500,4,0,1,41,0.0,0.023809523809523808,0.9761904761904762,42,1150,600,550,0.5217391304347826,17,6,11,323.12862018928115,0.42681716995741387,0.13351803105442483,0.18704139281787355,130874.74093967033,57.87489149307541,130932.6158311634,423,10,202.83333333333334,39,3,16,35.92684261427262,0.6236645299145299,44.19270833333334,1023.2291666666682,26.23664529914534,0
501,4,0,2,39,0.0,0.04878048780487805,0.9512195121951219,41,1200,900,300,0.75,15,9,6,345.6596037619612,0.42578760162601625,0.006849262396985578,0.191552191601343,129174.23575726857,747.6899827473194,129921.9257400159,424,11,202.46341463414635,38,3,20,37.07545104221404,0.6082785087719298,45.86004273504273,1016.5598290598288,26.75157444894286,8
502,4,0,0,39,0.0,0.0,1.0,39,1350,1100,250,0.8148148148148148,16,11,5,346.98492542100917,0.4222896986054881,0.011004829518836967,0.19283820686013137,129287.27027280664,1172.1496202676951,130459.41989307433,425,16,203.6153846153846,36,3,20,36.92674307016573,0.6131365740740741,45.748873873873876,1017.0045045045049,28.250125125125138,0
503,4,0,0,39,0.0,0.0,1.0,39,950,500,450,0.5263157894736842,14,5,9,346.19810560934565,0.42178362573099415,0.014231138207228433,0.19282081911682053,129373.18019032551,1157.749979709443,130530.93017003496,426,17,204.6153846153846,36,3,20,36.859364622537086,0.6140046296296297,45.664414414414416,1017.3423423423427,28.25950950950952,0
504,4,0,1,38,0.0,0.02564102564102564,0.9743589743589743,39,850,500,350,0.5882352941176471,12,5,7,345.99902440839,0.42167116509221775,0.016615452711502332,0.1931311416663756,129459.11864144553,1158.5457501420365,130617.66439158756,427,18,205.6153846153846,36,3,16,36.77704621740252,0.6148726851851851,45.57995495495496,1017.6801801801804,28.2688938938939,0
505,4,0,0,38,0.0,0.0,1.0,38,1250,900,350,0.72,16,9,7,344.5025349268641,0.41945234708392604,0.04410986005644313,0.1934218143025133,129688.4273420382,1335.5983940021322,131024.02573604032,428,19,210.6315789473684,36,2,17,36.582135618205264,0.6171875,45.35472972972974,1018.5810810810827,28.293918918918965,0
506,4,2,1,39,0.05,0.025,0.975,40,800,600,200,0.75,10,6,4,341.63230108370817,0.42248931623931624,0.09136607622114923,0.19535327713902648,130402.54122662742,911.2122053351139,131313.75343196254,429,0,201.05,37,3,19,35.931181785650395,0.6224662162162162,44.6546052631579,1021.3815789473684,27.604907539118066,0
507,4,0,0,39,0.0,0.0,1.0,39,1000,800,200,0.8,12,8,4,350.47495669768705,0.4219804318488529,0.0893152497519023,0.20028086844935858,130377.5708774652,1338.8147015258405,131716.38557899103,430,1,199.48717948717947,36,3,20,35.730694306612264,0.6241319444444444,44.67905405405405,1021.2837837837831,28.368993993993975,0
508,4,0,0,39,0.0,0.0,1.0,39,1600,1500,100,0.9375,17,15,2,349.38147819289827,0.42153058929374715,0.08922229285865657,0.200546294408637,130550.14209733372,1322.3603248518689,131872.5024221856,431,2,200.48717948717947,36,3,16,35.583792470156105,0.6258680555555556,44.51013513513513,1021.9594594594587,28.38776276276274,0
509,4,0,0,39,0.0,0.0,1.0,39,800,500,300,0.625,11,5,6,348.04672690298423,0.4216149347728295,0.09523728823133992,0.2002261208381047,130636.47050766986,1293.5191948705499,131929.98970254042,432,3,201.48717948717947,36,3,17,35.530494969523396,0.6267361111111112,44.42567567567568,1022.2972972972975,28.39714714714715,0
510,4,0,1,38,0.0,0.02564102564102564,0.9743589743589743,39,1150,900,250,0.782608695652174,14,9,5,348.29082519459496,0.4211088618983356,0.09706939538455917,0.20081453864076917,130722.82745160692,1305.9122889781563,132028.73974058506,433,4,202.48717948717947,36,3,17,35.436855338986156,0.6276041666666667,44.34121621621621,1022.6351351351343,28.40653153153151,0
511,4,0,0,38,0.0,0.0,1.0,38,1300,900,400,0.6923076923076923,17,9,8,353.50780676731415,0.4189485538169749,0.11967000315586995,0.2043594181828837,130824.41332572456,1649.4902852795014,132473.90361100406,434,5,208.18421052631578,35,3,17,35.20064958328619,0.6306547619047619,44.24189814814815,1023.0324074074082,29.229497354497376,0
512,4,1,0,39,0.02564102564102564,0.0,1.0,39,900,600,300,0.6666666666666666,12,6,6,335.6253632396217,0.42167116509221775,0.08010526922814809,0.18890030513290995,129784.51063368036,911.7947048610913,130696.30533854145,435,0,203.82051282051282,39,0,17,36.71071014789067,0.6127136752136753,45.26041666666666,1018.9583333333318,26.127136752136714,8
513,4,0,0,39,0.0,0.0,1.0,39,950,600,350,0.631578947368421,13,6,7,334.7295311992186,0.4215024741340531,0.08237827980317247,0.18890791189824396,129890.67382812488,895.6488715277628,130786.32269965265,436,1,204.82051282051282,39,0,18,36.62587710334491,0.6137820512820513,45.15624999999999,1019.3749999999991,26.13782051282049,0
514,4,0,0,39,0.0,0.0,1.0,39,1250,800,450,0.64,17,8,9,336.1730914547297,0.42127755285650026,0.08924993911205759,0.19036846376132174,130023.4388563366,942.0762803819243,130965.51513671852,437,2,205.82051282051282,39,0,19,36.454503285330055,0.6151175213675213,45.02604166666666,1019.8958333333317,26.15117521367517,0
515,4,0,0,39,0.0,0.0,1.0,39,1300,900,400,0.6923076923076923,17,9,8,331.15138193352027,0.4205184435447593,0.08856714378813035,0.18829309859562948,130182.84640842004,822.0458984374945,131004.89230685754,438,3,206.82051282051282,39,0,20,36.42111956040966,0.6167200854700854,44.869791666666664,1020.5208333333325,26.167200854700834,0
516,4,0,0,39,0.0,0.0,1.0,39,1000,600,400,0.6,14,6,8,339.34423998515643,0.4203216374269006,0.08797417921620077,0.19361868068884425,130317.12420784937,1044.4975083352747,131361.62171618463,439,4,207.82051282051282,38,1,20,36.076087335635314,0.6197916666666667,44.738247863247864,1021.0470085470085,26.86965811965812,0
517,4,0,0,39,0.0,0.0,1.0,39,1000,800,200,0.8,12,8,4,341.87265905803173,0.42054655870445345,0.08914419959289699,0.19561008337844674,130426.23325525982,1117.8326347797617,131544.06589003958,440,5,208.82051282051282,38,1,21,35.90105637485619,0.6208881578947368,44.63141025641026,1021.47435897436,26.88090418353579,0
518,4,0,0,39,0.0,0.0,1.0,39,550,100,450,0.18181818181818182,10,1,9,341.419564400679,0.4205184435447593,0.08732373973407137,0.19562584148374446,130480.80490037624,1109.7399143472894,131590.54481472354,441,6,209.82051282051282,38,1,21,35.85738436334483,0.6214364035087719,44.577991452991455,1021.6880341880344,26.88652721547459,0
519,4,0,1,38,0.0,0.02564102564102564,0.9743589743589743,39,1000,700,300,0.7,13,7,6,341.9630198487713,0.4204059829059829,0.0852842809364549,0.19662873641304357,130617.28395061736,1133.2561728395171,131750.54012345689,442,7,210.82051282051282,38,1,16,35.70538949275364,0.6228070175438596,44.44444444444445,1022.2222222222229,26.900584795321652,0
520,4,0,0,38,0.0,0.0,1.0,38,1150,800,350,0.6956521739130435,15,8,7,340.29525810065314,0.4199709577999052,0.06872123901103389,0.19636205580455438,130753.8343400725,1298.9819608810171,132052.8163009535,443,8,207.42105263157896,38,0,17,35.609918520839855,0.6241776315789473,44.310897435897445,1022.7564102564118,26.91464237516873,0
521,4,0,0,38,0.0,0.0,1.0,38,1100,900,200,0.8181818181818182,13,9,4,337.4179909839843,0.42045993361782835,0.07286434922135143,0.195392352941028,130890.45606874143,1232.958945138444,132123.4150138799,444,9,208.42105263157896,38,0,18,35.54543398065012,0.6255482456140351,44.17735042735043,1023.2905982905992,26.92869995501577,0
522,4,0,0,38,0.0,0.0,1.0,38,800,700,100,0.875,9,7,2,336.5538625373421,0.42010431484115696,0.07776093332893907,0.19544600671714019,130999.80481591064,1217.6980604865303,132217.50287639716,445,10,209.42105263157896,38,0,19,35.45710707576708,0.6266447368421053,44.070512820512825,1023.7179487179492,26.939946018893398,0
523,4,0,0,38,0.0,0.0,1.0,38,1250,700,550,0.56,18,7,11,334.821868089077,0.4195264343290659,0.07698706861049343,0.194855349461676,131081.84633875746,1177.813732741627,132259.6600714991,446,11,210.42105263157896,38,0,20,35.41862284820031,0.627467105263158,43.99038461538462,1024.0384615384621,26.948380566801635,0
524,4,0,0,38,0.0,0.0,1.0,38,1250,1000,250,0.8,15,10,5,350.1095390605236,0.4191559981033665,0.07490140078879359,0.19636578495133705,129647.68005540161,1478.4090399458312,131126.08909534744,447,12,211.42105263157896,37,1,17,36.480763709445874,0.6148648648648649,45.39473684210526,1018.4210526315785,27.524893314366988,8
525,4,0,0,38,0.0,0.0,1.0,38,1450,1200,250,0.8275862068965517,17,12,5,352.9427134631708,0.4185633001422475,0.0800802048168201,0.19851959403751734,129759.37307633132,1559.5250461680694,131318.89812249938,448,13,212.42105263157896,37,1,18,36.29511048930981,0.615990990990991,45.285087719298254,1018.8596491228082,27.53674727358941,0
526,4,0,0,38,0.0,0.0,1.0,38,1500,1300,200,0.8666666666666667,17,13,4,352.6186748469164,0.4183854907539118,0.08331823534740446,0.1989043204719016,129871.11418898132,1558.9960372422395,131430.11022622357,449,14,213.42105263157896,37,1,18,36.18984868043603,0.6171171171171171,45.17543859649123,1019.2982456140359,27.54860123281178,0
527,4,0,0,38,0.0,0.0,1.0,38,650,400,250,0.6153846153846154,9,4,5,385.29027990389915,0.4180298719772404,0.060992885959779475,0.21448243920383173,129352.72285997724,2550.718470675424,131903.44133065265,450,15,214.42105263157896,34,4,18,35.8859957089916,0.617953431372549,45.6845238095238,1017.261904761904,29.919467787114826,8
528,4,0,0,38,0.0,0.0,1.0,38,450,300,150,0.6666666666666666,6,3,3,385.99412909988536,0.41825213371266007,0.058611600379370854,0.21503949330427763,129383.00028344661,2388.215702947833,131771.21598639444,451,16,215.42105263157896,34,4,18,35.837185037834466,0.6182598039215687,45.6547619047619,1017.3809523809516,29.922969187675047,0
529,4,0,0,38,0.0,0.0,1.0,38,850,600,250,0.7058823529411765,11,6,5,381.0168086051602,0.4180150545282124,0.05162012376859826,0.212875591796301,129495.73072059316,2268.0100094307127,131763.74073002388,452,17,216.42105263157896,35,3,16,35.84877947085132,0.6172619047619048,45.543981481481474,1017.8240740740731,29.080687830687804,0
530,4,1,0,39,0.02564102564102564,0.0,1.0,39,1200,900,300,0.75,15,9,6,357.5550741716146,0.4195062977957715,0.0174128047678197,0.19976742835229871,129495.7307205934,1477.7724194101631,130973.50314000357,453,0,211.84615384615384,35,4,17,36.445777424001214,0.6172619047619048,45.54398148148149,1017.8240740740752,29.08068783068786,7
531,4,0,0,39,0.0,0.0,1.0,39,1450,1000,450,0.6896551724137931,19,10,9,361.1218219887807,0.4198436797121008,0.01579657323322814,0.20282279229886777,129701.96926708246,1567.6422914523278,131269.6115585348,454,1,212.84615384615384,35,4,17,36.1451586940878,0.6193452380952381,45.34143518518518,1018.6342592592591,29.103835978835974,0
532,4,1,0,40,0.025,0.0,1.0,40,950,700,250,0.7368421052631579,12,7,5,353.74240674740287,0.4226896367521367,0.013718939812258357,0.2000710489130379,129975.34855379043,1195.5585230500928,131170.90707684052,455,0,208.5,36,4,19,36.05535615681943,0.6200810185185186,45.073198198198206,1019.7072072072085,28.325200200200236,0
533,4,0,0,40,0.0,0.0,1.0,40,950,600,350,0.631578947368421,13,6,7,351.22867311287666,0.42234241452991456,0.013210619273650526,0.1992348497012869,130090.20580969492,1138.2820743040438,131228.48788399895,456,1,209.5,36,4,21,36.00287007395959,0.6212384259259259,44.96058558558559,1020.1576576576583,28.33771271271273,0
534,4,0,0,40,0.0,0.0,1.0,40,650,400,250,0.6153846153846154,9,4,5,349.134165284582,0.4216613247863248,0.015892541924095394,0.19877839661679975,130233.84871357845,1093.8172124827524,131327.6659260612,457,2,210.5,36,4,21,35.91060789938216,0.6226851851851851,44.81981981981982,1020.7207207207208,28.353353353353356,0
535,4,1,0,41,0.024390243902439025,0.0,1.0,41,950,400,550,0.42105263157894735,15,4,11,364.14964259978984,0.42329776422764226,0.10050609881742689,0.19484214063250066,127775.65646701398,1105.891927083338,128881.54839409732,458,0,206.34146341463415,39,2,13,38.03532179407925,0.5924145299145299,47.239583333333336,1011.0416666666674,25.92414529914532,8
536,4,1,2,40,0.023809523809523808,0.047619047619047616,0.9523809523809523,42,1500,1300,200,0.8666666666666667,17,13,4,362.9981644808688,0.4245426829268293,0.1082770423700048,0.19576744539220012,128093.08824319196,899.5111829929358,128992.5994261849,459,0,202.4047619047619,40,2,14,37.73926647257636,0.5940104166666667,46.925813008130085,1012.2967479674803,25.307418699187007,0
537,4,0,0,40,0.0,0.0,1.0,40,1000,600,400,0.6,14,6,8,379.47987775997876,0.420178952991453,0.11235346921533385,0.20381707104419977,127928.2764103478,1709.241338848717,129637.51774919652,460,1,212.775,38,2,15,37.491199352272325,0.5956688596491229,47.08867521367522,1011.6452991452998,26.622244714349993,0
538,4,2,1,41,0.047619047619047616,0.023809523809523808,0.9761904761904762,42,1150,1000,150,0.8695652173913043,13,10,3,367.5210796187222,0.4244700929152148,0.11529891754362187,0.2000807529834798,128469.25593770541,1043.397184783394,129512.6531224888,461,0,203.5952380952381,38,4,13,37.23983032985561,0.6011513157894737,46.554487179487175,1013.7820512820509,26.67847503373818,0
539,4,1,0,42,0.023809523809523808,0.0,1.0,42,950,400,550,0.42105263157894735,15,4,11,366.12834392758475,0.42401035617499033,0.12174076581659543,0.20013751442673672,128631.77237426031,1019.1475591715919,129650.9199334319,462,0,204.57142857142858,38,4,14,37.109004739336484,0.602796052631579,46.39423076923077,1014.4230769230766,26.695344129554645,0
540,4,1,0,43,0.023255813953488372,0.0,1.0,43,1550,1200,350,0.7741935483870968,19,12,7,360.7958555631539,0.42672572905131045,0.1338924590133428,0.19942497290082795,129072.27143441407,713.7481203318148,129786.01955474589,463,0,200.7906976744186,40,3,16,36.79472113878053,0.60390625,45.96036585365854,1016.1585365853662,25.403963414634156,0
541,4,1,1,43,0.022727272727272728,0.022727272727272728,0.9772727272727273,44,800,300,500,0.375,13,3,10,356.18428145529356,0.42943974630021137,0.14494851522009666,0.19850053739481469,129396.54659366321,418.0613904315761,129814.6079840948,464,0,197.20454545454547,37,7,18,36.581595538312314,0.6123310810810811,45.64144736842104,1017.434210526314,27.498221906116594,0
542,4,2,0,45,0.044444444444444446,0.0,1.0,45,1400,1000,400,0.7142857142857143,18,10,8,351.2719150249348,0.4308080808080808,0.16126153741357574,0.19837843233404695,129917.22140842004,127.2542317708232,130044.47564019087,465,0,193.57777777777778,39,6,16,36.17734835325773,0.6140491452991452,45.13020833333333,1019.4791666666658,26.14049145299143,0
543,4,0,0,45,0.0,0.0,1.0,45,1200,700,500,0.5833333333333334,17,7,10,350.86061425077116,0.4301557239057239,0.16996561468014826,0.19868573014050345,130023.43885633688,124.02072482639889,130147.45958116329,466,1,194.57777777777778,39,6,16,36.08000970278828,0.6151175213675213,45.02604166666667,1019.895833333334,26.15117521367523,0
544,4,1,1,45,0.021739130434782608,0.021739130434782608,0.9782608695652174,46,950,500,450,0.5263157894736842,14,5,9,341.9197843175014,0.43197463768115946,0.1768601055120973,0.1954995895978059,130398.95171305431,-282.3642578838366,130116.58745517048,467,0,191.32608695652175,38,8,17,35.92747559274755,0.6206140350877193,44.65811965811966,1021.3675213675216,26.878092667566357,0
545,4,0,1,44,0.0,0.022222222222222223,0.9777777777777777,45,1250,900,350,0.72,16,9,7,349.2823122026813,0.428956228956229,0.18809033952877452,0.1995690150834092,130371.67302441763,107.30387994012057,130478.97690435775,468,1,196.46666666666667,38,7,18,35.767121735188475,0.6203399122807017,44.68482905982907,1021.2606837606854,26.875281151596983,0
546,4,1,2,43,0.022222222222222223,0.044444444444444446,0.9555555555555556,45,1400,1000,400,0.7142857142857143,18,10,8,348.15465376735654,0.4297558922558922,0.1997909261969475,0.19990680779943193,130562.68376981534,91.20119256339277,130653.88496237874,469,0,187.8,38,7,15,35.602437452087266,0.6222587719298245,44.49786324786326,1022.0085470085482,26.89496176338285,0
547,4,0,1,42,0.0,0.023255813953488372,0.9767441860465116,43,750,300,450,0.4,12,3,9,361.2848583940885,0.42891749723145073,0.20050802626550768,0.20599652887368997,130290.57167830483,814.4021477762362,131104.97382608106,470,3,195.09302325581396,37,6,18,35.542973364837295,0.6213400900900901,44.76425438596491,1020.94298245614,27.593053579895678,0
548,4,0,0,42,0.0,0.0,1.0,42,800,500,300,0.625,11,5,6,360.49467566061327,0.42848674022454514,0.21186284732871274,0.20628798516303878,130430.54112803933,1003.9031240381589,131434.4442520775,471,4,199.76190476190476,37,5,19,35.421139258623164,0.6227477477477478,44.62719298245614,1021.4912280701749,27.607871028923647,0
549,4,1,1,42,0.023255813953488372,0.023255813953488372,0.9767441860465116,43,1500,1300,200,0.8666666666666667,17,13,4,348.86321816418194,0.42930970837947585,0.2113140741932884,0.2023571417757528,130954.6929253473,537.0551215277812,131491.7480468751,472,0,196.09302325581396,39,4,17,35.18768233937175,0.624465811965812,44.114583333333336,1023.5416666666673,26.244658119658137,0
550,4,0,0,42,0.0,0.0,1.0,42,950,400,550,0.42105263157894735,15,4,11,356.6238578805358,0.4271680216802168,0.2158078949792277,0.2064299443700943,130874.74093967004,934.6110026041565,131809.3519422742,473,1,201.5,39,3,17,35.070010010519525,0.6236645299145299,44.19270833333333,1023.2291666666658,26.236645299145277,0
551,4,0,0,42,0.0,0.0,1.0,42,1150,700,450,0.6086956521739131,16,7,9,357.4563485023398,0.42664779326364694,0.21498342926914393,0.20762890030029507,131008.00781249996,965.9288194444435,131973.9366319444,474,2,202.5,39,3,17,34.913851580518255,0.625,44.0625,1023.7499999999997,26.249999999999993,0
552,4,2,1,43,0.045454545454545456,0.022727272727272728,0.9772727272727273,44,1600,1200,400,0.75,20,12,8,345.5469380749608,0.4300673890063425,0.21721598196587566,0.20358546301192232,131553.00188519515,293.10989919972576,131846.11178439486,475,0,194.25,37,7,20,34.66848368248539,0.634009009009009,43.53070175438595,1025.8771929824538,27.7264106211474,0
553,4,0,1,42,0.0,0.023255813953488372,0.9767441860465116,43,850,600,250,0.7058823529411765,11,6,5,351.07260249090143,0.4282253599114065,0.21919307224945483,0.20608160112318985,131412.43128895407,627.0608504539618,132039.49213940804,476,1,199.53488372093022,37,6,20,34.66864060884753,0.6326013513513513,43.667763157894726,1025.3289473684194,27.711593172119443,0
554,4,0,0,42,0.0,0.0,1.0,42,950,700,250,0.7368421052631579,12,7,5,350.107421875,0.4274704800619435,0.21961309523809525,0.20594554227941164,131492.4391847468,807.2957758053786,132299.73496055216,477,2,202.0952380952381,38,4,20,34.612630208333314,0.631578947368421,43.589743589743584,1025.641025641025,26.99055330634276,0
555,4,0,0,42,0.0,0.0,1.0,42,1450,1000,450,0.6896551724137931,19,10,9,355.5164031225021,0.42664779326364694,0.22435382647749935,0.21003017025797988,131656.85609796178,961.2343852728386,132618.0904832346,478,3,203.0952380952381,38,4,17,34.30798459296273,0.6332236842105263,43.429487179487175,1026.2820512820506,27.007422402159225,0
556,4,0,3,39,0.0,0.07142857142857142,0.9285714285714286,42,1300,900,400,0.6923076923076923,17,9,8,319.0955511648417,0.42675667828106856,0.05492390103668332,0.18335981392366776,130591.93244716867,-63.65881613849834,130528.27363103017,479,4,204.0952380952381,41,1,13,36.315373354039274,0.6176321138211383,44.46924603174603,1022.1230158730158,24.92982965543941,8
557,4,1,0,40,0.025,0.0,1.0,40,1450,1000,450,0.6896551724137931,19,10,9,325.7839307226988,0.4259481837606838,0.08690379127598846,0.18715409415990175,130581.7925347223,508.28993055556504,131090.08246527787,480,0,211.275,39,1,14,36.15470852017936,0.6207264957264957,44.47916666666667,1022.083333333334,26.207264957264975,0
558,4,0,1,39,0.0,0.025,0.975,40,1150,800,350,0.6956521739130435,15,8,7,325.7839307226988,0.4259481837606838,0.08690379127598846,0.18715409415990175,130581.7925347223,508.28993055556504,131090.08246527787,481,1,212.275,39,1,14,36.15470852017936,0.6207264957264957,44.47916666666667,1022.083333333334,26.207264957264975,0
559,4,0,0,39,0.0,0.0,1.0,39,1300,1100,200,0.8461538461538461,15,11,4,327.9705750098947,0.4250730994152047,0.08205878334391525,0.18898292434796543,130699.20562358478,773.0987243407233,131472.3043479255,482,2,212.89743589743588,38,1,16,35.98021801971231,0.6236293859649122,44.364316239316246,1022.5427350427364,26.909019343229904,0
560,4,1,0,40,0.025,0.0,1.0,40,850,500,350,0.5882352941176471,12,5,7,323.66388491744607,0.4259214743589744,0.1002136752136753,0.18800051187758055,131008.00781250013,480.51215277779306,131488.51996527793,483,0,208.55,39,1,17,35.77872744539411,0.625,44.06250000000001,1023.750000000001,26.250000000000025,0
561,4,0,0,40,0.0,0.0,1.0,40,700,300,400,0.42857142857142855,11,3,8,325.52744529577757,0.42528044871794873,0.10726200162733912,0.18960816600403377,131114.67013888905,536.284722222241,131650.9548611113,484,1,209.55,39,1,17,35.62347436940603,0.6260683760683761,43.95833333333334,1024.166666666668,26.260683760683797,0
562,4,0,0,40,0.0,0.0,1.0,40,1150,900,250,0.782608695652174,14,9,5,329.2832078843937,0.4247596153846154,0.11282725109083702,0.1926039366766954,131276.04683059047,645.3995637517573,131921.44639434223,485,2,210.55,40,0,17,35.36460399312441,0.6260416666666666,43.80081300813009,1024.7967479674815,25.619918699187036,0
563,4,0,0,40,0.0,0.0,1.0,40,1450,1200,250,0.8275862068965517,17,12,5,329.30267540407965,0.42493322649572646,0.11464151518228927,0.1938220827677209,131515.0404188367,661.6612610068938,132176.7016798436,486,3,211.55,39,1,17,35.12332436275006,0.6300747863247863,43.56770833333333,1025.7291666666658,26.300747863247842,0
564,4,0,1,39,0.0,0.025,0.975,40,1650,1100,550,0.6666666666666666,22,11,11,326.7798126419599,0.4242654914529915,0.11140008119354494,0.1931470602256286,131675.3594292534,605.7698567708243,132281.12928602422,487,4,212.55,39,1,15,35.02666277614263,0.6316773504273504,43.41145833333333,1026.354166666666,26.31677350427349,0
565,4,0,0,39,0.0,0.0,1.0,39,750,300,450,0.4,12,3,9,330.55518195009586,0.42226158344579395,0.128413288071906,0.19556491306505658,131711.6845642485,907.595971217749,132619.28053546627,488,5,218.3846153846154,38,1,15,34.89323133499861,0.6337719298245614,43.37606837606837,1026.4957264957252,27.013045434098032,0
566,4,1,0,40,0.025,0.0,1.0,40,1100,600,500,0.5454545454545454,16,6,10,324.62197993966515,0.424065170940171,0.13209507399148634,0.1936348521212053,132023.05230034713,571.5169270833292,132594.56922743047,489,0,213.9,39,1,17,34.732498817487674,0.6351495726495726,43.072916666666664,1027.7083333333328,26.351495726495713,0
567,4,0,0,40,0.0,0.0,1.0,40,800,500,300,0.625,11,5,6,328.2665501574501,0.42325053418803416,0.13634636814912326,0.1965020689268766,132156.90239800367,676.5380859375202,132833.4404839412,490,1,214.9,39,1,18,34.50437730050991,0.6364850427350428,42.94270833333334,1028.2291666666683,26.36485042735047,0
568,4,1,1,40,0.024390243902439025,0.024390243902439025,0.975609756097561,41,1100,700,400,0.6363636363636364,15,7,8,322.77626680276376,0.42444105691056916,0.13126942320936164,0.19459135401330752,132424.8060438369,348.936631944454,132773.74267578137,491,0,210.6341463414634,39,2,19,34.376686738859085,0.639155982905983,42.68229166666667,1029.2708333333342,26.39155982905985,0
569,4,0,1,39,0.0,0.025,0.975,40,1200,900,300,0.75,15,9,6,325.4572138383557,0.4227831196581197,0.1417948199109671,0.19662708444855187,132505.2300347223,624.9565972222313,133130.18663194453,492,1,214.825,39,1,19,34.22703358963982,0.6399572649572649,42.60416666666667,1029.5833333333342,26.399572649572672,0
570,4,0,0,39,0.0,0.0,1.0,39,1450,1000,450,0.6896551724137931,19,10,9,340.96088679211005,0.4206309041835357,0.09194566332921239,0.18946915828220046,129282.86540516098,1031.748489891511,130314.61389505249,493,2,220.69230769230768,38,1,19,37.08438386385126,0.609375,45.753205128205124,1016.9871794871788,26.762820512820493,8
571,4,1,1,39,0.025,0.025,0.975,40,1250,700,550,0.56,18,7,11,336.6263740454617,0.4238782051282051,0.10019173739646181,0.1890792252608026,129704.91672092023,732.4191623263993,130437.33588324663,494,0,216.15,39,1,16,36.76596533387873,0.6119123931623931,45.33854166666667,1018.645833333334,26.11912393162395,0
572,4,2,0,41,0.04878048780487805,0.0,1.0,41,1250,1000,250,0.8,15,10,5,329.2223475740141,0.42535569105691057,0.11221893627723767,0.1865841164652952,130055.18297846845,363.4145308678652,130418.59750933632,495,0,211.70731707317074,40,1,19,36.5995815482714,0.6138020833333333,44.99491869918699,1020.0203252032517,25.500508130081293,0
573,4,1,0,42,0.023809523809523808,0.0,1.0,42,1000,800,200,0.8,12,8,4,326.52889327680947,0.4266719899341851,0.11739620368751291,0.18655531874626133,130368.94531250028,114.17597722092927,130483.12128972121,496,0,207.64285714285714,39,3,20,36.35080919352646,0.6185897435897436,44.687500000000014,1021.2500000000022,26.18589743589749,0
574,4,0,0,42,0.0,0.0,1.0,42,1000,500,500,0.5,15,5,10,328.8707887788994,0.42641792489353464,0.11271232929913744,0.18853849018890873,130501.95448133702,183.65614149307922,130685.61062283009,497,1,208.64285714285714,39,3,15,36.156527168926495,0.6199252136752137,44.55729166666668,1021.7708333333351,26.199252136752182,0
575,4,0,1,41,0.0,0.023809523809523808,0.9761904761904762,42,950,600,350,0.631578947368421,13,6,7,339.95282369107525,0.4254742547425474,0.08213952780472922,0.18951044937611622,129408.11107806207,412.205141576717,129820.31621963879,498,2,209.64285714285714,40,2,17,36.98270408842723,0.6072916666666667,45.63008130081301,1017.4796747967484,25.43699186991871,8
576,4,1,0,42,0.023809523809523808,0.0,1.0,42,1450,1000,450,0.6896551724137931,19,10,9,335.0542428117818,0.425933991482772,0.09244368406045078,0.18776529714619974,129614.99851278991,285.6110367506028,129900.60954954052,499,0,210.54761904761904,40,2,16,36.897247172322025,0.609375,45.42682926829268,1018.2926829268285,25.457317073170714,0
577,4,0,1,41,0.0,0.023809523809523808,0.9761904761904762,42,1150,900,250,0.782608695652174,14,9,5,338.4090242671703,0.42616385985288424,0.09682191416508812,0.19052371063037174,129796.1605711714,384.8384105030251,130180.99898167442,500,1,211.54761904761904,40,2,18,36.62797945547025,0.6111979166666667,45.248983739837406,1019.0040650406514,25.475101626016286,0
578,4,1,0,42,0.023809523809523808,0.0,1.0,42,1150,800,350,0.6956521739130435,15,8,7,334.2282354729564,0.42868031358885017,0.10567803887520921,0.1894211631531375,130055.18297846861,293.62286420121313,130348.80584266983,501,0,211.54761904761904,40,2,19,36.47192886320613,0.6138020833333333,44.994918699187,1020.0203252032529,25.50050813008132,0
579,4,0,0,42,0.0,0.0,1.0,42,1050,600,450,0.5714285714285714,15,6,9,333.26356365381946,0.4289585753000387,0.15847473861448047,0.17626022521130905,127307.56104353863,202.7005649317503,127510.26160847038,502,1,212.54761904761904,38,4,18,39.294851436234026,0.5893640350877193,47.702991452991455,1009.1880341880344,26.557579847053535,8
580,4,0,1,41,0.0,0.023809523809523808,0.9761904761904762,42,1100,700,400,0.6363636363636364,15,7,8,332.4165879017356,0.4290432636469222,0.15336719935090115,0.17616401228735284,127388.43831041352,69.20600025568535,127457.6443106692,503,2,213.54761904761904,38,4,16,39.233428581507745,0.5901864035087719,47.62286324786325,1009.5085470085475,26.566014394961776,0
581,4,1,0,42,0.023809523809523808,0.0,1.0,42,1050,900,150,0.8571428571428571,12,9,3,332.39913744234593,0.4327695509097948,0.15952078801063596,0.17698008128687068,127577.25180802106,81.31369165023457,127658.5654996713,504,0,203.28571428571428,38,4,17,39.04068845177666,0.5921052631578947,47.43589743589744,1010.2564102564104,26.585695006747642,0
582,4,0,1,41,0.0,0.023809523809523808,0.9761904761904762,42,900,600,300,0.6666666666666666,12,6,6,333.3765983159569,0.43326558265582654,0.15398297392115023,0.1782600488515903,127749.32861328138,117.72732204862587,127867.05593533,505,1,204.28571428571428,39,3,17,38.840052378499045,0.5921474358974359,47.26562500000001,1010.937500000001,25.921474358974386,0
583,4,0,1,40,0.0,0.024390243902439025,0.975609756097561,41,1550,1100,450,0.7096774193548387,20,11,9,336.41613212525357,0.4316310975609756,0.16158987493107513,0.18032361872580158,127847.22792935956,401.9739845861836,128249.20191394574,506,2,209.65853658536585,38,3,17,38.6631540953588,0.5948464912280702,47.16880341880343,1011.3247863247882,26.613810166441795,0
584,4,0,0,40,0.0,0.0,1.0,40,1000,700,300,0.7,13,7,6,342.1874518024383,0.4287793803418803,0.16634270019015407,0.1834171245052031,127847.22792935953,749.5434290306277,128596.77135839016,507,3,215.625,38,2,18,38.5172371293753,0.5948464912280702,47.16880341880343,1011.324786324788,26.613810166441787,0
585,4,1,0,41,0.024390243902439025,0.0,1.0,41,1050,700,350,0.6666666666666666,14,7,7,330.86917658840116,0.43107215447154473,0.1600919956714304,0.17892402315450945,128201.54772593541,284.6239520745803,128486.17167801,508,0,211.34146341463415,36,5,19,38.44170465917937,0.6021412037037037,46.818693693693696,1012.7252252252254,28.13125625625626,0
586,4,1,1,41,0.023809523809523808,0.023809523809523808,0.9761904761904762,42,850,500,350,0.5882352941176471,12,5,7,326.1391760247453,0.43252758420441345,0.16513239526538248,0.17796231498836992,128561.19340806789,-14.23166262695969,128546.96174544093,509,0,207.28571428571428,37,5,16,38.195007568385755,0.6038851351351351,46.463815789473685,1014.1447368421055,27.4093172119488,0
587,4,1,0,42,0.023809523809523808,0.0,1.0,42,1100,800,300,0.7272727272727273,14,8,6,350.7600500595225,0.4324549941927991,0.16936332544067412,0.18139305445935272,126392.74691358003,507.3487622259619,126900.09567580599,510,0,208.23809523809524,38,4,16,39.793393186003684,0.5800438596491229,48.6111111111111,1005.5555555555537,26.46198830409352,8
588,4,2,1,43,0.045454545454545456,0.022727272727272728,0.9772727272727273,44,1350,800,550,0.5925925925925926,19,8,11,339.65931910373376,0.4369164023960535,0.19468116300592886,0.17857764201526993,127066.39695493758,-168.1428258642302,126898.25412907335,511,0,199.72727272727272,40,4,18,39.38069079057891,0.58359375,47.94207317073171,1008.2317073170734,25.205792682926834,0
589,4,2,3,42,0.044444444444444446,0.06666666666666667,0.9333333333333333,45,1500,1100,400,0.7333333333333333,19,11,8,338.8630858821409,0.4396043771043771,0.1997038917089684,0.1804216970777884,127577.25180802093,-353.74800690884035,127223.50380111209,512,0,193.77777777777777,38,7,15,38.877432318104916,0.5921052631578947,47.43589743589743,1010.2564102564094,26.585695006747613,0
590,4,2,1,43,0.045454545454545456,0.022727272727272728,0.9772727272727273,44,1300,800,500,0.6153846153846154,18,8,10,350.53975367377313,0.4396031536293164,0.1898742038374781,0.1786678666496573,125796.22005088095,48.54144712367929,125844.76149800462,513,0,199.04545454545453,37,7,18,40.41368364484277,0.5757319819819819,49.205043859649116,1003.1798245614028,27.112968231389267,8
591,4,2,0,45,0.044444444444444446,0.0,1.0,45,1200,800,400,0.6666666666666666,16,8,8,331.6327185595576,0.4426136363636364,0.21085908737210102,0.16245418425290767,124142.10205078125,-737.727361123134,123404.37468965811,514,0,194.9111111111111,39,6,18,42.597056722762275,0.5552884615384616,50.859375,996.5625,25.552884615384617,7
592,4,4,0,49,0.08163265306122448,0.0,1.0,49,1350,1100,250,0.8148148148148148,16,11,5,317.8165771982581,0.4529124149659864,0.237087888171722,0.15949143828206147,125152.48549970238,-1836.0307814385046,123316.45471826388,515,0,179.91836734693877,40,9,19,41.897301780756976,0.5640625,49.847560975609746,1000.6097560975595,25.01524390243899,0
593,4,1,3,47,0.02,0.06,0.94,50,1350,900,450,0.6666666666666666,18,9,9,315.44212692999673,0.45404761904761903,0.24920320696822817,0.15990525882457338,125571.08730355524,-2077.917828010876,123493.16947554436,516,0,177.3,41,9,13,41.5255163482794,0.566819105691057,49.42956349206347,1002.2817460317424,24.445896244676643,0
594,4,0,0,47,0.0,0.0,1.0,47,1450,900,550,0.6206896551724138,20,9,11,330.329580517139,0.4455943570767808,0.2387426298279891,0.16578609981440098,125156.29882812487,-1131.434461805571,124024.86436631929,517,1,189.5531914893617,39,8,17,41.58034908737596,0.5657051282051282,49.84374999999999,1000.624999999999,25.657051282051256,0
595,4,3,0,50,0.06,0.0,1.0,50,1450,1200,250,0.8275862068965517,17,12,5,319.92084635482644,0.44875850340136053,0.2798794823668871,0.16414387874556022,126068.74296304146,-1930.4603597805144,124138.28260326094,518,0,179.12,41,9,16,40.90139204451907,0.571900406504065,48.93353174603173,1004.2658730158711,24.494289585752952,0
596,4,2,0,52,0.038461538461538464,0.0,1.0,52,1750,900,850,0.5142857142857142,26,9,17,313.08651237420116,0.45236299648064354,0.2932493392558162,0.16342234012095583,126772.54400992396,-2461.845266225625,124310.69874369833,519,0,173.19230769230768,45,7,18,40.351232236013665,0.5736111111111111,48.23369565217389,1007.0652173913008,22.37922705314002,0
597,4,1,2,51,0.018867924528301886,0.03773584905660377,0.9622641509433962,53,1900,1600,300,0.8421052631578947,22,16,6,313.8671223149198,0.4539640783744557,0.3124658963099347,0.16532503447945449,127142.03534423016,-2616.848900695906,124525.18644353424,520,0,170.9056603773585,41,12,19,39.953439569807855,0.5828252032520325,47.86706349206349,1008.531746031745,24.59833526906695,0
598,4,4,3,52,0.07272727272727272,0.05454545454545454,0.9454545454545454,55,1150,900,250,0.782608695652174,14,9,5,304.15883348521857,0.4579685746352413,0.3277460436370445,0.1629760252277295,127833.10847286785,-3223.6861692206244,124609.42230364722,521,0,165.07272727272726,43,12,21,39.49310562786778,0.5869670542635659,47.18276515151515,1011.2689393939391,23.517882311486957,0
599,4,0,0,52,0.0,0.0,1.0,52,1650,900,750,0.5454545454545454,24,9,15,313.1714997388433,0.4548689668174963,0.32049477071600974,0.1670696026503787,127656.23967215295,-2404.3407941701207,125251.89887798284,522,1,173.92307692307693,40,12,21,39.44568751676054,0.5895833333333333,47.35772357723578,1010.569105691058,25.26422764227645,0
600,4,0,0,52,0.0,0.0,1.0,52,1450,900,550,0.6206896551724138,20,9,11,312.4534125056575,0.45512034942182006,0.32041031175240997,0.16735878264162735,127818.28826727455,-2412.5479300516417,125405.7403372229,523,2,174.92307692307693,41,11,21,39.2985177736355,0.5896849593495934,47.19742063492064,1011.2103174603178,24.663666279519948,0
601,4,0,1,51,0.0,0.019230769230769232,0.9807692307692307,52,1550,1100,450,0.7096774193548387,20,11,9,311.24598897312944,0.4549553795877325,0.32100069408818,0.1670244265036858,127893.53820231806,-2438.7298437893523,125454.80835852871,524,3,175.92307692307693,41,11,21,39.25232117170135,0.5904471544715447,47.12301587301588,1011.5079365079373,24.6709252806814,0
602,4,1,0,52,0.019230769230769232,0.0,1.0,52,950,500,450,0.5263157894736842,14,5,9,312.7492578830236,0.4550339366515837,0.32999381434189035,0.16857475479081868,128070.95896430511,-2389.180525509275,125681.77843879584,525,0,176.32692307692307,42,10,22,39.0334817154892,0.5907738095238095,46.947674418604656,1012.2093023255821,24.10022148394243,0
603,4,0,0,52,0.0,0.0,1.0,52,1400,1000,400,0.7142857142857143,18,10,8,311.51177305733347,0.4552067621920563,0.32982322173249035,0.16832717875988545,128170.89979383688,-2414.58777132017,125756.31202251671,526,1,177.32692307692307,39,13,22,38.96300534924391,0.5964209401709402,46.848958333333336,1012.6041666666673,25.964209401709418,0
604,4,2,3,51,0.037037037037037035,0.05555555555555555,0.9444444444444444,54,2200,1600,600,0.7272727272727273,28,16,12,302.2870638719437,0.45710313300722105,0.3242067282181893,0.16535765719640852,128660.12878583051,-3021.541486389006,125638.58729944151,527,0,171.72222222222223,42,12,17,38.699259789875825,0.5967261904761905,46.36627906976746,1014.534883720933,24.155592469546022,0
605,4,0,0,51,0.0,0.0,1.0,51,1700,1100,600,0.6470588235294118,23,11,12,336.4946457705067,0.45562091503267976,0.3312668294821217,0.17681747279727633,127044.27531709158,-1518.2071745730964,125526.06814251849,528,3,181.47058823529412,43,8,15,39.483139207213995,0.5789728682170543,47.96401515151516,1008.1439393939411,23.44520789288235,8
606,4,3,3,51,0.05555555555555555,0.05555555555555555,0.9444444444444444,54,1650,1100,550,0.6666666666666666,22,11,11,325.5490275645588,0.4590030281854181,0.34566109324981875,0.1744374342881048,127833.1084728681,-2476.784266672383,125356.32420619571,529,0,172.33333333333334,43,11,14,38.95232465586667,0.5869670542635659,47.18276515151516,1011.2689393939411,23.517882311487003,0
607,4,0,0,51,0.0,0.0,1.0,51,1550,1000,550,0.6451612903225806,21,10,11,338.4462586541458,0.45586601307189545,0.3553394657165896,0.18060513551125132,127667.85483001085,-1558.2584364764311,126109.59639353442,530,1,182.98039215686273,41,10,14,38.7952578449658,0.588160569105691,47.346230158730165,1010.6150793650806,24.64914827719709,0
608,4,0,1,50,0.0,0.0196078431372549,0.9803921568627451,51,1350,800,550,0.5925925925925926,19,8,11,339.0212786149777,0.45511437908496727,0.3554175215505899,0.18162351455985168,127825.87059070985,-1532.8619824529626,126293.00860825689,531,2,183.98039215686273,42,9,14,38.61912290788297,0.5882936507936508,47.18992248062016,1011.2403100775207,24.07715023994097,0
609,4,1,0,51,0.0196078431372549,0.0,1.0,51,1550,1000,550,0.6451612903225806,21,10,11,333.85678902232297,0.4568627450980392,0.35036250025218174,0.1801748072406693,128120.5622004851,-1645.2160992022361,126475.34610128286,532,0,179.6078431372549,43,8,16,38.44871465095252,0.5898740310077519,46.89867424242425,1012.4053030303041,23.54430937279777,0
610,4,3,2,52,0.05555555555555555,0.037037037037037035,0.962962962962963,54,1350,900,450,0.6666666666666666,18,9,9,321.1125063393475,0.46204577218728166,0.3605664488017428,0.17649115949929545,128848.62075617285,-2525.014806365418,126323.60594980743,533,0,170.57407407407408,44,10,17,38.03009575923393,0.5958806818181819,46.18055555555556,1015.2777777777778,23.07449494949495,0
611,4,0,0,52,0.0,0.0,1.0,52,1250,1000,250,0.8,15,10,5,324.5379448353813,0.4598494846656611,0.35135586164325505,0.1779065552327767,128744.48609855674,-2043.505814537407,126700.98028401933,534,1,177.82692307692307,43,9,17,38.04906923579359,0.596172480620155,46.283143939393945,1014.8674242424254,23.601568005637798,0
612,4,0,0,52,0.0,0.0,1.0,52,1800,1200,600,0.6666666666666666,24,12,12,323.37380262864764,0.46003802161890395,0.3451492537313434,0.17759053095179841,128816.57483930225,-2068.818870523401,126747.75596877885,535,2,178.82692307692307,43,9,17,38.00528606965173,0.5968992248062015,46.21212121212122,1015.1515151515163,23.608174770965494,0
613,4,0,0,52,0.0,0.0,1.0,52,1450,1100,350,0.7586206896551724,18,11,7,323.00848938706906,0.4599830316742082,0.34166175727991943,0.17784925259022966,128919.1358024692,-2071.604938271599,126847.5308641976,536,3,179.82692307692307,44,8,17,37.910284463894975,0.5965909090909092,46.111111111111114,1015.5555555555561,23.080808080808094,0
614,4,2,1,53,0.037037037037037035,0.018518518518518517,0.9814814814814815,54,1750,1000,750,0.5714285714285714,25,10,15,296.60564340974474,0.4606117516887957,0.18695868712267472,0.16412896674343255,129116.68055555587,-3094.3371913580027,126022.34336419786,537,0,174.12962962962962,49,5,17,38.38041161036404,0.592687074829932,45.91666666666668,1016.3333333333359,20.741496598639507,8
615,4,0,3,50,0.0,0.05660377358490566,0.9433962264150944,53,1700,1300,400,0.7647058823529411,21,13,8,298.79052435473227,0.4589683115626512,0.1926528249256596,0.16607194260646743,129291.53463105473,-2873.7273590362747,126417.80727201846,538,1,177.9056603773585,46,7,17,38.14777283821478,0.5978260869565217,45.744680851063826,1017.0212765957443,22.109158186864008,0
616,4,1,1,50,0.0196078431372549,0.0196078431372549,0.9803921568627451,51,950,400,550,0.42105263157894735,15,4,11,309.0741674797266,0.4548202614379085,0.2119703151604717,0.17201057770680228,129342.63117283948,-2204.7067901234605,127137.92438271602,539,0,185.0,44,7,18,37.83451665756417,0.6008522727272727,45.69444444444444,1017.2222222222221,23.118686868686865,0
617,4,0,1,49,0.0,0.02,0.98,50,2200,1700,500,0.7727272727272727,27,17,10,309.62630015455863,0.45292517006802724,0.21626841243862494,0.17356116458205084,129625.34722222232,-1972.9166666666551,127652.43055555566,540,1,189.2,44,6,14,37.53409710856518,0.6036931818181819,45.41666666666667,1018.3333333333342,23.143939393939412,0
618,4,0,2,47,0.0,0.04081632653061224,0.9591836734693877,49,950,500,450,0.5263157894736842,14,5,9,311.51043909633916,0.453390731292517,0.2133577254595347,0.17466023264035613,129634.99070965334,-1723.46942435721,127911.52128529613,541,2,190.08163265306123,43,6,14,37.476365383423214,0.6051356589147288,45.40719696969697,1018.371212121212,23.68305144467935,0
619,4,0,1,46,0.0,0.02127659574468085,0.9787234042553191,47,1650,1300,350,0.7878787878787878,20,13,7,320.18557680713513,0.4524167437557817,0.20642401482273676,0.17961885964492044,129655.6565334465,-1097.2257653061424,128558.43076814036,542,3,188.5531914893617,41,6,14,37.234560685758815,0.6082317073170731,45.38690476190475,1018.4523809523793,24.840301974448273,0
620,4,1,1,46,0.02127659574468085,0.02127659574468085,0.9787234042553191,47,1150,700,450,0.6086956521739131,16,7,9,321.5457240675094,0.45268655565834104,0.21360293355984217,0.1808474581694041,129756.71315980078,-1055.4567428823557,128701.25641691843,543,0,189.4255319148936,41,6,16,37.09753326841934,0.6092479674796748,45.287698412698404,1018.8492063492049,24.849980642663535,0
621,4,0,1,45,0.0,0.021739130434782608,0.9782608695652174,46,1800,1300,500,0.7222222222222222,23,13,10,324.8959390556282,0.45384460547504024,0.20871038762915206,0.1835223007098007,129925.63950029734,-757.5374694295788,129168.10203086777,544,1,184.08695652173913,40,6,16,36.84106691919192,0.6125,45.12195121951219,1019.5121951219504,25.48780487804876,0
622,4,0,0,45,0.0,0.0,1.0,45,1300,800,500,0.6153846153846154,18,8,10,329.0101348573168,0.4531986531986532,0.20932134096484023,0.1854282925946999,129837.58680555563,-456.42361111110614,129381.16319444453,545,2,188.84444444444443,39,6,16,36.825429272281255,0.6132478632478633,45.208333333333336,1019.1666666666673,26.132478632478648,0
623,4,1,1,45,0.021739130434782608,0.021739130434782608,0.9782608695652174,46,1700,1300,400,0.7647058823529411,21,13,8,312.1292114257814,0.4538949275362319,0.11655910326086971,0.17220922009698272,128999.74804736694,-1146.3876291257386,127853.36041824121,546,0,185.7173913043478,41,5,14,38.10465494791668,0.6016260162601625,46.031746031746025,1015.8730158730147,24.777390631049137,8
624,4,0,0,45,0.0,0.0,1.0,45,1250,1000,250,0.8,15,10,5,315.8806539822813,0.4511784511784512,0.13516517718198418,0.17425734090545716,128994.8319452707,-850.6056249586842,128144.22632031201,547,1,190.77777777777777,40,5,14,38.014372415632934,0.603125,46.03658536585366,1015.8536585365855,25.396341463414636,0
625,4,0,0,45,0.0,0.0,1.0,45,1150,900,250,0.782608695652174,14,9,5,314.5594111820963,0.45092592592592595,0.13744082149763304,0.17375497198887296,129046.45568940455,-881.4445766408767,128165.01111276368,548,2,191.77777777777777,40,5,14,37.99551576982062,0.6036458333333333,45.98577235772358,1016.0569105691065,25.401422764227664,0
626,4,2,1,46,0.0425531914893617,0.02127659574468085,0.9787234042553191,47,2100,1800,300,0.8571428571428571,24,18,6,298.6928410310741,0.45332254085723095,0.14429279779771487,0.16734625111042295,129605.14298311931,-1657.4813754020636,127947.66160771725,549,0,184.5744680851064,41,6,12,37.83287866978437,0.6077235772357723,45.436507936507944,1018.2539682539693,24.835462640340715,0
627,4,0,1,45,0.0,0.021739130434782608,0.9782608695652174,46,1300,1000,300,0.7692307692307693,16,10,6,303.2471278191568,0.45228462157809984,0.13500915742966968,0.1697167444967774,129563.26116233735,-1342.0626363275717,128221.19852600979,550,1,189.58695652173913,40,6,12,37.75932488187929,0.6088541666666667,45.47764227642277,1018.08943089431,25.45223577235775,0
628,4,1,0,46,0.021739130434782608,0.0,1.0,46,1550,1000,550,0.6451612903225806,21,10,11,304.96983963583557,0.4525563607085346,0.13884468456905452,0.17169750600946226,129796.16057117126,-1283.2171450525475,128512.94342611871,551,0,189.93478260869566,40,6,14,37.47984608224461,0.6111979166666667,45.2489837398374,1019.0040650406504,25.47510162601626,0
629,4,1,1,46,0.02127659574468085,0.02127659574468085,0.9787234042553191,47,1200,700,500,0.5833333333333334,17,7,10,300.4541684972926,0.4525709219858156,0.15155721511393372,0.17063341374901425,130136.02612630682,-1580.0176957357226,128556.0084305711,552,0,186.87234042553192,41,6,16,37.25155971479502,0.6130589430894309,44.915674603174594,1020.3373015873001,24.886275648470733,0
630,4,0,1,45,0.0,0.021739130434782608,0.9782608695652174,46,850,300,550,0.35294117647058826,14,3,11,311.354859613812,0.45203301127214174,0.04740895235039311,0.16904412383726414,128360.96871803996,-1051.9951126407238,127308.97360539924,553,1,190.7173913043478,38,8,19,38.7735020207345,0.6000548245614035,46.66132478632478,1013.3547008547002,26.66722896986053,8
631,4,0,1,44,0.0,0.022222222222222223,0.9777777777777777,45,1450,1200,250,0.8275862068965517,17,12,5,318.2174851327147,0.4518518518518519,0.06006707778859699,0.17291500382608382,128394.44739006247,-828.5283693059228,127565.91902075656,554,3,195.93333333333334,37,8,13,38.565558620938376,0.6021959459459459,46.62828947368422,1013.4868421052644,27.391536273115253,0
632,4,1,2,43,0.022222222222222223,0.044444444444444446,0.9555555555555556,45,1500,1000,500,0.6666666666666666,20,10,10,330.86145087447005,0.44884259259259257,0.09580205336888126,0.1817251737693192,128821.50472094418,-475.58600883917654,128345.918712105,555,0,196.06666666666666,38,7,14,37.81024170350102,0.6047149122807017,46.207264957264975,1015.1709401709431,26.71502474134061,0
633,4,0,1,42,0.0,0.023255813953488372,0.9767441860465116,43,1350,900,450,0.6666666666666666,18,9,9,336.63778393351765,0.44834348468069396,0.10207099143206833,0.18464543576030168,128767.28121119177,69.58643801595662,128836.86764920774,556,1,200.06976744186048,38,5,16,37.7188596491228,0.6041666666666667,46.260683760683776,1014.9572649572674,26.709401709401774,0
634,4,0,1,41,0.0,0.023809523809523808,0.9761904761904762,42,1400,1100,300,0.7857142857142857,17,11,6,338.5456936226164,0.4470213898567557,0.106886446886447,0.186487034622628,128936.76757812528,330.197482638918,129266.9650607642,557,2,204.8095238095238,39,3,17,37.49786324786327,0.6041666666666667,46.093750000000014,1015.6250000000022,26.04166666666672,0
635,4,1,1,41,0.023809523809523808,0.023809523809523808,0.9761904761904762,42,1200,700,500,0.5833333333333334,17,7,10,337.79925519565705,0.44627129307007357,0.12044329927092812,0.1870740710669252,129148.44292534729,325.2495659722319,129473.69249131953,558,0,205.5952380952381,39,3,18,37.3014449682312,0.6063034188034189,45.88541666666667,1016.4583333333339,26.063034188034205,0
636,4,3,0,44,0.06818181818181818,0.0,1.0,44,1000,400,600,0.4,16,4,12,326.67013877513875,0.44724497885835096,0.13630788671671734,0.1841094837428549,129837.58680555577,-317.16579861109153,129520.42100694467,559,0,196.61363636363637,39,5,17,36.88505042245842,0.6132478632478633,45.20833333333334,1019.1666666666683,26.132478632478676,0
637,4,2,0,46,0.043478260869565216,0.0,1.0,46,1600,1200,400,0.75,20,12,8,314.8988134507654,0.4511574074074074,0.13927011506995113,0.18003398634896509,130395.54172092004,-986.3308376736209,129409.21088324641,560,0,189.02173913043478,39,7,20,36.62087795342513,0.6188568376068376,44.66145833333333,1021.3541666666658,26.188568376068353,0
638,4,0,1,45,0.0,0.021739130434782608,0.9782608695652174,46,1550,1100,450,0.7096774193548387,20,11,9,320.17203424199596,0.45105676328502414,0.14121017668721425,0.18380385184015322,130555.1771375866,-839.9766710069696,129715.20046657963,561,1,190.02173913043478,39,7,14,36.32497961471815,0.6204594017094017,44.50520833333332,1021.9791666666649,26.20459401709397,0
639,4,0,1,44,0.0,0.022222222222222223,0.9777777777777777,45,1300,800,500,0.6153846153846154,18,8,10,320.00062093330587,0.4497895622895623,0.14751041920616692,0.18439048422351995,130699.2056235845,-635.2346089926386,130063.97101459185,562,2,194.44444444444446,38,7,15,36.18395848570333,0.6236293859649122,44.36431623931623,1022.542735042734,26.90901934322984,0
640,4,0,0,44,0.0,0.0,1.0,44,1250,1000,250,0.8,15,10,5,327.6973527207054,0.44687059548978153,0.14238297623457363,0.18888167561639674,130710.70545744846,-233.2895698676536,130477.4158875808,563,3,199.8181818181818,37,7,16,35.9755879619701,0.6255630630630631,44.353070175438596,1022.5877192982458,27.637505926979617,0
641,4,0,2,42,0.0,0.045454545454545456,0.9545454545454546,44,1300,800,500,0.6153846153846154,18,8,10,324.20512189875706,0.4467274489076815,0.1437463205271854,0.187209881607883,130781.15297866901,-320.01607129812203,130461.13690737089,564,4,200.8181818181818,38,6,16,35.99375043520646,0.6244517543859649,44.284188034188034,1022.8632478632479,26.917453891138102,0
642,4,0,0,42,0.0,0.0,1.0,42,900,500,400,0.5555555555555556,13,5,8,338.1679828775411,0.44305313588850176,0.14508034500317635,0.19353449669919084,130435.08193582101,421.79371094067886,130856.87564676169,565,5,211.14285714285714,36,6,19,35.98670672105244,0.6247106481481481,44.62274774774775,1021.5090090090094,28.37525025025026,0
643,4,0,0,42,0.0,0.0,1.0,42,1250,1000,250,0.8,15,10,5,339.2780706564285,0.4426659891598916,0.14420059405732744,0.19460235228422476,130521.37230135562,456.6078747666831,130977.98017612229,566,6,212.14285714285714,36,6,16,35.87103262067444,0.6255787037037037,44.5382882882883,1021.8468468468485,28.38463463463468,0
644,4,0,0,42,0.0,0.0,1.0,42,1150,700,450,0.6086956521739131,16,7,9,338.41174097092266,0.44196428571428575,0.14775123532559054,0.19468325630760722,130636.47050767012,441.78308375946744,131078.2535914296,567,7,213.14285714285714,36,6,16,35.776740471469495,0.6267361111111112,44.42567567567569,1022.2972972972996,28.39714714714721,0
645,4,0,1,41,0.0,0.023809523809523808,0.9761904761904762,42,1050,800,250,0.7619047619047619,13,8,5,338.92007413301235,0.44143195896244675,0.15001048877700862,0.1952661340817103,130694.03863322802,458.96665246329684,131153.00528569132,568,8,214.14285714285714,36,6,17,35.70553414096917,0.6273148148148149,44.36936936936938,1022.5225225225241,28.40340340340345,0
646,4,0,1,40,0.0,0.024390243902439025,0.975609756097561,41,1200,500,700,0.4166666666666667,19,5,14,339.62478382344335,0.4398882113821138,0.1562313780017348,0.1966115684020085,130878.94833025562,689.9469067405468,131568.89523699618,569,9,218.02439024390245,37,4,18,35.50060722960421,0.6272522522522522,44.188596491228076,1023.245614035089,27.655286865813217,0
647,4,1,0,41,0.024390243902439025,0.0,1.0,41,1350,900,450,0.6666666666666666,18,9,9,337.58976257384353,0.43871951219512195,0.15718215230776078,0.19614658451474662,131019.23338190601,646.1503780009298,131665.38375990695,570,0,218.73170731707316,37,4,19,35.410976937631645,0.6286599099099099,44.0515350877193,1023.7938596491231,27.670104314841165,0
648,4,0,0,41,0.0,0.0,1.0,41,1450,1000,450,0.6896551724137931,19,10,9,337.9827915550114,0.4378556910569105,0.1581319088720754,0.19709333574949536,131159.5935768698,665.9371152662382,131825.53069213606,571,1,219.73170731707316,37,4,19,35.25922357810606,0.6300675675675675,43.91447368421053,1024.342105263158,27.684921763869134,0
649,4,0,0,41,0.0,0.0,1.0,41,1050,800,250,0.7619047619047619,13,8,5,337.94486829142437,0.4371697154471545,0.15545648179084548,0.19735980308219186,131215.75869498312,668.7384579870802,131884.4971529702,572,2,220.73170731707316,37,4,19,35.20351740867581,0.6306306306306306,43.85964912280702,1024.5614035087722,27.69084874348033,0
650,4,0,0,41,0.0,0.0,1.0,41,1100,800,300,0.7272727272727273,14,8,6,340.07535197303196,0.4364075203252033,0.16042038469165187,0.19918699186991884,131328.12500000012,732.2916666666812,132060.4166666668,573,3,221.73170731707316,37,4,19,35.03556910569106,0.6317567567567568,43.75000000000001,1025.000000000001,27.702702702702727,0
651,4,1,0,42,0.023809523809523808,0.0,1.0,42,850,600,250,0.7058823529411765,11,6,5,334.52373435772876,0.4376209833526907,0.16754418581591946,0.19748619966232253,131629.44614517142,406.6347751844657,132036.0809203559,574,0,217.42857142857142,38,4,15,34.87419746659726,0.6329495614035088,43.456196581196586,1026.1752136752145,27.004610886189855,0
652,4,0,1,41,0.0,0.023809523809523808,0.9761904761904762,42,1350,800,550,0.5925925925925926,19,8,11,334.0481707702806,0.4372822299651568,0.16714241113242068,0.19777380609560236,131739.10307774486,401.44128040762075,132140.5443581525,575,1,218.42857142857142,38,4,17,34.77599125819543,0.634046052631579,43.34935897435897,1026.6025641025637,27.015856950067466,0
653,4,0,0,41,0.0,0.0,1.0,41,1250,1000,250,0.8,15,10,5,345.41309994973005,0.43579776422764227,0.16157331533789643,0.20425849833413892,131693.64762474975,897.7422139504293,132591.38983870018,576,2,223.41463414634146,37,4,17,34.53012053555533,0.6354166666666667,43.393640350877185,1026.4254385964898,27.7412280701754,0
654,4,0,0,41,0.0,0.0,1.0,41,1100,800,300,0.7272727272727273,14,8,6,346.3739454236524,0.4351626016260162,0.16786196049020097,0.20558544821533087,131834.36850761742,932.798072483806,132767.1665801012,577,3,224.41463414634146,37,4,18,34.36365577621182,0.6368243243243243,43.2565789473684,1026.9736842105237,27.756045519203344,0
655,4,0,0,41,0.0,0.0,1.0,41,1150,900,250,0.782608695652174,14,9,5,345.0002786000497,0.4347560975609756,0.16949514355854411,0.2052258800129437,131918.83710612866,902.4071108417813,132821.24421697043,578,4,225.41463414634146,37,4,18,34.31384975273063,0.6376689189189189,43.17434210526315,1027.3026315789461,27.764935988620167,0
656,4,0,0,41,0.0,0.0,1.0,41,1050,800,250,0.7619047619047619,13,8,5,346.91918947991985,0.4345274390243902,0.16964411163207016,0.2071350625595392,132059.67821829778,962.8073060941631,133022.48552439193,579,5,226.41463414634146,37,4,18,34.12275087120405,0.6390765765765766,43.037280701754376,1027.850877192981,27.779753437648136,0
657,4,0,1,40,0.0,0.024390243902439025,0.975609756097561,41,1250,1000,250,0.8,15,10,5,346.3139659267646,0.43434959349593494,0.1703858386275514,0.20754496398895358,132200.59447378034,956.5824340181512,133157.17690779848,580,6,227.41463414634146,37,4,18,33.996494828873026,0.6404842342342343,42.90021929824561,1028.399122807017,27.794570886676134,0
658,4,0,0,40,0.0,0.0,1.0,40,1350,1000,350,0.7407407407407407,17,10,7,354.77912340807177,0.4336004273504273,0.17100722970752535,0.21210076081154483,132108.41912436092,1373.8618263533913,133482.2809507143,581,7,233.85,36,4,18,33.871681819841534,0.6414930555555556,42.98986486486487,1028.0405405405413,28.556681681681702,0
659,4,0,0,40,0.0,0.0,1.0,40,1100,700,400,0.6363636363636364,15,7,8,353.0304427238226,0.43353365384615383,0.16666027817325557,0.2113784244269657,132166.31063073222,1331.7462310283418,133498.05686176056,582,8,234.85,36,4,18,33.85833059540759,0.6420717592592593,42.933558558558566,1028.265765765767,28.56293793793797,0
660,4,0,0,40,0.0,0.0,1.0,40,1500,1000,500,0.6666666666666666,20,10,10,350.2107157264498,0.43249198717948717,0.16302899477667587,0.21019364838322616,132256.9820161011,1263.5624663357903,133520.5444824369,583,9,235.85,37,3,18,33.83956490068577,0.6410472972972974,42.8453947368421,1028.6184210526314,27.800497866287337,0
661,4,0,0,40,0.0,0.0,1.0,40,1150,800,350,0.6956521739130435,15,8,7,349.8781056292288,0.43190438034188033,0.18314711857158095,0.2056825846606018,131468.650510253,1199.6004780316832,132668.25098828468,584,10,236.85,37,3,20,34.64251666132078,0.6331644144144144,43.61293859649122,1025.548245614034,27.717520151730646,8
662,4,0,0,40,0.0,0.0,1.0,40,1500,1000,500,0.6666666666666666,20,10,10,382.8760330578509,0.43084935897435894,0.2236363636363632,0.2148794063079778,129672.49657064491,1968.6825676894155,131641.17913833432,585,11,237.85,35,5,17,35.62121212121212,0.6190476190476191,45.37037037037038,1018.5185185185201,29.100529100529144,8
663,4,0,2,38,0.0,0.05,0.95,40,1500,1100,400,0.7333333333333333,19,11,8,384.4373695834501,0.43019497863247863,0.22009369676320256,0.21656884447743344,129819.89354263141,1981.523678626569,131801.417221258,586,12,238.85,35,5,17,35.43121805792164,0.6205357142857143,45.22569444444446,1019.0972222222241,29.117063492063547,0
664,4,0,0,38,0.0,0.0,1.0,38,950,600,350,0.631578947368421,13,6,7,390.6523173649769,0.426075746799431,0.22126350217325785,0.2201694857775886,129837.58680555572,2544.2708333333526,132381.85763888908,587,13,242.92105263157896,34,4,19,35.25483783047152,0.6228553921568627,45.20833333333334,1019.166666666668,29.97549019607847,0
665,4,2,2,38,0.05,0.05,0.95,40,1400,900,500,0.6428571428571429,19,9,10,372.5314582147258,0.4286057692307692,0.22130262287855418,0.21367575548928097,130521.37230135559,1724.6634303222377,132246.0357316778,588,0,231.725,36,4,17,35.021535890088906,0.6255787037037037,44.5382882882883,1021.8468468468483,28.384634634634676,0
666,4,2,0,40,0.05,0.0,1.0,40,800,600,200,0.75,10,6,4,360.55984552830853,0.42731036324786326,0.09785825113598601,0.1992242183834616,129058.31665702868,1367.904644509376,130426.22130153805,589,0,232.675,36,4,18,36.81494514019727,0.6108217592592593,45.9740990990991,1016.1036036036039,28.225100100100107,8
667,4,0,0,40,0.0,0.0,1.0,40,1300,1100,200,0.8461538461538461,15,11,4,359.65062203784936,0.4271100427350427,0.10463660536228692,0.19915377389654157,129144.15048494439,1289.3548108919738,130433.50529583637,590,1,233.675,36,4,18,36.75054472265308,0.6116898148148149,45.88963963963964,1016.4414414414414,28.234484484484483,0
668,4,2,3,39,0.047619047619047616,0.07142857142857142,0.9285714285714286,42,1100,600,500,0.5454545454545454,16,6,10,348.28679301790686,0.43327768099109565,0.10689052116124564,0.1950160480294155,129581.83235627145,626.328164949962,130208.1605212214,591,0,223.5,38,4,14,36.594088842252546,0.612390350877193,45.45940170940171,1018.1623931623931,26.79374718848403,0
669,4,1,1,39,0.025,0.025,0.975,40,1100,800,300,0.7272727272727273,14,8,6,363.3078470828887,0.4303952991452991,0.10934801859641308,0.20235037549610507,129373.18019032582,1400.4583130428066,130773.63850336862,592,0,224.25,36,4,20,36.42420301084791,0.6140046296296297,45.66441441441443,1017.3423423423452,28.259509509509588,0
670,4,0,0,39,0.0,0.0,1.0,39,1450,1100,350,0.7586206896551724,18,11,7,358.5557178770979,0.4286437246963563,0.1067728496110314,0.20072459723386052,129573.74762854094,1491.881619795499,131065.62924833644,593,1,228.97435897435898,36,3,17,36.34092836338164,0.6160300925925926,45.467342342342356,1018.1306306306326,28.28140640640646,0
671,4,1,0,40,0.025,0.0,1.0,40,1000,700,300,0.7,13,7,6,351.4613300013905,0.43056891025641025,0.10929094039165044,0.19796858188078337,129815.2376211912,1125.0072137580855,130940.24483494929,594,0,224.225,37,3,18,36.27609210243168,0.6165540540540541,45.23026315789474,1019.0789473684216,27.542674253200584,0
672,4,1,2,39,0.024390243902439025,0.04878048780487805,0.9512195121951219,41,1000,800,200,0.8,12,8,4,344.31540554531387,0.4321392276422764,0.11187032724598556,0.19576790201005032,130180.8021038793,764.6511341223111,130945.4532380016,595,0,219.73170731707316,38,3,20,36.087337730318254,0.618421052631579,44.87179487179488,1020.5128205128227,26.855600539811125,0
673,4,0,0,39,0.0,0.0,1.0,39,550,200,350,0.36363636363636365,9,2,7,356.90048535753994,0.43187696806117853,0.11628611297448943,0.2024521914122706,130090.20580969515,1485.8515187485184,131576.05732844368,596,1,226.30769230769232,36,3,20,35.85821650660486,0.6212384259259259,44.960585585585605,1020.1576576576603,28.337712712712786,0
674,4,0,0,39,0.0,0.0,1.0,39,900,600,300,0.6666666666666666,12,6,6,356.0183256976253,0.43165204678362573,0.11763474620617442,0.20284765068818245,130262.58680555593,1475.173611111151,131737.76041666706,597,2,227.30769230769232,36,3,24,35.705782312925166,0.622974537037037,44.791666666666686,1020.8333333333363,28.356481481481566,0
675,4,0,0,39,0.0,0.0,1.0,39,1200,700,500,0.5833333333333334,17,7,10,356.4171304638374,0.4318488529014845,0.12930328226045473,0.2040037349853326,130439.87509645062,1498.2011959876584,131938.0762924383,598,3,228.30769230769232,35,4,24,35.515805574439156,0.6267857142857143,44.61805555555556,1021.5277777777777,29.186507936507933,0
676,4,0,0,39,0.0,0.0,1.0,39,900,600,300,0.6666666666666666,12,6,6,351.3762417564069,0.43100539811066124,0.12782369146005523,0.20169129626435145,130550.14209733397,1374.443658185232,131924.5857555192,599,4,229.30769230769232,36,3,16,35.532828282828284,0.6258680555555556,44.510135135135144,1021.9594594594607,28.387762762762797,0
677,4,1,0,40,0.025,0.0,1.0,40,1400,900,500,0.6428571428571429,19,9,10,349.8467628349942,0.4316907051282051,0.13841437292492254,0.2032681533659203,131019.2333819059,1167.3309335564704,132186.56431546237,600,0,224.55,37,3,18,35.09726089750454,0.6286599099099099,44.051535087719294,1023.7938596491222,27.67010431484114,0
678,4,0,1,39,0.0,0.025,0.975,40,850,600,250,0.7058823529411765,11,6,5,352.22076954596656,0.4315838675213675,0.13763783320843648,0.20524605167366636,131131.51552641182,1237.4486620883208,132368.96418850013,601,1,225.55,37,3,18,34.92298736751954,0.6297860360360361,43.941885964912274,1024.2324561403498,27.681958274063508,0
679,4,1,1,39,0.025,0.025,0.975,40,1200,700,500,0.5833333333333334,17,7,10,354.6646645739797,0.42732371794871793,0.14633423636979348,0.20821565695565847,131417.11576485337,1322.09601819256,132739.21178304593,602,0,226.3,35,5,19,34.571833728411775,0.6366071428571429,43.66319444444444,1025.3472222222222,29.29563492063492,0
680,4,0,0,39,0.0,0.0,1.0,39,1050,700,350,0.6666666666666666,14,7,7,363.6646653716404,0.42619770580296895,0.15300093818937843,0.21284322312201312,131299.2696032183,1749.7809887590493,133049.05059197734,603,1,232.89743589743588,36,3,20,34.46026993370691,0.6333912037037037,43.77815315315316,1024.887387387389,28.46909409409414,0
681,4,0,0,39,0.0,0.0,1.0,39,1500,1000,500,0.6666666666666666,20,10,10,363.9121493533009,0.4256354026090868,0.15111967838009144,0.21364464752292203,131417.11576485337,1764.8601823600034,133181.97594721336,604,2,233.89743589743588,35,4,20,34.33478665763629,0.6366071428571429,43.66319444444444,1025.3472222222222,29.29563492063492,0
682,4,0,0,39,0.0,0.0,1.0,39,1250,600,650,0.48,19,6,13,365.8489068905342,0.425691632928475,0.15485304584830661,0.21528240457263692,131506.13667052463,1822.2752700617218,133328.41194058635,605,3,234.89743589743588,35,4,21,34.19515910629654,0.6375,43.576388888888886,1025.6944444444441,29.305555555555546,0
683,4,0,1,38,0.0,0.02564102564102564,0.9743589743589743,39,1150,900,250,0.782608695652174,14,9,5,362.4543867708917,0.4252699055330634,0.153750478377344,0.2139044282549459,131616.85333982628,1741.0211732002215,133357.8745130265,606,4,235.89743589743588,36,3,17,34.17037057360257,0.6365740740740741,43.468468468468465,1026.1261261261259,28.503503503503495,0
684,4,0,0,38,0.0,0.0,1.0,38,700,500,200,0.7142857142857143,9,5,4,363.7887185037224,0.42555713608345186,0.15227302408966215,0.2147370691247673,131624.87809713656,1976.7291452332047,133601.60724236976,607,5,239.39473684210526,35,3,17,34.12803594255206,0.6386904761904761,43.46064814814815,1026.157407407408,29.318783068783087,0
685,4,0,0,38,0.0,0.0,1.0,38,1150,700,450,0.6086956521739131,16,7,9,359.26421717001364,0.42521633475580844,0.14890920951605713,0.21282728186738234,131761.33639974432,1867.4266749857943,133628.76307473012,608,6,240.39473684210526,36,2,17,34.10638550692845,0.6380208333333333,43.3277027027027,1026.6891891891892,28.519144144144143,0
686,4,0,0,38,0.0,0.0,1.0,38,800,400,400,0.5,12,4,8,357.1120440904896,0.4248014461830251,0.14954986149584504,0.21203527617872814,131848.06428049668,1816.9063489164819,133664.97062941315,609,7,241.39473684210526,36,2,18,34.07415021929825,0.6388888888888888,43.24324324324324,1027.0270270270266,28.52852852852852,0
687,4,0,0,38,0.0,0.0,1.0,38,800,500,300,0.625,11,5,6,360.47324451116543,0.42493480322427696,0.14172458543619326,0.21484770451759533,131992.67415641993,1915.9655009739495,133908.63965739388,610,8,242.39473684210526,36,2,19,33.84200913242008,0.6403356481481481,43.10247747747748,1027.5900900900901,28.54416916916917,0
688,4,0,0,38,0.0,0.0,1.0,38,900,400,500,0.4444444444444444,14,4,10,356.7011249218719,0.42406057373162637,0.1392402144463014,0.2134129272959825,132137.36329234648,1826.7092261180167,133964.0725184645,611,9,243.39473684210526,36,2,19,33.79312705366923,0.6417824074074074,42.961711711711715,1028.1531531531537,28.559809809809824,0
689,4,0,0,38,0.0,0.0,1.0,38,1050,700,350,0.6666666666666666,14,7,7,354.85757877412095,0.4236012328117591,0.13135419848208008,0.21279804773106048,132224.21481870403,1784.1529451749254,134008.36776387895,612,10,244.39473684210526,36,2,19,33.75305668090076,0.642650462962963,42.87725225225226,1028.4909909909925,28.569194194194235,0
690,4,0,0,38,0.0,0.0,1.0,38,1150,800,350,0.6956521739130435,15,8,7,355.77399753001635,0.4235864153627311,0.1300121541678425,0.21400309515679802,132340.06123944905,1816.6305241052019,134156.69176355423,613,11,245.39473684210526,36,2,19,33.61287439349168,0.6438078703703703,42.76463963963965,1028.9414414414425,28.581706706706736,0
691,4,0,0,38,0.0,0.0,1.0,38,1350,1000,350,0.7407407407407407,17,10,7,355.96387997515643,0.42329006638217165,0.12615959863687998,0.21512599702846422,132517.14677640607,1834.2762275538853,134351.42300395996,614,12,246.39473684210526,35,3,19,33.429818645083934,0.6476190476190475,42.592592592592595,1029.62962962963,29.41798941798943,0
692,4,0,0,38,0.0,0.0,1.0,38,1500,1300,200,0.8666666666666667,17,13,4,355.9652221221116,0.4236012328117591,0.1263356933663169,0.19505376736176064,128728.04763244434,1580.027296207444,130308.07492865178,615,13,247.39473684210526,37,1,16,37.26848100126057,0.6055743243243243,46.29934210526314,1014.8026315789454,27.427098150782307,8
693,4,3,1,40,0.07317073170731707,0.024390243902439025,0.975609756097561,41,1000,700,300,0.7,13,7,6,335.426688799345,0.42855691056910566,0.13947265956490917,0.1875165676743246,129519.29253472199,489.714142813148,130009.00667753513,616,0,230.21951219512195,39,2,17,36.98492290899168,0.6100427350427351,45.52083333333332,1017.9166666666647,26.1004273504273,0
694,4,0,0,40,0.0,0.0,1.0,40,1400,1000,400,0.7142857142857143,18,10,8,345.1480404037837,0.42610844017094013,0.1417663727959697,0.19299122822577783,129527.44904667995,941.2290433925159,130468.67809007247,617,1,236.975,38,2,17,36.72924538203189,0.611842105263158,45.51282051282052,1017.948717948719,26.788124156545237,0
695,4,2,0,42,0.047619047619047616,0.0,1.0,42,950,600,350,0.631578947368421,13,6,7,335.22881640176854,0.429369918699187,0.16080381749273087,0.19024093204394335,130107.01844346966,323.1243596734915,130430.14280314314,618,0,226.64285714285714,40,2,19,36.39389713450877,0.6143229166666666,44.94410569105692,1020.2235772357736,25.50558943089434,0
696,4,1,1,42,0.023255813953488372,0.023255813953488372,0.9767441860465116,43,1650,1100,550,0.6666666666666666,22,11,11,329.8835188639825,0.4298172757475083,0.16032474676581,0.18898934305011383,130475.34722222267,8.519234582638262,130483.8664568053,619,0,222.34883720930233,39,4,22,36.157558455682455,0.6196581196581197,44.58333333333336,1021.6666666666704,26.196581196581292,0
697,4,1,2,41,0.023255813953488372,0.046511627906976744,0.9534883720930233,43,1250,800,450,0.64,17,8,9,328.5498704520957,0.43143226282761166,0.15595374253399363,0.18972199920254443,130781.8193225761,-6.330040815628081,130775.48928176049,620,0,214.93023255813952,40,3,18,35.88197549263122,0.62109375,44.283536585365866,1022.8658536585388,25.57164634146347,0
698,4,0,1,40,0.0,0.024390243902439025,0.975609756097561,41,850,600,250,0.7058823529411765,11,6,5,336.24342750460653,0.4292682926829268,0.15195755625411578,0.19356183231423588,130661.6550021705,586.8245442708715,131248.47954644138,621,1,217.14634146341464,39,2,19,35.80669468500595,0.6215277777777778,44.401041666666686,1022.3958333333362,26.215277777777853,0
699,4,0,2,38,0.0,0.05,0.95,40,1250,1000,250,0.8,15,10,5,341.6251798021663,0.42831196581196584,0.1619712793733683,0.19740863588447474,130808.47447083445,937.4937221491946,131745.96819298365,622,2,221.475,38,2,19,35.52067014795475,0.6247258771929824,44.257478632478644,1022.970085470087,26.920265407107554,0
700,4,0,0,38,0.0,0.0,1.0,38,1350,1000,350,0.7407407407407407,17,10,7,352.1233699503547,0.42478662873399714,0.1623613776152022,0.20272213543305456,130665.25298524875,1602.0578433162866,132267.31082856504,623,3,233.44736842105263,36,2,20,35.3971619488196,0.627025462962963,44.39752252252252,1022.4099099099099,28.400275275275273,0
701,4,0,0,38,0.0,0.0,1.0,38,750,200,550,0.26666666666666666,13,2,11,353.00095084153634,0.4245940018966335,0.16456495786923808,0.20368199717552948,130751.6194403864,1631.0891973054265,132382.70863769183,624,4,234.44736842105263,36,2,20,35.28728987741321,0.6278935185185186,44.31306306306307,1022.7477477477483,28.409659659659678,0
702,4,0,0,38,0.0,0.0,1.0,38,1000,700,300,0.7,13,7,6,352.1608690484627,0.42420874822190613,0.1689296430598839,0.20380469147607227,130866.81909950498,1617.2345487379341,132484.0536482429,625,5,235.44736842105263,36,2,20,35.19219128329298,0.6290509259259259,44.200450450450454,1023.1981981981988,28.42217217217219,0
703,4,0,1,37,0.0,0.02631578947368421,0.9736842105263158,38,1250,900,350,0.72,16,9,7,353.7724289888936,0.42336415362731156,0.11131366699812162,0.19950119967467161,129860.54202428798,1639.3512600438482,131499.89328433183,626,6,236.44736842105263,36,2,18,36.17118734578133,0.6189236111111112,45.18581081081082,1019.2567567567583,28.312687687687728,8
704,4,0,0,37,0.0,0.0,1.0,37,1350,1100,250,0.8148148148148148,16,11,5,363.8002914000341,0.4211711711711712,0.12630816762954367,0.20556233270961505,129937.87140185609,2054.2870959790775,131992.15849783516,627,7,243.13513513513513,35,2,19,35.83704639194764,0.6217261904761905,45.1099537037037,1019.5601851851848,29.130291005290992,0
705,4,2,0,39,0.05128205128205128,0.0,1.0,39,500,300,200,0.6,7,3,4,347.8890917295533,0.4254948268106163,0.12876304716739928,0.19881951719051677,130380.76560356659,1272.419678069282,131653.18528163587,628,0,231.6153846153846,35,4,21,35.79347990329404,0.6261904761904762,44.67592592592593,1021.2962962962968,29.179894179894195,0
706,4,0,0,39,0.0,0.0,1.0,39,1050,700,350,0.6666666666666666,14,7,7,347.0732561316117,0.4249325236167341,0.13268287016871438,0.19926247409896816,130558.13426997597,1262.6473551097417,131820.7816250857,629,1,232.6153846153846,35,4,16,35.63467346168366,0.6279761904761905,44.50231481481482,1021.9907407407405,29.199735449735442,0
707,4,1,1,39,0.025,0.025,0.975,40,750,500,250,0.6666666666666666,10,5,5,340.9029104700563,0.4264823717948718,0.1360652580609667,0.19743688638887197,130895.62694028486,924.5400383491603,131820.16697863402,630,0,227.775,36,4,17,35.45105645427535,0.6293402777777778,44.1722972972973,1023.3108108108106,28.425300300300293,0
708,4,0,0,39,0.0,0.0,1.0,39,1050,700,350,0.6666666666666666,14,7,7,349.2187273157156,0.4239203778677463,0.1356728810903962,0.20172517072001905,130794.81336805546,1335.1996527777662,132130.01302083323,631,1,234.56410256410257,35,4,18,35.34029192124914,0.6303571428571428,44.27083333333333,1022.9166666666658,29.226190476190453,0
709,4,0,1,38,0.0,0.02564102564102564,0.9743589743589743,39,900,500,400,0.5555555555555556,13,5,8,349.11878891061383,0.42332995951417,0.12551660532658127,0.20213223397241242,130883.62328800155,1338.7864101080256,132222.40969810958,632,2,235.56410256410257,35,4,19,35.253011537156425,0.63125,44.18402777777778,1023.2638888888889,29.23611111111111,0
710,4,1,0,39,0.02564102564102564,0.0,1.0,39,1050,800,250,0.7619047619047619,13,8,5,347.8120900898846,0.42451079622132254,0.11929337710244026,0.20219357564560286,131039.71370018656,1315.4393413683858,132355.15304155494,633,0,236.17948717948718,36,3,20,35.12863873001906,0.630787037037037,44.03153153153153,1023.873873873873,28.440940940940916,0
711,4,1,0,40,0.025,0.0,1.0,40,1300,700,600,0.5384615384615384,19,7,12,344.5357683351254,0.42422542735042734,0.13202031602708852,0.2024261874966318,131446.78605109727,1058.2579654854903,132505.04401658275,634,0,231.25,35,5,22,34.801542513167796,0.6369047619047619,43.63425925925925,1025.462962962962,29.29894179894177,0
712,4,0,3,37,0.0,0.075,0.925,40,1350,1000,350,0.7407407407407407,17,10,7,343.2684771634243,0.4243990384615384,0.06985893762398088,0.19689116066883125,130521.37230135535,964.2038967145257,131485.57619806987,635,1,232.25,36,4,15,35.769093013004195,0.6255787037037037,44.538288288288285,1021.8468468468465,28.384634634634622,7
713,4,0,0,37,0.0,0.0,1.0,37,1150,800,350,0.6956521739130435,15,8,7,368.34544511279273,0.4165415415415415,0.10743340556110614,0.210209195115054,130325.1453767781,2200.934736639747,132526.08011341785,636,2,251.43243243243242,33,4,20,35.32765242438791,0.630050505050505,44.73039215686274,1021.0784313725485,30.941770647652984,0
714,4,0,0,37,0.0,0.0,1.0,37,1100,700,400,0.6363636363636364,15,7,8,364.2746435715856,0.41622872872872874,0.10642195885147299,0.20838909774668263,130419.01139285362,2101.6677780180594,132520.67917087168,637,3,252.43243243243242,33,4,20,35.33630773845231,0.6309974747474747,44.63848039215686,1021.4460784313718,30.952911467617326,0
715,4,0,2,35,0.0,0.05405405405405406,0.9459459459459459,37,1150,700,450,0.6086956521739131,16,7,9,348.4647052183264,0.41500875875875876,0.008968978332869915,0.19503076956983822,129564.73922902491,1694.1798318592103,131258.91906088413,638,4,253.43243243243242,34,3,18,36.606934050514504,0.6200980392156863,45.476190476190474,1018.0952380952378,29.943977591036408,7
716,4,2,0,37,0.05405405405405406,0.0,1.0,37,1450,1200,250,0.8275862068965517,17,12,5,334.9955219106357,0.41688563563563563,0.04174843570120568,0.19044726596952236,130176.3820408248,1321.701008440898,131498.0830492657,639,0,250.59459459459458,36,1,22,36.32959059810198,0.6221064814814814,44.87612612612614,1020.495495495497,28.34709709709714,0
717,4,1,0,38,0.02631578947368421,0.0,1.0,38,850,600,250,0.7058823529411765,11,6,5,329.8261821351821,0.4205340208629682,0.05094641707321257,0.18904061595151683,130492.60567577739,1008.0041189838764,131500.60979476126,640,0,244.97368421052633,36,2,16,36.141573900584135,0.6252893518518519,44.566441441441455,1021.7342342342363,28.381506506506565,0
718,4,0,0,38,0.0,0.0,1.0,38,950,700,250,0.7368421052631579,12,7,5,330.7702004041154,0.4202821242294927,0.060365719321436195,0.1902871913351434,130636.47050767,1042.1303059816746,131678.6008136517,641,1,245.97368421052633,36,2,17,35.972038628185345,0.6267361111111112,44.425675675675684,1022.2972972972987,28.397147147147184,0
719,4,0,1,37,0.0,0.02631578947368421,0.9736842105263158,38,1150,800,350,0.6956521739130435,15,8,7,336.8874660449024,0.41982278330962547,0.06722075255655979,0.19488511752417778,130850.90033712308,1216.405648853503,132067.3059859766,642,2,246.97368421052633,37,1,17,35.59896670596221,0.6269707207207207,44.21600877192983,1023.1359649122817,27.65232337600761,0
720,4,0,0,37,0.0,0.0,1.0,37,1300,700,600,0.5384615384615384,19,7,12,338.59189866553675,0.4172922922922923,0.07519038457535565,0.19639194428660273,130953.25213304526,1467.942055230913,132421.19418827616,643,3,252.8108108108108,36,1,17,35.451965746140026,0.6299189814814814,44.115990990990994,1023.5360360360365,28.431556556556572,0
721,4,0,0,37,0.0,0.0,1.0,37,1250,1000,250,0.8,15,10,5,358.0715529214741,0.4161036036036036,0.04432144591896048,0.1965686344722392,128800.98637488844,1823.9938418147885,130624.98021670323,644,4,253.8108108108108,36,1,14,37.140605354633514,0.6082175925925926,46.22747747747748,1015.0900900900904,28.196946946946955,8
722,4,0,0,37,0.0,0.0,1.0,37,1150,1000,150,0.8695652173913043,13,10,3,360.43189243110106,0.41613488488488487,0.041592490694287054,0.19843558033844122,128915.32368517162,1893.0388158428652,130808.36250101449,645,5,254.8108108108108,36,1,15,36.9640348931766,0.609375,46.11486486486486,1015.5405405405403,28.209459459459453,0
723,4,0,2,35,0.0,0.05405405405405406,0.9459459459459459,37,1600,1200,400,0.75,20,12,8,357.76672937382426,0.41504004004004,0.03943287549844943,0.19839791356184802,129201.38888888892,1844.7916666666708,131046.18055555559,646,6,255.8108108108108,36,1,16,36.740095628415304,0.6122685185185186,45.833333333333336,1016.666666666667,28.240740740740748,0
724,4,1,0,36,0.027777777777777776,0.0,1.0,36,900,600,300,0.6666666666666666,12,6,6,365.940197323207,0.41387235449735454,0.07707622298066008,0.20384121257737586,129377.95380015441,2268.9187885802585,131646.87258873467,647,0,263.25,35,1,18,36.352389078498284,0.6160714285714286,45.65972222222223,1017.3611111111119,29.06746031746034,0
725,4,0,0,36,0.0,0.0,1.0,36,1400,1000,400,0.7142857142857143,18,10,8,365.5990974059733,0.41380621693121694,0.07677583200667115,0.20426165581881378,129495.73072059327,2268.70445387517,131764.43517446844,648,1,264.25,35,1,16,36.24109241149269,0.6172619047619048,45.54398148148148,1017.824074074074,29.08068783068783,0
726,4,1,1,36,0.02702702702702703,0.02702702702702703,0.972972972972973,37,1150,800,350,0.6956521739130435,15,8,7,357.3763388658654,0.41816816816816815,0.08176810763017639,0.20109086530213657,129774.47041636254,1875.6650231312613,131650.1354394938,649,0,258.0810810810811,36,1,17,36.16683244916003,0.6180555555555556,45.27027027027028,1018.9189189189208,28.303303303303355,0
727,4,0,0,36,0.0,0.0,1.0,36,1300,900,400,0.6923076923076923,17,9,8,359.02823527363154,0.4172949735449736,0.10235661555934161,0.20225486958313046,129819.89354263127,2121.8014564043324,131941.6949990356,650,1,265.8333333333333,35,1,18,36.07857751277684,0.6205357142857143,45.22569444444445,1019.097222222223,29.11706349206351,0
728,4,0,0,36,0.0,0.0,1.0,36,1250,1000,250,0.8,15,10,5,358.92810524221323,0.41676587301587303,0.10231444684152757,0.2025035120351169,129878.87577428429,2123.43575853054,132002.3115328148,651,2,266.8333333333333,35,1,18,36.02118106808979,0.6211309523809524,45.16782407407408,1019.328703703705,29.123677248677286,0
729,4,1,0,37,0.02702702702702703,0.0,1.0,37,1050,700,350,0.6666666666666666,14,7,7,349.9045611902088,0.42038913913913917,0.10550769239944979,0.1990699961121699,130205.11379200165,1711.872641222323,131916.98643322397,652,0,260.5945945945946,36,1,19,35.92008716760454,0.6223958333333333,44.84797297297298,1020.6081081081096,28.350225225225266,0
730,4,0,0,37,0.0,0.0,1.0,37,850,500,350,0.5882352941176471,12,5,7,346.8195833938612,0.4205455455455456,0.10906750648785724,0.1984858322375846,130435.08193582103,1647.4881553851244,132082.57009120614,653,1,261.5945945945946,36,1,20,35.76576452430824,0.6247106481481481,44.62274774774775,1021.5090090090096,28.375250250250264,0
731,4,0,0,37,0.0,0.0,1.0,37,1250,1000,250,0.8,15,10,5,345.62062504932965,0.42017017017017017,0.11002563652117447,0.1986826101059384,130607.69120049111,1628.14237379272,132235.83357428384,654,2,262.5945945945946,36,1,20,35.62162608791451,0.6264467592592593,44.45382882882883,1022.1846846846853,28.394019019019037,0
732,4,0,0,37,0.0,0.0,1.0,37,1200,800,400,0.6666666666666666,16,8,8,347.62678237018673,0.4190753253253254,0.10684619207909596,0.20043167052086786,130722.82745160718,1688.5511778670748,132411.37862947426,655,3,263.5945945945946,36,1,20,35.45383217707301,0.6276041666666667,44.341216216216225,1022.6351351351365,28.40653153153157,0
733,4,0,0,37,0.0,0.0,1.0,37,700,400,300,0.5714285714285714,10,4,6,346.19105939483325,0.419700950950951,0.09065922625244638,0.20034980673002914,130866.819099505,1660.9845487379355,132527.80364824293,656,4,264.5945945945946,36,1,21,35.344898745322475,0.6290509259259259,44.200450450450454,1023.198198198199,28.422172172172193,0
734,4,0,0,37,0.0,0.0,1.0,37,1050,600,450,0.5714285714285714,15,6,9,349.71254704124135,0.4190753253253254,0.09202384702714594,0.20360345088303786,131097.3705969484,1769.2790763736834,132866.64967332207,657,5,265.5945945945946,36,1,21,35.02171761601055,0.6313657407407407,43.97522522522523,1024.0990990991,28.44719719719722,0
735,4,0,0,37,0.0,0.0,1.0,37,1100,800,300,0.7272727272727273,14,8,6,347.35640138408303,0.4189189189189189,0.050079491255961894,0.18686895011169016,127993.90589569153,1498.5234760753478,129492.42937176688,658,6,266.5945945945946,34,3,19,38.23651960784313,0.6041666666666667,47.02380952380952,1011.9047619047612,29.76190476190474,8
736,4,2,1,38,0.05128205128205128,0.02564102564102564,0.9743589743589743,39,1000,600,400,0.6,14,6,8,337.4033187775791,0.4237235717498875,0.07740554575997671,0.18503375249284468,128760.50407503838,888.9328575758782,129649.43693261426,659,0,253.87179487179486,35,4,18,37.70633766678071,0.6098214285714285,46.2673611111111,1014.9305555555538,28.998015873015824,0
737,4,0,0,38,0.0,0.0,1.0,38,1300,700,600,0.5384615384615384,19,7,12,343.33477111828614,0.4202524893314367,0.07713312475702105,0.18880091959173842,128868.76594387752,1249.0256519274353,130117.79159580496,660,1,261.55263157894734,34,4,18,37.445528979559924,0.6130514705882353,46.160714285714285,1015.3571428571425,29.86344537815125,0
738,4,1,1,38,0.02564102564102564,0.02564102564102564,0.9743589743589743,39,750,500,250,0.6666666666666666,10,5,5,355.2947416310732,0.4239766081871345,0.05163052016120995,0.18996312660048528,127745.771003267,1277.4801406136128,129023.25114388061,661,0,255.82051282051282,36,3,18,38.28974973079353,0.5975115740740741,47.26914414414416,1010.9234234234252,28.081206206206257,8
739,4,4,3,39,0.09523809523809523,0.07142857142857142,0.9285714285714286,42,1000,700,300,0.7,13,7,6,332.243159714656,0.43102739063104917,0.05948870702451137,0.18173853943838622,128658.86843450992,149.82719322424484,128808.69562773417,642,0,222.71428571428572,38,4,14,37.94075575680988,0.6030701754385965,46.36752136752139,1014.5299145299182,26.698155645524164,0
740,4,1,0,40,0.025,0.0,1.0,40,950,600,350,0.631578947368421,13,6,7,374.96533172477973,0.4296875,0.08142519321721098,0.19132280522201958,125840.52861636224,1465.7142112723764,127306.24282763462,643,0,234.825,35,5,18,39.75528223170686,0.5800595238095239,49.160879629629626,1003.3564814814808,28.667328042328023,8
741,4,1,2,39,0.024390243902439025,0.04878048780487805,0.9512195121951219,41,1050,800,250,0.7619047619047619,13,8,5,371.1023145814309,0.4331808943089431,0.08541643183939795,0.19084292704160238,126163.40880102044,1164.2348043255395,127327.64360534598,644,0,230.0731707317073,34,7,19,39.51865347395031,0.5854779411764706,48.839285714285715,1004.6428571428575,29.5483193277311,0
742,4,3,3,39,0.07142857142857142,0.07142857142857142,0.9285714285714286,42,1200,800,400,0.6666666666666666,16,8,8,362.77029430881373,0.43382210607820365,0.1218312070553047,0.18991842148513474,126893.37722435262,806.6295603035338,127700.00678465616,645,0,224.88095238095238,36,6,15,38.97605342572929,0.5888310185185186,48.11373873873873,1007.5450450450442,27.987362362362337,0
743,4,2,0,41,0.04878048780487805,0.0,1.0,41,1200,800,400,0.6666666666666666,16,8,8,360.9770806137494,0.4329522357723577,0.12627843056029842,0.1901786142967479,127150.37321030512,979.8294536872843,128130.2026639924,646,0,227.609756097561,35,6,17,38.75707673475633,0.593452380952381,47.85879629629629,1008.5648148148141,28.816137566137545,0
744,4,0,1,40,0.0,0.024390243902439025,0.975609756097561,41,1000,700,300,0.7,13,7,6,360.8690565453257,0.4325711382113821,0.12727242207040113,0.1906700869674028,127267.13204089495,985.3539737654207,128252.48601466038,647,1,228.609756097561,35,6,18,38.63988300068823,0.5946428571428571,47.74305555555555,1009.0277777777769,28.829365079365054,0
745,4,2,3,39,0.047619047619047616,0.07142857142857142,0.9285714285714286,42,1300,1000,300,0.7692307692307693,16,10,6,354.40466402739895,0.43379790940766555,0.14691488043612955,0.190059803545856,127867.13219452121,663.3416051092447,128530.47379963046,648,0,223.6904761904762,37,5,14,38.18796978895635,0.5968468468468469,47.149122807017534,1011.4035087719284,27.335229966808875,0
746,4,2,1,40,0.04878048780487805,0.024390243902439025,0.975609756097561,41,1050,700,350,0.6666666666666666,14,7,7,364.050143549086,0.43325711382113824,0.16590794956363575,0.1957504811363576,127973.55791179683,1117.758425655372,129091.3163374522,649,0,229.90243902439025,36,5,16,37.83504915600075,0.5998263888888888,47.04391891891891,1011.8243243243235,28.106231231231206,0
747,4,0,0,40,0.0,0.0,1.0,40,950,600,350,0.631578947368421,13,6,7,373.9267371348604,0.43086271367521367,0.17853466026081044,0.2010373638396643,127968.81028163548,1570.1919367283576,129539.00221836384,650,1,236.55,35,5,16,37.590082361015774,0.6017857142857144,47.04861111111109,1011.8055555555529,28.908730158730084,0
748,4,0,1,39,0.0,0.025,0.975,40,1250,800,450,0.64,17,8,9,362.4619900236965,0.4302884615384615,0.15755696486698856,0.184841091535267,125817.77459469618,1120.8321919893033,126938.60678668549,651,2,237.55,36,4,16,40.09241590900589,0.5778356481481481,49.183558558558566,1003.2657657657668,27.86849349349352,8
749,4,0,0,39,0.0,0.0,1.0,39,1100,700,400,0.6363636363636364,15,7,8,368.21373153512764,0.4314833558254611,0.1575205687355219,0.18761366321075565,125782.47070312503,1462.9665798611125,127245.43728298614,652,3,240.71794871794873,35,4,16,39.98464001384561,0.5794642857142858,49.21875,1003.1250000000002,28.660714285714292,0
750,4,3,2,40,0.07142857142857142,0.047619047619047616,0.9523809523809523,42,1250,900,350,0.72,16,9,7,355.3174370123605,0.43908488192024775,0.18453265407203,0.18496137522267742,126661.46746475279,601.0055975600933,127262.47306231289,653,0,224.45238095238096,38,4,14,39.40224120851907,0.5827850877192983,48.3440170940171,1006.6239316239321,26.490103463787687,0
751,4,4,2,42,0.09090909090909091,0.045454545454545456,0.9545454545454546,44,1350,1000,350,0.7407407407407407,17,10,7,348.2856403956423,0.4433469873150106,0.22614104892887021,0.18581127312478163,127658.21468195258,94.49615110672005,127752.7108330593,654,0,212.38636363636363,38,6,12,38.55653346019663,0.5929276315789473,47.355769230769226,1010.5769230769224,26.594129554655854,0
752,4,2,1,43,0.045454545454545456,0.022727272727272728,0.9772727272727273,44,1250,900,350,0.72,16,9,7,348.21262303172375,0.44379844961240306,0.24295605692734368,0.1875280374064538,128036.38100162556,116.77681441305043,128153.15781603861,655,0,209.8181818181818,38,6,15,38.17142580667863,0.596765350877193,46.981837606837615,1012.0726495726509,26.633490778227657,0
753,4,1,0,44,0.022727272727272728,0.0,1.0,44,1250,800,450,0.64,17,8,9,346.34091177235524,0.4436332804792107,0.2336960170328668,0.18727698246948982,128198.62349559873,80.08562988531568,128278.70912548405,656,0,210.6590909090909,38,6,17,38.05297675563526,0.5984100877192983,46.8215811965812,1012.7136752136759,26.650359874044103,0
754,4,2,3,43,0.043478260869565216,0.06521739130434782,0.9347826086956522,46,1250,800,450,0.64,17,8,9,332.63444367121184,0.444645732689211,0.23590482492033904,0.18254685842791574,128788.44024720753,-632.1057654173908,128156.33448179014,657,0,202.45652173913044,40,6,14,37.79890034708318,0.6010416666666667,46.23983739837399,1015.0406504065055,25.376016260162636,0
755,4,0,2,41,0.0,0.046511627906976744,0.9534883720930233,43,1050,800,250,0.7619047619047619,13,8,5,343.46298823036875,0.4420681063122924,0.2162876936786733,0.18401427647574078,127828.32031250013,180.8593750000149,128009.17968750015,658,1,207.90697674418604,39,4,17,38.504326328800985,0.592948717948718,47.18750000000001,1011.250000000001,25.929487179487207,8
756,4,2,0,43,0.046511627906976744,0.0,1.0,43,1150,900,250,0.782608695652174,14,9,5,366.76143799459044,0.44282945736434104,0.24795739640177739,0.19190228316026742,126870.98434133576,809.4887369190454,127680.4730782548,659,0,208.69767441860466,37,6,18,38.8985633434915,0.5867117117117118,48.1359649122807,1007.4561403508769,27.228544333807484,8
757,4,2,2,43,0.044444444444444446,0.044444444444444446,0.9555555555555556,45,1450,1300,150,0.896551724137931,16,13,3,351.92701300281993,0.4444234006734007,0.2564013465088497,0.1867951505903729,127451.5971861535,-28.88328620343958,127422.71389995007,660,0,200.37777777777777,37,8,16,38.67627230607739,0.5926238738738738,47.56030701754386,1009.7587719298251,27.290777619725002,0
758,4,1,2,42,0.022727272727272728,0.045454545454545456,0.9545454545454546,44,1150,600,550,0.5217391304347826,17,6,11,359.06759567768347,0.44416182170542634,0.2646429729948907,0.19076529609226706,127489.75326678039,355.487835808795,127845.24110258918,661,0,205.8409090909091,36,8,19,38.456874442462095,0.5949074074074074,47.52252252252253,1009.9099099099108,28.053053053053077,0
759,4,1,0,43,0.023255813953488372,0.0,1.0,43,1700,1200,500,0.7058823529411765,22,12,10,366.86916822146014,0.44455980066445183,0.2753293580690783,0.1962903094333892,127774.23327043267,775.2853360116944,128549.51860644437,662,0,207.65116279069767,36,7,20,37.96804225142941,0.5978009259259259,47.240990990990994,1011.0360360360366,28.08433433433435,0
760,4,1,1,43,0.022727272727272728,0.022727272727272728,0.9772727272727273,44,1050,700,350,0.6666666666666666,14,7,7,364.2737387593352,0.44593463706835795,0.2892817059483723,0.19670781893004124,128144.53125000013,535.9375000000138,128680.46875000015,663,0,203.9090909090909,38,6,21,37.65432098765433,0.5978618421052632,46.87500000000001,1012.500000000001,26.64473684210529,0
761,4,0,0,43,0.0,0.0,1.0,43,1600,1500,100,0.9375,17,15,2,370.70907212653884,0.44700535252860835,0.291893961144607,0.2001828989483312,128144.53125000012,900.8680555555696,129045.3993055557,664,1,209.51162790697674,35,8,21,37.491426611796996,0.6035714285714286,46.87500000000001,1012.5000000000009,28.928571428571455,0
762,4,2,1,44,0.044444444444444446,0.022222222222222223,0.9777777777777777,45,1250,700,550,0.56,18,7,11,354.38698549517403,0.44875841750841755,0.29626836241743093,0.19482640617222496,128858.14868922983,133.13017409301722,128991.27886332285,665,0,201.15555555555557,36,9,20,37.17580782312925,0.6087962962962963,46.171171171171174,1015.3153153153158,28.203203203203216,0
763,4,2,2,44,0.043478260869565216,0.043478260869565216,0.9565217391304348,46,1050,600,450,0.5714285714285714,15,6,9,339.75826235134747,0.4509359903381642,0.2911487050110886,0.1895726910299815,129443.56575963704,-402.26965451387827,129041.29610512317,666,0,189.93478260869566,34,12,17,36.951626111371084,0.6188725490196079,45.59523809523809,1017.6190476190463,29.92997198879548,0
764,4,1,0,45,0.022222222222222223,0.0,1.0,45,950,600,350,0.631578947368421,13,6,7,349.6257148028943,0.45031565656565653,0.3073587859809708,0.19495918804623436,129419.51600646373,49.67815864088959,129469.19416510462,667,0,194.88888888888889,33,12,22,36.7250541972781,0.6208964646464646,45.6188725490196,1017.5245098039205,30.83407605466426,0
765,4,0,0,45,0.0,0.0,1.0,45,1000,700,300,0.7,13,7,6,349.3849203763322,0.449726430976431,0.3061585773499145,0.19591016790332763,129637.8270977506,58.70037966164375,129696.52747741225,668,1,195.88888888888889,33,12,18,36.50922583233053,0.6231060606060606,45.40441176470587,1018.3823529411743,30.860071301247707,0
766,4,0,0,45,0.0,0.0,1.0,45,1600,1300,300,0.8125,19,13,6,348.3173790675012,0.44936868686868686,0.2995682799363779,0.1957783889241471,129731.44531249981,37.54340277774759,129768.98871527756,669,2,196.88888888888889,33,12,18,36.441291751874545,0.6240530303030303,45.312499999999986,1018.7499999999985,30.871212121212075,0
767,4,0,2,43,0.0,0.044444444444444446,0.9555555555555556,45,1500,1000,500,0.6666666666666666,20,10,10,346.64315751309726,0.44949494949494945,0.29478578012905254,0.19545973837535108,129856.32216274978,2.761107506709095,129859.0832702565,670,3,197.88888888888889,33,12,18,36.35713498456974,0.6253156565656566,45.18995098039215,1019.2401960784305,30.886066547831227,0
768,4,0,1,42,0.0,0.023255813953488372,0.9767441860465116,43,1550,1200,350,0.7741935483870968,19,12,7,366.75900829081667,0.4472591362126246,0.3109426910299009,0.20538504464285706,129586.77685950398,905.4235537189916,130492.20041322298,671,4,207.86046511627907,32,11,18,36.11886160714287,0.625,45.454545454545446,1018.1818181818169,31.818181818181777,0
769,4,1,1,42,0.023255813953488372,0.023255813953488372,0.9767441860465116,43,950,600,350,0.631578947368421,13,6,7,358.2648898536616,0.44714377999261723,0.30286771404458945,0.20282179682735857,130012.50270328711,715.7829921184061,130728.28569540552,672,0,201.27906976744185,33,10,20,35.902327164944325,0.6268939393939394,45.03676470588235,1019.8529411764699,30.90463458110515,0
770,4,0,0,42,0.0,0.0,1.0,42,1200,700,500,0.5833333333333334,17,7,10,367.43906332365674,0.4446380178087495,0.3053068638899701,0.20746174806120304,129908.37191358021,1146.6820987654257,131055.05401234563,673,1,206.8095238095238,32,10,20,35.77429609445959,0.6282552083333333,45.138888888888886,1019.4444444444441,31.85763888888888,0
771,4,0,0,42,0.0,0.0,1.0,42,1750,1100,650,0.6285714285714286,24,11,13,366.20368497595933,0.44404519938056525,0.30658188742873627,0.2072759049439961,130004.92814827577,1121.6567505866842,131126.58489886246,674,2,207.8095238095238,32,10,20,35.70761627667038,0.6292317708333333,45.044191919191924,1019.8232323232329,31.869476010101028,0
772,4,0,0,42,0.0,0.0,1.0,42,1200,700,500,0.5833333333333334,17,7,10,367.4970748050743,0.44359756097560976,0.3078622688867678,0.20886859061706123,130165.93491735541,1167.120064279162,131333.05498163457,675,3,208.8095238095238,32,10,21,35.51101212571147,0.630859375,44.88636363636364,1020.4545454545457,31.889204545454554,0
773,4,0,0,42,0.0,0.0,1.0,42,1350,900,450,0.6666666666666666,18,9,9,365.70195562824836,0.4435491676345335,0.30614760568853905,0.20872159650922326,130329.05578613293,1132.3539852986673,131461.4097714316,676,4,209.8095238095238,31,11,22,35.39116296863045,0.6350806451612903,44.72656250000001,1021.0937500000009,32.93850806451616,0
774,4,0,1,41,0.0,0.023809523809523808,0.9761904761904762,42,1500,1000,500,0.6666666666666666,20,10,10,368.347924865106,0.4423272357723577,0.3021716712162572,0.21167871231267096,130595.10125054266,1220.8869086371715,131815.98815917983,677,5,210.8095238095238,31,11,17,35.05360934182591,0.637768817204301,44.46614583333334,1022.1354166666677,32.972110215053796,0
775,4,0,0,41,0.0,0.0,1.0,41,1850,1600,250,0.8648648648648649,21,16,5,367.25174594225916,0.44105691056910573,0.28503108560497314,0.21177644732969944,130728.22570800796,1402.0338270399443,132130.2595350479,678,6,202.65853658536585,31,10,19,34.94663016721839,0.6391129032258065,44.33593750000001,1022.6562500000011,32.98891129032262,0
776,4,0,0,41,0.0,0.0,1.0,41,1200,800,400,0.6666666666666666,16,8,8,368.9598132604391,0.440625,0.2879656382770721,0.21368129494574745,130894.72664727112,1458.9787801106818,132353.7054273818,679,7,203.65853658536585,31,10,20,34.734195402298845,0.6407930107526882,44.173177083333336,1023.3072916666672,33.00991263440862,0
777,4,0,0,41,0.0,0.0,1.0,41,1300,900,400,0.6923076923076923,17,9,8,368.93731911504767,0.44065040650406506,0.2902997579594113,0.21385304780562492,130928.03955078126,1460.8479817708337,132388.8875325521,680,8,204.65853658536585,31,10,20,34.70101781170483,0.6411290322580645,44.140625,1023.4375000000001,33.01411290322581,0
778,4,0,0,41,0.0,0.0,1.0,41,1300,1000,300,0.7692307692307693,16,10,6,366.75149419686716,0.4403709349593496,0.28782172380184545,0.21301010852064478,131004.77629833703,1409.2394908682975,132414.01578920532,681,9,205.65853658536585,32,9,20,34.67922627857261,0.6393229166666667,44.065656565656575,1023.7373737373748,31.991792929292963,0
779,4,0,0,41,0.0,0.0,1.0,41,1200,700,500,0.5833333333333334,17,7,10,364.79996837564846,0.440015243902439,0.2837929686325218,0.21223298016689465,131069.41415416809,1362.8236276910675,132432.23778185915,682,10,206.65853658536585,32,9,20,34.66373818331279,0.6399739583333333,44.00252525252526,1023.9898989899001,31.999684343434378,0
780,4,0,0,41,0.0,0.0,1.0,41,1200,800,400,0.6666666666666666,16,8,8,366.7621993295155,0.43894817073170733,0.28608706893182556,0.21391385500793397,131166.40082963486,1421.3755292827427,132587.77635891762,683,11,207.65853658536585,32,9,20,34.51533546982209,0.6409505208333333,43.90782828282829,1024.368686868688,32.0115214646465,0
781,4,0,0,41,0.0,0.0,1.0,41,1000,800,200,0.8,12,8,4,367.4868616989843,0.43838922764227645,0.28509925855058604,0.21488986975712634,131265.32613658212,1447.6565503652466,132712.98268694736,684,12,208.65853658536585,33,8,20,34.39667543649845,0.639520202020202,43.81127450980392,1024.7549019607845,31.0531788472965,0
782,4,1,0,42,0.023809523809523808,0.0,1.0,42,1350,1100,250,0.8148148148148148,16,11,5,357.007879043146,0.4401495354239257,0.28099105751087095,0.21052583636463015,131587.09092184465,995.5556844174864,132582.64660626213,685,0,204.66666666666666,32,10,19,34.340132496513256,0.6451822916666667,43.49747474747475,1026.0101010101007,32.06281565656565,0
783,4,0,0,42,0.0,0.0,1.0,42,1050,800,250,0.7619047619047619,13,8,5,367.03208087257553,0.43978658536585363,0.2742152089978176,0.19894541453666337,128295.24518140576,1078.9761730373048,129374.22135444306,686,1,205.66666666666666,34,8,20,37.43022914218567,0.6072303921568627,46.72619047619047,1013.095238095237,29.796918767506973,8
784,4,0,0,42,0.0,0.0,1.0,42,1550,1200,350,0.7741935483870968,19,12,7,367.133538904204,0.4389276035617499,0.27529377564597146,0.2002076494485277,128536.57171201782,1038.017290249396,129574.58900226721,687,2,206.66666666666666,34,8,19,37.180822963136876,0.6096813725490196,46.48809523809522,1014.0476190476164,29.82492997198872,0
785,4,2,1,43,0.045454545454545456,0.022727272727272728,0.9772727272727273,44,1100,500,600,0.45454545454545453,17,5,12,349.5682193239524,0.44432699083861876,0.2654603871643537,0.19357072071276016,129144.15048494417,228.9381442252788,129373.08862916945,688,0,198.22727272727272,36,8,21,37.00674902134574,0.6116898148148149,45.889639639639626,1016.4414414414396,28.234484484484433,0
786,4,2,3,42,0.044444444444444446,0.06666666666666667,0.9333333333333333,45,950,700,250,0.7368421052631579,12,7,5,347.2978865059835,0.44690656565656567,0.2801763629441316,0.1952768166078079,129745.78622118727,12.100149135605022,129757.88637032287,689,0,192.13333333333333,36,9,15,36.452691499944734,0.6177662037037037,45.298423423423415,1018.8063063063051,28.30017517517514,0
787,4,1,0,43,0.023255813953488372,0.0,1.0,43,1050,800,250,0.7619047619047619,13,8,5,379.969069466686,0.44266795865633074,0.2375580891321658,0.2043330170768402,127978.05574792244,1125.5405509387524,129103.59629886119,690,0,201.32558139534885,37,6,18,37.427756104609166,0.597972972972973,47.03947368421053,1011.8421052631579,27.347083926031296,8
788,4,3,0,46,0.06521739130434782,0.0,1.0,46,1250,900,350,0.72,16,9,7,395.77263046830217,0.4485104669887279,0.24533106960950724,0.21109580277112672,127648.68830497877,1091.8176896457762,128740.50599462455,691,0,189.1304347826087,33,13,18,37.366601988843065,0.6029040404040404,47.36519607843137,1010.5392156862739,30.622400475341635,8
789,4,1,0,47,0.02127659574468085,0.0,1.0,47,1200,800,400,0.6666666666666666,16,8,8,383.301038062284,0.4488128276287388,0.2409762202753447,0.20620625465376016,127993.9058956915,412.039399092958,128405.94529478445,692,0,186.08510638297872,34,13,19,37.32720588235295,0.6041666666666667,47.02380952380952,1011.904761904761,29.761904761904734,0
790,4,0,1,46,0.0,0.02127659574468085,0.9787234042553191,47,1100,600,500,0.5454545454545454,16,6,10,384.255968996958,0.4486201048411964,0.23851709485127404,0.20703068747858921,128054.14540816328,441.11394557823235,128495.25935374152,693,1,187.08510638297872,34,13,19,37.24123735591625,0.6047794117647058,46.964285714285715,1012.1428571428573,29.768907563025216,0
791,4,0,1,45,0.0,0.021739130434782608,0.9782608695652174,46,1350,800,550,0.5925925925925926,19,8,11,383.9908270236196,0.44818840579710145,0.22383565002835182,0.2082948329380512,128325.39859693864,655.1551870748099,128980.55378401345,694,2,188.52173913043478,34,12,20,36.96980378333921,0.6075367647058824,46.69642857142856,1013.2142857142846,29.800420168067195,0
792,4,0,1,44,0.0,0.022222222222222223,0.9777777777777777,45,1350,900,450,0.6666666666666666,18,9,9,389.3673311718708,0.4458333333333333,0.22259864219936842,0.2107479366166019,128237.60880730963,986.3070994329051,129223.91590674254,695,3,193.6,33,12,20,36.92364892115347,0.6089015151515151,46.783088235294116,1012.8676470588231,30.69295900178252,0
793,4,2,1,45,0.043478260869565216,0.021739130434782608,0.9782608695652174,46,1200,900,300,0.75,15,9,6,394.029555965196,0.44855072463768114,0.2597334447376731,0.21750635385556172,129019.90504535155,967.5311791383309,129987.43622448988,696,0,189.84782608695653,34,12,17,36.00402312319349,0.6145833333333333,46.011904761904766,1015.9523809523815,29.880952380952397,0
794,4,0,1,44,0.0,0.022222222222222223,0.9777777777777777,45,1150,800,350,0.6956521739130435,15,8,7,395.20123641097723,0.44911616161616164,0.24513156867338148,0.21882154062755696,129140.88010204097,1207.327097505689,130348.20719954667,697,1,185.75555555555556,34,11,17,35.85051143905677,0.6158088235294117,45.89285714285715,1016.4285714285728,29.89495798319332,0
795,4,1,3,42,0.022222222222222223,0.06666666666666667,0.9333333333333333,45,1400,1000,400,0.7142857142857143,18,10,8,389.87270490861624,0.4497685185185185,0.2435559970201142,0.2165541217471722,129265.5803616979,1079.452638110662,130345.03299980855,698,0,186.62222222222223,32,13,18,35.85847611952654,0.6217447916666667,45.77020202020203,1016.9191919191928,31.778724747474776,0
796,4,1,0,43,0.023255813953488372,0.0,1.0,43,950,700,250,0.7368421052631579,12,7,5,403.1174415479706,0.44783591731266154,0.2504765535646205,0.22354694485842042,129201.38888888915,1816.6666666667013,131018.05555555585,699,0,193.09302325581396,33,10,19,35.58743169398907,0.6186868686868687,45.83333333333335,1016.6666666666688,30.808080808080874,0
797,4,2,3,42,0.044444444444444446,0.06666666666666667,0.9333333333333333,45,1700,1400,300,0.8235294117647058,20,14,6,388.3412249451313,0.44983164983164986,0.2453339744360299,0.21932183640994918,129918.78311526835,1090.5638756728406,131009.3469909412,700,0,185.46666666666667,33,12,20,35.230972272308385,0.6259469696969697,45.128676470588246,1019.4852941176484,30.89349376114086,0
798,4,2,1,43,0.045454545454545456,0.022727272727272728,0.9772727272727273,44,1650,1200,450,0.7272727272727273,21,12,9,384.34052856369783,0.448489252995067,0.2592644122172385,0.21916091331034723,130293.86421388439,1215.4425281142253,131509.30674199862,701,0,188.20454545454547,33,11,22,34.95116132517106,0.6297348484848485,44.761029411764724,1020.9558823529436,30.93805704099829,0
799,4,0,0,43,0.0,0.0,1.0,43,1300,900,400,0.6923076923076923,17,9,8,387.328415177249,0.44811277224067925,0.2454308968504728,0.22104249008608517,130325.14537677846,1495.726403306458,131820.8717800849,702,1,180.06976744186048,33,10,22,34.843074891982724,0.630050505050505,44.73039215686276,1021.0784313725513,30.941770647653073,0
800,4,0,0,43,0.0,0.0,1.0,43,850,500,350,0.5882352941176471,12,5,7,383.949125682616,0.4474667774086379,0.24634308325101428,0.21946721628524885,130387.71896626324,1412.4501393695075,131800.16910563275,703,2,181.06976744186048,33,10,22,34.86571074314056,0.6306818181818181,44.66911764705884,1021.3235294117669,30.949197860962634,0
801,4,0,0,43,0.0,0.0,1.0,43,1150,700,450,0.6086956521739131,16,7,9,386.72342049258367,0.4472591362126246,0.2504420780177057,0.2217675295782094,130512.91120001931,1494.479887543269,132007.39108756257,704,3,182.06976744186048,33,10,18,34.66758615175503,0.6319444444444444,44.54656862745099,1021.8137254901968,30.964052287581723,0
802,4,0,0,43,0.0,0.0,1.0,43,1200,1100,100,0.9166666666666666,13,11,2,386.4517536804632,0.44700535252860835,0.2507646453634742,0.22214983304264274,130606.84479827485,1494.6488429930914,132101.49364126794,705,4,183.06976744186048,33,10,18,34.579062262718274,0.6328914141414141,44.454656862745104,1022.1813725490208,30.975193107546087,0
803,4,0,0,43,0.0,0.0,1.0,43,900,500,400,0.5555555555555556,13,5,8,387.41819866543955,0.4461747877445552,0.2565832014091727,0.22324706144091355,130700.81218762012,1527.1746443675445,132227.98683198766,706,5,184.06976744186048,33,10,18,34.45889261744966,0.6338383838383839,44.36274509803921,1022.549019607843,30.986333927510394,0
804,4,0,1,42,0.0,0.023255813953488372,0.9767441860465116,43,1150,1000,150,0.8695652173913043,13,10,3,384.9551918928528,0.44587486157253603,0.24928761834727475,0.22272979189975237,130857.49959450682,1474.8547734044487,132332.35436791126,707,6,185.06976744186048,33,10,18,34.36277298678485,0.6354166666666667,44.209558823529406,1023.1617647058815,31.004901960784288,0
805,4,0,1,41,0.0,0.023809523809523808,0.9761904761904762,42,850,600,250,0.7058823529411765,11,6,5,398.3262880272106,0.44410569105691056,0.26174609051321407,0.2303810072722689,130843.25140610656,2023.6613292011093,132866.91273530768,708,7,190.33333333333334,32,10,18,34.03523386400098,0.6376953125,44.22348484848485,1023.1060606060609,31.9720643939394,0
806,4,0,0,41,0.0,0.0,1.0,41,1450,1200,250,0.8275862068965517,17,12,5,408.10975182340985,0.44133638211382115,0.2716182018599309,0.23554019842563437,130761.51741875538,2473.010084364145,133234.52750311952,709,8,195.78048780487805,31,10,18,33.86815722469765,0.6394489247311828,44.303385416666664,1022.7864583333329,32.99311155913977,0
807,4,0,2,39,0.0,0.04878048780487805,0.9512195121951219,41,1400,1000,400,0.7142857142857143,18,10,8,364.88800616564737,0.4412855691056911,0.12420846567188026,0.20343755960194335,129413.28125000023,1254.4475979275458,130667.72884792778,710,9,196.78048780487805,34,7,19,36.34316134316134,0.6185661764705883,45.625000000000014,1017.5000000000018,29.926470588235347,8
808,4,1,0,40,0.025,0.0,1.0,40,1450,1200,250,0.8275862068965517,17,12,5,396.0367184804164,0.44097222222222227,0.22718154463390183,0.20672702006543187,126773.92612998662,2238.127327568601,129012.05345755522,711,0,201.3,32,8,18,38.26139877967235,0.5963541666666667,48.232323232323225,1007.070707070706,31.470959595959563,8
809,4,3,0,43,0.06976744186046512,0.0,1.0,43,1750,1100,650,0.6285714285714286,24,11,13,371.4868241042136,0.44758213362864524,0.23966829907408171,0.19842167797566332,127705.45488522365,888.1787712191233,128593.63365644278,712,0,188.1860465116279,35,8,18,37.92189110271385,0.5991071428571428,47.30902777777777,1010.7638888888879,28.878968253968225,0
810,4,1,3,41,0.022727272727272728,0.06818181818181818,0.9318181818181819,44,1150,700,450,0.6086956521739131,16,7,9,365.77662152903736,0.448698467230444,0.11224926464078089,0.19848160655019556,128338.88942992061,597.3837736664552,128936.27320358707,713,0,184.88636363636363,37,7,17,37.41737456263751,0.6016328828828829,46.68311403508771,1013.2675438596481,27.385609293504,8
811,4,0,0,41,0.0,0.0,1.0,41,1150,500,650,0.43478260869565216,18,5,13,375.3148801546653,0.4429623983739837,0.15552947617485913,0.20382972881785363,128372.67324334475,1436.0348946919926,129808.70813803675,714,1,198.0487804878049,36,5,15,37.14116383301847,0.6038773148148149,46.64977477477478,1013.4009009009013,28.150025025025037,0
812,4,0,0,41,0.0,0.0,1.0,41,1200,800,400,0.6666666666666666,16,8,8,381.1500859692669,0.4423780487804878,0.16276052599504354,0.20788955324974245,128543.91289515869,1598.9046901631375,130142.81758532183,715,2,199.0487804878049,36,5,15,36.81797149731631,0.6056134259259259,46.48085585585586,1014.0765765765767,28.168793793793796,0
813,4,1,1,41,0.023809523809523808,0.023809523809523808,0.9761904761904762,42,750,400,350,0.5333333333333333,11,4,7,369.8967567858178,0.44356126596980255,0.1651652346501713,0.2035421191083455,128895.01006319237,1135.5692376500276,130030.5793008424,716,0,195.28571428571428,37,5,16,36.74447953784688,0.6072635135135135,46.13486842105262,1015.4605263157882,27.4448790896159,0
814,4,0,0,41,0.0,0.0,1.0,41,1050,800,250,0.7619047619047619,13,8,5,380.7426972772997,0.4416920731707317,0.1804714797660767,0.20980485454370182,128950.68825263546,1619.4065722145288,130570.09482484999,717,1,200.9268292682927,37,4,17,36.412226960308026,0.6078265765765766,46.08004385964912,1015.6798245614037,27.450806069227127,0
815,4,0,0,41,0.0,0.0,1.0,41,600,400,200,0.6666666666666666,8,4,4,379.9753952520375,0.44120934959349595,0.1838964876817466,0.20955951612855997,128984.2437358464,1602.1677989626821,130586.41153480907,718,2,201.9268292682927,38,3,17,36.39741971672977,0.606359649122807,46.04700854700855,1015.8119658119665,26.731893837157013,0
816,4,0,0,41,0.0,0.0,1.0,41,1050,800,250,0.7619047619047619,13,8,5,380.71663841311533,0.4409552845528455,0.18600093877687152,0.21011227595300716,129011.37689248669,1623.3555455110002,130634.73243799769,719,3,202.9268292682927,38,3,17,36.35086935184213,0.6066337719298245,46.02029914529915,1015.9188034188036,26.73470535312641,0
817,4,0,0,41,0.0,0.0,1.0,41,900,600,300,0.6666666666666666,12,6,6,364.30255342335863,0.4403709349593496,0.14502055183023965,0.18901582069354075,126527.07151955937,1039.444079187654,127566.51559874702,720,4,203.9268292682927,38,3,15,39.31453753849421,0.5814144736842105,48.477564102564095,1006.0897435897425,26.476045883940593,8
818,4,1,0,42,0.023809523809523808,0.0,1.0,42,1400,1200,200,0.8571428571428571,16,12,4,366.27873591998343,0.4416739256678281,0.15352528608342553,0.19207299566535713,126960.75439453125,900.6049262152775,127861.35932074653,721,0,200.04761904761904,39,3,17,38.818367786391036,0.5841346153846154,48.046875,1007.8125,25.841346153846153,0
819,4,2,1,43,0.045454545454545456,0.022727272727272728,0.9772727272727273,44,1300,600,700,0.46153846153846156,20,6,14,351.70309474860755,0.4440406976744186,0.15527818912629576,0.18700793350693629,127523.2908265757,170.2706577674816,127693.56148434318,722,0,191.9090909090909,38,6,14,38.608437345744285,0.5915570175438596,47.48931623931622,1010.0427350427319,26.580071974808735,0
820,4,1,0,44,0.022727272727272728,0.0,1.0,44,1350,800,550,0.5925925925925926,19,8,11,341.47267684895894,0.44651823467230445,0.13150275410762235,0.17677848230438037,126436.39458550327,-162.0661024163105,126274.32848308695,723,0,192.88636363636363,39,5,16,39.98198256516484,0.5787927350427351,48.56770833333332,1005.7291666666649,25.787927350427307,8
821,4,2,0,46,0.043478260869565216,0.0,1.0,46,1300,1100,200,0.8461538461538461,15,11,4,328.8964913850099,0.4504730273752013,0.13575878235180805,0.17207335754841682,126867.03913336145,-854.7751913265506,126012.2639420349,724,0,185.45652173913044,41,5,18,39.8562900049237,0.5800304878048781,48.13988095238094,1007.4404761904743,24.571718931474983,0
822,4,3,4,45,0.061224489795918366,0.08163265306122448,0.9183673469387755,49,1600,1000,600,0.625,22,10,12,311.2139616137696,0.45310728458049887,0.14998316687240498,0.1657637544495096,127592.67132779016,-1857.6779612308092,125734.99336655936,725,0,175.0408163265306,41,8,14,39.56001243781095,0.5873983739837398,47.42063492063491,1010.3174603174585,24.641889276035574,0
823,4,1,1,45,0.021739130434782608,0.021739130434782608,0.9782608695652174,46,1950,1700,250,0.8717948717948718,22,17,5,321.7868918242615,0.4515901771336554,0.14711545193586772,0.17079458104518472,127450.92207019609,-997.5927853790989,126453.329284817,726,0,185.06521739130434,40,6,16,39.43781870638754,0.5875,47.560975609756085,1009.7560975609738,25.243902439024346,0
824,4,1,2,44,0.021739130434782608,0.043478260869565216,0.9565217391304348,46,950,800,150,0.8421052631578947,11,8,3,325.86091558543677,0.450432769726248,0.15609705960820963,0.17350741091777303,127579.22620670545,-885.3833077202955,126693.84289898515,727,0,186.04347826086956,40,6,17,39.20380243436272,0.5888020833333334,47.43394308943088,1010.2642276422748,25.25660569105687,0
825,4,1,0,45,0.022222222222222223,0.0,1.0,45,1450,1000,450,0.6896551724137931,19,10,9,335.8813217820818,0.449179292929293,0.165123870391368,0.1791305498959856,127644.04432508691,-425.34993489582337,127218.69439019109,728,0,191.0222222222222,39,6,18,38.8844148369584,0.5910790598290598,47.36979166666667,1010.5208333333343,25.91079059829062,0
826,4,0,0,45,0.0,0.0,1.0,45,1800,1100,700,0.6111111111111112,25,11,14,339.0740389888201,0.4480008417508417,0.1658253781439345,0.1819578369226323,127893.5382023181,-326.9242882337958,127566.6139140843,729,1,192.0222222222222,41,4,19,38.54861383549106,0.5904471544715447,47.12301587301588,1011.5079365079376,24.670925280681406,0
827,4,0,1,44,0.0,0.022222222222222223,0.9777777777777777,45,1100,800,300,0.7272727272727273,14,8,6,341.89173552588704,0.4473063973063973,0.16810836708915833,0.1843902362212555,128094.31295666425,-241.122606449982,127853.19035021427,730,2,193.0222222222222,41,4,20,38.27216451064941,0.592479674796748,46.92460317460318,1012.3015873015881,24.690282617111905,0
828,4,0,0,44,0.0,0.0,1.0,44,1400,1100,300,0.7857142857142857,17,11,6,342.27820564391374,0.4469586856941508,0.18517248654921392,0.18508015466620997,128198.62349559885,-24.06135298189122,128174.56214261695,731,3,197.75,38,6,20,38.155835707001444,0.5984100877192983,46.82158119658121,1012.7136752136768,26.650359874044124,0
829,4,0,1,43,0.0,0.022727272727272728,0.9772727272727273,44,800,600,200,0.75,10,6,4,358.52323319881947,0.4470467758985201,0.1614004698761602,0.18068621222801393,125329.16378116314,223.55436193229843,125552.71814309544,732,4,198.75,37,7,16,40.69617827420061,0.5709459459459459,49.67105263157893,1001.3157894736818,27.062588904694103,8
830,4,4,2,45,0.0851063829787234,0.0425531914893617,0.9574468085106383,47,950,800,150,0.8421052631578947,11,8,3,339.1554135681497,0.4519349367869257,0.20068349685811948,0.17501870272367065,126305.47417534704,-830.5310588354303,125474.94311651161,733,0,186.89361702127658,39,8,16,40.17487046632125,0.5774572649572649,48.69791666666666,1005.2083333333319,25.77457264957261,0
831,4,3,2,46,0.0625,0.041666666666666664,0.9583333333333334,48,550,200,350,0.36363636363636365,9,2,7,337.82339683554886,0.453337396572104,0.2133403149288382,0.1760555703550648,126708.0309856071,-1039.0125132196458,125669.01847238746,734,0,183.9375,40,8,18,39.79467379967026,0.5799479166666667,48.297764227642276,1006.8089430894308,25.17022357723577,0
832,4,1,3,44,0.02127659574468085,0.06382978723404255,0.9361702127659575,47,1450,1100,350,0.7586206896551724,18,11,7,307.48908446539167,0.4527443724946038,0.03683983788463707,0.16276763503386538,127342.21958459304,-1567.5696144206754,125774.64997017237,735,0,183.87234042553192,41,6,14,39.90973723871305,0.5848577235772358,47.66865079365079,1009.3253968253963,24.61769260549747,8
833,4,4,4,44,0.08333333333333333,0.08333333333333333,0.9166666666666666,48,1000,500,500,0.5,15,5,10,307.29638394234524,0.45494422281323876,0.08866206520043685,0.16524719992068243,127976.7949828542,-1734.6387346476004,126242.15624820661,736,0,180.14583333333334,43,5,16,39.26737248479178,0.5884205426356589,47.0407196969697,1011.8371212121219,23.53109584214237,0
834,4,2,1,45,0.043478260869565216,0.021739130434782608,0.9782608695652174,46,1300,900,400,0.6923076923076923,17,9,8,317.3490240851378,0.45315016103059585,0.12427198943399476,0.17126106773076827,128119.42087309448,-1068.2853639140951,127051.13550918039,737,0,188.69565217391303,41,5,18,38.86769149109915,0.5927337398373984,46.89980158730158,1012.4007936507926,24.692702284165673,0
835,4,0,1,44,0.0,0.022222222222222223,0.9777777777777777,45,1150,800,350,0.6956521739130435,15,8,7,320.77724137556794,0.45170454545454547,0.13857794137105617,0.1735805142698371,128227.80957842791,-773.4800137352664,127454.32956469264,738,1,193.62222222222223,37,8,19,38.67045126484067,0.6005067567567568,46.79276315789473,1012.8289473684206,27.373755334281636,0
836,4,1,1,44,0.022222222222222223,0.022222222222222223,0.9777777777777777,45,1500,1100,400,0.7333333333333333,19,11,8,320.03328682793403,0.4529671717171717,0.13186231451225705,0.17399173593906067,128415.10662073559,-780.5782699612836,127634.5283507743,739,0,194.04444444444445,38,7,14,38.498515512455654,0.6006030701754386,46.60790598290598,1013.5683760683758,26.672852001799363,0
837,4,0,1,43,0.0,0.022727272727272728,0.9772727272727273,44,1250,900,350,0.72,16,9,7,324.85688730042244,0.45211196264975334,0.1262342158058294,0.17664570977677085,128422.23087873185,-456.2307633117971,127966.00011542004,740,3,199.45454545454547,37,7,15,38.369032165007916,0.6024774774774775,46.60087719298245,1013.5964912280697,27.394499762920802,0
838,4,2,0,45,0.044444444444444446,0.0,1.0,45,1200,900,300,0.75,15,9,6,317.18257881843937,0.4525883838383838,0.1349141206870348,0.17433117677915705,128848.62075617274,-826.2924382716166,128022.32831790112,741,0,195.0,38,7,18,38.12984496124031,0.6049890350877193,46.18055555555555,1015.2777777777769,26.71783625730992,0
839,4,1,1,45,0.021739130434782608,0.021739130434782608,0.9782608695652174,46,1150,800,350,0.6956521739130435,15,8,7,311.0722923945176,0.4537842190016103,0.13898788310762655,0.1725037257824144,129201.38888888892,-1161.805555555552,128039.58333333337,742,0,191.7391304347826,39,7,19,37.92691256830602,0.6068376068376069,45.833333333333336,1016.666666666667,26.068376068376075,0
840,4,1,1,45,0.021739130434782608,0.021739130434782608,0.9782608695652174,46,750,600,150,0.8,9,6,3,312.20364906029624,0.4525764895330113,0.1399704265875663,0.17336359625293582,129254.34570312503,-1129.2643229166658,128125.08138020836,743,0,192.58695652173913,39,7,20,37.84444785904527,0.6073717948717949,45.78125,1016.8750000000002,26.073717948717956,0
841,4,0,0,45,0.0,0.0,1.0,45,950,700,250,0.7368421052631579,12,7,5,314.3603324133276,0.45235690235690235,0.13390675131408325,0.1750309581726656,129360.29188368045,-866.8511284722322,128493.44075520821,744,1,194.0,39,6,20,37.68217967096731,0.608440170940171,45.67708333333333,1017.2916666666657,26.084401709401686,0
842,4,0,0,45,0.0,0.0,1.0,45,1400,900,500,0.6428571428571429,19,9,10,313.70570716879615,0.4524410774410774,0.12791483263384196,0.17501947763175146,129439.78000217002,-878.8004557291762,128560.97954644085,745,2,195.0,39,6,13,37.618252465281344,0.6092414529914529,45.59895833333333,1017.6041666666657,26.092414529914507,0
843,4,2,2,45,0.0425531914893617,0.0425531914893617,0.9574468085106383,47,950,400,550,0.42105263157894735,15,4,11,301.15844326327107,0.4542668825161887,0.12805703568456583,0.17025888228052213,129958.9445153058,-1572.3533163265577,128386.59119897925,746,0,187.6595744680851,41,6,16,37.41243432574432,0.6112804878048781,45.0892857142857,1019.6428571428546,24.869337979094016,0
844,4,1,1,45,0.021739130434782608,0.021739130434782608,0.9782608695652174,46,900,700,200,0.7777777777777778,11,7,4,310.4149807081861,0.45273752012882446,0.13940734705905267,0.17545878881381574,129951.54303200802,-1132.2188553440462,128819.32417666397,747,0,192.56521739130434,40,6,17,37.18395959998671,0.6127604166666667,45.09654471544715,1019.613821138211,25.490345528455276,0
845,4,1,1,45,0.021739130434782608,0.021739130434782608,0.9782608695652174,46,900,700,200,0.7777777777777778,11,7,4,309.1849857175068,0.45207326892109506,0.15360283706369104,0.17569476183302107,130158.8642363176,-1151.3666840174521,129007.49755230015,748,0,193.02173913043478,40,6,18,37.0057763170999,0.61484375,44.89329268292683,1020.4268292682921,25.5106707317073,0
846,4,0,0,45,0.0,0.0,1.0,45,1100,600,500,0.5454545454545454,16,6,10,315.14322926948734,0.45109427609427605,0.15562591495591205,0.17845965053658486,130023.4388563369,-804.7987196180459,129218.64013671885,749,1,198.15555555555557,39,6,18,36.990710005787626,0.6151175213675213,45.02604166666667,1019.8958333333342,26.151175213675234,0
847,4,0,1,44,0.0,0.022222222222222223,0.9777777777777777,45,1300,800,500,0.6153846153846154,18,8,10,328.8838995345157,0.45052609427609425,0.12070321225930436,0.17589984046071824,127758.96044021405,-551.2853764268029,127207.67506378725,750,2,199.15555555555557,40,5,17,38.94375753920386,0.590625,47.256097560975604,1010.9756097560967,25.274390243902417,8
848,4,0,1,43,0.0,0.022727272727272728,0.9772727272727273,44,800,600,200,0.75,10,6,4,334.1811728245935,0.44905082804792107,0.12413200138692293,0.17822383494070276,127644.04432508693,-268.75271267360097,127375.29161241333,751,3,204.5909090909091,39,5,17,38.92736573549118,0.5910790598290598,47.36979166666667,1010.5208333333344,25.910790598290625,0
849,4,1,2,42,0.022727272727272728,0.045454545454545456,0.9545454545454546,44,1600,1200,400,0.75,20,12,8,340.40713175783566,0.44907285059901336,0.1383582424991574,0.1823770659550258,127828.32031249999,-97.265625,127731.05468749999,752,0,205.20454545454547,39,5,19,38.581582200247226,0.592948717948718,47.1875,1011.2499999999999,25.929487179487175,0
850,4,0,1,41,0.0,0.023809523809523808,0.9761904761904762,42,1350,900,450,0.6666666666666666,18,9,9,345.9665542996894,0.4471544715447155,0.14700477480965324,0.18566267966344582,127894.8585742728,449.4687067174461,128344.32728099026,753,1,213.5952380952381,37,5,19,38.3729674796748,0.5971283783783784,47.12171052631579,1011.5131578947364,27.338193456614498,0
851,4,3,2,42,0.06818181818181818,0.045454545454545456,0.9545454545454546,44,1250,800,450,0.64,17,8,9,339.2758867122852,0.45346634954193094,0.16808256601251914,0.1853893223848407,128616.79945993006,-72.19733475684393,128544.60212517322,754,0,193.13636363636363,37,7,14,37.8052597917342,0.6044481981981982,46.40899122807018,1014.36403508772,27.41524419156,0
852,4,0,0,42,0.0,0.0,1.0,42,1250,900,350,0.72,16,9,7,357.38414168266934,0.44818283004258613,0.1748877217020628,0.19440809396626185,128437.66744898827,780.3171081961514,129217.98455718442,755,1,203.33333333333334,35,7,15,37.529021085483734,0.6065476190476191,46.585648148148145,1013.6574074074069,28.961640211640198,0
853,4,2,0,44,0.045454545454545456,0.0,1.0,44,750,300,450,0.4,12,3,9,344.44143174135456,0.45020701198026775,0.18613305205318165,0.19006848511516655,129006.37846500835,87.0283404508981,129093.40680545925,756,0,195.04545454545453,37,7,17,37.277275589134746,0.6083896396396397,46.02521929824561,1015.8991228070167,27.45673304883829,0
854,4,0,0,44,0.0,0.0,1.0,44,1150,800,350,0.6956521739130435,15,8,7,345.8000403342965,0.44995375264270615,0.1849794480904876,0.1910869990326727,129062.08070031142,125.93454235916568,129188.01524267058,757,1,196.04545454545453,37,7,18,37.18604996223157,0.6089527027027026,45.970394736842096,1016.1184210526297,27.462660028449452,0
855,4,0,0,44,0.0,0.0,1.0,44,900,600,300,0.6666666666666666,12,6,6,350.37624294544446,0.44964543692741366,0.1859165424739193,0.1942995529061104,129201.38888888907,253.89458775779028,129455.28347664686,758,2,197.04545454545453,36,8,19,36.927937158469945,0.6122685185185186,45.83333333333334,1016.6666666666681,28.24074074074078,0
856,4,0,0,44,0.0,0.0,1.0,44,1500,1300,200,0.8666666666666667,17,13,4,354.6031162640475,0.44940318886539815,0.1886932912944479,0.19789141649574232,129450.69204152231,380.7237600922538,129831.41580161457,759,3,198.04545454545453,33,11,15,36.56671483622353,0.6212121212121212,45.58823529411764,1017.6470588235279,30.83778966131903,0
857,4,1,0,45,0.022222222222222223,0.0,1.0,45,1200,1000,200,0.8333333333333334,14,10,4,345.28361000739085,0.4499158249158249,0.19877249665875185,0.19490201400746757,129898.25857426281,-29.652069161023576,129868.6065051018,760,0,194.62222222222223,34,11,18,36.34921561757952,0.623468137254902,45.14880952380951,1019.4047619047601,29.982492997198825,0
858,4,1,1,45,0.021739130434782608,0.021739130434782608,0.9782608695652174,46,950,400,550,0.42105263157894735,15,4,11,336.51816260330725,0.4511775362318841,0.19776765241061,0.19130113730969417,130173.98787133473,-438.81775655865914,129735.17011477608,761,0,191.3695652173913,35,11,19,36.293169445389594,0.6241071428571429,44.878472222222214,1020.48611111111,29.156746031746,0
859,4,0,1,44,0.0,0.022222222222222223,0.9777777777777777,45,950,700,250,0.7368421052631579,12,7,5,345.72049684166325,0.44945286195286194,0.2032094156685853,0.1965196352073434,130171.45691609976,0.5881519274360016,130172.0450680272,762,1,196.51111111111112,34,11,19,36.06096399128948,0.6262254901960784,44.88095238095238,1020.4761904761904,30.014005602240893,0
860,4,0,0,44,0.0,0.0,1.0,44,1300,600,700,0.46153846153846156,20,6,14,350.9628488219574,0.44724497885835096,0.20477995310028918,0.20077387405154518,130419.01139285363,354.47744355094136,130773.48883640458,763,2,199.1818181818182,33,11,21,35.67623975204959,0.6309974747474747,44.63848039215686,1021.4460784313719,30.95291146761733,0
861,4,0,0,44,0.0,0.0,1.0,44,1450,900,550,0.6206896551724138,20,9,11,348.3268061809545,0.44710183227625083,0.20223457597558347,0.20007200850889534,130575.52984429064,296.59145520953336,130872.12129950017,764,3,200.1818181818182,33,11,15,35.58503197442047,0.6325757575757576,44.48529411764706,1022.0588235294116,30.97147950089126,0
862,4,0,0,44,0.0,0.0,1.0,44,1350,1000,350,0.7407407407407407,17,10,7,347.4375179721427,0.4467494714587738,0.1967291246799936,0.2003708422582951,130732.14215986636,284.25019824105453,131016.39235810742,765,4,201.1818181818182,33,11,16,35.44924605552226,0.6341540404040404,44.33210784313725,1022.6715686274506,30.99004753416517,0
863,4,0,1,43,0.0,0.022727272727272728,0.9772727272727273,44,850,600,250,0.7058823529411765,11,6,5,349.63744117014335,0.44629800916138124,0.20590669512567006,0.20213111903658978,130826.15460399848,348.34438677432155,131174.49899077282,766,5,202.1818181818182,33,11,16,35.29787573869989,0.6351010101010102,44.240196078431374,1023.0392156862747,31.001188354129535,0
864,4,2,3,42,0.044444444444444446,0.06666666666666667,0.9333333333333333,45,1450,1000,450,0.6896551724137931,19,10,9,334.59704466673804,0.4477483164983165,0.19609850338087886,0.19613011413721396,131357.78523930485,-209.61465299209317,131148.17058631277,767,0,196.04444444444445,35,10,18,35.14604738248467,0.6360119047619048,43.721064814814824,1025.115740740742,29.2890211640212,0
865,4,0,2,40,0.0,0.047619047619047616,0.9523809523809523,42,900,700,200,0.7777777777777778,11,7,4,352.4928362407154,0.44509775454897405,0.20637294276485574,0.2056167214330875,131171.156000697,847.3785623318158,132018.5345630288,768,1,209.0952380952381,33,9,20,34.875957052278984,0.6385732323232323,43.903186274509814,1024.387254901962,31.042038027332183,0
866,4,0,0,40,0.0,0.0,1.0,40,1450,1100,350,0.7586206896551724,18,11,7,357.04326249354983,0.44376335470085465,0.21478358118728136,0.19415547824353388,128423.86529519896,1170.5751694060011,129594.44046460497,769,2,215.6,33,7,15,37.551762181114746,0.6107954545454546,46.599264705882355,1013.6029411764706,30.71524064171123,8
867,4,0,0,40,0.0,0.0,1.0,40,1050,800,250,0.7619047619047619,13,8,5,357.495330494966,0.4437366452991453,0.21761542180323912,0.19485615049508231,128517.04422577855,1188.8486399461744,129705.89286572472,770,3,216.6,33,7,16,37.445109177342694,0.6117424242424243,46.50735294117647,1013.9705882352941,30.72638146167558,0
868,4,0,0,40,0.0,0.0,1.0,40,1200,700,500,0.5833333333333334,17,7,10,357.495330494966,0.4437366452991453,0.21761542180323912,0.19485615049508231,128517.04422577855,1188.8486399461744,129705.89286572472,771,4,217.6,33,7,16,37.445109177342694,0.6117424242424243,46.50735294117647,1013.9705882352941,30.72638146167558,0
869,4,0,0,40,0.0,0.0,1.0,40,1400,700,700,0.5,21,7,14,395.20899063475576,0.4434027777777778,0.2092580645161295,0.20892699027417153,127289.0302870008,2161.0703341826115,129450.10062118342,772,5,218.6,31,9,21,37.7510752688172,0.6041666666666667,47.721354166666664,1009.1145833333328,32.552083333333314,8
870,4,1,0,41,0.024390243902439025,0.0,1.0,41,850,400,450,0.47058823529411764,13,4,9,383.0710511217632,0.444994918699187,0.21296000146213512,0.20489311331542825,127761.29548324159,1588.3307506887127,129349.62623393029,773,0,214.2439024390244,32,9,17,37.571812164356174,0.6064453125,47.25378787878788,1010.9848484848491,31.593276515151533,0
871,4,0,1,40,0.0,0.024390243902439025,0.975609756097561,41,1350,800,550,0.5925925925925926,19,8,11,382.95817224602894,0.44367378048780487,0.21142879759842415,0.20548412041948694,127888.97696982462,1595.2257741557135,129484.20274398034,774,1,215.2439024390244,32,9,18,37.44356717846295,0.6077473958333333,47.12752525252526,1011.4898989899,31.609059343434375,0
872,4,0,0,40,0.0,0.0,1.0,40,1250,700,550,0.56,18,7,11,393.4407832905498,0.4423076923076923,0.2198314606741576,0.21094114284854787,127857.05061983476,2060.8356290174565,129917.88624885221,775,2,221.45,32,8,18,37.21129837702872,0.607421875,47.159090909090914,1011.3636363636367,31.605113636363647,0
873,4,1,2,39,0.024390243902439025,0.04878048780487805,0.9512195121951219,41,800,500,300,0.625,11,5,6,382.7666699144797,0.4431910569105691,0.2182796676880232,0.20686423849373917,128177.49235365119,1613.0600423961685,129790.55239604737,776,0,217.02439024390245,31,10,20,37.152420599202785,0.613239247311828,46.842447916666664,1012.6302083333328,32.665490591397834,0
874,4,1,0,40,0.025,0.0,1.0,40,1000,700,300,0.7,13,7,6,383.639200738213,0.44237446581196577,0.22635995754278904,0.2078712189765572,128280.656091022,1842.6976745866473,130123.35376560864,777,0,222.15,30,10,22,37.02456768829332,0.6170138888888889,46.74059139784946,1013.0376344086015,33.767921146953384,0
875,4,1,1,40,0.024390243902439025,0.024390243902439025,0.975609756097561,41,750,700,50,0.9333333333333333,8,7,1,373.36245462096656,0.44415650406504065,0.22937847448289683,0.20430057910158483,128672.41753472209,1408.2899305555354,130080.70746527762,778,0,217.70731707317074,31,10,18,36.883983572895275,0.6182795698924731,46.35416666666666,1014.5833333333322,32.72849462365588,0
876,4,0,0,40,0.0,0.0,1.0,40,1400,1000,400,0.7142857142857143,18,10,8,382.3808872505319,0.4424412393162393,0.23665596919127063,0.20888829675186832,128606.37240939663,1835.3237575954759,130441.6961669921,779,1,224.1,31,9,18,36.72282841249464,0.6176075268817205,46.41927083333333,1014.3229166666661,32.72009408602148,0
877,4,2,1,41,0.047619047619047616,0.023809523809523808,0.9761904761904762,42,800,600,200,0.75,10,6,4,360.790110185434,0.4453034262485482,0.228142076502732,0.200074515648286,129201.38888888882,922.916666666657,130124.30555555547,780,0,214.38095238095238,33,9,20,36.663251366120214,0.6186868686868687,45.83333333333333,1016.6666666666661,30.80808080808079,0
878,4,0,0,41,0.0,0.0,1.0,41,850,400,450,0.47058823529411764,13,4,9,359.118301519406,0.4444613821138212,0.21233355692246203,0.19991308706731756,129352.72285997732,1090.5860260770978,130443.30888605442,781,1,204.82926829268294,34,7,20,36.55158962356153,0.617953431372549,45.68452380952381,1017.2619047619047,29.919467787114844,0
879,4,0,0,41,0.0,0.0,1.0,41,1000,600,400,0.6,14,6,8,360.2202387059262,0.44367378048780487,0.21894166310084096,0.20129954515919432,129504.14540816352,1130.0028344671468,130634.14824263066,782,2,205.82926829268294,34,7,19,36.36939571150097,0.6194852941176471,45.5357142857143,1017.8571428571449,29.93697478991603,0
880,4,1,0,42,0.023809523809523808,0.0,1.0,42,1200,800,400,0.6666666666666666,16,8,8,352.777395217311,0.44433555942702285,0.221307753433988,0.19933393678443193,129937.87140185623,767.8287626457584,130705.70016450199,783,0,201.9047619047619,35,7,21,36.11800904378099,0.6217261904761905,45.10995370370371,1019.5601851851859,29.130291005291024,0
881,4,0,0,42,0.0,0.0,1.0,42,1150,1000,150,0.8695652173913043,13,10,3,352.47645800469655,0.44411778939217966,0.22101126326877885,0.20006954135939492,130114.93866008674,772.4905424811586,130887.4292025679,784,1,202.9047619047619,35,7,21,35.94594913972396,0.6235119047619048,44.9363425925926,1020.2546296296309,29.15013227513231,0
882,4,0,0,42,0.0,0.0,1.0,42,1500,1200,300,0.8,18,12,6,348.4352810341947,0.44359756097560976,0.2095937722103769,0.19868224535566842,130292.97052154192,679.817284584869,130972.7878061268,785,2,203.9047619047619,34,8,21,35.86850901741292,0.6274509803921569,44.76190476190476,1020.9523809523807,30.028011204481786,0
883,4,0,0,42,0.0,0.0,1.0,42,1250,800,450,0.64,17,8,9,349.65714161518355,0.44333139759969026,0.2122044622044621,0.20000388500388494,130414.5408163265,720.075113378678,131134.61592970518,786,3,204.9047619047619,34,8,21,35.71411227661227,0.6286764705882353,44.64285714285714,1021.4285714285711,30.04201680672268,0
884,4,0,0,42,0.0,0.0,1.0,42,1450,900,550,0.6206896551724138,20,9,11,350.38617707641936,0.44282326751838946,0.21755907302918875,0.20089275603519757,130505.75573979593,745.4825680272163,131251.23830782314,787,4,205.9047619047619,34,8,18,35.603081673074676,0.6295955882352942,44.55357142857143,1021.7857142857144,30.052521008403367,0
885,4,0,0,42,0.0,0.0,1.0,42,1150,800,350,0.6956521739130435,15,8,7,347.0111282232298,0.44267808749516063,0.21764073045079257,0.1995836944442646,130627.42524092957,665.8340419501017,131293.25928287968,788,5,206.9047619047619,34,8,18,35.566117386747415,0.6308210784313726,44.4345238095238,1022.2619047619037,30.066526610644225,0
886,4,1,0,43,0.023255813953488372,0.0,1.0,43,1150,900,250,0.782608695652174,14,9,5,338.457325750038,0.44395994832041347,0.21962830676001954,0.19611007039854766,130913.23329260977,261.708569101514,131174.9418617113,789,0,203.06976744186048,35,8,19,35.49583427580487,0.631547619047619,44.155092592592595,1023.37962962963,29.239417989418,0
887,4,0,0,43,0.0,0.0,1.0,43,1350,1000,350,0.7407407407407407,17,10,7,338.3293229179133,0.4437523071244001,0.21955760310498262,0.1963375677090568,130972.46334876539,262.36496913580106,131234.8283179012,790,1,204.06976744186048,35,8,19,35.439280868385346,0.6321428571428571,44.09722222222222,1023.6111111111109,29.24603174603174,0
888,4,0,3,40,0.0,0.06976744186046512,0.9302325581395349,43,900,600,300,0.6666666666666666,12,6,6,336.63577592549603,0.44319859726836475,0.2184700786408178,0.19595745693347294,131090.963648834,225.98165294924559,131316.94530178324,791,2,205.06976744186048,35,8,19,35.36298221820373,0.6333333333333333,43.98148148148148,1024.074074074074,29.259259259259256,0
889,4,0,0,40,0.0,0.0,1.0,40,1200,1000,200,0.8333333333333334,14,10,4,351.78722069343974,0.44293536324786326,0.2129446640316206,0.2035392588752274,130857.49959450707,1206.7992178489226,132064.298812356,792,3,214.975,33,7,19,35.21117798538747,0.6354166666666667,44.20955882352942,1023.1617647058836,31.004901960784352,0
890,4,0,0,40,0.0,0.0,1.0,40,800,500,300,0.625,11,5,6,350.41769405990175,0.4424278846153846,0.2095467608669619,0.2030769023660126,130920.20083922063,1175.350976787789,132095.55181600843,793,4,215.975,33,7,20,35.1827874905201,0.6360479797979798,44.1482843137255,1023.4068627450991,31.012329174093914,0
891,4,1,1,40,0.024390243902439025,0.024390243902439025,0.975609756097561,41,1700,1300,400,0.7647058823529411,21,13,8,345.4232573563368,0.44349593495934964,0.21101372393995788,0.20183692980760315,131236.62308673482,866.4363662131683,132103.059452948,794,0,211.6829268292683,34,7,21,34.990898880755964,0.6369485294117647,43.83928571428572,1024.6428571428582,30.136554621848774,0
892,4,0,0,40,0.0,0.0,1.0,40,1000,700,300,0.7,13,7,6,349.563883610723,0.4424946581196581,0.21003588516746396,0.2040750046777687,131202.54229142654,1172.7340445982504,132375.27633602478,795,1,216.025,33,7,22,34.91925837320574,0.6388888888888888,43.87254901960785,1024.50980392157,31.04575163398697,0
893,4,0,0,40,0.0,0.0,1.0,40,1050,800,250,0.7619047619047619,13,8,5,352.6340141450195,0.4419738247863248,0.21280487804878057,0.20654277971351137,131328.12500000003,1262.1527777777787,132590.2777777778,796,2,217.025,33,7,22,34.71375338753387,0.6401515151515151,43.75,1025.0000000000002,31.060606060606066,0
894,4,0,0,40,0.0,0.0,1.0,40,1150,1000,150,0.8695652173913043,13,10,3,352.19465015221766,0.4420806623931624,0.20097681921376553,0.20713401455543998,131485.18786344197,1261.6759479527186,132746.8638113947,797,3,218.025,33,7,23,34.56643067670371,0.641729797979798,43.5968137254902,1025.6127450980396,31.07917409387999,0
895,4,0,0,40,0.0,0.0,1.0,40,1350,900,450,0.6666666666666666,18,9,9,354.8958623023919,0.4418669871794872,0.19542278753135145,0.20941106800971995,131610.9057363754,1341.6331759419497,132952.53891231734,798,4,219.025,33,7,18,34.37027250288628,0.6429924242424243,43.474264705882355,1026.1029411764705,31.094028520499105,0
896,4,0,0,40,0.0,0.0,1.0,40,950,500,450,0.5263157894736842,14,5,9,355.03091111606153,0.44196047008547007,0.19934626865671667,0.20983654767798268,131673.78720023538,1349.6529279603878,133023.44012819577,799,5,220.025,33,7,19,34.303358208955224,0.6436237373737373,43.412990196078425,1026.3480392156855,31.101455733808653,0
897,4,0,0,40,0.0,0.0,1.0,40,1500,1100,400,0.7333333333333333,19,11,8,354.5375623845399,0.4415731837606838,0.2048174442190671,0.2105867689826242,131862.52170138882,1350.043402777773,133212.5651041666,800,6,221.025,33,7,19,34.12567613252198,0.6455176767676767,43.229166666666664,1027.0833333333328,31.123737373737356,0
898,4,0,0,40,0.0,0.0,1.0,40,1150,800,350,0.6956521739130435,15,8,7,357.8534153062733,0.4407986111111111,0.20274862866682586,0.21343945524597474,132019.90370290255,1448.7546856977847,133468.65838860034,801,7,222.025,33,7,20,33.8818666030686,0.6470959595959596,43.07598039215685,1027.696078431371,31.142305407011243,0
899,4,0,3,37,0.0,0.075,0.925,40,1100,600,500,0.5454545454545454,16,6,10,358.05630088081426,0.440357905982906,0.20504291845493583,0.2139156874493069,132082.88278546702,1458.6216839676931,133541.50446943473,802,8,223.025,33,7,21,33.81318550309967,0.6477272727272727,43.014705882352935,1027.9411764705874,31.14973262032083,0
900,4,0,2,35,0.0,0.05405405405405406,0.9459459459459459,37,900,400,500,0.4444444444444444,14,4,10,381.5801403978294,0.4380005005005005,0.21313812831027135,0.22613581788200293,131776.255293242,2656.640399179096,134432.8956924211,803,20,228.35135135135135,30,7,21,33.5185124580006,0.6524305555555556,43.31317204301075,1026.747311827957,34.22491039426523,0
901,4,1,0,36,0.027777777777777776,0.0,1.0,36,800,600,200,0.75,10,6,4,382.10498135551853,0.43535052910052907,0.20435703343245915,0.2276016628074176,131969.53125000003,2885.243055555557,134854.7743055556,804,0,230.72222222222223,29,7,22,33.30967829143011,0.6573275862068966,43.125,1027.5000000000002,35.431034482758626,0
902,4,0,1,35,0.0,0.027777777777777776,0.9722222222222222,36,1050,600,450,0.5714285714285714,15,6,9,384.1378375357486,0.4346230158730158,0.1993230057942299,0.22967595100481503,132112.27816358022,2949.8649691357955,135062.143132716,805,1,231.72222222222223,29,7,22,33.11323516166801,0.6587643678160919,42.98611111111111,1028.0555555555552,35.450191570881216,0
903,4,0,0,35,0.0,0.0,1.0,35,1300,1000,300,0.7692307692307693,16,10,6,385.57720343902776,0.43445378151260505,0.18235702708960444,0.2309719752639612,132183.6805555555,3193.4027777777746,135377.08333333328,806,2,231.74285714285713,29,6,22,33.00411939492166,0.6594827586206897,42.916666666666664,1028.333333333333,35.459770114942515,0
904,4,0,0,35,0.0,0.0,1.0,35,900,400,500,0.4444444444444444,14,4,10,386.3361330559692,0.4338235294117647,0.18533819360064796,0.23208367701099475,132290.82031250003,3221.7447916666674,135512.5651041667,807,3,232.74285714285713,29,6,22,32.87641757796679,0.6605603448275862,42.8125,1028.7500000000002,35.47413793103449,0
905,4,0,0,35,0.0,0.0,1.0,35,1150,900,250,0.782608695652174,14,9,5,386.28015012775177,0.4325980392156863,0.1829774111479452,0.2331521557611479,132469.48302469132,3234.0663580246846,135703.549382716,808,4,233.74285714285713,29,6,22,32.69754002518439,0.6623563218390804,42.638888888888886,1029.4444444444443,35.49808429118774,0
906,4,0,0,35,0.0,0.0,1.0,35,1650,1300,350,0.7878787878787878,20,13,7,386.85385096539665,0.4327731092436975,0.13357271095152612,0.21274233637716225,128870.65463595906,2970.821804470468,131841.4764404295,809,5,234.74285714285713,31,4,19,36.33891168675727,0.6202956989247312,46.15885416666666,1015.3645833333321,32.7536962365591,8
907,4,0,0,35,0.0,0.0,1.0,35,1300,900,400,0.6923076923076923,17,9,8,383.94443454740957,0.4321078431372549,0.12618010034057248,0.2118482657948294,129002.89747450079,2905.9889051649216,131908.8863796657,810,6,235.74285714285713,31,4,20,36.27755703665727,0.6216397849462365,46.02864583333333,1015.885416666666,32.77049731182793,0
908,4,0,0,35,0.0,0.0,1.0,35,450,200,250,0.4444444444444444,7,2,5,384.44451858855666,0.43203781512605044,0.11932342388518702,0.21247910928223038,129069.04432508665,2923.977322048592,131993.02164713523,811,7,236.74285714285713,31,4,21,36.197249273876636,0.6223118279569892,45.96354166666666,1016.1458333333321,32.778897849462325,0
909,4,1,0,36,0.027777777777777776,0.0,1.0,36,1200,800,400,0.6666666666666666,16,8,8,362.1821351908868,0.43430886243386246,0.10232217078832861,0.19158979527337905,127314.91246110084,2185.065600867407,129499.97806196826,812,0,231.13888888888889,32,4,18,38.557696317611224,0.6018880208333333,47.695707070707066,1009.2171717171713,31.5380366161616,8
910,4,0,0,36,0.0,0.0,1.0,36,1400,900,500,0.6428571428571429,19,9,10,358.8576123113011,0.43402777777777773,0.09701663566016938,0.19081964133353155,127524.87775134544,1952.6546280276614,129477.53237937311,813,1,232.13888888888889,33,3,20,38.4261506106932,0.6016414141414141,47.487745098039206,1010.0490196078415,30.60754604872247,0
911,4,1,0,37,0.02702702702702703,0.0,1.0,37,800,600,200,0.75,10,6,4,354.79391431793766,0.43574824824824826,0.1071219524609357,0.19029855404325724,127873.46938775493,1673.7457482992966,129547.21513605422,814,0,226.83783783783784,34,3,21,38.171639595103564,0.6029411764705883,47.14285714285713,1011.4285714285701,29.747899159663827,0
912,4,0,1,36,0.0,0.02702702702702703,0.972972972972973,37,900,700,200,0.7777777777777778,11,7,4,359.0337953450969,0.43559184184184185,0.052433261971687184,0.18902270232245588,127122.02558106571,1728.2206632653,128850.246244331,815,1,227.83783783783784,34,3,19,38.835192617951435,0.595281862745098,47.88690476190476,1008.4523809523805,29.66036414565825,8
913,4,3,0,39,0.07692307692307693,0.0,1.0,39,950,600,350,0.631578947368421,13,6,7,347.83960981427094,0.44326360773729195,0.07743401353553914,0.1867688711871842,127916.59216226345,1098.8915012985774,129015.48366356203,816,0,214.66666666666666,36,3,20,38.30336932724776,0.5992476851851851,47.100225225225216,1011.5990990990978,28.099974974974938,0
914,4,0,0,39,0.0,0.0,1.0,39,1100,1000,100,0.9090909090909091,12,10,2,346.30824200662573,0.4435728744939271,0.07459207459207473,0.18647526488397484,128030.53634293054,1067.605992817118,129098.14233574766,817,1,215.66666666666666,36,3,20,38.22558510441007,0.6004050925925926,46.9876126126126,1012.0495495495477,28.112487487487435,0
915,4,0,2,37,0.0,0.05128205128205128,0.9487179487179487,39,1300,800,500,0.6153846153846154,18,8,10,341.43784733694224,0.44312303193882147,0.07751121410826967,0.18641868263013248,128584.3611352239,1000.0529342335151,129584.41406945742,818,2,216.66666666666666,35,4,17,37.78350736049298,0.6080357142857142,46.44097222222223,1014.2361111111121,28.978174603174633,7
916,4,1,0,38,0.02631578947368421,0.0,1.0,38,1250,1000,250,0.8,15,10,5,339.08085362333634,0.4416785206258891,0.10570751456502436,0.18631968554766842,128838.54875283457,1137.337018140603,129975.88577097518,819,0,222.18421052631578,34,4,18,37.58428119136961,0.6127450980392157,46.1904761904762,1015.2380952380961,29.859943977591062,0
917,4,1,0,39,0.02564102564102564,0.0,1.0,39,1200,800,400,0.6666666666666666,16,8,8,333.55789369394387,0.4412393162393162,0.10731525095285588,0.18524902996175668,129260.23046339165,823.1540423525362,130083.38450574418,820,0,217.46153846153845,35,4,20,37.295602853023745,0.6148809523809524,45.77546296296296,1016.8981481481483,29.054232804232807,0
918,4,1,0,40,0.025,0.0,1.0,40,1500,1200,300,0.8,18,12,6,326.7339641318149,0.4416132478632479,0.11057681672381414,0.18291032629818826,129573.7476285408,467.22884201770705,130040.97647055851,821,0,213.0,36,4,16,37.15089591859309,0.6160300925925926,45.46734234234235,1018.1306306306315,28.28140640640643,0
919,4,0,1,39,0.0,0.025,0.975,40,1050,600,450,0.5714285714285714,15,6,9,327.9399765082233,0.4413995726495727,0.11048601127944302,0.18385376364314093,129631.08114448909,502.24274105186595,130133.32388554096,822,1,214.0,36,4,16,37.06204614987653,0.6166087962962963,45.41103603603604,1018.3558558558558,28.28766266266266,0
920,4,1,0,40,0.025,0.0,1.0,40,800,500,300,0.625,11,5,6,329.233716036474,0.4445245726495726,0.11868851553000948,0.1851197904898683,129745.78622118745,543.3374675351006,130289.12368872255,823,0,214.925,36,4,17,36.91278876975791,0.6177662037037037,45.29842342342342,1018.8063063063066,28.300175175175184,0
921,4,0,1,39,0.0,0.025,0.975,40,750,400,350,0.5333333333333333,11,4,7,327.94493812741325,0.4446180555555555,0.1175176834659597,0.18453021145378323,129774.47041636225,511.7761342423439,130286.2465506046,824,1,215.925,36,4,17,36.91653772472738,0.6180555555555556,45.27027027027027,1018.9189189189184,28.303303303303288,0
922,4,0,1,38,0.0,0.02564102564102564,0.9743589743589743,39,1450,1100,350,0.7586206896551724,18,11,7,365.0332074621109,0.44261695906432746,0.199464736984436,0.1951496389082925,127741.58564314217,1630.7880638151976,129372.37370695737,825,2,222.33333333333334,33,6,18,38.047919949892915,0.6038510101010102,47.2732843137255,1010.9068627450989,30.633541295306028,8
923,4,3,0,41,0.07317073170731707,0.0,1.0,41,1200,800,400,0.6666666666666666,16,8,8,347.7069465215533,0.44778963414634143,0.225924143391657,0.1814776122874947,126769.03558514101,615.6948553582778,127384.73044049929,826,0,206.82926829268294,38,3,15,39.48321133036282,0.5838815789473684,48.23717948717947,1007.0512820512793,26.501349527665244,8
924,4,1,0,42,0.023809523809523808,0.0,1.0,42,1250,900,350,0.72,16,9,7,343.5213762792798,0.44847319008904374,0.22761821919155856,0.18084522596683061,127119.65610812917,334.48567142754445,127454.14177955671,827,0,202.88095238095238,37,5,19,39.22871135515202,0.5892454954954955,47.8892543859649,1008.4429824561383,27.255215742057793,0
925,4,4,5,41,0.08695652173913043,0.10869565217391304,0.8913043478260869,46,950,500,450,0.5263157894736842,14,5,9,318.3726847088554,0.45314009661835747,0.2176983301209341,0.17084883648902546,127893.53820231771,-1056.4381771227297,126837.10002519497,828,0,186.15217391304347,41,5,15,39.07210343925722,0.5904471544715447,47.12301587301586,1011.5079365079343,24.670925280681324,0
926,4,2,1,42,0.046511627906976744,0.023255813953488372,0.9767441860465116,43,950,700,250,0.7368421052631579,12,7,5,338.0890239395963,0.44758213362864524,0.23134787293184655,0.17976904568756694,127523.29082657593,22.84498502445672,127546.13581160038,829,0,199.95348837209303,38,5,16,38.95220717861927,0.5915570175438596,47.48931623931623,1010.0427350427337,26.58007197480878,0
927,4,2,1,43,0.045454545454545456,0.022727272727272728,0.9772727272727273,44,1400,800,600,0.5714285714285714,20,8,12,334.7457810816684,0.44960139182522907,0.24384143088456844,0.17993280418628926,127960.02739800359,-233.18413628471416,127726.84326171887,830,0,196.36363636363637,39,5,19,38.59014121967122,0.594284188034188,47.05729166666667,1011.7708333333343,25.942841880341906,0
928,4,1,1,43,0.022727272727272728,0.022727272727272728,0.9772727272727273,44,1100,600,500,0.5454545454545454,16,6,10,330.08932863323196,0.44836812896405914,0.2556242807825091,0.1786099791919542,128225.6738987508,-334.681756836577,127890.99214191422,831,0,197.02272727272728,38,6,20,38.436840717299596,0.5986842105263157,46.794871794871796,1012.8205128205127,26.653171390013494,0
929,4,3,2,44,0.06521739130434782,0.043478260869565216,0.9565217391304348,46,1450,1100,350,0.7586206896551724,18,11,7,314.1398547353345,0.4525764895330113,0.2646065900409811,0.17307131798373393,128943.21852898406,-1098.7592124396892,127844.45931654437,832,0,188.80434782608697,40,6,16,38.11099159495698,0.6026041666666666,46.08739837398374,1015.6504065040649,25.391260162601622,0
930,4,1,4,41,0.022222222222222223,0.08888888888888889,0.9111111111111111,45,1450,1000,450,0.6896551724137931,19,10,9,324.8201336498438,0.45122053872053874,0.17146057347670296,0.17066820581601982,127040.78260294811,-746.919203185917,126293.8633997622,833,0,189.77777777777777,40,5,16,39.780955981182835,0.5833333333333333,47.967479674796756,1008.130081300814,25.20325203252035,8
931,4,1,1,41,0.023809523809523808,0.023809523809523808,0.9761904761904762,42,1650,1300,350,0.7878787878787878,20,13,7,341.6804100219907,0.4481102400309718,0.19175660684478468,0.178536760322071,126815.75701177289,266.0919706063452,127081.84898237923,834,0,204.0,37,5,17,39.58696204368966,0.5861486486486487,48.19078947368421,1007.2368421052635,27.22261735419631,0
932,4,0,0,41,0.0,0.0,1.0,41,1400,1000,400,0.7142857142857143,18,10,8,339.84124387119846,0.44644308943089434,0.17327899127555235,0.17830026904475207,126981.47506925208,430.70848722684184,127412.18355647892,835,1,202.6829268292683,37,4,17,39.46321076298232,0.5878378378378378,48.026315789473685,1007.8947368421053,27.240398293029873,0
933,4,0,1,40,0.0,0.024390243902439025,0.975609756097561,41,1050,800,250,0.7619047619047619,13,8,5,341.13231497919026,0.4466717479674797,0.17112714096304882,0.17934627612582824,127065.0833356161,469.2012062604863,127534.2845418766,836,2,203.6829268292683,38,3,17,39.34491010561265,0.5868969298245614,47.94337606837606,1008.226495726495,26.532276203328816,0
934,4,0,0,40,0.0,0.0,1.0,40,650,300,350,0.46153846153846156,10,3,7,348.38782231227015,0.44679487179487176,0.18065103883389577,0.18290858084047384,127009.10526556236,849.6851194598225,127858.79038502219,837,3,209.4,37,3,17,39.219492186083635,0.5881193693693694,47.998903508771924,1008.0043859649113,27.24336178283544,0
935,4,2,0,42,0.047619047619047616,0.0,1.0,42,1050,600,450,0.5714285714285714,15,6,9,348.5255540034165,0.45038472706155636,0.1330494546541161,0.17957517574633322,126241.80768606458,622.2766922433261,126864.0843783079,838,0,200.38095238095238,36,6,20,40.0049492006574,0.5821759259259259,48.76126126126127,1004.9549549549561,27.915415415415445,8
936,4,1,0,43,0.023255813953488372,0.0,1.0,43,1350,1100,250,0.8148148148148148,16,11,5,359.340234206582,0.4515273163528977,0.2040514923616359,0.18258841895120556,125668.62678290944,431.55875611802935,126100.18553902747,839,0,196.69767441860466,38,5,18,40.32476469543596,0.5726425438596492,49.33226495726495,1002.6709401709386,26.386077372919438,7
937,4,1,1,43,0.022727272727272728,0.022727272727272728,0.9772727272727273,44,750,300,450,0.4,12,3,9,358.6370758079235,0.4532461240310077,0.22453791022255754,0.18389688355257333,126043.83680555536,243.0358088611036,126286.87261441647,840,0,193.20454545454547,35,9,19,39.95504840940523,0.5821428571428571,48.95833333333332,1004.166666666665,28.690476190476144,0
938,4,3,4,42,0.06521739130434782,0.08695652173913043,0.9130434782608696,46,1300,900,400,0.6923076923076923,17,9,8,334.585464939943,0.4571256038647343,0.21278991876205433,0.17500140786555887,126855.79562716994,-711.1789279514095,126144.61669921853,841,0,181.56521739130434,39,7,17,39.72454158480681,0.5830662393162394,48.15104166666666,1007.3958333333317,25.83066239316235,0
939,4,3,1,44,0.06666666666666667,0.022222222222222223,0.9777777777777777,45,950,500,450,0.5263157894736842,14,5,9,348.97339629375267,0.45761784511784515,0.1946443100215789,0.18177867956196933,126688.35521449677,-136.1200677494523,126552.23514674732,842,0,182.04444444444445,38,7,18,39.53425130001063,0.5830592105263157,48.31730769230768,1006.730769230767,26.49291497975703,7
940,4,1,2,43,0.022222222222222223,0.044444444444444446,0.9555555555555556,45,2100,1500,600,0.7142857142857143,27,15,12,346.50706069391214,0.45589225589225585,0.2118636283342168,0.1819306687616616,127011.23078977638,-197.94234878370153,126813.28844099268,843,0,182.93333333333334,38,7,19,39.26470588235295,0.5863486842105263,47.99679487179487,1008.0128205128199,26.526653171389995,0
941,4,1,0,44,0.022727272727272728,0.0,1.0,44,1550,900,650,0.5806451612903226,22,9,13,347.17908492419076,0.4540499471458774,0.21450207038314417,0.18302008035631148,127174.94956380822,30.49652296862115,127205.44608677684,844,0,187.6590909090909,37,7,21,39.07976863427182,0.5898085585585586,47.83442982456141,1008.6622807017554,27.261142721669067,0
942,4,3,2,45,0.06382978723404255,0.0425531914893617,0.9574468085106383,47,1000,700,300,0.7,13,7,6,332.7092890360441,0.45619411039161273,0.2368287231905919,0.17908751893086114,128015.9430976934,-881.5813173375384,127134.36178035586,845,0,176.61702127659575,40,7,19,38.58455513155253,0.5932291666666667,47.002032520325216,1011.9918699187009,25.299796747967523,0
943,4,0,0,45,0.0,0.0,1.0,45,1200,800,400,0.6666666666666666,16,8,8,347.27979269407234,0.45359848484848486,0.24405944080569086,0.18614668842820437,127847.22792935936,-120.24823763605468,127726.9796917233,846,1,185.4,38,7,20,38.388486865272206,0.5948464912280702,47.16880341880342,1011.3247863247865,26.61381016644175,0
944,4,0,0,45,0.0,0.0,1.0,45,1400,1000,400,0.7142857142857143,18,10,8,349.1719192270819,0.4526725589225589,0.25095720720720727,0.18791797834766583,128009.35057345308,-60.54587625100993,127948.80469720207,847,2,186.4,38,7,20,38.17479588963963,0.5964912280701755,47.008547008547005,1011.9658119658114,26.630679262258194,0
945,4,1,1,45,0.021739130434782608,0.021739130434782608,0.9782608695652174,46,1300,1000,300,0.7692307692307693,16,10,6,348.44880252354767,0.45365338164251207,0.2686634938437644,0.18996639445605484,128525.6736137902,-242.79123029262882,128282.88238349758,848,0,183.32608695652175,35,11,19,37.66562511889815,0.6074404761904761,46.49884259259259,1014.0046296296289,28.971560846560823,0
946,4,0,0,45,0.0,0.0,1.0,45,1350,900,450,0.6666666666666666,18,9,9,344.7642956833017,0.45372474747474745,0.25436921938586754,0.18871970255811366,128686.69979100727,-126.68411654897386,128560.0156744583,849,1,169.6,36,9,19,37.59480207177211,0.6070601851851851,46.340090090090094,1014.63963963964,28.184434434434444,0
947,4,1,0,46,0.021739130434782608,0.0,1.0,46,1450,1100,350,0.7586206896551724,18,11,7,344.7429331490035,0.4550925925925926,0.2677501055297591,0.19090603287283517,129145.65659626028,-295.5895083102647,128850.06708795001,850,0,166.8913043478261,37,9,20,37.127831715210355,0.6097972972972974,45.888157894736835,1016.4473684210517,27.47155049786626,0
948,4,1,3,44,0.02127659574468085,0.06382978723404255,0.9361702127659575,47,1600,1200,400,0.75,20,12,8,336.0694674497561,0.45494141227258716,0.2585092632485999,0.18795595998816456,129536.03512619254,-693.3667089873953,128842.66841720515,851,0,164.31914893617022,37,10,18,36.95156541720521,0.6137387387387387,45.504385964912274,1017.9824561403498,27.51303935514459,0
949,4,1,0,45,0.022222222222222223,0.0,1.0,45,1600,1300,300,0.8125,19,13,6,346.26313899680537,0.45338804713804715,0.2680478753471458,0.19398459125211376,129602.41280131499,-24.692344371376976,129577.72045694361,852,0,170.26666666666668,36,9,20,36.62468664749689,0.6163194444444444,45.4391891891892,1018.2432432432445,28.28453453453457,0
950,4,0,0,45,0.0,0.0,1.0,45,1100,700,400,0.6363636363636364,15,7,8,346.77216169179064,0.45290404040404036,0.2643225711337165,0.19455381081517117,129659.75265806372,-7.521457268052302,129652.23120079566,853,1,171.26666666666668,36,9,20,36.55347007223943,0.6168981481481481,45.382882882882896,1018.4684684684704,28.290790790790844,0
951,4,0,1,44,0.0,0.022222222222222223,0.9777777777777777,45,1650,1200,450,0.7272727272727273,21,12,9,344.3692529423275,0.4526725589225589,0.2610134944315514,0.1939139620332998,129803.15778193761,-59.95670501579599,129743.20107692182,854,2,172.26666666666668,36,9,22,36.469038936162356,0.6183449074074074,45.24211711711713,1019.0315315315337,28.30643143143149,0
952,4,0,1,43,0.0,0.022727272727272728,0.9772727272727273,44,1750,1300,450,0.7428571428571429,22,13,9,367.932598258391,0.45177061310782246,0.24631832342112725,0.1982600835219675,128059.03031409788,658.0042457998545,128717.03455989773,855,3,176.61363636363637,36,8,19,37.649273104880585,0.6006944444444444,46.95945945945946,1012.1621621621621,28.115615615615614,8
953,4,0,0,43,0.0,0.0,1.0,43,1450,1100,350,0.7586206896551724,18,11,7,372.7793557988133,0.4513196751568844,0.2542493077286747,0.20161312803150497,128206.57920030768,958.6388014955613,129165.21800180324,856,4,181.09302325581396,33,10,19,37.375463859309455,0.6085858585858586,46.813725490196084,1012.7450980392165,30.689245395127774,0
954,4,0,1,42,0.0,0.023255813953488372,0.9767441860465116,43,1300,600,700,0.46153846153846156,20,6,14,371.237794502662,0.4504660391288298,0.25704830269954093,0.20187427996919932,128423.86529519912,935.15850273935,129359.02379793847,857,5,182.09302325581396,33,10,16,37.19207169628823,0.6107954545454546,46.59926470588236,1013.602941176472,30.715240641711272,0
955,4,1,0,43,0.023255813953488372,0.0,1.0,43,1350,1000,350,0.7407407407407407,17,10,7,373.42544509147683,0.4507428940568476,0.16903522529370507,0.19493937381989176,126777.10503472213,868.3593749999958,127645.46440972213,858,0,182.34883720930233,39,4,18,38.8274031168115,0.5822649572649572,48.229166666666664,1007.0833333333326,25.822649572649553,8
956,4,2,1,44,0.044444444444444446,0.022222222222222223,0.9777777777777777,45,1450,1200,250,0.8275862068965517,17,12,5,365.5621153362328,0.45355639730639735,0.1756543015685763,0.19326911835759647,127292.15876165265,306.6381645250555,127598.7969261777,859,0,175.2,41,4,20,38.49578909424563,0.584349593495935,47.71825396825396,1009.126984126983,24.612853271389827,0
957,4,0,1,43,0.0,0.022727272727272728,0.9772727272727273,44,1500,1100,400,0.7333333333333333,19,11,8,362.9531716252979,0.45262949260042284,0.17961729231107126,0.1924000430590026,127399.61848932509,448.0191189106958,127847.63760823579,860,1,179.86363636363637,40,4,14,38.45127843768874,0.5869791666666666,47.61178861788618,1009.552845528455,25.238821138211375,0
958,4,1,0,44,0.022727272727272728,0.0,1.0,44,1100,500,600,0.45454545454545453,17,5,12,365.38128264833455,0.45260747004933055,0.1926992809967254,0.19417963566626467,127502.2359789146,517.3861045012843,128019.62208341589,861,0,180.8181818181818,40,4,16,38.28465653719731,0.5880208333333333,47.510162601626014,1009.9593495934954,25.248983739837385,0
959,4,1,0,45,0.022222222222222223,0.0,1.0,45,1850,1300,550,0.7027027027027027,24,13,11,356.04236216912017,0.45368265993265994,0.19072403121049697,0.19106357498296536,127893.53820231768,107.10348954393751,128000.64169186162,862,0,177.77777777777777,41,4,18,38.11952399633842,0.5904471544715447,47.12301587301586,1011.5079365079341,24.67092528068132,0
960,4,0,1,44,0.0,0.022222222222222223,0.9777777777777777,45,1500,1200,300,0.8,18,12,6,357.44888119691996,0.45364057239057237,0.18692900175398486,0.1921782361269048,127968.81028163571,148.46161265431283,128117.27189429002,863,1,178.77777777777777,41,4,18,38.00689201555708,0.5912093495934959,47.04861111111111,1011.8055555555549,24.678184281842803,0
961,4,2,2,44,0.043478260869565216,0.043478260869565216,0.9565217391304348,46,1050,700,350,0.6666666666666666,14,7,7,358.41621317320323,0.456622383252818,0.19672424061941607,0.19525659374361076,128496.33487654322,11.154513888890676,128507.4893904321,864,0,173.8913043478261,41,5,15,37.44292237442922,0.5965447154471545,46.52777777777778,1013.8888888888889,24.7289972899729,0
962,4,0,2,42,0.0,0.045454545454545456,0.9545454545454546,44,1250,1100,150,0.88,14,11,3,370.63134352230384,0.45293780831571534,0.19467601895380238,0.20106698708541296,128329.16802300363,712.5623914930742,129041.7304144967,865,1,181.70454545454547,39,5,20,37.30434614989206,0.5980235042735043,46.69270833333334,1013.229166666668,25.980235042735078,0
963,4,1,0,43,0.023255813953488372,0.0,1.0,43,1250,800,450,0.64,17,8,9,354.7791772959184,0.45508028792912514,0.0994341777408636,0.18743050876010775,127262.39753266776,641.0448957191929,127903.44242838696,866,0,185.74418604651163,36,7,19,38.7983630952381,0.5925925925925926,47.747747747747745,1009.0090090090087,28.028028028028018,8
964,4,1,1,43,0.022727272727272728,0.022727272727272728,0.9772727272727273,44,1400,700,700,0.5,21,7,14,345.5223455180118,0.45616411205074,0.10682497446900197,0.18451311604629994,127696.68104383687,24.411349826393007,127721.09239366326,867,0,182.5,39,5,17,38.58697052458002,0.5916132478632479,47.317708333333336,1010.7291666666672,25.91613247863249,0
965,4,2,1,44,0.044444444444444446,0.022222222222222223,0.9777777777777777,45,1400,900,500,0.6428571428571429,19,9,10,338.19370353435244,0.45934343434343433,0.1267489711934151,0.18262459990855048,128144.53125000017,-332.4652777777644,127812.06597222241,868,0,179.33333333333334,40,5,19,38.31447187928671,0.59453125,46.87500000000001,1012.5000000000014,25.312500000000036,0
966,4,1,1,44,0.022222222222222223,0.022222222222222223,0.9777777777777777,45,1350,1000,350,0.7407407407407407,17,10,7,329.72060677646164,0.4599747474747475,0.1344845307842535,0.17910953564088186,128381.94580078124,-533.965386284723,127847.98041449652,869,0,179.8,39,6,17,38.28684431424951,0.5985576923076923,46.640625,1013.4374999999999,25.98557692307692,0
967,4,0,1,43,0.0,0.022727272727272728,0.9772727272727273,44,1500,1000,500,0.6666666666666666,20,10,10,332.0646952714588,0.4577277131782946,0.13886968544763167,0.1806216629226702,128434.73442925359,-270.27180989582376,128164.46261935776,870,1,184.70454545454547,39,5,17,38.17364179769122,0.5990918803418803,46.58854166666667,1013.6458333333343,25.99091880341883,0
968,4,2,2,43,0.044444444444444446,0.044444444444444446,0.9555555555555556,45,750,300,450,0.4,12,3,9,331.2213421658064,0.4591119528619529,0.15034694422204464,0.18224469443396135,128891.61544054466,-461.66922797276294,128429.9462125719,871,0,176.15555555555557,40,5,19,37.72976714705099,0.6020833333333333,46.13821138211382,1015.4471544715448,25.38617886178862,0
969,4,0,0,43,0.0,0.0,1.0,43,950,500,450,0.5263157894736842,14,5,9,343.46159660779597,0.45657991878922116,0.15930065456212095,0.18818913802886134,128725.26584201408,242.43706597224156,128967.70290798633,872,1,184.6046511627907,39,4,20,37.588534181892825,0.6020299145299146,46.30208333333334,1014.7916666666682,26.020299145299184,0
970,4,0,2,41,0.0,0.046511627906976744,0.9534883720930233,43,1400,1000,400,0.7142857142857143,18,10,8,347.29783037475363,0.45535714285714285,0.1693977340488968,0.1913081269013472,128936.76757812499,355.8919270833325,129292.65950520831,873,2,185.6046511627907,39,4,20,37.27564102564103,0.6041666666666667,46.09375,1015.6249999999999,26.041666666666664,0
971,4,1,1,41,0.023809523809523808,0.023809523809523808,0.9761904761904762,42,1500,1000,500,0.6666666666666666,20,10,10,355.8857188348978,0.45494579945799457,0.18356617094787486,0.1965431583112585,129038.51290269532,784.5927843523712,129823.10568704769,874,0,190.4047619047619,38,4,21,36.9538643533123,0.606907894736842,45.99358974358973,1016.0256410256388,26.73751686909576,0
972,4,0,0,41,0.0,0.0,1.0,41,1350,1000,350,0.7407407407407407,17,10,7,359.914121086958,0.4536839430894309,0.1777319283766856,0.19902649607600972,129089.93632656184,1092.2581948291588,130182.19452139101,875,1,195.21951219512195,37,4,21,36.799111638613155,0.6092342342342343,45.94298245614034,1016.2280701754371,27.465623518255057,0
973,4,0,0,41,0.0,0.0,1.0,41,900,700,200,0.7777777777777778,11,7,4,359.8288712809368,0.45350609756097565,0.1754803202222508,0.19940068533446256,129173.52123970813,1096.0724694136381,130269.59370912178,876,2,196.21951219512195,37,4,22,36.71608150864703,0.6100788288288288,45.860745614035075,1016.5570175438577,27.47451398767183,0
974,4,0,1,40,0.0,0.024390243902439025,0.975609756097561,41,1250,900,350,0.72,16,9,7,358.6696718266667,0.4530233739837399,0.17009891537240396,0.1994929794944774,129319.08543381332,1076.5727981591572,130395.65823197248,877,3,197.21951219512195,35,6,22,36.597253830981636,0.6154761904761905,45.71759259259259,1017.1296296296287,29.06084656084653,0
975,4,2,1,41,0.047619047619047616,0.023809523809523808,0.9761904761904762,42,1450,1000,450,0.6896551724137931,19,10,9,350.7480235646041,0.4544134727061557,0.176500920810313,0.19765066085053973,129831.8483179126,707.6528386494716,130539.50115656208,878,0,192.88095238095238,36,6,22,36.277394106814,0.6186342592592593,45.21396396396397,1019.144144144145,28.309559559559585,0
976,4,0,0,41,0.0,0.0,1.0,41,1000,600,400,0.6,14,6,8,356.5067837874138,0.4537093495934959,0.1476148720726962,0.19055876680534037,127734.7032000167,908.370983204749,128643.07418322144,879,1,198.58536585365854,35,6,18,38.27045645370581,0.5994047619047619,47.28009259259257,1010.8796296296259,28.882275132275026,8
977,4,0,0,41,0.0,0.0,1.0,41,1350,1000,350,0.7407407407407407,17,10,7,353.92985212142827,0.4537093495934959,0.15230364709231958,0.1897324569225172,127851.72994898784,850.1087748627738,128701.83872385061,880,2,199.58536585365854,35,6,18,38.21574349584192,0.6005952380952381,47.164351851851826,1011.3425925925885,28.89550264550253,0
978,4,2,2,41,0.046511627906976744,0.046511627906976744,0.9534883720930233,43,1500,1100,400,0.7333333333333333,19,11,8,340.4767275383497,0.4561646363971945,0.17347580138277796,0.1859155684610227,128588.99493113218,156.31203831942764,128745.30696945162,881,0,191.25581395348837,37,6,20,37.80315315315314,0.6041666666666667,46.4364035087719,1014.2543859649084,27.41228070175428,0
979,4,0,0,41,0.0,0.0,1.0,41,1150,800,350,0.6956521739130435,15,8,7,354.1377369112406,0.4537347560975609,0.19144670898763771,0.19292578204866062,128496.33487654298,901.0802469135535,129397.41512345654,882,1,200.97560975609755,35,6,20,37.55136986301371,0.6071428571428572,46.527777777777764,1013.8888888888871,28.96825396825392,0
980,4,1,1,41,0.023809523809523808,0.023809523809523808,0.9761904761904762,42,1400,1100,300,0.7857142857142857,17,11,6,348.63623870547485,0.4559862562911343,0.19439073610362745,0.1913889802491562,128800.98637488818,580.9382862592055,129381.92466114738,883,0,197.16666666666666,36,6,22,37.38004770357221,0.6082175925925926,46.227477477477464,1015.0900900900882,28.196946946946895,0
981,4,1,0,42,0.023809523809523808,0.0,1.0,42,850,500,350,0.5882352941176471,12,5,7,346.8767606398364,0.45403842431281455,0.2043459441198059,0.19138686591632773,129001.10995708525,549.4974281713974,129550.60738525665,884,0,197.92857142857142,36,6,23,37.22079037800689,0.6102430555555556,46.030405405405396,1015.8783783783766,28.218843843843796,0
982,4,0,1,41,0.0,0.023809523809523808,0.9761904761904762,42,1300,900,400,0.6923076923076923,17,9,8,349.990316219182,0.45449816105303914,0.20202347975201196,0.1936641694591119,129115.53603857226,637.8374573898132,129753.37349596208,885,1,198.92857142857142,36,6,23,37.02516158818098,0.611400462962963,45.91779279279279,1016.3288288288281,28.231356356356336,0
983,4,1,0,42,0.023809523809523808,0.0,1.0,42,750,700,50,0.9333333333333333,8,7,1,352.02140451191616,0.45345770421989934,0.20895755305867647,0.19581190625975342,129322.44897959186,704.9110921456504,130027.36007173751,886,0,199.45238095238096,34,8,24,36.76288428526841,0.6176470588235294,45.714285714285715,1017.1428571428573,29.91596638655463,0
984,4,0,1,41,0.0,0.023809523809523808,0.9761904761904762,42,1550,1400,150,0.9032258064516129,17,14,3,354.26441647778427,0.4531794425087108,0.21276970139960438,0.19807727545595138,129525.18332315248,777.2326978309358,130302.41602098342,887,1,200.45238095238096,35,7,18,36.49954993367442,0.6175595238095238,45.5150462962963,1017.9398148148152,29.08399470899472,0
985,4,1,1,41,0.023809523809523808,0.023809523809523808,0.9761904761904762,42,1450,1100,350,0.7586206896551724,18,11,7,345.9523370203842,0.45301006581494385,0.21271144585751367,0.18969993077373654,128755.86718990443,508.6786318867194,129264.54582179115,888,0,198.88095238095238,37,5,14,37.49414794007492,0.6058558558558558,46.2719298245614,1014.9122807017532,27.430061640587923,8
986,4,2,1,42,0.046511627906976744,0.023255813953488372,0.9767441860465116,43,900,400,500,0.4444444444444444,14,4,10,337.832747762819,0.45586471022517533,0.21365423357521474,0.18682936608836817,129092.79348381904,122.35462780333778,129215.14811162237,889,0,195.11627906976744,38,5,17,37.35719792542754,0.6074561403508771,45.94017094017094,1016.2393162393155,26.743139901034617,0
987,4,4,6,40,0.08695652173913043,0.13043478260869565,0.8695652173913043,46,950,700,250,0.7368421052631579,12,7,5,320.1149075154774,0.45735708534621583,0.22814137731212214,0.18109307288671375,129984.23450688132,-878.0217584719228,129106.2127484094,890,0,183.17391304347825,41,5,16,36.903618218374035,0.6115345528455285,45.06448412698412,1019.7420634920624,24.871757646147863,0
988,4,1,0,41,0.024390243902439025,0.0,1.0,41,1450,1100,350,0.7586206896551724,18,11,7,355.5916891634481,0.4524390243902439,0.25088419358844893,0.19805273242309435,129373.18019032551,1000.8055352649983,130373.98572559051,891,0,205.65853658536585,36,5,19,36.6204523651391,0.6140046296296297,45.664414414414416,1017.3423423423427,28.25950950950952,0
989,4,0,1,40,0.0,0.024390243902439025,0.975609756097561,41,1350,900,450,0.6666666666666666,18,9,9,351.16538021143657,0.4525152439024391,0.24195402609038252,0.19615776924295195,129487.77113261909,894.3244765035292,130382.09560912263,892,1,206.65853658536585,36,5,16,36.61646197536329,0.615162037037037,45.5518018018018,1017.7927927927926,28.272022022022018,0
990,4,0,0,40,0.0,0.0,1.0,40,1100,800,300,0.7272727272727273,14,8,6,359.34092275041326,0.4503071581196581,0.2488507055075102,0.19986633095763495,129319.08543381348,1293.9278978052175,130613.0133316187,893,3,212.8,35,5,19,36.580185100895164,0.6154761904761905,45.717592592592595,1017.12962962963,29.06084656084657,0
991,4,0,0,40,0.0,0.0,1.0,40,1200,1000,200,0.8333333333333334,14,10,4,356.39977115435414,0.44997329059829055,0.24442675159235705,0.19882403477088081,129436.83556241429,1226.2517146776463,130663.08727709194,894,4,213.8,35,5,17,36.53510767364272,0.6166666666666667,45.601851851851855,1017.5925925925927,29.074074074074076,0
992,4,0,1,39,0.0,0.025,0.975,40,1650,1100,550,0.6666666666666666,22,11,11,354.69259525821644,0.4501469017094017,0.24509207684437917,0.19861430684191797,129584.09857521013,1192.5040455675685,130776.60262077769,895,5,214.8,35,5,17,36.42873043840704,0.6181547619047619,45.45717592592593,1018.1712962962969,29.090608465608483,0
993,4,0,0,39,0.0,0.0,1.0,39,1100,700,400,0.6363636363636364,15,7,8,361.77785289815546,0.44925213675213677,0.24614685235210332,0.20288612668265588,129643.02722318674,1580.3952064043233,131223.42242959107,896,6,219.69230769230768,35,4,17,36.1884162973065,0.61875,45.39930555555556,1018.4027777777778,29.097222222222225,0
994,4,0,0,39,0.0,0.0,1.0,39,1150,800,350,0.6956521739130435,15,8,7,379.2519453167194,0.44975820962663066,0.21847674565961195,0.20372206266128223,127933.68055555572,1905.2963445216255,129838.97690007735,897,7,220.69230769230768,34,5,19,37.49141954969797,0.6035539215686274,47.08333333333334,1011.666666666668,29.754901960784352,8
995,4,2,0,41,0.04878048780487805,0.0,1.0,41,1050,600,450,0.5714285714285714,15,6,9,358.741161875374,0.4507113821138211,0.21921166300331718,0.19614658771495053,128641.3353638026,1030.3092560553887,129671.644619858,898,0,210.8780487804878,33,8,16,37.28658291052589,0.6130050505050505,46.38480392156864,1014.4607843137273,30.741235888294767,0
996,4,2,1,42,0.046511627906976744,0.023255813953488372,0.9767441860465116,43,1300,1000,300,0.7692307692307693,16,10,6,343.1454440794428,0.4530500184569952,0.22458471760797316,0.19043163147428338,129230.80800165044,268.9926000943166,129499.80060174476,899,0,202.02325581395348,35,8,18,37.081791880098656,0.6145833333333333,45.80439814814815,1016.782407407408,29.05092592592594,0
997,4,2,3,41,0.045454545454545456,0.06818181818181818,0.9318181818181819,44,950,500,450,0.5263157894736842,14,5,9,337.1398031035168,0.4524643234672305,0.22872254887180254,0.18928799001063382,129688.42734203806,-55.373828220104485,129633.05351381795,900,0,198.1818181818182,36,8,17,36.76962410171366,0.6171875,45.35472972972973,1018.5810810810817,28.293918918918937,0
998,4,0,0,41,0.0,0.0,1.0,41,1350,800,550,0.5925925925925926,19,8,11,361.80229351139485,0.44870426829268295,0.24968557155451032,0.20127071287832296,129326.0104286813,1158.0894367550932,130484.0998654364,901,1,213.1951219512195,33,8,20,36.51054216867469,0.619949494949495,45.71078431372549,1017.1568627450982,30.822935234699948,0
999,4,0,0,41,0.0,0.0,1.0,41,1000,600,400,0.6,14,6,8,368.6850546292893,0.44811991869918694,0.2536655857888057,0.2057500466157003,129450.69204152256,1345.3070934256152,130795.99913494817,902,2,214.1951219512195,33,8,17,36.20845375722545,0.6212121212121212,45.58823529411765,1017.64705882353,30.83778966131909,0
1000,4,0,0,41,0.0,0.0,1.0,41,1450,900,550,0.6206896551724138,20,9,11,374.2538836359673,0.44705284552845526,0.2642970716452411,0.2105241399559832,129762.65889321407,1512.8358083429293,131275.494701557,903,3,215.1951219512195,33,8,18,35.74893753508137,0.6243686868686869,45.28186274509803,1018.8725490196073,30.874925727866888,0
1001,4,1,0,42,0.023809523809523808,0.0,1.0,42,700,500,200,0.7142857142857143,9,5,4,365.9439573697662,0.44769889663182344,0.26914956858954087,0.2078532576949147,130141.08737244885,1124.8689058956743,131265.95627834453,904,0,211.04761904761904,34,8,19,35.575876016023024,0.6259191176470589,44.91071428571428,1020.3571428571418,30.01050420168064,0
1002,4,0,1,41,0.0,0.023809523809523808,0.9761904761904762,42,1200,500,700,0.4166666666666667,19,5,14,365.83201318803293,0.447432733255904,0.2709697666538915,0.20811399131128092,130201.83000283432,1126.3995181405714,131328.22952097488,905,1,212.04761904761904,34,8,20,35.51703021112795,0.626531862745098,44.85119047619047,1020.5952380952369,30.017507002801086,0
1003,4,1,1,41,0.023809523809523808,0.023809523809523808,0.9761904761904762,42,1500,900,600,0.6,21,9,12,367.01254593604443,0.4477593883081688,0.269510273820619,0.21059062127774084,130536.16780045332,1181.6822562358018,131717.85005668912,906,0,211.52380952380952,34,8,17,35.14751281453867,0.6299019607843137,44.52380952380951,1021.9047619047603,30.05602240896354,0
1004,4,0,1,40,0.0,0.024390243902439025,0.975609756097561,41,1300,900,400,0.6923076923076923,17,9,8,366.07471265127606,0.44695121951219513,0.25477893234938054,0.21060656916806528,130638.1635068244,1364.6656334102377,132002.82914023465,907,1,199.2439024390244,33,8,17,35.06802924958042,0.6332070707070707,44.42401960784314,1022.3039215686283,30.978906714200857,0
1005,4,0,0,40,0.0,0.0,1.0,40,1050,700,350,0.6666666666666666,14,7,7,396.5136471129821,0.4461004273504274,0.2052384393063582,0.22128019661466428,129450.69204152258,2265.793204536726,131716.4852460593,908,2,204.8,33,7,17,35.50046162491973,0.6212121212121212,45.58823529411765,1017.6470588235301,30.837789661319093,8
1006,4,1,0,41,0.024390243902439025,0.0,1.0,41,1050,500,550,0.47619047619047616,16,5,11,384.1856667944507,0.44720528455284553,0.2023657881163461,0.21618968587072346,129776.9292091837,1771.6872165532943,131548.61642573698,909,0,200.78048780487805,34,7,18,35.48141332710209,0.6222426470588236,45.267857142857146,1018.9285714285716,29.968487394957986,0
1007,4,0,1,40,0.0,0.024390243902439025,0.975609756097561,41,1250,1100,150,0.88,14,11,3,383.50820957167946,0.4469258130081301,0.2016909657533854,0.216310756940232,129867.9209183674,1761.0827664399128,131629.0036848073,910,1,201.78048780487805,34,7,18,35.40596044537878,0.6231617647058824,45.17857142857143,1019.2857142857148,29.97899159663867,0
1008,4,0,1,39,0.0,0.025,0.975,40,1500,1100,400,0.7333333333333333,19,11,8,389.09124695513,0.4453125,0.2201424792593487,0.219394705147513,129856.32216274994,2105.1916630622927,131961.51382581223,911,2,207.575,33,7,19,35.27551500941847,0.6253156565656566,45.18995098039216,1019.2401960784317,30.886066547831263,0
1009,4,0,1,38,0.0,0.02564102564102564,0.9743589743589743,39,1050,800,250,0.7619047619047619,13,8,5,397.7956995261048,0.44368533513270353,0.23693412991071794,0.22441681916661402,129876.19447314057,2532.8383264462827,132409.03279958686,912,3,213.5897435897436,32,7,19,35.03344481605348,0.6279296875,45.17045454545455,1019.3181818181824,31.8536931818182,0
1010,4,0,0,38,0.0,0.0,1.0,38,1350,1100,250,0.8148148148148148,16,11,5,404.95018034576606,0.4431602655286866,0.2358833887693208,0.22789037345818255,129779.68606519766,2910.8614554637575,132690.5475206614,913,4,218.1578947368421,32,6,19,34.949659231722435,0.626953125,45.26515151515153,1018.9393939393958,31.84185606060612,0
1011,4,0,0,38,0.0,0.0,1.0,38,1550,1400,150,0.9032258064516129,17,14,3,404.14522940818284,0.44290836889521096,0.24128185569833138,0.2279989124397111,129876.19447314074,2897.768882001867,132773.96335514262,914,5,219.1578947368421,32,6,22,34.87164003468351,0.6279296875,45.17045454545456,1019.3181818181838,31.853693181818244,0
1012,4,1,0,39,0.02564102564102564,0.0,1.0,39,700,400,300,0.5714285714285714,10,4,6,393.61337698192585,0.4445569050832208,0.23998546587714342,0.2237282314080886,130168.77710796341,2447.2343870146224,132616.01149497804,915,0,214.51282051282053,33,6,23,34.84185480965534,0.6284722222222222,44.883578431372555,1020.4656862745107,30.923202614379115,0
1013,4,0,0,39,0.0,0.0,1.0,39,1250,800,450,0.64,17,8,9,392.8382157992507,0.4438821412505623,0.23802684270101127,0.2241977876618592,130327.04132550265,2439.522268031114,132766.56359353376,916,1,215.51282051282053,32,7,24,34.70049668191749,0.6324869791666667,44.728535353535364,1021.0858585858598,31.90893308080812,0
1014,4,0,0,39,0.0,0.0,1.0,39,1250,900,350,0.72,16,9,7,391.65692996952777,0.44298245614035087,0.2302344023753755,0.22532428343488284,130638.16350682429,2433.0684111880005,133071.2319180123,917,2,216.51282051282053,33,6,18,34.414209222408694,0.6332070707070707,44.424019607843135,1022.3039215686274,30.978906714200832,0
1015,4,0,0,39,0.0,0.0,1.0,39,1300,900,400,0.6923076923076923,17,9,8,389.41066269307595,0.4427294197031039,0.22863042997271177,0.22439520507672817,130700.8121876201,2379.2579777008777,133080.07016532097,918,3,217.51282051282053,33,6,19,34.40795781399808,0.6338383838383839,44.36274509803921,1022.5490196078429,30.98633392751039,0
1016,4,0,1,38,0.0,0.02564102564102564,0.9743589743589743,39,1350,900,450,0.6666666666666666,18,9,9,385.759546774714,0.4424201529464687,0.22152617841240585,0.2233767139784231,130888.84833958095,2298.324562668205,133187.17290224915,919,4,218.51282051282053,33,6,20,34.31037924151697,0.6357323232323233,44.17892156862745,1023.2843137254904,31.008615567439104,0
1017,4,0,0,38,0.0,0.0,1.0,38,850,400,450,0.47058823529411764,13,4,9,391.42386831275724,0.4397226173541963,0.2275048732943472,0.22582146248812926,130746.38429752077,2635.4511019283927,133381.83539944916,920,11,225.1578947368421,32,6,20,34.3101851851852,0.63671875,44.31818181818183,1022.7272727272735,31.9602272727273,0
1018,4,1,0,39,0.02564102564102564,0.0,1.0,39,1150,700,450,0.6086956521739131,16,7,9,381.49799835906487,0.4394680611785875,0.21926651386984042,0.22217273674471824,131108.39468293454,2203.518027921961,133311.9127108565,921,0,220.35897435897436,33,6,21,34.19675621235691,0.6379419191919191,43.96446078431373,1024.1421568627457,31.034610814022596,0
1019,4,1,1,39,0.025,0.025,0.975,40,650,300,350,0.46153846153846156,10,3,7,372.4402970049018,0.44133279914529916,0.21818670810423146,0.21850178995392766,131390.9388816801,1787.2400338811963,133178.1789155613,922,0,215.825,33,7,22,34.14266076978245,0.6407828282828283,43.68872549019608,1025.2450980392155,31.06803327391562,0
1020,4,2,2,39,0.04878048780487805,0.04878048780487805,0.9512195121951219,41,1400,1000,400,0.7142857142857143,18,10,8,364.2451298701297,0.4429115853658536,0.21333544504276158,0.21574519230769235,131755.55555555562,1398.263888888893,133153.81944444453,923,0,211.1951219512195,34,7,17,33.984375,0.642156862745098,43.333333333333336,1026.6666666666672,30.196078431372566,0
1021,4,0,0,39,0.0,0.0,1.0,39,950,700,250,0.7368421052631579,12,7,5,383.6300650490027,0.43929937022042287,0.22974636788968272,0.22545900060260476,131457.57607642066,2286.2156922762906,133743.79176869694,924,1,223.0,32,7,24,33.78837314290406,0.6438802083333333,43.62373737373737,1025.5050505050497,32.0470328282828,0
1022,4,0,0,39,0.0,0.0,1.0,39,950,600,350,0.631578947368421,13,6,7,383.3951347982297,0.4390182186234817,0.22414282739165858,0.2260862747003205,131587.09092184482,2289.9700923375303,133877.06101418234,925,2,224.0,32,7,17,33.66329272294692,0.6451822916666667,43.497474747474755,1026.010101010102,32.06281565656569,0
1023,4,0,1,38,0.0,0.02564102564102564,0.9743589743589743,39,1050,800,250,0.7619047619047619,13,8,5,373.5464434493188,0.4387089518668466,0.15024530764729715,0.20794490939898563,129352.72285997734,1877.257347880996,131229.98020785835,926,3,225.0,34,5,20,36.18465964501658,0.617953431372549,45.68452380952381,1017.2619047619048,29.919467787114847,8
1024,4,1,0,39,0.02564102564102564,0.0,1.0,39,900,600,300,0.6666666666666666,12,6,6,365.7980687601672,0.4382591093117409,0.17083529966965538,0.2056037420962321,129731.44531250015,1691.1024305555698,131422.5477430557,927,0,225.84615384615384,35,4,18,35.99608043626447,0.6196428571428572,45.31250000000001,1018.7500000000011,29.10714285714289,0
1025,4,1,1,39,0.025,0.025,0.975,40,650,400,250,0.6153846153846154,9,4,5,358.83343323148586,0.43987713675213674,0.18240066225165563,0.2036986782629866,130118.92804967143,1338.2043360928697,131457.1323857643,928,0,221.175,36,4,20,35.77975533480503,0.6215277777777778,44.93243243243244,1020.2702702702715,28.340840840840873,0
1026,4,0,0,39,0.0,0.0,1.0,39,1100,900,200,0.8181818181818182,13,9,4,366.1886393106088,0.4378092667566352,0.18713409453309593,0.2073813810800182,130026.38996056234,1722.8373628257827,131749.22732338813,929,1,227.71794871794873,35,4,20,35.68618550461492,0.6226190476190476,45.023148148148145,1019.9074074074068,29.140211640211625,0
1027,4,0,1,38,0.0,0.02564102564102564,0.9743589743589743,39,1500,1200,300,0.8,18,12,6,365.68116861251815,0.43741565452091763,0.1912429065573571,0.2086887326629792,130325.14537677792,1731.9189616054252,132057.06433838335,930,2,228.71794871794873,33,6,21,35.39566330612897,0.630050505050505,44.73039215686273,1021.078431372547,30.94177064765294,0
1028,4,0,1,37,0.0,0.02631578947368421,0.9736842105263158,38,1250,700,550,0.56,18,7,11,368.0053437085019,0.43726292081555235,0.16931398643427453,0.21082922961991718,130475.34722222204,2003.124999999976,132478.47222222202,931,3,228.68421052631578,34,4,22,35.183863512778665,0.6292892156862745,44.58333333333332,1021.6666666666652,30.049019607843093,0
1029,4,0,0,37,0.0,0.0,1.0,37,850,600,250,0.7058823529411765,11,6,5,369.8295024388623,0.43649899899899897,0.15404465278520751,0.21190849222218497,130481.6075097316,2251.189596549377,132732.79710628098,932,4,230.59459459459458,33,4,22,35.13091739634561,0.6316287878787878,44.57720588235293,1021.6911764705864,30.96033868092686,0
1030,4,0,0,37,0.0,0.0,1.0,37,1000,800,200,0.8,12,8,4,370.9413010429659,0.4355292792792793,0.1620455406863175,0.21357924600424152,130669.48596993917,2294.141826460943,132963.6277964001,933,5,231.59459459459458,33,4,20,34.911877222421985,0.6335227272727273,44.39338235294116,1022.4264705882331,30.98262032085555,0
1031,4,0,0,37,0.0,0.0,1.0,37,1100,700,400,0.6363636363636364,15,7,8,369.4860224167143,0.435279029029029,0.15937653857116985,0.21291376871858142,130700.81218761987,2258.424644367516,132959.2368319874,934,6,232.59459459459458,33,4,20,34.91730584851389,0.6338383838383839,44.3627450980392,1022.5490196078409,30.98633392751033,0
1032,4,3,2,38,0.075,0.05,0.95,40,1300,900,400,0.6923076923076923,17,9,8,345.270426962818,0.43664529914529915,0.1500761421319794,0.20364752728046426,131595.1877170137,1088.6871560817704,132683.87487309548,935,0,216.075,35,5,18,34.63303722504229,0.6383928571428572,43.48958333333332,1026.0416666666652,29.315476190476147,0
1033,4,0,1,37,0.0,0.02631578947368421,0.9736842105263158,38,1150,700,450,0.6086956521739131,16,7,9,362.6154580700748,0.4361219772403983,0.15433441925566438,0.21255831922678092,131358.63272392278,1926.5341553287835,133285.16687925157,936,1,228.44736842105263,34,4,22,34.42713776951961,0.6381740196078431,43.72023809523809,1025.1190476190466,30.150560224089606,0
1034,4,0,0,37,0.0,0.0,1.0,37,1000,800,200,0.8,12,8,4,352.3636415513118,0.43674924924924924,0.08301796156416197,0.1943869064673704,128995.5488709919,1690.6682688185801,130686.21713981048,937,2,233.75675675675674,35,2,19,37.087107401921685,0.6122023809523809,46.035879629629626,1015.8564814814811,29.024470899470888,8
1035,4,0,0,37,0.0,0.0,1.0,37,900,600,300,0.6666666666666666,12,6,6,351.52496186384354,0.4368430930930931,0.08450678214942031,0.19450161878553318,129113.15164448306,1677.299141589514,130790.45078607257,938,3,234.75675675675674,35,2,19,36.988597540143495,0.6133928571428571,45.92013888888889,1016.3194444444447,29.03769841269842,0
1036,4,0,0,37,0.0,0.0,1.0,37,1250,700,550,0.56,18,7,11,350.0077041163434,0.4356231231231231,0.08422537706245592,0.19469178541471605,129322.44897959183,1652.8008324278815,130975.24981201971,939,4,235.75675675675674,34,3,20,36.81408980961298,0.6176470588235294,45.714285714285715,1017.1428571428571,29.915966386554622,0
1037,4,0,0,37,0.0,0.0,1.0,37,1250,1100,150,0.88,14,11,3,332.81715618392417,0.4353728728728729,0.04434567778619236,0.17458866241262708,126975.3354338134,1051.9140089163184,128027.2494427297,940,5,236.75675675675674,35,2,17,39.64649364568981,0.5916666666666667,48.032407407407405,1007.8703703703699,28.796296296296283,8
1038,4,0,0,37,0.0,0.0,1.0,37,1050,800,250,0.7619047619047619,13,8,5,332.91266883809334,0.4351851851851852,0.049536103267446396,0.17488958658502962,127033.66796339156,1058.2234867969694,128091.89145018853,941,6,237.75675675675674,35,2,17,39.58429008802142,0.5922619047619048,47.97453703703703,1008.1018518518513,28.802910052910036,0
1039,4,0,1,36,0.0,0.02702702702702703,0.972972972972973,37,1200,700,500,0.5833333333333334,17,7,10,364.85542279820004,0.43531031031031026,0.09424489184193408,0.1844736296577814,125463.39163237304,1755.199759945119,127218.59139231815,942,7,238.75675675675674,35,2,19,40.398760012322846,0.5761904761904761,49.53703703703703,1001.8518518518513,28.62433862433861,8
1040,4,3,0,39,0.07692307692307693,0.0,1.0,39,1350,900,450,0.6666666666666666,18,9,9,350.6130446724829,0.4455690508322087,0.1348121592351934,0.18090011773101639,126298.39932838248,1057.7128570637747,127356.11218544625,943,0,226.46153846153845,36,3,17,39.89422286951976,0.5827546296296297,48.70495495495496,1005.1801801801805,27.92167167167168,0
1041,4,3,0,42,0.07142857142857142,0.0,1.0,42,1500,1200,300,0.8,18,12,6,329.97662090450905,0.4509291521486643,0.1419938908318208,0.17370873664907843,127118.27392578125,-10.788302951388573,127107.48562282986,944,0,211.21428571428572,39,3,22,39.57160503391523,0.5857371794871795,47.890625,1008.4375,25.857371794871796,0
1042,4,3,2,43,0.06666666666666667,0.044444444444444446,0.9555555555555556,45,750,400,350,0.5333333333333333,11,4,7,314.1957247520608,0.4531986531986532,0.1582140422631222,0.16791443650683896,127727.90096748988,-973.6879168920161,126754.21305059787,945,0,198.06666666666666,42,3,15,39.34668168456032,0.5873015873015873,47.286821705426355,1010.8527131782942,24.06792174234034,0
1043,4,3,0,46,0.06521739130434782,0.0,1.0,46,1050,800,250,0.7619047619047619,13,8,5,313.164957538856,0.4540257648953301,0.19034122179416646,0.16945227154499765,128225.67389875092,-1165.4505132800805,127060.22338547083,946,0,194.67391304347825,38,8,18,38.86537447257386,0.5986842105263157,46.7948717948718,1012.8205128205136,26.653171390013515,0
1044,4,2,4,44,0.041666666666666664,0.08333333333333333,0.9166666666666666,48,1250,800,450,0.64,17,8,9,299.7786140829886,0.45544289302600477,0.19473894208846287,0.16476553901854507,128848.62075617304,-1874.7878086419569,126973.83294753109,947,0,187.52083333333334,41,7,16,38.571591427268565,0.6001016260162602,46.180555555555564,1015.2777777777794,24.762872628726328,0
1045,4,3,3,44,0.06382978723404255,0.06382978723404255,0.9361702127659575,47,1900,1400,500,0.7368421052631579,24,14,10,323.95422055217296,0.45675300647548567,0.22101771701318662,0.17621009056418113,128434.73442925372,-983.1190321180297,127451.61539713568,948,0,189.17021276595744,39,8,13,38.37917052033023,0.5990918803418803,46.58854166666668,1013.6458333333353,25.990918803418854,8
1046,4,1,3,42,0.022222222222222223,0.06666666666666667,0.9333333333333333,45,1250,700,550,0.56,18,7,11,333.09135437739064,0.4548400673400674,0.23423852284611746,0.18099725975956646,128394.4473900625,-446.58392486147704,127947.86346520102,949,0,198.44444444444446,37,8,13,38.18869685167153,0.6021959459459459,46.62828947368422,1013.4868421052646,27.39153627311526,0
1047,4,2,1,43,0.045454545454545456,0.022727272727272728,0.9772727272727273,44,1150,800,350,0.6956521739130435,15,8,7,339.2758867122856,0.45211196264975334,0.25277611265612565,0.18538932238484082,128616.79945993001,-72.68426342720238,128544.11519650281,950,0,203.27272727272728,37,7,15,37.80525979173423,0.6044481981981982,46.40899122807018,1014.3640350877197,27.415244191559992,0
1048,4,0,0,43,0.0,0.0,1.0,43,1650,1300,350,0.7878787878787878,20,13,7,346.7879443361119,0.4503506829088224,0.25503445783754475,0.18982742275020476,128686.6997910073,325.39921678436053,129012.09900779165,951,1,208.90697674418604,36,7,16,37.543470218275985,0.6070601851851851,46.340090090090094,1014.6396396396402,28.18443443443445,0
1049,4,1,1,43,0.022727272727272728,0.022727272727272728,0.9772727272727273,44,1550,1100,450,0.7096774193548387,20,11,9,341.76176510174446,0.450702519379845,0.24685065635853487,0.18872255753472972,129034.22807979373,19.793109418275037,129054.021189212,952,0,205.13636363636363,37,7,17,37.31698323620405,0.6086711711711712,45.997807017543856,1016.0087719298241,27.459696538643893,0
1050,4,1,0,44,0.022727272727272728,0.0,1.0,44,1250,600,650,0.48,19,6,13,340.29830690674567,0.4500198202959831,0.24646050670640895,0.18871087928464955,129201.38888888869,-6.5972222222467,129194.79166666644,953,0,205.9318181818182,37,7,19,37.18408469945354,0.6103603603603603,45.83333333333332,1016.666666666665,27.477477477477432,0
1051,4,0,0,44,0.0,0.0,1.0,44,1300,700,600,0.5384615384615384,19,7,12,341.7610260162968,0.44978858350951373,0.24492010306753298,0.1904624961204332,129396.54659366322,44.53930536316474,129441.0858990264,954,1,206.9318181818182,37,7,20,36.94846337608219,0.6123310810810811,45.64144736842104,1017.4342105263141,27.498221906116598,0
1052,4,0,0,44,0.0,0.0,1.0,44,1400,600,800,0.42857142857142855,22,6,16,341.43048103773486,0.4490177942212826,0.2395421252594887,0.19095425216592354,129536.03512619267,45.51015697137575,129581.54528316404,955,2,207.9318181818182,37,7,15,36.8151299727129,0.6137387387387387,45.50438596491228,1017.9824561403508,27.513039355144617,0
1053,4,1,1,44,0.022222222222222223,0.022222222222222223,0.9777777777777777,45,1100,700,400,0.6363636363636364,15,7,8,334.71591995571816,0.45023148148148145,0.24326087463013435,0.18846047488415812,129799.47973738034,-310.8095459858308,129488.67019139451,956,0,204.2888888888889,38,7,16,36.718695393863136,0.6145833333333333,45.245726495726494,1019.0170940170938,26.816239316239308,0
1054,4,0,1,43,0.0,0.022727272727272728,0.9772727272727273,44,1350,900,450,0.6666666666666666,18,9,9,338.9970031096279,0.44877554615926707,0.2409169169365013,0.19081157782542535,129787.30384589493,-0.4985909125842909,129786.80525498235,957,1,209.86363636363637,37,7,16,36.62198697944689,0.6162725225225225,45.25767543859649,1018.9692982456144,27.539710763394982,0
1055,4,1,1,43,0.022727272727272728,0.022727272727272728,0.9772727272727273,44,1350,1000,350,0.7407407407407407,17,10,7,337.5925279718464,0.44919397463002114,0.24114441416893762,0.1906099350241039,129908.37191358018,-28.78086419753805,129879.59104938264,958,0,210.72727272727272,38,6,17,36.53496821071753,0.6156798245614035,45.138888888888886,1019.4444444444439,26.827485380116944,0
1056,4,1,2,42,0.022727272727272728,0.045454545454545456,0.9545454545454546,44,950,700,250,0.7368421052631579,12,7,5,343.6850630434744,0.449458245243129,0.25604220983119896,0.19568337856480064,130235.32238476147,151.98699685879103,130387.30938162026,959,0,211.02272727272728,38,6,18,36.048164817528445,0.6189692982456141,44.81837606837607,1020.7264957264956,26.861223571749886,0
1057,4,0,0,42,0.0,0.0,1.0,42,1400,1200,200,0.8571428571428571,16,12,4,354.3336005363084,0.4482917150600077,0.26628726970814753,0.20144109711794425,130176.38204082474,825.173230663106,131001.55527148784,960,1,220.16666666666666,36,6,19,35.83623004487603,0.6221064814814814,44.87612612612613,1020.4954954954966,28.347097097097127,0
1058,4,0,1,41,0.0,0.023809523809523808,0.9761904761904762,42,1200,900,300,0.75,15,9,6,353.83235436156656,0.4480376500193573,0.26887406135790703,0.20175534568994022,130292.12648158851,820.3425071522515,131112.46898874076,961,2,221.16666666666666,35,7,19,35.731611117409216,0.625297619047619,44.762731481481474,1020.9490740740729,29.169973544973512,0
1059,4,0,0,41,0.0,0.0,1.0,41,1250,1100,150,0.88,14,11,3,354.546941539969,0.4474339430894309,0.25951396413329486,0.20262449560548465,130380.76560356638,1045.2203360767985,131425.98593964317,962,3,222.5121951219512,35,6,19,35.62348896947717,0.6261904761904762,44.67592592592592,1021.2962962962952,29.17989417989415,0
1060,4,0,0,41,0.0,0.0,1.0,41,1200,1000,200,0.8333333333333334,14,10,4,355.698229477343,0.44626524390243905,0.25228784519250147,0.20417213361839884,130550.14209733374,1087.2908804074243,131637.43297774115,963,4,223.5121951219512,36,5,15,35.422405876951316,0.6258680555555556,44.51013513513513,1021.9594594594588,28.387762762762744,0
1061,4,0,0,41,0.0,0.0,1.0,41,1450,1000,450,0.6896551724137931,19,10,9,353.93518920206265,0.445655487804878,0.24936009518668079,0.2040689176599317,130722.82745160676,1053.4817334225838,131776.30918502936,964,5,224.5121951219512,36,5,16,35.292552215247945,0.6276041666666667,44.3412162162162,1022.635135135133,28.406531531531474,0
1062,4,0,2,39,0.0,0.04878048780487805,0.9512195121951219,41,1400,1000,400,0.7142857142857143,18,10,8,352.4925251403315,0.4454776422764228,0.2501677735245327,0.20399662951751893,130866.8190995047,1025.91510429346,131892.73420379817,965,6,225.5121951219512,36,5,16,35.18370753540246,0.6290509259259259,44.20045045045044,1023.1981981981966,28.422172172172125,0
1063,4,1,1,39,0.025,0.025,0.975,40,1400,1100,300,0.7857142857142857,17,11,6,349.9580832919245,0.44535256410256413,0.21916579770594424,0.20439086594211625,131218.63928153968,1184.2046990283907,132402.84398056808,966,0,197.95,38,2,17,34.892900590893284,0.6288377192982456,43.856837606837594,1024.5726495726476,26.962438146648623,0
1064,4,0,2,37,0.0,0.05128205128205128,0.9487179487179487,39,1100,800,300,0.7272727272727273,14,8,6,355.85353901681555,0.4441351776878093,0.2257805013988765,0.20706019943165338,131075.36844269375,1528.7267476531053,132604.09519034685,967,1,203.76923076923077,37,2,17,34.8867428704001,0.629222972972973,43.99671052631578,1024.0131578947355,27.67603129445231,0
1065,4,0,0,37,0.0,0.0,1.0,37,1250,900,350,0.72,16,9,7,371.94271485319655,0.44206706706706705,0.23126723194581178,0.21551228602437475,130913.23329260954,2338.4446802125963,133251.67797282213,968,2,213.13513513513513,35,2,17,34.63912764834502,0.631547619047619,44.15509259259258,1023.3796296296281,29.239417989417944,0
1066,4,0,0,37,0.0,0.0,1.0,37,1200,1000,200,0.8333333333333334,14,10,4,370.52062064247883,0.44125375375375375,0.23001842126969296,0.21551584029086165,131061.33355034706,2312.1853298610918,133373.51888020814,969,3,214.13513513513513,35,2,17,34.525474737199055,0.6330357142857144,44.01041666666666,1023.958333333332,29.255952380952344,0
1067,4,1,0,38,0.02631578947368421,0.0,1.0,38,1100,800,300,0.7272727272727273,14,8,6,366.5850404331387,0.44052275960170695,0.23959749876779268,0.21588326999062507,131535.81700370798,2044.0838263031512,133579.90083001115,970,0,209.47368421052633,35,3,19,34.14628699838278,0.6377976190476191,43.5474537037037,1025.810185185185,29.30886243386243,0
1068,4,0,1,37,0.0,0.02631578947368421,0.9736842105263158,38,1250,1000,250,0.8,15,10,5,364.4869677890592,0.4400041488857278,0.24071216159265885,0.2153168516579339,131654.5718262389,1997.2751361025498,133651.84696234146,971,1,210.47368421052633,35,3,18,34.08013326566673,0.6389880952380953,43.43171296296297,1026.2731481481487,29.322089947089964,0
1069,4,0,0,37,0.0,0.0,1.0,37,1000,500,500,0.5,15,5,10,372.21289451472126,0.43903278278278274,0.23217604708965034,0.2202877000274839,131725.00177154198,2405.948837868486,134130.95060941047,972,2,210.94594594594594,34,3,19,33.810738722022506,0.6418504901960784,43.36309523809524,1026.5476190476193,30.19257703081233,0
1070,4,0,0,37,0.0,0.0,1.0,37,700,400,300,0.5714285714285714,10,4,6,370.68172729456774,0.4385635635635636,0.23001485139208322,0.21991063133720354,131816.67375283435,2372.406462585023,134189.08021541938,973,3,211.94594594594594,34,3,19,33.75743875106268,0.6427696078431373,43.27380952380952,1026.904761904761,30.20308123249297,0
1071,4,0,0,37,0.0,0.0,1.0,37,850,500,350,0.5882352941176471,12,5,7,372.1369267271184,0.4384071571571571,0.23551855053941284,0.22112929778247775,131877.80612244896,2415.320294784584,134293.12641723355,974,4,212.94594594594594,34,3,19,33.65834106011435,0.6433823529411764,43.214285714285715,1027.142857142857,30.210084033613445,0
1072,4,0,0,37,0.0,0.0,1.0,37,1350,800,550,0.5925925925925926,19,8,11,372.1085732204142,0.43678053053053056,0.23818119279319894,0.2218906663280092,132011.15779588904,2424.4967153206444,134435.6545112097,975,5,213.94594594594594,35,2,19,33.52444438187484,0.6425595238095239,43.08449074074074,1027.662037037037,29.361772486772484,0
1073,4,1,0,38,0.02631578947368421,0.0,1.0,38,1000,600,400,0.6,14,6,8,361.2263524189609,0.4372184684684685,0.2304661851608667,0.21744969752335086,132369.03077063555,1963.0364317019832,134332.06720233752,976,0,209.28947368421052,36,2,20,33.443450426789234,0.6440972222222222,42.73648648648649,1029.0540540540546,28.58483483483485,0
1074,4,0,0,38,0.0,0.0,1.0,38,1150,900,250,0.782608695652174,14,9,5,362.6609542702285,0.43707029397818875,0.23284508736428666,0.21903053032524702,132492.61289227675,2009.9889962541877,134502.60188853095,977,1,210.28947368421052,33,5,20,33.28212415188668,0.6518308080808081,42.61642156862744,1029.5343137254883,31.19800950683298,0
1075,4,0,0,38,0.0,0.0,1.0,38,1400,1300,100,0.9285714285714286,15,13,2,358.99276045520617,0.43653686581318163,0.22696370827101497,0.21816467893055927,132725.77649444836,1929.5185774605227,134655.29507190888,978,2,211.28947368421052,35,3,17,33.14203545621326,0.649702380952381,42.390046296296276,1030.439814814812,29.44113756613749,0
1076,4,0,0,38,0.0,0.0,1.0,38,1150,800,350,0.6956521739130435,15,8,7,359.2781199523613,0.4363738738738739,0.222984123698299,0.21879392095302458,132803.95418644976,1942.7109964694228,134746.66518291918,979,3,212.28947368421052,36,2,17,33.05610182453842,0.6484375,42.31418918918918,1030.7432432432415,28.631756756756708,0
1077,4,0,1,37,0.0,0.02631578947368421,0.9736842105263158,38,1550,1300,250,0.8387096774193549,18,13,5,357.1986414426204,0.43609234234234234,0.21673888805875863,0.21837284101011425,132949.08717839431,1897.8466642317687,134846.93384262608,980,4,213.28947368421052,36,2,18,32.963893135327965,0.6498842592592593,42.17342342342341,1031.306306306304,28.64739739739733,0
1078,4,0,0,37,0.0,0.0,1.0,37,900,600,300,0.6666666666666666,12,6,6,365.5546519150796,0.43424674674674674,0.21942049830227695,0.22286073132153394,132845.06715374207,2312.426456404296,135157.49361014637,981,11,219.94594594594594,35,2,18,32.85302290333445,0.6508928571428572,42.27430555555554,1030.902777777776,29.45436507936503,0
1079,4,0,1,36,0.0,0.02702702702702703,0.972972972972973,37,700,600,100,0.8571428571428571,8,6,2,365.2100834575223,0.43427802802802806,0.2190803286447658,0.22282817968764407,132874.8981910149,2305.450531550047,135180.34872256493,982,12,220.94594594594594,35,2,18,32.83191139051039,0.6511904761904762,42.24537037037036,1031.0185185185169,29.45767195767191,0
1080,4,0,0,36,0.0,0.0,1.0,36,1000,600,400,0.6,14,6,8,367.70585163588066,0.4339616402116402,0.20187237809336933,0.22443272593504976,132888.5363520405,2572.7784863945235,135461.31483843504,983,13,219.11111111111111,34,2,18,32.75386791363584,0.6534926470588236,42.23214285714284,1031.0714285714262,30.32563025210077,0
1081,4,0,0,36,0.0,0.0,1.0,36,1150,800,350,0.6956521739130435,15,8,7,365.01391850772745,0.43283730158730155,0.1923676012461062,0.22389070288085436,133072.7200255101,2514.6789965986304,135587.39902210873,984,14,220.11111111111111,34,2,19,32.63816776277835,0.6553308823529411,42.05357142857142,1031.7857142857135,30.34663865546216,0
1082,4,0,0,36,0.0,0.0,1.0,36,1050,800,250,0.7619047619047619,13,8,5,368.8750991312096,0.43215939153439153,0.12410281923714761,0.21801898060860136,131673.7872002355,2538.644566282397,134212.4317665179,985,15,221.11111111111111,33,3,19,33.94813432835822,0.6436237373737373,43.41299019607843,1026.3480392156864,31.101455733808677,8
1083,4,1,0,37,0.02702702702702703,0.0,1.0,37,1050,700,350,0.6666666666666666,14,7,7,358.7013487782951,0.43180680680680683,0.11981028110787051,0.21372822647340306,131981.4238790296,2068.382951817569,134049.80683084717,986,0,216.1081081081081,35,2,20,33.89886986558535,0.6422619047619047,43.11342592592593,1027.5462962962972,29.358465608465636,0
1084,4,0,0,37,0.0,0.0,1.0,37,850,500,350,0.5882352941176471,12,5,7,357.4689680431096,0.43180680680680683,0.11376245066144874,0.21349575690590827,132070.63567654742,2042.2307688185806,134112.866445366,987,1,217.1081081081081,35,2,20,33.84061948729498,0.643154761904762,43.02662037037037,1027.893518518518,29.36838624338623,0
1085,4,0,0,37,0.0,0.0,1.0,37,1350,1100,250,0.8148148148148148,16,11,5,354.24629142215997,0.43105605605605607,0.11515228935890653,0.21240435530211288,132219.38898533946,1967.6456404320982,134187.03462577157,988,2,218.1081081081081,35,2,21,33.773632680621205,0.6446428571428571,42.88194444444444,1028.472222222222,29.384920634920626,0
1086,4,0,0,37,0.0,0.0,1.0,37,850,400,450,0.47058823529411764,13,4,9,355.2435023237393,0.43043043043043044,0.11359255768704601,0.21367488062638984,132338.4519140089,2002.4750300068572,134340.92694401578,989,3,219.1081081081081,35,2,21,33.62814023247093,0.6458333333333333,42.7662037037037,1028.9351851851852,29.39814814814815,0
1087,4,0,0,37,0.0,0.0,1.0,37,1300,800,500,0.6153846153846154,18,8,10,351.280964825721,0.4301488988988989,0.10426142837609964,0.21212791460453412,132487.35592689036,1908.0572434413455,134395.4131703317,990,4,220.1081081081081,35,2,21,33.580311973018546,0.6473214285714286,42.62152777777777,1029.5138888888882,29.41468253968252,0
1088,4,0,0,37,0.0,0.0,1.0,37,700,500,200,0.7142857142857143,9,5,4,349.97827626990727,0.42939814814814814,0.10511354145470375,0.21201202726520763,132606.5394188312,1881.8816175839934,134488.4210364152,991,5,221.1081081081081,35,2,22,33.494048956811625,0.6485119047619048,42.505787037037024,1029.97685185185,29.427910052909997,0
1089,4,0,0,37,0.0,0.0,1.0,37,1200,900,300,0.75,15,9,6,351.14449846586854,0.42845970970970976,0.11317776273409197,0.21339518565471838,132725.7764944485,1921.1852441272038,134646.96173857572,992,6,222.1081081081081,35,2,16,33.344214496986034,0.649702380952381,42.39004629629628,1030.4398148148132,29.44113756613752,0
1090,4,0,1,36,0.0,0.02702702702702703,0.972972972972973,37,950,600,350,0.631578947368421,13,6,7,352.14797916318577,0.428272022022022,0.11240620674583002,0.2141752463435109,132755.59413580215,1949.922839506136,134705.51697530827,993,7,223.1081081081081,35,2,16,33.28840970350404,0.65,42.36111111111109,1030.555555555553,29.44444444444437,0
1091,4,0,0,36,0.0,0.0,1.0,36,550,400,150,0.7272727272727273,7,4,3,334.6948741172412,0.4267691798941799,0.08006682625174522,0.20486268668494867,132994.25582990397,1714.555469821666,134708.81129972564,994,8,226.27777777777777,35,1,18,33.49884051466188,0.6523809523809524,42.129629629629626,1031.4814814814813,29.470899470899464,8
1092,4,0,0,36,0.0,0.0,1.0,36,950,700,250,0.7368421052631579,12,7,5,338.1209002950863,0.4257771164021164,0.07868605317584954,0.2079560130228673,133173.39275763015,1805.741490912195,134979.13424854234,995,9,227.27777777777777,35,1,20,33.231012185093824,0.6541666666666667,41.95601851851851,1032.1759259259247,29.490740740740705,0
1093,4,0,1,35,0.0,0.027777777777777776,0.9722222222222222,36,750,600,150,0.8,9,6,3,337.13205144907903,0.4251984126984127,0.07977822605750462,0.2081819581370332,133322.76562767904,1789.4754961848323,135112.24112386387,996,10,228.27777777777777,35,1,20,33.10697541932833,0.6556547619047619,41.81134259259259,1032.7546296296287,29.507275132275105,0
1094,4,0,0,35,0.0,0.0,1.0,35,1350,1100,250,0.8148148148148148,16,11,5,368.08341286406323,0.42401960784313725,0.05967634964849444,0.2166261397019651,131511.22448979592,2681.4200680272083,134192.64455782314,997,27,235.5142857142857,34,1,17,34.13271819870008,0.6397058823529411,43.57142857142857,1025.7142857142856,30.168067226890752,7
1095,4,0,0,35,0.0,0.0,1.0,35,1150,800,350,0.6956521739130435,15,8,7,367.4281395521557,0.4240546218487395,0.05409939329642266,0.2165865736429875,131572.2859977324,2668.672052154191,134240.9580498866,998,28,236.5142857142857,34,1,15,34.087810396843814,0.6403186274509804,43.51190476190476,1025.9523809523807,30.1750700280112,0
1096,4,0,0,35,0.0,0.0,1.0,35,1000,700,300,0.7,13,7,6,366.70328632813687,0.4233543417366947,0.04887069779773623,0.2166791659653781,131663.90483276642,2656.317318594097,134320.2221513605,999,29,237.5142857142857,34,1,15,34.013842168348596,0.6412377450980392,43.422619047619044,1026.3095238095236,30.18557422969187,0
1097,4,0,0,35,0.0,0.0,1.0,35,1200,900,300,0.75,15,9,6,364.6659450197257,0.4218487394957983,0.043060822335193594,0.21651569908363213,131847.23816609988,2616.039540816344,134463.2777069162,1000,30,238.5142857142857,34,1,15,33.881032417603656,0.6430759803921569,43.24404761904763,1027.0238095238105,30.20658263305325,0
1098,4,0,0,35,0.0,0.0,1.0,35,850,500,350,0.5882352941176471,12,5,7,373.22062067882246,0.42146358543417367,0.0032002137929885155,0.20904754215232235,129595.04145408134,2673.508361677972,132268.5498157593,1001,31,239.5142857142857,34,1,19,35.945964378970345,0.6204044117647058,45.446428571428555,1018.2142857142833,29.94747899159657,8
1099,4,2,1,36,0.05405405405405406,0.02702702702702703,0.972972972972973,37,650,400,250,0.6153846153846154,9,4,5,355.4978095502631,0.42558183183183185,0.01002923453254545,0.2018051475266532,130118.92804967138,1851.3987805372985,131970.32683020868,1002,0,227.51351351351352,36,1,21,35.86483627667401,0.6215277777777778,44.932432432432435,1020.270270270271,28.340840840840862,0
1100,4,0,0,36,0.0,0.0,1.0,36,950,700,250,0.7368421052631579,12,7,5,378.23689001596983,0.4245535714285715,0.08775289726969215,0.2012125399238559,127542.56129535135,2490.921249952364,130033.48254530372,1003,1,233.94444444444446,34,2,16,37.91863091730505,0.5995710784313726,47.47023809523809,1010.1190476190466,29.70938375350137,8
1101,4,5,4,37,0.12195121951219512,0.0975609756097561,0.9024390243902439,41,800,400,400,0.5,12,4,8,342.78324952606965,0.43389227642276423,0.12058323045610742,0.1884019213560576,128848.62075617274,634.847017510696,129483.46777368343,1004,0,206.29268292682926,38,3,16,37.480050159598704,0.6049890350877193,46.18055555555555,1015.2777777777769,26.71783625730992,0
1102,4,0,0,37,0.0,0.0,1.0,37,800,400,400,0.5,12,4,8,372.66095860661824,0.42911661661661665,0.13049721089213295,0.2016920760702991,128234.9489795916,2157.6318027210577,130392.58078231265,1005,1,229.48648648648648,34,3,19,37.3494064409967,0.6066176470588236,46.78571428571427,1012.857142857141,29.7899159663865,0
1103,4,2,0,39,0.05128205128205128,0.0,1.0,39,1000,900,100,0.9,11,9,2,361.7925545710247,0.4323268106162843,0.14799964738968874,0.1990410899674759,128886.73460200064,1526.0521923950996,130412.78679439574,1006,0,218.66666666666666,36,3,19,36.95866141732284,0.6090856481481481,46.14301801801802,1015.4279279279278,28.206331331331327,0
1104,4,1,0,40,0.025,0.0,1.0,40,600,400,200,0.6666666666666666,8,4,4,352.67366883320005,0.4342681623931624,0.14685376900679437,0.19571172537942913,129229.25954380176,1115.1514167820642,130344.41096058383,1007,0,214.175,37,3,20,36.84116521082713,0.6106418918918919,45.80592105263157,1016.7763157894722,27.48044096728303,0
1105,4,2,0,42,0.047619047619047616,0.0,1.0,42,1200,700,500,0.5833333333333334,17,7,10,347.26295202767386,0.43706445993031356,0.1742958346105381,0.19611439766271427,129917.2214084199,623.0875651041417,130540.30897352404,1008,0,204.92857142857142,39,3,20,36.27952470964886,0.6140491452991452,45.13020833333332,1019.4791666666647,26.1404914529914,0
1106,4,0,2,40,0.0,0.047619047619047616,0.9523809523809523,42,1150,900,250,0.782608695652174,14,9,5,379.1406034494386,0.4367620015485869,0.11902750328138434,0.20363484821683106,127928.27641034762,1308.1806834667564,129236.45709381437,1009,1,205.92857142857142,38,4,17,37.49977998380681,0.5956688596491229,47.08867521367521,1011.6452991452983,26.622244714349954,8
1107,4,4,1,43,0.09090909090909091,0.022727272727272728,0.9772727272727273,44,750,600,150,0.8,9,6,3,354.6653479015555,0.4402197850599014,0.14762784821971642,0.1908905182749924,128012.7292209202,286.8219903269773,128299.55121124718,1010,0,197.3181818181818,39,5,18,38.032359752959344,0.5948183760683761,47.005208333333336,1011.9791666666672,25.948183760683776,8
1108,4,1,0,44,0.022727272727272728,0.0,1.0,44,800,400,400,0.5,12,4,8,352.43497096501795,0.4406272022551092,0.14995588334020704,0.19057222417440967,128198.62349559856,236.40344672557782,128435.02694232414,1011,0,198.20454545454547,38,6,19,37.89868832858599,0.5984100877192983,46.82158119658119,1012.7136752136744,26.650359874044064,0
1109,4,0,0,44,0.0,0.0,1.0,44,850,700,150,0.8235294117647058,10,7,3,352.3186112382491,0.4402418076109937,0.1451727311069364,0.19115501767640444,128333.9040470449,242.8845697275014,128576.78861677239,1012,1,199.20454545454547,38,6,19,37.76338218754395,0.5997807017543859,46.68803418803418,1013.2478632478618,26.6644174538911,0
1110,4,0,2,42,0.0,0.045454545454545456,0.9545454545454546,44,1300,800,500,0.6153846153846154,18,8,10,352.065598437647,0.4396471987315011,0.1472913153457005,0.1915366053885544,128442.17985243606,244.01458287674313,128686.1944353128,1013,2,200.20454545454547,38,6,17,37.65919231309725,0.6008771929824561,46.58119658119657,1013.675213675212,26.675663517768736,0
1111,4,1,0,43,0.023255813953488372,0.0,1.0,43,1200,900,300,0.75,15,9,6,353.11166785721554,0.43957641196013286,0.1462117231826603,0.1929495593235141,128616.79945992965,483.21851435053077,129100.01797428018,1014,0,190.88372093023256,37,6,18,37.45439682196518,0.6044481981981982,46.40899122807016,1014.3640350877166,27.415244191559907,0
1112,4,0,1,42,0.0,0.023255813953488372,0.9767441860465116,43,2000,1400,600,0.7,26,14,12,353.70548963918156,0.43943798449612403,0.14384635484713892,0.19395130403437533,128755.86718990422,508.3314096644695,129264.1985995687,1015,1,191.88372093023256,37,6,18,37.297428694900596,0.6058558558558558,46.27192982456138,1014.9122807017513,27.430061640587873,0
1113,4,0,0,42,0.0,0.0,1.0,42,1300,1000,300,0.7692307692307693,16,10,6,363.65038969992133,0.43770567169957414,0.1401156271538646,0.19968418195977825,128811.51532202172,968.4715489380816,129779.9868709598,1016,2,197.33333333333334,37,5,19,36.98828040613523,0.6064189189189189,46.21710526315787,1015.1315789473648,27.435988620199048,0
1114,4,0,2,40,0.0,0.047619047619047616,0.9523809523809523,42,1350,900,450,0.6666666666666666,18,9,9,356.88967497464074,0.4372701316298877,0.12771824326060743,0.19693763184276603,129006.37846500824,808.2088960064393,129814.58736101468,1017,3,198.33333333333334,37,5,19,36.961121604605154,0.6083896396396397,46.0252192982456,1015.8991228070157,27.456733048838263,0
1115,4,1,0,41,0.024390243902439025,0.0,1.0,41,1200,700,500,0.5833333333333334,17,7,10,357.63414149506974,0.43633130081300814,0.129701188436657,0.1980371632597853,129144.15048494442,1037.2714775586403,130181.42196250305,1018,0,198.0731707317073,36,5,20,36.8017855823916,0.6116898148148149,45.88963963963964,1016.4414414414416,28.23448448448449,0
1116,4,1,0,42,0.023809523809523808,0.0,1.0,42,1150,1000,150,0.8695652173913043,13,10,3,356.21095707481385,0.43687088656600853,0.1383354138027293,0.1994119667438634,129573.74762854083,831.1304125071151,130404.87804104795,1019,0,194.33333333333334,36,6,18,36.400610183239316,0.6160300925925926,45.46734234234235,1018.1306306306317,28.281406406406436,0
1117,4,2,0,44,0.045454545454545456,0.0,1.0,44,1150,900,250,0.782608695652174,14,9,5,341.9498195389051,0.439922480620155,0.1491918980401865,0.19428689627698287,130153.54624379061,101.19633008254544,130254.74257387315,1020,0,186.45454545454547,38,6,20,36.17531323072629,0.6181469298245614,44.89850427350427,1020.4059829059827,26.85278902384165,0
1118,4,0,1,43,0.0,0.022727272727272728,0.9772727272727273,44,1750,1300,450,0.7428571428571429,22,13,9,344.4797846109087,0.43922877026074697,0.15653338929941563,0.19669774580511287,130346.55044100106,180.39598123513576,130526.9464222362,1021,1,187.45454545454547,37,7,21,35.9151857618383,0.6219031531531531,44.709429824561404,1021.1622807017542,27.59898055950687,0
1119,4,2,2,43,0.044444444444444446,0.044444444444444446,0.9555555555555556,45,1350,1000,350,0.7407407407407407,17,10,7,338.39554727656514,0.44162457912457914,0.15266452685014475,0.18790769809521213,129254.345703125,-232.48141856148135,129021.86428456352,1022,0,184.0,39,6,19,37.17860069657858,0.6073717948717949,45.78125,1016.875,26.07371794871795,8
1120,4,2,2,43,0.044444444444444446,0.044444444444444446,0.9555555555555556,45,950,800,150,0.8421052631578947,11,8,3,338.6241586593498,0.44343434343434346,0.17145780051150972,0.18968774503697064,129598.82948133656,-222.9410807291914,129375.88840060738,1023,0,184.64444444444445,39,6,19,36.82278346121058,0.610844017094017,45.44270833333332,1018.2291666666647,26.10844017094012,0
1121,4,0,1,42,0.0,0.023255813953488372,0.9767441860465116,43,1650,1200,450,0.7272727272727273,21,12,9,344.0420332446787,0.44356773717238834,0.17170595513817077,0.19250596211324356,129554.63927469116,314.44830246911215,129869.08757716027,1024,1,190.11627906976744,38,5,19,36.72976352887676,0.6121162280701755,45.4861111111111,1018.0555555555538,26.790935672514575,0
1122,4,0,0,42,0.0,0.0,1.0,42,1000,900,100,0.9,11,9,2,349.13917690353816,0.4427990708478513,0.16608206926966362,0.19554320848771117,129591.8515793319,649.1184787626709,130240.97005809456,1019,2,171.26190476190476,37,5,19,36.562208342307414,0.6143018018018018,45.44956140350876,1018.2017543859632,27.518966334755763,0
1123,4,0,0,42,0.0,0.0,1.0,42,1100,900,200,0.8181818181818182,13,9,4,344.8908884724706,0.4426175958188154,0.16082258072784517,0.19357652344536408,129675.59880203508,544.7864968066908,130220.38529884176,1020,3,172.26190476190476,37,5,19,36.58527559478955,0.6151463963963963,45.3673245614035,1018.5307017543847,27.52785680417256,0
1124,4,0,0,42,0.0,0.0,1.0,42,1100,900,200,0.8181818181818182,13,9,4,348.9395695106904,0.44208526906697637,0.06402149857729977,0.18996486374566515,128469.25593770554,566.926900499432,129036.18283820497,1021,4,173.26190476190476,38,4,18,37.71077036568658,0.6011513157894737,46.55448717948718,1013.782051282052,26.67847503373821,8
1125,4,0,1,41,0.0,0.023809523809523808,0.9761904761904762,42,1600,1000,600,0.625,22,10,12,352.7703392680815,0.4423272357723577,0.06094074453038023,0.1927043498855678,128604.67916757989,673.583260281993,129278.26242786188,1022,5,174.26190476190476,38,4,19,37.475423074222334,0.6025219298245614,46.42094017094018,1014.3162393162401,26.692532613585264,0
1126,4,0,0,41,0.0,0.0,1.0,41,1400,1200,200,0.8571428571428571,16,12,4,361.00863388180403,0.4406758130081301,0.0682357407231664,0.19740259342047578,128644.60699445975,1088.3627654662914,129732.96975992604,1023,6,177.5609756097561,37,4,19,37.22573497622135,0.6047297297297297,46.38157894736842,1014.4736842105257,27.41820768136556,0
1127,4,1,0,42,0.023809523809523808,0.0,1.0,42,1550,1200,350,0.7741935483870968,19,12,7,364.3936374291673,0.4403552071234998,0.08423945692658918,0.2015181557689676,129092.79348381919,1008.118516692243,130100.91200051142,1024,0,174.3095238095238,38,4,20,36.68239241659659,0.6074561403508771,45.940170940170944,1016.2393162393168,26.743139901034652,0
1128,4,0,1,41,0.0,0.023809523809523808,0.9761904761904762,42,1100,600,500,0.5454545454545454,16,6,10,361.4274908828164,0.4389155052264808,0.07776982862345916,0.20072705024629736,129260.23046339164,943.7771247544639,130204.0075881461,1025,1,175.3095238095238,35,7,20,36.58708930874876,0.6148809523809524,45.77546296296296,1016.8981481481482,29.054232804232804,0
1129,4,0,1,40,0.0,0.024390243902439025,0.975609756097561,41,1750,1400,350,0.8,21,14,7,374.312319642901,0.4367632113821138,0.0815292662937166,0.207732392597142,129231.64859693868,1474.5996315192642,130706.24822845795,1026,2,180.3658536585366,34,7,21,36.28868594622019,0.6167279411764706,45.80357142857142,1016.7857142857135,29.905462184873926,0
1130,4,1,0,41,0.024390243902439025,0.0,1.0,41,1000,500,500,0.5,15,5,10,366.10919196937914,0.4355436991869919,0.05869517724260498,0.20525266106504028,129631.08114448928,1291.826074385214,130922.90721887449,797,0,156.3170731707317,36,5,18,36.09030004791919,0.6166087962962963,45.411036036036045,1018.3558558558574,28.287662662662704,0
1131,4,0,0,41,0.0,0.0,1.0,41,1200,800,400,0.6666666666666666,16,8,8,367.44104655537495,0.4352896341463415,0.048370794239492865,0.20690566460980656,129803.15778193748,1339.001628317523,131142.159410255,798,1,157.3170731707317,36,5,19,35.88126680664529,0.6183449074074074,45.242117117117125,1019.0315315315327,28.306431431431463,0
1132,4,0,0,41,0.0,0.0,1.0,41,1100,700,400,0.6363636363636364,15,7,8,347.94304290258265,0.4350355691056911,0.13204683378833404,0.190456200486791,128685.96734832697,755.0774116078463,129441.04475993481,799,2,158.3170731707317,38,3,17,37.51491699133058,0.6033442982456141,46.34081196581196,1014.6367521367509,26.700967161493445,7
1133,4,1,1,41,0.023809523809523808,0.023809523809523808,0.9761904761904762,42,1100,800,300,0.7272727272727273,14,8,6,345.2337418589686,0.4367620015485869,0.057926005941128844,0.19224068362462535,129364.36760355011,552.4178857111334,129916.78548926125,800,0,155.52380952380952,38,4,16,36.89285339214452,0.6101973684210527,45.67307692307691,1017.3076923076908,26.771255060728706,8
1134,4,2,0,43,0.046511627906976744,0.0,1.0,43,1150,900,250,0.782608695652174,14,9,5,334.80117971111576,0.4398532668881506,0.06749055160101047,0.18886703219924028,129873.8401827616,96.38298136029965,129970.2231641219,801,0,150.8139534883721,40,3,14,36.64111831173146,0.6119791666666667,45.172764227642276,1019.3089430894311,25.482723577235777,0
1135,4,0,0,43,0.0,0.0,1.0,43,1050,1000,50,0.9523809523809523,11,10,1,332.0461642987599,0.43941491325212256,0.06509588736363092,0.18805955445272862,130029.2691189106,35.1440115010829,130064.41313041167,802,1,151.8139534883721,40,3,14,36.55382290421152,0.6135416666666667,45.02032520325203,1019.918699186991,25.497967479674777,0
1136,4,0,2,41,0.0,0.046511627906976744,0.9534883720930233,43,1650,1500,150,0.9090909090909091,18,15,3,333.93771626297604,0.4391842008121078,0.021504787961696747,0.17965003723008194,127993.90589569147,-6.613371602866749,127987.2925240886,803,2,152.8139534883721,41,2,16,38.575980392156865,0.5914634146341464,47.02380952380952,1011.9047619047608,24.680603948896604,8
1137,4,0,3,38,0.0,0.07317073170731707,0.926829268292683,41,1300,1000,300,0.7692307692307693,16,10,6,388.8569282544985,0.43897357723577235,0.005408771081246044,0.19532730787995656,125191.95960535937,1562.1281062344144,126754.08771159379,804,3,160.4390243902439,37,4,15,40.07922921003614,0.5695382882882882,49.80811403508772,1000.7675438596494,27.0477714556662,8
1138,4,5,3,40,0.11627906976744186,0.06976744186046512,0.9302325581395349,43,900,500,400,0.5555555555555556,13,5,8,370.94994723892614,0.4495201181247693,0.06044791099131119,0.19073455212210155,126156.94400058844,768.2478710613831,126925.19187164982,805,0,153.09302325581396,36,7,17,39.52915405597279,0.5813078703703703,48.84572072072072,1004.6171171171172,27.906031031031034,0
1139,4,2,1,41,0.047619047619047616,0.023809523809523808,0.9761904761904762,42,1200,900,300,0.75,15,9,6,379.10989027312087,0.4464406697638405,0.08189857484212348,0.19587344330777903,126355.0036523009,1180.4863140167135,127535.48996631762,806,0,157.23809523809524,36,6,15,39.1196703255675,0.5833333333333333,48.648648648648646,1005.4054054054051,27.927927927927918,0
1140,4,1,3,39,0.023809523809523808,0.07142857142857142,0.9285714285714286,42,700,600,100,0.8571428571428571,8,6,2,376.8837405934554,0.44711817653890823,0.08166464077794156,0.19526250411721247,126468.25034493954,1132.765451262076,127601.01579620162,807,0,157.45238095238096,36,6,16,39.05876809971639,0.5844907407407407,48.53603603603604,1005.8558558558559,27.94044044044044,0
1141,4,5,1,43,0.11363636363636363,0.022727272727272728,0.9772727272727273,44,1300,900,400,0.6923076923076923,17,9,8,371.1665266670434,0.45512905214940097,0.1560508891017367,0.1981067304924582,127676.2099194099,682.4304957484705,128358.64041515837,808,0,146.04545454545453,35,9,17,37.95999389219729,0.5988095238095238,47.33796296296295,1010.648148148146,28.875661375661313,0
1142,4,1,0,44,0.022727272727272728,0.0,1.0,44,1050,600,450,0.5714285714285714,15,6,9,368.92326922981545,0.45627422480620156,0.16339339947357767,0.19766891155630906,127831.16731596449,631.9784311338186,128463.1457470983,809,0,147.02272727272728,36,8,18,37.857739420935395,0.5983796296296297,47.184684684684676,1011.2612612612602,28.090590590590562,0
1143,4,1,2,43,0.022222222222222223,0.044444444444444446,0.9555555555555556,45,800,500,300,0.625,11,5,6,360.6146130256002,0.45744949494949494,0.16437512035432333,0.19446227263156185,128089.02739304397,238.15500923360588,128327.18240227758,810,0,144.73333333333332,37,8,19,37.80374422299249,0.5990990990990991,46.92982456140351,1012.2807017543856,27.358937885253667,0
1144,4,1,1,43,0.022727272727272728,0.022727272727272728,0.9772727272727273,44,1500,1300,200,0.8666666666666667,17,13,4,369.1089545096633,0.456791754756871,0.17855235470674247,0.20022219960686718,128325.39859693889,673.2347884906594,128998.63338542955,811,0,146.95454545454547,34,10,20,37.34676692907215,0.6075367647058824,46.69642857142858,1013.2142857142867,29.800420168067255,0
1145,4,0,0,43,0.0,0.0,1.0,43,1000,700,300,0.7,13,7,6,374.47476598347697,0.45478036175710596,0.177574946027929,0.20297963430059812,128295.24518140596,1008.6663832199652,129303.91156462593,812,1,151.25581395348837,34,9,20,37.24172542107325,0.6072303921568627,46.72619047619048,1013.0952380952386,29.79691876750702,0
1146,4,0,0,43,0.0,0.0,1.0,43,1250,1000,250,0.8,15,10,5,371.90078370214,0.45471114802510154,0.173510494476232,0.20234729541365648,128446.04768990946,953.8371598639661,129399.88484977343,813,2,152.25581395348837,34,9,17,37.15257388921512,0.6087622549019608,46.57738095238096,1013.6904761904775,29.814425770308162,0
1147,4,0,2,41,0.0,0.046511627906976744,0.9534883720930233,43,1150,900,250,0.782608695652174,14,9,5,370.73682679752386,0.45418050941306753,0.17162742917209672,0.20211732044636654,128525.67361379045,929.8400795181949,129455.51369330865,814,3,153.25581395348837,35,8,17,37.10062112392042,0.6074404761904761,46.4988425925926,1014.0046296296309,28.971560846560884,0
1148,4,0,0,41,0.0,0.0,1.0,41,1050,800,250,0.7619047619047619,13,8,5,376.6270039917121,0.45429369918699186,0.16739222582455948,0.20507388529369724,128476.21882086188,1477.5226757369824,129953.74149659886,815,4,158.46341463414635,34,7,17,37.001917958352905,0.6090686274509804,46.54761904761906,1013.8095238095254,29.817927170868394,0
1149,4,1,2,40,0.023809523809523808,0.047619047619047616,0.9523809523809523,42,600,300,300,0.5,9,3,6,371.3613184668986,0.4551877661633759,0.1839802161886297,0.20395805411854567,128819.24518014859,1167.6969468021534,129986.94212695074,816,0,155.66666666666666,35,7,18,36.7846929274503,0.6104166666666666,46.209490740740755,1015.1620370370392,29.004629629629694,0
1150,4,1,1,40,0.024390243902439025,0.024390243902439025,0.975609756097561,41,1100,500,600,0.45454545454545453,17,5,12,373.17252447632393,0.45536077235772354,0.18492457715765376,0.20599316454598635,129019.90504535152,1429.3367346938871,130449.24178004541,817,0,156.53658536585365,34,7,19,36.53376689321147,0.6145833333333333,46.011904761904766,1015.9523809523813,29.88095238095239,0
1151,4,0,1,39,0.0,0.025,0.975,40,1000,600,400,0.6,14,6,8,381.0541018585841,0.45316506410256413,0.18880475443465605,0.2098202885117665,128921.21006644082,1825.1911824778938,130746.40124891872,818,1,161.25,33,7,19,36.43445054503036,0.6158459595959596,46.10906862745098,1015.5637254901964,30.774658348187767,0
1152,4,1,0,40,0.025,0.0,1.0,40,1050,800,250,0.7619047619047619,13,8,5,374.69983172523854,0.45209668803418807,0.19199461232138693,0.2074699846478655,129140.88010204086,1677.8132086167866,130818.69331065765,819,0,161.975,34,6,20,36.3714667759819,0.6158088235294117,45.892857142857146,1016.4285714285718,29.894957983193287,0
1153,4,0,2,38,0.0,0.05,0.95,40,1000,700,300,0.7,13,7,6,375.81252162377916,0.45194978632478633,0.19456318070031586,0.20824549786797222,129171.13272392294,1708.8258219954696,130879.95854591842,820,1,162.975,34,6,20,36.31231213647188,0.6161151960784313,45.86309523809524,1016.5476190476194,29.89845938375351,0
1154,4,0,0,38,0.0,0.0,1.0,38,1250,1100,150,0.88,14,11,3,384.64122547702266,0.4508505215742058,0.1954270923209669,0.21330104321907603,129201.38888888877,2339.243197278903,131540.63208616766,821,2,169.5,31,7,20,36.057035519125705,0.6236559139784946,45.83333333333333,1016.6666666666657,32.795698924731155,0
1155,4,1,0,39,0.02564102564102564,0.0,1.0,39,850,400,450,0.47058823529411764,13,4,9,374.30507603915277,0.45085470085470086,0.19890159862874834,0.2094394051425179,129554.63927469113,1898.5918209876327,131453.23109567876,822,0,166.12820512820514,32,7,20,35.95952705775355,0.6246744791666667,45.4861111111111,1018.0555555555536,31.81423611111105,0
1156,4,0,1,38,0.0,0.02564102564102564,0.9743589743589743,39,1350,1000,350,0.7407407407407407,17,10,7,374.2744263614487,0.4506016644174539,0.19729441874513176,0.2097653404173094,129618.91842987954,1902.6092681869081,131521.52769806646,823,1,167.12820512820514,32,7,20,35.89481297788799,0.6253255208333333,45.42297979797979,1018.3080808080803,31.822127525252508,0
1157,4,1,0,39,0.02564102564102564,0.0,1.0,39,1600,1300,300,0.8125,19,13,6,375.021092746729,0.4504329734592893,0.19805543827498795,0.2116879114825467,129898.25857426271,1942.9173752834074,131841.17594954613,824,0,157.71794871794873,34,5,21,35.59135232979096,0.623468137254902,45.148809523809504,1019.4047619047593,29.982492997198804,0
1158,4,0,0,39,0.0,0.0,1.0,39,1000,500,500,0.5,15,5,10,402.54703720638844,0.44989878542510126,0.1850796665611485,0.21737540009144934,128144.53124999974,2517.3504818593806,130661.88173185912,825,1,158.71794871794873,35,4,16,36.6855281207133,0.6035714285714286,46.874999999999986,1012.499999999998,28.92857142857137,8
1159,4,4,2,41,0.09302325581395349,0.046511627906976744,0.9534883720930233,43,1700,1400,300,0.8235294117647058,20,14,6,375.57108304219275,0.4538575119970469,0.1930995043842927,0.2082712369597615,129201.38888888893,1122.2222222222258,130323.61111111115,826,0,144.86046511627907,35,8,16,36.28756830601093,0.6142857142857143,45.833333333333336,1016.6666666666671,29.047619047619058,0
1160,4,1,3,39,0.023809523809523808,0.07142857142857142,0.9285714285714286,42,1150,700,450,0.6086956521739131,16,7,9,372.55650725044046,0.4542803910181959,0.16779626979943263,0.202272379580448,128360.96871803999,1207.7456123529794,129568.71433039298,827,0,149.28571428571428,38,4,19,37.22302758741872,0.6000548245614035,46.66132478632478,1013.3547008547005,26.66722896986054,8
1161,4,0,1,38,0.0,0.02564102564102564,0.9743589743589743,39,850,600,250,0.7058823529411765,11,6,5,385.51990035228323,0.45085470085470086,0.18368990613422387,0.2092515020201015,128349.69142500425,2096.2720496827833,130445.96347468703,828,1,154.84615384615384,35,4,19,36.906172663240056,0.6056547619047619,46.6724537037037,1013.3101851851849,28.95171957671957,0
1162,4,1,0,39,0.02564102564102564,0.0,1.0,39,1300,900,400,0.6923076923076923,17,9,8,384.18893075936273,0.45259784075573545,0.19484332066231014,0.2095470212894042,128543.9128951587,2077.0296901631395,130620.94258532184,829,0,155.66666666666666,36,3,19,36.7409309642791,0.6056134259259259,46.48085585585586,1014.0765765765768,28.1687937937938,0
1163,4,1,0,40,0.025,0.0,1.0,40,1050,600,450,0.5714285714285714,15,6,9,388.49292603561287,0.45313835470085473,0.2205114372032806,0.21483009776241388,129089.93632656187,2030.105417051383,131120.04174361326,830,0,152.75,37,3,20,36.07304704359085,0.6092342342342343,45.94298245614034,1016.2280701754373,27.465623518255065,0
1164,4,1,0,41,0.024390243902439025,0.0,1.0,41,1050,800,250,0.7619047619047619,13,8,5,382.67307453210344,0.45190548780487805,0.2332644282406522,0.2137576790865979,129487.77113261927,1710.3928821668248,131198.1640147861,831,0,150.0,36,5,18,35.814754370435914,0.615162037037037,45.55180180180181,1017.7927927927941,28.272022022022057,0
1165,4,0,0,41,0.0,0.0,1.0,41,1800,1300,500,0.7222222222222222,23,13,10,383.9935510702731,0.4505335365853658,0.23622807372352295,0.2155941445953214,129688.42734203831,1759.9039495577028,131448.33129159603,832,1,151.0,36,5,20,35.576515570296664,0.6171875,45.35472972972975,1018.5810810810837,28.29391891891899,0
1166,4,0,0,41,0.0,0.0,1.0,41,1100,500,600,0.45454545454545453,17,5,12,386.85991421099334,0.44954268292682925,0.24297554508907848,0.21832019597493244,129889.23890106338,1849.7879636393325,131739.0268647027,833,2,152.0,36,5,20,35.29882898806894,0.619212962962963,45.157657657657666,1019.3693693693706,28.31581581581585,0
1167,4,0,1,40,0.0,0.024390243902439025,0.975609756097561,41,1500,1200,300,0.8,18,12,6,388.9127664171467,0.44931402439024387,0.24994822021744878,0.22047869993776453,130066.77685682132,1916.9260012696175,131983.70285809092,834,3,153.0,37,4,20,35.065637428786395,0.6190878378378378,44.983552631578945,1020.0657894736842,27.569345661450924,0
1168,4,0,0,40,0.0,0.0,1.0,40,1350,1000,350,0.7407407407407407,17,10,7,391.5742930674884,0.4469818376068376,0.24512037833190004,0.2221467818719459,130094.74068944292,2188.351223453368,132283.09191289629,835,4,157.7,37,3,20,34.96927844654627,0.6193693693693694,44.95614035087719,1020.1754385964914,27.572309151256526,0
1169,4,1,0,41,0.024390243902439025,0.0,1.0,41,1300,1000,300,0.7692307692307693,16,10,6,383.7822298359114,0.44845020325203255,0.23952648027654178,0.22012399617732314,130520.500538848,1818.9389854468145,132339.4395242948,836,0,154.82926829268294,32,9,19,34.73500761975371,0.6344401041666667,44.53914141414141,1021.8434343434337,31.932607323232304,0
1170,4,1,0,42,0.023809523809523808,0.0,1.0,42,1200,900,300,0.75,15,9,6,385.5814962030838,0.44887243515292297,0.26034385521166303,0.22491805490311045,131171.15600069665,1715.4341178873278,132886.59011858396,837,0,152.11904761904762,33,9,21,34.02856701359812,0.6385732323232323,43.90318627450979,1024.387254901959,31.042038027332094,0
1171,4,0,1,41,0.0,0.023809523809523808,0.9761904761904762,42,1200,600,600,0.5,18,6,12,386.0017674626045,0.4487514518002323,0.2626683487710679,0.22536846748868206,131206.12953514734,1729.1595804988551,132935.28911564618,838,1,153.11904761904762,34,8,21,33.98234758695484,0.6366421568627452,43.86904761904761,1024.523809523809,30.1330532212885,0
1172,4,0,0,41,0.0,0.0,1.0,41,1450,1100,350,0.7586206896551724,18,11,7,389.51193406794545,0.4476880081300813,0.24990703887840704,0.22796617159098836,131298.46810967493,2028.4640507115728,133326.9321603865,839,2,148.6341463414634,35,6,21,33.7988189346885,0.6354166666666667,43.778935185185176,1024.884259259258,29.282407407407373,0
1173,4,0,0,41,0.0,0.0,1.0,41,1500,1100,400,0.7333333333333333,19,11,8,392.00180025543636,0.4471798780487805,0.25478659662843417,0.23018413737342,131425.20732897148,2103.793621319454,133529.00095029094,840,3,149.6341463414634,32,9,21,33.60654476049748,0.6435546875,43.655303030303024,1025.3787878787873,32.0430871212121,0
1174,4,0,0,41,0.0,0.0,1.0,41,1200,700,500,0.5833333333333334,17,7,10,394.7151529685156,0.44695121951219513,0.25902031063321385,0.23233233687387306,131516.61169982693,2182.319900999608,133698.93160082653,841,4,150.6341463414634,33,8,21,33.444344882516916,0.6420454545454546,43.56617647058823,1025.7352941176466,31.082887700534744,0
1175,4,0,2,39,0.0,0.04878048780487805,0.9512195121951219,41,1400,900,500,0.6428571428571429,19,9,10,397.00543649355615,0.44654471544715446,0.2561470754425721,0.23445158851883205,131642.34459102261,2252.545295078805,133894.88988610142,842,5,151.6341463414634,33,8,19,33.2581999840777,0.6433080808080809,43.44362745098039,1026.2254901960778,31.09774212715387,0
1176,4,0,0,39,0.0,0.0,1.0,39,1400,1200,200,0.8571428571428571,16,12,4,392.8792313881201,0.4440227170490328,0.23611713352412322,0.2326327625108563,131743.67310742466,2551.8706061385546,134295.5437135632,843,6,156.07692307692307,35,4,19,33.261461856444946,0.6398809523809523,43.34490740740741,1026.6203703703711,29.332010582010604,0
1177,4,0,0,39,0.0,0.0,1.0,39,850,600,250,0.7058823529411765,11,6,5,393.4597550288213,0.443544759334233,0.23612628075102693,0.23370561352916747,131862.52170138896,2576.519097222232,134439.04079861118,844,7,157.07692307692307,35,4,19,33.1262677484787,0.6410714285714285,43.22916666666667,1027.083333333334,29.345238095238113,0
1178,4,0,1,38,0.0,0.02564102564102564,0.9743589743589743,39,1400,1200,200,0.8571428571428571,16,12,4,391.50665995523553,0.44301057130004495,0.23099159353241983,0.23345786660460302,132011.1577958892,2536.649493098437,134547.80728898762,845,8,158.07692307692307,35,4,19,33.02607744866164,0.6425595238095239,43.08449074074075,1027.662037037038,29.361772486772516,0
1179,4,0,0,38,0.0,0.0,1.0,38,1500,1200,300,0.8,18,12,6,391.0519304360388,0.44330844001896635,0.22600368189410247,0.2334953227790289,132061.2882653061,2728.5643424036252,134789.85260770973,846,9,161.6315789473684,34,4,19,32.98707628754537,0.6452205882352942,43.035714285714285,1027.8571428571427,30.231092436974784,0
1180,4,0,0,38,0.0,0.0,1.0,38,1600,1100,500,0.6875,21,11,10,390.7638202406355,0.44323435277382645,0.22751026502426241,0.23374781247121668,132130.12695312515,2726.3346354166806,134856.46158854183,847,10,162.6315789473684,35,3,20,32.924898682877405,0.64375,42.96875000000001,1028.1250000000011,29.375000000000032,0
1181,4,0,0,38,0.0,0.0,1.0,38,1450,900,550,0.6206896551724138,20,9,11,388.6816204915913,0.4422415836889521,0.21739289236275927,0.2343473703466038,132428.6352040817,2694.786573483564,135123.42177756524,848,11,163.6315789473684,34,4,22,32.67696044413603,0.6488970588235294,42.67857142857143,1029.2857142857147,30.27310924369749,0
1182,4,0,0,38,0.0,0.0,1.0,38,1350,1100,250,0.8148148148148148,16,11,5,385.5123792976714,0.4420045045045045,0.2156677821721935,0.23319455111362636,132551.19756235825,2620.025510204083,135171.22307256234,849,12,164.6315789473684,34,4,23,32.634874759152225,0.6501225490196079,42.55952380952381,1029.7619047619046,30.28711484593837,0
1183,4,1,0,39,0.02564102564102564,0.0,1.0,39,1000,600,400,0.6,14,6,8,379.22544333690826,0.4401990553306343,0.2254994229402132,0.23156404898481955,132904.73257726774,2280.1712266375275,135184.90380390527,850,0,161.3846153846154,35,4,20,32.44062651999851,0.6514880952380953,42.21643518518519,1031.13425925926,29.460978835978857,0
1184,4,1,0,40,0.025,0.0,1.0,40,500,200,300,0.4,8,2,6,353.3379336695203,0.44093215811965814,0.1610480943738659,0.20071051696072736,130144.4615912207,1227.1458922753575,131371.60748349605,851,0,158.325,35,5,20,35.89401845130067,0.6238095238095238,44.9074074074074,1020.3703703703691,29.153439153439116,8
1185,4,0,1,39,0.0,0.025,0.975,40,1250,900,350,0.72,16,9,7,356.0183256976261,0.4413060897435897,0.15418367346938822,0.2028476506881822,130262.58680555539,1275.173611111093,131537.76041666648,852,1,159.325,35,5,20,35.70578231292515,0.625,44.79166666666666,1020.833333333332,29.16666666666663,0
1186,4,0,0,39,0.0,0.0,1.0,39,1450,1000,450,0.6896551724137931,19,10,9,350.823251624945,0.44174538911381017,0.13132476632710577,0.19574655058028928,129443.56575963723,1304.0639172335586,130747.6296768708,853,2,159.33333333333334,34,5,19,36.67012751520822,0.6188725490196079,45.595238095238095,1017.619047619048,29.92997198879553,8
1187,4,0,0,39,0.0,0.0,1.0,39,950,700,250,0.7368421052631579,12,7,5,352.75272486680336,0.4415485829959514,0.12778547148432517,0.19773570173726332,129625.34722222232,1345.1388888888987,130970.48611111123,854,3,160.33333333333334,34,5,19,36.43617021276595,0.6207107843137255,45.41666666666667,1018.3333333333342,29.950980392156886,0
1188,4,1,1,39,0.025,0.025,0.975,40,1000,700,300,0.7,13,7,6,349.9894722418109,0.44465811965811963,0.2286334552102378,0.18954875377848573,128261.74554183814,1029.6146262002744,129291.36016803842,855,0,157.3,35,5,20,37.89609993906155,0.6047619047619048,46.75925925925926,1012.962962962963,28.941798941798943,8
1189,4,0,0,39,0.0,0.0,1.0,39,950,600,350,0.631578947368421,13,6,7,347.25259505504175,0.44393837156995053,0.2149925490296638,0.18858938460472668,128372.67324334476,1115.5487835808815,129488.22202692564,856,1,157.3846153846154,36,3,14,37.852122458050886,0.6038773148148149,46.64977477477478,1013.4009009009014,28.15002502502504,0
1190,4,1,0,40,0.025,0.0,1.0,40,1650,1100,550,0.6666666666666666,22,11,11,352.46961566186457,0.44487179487179485,0.24263467559106178,0.19422522604853365,128950.68825263542,1090.2399055478613,130040.92815818328,857,0,154.425,37,3,15,37.13013692468244,0.6078265765765766,46.08004385964912,1015.6798245614034,27.45080606922712,0
1191,4,1,0,41,0.024390243902439025,0.0,1.0,41,1600,1200,400,0.75,20,12,8,345.002298428728,0.44621443089430896,0.24527083472137545,0.1915829566187065,129255.70371283495,718.7029731901325,129974.40668602508,858,0,151.6341463414634,38,3,17,37.00926315052181,0.6091008771929824,45.77991452991452,1016.8803418803404,26.760008996851063,0
1192,4,0,0,41,0.0,0.0,1.0,41,1050,900,150,0.8571428571428571,12,9,3,344.1792972438366,0.44621443089430896,0.23900031502677788,0.19178580735243117,129391.54071015022,706.7779101833336,130098.31862033355,859,1,152.6341463414634,38,3,18,36.89204207357626,0.6104714912280702,45.64636752136751,1017.4145299145277,26.7740665766981,0
1193,4,0,1,40,0.0,0.024390243902439025,0.975609756097561,41,900,500,400,0.5555555555555556,13,5,8,359.4925702846775,0.44621443089430896,0.1650160921323045,0.18874860326298987,127011.23078977627,934.8408165315013,127946.07160630777,860,2,153.6341463414634,38,3,19,38.93746687864335,0.5863486842105263,47.99679487179486,1008.012820512819,26.526653171389974,8
1194,4,2,1,41,0.047619047619047616,0.023809523809523808,0.9761904761904762,42,1450,1100,350,0.7586206896551724,18,11,7,355.2028851585461,0.44772309330236154,0.17932684393039056,0.18857929373692617,127461.3227036158,655.0029604408536,128116.32566405665,861,0,150.88095238095238,36,6,14,38.583602840043106,0.5946180555555556,47.55067567567568,1009.7972972972975,28.04992492492493,0
1195,4,1,0,42,0.023809523809523808,0.0,1.0,42,900,600,300,0.6666666666666666,12,6,6,356.0472676771782,0.4507960704607046,0.18722268220707794,0.1896945419002162,127603.50722343962,686.5760185861457,128290.08324202576,862,0,151.5952380952381,36,6,15,38.41650876801901,0.5960648148148149,47.409909909909906,1010.3603603603601,28.06556556556556,0
1196,4,0,0,42,0.0,0.0,1.0,42,550,200,350,0.36363636363636365,9,2,7,354.1962585641015,0.45040892373209446,0.18681257461201728,0.18910835339754992,127688.85598013563,645.3830096988952,128334.23898983453,863,1,152.5952380952381,36,6,15,38.37581244196842,0.5969328703703703,47.325450450450454,1010.698198198199,28.07494994994997,0
1197,4,0,0,42,0.0,0.0,1.0,42,1300,700,600,0.5384615384615384,19,7,12,355.97425966813864,0.45009436701509875,0.19236196205116762,0.19032644008581795,127745.77100326687,694.8412517247089,128440.61225499157,864,2,153.5952380952381,36,6,15,38.27257621328582,0.5975115740740741,47.26914414414415,1010.9234234234242,28.08120620620623,0
1198,4,1,1,42,0.023255813953488372,0.023255813953488372,0.9767441860465116,43,1700,1600,100,0.9411764705882353,18,16,2,350.8099849386925,0.45125046142488,0.1912064925771424,0.1890638171741139,128065.44189453124,385.3271484375001,128450.76904296874,865,0,151.0,39,4,16,38.07598795924669,0.5953525641025641,46.953125,1012.1874999999999,25.95352564102564,0
1199,4,1,1,42,0.023255813953488372,0.023255813953488372,0.9767441860465116,43,1150,1000,150,0.8695652173913043,13,10,3,338.46635472252734,0.4525424510889627,0.17537074752406068,0.1842631807207148,128469.25593770538,96.55297835510308,128565.80891606049,866,0,150.6046511627907,38,5,11,37.976209294973124,0.6011513157894737,46.554487179487175,1013.7820512820507,26.678475033738177,0
1200,4,0,1,41,0.0,0.023809523809523808,0.9761904761904762,42,1250,900,350,0.72,16,9,7,345.5989262422321,0.4502516453735966,0.1761719293364863,0.18779370224908584,128394.44739006223,474.5966306940493,128869.04402075628,867,2,155.1904761904762,37,5,11,37.871790363878986,0.6021959459459459,46.628289473684205,1013.4868421052624,27.3915362731152,0
1201,4,2,2,41,0.046511627906976744,0.046511627906976744,0.9534883720930233,43,1350,1100,250,0.8148148148148148,16,11,5,339.2844967533006,0.45256552233296415,0.18893941544742066,0.186351519546235,128821.50472094402,141.42788004969725,128962.93260099372,868,0,151.58139534883722,38,5,14,37.596470918403156,0.6047149122807017,46.20726495726497,1015.1709401709418,26.715024741340574,0
1202,4,1,2,40,0.023809523809523808,0.047619047619047616,0.9523809523809523,42,1000,600,400,0.6,14,6,8,343.29511066496735,0.45207849399922573,0.1867251813801858,0.18890410100227378,128895.01006319273,449.80534876118344,129344.81541195392,869,0,155.33333333333334,37,5,15,37.4198025771155,0.6072635135135135,46.134868421052644,1015.4605263157913,27.44487908961598,0
1203,4,1,1,40,0.024390243902439025,0.024390243902439025,0.975609756097561,41,650,400,250,0.6153846153846154,9,4,5,349.3270751988198,0.4525406504065041,0.18752485694574061,0.1919063731211068,128829.5659468591,800.7310942699582,129630.29704112906,870,0,159.4878048780488,36,5,17,37.333379552597535,0.6085069444444444,46.19932432432433,1015.2027027027034,28.200075075075095,0
1204,4,1,4,37,0.024390243902439025,0.0975609756097561,0.9024390243902439,41,600,300,300,0.5,9,3,6,342.4150474680245,0.45401422764227645,0.1751550539564084,0.18948328805857428,129117.79495854494,642.3751779393652,129760.1701364843,871,0,158.78048780487805,37,4,18,37.21533696551227,0.6095157657657657,45.915570175438596,1016.3377192982457,27.468587008060695,0
1205,4,0,0,37,0.0,0.0,1.0,37,900,700,200,0.7777777777777778,11,7,4,376.753303947589,0.44941816816816815,0.1818977368089365,0.2058341318002766,128610.25694744788,2290.8678452998543,130901.12479274774,872,1,171.59459459459458,33,4,19,36.86155913978494,0.6126893939393939,46.41544117647057,1014.3382352941159,30.737522281639876,0
1206,4,1,0,38,0.02631578947368421,0.0,1.0,38,1300,1000,300,0.7692307692307693,16,10,6,365.03518785779494,0.4490872451398767,0.17392164622081552,0.20152697352300122,129024.94454089491,1819.728973765415,130844.67351466033,873,0,168.05263157894737,35,3,21,36.73530416951469,0.6125,46.006944444444436,1015.9722222222209,29.02777777777774,0
1207,4,0,0,38,0.0,0.0,1.0,38,750,600,150,0.8,9,6,3,363.9024777217628,0.44895388809862496,0.17560146521903386,0.20105096613715231,129054.34355977771,1792.639076431729,130846.98263620945,874,1,169.05263157894737,35,3,21,36.734086076622255,0.612797619047619,45.978009259259245,1016.087962962961,29.0310846560846,0
1208,4,1,0,39,0.02564102564102564,0.0,1.0,39,1050,800,250,0.7619047619047619,13,8,5,354.4251526874591,0.4486054880791723,0.17800222305854407,0.19727945959278484,129348.51794249371,1368.957368827126,130717.47531132083,875,0,165.69230769230768,35,4,22,36.67522376455417,0.6157738095238094,45.68865740740739,1017.245370370368,29.064153439153372,0
1209,4,2,3,38,0.04878048780487805,0.07317073170731707,0.926829268292683,41,1050,500,550,0.47619047619047616,16,5,11,340.4938891567561,0.4509400406504065,0.18450153537122982,0.1927531140016422,130010.85820877545,653.5805488226781,130664.43875759812,876,0,158.5609756097561,37,4,16,36.35708973945452,0.6185247747747749,45.03837719298244,1019.8464912280675,27.563418681839664,0
1210,4,0,2,36,0.0,0.05263157894736842,0.9473684210526316,38,750,600,150,0.8,9,6,3,359.52606033007066,0.4484649122807018,0.18383537717863252,0.20215663760215152,129746.60572562362,1729.457199546493,131476.06292517012,877,1,169.07894736842104,34,4,18,36.14040468956922,0.6219362745098039,45.29761904761905,1018.8095238095241,29.964985994397768,0
1211,4,0,0,36,0.0,0.0,1.0,36,1150,800,350,0.6956521739130435,15,8,7,373.80205417441795,0.4460648148148148,0.19052344331431414,0.20898697370001082,129522.50567544127,2483.155736659526,132005.6614121008,878,2,177.88888888888889,32,4,18,36.00507525014473,0.6243489583333333,45.51767676767677,1017.9292929292927,31.810290404040398,0
1212,4,0,1,35,0.0,0.027777777777777776,0.9722222222222222,36,650,500,150,0.7692307692307693,8,5,3,376.8040251314484,0.4459821428571429,0.12087141986593553,0.19481266705756367,126382.47796820941,2349.2827301414563,128731.76069835086,879,3,178.88888888888889,33,3,17,39.14927381677838,0.5899621212121212,48.62132352941177,1005.5147058823535,30.47014260249556,8
1213,4,4,1,38,0.10256410256410256,0.02564102564102564,0.9743589743589743,39,750,400,350,0.5333333333333333,11,4,7,352.12965552957934,0.45037674313990106,0.1806735027074009,0.18794597506627678,127676.20991941015,1193.7021288256874,128869.91204823583,880,0,165.82051282051282,35,4,20,38.44098335623758,0.5988095238095238,47.33796296296296,1010.6481481481482,28.875661375661377,0
1214,4,1,0,39,0.02564102564102564,0.0,1.0,39,1400,1100,300,0.7857142857142857,17,11,6,346.5620445838069,0.4498706702654071,0.17078377554132396,0.1865971993744339,128027.37054183809,1073.8854595336068,129101.25600137169,881,0,166.48717948717947,35,4,21,38.22240012198842,0.6023809523809525,46.99074074074074,1012.0370370370366,28.915343915343904,0
1215,4,1,0,40,0.025,0.0,1.0,40,1000,800,200,0.8,12,8,4,337.6159607916627,0.45166933760683764,0.1739386530340079,0.1832248742583463,128344.14439777618,666.2063245678195,129010.350722344,882,0,163.3,36,4,23,38.125370452693204,0.603587962962963,46.67792792792793,1013.2882882882885,28.146896896896905,0
1216,4,2,1,41,0.047619047619047616,0.023809523809523808,0.9761904761904762,42,1850,1400,450,0.7567567567567568,23,14,9,347.0027495423101,0.45499419279907083,0.23244399163721696,0.18513690097459523,127660.40322417021,528.4396305089002,128188.84285467911,883,0,156.47619047619048,36,6,19,38.586704182453026,0.5966435185185186,47.35360360360361,1010.5855855855863,28.071821821821842,8
1217,4,1,1,41,0.023809523809523808,0.023809523809523808,0.9761904761904762,42,800,700,100,0.875,9,7,2,341.3860737228138,0.4538448509485095,0.25270082684531303,0.18323374977367388,127901.25739644993,332.74161735702717,128233.99901380696,884,0,157.38095238095238,38,4,21,38.48225602027884,0.5953947368421053,47.11538461538463,1011.5384615384635,26.61943319838062,0
1218,4,0,0,41,0.0,0.0,1.0,41,1400,1000,400,0.7142857142857143,18,10,8,350.7836127120861,0.45327743902439027,0.26097323073588385,0.18850788552675707,127950.32035097339,776.5751240766394,128726.89547505003,885,1,162.02439024390245,37,4,21,38.19440681333768,0.5976914414414414,47.06688596491228,1011.7324561403509,27.3441204362257,0
1219,4,0,0,41,0.0,0.0,1.0,41,950,700,250,0.7368421052631579,12,7,5,352.1611396395841,0.45327743902439027,0.2654153158366166,0.1897722988915935,128061.27997316464,819.6412598106889,128880.92123297532,886,2,163.02439024390245,37,4,21,38.0460540569819,0.5988175675675675,46.95723684210525,1012.1710526315775,27.35597439544804,0
1220,4,2,0,43,0.046511627906976744,0.0,1.0,43,1200,700,500,0.5833333333333334,17,7,10,365.32886213347916,0.4545957918050942,0.23342674263496943,0.19798183396101085,128287.0962178395,819.6209381606418,129106.71715600014,887,0,156.3953488372093,36,7,19,37.48170483177708,0.6030092592592593,46.734234234234236,1013.0630630630634,28.14064064064065,8
1221,4,1,0,44,0.022727272727272728,0.0,1.0,44,900,500,400,0.5555555555555556,13,5,8,357.19874734407165,0.456098044397463,0.22995852131434358,0.19491039611712793,128561.19340806785,384.37944848415174,128945.572856552,888,0,153.8181818181818,37,7,16,37.40753504883411,0.6038851351351351,46.463815789473685,1014.1447368421052,27.40931721194879,0
1222,4,1,2,43,0.022222222222222223,0.044444444444444446,0.9555555555555556,45,1200,1000,200,0.8333333333333334,14,10,4,352.08110544748314,0.4574284511784512,0.24649281702496117,0.19433203290488427,129016.12548828126,84.82801649305566,129100.95350477433,889,0,151.37777777777777,39,6,17,37.07331504836119,0.6049679487179487,46.015625,1015.9375000000001,26.04967948717949,0
1223,4,1,0,44,0.022727272727272728,0.0,1.0,44,1350,1100,250,0.8148148148148148,16,11,5,362.71256846294307,0.45635130373502464,0.2535027525040141,0.2005884855360181,129092.79348381907,564.715738914451,129657.50922273353,890,0,155.4318181818182,38,6,18,36.72510162601626,0.6074561403508771,45.94017094017094,1016.2393162393157,26.743139901034624,0
1224,4,0,1,43,0.0,0.022727272727272728,0.9772727272727273,44,1350,1000,350,0.7407407407407407,17,10,7,361.10405625625685,0.45587781888653983,0.25151849411225435,0.20066255175150657,129282.865405161,536.9134204470671,129819.77882560807,891,1,156.4318181818182,38,6,19,36.57225023636938,0.609375,45.753205128205124,1016.987179487179,26.7628205128205,0
1225,4,0,2,41,0.0,0.046511627906976744,0.9534883720930233,43,1000,600,400,0.6,14,6,8,382.75457635724604,0.4545957918050942,0.20365947630146852,0.20641559228855275,128091.80230034741,1209.2429297132026,129301.04523006061,892,2,160.88372093023256,39,4,17,37.240601632709065,0.5956196581196581,46.92708333333334,1012.2916666666682,25.95619658119662,7
1226,4,2,1,42,0.046511627906976744,0.023255813953488372,0.9767441860465116,43,750,500,250,0.6666666666666666,10,5,5,387.2055720207566,0.4537421557770395,0.24659578147950212,0.21179933201791135,128658.13607103738,1363.461986585417,130021.5980576228,893,0,161.6046511627907,36,7,17,36.5474802974803,0.6067708333333333,46.36824324324325,1014.5270270270281,28.181306306306336,0
1227,4,0,1,41,0.0,0.023809523809523808,0.9761904761904762,42,1350,1000,350,0.7407407407407407,17,10,7,397.04188588089943,0.45250193573364306,0.2527086306220605,0.21733580752046816,128686.69979100727,1818.8019945621393,130505.5017855694,894,1,166.14285714285714,36,6,18,36.26872918978912,0.6070601851851851,46.340090090090094,1014.63963963964,28.184434434434444,0
1228,4,2,1,42,0.046511627906976744,0.023255813953488372,0.9767441860465116,43,700,500,200,0.7142857142857143,9,5,4,391.92388349650224,0.45247323735695827,0.26358708276585463,0.21659430888641676,129065.65176647308,1516.7822932646636,130582.43405973774,895,0,162.8139534883721,38,5,20,36.01071566256614,0.6071820175438596,45.96688034188034,1016.1324786324786,26.740328385065226,0
1229,4,1,0,43,0.023255813953488372,0.0,1.0,43,1400,1000,400,0.7142857142857143,18,10,8,391.35984950282136,0.4520118124769288,0.2657262676324814,0.2170268256333831,129201.3888888891,1512.9899006501782,130714.37878953927,896,0,163.67441860465115,36,7,22,35.886270491803266,0.6122685185185186,45.83333333333334,1016.6666666666683,28.240740740740787,0
1230,4,0,0,43,0.0,0.0,1.0,43,800,500,300,0.625,11,5,6,390.0142814204862,0.4519656699889258,0.2638423794405038,0.21679360492355101,129294.84941188488,1485.367556949253,130780.21696883412,897,1,164.67441860465115,33,10,22,35.82497389243685,0.6196338383838385,45.74142156862745,1017.0343137254904,30.819221628045163,0
1231,4,0,1,42,0.0,0.023255813953488372,0.9767441860465116,43,1200,800,400,0.6666666666666666,16,8,8,392.60449934973974,0.4517349575489111,0.26691242793835057,0.2187518492350028,129388.34372597092,1559.6891820453825,130948.0329080163,898,2,165.67441860465115,33,10,22,35.66359511764235,0.6205808080808081,45.649509803921575,1017.4019607843148,30.83036244800954,0
1232,4,1,0,43,0.023255813953488372,0.0,1.0,43,1300,1100,200,0.8461538461538461,15,11,4,389.09648222552187,0.45141196013289037,0.2624701151923494,0.21912275577963597,129807.25623582762,1501.5093537414893,131308.7655895691,899,0,164.62790697674419,34,9,18,35.32539914330218,0.6225490196078431,45.238095238095234,1019.0476190476187,29.971988795518197,0
1233,4,1,1,43,0.022727272727272728,0.022727272727272728,0.9772727272727273,44,850,500,350,0.5882352941176471,12,5,7,380.3511846140166,0.4519357822410148,0.26072430292031035,0.21605515744569395,130144.46159122081,1100.120027434838,131244.58161865565,900,0,161.86363636363637,35,9,19,35.20493042952209,0.6238095238095238,44.907407407407405,1020.37037037037,29.15343915343914,0
1234,4,2,2,43,0.044444444444444446,0.044444444444444446,0.9555555555555556,45,1300,900,400,0.6923076923076923,17,9,8,373.09907949345467,0.45214646464646463,0.27753782870574484,0.21431944591661972,130578.91506371221,743.7746023049929,131322.6896660172,901,0,159.11111111111111,36,9,16,34.94862825033054,0.6261574074074074,44.481981981981974,1022.0720720720708,28.390890890890855,0
1235,4,0,0,43,0.0,0.0,1.0,43,1400,900,500,0.6428571428571429,19,9,10,386.2658320700281,0.45219638242894056,0.2769827072152655,0.22094405594405597,130414.54081632645,1474.9362244897877,131889.47704081624,902,1,162.97674418604652,34,9,21,34.77928321678323,0.6286764705882353,44.64285714285714,1021.4285714285708,30.04201680672267,0
1236,4,0,0,43,0.0,0.0,1.0,43,1400,1000,400,0.7142857142857143,18,10,8,385.9715594673818,0.4521502399409376,0.27831110171810636,0.2212955173619599,130505.75573979599,1474.3020124716602,131980.05775226766,903,2,163.97674418604652,34,9,17,34.69406578896267,0.6295955882352942,44.55357142857143,1021.7857142857149,30.052521008403378,0
1237,4,0,0,43,0.0,0.0,1.0,43,1250,1100,150,0.88,14,11,3,381.7270203213616,0.4519656699889258,0.2703488372093028,0.21949303668478265,130617.2839506171,1372.0293209876368,131989.31327160474,904,3,164.97674418604652,35,8,17,34.689198369565226,0.6285714285714286,44.444444444444436,1022.2222222222207,29.206349206349163,0
1238,4,0,1,42,0.0,0.023255813953488372,0.9767441860465116,43,1150,600,550,0.5217391304347826,17,6,11,381.44361396398625,0.4510889627168697,0.26916729182295573,0.21983394190292338,130706.0335889273,1371.3963638117082,132077.429952739,905,4,165.97674418604652,35,8,17,34.60632427843803,0.6294642857142857,44.35763888888888,1022.5694444444431,29.216269841269803,0
1239,4,1,0,43,0.023255813953488372,0.0,1.0,43,1100,1000,100,0.9090909090909091,12,10,2,383.93820750692413,0.4510197489848653,0.2726777724291949,0.22229192485715207,130883.62328800133,1450.244743441331,132333.86803144266,906,0,166.8372093023256,35,8,19,34.36227519511365,0.63125,44.184027777777764,1023.2638888888872,29.236111111111065,0
1240,4,0,2,41,0.0,0.046511627906976744,0.9534883720930233,43,1550,1200,350,0.7741935483870968,19,12,7,387.74114162533203,0.4499123292727944,0.2799687714400625,0.22553227350159805,131061.33355034693,1563.5742187499663,132624.9077690969,907,1,167.8372093023256,35,8,20,34.0846473380807,0.6330357142857144,44.01041666666665,1023.958333333331,29.255952380952312,0
1241,4,0,1,40,0.0,0.024390243902439025,0.975609756097561,41,1150,500,650,0.43478260869565216,18,5,13,400.2673634178403,0.4473069105691057,0.2899429599017478,0.23240371762525325,130992.77388038517,2286.426445578195,133279.20032596335,908,2,176.17073170731706,34,7,20,33.833633755863076,0.6344975490196079,44.077380952380935,1023.6904761904736,30.10854341736687,0
1242,4,0,0,40,0.0,0.0,1.0,40,1300,600,700,0.46153846153846156,20,6,14,380.9643519951324,0.4460069444444445,0.2704265159301129,0.2070828572576894,128408.33875868063,1865.4431955073744,130273.78195418802,909,3,181.075,35,5,16,36.961502226789996,0.60625,46.614583333333336,1013.5416666666673,28.958333333333353,8
1243,4,0,0,40,0.0,0.0,1.0,40,1400,1100,300,0.7857142857142857,17,11,6,384.328324453329,0.4452323717948718,0.27075014261266417,0.21014583679559753,128643.06205257635,1888.2344982424615,130531.2965508188,910,4,182.075,35,5,17,36.63588610001902,0.6086309523809523,46.383101851851855,1014.467592592593,28.98478835978837,0
1244,4,0,0,40,0.0,0.0,1.0,40,1000,700,300,0.7,13,7,6,379.4475843444082,0.44516559829059826,0.2556008436894315,0.20839917108859124,128819.2451801483,1776.030280135458,130595.27546028375,911,5,183.075,35,5,18,36.579471173944455,0.6104166666666666,46.20949074074074,1015.1620370370368,29.004629629629623,0
1245,4,0,0,40,0.0,0.0,1.0,40,1250,1000,250,0.8,15,10,5,383.8730611403919,0.44475160256410257,0.2499487354750507,0.21192690130128064,129024.94454089517,1905.8400848765555,130930.78462577173,912,6,184.075,35,5,19,36.25683526999317,0.6125,46.00694444444445,1015.9722222222232,29.027777777777807,0
1246,4,1,0,41,0.024390243902439025,0.0,1.0,41,650,200,450,0.3076923076923077,11,2,9,377.17399208545226,0.4465701219512195,0.2596259496683142,0.2101542605566055,129388.34372597066,1560.7453163046102,130949.08904227527,913,0,180.5609756097561,33,8,21,36.056070826306915,0.6205808080808081,45.64950980392156,1017.4019607843127,30.830362448009474,0
1247,4,0,0,41,0.0,0.0,1.0,41,1400,1100,300,0.7857142857142857,17,11,6,377.9624299319401,0.44634146341463415,0.26686314281604706,0.21176600339207594,129606.62853529875,1597.2872512975528,131203.9157865963,914,1,181.5609756097561,33,8,18,35.81345027480242,0.622790404040404,45.43504901960783,1018.2598039215673,30.856357694592948,0
1248,4,1,1,41,0.023809523809523808,0.023809523809523808,0.9761904761904762,42,1100,800,300,0.7272727272727273,14,8,6,372.8323628245434,0.44746902826171114,0.28948859375781133,0.21209634017881934,130201.83000283432,1308.6911848072382,131510.52118764157,915,0,178.21428571428572,34,8,20,35.33841712352734,0.626531862745098,44.85119047619047,1020.5952380952369,30.017507002801086,0
1249,4,1,0,42,0.023809523809523808,0.0,1.0,42,1300,900,400,0.6923076923076923,17,9,8,362.95979543067733,0.44883614014711576,0.27384418306742786,0.2087565816050384,130627.42524092957,1082.5148809523691,131709.94012188195,916,0,176.64285714285714,34,8,17,35.15852451379993,0.6308210784313726,44.4345238095238,1022.2619047619037,30.066526610644225,0
1250,4,0,0,42,0.0,0.0,1.0,42,1150,700,450,0.6086956521739131,16,7,9,363.8981274139045,0.44837640340689117,0.2725280266883894,0.21028759978935346,130810.0357851476,1120.3054138322263,131930.34119897982,917,1,177.64285714285714,34,8,17,34.94947437836999,0.6326593137254901,44.255952380952394,1022.9761904761922,30.087535014005653,0
1251,4,0,1,41,0.0,0.023809523809523808,0.9761904761904762,42,700,300,400,0.42857142857142855,11,3,8,362.78023519624145,0.44823122338366245,0.2684851304718705,0.21030490101025548,130931.84700963723,1099.8972505669035,132031.74426020414,918,2,178.64285714285714,34,8,17,34.85469737505332,0.6338848039215687,44.136904761904766,1023.4523809523813,30.10154061624651,0
1252,4,0,0,41,0.0,0.0,1.0,41,950,500,450,0.5263157894736842,14,5,9,362.6566138704218,0.4461636178861788,0.26276362275364207,0.2110671307519194,131084.19075963725,1307.7097505668992,132391.90051020414,919,3,177.09756097560975,34,7,18,34.70365418894831,0.6354166666666667,43.98809523809524,1024.0476190476195,30.11904761904763,0
1253,4,0,0,41,0.0,0.0,1.0,41,1350,900,450,0.6666666666666666,18,9,9,359.0906027928112,0.4455792682926829,0.2540487363974304,0.20951291531438193,131179.8740381731,1221.092008530531,132400.96604670363,920,4,178.09756097560975,35,6,18,34.69817440590517,0.6342261904761906,43.89467592592593,1024.421296296297,29.269179894179914,0
1254,4,0,0,41,0.0,0.0,1.0,41,1350,1000,350,0.7407407407407407,17,10,7,355.4636608818721,0.4450711382113821,0.24489953312858925,0.2080390427699258,131298.46810967507,1134.3668284893656,132432.83493816445,921,5,179.09756097560975,35,6,19,34.671207415772635,0.6354166666666667,43.77893518518518,1024.8842592592591,29.282407407407405,0
1255,4,0,0,41,0.0,0.0,1.0,41,2050,1600,450,0.7804878048780488,25,16,9,351.8691144077402,0.44441056910569104,0.24015662265426707,0.2079138886435318,131663.9048327665,1065.695667573877,132729.6005003404,922,6,180.09756097560975,34,7,16,34.39445346634187,0.6412377450980392,43.42261904761905,1026.3095238095243,30.18557422969189,0
1256,4,0,0,41,0.0,0.0,1.0,41,1100,700,400,0.6363636363636364,15,7,8,348.29162439739576,0.44385162601626016,0.23636990833158977,0.2066274795083862,131816.6737528345,982.1286848072596,132798.80243764175,923,7,181.09756097560975,34,7,16,34.33225133317875,0.6427696078431373,43.273809523809526,1026.9047619047622,30.203081232493005,0
1257,4,1,2,40,0.023809523809523808,0.047619047619047616,0.9523809523809523,42,1100,800,300,0.7272727272727273,14,8,6,344.4921683569522,0.44487998451413086,0.23859327982644185,0.20626609765687418,132166.31063073207,706.0517865838812,132872.36241731595,924,0,177.76190476190476,36,6,17,34.07782097616178,0.6420717592592593,42.93355855855856,1028.2657657657658,28.56293793793794,0
1258,4,0,0,40,0.0,0.0,1.0,40,800,300,500,0.375,13,3,10,360.18156466803276,0.44225427350427354,0.24672905319272243,0.2141975686781842,131908.37762188198,1502.1931689342268,133410.57079081621,925,1,186.05,34,6,17,33.93450380499865,0.6436887254901961,43.1845238095238,1027.261904761904,30.213585434173645,0
1259,4,0,0,40,0.0,0.0,1.0,40,600,200,400,0.3333333333333333,10,2,8,360.5959130139073,0.44216079059829055,0.24446472019464727,0.21478973949089258,131969.53124999997,1517.5347222222215,133487.0659722222,926,2,187.05,34,6,17,33.86219248445527,0.6443014705882353,43.125,1027.4999999999998,30.220588235294112,0
1260,4,0,2,38,0.0,0.05,0.95,40,900,700,200,0.7777777777777778,11,7,4,363.93610925493107,0.4421875,0.24885639837869178,0.21748015940597426,132091.88102324257,1614.6010487528315,133706.48207199542,927,3,188.05,34,6,17,33.65301100173713,0.6455269607843137,43.00595238095238,1027.9761904761901,30.234593837535005,0
1261,4,0,0,38,0.0,0.0,1.0,38,1450,1300,150,0.896551724137931,16,13,3,375.2776608760849,0.4392632764343291,0.24190066150350864,0.22383203869892201,132019.90370290252,2308.8241301422286,134328.72783304474,928,4,175.76315789473685,33,5,18,33.434195882025605,0.6470959595959596,43.07598039215685,1027.6960784313708,31.142305407011236,0
1262,4,0,0,38,0.0,0.0,1.0,38,850,800,50,0.9411764705882353,9,8,1,375.2776608760849,0.4392632764343291,0.24190066150350864,0.22383203869892201,132019.90370290252,2308.8241301422286,134328.72783304474,929,5,176.76315789473685,33,5,18,33.434195882025605,0.6470959595959596,43.07598039215685,1027.6960784313708,31.142305407011236,0
1263,4,0,0,38,0.0,0.0,1.0,38,1000,700,300,0.7,13,7,6,371.8576097879458,0.4386261261261261,0.23675426047235448,0.2221610848220289,132082.8827854669,2223.205017301011,134306.08780276793,930,6,177.76315789473685,33,5,18,33.4585121602289,0.6477272727272727,43.01470588235293,1027.9411764705865,31.1497326203208,0
1264,4,0,0,38,0.0,0.0,1.0,38,1450,1100,350,0.7586206896551724,18,11,7,372.86297001574115,0.4382556899004268,0.23753182097488224,0.2238778090352021,132271.91014273328,2263.8594530949294,134535.7695958282,931,7,178.76315789473685,33,5,20,33.241998252720194,0.6496212121212122,42.83088235294116,1028.676470588233,31.172014260249487,0
1265,4,0,0,38,0.0,0.0,1.0,38,1150,900,250,0.782608695652174,14,9,5,370.27323837466616,0.4383890469416785,0.22981035584913712,0.22306704848424988,132398.00347222204,2204.6874999999754,134602.69097222202,932,8,179.76315789473685,33,5,20,33.18151147098516,0.6508838383838385,42.70833333333332,1029.1666666666652,31.186868686868642,0
1266,4,0,1,37,0.0,0.02631578947368421,0.9736842105263158,38,1050,800,250,0.7619047619047619,13,8,5,367.8020049423594,0.4379889758179232,0.22208547072787344,0.22250829715843348,132555.7046118077,2150.8507845539884,134706.5553963617,933,9,180.76315789473685,33,5,21,33.086273751437986,0.6524621212121212,42.555147058823515,1029.779411764704,31.205436720142547,0
1267,4,0,0,37,0.0,0.0,1.0,37,800,600,200,0.75,10,6,4,368.60590397543876,0.4368430930930931,0.20870337183610888,0.22360264464948737,132658.02158261914,2379.705993010922,135037.72757563007,934,10,182.1891891891892,32,5,17,32.96257711320832,0.6559244791666667,42.45580808080808,1030.176767676768,32.193023989899,0
1268,4,0,0,37,0.0,0.0,1.0,37,1500,1200,300,0.8,18,12,6,371.6552480728853,0.4361236236236236,0.21053398411889002,0.2260395033361319,132755.59413580253,2467.8626543209944,135223.4567901235,935,11,183.1891891891892,32,5,17,32.785826594788865,0.6569010416666667,42.361111111111114,1030.5555555555559,32.20486111111112,0
1269,4,0,0,37,0.0,0.0,1.0,37,700,300,400,0.42857142857142855,11,3,8,372.43236314772264,0.43599849849849853,0.21347477576804974,0.22670882776844611,132788.12629132243,2490.9191345271006,135279.04542584953,936,12,184.1891891891892,32,5,17,32.733063824574295,0.6572265625,42.32954545454546,1030.6818181818192,32.20880681818185,0
1270,4,0,1,36,0.0,0.02702702702702703,0.972972972972973,37,850,300,550,0.35294117647058826,14,3,11,375.7614948954411,0.43577952952952953,0.21736785150523352,0.22953209639574193,132918.2947690287,2589.11542827263,135507.41019730133,937,13,185.1891891891892,32,5,17,32.51627484592464,0.6585286458333333,42.20328282828283,1031.186868686869,32.22458964646466,0
1271,4,0,0,36,0.0,0.0,1.0,36,1150,1000,150,0.8695652173913043,13,10,3,379.2074476133689,0.43492063492063493,0.20797633618931077,0.23224324190413967,133015.9629757167,2888.1287623711787,135904.09173808788,938,14,187.75,32,4,17,32.32915136678906,0.6595052083333333,42.108585858585855,1031.5656565656561,32.236426767676754,0
1272,4,0,1,35,0.0,0.027777777777777776,0.9722222222222222,36,1100,900,200,0.8181818181818182,13,9,4,381.58701293118827,0.43429232804232804,0.2047141342467984,0.23451821381199514,133146.2430491788,2961.3754336292354,136107.61848280803,939,15,188.75,32,4,17,32.136703776200946,0.6608072916666667,41.98232323232324,1032.070707070708,32.25220959595963,0
1273,4,0,0,35,0.0,0.0,1.0,35,1000,800,200,0.8,12,8,4,381.24776205284127,0.43298319327731094,0.19097008666480275,0.23472000772168913,133211.4069992859,3157.310159677594,136368.71715896347,940,16,185.62857142857143,32,3,17,32.07991886823222,0.6614583333333333,41.919191919191924,1032.323232323233,32.26010101010103,0
1274,4,0,2,33,0.0,0.05714285714285714,0.9428571428571428,35,1350,900,450,0.6666666666666666,18,9,9,381.75016887751735,0.43231792717086837,0.18903248340901135,0.23585471158746926,133341.78272625248,3180.649614835224,136522.4323410877,941,17,186.62857142857143,32,3,18,31.935870008149966,0.6627604166666667,41.792929292929294,1032.8282828282831,32.27588383838385,0
1275,4,0,0,33,0.0,0.0,1.0,33,850,700,150,0.8235294117647058,10,7,3,392.1979659272996,0.4279513888888889,0.18063342467428734,0.24162685872863698,133236.86599731445,3851.0455661349824,137087.91156344942,488,27,169.9090909090909,31,2,18,31.771687266153773,0.6643145161290323,41.89453125,1032.421875,33.303931451612904,0
1276,4,0,0,33,0.0,0.0,1.0,33,950,700,250,0.7368421052631579,12,7,5,391.83030545313426,0.4276357323232323,0.1806873576918966,0.24205591766777731,133337.70751953125,3849.150933159722,137186.85845269097,489,28,170.9090909090909,31,2,18,31.679694066229622,0.6653225806451613,41.796875,1032.8125,33.31653225806452,0
1277,4,1,1,33,0.029411764705882353,0.029411764705882353,0.9705882352941176,34,750,500,250,0.6666666666666666,10,5,5,372.2523292478423,0.42934863339275103,0.16304445442299054,0.21577458022773158,130928.03955078125,2953.1467013888887,133881.18625217013,490,0,166.85294117647058,31,3,20,34.616200169635285,0.6411290322580645,44.140625,1023.4375,33.01411290322581,8
1278,4,0,0,33,0.0,0.0,1.0,33,1050,800,250,0.7619047619047619,13,8,5,374.0392367086866,0.4281881313131313,0.14889484879311943,0.217562467269017,131061.33355034718,3204.4162326388832,134265.74978298607,491,1,165.8181818181818,31,2,20,34.4354018311292,0.6424731182795699,44.010416666666664,1023.9583333333329,33.03091397849461,0
1279,4,0,0,33,0.0,0.0,1.0,33,600,500,100,0.8333333333333334,7,5,2,374.95531111667054,0.42787247474747475,0.15239746479415905,0.21828449459160712,131094.66764661993,3230.928378634973,134325.5960252549,492,2,166.8181818181818,31,2,20,34.37817863954227,0.6428091397849462,43.97786458333333,1024.088541666666,33.03511424731181,0
1280,4,2,3,32,0.05714285714285714,0.08571428571428572,0.9142857142857143,35,950,800,150,0.8421052631578947,11,8,3,354.4738456841719,0.43280812324929974,0.13657238390937976,0.20933455456694322,131642.3445910226,2332.753628412138,133975.09821943473,493,0,158.22857142857143,33,2,16,34.34937504975719,0.6433080808080809,43.44362745098039,1026.2254901960775,31.097742127153865,0
1281,4,0,0,32,0.0,0.0,1.0,32,850,700,150,0.8235294117647058,10,7,3,370.15004296384427,0.4260962701612903,0.12195121951219501,0.2168021680216802,131328.125,3322.2222222222217,134650.34722222222,494,4,165.40625,31,1,20,34.264905149051486,0.6451612903225806,43.75,1025.0,33.064516129032256,0
1282,4,0,0,32,0.0,0.0,1.0,32,900,700,200,0.7777777777777778,11,7,4,381.3588244875861,0.425760248655914,0.14499392427730884,0.21326632974563325,129532.54699707053,3479.6759711371824,133012.2229682077,495,5,166.40625,31,1,19,35.802528353372566,0.627016129032258,45.507812500000014,1017.9687500000017,32.83770161290328,8
1283,4,1,0,33,0.030303030303030304,0.0,1.0,33,1150,900,250,0.782608695652174,14,9,5,371.15708959158053,0.42641256313131315,0.1447040060043152,0.20973362480419985,129940.5533395829,3045.671519487835,132986.22485907073,496,0,162.33333333333334,32,1,20,35.6468008255934,0.6285807291666667,45.107323232323246,1019.5707070707086,31.861584595959645,0
1284,4,2,0,35,0.05714285714285714,0.0,1.0,35,600,400,200,0.6666666666666666,8,4,4,352.6523981069434,0.42888655462184877,0.13772893772893746,0.20171717171717188,130414.54081632671,2198.2001133787053,132612.7409297054,497,0,154.0,34,1,22,35.637626262626256,0.6286764705882353,44.64285714285715,1021.4285714285729,30.04201680672273,0
1285,4,0,0,35,0.0,0.0,1.0,35,1100,900,200,0.8181818181818182,13,9,4,351.7164717452401,0.42878151260504205,0.13808025831793747,0.20165547608479625,130505.75573979608,2180.2047902494514,132685.96053004553,498,1,155.0,34,1,18,35.56909977086489,0.6295955882352942,44.55357142857144,1021.7857142857156,30.0525210084034,0
1286,4,0,1,34,0.0,0.02857142857142857,0.9714285714285714,35,1300,900,400,0.6923076923076923,17,9,8,351.9950867255565,0.42843137254901964,0.13249263837362135,0.20245022168200652,130627.42524092985,2196.042375283463,132823.4676162133,499,2,156.0,34,1,18,35.43874461395132,0.6308210784313726,44.43452380952382,1022.261904761906,30.066526610644292,0
1287,4,0,0,34,0.0,0.0,1.0,34,1000,700,300,0.7,13,7,6,358.5371881080051,0.4254122103386809,0.13674830920259273,0.2061032864237681,130606.84479827489,2565.482176326438,133172.32697460134,500,3,161.52941176470588,33,1,18,35.29240598649243,0.6328914141414141,44.45465686274511,1022.1813725490211,30.975193107546094,0
1288,4,0,0,34,0.0,0.0,1.0,34,900,500,400,0.5555555555555556,13,5,8,356.104379855733,0.4246694890077243,0.14082904037378685,0.2057026476578411,130794.81336805562,2515.321180555561,133310.13454861118,501,4,162.52941176470588,33,1,18,35.16420570264765,0.6347853535353536,44.270833333333336,1022.9166666666672,30.997474747474765,0
1289,4,0,0,34,0.0,0.0,1.0,34,1000,700,300,0.7,13,7,6,355.7673772373693,0.42396390374331555,0.14154918165613362,0.2058421228381703,130857.49959450695,2510.965884515575,133368.46547902253,502,5,163.52941176470588,33,1,18,35.10936938555516,0.6354166666666667,44.20955882352941,1023.1617647058827,31.004901960784323,0
1290,4,0,0,34,0.0,0.0,1.0,34,850,400,450,0.47058823529411764,13,4,9,355.17980002442476,0.4229983660130719,0.13915936212905278,0.2065085058597125,131045.64838343424,2508.9534373798497,133554.60182081407,503,6,164.52941176470588,33,1,21,34.93404647915419,0.6373106060606061,44.025735294117645,1023.8970588235293,31.02718360071301,0
1291,4,1,1,34,0.02857142857142857,0.02857142857142857,0.9714285714285714,35,1100,800,300,0.7272727272727273,14,8,6,347.4768893100913,0.42489495798319327,0.13821246101784967,0.2038467963718327,131389.14399092956,2130.938208616765,133520.08219954633,504,0,160.8,34,1,22,34.7843125870878,0.6384803921568627,43.69047619047618,1025.238095238094,30.154061624649824,0
1292,4,0,0,34,0.0,0.0,1.0,34,700,500,200,0.7142857142857143,9,5,4,346.86711590509776,0.42374108734402854,0.11079353371442613,0.2036514293994959,131419.6588010203,2317.031604308373,133736.69040532867,505,1,153.41176470588235,34,0,22,34.76914741282556,0.6387867647058824,43.66071428571428,1025.357142857142,30.15756302521006,0
1293,4,0,0,34,0.0,0.0,1.0,34,850,600,250,0.7058823529411765,11,6,5,345.6192869069558,0.42314691027926327,0.10861698132532194,0.20324301410944864,131480.6990504534,2288.453089569144,133769.15214002255,506,2,154.41176470588235,34,0,22,34.73955310504933,0.6393995098039216,43.60119047619047,1025.5952380952372,30.164565826330506,0
1294,4,1,0,35,0.02857142857142857,0.0,1.0,35,1200,800,400,0.6666666666666666,16,8,8,337.86602118416323,0.42507002801120447,0.11060157155738759,0.20037081149370956,131803.09070644714,1906.3571673525255,133709.44787379965,507,0,150.97142857142856,35,0,19,34.613578298767635,0.6404761904761904,43.28703703703703,1026.8518518518513,29.33862433862432,0
1295,4,0,1,34,0.0,0.02857142857142857,0.9714285714285714,35,1200,800,400,0.6666666666666666,16,8,8,338.371167245586,0.4237044817927171,0.11308839859025732,0.2014567975613055,131951.69331114966,1929.729697145054,133881.42300829472,508,1,151.97142857142856,35,0,19,34.45103920243324,0.6419642857142858,43.14236111111111,1027.4305555555552,29.35515873015872,0
1296,4,0,0,34,0.0,0.0,1.0,34,1000,500,500,0.5,15,5,10,343.61661132512245,0.4204916815210933,0.1168972803489885,0.20451112798177976,131938.95266439905,2267.283163265307,134206.23582766435,509,2,157.3235294117647,34,0,19,34.32913286983393,0.6439950980392157,43.154761904761905,1027.380952380952,30.217086834733884,0
1297,4,0,0,34,0.0,0.0,1.0,34,950,700,250,0.7368421052631579,12,7,5,344.2058399819697,0.42032456922162803,0.11769134851902052,0.20535791406802661,132030.69905045352,2289.147534013604,134319.84658446713,510,3,158.3235294117647,34,0,20,34.22163983165372,0.6449142156862745,43.06547619047619,1027.7380952380954,30.22759103641457,0
1298,4,0,1,33,0.0,0.029411764705882353,0.9705882352941176,34,1150,800,350,0.6956521739130435,15,8,7,346.1059451708598,0.41984180035650626,0.1273806200336367,0.20749543791332795,132214.2874858276,2352.0301870748244,134566.31767290243,511,4,159.3235294117647,34,0,22,33.98806767758615,0.6467524509803921,42.88690476190476,1028.4523809523805,30.248599439775898,0
1299,4,0,0,33,0.0,0.0,1.0,33,1150,900,250,0.782608695652174,14,9,5,353.53086386469704,0.41860006313131315,0.12051906798779899,0.21244750194303036,132303.42784325746,2754.669027537493,135058.09687079495,512,5,160.63636363636363,33,0,22,33.707439944411355,0.6499368686868687,42.80024509803922,1028.7990196078438,31.175727866904356,0
1300,4,0,0,33,0.0,0.0,1.0,33,850,600,250,0.7058823529411765,11,6,5,354.53258102215693,0.4188762626262626,0.12124099499039964,0.21322747494713692,132334.94929834697,2783.4102268358533,135118.3595251828,513,6,161.63636363636363,33,0,22,33.64995235826585,0.6502525252525253,42.769607843137265,1028.9215686274522,31.17944147355916,0
1301,4,0,0,33,0.0,0.0,1.0,33,850,500,350,0.5882352941176471,12,5,7,352.55913606755644,0.41824494949494945,0.12119768947962717,0.21257316466844278,132429.53619100832,2737.8485738658246,135167.38476487415,514,7,162.63636363636363,33,0,22,33.60556316228121,0.651199494949495,42.677696078431374,1029.289215686275,31.190582293523484,0
1302,4,0,0,33,0.0,0.0,1.0,33,800,500,300,0.625,11,5,6,352.74020293523586,0.41796875,0.11648076624870662,0.21339639490747217,132555.70461180803,2751.545228998474,135307.2498408065,515,8,163.63636363636363,33,0,23,33.47403209171328,0.6524621212121212,42.555147058823536,1029.7794117647065,31.20543672014262,0
1303,4,0,0,33,0.0,0.0,1.0,33,1050,900,150,0.8571428571428571,12,9,3,352.5262565532059,0.41694286616161613,0.12158703379260172,0.21380488546798337,132650.37035034606,2752.547698000779,135402.91804834682,516,9,164.63636363636363,33,0,20,33.3843881354588,0.6534090909090908,42.46323529411765,1030.1470588235297,31.21657754010696,0
1304,4,0,0,33,0.0,0.0,1.0,33,950,800,150,0.8421052631578947,11,8,3,353.8582478798539,0.4165088383838384,0.12325899018728115,0.2151550257716336,132745.06987997406,2794.5875684832827,135539.65744845735,517,10,165.63636363636363,33,0,20,33.25492032346297,0.6543560606060606,42.37132352941177,1030.5147058823532,31.227718360071307,0
1305,4,0,0,33,0.0,0.0,1.0,33,1050,800,250,0.7619047619047619,13,8,5,372.0771926323736,0.4165088383838384,0.14609717738597805,0.20666963513525097,129265.58036169788,3114.2740207078205,132379.8543824057,518,11,166.63636363636363,32,1,22,36.31089106862017,0.6217447916666667,45.77020202020203,1016.9191919191927,31.778724747474772,8
1306,4,0,0,33,0.0,0.0,1.0,33,800,600,200,0.75,10,6,4,368.8804115974671,0.41658775252525254,0.1439093015557762,0.2052279417009114,129329.78777675756,2941.4450693806884,132271.23284613824,519,12,167.63636363636363,32,1,22,36.32670266468057,0.6223958333333333,45.70707070707071,1017.1717171717179,31.786616161616184,0
1307,4,0,0,33,0.0,0.0,1.0,33,650,400,250,0.6153846153846154,9,4,5,369.67004112219155,0.4163510101010101,0.14445271779597912,0.2060028486419518,129394.01113406813,2966.61788337927,132360.6290174474,520,13,168.63636363636363,32,1,22,36.241157855547286,0.623046875,45.643939393939405,1017.4242424242439,31.79450757575762,0
1308,4,0,0,33,0.0,0.0,1.0,33,900,700,200,0.7777777777777778,11,7,4,373.2883063625344,0.4160748106060606,0.1518422032005955,0.2085292472341225,129490.37606175386,3067.448634067948,132557.82469582182,521,14,169.63636363636363,32,1,20,36.050893189430596,0.6240234375,45.54924242424242,1017.80303030303,31.80634469696969,0
1309,4,0,0,33,0.0,0.0,1.0,33,1350,1100,250,0.8148148148148148,16,11,5,386.11561034724105,0.41508838383838387,0.11159234365120252,0.21327678383670723,129045.69644187328,3365.311568867739,132411.00801074103,522,15,170.63636363636363,33,0,16,36.17866260603867,0.6171085858585859,45.986519607843135,1016.0539215686272,30.789512774806884,8
1310,4,1,1,33,0.029411764705882353,0.029411764705882353,0.9705882352941176,34,1250,900,350,0.72,16,9,7,376.7902809246251,0.4154226084373143,0.11131695843458433,0.21010676309719004,129419.51600646375,2952.8970227796804,132372.4130292434,523,0,166.58823529411765,33,1,17,36.03403890160181,0.6208964646464646,45.6188725490196,1017.5245098039206,30.834076054664262,0
1311,4,1,0,34,0.029411764705882353,0.0,1.0,34,600,400,200,0.6666666666666666,8,4,4,368.67593503374513,0.41802213309566255,0.09997027327354968,0.20689167427855856,129669.02941476816,2761.170132881556,132430.1995476497,524,0,162.91176470588235,33,1,17,35.98631833313278,0.6234217171717171,45.37377450980391,1018.5049019607827,30.863784907902506,0
1312,4,1,0,35,0.02857142857142857,0.0,1.0,35,1100,900,200,0.8181818181818182,13,9,4,357.8124553236511,0.41785714285714287,0.1019169861643614,0.2030763405379926,130110.72137188191,2311.047335600892,132421.7687074828,525,0,159.22857142857143,34,1,19,35.81412874367952,0.6256127450980392,44.94047619047618,1020.2380952380938,30.007002801120407,0
1313,4,0,1,34,0.0,0.02857142857142857,0.9714285714285714,35,750,300,450,0.4,12,3,9,358.0573240987543,0.4182422969187675,0.10476634891007297,0.20353231977284628,130171.45691609975,2321.768707482991,132493.22562358275,526,1,160.22857142857143,34,1,20,35.74622802924251,0.6262254901960784,44.88095238095238,1020.4761904761903,30.01400560224089,0
1314,4,1,1,34,0.02857142857142857,0.02857142857142857,0.9714285714285714,35,500,200,300,0.4,8,2,6,356.22475710255776,0.4218487394957983,0.10701129134330367,0.2034418086834715,130353.7485827665,2287.046485260779,132640.79506802728,527,0,158.94285714285715,34,1,22,35.60804771897102,0.6280637254901961,44.702380952380956,1021.1904761904766,30.035014005602253,0
1315,4,0,4,30,0.0,0.11764705882352941,0.8823529411764706,34,400,300,100,0.75,5,3,2,366.73108716751574,0.4204174093879976,0.06255638350014592,0.20098611071040373,128734.59314025874,2658.10036330711,131392.69350356585,528,1,163.7058823529412,33,1,17,36.988663808718755,0.6139520202020202,46.292892156862756,1014.8284313725505,30.752376708259106,8
1316,4,0,0,30,0.0,0.0,1.0,30,900,700,200,0.7777777777777778,11,7,4,397.4526948847665,0.41159003831417623,0.1193283070596296,0.21557006759735092,128320.3727816357,4200.255594135782,132520.62837577148,529,4,184.93333333333334,29,1,22,36.633967329220916,0.6203304597701149,46.70138888888888,1013.1944444444437,34.9377394636015,0
1317,4,2,0,32,0.0625,0.0,1.0,32,600,400,200,0.6666666666666666,8,4,4,376.0764641909418,0.42063592069892475,0.10889811490125667,0.20681553369259242,128870.654635959,3293.0440266926753,132163.69866265167,530,0,174.3125,31,1,20,36.61248610754892,0.6202956989247312,46.15885416666665,1015.3645833333317,32.75369623655909,0
1318,4,1,0,33,0.030303030303030304,0.0,1.0,33,850,500,350,0.5882352941176471,12,5,7,364.4156090350973,0.421283143939394,0.10157175578548294,0.20290923026923138,129361.89746263131,2828.298929956117,132190.19639258744,531,0,170.0,32,1,22,36.40752347854867,0.6227213541666667,45.675505050505045,1017.2979797979795,31.790561868686858,0
1319,4,2,1,34,0.05714285714285714,0.02857142857142857,0.9714285714285714,35,800,600,200,0.75,10,6,4,346.8534196492398,0.4264705882352941,0.1126179913945502,0.19624480797327504,129989.29280045332,2017.4461451246898,132006.738945578,532,0,161.22857142857143,34,1,18,36.21682621215659,0.6243872549019608,45.059523809523796,1019.7619047619031,29.992997198879504,0
1320,4,1,2,33,0.02857142857142857,0.05714285714285714,0.9428571428571428,35,550,400,150,0.7272727272727273,7,4,3,345.51347772224364,0.42888655462184877,0.11732026143790875,0.19579097070927126,130049.99999999988,1986.8055555555418,132036.80555555542,533,0,162.17142857142858,34,1,19,36.18940631808278,0.625,44.99999999999999,1019.9999999999991,29.99999999999997,0
1321,4,1,0,34,0.029411764705882353,0.0,1.0,34,1450,1200,250,0.8275862068965517,17,12,5,355.2683947570061,0.4231097742127154,0.13092420828064655,0.2019331005557398,130168.77710796325,2448.9704981257205,132617.74760608896,534,0,167.73529411764707,33,1,20,35.820098274688775,0.6284722222222222,44.88357843137255,1020.4656862745095,30.923202614379075,0
1322,4,0,0,34,0.0,0.0,1.0,34,950,600,350,0.631578947368421,13,6,7,355.3342034892603,0.4230355020796197,0.1309563325870633,0.2022951866617943,130231.31315179264,2455.1279856305387,132686.4411374232,535,1,168.73529411764707,33,1,20,35.75496758314325,0.6291035353535354,44.82230392156863,1020.7107843137259,30.930629827688662,0
1323,4,0,0,34,0.0,0.0,1.0,34,1050,700,350,0.6666666666666666,14,7,7,356.1161056274162,0.4222370766488413,0.12964740792459484,0.20340869084142252,130359.27456382006,2484.611192582092,132843.88575640216,536,2,169.73529411764707,32,2,22,35.60521760633039,0.6328125,44.6969696969697,1021.2121212121215,31.912878787878796,0
1324,4,0,0,34,0.0,0.0,1.0,34,950,700,250,0.7368421052631579,12,7,5,356.8567289910252,0.42208853238265004,0.13037204806355818,0.20447522677650706,130481.60750973182,2512.6479298827394,132994.25543961456,537,3,170.73529411764707,33,1,22,35.4622716004958,0.6316287878787878,44.57720588235294,1021.6911764705881,30.96033868092691,0
1325,4,1,0,35,0.02857142857142857,0.0,1.0,35,1150,700,450,0.6086956521739131,16,7,9,338.417051530305,0.42503501400560223,0.06821980078882262,0.188824344417823,129443.56575963717,1763.91905107631,131207.48481071347,538,0,166.82857142857142,34,1,17,36.98574715333021,0.6188725490196079,45.595238095238095,1017.6190476190476,29.92997198879552,8
1326,4,1,0,36,0.027777777777777776,0.0,1.0,36,1100,700,400,0.6363636363636364,15,7,8,330.27579381778384,0.4273974867724868,0.06620291501041087,0.1860574769395769,129819.89354263117,1375.2736786265395,131195.1672212577,539,0,163.16666666666666,35,1,19,36.811115843270855,0.6205357142857143,45.22569444444444,1019.0972222222222,29.11706349206349,0
1327,4,3,2,37,0.07692307692307693,0.05128205128205128,0.9487179487179487,39,750,400,350,0.5333333333333333,11,4,7,312.159006132027,0.4310897435897436,0.08064580971448398,0.17936487757748354,130589.98243343188,352.96782544378823,130942.95025887567,540,0,151.53846153846155,38,1,16,36.49459078080905,0.622532894736842,44.47115384615385,1022.1153846153841,26.89777327935221,0
1328,4,1,1,37,0.02631578947368421,0.02631578947368421,0.9736842105263158,38,1150,800,350,0.6956521739130435,15,8,7,320.7638600173994,0.4300023707918445,0.09082390661338025,0.18461742165445874,130654.64854570643,781.8578793475001,131436.50642505393,541,0,156.5,37,1,18,36.209423709423724,0.625,44.40789473684211,1022.368421052632,27.631578947368432,0
1329,4,0,1,36,0.0,0.02702702702702703,0.972972972972973,37,800,600,200,0.75,10,6,4,329.44123682727934,0.42727102102102105,0.1045116497859393,0.18952265829645404,130636.47050767,1207.4080837594515,131843.87859142944,542,1,161.48648648648648,36,1,19,36.00600352500548,0.6267361111111112,44.425675675675684,1022.2972972972987,28.397147147147184,0
1330,4,0,2,34,0.0,0.05555555555555555,0.9444444444444444,36,1150,600,550,0.5217391304347826,17,6,11,334.61782554411167,0.42691798941798936,0.11399637927132877,0.19329100275548133,130794.81336805582,1553.2552083333671,132348.0685763892,543,2,165.72222222222223,35,1,21,35.71367956551255,0.6303571428571428,44.27083333333335,1022.9166666666688,29.22619047619054,0
1331,4,0,0,34,0.0,0.0,1.0,34,1100,800,300,0.7272727272727273,14,8,6,351.1240661665836,0.4226084373143197,0.10813459884073495,0.20200530758356156,130638.16350682448,2374.040633410251,133012.20414023474,544,3,162.05882352941177,33,1,21,35.45013186286264,0.6332070707070707,44.42401960784315,1022.3039215686289,30.978906714200875,0
1332,4,1,0,35,0.02857142857142857,0.0,1.0,35,1100,800,300,0.7272727272727273,14,8,6,340.6908746301775,0.42531512605042016,0.108269230769231,0.19256440739966554,129950.01922337557,1856.374351211066,131806.39357458663,545,0,158.4,33,2,18,36.413762019230774,0.6262626262626263,45.09803921568627,1019.6078431372545,30.89720736779559,8
1333,4,0,0,35,0.0,0.0,1.0,35,1100,800,300,0.7272727272727273,14,8,6,343.33377184416605,0.4254551820728291,0.10722781963921002,0.19452464146078915,130043.75007509121,1929.6822436082164,131973.43231869943,546,1,159.4,33,2,18,36.25132664503985,0.627209595959596,45.00612745098039,1019.9754901960777,30.90834818775993,0
1334,4,0,1,34,0.0,0.02857142857142857,0.9714285714285714,35,500,200,300,0.4,8,2,6,341.5462008200658,0.42461484593837534,0.09942006108232437,0.1939777399746157,130137.5147178969,1889.5947472126109,132027.1094651095,547,2,160.4,33,2,19,36.201857634718564,0.6281565656565656,44.91421568627451,1020.3431372549015,30.919489007724287,0
1335,4,1,0,35,0.02857142857142857,0.0,1.0,35,900,800,100,0.8888888888888888,10,8,2,337.98384894106965,0.42591036414565825,0.11682234981575124,0.19334903094878617,130419.01139285362,1815.9038891291711,132234.9152819828,548,0,161.11428571428573,33,2,23,36.00767346530694,0.6309974747474747,44.63848039215686,1021.4460784313718,30.952911467617326,0
1336,4,0,0,35,0.0,0.0,1.0,35,850,500,350,0.5882352941176471,12,5,7,338.2658964422915,0.4257002801120448,0.10681829859386505,0.19445043709339435,130606.84479827469,1835.9682874375205,132442.8130857122,549,1,162.11428571428573,33,2,16,35.810429404947456,0.6328914141414141,44.4546568627451,1022.1813725490194,30.975193107546044,0
1337,4,0,0,35,0.0,0.0,1.0,35,1050,600,450,0.5714285714285714,15,6,9,336.1940592580915,0.4256302521008403,0.1024148967122489,0.19420150952438003,130794.81336805562,1794.4878472222265,132589.30121527784,550,2,163.11428571428573,33,2,18,35.67337067209774,0.6347853535353536,44.270833333333336,1022.9166666666672,30.997474747474765,0
1338,4,0,0,35,0.0,0.0,1.0,35,750,500,250,0.6666666666666666,10,5,5,334.83621356659916,0.4257703081232493,0.10142155772619144,0.19404699649511942,130920.20083922053,1767.364865676662,132687.5657048972,551,3,164.11428571428573,33,2,18,35.58144234223445,0.6360479797979798,44.14828431372549,1023.4068627450984,31.01232917409389,0
1339,4,1,1,35,0.027777777777777776,0.027777777777777776,0.9722222222222222,36,1150,1000,150,0.8695652173913043,13,10,3,325.44867743901534,0.4279761904761905,0.10576463907280509,0.190468230052514,131297.62081916086,1346.127409297038,132643.7482284579,552,0,160.52777777777777,34,2,20,35.441108142641426,0.6375612745098039,43.7797619047619,1024.8809523809514,30.14355742296916,0
1340,4,1,1,35,0.027777777777777776,0.027777777777777776,0.9722222222222222,36,850,600,250,0.7058823529411765,11,6,5,324.09141711951287,0.4287533068783069,0.11568432231514669,0.19076266957034618,131516.61169982704,1324.6845551946349,132841.29625502168,553,0,160.97222222222223,33,3,21,35.25537634408601,0.6420454545454546,43.56617647058824,1025.7352941176475,31.082887700534773,0
1341,4,0,0,35,0.0,0.0,1.0,35,700,400,300,0.5714285714285714,10,4,6,332.7324316587048,0.42759103641456586,0.12219661112381908,0.19505087455862993,131360.4817907612,1741.5785060197993,133102.060296781,554,1,166.02857142857144,32,3,22,35.191115490413445,0.6429036458333333,43.718434343434346,1025.126262626263,32.03519570707072,0
1342,4,0,1,34,0.0,0.02857142857142857,0.9714285714285714,35,1150,800,350,0.6956521739130435,15,8,7,346.28740261057874,0.4270658263305322,0.09684112367408781,0.19792136089248166,130384.14292800424,2137.2729335458944,132521.41586155014,555,2,167.02857142857144,34,1,18,35.83095349108288,0.6283700980392157,44.67261904761903,1021.3095238095215,30.038515406162396,8
1343,4,1,0,35,0.02857142857142857,0.0,1.0,35,1200,1000,200,0.8333333333333334,14,10,4,342.7176750064533,0.4261204481792717,0.1098532494758917,0.19695943491334683,130597.00255102012,1951.5802154194726,132548.5827664396,556,0,167.94285714285715,34,1,16,35.70662512617441,0.6305147058823529,44.4642857142857,1022.1428571428548,30.063025210083964,0
1344,4,0,0,35,0.0,0.0,1.0,35,900,500,400,0.5555555555555556,13,5,8,341.2820344211237,0.42608543417366945,0.10324834090115265,0.19659767898343583,130688.28124999978,1920.3124999999704,132608.59374999974,557,1,168.94285714285715,34,1,16,35.65097799511001,0.6314338235294117,44.374999999999986,1022.4999999999983,30.073529411764657,0
1345,4,1,0,36,0.027777777777777776,0.0,1.0,36,1350,1100,250,0.8148148148148148,16,11,5,340.7342740006883,0.4287533068783069,0.059235226106499894,0.19085135858073898,129595.04145408157,1642.6055839002229,131237.6470379818,558,0,165.22222222222223,34,2,17,36.772915935928914,0.6204044117647058,45.44642857142857,1018.2142857142851,29.947478991596622,7
1346,4,0,0,36,0.0,0.0,1.0,36,750,700,50,0.9333333333333333,8,7,1,339.8640486991869,0.4285548941798942,0.0576558503109863,0.19095316248975325,129716.28578514735,1617.1804138321927,131333.46619897956,559,1,166.22222222222223,34,2,17,36.67197421214599,0.6216299019607843,45.32738095238095,1018.6904761904759,29.961484593837525,0
1347,4,0,0,36,0.0,0.0,1.0,36,1050,900,150,0.8571428571428571,12,9,3,340.70828490929006,0.4288525132275132,0.0576618504238553,0.19172401121226895,129776.92920918354,1643.214994331043,131420.1442035146,560,2,167.22222222222223,34,2,17,36.58892199244457,0.6222426470588236,45.26785714285713,1018.9285714285703,29.96848739495795,0
1348,4,0,2,34,0.0,0.05555555555555555,0.9444444444444444,36,1400,1000,400,0.7142857142857143,18,10,8,337.9908934425083,0.42830687830687836,0.05586365700201079,0.19108198035215088,129958.94451530626,1584.987953514756,131543.932468821,561,3,168.22222222222223,34,2,17,36.473535707336055,0.6240808823529411,45.08928571428572,1019.6428571428582,29.98949579831936,0
1349,4,1,1,34,0.02857142857142857,0.02857142857142857,0.9714285714285714,35,1000,800,200,0.8,12,8,4,365.47635948687577,0.4244047619047619,0.04779050736497559,0.20486794096007443,129625.3472222223,2475.000000000011,132100.3472222223,562,0,173.37142857142857,34,1,15,36.11224768139662,0.6207107843137255,45.41666666666667,1018.333333333334,29.950980392156882,8
1350,4,0,0,34,0.0,0.0,1.0,34,1100,700,400,0.6363636363636364,15,7,8,386.5073713791929,0.421642899584076,0.0381463830997939,0.2100141893105076,128392.81316080358,3154.294021530186,131547.10718233377,563,1,179.2941176470588,33,1,18,36.836960902861755,0.610479797979798,46.629901960784316,1013.480392156863,30.711527035056456,8
1351,4,0,1,33,0.0,0.029411764705882353,0.9705882352941176,34,800,600,200,0.75,10,6,4,389.07792688812503,0.42186571598336303,0.04117362612356379,0.21174030336964267,128454.92118415983,3195.7948865820704,131650.7160707419,564,2,180.2941176470588,33,1,18,36.708172147001925,0.6111111111111112,46.56862745098039,1013.7254901960775,30.718954248365986,0
1352,4,1,0,34,0.029411764705882353,0.0,1.0,34,1000,500,500,0.5,15,5,10,391.46280019239754,0.42346256684491984,0.06534211946487933,0.21504494938951046,128827.88470780461,3286.264898116098,132114.1496059207,565,0,180.58823529411765,33,1,19,36.26569290197971,0.6148989898989898,46.20098039215686,1015.1960784313718,30.76351752822339,0
1353,4,0,0,34,0.0,0.0,1.0,34,950,900,50,0.9473684210526315,10,9,1,395.80001775214197,0.4230169340463458,0.07414319165543182,0.21845420420541006,129014.56921616697,3412.7937572087776,132427.36297337574,566,1,181.58823529411765,33,1,19,35.96451548049859,0.6167929292929293,46.017156862745104,1015.9313725490206,30.78579916815214,0
1354,4,0,0,34,0.0,0.0,1.0,34,700,400,300,0.5714285714285714,10,4,6,394.63270406750104,0.422961229946524,0.07721253218518798,0.21832481753380822,129107.96215698285,3390.0448445309435,132498.0070015138,567,2,182.58823529411765,33,1,19,35.89862434181437,0.617739898989899,45.92524509803921,1016.2990196078429,30.79693998811645,0
1355,4,0,2,32,0.0,0.058823529411764705,0.9411764705882353,34,700,500,200,0.7142857142857143,9,5,4,395.7351436861559,0.4229983660130719,0.07720366681082469,0.21962638710127325,129232.53864198868,3428.3714496828175,132660.91009167148,568,3,183.58823529411765,33,1,19,35.743215419227845,0.6190025252525253,45.802696078431374,1016.7892156862747,30.811794414735598,0
1356,4,0,0,32,0.0,0.0,1.0,32,700,300,400,0.42857142857142855,11,3,8,402.24925494980243,0.42210601478494625,0.06935682720635339,0.22287863260419516,129168.29639010967,3991.570197211382,133159.86658732104,569,4,184.71875,31,1,19,35.643359591819305,0.6233198924731183,45.86588541666667,1016.5364583333339,32.791498655914,0
1357,4,1,1,32,0.030303030303030304,0.030303030303030304,0.9696969696969697,33,950,600,350,0.631578947368421,13,6,7,393.5502342850456,0.425228851010101,0.0645311677569742,0.21966862107600196,129458.25043362926,3589.6649576573873,133047.91539128666,570,0,180.0909090909091,32,1,18,35.56813482216709,0.6236979166666667,45.58080808080808,1017.676767676768,31.802398989899,0
1358,4,0,0,32,0.0,0.0,1.0,32,700,500,200,0.7142857142857143,9,5,4,405.49149863679776,0.42132896505376344,0.07311939820742608,0.2252410102669554,129267.58660210513,4083.3814832899407,133350.96808539508,571,6,186.71875,31,1,19,35.45934699103714,0.6243279569892473,45.76822916666667,1016.9270833333342,32.80409946236562,0
1359,4,0,0,32,0.0,0.0,1.0,32,950,500,450,0.5263157894736842,14,5,9,405.61182402513845,0.42046790994623656,0.07406325995136287,0.2258763493306065,129366.91496107323,4094.5500691731877,133461.4650302464,572,7,187.71875,31,1,19,35.35467063441273,0.6253360215053764,45.67057291666667,1017.3177083333342,32.81670026881723,0
1360,4,1,1,32,0.030303030303030304,0.030303030303030304,0.9696969696969697,33,700,500,200,0.7142857142857143,9,5,4,397.40478122375237,0.42266414141414144,0.07489370652484184,0.2232772823755737,129715.36705438238,3709.9014131211293,133425.2684675035,573,0,183.0,32,1,19,35.20750702363245,0.6263020833333333,45.32828282828284,1018.6868686868702,31.833964646464693,0
1361,4,0,0,32,0.0,0.0,1.0,32,1250,1000,250,0.8,15,10,5,402.43574439192076,0.42147597446236557,0.08356889612878504,0.2267721073690111,129830.95169067383,4049.723137749566,133880.6748284234,574,1,188.6875,31,1,20,34.961378348451944,0.6300403225806452,45.21484375,1019.140625,32.875504032258064,0
1362,4,1,0,33,0.030303030303030304,0.0,1.0,33,900,700,200,0.7777777777777778,11,7,4,393.45945777913545,0.4234532828282828,0.08721634256707889,0.22380948608224854,130198.1482278594,3645.538561116212,133843.6867889756,575,0,183.93939393939394,32,1,21,34.81586869561631,0.6311848958333333,44.85479797979798,1020.5808080808081,31.893150252525253,0
1363,4,0,0,33,0.0,0.0,1.0,33,900,700,200,0.7777777777777778,11,7,4,394.402808119887,0.4231376262626263,0.08590856611638431,0.2245318521719132,130230.36552392616,3672.644373023165,133903.0098969493,576,1,184.93939393939394,32,1,21,34.758988949365,0.6315104166666667,44.823232323232325,1020.707070707071,31.89709595959597,0
1364,4,0,0,33,0.0,0.0,1.0,33,1200,1000,200,0.8333333333333334,14,10,4,395.8143525790666,0.422427398989899,0.09449801828792537,0.2123401858310906,127880.99500868062,3563.282276282403,131444.27728496303,577,2,185.93939393939394,31,2,21,37.12667353244078,0.6102150537634409,47.13541666666667,1011.4583333333339,32.62768817204303,8
1365,4,1,0,34,0.029411764705882353,0.0,1.0,34,800,500,300,0.625,11,5,6,382.62015200550155,0.4279745989304813,0.09101840787742188,0.2069554619122943,128210.45769585508,3011.452229817712,131221.90992567278,578,0,181.44117647058823,31,3,22,37.12233221907946,0.6135752688172043,46.809895833333336,1012.760416666667,32.66969086021506,0
1366,4,1,0,35,0.02857142857142857,0.0,1.0,35,700,500,200,0.7142857142857143,9,5,4,381.1861085999711,0.43168767507002803,0.061240842490842606,0.19821677647198466,126618.1061394379,2673.1203246604337,129291.22646409833,579,0,177.22857142857143,30,5,19,38.79596242877493,0.6,48.38709677419354,1006.4516129032244,33.54838709677414,8
1367,4,1,0,36,0.027777777777777776,0.0,1.0,36,1050,600,450,0.5714285714285714,15,6,9,372.6959291773606,0.4353670634920635,0.059691908103376656,0.19591205564292616,127059.19265747069,2270.8887736002607,129330.08143107095,580,0,173.27777777777777,31,5,22,38.555388738215164,0.6018145161290323,47.94921875,1008.2031249999999,32.5226814516129,0
1368,4,1,1,36,0.02702702702702703,0.02702702702702703,0.972972972972973,37,1100,800,300,0.7272727272727273,14,8,6,381.22447211761346,0.43609234234234234,0.03128377503943658,0.19783220255559447,126534.62939792218,2265.527343750007,128800.15674167218,581,0,169.56756756756758,31,6,18,38.88111492170309,0.5964381720430108,48.470052083333336,1006.1197916666674,32.45547715053766,8
1369,4,2,0,38,0.05263157894736842,0.0,1.0,38,600,400,200,0.6666666666666666,8,4,4,368.54386597449627,0.4388039355144618,0.054599576732134114,0.19343101131324192,126996.54571281014,1760.759584481199,128757.30529729134,582,0,165.97368421052633,32,6,20,38.72447701365402,0.5986328125,48.01136363636365,1007.9545454545473,31.498579545454604,0
1370,4,1,0,39,0.02564102564102564,0.0,1.0,39,1150,700,450,0.6086956521739131,16,7,9,360.6609408498849,0.4401990553306343,0.07425287135250858,0.19168949274805533,127506.1238170851,1397.3315860626562,128903.45540314776,583,0,162.69230769230768,32,7,18,38.39985206484143,0.6038411458333333,47.506313131313135,1009.9747474747484,31.561710858585887,0
1371,4,3,0,42,0.07142857142857142,0.0,1.0,42,950,500,450,0.5263157894736842,14,5,9,381.8191871216661,0.446888308168796,0.22698335250177193,0.1963709972411182,126166.92648260304,1320.5074373192915,127487.43391992233,584,0,152.0,33,9,19,39.24585264698708,0.5877525252525253,48.835784313725505,1004.6568627450996,30.444147355912108,8
1372,4,2,1,43,0.045454545454545456,0.022727272727272728,0.9772727272727273,44,850,300,550,0.35294117647058826,14,3,11,403.05729077184674,0.45110993657505283,0.20088650999414592,0.20962836127703213,126625.62157064465,1422.8546950128314,128048.47626565749,585,0,146.04545454545453,35,9,17,38.23788715118063,0.5880952380952381,48.379629629629626,1006.481481481481,28.756613756613742,8
1373,4,3,0,46,0.06521739130434782,0.0,1.0,46,700,500,200,0.7142857142857143,9,5,4,383.08628627232156,0.45426731078904997,0.20813276397515512,0.202385207841981,127262.39753266766,551.3531894005912,127813.75072206825,586,0,140.3695652173913,36,10,20,38.08430989583332,0.5925925925925926,47.74774774774774,1009.0090090090077,28.028028028027993,0
1374,4,2,4,44,0.041666666666666664,0.08333333333333333,0.9166666666666666,48,1250,600,650,0.48,19,6,13,367.8722928664539,0.4564309988179669,0.2083531431590071,0.1970521365014704,127820.2174761668,-195.69670447076345,127624.52077169604,587,0,135.47916666666666,38,10,17,37.895536185948224,0.5945723684210527,47.19551282051281,1011.2179487179471,26.610998650472293,0
1375,4,0,1,43,0.0,0.022727272727272728,0.9772727272727273,44,1050,800,250,0.7619047619047619,13,8,5,399.2829857032226,0.45103285764622975,0.21210780370072424,0.2108363429180566,127242.10778061215,1361.121740362803,128603.22952097494,588,1,148.54545454545453,34,10,21,37.696656833824974,0.5965073529411764,47.76785714285714,1008.9285714285706,29.674369747899135,0
1376,4,2,2,43,0.044444444444444446,0.044444444444444446,0.9555555555555556,45,1200,800,400,0.6666666666666666,16,8,8,390.54223330457245,0.4536195286195286,0.20802525715449627,0.20784467148062877,127559.26354595348,963.4559327846478,128522.71947873813,589,0,146.06666666666666,35,10,17,37.59070424686831,0.5976190476190476,47.45370370370371,1010.1851851851861,28.86243386243389,0
1377,4,0,0,43,0.0,0.0,1.0,43,850,400,450,0.47058823529411764,13,4,9,411.85357442251615,0.44857419712070873,0.2182894521298533,0.21766382103947346,127277.43686322558,1883.9334630911071,129161.37032631668,590,3,153.86046511627907,33,10,21,37.34313011092219,0.5991161616161615,47.732843137254896,1009.0686274509795,30.57783719548423,0
1378,4,2,1,44,0.044444444444444446,0.022222222222222223,0.9777777777777777,45,1350,1000,350,0.7407407407407407,17,10,7,394.2216429481388,0.4503367003367003,0.23257480465027602,0.21241332517445924,128056.65569540889,1096.5410397376424,129153.19673514653,591,0,147.9777777777778,35,10,20,36.986492281303576,0.6026785714285714,46.96180555555555,1012.1527777777773,28.91865079365078,0
1379,4,1,1,44,0.022222222222222223,0.022222222222222223,0.9777777777777777,45,1550,1000,550,0.6451612903225806,21,10,11,388.67994845240383,0.44930555555555557,0.2265881657122888,0.2105392171630127,128268.64216887747,971.1501268876386,129239.79229576512,592,0,148.82222222222222,33,12,22,36.90922655052826,0.6092171717171717,46.75245098039216,1012.9901960784323,30.696672608437343,0
1380,4,1,1,44,0.022222222222222223,0.022222222222222223,0.9777777777777777,45,1450,900,550,0.6206896551724138,20,9,11,378.61427489077306,0.4506313131313131,0.21885158227022505,0.2064683990729582,128536.57171201818,733.1561791383277,129269.72789115651,593,0,144.04444444444445,34,11,16,36.88977263833451,0.6096813725490196,46.48809523809524,1014.0476190476194,29.824929971988805,0
1381,4,0,0,44,0.0,0.0,1.0,44,1100,800,300,0.7272727272727273,14,8,6,391.10522692665984,0.4497445384073291,0.2168102690346403,0.21284358139061382,128454.92118415998,1247.8782199154207,129702.7994040754,594,1,148.29545454545453,33,11,17,36.65679400386846,0.6111111111111112,46.568627450980394,1013.7254901960787,30.71895424836602,0
1382,4,2,1,45,0.043478260869565216,0.021739130434782608,0.9782608695652174,46,1450,1100,350,0.7586206896551724,18,11,7,373.8565075938794,0.45109702093397747,0.22286817866693087,0.20670403883339164,129083.7459276405,451.7596879286602,129535.50561556916,595,0,142.80434782608697,35,11,20,36.45121488230828,0.6130952380952381,45.94907407407407,1016.2037037037029,29.03439153439151,0
1383,4,0,0,45,0.0,0.0,1.0,45,1250,900,350,0.72,16,9,7,379.74751692675676,0.4507996632996633,0.21299790356394177,0.2094625444043965,128989.67013888882,796.7013888888849,129786.37152777771,596,1,146.53333333333333,34,11,20,36.39766201804758,0.6142769607843137,46.041666666666664,1015.8333333333327,29.877450980392137,0
1384,4,0,0,45,0.0,0.0,1.0,45,1100,900,200,0.8181818181818182,13,9,4,380.4133379491331,0.4509469696969697,0.2092293277114079,0.21063353303564838,129140.88010204086,825.382653061232,129966.26275510209,597,2,147.53333333333333,34,11,20,36.226282501756856,0.6158088235294117,45.892857142857146,1016.4285714285718,29.894957983193287,0
1385,4,1,1,45,0.021739130434782608,0.021739130434782608,0.9782608695652174,46,1350,1100,250,0.8148148148148148,16,11,5,370.55246964920923,0.45198268921095003,0.21169086778546609,0.20712037771913402,129513.05537533641,398.304848900339,129911.36022423675,598,0,145.30434782608697,33,13,15,36.09739947026244,0.6218434343434344,45.52696078431372,1017.8921568627451,30.84521687462864,0
1386,4,0,0,45,0.0,0.0,1.0,45,1550,1000,550,0.6451612903225806,21,10,11,383.3205235132055,0.450462962962963,0.22527647397066075,0.21476805326171414,129606.62853529876,936.176140186443,130542.80467548521,599,1,149.26666666666668,33,12,17,35.67705199181609,0.622790404040404,45.43504901960783,1018.2598039215674,30.85635769459295,0
1387,4,1,3,43,0.021739130434782608,0.06521739130434782,0.9347826086956522,46,1650,1200,450,0.7272727272727273,21,12,9,373.84199532104225,0.45207326892109506,0.22314424780078368,0.2041107417444416,128584.36113522346,417.35835359126816,129001.71948881472,600,0,147.0,35,11,15,36.96187093461145,0.6080357142857142,46.44097222222221,1014.2361111111086,28.97817460317453,8
1388,4,1,0,44,0.022727272727272728,0.0,1.0,44,1000,700,300,0.7,13,7,6,376.0192079886073,0.45329016913319237,0.24266260415371232,0.2066692037892267,128848.6207561726,889.911265432072,129738.53202160468,601,0,142.3409090909091,35,9,19,36.63645690834474,0.6107142857142858,46.18055555555554,1015.2777777777759,29.007936507936453,0
1389,4,0,0,44,0.0,0.0,1.0,44,1000,500,500,0.5,15,5,10,375.44773175542423,0.45295983086680763,0.2396503496503497,0.20681442850934353,128936.76757812477,881.8033854166372,129818.57096354141,602,1,143.3409090909091,35,9,20,36.56089743589743,0.6116071428571428,46.093749999999986,1015.6249999999982,29.017857142857093,0
1390,4,1,0,45,0.022222222222222223,0.0,1.0,45,1150,800,350,0.6956521739130435,15,8,7,373.4156610801469,0.45389309764309765,0.24858757062146952,0.20816087993377086,129407.39300679418,664.8207090191775,130072.21371581336,603,0,141.13333333333333,35,10,21,36.1322422553369,0.6163690476190475,45.630787037037024,1017.4768518518499,29.07076719576714,0
1391,4,2,0,47,0.0425531914893617,0.0,1.0,47,1600,1300,300,0.8125,19,13,6,359.82221662743115,0.4551534073388837,0.2710291270126126,0.20457332743747678,130178.6502217025,-31.765903932017977,130146.88431777048,604,0,136.08510638297872,37,10,18,35.69389975287417,0.6202139639639639,44.87390350877191,1020.5043859649096,27.58119962067323,0
1392,4,0,0,47,0.0,0.0,1.0,47,1500,1000,500,0.6666666666666666,20,10,10,363.0865250758974,0.45388143694110394,0.27750005425857416,0.20734708160159498,130351.21588059411,65.80810588620488,130417.02398648032,605,1,137.08510638297872,35,12,19,35.43543862631758,0.6258928571428571,44.70486111111111,1021.1805555555554,29.176587301587297,0
1393,4,0,1,46,0.0,0.02127659574468085,0.9787234042553191,47,1050,600,450,0.5714285714285714,15,6,9,364.30665521752064,0.4539199814986124,0.27775540955940015,0.20836074091345544,130410.31867551855,101.86940050581433,130512.18807602437,606,2,138.08510638297872,35,12,19,35.34431067044382,0.6264880952380952,44.64699074074073,1021.4120370370359,29.183201058201025,0
1394,4,0,0,46,0.0,0.0,1.0,46,1250,600,650,0.48,19,6,13,368.01003449057595,0.45240539452495976,0.28286701243972634,0.211162977009833,130536.1678004534,407.72392290248337,130943.89172335589,607,3,141.52173913043478,34,12,16,35.12202935694316,0.6299019607843137,44.52380952380952,1021.904761904761,30.05602240896356,0
1395,4,0,1,45,0.0,0.021739130434782608,0.9782608695652174,46,1250,700,550,0.56,18,7,11,364.82985628467736,0.4514694041867955,0.27338543768640977,0.2100982366635486,130676.4470271774,334.93387774346013,131011.38090492086,608,4,142.52173913043478,35,11,16,35.06103312957512,0.6291666666666667,44.38657407407406,1022.4537037037019,29.212962962962912,0
1396,4,0,0,45,0.0,0.0,1.0,45,1350,1000,350,0.7407407407407407,17,10,7,377.8140441001138,0.4504208754208754,0.28575568233269966,0.2176421746999247,130688.28124999999,875.1736111111118,131563.4548611111,609,5,146.46666666666667,34,11,16,34.717128497690844,0.6314338235294117,44.375,1022.4999999999999,30.073529411764703,0
1397,4,0,1,44,0.0,0.022222222222222223,0.9777777777777777,45,1250,1000,250,0.8,15,10,5,376.6242600156145,0.4496001683501683,0.2836532867946482,0.21798555655449192,130870.93431122445,857.8337585033989,131728.76806972784,610,6,147.46666666666667,34,11,17,34.562245491564866,0.6332720588235294,44.19642857142857,1023.2142857142853,30.09453781512604,0
1398,4,0,0,44,0.0,0.0,1.0,44,1100,700,400,0.6363636363636364,15,7,8,385.9492576181242,0.4487535236081748,0.28413039925921857,0.22258096439690722,130732.14215986646,1291.194642685513,132023.33680255196,611,7,151.6818181818182,33,11,17,34.46462452566406,0.6341540404040404,44.33210784313726,1022.6715686274515,30.990047534165196,0
1399,4,0,0,44,0.0,0.0,1.0,44,1900,1400,500,0.7368421052631579,24,14,10,391.97714361210205,0.44772947498238197,0.29473615464994785,0.22734674329501914,130951.55709342558,1466.0034602076107,132417.5605536332,612,8,152.6818181818182,33,11,18,34.08764367816092,0.6363636363636364,44.11764705882353,1023.5294117647057,31.01604278074866,0
1400,4,0,0,44,0.0,0.0,1.0,44,1250,800,450,0.64,17,8,9,392.27459234356917,0.44717891120507397,0.29047657907622004,0.2280761460703215,131045.64838343424,1481.1756596020718,132526.82404303632,613,9,153.6818181818182,33,11,19,33.98451526032315,0.6373106060606061,44.025735294117645,1023.8970588235293,31.02718360071301,0
1401,4,0,1,43,0.0,0.022727272727272728,0.9772727272727273,44,800,500,300,0.625,11,5,6,380.35930434910557,0.44724497885835096,0.22818886539816807,0.2112327502012563,129258.63997443409,1165.0872109499269,130423.72718538402,614,10,154.6818181818182,36,8,19,36.10741971207088,0.6128472222222222,45.77702702702704,1016.8918918918935,28.24699699699704,8
1402,4,1,0,44,0.022727272727272728,0.0,1.0,44,700,400,300,0.5714285714285714,10,4,6,375.20997632952304,0.44763037350246654,0.22815062635206496,0.2091315321491207,129401.82317029893,910.5710017450164,130312.39417204395,615,0,155.04545454545453,36,8,20,36.09228002213613,0.6142939814814814,45.636261261261275,1017.454954954957,28.262637637637695,0
1403,4,2,2,44,0.043478260869565216,0.043478260869565216,0.9565217391304348,46,900,800,100,0.8888888888888888,10,8,2,360.7392903761718,0.4500503220611916,0.23285479901558648,0.20339555733975648,129853.92011834322,168.68219921104796,130022.60231755427,616,0,149.2608695652174,38,8,19,36.00039308176101,0.6151315789473684,45.19230769230769,1019.2307692307694,26.821862348178144,0
1404,4,0,0,44,0.0,0.0,1.0,44,1300,900,400,0.6923076923076923,17,9,8,369.4472894782479,0.4500528541226216,0.25183345221470854,0.20803537787732893,129803.15778193779,791.0849616508872,130594.24274358868,617,1,156.45454545454547,36,8,19,35.83015618668729,0.6183449074074074,45.24211711711714,1019.0315315315352,28.306431431431534,0
1405,4,0,1,43,0.0,0.022727272727272728,0.9772727272727273,44,1400,900,500,0.6428571428571429,19,9,10,370.77287976629685,0.45021802325581395,0.2545580041162592,0.20970321213515444,129975.34855379054,838.2668563834411,130813.61541017398,618,2,157.45454545454547,36,8,19,35.62120375483159,0.6200810185185186,45.07319819819821,1019.7072072072093,28.325200200200257,0
1406,4,0,1,42,0.0,0.023255813953488372,0.9767441860465116,43,1700,1500,200,0.8823529411764706,19,15,4,376.15481822899153,0.44836655592469543,0.25261724270846697,0.2119676902224395,129831.84831791272,1167.3750608717091,130999.22337878443,619,3,161.58139534883722,36,7,19,35.630064456721925,0.6186342592592593,45.21396396396398,1019.1441441441459,28.30955955955961,0
1407,4,0,0,42,0.0,0.0,1.0,42,850,500,350,0.5882352941176471,12,5,7,381.469246662281,0.44841269841269843,0.2538564721663321,0.2147349902566958,129790.40745027438,1502.2097908093347,131292.6172410837,620,4,164.1904761904762,35,7,19,35.53687717704076,0.6202380952380953,45.25462962962963,1018.9814814814816,29.113756613756617,0
1408,4,0,0,42,0.0,0.0,1.0,42,1350,1000,350,0.7407407407407407,17,10,7,348.6674602449726,0.448146535036779,0.23739191593231568,0.18493836255390014,127423.91889812243,485.71483533393996,127909.63373345637,621,5,165.1904761904762,37,5,16,38.78692441355342,0.5923423423423424,47.58771929824561,1009.649122807017,27.287814129919376,7
1409,4,0,0,42,0.0,0.0,1.0,42,850,400,450,0.47058823529411764,13,4,9,352.1129814440903,0.44777148664343785,0.24298534003266914,0.18727856726691455,127534.65008464144,581.3211757463819,128115.97126038783,622,6,166.1904761904762,37,5,16,38.58644521638442,0.5934684684684685,47.478070175438596,1010.0877192982457,27.299668089141775,0
1410,4,2,0,44,0.045454545454545456,0.0,1.0,44,1500,900,600,0.6,21,9,12,336.8388965096784,0.44993173009161386,0.24812944257388714,0.18189300411522638,128144.53124999999,-165.73272545398618,127978.798524546,623,0,159.5909090909091,38,6,18,38.34876543209877,0.5978618421052632,46.875,1012.4999999999999,26.64473684210526,0
1411,4,2,5,41,0.043478260869565216,0.10869565217391304,0.8913043478260869,46,1700,1200,500,0.7058823529411765,22,12,10,326.83202579255016,0.4525462962962963,0.248789367335563,0.17889752990750118,128685.30636525879,-788.3041261815038,127897.00223907728,624,0,153.6086956521739,40,6,14,38.05109007745727,0.6,46.34146341463415,1014.6341463414635,25.365853658536587,0
1412,4,2,1,42,0.046511627906976744,0.023255813953488372,0.9767441860465116,43,1250,800,450,0.64,17,8,9,344.18049788114234,0.4492201919527501,0.25322326688096397,0.18741418630206366,128477.80687326865,243.91110726377025,128721.71798053243,625,0,164.30232558139534,37,6,15,37.822662052058554,0.6030405405405406,46.546052631578945,1013.8157894736839,27.400426742531998,0
1413,4,1,1,42,0.023255813953488372,0.023255813953488372,0.9767441860465116,43,850,600,250,0.7058823529411765,11,6,5,344.4767623887169,0.44811277224067925,0.25704058958968035,0.188362825391277,128644.60699445975,263.0155432440696,128907.62253770382,626,0,165.27906976744185,37,6,16,37.645013690733535,0.6047297297297297,46.38157894736842,1014.4736842105257,27.41820768136556,0
1414,4,1,0,43,0.023255813953488372,0.0,1.0,43,1000,700,300,0.7,13,7,6,339.173443905394,0.44797434477667036,0.26486236579656075,0.1869288076062947,128957.11343277465,147.76565581855522,129104.87908859321,627,0,164.7674418604651,38,5,17,37.46121279057537,0.6060855263157895,46.073717948717956,1015.7051282051295,26.72908232118762,0
1415,4,1,1,43,0.022727272727272728,0.022727272727272728,0.9772727272727273,44,1400,1100,300,0.7857142857142857,17,11,6,330.38161657546226,0.44922700845665964,0.25681608670956146,0.18358086070724206,129280.8281792537,-257.59819878470046,129023.229980469,628,0,162.0,39,5,19,37.35542780566081,0.6076388888888888,45.75520833333334,1016.9791666666686,26.07638888888894,0
1416,4,0,0,43,0.0,0.0,1.0,43,1150,700,450,0.6086956521739131,16,7,9,339.48081734254106,0.44820505721668513,0.2546421119823177,0.1887637073196225,129307.3133680556,179.47048611112223,129486.78385416673,629,1,165.69767441860466,39,4,19,37.097159634029765,0.607905982905983,45.72916666666667,1017.0833333333338,26.07905982905984,0
1417,4,0,1,42,0.0,0.023255813953488372,0.9767441860465116,43,950,400,550,0.42105263157894735,15,4,11,335.8430607937128,0.4480897009966778,0.24814455892052267,0.18711803621062145,129386.78521050353,90.73079427084377,129477.51600477437,630,2,166.69767441860466,39,4,19,37.10890839903078,0.6087072649572649,45.65104166666667,1017.3958333333338,26.08707264957266,0
1418,4,0,0,42,0.0,0.0,1.0,42,1100,800,300,0.7272727272727273,14,8,6,346.5273598975221,0.44723915989159896,0.24950370781516407,0.1930942099651319,129391.54071015045,567.5417990722372,129959.08250922269,631,3,170.54761904761904,38,4,19,36.832318247050985,0.6104714912280702,45.646367521367516,1017.4145299145297,26.77406657669815,0
1419,4,1,0,43,0.023255813953488372,0.0,1.0,43,1100,800,300,0.7272727272727273,14,8,6,337.72410637443915,0.44845884090070137,0.2476941591708004,0.1895675265286608,129678.3908420141,159.1037326389089,129837.494574653,632,0,167.5581395348837,39,4,16,36.76493147883002,0.6116452991452992,45.36458333333334,1018.5416666666683,26.116452991453034,0
1420,4,1,2,42,0.022727272727272728,0.045454545454545456,0.9545454545454546,44,850,700,150,0.8235294117647058,10,7,3,331.0211875237404,0.44962341437632136,0.244584968416091,0.18685838672203947,129899.73855054869,-200.08685719478746,129699.6516933539,633,0,164.72727272727272,40,4,17,36.71119529458677,0.6122395833333334,45.14735772357724,1019.4105691056917,25.485264227642293,0
1421,4,0,0,42,0.0,0.0,1.0,42,1750,1400,350,0.8,21,14,7,338.40809183707955,0.4485941734417344,0.23273709651645924,0.1902747384291504,129745.05077069181,381.3550113229661,130126.40578201479,634,1,169.02380952380952,38,4,17,36.67986227628638,0.6140350877192983,45.2991452991453,1018.8034188034189,26.810616284300497,0
1422,4,0,0,42,0.0,0.0,1.0,42,950,700,250,0.7368421052631579,12,7,5,338.3941362052862,0.44835220673635306,0.22922345704899705,0.19053147999563305,129799.4797373805,384.676565125295,130184.1563025058,635,2,170.02380952380952,38,4,17,36.624991263018096,0.6145833333333333,45.2457264957265,1019.017094017095,26.816239316239344,0
1423,4,0,2,40,0.0,0.047619047619047616,0.9523809523809523,42,900,500,400,0.5555555555555556,13,5,8,337.92663097951583,0.4476505032907472,0.23134812508109492,0.1907985747222805,129908.37191358033,379.89969135803335,130288.27160493836,636,3,171.02380952380952,38,4,17,36.526453224341495,0.6156798245614035,45.13888888888889,1019.444444444445,26.827485380116975,0
1424,4,1,0,41,0.024390243902439025,0.0,1.0,41,1050,700,350,0.6666666666666666,14,7,7,345.3314416286263,0.44654471544715446,0.2415098497548378,0.19493299409965642,129899.05698147518,771.6457227223882,130670.70270419757,637,0,175.65853658536585,37,4,18,36.34718636836254,0.6173986486486487,45.14802631578948,1019.407894736843,27.55156472261738,0
1425,4,2,0,43,0.046511627906976744,0.0,1.0,43,1100,500,600,0.45454545454545453,17,5,12,332.1005561509502,0.4489894795127353,0.24941842233841593,0.19082318442619478,130589.98243343212,74.30912757522742,130664.29156100734,638,0,168.4418604651163,38,5,18,35.98502665412354,0.622532894736842,44.471153846153854,1022.115384615386,26.897773279352265,0
1426,4,0,0,43,0.0,0.0,1.0,43,1200,1000,200,0.8333333333333334,14,10,4,329.51509530568785,0.4485049833887043,0.24957127102958143,0.1902760869997981,130781.15297866886,18.872817590751424,130800.02579625961,639,1,169.4418604651163,38,5,18,35.85796601907946,0.6244517543859649,44.28418803418803,1022.8632478632467,26.91745389113807,0
1427,4,0,0,43,0.0,0.0,1.0,43,1250,1000,250,0.8,15,10,5,323.8225468061883,0.4478820598006645,0.23794354310022525,0.18751948931739224,130890.45606874114,-122.94383263936305,130767.51223610179,640,2,170.4418604651163,38,5,18,35.89323623581821,0.6255482456140351,44.17735042735042,1023.2905982905968,26.928699955015706,0
1428,4,0,0,43,0.0,0.0,1.0,43,1200,900,300,0.75,15,9,6,313.08787960225726,0.4480204872646733,0.11380099123141396,0.1736214605067064,129201.38888888895,-501.09017733216035,128700.29871155678,641,3,171.4418604651163,39,4,17,37.87568306010929,0.6068376068376069,45.833333333333336,1016.6666666666672,26.068376068376082,8
1429,4,1,2,42,0.022727272727272728,0.045454545454545456,0.9545454545454546,44,2000,1500,500,0.75,25,15,10,311.59761586786874,0.4485002642706131,0.1250805127414243,0.1747352942703925,129640.87106095906,-720.8427316742732,128920.02832928479,642,0,168.52272727272728,40,4,17,37.468191797225806,0.6096354166666667,45.40142276422764,1018.3943089430893,25.459857723577233,0
1430,4,0,0,42,0.0,0.0,1.0,42,1150,1000,150,0.8695652173913043,13,10,3,328.05867685221057,0.44558168795973674,0.1464105793450885,0.18343562635257363,129527.4490466795,98.5207100591391,129625.96975673863,643,1,177.35714285714286,38,4,17,37.16414777497902,0.611842105263158,45.5128205128205,1017.9487179487154,26.78812415654514,0
1431,4,0,0,42,0.0,0.0,1.0,42,1450,1200,250,0.8275862068965517,17,12,5,327.8256614851894,0.44414198606271776,0.15186483591391564,0.18426063042098567,129731.4453124999,105.85937499998579,129837.30468749988,644,2,178.35714285714286,39,3,18,36.963190184049054,0.6121794871794872,45.31249999999999,1018.7499999999992,26.12179487179485,0
1432,4,0,0,42,0.0,0.0,1.0,42,900,600,300,0.6666666666666666,12,6,6,326.5959729504551,0.44411778939217966,0.14828499381760496,0.1838182858113548,129784.51063368036,77.41970486109165,129861.93033854145,645,3,179.35714285714286,39,3,18,36.94072445989231,0.6127136752136753,45.26041666666666,1018.9583333333318,26.127136752136714,0
1433,4,0,0,42,0.0,0.0,1.0,42,1150,700,450,0.6086956521739131,16,7,9,327.88629754091164,0.4432951025938831,0.1480997630481644,0.18517156341794003,129917.22140842004,119.61534288193462,130036.83675130198,646,4,180.35714285714286,39,3,19,36.773377098872665,0.6140491452991452,45.13020833333333,1019.4791666666658,26.14049145299143,0
1434,4,0,0,42,0.0,0.0,1.0,42,1400,1000,400,0.7142857142857143,18,10,8,326.41272210797393,0.4426296941540844,0.1469052238479378,0.18509321294750392,130076.563856337,91.72905815974258,130168.29291449675,647,5,181.35714285714286,39,3,20,36.64958388644951,0.6156517094017093,44.97395833333334,1020.1041666666682,26.156517094017133,0
1435,4,1,0,43,0.023255813953488372,0.0,1.0,43,1550,1100,450,0.7096774193548387,20,11,9,319.90398356437044,0.4426218161683278,0.15159907431996644,0.1832720952569714,130475.34722222241,-251.95041232636862,130223.39680989605,648,0,178.11627906976744,39,4,21,36.412452419793375,0.6196581196581197,44.58333333333334,1021.6666666666681,26.196581196581235,0
1436,4,1,1,43,0.022727272727272728,0.022727272727272728,0.9772727272727273,44,750,300,450,0.4,12,3,9,312.0473186272206,0.4441948555320648,0.15161979528967517,0.17995026746966902,130729.84959556167,-641.2201938330195,130088.62940172864,649,0,175.04545454545453,40,4,18,36.356371526052556,0.6205729166666667,44.33434959349594,1022.6626016260176,25.56656504065044,0
1437,4,1,1,43,0.022727272727272728,0.022727272727272728,0.9772727272727273,44,1900,1400,500,0.7368421052631579,24,14,10,316.3047368064578,0.44286249119097953,0.16428829235280884,0.18388749124783985,131041.82287535543,-510.1701409544409,130531.65273440098,650,0,173.95454545454547,40,4,19,35.9330024813896,0.6236979166666667,44.029471544715456,1023.8821138211393,25.597052845528484,0
1438,4,1,0,44,0.022727272727272728,0.0,1.0,44,1500,1000,500,0.6666666666666666,20,10,10,309.15272976020395,0.44280743481324875,0.14359462155073688,0.18158111406679298,131434.9175347224,-672.6824569122018,130762.2350778102,651,0,163.4090909090909,39,5,21,35.72057429229313,0.6292735042735043,43.64583333333334,1025.416666666668,26.292735042735078,0
1439,4,0,0,44,0.0,0.0,1.0,44,900,500,400,0.5555555555555556,13,5,8,308.5007466867628,0.44221282593375616,0.1391883908130862,0.18170546371837604,131541.75347222257,-683.8541666666268,130857.89930555594,652,1,164.4090909090909,39,5,21,35.62990793392907,0.6303418803418803,43.541666666666686,1025.8333333333362,26.30341880341888,0
1440,4,0,1,43,0.0,0.022727272727272728,0.9772727272727273,44,1500,1200,300,0.8,18,12,6,309.8376484391508,0.44122181113460185,0.1334232738342327,0.1833903919139842,131728.82080078154,-637.0903862846922,131091.73041449685,653,2,165.4090909090909,39,5,15,35.40768222560462,0.6322115384615384,43.359375000000014,1026.5625000000023,26.322115384615444,0
1441,4,0,0,43,0.0,0.0,1.0,43,850,600,250,0.7058823529411765,11,6,5,315.2689451984066,0.43872277593207826,0.14484966855201153,0.18665553261931542,131739.10307774495,-293.35038625903195,131445.75269148592,654,3,169.3953488372093,38,5,15,35.25796128629409,0.634046052631579,43.34935897435898,1026.6025641025647,27.01585695006749,0
1442,4,0,0,43,0.0,0.0,1.0,43,1200,900,300,0.75,15,9,6,314.17110708418795,0.43814599483204136,0.14869303970469372,0.1866774427384046,131876.23844875465,-313.65923369126995,131562.5792150634,655,4,170.3953488372093,38,5,15,35.14839470217043,0.6354166666666667,43.21581196581197,1027.1367521367536,27.029914529914567,0
1443,4,0,1,42,0.0,0.023255813953488372,0.9767441860465116,43,1600,1200,400,0.75,20,12,8,313.56139836560527,0.43708471760797346,0.1456333786557389,0.18743412722411634,132103.35422092024,-315.4975043402667,131787.85671657996,656,5,171.3953488372093,39,4,18,34.936100415442304,0.6359508547008548,42.99479166666667,1028.0208333333342,26.35950854700857,0
1444,4,0,1,41,0.0,0.023809523809523808,0.9761904761904762,42,1400,800,600,0.5714285714285714,20,8,12,369.55261387080816,0.4355642663569493,0.18945195550092997,0.21071471681463835,130291.32806793293,1290.5636904060073,131581.89175833893,657,6,175.21428571428572,36,6,18,35.3311824398853,0.6232638888888888,44.76351351351352,1020.945945945947,28.359609609609638,8
1445,4,1,0,42,0.023809523809523808,0.0,1.0,42,1200,900,300,0.75,15,9,6,363.7986413659655,0.43729432830042586,0.18365486278175336,0.20923471520388015,130626.6245984342,1104.3577110264764,131730.98230946067,658,0,169.1904761904762,37,5,16,35.137898208731094,0.6247184684684685,44.43530701754386,1022.258771929825,27.628615457562837,0
1446,4,0,0,42,0.0,0.0,1.0,42,1050,800,250,0.7619047619047619,13,8,5,363.09427940975627,0.4370523615950445,0.18814502744797634,0.20913243702878181,130682.67549871112,1090.0263783087066,131772.70187701983,659,1,170.1904761904762,37,5,16,35.09908400357461,0.6252815315315315,44.38048245614035,1022.4780701754385,27.634542437174012,0
1447,4,0,0,42,0.0,0.0,1.0,42,1800,1500,300,0.8333333333333334,21,15,6,363.90299515794123,0.4362538714672861,0.18514691851239595,0.2108197798764161,130906.99932912037,1127.4898286010898,132034.48915772146,660,2,171.1904761904762,37,5,17,34.851133076181284,0.6275337837837838,44.16118421052631,1023.3552631578937,27.658250355618748,0
1448,4,1,1,42,0.023255813953488372,0.023255813953488372,0.9767441860465116,43,1250,900,350,0.72,16,9,7,355.6084341331215,0.43745385751199706,0.1886935148421247,0.20828493999225708,131328.12500000015,740.2777777777914,132068.40277777793,661,0,168.1860465116279,38,5,19,34.63753387533875,0.6299342105263157,43.75000000000001,1025.0000000000011,26.973684210526347,0
1449,4,0,0,42,0.0,0.0,1.0,42,1250,800,450,0.64,17,8,9,366.5146407561639,0.4370523615950445,0.2003484320557496,0.21467286101432445,131328.12499999997,1226.7361111111109,132554.8611111111,662,1,172.95238095238096,37,5,19,34.35806233062331,0.6317567567567568,43.75,1024.9999999999998,27.702702702702698,0
1450,4,0,1,41,0.0,0.023809523809523808,0.9761904761904762,42,1200,800,400,0.6666666666666666,16,8,8,371.6111053330876,0.4363506581494387,0.20140882346953326,0.21894165626551426,131553.00188519544,1377.311288088644,132930.31317328408,663,2,173.95238095238096,37,5,19,34.00001781388057,0.634009009009009,43.530701754385966,1025.877192982456,27.726410621147462,0
1451,4,0,0,41,0.0,0.0,1.0,41,850,400,450,0.47058823529411764,13,4,9,380.45188935411744,0.43493394308943084,0.20511804063790628,0.2235093486747484,131443.5782911292,1801.5915408652136,133245.16983199443,664,3,178.82926829268294,36,5,19,33.88402335456475,0.634837962962963,43.6373873873874,1025.4504504504523,28.484734734734786,0
1452,4,1,0,42,0.023809523809523808,0.0,1.0,42,1000,800,200,0.8,12,8,4,372.0472696703316,0.4361207897793264,0.20719091866160078,0.22033387640248675,131749.92696069946,1403.4401209987705,133153.36708169823,665,0,175.54761904761904,37,5,15,33.78980650788564,0.6359797297297297,43.338815789473685,1026.6447368421054,27.747155049786635,0
1453,4,1,1,42,0.023255813953488372,0.023255813953488372,0.9767441860465116,43,1100,700,400,0.6363636363636364,15,7,8,366.7787162863177,0.43625415282392027,0.21691248438213684,0.21936057096477557,132123.26189139104,1092.0000776170853,133215.26196900813,666,0,172.4418604651163,38,5,16,33.54831306938241,0.6378837719298245,42.97542735042736,1028.0982905982917,27.055218173639254,0
1454,4,0,0,42,0.0,0.0,1.0,42,1200,700,500,0.5833333333333334,17,7,10,370.9113937660779,0.4338584010840108,0.21107521310209565,0.22146008950084192,132059.67821829816,1396.4878616497624,133456.16607994793,667,1,177.42857142857142,37,5,16,33.506240665671,0.6390765765765766,43.0372807017544,1027.8508771929842,27.77975343764822,0
1455,4,0,0,42,0.0,0.0,1.0,42,1000,600,400,0.6,14,6,8,371.2768931495998,0.43400358110723963,0.210710222655615,0.22200842794455675,132116.0357032934,1410.3262542320858,133526.36195752549,668,2,178.42857142857142,37,5,16,33.43998862343573,0.6396396396396397,42.982456140350884,1028.0701754385973,27.785680417259385,0
1456,4,0,0,42,0.0,0.0,1.0,42,1050,700,350,0.6666666666666666,14,7,7,348.4745270954641,0.4336043360433604,0.1355561142186752,0.20257867009923006,131039.71370018658,811.9834703311446,131851.69717051773,669,3,179.42857142857142,36,6,15,35.111682431441565,0.630787037037037,44.03153153153153,1023.8738738738731,28.44094094094092,8
1457,4,1,1,42,0.023255813953488372,0.023255813953488372,0.9767441860465116,43,1200,800,400,0.6666666666666666,16,8,8,345.12757893158414,0.43519287559985237,0.13907727814212145,0.2025918387061671,131412.4312889542,470.8108504539772,131883.24213940816,670,0,176.2325581395349,37,6,17,34.82103072755142,0.6326013513513513,43.66776315789473,1025.3289473684204,27.711593172119468,0
1458,4,0,1,41,0.0,0.023809523809523808,0.9761904761904762,42,1000,600,400,0.6,14,6,8,353.7477531354325,0.43414876113046846,0.14129530506851684,0.20703911905373454,131299.26960321804,889.364322092353,132188.6339253104,671,1,181.3095238095238,36,6,17,34.71436289052484,0.6333912037037037,43.77815315315315,1024.887387387387,28.469094094094082,0
1459,4,0,1,40,0.0,0.024390243902439025,0.975609756097561,41,1300,700,600,0.5384615384615384,19,7,12,359.4304499909292,0.43379065040650405,0.1412843783999671,0.21036065001121476,131298.46810967513,1238.5334951560458,132537.00160483117,672,2,180.1951219512195,35,6,20,34.569569922830794,0.6354166666666667,43.77893518518519,1024.8842592592598,29.282407407407423,0
1460,4,0,0,40,0.0,0.0,1.0,40,1250,1100,150,0.88,14,11,3,359.04786461398623,0.43322649572649574,0.1291040984532006,0.21046240482369818,131357.78523930488,1432.7464581190168,132790.5316974239,673,3,180.2,35,5,20,34.519424372436106,0.6360119047619048,43.721064814814824,1025.1157407407422,29.289021164021207,0
1461,4,0,1,39,0.0,0.025,0.975,40,950,700,250,0.7368421052631579,12,7,5,357.306803082357,0.4329727564102564,0.13385540128682671,0.20976679711773405,131417.1157648536,1391.2459008487904,132808.3616657024,674,4,181.2,35,5,21,34.50410599390451,0.6366071428571429,43.66319444444446,1025.347222222224,29.29563492063497,0
1462,4,1,1,39,0.025,0.025,0.975,40,1750,1400,350,0.8,21,14,7,361.87740608873276,0.43346688034188036,0.15665807560137446,0.20648299053298297,130318.55955678684,1540.4356856062693,131858.9952423931,675,0,180.0,37,3,17,35.49944516036656,0.6216216216216216,44.736842105263165,1021.0526315789485,27.59601706970131,8
1463,4,1,1,39,0.025,0.025,0.975,40,1000,700,300,0.7,13,7,6,358.65400845416195,0.4348157051282051,0.14326861188586149,0.2061265515912267,130598.60365689447,1367.9425400123166,131966.5461969068,676,0,174.775,37,3,17,35.297772294929565,0.6244369369369369,44.46271929824562,1022.1491228070179,27.62565196775724,0
1464,4,1,1,39,0.025,0.025,0.975,40,1400,1100,300,0.7857142857142857,17,11,6,355.87442624679665,0.43330662393162395,0.17267466780968732,0.20601861946247538,130878.94833025531,1315.294128962739,132194.24245921805,677,0,175.6,37,3,18,35.08492284612087,0.6272522522522522,44.18859649122806,1023.2456140350865,27.65528686581315,0
1465,4,0,0,39,0.0,0.0,1.0,39,950,600,350,0.631578947368421,13,6,7,361.72372112448807,0.43246738641475485,0.18163239959805422,0.20902660831392159,130809.21292914523,1663.359051619174,132472.5719807644,678,1,180.82051282051282,36,3,18,35.00591699691767,0.6284722222222222,44.25675675675675,1022.9729729729719,28.415915915915885,0
1466,4,0,0,39,0.0,0.0,1.0,39,500,100,400,0.2,9,1,8,367.09549691979515,0.4322143499775079,0.18668381898660313,0.21292475887070927,130953.252133045,1814.469833008661,132767.72196605365,679,2,181.82051282051282,36,3,18,34.72260424689184,0.6299189814814814,44.11599099099098,1023.5360360360344,28.43155655655651,0
1467,4,0,0,39,0.0,0.0,1.0,39,1200,800,400,0.6666666666666666,16,8,8,369.6293039667851,0.4320456590193433,0.19067922070231536,0.2150377006378743,131068.54056336732,1889.3546840759539,132957.8952474433,680,3,182.82051282051282,36,3,18,34.540993071593526,0.6310763888888888,44.00337837837837,1023.9864864864858,28.444069069069048,0
1468,4,0,0,39,0.0,0.0,1.0,39,1050,600,450,0.5714285714285714,15,6,9,368.94491147201967,0.43128654970760233,0.18445868632722884,0.21544677821389166,131212.72243527303,1882.0532525768915,133094.7756878499,681,4,183.82051282051282,36,3,18,34.41255404118122,0.6325231481481481,43.86261261261261,1024.5495495495488,28.45970970970969,0
1469,4,1,0,40,0.025,0.0,1.0,40,1350,1000,350,0.7407407407407407,17,10,7,360.14020638614033,0.43143696581196583,0.17916163390798268,0.21173640152088966,131472.44953991158,1469.753748681117,132942.2032885927,682,0,180.2,36,4,19,34.37557190439588,0.6351273148148149,43.609234234234236,1025.5630630630635,28.487862862862876,0
1470,4,0,0,40,0.0,0.0,1.0,40,1550,1200,350,0.7741935483870968,19,12,7,358.16742733679627,0.4318108974358974,0.17540057067603154,0.21137445582207834,131616.8533398264,1428.173950978013,133045.0272908044,683,1,181.2,36,4,16,34.280344600526774,0.6365740740740741,43.46846846846847,1026.1261261261268,28.503503503503524,0
1471,4,1,1,40,0.024390243902439025,0.024390243902439025,0.975609756097561,41,1050,700,350,0.6666666666666666,14,7,7,348.80918616108244,0.4316310975609756,0.17738359201773823,0.20795417892504214,132003.33275623262,1008.7950138504056,133012.12777008303,684,0,177.7560975609756,37,4,17,34.130921895006395,0.6385135135135135,43.09210526315789,1027.6315789473679,27.773826458036968,0
1472,4,0,0,40,0.0,0.0,1.0,40,1300,1100,200,0.8461538461538461,15,11,4,359.1579358228556,0.43023504273504276,0.17435890410958832,0.21406375992054627,131992.67415642025,1481.2432787517557,133473.917435172,685,1,183.15,36,4,17,33.875799086757986,0.6403356481481481,43.10247747747749,1027.5900900900924,28.544169169169233,0
1473,4,0,1,39,0.0,0.025,0.975,40,850,500,350,0.5882352941176471,12,5,7,361.39103727606437,0.4302083333333333,0.1802147239263805,0.21588857252983756,132079.47812677556,1546.467920623343,133625.9460473989,686,2,184.15,36,4,19,33.730919515045294,0.6412037037037037,43.018018018018026,1027.927927927929,28.553553553553584,0
1474,4,1,1,39,0.025,0.025,0.975,40,1150,800,350,0.6956521739130435,15,8,7,360.69345774916144,0.43022168803418803,0.1777142388092372,0.21696222010889332,132340.06123944902,1546.8388574385358,133886.90009688755,687,0,184.875,36,4,20,33.48632848126666,0.6438078703703703,42.76463963963965,1028.9414414414423,28.58170670670673,0
1475,4,1,1,39,0.025,0.025,0.975,40,1000,600,400,0.6,14,6,8,362.5904551191814,0.43026175213675216,0.18602362204724354,0.2192808942863623,132542.91453615794,1611.7591408976652,134154.6736770556,688,0,184.5,36,4,22,33.23331328375619,0.6458333333333333,42.56756756756757,1029.729729729731,28.603603603603638,0
1476,4,0,0,39,0.0,0.0,1.0,39,1150,900,250,0.782608695652174,14,9,5,362.74316962095776,0.4282782276203329,0.19322827975485568,0.21974482412912888,132606.5394188314,1820.4232842506742,134426.96270308207,689,1,188.66666666666666,35,4,22,33.16536034011312,0.6485119047619048,42.50578703703703,1029.9768518518515,29.427910052910043,0
1477,4,0,0,39,0.0,0.0,1.0,39,1100,800,300,0.7272727272727273,14,8,6,360.98640557056024,0.4275472334682861,0.1876041981600658,0.21972549156567597,132785.41512613595,1786.7459437157045,134572.16106985166,690,2,189.66666666666666,35,4,16,33.03071776155717,0.6502976190476191,42.332175925925924,1030.671296296296,29.447751322751316,0
1478,4,0,1,38,0.0,0.02564102564102564,0.9743589743589743,39,1750,1300,450,0.7428571428571429,22,13,9,355.35149474543425,0.4261414754835808,0.18575498575498584,0.21715924678887638,132934.57031249988,1647.6996527777649,134582.26996527764,691,3,190.66666666666666,35,4,17,33.02609427609427,0.6517857142857143,42.18749999999999,1031.249999999999,29.464285714285687,0
1479,4,0,0,38,0.0,0.0,1.0,38,700,400,300,0.5714285714285714,10,4,6,366.19320740422665,0.42420874822190613,0.19998238120986422,0.22387662355277432,132949.91673752817,2137.071286848051,135086.98802437622,692,4,196.5,34,4,19,32.73115548886067,0.6541053921568627,42.17261904761904,1031.3095238095225,30.33263305322125,0
1480,4,1,0,39,0.02564102564102564,0.0,1.0,39,1350,900,450,0.6666666666666666,18,9,9,358.1227848255832,0.425157444894287,0.20454192747400568,0.22096621619736165,133292.88435570968,1747.0437885802205,135039.9281442899,693,0,192.43589743589743,35,4,20,32.59498991257565,0.6553571428571429,41.840277777777764,1032.6388888888873,29.50396825396821,0
1481,4,1,1,39,0.025,0.025,0.975,40,1000,700,300,0.7,13,7,6,347.7737020312344,0.42554754273504275,0.20129343208800776,0.21646849887110245,133617.71981018173,1293.7458150718141,134911.46562525354,694,0,188.6,36,4,22,32.5368514686127,0.6565393518518519,41.52590090090089,1033.8963963963956,28.71934434434432,0
1482,4,0,0,39,0.0,0.0,1.0,39,850,500,350,0.5882352941176471,12,5,7,355.1759635271844,0.4257759784075574,0.19952461331771731,0.2209214280100841,133591.8477794923,1689.7226508916128,135281.5704303839,695,1,186.28205128205127,35,4,22,32.37143603522914,0.6583333333333333,41.55092592592592,1033.796296296295,29.537037037037,0
1483,4,0,0,39,0.0,0.0,1.0,39,1250,1100,150,0.88,14,11,3,352.8323163865357,0.42524179037336934,0.19785138764547927,0.2201752499462346,133711.5269204388,1635.5495541837956,135347.0764746226,696,2,187.28205128205127,35,4,13,32.31218293046851,0.6595238095238095,41.435185185185176,1034.259259259258,29.550264550264515,0
1484,4,0,0,39,0.0,0.0,1.0,39,1400,1100,300,0.7857142857142857,17,11,6,351.28197977154076,0.42487629329734594,0.19505310084858118,0.21956351994391804,133771.38658479063,1598.2955032578632,135369.6820880485,697,3,188.28205128205127,35,4,14,32.292365928246426,0.6601190476190476,41.3773148148148,1034.4907407407393,29.556878306878264,0
1485,4,0,2,37,0.0,0.05128205128205128,0.9487179487179487,39,1250,900,350,0.72,16,9,7,339.7299725676877,0.4252699055330634,0.1428278452492322,0.20279368604481934,132050.5402995902,1172.3052867056304,133222.84558629585,698,4,189.28205128205127,36,3,18,34.316679449253115,0.6409143518518519,43.046171171171174,1027.815315315316,28.550425425425445,8
1486,4,0,0,37,0.0,0.0,1.0,37,1200,900,300,0.75,15,9,6,352.34020764782446,0.42370495495495497,0.14317349018126713,0.20911803762268538,131832.8045294282,1889.9995445387578,133722.80407396695,699,6,195.9189189189189,35,2,19,34.21205248131034,0.6407738095238096,43.258101851851855,1026.9675925925928,29.341931216931226,0
1487,4,1,0,38,0.02631578947368421,0.0,1.0,38,1450,1200,250,0.8275862068965517,17,12,5,347.63604894752837,0.4255126837363679,0.14617033660467826,0.20846750065907926,132224.21481870385,1593.1807229526883,133817.39554165653,700,0,191.73684210526315,36,2,20,33.938738640096375,0.642650462962963,42.877252252252255,1028.4909909909911,28.569194194194196,0
1488,4,0,0,38,0.0,0.0,1.0,38,800,300,500,0.375,13,3,10,346.7969183559923,0.4246977240398293,0.14917409908443657,0.2090891521993111,132427.7842747985,1585.2236326471245,134013.00790744563,701,1,192.73684210526315,35,3,21,33.755598972975,0.6467261904761905,42.679398148148145,1029.2824074074072,29.408068783068774,0
1489,4,0,0,38,0.0,0.0,1.0,38,800,400,400,0.5,12,4,8,345.1555302520576,0.4246088193456614,0.1433642559636501,0.2085939943697215,132517.1467764058,1547.8052126200034,134064.9519890258,702,2,193.73684210526315,35,3,21,33.708033573141485,0.6476190476190475,42.59259259259258,1029.629629629628,29.41798941798937,0
1490,4,1,0,39,0.02564102564102564,0.0,1.0,39,1300,800,500,0.6153846153846154,18,8,10,339.8325915670537,0.42484817813765186,0.15030637048985684,0.20743381389252952,132891.0244704163,1232.140248356458,134123.16471877275,703,0,189.74358974358975,36,3,20,33.469855832241166,0.6493055555555556,42.229729729729726,1031.0810810810806,28.641141141141127,0
1491,4,0,0,39,0.0,0.0,1.0,39,1400,900,500,0.6428571428571429,19,9,10,338.91802233974875,0.4231893837156995,0.14189731836790687,0.2080044098257947,133094.2994303424,1221.6113495251882,134315.91077986758,704,1,190.74358974358975,36,3,20,33.28967950816692,0.6513310185185186,42.03265765765765,1031.8693693693683,28.66303803803801,0
1492,4,0,1,38,0.0,0.02564102564102564,0.9743589743589743,39,1200,1000,200,0.8333333333333334,14,10,4,342.92774930024495,0.4224865047233468,0.1485825837920085,0.21128774231079558,133239.59094229332,1338.3106079051656,134577.9015501985,705,2,191.74358974358975,36,3,20,33.04064863292612,0.6527777777777778,41.89189189189187,1032.4324324324298,28.678678678678605,0
1493,4,0,0,38,0.0,0.0,1.0,38,900,700,200,0.7777777777777778,11,7,4,350.385563600333,0.4201487671882409,0.15708011617199147,0.21515411054136108,133113.6670524688,1728.2214506172488,134841.88850308605,706,3,197.6578947368421,35,3,20,32.97442799461642,0.6535714285714286,42.01388888888887,1031.9444444444418,29.48412698412691,0
1494,4,0,2,36,0.0,0.05263157894736842,0.9473684210526316,38,1100,1000,100,0.9090909090909091,12,10,2,394.1889323195732,0.4198820531057373,0.1378453220021365,0.22442557741293223,130233.0504785024,2691.398078489389,132924.4485569918,707,4,198.6578947368421,35,3,18,34.76171240125487,0.624702380952381,44.82060185185186,1020.7175925925939,29.163359788359823,8
1495,4,1,0,37,0.02702702702702703,0.0,1.0,37,850,600,250,0.7058823529411765,11,6,5,400.06515862603317,0.42085835835835833,0.16753548801026508,0.2285117939948701,130359.27456382023,3030.4474693094216,133389.72203312966,708,0,204.1081081081081,32,5,19,34.4831849653808,0.6328125,44.69696969696971,1021.212121212123,31.912878787878842,0
1496,4,0,0,37,0.0,0.0,1.0,37,800,500,300,0.625,11,5,6,400.287957310622,0.421265015015015,0.16660596806473937,0.22882892485410786,130391.51178770047,3038.8303808285186,133430.342168529,709,1,205.1081081081081,32,5,19,34.444667655664084,0.6331380208333333,44.665404040404056,1021.3383838383857,31.91682449494955,0
1497,4,0,0,37,0.0,0.0,1.0,37,950,500,450,0.5263157894736842,14,5,9,400.8933107132531,0.42057682682682684,0.16492097633966152,0.22974707296683053,130488.24737271722,3062.3730996837253,133550.62047240094,710,2,206.1081081081081,32,5,15,34.33071758115011,0.6341145833333333,44.57070707070708,1021.7171717171728,31.92866161616165,0
1498,4,1,1,37,0.02631578947368421,0.02631578947368421,0.9736842105263158,38,1250,800,450,0.64,17,8,9,394.1732284637951,0.4228603603603604,0.1667842697478672,0.22899326499211028,131014.28086553258,2728.4644127258853,133742.74527825846,711,0,201.6578947368421,33,5,17,33.96775995531083,0.6369949494949495,44.05637254901961,1023.7745098039223,31.023469994058253,0
1499,4,0,0,37,0.0,0.0,1.0,37,1400,1100,300,0.7857142857142857,17,11,6,403.5265528585605,0.41869994994994997,0.17340897878638373,0.23436914688948482,131004.77629833693,3172.78115753495,134177.5574558719,712,1,208.02702702702703,32,5,17,33.73802622923862,0.6393229166666667,44.06565656565657,1023.737373737374,31.991792929292938,0
1500,4,1,0,38,0.02631578947368421,0.0,1.0,38,1300,1000,300,0.7692307692307693,16,10,6,402.64913778187145,0.4209044570886676,0.181774299098725,0.23683699827676627,131489.9488094327,2989.261459289867,134479.21026872259,713,0,203.52631578947367,32,6,18,33.267932619311416,0.6442057291666667,43.592171717171716,1025.6313131313132,32.050978535353536,0
1501,4,0,0,38,0.0,0.0,1.0,38,1050,800,250,0.7619047619047619,13,8,5,401.8662138267888,0.42091927453769556,0.187410132518103,0.2369785815353037,131587.09092184468,2976.0812034486285,134563.1721252933,714,1,204.52631578947367,32,6,15,33.189504881450496,0.6451822916666667,43.49747474747475,1026.010101010101,32.062815656565654,0
1502,4,0,0,38,0.0,0.0,1.0,38,950,800,150,0.8421052631578947,11,8,3,400.39581868056206,0.42029694167852066,0.19099683305685433,0.23684430630426445,131705.23356401373,2946.844963475574,134652.0785274893,715,2,205.52631578947367,33,5,15,33.10748965297675,0.6439393939393939,43.382352941176464,1026.4705882352932,31.10516934046343,0
1503,4,0,1,37,0.0,0.02631578947368421,0.9736842105263158,38,900,500,400,0.5555555555555556,13,5,8,398.9020192269561,0.4201932195353248,0.19047895164096085,0.23608319229883584,131725.00177154175,2909.0738378684587,134634.0756094102,716,3,206.52631578947367,34,4,15,33.12579728632726,0.6418504901960784,43.36309523809523,1026.5476190476174,30.192577030812277,0
1504,4,0,0,37,0.0,0.0,1.0,37,950,700,250,0.7368421052631579,12,7,5,397.1149342331192,0.41954454454454454,0.18177221513184572,0.23569236196993093,131832.80452942822,3070.5551000943137,134903.35962952254,717,4,209.02702702702703,35,2,15,33.06249765205305,0.6407738095238096,43.258101851851855,1026.967592592593,29.34193121693123,0
1505,4,0,0,37,0.0,0.0,1.0,37,650,500,150,0.7692307692307693,8,5,3,397.1149342331192,0.4193255755755756,0.18177221513184572,0.23569236196993093,131832.80452942822,3070.5551000943137,134903.35962952254,718,5,210.02702702702703,35,2,15,33.06249765205305,0.6407738095238096,43.258101851851855,1026.967592592593,29.34193121693123,0
1506,4,0,0,37,0.0,0.0,1.0,37,1300,1000,300,0.7692307692307693,16,10,6,397.8351177872553,0.419044044044044,0.19368861991074238,0.23704564937686248,131981.42387902943,3101.369062928665,135082.7929419581,719,6,211.02702702702703,35,2,15,32.89357588045356,0.6422619047619047,43.113425925925924,1027.5462962962958,29.358465608465597,0
1507,4,0,1,36,0.0,0.02702702702702703,0.972972972972973,37,1200,900,300,0.75,15,9,6,401.7011189235684,0.4190127627627627,0.19910600633492215,0.2403362526718335,132137.36329234645,3215.9453372291273,135353.30862957556,720,7,212.02702702702703,36,1,16,32.63645491055129,0.6417824074074074,42.961711711711715,1028.1531531531534,28.559809809809817,0
1508,4,0,0,36,0.0,0.0,1.0,36,1000,700,300,0.7,13,7,6,408.1811541271003,0.41838624338624336,0.19692192192192204,0.24359197907585006,132040.89506172828,3579.32098765431,135620.21604938258,721,8,215.61111111111111,35,1,16,32.567567567567565,0.6428571428571428,43.05555555555555,1027.777777777777,29.36507936507934,0
1509,4,0,1,35,0.0,0.027777777777777776,0.9722222222222222,36,750,400,350,0.5333333333333333,11,4,7,410.05025841754224,0.41807208994708994,0.19829160880281216,0.24489955245502312,132070.63567654754,3631.119657707483,135701.75533425502,722,9,216.61111111111111,35,1,16,32.489420298014494,0.643154761904762,43.026620370370374,1027.893518518519,29.368386243386254,0
1510,4,0,0,35,0.0,0.0,1.0,35,1350,800,550,0.5925925925925926,19,8,11,420.800505426843,0.41698179271708685,0.21169267428968586,0.25105533955424586,132030.69905045358,4111.716978458063,136142.41602891166,723,10,222.8,34,1,16,32.25365844241092,0.6449142156862745,43.0654761904762,1027.7380952380959,30.227591036414584,0
1511,4,0,0,35,0.0,0.0,1.0,35,950,700,250,0.7368421052631579,12,7,5,418.6590618007499,0.41705182072829133,0.20765743406466108,0.24997941490924458,132061.2882653062,4057.7310090703077,136119.0192743765,724,11,223.8,34,1,16,32.27767160837002,0.6452205882352942,43.03571428571429,1027.8571428571436,30.231092436974812,0
1512,4,0,0,35,0.0,0.0,1.0,35,650,400,250,0.6153846153846154,9,4,5,417.8232634116883,0.41673669467787117,0.2052444370915707,0.24968192938131,132091.88102324272,4038.2121598639574,136130.09318310668,725,12,224.8,34,1,16,32.268143215595444,0.6455269607843137,43.00595238095239,1027.9761904761913,30.234593837535037,0
1513,4,0,0,35,0.0,0.0,1.0,35,950,500,450,0.5263157894736842,14,5,9,419.20044971091863,0.41586134453781515,0.2086594119009031,0.2511132790986767,132183.68055555562,4082.2916666666756,136265.9722222223,726,13,225.8,34,1,17,32.13972177201513,0.6464460784313726,42.91666666666667,1028.333333333334,30.245098039215705,0
1514,4,0,0,35,0.0,0.0,1.0,35,700,500,200,0.7142857142857143,9,5,4,417.29006968599094,0.4144607843137255,0.20456904817006616,0.2507803047445297,132306.12953514757,4042.006802721108,136348.13633786867,727,14,226.8,34,1,17,32.06481910051686,0.647671568627451,42.79761904761906,1028.8095238095252,30.259103641456623,0
1515,4,0,0,35,0.0,0.0,1.0,35,900,700,200,0.7777777777777778,11,7,4,414.14699520612845,0.4146358543417367,0.20368215773120868,0.24929572608368925,132367.3752834469,3963.910147392311,136331.2854308392,728,15,227.8,34,1,17,32.083670754280426,0.6482843137254901,42.73809523809525,1029.0476190476204,30.26610644257707,0
1516,4,0,1,34,0.0,0.02857142857142857,0.9714285714285714,35,750,500,250,0.6666666666666666,10,5,5,419.3809523809523,0.4138655462184874,0.20614965986394562,0.25307471264367826,132461.07266436,4110.333704560273,136571.40636892026,729,16,228.8,33,2,17,31.85416666666666,0.6515151515151515,42.64705882352942,1029.4117647058833,31.194295900178282,0
1517,4,0,0,34,0.0,0.0,1.0,34,650,200,450,0.3076923076923077,11,2,9,419.2085900536279,0.41237745098039214,0.20003710159536836,0.2536076157106289,132555.70461180795,4313.698006776239,136869.4026185842,730,17,231.11764705882354,33,1,17,31.7628376770201,0.6524621212121212,42.55514705882353,1029.7794117647059,31.2054367201426,0
1518,4,0,1,33,0.0,0.029411764705882353,0.9705882352941176,34,850,600,250,0.7058823529411765,11,6,5,425.91698307110914,0.41174613784907904,0.19960457710746438,0.2580989360283108,132618.81134960108,4496.920805699728,137115.7321553008,731,18,232.11764705882354,33,1,17,31.526249256394998,0.6530934343434344,42.493872549019606,1030.0245098039213,31.212863933452162,0
1519,4,0,0,33,0.0,0.0,1.0,33,750,400,350,0.5333333333333333,11,4,7,394.1703346699425,0.4106691919191919,0.11550149697794088,0.2249580449171366,130327.04132550253,3676.947777450554,134003.98910295308,732,19,236.3030303030303,32,1,19,34.66649148839702,0.6324869791666667,44.72853535353536,1021.0858585858589,31.90893308080809,8
1520,4,0,0,33,0.0,0.0,1.0,33,1050,900,150,0.8571428571428571,12,9,3,390.5167606087875,0.41078756313131315,0.1165823875341796,0.2234286133893277,130423.75299714331,3586.532305377024,134010.28530252032,733,20,237.3030303030303,32,1,19,34.661361763494035,0.6334635416666667,44.633838383838395,1021.4646464646478,31.920770202020243,0
1521,4,0,0,33,0.0,0.0,1.0,33,1000,600,400,0.6,14,6,8,386.9489026547407,0.41059027777777773,0.12024619808163184,0.22212513603457257,130552.7576905419,3503.449265381097,134056.206955923,734,21,238.3030303030303,32,1,17,34.6213244378552,0.634765625,44.507575757575765,1021.9696969696978,31.936553030303056,0
1522,4,1,0,34,0.029411764705882353,0.0,1.0,34,500,300,200,0.6,7,3,4,380.5860924618278,0.41258169934640526,0.12520867525551727,0.22056033713731615,130920.2008392206,3165.2815323433424,134085.48237156394,735,0,232.26470588235293,33,1,18,34.41092384145612,0.6360479797979798,44.1482843137255,1023.4068627450989,31.012329174093907,0
1523,4,0,1,33,0.0,0.029411764705882353,0.9705882352941176,34,1050,800,250,0.7619047619047619,13,8,5,379.05092592592575,0.4121546345811052,0.12256310570205087,0.21984953703703725,130951.55709342583,3127.461793540972,134079.0188869668,736,1,233.26470588235293,33,1,18,34.418402777777786,0.6363636363636364,44.11764705882354,1023.5294117647077,31.016042780748716,0
1524,4,0,0,33,0.0,0.0,1.0,33,900,400,500,0.4444444444444444,14,4,10,378.4463559262412,0.4111032196969697,0.08581748553026647,0.22021572076042306,131077.01965590176,3321.1240868896807,134398.14374279144,671,2,219.03030303030303,33,0,18,34.30668581458433,0.6376262626262627,43.9950980392157,1024.0196078431388,31.030897207367843,0
1525,4,0,0,33,0.0,0.0,1.0,33,1050,900,150,0.8571428571428571,12,9,3,378.5807648985703,0.4110637626262626,0.08185226275678503,0.22065397719820465,131139.77346453306,3329.3991493656486,134469.1726138987,672,3,220.03030303030303,33,0,19,34.239650634122995,0.6382575757575757,43.933823529411775,1024.2647058823545,31.03832442067741,0
1526,4,0,0,33,0.0,0.0,1.0,33,1350,1200,150,0.8888888888888888,15,12,3,380.0647762575182,0.409564393939394,0.08154717910815434,0.2226093689508324,131328.12500000026,3382.6388888889164,134710.76388888917,673,4,221.03030303030303,33,0,20,34.01084010840107,0.6401515151515151,43.750000000000014,1025.000000000002,31.060606060606123,0
1527,4,0,0,33,0.0,0.0,1.0,33,1000,800,200,0.8,12,8,4,378.9324527680624,0.4099589646464647,0.07755895675599334,0.22285914948811789,131485.18786344212,3364.8009479527323,134849.98881139484,674,5,222.03030303030303,33,0,21,33.88086489823556,0.641729797979798,43.59681372549021,1025.6127450980407,31.07917409388002,0
1528,4,0,1,32,0.0,0.030303030303030304,0.9696969696969697,33,600,400,200,0.6666666666666666,8,4,4,410.30018778344646,0.40936710858585856,0.046018217893217805,0.22976810515873022,129586.77685950423,4037.053365570233,133623.83022507446,675,6,223.03030303030303,32,1,17,35.01054067460318,0.625,45.45454545454546,1018.181818181819,31.818181818181845,8
1529,4,1,0,33,0.030303030303030304,0.0,1.0,33,700,500,200,0.7142857142857143,9,5,4,404.281311756333,0.4109059343434343,0.059930156584432126,0.227513959963292,129779.68606519741,3893.500344352617,133673.18640955002,676,0,222.0,32,1,18,34.966697645601,0.626953125,45.265151515151516,1018.9393939393938,31.841856060606055,0
1530,4,0,0,33,0.0,0.0,1.0,33,1050,800,250,0.7619047619047619,13,8,5,406.1950122133211,0.41043244949494945,0.06663363884072337,0.2293439530496751,129908.37191358021,3953.6265432098708,133861.99845679008,677,1,223.0,32,1,18,34.78655767484105,0.6282552083333333,45.138888888888886,1019.4444444444441,31.85763888888888,0
1531,4,0,0,33,0.0,0.0,1.0,33,700,300,400,0.42857142857142855,11,3,8,405.54810706428475,0.4092881944444444,0.06702590813468179,0.23030458560692108,130133.72559241408,3955.097215845324,134088.8228082594,678,2,224.0,32,1,18,34.57312420080023,0.6305338541666667,44.917929292929294,1020.3282828282831,31.885258838383848,0
1532,4,0,0,33,0.0,0.0,1.0,33,300,200,100,0.6666666666666666,4,2,2,404.50912666328253,0.4088936237373737,0.07036962048097894,0.2299045542681189,130165.93491735544,3930.6617309458284,134096.59664830126,679,3,225.0,32,1,18,34.56678421182875,0.630859375,44.88636363636364,1020.454545454546,31.88920454545456,0
1533,4,0,0,33,0.0,0.0,1.0,33,650,400,250,0.6153846153846154,9,4,5,404.46031828415596,0.40877525252525254,0.07420737125054844,0.2300670480429861,130198.14822785939,3931.9968944495436,134130.14512230892,680,4,226.0,32,1,18,34.53518701802137,0.6311848958333333,44.85479797979798,1020.580808080808,31.89315025252525,0
1534,4,2,0,35,0.05714285714285714,0.0,1.0,35,1100,900,200,0.8181818181818182,13,9,4,385.5786929167593,0.4128151260504202,0.06954209257874155,0.22316827377909396,130870.93431122448,3092.208758503398,133963.14306972787,681,0,214.02857142857144,34,1,17,34.33318789994183,0.6332720588235294,44.19642857142857,1023.2142857142856,30.094537815126046,0
1535,4,0,1,34,0.0,0.02857142857142857,0.9714285714285714,35,850,700,150,0.8235294117647058,10,7,3,379.0745517547233,0.4117997198879552,0.08583147779210143,0.20909134777783134,128989.67013888873,2779.3402777777583,131769.01041666648,682,1,215.02857142857144,34,1,19,36.41475252939568,0.6142769607843137,46.04166666666666,1015.833333333332,29.87745098039212,7
1536,4,0,1,33,0.0,0.029411764705882353,0.9705882352941176,34,1150,700,450,0.6086956521739131,16,7,9,387.552688168036,0.4091280451574569,0.09547467635702955,0.21356626858621516,128952.32602845035,3195.164119569365,132147.49014801971,683,2,222.3235294117647,33,1,19,36.237632722007724,0.6161616161616161,46.078431372549005,1015.6862745098019,30.778371954842484,0
1537,4,1,0,34,0.029411764705882353,0.0,1.0,34,1250,1000,250,0.8,15,10,5,384.2841628452909,0.40740121806298274,0.10463071304471172,0.212935012077601,129170.24289035461,3127.615730728557,132297.85862108317,684,0,223.08823529411765,33,1,20,36.09792545710268,0.6183712121212122,45.86397058823529,1016.5441176470583,30.80436720142601,0
1538,4,0,0,34,0.0,0.0,1.0,34,950,800,150,0.8421052631578947,11,8,3,385.8435323177691,0.40792112299465244,0.10433982383616502,0.21431612477843506,129265.58036169759,3175.2613813383027,132440.84174303588,685,1,224.08823529411765,32,2,20,35.96090969290621,0.6217447916666667,45.77020202020201,1016.9191919191903,31.778724747474698,0
1539,4,1,0,35,0.02857142857142857,0.0,1.0,35,950,600,350,0.631578947368421,13,6,7,377.5081419309808,0.4108543417366947,0.10595152140278508,0.21167966662931514,129637.8270977509,2787.8670463283393,132425.69414407923,686,0,218.65714285714284,33,2,16,35.79322101885279,0.6231060606060606,45.404411764705884,1018.3823529411767,30.86007130124778,0
1540,4,0,1,34,0.0,0.02857142857142857,0.9714285714285714,35,850,700,150,0.8235294117647058,10,7,3,375.4166300743138,0.410749299719888,0.1052877592754895,0.21101003690383846,129731.4453125,2740.6684027777783,132472.11371527778,687,1,219.65714285714284,33,2,16,35.75110770279481,0.6240530303030303,45.3125,1018.75,30.87121212121212,0
1541,4,0,0,34,0.0,0.0,1.0,34,800,500,300,0.625,11,5,6,384.69054828965426,0.4085338680926916,0.10821763903378545,0.21525051289795155,129554.63927469139,3167.689043209883,132722.32831790127,688,2,227.02941176470588,32,2,17,35.695202364711236,0.6246744791666667,45.486111111111114,1018.0555555555559,31.81423611111112,0
1542,4,0,0,34,0.0,0.0,1.0,34,500,300,200,0.6,7,3,4,382.3108046871186,0.4079396910279263,0.10503993289814373,0.21426939817940321,129618.91842987963,3110.9426015202553,132729.8610313999,689,3,228.02941176470588,32,2,17,35.69022525315149,0.6253255208333333,45.4229797979798,1018.3080808080811,31.822127525252533,0
1543,4,1,0,35,0.02857142857142857,0.0,1.0,35,800,600,200,0.75,10,6,4,374.7584596893492,0.4109243697478992,0.11035714285714326,0.21181999895484954,129950.01922337565,2739.9738081507185,132689.99303152636,690,0,222.4857142857143,33,2,18,35.545372596153854,0.6262626262626263,45.09803921568628,1019.6078431372551,30.89720736779561,0
1544,4,1,0,36,0.027777777777777776,0.0,1.0,36,750,600,150,0.8,9,6,3,363.35431392882197,0.4143849206349206,0.09674375491804388,0.20719403075571638,130293.86421388415,2268.9429846693656,132562.80719855352,691,0,217.27777777777777,33,3,19,35.486811307166,0.6297348484848485,44.76102941176471,1020.9558823529417,30.93805704099823,0
1545,4,0,0,36,0.0,0.0,1.0,36,1050,900,150,0.8571428571428571,12,9,3,362.27787435914144,0.4142857142857143,0.09437779110844535,0.2072468141924121,130419.01139285375,2249.5844446847414,132668.59583753848,692,1,218.27777777777777,33,3,19,35.38729754049191,0.6309974747474747,44.638480392156865,1021.4460784313728,30.95291146761736,0
1546,4,0,0,36,0.0,0.0,1.0,36,1250,1100,150,0.88,14,11,3,377.34617386744463,0.4150132275132275,0.048297845612712775,0.2191481883031874,131002.08340031283,2686.626987954377,133688.7103882672,693,2,219.27777777777777,35,1,18,34.41080177124552,0.6324404761904762,44.06828703703703,1023.726851851851,29.249338624338602,8
1547,4,1,2,35,0.02702702702702703,0.05405405405405406,0.9459459459459459,37,900,500,400,0.5555555555555556,13,5,8,359.46361058601167,0.41504004004004,-0.0033783783783782884,0.2066915760869564,130617.283950617,2120.0041259430395,132737.28807656004,694,0,214.32432432432432,35,2,20,35.25815217391305,0.6285714285714286,44.44444444444443,1022.2222222222199,29.20634920634914,7
1548,4,0,0,35,0.0,0.0,1.0,35,1050,600,450,0.5714285714285714,15,6,9,360.7477627515573,0.407983193277311,0.03830586826745619,0.20813861852240603,130749.15143140576,2433.492772108827,133182.6442035146,695,1,227.22857142857143,34,1,20,35.09171419702789,0.632046568627451,44.31547619047618,1022.738095238094,30.080532212885117,0
1549,4,0,0,35,0.0,0.0,1.0,35,1150,900,250,0.782608695652174,14,9,5,359.59267472333926,0.4070728291316527,0.037087017217310336,0.20829236064163215,130901.38888888876,2414.2361111110936,133315.62499999985,696,2,228.22857142857143,34,1,20,34.96708740499456,0.633578431372549,44.16666666666666,1023.3333333333322,30.098039215686242,0
1550,4,0,0,35,0.0,0.0,1.0,35,700,500,200,0.7142857142857143,9,5,4,359.53819161255535,0.40651260504201686,0.03163403760418704,0.20864539151059303,130972.46334876529,2417.920524691343,133390.38387345662,697,3,229.22857142857143,35,0,20,34.896540027137036,0.6321428571428571,44.097222222222214,1023.6111111111101,29.246031746031715,0
1551,4,0,0,35,0.0,0.0,1.0,35,1150,900,250,0.782608695652174,14,9,5,354.8456716447196,0.4073179271708684,0.025109790751743688,0.20655753307318925,131090.9636488339,2303.412208504787,133394.3758573387,698,4,230.22857142857143,35,0,20,34.8967751657625,0.6333333333333333,43.981481481481474,1024.074074074073,29.259259259259228,0
1552,4,0,0,35,0.0,0.0,1.0,35,400,100,300,0.25,7,1,6,354.8456716447196,0.4073179271708684,0.025109790751743688,0.20655753307318925,131090.9636488339,2303.412208504787,133394.3758573387,699,5,231.22857142857143,35,0,20,34.8967751657625,0.6333333333333333,43.981481481481474,1024.074074074073,29.259259259259228,0
1553,4,0,0,35,0.0,0.0,1.0,35,1000,700,300,0.7,13,7,6,354.97223100811885,0.4064425770308124,0.03369698534633048,0.20727006522980668,131209.51753257884,2315.1470336076823,133524.66456618652,700,6,232.22857142857143,35,0,21,34.773685796053634,0.6345238095238095,43.86574074074074,1024.537037037037,29.27248677248677,0
1554,4,0,0,35,0.0,0.0,1.0,35,850,700,150,0.8235294117647058,10,7,3,356.9275247782275,0.4048319327731092,0.03048757578345107,0.20922906410440595,131359.53006355723,2377.2735516758607,133736.8036152331,701,7,233.22857142857143,33,2,22,34.572001394700116,0.6404671717171717,43.71936274509803,1025.1225490196073,31.064319667260825,0
1555,4,0,0,35,0.0,0.0,1.0,35,800,300,500,0.375,13,3,10,356.48590242389645,0.40402661064425766,0.026307973302835297,0.2096578016434004,131485.18786344182,2374.5231701749153,133859.71103361674,702,8,234.22857142857143,33,2,22,34.45640160114708,0.641729797979798,43.596813725490186,1025.6127450980382,31.079174093879946,0
1556,4,0,0,35,0.0,0.0,1.0,35,950,500,450,0.5263157894736842,14,5,9,353.38279349521065,0.4032212885154061,0.02526567164179072,0.20886244851957547,131673.78720023533,2306.2501501825964,133980.03735041793,703,9,235.22857142857143,33,2,21,34.34564676616915,0.6436237373737373,43.41299019607842,1026.3480392156848,31.10145573380863,0
1557,4,0,0,35,0.0,0.0,1.0,35,950,800,150,0.8421052631578947,11,8,3,352.0291894314936,0.4030462184873949,0.022194182041400667,0.2085785395372738,131768.13755526702,2277.246131295627,134045.38368656265,704,10,236.22857142857143,33,2,21,34.28523116097715,0.6445707070707071,43.321078431372534,1026.7156862745082,31.112596553772978,0
1558,4,0,0,35,0.0,0.0,1.0,35,1450,1200,250,0.8275862068965517,17,12,5,349.981408048959,0.40220588235294114,0.01794612850355115,0.2081316037253249,131908.3776218819,2233.0959467119906,134141.47356859388,705,11,237.22857142857143,34,1,21,34.196459612933126,0.6436887254901961,43.184523809523796,1027.2619047619032,30.213585434173623,0
1559,4,0,1,34,0.0,0.02857142857142857,0.9714285714285714,35,1150,700,450,0.6086956521739131,16,7,9,351.60586757159683,0.40119047619047615,0.00959438893667719,0.21028173631220964,132122.47732426287,2291.0076530612077,134413.4849773241,706,12,238.22857142857143,34,1,21,33.939082522772885,0.6458333333333333,42.97619047619047,1028.095238095237,30.238095238095205,0
1560,4,0,0,34,0.0,0.0,1.0,34,950,800,150,0.8421052631578947,11,8,3,359.8295794878533,0.3997697563874034,0.011445857008543614,0.214852599536523,132061.28826530598,2703.911564625833,134765.1998299318,707,13,245.5,34,0,21,33.78937919851749,0.6452205882352942,43.03571428571428,1027.8571428571418,30.23109243697476,0
1561,4,0,0,34,0.0,0.0,1.0,34,1000,700,300,0.7,13,7,6,394.77655075360224,0.40021538918597743,-0.05323748620496771,0.2142364796349047,128342.36145019533,3381.844117041348,131724.20556723667,708,14,246.5,31,3,19,36.67919557954253,0.6149193548387097,46.6796875,1013.2812500000001,32.68649193548387,8
1562,4,0,0,34,0.0,0.0,1.0,34,500,300,200,0.6,7,3,4,394.77655075360224,0.40021538918597743,-0.05323748620496771,0.2142364796349047,128342.36145019533,3333.310953776042,131675.67240397137,709,15,247.5,31,3,19,36.67919557954253,0.6149193548387097,46.6796875,1013.2812500000001,32.68649193548387,0
1563,4,0,1,33,0.0,0.029411764705882353,0.9705882352941176,34,1050,800,250,0.7619047619047619,13,8,5,390.3288926129514,0.40069815805109926,-0.050064838489885855,0.2124712324602975,128464.33280086226,3228.6681524844507,131693.00095334672,710,16,248.5,32,2,15,36.66682235230621,0.6136067708333333,46.55934343434344,1013.7626262626271,31.680082070707098,0
1564,4,0,0,33,0.0,0.0,1.0,33,800,300,500,0.375,13,3,10,399.7054305713499,0.4010022095959596,-0.04800348946345567,0.21673226169168447,128309.37915378137,3657.191128200946,131966.5702819823,711,20,256.54545454545456,31,2,19,36.58819024975368,0.6145833333333333,46.71223958333333,1013.1510416666658,32.68229166666664,0
1565,4,0,0,33,0.0,0.0,1.0,33,650,200,450,0.3076923076923077,11,2,9,400.99635676969456,0.4012784090909091,-0.04934608840557697,0.21779167095174684,128375.34798516164,3695.6093682183127,132070.95735337996,712,21,257.54545454545456,31,2,17,36.48777784915843,0.615255376344086,46.647135416666664,1013.411458333333,32.690692204301065,0
1566,4,0,0,33,0.0,0.0,1.0,33,400,200,200,0.5,6,2,4,405.621534751587,0.4005681818181818,-0.05193359413012555,0.22066831922020308,128441.33377075204,3819.7141859266635,132261.0479566787,713,22,258.54545454545456,31,2,17,36.30285270819953,0.6159274193548387,46.58203125000001,1013.6718750000007,32.69909274193551,0
1567,4,1,1,33,0.029411764705882353,0.029411764705882353,0.9705882352941176,34,600,300,300,0.5,9,3,6,395.5746779062204,0.40430035650623886,-0.04090862520673855,0.2168914912012418,128752.49496224888,3386.245344862786,132138.74030711167,714,0,251.91176470588235,32,2,18,36.238543999336486,0.6165364583333333,46.27525252525253,1014.898989898991,31.715593434343468,0
1568,4,1,0,34,0.029411764705882353,0.0,1.0,34,900,700,200,0.7777777777777778,11,7,4,398.98765091550933,0.4057300950683304,-0.030301256993047643,0.21655636430900088,128348.74561004149,3578.418424176209,131927.16403421768,715,0,247.11764705882354,30,4,21,36.56596807711015,0.6177083333333333,46.673387096774185,1013.306451612902,33.77688172043007,8
1569,4,1,0,35,0.02857142857142857,0.0,1.0,35,850,700,150,0.8235294117647058,10,7,3,384.8586078551283,0.4094537815126051,-0.025854704771681503,0.2107662073798322,128705.44645521358,2906.6797892252375,131612.1262444388,716,0,241.02857142857144,31,4,19,36.55858355789383,0.6186155913978495,46.32161458333332,1014.7135416666652,32.73269489247307,0
1570,4,0,1,34,0.0,0.02857142857142857,0.9714285714285714,35,1300,1000,300,0.7692307692307693,16,10,6,386.8156465692117,0.4082633053221289,-0.025395197186452334,0.21289874577228507,128903.70898776577,2972.3943074544177,131876.10329522018,717,1,242.02857142857144,31,4,20,36.30607022267813,0.6206317204301075,46.12630208333333,1015.4947916666661,32.75789650537632,0
1571,4,0,0,34,0.0,0.0,1.0,34,600,500,100,0.8333333333333334,7,5,2,374.40266251580437,0.40866384432560904,0.06461426137746429,0.19547910295774315,126783.27596357155,2693.5992166474225,129476.87518021897,718,2,238.0,33,1,21,38.79644276790785,0.5940656565656566,48.22303921568626,1007.1078431372537,30.518419489007687,8
1572,4,4,3,35,0.10526315789473684,0.07894736842105263,0.9210526315789473,38,650,400,250,0.6153846153846154,9,4,5,348.54973063486875,0.4225343764817449,0.09267224960296261,0.1868850824377167,127859.63909433075,1313.46400963527,129173.10310396602,719,0,213.8421052631579,36,2,19,38.34367924878445,0.5986689814814814,47.15653153153153,1011.3738738738733,28.093718718718705,0
1573,4,1,0,36,0.027777777777777776,0.0,1.0,36,700,500,200,0.7142857142857143,9,5,4,381.0464930313942,0.42174272486772485,0.1442034726348458,0.19258295728883962,125446.82716836725,2360.531750897331,127807.35891926457,720,0,223.69444444444446,34,2,19,40.0103980986334,0.578125,49.55357142857142,1001.7857142857134,29.46428571428569,8
1574,4,3,0,39,0.07692307692307693,0.0,1.0,39,1000,800,200,0.8,12,8,4,358.798775914377,0.42780026990553305,0.15043168251324035,0.18463142701320126,126189.15741008644,1258.1375096013005,127447.29491968775,721,0,207.4102564102564,35,4,22,39.80112218254425,0.5836309523809524,48.8136574074074,1004.7453703703691,28.707010582010543,0
1575,4,3,1,41,0.07142857142857142,0.023809523809523808,0.9761904761904762,42,950,500,450,0.5263157894736842,14,5,9,342.498631409744,0.43458430120015484,0.17379665652421816,0.18006460081413664,127065.08333561609,303.9234284827097,127369.0067640988,722,0,193.52380952380952,38,4,20,39.3104711949419,0.5868969298245614,47.94337606837606,1008.2264957264949,26.532276203328813,0
1576,4,1,1,41,0.023809523809523808,0.023809523809523808,0.9761904761904762,42,1200,700,500,0.5833333333333334,17,7,10,355.7711682807734,0.43580623306233063,0.20216920509816494,0.18124446549040574,125775.77257515145,549.4844172328058,126325.25699238425,723,0,194.47619047619048,38,4,17,40.30359108176237,0.5737390350877193,49.225427350427346,1003.0982905982895,26.39732343679709,8
1577,4,3,3,41,0.06818181818181818,0.06818181818181818,0.9318181818181819,44,1200,800,400,0.6666666666666666,16,8,8,341.1449589450877,0.4426422656800564,0.21917378201908644,0.17642067876874504,126392.74691358002,-175.77959493025753,126216.96731864977,724,0,186.54545454545453,38,6,14,40.03510589318601,0.5800438596491229,48.6111111111111,1005.5555555555536,26.461988304093516,0
1578,4,2,2,41,0.046511627906976744,0.046511627906976744,0.9534883720930233,43,1050,500,550,0.47619047619047616,16,5,11,346.90876980912094,0.44160668143226284,0.23592854735422963,0.1801687481911885,126567.38281249988,181.46701388887527,126748.84982638876,725,0,191.62790697674419,37,6,16,39.71057625948929,0.5836148648648649,48.43749999999999,1006.2499999999991,27.195945945945923,0
1579,4,1,0,42,0.023809523809523808,0.0,1.0,42,1100,800,300,0.7272727272727273,14,8,6,351.4156473531073,0.4406455671699574,0.24490092333229607,0.18287957158171905,126650.14716066474,501.3686903662582,127151.515851031,726,0,196.95238095238096,37,5,17,39.51207334785766,0.5844594594594594,48.35526315789473,1006.5789473684205,27.204836415362717,0
1580,4,2,1,43,0.045454545454545456,0.022727272727272728,0.9772727272727273,44,850,600,250,0.7058823529411765,11,6,5,340.7639909912383,0.44464631782945735,0.25842588493445984,0.18022713655673245,127307.5610435388,-122.86401556012027,127184.69702797868,727,0,188.95454545454547,38,6,19,39.10561789822853,0.5893640350877193,47.70299145299146,1009.1880341880357,26.55757984705357,0
1581,4,0,0,43,0.0,0.0,1.0,43,1550,1200,350,0.7741935483870968,19,12,7,346.77306184167594,0.44218346253229973,0.2535298100926795,0.18343099202245922,127313.23580332432,229.76011849802586,127542.99592182235,728,1,194.1627906976744,37,6,20,38.94819281471824,0.5912162162162162,47.697368421052644,1009.2105263157913,27.27596017069706,0
1582,4,1,0,44,0.022727272727272728,0.0,1.0,44,1750,1100,650,0.6285714285714286,24,11,13,341.66156376687877,0.44372137068358003,0.25275802421679794,0.18239945785748718,127685.20801373366,-74.97443202571196,127610.23358170794,729,0,190.72727272727272,38,6,17,38.69626497533475,0.5932017543859649,47.32905982905983,1010.6837606837606,26.59694107062528,0
1583,4,0,1,43,0.0,0.022727272727272728,0.9772727272727273,44,1550,1400,150,0.9032258064516129,17,14,3,342.2786738120926,0.44340204369274133,0.25279965168213137,0.1834999251265384,127854.65630425356,-47.615559895829165,127807.04074435773,730,1,191.72727272727272,39,5,17,38.507334260308276,0.593215811965812,47.161458333333336,1011.3541666666674,25.93215811965814,0
1584,4,1,0,44,0.022727272727272728,0.0,1.0,44,1000,800,200,0.8,12,8,4,346.66124743856784,0.4418714763918252,0.27338196782641244,0.18719707361682678,128144.53125,85.53331163194355,128230.06456163194,731,0,192.61363636363637,36,8,18,38.10013717421125,0.6015625,46.875,1012.5,28.125,0
1585,4,1,1,44,0.022222222222222223,0.022222222222222223,0.9777777777777777,45,1400,900,500,0.6428571428571429,19,9,10,337.4389481373268,0.4422979797979798,0.26264024024024035,0.18425680462044086,128588.99493113245,-321.81296168054195,128267.1819694519,732,0,189.3111111111111,37,8,17,37.88018018018018,0.6041666666666667,46.43640350877192,1014.2543859649105,27.412280701754337,0
1586,4,0,0,44,0.0,0.0,1.0,44,1450,1100,350,0.7586206896551724,18,11,7,347.48690006499476,0.4415961945031712,0.27421113197262414,0.1896646679991116,128572.46393352801,135.4493851959901,128707.913318724,733,2,194.61363636363637,36,8,17,37.64226626693315,0.6059027777777778,46.452702702702695,1014.1891891891883,28.171921921921896,0
1587,4,1,0,45,0.022222222222222223,0.0,1.0,45,1400,1100,300,0.7857142857142857,17,11,6,338.02734450738444,0.44436026936026934,0.26111111111111174,0.1863979356855002,128978.53185595533,-280.34587565409055,128698.18598030123,734,0,191.26666666666668,37,8,18,37.468516119746674,0.6081081081081081,46.05263157894735,1015.7894736842077,27.45376955903264,0
1588,4,1,0,46,0.021739130434782608,0.0,1.0,46,1350,1000,350,0.7407407407407407,17,10,7,297.43444751516245,0.4450382447665056,0.12296124664940233,0.16861025465762594,130064.82600392099,-1462.8480672736089,128601.97793664738,735,0,188.08695652173913,42,4,16,37.4004543871315,0.6108630952380952,44.985465116279066,1020.0581395348834,24.287098560354366,8
1589,4,1,1,46,0.02127659574468085,0.02127659574468085,0.9787234042553191,47,1300,900,400,0.6923076923076923,17,9,8,300.9853963013437,0.4454401788467468,0.13771055595248183,0.17225776589624117,130435.75074364511,-1547.9985427558565,128887.75220088926,736,0,185.06382978723406,42,5,17,36.935590969455504,0.6145833333333333,44.62209302325581,1021.511627906976,24.32170542635657,0
1590,4,0,0,46,0.0,0.0,1.0,46,1300,700,600,0.5384615384615384,19,7,12,305.73614716760665,0.4459541062801932,0.1365473024511934,0.1753119995585867,130509.99907044334,-1219.6751434709524,129290.32392697239,737,1,188.15217391304347,42,4,13,36.73937094989728,0.6153273809523809,44.54941860465116,1021.8023255813943,24.328626799557007,0
1591,4,2,2,46,0.041666666666666664,0.041666666666666664,0.9583333333333334,48,1250,900,350,0.72,16,9,7,305.10874434696206,0.4474826388888889,0.16472649186256794,0.17760540591986282,131090.96364883368,-1600.6001371742407,129490.36351165944,738,0,181.27083333333334,44,4,15,36.17013261000603,0.6183712121212122,43.98148148148147,1024.0740740740714,23.274410774410715,0
1592,4,1,1,46,0.02127659574468085,0.02127659574468085,0.9787234042553191,47,1250,700,550,0.56,18,7,11,312.48415329161395,0.4465386987357385,0.16393584554446927,0.18175853413352433,131061.333550347,-1209.08203125002,129852.25151909699,739,0,185.95744680851064,43,4,16,36.0111478467277,0.6194282945736433,44.01041666666666,1023.9583333333316,23.81298449612399,0
1593,4,0,2,44,0.0,0.043478260869565216,0.9565217391304348,46,1500,1000,500,0.6666666666666666,20,10,10,320.73279993985295,0.44465579710144926,0.14978816173748566,0.18688785531225116,131129.55670482508,-788.4900246379763,130341.06668018711,740,1,190.7826086956522,42,4,18,35.73123620309052,0.6215277777777778,43.94379844961239,1024.2248062015474,24.386304909560653,0
1594,4,1,0,45,0.022222222222222223,0.0,1.0,45,1750,1500,250,0.8571428571428571,20,15,5,319.96179555718373,0.44088804713804713,0.16195282773882513,0.18753686897428487,131354.81906467004,-593.9947846832678,130760.82427998677,741,0,195.3111111111111,39,6,20,35.52410408833791,0.6284722222222222,43.72395833333333,1025.1041666666658,26.2847222222222,0
1595,4,0,0,45,0.0,0.0,1.0,45,750,500,250,0.6666666666666666,10,5,5,322.34115850489405,0.44084595959595957,0.15487599760687254,0.1891952309578814,131408.2153320312,-528.3447265625003,130879.87060546869,742,1,196.3111111111111,39,6,20,35.409364523011305,0.6290064102564102,43.671875,1025.3124999999995,26.29006410256409,0
1596,4,0,1,44,0.0,0.022222222222222223,0.9777777777777777,45,900,800,100,0.8888888888888888,10,8,2,324.34296851278145,0.44063552188552185,0.15802067813445286,0.19050311348686275,131434.91753472216,-474.00173611112183,130960.91579861104,743,2,197.3111111111111,39,6,20,35.33116619260463,0.6292735042735043,43.64583333333333,1025.416666666666,26.29273504273503,0
1597,4,0,1,43,0.0,0.022727272727272728,0.9772727272727273,44,1500,1000,500,0.6666666666666666,20,10,10,333.87108660228023,0.440263830162086,0.16622558256242237,0.1965356408625685,131519.83486969466,-17.865964460517432,131501.96890523416,744,3,200.5681818181818,38,6,20,35.001345345970904,0.6318530701754386,43.56303418803419,1025.7478632478633,26.99336482231219,0
1598,4,0,0,43,0.0,0.0,1.0,43,800,600,200,0.75,10,6,4,340.4083315710022,0.4385843484680694,0.16901744683390696,0.19996851236507598,131440.53939673735,348.69094336718376,131789.23034010455,745,4,205.8372093023256,37,6,20,34.913654833190776,0.6328828828828829,43.64035087719298,1025.4385964912274,27.714556661925066,0
1599,4,0,0,43,0.0,0.0,1.0,43,1250,900,350,0.72,16,9,7,340.48167639734095,0.4379614248800295,0.16701247648700268,0.20104530027777373,131637.3803117305,364.0231850184605,132001.40349674894,746,5,206.8372093023256,37,6,15,34.7133552373829,0.6348536036036037,43.4484649122807,1026.206140350877,27.735301090564242,0
1600,4,0,1,42,0.0,0.023255813953488372,0.9767441860465116,43,1100,700,400,0.6363636363636364,15,7,8,338.6377753937712,0.43798449612403095,0.16558775455453234,0.2003999275117881,131721.78578985843,321.194502154508,132042.98029201294,747,6,207.8372093023256,37,6,15,34.6756391084526,0.6356981981981982,43.36622807017544,1026.5350877192984,27.74419155998104,0
1601,4,0,0,42,0.0,0.0,1.0,42,1100,800,300,0.7272727272727273,14,8,6,346.5038389937442,0.4348988579171506,0.16904918649487466,0.20480129627684723,131674.6370525931,725.1534473662834,132399.7904999594,748,7,213.3095238095238,36,6,15,34.52129507717066,0.6371527777777778,43.41216216216216,1026.3513513513512,28.509759759759756,0
1602,4,0,0,42,0.0,0.0,1.0,42,1100,800,300,0.7272727272727273,14,8,6,343.2730535073414,0.43430603948896634,0.16488262492008943,0.2032354141190416,131739.10307774495,644.4968359631894,132383.59991370814,749,8,214.3095238095238,38,4,15,34.53923405141013,0.634046052631579,43.34935897435898,1026.6025641025647,27.01585695006749,0
1603,4,0,1,41,0.0,0.023809523809523808,0.9761904761904762,42,850,700,150,0.8235294117647058,10,7,3,344.1188668151564,0.43443912117692607,0.16109211634705933,0.203883003088388,131766.5244448097,668.6694152239045,132435.1938600336,750,9,215.3095238095238,38,4,15,34.48989767603191,0.6343201754385965,43.322649572649574,1026.7094017094018,27.01866846603689,0
1604,4,0,0,41,0.0,0.0,1.0,41,1000,800,200,0.8,12,8,4,357.346639706979,0.4324186991869919,0.1755868348944063,0.21178442621621169,131778.07113727275,1218.0901815943112,132996.16131886706,751,12,221.34146341463415,37,4,16,34.13872276804784,0.6362612612612613,43.31140350877192,1026.7543859649104,27.750118539592172,0
1605,4,0,0,41,0.0,0.0,1.0,41,1400,1100,300,0.7857142857142857,17,11,6,357.17369380750665,0.4320376016260163,0.1713382743817835,0.2124673230020652,131918.83710612866,1223.5876663973372,133142.424772526,752,13,222.34146341463415,37,4,16,34.00120521578255,0.6376689189189189,43.17434210526315,1027.3026315789461,27.764935988620167,0
1606,4,0,1,40,0.0,0.024390243902439025,0.975609756097561,41,850,600,250,0.7058823529411765,11,6,5,356.0866910044834,0.43158028455284553,0.16592547873627672,0.21245070367823157,132031.50398439888,1202.9322724299554,133234.43625682883,753,14,223.34146341463415,37,4,16,33.915568654646314,0.638795045045045,43.06469298245613,1027.741228070174,27.77678994784254,0
1607,4,0,1,39,0.0,0.025,0.975,40,1500,1000,500,0.6666666666666666,20,10,10,363.60521410385263,0.42853899572649573,0.17523474178403764,0.2167753223016096,132003.33275623253,1599.4200138503911,133602.7527700829,754,16,229.575,37,3,16,33.75080025608194,0.6385135135135135,43.09210526315788,1027.631578947367,27.773826458036943,0
1608,4,0,0,39,0.0,0.0,1.0,39,1250,1100,150,0.88,14,11,3,370.65944402176984,0.4245670265407107,0.18093760365192058,0.2204143056301556,131905.89871966565,1978.4334165246357,133884.3321361903,755,17,236.05128205128204,36,3,17,33.667918219688666,0.6394675925925926,43.18693693693694,1027.2522522522527,28.534784784784797,0
1609,4,1,0,40,0.025,0.0,1.0,40,400,100,300,0.25,7,1,6,364.18212713010604,0.4257879273504273,0.1895247229326511,0.2190695564736485,132341.58587257622,1639.2880501692855,133980.87392274552,756,0,231.125,37,3,20,33.39505186132423,0.6418918918918919,42.76315789473684,1028.947368421053,27.809388335704135,0
1610,4,0,0,40,0.0,0.0,1.0,40,850,600,250,0.7058823529411765,11,6,5,362.9702329750452,0.42520032051282053,0.18699685181020897,0.21901338209498328,132457.5684263546,1615.6549400646527,134073.22336641926,757,1,232.125,35,5,20,33.309440821527616,0.6470238095238094,42.65046296296296,1029.3981481481483,29.411375661375665,0
1611,4,0,0,40,0.0,0.0,1.0,40,1150,700,450,0.6086956521739131,16,7,9,361.36678717530964,0.4236778846153846,0.18811530681051902,0.21873752872693236,132576.73852237657,1581.7660108024684,134158.50453317905,758,2,233.125,35,5,20,33.230782198246786,0.6482142857142856,42.53472222222222,1029.8611111111113,29.42460317460318,0
1612,4,0,1,39,0.0,0.025,0.975,40,1200,900,300,0.75,15,9,6,358.6354140224612,0.42362446581196583,0.18296450235902095,0.21777438305784091,132695.96220207462,1517.8942686899704,134213.8564707646,759,3,234.125,35,5,17,33.181213959409874,0.6494047619047619,42.418981481481474,1030.324074074073,29.437830687830658,0
1613,4,0,0,39,0.0,0.0,1.0,39,1100,800,300,0.7272727272727273,14,8,6,370.7451435616727,0.42178362573099415,0.19113734274353678,0.22499498403805837,132673.81660997716,2037.6346371881932,134711.45124716536,760,4,238.0,34,5,17,32.8915819274324,0.6513480392156863,42.44047619047618,1030.238095238094,30.301120448179237,0
1614,4,0,0,39,0.0,0.0,1.0,39,950,500,450,0.5263157894736842,14,5,9,372.6951981182899,0.4207433648223122,0.18908035767158204,0.22729157857073143,132857.85147392272,2103.096655328779,134960.9481292515,761,5,239.0,34,5,19,32.65612971516551,0.6531862745098039,42.26190476190475,1030.9523809523796,30.322128851540576,0
1615,4,0,0,39,0.0,0.0,1.0,39,1500,1100,400,0.7333333333333333,19,11,8,374.51326252359786,0.4200123706702654,0.19225170753555032,0.2293142703687272,133007.16256797352,2162.589278467674,135169.75184644118,762,6,240.0,36,3,21,32.459061135371165,0.650462962962963,42.117117117117125,1031.5315315315327,28.653653653653684,0
1616,4,0,0,39,0.0,0.0,1.0,39,1300,900,400,0.6923076923076923,17,9,8,371.39931562197836,0.41933760683760685,0.19284199690047377,0.2284728944289298,133181.46482631282,2092.7009780050344,135274.16580431786,763,7,241.0,36,3,21,32.36417193977744,0.6521990740740741,41.9481981981982,1032.2072072072074,28.67242242242243,0
1617,4,0,0,39,0.0,0.0,1.0,39,1100,800,300,0.7272727272727273,14,8,6,373.3798396696827,0.41905645524066576,0.19647680563711067,0.2304100356508071,133297.72973987513,2154.136991721463,135451.8667315966,764,8,242.0,36,3,21,32.19624681933841,0.6533564814814814,41.83558558558559,1032.6576576576585,28.684934934934958,0
1618,4,0,0,39,0.0,0.0,1.0,39,1250,800,450,0.64,17,8,9,376.31366132190016,0.4191689158794422,0.19346074180915607,0.23276636650747062,133384.961714248,2238.9166615940217,135623.87837584203,765,9,243.0,36,3,21,32.03286820015263,0.654224537037037,41.751126126126124,1032.995495495495,28.69431931931931,0
1619,4,0,0,39,0.0,0.0,1.0,39,1000,700,300,0.7,13,7,6,376.8389058299709,0.4186628430049482,0.1959718938136208,0.23327396235385633,133414.04537983923,2255.1205766577305,135669.16595649696,766,10,244.0,36,3,21,31.990089746384715,0.6545138888888888,41.72297297297297,1033.1081081081074,28.69744744744743,0
1620,4,0,0,39,0.0,0.0,1.0,39,1100,800,300,0.7272727272727273,14,8,6,363.27505258939067,0.4182411156095367,0.12331430208525207,0.19951693714849972,128819.2451801481,1640.3292919851183,130459.57447213322,767,11,245.0,35,4,20,36.989914680956176,0.6104166666666666,46.209490740740726,1015.1620370370352,29.00462962962958,8
1621,4,0,0,39,0.0,0.0,1.0,39,1300,1000,300,0.7692307692307693,16,10,6,365.09790801292525,0.4185503823661718,0.12630557649933083,0.2009641809852824,128907.381955161,1612.7630958504626,130520.14505101147,768,12,246.0,35,4,20,36.85367753210244,0.6113095238095239,46.122685185185176,1015.5092592592578,29.014550264550223,0
1622,4,0,0,39,0.0,0.0,1.0,39,1500,1100,400,0.7333333333333333,19,11,8,367.60193131926485,0.41810053981106615,0.1256787029654094,0.20309486186606843,129054.343559778,1688.1251875428693,130742.46874732088,769,13,247.0,35,4,20,36.64011181987316,0.612797619047619,45.97800925925926,1016.0879629629634,29.03108465608467,0
1623,4,1,0,40,0.025,0.0,1.0,40,850,600,250,0.7058823529411765,11,6,5,359.44454941399704,0.4212473290598291,0.12076552640318838,0.20005314940583105,129344.54038075247,1298.438007264031,130642.9783880165,770,0,241.8,36,4,21,36.55162552123694,0.6137152777777778,45.69256756756757,1017.2297297297306,28.256381381381406,0
1624,4,1,1,40,0.024390243902439025,0.024390243902439025,0.975609756097561,41,900,700,200,0.7777777777777778,11,7,4,351.91964593920676,0.4232469512195122,0.13084975935344456,0.19752154629180008,129675.59880203522,927.0781634733738,130602.6769655086,771,0,236.8780487804878,37,4,16,36.40630046291312,0.6151463963963963,45.36732456140351,1018.5307017543859,27.52785680417259,0
1625,4,0,0,40,0.0,0.0,1.0,40,550,200,350,0.36363636363636365,9,2,7,359.3361661855429,0.41939102564102565,0.13451985839141534,0.20086825022579632,129516.42679419302,1307.987252455182,130824.41404664819,772,1,243.775,36,4,16,36.37939300070069,0.6154513888888888,45.52364864864866,1017.9054054054068,28.27515015015019,0
1626,4,1,0,41,0.024390243902439025,0.0,1.0,41,950,800,150,0.8421052631578947,11,8,3,355.74323303614307,0.42073170731707316,0.14917448808818046,0.200953862744232,129927.00277970143,1044.1304055093885,130971.13318521083,773,0,238.8048780487805,37,4,18,36.05345235534524,0.6176801801801801,45.12061403508772,1019.5175438596491,27.554528212422948,0
1627,4,0,0,41,0.0,0.0,1.0,41,1300,800,500,0.6153846153846154,18,8,10,351.52921386434735,0.42035060975609756,0.149225710704753,0.19914279825616069,130038.81602993234,942.4885541705228,130981.30458410287,774,1,239.8048780487805,37,4,18,36.04735540743926,0.6188063063063063,45.010964912280706,1019.9561403508776,27.56638217164534,0
1628,4,0,0,41,0.0,0.0,1.0,41,700,500,200,0.7142857142857143,9,5,4,352.53989017538674,0.4201219512195122,0.15207787679295692,0.19985853737365172,130066.77685682141,970.7454457140768,131037.52230253548,775,2,240.8048780487805,37,4,18,35.99320559676091,0.6190878378378378,44.98355263157895,1020.0657894736848,27.569345661450942,0
1629,4,0,0,41,0.0,0.0,1.0,41,1200,900,300,0.75,15,9,6,335.4818258664413,0.419994918699187,0.11290538729563138,0.17958144796380096,127793.2098765433,380.54648492272355,128173.75636146603,776,3,241.8048780487805,38,3,19,38.74198717948718,0.5942982456140351,47.22222222222223,1011.1111111111119,26.608187134502945,8
1630,4,1,0,42,0.023809523809523808,0.0,1.0,42,1150,900,250,0.782608695652174,14,9,5,332.50696171989784,0.42263114595431667,0.1210021504744272,0.17967204974314233,128170.89979383696,123.5432942708504,128294.44308810782,777,0,237.02380952380952,39,3,21,38.4315099612523,0.5964209401709402,46.84895833333334,1012.6041666666679,25.964209401709432,0
1631,4,0,0,42,0.0,0.0,1.0,42,1100,900,200,0.8181818181818182,13,9,4,329.38019390581695,0.42179636082075106,0.11724624060150357,0.1788063909774436,128355.55555555566,55.555555555564354,128411.11111111123,778,1,238.02380952380952,39,3,21,38.32236842105262,0.5982905982905983,46.66666666666667,1013.3333333333343,25.982905982906008,0
1632,4,0,1,41,0.0,0.023809523809523808,0.9761904761904762,42,1200,900,300,0.75,15,9,6,331.33202695046174,0.42197783584978704,0.11311297353627547,0.18046192603854758,128487.5339084202,114.4070095486149,128601.94091796881,779,2,239.02380952380952,39,3,16,38.138399431487365,0.5996260683760684,46.536458333333336,1013.8541666666672,25.9962606837607,0
1633,4,0,1,40,0.0,0.024390243902439025,0.975609756097561,41,1000,800,200,0.8,12,8,4,335.4644779048751,0.4216463414634146,0.0922574080355214,0.18300165656741782,128550.50131492419,424.8253616041854,128975.32667652838,780,3,233.3658536585366,38,3,18,37.969474294142444,0.6019736842105263,46.474358974358964,1014.1025641025624,26.68690958164638,0
1634,4,1,0,41,0.024390243902439025,0.0,1.0,41,900,400,500,0.4444444444444444,14,4,10,341.01961218836595,0.42068089430894307,0.09316046213093698,0.18704886349823743,128767.28121119122,582.4336602381197,129349.71487142934,781,0,234.26829268292684,38,3,19,37.60767543859648,0.6041666666666667,46.26068376068375,1014.957264957263,26.709401709401657,0
1635,4,3,0,44,0.06818181818181818,0.0,1.0,44,950,600,350,0.631578947368421,13,6,7,333.52552760249995,0.43083817829457366,0.1840939496851819,0.17974861629026587,128065.44189453137,-198.27236577097335,127867.1695287604,782,0,219.22727272727272,39,5,17,38.51336575074613,0.5953525641025641,46.95312500000001,1012.1875000000009,25.953525641025664,8
1636,4,0,0,44,0.0,0.0,1.0,44,1000,600,400,0.6,14,6,8,339.0545699968105,0.4303867159971811,0.19525165259506538,0.18345172977623753,128223.64501953124,-105.03743489583354,128118.6075846354,783,1,220.22727272727272,39,5,17,38.211907333127634,0.5969551282051282,46.796875,1012.8124999999999,25.969551282051277,0
1637,4,1,0,45,0.022222222222222223,0.0,1.0,45,1650,1300,350,0.7878787878787878,20,13,7,335.0623089867111,0.43228114478114477,0.20132264529058141,0.18292789079252578,128582.21379469869,-383.38931026507913,128198.82448443361,784,0,216.3111111111111,40,5,18,37.947353039412135,0.5989583333333333,46.4430894308943,1014.227642276421,25.355691056910523,0
1638,4,0,0,45,0.0,0.0,1.0,45,1750,1400,350,0.8,21,14,7,336.22060531959704,0.4314814814814815,0.2107872920491849,0.18415593769150704,128711.08596280316,-344.9361532487353,128366.14980955442,785,1,217.3111111111111,40,5,18,37.78668002003003,0.6002604166666667,46.3160569105691,1014.735772357723,25.368394308943074,0
1639,4,0,2,43,0.0,0.044444444444444446,0.9555555555555556,45,1750,1500,250,0.8571428571428571,20,15,5,336.252648962011,0.43154461279461276,0.21083636444533416,0.1846524304827668,128814.23017259897,-337.17477609228035,128477.0553965067,786,2,218.3111111111111,40,5,18,37.68082390629691,0.6013020833333333,46.21443089430894,1015.1422764227641,25.378556910569102,0
1640,4,2,1,44,0.044444444444444446,0.022222222222222223,0.9777777777777777,45,800,600,200,0.75,10,6,4,330.5563020693366,0.43682659932659934,0.21147540983606605,0.18330849478390449,129201.38888888866,-458.33333333335764,128743.0555555553,787,0,216.22222222222223,40,5,20,37.43169398907104,0.6052083333333333,45.83333333333332,1016.6666666666648,25.41666666666662,0
1641,4,0,0,44,0.0,0.0,1.0,44,1150,900,250,0.782608695652174,14,9,5,332.7907313177553,0.4363878611698379,0.20459996729235153,0.18478934836656255,129253.0539444113,-197.15633055722486,129055.89761385407,788,1,217.5,40,4,20,37.322398227730005,0.6057291666666667,45.782520325203244,1016.8699186991862,25.421747967479654,0
1642,4,0,0,44,0.0,0.0,1.0,44,1150,800,350,0.6956521739130435,15,8,7,334.6700678566685,0.4356390944326991,0.19849029540461594,0.1868108171413978,129459.8174449732,-134.73482219578278,129325.08262277742,789,2,218.5,40,4,17,37.06456793821983,0.6078125,45.579268292682926,1017.682926829268,25.4420731707317,0
1643,4,0,1,43,0.0,0.022727272727272728,0.9772727272727273,44,900,700,200,0.7777777777777778,11,7,4,350.5367280455036,0.43552898167723747,0.17835164401664705,0.18721017144400093,127700.83703639603,260.35448272742457,127961.19151912346,790,3,219.5,37,7,20,38.45600998047299,0.5951576576576576,47.31359649122808,1010.7456140350895,27.317449027975393,8
1644,4,2,1,44,0.044444444444444446,0.022222222222222223,0.9777777777777777,45,1500,1100,400,0.7333333333333333,19,11,8,350.04778185988266,0.43682659932659934,0.18371735791090682,0.18000087361041342,126160.08659122075,-48.54927465811795,126111.53731656264,791,0,215.51111111111112,35,10,21,40.050883256528415,0.5833333333333333,48.84259259259259,1004.6296296296288,28.703703703703678,8
1645,4,1,0,45,0.022222222222222223,0.0,1.0,45,1250,1000,250,0.8,15,10,5,342.0904346043933,0.4385732323232323,0.11619105240160033,0.17940300581553495,126963.95503874996,-313.3690883402826,126650.58595040967,792,0,211.7111111111111,40,5,15,39.424515142348156,0.5825520833333333,48.043699186991866,1007.8252032520315,25.195630081300788,8
1646,4,0,0,45,0.0,0.0,1.0,45,1050,800,250,0.7619047619047619,13,8,5,338.29301679823385,0.4378787878787879,0.11539607342449809,0.1778593015185626,127066.39695493745,-402.865048086466,126663.53190685099,793,1,212.7111111111111,40,5,15,39.41512952323354,0.58359375,47.9420731707317,1008.2317073170724,25.20579268292681,0
1647,4,0,0,45,0.0,0.0,1.0,45,1550,1200,350,0.7741935483870968,19,12,7,340.1714174870144,0.43760521885521886,0.11975478602609835,0.1795549857646658,127226.70945878053,-344.2168163160454,126882.4926424645,794,2,213.7111111111111,38,7,16,39.20342228811464,0.5885416666666667,47.783119658119645,1008.8675213675193,26.549145299145245,0
1648,4,2,2,45,0.0425531914893617,0.0425531914893617,0.9574468085106383,47,950,600,350,0.631578947368421,13,6,7,334.8074945512271,0.4407762873882208,0.1593489400180852,0.17964091607915678,127887.41949443103,-836.4666988895726,127050.95279554145,795,0,205.5744680851064,40,7,15,38.66275662279379,0.5919270833333333,47.129065040650396,1011.4837398373968,25.28709349593492,0
1649,4,1,1,45,0.021739130434782608,0.021739130434782608,0.9782608695652174,46,1250,700,550,0.56,18,7,11,337.0110167010161,0.44159621578099834,0.17126891380405707,0.18174656272477646,128091.80230034713,-566.3302951388994,127525.47200520823,796,0,210.45652173913044,39,7,16,38.39824723880084,0.5956196581196581,46.92708333333333,1012.2916666666658,25.95619658119656,0
1650,4,0,0,45,0.0,0.0,1.0,45,1600,1100,500,0.6875,21,11,10,345.1432050843458,0.44010942760942756,0.1726829937572889,0.18613216798055887,128091.80230034716,-157.99696180556572,127933.8053385416,797,1,216.04444444444445,39,6,18,38.19244357549562,0.5956196581196581,46.92708333333333,1012.2916666666661,25.956196581196565,0
1651,4,0,1,44,0.0,0.022222222222222223,0.9777777777777777,45,1550,1000,550,0.6451612903225806,21,10,11,345.62495014365965,0.4395833333333334,0.17008132367761153,0.1872694729864102,128279.78326576078,-132.650410171953,128147.13285558883,798,2,217.04444444444445,38,7,18,37.988205723124516,0.5992324561403508,46.74145299145299,1013.0341880341877,26.658794421952308,0
1652,4,0,0,44,0.0,0.0,1.0,44,1500,1000,500,0.6666666666666666,20,10,10,348.3003918866052,0.43740089852008457,0.1723347042075294,0.18884691916870652,128306.84222961869,137.86468606180387,128444.7069156805,799,3,222.6590909090909,38,6,19,37.892808183064425,0.5995065789473684,46.71474358974359,1013.1410256410257,26.66160593792173,0
1653,4,0,0,44,0.0,0.0,1.0,44,1250,1000,250,0.8,15,10,5,351.1281919417749,0.4371146053558845,0.16819906666538875,0.1908970290516687,128415.10662073562,218.03284114982893,128633.13946188545,800,4,223.6590909090909,38,6,15,37.710595200449745,0.6006030701754386,46.60790598290598,1013.568376068376,26.672852001799367,0
1654,4,0,0,44,0.0,0.0,1.0,44,1150,900,250,0.782608695652174,14,9,5,357.1860374552446,0.4373678646934461,0.16892319039089654,0.19471870657597493,128523.41666894937,381.3539840382599,128904.77065298763,801,5,224.6590909090909,38,6,15,37.446440487479364,0.6016995614035088,46.50106837606837,1013.9957264957253,26.68409806567698,0
1655,4,0,0,44,0.0,0.0,1.0,44,1250,900,350,0.72,16,9,7,355.5345029249101,0.4368943798449612,0.165522885200712,0.19474433153291795,128713.06911571343,352.38740959895796,129065.45652531239,802,6,225.6590909090909,38,6,15,37.29469361970941,0.6036184210526316,46.31410256410257,1014.7435897435904,26.703778677462907,0
1656,4,3,0,47,0.06382978723404255,0.0,1.0,47,1250,700,550,0.56,18,7,11,337.41522775592387,0.4403715695343817,0.18156594314922225,0.18814652395476672,129418.7166703191,-663.6571791219383,128755.05949119717,803,0,212.19148936170214,38,9,19,37.03647802043958,0.6107456140350878,45.61965811965811,1017.5213675213664,26.776878092667538,0
1657,4,1,1,47,0.020833333333333332,0.020833333333333332,0.9791666666666666,48,1250,900,350,0.72,16,9,7,332.52320570145713,0.44204343971631205,0.1932439733998339,0.18696271100152032,129744.38707325328,-971.3960977262268,128772.99097552705,804,0,208.75,40,8,17,36.830423940149636,0.6106770833333333,45.29979674796748,1018.8008130081296,25.47002032520324,0
1658,4,0,0,47,0.0,0.0,1.0,47,1800,1200,600,0.6666666666666666,24,12,12,334.63102707731133,0.4405450200431699,0.1884644042107415,0.1878995397420667,129692.62390318261,-720.1648117853089,128972.45909139731,805,1,214.17021276595744,40,7,17,36.82925105590477,0.61015625,45.35060975609756,1018.5975609756096,25.46493902439024,0
1659,4,1,0,48,0.020833333333333332,0.0,1.0,48,1450,1100,350,0.7586206896551724,18,11,7,340.4000350330705,0.4412215573286052,0.20914170637621976,0.19306859129867993,130085.41907793225,-743.7837577160321,129341.63532021621,806,0,210.6875,41,7,18,36.28389493986841,0.6125508130081301,44.965277777777786,1020.13888888889,24.88143631436317,0
1660,4,0,0,48,0.0,0.0,1.0,48,1700,1200,500,0.7058823529411765,22,12,10,339.38057801236994,0.4410922724586288,0.21294230282314208,0.1929997973880282,130188.40889970561,-763.3165074214219,129425.09239228419,807,1,211.6875,42,6,18,36.20553234586656,0.6121031746031746,44.86434108527132,1020.5426356589153,24.298634182355126,0
1661,4,0,0,48,0.0,0.0,1.0,48,1550,900,650,0.5806451612903226,22,9,13,334.72634503907267,0.44078752955082745,0.2088122367068035,0.19122598301862676,130366.35068618237,-872.5473311774666,129493.8033550049,808,2,212.6875,40,8,19,36.144143695890165,0.6169270833333333,44.690040650406516,1021.2398373983756,25.53099593495939,0
1662,4,0,0,48,0.0,0.0,1.0,48,1000,500,500,0.5,15,5,10,333.1325462241032,0.4411199763593381,0.2092081260364842,0.19044266721002498,130392.29811124345,-912.4163444378205,129479.88176680563,809,3,213.6875,40,8,19,36.158582089552255,0.6171875,44.66463414634147,1021.3414634146353,25.533536585365884,0
1663,4,1,0,49,0.02040816326530612,0.0,1.0,49,1350,700,650,0.5185185185185185,20,7,13,326.91058279654635,0.4412202380952381,0.20420039984956118,0.18871489969946229,130769.44464128253,-1250.0169280675148,129519.42771321502,810,0,210.30612244897958,41,8,15,35.936388619463315,0.619410569105691,44.295634920634924,1022.8174603174612,24.946767324816125,0
1664,4,0,1,48,0.0,0.02040816326530612,0.9795918367346939,49,1100,600,500,0.5454545454545454,16,6,10,329.7249340386253,0.44120252267573695,0.2053160930909783,0.19109227076081234,130921.69390904512,-1166.370622322998,129755.32328672212,811,1,211.30612244897958,41,8,15,35.71070828486494,0.6209349593495934,44.1468253968254,1023.4126984126985,24.961285327138988,0
1665,4,0,0,48,0.0,0.0,1.0,48,1300,800,500,0.6153846153846154,18,8,10,333.2480314598219,0.43821106678487,0.20027702397105407,0.1933888182566053,130972.4633487654,-870.7368827160508,130101.72646604935,812,2,216.39583333333334,41,7,15,35.56931252826775,0.6214430894308943,44.09722222222222,1023.611111111111,24.96612466124661,0
1666,4,1,1,48,0.02040816326530612,0.02040816326530612,0.9795918367346939,49,1200,800,400,0.6666666666666666,16,8,8,352.45267410490925,0.43983843537414963,0.19549333849003125,0.1940859615283463,128924.17332963286,-543.2774903942956,128380.89583923857,813,0,212.9591836734694,41,8,17,37.15759418449416,0.6008638211382114,46.1061507936508,1015.5753968253974,24.770131629887743,8
1667,4,0,0,48,0.0,0.0,1.0,48,1450,1100,350,0.7586206896551724,18,11,7,352.70671854186224,0.438635859929078,0.2093234117058529,0.19444587158444085,128969.02394614648,-502.35175408156266,128466.67219206491,814,1,218.33333333333334,40,8,17,37.10542771385693,0.6028645833333333,46.0619918699187,1015.7520325203253,25.393800813008134,0
1668,4,0,2,46,0.0,0.041666666666666664,0.9583333333333334,48,1650,1200,450,0.7272727272727273,21,12,9,354.8943999999998,0.438635859929078,0.21131666666666638,0.19629115044247789,129098.08976138548,-436.76217859739114,128661.32758278809,815,2,219.33333333333334,40,8,17,36.91833333333332,0.6041666666666667,45.9349593495935,1016.2601626016265,25.40650406504066,0
1669,4,0,0,46,0.0,0.0,1.0,46,1650,1200,450,0.7272727272727273,21,12,9,363.11291738331545,0.4371376811594203,0.20982807944356607,0.20108593108177322,129147.0854792169,178.99499598217508,129326.08047519907,816,3,223.8913043478261,38,8,17,36.65957185901477,0.6080043859649122,45.886752136752136,1016.4529914529916,26.748762932973463,0
1670,4,0,1,45,0.0,0.021739130434782608,0.9782608695652174,46,1300,800,500,0.6153846153846154,18,8,10,365.100442641599,0.4374094202898551,0.21025745619587433,0.2026078039865679,129229.25954380205,236.34338661188457,129465.60293041394,817,4,224.8913043478261,37,9,17,36.52528397857577,0.6106418918918919,45.80592105263158,1016.7763157894746,27.480440967283094,0
1671,4,0,0,45,0.0,0.0,1.0,45,1450,1000,450,0.6896551724137931,19,10,9,369.1416569173801,0.43621632996633,0.2045399180600158,0.20515189560743768,129287.27027280675,545.0634333658162,129832.33370617256,818,5,219.77777777777777,36,9,17,36.36340567674308,0.6131365740740741,45.74887387387388,1017.0045045045058,28.250125125125162,0
1672,4,0,0,45,0.0,0.0,1.0,45,950,800,150,0.8421052631578947,11,8,3,368.67560911380514,0.43579545454545454,0.20124960027550265,0.20534004024254737,129373.18019032558,539.3472019316806,129912.52739225727,819,6,220.77777777777777,36,9,17,36.28768172090622,0.6140046296296297,45.66441441441442,1017.3423423423433,28.259509509509535,0
1673,4,0,1,44,0.0,0.022222222222222223,0.9777777777777777,45,850,500,350,0.5882352941176471,12,5,7,366.5292546999076,0.43571127946127947,0.20062725945078896,0.20470063430352237,129480.23069598337,491.6584910741724,129971.88918705753,820,7,221.77777777777777,37,8,14,36.23321123321123,0.6131756756756757,45.55921052631579,1017.7631578947367,27.507112375533424,0
1674,4,1,0,45,0.022222222222222223,0.0,1.0,45,1450,1200,250,0.8275862068965517,17,12,5,359.23146659274437,0.43811026936026937,0.20985236985236955,0.2024897805930599,129843.17440221987,328.75079351338184,130171.92519573325,821,0,220.57777777777778,37,8,15,36.049735520889364,0.6168355855855856,45.20285087719298,1019.1885964912277,27.545637743006154,0
1675,4,0,0,45,0.0,0.0,1.0,45,1800,1400,400,0.7777777777777778,22,14,8,364.52445250268937,0.4381523569023569,0.2086010990034457,0.20610316200744458,129962.83512309141,474.92626378842596,130437.76138687984,822,1,221.57777777777778,38,7,15,35.79321214026263,0.6162280701754386,45.08547008547008,1019.6581196581187,26.833108412055754,0
1676,4,0,0,45,0.0,0.0,1.0,45,1400,1000,400,0.7142857142857143,18,10,8,364.7621405663858,0.43834175084175087,0.2141905204666712,0.20686341056527557,130081.09941998796,489.73205433272136,130570.83147432069,823,2,222.57777777777778,40,5,15,35.66696553098226,0.6140625,44.96951219512194,1020.1219512195111,25.503048780487777,0
1677,4,0,2,43,0.0,0.044444444444444446,0.9555555555555556,45,1650,1000,650,0.6060606060606061,23,10,13,363.02920674617707,0.43756313131313135,0.2218593398997759,0.20657325658211645,130211.95515243118,454.1485575711634,130666.10371000235,824,3,223.57777777777778,41,4,15,35.57826270088129,0.6138211382113821,44.841269841269835,1020.6349206349194,24.89353464963218,0
1678,4,0,0,43,0.0,0.0,1.0,43,1300,1100,200,0.8461538461538461,15,11,4,375.5623571350242,0.4356081579918789,0.2159933303722219,0.21267385996003582,130023.43885633672,1166.381835937495,131189.82069227422,825,4,233.48837209302326,39,4,15,35.45017958669527,0.6151175213675213,45.026041666666664,1019.8958333333327,26.1511752136752,0
1679,4,1,0,44,0.022727272727272728,0.0,1.0,44,1550,1300,250,0.8387096774193549,18,13,5,372.00203037467134,0.4364979739252995,0.2204183949160925,0.21210330562412655,130289.85407991824,894.0575041148518,131183.91158403308,826,0,229.1590909090909,38,6,16,35.270161852937065,0.6195175438596492,44.76495726495727,1020.9401709401714,26.86684660368872,0
1680,4,0,0,44,0.0,0.0,1.0,44,1350,1100,250,0.8148148148148148,16,11,5,371.21023791600294,0.43613460183227626,0.21971757322175756,0.2122470020620209,130398.9517130544,881.0851778800666,131280.03689093445,827,1,230.1590909090909,38,6,16,35.179567642956776,0.6206140350877193,44.658119658119666,1021.3675213675223,26.878092667566374,0
1681,4,0,1,43,0.0,0.022727272727272728,0.9772727272727273,44,1350,900,450,0.6666666666666666,18,9,9,372.64837452276186,0.43583729739252997,0.2159910487756207,0.21412174168524128,130589.9824334321,932.8289365549143,131522.81136998703,828,2,231.1590909090909,38,6,15,34.948912929863056,0.622532894736842,44.471153846153854,1022.1153846153859,26.89777327935226,0
1682,4,0,0,43,0.0,0.0,1.0,43,850,600,250,0.7058823529411765,11,6,5,370.2852762846277,0.4363233665559247,0.20637165560982718,0.21321480710252028,130671.89554569364,1077.1757889546375,131749.07133464827,829,3,228.53488372093022,38,5,15,34.926201671891334,0.6233552631578947,44.39102564102564,1022.4358974358976,26.906207827260463,0
1683,4,0,2,41,0.0,0.046511627906976744,0.9534883720930233,43,1450,800,650,0.5517241379310345,21,8,13,355.67959464002615,0.43648486526393504,0.15464897022495716,0.20138300180508237,130017.30974687712,689.9151462853445,130707.22489316246,830,4,229.53488372093022,38,5,14,35.96336161743138,0.6167763157894737,45.032051282051285,1019.8717948717953,26.83873144399461,7
1684,4,0,1,40,0.0,0.024390243902439025,0.975609756097561,41,1350,900,450,0.6666666666666666,18,9,9,368.4754246593469,0.4345274390243902,0.15450477270706675,0.20809781780667938,129917.93894823888,1374.313544963894,131292.25249320277,831,10,239.82926829268294,36,5,14,35.738153098420426,0.6195023148148149,45.12950450450451,1019.4819819819827,28.318943943943964,0
1685,4,1,0,41,0.024390243902439025,0.0,1.0,41,1100,600,500,0.5454545454545454,16,6,10,364.7915568479715,0.4349085365853658,0.16209180453234784,0.2082957552989062,130346.55044100119,1309.8642130271016,131656.41465402828,832,0,238.14634146341464,37,4,15,35.396645370270946,0.6219031531531531,44.70942982456141,1021.1622807017553,27.598980559506902,0
1686,4,0,0,41,0.0,0.0,1.0,41,700,500,200,0.7142857142857143,9,5,4,364.7915568479715,0.4349085365853658,0.16209180453234784,0.2082957552989062,130346.55044100119,1309.8642130271016,131656.41465402828,833,1,239.14634146341464,37,4,15,35.396645370270946,0.6219031531531531,44.70942982456141,1021.1622807017553,27.598980559506902,0
1687,4,0,1,40,0.0,0.024390243902439025,0.975609756097561,41,1150,700,450,0.6086956521739131,16,7,9,367.8995033741617,0.43409552845528454,0.17134421183233073,0.21082949400002704,130486.54994806102,1401.187384579882,131887.73733264089,834,2,240.14634146341464,37,4,16,35.17519854045933,0.6233108108108107,44.57236842105264,1021.71052631579,27.613798008534864,0
1688,4,1,0,41,0.024390243902439025,0.0,1.0,41,1100,800,300,0.7272727272727273,14,8,6,370.5320869816727,0.4320630081300813,0.17503648336933697,0.21357121404147578,130710.70545744842,1486.5020967990133,132197.20755424743,835,0,239.85365853658536,37,4,15,34.880531131603405,0.6255630630630631,44.353070175438596,1022.5877192982455,27.637505926979607,0
1689,4,0,1,40,0.0,0.024390243902439025,0.975609756097561,41,1400,1000,400,0.7142857142857143,18,10,8,380.8315943225128,0.43173272357723574,0.19298853217999334,0.2142147300205166,129760.92470689747,1875.6345743342613,131636.55928123172,836,1,240.85365853658536,35,6,16,35.58315820364269,0.6199404761904762,45.283564814814824,1018.8657407407422,29.110449735449777,8
1690,4,0,0,40,0.0,0.0,1.0,40,750,300,450,0.4,12,3,9,385.6185862018132,0.43060897435897433,0.20837228324374824,0.21682811174212366,129746.60572562377,2006.540532879839,131753.1462585036,837,5,247.85,34,6,16,35.47582184310976,0.6219362745098039,45.29761904761906,1018.8095238095253,29.964985994397804,0
1691,4,0,0,40,0.0,0.0,1.0,40,1500,1100,400,0.7333333333333333,19,11,8,378.2553191350885,0.4301682692307693,0.20389903023388456,0.20682519477349048,128643.0620525764,1731.9844982424622,130375.04655081886,838,6,248.85,35,5,14,36.78990777714393,0.6086309523809523,46.383101851851855,1014.4675925925933,28.98478835978838,7
1692,4,0,0,40,0.0,0.0,1.0,40,1300,1100,200,0.8461538461538461,15,11,4,376.84184875599976,0.429553952991453,0.1969295244611704,0.20666204951478193,128760.50407503863,1704.4692804784022,130464.97335551702,839,7,249.85,35,5,14,36.70565343824839,0.6098214285714285,46.267361111111114,1014.9305555555559,28.998015873015884,0
1693,4,0,2,38,0.0,0.05,0.95,40,1150,600,550,0.5217391304347826,17,6,11,377.2190136959454,0.4292601495726496,0.20109984043765672,0.20763611205572285,128907.38195516106,1725.2630958504628,130632.64505101152,840,8,250.85,35,5,16,36.545950155763244,0.6113095238095239,46.122685185185176,1015.5092592592582,29.014550264550234,0
1694,4,0,0,38,0.0,0.0,1.0,38,1400,1100,300,0.7857142857142857,17,11,6,382.2694743972042,0.42939485538169747,0.1958597770926065,0.21041608333507314,128907.38195516104,2255.4714291837963,131162.85338434484,841,9,253.47368421052633,35,3,17,36.417730415621925,0.6113095238095239,46.122685185185176,1015.509259259258,29.014550264550227,0
1695,4,0,0,38,0.0,0.0,1.0,38,800,500,300,0.625,11,5,6,382.2508247255423,0.4293207681365576,0.20124285214144044,0.2107519828254517,128972.51136271395,2259.9697670643486,131232.4811297783,842,10,254.47368421052633,36,2,18,36.35162601626016,0.6099537037037037,46.05855855855855,1015.7657657657649,28.21571571571569,0
1696,4,0,1,37,0.0,0.02631578947368421,0.9736842105263158,38,1150,800,350,0.6956521739130435,15,8,7,379.0414755757347,0.4288614272166904,0.20308373126235324,0.21004342541572477,129172.76810171656,2192.3673250953625,131365.13542681193,843,11,255.47368421052633,36,2,20,36.2285827702079,0.6119791666666667,45.861486486486484,1016.5540540540538,28.237612612612608,0
1697,4,0,1,36,0.0,0.02702702702702703,0.972972972972973,37,1250,900,350,0.72,16,9,7,388.672399892502,0.42836586586586584,0.2089056269384142,0.2155365126676603,129201.38888888892,2643.412288978172,131844.8011778671,844,12,260.13513513513516,32,5,20,35.954576502732245,0.62109375,45.833333333333336,1016.666666666667,31.770833333333343,0
1698,4,1,1,36,0.02702702702702703,0.02702702702702703,0.972972972972973,37,1200,1000,200,0.8333333333333334,14,10,4,385.5304963806609,0.4302427427427427,0.20728542981085796,0.21554416517481892,129522.50567544128,2586.97518110397,132109.48085654524,845,0,256.3783783783784,32,5,17,35.70660712809064,0.6243489583333333,45.51767676767677,1017.9292929292928,31.8102904040404,0
1699,4,0,0,36,0.0,0.0,1.0,36,1350,1100,250,0.8148148148148148,16,11,5,388.71073109630015,0.42627314814814815,0.20687433681976652,0.21749997396457105,129554.63927469139,2871.8557098765496,132426.49498456795,846,14,264.5,32,4,17,35.592883128694865,0.6246744791666667,45.486111111111114,1018.0555555555559,31.81423611111112,0
1700,4,1,0,37,0.02702702702702703,0.0,1.0,37,1150,800,350,0.6956521739130435,15,8,7,381.4037976861,0.4302427427427427,0.2043291337508002,0.21506002612578293,129856.3221627501,2505.53888528453,132361.86104803463,847,0,258.3243243243243,33,4,19,35.471398941926175,0.6253156565656566,45.18995098039217,1019.240196078433,30.8860665478313,0
1701,4,1,1,37,0.02631578947368421,0.02631578947368421,0.9736842105263158,38,1050,700,350,0.6666666666666666,14,7,7,376.1658626514529,0.4328473210052157,0.2028430752607635,0.21399269678240923,130201.83000283455,2195.4967403628216,132397.32674319737,848,0,252.5,34,4,21,35.25336327228897,0.626531862745098,44.85119047619048,1020.5952380952388,30.01750700280114,0
1702,4,0,0,37,0.0,0.0,1.0,37,550,300,250,0.5454545454545454,8,3,5,379.01069627547577,0.4324011511511512,0.1909832050271374,0.2161217050425043,130293.86421388404,2476.5678115608926,132770.43202544493,849,1,247.24324324324326,33,4,21,35.08719941583644,0.6297348484848485,44.7610294117647,1020.9558823529408,30.938057040998206,0
1703,4,0,3,34,0.0,0.08108108108108109,0.9189189189189189,37,1300,1000,300,0.7692307692307693,16,10,6,379.3906600012437,0.43271396396396394,0.09848255213327328,0.20338132436140294,127851.72994898839,2301.150441529496,130152.88039051788,850,2,248.24324324324326,35,2,19,37.57200350957503,0.6005952380952381,47.164351851851855,1011.342592592593,28.895502645502656,8
1704,4,2,0,36,0.05555555555555555,0.0,1.0,36,1150,900,250,0.782608695652174,14,9,5,382.13829675854635,0.42888558201058197,0.17505869661780582,0.20741604390087248,128349.69142500426,2609.466494127226,130959.15791913148,851,0,254.91666666666666,35,1,21,36.991837997334855,0.6056547619047619,46.6724537037037,1013.310185185185,28.951719576719572,0
1705,4,0,0,36,0.0,0.0,1.0,36,850,500,350,0.5882352941176471,12,5,7,406.8728666328359,0.42825727513227513,0.15277260243724045,0.22544621123612935,129169.2991308284,3390.919536404647,132560.21866723304,852,1,255.91666666666666,32,4,19,35.524831283898486,0.6207682291666667,45.86489898989898,1016.5404040404034,31.766887626262605,8
1706,4,1,0,37,0.02702702702702703,0.0,1.0,37,700,400,300,0.5714285714285714,10,4,6,402.8589714851594,0.4284284284284284,0.16562349542609578,0.2255358716373787,129575.43372741232,3040.125192233734,132615.55891964605,853,0,249.97297297297297,33,4,16,35.211543090996635,0.6224747474747474,45.46568627450979,1018.1372549019591,30.852644087938152,0
1707,4,1,0,38,0.02631578947368421,0.0,1.0,38,950,600,350,0.631578947368421,13,6,7,399.10795131764337,0.4295874822190611,0.17794266752696153,0.22563429723007317,129958.94451530577,2773.5296201813653,132732.47413548714,854,0,244.3684210526316,34,4,17,34.915596419536875,0.6240808823529411,45.089285714285694,1019.6428571428544,29.989495798319247,0
1708,4,0,1,37,0.0,0.02631578947368421,0.9736842105263158,38,900,700,200,0.7777777777777778,11,7,4,400.5804391473373,0.4295133949739213,0.18713450292397704,0.22699558218349042,130049.99999999952,2819.0972222221653,132869.0972222217,855,1,245.3684210526316,34,4,17,34.7851988017429,0.625,44.99999999999997,1019.9999999999961,29.999999999999886,0
1709,4,0,1,36,0.0,0.02702702702702703,0.972972972972973,37,850,600,250,0.7058823529411765,11,6,5,407.1560650887579,0.4263013013013013,0.1880717255717259,0.23013168896321062,129950.01922337533,3181.987697039564,133132.0069204149,856,2,252.8918918918919,33,4,17,34.71955128205127,0.6262626262626263,45.098039215686256,1019.6078431372525,30.89720736779553,0
1710,4,0,0,36,0.0,0.0,1.0,36,950,600,350,0.631578947368421,13,6,7,416.1759176058049,0.42319775132275134,0.18626904496469776,0.23478603653610491,129876.1944731404,3610.2688820018257,133486.46335514222,857,3,260.77777777777777,32,4,17,34.56506255419299,0.6279296875,45.17045454545454,1019.318181818181,31.853693181818155,0
1711,4,0,0,36,0.0,0.0,1.0,36,800,500,300,0.625,11,5,6,413.27722098596996,0.42253637566137564,0.1830953461818885,0.23392012010537327,130004.92814827553,3545.615083919989,133550.54323219552,858,4,261.77777777777777,32,4,18,34.50744913540506,0.6292317708333333,45.04419191919191,1019.8232323232311,31.86947601010097,0
1712,4,0,0,36,0.0,0.0,1.0,36,1050,700,350,0.6666666666666666,14,7,7,414.46110056144744,0.4213789682539682,0.17539211238951458,0.23575574073456568,130198.14822785929,3592.4135611161987,133790.5617889755,859,5,262.77777777777777,32,4,18,34.2800218565714,0.6311848958333333,44.85479797979797,1020.5808080808072,31.893150252525224,0
1713,4,0,0,36,0.0,0.0,1.0,36,1000,400,600,0.4,16,4,12,413.81849721444775,0.420734126984127,0.17882424348792703,0.2361967786129346,130331.20022907265,3586.7241682916047,133917.92439736426,860,6,263.77777777777777,30,6,18,34.16068842964328,0.6378472222222222,44.72446236559139,1021.1021505376339,34.03673835125446,0
1714,4,0,0,36,0.0,0.0,1.0,36,800,700,100,0.875,9,7,2,414.8793398963902,0.42081679894179896,0.17600391916001312,0.23701152064156172,130365.51371545841,3617.191655104631,133982.70537056305,861,7,264.77777777777777,30,6,18,34.09861147670439,0.6381944444444445,44.69086021505376,1021.2365591397847,34.04121863799283,0
1715,4,0,0,36,0.0,0.0,1.0,36,750,400,350,0.5333333333333333,11,4,7,412.3546185972331,0.4208498677248677,0.17311233885819588,0.23640420894239553,130502.81282518206,3562.6875216788044,134065.50034686088,862,8,265.77777777777777,30,6,16,34.02311891607472,0.6395833333333334,44.556451612903224,1021.7741935483867,34.059139784946225,0
1716,4,0,0,36,0.0,0.0,1.0,36,950,800,150,0.8421052631578947,11,8,3,409.3257402486612,0.4209821428571428,0.17633739445467023,0.23550163240025093,130640.1841975951,3494.878020580415,134135.0622181755,863,9,266.77777777777777,30,6,16,33.96057936716627,0.6409722222222223,44.42204301075269,1022.3118279569893,34.077060931899645,0
1717,4,0,0,36,0.0,0.0,1.0,36,950,600,350,0.631578947368421,13,6,7,395.7441257101105,0.4210482804232804,0.149191650190319,0.21353639598244445,128113.51290669465,2940.034031382176,131053.54693807683,864,10,267.77777777777777,33,3,17,36.88957652423033,0.6076388888888888,46.90563725490197,1012.3774509803931,30.678104575163427,8
1718,4,1,1,36,0.02702702702702703,0.02702702702702703,0.972972972972973,37,1450,900,550,0.6206896551724138,20,9,11,392.9229508241443,0.4237675175175175,0.06078914461873697,0.20971902240809465,127676.20991941012,2633.382630315498,130309.59254972561,865,0,261.5135135135135,35,2,18,37.41029164757979,0.5988095238095238,47.33796296296296,1010.6481481481479,28.87566137566137,8
1719,4,2,1,37,0.05263157894736842,0.02631578947368421,0.9736842105263158,38,1200,900,300,0.75,15,9,6,381.9553853289468,0.42972083926031296,0.03265980307258065,0.19747598844511696,126382.47796820919,2116.757846059303,128499.2358142685,866,0,243.21052631578948,33,5,16,39.01977960593133,0.5899621212121212,48.621323529411754,1005.5147058823518,30.47014260249551,8
1720,4,2,0,39,0.05128205128205128,0.0,1.0,39,450,100,350,0.2222222222222222,8,1,7,365.0254918779638,0.4378654970760234,0.05336555495998052,0.19161009545757712,127002.00007086163,1471.793509070291,128473.79357993192,867,0,234.46153846153845,34,5,19,38.8075272627062,0.5940563725490196,48.00595238095238,1007.97619047619,29.646358543417353,0
1721,4,5,3,41,0.11363636363636363,0.06818181818181818,0.9318181818181819,44,800,400,400,0.5,12,4,8,330.17611134943394,0.4509888125440451,0.09481399907050081,0.17918725270942146,128344.1443977762,-314.5015835954464,128029.64281418076,868,0,208.70454545454547,36,8,19,38.31383826035417,0.603587962962963,46.67792792792793,1013.2882882882886,28.146896896896905,0
1722,4,0,2,39,0.0,0.04878048780487805,0.9512195121951219,41,1400,1100,300,0.7857142857142857,17,11,6,328.67024032203045,0.44458841463414633,0.07180929777632428,0.16582994691000183,125376.44039619785,41.50095914782494,125417.94135534568,869,1,223.46341463414635,35,6,14,41.39472340999268,0.5752976190476191,49.6238425925926,1001.5046296296309,28.614417989418026,8
1723,4,3,2,40,0.07142857142857142,0.047619047619047616,0.9523809523809523,42,1550,1200,350,0.7741935483870968,19,12,7,312.8202878533788,0.44861837011227257,0.07799348710425846,0.15997524664859405,125933.75485726389,-521.0733110187633,125412.68154624513,870,0,207.3095238095238,37,5,18,41.21831986017043,0.5771396396396397,49.067982456140356,1003.7280701754396,27.127785680417286,0
1724,4,1,1,40,0.024390243902439025,0.024390243902439025,0.975609756097561,41,750,600,150,0.8,9,6,3,311.4615795182587,0.44872967479674797,0.06740208480922938,0.15970689502957547,126043.83680555575,-348.3894082794517,125695.4473972763,871,0,209.5609756097561,36,5,19,41.13934993084368,0.580150462962963,48.95833333333334,1004.1666666666682,27.89351851851856,0
1725,4,1,0,41,0.024390243902439025,0.0,1.0,41,900,400,500,0.4444444444444444,14,4,10,311.7841477338421,0.44847560975609757,0.08036650931025435,0.1610884763291516,126355.00365230079,-320.902574872189,126034.1010774286,872,0,210.390243902439,36,5,12,40.81191196236559,0.5833333333333333,48.64864864864864,1005.405405405404,27.92792792792789,0
1726,4,2,3,40,0.046511627906976744,0.06976744186046512,0.9302325581395349,43,600,100,500,0.16666666666666666,11,1,10,298.20353660526246,0.45182724252491696,0.09248546357444343,0.15574319886857657,126795.93474915977,-1037.8007661261013,125758.13398303367,873,0,201.5581395348837,38,5,14,40.702017255401145,0.5841557017543859,48.21047008547008,1007.1581196581186,26.5041610436347,0
1727,4,1,0,41,0.024390243902439025,0.0,1.0,41,1100,900,200,0.8181818181818182,13,9,4,313.90108590126056,0.44763719512195127,0.09853254625194818,0.1631956954450008,126609.8800447406,-251.40423362552417,126358.47581111507,874,0,212.17073170731706,36,5,16,40.497370482264756,0.5859375,48.39527027027027,1006.4189189189182,27.95608108108106,0
1728,4,1,1,41,0.023809523809523808,0.023809523809523808,0.9761904761904762,42,1400,1100,300,0.7857142857142857,17,11,6,315.5522163786628,0.4496588269454123,0.12436048799685184,0.1660079051383398,127092.01388888873,-379.16666666668607,126712.84722222204,875,0,208.0952380952381,37,5,17,39.962121212121225,0.5889639639639639,47.91666666666666,1008.333333333332,27.252252252252216,0
1729,4,0,1,40,0.0,0.024390243902439025,0.975609756097561,41,1100,800,300,0.7272727272727273,14,8,6,322.9919166068474,0.44687499999999997,0.12172775582504403,0.16944769364778917,126978.4882010388,2.605054378688351,126981.09325541748,876,1,213.97560975609755,36,5,17,39.890828677839835,0.5896990740740741,48.02927927927927,1007.8828828828822,27.996746746746727,0
1730,4,1,0,41,0.024390243902439025,0.0,1.0,41,1450,1000,450,0.6896551724137931,19,10,9,322.0822983799554,0.44672256097560975,0.12791194787017668,0.16979936118830244,127177.1914439777,-7.695575643216102,127169.49586833449,877,0,214.7560975609756,36,5,19,39.7103289791969,0.591724537037037,47.832207207207205,1008.6711711711707,28.01864364364363,0
1731,4,0,0,41,0.0,0.0,1.0,41,1350,1100,250,0.8148148148148148,16,11,5,322.4153991144307,0.44662093495934957,0.1193881215920587,0.1708115625095603,127376.05003652316,13.600002029075085,127389.65003855224,878,1,215.7560975609756,36,5,14,39.49850327234865,0.59375,47.635135135135144,1009.4594594594607,28.040540540540576,0
1732,4,0,0,41,0.0,0.0,1.0,41,1350,1200,150,0.8888888888888888,15,12,3,321.6190522989459,0.44651930894308944,0.1244424620874216,0.17086964816451136,127489.75326678055,0.6267246976986485,127490.37999147824,879,2,216.7560975609756,36,5,15,39.40236581920904,0.5949074074074074,47.522522522522536,1009.909909909912,28.053053053053112,0
1733,4,0,0,41,0.0,0.0,1.0,41,1150,700,450,0.6086956521739131,16,7,9,324.56365910403883,0.44578252032520327,0.1299037327346757,0.17316493916763648,127660.4032241702,86.78551862674635,127747.18874279693,880,3,217.7560975609756,36,5,16,39.15361971621723,0.5966435185185186,47.35360360360361,1010.5855855855862,28.07182182182184,0
1734,4,0,1,40,0.0,0.024390243902439025,0.975609756097561,41,900,800,100,0.8888888888888888,10,8,2,326.12942096357494,0.44542682926829263,0.13846943681598511,0.1746163429237892,127802.6987079988,136.04402544439432,127938.7427334432,881,4,218.7560975609756,36,5,17,38.96870475554069,0.5980902777777778,47.21283783783785,1011.1486486486508,28.087462462462522,0
1735,4,1,0,41,0.024390243902439025,0.0,1.0,41,1400,900,500,0.6428571428571429,19,9,10,325.7271438561596,0.44646849593495935,0.12262474875238039,0.17159440258814174,127147.30133310244,90.677593161776,127237.97892626422,882,0,218.53658536585365,37,4,19,39.64901790244257,0.589527027027027,47.86184210526316,1008.552631578947,27.25817923186343,8
1736,4,2,1,42,0.046511627906976744,0.023255813953488372,0.9767441860465116,43,1300,1000,300,0.7692307692307693,16,10,6,309.2555215407317,0.4506506090808416,0.1314454983505604,0.16529632846671996,127733.27637525611,-699.5557992927498,127033.72057596337,883,0,209.32558139534885,40,3,18,39.46604503870513,0.5903645833333333,47.28150406504065,1010.8739837398373,25.271849593495933,0
1737,4,1,0,43,0.023255813953488372,0.0,1.0,43,1800,1300,500,0.7222222222222222,23,13,10,310.30468959403134,0.4506506090808416,0.13994988108729278,0.16683170949760293,127968.81028163587,-658.135609567893,127310.67467206798,884,0,210.06976744186048,41,2,19,39.19941088995653,0.5912093495934959,47.048611111111114,1011.8055555555561,24.67818428184283,0
1738,4,0,0,43,0.0,0.0,1.0,43,1600,1100,500,0.6875,21,11,10,302.2026163322754,0.4498892580287929,0.13210889275254,0.16339929852149376,128195.98458465557,-851.6470477733865,127344.33753688219,885,1,211.06976744186048,40,3,20,39.1731476835591,0.5950520833333333,46.82418699186993,1012.7032520325225,25.317581300813064,0
1739,4,1,0,44,0.022727272727272728,0.0,1.0,44,1300,800,500,0.6153846153846154,18,8,10,298.0181430365442,0.45139622973925303,0.14668329909010835,0.16245565013208096,128521.48216057257,-1139.653309240365,127381.8288513322,886,0,207.25,41,3,14,38.948304960375694,0.5967987804878049,46.50297619047619,1013.9880952380954,24.731416957026717,0
1740,4,1,1,44,0.022222222222222223,0.022222222222222223,0.9777777777777777,45,1200,800,400,0.6666666666666666,16,8,8,292.74181434183924,0.45288299663299664,0.15048249241797595,0.16093120307837322,128856.81918905121,-1455.6441920557595,127401.17499699545,887,0,203.62222222222223,42,3,16,38.74188776484063,0.5987103174603174,46.17248062015504,1015.3100775193805,24.174049464747153,0
1741,4,1,2,43,0.022222222222222223,0.044444444444444446,0.9555555555555556,45,1100,700,400,0.6363636363636364,15,7,8,294.2653771863769,0.4518728956228956,0.1572936538216967,0.16237253760115672,129004.43558079457,-1407.692221020357,127596.7433597742,888,0,204.53333333333333,42,3,17,38.55358959684601,0.6001984126984127,46.027131782945744,1015.8914728682182,24.187892211148053,0
1742,4,0,1,42,0.0,0.023255813953488372,0.9767441860465116,43,1650,1400,250,0.8484848484848485,19,14,5,306.33114078817135,0.4489433370247324,0.1694082795877241,0.16868810587673544,128924.17332963287,-701.3021817523218,128222.87114788055,889,1,214.58139534883722,41,2,17,38.32859154700271,0.6008638211382114,46.1061507936508,1015.5753968253975,24.770131629887747,0
1743,4,1,0,43,0.023255813953488372,0.0,1.0,43,1750,1300,450,0.7428571428571429,22,13,9,308.2089430207287,0.4478820598006645,0.17434484511632498,0.1708067625274962,129176.17517203628,-637.3495173532456,128538.82565468304,890,0,215.41860465116278,41,2,19,38.02525535929217,0.6034044715447154,45.85813492063492,1016.5674603174593,24.79432830042584,0
1744,4,0,0,43,0.0,0.0,1.0,43,1350,800,550,0.5925925925925926,19,8,11,304.703181756645,0.44709763750461423,0.17080160364705077,0.16932105003744918,129282.86540516104,-721.4125314614753,128561.45287369956,891,1,216.41860465116278,38,5,20,38.006224393318604,0.609375,45.753205128205124,1016.9871794871792,26.762820512820507,0
1745,4,1,0,44,0.022727272727272728,0.0,1.0,44,1500,1200,300,0.8,18,12,6,301.5143332583254,0.44738812544045103,0.17197171056300076,0.1697015654737017,129784.51063368037,-973.6219618055752,128810.8886718748,892,0,212.47727272727272,39,5,15,37.57965310434129,0.6127136752136753,45.26041666666666,1018.9583333333319,26.127136752136714,0
1746,4,1,1,44,0.022222222222222223,0.022222222222222223,0.9777777777777777,45,1300,700,600,0.5384615384615384,19,7,12,293.02491230297966,0.44823232323232326,0.16869411243913324,0.1664010248598367,130132.94004891254,-1373.5613308877068,128759.37871802483,893,0,208.73333333333332,40,5,17,37.444181606905744,0.6145833333333333,44.918699186991866,1020.3252032520313,25.508130081300784,0
1747,4,1,2,43,0.022222222222222223,0.044444444444444446,0.9555555555555556,45,1050,800,250,0.7619047619047619,13,8,5,297.7092877967516,0.44728535353535354,0.1832199546485267,0.16962505932605607,130262.58680555546,-1243.9236111111168,129018.66319444435,894,0,209.64444444444445,40,5,18,37.19387755102042,0.6158854166666667,44.791666666666664,1020.8333333333326,25.520833333333314,0
1748,4,0,0,43,0.0,0.0,1.0,43,1050,700,350,0.6666666666666666,14,7,7,308.2539970287645,0.44382152085640453,0.19271021459068494,0.1755160513694393,130236.65229030329,-570.8062743737282,129665.84601592956,895,1,217.90697674418604,40,3,18,36.950957453869634,0.615625,44.8170731707317,1020.7317073170724,25.51829268292681,0
1749,4,1,2,42,0.022727272727272728,0.045454545454545456,0.9545454545454546,44,1000,700,300,0.7,13,7,6,304.7638782321302,0.44528497181113463,0.19666606392116104,0.1748089444166611,130522.07396597593,-844.3147266838492,129677.75923929208,896,0,213.9318181818182,40,4,15,36.7520304989226,0.6184895833333333,44.53760162601626,1021.8495934959349,25.54623983739837,0
1750,4,2,2,42,0.045454545454545456,0.045454545454545456,0.9545454545454546,44,1400,1000,400,0.7142857142857143,18,10,8,304.9869835142615,0.44469036293164205,0.19324617260533827,0.17611554727888934,130781.81932257589,-822.6494852600863,129959.1698373158,897,0,214.29545454545453,40,4,16,36.48451730418945,0.62109375,44.28353658536586,1022.8658536585369,25.571646341463424,0
1751,4,0,0,42,0.0,0.0,1.0,42,1250,1000,250,0.8,15,10,5,317.2303713747334,0.4417828106852497,0.19770230449198767,0.18186514978461515,130501.95448133702,-120.16330295136487,130381.79117838565,898,4,225.5,39,3,16,36.453873143711554,0.6199252136752137,44.55729166666668,1021.7708333333351,26.199252136752182,0
1752,4,0,0,42,0.0,0.0,1.0,42,1000,900,100,0.9,11,9,2,316.21189969252697,0.4416255323267519,0.19486918110771323,0.18140577403413416,130528.56445312526,-145.0629340277476,130383.50151909751,899,5,226.5,39,3,16,36.45302412504248,0.6201923076923077,44.531250000000014,1021.875000000002,26.20192307692313,0
1753,4,0,1,41,0.0,0.023809523809523808,0.9761904761904762,42,1250,800,450,0.64,17,8,9,312.0569596741078,0.4406455671699574,0.18723009888691555,0.17951506460971267,130635.03146701408,-246.88585069442416,130388.14561631966,900,6,227.5,39,3,16,36.45175259832892,0.6212606837606838,44.42708333333334,1022.2916666666682,26.212606837606877,0
1754,4,0,0,41,0.0,0.0,1.0,41,1350,1000,350,0.7407407407407407,17,10,7,315.37984404536866,0.4410315040650406,0.179082714740191,0.18134341032608706,130617.28395061736,38.811728395073146,130656.09567901243,901,7,221.6829268292683,38,3,17,36.38473731884061,0.6228070175438596,44.44444444444445,1022.2222222222229,26.900584795321652,0
1755,4,1,1,41,0.023809523809523808,0.023809523809523808,0.9761904761904762,42,1050,700,350,0.6666666666666666,14,7,7,310.9157302994392,0.4415166473093302,0.19091957531969728,0.18047069590387435,130981.34901258702,-255.16764322914287,130726.18136935787,902,0,217.38095238095238,39,3,19,36.13185187069638,0.624732905982906,44.08854166666668,1023.6458333333351,26.247329059829106,0
1756,4,0,0,41,0.0,0.0,1.0,41,1100,700,400,0.6363636363636364,15,7,8,320.6385640998077,0.4396087398373984,0.19093596510659805,0.18580742925057833,130917.78897518083,195.45837442472777,131113.24734960555,903,1,223.46341463414635,38,3,19,35.947123916901575,0.6258223684210527,44.15064102564103,1023.397435897436,26.931511470985157,0
1757,4,1,1,41,0.023809523809523808,0.023809523809523808,0.9761904761904762,42,1400,1000,400,0.7142857142857143,18,10,8,316.8214689682554,0.4406576655052265,0.20524400042594793,0.18530853815158727,131274.74500868062,-81.86848958332786,131192.8765190973,904,0,219.11904761904762,39,3,20,35.685183302839334,0.6276709401709402,43.802083333333336,1024.7916666666672,26.276709401709414,0
1758,4,0,0,41,0.0,0.0,1.0,41,900,400,500,0.4444444444444444,14,4,10,324.78477914928465,0.4381097560975609,0.19981228490979275,0.18955333215231202,131191.27498584607,321.7858545182054,131513.06084036428,905,1,224.5609756097561,38,3,21,35.5652744464143,0.6285635964912281,43.883547008547,1024.4658119658102,26.959626630679214,0
1759,4,1,1,41,0.023809523809523808,0.023809523809523808,0.9761904761904762,42,1350,1000,350,0.7407407407407407,17,10,7,315.6728689614122,0.4403794037940379,0.1883468441685885,0.186320756868716,131621.90890842007,-90.10687934028249,131531.8020290798,906,0,220.1904761904762,39,3,17,35.365381687138374,0.6311431623931624,43.463541666666664,1026.1458333333328,26.31143162393161,0
1760,4,0,1,40,0.0,0.024390243902439025,0.975609756097561,41,1100,500,600,0.45454545454545453,17,5,12,321.664086437715,0.43844004065040654,0.19068320615533074,0.18989450216559636,131629.44614517127,268.09310851778486,131897.53925368906,907,3,226.5609756097561,38,3,18,35.20410376539997,0.6329495614035088,43.45619658119658,1026.1752136752134,27.004610886189827,0
1761,4,0,0,40,0.0,0.0,1.0,40,1050,600,450,0.5714285714285714,15,6,9,327.95251825358406,0.4382077991452991,0.19313762154076297,0.19364716834922976,131637.38031173046,634.1620739073509,132271.54238563782,908,4,230.425,37,3,18,35.034792712896675,0.6348536036036037,43.4484649122807,1026.2061403508767,27.735301090564235,0
1762,4,0,0,40,0.0,0.0,1.0,40,1050,500,550,0.47619047619047616,16,5,11,325.1908923531603,0.4377804487179487,0.1913747997864388,0.1928697091125616,131806.21831957914,572.4363506078857,132378.65467018704,909,5,231.425,37,3,18,34.93582043068163,0.6365427927927928,43.28399122807018,1026.8640350877197,27.75308202939783,0
1763,4,0,0,40,0.0,0.0,1.0,40,1000,700,300,0.7,13,7,6,325.40763385161017,0.4374198717948718,0.19376267748478715,0.1932842933600529,131862.52170138896,581.814236111122,132444.3359375001,910,6,232.425,37,3,18,34.87364773495605,0.6371058558558558,43.22916666666667,1027.083333333334,27.759009009009027,0
1764,4,0,0,40,0.0,0.0,1.0,40,1150,900,250,0.782608695652174,14,9,5,323.28874666666667,0.43699252136752137,0.18972533333333352,0.1931696622052264,132087.85545792946,540.5034481763741,132628.35890610583,911,7,233.425,37,3,18,34.70166666666667,0.6393581081081081,43.00986842105264,1027.9605263157903,27.78271692745379,0
1765,4,0,0,40,0.0,0.0,1.0,40,1000,500,500,0.5,15,5,10,321.0340955737478,0.43672542735042735,0.18153054696662752,0.1923948103761139,132200.59447378048,488.17965624038686,132688.77413002087,912,8,234.425,37,3,18,34.64643974126596,0.6404842342342343,42.90021929824562,1028.399122807018,27.794570886676166,0
1766,4,1,0,41,0.024390243902439025,0.0,1.0,41,1300,900,400,0.6923076923076923,17,9,8,338.1679828775407,0.4383384146341463,0.16860485438720496,0.19353449669919068,130435.08193582097,634.1142085937897,131069.19614441476,913,0,229.6829268292683,36,5,19,35.98670672105242,0.6247106481481481,44.622747747747745,1021.5090090090091,28.375250250250254,8
1767,4,0,0,41,0.0,0.0,1.0,41,1200,600,600,0.5,18,6,12,341.06996334494477,0.43795731707317076,0.1752764899549828,0.19577545334316085,130550.14209733382,705.3464359629943,131255.48853329683,914,1,230.6829268292683,36,5,15,35.796143250688715,0.6258680555555556,44.51013513513514,1021.9594594594595,28.387762762762762,0
1768,4,0,0,41,0.0,0.0,1.0,41,1100,700,400,0.6363636363636364,15,7,8,340.8575078554124,0.4375508130081301,0.17699319567016714,0.19579890767694458,130578.9150637124,701.7607134161187,131280.67577712852,915,2,231.6829268292683,36,5,15,35.77245849860437,0.6261574074074074,44.48198198198198,1022.0720720720724,28.3908908908909,0
1769,4,0,0,41,0.0,0.0,1.0,41,950,800,150,0.8421052631578947,11,8,3,339.50099699446486,0.4368902439024391,0.17796630659334478,0.19545526643707944,130665.2529852486,672.1967322051627,131337.44971745377,916,3,232.6829268292683,36,5,15,35.719792928736666,0.627025462962963,44.397522522522515,1022.4099099099086,28.400275275275238,0
1770,4,0,0,41,0.0,0.0,1.0,41,1000,800,200,0.8,12,8,4,332.02832153269503,0.4364075203252033,0.13877551020408152,0.18917892738490727,130262.58680555526,450.1736111110781,130712.76041666634,917,4,233.6829268292683,37,4,16,36.31802721088436,0.6210585585585586,44.79166666666665,1020.833333333331,27.590090090090026,8
1771,4,0,0,41,0.0,0.0,1.0,41,1200,900,300,0.75,15,9,6,332.64570474151407,0.4357469512195122,0.1360093214458713,0.19021453282180484,130402.54122662725,475.5690452831411,130878.1102719104,918,5,234.6829268292683,37,4,17,36.16065038468418,0.6224662162162162,44.65460526315788,1021.381578947367,27.604907539118027,0
1772,4,0,0,41,0.0,0.0,1.0,41,1550,1100,450,0.7096774193548387,20,11,9,337.5425715720879,0.43518800813008135,0.1403701581270722,0.19385300737051325,130570.58572108716,614.6262551938947,131185.21197628105,919,6,235.6829268292683,37,4,15,35.86558577405857,0.6241554054054055,44.49013157894736,1022.0394736842098,27.622688477951616,0
1773,4,0,2,39,0.0,0.04878048780487805,0.9512195121951219,41,1300,800,500,0.6153846153846154,18,8,10,339.31917984577416,0.4349085365853658,0.14038905132778523,0.19558038759219346,130710.70545744844,670.5298745767916,131381.23533202522,920,7,236.6829268292683,37,4,15,35.678479519622556,0.6255630630630631,44.353070175438596,1022.5877192982456,27.63750592697961,0
1774,4,1,0,40,0.025,0.0,1.0,40,950,600,350,0.631578947368421,13,6,7,346.54639120160846,0.4322649572649573,0.1751595335020355,0.20100575300774887,130953.25213304539,1076.2753885642605,132029.52752160965,921,0,242.55,36,4,16,35.24842300216379,0.6299189814814814,44.115990990991,1023.5360360360376,28.4315565565566,0
1775,4,0,0,40,0.0,0.0,1.0,40,950,600,350,0.631578947368421,13,6,7,348.4745270954637,0.43217147435897435,0.17779916410030783,0.20257867009923022,131039.71370018687,1132.8004524795274,132172.5141526664,922,1,243.55,36,4,16,35.111682431441565,0.630787037037037,44.03153153153154,1023.8738738738754,28.440940940940983,0
1776,4,0,1,39,0.0,0.025,0.975,40,950,400,550,0.42105263157894735,15,4,11,349.5889926970708,0.43227831196581196,0.17989226033421235,0.2038372742033693,131155.0401753107,1170.0716764061663,132325.11185171688,923,2,244.55,36,4,16,34.9666062005277,0.6319444444444444,43.91891891891893,1024.3243243243267,28.45345345345352,0
1777,4,0,0,39,0.0,0.0,1.0,39,1000,500,500,0.5,15,5,10,359.8120068408709,0.4323268106162843,0.1798349329994895,0.20944846292947555,131090.9636488342,1633.6205418381492,132724.58419067235,924,3,242.43589743589743,35,4,17,34.76962778782397,0.6333333333333333,43.98148148148149,1024.0740740740755,29.2592592592593,0
1778,4,1,0,40,0.025,0.0,1.0,40,1450,1000,450,0.6896551724137931,19,10,9,357.6095924598982,0.43336004273504275,0.16414845516201937,0.20071513621510553,129675.59880203534,1274.6476079178312,130950.24640995316,925,0,237.35,37,3,16,36.26141583234651,0.6151463963963963,45.367324561403514,1018.5307017543868,27.527856804172615,8
1779,4,0,0,40,0.0,0.0,1.0,40,950,700,250,0.7368421052631579,12,7,5,399.11055665205106,0.4331730769230769,0.2034035895619315,0.20981175073160888,127062.0057397959,2253.698918250353,129315.70465804625,926,1,238.35,34,6,17,37.8867044515291,0.5946691176470589,47.94642857142857,1008.2142857142856,29.65336134453781,8
1780,4,0,1,39,0.0,0.025,0.975,40,1350,900,450,0.6666666666666666,18,9,9,400.00492768448817,0.43274572649572646,0.2050672883957032,0.2105930231457613,127122.02558106581,2169.8873299319816,129291.9129109978,927,2,239.35,34,6,17,37.802256719002095,0.595281862745098,47.886904761904766,1008.4523809523814,29.660364145658278,0
1781,4,1,0,40,0.025,0.0,1.0,40,1650,1200,450,0.7272727272727273,21,12,9,400.9867995137938,0.4329727564102564,0.23226490690549184,0.21347390092058036,127572.62613378669,2230.9878117913677,129803.61394557805,928,0,239.75,34,6,17,37.313172676565316,0.5998774509803921,47.44047619047618,1010.2380952380939,29.712885154061585,0
1782,4,1,0,41,0.024390243902439025,0.0,1.0,41,1300,900,400,0.6923076923076923,17,9,8,388.5174514264597,0.43622967479674796,0.2287915644071845,0.20875842007268647,127945.07345183038,1741.7787720152792,129686.85222384566,929,0,234.8780487804878,36,5,18,37.2453806767587,0.599537037037037,47.07207207207208,1011.7117117117131,28.10310310310314,0
1783,4,3,1,43,0.06818181818181818,0.022727272727272728,0.9772727272727273,44,1000,800,200,0.8,12,8,4,366.7813949133441,0.44193754404510216,0.24565866091965893,0.2018908380783993,128907.38195516128,656.7872720537234,129564.16922721501,930,0,219.79545454545453,35,9,16,36.81093761872198,0.6113095238095239,46.12268518518519,1015.5092592592601,29.01455026455029,0
1784,4,0,0,43,0.0,0.0,1.0,43,850,500,350,0.5882352941176471,12,5,7,376.03705770853725,0.439484126984127,0.2527208156718983,0.20631222355360293,128778.1250000001,1085.06944444446,129863.19444444457,931,1,225.88372093023256,34,9,16,36.70805966064587,0.6121323529411764,46.25000000000001,1015.0000000000008,29.852941176470612,0
1785,4,2,0,45,0.044444444444444446,0.0,1.0,45,1300,900,400,0.6923076923076923,17,9,8,356.9127503351923,0.44088804713804713,0.2504330282452516,0.1984997512947943,129315.90374157953,230.89897329763636,129546.80271487717,932,0,216.8,36,9,18,36.645169028638925,0.6134259259259259,45.72072072072073,1017.117117117118,28.253253253253277,0
1786,4,1,2,44,0.021739130434782608,0.043478260869565216,0.9565217391304348,46,1450,900,550,0.6206896551724138,20,9,11,349.93233362902805,0.4422000805152979,0.2534297853225773,0.19682634649400302,129759.37307633122,-118.59995383194524,129640.77312249927,933,0,213.06521739130434,37,9,14,36.371789352848324,0.615990990990991,45.28508771929825,1018.8596491228074,27.536747273589388,0
1787,4,1,0,45,0.022222222222222223,0.0,1.0,45,700,400,300,0.5714285714285714,10,4,6,349.39618615493396,0.4430765993265993,0.24811070481107067,0.19736851390453056,129927.0027797013,79.19984995381796,130006.20262965512,934,0,209.53333333333333,37,8,15,36.21522549652256,0.6176801801801801,45.12061403508771,1019.5175438596481,27.55452821242292,0
1788,4,0,0,45,0.0,0.0,1.0,45,1150,700,450,0.6086956521739131,16,7,9,349.870321276909,0.44269781144781145,0.24173325211699948,0.1983451309469277,130066.77685682128,101.30100126961844,130168.0778580909,935,1,210.53333333333333,37,8,15,36.0612839944104,0.6190878378378378,44.983552631578945,1020.0657894736838,27.569345661450914,0
1789,4,1,0,46,0.021739130434782608,0.0,1.0,46,1400,900,500,0.6428571428571429,19,9,10,340.6265038047112,0.4443438003220612,0.24106805787398167,0.19462335623844784,130371.67302441735,-318.39056450435487,130053.282459913,936,0,206.93478260869566,38,8,17,35.98811765526379,0.6203399122807017,44.684829059829056,1021.2606837606832,26.875281151596926,0
1790,4,0,0,46,0.0,0.0,1.0,46,1300,1000,300,0.7692307692307693,16,10,6,338.9241697449274,0.44414251207729466,0.23667454975441116,0.19378678605032923,130398.95171305421,-360.9287110088509,130038.02300204536,937,1,207.93478260869566,38,8,17,36.0039661785216,0.6206140350877193,44.65811965811965,1021.3675213675208,26.878092667566335,0
1791,4,0,0,46,0.0,0.0,1.0,46,1000,800,200,0.8,12,8,4,342.9268310011373,0.4439110305958132,0.2304984204186462,0.1967663550405444,130535.3879597669,-247.18261469063157,130288.20534507626,938,2,208.93478260869566,38,8,12,35.763634779578325,0.621984649122807,44.52457264957265,1021.9017094017088,26.89215024741339,0
1792,4,0,2,44,0.0,0.043478260869565216,0.9565217391304348,46,1300,1000,300,0.7692307692307693,16,10,6,347.30904376180433,0.4431561996779388,0.18435701625784962,0.18422399091156058,127425.26898877996,-235.55219918854326,127189.71678959142,939,3,209.93478260869566,40,6,13,38.819828887770505,0.5872395833333333,47.586382113821145,1009.6544715447166,25.241361788617915,8
1793,4,0,0,44,0.0,0.0,1.0,44,1350,1000,350,0.7407407407407407,17,10,7,361.46612309661265,0.44221282593375616,0.1820081288161033,0.1912477393965081,127322.68248273173,404.56728385879927,127727.24976659052,940,6,215.4318181818182,40,4,13,38.56778437888092,0.5861979166666667,47.68800813008129,1009.2479674796739,25.231199186991848,0
1794,4,0,0,44,0.0,0.0,1.0,44,850,500,350,0.5882352941176471,12,5,7,362.23904225561836,0.44223484848484845,0.18252976762490492,0.1918997550253365,127373.9705718323,427.965021647175,127801.93559347947,941,7,216.4318181818182,40,4,13,38.49562904795464,0.58671875,47.63719512195122,1009.4512195121955,25.236280487804887,0
1795,4,0,0,44,0.0,0.0,1.0,44,1400,900,500,0.6428571428571429,19,9,10,361.97846169217684,0.44169529598308666,0.18788595423897836,0.19224906327285746,127476.57773357464,428.7551019565136,127905.33283553115,942,8,217.4318181818182,40,4,13,38.39690047297977,0.5877604166666667,47.53556910569106,1009.8577235772361,25.246443089430905,0
1796,4,0,1,43,0.0,0.022727272727272728,0.9772727272727273,44,1550,1200,350,0.7741935483870968,19,12,7,360.1864461027449,0.44211372445384073,0.18384356540663127,0.1919064119589224,127604.89477989299,392.310711216879,127997.20549110987,943,9,218.4318181818182,40,4,13,38.310534433045014,0.5890625,47.40853658536586,1010.3658536585372,25.259146341463428,0
1797,4,2,0,45,0.044444444444444446,0.0,1.0,45,1400,1100,300,0.7857142857142857,17,11,6,369.53528422486426,0.44543350168350165,0.24988538369173763,0.189866109858888,126126.42982696566,362.36624815651743,126488.79607512217,944,0,214.04444444444445,37,8,16,39.59618218535095,0.5791103603603603,48.876096491228054,1004.495614035085,27.148530109056352,8
1798,4,3,0,48,0.0625,0.0,1.0,48,1300,700,600,0.5384615384615384,19,7,12,349.8195725493499,0.4509456264775414,0.2656649931088806,0.18335744158701178,126942.00857426273,-718.6401643991242,126223.3684098636,945,0,201.60416666666666,41,7,18,39.252313447529055,0.5807926829268293,48.065476190476176,1007.7380952380927,24.578977932636406,0
1799,4,1,1,48,0.02040816326530612,0.02040816326530612,0.9795918367346939,49,1300,1100,200,0.8461538461538461,15,11,4,341.63773032672304,0.45314271541950113,0.2675430841286748,0.18018576573980066,127194.50744431205,-1108.9342791449528,126085.5731651671,946,0,198.46938775510205,40,9,19,39.1994509369333,0.5848958333333334,47.815040650406495,1008.7398373983724,25.21849593495931,0
1800,4,1,0,49,0.02040816326530612,0.0,1.0,49,1500,1200,300,0.8,18,12,6,339.08483877902904,0.45546343537414963,0.2775975164690252,0.18049664993658393,127567.61508133342,-1148.751161344171,126418.86391998925,947,0,196.89795918367346,41,8,17,38.88169416347507,0.5871443089430894,47.445436507936506,1010.2182539682536,24.639469608981795,0
1801,4,1,1,49,0.02,0.02,0.98,50,1500,1000,500,0.6666666666666666,20,10,10,335.5576484136798,0.455187074829932,0.28090238528594713,0.18009698158305404,127899.37245545628,-1416.4774690523514,126482.89498640393,948,0,193.94,42,8,19,38.631573905546496,0.5890376984126984,47.1172480620155,1011.5310077519371,24.084071613141358,0
1802,4,3,2,50,0.057692307692307696,0.038461538461538464,0.9615384615384616,52,1250,900,350,0.72,16,9,7,325.4280804784196,0.4586239944695827,0.28866105510423723,0.1769504363091015,128420.90778730503,-2040.941887613617,126379.96589969141,949,0,187.3653846153846,41,11,16,38.35590600632932,0.5957825203252032,46.60218253968255,1013.5912698412722,24.721738288811515,0
1803,4,1,0,51,0.0196078431372549,0.0,1.0,51,900,500,400,0.5555555555555556,13,5,8,329.99907630892983,0.4577287581699347,0.2927344885850125,0.1801636094947007,128582.21379469927,-1713.597643598354,126868.61615110093,950,0,190.15686274509804,40,11,17,38.07573480293922,0.5989583333333333,46.443089430894325,1014.2276422764256,25.35569105691064,0
1804,4,0,2,49,0.0,0.0392156862745098,0.9607843137254902,51,1400,1000,400,0.7142857142857143,18,10,8,330.25039692590053,0.4576143790849673,0.2904113463476139,0.18065149109650794,128659.52934967644,-1702.0278727939428,126957.50147688249,951,1,191.15686274509804,40,11,17,37.99062573040837,0.5997395833333333,46.3668699186992,1014.5325203252057,25.36331300813014,0
1805,4,0,0,49,0.0,0.0,1.0,49,1300,900,400,0.6923076923076923,17,9,8,343.16348127115896,0.45735898526077096,0.29492454296347725,0.18735074086904677,128582.21379469926,-975.0559769316865,127607.15781776757,952,2,198.59183673469389,40,9,18,37.74194221776887,0.5989583333333333,46.443089430894325,1014.2276422764255,25.355691056910636,0
1806,4,1,1,49,0.02,0.02,0.98,50,1950,1600,350,0.8205128205128205,23,16,7,342.35306826912716,0.45748299319727886,0.2913998241672362,0.18852438729806656,128924.17332963287,-1172.482737307876,127751.690592325,953,0,195.6,41,9,19,37.41401696460552,0.6008638211382114,46.1061507936508,1015.5753968253975,24.770131629887747,0
1807,4,2,2,49,0.0392156862745098,0.0392156862745098,0.9607843137254902,51,1000,600,400,0.6,14,6,8,344.5147347657912,0.4582516339869281,0.31006459078433424,0.19197272201138846,129391.54071015041,-1283.35066439463,128108.19004575578,954,0,192.27450980392157,38,13,22,36.88351009835836,0.6104714912280702,45.646367521367516,1017.4145299145293,26.77406657669814,0
1808,4,2,3,48,0.0392156862745098,0.058823529411764705,0.9411764705882353,51,1250,800,450,0.64,17,8,9,338.81546916775625,0.4583333333333333,0.31449994719611407,0.1906264811378182,129770.27253123127,-1406.3648456606659,128363.90768557061,955,0,191.45098039215685,40,11,15,36.64389254604694,0.6109375,45.27439024390243,1018.9024390243891,25.472560975609728,0
1809,4,0,0,48,0.0,0.0,1.0,48,1150,800,350,0.6956521739130435,15,8,7,362.30916017573475,0.45468565307328607,0.3295285170419855,0.20220031963866458,129452.33298947738,-219.64679035859092,129232.68619911879,956,1,203.64583333333334,37,11,15,36.368993104191354,0.6128941441441442,45.586622807017534,1017.6535087719286,27.5041488857278,0
1810,4,2,2,48,0.04,0.04,0.96,50,1150,600,550,0.5217391304347826,17,6,11,354.56043359949183,0.4570918367346939,0.337604384653712,0.20067760581900182,130003.35784131472,-781.1906148787059,129222.16722643601,957,0,196.46,40,10,17,36.00606211592759,0.61328125,45.045731707317074,1019.817073170732,25.4954268292683,0
1811,4,0,0,48,0.0,0.0,1.0,48,1050,600,450,0.5714285714285714,15,6,9,364.3328789773219,0.45444555260047287,0.33623273903163753,0.20470913382726963,129717.84056770036,-147.90513824969335,129569.93542945066,958,1,205.39583333333334,38,10,17,36.047238245062026,0.6137609649122807,45.3258547008547,1018.6965811965814,26.80780476833109,0
1812,4,1,0,49,0.02040816326530612,0.0,1.0,49,1450,1100,350,0.7586206896551724,18,11,7,362.8894495548457,0.4545776643990929,0.3362741870282919,0.20591768649711292,130103.13042534764,-357.38932291662707,129745.74110243101,959,0,202.18367346938774,39,10,18,35.692345653801645,0.6159188034188035,44.947916666666686,1020.2083333333367,26.15918803418812,0
1813,4,1,1,49,0.02,0.02,0.98,50,1600,1200,400,0.75,20,12,8,357.5036626977778,0.45562074829931976,0.3306650050979949,0.2047816243110503,130469.43486636235,-670.8515517832574,129798.5833145791,960,0,199.12,35,15,21,35.45808787432499,0.6270833333333333,44.589120370370374,1021.6435185185189,29.189814814814827,0
1814,4,0,0,49,0.0,0.0,1.0,49,1150,700,450,0.6086956521739131,16,7,9,366.2604346694285,0.4540107709750567,0.33564636951645155,0.2093369932730864,130384.14292800454,-249.08942743763208,130135.05350056691,961,1,203.91836734693877,34,15,21,35.320987294556495,0.6283700980392157,44.67261904761905,1021.3095238095239,30.038515406162468,0
1815,4,0,0,49,0.0,0.0,1.0,49,1850,1400,450,0.7567567567567568,23,14,9,365.2320160202049,0.45415249433106575,0.3285094735674061,0.2093680673653488,130498.99798525388,-267.5175754458042,130231.48040980808,962,2,204.91836734693877,35,14,15,35.230705331520916,0.6273809523809524,44.56018518518519,1021.7592592592601,29.193121693121718,0
1816,4,0,0,49,0.0,0.0,1.0,49,1400,900,500,0.6428571428571429,19,9,10,365.0250292103649,0.4541347789115646,0.32763075785240514,0.20956898621115227,130558.13426997598,-268.6026448902566,130289.53162508573,963,3,205.91836734693877,35,14,16,35.17600981502455,0.6279761904761905,44.50231481481482,1021.9907407407406,29.199735449735446,0
1817,4,0,2,47,0.0,0.04081632653061224,0.9591836734693877,49,1150,800,350,0.6956521739130435,15,8,7,368.4641626659408,0.4538690476190476,0.3238181494719472,0.21202892174776924,130646.86381440761,-172.26254393861288,130474.601270469,964,4,206.91836734693877,35,14,16,34.99813672214046,0.6288690476190476,44.41550925925926,1022.3379629629633,29.209656084656093,0
1818,4,0,2,45,0.0,0.0425531914893617,0.9574468085106383,47,1150,700,450,0.6086956521739131,16,7,9,370.1252349837362,0.45299491211840887,0.3004208107411519,0.21298476876946865,130646.86381440761,271.1402338391654,130918.00404824677,965,5,206.17021276595744,35,12,16,34.95568228989774,0.6288690476190476,44.41550925925926,1022.3379629629633,29.209656084656093,0
1819,4,1,1,45,0.021739130434782608,0.021739130434782608,0.9782608695652174,46,2000,1700,300,0.85,23,17,6,362.18930019938546,0.4548107890499195,0.28154681139755744,0.21018386948578513,130972.46334876544,287.36496913580123,131259.82831790124,966,0,201.93478260869566,35,11,18,34.828697421981005,0.6321428571428571,44.09722222222222,1023.6111111111112,29.246031746031747,0
1820,4,0,2,43,0.0,0.044444444444444446,0.9555555555555556,45,1750,1300,450,0.7428571428571429,22,13,9,369.29040680542164,0.4543139730639731,0.2869134685465837,0.21397547686589352,130913.23329260963,669.0002357681661,131582.2335283778,967,1,207.26666666666668,35,10,18,34.706985599034915,0.631547619047619,44.15509259259259,1023.3796296296288,29.239417989417966,0
1821,4,0,0,43,0.0,0.0,1.0,43,1150,900,250,0.782608695652174,14,9,5,383.3884688090738,0.4513196751568844,0.283809403437816,0.22044836956521738,130617.28395061726,1415.432098765428,132032.7160493827,968,2,216.90697674418604,35,8,18,34.64673913043479,0.6285714285714286,44.44444444444444,1022.2222222222221,29.206349206349202,0
1822,4,0,2,41,0.0,0.046511627906976744,0.9534883720930233,43,900,500,400,0.5555555555555556,13,5,8,388.0806962586287,0.45078903654485053,0.2838704243738621,0.22383035457841002,130735.62349965701,1547.1943587105598,132282.81785836758,969,3,217.90697674418604,35,8,20,34.40659423570244,0.6297619047619047,44.3287037037037,1022.6851851851848,29.219576719576708,0
1823,4,0,1,40,0.0,0.024390243902439025,0.975609756097561,41,1300,1000,300,0.7692307692307693,16,10,6,397.7989239434403,0.4511941056910569,0.287905983391459,0.22897434040390557,130657.85147392315,2195.110544217716,132852.96201814085,970,4,226.9512195121951,34,7,20,34.23721083682657,0.6311274509803921,44.40476190476192,1022.3809523809543,30.07002801120454,0
1824,4,0,1,39,0.0,0.025,0.975,40,1200,800,400,0.6666666666666666,16,8,8,394.5498398410373,0.4496794871794872,0.28056498133695307,0.22843583065059672,130883.62328800153,2328.0225212191376,133211.64580922067,971,5,230.7,35,5,21,34.09081269087208,0.63125,44.18402777777778,1023.2638888888888,29.236111111111107,0
1825,4,0,0,39,0.0,0.0,1.0,39,1400,1000,400,0.7142857142857143,18,10,8,401.0387378115412,0.44694669365721995,0.2895264344775741,0.2322997971851761,130901.38888888911,2699.305555555579,133600.6944444447,972,6,237.25641025641025,34,5,21,33.90675895765472,0.633578431372549,44.16666666666668,1023.3333333333351,30.098039215686327,0
1826,4,0,0,39,0.0,0.0,1.0,39,1100,500,600,0.45454545454545453,17,5,12,406.5494448755909,0.44669365721997306,0.30193865352567895,0.2364254073951966,131053.71492346941,2855.9630102040874,133909.6779336735,973,7,238.25641025641025,34,5,21,33.61091733519359,0.6351102941176471,44.017857142857146,1023.9285714285716,30.1155462184874,0
1827,4,0,0,39,0.0,0.0,1.0,39,950,700,250,0.7368421052631579,12,7,5,406.93746335149774,0.44559716599190285,0.29520992156056614,0.23778077033715833,131236.6230867347,2881.019699546487,134117.64278628118,974,8,239.25641025641025,34,5,21,33.41514658611207,0.6369485294117647,43.839285714285715,1024.6428571428573,30.136554621848745,0
1828,4,1,1,39,0.025,0.025,0.975,40,1150,900,250,0.782608695652174,14,9,5,401.2065324329114,0.4463141025641026,0.2941114939699727,0.2365895705769115,131587.09092184482,2558.8157556028373,134145.90667744767,975,0,234.25,32,8,17,33.20642587578965,0.6451822916666667,43.497474747474755,1026.010101010102,32.06281565656569,0
1829,4,0,0,39,0.0,0.0,1.0,39,1250,900,350,0.72,16,9,7,398.9107339753239,0.44419140800719753,0.1902104621297509,0.22655735136961463,130137.51471789708,2596.057735683189,132733.57245358027,976,10,241.25641025641025,33,6,18,34.73856994154857,0.6281565656565656,44.91421568627452,1020.343137254903,30.919489007724334,8
1830,4,0,0,39,0.0,0.0,1.0,39,1150,900,250,0.782608695652174,14,9,5,399.99999999999994,0.44421952316689156,0.1927786499215074,0.22790697674418617,130262.58680555562,2621.006944444454,132883.5937500001,977,11,242.25641025641025,33,6,18,34.58333333333333,0.6294191919191919,44.79166666666667,1020.8333333333339,30.934343434343454,0
1831,4,2,3,38,0.04878048780487805,0.07317073170731707,0.926829268292683,41,1100,800,300,0.7272727272727273,14,8,6,385.13333128113845,0.4451473577235772,0.1799479440156906,0.2225588914390602,130810.0357851475,1875.8609693877675,132685.89675453526,978,0,231.390243902439,34,7,16,34.406396679467775,0.6326593137254901,44.25595238095239,1022.9761904761913,30.087535014005624,0
1832,4,0,0,38,0.0,0.0,1.0,38,1600,1100,500,0.6875,21,11,10,408.81963665018094,0.44252311522048365,0.20407896413220583,0.23473484477448925,130561.83073255747,3075.248040093312,133637.07877265077,979,13,248.28947368421052,31,7,17,34.05330296853102,0.6374327956989247,44.498697916666664,1022.005208333333,32.96790994623655,0
1833,4,0,1,37,0.0,0.02631578947368421,0.9736842105263158,38,1250,1100,150,0.88,14,11,3,407.9611278726323,0.4422415836889521,0.2078682568093908,0.23464489486652265,130628.37600707996,3058.259921603719,133686.63592868368,980,14,249.28947368421052,31,7,17,34.00747781598946,0.6381048387096775,44.43359374999999,1022.2656249999991,32.97631048387094,0
1834,4,0,0,37,0.0,0.0,1.0,37,1050,700,350,0.6666666666666666,14,7,7,418.6561922262123,0.43922047047047047,0.21898111128880426,0.24065611049738034,130605.83457986465,3535.7882775465337,134141.6228574112,981,21,256.64864864864865,30,7,18,33.757122507122524,0.640625,44.45564516129032,1022.1774193548381,34.07258064516127,0
1835,4,1,0,38,0.02631578947368421,0.0,1.0,38,1050,700,350,0.6666666666666666,14,7,7,406.63218695998705,0.44003378378378377,0.21882070987695612,0.2361109493263974,130994.67807345926,3053.3304850260483,134048.0085584853,982,0,250.8684210526316,31,7,19,33.66880776731959,0.6418010752688172,44.075520833333336,1023.6979166666672,33.02251344086023,0
1836,4,0,0,38,0.0,0.0,1.0,38,1000,800,200,0.8,12,8,4,404.83747615878895,0.4390558321479374,0.218744980457247,0.23547647281898784,131061.3335503472,3011.707899305553,134073.04144965275,983,1,251.8684210526316,31,7,19,33.646998982706,0.6424731182795699,44.010416666666664,1023.9583333333331,33.03091397849462,0
1837,4,0,0,38,0.0,0.0,1.0,38,1150,500,650,0.43478260869565216,18,5,13,402.857589895312,0.43813715030820294,0.22006384303955162,0.23476873342175048,131134.06795224964,2965.67091368226,134099.7388659319,984,2,252.8684210526316,32,6,19,33.62379807692307,0.640625,43.93939393939393,1024.242424242423,32.00757575757572,0
1838,4,0,0,38,0.0,0.0,1.0,38,850,700,150,0.8235294117647058,10,7,3,403.40575575455875,0.4375,0.22160716022959392,0.23568306032744726,131231.07854109266,2987.8744834710587,134218.95302456373,985,3,253.8684210526316,32,6,19,33.511244608749216,0.6416015625,43.84469696969696,1024.6212121212113,32.019412878787854,0
1839,4,0,0,38,0.0,0.0,1.0,38,1050,600,450,0.5714285714285714,15,6,9,404.8516094917048,0.436892484589853,0.22036799315361555,0.23712737127371253,131328.1249999999,3033.7522956841012,134361.877295684,986,4,254.8684210526316,30,8,19,33.375677506775055,0.6479166666666667,43.74999999999999,1024.9999999999993,34.16666666666664,0
1840,4,0,0,38,0.0,0.0,1.0,38,700,500,200,0.7142857142857143,9,5,4,402.7314281396297,0.43656650071123754,0.21980186407820623,0.23652333066029502,131431.47193678445,2986.316879118959,134417.78881590342,987,5,255.8684210526316,30,8,21,33.32514090968674,0.6489583333333333,43.64919354838709,1025.4032258064503,34.18010752688168,0
1841,4,0,0,38,0.0,0.0,1.0,38,1150,700,450,0.6086956521739131,16,7,9,399.5357989741945,0.43631460407776196,0.21448764712777635,0.2354947300054072,131569.33108235046,2913.331562897433,134482.66264524788,988,6,256.86842105263156,30,8,20,33.26728241407921,0.6503472222222222,43.51478494623655,1025.940860215053,34.1980286738351,0
1842,4,0,0,38,0.0,0.0,1.0,38,1450,1100,350,0.7586206896551724,18,11,7,401.3984185273931,0.4350403034613561,0.2172516916801035,0.23766520315598652,131741.75663371477,2976.1865533587506,134717.9431870735,989,7,257.86842105263156,30,8,20,33.04475429868203,0.6520833333333333,43.34677419354838,1026.6129032258054,34.220430107526845,0
1843,4,0,0,38,0.0,0.0,1.0,38,900,500,400,0.5555555555555556,13,5,8,402.9819234976693,0.43373636794689424,0.21446180543600257,0.23968800321343847,131914.29509553118,3031.8152748872585,134946.11037041844,990,8,258.86842105263156,30,8,20,32.82933185049501,0.6538194444444445,43.17876344086021,1027.2849462365584,34.242831541218614,0
1844,4,0,1,37,0.0,0.02631578947368421,0.9736842105263158,38,950,600,350,0.631578947368421,13,6,7,400.3847610273408,0.43326220957799905,0.21106976868244343,0.23886900368773994,132029.74319458008,2972.539435492623,135002.2826300727,991,9,259.86842105263156,31,7,21,32.77917669665105,0.6522177419354839,43.06640625,1027.734375,33.15272177419355,0
1845,4,0,0,37,0.0,0.0,1.0,37,1050,700,350,0.6666666666666666,14,7,7,399.08769692428973,0.4323385885885886,0.2021020640749649,0.23893825190379966,132163.59668307845,3148.973083496104,135312.56976657454,992,10,262.2432432432432,31,6,22,32.67709784306276,0.6535618279569892,42.93619791666667,1028.2552083333342,33.16952284946239,0
1846,4,0,0,37,0.0,0.0,1.0,37,1150,700,450,0.6086956521739131,16,7,9,400.3845537574104,0.43218218218218213,0.20543277454669817,0.24035242968719941,132264.03130425356,3191.2950303819543,135455.32633463552,993,11,263.2432432432432,31,6,22,32.542194092826996,0.6545698924731183,42.83854166666667,1028.6458333333342,33.182123655914005,0
1847,4,0,0,37,0.0,0.0,1.0,37,750,400,350,0.5333333333333333,11,4,7,403.22273517799925,0.43171296296296297,0.20526478128637904,0.24249904568011194,132333.03880025004,3271.937971890633,135604.97677214068,994,12,264.2432432432432,32,5,22,32.399425287356316,0.6526692708333333,42.77146464646465,1028.914141414142,32.15356691919194,0
1848,4,0,2,35,0.0,0.05405405405405406,0.9459459459459459,37,1500,1100,400,0.7333333333333333,19,11,8,403.59550797343053,0.43149399399399396,0.20827545473437814,0.24383484112526826,132505.23003472228,3295.750951752382,135800.98098647466,995,13,265.2432432432432,29,8,22,32.215786456225544,0.6627155172413793,42.60416666666667,1029.583333333334,35.502873563218415,0
1849,4,0,0,35,0.0,0.0,1.0,35,800,500,300,0.625,11,5,6,403.7059729160775,0.4282913165266107,0.16435506241331477,0.24459832476679993,132612.5,3707.2916666666665,136319.79166666666,996,14,244.54285714285714,29,6,22,32.104571197411,0.6637931034482758,42.5,1030.0,35.51724137931034,0
1850,4,0,0,35,0.0,0.0,1.0,35,1300,900,400,0.6923076923076923,17,9,8,401.8926323951174,0.42713585434173673,0.16660642083884558,0.2443545450097832,132744.05142574292,3669.7712524569374,136413.82267819985,997,15,245.54285714285714,30,5,17,32.0184448502239,0.6621527777777778,42.37231182795699,1030.5107526881725,34.35035842293908,0
1851,4,0,1,34,0.0,0.02857142857142857,0.9714285714285714,35,1250,1000,250,0.8,15,10,5,405.64518459464693,0.4269957983193277,0.16864965542931687,0.24732103067098085,132847.95388195154,3777.8265550930637,136625.7804370446,998,16,246.54285714285714,30,5,17,31.816873098652778,0.6631944444444444,42.27150537634408,1030.9139784946226,34.36379928315409,0
1852,4,0,0,34,0.0,0.0,1.0,34,1000,600,400,0.6,14,6,8,408.9098836727816,0.42552361853832443,0.15694687769100635,0.25078962215349226,133068.88156467007,4082.636176215273,137151.51774088535,999,17,248.44117647058823,31,3,17,31.509759380784118,0.6626344086021505,42.057291666666664,1031.7708333333328,33.282930107526866,0
1853,4,0,1,33,0.0,0.029411764705882353,0.9705882352941176,34,1150,800,350,0.6956521739130435,15,8,7,407.61403590946134,0.42496657754010697,0.15032349973288972,0.25089783204116545,133203.26063368062,4059.103732638895,137262.36436631953,1000,18,249.44117647058823,31,3,17,31.407669021190713,0.663978494623656,41.927083333333336,1032.2916666666672,33.29973118279572,0
1854,4,0,1,32,0.0,0.030303030303030304,0.9696969696969697,33,900,700,200,0.7777777777777778,11,7,4,419.1840045135263,0.42396622474747475,0.13981827646585598,0.2589236246528889,133333.36946467805,4578.24314949706,137911.6126141751,1001,19,228.5151515151515,30,3,17,30.97778934582683,0.6680555555555556,41.80107526881721,1032.7956989247316,34.42652329749105,0
1855,4,0,0,32,0.0,0.0,1.0,32,1000,700,300,0.7,13,7,6,416.932161568192,0.42118195564516125,0.12045210690596964,0.25874022520563583,133506.94670265348,4732.667974621345,138239.61467727483,1002,20,228.4375,30,2,17,30.860916027225045,0.6697916666666667,41.63306451612903,1033.467741935484,34.4489247311828,0
1856,4,0,0,32,0.0,0.0,1.0,32,800,400,400,0.5,12,4,8,414.739236475335,0.42019489247311825,0.1209210868434738,0.2581047093016408,133611.14724245586,4682.757038385956,138293.90428084182,1003,21,229.4375,30,2,17,30.812586670133474,0.6708333333333334,41.532258064516135,1033.8709677419363,34.46236559139788,0
1857,4,0,1,31,0.0,0.03125,0.96875,32,1300,1000,300,0.7692307692307693,16,10,6,417.3211890458223,0.4197958669354838,0.12239684860298894,0.2604449756453854,133715.38843002077,4760.4529786680505,138475.8414086888,1004,22,230.4375,30,2,16,30.640838206627677,0.671875,41.431451612903224,1034.2741935483868,34.4758064516129,0
1858,4,0,0,31,0.0,0.0,1.0,31,1350,1100,250,0.8148148148148148,16,11,5,436.46558027499316,0.41765232974910393,0.13132316161170854,0.2463654670492374,129897.31046888565,5139.140997992628,135036.4514668783,1005,23,237.3548387096774,31,0,16,34.02640290373399,0.6307123655913979,45.149739583333336,1019.4010416666669,32.88390456989248,8
1859,4,1,0,32,0.03125,0.0,1.0,32,800,500,300,0.625,11,5,6,429.98750520616375,0.41954385080645157,0.13609693877550977,0.24499288087327958,130262.58680555565,4802.256944444455,135064.84375000012,1006,0,230.90625,32,0,17,33.81802721088435,0.6318359375,44.79166666666667,1020.8333333333342,31.901041666666693,0
1860,4,0,0,32,0.0,0.0,1.0,32,700,400,300,0.5714285714285714,10,4,6,399.9887910967629,0.418913810483871,0.11051711977430134,0.21996562714898155,128870.65463595926,3909.363471137163,132780.01810709643,1007,1,231.90625,31,1,17,36.00549286141745,0.6202956989247312,46.15885416666667,1015.3645833333338,32.75369623655916,8
1861,4,0,0,32,0.0,0.0,1.0,32,650,400,250,0.6153846153846154,9,4,5,399.6105115774175,0.4188088037634408,0.11283898576740592,0.21994088777644896,128903.7089877659,3902.2554185655436,132805.96440633145,1008,2,232.90625,31,1,18,35.981242253280335,0.6206317204301075,46.126302083333336,1015.4947916666672,32.75789650537636,0
1862,4,0,0,32,0.0,0.0,1.0,32,1000,600,400,0.6,14,6,8,400.504630625536,0.4181157594086022,0.10799496859377022,0.22080117480634687,128969.83040703673,3930.6028578016594,132900.4332648384,1009,3,233.90625,31,1,18,35.89083130367902,0.6213037634408602,46.06119791666667,1015.7552083333338,32.766297043010766,0
1863,4,0,0,32,0.0,0.0,1.0,32,1050,600,450,0.5714285714285714,15,6,9,398.99988846516817,0.41775873655913975,0.11007384980135848,0.22033942885305793,129035.96878051758,3897.0674302842876,132933.03621080186,1010,4,234.90625,31,1,18,35.86134072365329,0.6219758064516129,45.99609375,1016.015625,32.77469758064516,0
1864,4,1,1,32,0.030303030303030304,0.030303030303030304,0.9696969696969697,33,700,400,300,0.5714285714285714,10,4,6,388.53501608322114,0.4220328282828283,0.10735443023242275,0.21600334595203144,129300.69181654192,3447.675238715283,132748.3670552572,1011,0,228.75757575757575,31,2,19,35.85661780395169,0.6246639784946236,45.735677083333336,1017.057291666667,32.80829973118281,0
1865,4,2,3,31,0.058823529411764705,0.08823529411764706,0.9117647058823529,34,1100,800,300,0.7272727272727273,14,8,6,375.09130299684233,0.423648247177659,0.09202612759070683,0.2109137089812908,129747.52456700856,2933.433610090818,132680.95817709938,701,0,193.23529411764707,32,2,16,35.74301854835378,0.6266276041666667,45.29671717171718,1018.813131313132,31.837910353535374,0
1866,4,0,0,31,0.0,0.0,1.0,31,500,200,300,0.4,8,2,6,407.7113697626263,0.415994623655914,0.11805351179127577,0.22589898091683108,129167.22896071801,4332.589569603423,133499.81853032144,702,7,212.90322580645162,30,1,19,35.50564150028648,0.6260416666666666,45.86693548387097,1016.5322580645162,33.88440860215054,0
1867,4,2,1,32,0.06060606060606061,0.030303030303030304,0.9696969696969697,33,750,500,250,0.6666666666666666,10,5,5,385.6394132788736,0.42179608585858586,0.10460007903117119,0.21638963347685433,129665.12891981332,3400.8013642913425,133065.93028410466,703,0,200.93939393939394,31,2,17,35.55836103298389,0.6283602150537635,45.377604166666664,1018.4895833333329,32.854502688172026,0
1868,4,0,0,32,0.0,0.0,1.0,32,650,400,250,0.6153846153846154,9,4,5,397.2262414360248,0.42015288978494625,0.10901402640264024,0.22239384914101165,129577.4461823621,3894.312384379692,133471.75856674177,704,1,208.21875,30,2,17,35.3528602860286,0.6302083333333333,45.46370967741935,1018.1451612903223,33.938172043010745,0
1869,4,0,1,31,0.0,0.03125,0.96875,32,950,600,350,0.631578947368421,13,6,7,398.5093151863121,0.42036290322580644,0.10620545730500197,0.22350148639279707,129645.878949156,3933.0180873511417,133578.89703650714,705,2,209.21875,30,2,17,35.250318947692584,0.6309027777777778,45.39650537634409,1018.413978494624,33.947132616487465,0
1870,4,0,0,31,0.0,0.0,1.0,31,900,600,300,0.6666666666666666,12,6,6,412.0182198133337,0.41935483870967744,0.11873853503605036,0.23116523380957743,129660.70842978402,4484.514853395073,134145.2232831791,706,3,215.16129032258064,29,2,17,34.89121664621119,0.6339798850574713,45.38194444444445,1018.4722222222229,35.1197318007663,0
1871,4,1,0,32,0.03125,0.0,1.0,32,1050,600,450,0.5714285714285714,15,6,9,399.45728326753425,0.4220430107526882,0.1146656459897275,0.22719694021351233,130193.99144771083,4001.3876242918423,134195.37907200266,707,0,209.40625,30,2,18,34.667072742438215,0.6364583333333333,44.85887096774194,1020.5645161290331,34.0188172043011,0
1872,4,0,1,31,0.0,0.03125,0.96875,32,1350,900,450,0.6666666666666666,18,9,9,399.56762782588504,0.42181199596774194,0.11224321833026063,0.22746001242202185,130228.28686842414,4007.0015319690206,134235.28840039315,708,1,210.40625,30,2,18,34.629312615222545,0.6368055555555556,44.825268817204304,1020.6989247311831,34.023297491039436,0
1873,4,0,0,31,0.0,0.0,1.0,31,1000,700,300,0.7,13,7,6,410.3290295710121,0.4202060931899641,0.11691902567478585,0.23379212149976267,130262.58680555553,4490.104166666662,134752.6909722222,709,2,216.09677419354838,29,2,20,34.31972789115646,0.6400862068965517,44.791666666666664,1020.8333333333331,35.20114942528735,0
1874,4,0,0,31,0.0,0.0,1.0,31,600,500,100,0.8333333333333334,7,5,2,408.32407289193253,0.42047491039426527,0.11613078756017425,0.23286192861354493,130298.0348186727,4440.764853395046,134738.79967206775,710,3,217.09677419354838,29,2,20,34.334756042261816,0.6404454022988506,44.756944444444436,1020.9722222222211,35.20593869731797,0
1875,4,1,0,32,0.03125,0.0,1.0,32,700,600,100,0.8571428571428571,8,6,2,397.38778728309927,0.422883064516129,0.11162475345167677,0.22843039473076104,130605.83457986468,3980.232721990979,134586.06730185566,711,0,211.28125,30,2,17,34.300624589086134,0.640625,44.45564516129032,1022.1774193548383,34.072580645161274,0
1876,4,2,0,34,0.058823529411764705,0.0,1.0,34,1150,700,450,0.6086956521739131,16,7,9,374.631766325795,0.42842023172905525,0.10437099054039356,0.218872338641744,131231.07854109266,3032.666150137725,134263.7446912304,712,0,199.7941176470588,32,2,19,34.248305606900786,0.6416015625,43.84469696969696,1024.6212121212113,32.019412878787854,0
1877,4,0,1,33,0.0,0.029411764705882353,0.9705882352941176,34,650,500,150,0.7692307692307693,8,5,3,372.38159602177035,0.42808600713012473,0.0921839113770897,0.2182935868664803,131360.48179076106,2983.2451726864533,134343.72696344752,713,1,200.7941176470588,32,2,20,34.17498049841936,0.6429036458333333,43.71843434343434,1025.126262626262,32.035195707070685,0
1878,4,0,0,33,0.0,0.0,1.0,33,750,500,250,0.6666666666666666,10,5,5,382.8079063310843,0.4241635101010101,0.10617805966643123,0.22363143392125487,131228.04641723636,3447.026740180122,134675.07315741648,714,2,207.6969696969697,31,2,20,34.04194200872623,0.6441532258064516,43.84765625,1024.6093750000002,33.051915322580655,0
1879,4,0,0,33,0.0,0.0,1.0,33,850,500,350,0.5882352941176471,12,5,7,383.33658933527516,0.42412405303030304,0.10913711447383623,0.22413513804373067,131261.40170627166,3463.459608289926,134724.8613145616,715,3,208.6969696969697,31,2,20,33.9945997458704,0.644489247311828,43.815104166666664,1024.739583333333,33.05611559139784,0
1880,4,0,0,33,0.0,0.0,1.0,33,850,600,250,0.7058823529411765,11,6,5,398.27221984791356,0.4242818813131313,0.15136766390978273,0.21404126744744026,127952.8416264923,3610.4755888519544,131563.31721534426,716,4,209.6969696969697,32,1,19,36.99067140896042,0.6083984375,47.064393939393945,1011.742424242425,31.616950757575783,8
1881,4,2,2,33,0.05714285714285714,0.05714285714285714,0.9428571428571428,35,600,200,400,0.3333333333333333,10,2,8,377.4282544345551,0.4278011204481793,0.15360983102918602,0.2062028819772157,128610.25694744827,2708.372436668138,131318.62938411642,717,0,198.65714285714284,33,2,17,36.84444343763845,0.6126893939393939,46.4154411764706,1014.3382352941192,30.737522281639976,0
1882,4,0,0,33,0.0,0.0,1.0,33,950,700,250,0.7368421052631579,12,7,5,394.96969813388955,0.42424242424242425,0.17336713751056365,0.2141644056571287,128309.37915378153,3535.663350423181,131845.0425042047,718,1,211.54545454545453,31,2,20,36.70814055605533,0.6145833333333333,46.712239583333336,1013.1510416666672,32.682291666666686,0
1883,4,2,0,35,0.05714285714285714,0.0,1.0,35,650,400,250,0.6153846153846154,9,4,5,377.35082793407224,0.4272058823529412,0.17755865469151355,0.20778115023851548,128921.21006644079,2729.705071366782,131650.91513780758,719,0,200.4,33,2,19,36.52847331161257,0.6158459595959596,46.10906862745098,1015.5637254901961,30.77465834818776,0
1884,4,0,0,35,0.0,0.0,1.0,35,1350,1100,250,0.8148148148148148,16,11,5,377.48781517230475,0.4261904761904762,0.16870682675578363,0.2088396565192744,129107.96215698285,2747.336511197609,131855.29866818045,720,1,201.4,33,2,20,36.334232686201204,0.617739898989899,45.92524509803921,1016.2990196078429,30.79693998811645,0
1885,4,0,0,35,0.0,0.0,1.0,35,900,600,300,0.6666666666666666,12,6,6,376.9148078473527,0.42608543417366945,0.1686182669789229,0.20901639344262307,129201.38888888902,2739.6171244233174,131941.00601331235,721,2,202.4,32,3,20,36.253415300546465,0.62109375,45.83333333333334,1016.6666666666678,31.770833333333368,0
1886,4,1,0,36,0.027777777777777776,0.0,1.0,36,1050,600,450,0.5714285714285714,15,6,9,366.76498885067167,0.42724867724867727,0.1624424598252432,0.20505265881512594,129522.50567544141,2300.8640699928733,131823.3697454343,722,0,197.75,32,4,18,36.18415612337717,0.6243489583333333,45.517676767676775,1017.929292929294,31.810290404040437,0
1887,4,1,0,37,0.02702702702702703,0.0,1.0,37,1200,900,300,0.75,15,9,6,357.20416533085944,0.43033658658658663,0.16686964807441096,0.20210111494214944,129989.29280045354,1886.543367346941,131875.83616780047,723,0,193.3783783783784,34,3,19,35.95294380885673,0.6243872549019608,45.05952380952381,1019.7619047619048,29.992997198879554,0
1888,4,0,0,37,0.0,0.0,1.0,37,1150,800,350,0.6956521739130435,15,8,7,359.14678895335146,0.429491991991992,0.1653158409284432,0.20383364114769692,130110.72137188207,1945.7695578231287,132056.4909297052,724,1,194.3783783783784,34,3,19,35.78009529366005,0.6256127450980392,44.94047619047619,1020.2380952380952,30.007002801120446,0
1889,4,1,0,38,0.02631578947368421,0.0,1.0,38,1100,800,300,0.7272727272727273,14,8,6,353.0360407590833,0.43146929824561403,0.1674680175152392,0.20225335793020402,130475.3472222224,1612.5885770975265,132087.9357993199,725,0,190.23684210526315,34,4,20,35.56620445894508,0.6292892156862745,44.58333333333334,1021.666666666668,30.049019607843178,0
1890,4,0,1,37,0.0,0.02631578947368421,0.9736842105263158,38,1050,600,450,0.5714285714285714,15,6,9,356.31451742757355,0.43059506875296344,0.17446507266185662,0.2049345452880494,130627.42524092988,1708.8895975056855,132336.31483843556,726,1,191.23684210526315,34,4,15,35.32835487752805,0.6308210784313726,44.43452380952382,1022.2619047619062,30.0665266106443,0
1891,4,0,0,37,0.0,0.0,1.0,37,1050,900,150,0.8571428571428571,12,9,3,369.5036245828994,0.42855355355355357,0.17815609639132024,0.21240728688118327,130606.8447982749,2251.940509659772,132858.78530793468,727,2,197.0,33,4,15,35.01216380929545,0.6328914141414141,44.45465686274511,1022.1813725490213,30.975193107546097,0
1892,4,0,0,37,0.0,0.0,1.0,37,900,600,300,0.6666666666666666,12,6,6,368.6853743285462,0.42792792792792794,0.17681408190695191,0.21262470274856404,130732.14215986658,2239.8057537966383,132971.94791366323,728,3,198.0,33,4,16,34.90600659077292,0.6341540404040404,44.332107843137265,1022.6715686274524,30.990047534165225,0
1893,4,0,0,37,0.0,0.0,1.0,37,1050,800,250,0.7619047619047619,13,8,5,368.039526581152,0.4278966466466467,0.17107081929216306,0.21294262005724474,130857.49959450706,2232.146440071144,133089.6460345782,729,4,199.0,33,4,17,34.79545953607219,0.6354166666666667,44.20955882352942,1023.1617647058835,31.00490196078435,0
1894,4,0,2,35,0.0,0.05405405405405406,0.9459459459459459,37,1250,800,450,0.64,17,8,9,369.6583012792387,0.4269269269269269,0.17154429986606168,0.21475142203663147,131014.28086553246,2286.1033016147608,133300.38416714722,730,5,200.0,33,4,17,34.59520389434203,0.6369949494949495,44.056372549019606,1023.7745098039214,31.023469994058225,0
1895,4,0,0,35,0.0,0.0,1.0,35,1350,900,450,0.6666666666666666,18,9,9,393.85429209199197,0.42324929971988795,0.18894161712031154,0.22770516357371454,130828.1135559082,3305.442810058594,134133.5563659668,731,6,211.88571428571427,31,4,18,34.16499618174876,0.6401209677419355,44.23828125,1023.046875,33.00151209677419,0
1896,4,1,0,36,0.027777777777777776,0.0,1.0,36,650,300,350,0.46153846153846156,10,3,7,383.96892628221946,0.4264550264550264,0.18684347480723673,0.22394966922556775,131166.40082963475,2872.7644181716178,134039.16524780638,732,0,206.97222222222223,32,4,19,34.07468466247586,0.6409505208333333,43.907828282828284,1024.368686868687,32.01152146464647,0
1897,4,1,0,37,0.02702702702702703,0.0,1.0,37,1150,800,350,0.6956521739130435,15,8,7,368.5781077081468,0.42899149149149146,0.17108615006118288,0.21712648413968302,131548.0392907775,2297.1454789023387,133845.18476967982,733,0,202.35135135135135,33,4,20,34.08282065065904,0.6423611111111112,43.53553921568627,1025.8578431372543,31.086601307189525,0
1898,4,0,1,36,0.0,0.02702702702702703,0.972972972972973,37,1100,600,500,0.5454545454545454,16,6,10,365.5340770462444,0.42833458458458457,0.16639461136954603,0.21658023320321304,131768.137555267,2233.1489090734035,134001.2864643404,734,1,203.35135135135135,33,4,18,33.938589162091176,0.6445707070707071,43.321078431372534,1026.715686274508,31.11259655377297,0
1899,4,0,0,36,0.0,0.0,1.0,36,1050,800,250,0.7619047619047619,13,8,5,374.8092164153081,0.4264550264550264,0.16879237751531084,0.22139893248718168,131651.8722579327,2668.8670161207856,134320.73927405349,735,3,209.97222222222223,32,4,18,33.81802616469817,0.6458333333333333,43.434343434343425,1026.262626262625,32.07070707070703,0
1900,4,0,0,36,0.0,0.0,1.0,36,950,600,350,0.631578947368421,13,6,7,373.76876461621436,0.4265046296296296,0.16358319407973299,0.22145931470683455,131768.137555267,2650.162797962292,134418.30035322928,736,4,210.97222222222223,33,3,18,33.727222089599735,0.6445707070707071,43.321078431372534,1026.715686274508,31.11259655377297,0
1901,4,0,0,36,0.0,0.0,1.0,36,1100,800,300,0.7272727272727273,14,8,6,373.26568602815183,0.4257936507936508,0.16663684440733273,0.22207851284414437,131925.46323829758,2648.649708044961,134574.11294634253,737,5,211.97222222222223,33,3,18,33.58123086405027,0.6461489898989898,43.167892156862735,1027.3284313725476,31.131164587046896,0
1902,4,0,0,36,0.0,0.0,1.0,36,750,400,350,0.5333333333333333,11,4,7,369.79237755593005,0.42450396825396824,0.16015857875283213,0.2207436776200415,132051.391366902,2566.319594627055,134617.71096152905,738,6,212.97222222222223,33,3,19,33.543355788720646,0.6474116161616161,43.045343137254896,1027.8186274509794,31.14601901366604,0
1903,4,0,0,36,0.0,0.0,1.0,36,600,300,300,0.5,9,3,6,366.1664499397458,0.4238425925925926,0.15683801427455357,0.2193078287968881,132177.37956855507,2479.7843677912033,134657.16393634627,739,7,213.97222222222223,33,3,20,33.50948933381003,0.6486742424242424,42.922794117647044,1028.3088235294097,31.16087344028514,0
1904,4,0,0,36,0.0,0.0,1.0,36,1150,900,250,0.782608695652174,14,9,5,366.30031015380314,0.42323082010582014,0.15750006618484136,0.21993739652582417,132271.9101427335,2490.2483419838472,134762.15848471737,740,8,214.97222222222223,33,3,20,33.410769597331424,0.6496212121212122,42.830882352941174,1028.676470588235,31.172014260249544,0
1905,4,0,2,34,0.0,0.05555555555555555,0.9444444444444444,36,750,500,250,0.6666666666666666,10,5,5,370.20553096302035,0.42291666666666666,0.13466021349480473,0.20685465586404067,129499.41211276577,2472.6523211991293,131972.0644339649,741,9,215.97222222222223,31,5,18,36.12012813952495,0.6266801075268817,45.54036458333333,1017.8385416666661,32.833501344086,8
1906,4,1,0,35,0.02857142857142857,0.0,1.0,35,950,700,250,0.7368421052631579,12,7,5,376.9086930962942,0.4257703081232493,0.14547780478444405,0.21060008963071725,129499.4121127659,2761.8908352322082,132261.3029479981,742,0,219.57142857142858,31,4,19,35.949559720267764,0.6266801075268817,45.540364583333336,1017.8385416666672,32.83350134408604,0
1907,4,2,0,37,0.05405405405405406,0.0,1.0,37,1550,1000,550,0.6451612903225806,21,10,11,357.35110370678876,0.43152527527527523,0.13745173745173744,0.20360702420503093,130262.58680555563,1909.8958333333426,132172.48263888896,743,0,208.64864864864865,34,3,21,35.671768707483,0.6271446078431373,44.79166666666667,1020.833333333334,30.02450980392159,0
1908,4,0,0,37,0.0,0.0,1.0,37,800,400,400,0.5,12,4,8,359.282720540475,0.4314314314314314,0.13782973135102705,0.20553338886100614,130419.01139285375,1971.4594446847402,132390.47083753848,744,1,209.64864864864865,33,4,21,35.46378224355129,0.6309974747474747,44.638480392156865,1021.4460784313728,30.95291146761736,0
1909,4,0,0,37,0.0,0.0,1.0,37,1300,900,400,0.6923076923076923,17,9,8,355.87085156119997,0.43058683683683685,0.13428001347464424,0.20506812054051493,130700.81218762032,1902.5218665897955,132603.3340542101,745,2,210.64864864864865,33,4,18,35.26536033876639,0.6338383838383839,44.36274509803923,1022.5490196078446,30.98633392751044,0
1910,4,0,1,36,0.0,0.02702702702702703,0.972972972972973,37,1450,1100,350,0.7586206896551724,18,11,7,356.5985260845428,0.4298360860860861,0.13450923284508742,0.20606934328476675,130810.0357851476,1929.333191610004,132739.3689767576,746,3,211.64864864864865,34,3,18,35.13615733736762,0.6326593137254901,44.255952380952394,1022.9761904761922,30.087535014005653,0
1911,4,1,0,37,0.02702702702702703,0.0,1.0,37,1350,1100,250,0.8148148148148148,16,11,5,364.1254441583615,0.4279904904904905,0.15543289424493656,0.21209012837470465,131114.67013888902,2148.437500000019,133263.10763888905,747,0,212.54054054054055,34,3,19,34.63520477352861,0.6357230392156863,43.95833333333334,1024.1666666666679,30.122549019607877,0
1912,4,0,1,36,0.0,0.02702702702702703,0.972972972972973,37,1000,700,300,0.7,13,7,6,356.6632456983144,0.42761511511511513,0.13431422076281896,0.20085772257747153,129807.25623582747,1859.4954648525843,131666.75170068006,748,1,213.54054054054055,34,3,19,36.15167445482865,0.6225490196078431,45.23809523809523,1019.0476190476176,29.971988795518165,8
1913,4,1,0,37,0.02702702702702703,0.0,1.0,37,1250,700,550,0.56,18,7,11,355.67324461929337,0.42767767767767767,0.13902407483922263,0.20170509815636822,130080.35891439895,1853.220663265291,131933.57957766423,749,0,214.35135135135135,34,3,20,35.899511806122845,0.6253063725490196,44.97023809523809,1020.1190476190465,30.00350140056019,0
1914,4,2,3,36,0.05128205128205128,0.07692307692307693,0.9230769230769231,39,800,400,400,0.5,12,4,8,336.8688598177166,0.43041497975708504,0.1345334553796429,0.19350770706997453,130578.9150637124,997.5940467494507,131576.50911046183,750,0,204.30769230769232,36,3,12,35.87437564272072,0.6261574074074074,44.48198198198198,1022.0720720720724,28.3908908908909,0
1915,4,0,1,35,0.0,0.027777777777777776,0.9722222222222222,36,1050,700,350,0.6666666666666666,14,7,7,354.8336191556715,0.4257275132275132,0.12534491469433795,0.20248888566188897,130323.35778061209,2048.621740362791,132371.97952097488,751,2,214.72222222222223,34,2,20,35.67438109673157,0.6277573529411764,44.73214285714285,1021.0714285714272,30.031512605041975,0
1916,4,0,1,34,0.0,0.02857142857142857,0.9714285714285714,35,1350,1200,150,0.8888888888888888,15,12,3,360.02316874868296,0.4236344537815126,0.12015021348834831,0.20529452558831468,130293.86421388401,2381.7619725586255,132675.62618644262,752,3,216.42857142857142,33,2,20,35.57183511383188,0.6297348484848485,44.7610294117647,1020.9558823529405,30.9380570409982,0
1917,4,0,0,34,0.0,0.0,1.0,34,950,900,50,0.9473684210526315,10,9,1,372.33120377356715,0.4214757872846108,0.13431101820005265,0.21197174273616132,130231.31315179254,2897.8363189638562,133129.14947075638,753,4,223.2058823529412,33,1,20,35.32124204586386,0.6291035353535354,44.822303921568626,1020.7107843137251,30.930629827688637,0
1918,4,1,0,35,0.02857142857142857,0.0,1.0,35,1050,700,350,0.6666666666666666,14,7,7,364.18656447386,0.42408963585434173,0.13702365252539117,0.20935080181092108,130606.84479827469,2513.0553753364065,133119.9001736111,754,0,217.8,33,2,16,35.14803880430004,0.6328914141414141,44.4546568627451,1022.1813725490194,30.975193107546044,0
1919,4,0,0,35,0.0,0.0,1.0,35,1350,1200,150,0.8888888888888888,15,12,3,368.5388863133642,0.423984593837535,0.15045017288007934,0.21271269330368872,130763.47588667828,2638.28515474818,133401.76104142645,755,1,218.8,33,2,17,34.877985462097605,0.634469696969697,44.3014705882353,1022.7941176470595,30.993761140819984,0
1920,4,0,0,35,0.0,0.0,1.0,35,900,700,200,0.7777777777777778,11,7,4,373.49033669188566,0.4242296918767507,0.1515004277159966,0.21627214364613345,130888.84833958096,2777.14400711265,133665.99234669362,756,2,219.8,33,2,17,34.624251497005986,0.6357323232323233,44.17892156862745,1023.2843137254905,31.008615567439108,0
1921,4,0,1,34,0.0,0.02857142857142857,0.9714285714285714,35,700,600,100,0.8571428571428571,8,6,2,371.7399751668999,0.424859943977591,0.15350944686671775,0.2161369166680201,131045.64838343425,2742.9812151576275,133788.62959859188,757,3,220.8,33,2,18,34.51014861360462,0.6373106060606061,44.025735294117645,1023.8970588235294,31.027183600713013,0
1922,4,0,0,34,0.0,0.0,1.0,34,1000,600,400,0.6,14,6,8,379.6020273931472,0.42110442661913255,0.15552749597248217,0.22010400815800105,130940.15438475684,3141.0296143250907,134081.18399908193,758,4,228.05882352941177,32,2,18,34.41586479151247,0.638671875,44.12878787878789,1023.4848484848499,31.983901515151558,0
1923,4,0,0,34,0.0,0.0,1.0,34,1500,1200,300,0.8,18,12,6,384.55383164605837,0.42038027332144984,0.16645645319125824,0.22466913922302115,131231.07854109272,3293.0828168044063,134524.16135789713,759,5,229.05882352941177,32,2,18,33.994146642020944,0.6416015625,43.84469696969697,1024.621212121212,32.019412878787875,0
1924,4,0,0,34,0.0,0.0,1.0,34,1100,800,300,0.7272727272727273,14,8,6,382.95470651858733,0.4207144979203803,0.16179549785180702,0.22449164348190698,131360.48179076123,3261.0229504642443,134621.50474122548,760,6,230.05882352941177,32,2,19,33.90401116722091,0.6429036458333333,43.718434343434346,1025.1262626262633,32.03519570707073,0
1925,4,0,0,34,0.0,0.0,1.0,34,1050,900,150,0.8571428571428571,12,9,3,382.7548848236366,0.4204916815210933,0.1580325517720944,0.2247543325851592,131425.20732897156,3260.7280188246114,134685.93534779618,761,7,231.05882352941177,32,2,19,33.8435845339244,0.6435546875,43.65530303030303,1025.378787878788,32.043087121212125,0
1926,4,0,0,34,0.0,0.0,1.0,34,950,500,450,0.5263157894736842,14,5,9,384.68818250645273,0.4206959298871064,0.16326353288730577,0.22646426048423351,131522.32552800738,3319.016873278241,134841.34240128563,762,8,232.05882352941177,32,2,19,33.6956856228459,0.64453125,43.56060606060606,1025.757575757576,32.05492424242425,0
1927,4,0,1,33,0.0,0.029411764705882353,0.9705882352941176,34,900,500,400,0.5555555555555556,13,5,8,387.02338246455406,0.4209558823529412,0.1654746565128642,0.2282258349714779,131587.09092184468,3385.456203448629,134972.5471252933,763,9,233.05882352941177,32,2,18,33.57022725408156,0.6451822916666667,43.49747474747475,1026.010101010101,32.062815656565654,0
1928,4,0,0,33,0.0,0.0,1.0,33,900,800,100,0.8888888888888888,10,8,2,387.8991766702706,0.420730744949495,0.14869742714471879,0.22939303898662725,131695.40617201055,3616.907925075947,135312.3140970865,764,10,232.66666666666666,31,2,18,33.438121062201354,0.6488575268817205,43.39192708333333,1026.432291666666,33.11071908602148,0
1929,4,0,0,33,0.0,0.0,1.0,33,1000,800,200,0.8,12,8,4,387.8991766702706,0.420730744949495,0.14869742714471879,0.22939303898662725,131695.40617201055,3616.907925075947,135312.3140970865,765,11,233.66666666666666,31,2,18,33.438121062201354,0.6488575268817205,43.39192708333333,1026.432291666666,33.11071908602148,0
1930,4,1,1,33,0.029411764705882353,0.029411764705882353,0.9705882352941176,34,900,700,200,0.7777777777777778,11,7,4,380.7594429029309,0.4232211824123589,0.14619153964571496,0.22703304804300006,132008.45457415044,3252.6931244260627,135261.1476985765,766,0,227.76470588235293,32,2,19,33.304920751935136,0.6494140625,43.087121212121204,1027.6515151515139,32.11410984848481,0
1931,4,0,0,33,0.0,0.0,1.0,33,800,500,300,0.625,11,5,6,383.6795131608169,0.4222695707070707,0.13942819693618436,0.22857861479522162,131976.01807213548,3527.2988725640175,135503.3169446995,767,1,231.63636363636363,32,1,19,33.262677152453506,0.6490885416666667,43.118686868686865,1027.5252525252522,32.11016414141413,0
1932,4,0,0,33,0.0,0.0,1.0,33,850,500,350,0.5882352941176471,12,5,7,384.1002222808743,0.42104640151515155,0.13942445454173358,0.22981102939259057,132138.24043783787,3550.86550479542,135689.1059426333,768,2,232.63636363636363,32,1,19,33.08797945065291,0.6507161458333333,42.96085858585858,1028.156565656565,32.12989267676765,0
1933,4,0,1,32,0.0,0.030303030303030304,0.9696969696969697,33,500,300,200,0.6,7,3,4,386.3296701150482,0.4198232323232323,0.14772076274654244,0.23174090521039625,132235.62168401177,3617.3088205285094,135852.93050454027,769,3,233.63636363636363,32,1,19,32.93231852033719,0.6516927083333333,42.86616161616161,1028.535353535353,32.14172979797978,0
1934,4,0,0,32,0.0,0.0,1.0,32,750,600,150,0.8,9,6,3,393.1764625177882,0.4192918346774193,0.1583631442319866,0.23539912998506257,132163.59668307845,3992.7230834961038,136156.31976657454,770,4,240.5,31,1,19,32.82905428221687,0.6535618279569892,42.93619791666667,1028.2552083333342,33.16952284946239,0
1935,4,0,0,32,0.0,0.0,1.0,32,950,600,350,0.631578947368421,13,6,7,389.4221557525549,0.41899781586021506,0.15769760156942159,0.23397904582516632,132297.51798841692,3903.9169311523488,136201.43491956926,771,5,241.5,31,1,19,32.79028498502299,0.6549059139784946,42.805989583333336,1028.776041666667,33.18632392473119,0
1936,4,0,0,32,0.0,0.0,1.0,32,800,400,400,0.5,12,4,8,393.69969366620774,0.4186197916666667,0.15956277672359231,0.23739100521978435,132431.5071105957,4027.648756239149,136459.15586683486,772,6,242.5,31,1,19,32.54493464052287,0.65625,42.67578125,1029.296875,33.203125,0
1937,4,0,0,32,0.0,0.0,1.0,32,1100,600,500,0.5454545454545454,16,6,10,394.6234582798582,0.41672967069892475,0.16878160556257904,0.23901007312355896,132599.08888075096,4065.342203776061,136664.43108452702,773,7,243.5,31,1,19,32.351980615254966,0.6579301075268817,42.51302083333334,1029.9479166666677,33.22412634408605,0
1938,4,0,0,32,0.0,0.0,1.0,32,1100,700,400,0.6363636363636364,15,7,8,396.6463094136847,0.41721270161290325,0.1787885246936971,0.2417435590167931,132833.88137817383,4137.613762749565,136971.4951409234,774,8,244.5,31,1,16,32.062992084543815,0.6602822580645161,42.28515625,1030.859375,33.25352822580645,0
1939,4,0,0,32,0.0,0.0,1.0,32,850,600,250,0.7058823529411765,11,6,5,411.05256452986214,0.4166666666666667,0.15137290616914112,0.23271850280206416,130014.58574459855,4346.96455590516,134361.5503005037,775,9,245.5,29,3,20,34.55430909255981,0.6375718390804598,45.03472222222221,1019.8611111111093,35.16762452107273,8
1940,4,0,0,32,0.0,0.0,1.0,32,950,600,350,0.631578947368421,13,6,7,409.8765219564644,0.41735971102150543,0.15182864576472177,0.23271299013997887,130125.41415553805,4267.070434443267,134392.48458998132,776,10,246.5,30,2,20,34.471193957756995,0.6357638888888889,44.92607526881719,1020.2956989247298,34.00985663082432,0
1941,4,0,0,32,0.0,0.0,1.0,32,1150,900,250,0.782608695652174,14,9,5,411.23250692973943,0.4173387096774193,0.14308993942586246,0.23410042410977794,130228.28686842395,4310.820976413435,134539.1078448374,777,11,247.5,30,2,20,34.331654376261945,0.6368055555555556,44.82526881720429,1020.6989247311816,34.023297491039386,0
1942,4,1,0,33,0.030303030303030304,0.0,1.0,33,650,200,450,0.3076923076923077,11,2,9,398.3621024103961,0.4192708333333333,0.13970629248041755,0.2291938086939087,130640.18419759511,3808.424203665164,134448.60840126028,778,0,240.96969696969697,30,3,17,34.24078578315364,0.6409722222222223,44.42204301075269,1022.3118279569894,34.077060931899645,0
1943,4,0,0,33,0.0,0.0,1.0,33,900,700,200,0.7777777777777778,11,7,4,398.1610060764505,0.41844223484848486,0.13111137657786798,0.22989417725658473,130777.62783269733,3814.1103740316685,134591.738206729,779,1,241.96969696969697,30,3,18,34.10616513359615,0.6423611111111112,44.287634408602145,1022.8494623655906,34.09498207885302,0
1944,4,1,0,34,0.029411764705882353,0.0,1.0,34,750,400,350,0.5333333333333333,11,4,7,392.73020090821626,0.4208630421865716,0.13991986424764313,0.22942791024103568,131228.04641723624,3507.443406846773,134735.48982408302,780,0,235.8235294117647,31,3,19,33.78778010759521,0.6441532258064516,43.84765624999999,1024.6093749999993,33.051915322580626,0
1945,4,1,1,34,0.02857142857142857,0.02857142857142857,0.9714285714285714,35,700,300,400,0.42857142857142855,11,3,8,383.3681700263349,0.42314425770308123,0.13696982485756548,0.22568717487637283,131522.32552800735,3084.2946510560173,134606.62017906338,781,0,230.05714285714285,32,3,20,33.729535942885285,0.64453125,43.56060606060606,1025.7575757575758,32.05492424242424,0
1946,4,0,0,34,0.0,0.0,1.0,34,1300,900,400,0.6923076923076923,17,9,8,390.90153344333385,0.4224970291146762,0.1291638036626539,0.22975675204475335,131461.62245008672,3477.7099609374945,134939.33241102422,782,1,231.44117647058823,31,3,20,33.59785000846454,0.646505376344086,43.619791666666664,1025.5208333333328,33.08131720430106,0
1947,4,0,0,34,0.0,0.0,1.0,34,600,100,500,0.16666666666666666,11,1,10,391.9468595077168,0.422329916815211,0.17225949964511256,0.21507582277013884,128784.53290799404,3295.3386452912896,132079.87155328534,783,2,232.44117647058823,32,2,19,36.29778786747937,0.6168619791666667,46.243686868686865,1015.0252525252522,31.71953914141413,7
1948,4,0,0,34,0.0,0.0,1.0,34,1350,800,550,0.5925925925925926,19,8,11,396.53933958015574,0.4212901069518717,0.17858788423985805,0.21830019905839784,128912.72454660239,3423.7933310376498,132336.51787764003,784,3,233.44117647058823,32,2,19,36.04998135024244,0.6181640625,46.11742424242424,1015.5303030303031,31.735321969696972,0
1949,4,1,0,35,0.02857142857142857,0.0,1.0,35,950,700,250,0.7368421052631579,12,7,5,365.17888827577514,0.4216386554621849,0.14346625821504233,0.1975117911571135,128208.45967567094,2364.1273849607296,130572.58706063166,785,0,227.74285714285713,32,3,22,37.56597265511367,0.6110026041666667,46.81186868686869,1012.752525252526,31.648516414141437,8
1950,4,0,2,33,0.0,0.05714285714285714,0.9428571428571428,35,900,700,200,0.7777777777777778,11,7,4,363.91852607680454,0.4208683473389356,0.14208802164933787,0.1973028549486676,128304.38220589745,2338.468332313043,130642.85053821049,786,1,228.74285714285713,32,3,22,37.49974036224661,0.6119791666666667,46.71717171717172,1013.1313131313138,31.660353535353558,0
1951,4,0,0,33,0.0,0.0,1.0,33,1050,800,250,0.7619047619047619,13,8,5,381.88827986394915,0.4176530934343434,0.1546612399564926,0.20571154534875108,128045.67337036137,3179.828389485678,131225.50175984704,750,2,219.63636363636363,31,2,22,37.30983854367682,0.6118951612903225,46.97265625,1012.1093750000003,32.648689516129046,0
1952,4,3,1,35,0.08333333333333333,0.027777777777777776,0.9722222222222222,36,900,600,300,0.6666666666666666,12,6,6,353.1534773281159,0.4282738095238095,0.15189374698810854,0.1944965987789643,128929.21095521539,1906.359835600904,130835.57079081629,751,0,202.25,34,2,22,37.13466572891025,0.6136642156862745,46.101190476190474,1015.5952380952378,29.8704481792717,0
1953,4,1,0,36,0.027777777777777776,0.0,1.0,36,1100,800,300,0.7272727272727273,14,8,6,353.3247041885259,0.42786044973544973,0.1576569538838113,0.19503706504171292,129019.90504535155,1917.1839569161102,130937.08900226766,752,0,203.22222222222223,34,2,23,37.03787790016404,0.6145833333333333,46.011904761904766,1015.9523809523815,29.880952380952397,0
1954,4,2,1,37,0.05263157894736842,0.02631578947368421,0.9736842105263158,38,900,700,200,0.7777777777777778,11,7,4,339.2304124168559,0.4317360123281176,0.16207406372600341,0.1900446957294433,129602.41280131493,1193.0159889619445,130795.42879027687,753,0,193.47368421052633,36,2,17,36.803712305537104,0.6163194444444444,45.43918918918919,1018.243243243244,28.284534534534558,0
1955,4,0,0,37,0.0,0.0,1.0,37,1200,1000,200,0.8333333333333334,14,10,4,348.9555900083566,0.43011761761761763,0.16415323918734503,0.1952553034168896,129554.63927469136,1641.7631172839442,131196.4023919753,754,1,199.7027027027027,35,2,19,36.60470668485672,0.6178571428571429,45.48611111111111,1018.0555555555557,29.08730158730159,0
1956,4,0,1,36,0.0,0.02702702702702703,0.972972972972973,37,1000,600,400,0.6,14,6,8,349.73925334872297,0.4289289289289289,0.1609462222959157,0.19657758033048914,129731.44531250001,1674.435763888889,131405.8810763889,755,2,200.7027027027027,35,2,19,36.40507839127469,0.6196428571428572,45.3125,1018.7500000000001,29.10714285714286,0
1957,4,0,0,36,0.0,0.0,1.0,36,1450,1200,250,0.8275862068965517,17,12,5,360.60910939788266,0.42691798941798936,0.1609565917442508,0.20260880821521216,129716.28578514732,2155.3748582766375,131871.66064342397,756,3,207.19444444444446,34,2,20,36.143654318102136,0.6216299019607843,45.32738095238095,1018.6904761904757,29.961484593837522,0
1958,4,0,0,36,0.0,0.0,1.0,36,950,700,250,0.7368421052631579,12,7,5,357.72884034871777,0.42612433862433857,0.1711808821992271,0.19302830319324205,128114.3990929705,1966.0430839002272,130080.44217687073,757,4,208.19444444444446,34,2,17,37.850815302602705,0.6053921568627452,46.904761904761905,1012.3809523809522,29.775910364145652,8
1959,4,3,1,38,0.07692307692307693,0.02564102564102564,0.9743589743589743,39,900,500,400,0.5555555555555556,13,5,8,337.2012044022646,0.4320456590193433,0.16774997014517945,0.18564593780827973,128915.32368517164,894.0840255934324,129809.40771076507,758,0,193.10256410256412,36,3,16,37.55382753012493,0.609375,46.11486486486486,1015.5405405405404,28.209459459459456,0
1960,4,0,0,38,0.0,0.0,1.0,38,850,600,250,0.7058823529411765,11,6,5,344.4493706517374,0.4291577761972499,0.1776330792774412,0.18903760829885705,128789.8729531035,1272.3181370027382,130062.19109010625,759,1,199.18421052631578,35,3,16,37.497624477385024,0.6101190476190477,46.238425925925924,1015.0462962962958,29.00132275132274,0
1961,4,1,0,39,0.02564102564102564,0.0,1.0,39,1150,700,450,0.6086956521739131,16,7,9,334.8127919143543,0.43100539811066124,0.17567893766808362,0.185803607756282,129230.01284646145,853.5722800503352,130083.58512651178,760,0,195.05128205128204,36,3,17,37.294412448776164,0.6125578703703703,45.80518018018019,1016.7792792792802,28.243868868868894,0
1962,4,1,0,40,0.025,0.0,1.0,40,1450,1000,450,0.6896551724137931,19,10,9,330.55057505562627,0.43143696581196583,0.18887183629509963,0.18500072871558132,129563.94184989628,565.4870969913994,130129.42894688768,761,0,191.15,37,3,15,37.06370041285227,0.6140202702702703,45.476973684210535,1018.092105263159,27.516002844950243,0
1963,4,0,0,40,0.0,0.0,1.0,40,550,300,250,0.5454545454545454,8,3,5,330.55057505562627,0.43143696581196583,0.18887183629509963,0.18500072871558132,129563.94184989628,565.4870969913994,130129.42894688768,762,1,192.15,37,3,15,37.06370041285227,0.6140202702702703,45.476973684210535,1018.092105263159,27.516002844950243,0
1964,4,0,1,39,0.0,0.025,0.975,40,1200,600,600,0.5,18,6,12,329.3535006873548,0.4313568376068376,0.18213824289405722,0.18472435473334262,129647.68005540172,539.9834564481467,130187.66351184987,763,2,193.15,37,3,15,37.00922337065748,0.6148648648648649,45.39473684210527,1018.4210526315794,27.524893314367013,0
1965,4,0,0,39,0.0,0.0,1.0,39,1550,900,650,0.5806451612903226,22,9,13,333.19053342170497,0.4315958164642375,0.17410726939800547,0.1872075506417854,129717.10519641278,844.1022948624476,130561.20749127523,749,3,179.53846153846155,36,3,15,36.841099196698366,0.6174768518518519,45.326576576576585,1018.693693693695,28.297047047047084,0
1966,4,0,1,38,0.0,0.02564102564102564,0.9743589743589743,39,1150,600,550,0.5217391304347826,17,6,11,374.67723969832025,0.43114597390913184,0.17898699227425174,0.19947949657766353,127575.0639786746,1823.4167021751473,129398.48068084975,750,4,180.53846153846155,36,3,14,37.975142124623794,0.595775462962963,47.43806306306306,1010.2477477477476,28.06243743743743,8
1967,4,0,1,37,0.0,0.02631578947368421,0.9736842105263158,38,1050,700,350,0.6666666666666666,14,7,7,378.3186310978854,0.4287132527264106,0.18583830710797633,0.20163135833238915,127617.73003472202,2056.0329861110877,129673.76302083311,751,5,185.97368421052633,35,3,15,37.8393470790378,0.5982142857142857,47.39583333333332,1010.4166666666649,28.86904761904757,0
1968,4,1,0,38,0.02631578947368421,0.0,1.0,38,700,500,200,0.7142857142857143,9,5,4,378.29284046832953,0.4304765291607397,0.21342620196216622,0.20294052380925293,127880.99500868049,2075.2929687499955,129956.28797743049,752,0,186.73684210526315,35,3,16,37.569730518365944,0.6008928571428571,47.135416666666664,1011.4583333333328,28.898809523809508,0
1969,4,3,3,38,0.07317073170731707,0.07317073170731707,0.926829268292683,41,1050,500,550,0.47619047619047616,16,5,11,359.098987113127,0.4380843495934959,0.21184940025718357,0.19690878108525475,128755.86718990446,1047.4915659144988,129803.35875581896,753,0,174.0,37,4,15,37.16058052434457,0.6058558558558558,46.2719298245614,1014.9122807017534,27.43006164058793,0
1970,4,0,0,38,0.0,0.0,1.0,38,1400,1200,200,0.8571428571428571,16,12,4,380.3438562604039,0.43222498814604077,0.22964034469542383,0.20678464828870233,128415.88010204081,2168.438208616774,130584.31831065759,754,1,188.28947368421052,34,4,15,36.969501213687245,0.6084558823529411,46.607142857142854,1013.5714285714286,29.810924369747898,0
1971,4,1,0,39,0.02564102564102564,0.0,1.0,39,1700,1400,300,0.8235294117647058,20,14,6,369.72518080210364,0.43314215024741337,0.22064431295200548,0.20366217586556573,128936.76757812513,1734.2339409722372,130671.00151909736,755,0,184.43589743589743,35,4,16,36.70619658119657,0.6116071428571428,46.09375000000001,1015.625000000001,29.01785714285717,0
1972,4,0,0,39,0.0,0.0,1.0,39,1450,1000,450,0.6896551724137931,19,10,9,372.03076944984844,0.43336707152496623,0.22003801914973775,0.2058476488052375,129113.1516444831,1806.8130304784047,130919.9646749615,756,1,185.43589743589743,35,4,18,36.467586265801174,0.6133928571428571,45.92013888888889,1016.319444444445,29.03769841269843,0
1973,4,0,0,39,0.0,0.0,1.0,39,850,500,350,0.5882352941176471,12,5,7,374.06511074791814,0.43339518668466037,0.22628212426686778,0.20728163203148045,129171.97312510715,1863.7456865140625,131035.7188116212,757,2,186.43589743589743,35,4,18,36.35586265133402,0.6139880952380952,45.86226851851852,1016.5509259259259,29.044312169312168,0
1974,4,2,2,39,0.04878048780487805,0.04878048780487805,0.9512195121951219,41,1100,800,300,0.7272727272727273,14,8,6,358.04523433719436,0.43737296747967475,0.23349722887149293,0.20146724379869005,129774.4704163624,1093.0294832221261,130867.49989958452,758,0,178.29268292682926,36,5,15,36.14979369289714,0.6180555555555556,45.270270270270274,1018.9189189189195,28.30330330330332,0
1975,4,1,2,38,0.025,0.05,0.95,40,1200,1000,200,0.8333333333333334,14,10,4,393.4020897898355,0.43504273504273505,0.20812757201646104,0.21243712848651122,128144.53125,2273.722836011688,130418.25408601169,759,0,183.1,34,6,18,36.91700960219479,0.6056985294117647,46.875,1012.5,29.779411764705884,8
1976,4,1,0,39,0.02564102564102564,0.0,1.0,39,700,300,400,0.42857142857142855,11,3,8,385.83418596755655,0.4348571749887539,0.24526860284366858,0.21003863485952948,128466.99948827598,2113.3920342506985,130580.39152252668,760,0,186.46153846153845,35,4,14,36.77800452867527,0.606845238095238,46.55671296296297,1013.7731481481488,28.96494708994711,0
1977,4,1,0,40,0.025,0.0,1.0,40,1200,800,400,0.6666666666666666,16,8,8,376.33541965855795,0.4388087606837607,0.2545724465558197,0.20723059791186468,128922.8476550477,1703.6467951677437,130626.49445021545,761,0,182.775,37,3,15,36.55258043619089,0.607545045045045,46.10745614035088,1015.5701754385965,27.447842579421525,0
1978,4,0,0,40,0.0,0.0,1.0,40,1450,1000,450,0.6896551724137931,19,10,9,377.4124543592467,0.438795405982906,0.2567269293038317,0.2082624413125925,129006.37846500875,1737.7227848953876,130744.10124990414,762,1,183.775,37,3,15,36.439894765245555,0.6083896396396397,46.02521929824563,1015.8991228070199,27.456733048838377,0
1979,4,0,1,39,0.0,0.025,0.975,40,1250,600,650,0.48,19,6,13,374.89922063961274,0.4379540598290598,0.25081967213114775,0.207898658718331,129201.38888888905,1687.6472808941407,130889.0361697832,763,2,184.775,36,4,15,36.30464480874316,0.6122685185185186,45.83333333333334,1016.666666666668,28.240740740740776,0
1980,4,0,0,39,0.0,0.0,1.0,39,1000,600,400,0.6,14,6,8,381.15974782749623,0.43679712100764734,0.2557057389762907,0.21106428735527508,129144.1504849445,2044.9103664475444,131189.06085139205,764,3,190.0,36,3,15,36.203975552108716,0.6116898148148149,45.88963963963965,1016.4414414414423,28.234484484484508,0
1981,4,0,0,39,0.0,0.0,1.0,39,1150,600,550,0.5217391304347826,17,6,11,381.36522303946793,0.43707827260458837,0.2529698377959708,0.21164654775699143,129231.6485969389,2056.916661386999,131288.5652583259,765,4,191.0,34,5,16,36.10940366077352,0.6167279411764706,45.80357142857144,1016.7857142857154,29.905462184873983,0
1982,4,2,0,41,0.04878048780487805,0.0,1.0,41,1100,1000,100,0.9090909090909091,12,10,2,366.13687582687555,0.4401676829268293,0.2507887157740456,0.2067771139651099,129917.93894823916,1313.5496560750348,131231.4886043142,766,0,182.6341463414634,36,5,16,35.79775580838764,0.6195023148148149,45.129504504504524,1019.481981981985,28.318943943944028,0
1983,4,2,1,42,0.046511627906976744,0.023255813953488372,0.9767441860465116,43,1250,1000,250,0.8,15,10,5,350.85762297787824,0.4427141011443337,0.24103735378463353,0.20075103131606806,130426.23325525982,552.207634779763,130978.4408900396,767,0,175.09302325581396,38,5,18,35.67160861834536,0.6208881578947368,44.63141025641026,1021.47435897436,26.88090418353579,0
1984,4,2,4,40,0.045454545454545456,0.09090909090909091,0.9090909090909091,44,1400,1100,300,0.7857142857142857,17,11,6,343.4951959582255,0.44379844961240306,0.23541308009847994,0.19869315752071207,130848.09570312499,189.13845486111052,131037.2341579861,768,0,171.9090909090909,39,5,16,35.43278694088101,0.6233974358974359,44.21875,1023.1249999999999,26.233974358974358,0
1985,4,1,0,41,0.024390243902439025,0.0,1.0,41,850,600,250,0.7058823529411765,11,6,5,363.2958892553199,0.44105691056910573,0.24690886600155904,0.2077612683194045,130406.32482144322,1275.2163481048763,131681.5411695481,769,0,184.90243902439025,36,5,18,35.37417309812568,0.6244212962962963,44.65090090090091,1021.3963963963977,28.372122122122157,0
1986,4,0,0,41,0.0,0.0,1.0,41,900,700,200,0.7777777777777778,11,7,4,362.7542931016846,0.44039634146341466,0.2492681313895695,0.20791343659580444,130492.60567577711,1267.3505853826791,131759.9562611598,770,1,185.90243902439025,36,5,16,35.300479444505676,0.6252893518518519,44.56644144144144,1021.7342342342341,28.381506506506504,0
1987,4,0,1,40,0.0,0.024390243902439025,0.975609756097561,41,1150,900,250,0.782608695652174,14,9,5,366.2199814536088,0.43927845528455284,0.24945678594546083,0.21115197787810935,130722.82745160705,1374.6622889781693,132097.4897405852,771,2,186.90243902439025,36,5,16,34.978480710641264,0.6276041666666667,44.34121621621622,1022.6351351351354,28.40653153153154,0
1988,4,0,0,40,0.0,0.0,1.0,40,600,300,300,0.5,9,3,6,372.67115478094485,0.43632478632478633,0.25667610419026055,0.21395879692560074,130558.13426997581,1731.050132887492,132289.1844028633,772,5,192.525,35,5,16,34.980653076632684,0.6279761904761905,44.5023148148148,1021.9907407407393,29.199735449735407,0
1989,4,0,1,39,0.0,0.025,0.975,40,1000,500,500,0.5,15,5,10,370.8083628768981,0.4359909188034188,0.25758999320805986,0.21354113935166325,130676.44702717745,1691.1838777434596,132367.6309049209,773,6,193.525,35,5,16,34.908214474379285,0.6291666666666667,44.38657407407406,1022.4537037037022,29.21296296296292,0
1990,4,0,0,39,0.0,0.0,1.0,39,1450,1000,450,0.6896551724137931,19,10,9,380.90204603905596,0.4340137201979308,0.26509362691964355,0.219076079660909,130627.42524092957,2151.2507086167666,132778.67594954633,774,7,199.30769230769232,34,5,16,34.699982531734015,0.6308210784313726,44.4345238095238,1022.2619047619037,30.066526610644225,0
1991,4,0,0,39,0.0,0.0,1.0,39,900,500,400,0.5555555555555556,13,5,8,378.3413547331393,0.433310841205578,0.26686842820005463,0.21828949486315624,130749.15143140573,2093.5622165532704,132842.713647959,775,8,200.30769230769232,34,5,16,34.641873278236936,0.632046568627451,44.31547619047618,1022.7380952380938,30.080532212885114,0
1992,4,1,1,39,0.025,0.025,0.975,40,1550,1300,250,0.8387096774193549,18,13,5,371.80580293019267,0.43536324786324787,0.2738474576271186,0.21676425269645597,131150.23389274674,1752.4836033950382,132902.71749614176,776,0,196.275,35,5,17,34.40254237288135,0.6339285714285714,43.9236111111111,1024.305555555554,29.265873015872973,0
1993,4,0,0,39,0.0,0.0,1.0,39,900,500,400,0.5555555555555556,13,5,8,378.54970762383607,0.43603801169590645,0.2693410596223895,0.22031695432883858,131084.19075963701,2124.376417233536,133208.56717687054,777,1,197.0,34,5,17,34.29677206851119,0.6354166666666667,43.98809523809523,1024.0476190476177,30.119047619047578,0
1994,4,0,0,39,0.0,0.0,1.0,39,1000,500,500,0.5,15,5,10,375.96548903199084,0.43556005398110664,0.2668096962112074,0.21933444292340873,131175.63952664388,2063.502692743752,133239.14221938764,778,2,198.0,34,5,17,34.270288591903935,0.6363357843137255,43.89880952380952,1024.404761904761,30.129551820728267,0
1995,4,0,1,38,0.0,0.02564102564102564,0.9743589743589743,39,1550,1300,250,0.8387096774193549,18,13,5,374.37272549894544,0.4352789023841655,0.26336779339450955,0.21910093771722772,131297.62081916086,2030.8496315192601,133328.47045068012,779,3,199.0,34,5,17,34.187575018391605,0.6375612745098039,43.7797619047619,1024.8809523809514,30.14355742296916,0
1996,4,0,0,38,0.0,0.0,1.0,38,950,700,250,0.7368421052631579,12,7,5,373.2432240607032,0.43484767662399243,0.24588090057936274,0.2189625780388811,131389.1439909297,2208.0215419501124,133597.16553287982,780,4,185.0,34,4,17,34.123896888063165,0.6384803921568627,43.69047619047619,1025.2380952380952,30.15406162464986,0
1997,4,0,0,38,0.0,0.0,1.0,38,900,600,300,0.6666666666666666,12,6,6,372.3324684213134,0.4343438833570412,0.2499969449977395,0.21877707250894907,131450.17715419494,2188.6337868480687,133638.81094104302,781,5,186.0,34,4,17,34.08550034827026,0.639093137254902,43.63095238095238,1025.4761904761901,30.1610644257703,0
1998,4,0,0,38,0.0,0.0,1.0,38,1000,900,100,0.9,11,9,2,369.7021979855836,0.433306661925083,0.24780192941751134,0.2182762292216254,131633.36167800458,2133.0286281179206,133766.3903061225,782,6,187.0,34,4,16,33.967759087393674,0.6409313725490196,43.452380952380956,1026.1904761904766,30.182072829131666,0
1999,4,0,0,38,0.0,0.0,1.0,38,1400,1200,200,0.8571428571428571,16,12,4,370.6590655069092,0.43309921763869136,0.2509264403323581,0.21901657325120408,131663.90483276662,2160.4839852607925,133824.38881802742,783,7,188.0,34,4,16,33.91234582221706,0.6412377450980392,43.42261904761906,1026.3095238095252,30.18557422969192,0
2000,4,0,0,38,0.0,0.0,1.0,38,950,700,250,0.7368421052631579,12,7,5,371.5789327016147,0.4325213371266003,0.250440782610287,0.22062019631223898,131847.23816609988,2198.3312074830105,134045.5693735829,784,8,189.0,34,4,17,33.70353734399754,0.6430759803921569,43.24404761904763,1027.0238095238105,30.20658263305325,0
2001,4,0,1,37,0.0,0.02631578947368421,0.9736842105263158,38,950,700,250,0.7368421052631579,12,7,5,370.26245721827826,0.43135075865339023,0.24614258705860803,0.2203700003995686,131938.95266439923,2170.40816326532,134109.36082766455,785,9,190.0,34,4,17,33.64474700656625,0.6439950980392157,43.15476190476191,1027.3809523809534,30.217086834733923,0
2002,4,0,0,37,0.0,0.0,1.0,37,1000,700,300,0.7,13,7,6,376.2639389272059,0.43083708708708707,0.2410323512159902,0.22442029813965494,132019.90370290278,2534.8657968089246,134554.7694997117,786,10,190.75675675675674,33,4,18,33.408856029891105,0.6470959595959596,43.075980392156865,1027.6960784313728,31.142305407011296,0
2003,4,1,0,38,0.02631578947368421,0.0,1.0,38,1350,1200,150,0.8888888888888888,15,12,3,370.20888576059434,0.4312470365101944,0.23244599235246843,0.2228471872224635,132367.37528344663,2200.7157029478376,134568.09098639447,787,0,186.71052631578948,34,4,19,33.214030927039964,0.6482843137254901,42.738095238095234,1029.0476190476184,30.266106442577012,0
2004,4,0,0,38,0.0,0.0,1.0,38,1350,800,550,0.5925925925925926,19,8,11,370.9127120556947,0.43099513987671884,0.2326248112243936,0.22363933011886425,132429.5361910082,2223.963228060821,134653.49941906903,788,1,187.71052631578948,33,5,20,33.133284716434474,0.651199494949495,42.67769607843137,1029.289215686274,31.190582293523455,0
2005,4,0,0,38,0.0,0.0,1.0,38,1550,1200,350,0.7741935483870968,19,12,7,374.28404370349244,0.43006164058795643,0.23604048197600136,0.22661982012133652,132587.25610342177,2325.0588715878484,134912.31497500962,789,2,188.71052631578948,33,5,20,32.88761304140885,0.6527777777777778,42.52450980392157,1029.9019607843136,31.20915032679738,0
2006,4,0,0,38,0.0,0.0,1.0,38,600,400,200,0.6666666666666666,8,4,4,373.5530358016833,0.4301357278330962,0.23565859920473398,0.22636721455754483,132618.81134960108,2308.03191681084,134926.84326641192,790,3,189.71052631578948,33,5,20,32.87465298433471,0.6530934343434344,42.493872549019606,1030.0245098039213,31.212863933452162,0
2007,4,1,0,39,0.02564102564102564,0.0,1.0,39,1050,800,250,0.7619047619047619,13,8,5,367.381312298095,0.43004948268106163,0.2415003433008973,0.22478754871120696,132980.61224489778,1970.918367346916,134951.5306122447,791,0,185.82051282051282,34,5,16,32.6696675900277,0.6544117647058824,42.14285714285713,1031.42857142857,30.33613445378147,0
2008,4,0,2,37,0.0,0.05128205128205128,0.9487179487179487,39,1100,1000,100,0.9090909090909091,12,10,2,368.6016602737635,0.429880791722897,0.23944641182439774,0.22609133684307903,133072.7200255101,2010.1651077097404,135082.88513321982,792,1,186.82051282051282,34,5,16,32.54562324525978,0.6553308823529411,42.05357142857142,1031.7857142857135,30.34663865546216,0
2009,4,0,0,37,0.0,0.0,1.0,37,1300,800,500,0.6153846153846154,18,8,10,383.72676870590976,0.4273335835835836,0.26078153070441035,0.2348062901542005,132983.402921258,2805.8582988980716,135789.26122015607,793,2,195.35135135135135,32,5,16,32.24537887134289,0.6591796875,42.140151515151516,1031.4393939393938,32.232481060606055,0
2010,4,0,0,37,0.0,0.0,1.0,37,750,400,350,0.5333333333333333,11,4,7,385.44532476112823,0.4271146146146146,0.2617430795132418,0.23626959854637494,133048.5270157382,2856.586540914189,135905.1135566524,794,3,196.35135135135135,32,5,17,32.13549953086117,0.6598307291666667,42.0770202020202,1031.6919191919192,32.240372474747474,0
2011,4,0,0,37,0.0,0.0,1.0,37,1200,900,300,0.75,15,9,6,383.70845298129876,0.4265828328328329,0.2531188117223029,0.23568263184212357,133124.20590938564,2816.1766207708347,135940.38253015646,795,4,197.35135135135135,33,4,17,32.10413945295492,0.6581439393939394,42.003676470588225,1031.9852941176457,31.272281639928657,0
2012,4,0,0,37,0.0,0.0,1.0,37,1200,600,600,0.5,18,6,12,390.7661002254074,0.42595720720720726,0.20398534691283676,0.22984743172563274,131489.9488094329,2900.7037514918684,134390.6525609248,796,5,198.35135135135135,32,5,17,33.57262300463704,0.6442057291666667,43.59217171717173,1025.6313131313148,32.050978535353586,8
2013,4,2,0,39,0.05128205128205128,0.0,1.0,39,1200,1100,100,0.9166666666666666,13,11,2,371.33255088981593,0.4302462887989204,0.1967475039052522,0.22172097125744644,132061.28826530636,2007.7310090703213,134069.01927437668,797,0,189.12820512820514,34,5,16,33.49379391552776,0.6452205882352942,43.0357142857143,1027.8571428571447,30.231092436974844,0
2014,4,0,1,38,0.0,0.02564102564102564,0.9743589743589743,39,1450,1200,250,0.8275862068965517,17,12,5,373.23116769856756,0.4299651372019793,0.1973984956156758,0.22357634026215167,132183.68055555562,2067.0138888888987,134250.69444444453,798,1,190.12820512820514,34,5,17,33.32151539708266,0.6464460784313726,42.91666666666667,1028.333333333334,30.245098039215705,0
2015,4,0,0,38,0.0,0.0,1.0,38,800,600,200,0.75,10,6,4,380.3374860618995,0.4298986486486487,0.19504791530781196,0.22798515593081844,132208.8860053825,2456.799067666279,134665.68507304878,799,2,190.1315789473684,33,5,18,33.11338179218304,0.648989898989899,42.8921568627451,1028.4313725490192,31.164587046939975,0
2016,4,1,0,39,0.02564102564102564,0.0,1.0,39,700,500,200,0.7142857142857143,9,5,4,369.16715571002743,0.43114597390913184,0.18244740263307313,0.2231469382932121,132524.1568747596,1984.8483756247456,134509.00525038433,800,0,186.23076923076923,33,6,20,33.08289692930256,0.6521464646464646,42.58578431372548,1029.656862745097,31.201723113487787,0
2017,4,0,0,39,0.0,0.0,1.0,39,1200,900,300,0.75,15,9,6,369.04640273517214,0.43094916779127307,0.18356338251626214,0.22344855681458115,132587.25610342177,1986.1699826989598,134573.42608612071,801,1,187.23076923076923,33,6,21,33.022469458987786,0.6527777777777778,42.52450980392157,1029.9019607843136,31.20915032679738,0
2018,4,0,2,37,0.0,0.05128205128205128,0.9487179487179487,39,1000,700,300,0.7,13,7,6,371.26211310864596,0.43094916779127307,0.1824615994752823,0.22497895174319885,132618.81134960105,2047.2680279219508,134666.079377523,802,2,188.23076923076923,33,6,21,32.93364564743209,0.6530934343434344,42.493872549019606,1030.024509803921,31.212863933452155,0
2019,4,0,0,37,0.0,0.0,1.0,37,1000,600,400,0.6,14,6,8,378.5567168512201,0.42992992992992995,0.18905001126678433,0.22904366340048565,132560.48489949983,2636.33238955206,135196.8172890519,803,3,194.51351351351352,32,5,21,32.804581494196505,0.6549479166666667,42.55050505050504,1029.797979797978,32.181186868686815,0
2020,4,0,0,37,0.0,0.0,1.0,37,850,600,250,0.7058823529411765,11,6,5,383.49456532093757,0.42930430430430433,0.1920118205972583,0.2324330359500897,132625.50536934996,2772.232106417697,135397.73747576767,804,4,195.51351351351352,32,5,14,32.61190447004985,0.6555989583333333,42.48737373737373,1030.0505050505042,32.189078282828255,0
2021,4,0,1,36,0.0,0.02702702702702703,0.972972972972973,37,1550,1000,550,0.6451612903225806,21,10,11,382.8656048276729,0.42817817817817816,0.18505868101753498,0.2336682009733018,132885.746671258,2775.4763544536254,135661.22302571163,805,5,196.51351351351352,32,5,16,32.36590742101396,0.658203125,42.234848484848484,1031.060606060606,32.22064393939394,0
2022,4,0,0,36,0.0,0.0,1.0,36,1200,700,500,0.5833333333333334,17,7,10,390.43815853213334,0.4259259259259259,0.19234628717387325,0.23795988461115486,132833.88137817394,3172.6832071940244,136006.56458536797,806,9,202.83333333333334,31,5,17,32.22298534798535,0.6602822580645161,42.28515625000001,1030.859375000001,33.253528225806484,0
2023,4,0,0,36,0.0,0.0,1.0,36,850,600,250,0.7058823529411765,11,6,5,388.49708265247375,0.4261739417989418,0.19135061946654353,0.23720188107362694,132901.00309583885,3126.330396864168,136027.333492703,807,10,203.83333333333334,31,5,17,32.20537631014018,0.6609543010752688,42.22005208333334,1031.1197916666677,33.26192876344089,0
2024,4,0,0,36,0.0,0.0,1.0,36,1000,500,500,0.5,15,5,10,387.9696749537304,0.4252314814814815,0.19183294568898668,0.23740256739303556,132983.40292125806,3118.705521120294,136102.10844237835,808,11,204.83333333333334,32,4,17,32.13597135512301,0.6591796875,42.140151515151516,1031.4393939393942,32.23248106060607,0
2025,4,0,0,36,0.0,0.0,1.0,36,1000,600,400,0.6,14,6,8,386.75019535988747,0.42488425925925927,0.19478440011422493,0.23706945583538233,133048.52701573842,3091.308763136441,136139.83577887487,809,12,205.83333333333334,32,4,18,32.101843919552884,0.6598307291666667,42.077020202020215,1031.691919191921,32.24037247474753,0
2026,4,1,2,35,0.02702702702702703,0.05405405405405406,0.9459459459459459,37,600,500,100,0.8333333333333334,7,5,2,376.5715069595343,0.42639514514514515,0.19217793968624441,0.23267922732074486,133345.61827181868,2642.8320838139307,135988.4503556326,810,0,201.24324324324326,33,4,19,32.0657332700522,0.6603535353535354,41.78921568627452,1032.8431372549032,31.29827688651222,0
2027,4,0,0,35,0.0,0.0,1.0,35,650,400,250,0.6153846153846154,9,4,5,385.8247300322464,0.4228641456582633,0.17886679017092577,0.23712265738974325,133146.24304917883,3274.2226558514712,136420.4657050303,640,1,190.22857142857143,32,3,19,32.02736318407962,0.6608072916666667,41.982323232323246,1032.0707070707085,32.25220959595964,0
2028,4,0,0,35,0.0,0.0,1.0,35,1050,800,250,0.7619047619047619,13,8,5,388.06637940506954,0.4221638655462185,0.1804154510036864,0.23912726333046397,133243.9949526835,3341.5029397510607,136585.49789243456,641,2,191.22857142857143,32,3,19,31.87115282703519,0.6617838541666667,41.88762626262627,1032.4494949494958,32.264046717171745,0
2029,4,0,0,35,0.0,0.0,1.0,35,1050,600,450,0.5714285714285714,15,6,9,388.52131148819524,0.42118347338935574,0.1848603908009845,0.24024889261412924,133374.38662190104,3363.7583218549353,136738.14494375596,642,3,192.22857142857143,32,3,19,31.728242268671313,0.6630859375,41.76136363636365,1032.954545454547,32.2798295454546,0
2030,4,0,0,35,0.0,0.0,1.0,35,1150,800,350,0.6956521739130435,15,8,7,389.3379670813474,0.4209733893557423,0.18627468095878252,0.24117733418824117,133439.60636988582,3390.6210144373213,136830.22738432314,643,4,193.22857142857143,32,3,19,31.641563811153205,0.6637369791666667,41.69823232323233,1033.2070707070716,32.28772095959599,0
2031,4,0,0,35,0.0,0.0,1.0,35,1000,600,400,0.6,14,6,8,387.792575297096,0.41999299719887956,0.18412378553436515,0.24130666519270727,133606.80474175359,3362.3493631668834,136969.15410492048,644,5,194.22857142857143,31,4,21,31.513434089000846,0.668010752688172,41.53645833333334,1033.8541666666677,33.35013440860218,0
2032,4,0,0,35,0.0,0.0,1.0,35,1000,800,200,0.8,12,8,4,387.48675012411235,0.42006302521008404,0.1835060177917318,0.241515714118454,133668.0010330581,3358.9158631772552,137026.91689623534,645,6,195.22857142857143,32,3,21,31.45985958485959,0.666015625,41.47727272727274,1034.090909090911,32.31534090909097,0
2033,4,0,0,35,0.0,0.0,1.0,35,700,400,300,0.5714285714285714,10,4,6,387.48675012411235,0.42006302521008404,0.1835060177917318,0.241515714118454,133668.0010330581,3358.9158631772552,137026.91689623534,646,7,196.22857142857143,32,3,21,31.45985958485959,0.666015625,41.47727272727274,1034.090909090911,32.31534090909097,0
2034,4,0,0,35,0.0,0.0,1.0,35,900,700,200,0.7777777777777778,11,7,4,389.0355010116225,0.4196778711484594,0.17689598661041184,0.2433402210144457,133798.5999515357,3410.4810733598806,137209.08102489557,647,8,197.22857142857143,32,3,18,31.28864616385974,0.6673177083333333,41.35101010101011,1034.5959595959607,32.33112373737377,0
2035,4,0,0,35,0.0,0.0,1.0,35,1400,1200,200,0.8571428571428571,16,12,4,386.34351506680724,0.4193627450980392,0.1750888935369168,0.24208497320241262,133863.92332415085,3343.4917355372218,137207.41505968806,648,9,198.22857142857143,32,3,18,31.292703757930703,0.66796875,41.2878787878788,1034.8484848484868,32.33901515151521,0
2036,4,0,0,35,0.0,0.0,1.0,35,1150,700,450,0.6086956521739131,16,7,9,387.324211778703,0.41876750700280113,0.1781463414634148,0.2435627712105344,133994.61789613322,3379.871951841672,137374.48984797488,649,10,199.22857142857143,32,3,19,31.136178861788615,0.6692708333333333,41.16161616161617,1035.3535353535367,32.35479797979802,0
2037,4,0,0,35,0.0,0.0,1.0,35,1150,700,450,0.6086956521739131,16,7,9,390.7299503803663,0.4184173669467787,0.18143066100160166,0.2465806548400404,134125.3762371187,3481.3603203754747,137606.73655749418,650,11,200.22857142857143,32,3,19,30.916829189013495,0.6705729166666667,41.035353535353536,1035.8585858585861,32.37058080808082,0
2038,4,0,2,33,0.0,0.05714285714285714,0.9428571428571428,35,800,600,200,0.75,10,6,4,392.69311214771915,0.417296918767507,0.1860589812332445,0.24826191666288,134190.7793209876,3539.1589506172827,137729.9382716049,651,12,201.22857142857143,32,3,19,30.800379803395888,0.6712239583333333,40.97222222222222,1036.1111111111109,32.378472222222214,0
2039,4,0,0,33,0.0,0.0,1.0,33,1150,800,350,0.6956521739130435,15,8,7,401.24609211841994,0.4164693813131313,0.16783035335188923,0.25350859656137525,134167.56995028316,4166.842626315162,138334.41257659832,652,13,201.63636363636363,30,3,20,30.602134146341463,0.6763888888888889,40.99462365591397,1036.0215053763432,34.53405017921144,0
2040,4,0,0,33,0.0,0.0,1.0,33,600,100,500,0.16666666666666666,11,1,10,417.3000792200166,0.4164693813131313,0.14658634538152615,0.24663339047399704,131672.7728639147,4389.411709446151,136062.18457336084,653,14,202.63636363636363,30,3,17,32.70664178452942,0.6513888888888889,43.41397849462364,1026.3440860215037,34.211469534050124,8
2041,4,0,0,33,0.0,0.0,1.0,33,1100,800,300,0.7272727272727273,14,8,6,415.6611241850236,0.4156802398989899,0.05289666854884234,0.23012875169803593,129137.21335833085,4135.463855729017,133272.67721405986,654,15,203.63636363636363,32,1,19,35.3343685300207,0.6204427083333333,45.89646464646465,1016.414141414142,31.762941919191938,8
2042,4,1,0,34,0.029411764705882353,0.0,1.0,34,550,400,150,0.7272727272727273,7,4,3,407.49446950615635,0.41948900772430187,0.05716070004363982,0.22788210032897932,129532.5469970703,3756.7911889720676,133289.33818604235,655,0,198.61764705882354,31,3,19,35.13739660612263,0.627016129032258,45.5078125,1017.9687499999999,32.837701612903224,0
2043,4,0,1,33,0.0,0.029411764705882353,0.9705882352941176,34,1400,1100,300,0.7857142857142857,17,11,6,406.79235268299146,0.4183934937611408,0.04868633715467019,0.2288389762576858,129764.60986667217,3757.4501885308264,133522.06005520298,656,1,199.61764705882354,31,3,19,34.918130990415335,0.6293682795698925,45.27994791666667,1018.8802083333339,32.86710349462368,0
2044,4,0,0,33,0.0,0.0,1.0,33,700,200,500,0.2857142857142857,12,2,10,405.45485573686113,0.41599589646464646,0.07865003213840427,0.22827983460407753,129797.77865939676,3925.4279242621583,133723.20658365893,657,2,206.15151515151516,31,2,19,34.91832779623477,0.6297043010752688,45.247395833333336,1019.0104166666672,32.87130376344088,0
2045,4,1,0,34,0.029411764705882353,0.0,1.0,34,650,500,150,0.7692307692307693,8,5,3,393.0697003580172,0.4168523469994058,0.08424047501237042,0.22377291955593037,130230.36552392614,3437.922150800943,133668.2876747271,658,0,201.05882352941177,32,2,22,34.79300676232887,0.6315104166666667,44.823232323232325,1020.7070707070709,31.897095959595966,0
2046,4,0,0,34,0.0,0.0,1.0,34,750,500,250,0.6666666666666666,10,5,5,397.30117193483,0.4160539215686274,0.089105198428173,0.22714507235107925,130395.54172092018,3561.2642937224246,133956.8060146426,659,1,202.05882352941177,31,3,22,34.51682814890363,0.635752688172043,44.661458333333336,1021.3541666666671,32.94690860215055,0
2047,4,0,0,34,0.0,0.0,1.0,34,900,500,400,0.5555555555555556,13,5,8,396.85212676438096,0.4150326797385621,0.09402846372336682,0.22786337549185284,130561.83073255757,3562.7480400933255,134124.5787726509,660,2,203.05882352941177,31,3,16,34.35907440438271,0.6374327956989247,44.49869791666667,1022.0052083333339,32.96790994623658,0
2048,4,0,0,34,0.0,0.0,1.0,34,900,400,500,0.4444444444444444,14,4,10,402.3673829316629,0.4141971182412359,0.09443828473824589,0.23162673686066132,130661.65500217032,3714.797634548634,134376.45263671895,661,3,204.05882352941177,31,3,16,34.116573272202416,0.6384408602150538,44.40104166666668,1022.3958333333347,32.98051075268822,0
2049,4,0,0,34,0.0,0.0,1.0,34,1000,700,300,0.7,13,7,6,400.48780285464215,0.41449420677361853,0.09003234695100049,0.2313406014136816,130794.81336805559,3676.3454861111163,134471.15885416672,662,4,205.05882352941177,31,3,16,34.029192124915134,0.6397849462365591,44.270833333333336,1022.916666666667,32.997311827957,0
2050,4,0,0,34,0.0,0.0,1.0,34,550,400,150,0.7272727272727273,7,4,3,401.4752568189718,0.413937165775401,0.09429880376686173,0.232311676589358,130861.41798231345,3707.524278428829,134568.94226074227,663,5,206.05882352941177,31,3,17,33.93622210910324,0.6404569892473118,44.20572916666667,1023.177083333334,33.00571236559142,0
2051,4,0,0,34,0.0,0.0,1.0,34,1000,800,200,0.8,12,8,4,397.89433666712966,0.4126559714795009,0.09628834266809871,0.23109794281497786,131004.77629833705,3625.211713090519,134629.98801142757,664,6,207.05882352941177,32,2,19,33.88217398454202,0.6393229166666667,44.065656565656575,1023.7373737373749,31.991792929292966,0
2052,4,1,0,35,0.02857142857142857,0.0,1.0,35,1200,800,400,0.6666666666666666,16,8,8,385.35263401414494,0.4151260504201681,0.09036004645760753,0.22570654277971358,131328.12500000012,3121.5277777777924,134449.6527777779,665,0,202.11428571428573,33,2,20,33.87533875338753,0.6401515151515151,43.75000000000001,1025.000000000001,31.060606060606087,0
2053,4,0,0,35,0.0,0.0,1.0,35,800,400,400,0.5,12,4,8,383.0851318033436,0.4149509803921569,0.09448519710802716,0.22494825418474004,131425.20732897165,3069.4085743801816,134494.61590335183,666,1,203.11428571428573,32,3,20,33.835118827730575,0.6435546875,43.65530303030304,1025.378787878789,32.04308712121215,0
2054,4,1,1,35,0.027777777777777776,0.027777777777777776,0.9722222222222222,36,1200,1000,200,0.8333333333333334,14,10,4,376.15186558898336,0.41693121693121693,0.10087126482475317,0.22416726318149435,131988.4197934689,2729.5380682910463,134717.95786175993,667,0,198.44444444444446,33,3,15,33.443525144106545,0.646780303030303,43.106617647058826,1027.573529411765,31.13859180035652,0
2055,4,0,0,35,0.0,0.0,1.0,35,1300,1000,300,0.7692307692307693,16,10,6,383.6301916384628,0.4146008403361345,0.10870977369686985,0.22835397727594536,131943.5855556831,3123.5086024385278,135067.09415812162,668,1,205.05714285714285,32,3,15,33.296720740649704,0.6487630208333333,43.150252525252526,1027.39898989899,32.10621843434344,0
2056,4,0,1,34,0.0,0.02857142857142857,0.9714285714285714,35,800,500,300,0.625,11,5,6,384.0083818326544,0.4150560224089636,0.10791700312467101,0.22877453963061065,131976.01807213554,3135.979428119586,135111.99750025512,669,2,206.05714285714285,32,3,15,33.25422913082659,0.6490885416666667,43.11868686868687,1027.5252525252529,32.11016414141415,0
2057,4,0,0,34,0.0,0.0,1.0,34,950,600,350,0.631578947368421,13,6,7,393.6072548912031,0.41312017231134873,0.11241813489281127,0.2333824670730847,131795.66277397994,3575.145806206587,135370.80858018654,670,3,210.55882352941177,31,3,16,33.19014709611972,0.6498655913978495,43.29427083333333,1026.8229166666658,33.12331989247309,0
2058,4,0,0,34,0.0,0.0,1.0,34,1100,900,200,0.8181818181818182,13,9,4,393.6169363224413,0.41339869281045755,0.10746534638700256,0.2340048237112086,131895.957522922,3583.296542697474,135479.25406561946,671,4,211.55882352941177,31,3,17,33.0883984028394,0.6508736559139785,43.19661458333333,1027.2135416666658,33.13592069892471,0
2059,4,0,0,34,0.0,0.0,1.0,34,950,600,350,0.631578947368421,13,6,7,394.4069151884462,0.4127859477124183,0.10303432241911237,0.23551045298771503,132063.20020887582,3617.3278808593705,135680.5280897352,672,5,212.55882352941177,31,3,17,32.898931678067726,0.6525537634408602,43.033854166666664,1027.864583333333,33.156922043010745,0
2060,4,0,0,34,0.0,0.0,1.0,34,850,600,250,0.7058823529411765,11,6,5,394.5824595116455,0.4130087641117053,0.10283687943262443,0.23603205305332955,132130.12695312488,3627.2460937499854,135757.37304687488,673,6,213.55882352941177,31,3,17,32.826747720364736,0.6532258064516129,42.96874999999999,1028.124999999999,33.16532258064513,0
2061,4,0,1,33,0.0,0.029411764705882353,0.9705882352941176,34,1050,900,150,0.8571428571428571,12,9,3,395.3720906357272,0.41312017231134873,0.1012095392727872,0.23692327555697812,132197.07065158413,3653.4064398871437,135850.4770914713,674,7,214.55882352941177,31,3,18,32.73877352916349,0.6538978494623655,42.90364583333333,1028.385416666666,33.17372311827955,0
2062,4,0,0,33,0.0,0.0,1.0,33,950,700,250,0.7368421052631579,12,7,5,402.7706814610272,0.41062973484848486,0.10832412479256015,0.24131546467175555,132190.5914881778,4048.4989232859225,136239.09041146372,675,8,220.6060606060606,30,3,19,32.55511262144382,0.6565972222222223,42.909946236559136,1028.360215053763,34.27867383512544,0
2063,4,0,1,32,0.0,0.030303030303030304,0.9696969696969697,33,850,500,350,0.5882352941176471,12,5,7,405.19087134982226,0.4099589646464647,0.11405498485838184,0.24365562609449223,132328.84807853494,4123.688251531951,136452.53633006688,676,9,221.6060606060606,30,3,19,32.35303723056825,0.6579861111111112,42.77553763440859,1028.8978494623643,34.29659498207881,0
2064,4,0,0,32,0.0,0.0,1.0,32,1150,900,250,0.782608695652174,14,9,5,412.9082756048051,0.4090431787634408,0.11422341071669595,0.24851644305085288,132362.27092978387,4530.695408950605,136892.9663387345,677,10,220.90625,29,3,19,32.12070342376389,0.6612787356321839,42.74305555555555,1029.0277777777771,35.48371647509576,0
2065,4,0,0,32,0.0,0.0,1.0,32,800,700,100,0.875,9,7,2,414.4988938224899,0.40908518145161293,0.11679850897314803,0.24994721742217033,132433.7408371914,4578.72781635803,137012.46865354944,678,11,221.90625,29,3,19,32.00746075653308,0.6619971264367817,42.673611111111114,1029.3055555555559,35.4932950191571,0
2066,4,0,1,31,0.0,0.03125,0.96875,32,900,600,300,0.6666666666666666,12,6,6,413.7543795305773,0.40727906586021506,0.12097630443575547,0.2509252847897216,132648.26630015444,4576.760223765447,137225.0265239199,679,12,222.90625,29,3,17,31.80966585771427,0.6641522988505747,42.465277777777786,1030.1388888888898,35.522030651341026,0
2067,4,0,1,30,0.0,0.03225806451612903,0.967741935483871,31,700,600,100,0.8571428571428571,8,6,2,421.30606515066967,0.40456989247311825,0.13449560771889435,0.2550609691722973,132582.9039503237,4971.596313912013,137554.5002642357,680,13,228.70967741935485,28,3,19,31.681315104166664,0.6666666666666667,42.52873563218391,1029.8850574712644,36.781609195402304,0
2068,4,0,0,30,0.0,0.0,1.0,30,700,500,200,0.7142857142857143,9,5,4,433.4724448665407,0.4015565134099617,0.1424131283208725,0.2433005670355431,129676.56157104646,5242.24323721761,134918.80480826407,681,14,234.33333333333334,28,2,17,34.32871349978839,0.6372767857142857,45.36637931034483,1018.5344827586214,36.37623152709362,8
2069,4,0,0,30,0.0,0.0,1.0,30,800,600,200,0.75,10,6,4,434.6798613914489,0.40162835249042145,0.1415679639029892,0.24466266484033003,129786.34066587407,5283.101714229111,135069.4423801032,682,15,235.33333333333334,28,2,17,34.18552594472646,0.6383928571428572,45.25862068965518,1018.9655172413802,36.39162561576358,0
2070,4,0,0,30,0.0,0.0,1.0,30,850,400,450,0.47058823529411764,13,4,9,439.4599145365412,0.4022030651340996,0.14416572717023657,0.24828085617446635,129932.78504425957,5420.050122209024,135352.83516646858,683,16,236.33333333333334,28,2,18,33.913765971439304,0.6398809523809523,45.11494252873564,1019.5402298850582,36.41215106732351,0
2071,4,1,0,31,0.03225806451612903,0.0,1.0,31,850,400,450,0.47058823529411764,13,4,9,428.3215326947103,0.40689964157706093,0.14167215273206035,0.24404366397721883,130262.58680555563,4958.854166666676,135221.4409722223,684,0,229.67741935483872,29,2,19,33.86054421768707,0.6400862068965517,44.79166666666667,1020.833333333334,35.20114942528738,0
2072,4,0,1,30,0.0,0.03225806451612903,0.967741935483871,31,1100,800,300,0.7272727272727273,14,8,6,435.08017509700863,0.40622759856630825,0.14711865565755522,0.2379699392487116,128655.3720083246,4995.080356110525,133650.45236443513,685,1,230.67741935483872,30,1,18,35.336071365483136,0.6208333333333333,46.37096774193548,1014.5161290322576,33.81720430107525,8
2073,4,0,0,30,0.0,0.0,1.0,30,900,800,100,0.8888888888888888,10,8,2,444.78010281979306,0.4016044061302682,0.16870124538114117,0.24381156874000212,128742.88435570987,5452.454668209874,134195.33902391975,686,19,239.33333333333334,29,1,18,34.99997148852698,0.6246408045977012,46.28472222222222,1014.8611111111111,34.99521072796935,0
2074,4,0,0,30,0.0,0.0,1.0,30,800,400,400,0.5,12,4,8,441.1437211922278,0.4008141762452107,0.16019151846785218,0.2424632031515177,128848.62075617285,5368.152006172843,134216.7727623457,687,20,240.33333333333334,29,1,18,34.98347013223895,0.6257183908045977,46.18055555555556,1015.2777777777778,35.009578544061306,0
2075,4,0,0,30,0.0,0.0,1.0,30,900,700,200,0.7777777777777778,11,7,4,443.9468147781993,0.3992097701149426,0.1609706083390292,0.2450921471775494,129024.94454089513,5456.042631172851,134480.98717206798,688,21,241.33333333333334,29,1,19,34.73100364547734,0.6275143678160919,46.00694444444445,1015.9722222222229,35.03352490421458,0
2076,4,0,0,30,0.0,0.0,1.0,30,1050,800,250,0.7619047619047619,13,8,5,444.77291050792763,0.3991858237547892,0.15109289617486277,0.24664679582712357,129201.38888888896,5493.055555555561,134694.44444444453,689,22,242.33333333333334,29,1,19,34.52868852459015,0.6293103448275862,45.833333333333336,1016.6666666666673,35.05747126436784,0
2077,4,0,0,30,0.0,0.0,1.0,30,550,500,50,0.9090909090909091,6,5,1,446.4479671555002,0.3986829501915709,0.15491053134817645,0.24779723787304153,129236.69222608028,5539.491705246919,134776.1839313272,690,23,243.33333333333334,29,1,19,34.44984177935619,0.6296695402298851,45.798611111111114,1016.8055555555559,35.062260536398476,0
2078,4,0,0,30,0.0,0.0,1.0,30,900,700,200,0.7777777777777778,11,7,4,445.02247684680447,0.399161877394636,0.1559803386127796,0.24767056386215788,129342.6311728396,5512.075617283961,134854.70679012354,691,24,244.33333333333334,29,1,19,34.377275623520845,0.6307471264367817,45.69444444444445,1017.222222222223,35.076628352490445,0
2079,4,0,0,30,0.0,0.0,1.0,30,950,500,450,0.5263157894736842,14,5,9,445.9951319055218,0.3979885057471264,0.16085414108336704,0.2493286286602267,129519.29253472235,5552.994791666685,135072.28732638902,692,25,245.33333333333334,29,1,18,34.171186382862615,0.6325431034482758,45.52083333333334,1017.9166666666677,35.10057471264371,0
2080,4,0,0,30,0.0,0.0,1.0,30,700,600,100,0.8571428571428571,8,6,2,444.0920838870354,0.398132183908046,0.1545628154412768,0.24871192261083702,129589.99083719139,5509.977816358031,135099.9686535494,693,26,246.33333333333334,29,1,18,34.147086573000514,0.6332614942528736,45.45138888888889,1018.1944444444447,35.11015325670499,0
2081,4,0,0,30,0.0,0.0,1.0,30,1050,800,250,0.7619047619047619,13,8,5,445.4923372259203,0.3987547892720307,0.15618437201690938,0.2499460833112223,129660.70842978403,5552.570408950627,135213.27883873467,694,27,247.33333333333334,29,1,18,34.03890517750806,0.6339798850574713,45.38194444444445,1018.472222222223,35.11973180076631,0
2082,4,0,0,30,0.0,0.0,1.0,30,700,400,300,0.5714285714285714,10,4,6,446.6765509851387,0.398323754789272,0.1550859012817014,0.2508365869008427,129696.07445987652,5586.439043209873,135282.51350308637,695,28,248.33333333333334,29,1,18,33.97247977456594,0.6343390804597702,45.34722222222222,1018.611111111111,35.12452107279693,0
2083,4,0,0,30,0.0,0.0,1.0,30,1300,800,500,0.6153846153846154,18,8,10,447.5124174951183,0.3969109195402299,0.15803814713896402,0.25267239572416683,129908.37191358031,5627.121913580254,135535.49382716056,696,29,249.33333333333334,29,1,18,33.73353769300636,0.6364942528735632,45.13888888888889,1019.4444444444449,35.15325670498086,0
2084,4,0,0,30,0.0,0.0,1.0,30,650,400,250,0.6153846153846154,9,4,5,446.69652316250495,0.3963840996168582,0.16101879596840085,0.25266917357928453,129979.17631172847,5612.249228395073,135591.42554012354,697,30,250.33333333333334,29,1,18,33.68178516298919,0.6372126436781609,45.06944444444445,1019.7222222222229,35.16283524904217,0
2085,4,0,1,29,0.0,0.03333333333333333,0.9666666666666667,30,450,200,250,0.4444444444444444,7,2,5,448.44153195433466,0.3960249042145594,0.16155522266103772,0.25388636616350635,130014.58574459875,5660.788001543208,135675.37374614197,698,31,251.33333333333334,29,1,18,33.60102024603931,0.6375718390804598,45.03472222222222,1019.861111111111,35.167624521072796,0
2086,4,0,0,29,0.0,0.0,1.0,29,800,600,200,0.75,10,6,4,458.15559025480167,0.39460180623973723,0.15516026684417406,0.25908607362855185,129969.40904098947,6109.242262848451,136078.65130383792,699,32,254.86206896551724,28,1,18,33.39967591940256,0.6402529761904762,45.07902298850574,1019.6839080459763,36.41728243021344,0
2087,4,1,0,30,0.03333333333333333,0.0,1.0,30,700,500,200,0.7142857142857143,9,5,4,448.84404085369215,0.3990900383141762,0.15735643900781504,0.25749473922659183,130528.564453125,5718.054252440053,136246.61870556505,700,0,247.33333333333334,27,3,19,33.06468739381583,0.6493055555555556,44.53125,1021.875,37.84722222222222,0
2088,4,1,0,31,0.03225806451612903,0.0,1.0,31,1100,900,200,0.8181818181818182,13,9,4,432.829729635417,0.40232974910394265,0.15340461553783036,0.25157786732316306,131033.74991742622,5143.060509974877,136176.8104274011,701,0,240.32258064516128,28,3,20,32.95853213584057,0.6510416666666667,44.03735632183907,1023.8505747126427,36.56609195402295,0
2089,4,0,0,31,0.0,0.0,1.0,31,1000,900,100,0.9,11,9,2,428.74139500149204,0.4021505376344086,0.15200068778591835,0.24991802166521931,131144.10186699012,5045.381036134205,136189.48290312433,702,1,241.32258064516128,28,3,21,32.9507995511292,0.6521577380952381,43.92959770114941,1024.2816091954005,36.58148604269287,0
2090,4,0,0,31,0.0,0.0,1.0,31,700,500,200,0.7142857142857143,9,5,4,428.74139500149204,0.4021505376344086,0.15200068778591835,0.24991802166521931,131144.10186699012,5045.381036134205,136189.48290312433,703,2,242.32258064516128,28,3,21,32.9507995511292,0.6521577380952381,43.92959770114941,1024.2816091954005,36.58148604269287,0
2091,4,0,0,31,0.0,0.0,1.0,31,800,500,300,0.625,11,5,6,426.9929238866745,0.4012096774193548,0.14884099227328185,0.24940038000886736,131221.37586805545,5006.119791666648,136227.4956597221,704,3,243.32258064516128,29,2,21,32.916920835027774,0.6497844827586207,43.85416666666666,1024.5833333333323,35.330459770114906,0
2092,4,0,0,31,0.0,0.0,1.0,31,1000,800,200,0.8,12,8,4,431.1698158794577,0.40147849462365587,0.15653864412143714,0.252785261815935,131364.94510916228,5128.163241924285,136493.10835108656,705,4,244.32258064516128,28,3,21,32.66380518570427,0.6543898809523809,43.71408045977011,1025.1436781609189,36.612274220032816,0
2093,4,0,0,31,0.0,0.0,1.0,31,800,500,300,0.625,11,5,6,430.23823984155837,0.4010752688172043,0.1585114026090222,0.2532127612719607,131512.27715434655,5116.322128088239,136628.5992824348,706,5,245.32258064516128,28,3,21,32.53782042302844,0.6558779761904762,43.57040229885057,1025.7183908045968,36.63279967159274,0
2094,4,0,0,31,0.0,0.0,1.0,31,600,400,200,0.6666666666666666,8,4,4,432.69817731013984,0.40080645161290324,0.16136260955995319,0.2549063519797359,131549.12306777644,5184.213155634827,136733.33622341126,707,6,246.32258064516128,28,3,21,32.43726657329599,0.65625,43.53448275862069,1025.8620689655172,36.637931034482754,0
2095,4,0,0,31,0.0,0.0,1.0,31,1100,600,500,0.5454545454545454,16,6,10,435.4855294821364,0.3997311827956989,0.16752158364339165,0.2575421045215546,131696.55833003027,5270.389087065646,136966.94741709591,708,7,247.32258064516128,28,3,19,32.215845464725646,0.6577380952380952,43.39080459770114,1026.4367816091944,36.65845648604266,0
2096,4,0,0,31,0.0,0.0,1.0,31,950,700,250,0.7368421052631579,12,7,5,435.39037270234394,0.39928315412186377,0.16899488619181513,0.25823526918702483,131807.18896568226,5277.516225723321,137084.70519140558,709,8,248.32258064516128,28,3,19,32.10583694790354,0.6588541666666667,43.28304597701148,1026.867816091953,36.67385057471261,0
2097,4,0,0,31,0.0,0.0,1.0,31,1150,900,250,0.782608695652174,14,9,5,436.19564704487476,0.39843189964157705,0.16886426892697193,0.25971982281581174,131954.76873183373,5311.6191455277985,137266.38787736153,710,9,249.32258064516128,28,3,20,31.9352188505104,0.6603422619047619,43.13936781609195,1027.4425287356316,36.69437602627256,0
2098,4,0,0,31,0.0,0.0,1.0,31,700,400,300,0.5714285714285714,10,4,6,435.2164129243428,0.3982974910394265,0.1696164393447357,0.25938898210290834,131991.67657550535,5288.988803012293,137280.66537851765,711,10,250.32258064516128,28,3,20,31.92288870246086,0.6607142857142857,43.10344827586207,1027.5862068965519,36.69950738916257,0
2099,4,0,1,30,0.0,0.03225806451612903,0.967741935483871,31,550,400,150,0.7272727272727273,7,4,3,437.8254072375079,0.3979838709677419,0.172166259345099,0.2614526680615301,132065.5077454089,5364.326942132379,137429.83468754127,712,11,251.32258064516128,28,3,20,31.78088016028329,0.6614583333333333,43.0316091954023,1027.8735632183907,36.70977011494252,0
2100,4,0,0,30,0.0,0.0,1.0,30,1250,700,550,0.56,18,7,11,433.71297367969834,0.39664750957854406,0.17488425925925943,0.2602277842078189,132244.89795918364,5471.265589569156,137716.16354875278,713,12,255.53333333333333,27,3,20,31.704523533950624,0.6666666666666667,42.857142857142854,1028.5714285714282,38.09523809523808,0
2101,4,0,0,30,0.0,0.0,1.0,30,850,500,350,0.5882352941176471,12,5,7,432.5591306200722,0.39621647509578545,0.17854251012145705,0.2605905006418485,132398.0034722223,5453.99305555556,137851.99652777787,714,13,256.53333333333336,27,3,20,31.57894736842104,0.6682098765432098,42.708333333333336,1029.1666666666672,38.117283950617306,0
2102,4,0,0,30,0.0,0.0,1.0,30,450,300,150,0.6666666666666666,6,3,3,433.30584380705716,0.39576149425287355,0.1754084140523342,0.2613057124336022,132436.29369065343,5477.083997661573,137913.377688315,715,14,257.53333333333336,27,3,20,31.520920678521506,0.6685956790123457,42.671130952380956,1029.3154761904768,38.122795414462104,0
2103,4,0,0,30,0.0,0.0,1.0,30,800,500,300,0.625,11,5,6,433.8334057268868,0.39537835249042147,0.17464354527938308,0.262423703464166,132551.1975623584,5501.0274943310815,138052.2250566895,716,15,258.53333333333336,27,3,20,31.39089595375722,0.6697530864197531,42.55952380952382,1029.7619047619057,38.13932980599651,0
2104,4,0,0,30,0.0,0.0,1.0,30,650,400,250,0.6153846153846154,9,4,5,446.83571839905494,0.39516283524904217,0.12717022143730472,0.25716635833740764,130652.78018904319,5676.065779320987,136328.84596836418,717,16,259.53333333333336,29,1,18,32.98903568355749,0.6440373563218391,44.40972222222222,1022.361111111111,35.25383141762452,8
2105,4,0,0,30,0.0,0.0,1.0,30,700,300,400,0.42857142857142855,11,3,8,447.3577061617545,0.39499521072796934,0.1266232002173322,0.25770324200022193,130688.28125,5692.881944444444,136381.16319444444,718,17,260.53333333333336,29,1,18,32.93941863624014,0.6443965517241379,44.375,1022.5,35.258620689655174,0
2106,4,1,0,31,0.03225806451612903,0.0,1.0,31,1150,800,350,0.6956521739130435,15,8,7,435.64760501116524,0.39843189964157705,0.12250273122231703,0.2533407217538214,131052.73189097013,5218.561755694309,136271.29364666445,719,0,253.09677419354838,30,1,19,32.86705828301391,0.6451388888888889,44.01881720430108,1023.9247311827963,34.130824372759875,0
2107,4,0,0,31,0.0,0.0,1.0,31,1000,800,200,0.8,12,8,4,431.1161289719402,0.3986111111111111,0.12131165582367887,0.2513799555390328,131155.97043372074,5108.690852988791,136264.66128670954,720,1,254.09677419354838,30,1,19,32.87790316231465,0.6461805555555555,43.918010752688176,1024.327956989248,34.14426523297493,0
2108,4,0,0,31,0.0,0.0,1.0,31,450,200,250,0.4444444444444444,7,2,5,427.57555495834464,0.39834229390681003,0.11736435748281315,0.25021209566825603,131293.68505390786,5027.594049890142,136321.279103798,721,2,255.09677419354838,30,1,19,32.82841530054644,0.6475694444444444,43.783602150537625,1024.8655913978484,34.16218637992828,0
2109,4,1,1,31,0.03125,0.03125,0.96875,32,900,800,100,0.8888888888888888,10,8,2,418.43829707670534,0.40234375,0.10745384468976016,0.2470196418922483,131628.58963012695,4615.688578287761,136244.2782084147,722,0,248.09375,31,1,16,32.72229095292475,0.6481854838709677,43.45703125,1026.171875,33.102318548387096,0
2110,4,0,0,31,0.0,0.0,1.0,31,1100,800,300,0.7272727272727273,14,8,6,429.5553540276868,0.3981182795698925,0.11393651504714253,0.2531888816442726,131569.33108235046,5103.262118452987,136672.59320080344,723,4,257.0967741935484,30,1,17,32.497325210707885,0.6503472222222222,43.51478494623655,1025.940860215053,34.1980286738351,0
2111,4,0,1,30,0.0,0.03225806451612903,0.967741935483871,31,1000,600,400,0.6,14,6,8,433.4090617497644,0.3982078853046595,0.11497505776208361,0.25638613513423325,131707.26249060588,5216.624212336692,136923.88670294257,724,5,258.0967741935484,30,1,18,32.25824931255728,0.6517361111111111,43.380376344086024,1026.4784946236562,34.21594982078854,0
2112,4,0,0,30,0.0,0.0,1.0,30,650,400,250,0.6153846153846154,9,4,5,441.33816848111724,0.39511494252873564,0.1330265295073092,0.2604318201867807,131613.00154320986,5617.168209876541,137230.1697530864,725,6,266.93333333333334,29,1,18,32.15067226132467,0.6537356321839081,43.47222222222222,1026.111111111111,35.383141762452105,0
2113,4,0,0,30,0.0,0.0,1.0,30,500,300,200,0.6,7,3,4,439.48441980097806,0.39535440613026823,0.13219696969696937,0.26031000249750263,131755.55555555565,5580.902777777798,137336.45833333346,726,7,267.93333333333334,29,1,18,32.05323322510824,0.6551724137931034,43.33333333333334,1026.6666666666677,35.402298850574745,0
2114,4,0,0,30,0.0,0.0,1.0,30,1000,800,200,0.8,12,8,4,441.1248357362906,0.3958333333333333,0.1319177711658095,0.2617718326993689,131826.86149691377,5630.420524691382,137457.28202160515,727,8,268.93333333333334,29,1,18,31.93862140474258,0.6558908045977012,43.2638888888889,1026.944444444446,35.411877394636065,0
2115,4,0,0,30,0.0,0.0,1.0,30,750,400,350,0.5333333333333333,11,4,7,440.86523829059456,0.3961925287356322,0.1305529268622414,0.2623556047977095,131933.8565779322,5633.0102237654455,137566.86680169764,728,9,269.93333333333334,29,1,19,31.83652719570998,0.6569683908045977,43.15972222222223,1027.3611111111118,35.42624521072799,0
2116,4,1,1,30,0.03225806451612903,0.03225806451612903,0.967741935483871,31,700,400,300,0.5714285714285714,10,4,6,430.1968037307459,0.39690860215053764,0.12550982573229508,0.25892977432095843,132363.42351716963,5188.464345589086,137551.8878627587,729,0,262.19354838709677,30,1,20,31.674775774991296,0.6583333333333333,42.74193548387097,1029.0322580645163,34.30107526881721,0
2117,4,0,0,30,0.0,0.0,1.0,30,800,600,200,0.75,10,6,4,441.02674293960536,0.39317528735632185,0.13836282588139937,0.26393864009554574,132147.97694830262,5656.158371913604,137804.1353202162,730,1,271.6,29,1,20,31.614857715340637,0.6591235632183908,42.9513888888889,1028.1944444444457,35.45498084291192,0
2118,4,0,0,30,0.0,0.0,1.0,30,600,400,200,0.6666666666666666,8,4,4,441.02674293960536,0.39317528735632185,0.13836282588139937,0.26393864009554574,132147.97694830262,5656.158371913604,137804.1353202162,731,2,272.6,29,1,20,31.614857715340637,0.6591235632183908,42.9513888888889,1028.1944444444457,35.45498084291192,0
2119,4,0,0,30,0.0,0.0,1.0,30,250,100,150,0.4,4,1,3,427.59923106289807,0.3931992337164751,0.07019777837984287,0.2509171322501045,131399.3152006173,5237.249228395065,136636.56442901236,732,3,273.6,29,1,19,32.7203558204642,0.6515804597701149,43.68055555555556,1025.2777777777778,35.3544061302682,8
2120,4,0,0,30,0.0,0.0,1.0,30,900,700,200,0.7777777777777778,11,7,4,429.1481449745225,0.3925287356321839,0.07156013001083417,0.2522953744022194,131470.5246913581,5284.066358024697,136754.59104938278,733,4,274.6,29,1,19,32.60822950523655,0.6522988505747127,43.611111111111114,1025.5555555555559,35.363984674329515,0
2121,4,0,0,30,0.0,0.0,1.0,30,1050,700,350,0.6666666666666666,14,7,7,428.6930122450509,0.3909722222222222,0.07536879144674469,0.2532064482397031,131648.63281250023,5287.369791666697,136936.00260416692,734,5,275.6,29,1,18,32.43884490458791,0.6540948275862069,43.437500000000014,1026.2500000000018,35.38793103448282,0
2122,4,0,0,30,0.0,0.0,1.0,30,950,600,350,0.631578947368421,13,6,7,428.1022377975415,0.3914990421455939,0.0780814504126639,0.2533309559296742,131719.90981867298,5277.917631172857,136997.82744984585,735,6,276.6,29,1,19,32.38158458485547,0.6548132183908046,43.368055555555564,1026.5277777777787,35.397509578544096,0
2123,4,0,0,30,0.0,0.0,1.0,30,950,600,350,0.631578947368421,13,6,7,428.4321268550787,0.3915229885057471,0.07538877620013551,0.25447835968620935,131862.52170138885,5298.828124999995,137161.34982638885,736,7,277.6,29,1,19,32.228279242731574,0.65625,43.229166666666664,1027.083333333333,35.41666666666666,0
2124,4,0,0,30,0.0,0.0,1.0,30,900,700,200,0.7777777777777778,11,7,4,432.8541966628271,0.3907567049808429,0.0810785241248817,0.2580731830063063,132005.21074459885,5427.801890432114,137433.01263503096,737,8,278.6,29,1,19,31.969832635040774,0.6576867816091954,43.090277777777786,1027.6388888888896,35.4358237547893,0
2125,4,0,0,30,0.0,0.0,1.0,30,450,300,150,0.6666666666666666,6,3,3,436.8001176813618,0.39001436781609194,0.07974068071312779,0.2616559928246605,132183.68055555562,5547.569444444455,137731.2500000001,738,9,279.6,29,1,19,31.68726364127499,0.6594827586206897,42.91666666666667,1028.333333333334,35.45977011494255,0
2126,4,0,0,30,0.0,0.0,1.0,30,750,400,350,0.5333333333333333,11,4,7,434.8832489353101,0.3891044061302682,0.07515527950310563,0.26100043286992775,132255.1022376544,5503.105709876558,137758.20794753096,739,10,280.6,29,1,19,31.664078674948243,0.6602011494252873,42.84722222222223,1028.6111111111118,35.469348659003856,0
2127,4,0,0,30,0.0,0.0,1.0,30,750,600,150,0.8,9,6,3,431.9392029631149,0.38891283524904213,0.07381209503239705,0.2597244817817173,132326.54320987666,5431.404320987671,137757.94753086433,740,11,281.6,29,1,19,31.667341612670985,0.6609195402298851,42.777777777777786,1028.8888888888898,35.47892720306517,0
2128,4,0,0,30,0.0,0.0,1.0,30,800,600,200,0.75,10,6,4,432.5828146435625,0.3893199233716475,0.0705763260898904,0.2603579263764546,132362.2709297841,5451.528742283968,137813.79967206807,741,12,282.6,29,1,19,31.614562244117508,0.6612787356321839,42.743055555555564,1029.027777777779,35.483716475095825,0
2129,4,0,0,30,0.0,0.0,1.0,30,650,500,150,0.7692307692307693,8,5,3,439.3552652093714,0.38929597701149427,-0.00012290045063489963,0.24429754040457297,129307.31336805552,5402.305169753082,134709.6185378086,742,13,283.6,29,1,20,34.557643725249214,0.6303879310344828,45.729166666666664,1017.083333333333,35.07183908045976,8
2130,4,0,0,30,0.0,0.0,1.0,30,500,400,100,0.8,6,4,2,436.52542424041206,0.3893199233716475,-0.0005187005187006211,0.24337787351485987,129413.28125,5298.437500000001,134711.71875,743,14,284.6,29,1,21,34.52088452088452,0.6314655172413793,45.625,1017.5,35.08620689655172,0
2131,4,1,0,31,0.03225806451612903,0.0,1.0,31,950,700,250,0.7368421052631579,12,7,5,426.3540014164572,0.39413082437275987,0.01068035113250021,0.23995469077491904,129782.79867976051,4866.683106428468,134649.481786189,744,0,276.38709677419354,30,1,18,34.40124433891746,0.6322916666666667,45.26209677419354,1018.9516129032246,33.96505376344082,0
2132,4,0,0,31,0.0,0.0,1.0,31,700,400,300,0.5714285714285714,10,4,6,425.92268781919125,0.39390681003584227,0.009445120446558208,0.23992168046397522,129817.03990345694,4858.404512082305,134675.44441553924,745,1,277.38709677419354,30,1,19,34.3771981886925,0.6326388888888889,45.228494623655905,1019.0860215053755,33.969534050179185,0
2133,4,0,0,31,0.0,0.0,1.0,31,1050,600,450,0.5714285714285714,15,6,9,425.6059176233084,0.3936379928315412,0.014872638681615813,0.24079583124593884,129988.31376821011,4864.759112325114,134853.0728805352,746,2,278.38709677419354,30,1,21,34.210107200913846,0.634375,45.06048387096774,1019.7580645161283,33.99193548387095,0
2134,4,1,0,32,0.03125,0.0,1.0,32,850,400,450,0.47058823529411764,13,4,9,412.15340176142166,0.3976394489247312,0.010526359089114035,0.235246385663525,130331.20022907255,4343.578556769544,134674.7787858421,747,0,270.65625,30,2,22,34.20319424334166,0.6378472222222222,44.724462365591386,1021.1021505376331,34.036738351254435,0
2135,4,0,0,32,0.0,0.0,1.0,32,500,300,200,0.6,7,3,4,408.64716066482015,0.39673639112903225,0.0043174342105265495,0.2338643389346862,130434.15423748399,4260.309356573002,134694.463594057,748,1,271.65625,30,2,22,34.187774122807014,0.6388888888888888,44.62365591397849,1021.5053763440851,34.050179211469505,0
2136,4,0,0,32,0.0,0.0,1.0,32,800,600,200,0.75,10,6,4,406.70647055551797,0.39673639112903225,0.0006328905839034782,0.23357975846708126,130571.48947855234,4220.853928199783,134792.34340675213,749,2,272.65625,30,2,18,34.09745967034893,0.6402777777777777,44.48924731182795,1022.0430107526875,34.06810035842292,0
2137,4,0,1,31,0.0,0.03125,0.96875,32,1050,600,450,0.5714285714285714,15,6,9,404.34226850399534,0.397450436827957,-0.0009531948461742878,0.23263443980645906,130640.18419759508,4164.669687247082,134804.85388484216,750,3,273.65625,30,2,18,34.08794591988781,0.6409722222222223,44.42204301075269,1022.3118279569892,34.07706093189964,0
2138,4,0,0,31,0.0,0.0,1.0,31,900,600,300,0.6666666666666666,12,6,6,414.94443939992505,0.3913530465949821,0.005120606055291965,0.23815609868210982,130546.305941358,4633.892746913575,135180.19868827157,751,7,283.38709677419354,29,2,19,33.91263477394218,0.6429597701149425,44.513888888888886,1021.9444444444442,35.23946360153256,0
2139,4,0,0,31,0.0,0.0,1.0,31,750,500,250,0.6666666666666666,10,5,5,416.17467500297903,0.3909050179211469,0.004444853569690821,0.23908114233777678,130581.7925347221,4668.96701388887,135250.75954861098,752,8,284.38709677419354,29,2,19,33.84503668976763,0.6433189655172413,44.47916666666666,1022.0833333333323,35.244252873563184,0
2140,4,0,0,31,0.0,0.0,1.0,31,600,400,200,0.6666666666666666,8,4,4,415.2767735153499,0.3902777777777778,0.004408587542891418,0.2390033096048857,130652.78018904309,4651.413001543195,135304.1931905863,753,9,285.38709677419354,29,2,19,33.79565163247747,0.6440373563218391,44.409722222222214,1022.3611111111102,35.25383141762449,0
2141,4,1,0,32,0.03125,0.0,1.0,32,1000,700,300,0.7,13,7,6,406.8067944089402,0.39623235887096775,-0.0009847689075628274,0.2361463830959213,130983.92877789329,4257.030437044729,135240.95921493802,754,0,277.4375,30,2,20,33.67526698179272,0.6444444444444444,44.08602150537634,1023.6559139784937,34.121863799283126,0
2142,4,0,0,32,0.0,0.0,1.0,32,750,500,250,0.6666666666666666,10,5,5,409.4839425298901,0.3963163642473118,0.005316355998950195,0.23812585299180936,131052.73189097,4332.797866805407,135385.5297577754,755,1,278.4375,30,2,20,33.536798809836355,0.6451388888888889,44.01881720430107,1023.9247311827952,34.13082437275984,0
2143,4,0,0,32,0.0,0.0,1.0,32,850,700,150,0.8235294117647058,10,7,3,410.63935446026557,0.3961273521505377,0.007575633285208383,0.23901155398264012,131087.14022213535,4365.907727771982,135453.04794990734,756,2,279.4375,30,2,20,33.47224045150283,0.6454861111111111,43.98521505376343,1024.059139784945,34.13530465949817,0
2144,4,0,0,32,0.0,0.0,1.0,32,450,300,150,0.6666666666666666,6,3,3,410.63935446026557,0.3961273521505377,0.007575633285208383,0.23901155398264012,131087.14022213535,4365.907727771982,135453.04794990734,757,3,280.4375,30,2,20,33.47224045150283,0.6454861111111111,43.98521505376343,1024.059139784945,34.13530465949817,0
2145,4,1,0,33,0.030303030303030304,0.0,1.0,33,700,400,300,0.5714285714285714,10,4,6,398.4951099585477,0.4004892676767677,0.0005848223217448378,0.23421996164429243,131461.62245008667,3877.3627387152583,135338.98518880192,758,0,272.90909090909093,31,2,21,33.40316573556797,0.646505376344086,43.61979166666666,1025.5208333333321,33.08131720430104,0
2146,4,0,0,33,0.0,0.0,1.0,33,1050,600,450,0.5714285714285714,15,6,9,394.03778071030916,0.3997001262626263,0.0017456637174944056,0.23261511234291724,131628.58963012687,3773.327467176635,135401.9170973035,759,1,273.90909090909093,31,2,18,33.34826904369158,0.6481854838709677,43.45703124999999,1026.1718749999993,33.102318548387075,0
2147,4,0,1,32,0.0,0.030303030303030304,0.9696969696969697,33,500,200,300,0.4,8,2,6,392.88866648596445,0.39891098484848486,-0.002921144473655879,0.2325476161092599,131728.82080078113,3750.952148437485,135479.7729492186,760,2,274.90909090909093,31,2,18,33.27625570776256,0.6491935483870968,43.35937499999999,1026.562499999999,33.11491935483868,0
2148,4,0,0,32,0.0,0.0,1.0,32,800,600,200,0.75,10,6,4,402.17333634693694,0.3922211021505377,-0.00022923762116877633,0.2372636205311065,131603.80715978733,4185.50844028212,135789.31560006944,761,7,284.4375,30,2,18,33.16467994061654,0.6506944444444445,43.48118279569893,1026.075268817205,34.202508960573496,0
2149,4,0,0,32,0.0,0.0,1.0,32,800,500,300,0.625,11,5,6,404.0800243893705,0.3920740927419355,-0.0036131661647242908,0.23903633975690322,131707.26249060576,4244.054767892233,135951.317258498,762,8,285.4375,30,2,18,33.01088996551874,0.6517361111111111,43.38037634408602,1026.4784946236553,34.21594982078851,0
2150,4,0,0,32,0.0,0.0,1.0,32,750,600,150,0.8,9,6,3,404.5677887119324,0.3910870295698925,-0.0004008507853401344,0.23997654547819586,131810.75846918722,4265.277416464334,136076.03588565154,763,9,286.4375,30,2,18,32.89348821989528,0.6527777777777778,43.27956989247312,1026.8817204301076,34.229390681003586,0
2151,4,0,0,32,0.0,0.0,1.0,32,900,500,400,0.5555555555555556,13,5,8,404.95605879876086,0.39068800403225806,-0.0022610558681144255,0.24086219123727057,131914.29509553115,4283.898608220591,136198.19370375175,764,10,287.4375,30,2,18,32.77863186357887,0.6538194444444445,43.17876344086021,1027.2849462365582,34.24283154121861,0
2152,4,0,1,31,0.0,0.03125,0.96875,32,450,300,150,0.6666666666666666,6,3,3,404.1862488263026,0.3909610215053763,-0.004824045002616684,0.2406230285068736,131948.81633714878,4266.379422476578,136215.19575962535,765,11,288.4375,30,2,18,32.763441915227624,0.6541666666666667,43.14516129032258,1027.4193548387093,34.24731182795698,0
2153,4,0,0,31,0.0,0.0,1.0,31,600,500,100,0.8333333333333334,7,5,2,419.06570394713594,0.3836469534050179,-0.0015531337527374678,0.24868152608227326,131826.86149691363,4848.823302469144,136675.68479938278,766,22,298.38709677419354,29,2,18,32.5049589757461,0.6558908045977012,43.26388888888889,1026.9444444444448,35.41187739463603,0
2154,4,0,0,31,0.0,0.0,1.0,31,1150,900,250,0.782608695652174,14,9,5,409.12610413552335,0.38239247311827956,-0.0171815290023698,0.22512365016342878,128894.11212640184,4346.789188056417,133240.90131445826,767,23,299.38709677419354,30,1,17,35.749503639973526,0.6232638888888888,46.13575268817204,1015.4569892473114,33.84856630824371,8
2155,4,0,0,31,0.0,0.0,1.0,31,800,600,200,0.75,10,6,4,409.688407006282,0.3818548387096774,-0.025651093906051248,0.22601642190901314,128996.49706613488,4369.673878483069,133366.17094461794,768,24,300.38709677419354,30,1,17,35.63029240539825,0.6243055555555556,46.03494623655914,1015.8602150537639,33.862007168458796,0
2156,4,0,0,31,0.0,0.0,1.0,31,1050,900,150,0.8571428571428571,12,9,3,408.5475522228436,0.3814068100358423,-0.027509247587361507,0.22598962757613708,129102.1241082086,4348.87135823568,133450.9954664443,769,25,301.38709677419354,31,0,17,35.551062353192386,0.6226478494623655,45.930989583333336,1016.2760416666671,32.78309811827958,0
2157,4,0,0,31,0.0,0.0,1.0,31,700,400,300,0.5714285714285714,10,4,6,408.29756573374686,0.3806899641577061,-0.021948871360276012,0.22622988613792488,129168.29639010955,4347.820197211366,133516.11658732092,770,26,302.38709677419354,31,0,17,35.489651381239064,0.6233198924731183,45.865885416666664,1016.5364583333329,32.79149865591396,0
2158,4,0,0,31,0.0,0.0,1.0,31,900,500,400,0.5555555555555556,13,5,8,402.968963947108,0.3815412186379928,-0.021937631380063438,0.22402779910255224,129300.6918165418,4220.833163791222,133521.52498033302,771,27,303.38709677419354,31,0,18,35.48961400588914,0.6246639784946236,45.73567708333333,1017.057291666666,32.80829973118277,0
2159,4,0,0,31,0.0,0.0,1.0,31,650,400,250,0.6153846153846154,9,4,5,425.38663653943985,0.38203405017921144,0.03335947577966647,0.2285428417724741,127940.47948100929,4688.398671401048,132628.87815241033,772,28,304.38709677419354,30,1,17,36.31759000929986,0.6135416666666667,47.0766129032258,1011.6935483870961,33.723118279569874,8
2160,4,2,1,32,0.06060606060606061,0.030303030303030304,0.9696969696969697,33,650,500,150,0.7692307692307693,8,5,3,402.8268866807539,0.39125631313131315,0.03454794489534874,0.21962679748358002,128528.3409377869,3754.934286042234,132283.27522382914,773,0,286.8787878787879,32,1,15,36.28439795791308,0.6142578125,46.49621212121212,1014.015151515151,31.68797348484847,0
2161,4,1,0,33,0.030303030303030304,0.0,1.0,33,800,600,200,0.75,10,6,4,403.80931165070194,0.3891650883838384,0.059769335142469515,0.2217641301688279,128816.57483930199,3803.466483011921,132620.04132231392,774,0,287.8484848484849,32,1,16,35.963930348258714,0.6171875,46.212121212121204,1015.1515151515141,31.723484848484816,0
2162,4,0,0,33,0.0,0.0,1.0,33,750,600,150,0.8,9,6,3,407.3369713715293,0.38892834595959597,0.06991094435152156,0.22442593135017685,128944.78242016122,3904.7954290378584,132849.5778491991,775,1,288.8484848484849,32,1,16,35.74299685065474,0.6184895833333333,46.08585858585859,1015.6565656565658,31.739267676767682,0
2163,4,0,0,33,0.0,0.0,1.0,33,650,400,250,0.6153846153846154,9,4,5,418.98605590420016,0.3897569444444444,0.0807651192940162,0.22181288284093867,127346.77105652477,4071.304267421687,131418.07532394645,776,2,289.8484848484849,32,1,14,37.09162079893253,0.6022135416666667,47.66414141414141,1009.3434343434337,31.541982323232304,7
2164,4,0,0,33,0.0,0.0,1.0,33,900,700,200,0.7777777777777778,11,7,4,421.25171259609147,0.3893229166666667,0.08787462069122287,0.22389318598379604,127506.12381708481,4142.434604887235,131648.55842197203,777,3,290.8484848484849,32,1,14,36.869973329999596,0.6038411458333333,47.50631313131312,1009.974747474746,31.561710858585812,0
2165,4,0,0,33,0.0,0.0,1.0,33,750,500,250,0.6666666666666666,10,5,5,418.26302984363895,0.3892834595959596,0.07913930608257047,0.22283227462109162,127601.78330017331,4074.221699316377,131676.0049994897,778,4,291.8484848484849,32,1,14,36.846777888861105,0.6048177083333333,47.41161616161615,1010.3535353535342,31.573547979797944,0
2166,4,2,0,35,0.05714285714285714,0.0,1.0,35,750,500,250,0.6666666666666666,10,5,5,400.87799611841234,0.3961834733893557,0.08733231918130313,0.21680993193210427,128206.57920030731,3280.1911394227527,131486.77033973008,779,0,276.1142857142857,33,2,16,36.66404485317844,0.6085858585858586,46.81372549019606,1012.7450980392136,30.689245395127685,0
2167,4,4,0,39,0.10256410256410256,0.0,1.0,39,1100,800,300,0.7272727272727273,14,8,6,367.17121794540395,0.4145580296896086,0.10226403204753143,0.2043959646477834,129352.7228599772,1710.4533847852726,131063.17624476248,780,0,248.69230769230768,34,5,20,36.34679149600156,0.617953431372549,45.6845238095238,1017.2619047619038,29.91946778711482,0
2168,4,0,0,39,0.0,0.0,1.0,39,1000,700,300,0.7,13,7,6,367.57105553174347,0.4141925326135853,0.10399210399210412,0.20493345150879388,129413.2812499999,1713.7152777777624,131126.99652777766,781,1,249.69230769230768,34,5,20,36.27491127491126,0.6185661764705883,45.62499999999999,1017.4999999999992,29.926470588235272,0
2169,4,0,1,38,0.0,0.02564102564102564,0.9743589743589743,39,650,400,250,0.6153846153846154,9,4,5,366.5759882907459,0.4140519568151147,0.10702601884919805,0.20500923975632215,129534.4405470521,1696.8431122448937,131231.28365929698,782,2,250.69230769230768,34,5,17,36.17681167894593,0.6197916666666667,45.50595238095238,1017.97619047619,29.940476190476176,0
2170,4,1,0,39,0.02564102564102564,0.0,1.0,39,1200,900,300,0.75,15,9,6,374.71886190933714,0.41340530814215026,0.12568895279175707,0.21102588539104772,129807.25623582769,1928.2454648526125,131735.5017006803,783,0,251.6153846153846,34,5,18,35.69168613707166,0.6225490196078431,45.23809523809524,1019.0476190476193,29.971988795518214,0
2171,4,1,0,40,0.025,0.0,1.0,40,1550,1300,250,0.8387096774193549,18,13,5,362.73809989930334,0.4169738247863248,0.12154098184552531,0.2065277658692732,130234.60493853888,1448.2106273084096,131682.8155658473,784,0,246.3,37,3,19,35.56269470404984,0.620777027027027,44.819078947368425,1020.7236842105272,27.587126600284517,0
2172,4,1,1,40,0.024390243902439025,0.024390243902439025,0.975609756097561,41,900,600,300,0.6666666666666666,12,6,6,356.290378519949,0.41989329268292686,0.11709575429087615,0.2040572167886984,130463.84222059915,1096.6083570539163,131560.45057765307,785,0,241.26829268292684,36,5,20,35.49474573780129,0.625,44.594594594594604,1021.621621621623,28.378378378378418,0
2173,4,2,2,40,0.047619047619047616,0.047619047619047616,0.9523809523809523,42,1100,500,600,0.45454545454545453,17,5,12,338.3972711061531,0.42362320944638016,0.10890731069844928,0.1917316763946851,130044.55133912269,401.34425907663183,130445.89559819932,786,0,236.33333333333334,38,4,19,36.37639223490798,0.6170504385964912,45.00534188034188,1019.9786324786328,26.84154295996402,8
2174,4,0,1,39,0.0,0.025,0.975,40,1350,1100,250,0.8148148148148148,16,11,5,349.16012455594034,0.4221955128205128,0.09580573951434856,0.1982074391276205,130118.92804967146,1086.4682249817588,131205.39627465323,750,1,228.45,36,4,19,36.026490066225186,0.6215277777777778,44.93243243243244,1020.2702702702717,28.34084084084088,0
2175,4,0,1,38,0.0,0.02564102564102564,0.9743589743589743,39,1100,800,300,0.7272727272727273,14,8,6,355.72958358697923,0.4187471884840306,0.10298888297299724,0.20161059936669104,130055.90284475726,1452.9464323988175,131508.84927715609,751,2,235.12820512820514,35,4,19,35.922902719467444,0.6229166666666667,44.994212962962955,1020.0231481481472,29.143518518518494,0
2176,4,0,0,38,0.0,0.0,1.0,38,1350,1000,350,0.7407407407407407,17,10,7,366.86216330659596,0.4150960170697013,0.11217089898965105,0.20724324317662818,129928.59977324237,1933.177437641697,131861.77721088406,752,3,242.21052631578948,34,4,19,35.76842986143547,0.6237745098039216,45.119047619047606,1019.5238095238074,29.98599439775904,0
2177,4,1,0,39,0.02564102564102564,0.0,1.0,39,1300,900,400,0.6923076923076923,17,9,8,361.19519544393074,0.41748200629779575,0.10839649823661657,0.2056410864183361,130233.05047850225,1607.9104241683865,131840.96090267063,753,0,236.97435897435898,35,4,20,35.603644593113366,0.624702380952381,44.820601851851855,1020.7175925925927,29.16335978835979,0
2178,4,1,0,40,0.025,0.0,1.0,40,1000,700,300,0.7,13,7,6,386.40382551108866,0.41802884615384617,0.12803065090115995,0.20313601231304113,127062.83925165028,1837.363495584695,128900.20274723497,754,0,232.025,35,5,16,38.20612348371792,0.5925595238095238,47.94560185185185,1008.2175925925918,28.80621693121691,8
2179,4,1,2,39,0.024390243902439025,0.04878048780487805,0.9512195121951219,41,750,500,250,0.6666666666666666,10,5,5,378.9188262345295,0.42134146341463413,0.12424173777341507,0.20064062438320154,127354.73632812488,1451.4247899519742,128806.16111807685,755,0,227.34146341463415,35,6,14,38.09447024423803,0.5955357142857143,47.65624999999999,1009.3749999999991,28.839285714285687,0
2180,4,2,1,40,0.04878048780487805,0.024390243902439025,0.975609756097561,41,1300,1100,200,0.8461538461538461,15,11,4,372.5364753290361,0.4200457317073171,0.12845733313592445,0.19869370593144836,127646.96830257613,1310.6303315757684,128957.5986341519,756,0,228.1219512195122,35,6,15,37.95539361661512,0.5985119047619047,47.36689814814814,1010.532407407406,28.872354497354458,0
2181,4,0,0,40,0.0,0.0,1.0,40,1550,1300,250,0.8387096774193549,18,13,5,381.02490636322983,0.4158653846153846,0.12884791571232235,0.20336855026673084,127676.2099194099,1729.563185871024,129405.77310528092,757,1,234.825,35,5,17,37.710910062604974,0.5988095238095238,47.33796296296295,1010.648148148146,28.875661375661313,0
2182,4,0,1,39,0.0,0.025,0.975,40,1400,1000,400,0.7142857142857143,18,10,8,380.11917946113505,0.41621260683760686,0.132087184055228,0.20381196123823583,127859.63909433062,1720.3802197467508,129580.01931407736,758,2,235.825,36,4,17,37.545466354897385,0.5986689814814814,47.15653153153152,1011.3738738738723,28.093718718718677,0
2183,4,1,1,39,0.025,0.025,0.975,40,1650,1500,150,0.9090909090909091,18,15,3,375.1491206450446,0.4193643162393162,0.1472531461761859,0.20289478619179627,128206.57920030743,1620.2682096198705,129826.8474099273,759,0,233.3,33,7,18,37.31546466602131,0.6085858585858586,46.81372549019607,1012.7450980392146,30.689245395127713,0
2184,4,2,0,41,0.04878048780487805,0.0,1.0,41,850,500,350,0.5882352941176471,12,5,7,358.0135496213662,0.42469512195121956,0.14889632251848495,0.1962541428946319,128743.83674214738,1018.4075967859571,129762.24433893333,760,0,222.6829268292683,36,5,17,37.20039946737684,0.6076388888888888,46.283783783783775,1014.8648648648635,28.190690690690655,0
2185,4,0,1,40,0.0,0.024390243902439025,0.975609756097561,41,1200,800,400,0.6666666666666666,16,8,8,357.41478743421703,0.42550813008130084,0.15800506901597822,0.19663265029251573,128886.7346020005,1013.2049701728617,129899.93957217337,761,1,223.6829268292683,36,5,17,37.069794092639825,0.6090856481481481,46.14301801801801,1015.4279279279268,28.2063313313313,0
2186,4,0,0,40,0.0,0.0,1.0,40,850,600,250,0.7058823529411765,11,6,5,359.96318211702834,0.424732905982906,0.16371794871794876,0.1982848037085324,128936.76757812488,1282.4978298610963,130219.26540798598,762,2,229.65,35,5,18,36.95405982905982,0.6116071428571428,46.09374999999999,1015.6249999999991,29.017857142857117,0
2187,4,1,0,41,0.024390243902439025,0.0,1.0,41,750,600,150,0.8,9,6,3,352.94905877973497,0.4265752032520325,0.16487253808189872,0.19586828836645528,129230.01284646134,922.3222800503199,130152.33512651165,763,0,225.02439024390245,36,5,19,36.83339793997119,0.6125578703703703,45.80518018018018,1016.7792792792793,28.24386886886887,0
2188,4,1,1,41,0.023809523809523808,0.023809523809523808,0.9761904761904762,42,850,700,150,0.8235294117647058,10,7,3,345.41116597468573,0.4291037553232675,0.16093103908229933,0.19290652482412934,129480.23069598322,544.7834910741581,130025.01418705737,764,0,220.64285714285714,37,5,15,36.77054154995332,0.6131756756756757,45.55921052631578,1017.7631578947355,27.507112375533392,0
2189,4,1,1,41,0.023809523809523808,0.023809523809523808,0.9761904761904762,42,750,600,150,0.8,9,6,3,346.092241310878,0.42874080526519553,0.16384684795537496,0.19411260490914464,129647.68005540161,574.0112342259101,130221.69128962752,765,0,221.61904761904762,37,5,17,36.58304622451909,0.6148648648648649,45.39473684210526,1018.4210526315785,27.524893314366988,0
2190,4,0,0,41,0.0,0.0,1.0,41,1200,900,300,0.75,15,9,6,351.2934283456399,0.4271595528455285,0.16385904980855304,0.196372374694882,129516.42679419304,899.6539191218478,130416.08071331489,766,1,227.97560975609755,36,5,17,36.58406165873806,0.6154513888888888,45.52364864864866,1017.905405405407,28.275150150150196,0
2191,4,0,0,41,0.0,0.0,1.0,41,900,600,300,0.6666666666666666,12,6,6,354.0557555079613,0.4267022357723577,0.1656098370117831,0.19849511451075627,129631.08114448928,979.3260743852143,130610.40721887449,767,2,228.97560975609755,36,5,17,36.39716723801098,0.6166087962962963,45.411036036036045,1018.3558558558574,28.287662662662704,0
2192,4,0,0,41,0.0,0.0,1.0,41,1200,900,300,0.75,15,9,6,353.44469202246563,0.4263973577235773,0.16725046614142647,0.19946267781716723,129889.23890106339,981.7324080837755,130870.97130914716,768,3,229.97560975609755,36,5,17,36.150390337310355,0.619212962962963,45.157657657657666,1019.3693693693707,28.315815815815853,0
2193,4,0,0,41,0.0,0.0,1.0,41,1250,800,450,0.64,17,8,9,355.7459918084494,0.4264481707317073,0.1648732003609379,0.20120424458622807,129975.34855379042,1047.641856383427,131022.99041017385,769,4,230.97560975609755,36,5,17,36.0042794036444,0.6200810185185186,45.073198198198206,1019.7072072072084,28.325200200200232,0
2194,4,0,1,40,0.0,0.024390243902439025,0.975609756097561,41,1100,700,400,0.6363636363636364,15,7,8,357.832746127119,0.4264989837398374,0.15799278522586513,0.20313061904208646,130118.92804967135,1112.1626694261893,131231.09071909753,770,5,231.97560975609755,36,5,17,35.805279617365706,0.6215277777777778,44.932432432432435,1020.2702702702708,28.340840840840855,0
2195,4,0,0,40,0.0,0.0,1.0,40,850,700,150,0.8235294117647058,10,7,3,363.5182412296689,0.4222889957264957,0.1607467090331367,0.20586907080435995,130026.38996056237,1453.3929183813384,131479.78287894372,771,6,238.525,35,5,18,35.754274474201836,0.6226190476190476,45.023148148148145,1019.907407407407,29.14021164021163,0
2196,4,0,0,40,0.0,0.0,1.0,40,1300,1000,300,0.7692307692307693,16,10,6,357.3645547898608,0.4215678418803419,0.14755613517804456,0.2033058480088381,130203.51750042858,1306.0244127228962,131509.54191315148,772,7,239.525,35,5,19,35.73136387691842,0.6244047619047619,44.84953703703703,1020.6018518518512,29.16005291005289,0
2197,4,0,0,40,0.0,0.0,1.0,40,850,300,550,0.35294117647058826,14,3,11,358.8623049577742,0.421741452991453,0.14984975620818708,0.2043128900853849,130233.05047850226,1347.146535279499,131580.19701378176,773,8,240.525,35,5,19,35.66317515213366,0.624702380952381,44.820601851851855,1020.7175925925928,29.163359788359795,0
2198,4,1,0,41,0.024390243902439025,0.0,1.0,41,1050,800,250,0.7619047619047619,13,8,5,356.2546763530687,0.42327235772357724,0.15577296678552388,0.20479567430378753,130607.69120049107,1105.9201515704972,131713.61135206156,774,0,235.6341463414634,36,5,14,35.349876978443696,0.6264467592592593,44.45382882882883,1022.184684684685,28.394019019019026,0
2199,4,0,0,41,0.0,0.0,1.0,41,1550,1200,350,0.7741935483870968,19,12,7,358.03165708917373,0.4236280487804878,0.15004712636579165,0.20673881381697182,130780.41459956586,1164.705710778354,131945.1203103442,775,1,236.6341463414634,36,5,14,35.129500165143675,0.6281828703703703,44.28490990990991,1022.860360360361,28.412787787787806,0
2200,4,0,0,41,0.0,0.0,1.0,41,1100,900,200,0.8181818181818182,13,9,4,358.1466928167138,0.4228912601626016,0.14889614623949066,0.20773422405942005,130953.25213304526,1180.094833008691,132133.34696605394,776,2,237.6341463414634,36,5,16,34.95158983386512,0.6299189814814814,44.115990990990994,1023.5360360360365,28.431556556556572,0
2201,4,0,1,40,0.0,0.024390243902439025,0.975609756097561,41,1250,1000,250,0.8,15,10,5,355.3407851886772,0.42291666666666666,0.14502727609198263,0.20688022410408635,131097.37059694823,1116.8485208181116,132214.21911776633,777,3,238.6341463414634,36,5,16,34.87762077560297,0.6313657407407407,43.97522522522522,1024.0990990990986,28.447197197197184,0
2202,4,0,1,39,0.0,0.025,0.975,40,1250,1100,150,0.88,14,11,3,361.1118052535329,0.42004540598290596,0.15048897682306417,0.2097198895251145,131002.0834003127,1461.2797657321403,132463.36316604484,778,4,245.3,35,5,16,34.82629074806859,0.6324404761904762,44.068287037037024,1023.7268518518499,29.24933862433857,0
2203,4,1,0,40,0.025,0.0,1.0,40,1200,700,500,0.5833333333333334,17,7,10,360.1430958539481,0.42242254273504276,0.1502260397830022,0.20964119158656122,131090.9636488339,1442.301097393674,132533.26474622756,779,0,245.55,35,5,17,34.76115129596141,0.6333333333333333,43.981481481481474,1024.074074074073,29.259259259259228,0
2204,4,0,0,40,0.0,0.0,1.0,40,900,700,200,0.7777777777777778,11,7,4,358.94641834005347,0.42212873931623934,0.15417325502597712,0.20991490013096642,131268.81456832984,1423.6941658093203,132692.50873413915,780,1,246.55,35,5,17,34.61194563662375,0.6351190476190476,43.80787037037037,1024.768518518518,29.279100529100514,0
2205,4,0,0,40,0.0,0.0,1.0,40,1350,1100,250,0.8148148148148148,16,11,5,354.0041299468854,0.422275641025641,0.15034710463934986,0.20782787191513966,131417.11576485337,1304.4403452932065,132721.55611014657,781,2,247.55,35,5,17,34.588765662038604,0.6366071428571429,43.66319444444444,1025.3472222222222,29.29563492063492,0
2206,4,0,0,40,0.0,0.0,1.0,40,500,200,300,0.4,8,2,6,355.10193682515563,0.4223691239316239,0.15202031602708788,0.20863416182167638,131446.78605109744,1335.4016632373127,132782.18771433475,782,3,248.55,35,5,17,34.53066215199399,0.6369047619047619,43.63425925925926,1025.4629629629633,29.298941798941808,0
2207,4,0,0,40,0.0,0.0,1.0,40,1450,1200,250,0.8275862068965517,17,12,5,354.77541086160375,0.4220886752136752,0.1546480144404332,0.20909104001843462,131565.50068587108,1335.2409122085066,132900.7415980796,783,4,249.55,35,5,14,34.419186221419984,0.638095238095238,43.51851851851852,1025.925925925926,29.312169312169317,0
2208,4,0,1,39,0.0,0.025,0.975,40,1050,700,350,0.6666666666666666,14,7,7,353.2368463275225,0.4219818376068376,0.15311865553801063,0.20850851395072012,131624.87809713653,1298.951367455427,132923.82946459195,784,5,250.55,35,5,14,34.39873298744267,0.6386904761904761,43.46064814814815,1026.1574074074078,29.31878306878308,0
2209,4,0,0,39,0.0,0.0,1.0,39,1000,800,200,0.8,12,8,4,363.47114647928754,0.4195062977957715,0.16455247974338172,0.21408276617990607,131541.7534722224,1762.326388888913,133304.0798611113,785,6,257.35897435897436,34,5,18,34.22014622258327,0.6400122549019608,43.54166666666668,1025.8333333333348,30.171568627451023,0
2210,4,0,0,39,0.0,0.0,1.0,39,800,400,400,0.5,12,4,8,362.4178588844666,0.4197312190733244,0.1635243695329529,0.2141469747390672,131663.90483276662,1743.4700963719029,133407.37492913852,786,7,258.35897435897436,34,5,14,34.12379654332444,0.6412377450980392,43.42261904761906,1026.3095238095252,30.18557422969192,0
2211,4,1,0,40,0.025,0.0,1.0,40,1250,800,450,0.64,17,8,9,354.3019742980938,0.41920405982905984,0.16689463019250272,0.21193699917104192,132130.12695312523,1362.7929687500286,133492.91992187526,787,0,252.875,35,5,16,33.86208206686932,0.64375,42.968750000000014,1028.1250000000018,29.375000000000053,0
2212,4,0,1,39,0.0,0.025,0.975,40,1400,1000,400,0.7142857142857143,18,10,8,355.2310814316473,0.41892361111111115,0.16946320054017505,0.2129948306073969,132219.38898533976,1393.6873070987906,133613.07629243855,788,1,253.875,35,5,17,33.748311951384196,0.6446428571428571,42.88194444444446,1028.4722222222242,29.384920634920693,0
2213,4,0,0,39,0.0,0.0,1.0,39,1300,900,400,0.6923076923076923,17,9,8,387.2355848131507,0.41503598740440845,0.10239773743423419,0.23065771791044196,131969.53124999997,2426.5673225308633,134396.09857253084,789,2,261.15384615384613,34,5,17,33.177885915112206,0.6443014705882353,43.125,1027.4999999999998,30.220588235294112,8
2214,4,0,1,38,0.0,0.02564102564102564,0.9743589743589743,39,1250,800,450,0.64,17,8,9,387.222170142917,0.4144736842105263,0.08836757777362192,0.23176977709801602,132153.0771683672,2434.520266439891,134587.59743480707,790,3,262.15384615384613,34,5,20,32.99274439427269,0.6461397058823529,42.94642857142856,1028.2142857142844,30.241596638655423,0
2215,4,0,0,38,0.0,0.0,1.0,38,1300,900,400,0.6923076923076923,17,9,8,391.8946836153604,0.41262150308202944,0.09965138005843754,0.23530500531239862,132271.9101427334,2767.331675317166,135039.24181805056,791,4,266.7105263157895,33,5,20,32.75256135334762,0.6496212121212122,42.83088235294117,1028.676470588234,31.172014260249515,0
2216,4,0,0,38,0.0,0.0,1.0,38,1100,800,300,0.7272727272727273,14,8,6,391.1576152224518,0.4131993835941204,0.1014410412685296,0.23585184018442482,132430.49178655221,2760.2991430416664,135190.79092959387,792,5,267.7105263157895,32,6,20,32.611373487078836,0.6536458333333333,42.67676767676767,1029.292929292928,32.165404040404,0
2217,4,0,1,37,0.0,0.02631578947368421,0.9736842105263158,38,1550,1400,150,0.9032258064516129,17,14,3,389.26221998251106,0.41242887624466573,0.10604903096527774,0.23588673099877464,132618.81134960108,2724.6985834775055,135343.50993307857,793,6,268.7105263157895,33,5,20,32.470131865952794,0.6530934343434344,42.493872549019606,1030.0245098039213,31.212863933452162,0
2218,4,0,0,37,0.0,0.0,1.0,37,1250,900,350,0.72,16,9,7,393.6439742355673,0.41131756756756754,0.09972794249061678,0.2402463896567743,132885.7466712579,3061.934687786945,135947.68135904483,794,7,268.7027027027027,32,5,18,32.08807861866274,0.658203125,42.23484848484848,1031.060606060605,32.22064393939391,0
2219,4,0,0,37,0.0,0.0,1.0,37,750,600,150,0.8,9,6,3,400.5098648072512,0.4112862862862863,0.1550158119518794,0.22105371366525356,129014.56921616672,2934.3215349865254,131948.89075115326,795,8,269.7027027027027,33,4,19,35.84489344591877,0.6167929292929293,46.01715686274509,1015.9313725490185,30.785799168152078,8
2220,4,2,0,39,0.05128205128205128,0.0,1.0,39,1050,700,350,0.6666666666666666,14,7,7,406.22896480274,0.417538236617184,0.16126936995453267,0.22421026086649248,129014.56921616694,2746.3793973471843,131760.94861351413,796,0,256.8205128205128,33,6,18,35.69963811821472,0.6167929292929293,46.017156862745104,1015.9313725490204,30.78579916815213,8
2221,4,0,0,39,0.0,0.0,1.0,39,1100,900,200,0.8181818181818182,13,9,4,409.45982665380996,0.41722896986054886,0.15316602054002604,0.226706261833558,129139.10064638595,2775.454752979615,131914.55539936558,797,1,257.8205128205128,33,6,18,35.49001286070251,0.6180555555555556,45.89460784313725,1016.4215686274505,30.800653594771227,0
2222,4,0,0,39,0.0,0.0,1.0,39,1200,1100,100,0.9166666666666666,13,11,2,409.347869853634,0.41734143049932526,0.15365570955275154,0.2271924318185521,129234.48562622069,2780.402317069117,132014.8879432898,798,2,258.8205128205128,31,8,19,35.39519037862296,0.623991935483871,45.80078125,1016.7968749999999,32.799899193548384,0
2223,4,0,0,39,0.0,0.0,1.0,39,1000,600,400,0.6,14,6,8,411.77953060040875,0.4171727395411606,0.14430378085356343,0.22950394094947182,129400.03289116758,2856.8569607204895,132256.88985188806,799,3,259.8205128205128,31,8,20,35.16391519494923,0.6256720430107527,45.638020833333336,1017.447916666667,32.820900537634415,0
2224,4,0,0,39,0.0,0.0,1.0,39,950,800,150,0.8421052631578947,11,8,3,406.9705645120417,0.4162730544309492,0.12734734178777507,0.2282000938660638,129637.8270977508,2751.755935217213,132389.58303296802,800,4,260.8205128205128,33,6,16,35.043120738066584,0.6231060606060606,45.40441176470588,1018.3823529411759,30.860071301247753,0
2225,4,2,1,40,0.04878048780487805,0.024390243902439025,0.975609756097561,41,1500,1100,400,0.7333333333333333,19,11,8,391.5128248547711,0.4226117886178862,0.13082577197408196,0.22326196797718312,130295.81917656829,2008.5041513997103,132304.32332796798,801,0,249.0487804878049,31,10,20,34.76610657654211,0.634744623655914,44.75911458333336,1020.9635416666697,32.93430779569902,0
2226,4,0,0,40,0.0,0.0,1.0,40,850,700,150,0.8235294117647058,10,7,3,398.36001857701393,0.4199652777777778,0.13484573502722297,0.22628491776900464,130144.46159122072,2368.870027434821,132513.33161865553,802,1,256.15,35,5,20,34.74553841500302,0.6238095238095238,44.9074074074074,1020.3703703703693,29.153439153439123,0
2227,4,1,0,41,0.024390243902439025,0.0,1.0,41,1450,1000,450,0.6896551724137931,19,10,9,385.951540855291,0.42304369918699186,0.1407727494621127,0.22155260792076104,130552.757690542,1877.6219334195205,132430.37962396152,803,0,250.8780487804878,32,9,16,34.64680627625401,0.634765625,44.50757575757577,1021.9696969696988,31.936553030303088,0
2228,4,0,0,41,0.0,0.0,1.0,41,1400,900,500,0.6428571428571429,19,9,10,383.46090736912856,0.42266260162601627,0.14027095072533258,0.2204305601906207,130606.8447982749,1816.523842993105,132423.368641268,804,1,251.8780487804878,33,8,16,34.65549194740839,0.6328914141414141,44.45465686274511,1022.1813725490213,30.975193107546097,0
2229,4,0,1,40,0.0,0.024390243902439025,0.975609756097561,41,950,600,350,0.631578947368421,13,6,7,395.36002259414954,0.42309451219512195,0.15530307508601005,0.21185135756148843,127834.51677239522,1943.1953755767,129777.71214797192,805,2,252.8780487804878,33,8,16,37.18593472289546,0.6047979797979798,47.181372549019606,1011.2745098039214,30.644682115270346,8
2230,4,0,0,40,0.0,0.0,1.0,40,1100,800,300,0.7272727272727273,14,8,6,402.9815077168654,0.42032585470085465,0.1714985644738487,0.21622805481043617,127888.97696982462,2307.3785519334915,130196.35552175812,806,3,260.1,32,8,16,36.93723213914202,0.6077473958333333,47.12752525252526,1011.4898989899,31.609059343434375,0
2231,4,3,1,42,0.06976744186046512,0.023255813953488372,0.9767441860465116,43,950,700,250,0.7368421052631579,12,7,5,372.4348460380572,0.42536452565522337,0.1730576381261637,0.20379300002307188,128672.4175347223,984.9285548030916,129657.3460895254,807,0,242.88372093023256,33,10,16,36.90751197809719,0.6133207070707071,46.35416666666667,1014.583333333334,30.744949494949516,0
2232,4,0,0,42,0.0,0.0,1.0,42,1100,700,400,0.6363636363636364,15,7,8,381.70928090427105,0.42388937282229966,0.17040172642762275,0.2082804989282004,128560.35098459362,1414.5358254260045,129974.88681001963,808,1,249.66666666666666,32,10,16,36.78696671646746,0.6145833333333333,46.46464646464648,1014.1414141414159,31.691919191919247,0
2233,4,1,0,43,0.023255813953488372,0.0,1.0,43,700,500,200,0.7142857142857143,9,5,4,380.9976412932286,0.42603359173126615,0.1924088983645187,0.2102843173316159,129014.56921616707,1230.8493127643474,130245.41852893142,809,0,244.8372093023256,33,10,17,36.34047044632087,0.6167929292929293,46.01715686274511,1015.9313725490214,30.785799168152163,0
2234,4,0,0,43,0.0,0.0,1.0,43,1150,900,250,0.782608695652174,14,9,5,380.82640707401765,0.42589516426725726,0.19424863647698776,0.19784908594761036,126580.82133693126,1047.0711837270856,127627.89252065834,810,1,245.8372093023256,38,5,15,38.843472413915144,0.5819627192982456,48.42414529914531,1006.3034188034201,26.481668915879474,8
2235,4,3,1,45,0.06521739130434782,0.021739130434782608,0.9782608695652174,46,1000,700,300,0.7,13,7,6,364.1719108137639,0.4334339774557166,0.2110619447557771,0.19252769869039205,127290.80590303172,76.29789419467133,127367.1037972264,811,0,230.7391304347826,36,10,18,38.532250864858845,0.5928819444444444,47.71959459459461,1009.1216216216242,28.03115615615623,0
2236,4,1,1,45,0.021739130434782608,0.021739130434782608,0.9782608695652174,46,1000,700,300,0.7,13,7,6,366.55730435343065,0.43223631239935584,0.22967653104758923,0.19474442567781824,127489.75326678055,146.46005803103176,127636.21332481159,812,0,231.54347826086956,36,10,16,38.2677761671127,0.5949074074074074,47.522522522522536,1009.909909909912,28.053053053053112,0
2237,4,1,0,46,0.021739130434782608,0.0,1.0,46,1300,1000,300,0.7692307692307693,16,10,6,371.23232760127223,0.43196457326892107,0.23954700457258005,0.198344129318394,127717.31190650111,282.55899480561897,127999.87090130673,813,0,232.5,36,10,17,37.91615604575164,0.5972222222222222,47.2972972972973,1010.810810810811,28.078078078078082,0
2238,4,1,1,46,0.02127659574468085,0.02127659574468085,0.9787234042553191,47,1350,900,450,0.6666666666666666,18,9,9,362.34120984721244,0.43478260869565216,0.24253797580706538,0.19498816476267758,128005.79415060394,-123.64513600339643,127882.14901460054,814,0,228.53191489361703,37,10,18,37.84526582872829,0.5982545045045045,47.01206140350877,1011.9517543859641,27.35004741583687,0
2239,4,2,1,47,0.041666666666666664,0.020833333333333332,0.9791666666666666,48,1450,900,550,0.6206896551724138,20,9,11,348.7629629629631,0.4372044917257683,0.24580092592592662,0.18954508856682772,128401.20525931333,-643.5327545226037,127757.67250479072,815,0,223.58333333333334,36,12,15,37.78472222222223,0.6041666666666667,46.62162162162162,1013.5135135135132,28.153153153153145,0
2240,4,0,0,47,0.0,0.0,1.0,47,1450,1200,250,0.8275862068965517,17,12,5,350.9666548229695,0.43559204440333027,0.23972529850375635,0.1903343576517334,128315.61872260779,-393.0993070773471,127922.51941553045,816,1,229.3404255319149,36,11,19,37.81630914008371,0.6032986111111112,46.70608108108108,1013.1756756756761,28.14376876876878,0
2241,4,0,0,47,0.0,0.0,1.0,47,1750,1300,450,0.7428571428571429,22,13,9,351.8051851851854,0.435245143385754,0.23797163120567433,0.19119847020933983,128401.20525931334,-365.5580411492567,128035.64721816409,817,2,230.3404255319149,36,11,16,37.707638888888894,0.6041666666666667,46.62162162162162,1013.5135135135133,28.15315315315315,0
2242,4,1,1,47,0.020833333333333332,0.020833333333333332,0.9791666666666666,48,1250,1100,150,0.88,14,11,3,351.99492463929033,0.4383957594562648,0.2517458603311735,0.1935554039287308,128867.1754770697,-527.8816558941412,128339.29382117555,818,0,226.52083333333334,37,11,17,37.22732181425485,0.6069819819819819,46.162280701754376,1015.3508771929811,27.4419155998103,0
2243,4,3,2,48,0.06,0.04,0.96,50,1100,900,200,0.8181818181818182,13,9,4,347.7995007665333,0.4409778911564626,0.28196855481369787,0.19479289289011004,129591.8515793319,-984.7380924900228,128607.11348684187,819,0,218.32,37,13,16,36.596309857132596,0.6143018018018018,45.44956140350876,1018.2017543859632,27.518966334755763,0
2244,4,0,2,46,0.0,0.041666666666666664,0.9583333333333334,48,1350,900,450,0.6666666666666666,18,9,9,376.0299165816998,0.43630873226950356,0.2179644513971306,0.20808485354004588,129117.79495854468,229.51785645580094,129347.31281500048,820,1,228.25,37,11,16,36.36123548027474,0.6095157657657657,45.91557017543858,1016.3377192982434,27.468587008060634,8
2245,4,0,1,45,0.0,0.021739130434782608,0.9782608695652174,46,900,600,300,0.6666666666666666,12,6,6,391.6249759564698,0.43196457326892107,0.21939387805265964,0.2160763858167165,129001.10995708556,904.0113170603129,129905.12127414587,821,2,238.8695652173913,36,10,16,36.084321767727154,0.6102430555555556,46.03040540540541,1015.8783783783791,28.218843843843864,0
2246,4,1,0,46,0.021739130434782608,0.0,1.0,46,1450,900,550,0.6206896551724138,20,9,11,388.8873946260993,0.43157206119162644,0.2358834336782214,0.21615257074110356,129292.17864229005,856.3303987591848,130148.50904104923,822,0,239.7826086956522,34,12,18,35.856354130087006,0.6173406862745099,45.744047619047606,1017.0238095238078,29.912464985994347,0
2247,4,1,1,46,0.02127659574468085,0.02127659574468085,0.9787234042553191,47,1550,1100,450,0.7096774193548387,20,11,9,383.6588814419397,0.4324699352451434,0.24641802806299484,0.21540624349114498,129688.42734203805,551.2233940021184,130239.65073604017,823,0,235.6595744680851,36,11,17,35.5850377740925,0.6171875,45.35472972972973,1018.5810810810816,28.293918918918934,0
2248,4,0,0,46,0.0,0.0,1.0,46,1350,1000,350,0.7407407407407407,17,10,7,388.8955859170526,0.43008252818035425,0.2402718688388501,0.21809383432021315,129643.02722318665,883.5202064043092,130526.54742959097,824,1,241.7608695652174,35,11,17,35.49799693146947,0.61875,45.39930555555555,1018.4027777777771,29.097222222222204,0
2249,4,0,1,45,0.0,0.021739130434782608,0.9782608695652174,46,1900,1500,400,0.7894736842105263,23,15,8,368.3442001163705,0.4295591787439614,0.13719239399802308,0.20556840176067556,129452.3329894776,338.08010971859744,129790.41309919619,825,2,242.7608695652174,37,9,19,36.21545361491219,0.6128941441441442,45.58662280701755,1017.6535087719303,27.504148885727847,8
2250,4,0,1,44,0.0,0.022222222222222223,0.9777777777777777,45,1050,700,350,0.6666666666666666,14,7,7,371.67203499219363,0.42723063973063974,0.15137474792189254,0.20731040174009047,129430.46932067223,621.1371844818033,130051.60650515404,826,7,249.11111111111111,36,9,19,36.15307289361074,0.6145833333333333,45.60810810810812,1017.5675675675693,28.265765765765813,0
2251,4,0,0,44,0.0,0.0,1.0,44,900,500,400,0.5555555555555556,13,5,8,350.2404969657087,0.42718243481324875,0.08269793260828284,0.19875999711920592,130107.01844346958,458.9410040205419,130565.95944749012,827,8,254.88636363636363,40,4,18,36.01101537337719,0.6143229166666666,44.94410569105692,1020.2235772357731,25.505589430894325,8
2252,4,0,1,43,0.0,0.022727272727272728,0.9772727272727273,44,1250,900,350,0.72,16,9,7,349.12734943020905,0.4273255813953489,0.08167832864138735,0.1986564289137445,130210.72035701305,292.0247331284316,130502.74509014148,828,9,255.88636363636363,40,4,18,35.934232798964445,0.6153645833333333,44.84247967479675,1020.6300813008132,25.515752032520332,0
2253,4,1,0,44,0.022727272727272728,0.0,1.0,44,1250,800,450,0.64,17,8,9,340.35163661146805,0.42534355179704014,0.11841591884510305,0.19532495401594108,130542.57079101253,86.11683462662921,130628.68762563917,829,0,256.52272727272725,37,7,17,35.82215665236052,0.6238738738738738,44.517543859649116,1021.9298245614028,27.61972498814602,0
2254,4,0,3,41,0.0,0.06818181818181818,0.9318181818181819,44,1350,700,650,0.5185185185185185,20,7,13,336.9786743856329,0.4248920894996477,0.11456274703557323,0.19376273777173914,130617.28395061742,3.047839506184232,130620.3317901236,830,1,257.52272727272725,38,6,17,35.83276721014492,0.6228070175438596,44.44444444444445,1022.2222222222233,26.900584795321667,0
2255,4,0,0,41,0.0,0.0,1.0,41,950,800,150,0.8421052631578947,11,8,3,355.7516471866467,0.4224593495934959,0.13708941984049372,0.2036228299655862,130439.87509645039,1080.8400848765168,131520.7151813269,831,2,271.8292682926829,35,6,19,35.53280081577157,0.6267857142857143,44.61805555555554,1021.5277777777759,29.186507936507883,0
2256,4,0,1,40,0.0,0.024390243902439025,0.975609756097561,41,1250,900,350,0.72,16,9,7,349.110842156364,0.4224593495934959,0.12093925294143992,0.18812855714800963,128061.27997316518,744.5303416008719,128805.81031476604,832,3,272.8292682926829,37,4,19,38.12323962734265,0.5988175675675675,46.95723684210528,1012.1710526315819,27.35597439544816,8
2257,4,1,0,41,0.024390243902439025,0.0,1.0,41,1350,1000,350,0.7407407407407407,17,10,7,347.241226218381,0.42251016260162605,0.12647223483928194,0.18777048977476402,128200.04712988624,703.2683133271964,128903.31544321343,833,0,273.7317073170732,37,4,21,38.028728165150866,0.6002252252252251,46.8201754385965,1012.719298245615,27.37079184447608,0
2258,4,0,0,41,0.0,0.0,1.0,41,1400,800,600,0.5714285714285714,20,8,12,345.8234810564667,0.4221544715447154,0.12357442046447331,0.18765442093028833,128338.88942992085,676.520299515249,129015.4097294361,834,1,274.7317073170732,37,4,22,37.922821303610725,0.6016328828828829,46.683114035087726,1013.26754385965,27.385609293504054,0
2259,4,1,1,41,0.023809523809523808,0.023809523809523808,0.9761904761904762,42,1000,500,500,0.5,15,5,10,341.53478569497565,0.42365950445218736,0.12833375953308557,0.18694846453862726,128685.9673483271,390.1468560523052,129076.11420437941,835,0,269.1666666666667,38,4,16,37.67746832333017,0.6033442982456141,46.340811965811966,1014.636752136752,26.700967161493473,0
2260,4,0,0,41,0.0,0.0,1.0,41,1700,1500,200,0.8823529411764706,19,15,4,347.056352917877,0.4215701219512195,0.12301303957189957,0.19043868754954268,128783.68975309703,739.0395362034366,129522.72928930046,836,1,276.6829268292683,37,4,18,37.43777231644521,0.6061373873873874,46.244517543859644,1015.0219298245607,27.433025130393535,0
2261,4,3,1,43,0.06818181818181818,0.022727272727272728,0.9772727272727273,44,700,200,500,0.2857142857142857,12,2,10,327.89185340195615,0.42660984848484845,0.1439171263336705,0.18308896808364772,129473.07715136219,-308.0139737972005,129165.06317756498,837,0,258.75,38,6,16,37.22356358037652,0.6112938596491229,45.566239316239304,1017.735042735041,26.78250112460634,0
2262,4,1,0,44,0.022727272727272728,0.0,1.0,44,1300,1000,300,0.7692307692307693,16,10,6,326.6121370619171,0.42776603241719524,0.15230992255750975,0.18313334649848195,129636.22708013727,-331.8469665424857,129304.38011359477,838,0,259.72727272727275,38,6,17,37.0906333053574,0.6129385964912281,45.4059829059829,1018.3760683760678,26.799370220422837,0
2263,4,0,0,44,0.0,0.0,1.0,44,1450,1100,350,0.7586206896551724,18,11,7,325.5927073627696,0.42820648343904155,0.15499247225888002,0.18325361699784906,129784.51063368075,-348.62196180553156,129435.88867187522,839,1,260.72727272727275,39,5,18,36.9662816056703,0.6127136752136753,45.26041666666668,1018.958333333335,26.127136752136796,0
2264,4,1,0,45,0.022222222222222223,0.0,1.0,45,1500,1300,200,0.8666666666666667,17,13,4,326.8583669022535,0.429503367003367,0.17420575639876446,0.1857376831955592,130158.86423631782,-491.29723957299495,129667.56699674483,840,0,255.9111111111111,40,5,19,36.55491650897984,0.61484375,44.893292682926834,1020.4268292682939,25.510670731707346,0
2265,4,1,0,46,0.021739130434782608,0.0,1.0,46,950,600,350,0.631578947368421,13,6,7,322.85250639809897,0.43077697262479875,0.18168838609350368,0.18485722551967812,130453.51765103388,-776.4270374168293,129677.09061361705,841,0,251.32608695652175,38,8,21,36.35919960956563,0.6211622807017544,44.604700854700866,1021.5811965811982,26.883715699505217,0
2266,4,0,0,46,0.0,0.0,1.0,46,1000,600,400,0.6,14,6,8,323.0550889549739,0.43014291465378424,0.18210954121433653,0.18523374524972258,130508.09500328742,-767.7391518737543,129740.35585141367,842,1,252.32608695652175,38,8,16,36.29888122124636,0.6217105263157895,44.55128205128206,1021.7948717948726,26.889338731444017,0
2267,4,0,2,44,0.0,0.043478260869565216,0.9565217391304348,46,1150,800,350,0.6956521739130435,15,8,7,323.1268586424349,0.42983091787439615,0.1800823482896372,0.18566694634427472,130589.98243343191,-760.5738412228791,129829.40859220903,843,2,253.32608695652175,38,8,16,36.21433051113202,0.622532894736842,44.47115384615385,1022.1153846153843,26.89777327935222,0
2268,4,1,0,45,0.022222222222222223,0.0,1.0,45,1100,800,300,0.7272727272727273,14,8,6,326.6776937618146,0.4297979797979798,0.18641304347826093,0.18783967391304354,130617.28395061739,-466.049382716038,130151.23456790135,844,0,259.1333333333333,38,7,17,36.09601449275361,0.6228070175438596,44.44444444444445,1022.2222222222231,26.90058479532166,0
2269,4,0,0,45,0.0,0.0,1.0,45,1100,700,400,0.6363636363636364,15,7,8,326.2781218201525,0.4298611111111111,0.18481915435557816,0.18782520619734885,130661.65500217026,-473.592122395824,130188.06287977443,845,1,260.1333333333333,39,6,17,36.06140686024792,0.6215277777777778,44.40104166666667,1022.3958333333343,26.215277777777803,0
2270,4,0,0,45,0.0,0.0,1.0,45,1050,600,450,0.5714285714285714,15,6,9,324.7125688091976,0.4297348484848485,0.17857878242767833,0.18769877211742939,130821.45317925335,-504.12597656250705,130317.32720269085,846,2,261.1333333333333,39,6,17,35.940098598241875,0.6231303418803419,44.244791666666664,1023.0208333333323,26.231303418803392,0
2271,4,0,0,45,0.0,0.0,1.0,45,1200,900,300,0.75,15,9,6,321.02280059769055,0.4292929292929293,0.17796774996042242,0.18620838480949886,130954.6929253474,-592.1115451388695,130362.58138020852,847,3,262.1333333333333,39,6,17,35.900078024289314,0.624465811965812,44.11458333333334,1023.541666666668,26.244658119658155,0
2272,4,0,0,45,0.0,0.0,1.0,45,1300,1000,300,0.7692307692307693,16,10,6,323.28837438902843,0.428956228956229,0.17682830337967648,0.18804288285468346,131061.33355034732,-525.87890624999,130535.45464409734,848,4,263.1333333333333,39,6,18,35.734571041030854,0.625534188034188,44.01041666666667,1023.9583333333342,26.255341880341902,0
2273,4,0,0,45,0.0,0.0,1.0,45,900,300,600,0.3333333333333333,15,3,12,320.01432981952877,0.4282828282828283,0.17226798648541752,0.18652643183849604,131141.34250217024,-606.5782335069359,130534.7642686633,849,5,264.1333333333333,39,6,19,35.73775805959524,0.6263354700854701,43.93229166666667,1024.2708333333342,26.263354700854723,0
2274,4,0,0,45,0.0,0.0,1.0,45,1250,1000,250,0.8,15,10,5,320.1910552558039,0.4273358585858586,0.16604668496120878,0.1874098627401463,131301.43364800367,-591.6910807291426,130709.74256727453,850,6,265.1333333333333,39,6,19,35.57197970660976,0.6279380341880342,43.77604166666668,1024.895833333335,26.279380341880387,0
2275,4,0,1,44,0.0,0.022222222222222223,0.9777777777777777,45,1250,800,450,0.64,17,8,9,320.06654252865644,0.4274200336700336,0.15927957207664667,0.18825419221846795,131488.33007812515,-582.9969618055416,130905.3331163196,851,7,266.1333333333333,39,6,22,35.38704380797616,0.6298076923076923,43.59375000000001,1025.6250000000011,26.29807692307695,0
2276,4,0,0,44,0.0,0.0,1.0,44,950,700,250,0.7368421052631579,12,7,5,325.3515625,0.426301532769556,0.1536931818181817,0.19138327205882355,131492.4391847469,-243.74589086127318,131248.69329388565,852,8,270.59090909090907,38,6,22,35.247395833333336,0.631578947368421,43.58974358974359,1025.6410256410259,26.990553306342786,0
2277,4,0,0,44,0.0,0.0,1.0,44,750,500,250,0.6666666666666666,10,5,5,326.2808711045347,0.4261693974630021,0.15507144142182172,0.19206760536325185,131519.83486969466,-217.5187422382944,131302.31612745638,853,9,271.59090909090907,38,6,22,35.195986529180985,0.6318530701754386,43.56303418803419,1025.7478632478633,26.99336482231219,0
2278,4,0,0,44,0.0,0.0,1.0,44,1250,1000,250,0.8,15,10,5,324.1981413084654,0.42602625088090207,0.14442677871784682,0.19152812702393096,131656.8560979618,-263.4183925049397,131393.43770545686,854,10,272.59090909090907,38,6,16,35.111518842390154,0.6332236842105263,43.429487179487175,1026.2820512820508,27.007422402159232,0
2279,4,0,1,43,0.0,0.022727272727272728,0.9772727272727273,44,1150,600,550,0.5217391304347826,17,6,11,326.3317239131541,0.4259051268498943,0.14717150695298442,0.19334450473522866,131766.52444480962,-200.0805847761087,131566.4438600335,855,11,273.59090909090907,38,6,17,34.94645334720775,0.6343201754385965,43.32264957264957,1026.709401709401,27.018668466036868,0
2280,4,1,0,44,0.022727272727272728,0.0,1.0,44,1600,900,700,0.5625,23,9,14,325.8978311486301,0.4244075933756166,0.14841490387341927,0.19420603097816122,131985.99810979603,-197.2098948060658,131788.78821498997,856,0,274.3181818181818,38,6,20,34.736951549178606,0.6365131578947368,43.10897435897435,1027.5641025641014,27.041160593792142,0
2281,4,0,0,44,0.0,0.0,1.0,44,1500,1100,400,0.7333333333333333,19,11,8,328.80078259402956,0.42396714235377025,0.14846517119244407,0.1969326404771332,132178.18737900836,-107.94170958437101,132070.24566942398,857,1,275.3181818181818,38,6,21,34.46926406926407,0.6384320175438596,42.92200854700853,1028.3119658119633,27.060841205577983,0
2282,4,0,0,44,0.0,0.0,1.0,44,1150,700,450,0.6086956521739131,16,7,9,330.6177149785233,0.42393410852713176,0.15082215572818836,0.19888689649957242,132343.03232750733,-49.00981171014632,132294.02251579717,858,2,276.3181818181818,38,6,21,34.256999965389554,0.6400767543859649,42.76175213675213,1028.9529914529903,27.077710301394482,0
2283,4,0,0,44,0.0,0.0,1.0,44,900,700,200,0.7777777777777778,11,7,4,332.49860192447466,0.4235927589852009,0.15375955141055786,0.20046013977296387,132426.21678064417,6.31780181656336,132432.53458246074,859,3,277.3181818181818,37,7,21,34.12509765278221,0.6427364864864865,42.68092105263158,1029.2763157894747,27.818278805120936,0
2284,4,0,0,44,0.0,0.0,1.0,44,1350,900,450,0.6666666666666666,18,9,9,334.99746099696495,0.422150281888654,0.15618770201482501,0.2030300741035803,132623.79410010797,85.72685826410344,132709.52095837207,860,4,278.3181818181818,37,7,23,33.862483145270026,0.6447072072072072,42.48903508771931,1030.0438596491247,27.839023233760127,0
2285,4,0,1,43,0.0,0.022727272727272728,0.9772727272727273,44,1250,1000,250,0.8,15,10,5,335.8197625599933,0.42195207892882314,0.15506108366954474,0.20394494900054025,132700.54879830536,112.69335780555454,132813.2421561109,861,5,279.3181818181818,38,6,16,33.764300774229234,0.643640350877193,42.41452991452992,1030.3418803418815,27.114260008996883,0
2286,4,0,0,43,0.0,0.0,1.0,43,1300,900,400,0.6923076923076923,17,9,8,339.24347685280884,0.42047342192691034,0.15897944495695304,0.20700236293620797,132878.03849501783,415.60155528625336,133293.6400503041,862,6,284.06976744186045,37,6,16,33.49806356127477,0.647240990990991,42.242324561403514,1031.0307017543869,27.865694642010457,0
2287,4,0,1,42,0.0,0.023255813953488372,0.9767441860465116,43,1150,800,350,0.6956521739130435,15,8,7,339.38477372249287,0.42091177556293835,0.15204640781834278,0.20803070592540307,133047.6700162551,430.8706765543334,133478.54069280945,863,7,285.06976744186045,37,6,17,33.324365855386674,0.6489301801801801,42.077850877192986,1031.688596491229,27.883475580844028,0
2288,4,0,0,42,0.0,0.0,1.0,42,1300,1200,100,0.9230769230769231,14,12,2,346.4484220178416,0.42005420054200543,0.1632983506687251,0.21229525044183592,133036.20501836293,818.0366599707792,133854.24167833372,864,8,291.64285714285717,36,6,17,33.153676818396825,0.6507523148148149,42.08896396396396,1031.644144144144,28.65678178178178,0
2289,4,0,0,42,0.0,0.0,1.0,42,1200,800,400,0.6666666666666666,16,8,8,371.6107748219162,0.4205502322880372,0.2095685593198029,0.2086418037407968,129688.42734203818,1264.5494734599679,130952.97681549814,865,9,292.64285714285717,36,6,17,35.89183711074259,0.6171875,45.35472972972974,1018.5810810810826,28.293918918918962,8
2290,4,1,0,43,0.023255813953488372,0.0,1.0,43,850,600,250,0.7058823529411765,11,6,5,384.7642917652311,0.4231035437430786,0.2098669422279984,0.205364412939731,127676.20991941016,1293.5616437884323,128969.77156319859,866,0,286.8139534883721,35,8,17,37.616429989311335,0.5988095238095238,47.33796296296296,1010.6481481481483,28.87566137566138,8
2291,4,3,0,46,0.06521739130434782,0.0,1.0,46,900,600,300,0.6666666666666666,12,6,6,363.6170924888747,0.4314311594202898,0.22945867284806876,0.1981359607686871,128505.59937913572,146.22382177657985,128651.8232009123,867,0,269.04347826086956,37,9,19,37.30162485130312,0.603322072072072,46.518640350877185,1013.9254385964898,27.403390232337564,0
2292,4,0,1,45,0.0,0.021739130434782608,0.9782608695652174,46,1400,1000,400,0.7142857142857143,18,10,8,362.2636866731011,0.43156199677938806,0.22861559278713783,0.19836616310490374,128700.2310807169,124.68403739609042,128824.91511811299,868,1,270.04347826086956,37,9,19,37.13709386931776,0.6052927927927928,46.3267543859649,1014.6929824561383,27.424134660976712,0
2293,4,2,0,47,0.0425531914893617,0.0,1.0,47,1450,1000,450,0.6896551724137931,19,10,9,350.69675203311476,0.4367869256860932,0.2380457450161273,0.19487929845903146,129282.86540516063,-332.18380177520066,128950.68160338543,869,0,258.6808510638298,38,9,21,36.836852610568315,0.609375,45.7532051282051,1016.9871794871759,26.76282051282042,0
2294,4,0,0,47,0.0,0.0,1.0,47,950,500,450,0.5263157894736842,14,5,9,348.14697448176264,0.43670983657107615,0.23053964452625886,0.19413066656699624,129418.71667031881,-388.6530699832424,129030.06360033558,870,1,259.6808510638298,38,9,21,36.7634834803304,0.6107456140350878,45.6196581196581,1017.521367521364,26.776878092667474,0
2295,4,0,0,47,0.0,0.0,1.0,47,1300,1000,300,0.7692307692307693,16,10,6,346.91600209594753,0.4364400246685168,0.22443715397894892,0.19384567460223387,129500.26167223661,-414.85739005773894,129085.40428217888,871,2,260.6808510638298,38,9,17,36.71188901717923,0.6115679824561404,45.5395299145299,1017.8418803418786,26.78531264057575,0
2296,4,1,1,47,0.020833333333333332,0.020833333333333332,0.9791666666666666,48,700,400,300,0.5714285714285714,10,4,6,342.7158261957884,0.43693668735224583,0.2341407740528758,0.19315274444122071,129837.58680555546,-700.5208333333417,129137.06597222212,872,0,256.2291666666667,39,9,18,36.476219678386464,0.6132478632478633,45.20833333333333,1019.1666666666658,26.132478632478612,0
2297,4,0,0,47,0.0,0.0,1.0,47,1200,1000,200,0.8333333333333334,14,10,4,352.123558271587,0.43470551958063525,0.23782664572326184,0.19798645351874136,129745.05077069181,-262.74221089925703,129482.30855979255,873,1,262.6170212765957,38,9,19,36.33052817393738,0.6140350877192983,45.2991452991453,1018.8034188034189,26.810616284300497,0
2298,4,1,1,47,0.020833333333333332,0.020833333333333332,0.9791666666666666,48,900,400,500,0.4444444444444444,14,4,10,347.31566918706494,0.4360039893617021,0.24884259259259256,0.19681221253933676,130050.0,-566.3194444444442,129483.68055555556,874,0,258.125,39,9,20,36.14345043572986,0.6153846153846154,45.0,1020.0,26.153846153846153,0
2299,4,0,1,46,0.0,0.02127659574468085,0.9787234042553191,47,1550,1100,450,0.7096774193548387,20,11,9,356.6810638566007,0.434127351218008,0.2511868622704845,0.20195002583482255,130017.30974687697,-125.05752794215337,129892.25221893482,875,1,264.468085106383,38,9,20,35.93782736224598,0.6167763157894737,45.03205128205128,1019.8717948717941,26.838731443994583,0
2300,4,0,0,46,0.0,0.0,1.0,46,1550,900,650,0.5806451612903226,22,9,13,352.65050124996844,0.4321557971014493,0.24700950404194888,0.20050699928212498,130180.80210387909,-18.334976988815583,130162.46712689027,876,2,268.3478260869565,38,8,21,35.87468592964825,0.618421052631579,44.871794871794876,1020.512820512821,26.85560053981108,0
2301,4,0,0,46,0.0,0.0,1.0,46,1350,1000,350,0.7407407407407407,17,10,7,353.9561538008752,0.43201489533011267,0.2511872352943918,0.20181786577097074,130290.57167830499,23.455607671055873,130314.02728597604,877,3,269.3478260869565,37,9,21,35.730028102960645,0.6213400900900901,44.76425438596492,1020.9429824561414,27.593053579895713,0
2302,4,1,0,47,0.02127659574468085,0.0,1.0,47,1150,800,350,0.6956521739130435,15,8,7,347.27488240723113,0.4340695343817453,0.24866777378386895,0.19977465978573086,130635.03146701395,-326.7469618055519,130308.2845052084,878,0,264.59574468085106,39,8,18,35.55167787514434,0.6212606837606838,44.427083333333336,1022.2916666666672,26.212606837606852,0
2303,4,0,0,47,0.0,0.0,1.0,47,1050,700,350,0.6666666666666666,14,7,7,346.28154597417114,0.4336840888066605,0.252467244271269,0.19975277428756838,130741.54188368065,-345.3233506944358,130396.21853298621,879,1,265.59574468085106,39,8,18,35.4692910979833,0.6223290598290598,44.32291666666667,1022.7083333333342,26.22329059829062,0
2304,4,0,0,47,0.0,0.0,1.0,47,1500,1000,500,0.6666666666666666,20,10,10,348.6950384916701,0.432836108541474,0.2591954956418163,0.20211969045313644,130928.03955078141,-269.2084418402643,130658.83110894114,880,2,266.59574468085106,39,8,19,35.21893553859203,0.624198717948718,44.14062500000001,1023.4375000000013,26.24198717948721,0
2305,4,0,2,45,0.0,0.0425531914893617,0.9574468085106383,47,1400,1000,400,0.7142857142857143,18,10,8,348.84258327481774,0.4330288313290163,0.2602204729864308,0.202625585604309,131008.00781249999,-259.765625000001,130748.24218749999,881,3,267.59574468085106,39,8,19,35.13431013431013,0.625,44.0625,1023.7499999999999,26.249999999999996,0
2306,4,0,0,45,0.0,0.0,1.0,45,1450,1100,350,0.7586206896551724,18,11,7,353.8725230290531,0.4316708754208754,0.25005855276125555,0.20564950807685944,131027.14913662423,273.3815700562378,131300.53070668047,882,4,271.9555555555556,38,7,20,34.98621691189258,0.6269188596491229,44.043803418803414,1023.8247863247857,26.942757534862782,0
2307,4,1,0,46,0.021739130434782608,0.0,1.0,46,1300,1000,300,0.7692307692307693,16,10,6,345.2552616878075,0.4335446859903382,0.25160204000459596,0.20193943308469983,131274.7450086806,-135.3407118055515,131139.40429687503,883,0,267.0217391304348,39,7,21,34.95671545707123,0.6276709401709402,43.802083333333336,1024.791666666667,26.27670940170941,0
2308,4,0,0,46,0.0,0.0,1.0,46,1650,1300,350,0.7878787878787878,20,13,7,346.45230535954175,0.43293075684380034,0.2531196303707337,0.20334705078437493,131408.21533203122,-94.66417100694565,131313.55116102428,884,1,268.0217391304348,39,7,21,34.79132801652613,0.6290064102564102,43.671875,1025.3124999999998,26.290064102564095,0
2309,4,0,1,45,0.0,0.021739130434782608,0.9782608695652174,46,1000,700,300,0.7,13,7,6,333.5405032018463,0.4325583735909823,0.22104213333818,0.1919211710846945,130644.58832137124,-444.1002149022391,130200.488106469,885,2,269.0217391304348,38,8,15,35.893031316403665,0.6230811403508771,44.417735042735046,1022.3290598290604,26.90339631129106,8
2310,4,0,0,45,0.0,0.0,1.0,45,1350,700,650,0.5185185185185185,20,7,13,338.16020813946454,0.4299452861952862,0.22562709408675174,0.19479933116766354,130688.28125000013,-161.28472222220586,130526.99652777793,886,8,275.9555555555556,39,6,16,35.73077967943495,0.6217948717948718,44.37500000000001,1022.500000000001,26.217948717948744,0
2311,4,1,0,46,0.021739130434782608,0.0,1.0,46,1300,900,400,0.6923076923076923,17,9,8,332.13621176944065,0.4309380032206119,0.2308431061943459,0.1928304358013591,130989.8015091053,-498.70870926694454,130491.09279983836,887,0,270.9347826086956,40,6,18,35.58026407227243,0.6231770833333333,44.08028455284554,1023.67886178862,25.5919715447155,0
2312,4,0,0,46,0.0,0.0,1.0,46,850,500,350,0.5882352941176471,12,5,7,331.7271862073725,0.4307165861513687,0.22930079223984667,0.19298401433172568,131067.8374314233,-504.24701731771216,130563.59041410558,888,1,271.9347826086956,40,6,18,35.51198392219136,0.6239583333333334,44.00406504065042,1023.9837398373999,25.599593495934997,0
2313,4,0,1,45,0.0,0.021739130434782608,0.9782608695652174,46,1350,1000,350,0.7407407407407407,17,10,7,331.8735738779942,0.43090780998389694,0.232096108477851,0.19372423267307845,131197.94894118933,-491.7735598849624,130706.17538130436,889,2,272.9347826086956,40,6,19,35.37698806335352,0.6252604166666667,43.877032520325216,1024.491869918701,25.612296747967527,0
2314,4,0,0,45,0.0,0.0,1.0,45,1150,900,250,0.782608695652174,14,9,5,336.6678227628371,0.42771464646464646,0.24669421032336247,0.1970571672990838,131302.08462431433,-158.96260906205617,131143.12201525227,890,3,279.5111111111111,40,5,20,35.14914890100811,0.6263020833333333,43.775406504065046,1024.8983739837406,25.622459349593516,0
2315,4,1,1,45,0.021739130434782608,0.021739130434782608,0.9782608695652174,46,1450,1200,250,0.8275862068965517,17,12,5,326.13304905790835,0.42871376811594203,0.23656330222892308,0.19225633333966197,131574.6348002959,-617.824888894359,130956.80991140153,891,0,274.4130434782609,38,8,13,35.14461626575029,0.6324013157894737,43.50961538461539,1025.9615384615386,26.998987854251016,0
2316,4,0,0,45,0.0,0.0,1.0,45,1300,1000,300,0.7692307692307693,16,10,6,328.11228059491333,0.4278198653198653,0.23914748863202462,0.1934230957982168,131574.6348002958,-365.74930144642667,131208.88549884938,892,5,281.5111111111111,38,7,15,35.093850879933335,0.6324013157894737,43.50961538461538,1025.9615384615379,26.998987854251,0
2317,4,0,0,45,0.0,0.0,1.0,45,1350,1000,350,0.7407407407407407,17,10,7,328.0408554148258,0.4276936026936027,0.23912193655089453,0.19393775372124494,131684.26890432098,-360.43595679012225,131323.83294753087,893,6,282.5111111111111,38,7,16,34.98534055029319,0.6334978070175439,43.40277777777778,1026.388888888889,27.010233918128655,0
2318,4,0,0,45,0.0,0.0,1.0,45,550,300,250,0.5454545454545454,8,3,5,327.58942381487554,0.42748316498316496,0.23731149967619647,0.1938102945821012,131711.6845642486,-370.5290287822361,131341.15553546636,894,7,283.5111111111111,38,7,16,34.96933978628922,0.6337719298245614,43.376068376068375,1026.4957264957259,27.01304543409805,0
2319,4,0,0,45,0.0,0.0,1.0,45,1300,900,400,0.6923076923076923,17,9,8,328.4969795779926,0.42664141414141415,0.23493648647086718,0.1950488860212009,131848.80566741544,-337.6131154576624,131511.19255195776,895,8,284.5111111111111,38,7,16,34.80811574603836,0.6351425438596492,43.24252136752137,1027.0299145299145,27.02710301394512,0
2320,4,0,0,45,0.0,0.0,1.0,45,1950,1600,350,0.8205128205128205,23,16,7,327.4212789691281,0.4259259259259259,0.2405000404376505,0.1949727826530096,131958.55391418296,-358.79230130031146,131599.76161288266,896,9,285.5111111111111,38,7,17,34.725399466223,0.6362390350877193,43.13568376068376,1027.4572649572654,27.038349077822772,0
2321,4,0,0,45,0.0,0.0,1.0,45,1300,1100,200,0.8461538461538461,15,11,4,327.75748721694623,0.42584175084175085,0.24408408408408344,0.1955972101133392,132040.8950617286,-344.5216049382532,131696.37345679034,897,10,286.5111111111111,38,7,17,34.63400900900902,0.6370614035087719,43.055555555555564,1027.7777777777794,27.046783625731038,0
2322,4,0,1,44,0.0,0.022222222222222223,0.9777777777777777,45,1150,900,250,0.782608695652174,14,9,5,326.95244187899794,0.4255260942760943,0.2392064481858709,0.19539977613414405,132095.80342793488,-362.19090145371206,131733.61252648116,898,11,287.5111111111111,38,7,18,34.5995288574794,0.637609649122807,43.00213675213676,1027.9914529914533,27.052406657669824,0
2323,4,0,0,44,0.0,0.0,1.0,44,1300,800,500,0.6153846153846154,18,8,10,338.76542511213904,0.4231523079633545,0.25414457037044236,0.20271878693532405,132144.21895438983,153.17850203909074,132297.3974564289,899,21,294.79545454545456,37,7,18,34.247249475667424,0.6399211711711712,42.95504385964912,1028.1798245614036,27.788643907064962,0
2324,4,0,1,43,0.0,0.022727272727272728,0.9772727272727273,44,1400,1000,400,0.7142857142857143,18,10,8,352.5083048485496,0.42194106765327694,0.24071001990710061,0.20171789729539835,130430.5411280393,417.7731369267392,130848.31426496604,900,22,295.79545454545456,37,7,19,35.62508945183914,0.6227477477477478,44.62719298245614,1021.4912280701747,27.60787102892364,8
2325,4,0,0,43,0.0,0.0,1.0,43,850,600,250,0.7058823529411765,11,6,5,359.8291447596082,0.42121170173495753,0.2392083637053537,0.20590714450740213,130430.54112803929,786.5420129270462,131217.08314096634,901,23,301.3720930232558,37,6,19,35.43813510805783,0.6227477477477478,44.62719298245614,1021.4912280701745,27.607871028923636,0
2326,4,0,0,43,0.0,0.0,1.0,43,1600,1200,400,0.75,20,12,8,356.25384222801705,0.42038113695090434,0.23473260551895447,0.20534136789978266,130710.70545744832,713.2382079101095,131423.94366535844,902,24,302.3720930232558,37,6,19,35.24555007505898,0.6255630630630631,44.35307017543859,1022.5877192982446,27.637505926979582,0
2327,4,0,0,43,0.0,0.0,1.0,43,1150,800,350,0.6956521739130435,15,8,7,355.9873781536579,0.42015042451088963,0.23739480495515486,0.20614553252453033,130890.45606874114,719.0700562495268,131609.52612499066,903,25,303.3720930232558,38,5,19,35.070386997981494,0.6255482456140351,44.17735042735042,1023.2905982905968,26.928699955015706,0
2328,4,0,0,43,0.0,0.0,1.0,43,1000,700,300,0.7,13,7,6,358.21649138558524,0.41957364341085274,0.24199640724377391,0.20773087091246387,130945.12473518871,781.3406293374121,131726.4653645261,904,26,304.3720930232558,38,5,19,34.9580288796103,0.6260964912280702,44.12393162393162,1023.5042735042725,26.93432298695454,0
2329,4,0,0,43,0.0,0.0,1.0,43,1500,1100,400,0.7333333333333333,19,11,8,357.99971101167966,0.4198735695828719,0.24516504713032705,0.20834409411335436,131081.84633875726,785.4526216304871,131867.29896038774,905,27,305.3720930232558,38,5,19,34.825247782994246,0.627467105263158,43.990384615384606,1024.0384615384603,26.948380566801585,0
2330,4,1,0,44,0.022727272727272728,0.0,1.0,44,600,300,300,0.5,9,3,6,346.94566658491215,0.42115926708949963,0.24107828742014248,0.2033601904014006,131356.22409058534,315.15682354353913,131671.38091412888,906,0,299.40909090909093,37,7,20,34.831153955859804,0.6320382882882882,43.72258771929823,1025.1096491228052,27.70566619250825,0
2331,4,0,0,44,0.0,0.0,1.0,44,1050,700,350,0.6666666666666666,14,7,7,345.25617571262484,0.42096106412966877,0.23643604871553126,0.20296549411943288,131468.650510253,278.07270025390585,131746.7232105069,907,1,300.40909090909093,37,7,20,34.76101696425388,0.6331644144144144,43.61293859649122,1025.548245614034,27.717520151730646,0
2332,4,0,0,44,0.0,0.0,1.0,44,1450,1200,250,0.8275862068965517,17,12,5,349.3643065963056,0.42053162438336855,0.23715108766407278,0.20598625184761374,131581.12502164117,393.9497008694875,131975.07472251065,908,2,301.40909090909093,37,7,16,34.54220993195826,0.6342905405405406,43.503289473684205,1025.9868421052624,27.72937411095304,0
2333,4,0,0,44,0.0,0.0,1.0,44,1700,1300,400,0.7647058823529411,21,13,8,365.30328551534876,0.4206967935165609,0.22554269578383224,0.20630255368371106,129917.22140841991,694.365386164468,130611.58679458438,909,3,302.40909090909093,39,5,15,35.819731105888756,0.6140491452991452,45.13020833333332,1019.4791666666648,26.140491452991405,8
2334,4,2,0,46,0.043478260869565216,0.0,1.0,46,1200,700,500,0.5833333333333334,17,7,10,348.85674602066985,0.4247785829307569,0.21678386790696025,0.1995851371924555,130422.1408420138,-99.35438368056282,130322.78645833324,910,0,290.2173913043478,39,7,17,35.72685090760759,0.6191239316239316,44.635416666666664,1021.4583333333326,26.191239316239297,0
2335,4,0,0,46,0.0,0.0,1.0,46,1300,900,400,0.6923076923076923,17,9,8,349.50993828655345,0.4252113526570049,0.2155472019292144,0.20023326370996022,130475.34722222229,-79.51388888888391,130395.8333333334,911,1,291.2173913043478,39,7,18,35.656266992930924,0.6196581196581197,44.583333333333336,1021.6666666666672,26.19658119658121,0
2336,4,0,2,44,0.0,0.043478260869565216,0.9565217391304348,46,1550,1300,250,0.8387096774193549,18,13,5,350.52703231899176,0.42538244766505634,0.2184876741456072,0.20178432974844002,130661.65500217005,-39.9115668402838,130621.74343532977,912,2,292.2173913043478,39,7,15,35.441607233825785,0.6215277777777778,44.401041666666664,1022.3958333333326,26.215277777777757,0
2337,4,0,0,44,0.0,0.0,1.0,44,1250,600,650,0.48,19,6,13,370.4776391756932,0.4217428646934461,0.22672625785549827,0.21200059499758928,130430.5411280392,864.3197907048107,131294.860918744,913,7,306.40909090909093,37,7,17,35.16620151710319,0.6227477477477478,44.62719298245613,1021.4912280701739,27.60787102892362,0
2338,4,0,0,44,0.0,0.0,1.0,44,1000,700,300,0.7,13,7,6,358.1657902639511,0.42166578576462294,0.200739887197525,0.19382329227641262,128230.06071950332,589.0483679194643,128819.10908742278,914,8,307.40909090909093,36,8,17,37.721443925580004,0.6024305555555556,46.79054054054054,1012.8378378378382,28.134384384384393,8
2339,4,0,0,44,0.0,0.0,1.0,44,1400,1100,300,0.7857142857142857,17,11,6,357.2135802469135,0.42078488372093026,0.20434848484848467,0.19413781535158353,128401.20525931349,373.33084773964566,128774.53610705314,915,9,308.40909090909093,36,8,14,37.570601851851855,0.6041666666666667,46.62162162162163,1013.5135135135145,28.15315315315318,0
2340,4,0,0,44,0.0,0.0,1.0,44,1550,1200,350,0.7741935483870968,19,12,7,355.34172260749455,0.42204016913319237,0.20071005379654228,0.19409113981356604,128601.01814229775,339.46146315234927,128940.47960545009,916,10,309.40909090909093,36,8,15,37.41395581214613,0.6061921296296297,46.42454954954955,1014.3018018018022,28.17505005005006,0
2341,4,1,0,45,0.022222222222222223,0.0,1.0,45,1300,1000,300,0.7692307692307693,16,10,6,342.87568678945513,0.4230218855218855,0.19240559587672235,0.1889692263366582,128957.11343277464,-156.74823307033407,128800.3651997043,917,0,303.5111111111111,38,7,16,37.36720311349533,0.6060855263157895,46.073717948717956,1015.7051282051294,26.729082321187615,0
2342,4,0,0,45,0.0,0.0,1.0,45,1650,1100,550,0.6666666666666666,22,11,11,342.2209063101861,0.4222853535353535,0.19126373939290375,0.18914248957823634,129069.04432508704,-165.97493489580785,128903.06939019123,918,1,304.5111111111111,39,6,17,37.269882966000345,0.6055021367521367,45.96354166666668,1016.1458333333353,26.05502136752142,0
2343,4,2,1,46,0.0425531914893617,0.02127659574468085,0.9787234042553191,47,1250,700,550,0.56,18,7,11,331.18951251068086,0.4275362318840579,0.19242957133405247,0.18564843315965707,129625.34722222235,-813.7532552083233,128811.59396701402,919,0,292.51063829787233,39,8,16,36.985133660665575,0.6111111111111112,45.41666666666667,1018.3333333333344,26.11111111111114,0
2344,4,0,0,46,0.0,0.0,1.0,46,1350,1100,250,0.8148148148148148,16,11,5,334.37963285039626,0.4248490338164251,0.1940283567415102,0.18705736415838153,129545.80213758693,-536.5044487847132,129009.29768880221,920,1,299.8695652173913,39,7,16,36.98465585456531,0.610309829059829,45.49479166666667,1018.0208333333344,26.103098290598318,0
2345,4,1,1,46,0.02127659574468085,0.02127659574468085,0.9787234042553191,47,850,500,350,0.5882352941176471,12,5,7,330.9735532690359,0.4268231575701511,0.19604681360276333,0.18646083102145466,129822.05119307294,-806.4668847907931,129015.58430828215,921,0,294.468085106383,40,7,17,36.79115144262732,0.6114583333333333,45.22357723577236,1019.1056910569108,25.47764227642277,0
2346,4,0,1,45,0.0,0.021739130434782608,0.9782608695652174,46,900,700,200,0.7777777777777778,11,7,4,335.62249280005375,0.42562399355877617,0.19887558521587922,0.18851535652451054,129704.91672092024,-493.6225043402676,129211.29421657998,922,1,301.54347826086956,39,7,17,36.79153032007363,0.6119123931623931,45.33854166666667,1018.6458333333342,26.119123931623953,0
2347,4,0,0,45,0.0,0.0,1.0,45,1400,1100,300,0.7857142857142857,17,11,6,342.2496919554235,0.423989898989899,0.20278039969702255,0.19230116751885468,129717.84056770035,-120.82180491636046,129597.01876278399,923,2,309.1333333333333,38,7,17,36.60963992309035,0.6137609649122807,45.3258547008547,1018.6965811965813,26.807804768331085,0
2348,4,0,0,45,0.0,0.0,1.0,45,1100,800,300,0.7272727272727273,14,8,6,344.0271350025714,0.4240530303030303,0.20051712089447982,0.19397274633123687,129853.92011834306,-65.34557856674462,129788.57453977631,924,3,310.1333333333333,38,7,17,36.42623165618449,0.6151315789473684,45.192307692307686,1019.230769230768,26.821862348178104,0
2349,4,0,0,45,0.0,0.0,1.0,45,800,600,200,0.75,10,6,4,345.0531147044587,0.42447390572390575,0.1986517167906674,0.1949580742228921,129935.60209155147,-33.06315746220673,129902.53893408926,925,4,311.1333333333333,38,7,18,36.31719585036153,0.615953947368421,45.11217948717948,1019.5512820512809,26.830296896086338,0
2350,4,0,0,45,0.0,0.0,1.0,45,1100,900,200,0.8181818181818182,13,9,4,344.1375475207928,0.4241582491582492,0.19802634641344286,0.19512026744231153,130071.79578493666,-47.48223938930826,130024.31354554735,926,5,312.1333333333333,38,7,18,36.20238968021225,0.6173245614035088,44.97863247863247,1020.085470085469,26.844354475933393,0
2351,4,0,1,44,0.0,0.022222222222222223,0.9777777777777777,45,1400,1000,400,0.7142857142857143,18,10,8,341.0680370368088,0.42409511784511783,0.19971870604782027,0.19379944842300315,130156.27170138866,-121.57118055558107,130034.70052083308,927,6,313.1333333333333,39,6,18,36.19504559684224,0.6164529914529915,44.89583333333332,1020.4166666666648,26.16452991452987,0
2352,4,0,0,44,0.0,0.0,1.0,44,1450,1000,450,0.6896551724137931,19,10,9,346.97777121131264,0.4224585976039465,0.21118149334075875,0.19702303008781447,130129.69970703097,230.42263454858096,130360.12234157955,928,7,319.8863636363636,39,5,19,36.07123107027394,0.6161858974358974,44.921874999999986,1020.3124999999978,26.161858974358918,0
2353,4,1,0,45,0.022222222222222223,0.0,1.0,45,1050,500,550,0.47619047619047616,16,5,11,340.8300138056392,0.4257996632996633,0.2133441124952531,0.19505798455715803,130435.08193582096,-108.49057725377847,130326.59135856718,929,0,313.75555555555553,36,9,20,35.91872450666959,0.6247106481481481,44.622747747747745,1021.509009009009,28.37525025025025,0
2354,4,1,0,46,0.021739130434782608,0.0,1.0,46,1800,1400,400,0.7777777777777778,22,14,8,337.30340633439346,0.42729468599033815,0.21423246799232154,0.19526770396479892,130878.94833025543,-370.8169821483568,130508.13134810707,930,0,307.9130434782609,37,9,16,35.559990712958985,0.6272522522522522,44.18859649122807,1023.2456140350874,27.655286865813174,0
2355,4,0,0,46,0.0,0.0,1.0,46,1350,800,550,0.5925925925925926,19,8,11,335.2285849054013,0.4264190821256038,0.21487299556233141,0.1946763818523368,130999.80481591067,-417.024161735691,130582.78065417497,931,1,308.9130434782609,38,8,16,35.49102483823837,0.6266447368421053,44.070512820512825,1023.7179487179494,26.939946018893405,0
2356,4,0,2,44,0.0,0.043478260869565216,0.9565217391304348,46,1450,1000,450,0.6896551724137931,19,10,9,354.95069382007756,0.4259963768115942,0.16780897395452943,0.20441665314961682,130677.89019639457,76.84155843085125,130754.73175482542,932,2,309.9130434782609,40,6,14,35.312096213100084,0.6200520833333334,44.38516260162603,1022.4593495934978,25.561483739837445,7
2357,4,0,0,44,0.0,0.0,1.0,44,900,400,500,0.4444444444444444,14,4,10,365.10851533602005,0.41966173361522197,0.18740615437249364,0.20964154007829366,130562.68376981534,733.9095258967249,131296.59329571205,933,3,324.6363636363636,38,6,14,35.16926266638791,0.6222587719298245,44.49786324786326,1022.0085470085482,26.89496176338285,0
2358,4,0,1,43,0.0,0.022727272727272728,0.9772727272727273,44,750,400,350,0.5333333333333333,11,4,7,364.3393953482103,0.419452519379845,0.1856310043045697,0.20934744716494488,130589.98243343209,715.815047666023,131305.7974810981,934,4,325.6363636363636,38,6,14,35.16123131598202,0.622532894736842,44.471153846153854,1022.1153846153858,26.897773279352258,0
2359,4,1,0,44,0.022727272727272728,0.0,1.0,44,1450,1100,350,0.7586206896551724,18,11,7,372.469175082047,0.41948555320648345,0.2116245966976651,0.21599604705121142,130945.12473518899,954.6045182263299,131899.7292534153,935,0,326.3181818181818,38,6,15,34.593336812804466,0.6260964912280702,44.12393162393163,1023.5042735042748,26.9343229869546,0
2360,4,0,1,43,0.0,0.022727272727272728,0.9772727272727273,44,1200,800,400,0.6666666666666666,16,8,8,373.0835682074969,0.41997004933051446,0.21344587159356698,0.21715716749839628,131088.0004882817,981.3557942708769,132069.35628255256,936,1,327.3181818181818,39,5,16,34.43285271081273,0.625801282051282,43.98437500000002,1024.0625000000034,26.258012820512906,0
2361,4,0,0,43,0.0,0.0,1.0,43,1000,700,300,0.7,13,7,6,376.6514599643048,0.4196889996308601,0.21293854808231072,0.21951109706247982,131136.5549551649,1278.5549757104413,132415.10993087533,937,2,333.2093023255814,38,5,17,34.292314244984524,0.628015350877193,43.93696581196582,1024.252136752138,26.954003598740474,0
2362,4,0,0,43,0.0,0.0,1.0,43,1450,1100,350,0.7586206896551724,18,11,7,381.07061695143483,0.4195044296788483,0.21104311732645398,0.22287983889013213,131273.37643363304,1404.8853093725122,132678.26174300554,938,3,334.2093023255814,38,5,17,34.04051987767585,0.6293859649122807,43.803418803418815,1024.7863247863263,26.968061178587533,0
2363,4,1,0,44,0.022727272727272728,0.0,1.0,44,1450,900,550,0.6206896551724138,20,9,11,376.6772561145842,0.4197498238195913,0.2120435396498741,0.22232760035858443,131621.90890842036,1115.7958984375243,132737.7048068579,939,0,327.59090909090907,39,5,17,33.800396744831325,0.6311431623931624,43.46354166666668,1026.145833333335,26.311431623931668,0
2364,4,1,1,44,0.022222222222222223,0.022222222222222223,0.9777777777777777,45,1250,900,350,0.72,16,9,7,368.1027241728085,0.42300084175084174,0.21174841772151898,0.21947256762001438,132006.0810364203,718.3596073765846,132724.4406437969,940,0,321.2888888888889,40,5,19,33.6324828586498,0.6333333333333333,43.089430894308954,1027.642276422766,25.69105691056915,0
2365,4,0,0,44,0.0,0.0,1.0,44,1150,900,250,0.782608695652174,14,9,5,374.10742728456984,0.4210051092318534,0.22023771118874014,0.22268084220324189,131942.77479383702,1072.1544053819698,133014.92919921898,941,1,329.3636363636364,39,5,19,33.54213136638617,0.6343482905982907,43.15104166666668,1027.395833333335,26.34348290598295,0
2366,4,1,0,45,0.022222222222222223,0.0,1.0,45,750,300,450,0.4,12,3,9,374.4693017171024,0.421506734006734,0.22755660926163745,0.2249704890968681,132293.43401951555,907.9659718091133,133201.39999132467,942,0,323.02222222222224,40,5,20,33.1789818564984,0.6361979166666667,42.8099593495935,1028.7601626016265,25.71900406504066,0
2367,4,0,0,45,0.0,0.0,1.0,45,1200,1000,200,0.8333333333333334,14,10,4,374.32764654342407,0.42106481481481484,0.23219261091745058,0.22568784818377452,132427.7842747987,914.4827218527639,133342.26699665145,943,1,324.02222222222224,35,10,20,33.047176618314055,0.6467261904761905,42.67939814814816,1029.2824074074088,29.40806878306882,0
2368,4,0,1,44,0.0,0.022222222222222223,0.9777777777777777,45,800,500,300,0.625,11,5,6,375.7494826128226,0.4208543771043771,0.23496489518526875,0.22672428075701806,132457.56842635464,954.1725608710683,133411.7409872257,944,2,325.02222222222224,35,10,20,32.98056742373137,0.6470238095238094,42.65046296296297,1029.3981481481487,29.41137566137568,0
2369,4,0,0,44,0.0,0.0,1.0,44,1500,1300,200,0.8666666666666667,17,13,4,349.191386451153,0.41983791402396053,0.1938338586850401,0.1958717260661461,129651.8676757814,258.5345065479411,129910.40218232933,945,3,319.04545454545456,39,5,17,36.499884934028856,0.6113782051282051,45.39062500000001,1018.4375000000011,26.11378205128208,8
2370,4,0,1,43,0.0,0.022727272727272728,0.9772727272727273,44,750,300,450,0.4,12,3,9,350.57564998473566,0.41954060958421424,0.19766685257482797,0.19704769292245491,129731.44531250003,296.13715277777897,130027.58246527781,946,4,320.04545454545456,39,5,18,36.383776414451255,0.6121794871794872,45.3125,1018.7500000000002,26.12179487179488,0
2371,4,0,0,43,0.0,0.0,1.0,43,1050,700,350,0.6666666666666666,14,7,7,357.9449167334493,0.4177279438907346,0.20995367377457508,0.20084101772925106,129663.42872242327,682.4730394842763,130345.90176190755,947,5,328.3255813953488,38,5,18,36.2652540298612,0.6132127192982456,45.37927350427351,1018.4829059829071,26.802181736392292,0
2372,4,0,1,42,0.0,0.023255813953488372,0.9767441860465116,43,1550,1100,450,0.7096774193548387,20,11,9,354.1101510898057,0.4177279438907346,0.20570350178234365,0.199380320017389,129799.4797373805,592.6626762364056,130392.14241361691,948,6,329.3255813953488,38,5,18,36.22461906758929,0.6145833333333333,45.2457264957265,1019.017094017095,26.816239316239344,0
2373,4,0,0,42,0.0,0.0,1.0,42,1100,700,400,0.6363636363636364,15,7,8,361.0354090242208,0.41736837011227257,0.20758616450775214,0.20379758334536632,129899.05698147518,979.6318338334993,130878.68881530868,949,7,334.8095238095238,37,5,19,35.94696765981857,0.6173986486486487,45.14802631578948,1019.407894736843,27.55156472261738,0
2374,4,0,0,42,0.0,0.0,1.0,42,1350,1100,250,0.8148148148148148,16,11,5,359.85658813277996,0.41785230352303526,0.20584832148104937,0.20371431078654825,130010.85820877581,957.0527710449433,130967.91097982075,950,8,335.8095238095238,37,5,20,35.863415224169444,0.6185247747747749,45.03837719298246,1019.8464912280705,27.563418681839742,0
2375,4,1,0,43,0.023255813953488372,0.0,1.0,43,1250,1000,250,0.8,15,10,5,351.80534181116093,0.4198966408268734,0.2071472984749998,0.20088063447500554,130346.55044100095,571.5660106955852,130918.11645169654,951,0,328.9767441860465,37,6,21,35.72817119438777,0.6219031531531531,44.7094298245614,1021.1622807017533,27.598980559506845,0
2376,4,0,0,43,0.0,0.0,1.0,43,1000,700,300,0.7,13,7,6,357.04945974718544,0.4201734957548911,0.2085759714051083,0.20446403297262009,130458.54403518396,716.0305334333727,131174.57456861733,952,1,329.9767441860465,37,6,21,35.48072966977925,0.6230292792792793,44.59978070175439,1021.6008771929829,27.61083451872927,0
2377,4,0,0,43,0.0,0.0,1.0,43,1200,1000,200,0.8333333333333334,14,10,4,354.64827128884315,0.4198043558508675,0.2051901387364008,0.20352967293177449,130542.57079101262,659.339412126808,131201.91020313944,953,2,330.9767441860465,37,6,18,35.45690271816882,0.6238738738738738,44.51754385964912,1021.9298245614035,27.61972498814604,0
2378,4,1,0,44,0.022727272727272728,0.0,1.0,44,1700,1200,500,0.7058823529411765,22,12,10,322.3202781388855,0.41991499295278367,0.1460258903124414,0.17771875755864566,128974.55401431411,-485.77717545351135,128488.7768388606,954,0,324.4318181818182,41,3,18,37.871435198749865,0.6013719512195121,46.05654761904762,1015.77380952381,24.774970963995365,8
2379,4,2,1,45,0.043478260869565216,0.021739130434782608,0.9782608695652174,46,1000,600,400,0.6,14,6,8,312.27947739012615,0.42306763285024157,0.15470452840266025,0.17417349644320418,129428.42306193316,-1116.0333404194948,128312.38972151367,955,0,311.2826086956522,41,5,14,37.666045139904455,0.6059451219512195,45.61011904761905,1017.5595238095242,24.818524970964006,0
2380,4,1,0,46,0.021739130434782608,0.0,1.0,46,1400,1100,300,0.7857142857142857,17,11,6,318.116152893313,0.42411433172302737,0.16748280185706066,0.17822839483062003,129605.142983119,-954.1021038044973,128651.0408793145,956,0,312.2608695652174,41,5,15,37.338432060275395,0.6077235772357723,45.43650793650793,1018.2539682539668,24.835462640340655,0
2381,4,1,1,46,0.02127659574468085,0.02127659574468085,0.9787234042553191,47,1150,700,450,0.6086956521739131,16,7,9,312.43064408550015,0.42661116250385445,0.18293090194823014,0.17658481600359993,129948.59931882739,-1280.0150833620396,128668.58423546534,957,0,306.59574468085106,43,4,17,37.13555694870128,0.6082848837209303,45.09943181818181,1019.602272727272,23.71168076109935,0
2382,4,0,0,46,0.0,0.0,1.0,46,1000,500,500,0.5,15,5,10,314.97244163508975,0.42647946859903385,0.17959211499448413,0.17810075246244203,129966.0019398623,-1012.8582078901604,128953.14373197213,958,1,302.39130434782606,42,4,17,37.05316132915202,0.6098710317460317,45.08236434108527,1019.6705426356582,24.277870062753767,0
2383,4,0,0,46,0.0,0.0,1.0,46,1550,1100,450,0.7096774193548387,20,11,9,313.64585846736,0.4257145732689211,0.1822110361857725,0.17802572742872397,130114.25212013988,-1038.0407389880556,129076.21138115182,959,2,303.39130434782606,42,4,17,36.937070630322594,0.611359126984127,44.93701550387596,1020.2519379844949,24.291712809154642,0
2384,4,0,1,45,0.0,0.021739130434782608,0.9782608695652174,46,1550,1100,450,0.7096774193548387,20,11,9,315.4763421726118,0.42514090177133657,0.17914982385375144,0.17986806659852766,130288.52390276948,-979.2416001412548,129309.28230262823,960,3,304.39130434782606,40,6,18,36.71423949830779,0.6161458333333334,44.766260162601625,1020.9349593495931,25.523373983739827,0
2385,4,0,0,45,0.0,0.0,1.0,45,1500,1100,400,0.7333333333333333,19,11,8,317.9075658640362,0.4231481481481481,0.19031432003082083,0.18187873925686918,130422.14084201382,-707.5629340277826,129714.57790798604,961,4,311.75555555555553,39,6,19,36.517183357128296,0.6191239316239316,44.635416666666664,1021.4583333333327,26.1912393162393,0
2386,4,1,0,46,0.021739130434782608,0.0,1.0,46,1450,1000,450,0.6896551724137931,19,10,9,307.4459191995821,0.42404388083735906,0.18945518301635889,0.17789456979893054,130859.79327781074,-1153.538113887245,129706.25516392349,962,0,305.95652173913044,40,6,15,36.34307542047411,0.621875,44.20731707317073,1023.1707317073162,25.579268292682904,0
2387,4,0,0,46,0.0,0.0,1.0,46,900,500,400,0.5555555555555556,13,5,8,304.14600970125224,0.4240640096618358,0.18214976547783146,0.17638416987565014,130947.07739866762,-1234.5937854308536,129712.48361323676,963,1,306.95652173913044,41,5,15,36.33959726664728,0.6211890243902439,44.1220238095238,1023.5119047619033,24.963704994192764,0
2388,4,0,0,46,0.0,0.0,1.0,46,1200,1100,100,0.9166666666666666,13,11,2,306.5065519487,0.42473832528180355,0.18182641553944445,0.17822276747394536,131048.63596190781,-1166.5468907470508,129882.08907116076,964,2,307.95652173913044,41,5,17,36.17694910053933,0.6222052845528455,44.022817460317455,1023.9087301587294,24.973383662408036,0
2389,4,0,0,46,0.0,0.0,1.0,46,550,400,150,0.7272727272727273,7,4,3,305.7513948926339,0.42470813204508856,0.18293977405794304,0.17790112165060695,131074.03175390523,-1184.7863914084146,129889.24536249682,965,3,308.95652173913044,41,5,17,36.17071949880514,0.6224593495934959,43.99801587301587,1024.0079365079364,24.975803329461865,0
2390,4,0,1,45,0.0,0.021739130434782608,0.9782608695652174,46,1650,1400,250,0.8484848484848485,19,14,5,309.47233846261815,0.42405394524959744,0.1796942459354769,0.18079339817147644,131228.82207349324,-1077.661911844241,130151.160161649,966,4,309.95652173913044,42,4,17,35.91966931467118,0.6225198412698413,43.8468992248062,1024.6124031007755,24.39553340716132,0
2391,4,0,0,45,0.0,0.0,1.0,45,900,500,400,0.5555555555555556,13,5,8,316.34587762137306,0.42087542087542085,0.18440677966101648,0.18443089703222337,131150.23389274688,-702.2328317901321,130448.00106095675,967,5,317.6,41,4,18,35.822740112994346,0.6232215447154472,43.92361111111111,1024.3055555555552,24.983062330623298,0
2392,4,1,0,46,0.021739130434782608,0.0,1.0,46,1250,1000,250,0.8,15,10,5,350.0611204294427,0.42219202898550723,0.21212051707845148,0.18916073542931927,128171.57594601513,-14.593235216222581,128156.98271079891,968,0,311.67391304347825,38,8,18,37.986433495111484,0.5981359649122807,46.8482905982906,1012.6068376068382,26.64754835807469,8
2393,4,2,1,47,0.041666666666666664,0.020833333333333332,0.9791666666666666,48,1700,1400,300,0.8235294117647058,20,14,6,340.87698744595366,0.4261506353427896,0.22213181787836356,0.1868275300019369,128736.8681423094,-823.3128428845303,127913.55529942486,969,0,299.6458333333333,40,8,17,37.642282528873764,0.6005208333333334,46.290650406504064,1014.8373983739831,25.370934959349576,0
2394,4,0,1,46,0.0,0.02127659574468085,0.9787234042553191,47,1000,600,400,0.6,14,6,8,340.7650009821167,0.4263991674375578,0.22288996266852923,0.1873738648768482,128865.81776926779,-617.4078962588251,128248.40987300896,970,1,303.6595744680851,40,7,17,37.51376238614753,0.6018229166666667,46.16361788617887,1015.3455284552858,25.383638211382145,0
2395,4,1,0,47,0.02127659574468085,0.0,1.0,47,400,100,300,0.25,7,1,6,340.4428998490154,0.42601372186247305,0.23149259703881575,0.18780724210213887,128994.83194527068,-616.9250694031284,128377.90687586756,971,0,304.0,40,7,18,37.39058123249301,0.603125,46.03658536585366,1015.8536585365854,25.396341463414636,0
2396,4,0,0,47,0.0,0.0,1.0,47,1000,800,200,0.8,12,8,4,340.457169249413,0.42601372186247305,0.22973105259349746,0.188060263986499,129046.45568940454,-613.0417988630982,128433.41389054144,972,1,305.0,40,7,18,37.33767586850706,0.6036458333333333,45.98577235772358,1016.0569105691064,25.40142276422766,0
2397,4,1,0,48,0.020833333333333332,0.0,1.0,48,850,600,250,0.7058823529411765,11,6,5,333.8018446288599,0.4277482269503546,0.2297000341355182,0.18573076996016075,129333.8012695314,-965.4418114243404,128368.35945810705,973,0,299.625,39,9,19,37.214648404164535,0.6081730769230769,45.70312500000001,1017.1875000000011,26.0817307692308,0
2398,4,0,0,48,0.0,0.0,1.0,48,1300,900,400,0.6923076923076923,17,9,8,337.4711033103259,0.4267693557919621,0.23166982226315969,0.18853231277559723,129492.78564453126,-859.9853515624989,128632.80029296876,974,1,300.625,39,9,15,36.959817316548964,0.609775641025641,45.546875,1017.8125000000001,26.097756410256412,0
2399,4,1,2,47,0.02040816326530612,0.04081632653061224,0.9591836734693877,49,1700,1400,300,0.8235294117647058,20,14,6,333.3600640129046,0.4280753968253968,0.23400519613687298,0.1881786607829739,129899.73855054869,-1139.3229683058998,128760.41558224279,975,0,295.46938775510205,40,9,17,36.6515884092646,0.6122395833333334,45.14735772357724,1019.4105691056917,25.485264227642293,0
2400,4,1,1,47,0.020833333333333332,0.020833333333333332,0.9791666666666666,48,1100,800,300,0.7272727272727273,14,8,6,335.67301408065686,0.42658466312056736,0.16200192908933686,0.18836029939061286,129666.74619109009,-862.7626371537979,128803.9835539363,976,0,302.4375,40,8,17,36.82897625224505,0.6098958333333333,45.37601626016261,1018.4959349593506,25.462398373983767,8
2401,4,0,1,46,0.0,0.02127659574468085,0.9787234042553191,47,950,700,250,0.7368421052631579,12,7,5,342.49610645930375,0.4242406722170829,0.17811668287927196,0.19211614646314484,129651.86767578138,-518.9480251735959,129132.91965060779,977,1,309.8510638297872,39,8,17,36.67035303944633,0.6113782051282051,45.39062500000001,1018.437500000001,26.113782051282076,0
2402,4,0,0,46,0.0,0.0,1.0,46,1300,1000,300,0.7692307692307693,16,10,6,344.2572544119598,0.42228260869565215,0.196919814869702,0.19342916445598357,129717.84056770055,-268.7384715829976,129449.10209611755,978,2,317.4130434782609,38,8,18,36.558512497815066,0.6137609649122807,45.32585470085471,1018.6965811965829,26.807804768331128,0
2403,4,1,0,47,0.02127659574468085,0.0,1.0,47,1250,900,350,0.72,16,9,7,336.7565232603254,0.42333487511563367,0.20229821127118597,0.190958693241944,130076.5638563371,-639.1737196180206,129437.39013671908,979,0,311.63829787234044,39,8,19,36.385790020082396,0.6156517094017093,44.97395833333335,1020.104166666669,26.156517094017154,0
2404,4,0,0,47,0.0,0.0,1.0,47,1100,600,500,0.5454545454545454,16,6,10,335.69143035760544,0.4226025285229726,0.21089123019513178,0.19140019740437242,130289.85407991837,-652.429583558745,129637.42449635963,980,1,312.63829787234044,38,9,20,36.19693560764616,0.6195175438596492,44.764957264957275,1020.9401709401724,26.866846603688746,0
2405,4,1,1,47,0.020833333333333332,0.020833333333333332,0.9791666666666666,48,1650,1200,450,0.7272727272727273,21,12,9,327.93900610089463,0.42486702127659576,0.21768339276617366,0.1887813105501634,130661.6550021704,-1030.1893446180322,129631.46565755237,981,0,307.1041666666667,39,9,16,36.01895483104091,0.6215277777777778,44.40104166666668,1022.3958333333354,26.215277777777832,0
2406,4,0,0,47,0.0,0.0,1.0,47,900,300,600,0.3333333333333333,15,3,12,335.5223647554109,0.4218123650940487,0.2221787269629587,0.19265347786616216,130562.68376981524,-638.6599185477342,129924.0238512675,982,3,314.63829787234044,38,9,16,35.925195135549515,0.6222587719298245,44.49786324786325,1022.0085470085475,26.894961763382828,0
2407,4,0,0,47,0.0,0.0,1.0,47,1350,900,450,0.6666666666666666,18,9,9,337.1266818232381,0.4225639839654641,0.21094326537507424,0.19439618062723094,130726.51855504417,-585.7205146468025,130140.79804039736,983,4,315.63829787234044,38,9,16,35.718545410224266,0.6239035087719298,44.337606837606835,1022.6495726495724,26.911830859199274,0
2408,4,0,1,46,0.0,0.02127659574468085,0.9787234042553191,47,1150,900,250,0.782608695652174,14,9,5,336.31194597858826,0.42250616712920136,0.20907205771551696,0.19406354785129754,130753.83434007231,-605.1847057856633,130148.64963428664,984,5,316.63829787234044,38,9,16,35.711767471012244,0.6241776315789473,44.31089743589744,1022.7564102564102,26.91464237516869,0
2409,4,0,0,46,0.0,0.0,1.0,46,1450,1100,350,0.7586206896551724,18,11,7,303.62925077016945,0.42089371980676327,0.05890195102734763,0.16764363845841096,129029.04652852876,-1310.2580953588815,127718.78843316989,985,6,323.8695652173913,42,4,16,38.29081227149896,0.6004464285714286,46.00290697674418,1015.9883720930219,24.19019933554814,8
2410,4,0,0,46,0.0,0.0,1.0,46,950,500,450,0.5263157894736842,14,5,9,304.08403981798136,0.42077294685990335,0.055065001824030846,0.16820851316513602,129102.8934559217,-1348.3741211466076,127754.51933477509,986,7,324.8695652173913,42,4,16,38.204376430205954,0.6011904761904762,45.930232558139515,1016.2790697674385,24.197120708748535,0
2411,4,2,1,47,0.041666666666666664,0.020833333333333332,0.9791666666666666,48,1250,800,450,0.64,17,8,9,299.8900138423644,0.4248116134751773,0.07766700749829591,0.1685588698493288,129731.44531249985,-1818.9294560498313,127912.51585645002,987,0,312.2916666666667,43,5,15,37.674676209952274,0.6061046511627908,45.31249999999999,1018.7499999999989,23.691860465116253,0
2412,4,0,0,47,0.0,0.0,1.0,47,1200,500,700,0.4166666666666667,19,5,14,308.0008075314074,0.42169673142152325,0.0812761908617936,0.1727368456326088,129645.08311549773,-1413.8419415900598,128231.24117390768,988,1,319.93617021276594,42,5,15,37.555502695845234,0.6066468253968254,45.39728682170542,1018.4108527131773,24.24787744555184,0
2413,4,0,1,46,0.0,0.02127659574468085,0.9787234042553191,47,1450,800,650,0.5517241379310345,21,8,13,308.00593164549775,0.4213305581251927,0.0767559563544562,0.17361234667992215,129842.52467550035,-1401.5464440237893,128440.97823147656,989,2,320.93617021276594,42,5,15,37.35560467769538,0.6086309523809523,45.20348837209303,1019.1860465116285,24.26633444075306,0
2414,4,0,1,45,0.0,0.021739130434782608,0.9782608695652174,46,1150,600,550,0.5217391304347826,17,6,11,314.82007162197556,0.41984702093397747,0.0776107273466069,0.17729340875553376,129807.25623582774,-1026.8140589569107,128780.44217687083,990,3,328.32608695652175,41,5,15,37.21767912772586,0.6097560975609756,45.23809523809524,1019.0476190476196,24.85481997677121,0
2415,4,0,0,45,0.0,0.0,1.0,45,1400,700,700,0.5,21,7,14,318.09679706524923,0.4204335016835017,0.08613353710533045,0.17980085436369853,129951.54303200812,-732.5660775662541,129218.97695444187,991,4,333.2888888888889,40,5,18,36.988147446759044,0.6127604166666667,45.09654471544716,1019.6138211382118,25.490345528455297,0
2416,4,0,0,45,0.0,0.0,1.0,45,1300,800,500,0.6153846153846154,18,8,10,312.21316169700015,0.42032828282828283,0.07442371775052359,0.16672560858260843,127696.68104383691,-1018.6585614367424,126678.02248240018,992,5,334.2888888888889,39,6,14,39.42863461472396,0.5916132478632479,47.317708333333336,1010.7291666666675,25.916132478632502,8
2417,4,3,0,48,0.0625,0.0,1.0,48,1500,1200,300,0.8,18,12,6,319.5216882388544,0.42745271867612294,0.11803424745101809,0.17044970264158646,127654.4483974071,-1340.4986853582554,126313.94971204885,993,0,314.3333333333333,42,6,12,39.28708409243453,0.5865575396825398,47.35949612403101,1010.5620155038768,24.061000369139922,8
2418,4,0,0,48,0.0,0.0,1.0,48,1200,700,500,0.5833333333333334,17,7,10,319.2967674453828,0.42770205378250586,0.11523510678156623,0.1707821788199855,127761.29548324173,-1441.2462695132926,126320.04921372843,994,1,315.3333333333333,43,5,13,39.18368302735108,0.5862403100775193,47.25378787878789,1010.9848484848502,23.511275546159307,0
2419,4,2,3,47,0.04,0.06,0.94,50,900,700,200,0.7777777777777778,11,7,4,316.04016301788477,0.4305272108843537,0.13943758967001463,0.17129081930285045,128291.73920024333,-1889.2098027760317,126402.5293974673,995,0,303.68,42,8,15,38.72529092937988,0.5930059523809523,46.729651162790695,1013.0813953488368,24.120985603543733,0
2420,4,1,2,46,0.020833333333333332,0.041666666666666664,0.9583333333333334,48,900,800,100,0.8888888888888888,10,8,2,319.5045625759181,0.4296782653664302,0.14902591577780022,0.17394870138323393,128471.19005298855,-1390.5737237024682,127080.61632928607,996,0,301.5625,41,7,12,38.454818638483864,0.5962906504065041,46.55257936507935,1013.7896825396805,24.726577622919038,0
2421,4,0,0,46,0.0,0.0,1.0,46,1100,800,300,0.7272727272727273,14,8,6,328.96004422082797,0.4273852657004831,0.14130761686825766,0.17901671800887922,128453.40617563936,-748.7923648291503,127704.61381081022,997,1,303.6304347826087,40,6,12,38.23329156223893,0.59765625,46.570121951219505,1013.7195121951208,25.34298780487802,0
2422,4,1,0,47,0.02127659574468085,0.0,1.0,47,1150,700,450,0.6086956521739131,16,7,9,325.2040158367329,0.4300030835646007,0.1540925570395395,0.1781741766467025,128722.74900990466,-1027.7690184870507,127694.97999141761,998,0,298.1489361702128,41,6,13,38.05428601688012,0.5988313008130082,46.30456349206348,1014.7817460317442,24.750774293457177,0
2423,4,3,0,50,0.06,0.0,1.0,50,1550,1200,350,0.7741935483870968,19,12,7,312.1707594738857,0.43579931972789115,0.18207782535840633,0.1737480983558796,129345.84212149888,-1923.513814578499,127422.32830692038,999,0,281.2,43,7,16,37.75251349841742,0.6022286821705427,45.69128787878787,1017.2348484848469,23.656624383368534,0
2424,4,1,2,49,0.0196078431372549,0.0392156862745098,0.9607843137254902,51,1400,1000,400,0.7142857142857143,18,10,8,322.8592880127355,0.4376307189542484,0.22221153383675674,0.1819617093269929,129837.58680555527,-1816.1458333333567,128021.44097222191,1000,0,276.6666666666667,44,7,15,36.98214772417555,0.6058238636363636,45.20833333333332,1019.1666666666644,23.162878787878736,0
2425,4,0,0,49,0.0,0.0,1.0,49,1400,800,600,0.5714285714285714,20,8,12,335.84389381020185,0.43326601473922904,0.21776799939306613,0.1890000155542767,129779.6860651974,-1082.8569788797072,128696.8290863177,1001,1,288.7959183673469,43,6,15,36.710037174721215,0.6065891472868217,45.265151515151516,1018.9393939393937,23.696264975334735,0
2426,4,1,1,49,0.02,0.02,0.98,50,1400,1000,400,0.7142857142857143,18,10,8,332.4685515189077,0.43409863945578236,0.21998184788527908,0.18862711125825565,130097.22650891628,-1349.352709190674,128747.87379972561,1002,0,284.0,44,6,16,36.47421643371453,0.6084280303030303,44.9537037037037,1020.1851851851849,23.18602693602693,0
2427,4,0,0,49,0.0,0.0,1.0,49,1450,1100,350,0.7586206896551724,18,11,7,334.79131783809396,0.4333545918367347,0.2104170297900072,0.18980905661852368,130069.31889921954,-1090.7842630853925,128978.53463613414,1003,1,290.6734693877551,43,6,16,36.44324792672359,0.6094961240310077,44.98106060606061,1020.0757575757582,23.72269203664554,0
2428,4,0,0,49,0.0,0.0,1.0,49,1750,1400,350,0.8,21,14,7,335.0213661640494,0.43358489229024944,0.20974856764051308,0.19029284240472505,130141.77755000294,-1079.9447780360342,129061.8327719669,1004,2,291.6734693877551,43,6,16,36.363979118329475,0.6102228682170543,44.91003787878788,1020.3598484848491,23.729298801973233,0
2429,4,1,1,49,0.02,0.02,0.98,50,1500,1000,500,0.6666666666666666,20,10,10,331.2146614173772,0.4340051020408164,0.21236342943854347,0.1898004016296101,130485.2472808124,-1356.162506433725,129129.08477437867,1005,0,286.82,42,8,17,36.11354798937785,0.6150793650793651,44.57364341085271,1021.7054263565886,24.326319675156874,0
2430,4,0,1,48,0.0,0.02040816326530612,0.9795918367346939,49,1050,700,350,0.6666666666666666,14,7,7,330.34579837005555,0.432734552154195,0.21813607377517186,0.18942340640632044,130509.99907044337,-1177.314032359842,129332.68503808352,1006,1,292.9795918367347,42,7,14,36.11071597913704,0.6153273809523809,44.54941860465116,1021.8023255813945,24.32862679955701,0
2431,4,0,0,48,0.0,0.0,1.0,48,1600,1100,500,0.6875,21,11,10,334.78934313183316,0.43192228132387706,0.21598631392629164,0.19209403768597982,130534.75320743934,-859.6711435610969,129675.08206387825,1007,5,300.0625,42,6,14,35.97216954295467,0.6155753968253967,44.52519379844961,1021.8992248062006,24.330933923957154,0
2432,4,0,1,47,0.0,0.020833333333333332,0.9791666666666666,48,2000,1700,300,0.85,23,17,6,331.6903155088544,0.43166371158392436,0.21209644301238306,0.19104782801579864,130683.32732407906,-930.7211856258679,129752.6061384532,1008,6,301.0625,42,6,14,35.90117197371748,0.6170634920634921,44.37984496124031,1022.4806201550385,24.344776670358062,0
2433,4,1,0,48,0.020833333333333332,0.0,1.0,48,1100,900,200,0.8181818181818182,13,9,4,332.64422557786617,0.4301399970449173,0.21307849543833024,0.1924597467329695,130856.77059859692,-894.2501765218401,129962.52042207509,1009,0,300.5208333333333,42,6,15,35.70157369700413,0.6187996031746033,44.21027131782946,1023.1589147286828,24.360926541159113,0
2434,4,0,0,48,0.0,0.0,1.0,48,1350,1000,350,0.7407407407407407,17,10,7,328.327165797092,0.43016770094562645,0.2135421597399727,0.19045139221936758,130955.93268320718,-1000.7219555615593,129955.21072764562,1010,1,301.5208333333333,42,6,15,35.71191896241597,0.6197916666666667,44.11337209302326,1023.5465116279073,24.370155038759698,0
2435,4,1,3,46,0.02040816326530612,0.061224489795918366,0.9387755102040817,49,1350,900,450,0.6666666666666666,18,9,9,327.59800472526575,0.4309984410430839,0.22120767352839188,0.1916413697832578,131280.6755829903,-1198.5425240054983,130082.13305898481,1011,0,296.3469387755102,44,5,16,35.40311408264064,0.6202651515151515,43.79629629629629,1024.814814814814,23.291245791245775,0
2436,4,1,0,47,0.02127659574468085,0.0,1.0,47,1100,800,300,0.7272727272727273,14,8,6,338.26212379889324,0.42890456367560903,0.22688219820145772,0.1978742002027901,131279.5972867881,-518.6169220615394,130760.98036472657,1012,0,308.3191489361702,43,4,17,35.130983182406204,0.6216085271317829,43.79734848484848,1024.8106060606044,23.83280479210708,0
2437,4,0,0,47,0.0,0.0,1.0,47,1250,900,350,0.72,16,9,7,337.7774896092829,0.4291551032994141,0.20896572755635856,0.18405275881113115,128504.92147737769,-700.608889113221,127804.31258826447,1013,1,309.3191489361702,40,7,13,37.957301794126494,0.5981770833333333,46.51930894308942,1013.9227642276406,25.348069105691017,8
2438,4,1,1,47,0.020833333333333332,0.020833333333333332,0.9791666666666666,48,1200,800,400,0.6666666666666666,16,8,8,331.8294984555548,0.4305370862884161,0.21863700772012096,0.18226576799225372,128823.44148596918,-1050.5164044784833,127772.92508149068,1014,0,303.8541666666667,41,7,14,37.783702237857895,0.5998475609756098,46.20535714285713,1015.1785714285697,24.76045296167243,0
2439,4,0,0,47,0.0,0.0,1.0,47,1450,1100,350,0.7586206896551724,18,11,7,340.8040144788605,0.4324699352451434,0.22784513484551194,0.1869088244151774,128762.65290377753,-623.4341950889027,128139.21870868863,1015,1,311.21276595744683,40,7,14,37.61786155335269,0.60078125,46.265243902439025,1014.939024390244,25.3734756097561,0
2440,4,0,0,47,0.0,0.0,1.0,47,1500,1000,500,0.6666666666666666,20,10,10,347.6586717570889,0.4319881282762874,0.24344512681872832,0.1916629026040875,128969.02394614663,-432.5600874148825,128536.46385873175,1016,2,312.21276595744683,40,7,15,37.23361680840419,0.6028645833333333,46.06199186991871,1015.7520325203265,25.393800813008163,0
2441,4,0,2,45,0.0,0.0425531914893617,0.9574468085106383,47,1700,1300,400,0.7647058823529411,21,13,8,347.6868808366823,0.43204594511255007,0.2458141697828493,0.1919285338334798,129020.64252635691,-428.2430472932563,128592.39947906365,1017,3,313.21276595744683,40,7,15,37.180320762895526,0.6033854166666667,46.01117886178863,1015.9552845528475,25.398882113821188,0
2442,4,0,0,45,0.0,0.0,1.0,45,1100,700,400,0.6363636363636364,15,7,8,350.66756298072835,0.4305345117845118,0.2481751824817522,0.19408003859270972,129123.91067031863,55.91341546038234,129179.82408577901,1018,4,317.8222222222222,40,5,16,36.99942505749426,0.6044270833333334,45.90955284552846,1016.3617886178864,25.40904471544716,0
2443,4,1,0,46,0.021739130434782608,0.0,1.0,46,1500,1000,500,0.6666666666666666,20,10,10,346.1856600063259,0.4317934782608696,0.255309634099131,0.19340080525567796,129492.78564453113,-234.2444318057556,129258.54121272538,1019,0,311.89130434782606,39,7,16,36.73807269812028,0.609775641025641,45.54687499999999,1017.8124999999991,26.097756410256387,0
2444,4,0,0,46,0.0,0.0,1.0,46,1400,1000,400,0.7142857142857143,18,10,8,387.59154858181125,0.43202495974235106,0.25232477860266056,0.20877555325404643,128044.10450522804,770.9068646266372,128815.01136985468,1020,1,312.89130434782606,41,5,13,37.16714042998103,0.5919715447154472,46.97420634920635,1012.1031746031748,24.685443283004265,8
2445,4,0,0,46,0.0,0.0,1.0,46,1450,1100,350,0.7586206896551724,18,11,7,388.43348700846957,0.432055152979066,0.24741678739113016,0.20988889720999945,128170.25662634676,757.1633100273444,128927.4199363741,1021,2,313.89130434782606,40,6,13,37.01638398233642,0.5947916666666666,46.84959349593496,1012.6016260162602,25.315040650406505,0
2446,4,0,0,46,0.0,0.0,1.0,46,1550,1100,450,0.7096774193548387,20,11,9,387.67051555023977,0.43188405797101453,0.2423219798043219,0.21055829962238495,128376.15258774528,753.5298516094806,129129.68243935476,1022,3,314.89130434782606,40,6,12,36.824567121272906,0.596875,46.64634146341463,1013.4146341463405,25.335365853658512,0
2447,4,3,1,48,0.061224489795918366,0.02040816326530612,0.9795918367346939,49,1200,900,300,0.75,15,9,6,379.88388952181487,0.43741142290249435,0.2616778355024454,0.21015020115196478,129105.13157139582,8.99190771350166,129114.12347910932,1023,0,296.55102040816325,43,6,15,36.27624549633495,0.5998062015503876,45.928030303030305,1016.2878787878791,23.634601832276257,0
2448,4,1,0,49,0.02040816326530612,0.0,1.0,49,1250,800,450,0.64,17,8,9,382.1676687059679,0.4372874149659864,0.2803406049264179,0.21290375800865002,129382.26176754897,89.25108051472432,129471.51284806369,1024,0,297.3469387755102,40,9,17,35.93526287750141,0.60703125,45.65548780487804,1017.378048780487,25.434451219512177,0
2449,4,0,0,49,0.0,0.0,1.0,49,2000,1600,400,0.8,24,16,8,381.48522372738455,0.4369331065759637,0.2753375108644911,0.21389426986258045,129634.99070965333,90.76668675390087,129725.75739640722,1025,1,298.3469387755102,43,6,15,35.69485772735727,0.6051356589147288,45.40719696969697,1018.3712121212119,23.683051444679347,0
2450,4,0,1,48,0.0,0.02040816326530612,0.9795918367346939,49,1250,900,350,0.72,16,9,7,382.9337484222539,0.43684452947845803,0.28323700518408,0.21536770513722034,129755.56456790904,137.55694372702806,129893.12151163607,1026,2,299.3469387755102,43,6,15,35.53507528580724,0.6063468992248062,45.28882575757575,1018.8446969696956,23.694062720225478,0
2451,4,1,0,49,0.02040816326530612,0.0,1.0,49,1450,1100,350,0.7586206896551724,18,11,7,382.8142237219338,0.43597647392290245,0.28935108373926566,0.2158318224158809,129852.06400833592,141.84341640837553,129993.90742474429,1027,0,300.265306122449,43,6,16,35.43979760909287,0.6073158914728682,45.194128787878775,1019.2234848484826,23.702871740662385,0
2452,4,1,1,49,0.02,0.02,0.98,50,1500,1000,500,0.6666666666666666,20,10,10,380.0940606245118,0.43685374149659867,0.30094348181075903,0.21630236604357223,130215.3302897805,-101.1852709190693,130114.14501886143,1028,0,295.24,44,6,18,35.139405485500006,0.6096117424242424,44.83796296296296,1020.6481481481479,23.196548821548816,0
2453,4,0,1,48,0.0,0.02040816326530612,0.9795918367346939,49,1600,1200,400,0.75,20,12,8,365.4751330359845,0.43732284580498865,0.22515174506828584,0.209433141452794,130485.24728081208,-168.29663399230805,130316.95064681977,1029,1,299.1224489795918,42,7,17,35.23844524532118,0.6150793650793651,44.573643410852696,1021.7054263565861,24.326319675156814,8
2454,4,1,0,49,0.02040816326530612,0.0,1.0,49,1450,900,550,0.6206896551724138,20,9,11,365.65157750342973,0.43732284580498865,0.2318972033257749,0.2109528331750553,130746.3842975204,-238.47566574841855,130507.90863177198,1030,0,300.0612244897959,43,6,16,34.96913580246913,0.6162790697674418,44.318181818181806,1022.7272727272707,23.78435517970397,0
2455,4,2,0,51,0.0392156862745098,0.0,1.0,51,1900,1500,400,0.7894736842105263,23,15,8,314.27603598178354,0.44073529411764706,0.26368338746541586,0.1766448064311402,129731.44531249984,-1960.045411501392,127771.39990099845,1031,0,289.2549019607843,43,8,16,37.30828220858896,0.6061046511627908,45.31249999999999,1018.7499999999987,23.69186046511625,8
2456,4,0,1,50,0.0,0.0196078431372549,0.9803921568627451,51,1600,1100,500,0.6875,21,11,10,313.84167415225903,0.44027777777777777,0.25941899852590433,0.17672685795669577,129803.80980436454,-2052.4310039313737,127751.37880043317,1032,1,290.2549019607843,43,8,16,37.24609314499891,0.6068313953488372,45.241477272727266,1019.0340909090899,23.69846723044395,0
2457,4,0,1,49,0.0,0.02,0.98,50,1350,600,750,0.4444444444444444,21,6,15,303.6835480532765,0.43871598639455783,0.16635833657209487,0.1732544942663149,130313.2283005794,-2049.828685264386,128263.39961531502,1033,2,296.4,41,9,17,36.99029990931468,0.6148373983739837,44.74206349206349,1021.0317460317453,24.90321331784745,8
2458,4,0,2,47,0.0,0.04081632653061224,0.9591836734693877,49,1300,900,400,0.6923076923076923,17,9,8,302.87408783912286,0.43847434807256236,0.16573902288188003,0.17324397824397805,130414.54081632633,-1900.162981859432,128514.3778344669,1034,3,299.40816326530614,41,8,17,36.90875097125096,0.6158536585365854,44.64285714285713,1021.4285714285699,24.91289198606268,0
2459,4,0,0,47,0.0,0.0,1.0,47,1100,500,600,0.45454545454545453,17,5,12,313.03059748602635,0.4358618563058896,0.1808676086165255,0.1781227205163847,130211.95515243118,-1247.9347757621704,128964.02037666901,1035,4,313.0,41,6,17,36.854020865733546,0.6138211382113821,44.841269841269835,1020.6349206349194,24.89353464963218,0
2460,4,0,0,47,0.0,0.0,1.0,47,750,300,450,0.4,12,3,9,312.8708518961881,0.43547641073080484,0.17675559314533396,0.17814765883563238,130237.26974875583,-1250.5108930146298,128986.75885574121,1036,5,314.0,41,6,17,36.83251935724235,0.6140752032520325,44.816468253968246,1020.7341269841259,24.895954316685998,0
2461,4,0,2,45,0.0,0.0425531914893617,0.9574468085106383,47,1450,900,550,0.6206896551724138,20,9,11,310.2467274121177,0.4352644156645082,0.1747573637944213,0.1770044787228587,130314.46358194517,-1314.0703673722637,129000.3932145729,1037,6,315.0,40,7,18,36.8215221790916,0.61640625,44.74085365853658,1021.0365853658528,25.52591463414632,0
2462,4,1,1,45,0.021739130434782608,0.021739130434782608,0.9782608695652174,46,1500,1100,400,0.7333333333333333,19,11,8,309.92683103256576,0.43319243156199677,0.15997668036584334,0.1774344677137403,130448.74267578125,-1114.0869140625,129334.65576171875,1038,0,307.7826086956522,39,7,20,36.69413429183237,0.6193910256410257,44.609375,1021.5625,26.193910256410255,0
2463,4,0,2,43,0.0,0.044444444444444446,0.9555555555555556,45,1350,800,550,0.5925925925925926,19,8,11,311.8608399390619,0.43186026936026933,0.17542667527378564,0.17903257464260594,130555.17713758674,-856.9905598958421,129698.1865776909,1039,1,315.2,39,6,12,36.537326300411095,0.6204594017094017,44.50520833333333,1021.9791666666661,26.204594017094003,0
2464,4,0,0,43,0.0,0.0,1.0,43,1100,800,300,0.7272727272727273,14,8,6,319.12234118811097,0.42924049464747144,0.17739515913646198,0.18274510466193178,130458.54403518386,-273.55279989997507,130184.99123528389,1040,9,328.7906976744186,37,6,21,36.44938910951308,0.6230292792792793,44.59978070175438,1021.6008771929821,27.610834518729245,0
2465,4,0,0,43,0.0,0.0,1.0,43,1350,1100,250,0.8148148148148148,16,11,5,317.73578661350393,0.4281330749354005,0.17192245734605427,0.18313992249428546,130710.70545744855,-293.7062365343055,130416.99922091425,1041,10,329.7906976744186,37,6,15,36.23025234112517,0.6255630630630631,44.3530701754386,1022.5877192982465,27.637505926979635,0
2466,4,0,0,43,0.0,0.0,1.0,43,900,800,100,0.8888888888888888,10,8,2,316.5412444038985,0.42824843115540795,0.16933583669317098,0.18258380869234161,130738.73842191842,-323.15940962602406,130415.5790122924,1042,11,330.7906976744186,37,6,15,36.23251045352203,0.6258445945945945,44.32565789473685,1022.6973684210537,27.640469416785237,0
2467,4,0,1,42,0.0,0.023255813953488372,0.9767441860465116,43,1100,700,400,0.6363636363636364,15,7,8,317.44517402864574,0.42808693244739754,0.173826552361104,0.18337127111537072,130794.81336805563,-295.9635416666624,130498.84982638898,1043,12,331.7906976744186,37,6,16,36.15283435166326,0.6264076576576576,44.270833333333336,1022.9166666666673,27.646396396396415,0
2468,4,0,0,42,0.0,0.0,1.0,42,1350,1000,350,0.7407407407407407,17,10,7,324.1803854986337,0.42564363143631434,0.1676470434039521,0.1871920178947294,130780.41459956596,79.2890441117006,130859.70364367767,1044,13,340.3333333333333,36,6,16,35.995128261587574,0.6281828703703703,44.28490990990992,1022.8603603603618,28.412787787787828,0
2469,4,0,0,42,0.0,0.0,1.0,42,1300,900,400,0.6923076923076923,17,9,8,324.98692166254773,0.42459107626790554,0.1722161958213455,0.1882190030049443,130895.62694028518,107.87337168252418,131003.5003119677,1045,14,341.3333333333333,36,6,17,35.85823153956201,0.6293402777777778,44.17229729729731,1023.3108108108132,28.425300300300368,0
2470,4,0,0,42,0.0,0.0,1.0,42,650,300,350,0.46153846153846156,10,3,7,325.66257469996003,0.4242523228803716,0.17374559859154903,0.18875136982609955,130924.43795146521,127.43791088388141,131051.87586234909,1046,15,342.3333333333333,36,6,17,35.81187646713616,0.6296296296296297,44.14414414414416,1023.4234234234252,28.42842842842848,0
2471,4,0,0,42,0.0,0.0,1.0,42,1500,1100,400,0.7333333333333333,19,11,8,325.9180774433096,0.4236837011227255,0.17131178876477438,0.1896080024435073,131068.54056336767,143.52135074266383,131212.06191411032,1047,16,343.3333333333333,36,6,18,35.65998570328825,0.6310763888888888,44.00337837837839,1023.9864864864885,28.444069069069126,0
2472,4,0,0,42,0.0,0.0,1.0,42,1000,700,300,0.7,13,7,6,326.35365260535383,0.4228126209833527,0.1712259928704909,0.19043227567356724,131183.87972009217,162.4676619187302,131346.3473820109,1048,17,344.3333333333333,36,6,20,35.53254735993552,0.6322337962962963,43.89076576576579,1024.4369369369406,28.456581581581684,0
2473,4,0,1,41,0.0,0.023809523809523808,0.9761904761904762,42,1350,900,450,0.6666666666666666,18,9,9,325.96845463022737,0.4220746225319396,0.1735348965179906,0.19064462934756626,131271.9358360267,158.1020121576116,131430.03784818432,1049,18,345.3333333333333,37,5,20,35.45367001925958,0.6311936936936937,43.80482456140352,1024.7807017543878,27.696775723091562,0
2474,4,0,0,41,0.0,0.0,1.0,41,1200,700,500,0.5833333333333334,17,7,10,331.62329629477574,0.42022357723577236,0.18985121317849774,0.194386997702371,131357.78523930462,512.272369938009,131870.05760924262,1050,19,353.390243902439,35,6,20,35.2222582891122,0.6360119047619048,43.72106481481481,1025.11574074074,29.289021164021143,0
2475,4,0,0,41,0.0,0.0,1.0,41,1600,1400,200,0.875,18,14,4,327.7996456348784,0.419994918699187,0.18463477942532514,0.19274271134510013,131476.45968632118,419.5873789008966,131896.04706522208,1051,20,354.390243902439,35,6,20,35.20071568295528,0.637202380952381,43.605324074074076,1025.578703703704,29.302248677248684,0
2476,4,0,0,41,0.0,0.0,1.0,41,1300,900,400,0.6923076923076923,17,9,8,326.19767387601,0.4197408536585366,0.18842054876673275,0.19254784131722405,131624.87809713645,387.1458118998561,132012.0239090363,1052,21,355.390243902439,35,6,14,35.0923941649748,0.6386904761904761,43.460648148148145,1026.1574074074072,29.318783068783063,0
2477,4,0,0,41,0.0,0.0,1.0,41,1400,800,600,0.5714285714285714,20,8,12,323.0361135225208,0.4191310975609756,0.18321005307009108,0.19127705787348184,131743.6731074245,311.59282836076113,132055.26593578525,1053,22,356.390243902439,35,6,14,35.05402104472003,0.6398809523809523,43.344907407407405,1026.6203703703698,29.332010582010565,0
2478,4,1,0,42,0.023809523809523808,0.0,1.0,42,1200,1000,200,0.8333333333333334,14,10,4,319.07818099691025,0.4198848238482385,0.20151673940133352,0.19134215541988084,132224.21481870403,37.97238961936898,132262.1872083234,1054,0,348.8809523809524,36,6,16,34.67302638782438,0.642650462962963,42.87725225225226,1028.4909909909925,28.569194194194235,0
2479,4,0,0,42,0.0,0.0,1.0,42,1100,700,400,0.6363636363636364,15,7,8,357.1220900472963,0.41909843205574915,0.17341090282266758,0.20660728246191748,130854.01663237311,1041.6517524782034,131895.6683848513,1055,1,349.8809523809524,35,7,14,35.07824283559577,0.6309523809523809,44.21296296296296,1023.1481481481482,29.232804232804234,8
2480,4,0,0,42,0.0,0.0,1.0,42,1200,700,500,0.5833333333333334,17,7,10,357.6052299053391,0.4182031552458381,0.17693649178898463,0.20800351538280953,131061.33355034716,973.6436631944405,132034.9772135416,1056,2,350.8809523809524,35,7,16,34.85609528653781,0.6330357142857144,44.010416666666664,1023.9583333333328,29.255952380952365,0
2481,4,1,0,43,0.023255813953488372,0.0,1.0,43,1150,700,450,0.6086956521739131,16,7,9,351.2446777614302,0.42063492063492064,0.17345508199131499,0.20604803679541375,131387.4488275891,630.099692429692,132017.54852001878,1057,0,343.69767441860466,35,8,19,34.68945209603372,0.6363095238095238,43.692129629629626,1025.231481481481,29.29232804232803,0
2482,4,0,0,43,0.0,0.0,1.0,43,1350,1100,250,0.8148148148148148,16,11,5,351.785291855455,0.4198966408268734,0.17035375076894033,0.20745086045922667,131587.9662390432,658.142221613519,132246.10846065672,1058,1,344.69767441860466,36,7,15,34.47321003914682,0.6362847222222222,43.49662162162163,1026.0135135135142,28.500375375375395,0
2483,4,0,2,41,0.0,0.046511627906976744,0.9534883720930233,43,1400,1000,400,0.7142857142857143,18,10,8,355.1623086369117,0.4198735695828719,0.17683603566826966,0.21007815984590875,131703.53366457697,755.2262143900889,132458.75987896707,1059,2,345.69767441860466,36,7,15,34.26997622965808,0.6374421296296297,43.38400900900902,1026.4639639639656,28.512887887887935,0
2484,4,1,0,42,0.023809523809523808,0.0,1.0,42,1050,800,250,0.7619047619047619,13,8,5,357.95333044416486,0.4163279132791328,0.19182876035896812,0.21228355265378565,131803.0907064473,1035.8710562414426,132838.96176268876,1060,0,354.0238095238095,35,7,16,34.09791103095883,0.6404761904761904,43.287037037037045,1026.8518518518529,29.338624338624367,0
2485,4,0,0,42,0.0,0.0,1.0,42,1650,1200,450,0.7272727272727273,21,12,9,357.05707276951546,0.41626742160278746,0.1885935270706618,0.21274850282199748,131981.42387902967,1024.9801740398057,133006.40405306948,1061,1,355.0238095238095,35,7,16,33.94110910865811,0.6422619047619047,43.11342592592594,1027.5462962962977,29.358465608465647,0
2486,4,0,0,42,0.0,0.0,1.0,42,1150,800,350,0.6956521739130435,15,8,7,356.48306884858886,0.4161222415795587,0.19508474485391503,0.2129069357393626,132070.63567654768,1016.1891021519422,133086.82477869964,1062,2,356.0238095238095,35,7,17,33.865954472093975,0.643154761904762,43.02662037037038,1027.89351851852,29.368386243386286,0
2487,4,0,0,42,0.0,0.0,1.0,42,1050,900,150,0.8571428571428571,12,9,3,355.9443997910015,0.41646099496709255,0.18943889612582665,0.21291946823861735,132130.1269531251,1006.1957465277926,133136.32269965287,1063,3,357.0238095238095,35,7,18,33.81986659912193,0.64375,42.96875000000001,1028.1250000000007,29.375000000000018,0
2488,4,0,0,42,0.0,0.0,1.0,42,1400,900,500,0.6428571428571429,19,9,10,354.24629142215986,0.41601335656213706,0.1911031799620595,0.21240435530211296,132219.38898533958,967.6456404321106,133187.0346257717,1064,4,358.0238095238095,35,7,18,33.773632680621205,0.6446428571428571,42.88194444444445,1028.4722222222229,29.384920634920654,0
2489,4,0,0,42,0.0,0.0,1.0,42,1050,800,250,0.7619047619047619,13,8,5,352.63112269822835,0.4153842431281456,0.18989756118469003,0.21176928503661197,132278.91375171483,929.1323731138738,133208.04612482872,1065,5,359.0238095238095,35,7,19,33.75525052505252,0.6452380952380952,42.82407407407408,1028.7037037037048,29.391534391534424,0
2490,4,1,0,43,0.023255813953488372,0.0,1.0,43,1200,900,300,0.75,15,9,6,348.996361396749,0.41675895164267257,0.1926059107764917,0.21141719673721363,132606.53941883138,655.8935345936084,133262.43295342498,1066,0,351.6511627906977,35,8,20,33.519332696557655,0.6485119047619048,42.50578703703703,1029.9768518518513,29.427910052910036,0
2491,4,0,1,42,0.0,0.023255813953488372,0.9767441860465116,43,1100,600,500,0.5454545454545454,16,6,10,348.7809790404257,0.4169204503506829,0.1875984668563504,0.21162232409262605,132666.15125868042,654.2860243055361,133320.43728298595,1067,1,352.6511627906977,35,8,14,33.46498988877653,0.6491071428571429,42.44791666666666,1030.2083333333321,29.434523809523775,0
2492,4,0,0,42,0.0,0.0,1.0,42,1250,900,350,0.72,16,9,7,357.6608262839906,0.4145373596593109,0.18767652742678753,0.21617110318170743,132520.55165816317,1079.4820011337745,133600.03365929695,1068,8,362.0238095238095,34,8,20,33.38271283770763,0.6498161764705883,42.58928571428571,1029.6428571428564,30.28361344537813,0
2493,4,0,0,42,0.0,0.0,1.0,42,850,600,250,0.7058823529411765,11,6,5,362.58730269243284,0.4146825396825397,0.18690187273337622,0.21986460618063192,132643.1565334466,1218.944869614496,133862.1014030611,1069,9,363.0238095238095,34,8,16,33.132535922030904,0.6510416666666667,42.47023809523809,1030.1190476190466,30.297619047619015,0
2494,4,0,0,42,0.0,0.0,1.0,42,950,700,250,0.7368421052631579,12,7,5,363.7547726025458,0.41435588463027484,0.19382883105881854,0.22129480438652388,132765.8180980724,1258.8399943310474,134024.65809240344,1070,10,364.0238095238095,34,8,16,32.979092064225476,0.6522671568627452,42.35119047619047,1030.595238095237,30.31162464985991,0
2495,4,0,0,42,0.0,0.0,1.0,42,1100,700,400,0.6363636363636364,15,7,8,362.64621750930814,0.414380081300813,0.19199676637025131,0.2209819561867062,132827.1701388887,1233.8541666666472,134061.02430555536,1071,11,365.0238095238095,34,8,17,32.94597143627057,0.6528799019607843,42.29166666666666,1030.8333333333317,30.318627450980344,0
2496,4,0,0,42,0.0,0.0,1.0,42,1000,600,400,0.6,14,6,8,361.2963132756509,0.4133880178087495,0.18910473112250825,0.22088284840557224,132949.9167375281,1206.8629535147159,134156.77969104282,1072,12,366.0238095238095,34,8,17,32.85741082765786,0.6541053921568627,42.17261904761904,1031.309523809522,30.332633053221237,0
2497,4,0,1,41,0.0,0.023809523809523808,0.9761904761904762,42,900,600,300,0.6666666666666666,12,6,6,359.61384378890324,0.4130129694154085,0.18866835910454616,0.22039699931220885,133042.01388888873,1168.749999999976,134210.7638888887,1073,13,367.0238095238095,34,8,17,32.808292945611186,0.6550245098039216,42.08333333333332,1031.6666666666654,30.343137254901922,0
2498,4,0,0,41,0.0,0.0,1.0,41,950,700,250,0.7368421052631579,12,7,5,359.15142201770124,0.41227134146341465,0.18186473247821655,0.22065795021059165,133134.14292800432,1363.0633503401104,134497.20627834444,1074,14,363.9024390243902,34,7,17,32.72772715038258,0.6559436274509804,41.994047619047606,1032.0238095238078,30.353641456582583,0
2499,4,1,0,42,0.023809523809523808,0.0,1.0,42,650,600,50,0.9230769230769231,7,6,1,368.4557363251603,0.4160738482384824,0.21399360607585094,0.20725340874571158,129760.9247068973,1185.477585292094,130946.4022921894,1075,0,356.2142857142857,35,7,16,35.89839164678708,0.6199404761904762,45.28356481481482,1018.8657407407409,29.110449735449738,8
2500,4,1,0,43,0.023255813953488372,0.0,1.0,43,1100,900,200,0.8181818181818182,13,9,4,362.42370607554,0.4174510889627168,0.2246222630594188,0.20588847653607972,130147.65346004801,833.7189808051451,130981.37244085316,1076,0,348.90697674418607,36,7,17,35.659005628517825,0.6218171296296297,44.90427927927929,1020.3828828828838,28.343968968968994,0
2501,4,0,0,43,0.0,0.0,1.0,43,1200,700,500,0.5833333333333334,17,7,10,361.238174759349,0.4172895902547065,0.22422371564423726,0.20551798982071445,130205.11379200149,807.0115301111978,131012.12532211268,1077,1,349.90697674418607,36,7,18,35.63090772003383,0.6223958333333333,44.847972972972975,1020.6081081081084,28.35022522522523,0
2502,4,0,0,43,0.0,0.0,1.0,43,850,500,350,0.5882352941176471,12,5,7,362.42618675512375,0.4166666666666667,0.22332740367927806,0.2066600384050492,130292.9705215419,844.3422566250698,131137.31277816696,1078,2,350.90697674418607,34,9,18,35.511407804726375,0.6274509803921569,44.76190476190476,1020.9523809523805,30.02801120448178,0
2503,4,0,0,43,0.0,0.0,1.0,43,950,600,350,0.631578947368421,13,6,7,360.29698635256824,0.41675895164267257,0.22034765095717335,0.20559767228993264,130321.66950660154,790.9009559327869,131112.57046253432,1079,3,351.90697674418607,35,8,18,35.53663190508577,0.6255952380952381,44.7337962962963,1021.0648148148151,29.17328042328043,0
2504,4,0,0,43,0.0,0.0,1.0,43,1400,1000,400,0.7142857142857143,18,10,8,398.7006633928783,0.41698966408268734,0.23473286181697128,0.21809110020615033,128658.86843450935,1659.2752392431787,130318.14367375252,1080,4,352.90697674418607,38,5,17,36.25517761864645,0.6030701754385965,46.36752136752136,1014.5299145299136,26.698155645524043,8
2505,4,2,0,45,0.044444444444444446,0.0,1.0,45,1300,1000,300,0.7692307692307693,16,10,6,382.70978122635444,0.4202020202020202,0.24162421557770464,0.21253808883603778,129258.63997443358,898.2748749402089,130156.91484937379,1081,0,338.1777777777778,36,9,21,36.04766519010706,0.6128472222222222,45.77702702702701,1016.8918918918894,28.246996996996927,0
2506,4,0,1,44,0.0,0.022222222222222223,0.9777777777777777,45,1050,900,150,0.8571428571428571,12,9,3,380.8914387715169,0.41997053872053874,0.23784741446130053,0.21168188206434227,129287.27027280627,848.8828778102051,130136.15315061648,1082,1,339.1777777777778,36,9,21,36.06466614992801,0.6131365740740741,45.748873873873855,1017.0045045045019,28.250125125125052,0
2507,4,2,1,45,0.043478260869565216,0.021739130434782608,0.9782608695652174,46,1350,900,450,0.6666666666666666,18,9,9,367.8467040920426,0.42613727858293077,0.2448397911905167,0.20647560692376485,129678.39084201353,340.35373263885117,130018.74457465237,1083,0,332.2826086956522,39,7,14,35.99790345673961,0.6116452991452992,45.364583333333314,1018.5416666666638,26.116452991452917,0
2508,4,0,2,43,0.0,0.044444444444444446,0.9555555555555556,45,1550,1200,350,0.7741935483870968,19,12,7,347.8368449459549,0.42264309764309765,0.19461825672717947,0.18988011323012924,128577.5888144677,-52.56956714790465,128525.0192473198,1084,1,340.6666666666667,38,7,13,37.62816461252151,0.6022478070175439,46.44764957264957,1014.2094017094007,26.68972109761581,8
2509,4,1,0,44,0.022727272727272728,0.0,1.0,44,1350,1000,350,0.7407407407407407,17,10,7,356.3406866325784,0.4234716349541931,0.21046191646191637,0.19457800185072913,128588.9949311327,364.29814943059733,128953.2930805633,1085,0,349.25,37,7,14,37.400900900900886,0.6041666666666667,46.43640350877193,1014.2543859649127,27.412280701754398,0
2510,4,0,0,44,0.0,0.0,1.0,44,800,500,300,0.625,11,5,6,356.3406866325784,0.42348264622973925,0.21046191646191637,0.19457800185072913,128588.9949311327,364.29814943059733,128953.2930805633,1086,1,350.25,37,7,14,37.400900900900886,0.6041666666666667,46.43640350877193,1014.2543859649127,27.412280701754398,0
2511,4,1,0,45,0.022222222222222223,0.0,1.0,45,1400,1200,200,0.8571428571428571,16,12,4,350.1939699940673,0.42516835016835014,0.21589907280741727,0.1924750316283184,128848.62075617304,24.40200617285774,128873.02276234589,1087,0,343.44444444444446,38,7,15,37.29195166438668,0.6049890350877193,46.180555555555564,1015.2777777777794,26.717836257309983,0
2512,4,2,1,46,0.0425531914893617,0.02127659574468085,0.9787234042553191,47,1150,800,350,0.6956521739130435,15,8,7,339.74847874573896,0.4300030835646007,0.22648258593529658,0.18934090896586847,129396.54659366336,-606.0972687108942,128790.44932495247,1088,0,329.78723404255317,37,10,18,36.99965423716634,0.6123310810810811,45.64144736842105,1017.4342105263152,27.498221906116626,0
2513,4,0,1,45,0.0,0.021739130434782608,0.9782608695652174,46,950,600,350,0.631578947368421,13,6,7,339.75516429149144,0.4310789049919485,0.21646404286008636,0.1900172858603739,129536.03512619267,-397.89262080640106,129138.14250538626,1089,1,328.0,37,9,14,36.85776604911676,0.6137387387387387,45.50438596491228,1017.9824561403508,27.513039355144617,0
2514,4,0,0,45,0.0,0.0,1.0,45,1050,800,250,0.7619047619047619,13,8,5,345.3347948870393,0.4283880471380472,0.21577586206896582,0.19259055868700273,129424.43828870426,-61.04763004000614,129363.39065866426,1090,2,336.26666666666665,37,8,18,36.829202586206904,0.6126126126126126,45.6140350877193,1017.5438596491231,27.501185395922246,0
2515,4,0,0,45,0.0,0.0,1.0,45,1000,800,200,0.8,12,8,4,342.4407962185137,0.42857744107744106,0.20717448010146722,0.19179163049970557,129591.85157933213,-124.49263234841044,129467.35894698372,1091,3,337.26666666666665,37,8,14,36.732715916433335,0.6143018018018018,45.449561403508774,1018.201754385965,27.518966334755813,0
2516,4,2,1,46,0.0425531914893617,0.02127659574468085,0.9787234042553191,47,1350,1000,350,0.7407407407407407,17,10,7,328.22336547193004,0.4321615787850755,0.2073784580561342,0.18626536834215415,130107.01844346951,-859.1673069931899,129247.85113647633,1092,0,323.8723404255319,40,7,16,36.5725752897035,0.6143229166666666,44.94410569105691,1020.2235772357725,25.50558943089431,0
2517,4,0,0,46,0.0,0.0,1.0,46,950,600,350,0.631578947368421,13,6,7,336.0891812504964,0.42999194847020933,0.20988594337570277,0.1905802751584316,130076.56385633699,-456.53483072914935,129620.02902560784,1093,1,331.80434782608694,39,7,16,36.40280897920284,0.6156517094017093,44.97395833333334,1020.1041666666681,26.15651709401713,0
2518,4,1,1,46,0.02127659574468085,0.02127659574468085,0.9787234042553191,47,1200,1000,200,0.8333333333333334,14,10,4,330.27017209082476,0.43108233117483813,0.2069794355915604,0.18883868691317493,130398.95171305431,-786.3573134393924,129612.59439961491,1094,0,325.72340425531917,38,9,17,36.22493898186888,0.6206140350877193,44.65811965811966,1021.3675213675216,26.878092667566357,0
2519,4,0,0,46,0.0,0.0,1.0,46,900,600,300,0.6666666666666666,12,6,6,340.229065551895,0.4280495169082126,0.21300239055729908,0.1941307021090223,130318.55955678667,-332.3676515851039,129986.19190520156,1095,1,333.60869565217394,37,9,17,36.05204753722796,0.6216216216216216,44.73684210526316,1021.0526315789471,27.596017069701272,0
2520,4,1,0,47,0.02127659574468085,0.0,1.0,47,1050,700,350,0.6666666666666666,14,7,7,330.2951449489004,0.42963691026827017,0.20987602175899278,0.19032238605092858,130699.20562358461,-766.1373867704008,129933.06823681422,1096,0,327.48936170212767,38,9,16,35.920793717131616,0.6236293859649122,44.36431623931624,1022.5427350427349,26.909019343229865,0
2521,4,0,1,46,0.0,0.02127659574468085,0.9787234042553191,47,1400,1200,200,0.8571428571428571,16,12,4,329.79127839643985,0.4294441874807277,0.20976262089984532,0.1909758684692324,130890.45606874145,-766.6938326393324,130123.76223610212,1097,1,328.48936170212767,38,9,16,35.74054256281758,0.6255482456140351,44.17735042735043,1023.2905982905993,26.92869995501577,0
2522,4,0,0,46,0.0,0.0,1.0,46,900,700,200,0.7777777777777778,11,7,4,336.02813991977763,0.42720410628019323,0.21424776410165514,0.19410566670660115,130794.81336805566,-409.8524305555487,130384.96093750012,1098,2,336.5652173913044,37,9,16,35.67761371350983,0.6264076576576576,44.270833333333336,1022.9166666666675,27.64639639639642,0
2523,4,0,1,45,0.0,0.021739130434782608,0.9782608695652174,46,1150,800,350,0.6956521739130435,15,8,7,334.56559096676614,0.4269927536231884,0.21101936974926883,0.19354194230073765,130850.9003371231,-444.3582400353845,130406.5420970877,1099,3,337.5652173913044,37,9,16,35.65835655342407,0.6269707207207207,44.21600877192983,1023.1359649122818,27.652323376007615,0
2524,4,0,1,44,0.0,0.022222222222222223,0.9777777777777777,45,1350,1000,350,0.7407407407407407,17,10,7,340.6738813925608,0.42464225589225585,0.21651957456438087,0.19678926560440874,130794.81336805563,-88.32465277777231,130706.48871527787,1100,4,345.9111111111111,37,8,17,35.558808553971474,0.6264076576576576,44.270833333333336,1022.9166666666673,27.646396396396415,0
2525,4,0,1,43,0.0,0.022727272727272728,0.9772727272727273,44,1450,1200,250,0.8275862068965517,17,12,5,343.8956319895606,0.42447366102889356,0.21972031049935947,0.1993191009898677,130924.43795146485,204.86846643939506,131129.30641790424,1101,5,349.45454545454544,36,8,17,35.34537301936619,0.6296296296296297,44.144144144144136,1023.4234234234224,28.4284284284284,0
2526,4,0,0,43,0.0,0.0,1.0,43,1050,600,450,0.5714285714285714,15,6,9,346.4872160787254,0.4242801771871539,0.19948536408189188,0.20142338673834836,131039.71370018659,480.7171191461649,131520.43081933275,982,6,332.9767441860465,36,7,17,35.16255132717407,0.630787037037037,44.03153153153153,1023.8738738738732,28.440940940940923,0
2527,4,0,0,43,0.0,0.0,1.0,43,1000,700,300,0.7,13,7,6,346.57026584524726,0.4232881136950904,0.19645599615680442,0.2022489690063798,131187.67463305997,493.1494546398643,131680.82408769985,983,7,333.9767441860465,37,6,18,35.010948481929425,0.6303490990990991,43.88706140350876,1024.4517543859633,27.687885253674686,0
2528,4,0,0,43,0.0,0.0,1.0,43,1400,900,500,0.6428571428571429,19,9,10,347.1289392386631,0.42314968623108157,0.20178263054956957,0.20302046721680495,131271.93583602633,513.6575677131239,131785.59340373945,984,8,334.9767441860465,37,6,19,34.91154861259717,0.6311936936936937,43.8048245614035,1024.7807017543848,27.69677572309148,0
2529,4,1,0,44,0.022727272727272728,0.0,1.0,44,850,500,350,0.5882352941176471,12,5,7,340.5210738121385,0.424848044397463,0.19987074076233813,0.200329190216273,131496.76462950124,155.49592182208136,131652.26055132333,985,0,328.34090909090907,37,7,20,34.854073123797306,0.6334459459459459,43.585526315789465,1025.657894736841,27.72048364153624,0
2530,4,0,3,41,0.0,0.06818181818181818,0.9318181818181819,44,1100,700,400,0.6363636363636364,15,7,8,341.14110577332855,0.424297480620155,0.19770226034250005,0.20143467564243392,131637.3803117303,181.38429612955724,131818.76460785983,986,1,329.34090909090907,37,7,16,34.69643747551378,0.6348536036036037,43.44846491228069,1026.2061403508753,27.7353010905642,0
2531,4,0,1,40,0.0,0.024390243902439025,0.975609756097561,41,1200,900,300,0.75,15,9,6,362.25282267687265,0.4210365853658537,0.21357853967064688,0.21184851334088659,131268.81456832957,1310.4997213648462,132579.31428969442,987,11,352.4146341463415,35,6,20,34.527238159777134,0.6351190476190476,43.80787037037035,1024.7685185185157,29.27910052910045,0
2532,4,1,0,41,0.024390243902439025,0.0,1.0,41,900,500,400,0.5555555555555556,13,5,8,353.3862695534008,0.42240853658536587,0.20288235828313383,0.2081104655848363,131535.81700370784,1096.603732638871,132632.4207363467,988,0,346.8048780487805,35,6,21,34.48477283839183,0.6377976190476191,43.547453703703695,1025.8101851851839,29.308862433862394,0
2533,4,1,1,41,0.023809523809523808,0.023809523809523808,0.9761904761904762,42,1250,700,550,0.56,18,7,11,343.0817251726585,0.42292150600077427,0.20641530154662813,0.2036313965758626,131834.36850761742,645.9925169282506,132480.36102454568,989,0,339.5238095238095,37,5,18,34.44818136522171,0.6368243243243243,43.2565789473684,1026.9736842105237,27.756045519203344,0
2534,4,0,0,41,0.0,0.0,1.0,41,1200,900,300,0.75,15,9,6,348.9008761997383,0.4192835365853658,0.21264867613020622,0.20637452865416045,131703.5336645766,990.2956588344892,132693.82932341108,990,1,348.780487804878,36,5,19,34.43065459864691,0.6374421296296297,43.384009009009,1026.4639639639627,28.512887887887853,0
2535,4,0,1,40,0.0,0.024390243902439025,0.975609756097561,41,1150,700,450,0.6086956521739131,16,7,9,344.2602358010012,0.4191310975609756,0.20337006102768163,0.204633876204554,131890.67790089216,880.9431748229756,132771.62107571514,991,2,349.780487804878,37,4,20,34.361211927127805,0.6373873873873874,43.20175438596489,1027.1929824561369,27.761972498814508,0
2536,4,1,0,41,0.024390243902439025,0.0,1.0,41,1000,700,300,0.7,13,7,6,344.99528241447234,0.42057926829268294,0.20820153167402022,0.20629309744375557,132116.03570329302,915.8818097875974,133031.9175130806,992,0,347.8780487804878,37,4,21,34.11547212741752,0.6396396396396397,42.98245614035086,1028.070175438594,27.7856804172593,0
2537,4,0,1,40,0.0,0.024390243902439025,0.975609756097561,41,900,700,200,0.7777777777777778,11,7,4,342.2595886317975,0.42037601626016263,0.19886509853055512,0.20572848943831837,132313.3815813517,857.1047101030788,133170.48629145478,993,1,348.8780487804878,37,4,22,33.98733081104123,0.6416103603603603,42.79057017543858,1028.8377192982437,27.806424845898476,0
2538,4,0,0,40,0.0,0.0,1.0,40,650,400,250,0.6153846153846154,9,4,5,349.80331562234204,0.4181089743589744,0.20459474260679067,0.2092859942091731,132137.36329234636,1244.4175594513358,133381.7808517977,994,2,358.175,36,4,22,33.970427163198245,0.6417824074074074,42.96171171171171,1028.1531531531527,28.5598098098098,0
2539,4,0,0,40,0.0,0.0,1.0,40,650,500,150,0.7692307692307693,8,5,3,349.7464910442574,0.4177483974358975,0.20544573431168556,0.20941214490000726,132166.31063073195,1244.940675472757,133411.2513062047,995,3,359.175,36,4,23,33.94274997262074,0.6420717592592593,42.93355855855855,1028.2657657657649,28.562937937937914,0
2540,4,0,0,40,0.0,0.0,1.0,40,700,400,300,0.5714285714285714,10,4,6,350.1323121176396,0.41670673076923076,0.21334061600767407,0.21046069728377997,132313.38158135168,1265.4380434364116,133578.8196247881,996,4,360.175,37,3,23,33.78483693914525,0.6416103603603603,42.79057017543858,1028.8377192982434,27.80642484589847,0
2541,4,0,0,40,0.0,0.0,1.0,40,1250,900,350,0.72,16,9,7,347.48781363184906,0.41610576923076925,0.21610566680869225,0.20965395850744203,132454.43309479835,1205.2602723914995,133659.69336718984,997,5,361.175,37,3,23,33.71103181366284,0.6430180180180181,42.65350877192982,1029.3859649122803,27.821242294926495,0
2542,4,0,0,40,0.0,0.0,1.0,40,1250,1100,150,0.88,14,11,3,349.99702526924955,0.4155982905982906,0.22058134582623534,0.21180232353922615,132567.32840874104,1279.6341181902005,133846.96252693125,998,6,362.175,37,3,23,33.53297132311187,0.6441441441441442,42.5438596491228,1029.824561403508,27.833096254148863,0
2543,4,1,0,41,0.024390243902439025,0.0,1.0,41,1150,800,350,0.6956521739130435,15,8,7,344.1539907111605,0.41745426829268295,0.22655377227347473,0.20992958346161145,132865.71905361942,945.25348820218,133810.9725418216,999,0,354.3170731707317,38,3,17,33.383851468048356,0.6452850877192983,42.25427350427349,1030.982905982904,27.13112910481326,0
2544,4,0,0,41,0.0,0.0,1.0,41,800,500,300,0.625,11,5,6,344.3133980198645,0.417505081300813,0.22793543446780462,0.21018144239656603,132893.25741699527,951.3858070348291,133844.6432240301,1000,1,355.3170731707317,38,3,18,33.35211377059371,0.6455592105263157,42.227564102564095,1031.0897435897425,27.1339406207827,0
2545,4,0,1,40,0.0,0.024390243902439025,0.975609756097561,41,1250,1000,250,0.8,15,10,5,342.804803067682,0.4163363821138211,0.22183832276346993,0.21018831639521293,133058.54752218936,922.6218359631845,133981.16935815255,1001,2,356.3170731707317,38,3,19,33.22525111318215,0.647203947368421,42.06730769230769,1031.7307692307693,27.15080971659919,0
2546,4,0,0,40,0.0,0.0,1.0,40,900,600,300,0.6666666666666666,12,6,6,350.0224715075229,0.4146901709401709,0.22700999680952894,0.21357957816906162,132878.0384950178,1302.0598886195858,134180.09838363738,1002,3,366.0,37,3,19,33.22022670069837,0.647240990990991,42.242324561403514,1031.0307017543867,27.86569464201045,0
2547,4,0,0,40,0.0,0.0,1.0,40,1100,1000,100,0.9090909090909091,12,10,2,353.0330605881808,0.4142494658119658,0.2271364795918367,0.2162327496102608,133019.3905817175,1392.0485149276765,134411.4390966452,1003,4,367.0,37,3,19,33.00072633219954,0.6486486486486487,42.10526315789474,1031.5789473684215,27.88051209103842,0
2548,4,0,0,40,0.0,0.0,1.0,40,1050,800,250,0.7619047619047619,13,8,5,354.7171020173538,0.4137820512820513,0.23047348283558255,0.2174288738033411,133047.6700162552,1438.8567876654586,134486.52680392066,1004,5,368.0,37,3,19,32.92891114889999,0.6489301801801801,42.07785087719299,1031.6885964912296,27.883475580844046,0
2549,4,0,0,40,0.0,0.0,1.0,40,950,600,350,0.631578947368421,13,6,7,354.7608587874838,0.4136084401709402,0.23138682252922393,0.21762057895633793,133075.95245652518,1442.0278354878517,134517.98029201303,1005,6,369.0,37,3,20,32.89939780375488,0.6492117117117118,42.05043859649123,1031.7982456140357,27.886439070649615,0
2550,4,1,0,41,0.024390243902439025,0.0,1.0,41,1200,700,500,0.5833333333333334,17,7,10,345.6899184065698,0.4159044715447155,0.22147683166419063,0.2141683024285675,133444.6239339069,1026.0922319015406,134470.71616580844,1006,0,360.9756097560976,38,3,21,32.76397649329611,0.6510416666666667,41.693376068376075,1033.2264957264968,27.19017094017097,0
2551,4,0,0,41,0.0,0.0,1.0,41,850,600,250,0.7058823529411765,11,6,5,345.96379667435696,0.41519308943089434,0.2269883734710394,0.21465733195837447,133499.82336410639,1037.221149280464,134537.04451338685,1007,1,361.9756097560976,38,3,22,32.701635135600824,0.6515899122807017,41.639957264957275,1033.4401709401723,27.195793972109797,0
2552,4,0,1,40,0.0,0.024390243902439025,0.975609756097561,41,800,500,300,0.625,11,5,6,344.9033110990922,0.41504065040650406,0.22915484968803113,0.21431853146330904,133555.03420858015,1012.7147024983815,134567.74891107852,1008,2,362.9756097560976,38,3,22,32.67377260981912,0.6521381578947368,41.586538461538474,1033.6538461538482,27.201417004048636,0
2553,4,0,0,40,0.0,0.0,1.0,40,1450,1300,150,0.896551724137931,16,13,3,353.6478517026059,0.41509081196581193,0.23037588802884112,0.22043971509631688,133670.57802641188,1454.4625509772172,135125.0405773891,1009,3,369.725,37,3,23,32.33209186017742,0.6551238738738738,41.47478070175438,1034.100877192982,27.94867235656708,0
2554,4,0,0,40,0.0,0.0,1.0,40,900,600,300,0.6666666666666666,12,6,6,356.5671347958825,0.41470352564102564,0.23059618441971397,0.22294306937038796,133783.99032635053,1540.5948224453844,135324.58514879592,1010,4,370.725,37,3,19,32.143062179826906,0.65625,41.36513157894738,1034.5394736842115,27.9605263157895,0
2555,4,0,0,40,0.0,0.0,1.0,40,750,600,150,0.8,9,6,3,336.403535848307,0.4148771367521367,0.1789308522351909,0.1941052676349631,130751.61944038606,831.1404149877459,131582.7598553738,1011,5,371.725,36,4,18,35.71166409748218,0.6278935185185186,44.31306306306305,1022.7477477477456,28.4096596596596,8
2556,4,1,0,41,0.024390243902439025,0.0,1.0,41,900,600,300,0.6666666666666666,12,6,6,329.37745599273694,0.4142530487804878,0.17332219146602612,0.19179460342719207,131103.44048168653,436.5035395506146,131539.94402123714,1012,0,363.6341463414634,37,4,19,35.536224125624535,0.6295045045045045,43.96929824561403,1024.1228070175428,27.678994784257913,0
2557,4,0,0,41,0.0,0.0,1.0,41,1250,1100,150,0.88,14,11,3,328.0216445393133,0.414380081300813,0.16865394253257615,0.1915646404109587,131215.75869498288,408.32179132038317,131624.08048630325,1013,1,364.6341463414634,37,4,19,35.45769121004565,0.6306306306306306,43.85964912280701,1024.5614035087704,27.69084874348028,0
2558,4,0,0,41,0.0,0.0,1.0,41,1050,600,450,0.5714285714285714,15,6,9,328.56529561607607,0.4140243902439025,0.16485790406208323,0.19230430921248953,131300.02891514672,428.12656298088643,131728.1554781276,1014,2,365.6341463414634,37,4,19,35.35882725295102,0.6314752252252251,43.77741228070174,1024.890350877191,27.699739212897054,0
2559,4,0,0,41,0.0,0.0,1.0,41,1050,800,250,0.7619047619047619,13,8,5,327.2925082536321,0.41453252032520327,0.15484453208343418,0.1921225514550979,131412.4312889541,402.0608504539624,131814.49213940807,1015,3,366.6341463414634,37,4,20,35.278201083663056,0.6326013513513513,43.667763157894726,1025.3289473684197,27.71159317211945,0
2560,4,0,0,41,0.0,0.0,1.0,41,1000,700,300,0.7,13,7,6,326.8691648186716,0.41366869918699184,0.1589081096583278,0.19243933523465526,131524.88175448205,398.28565039241334,131923.16740487446,1016,4,367.6341463414634,37,4,21,35.17581952610011,0.6337274774774775,43.55811403508771,1025.7675438596484,27.72344713134185,0
2561,4,0,1,40,0.0,0.024390243902439025,0.975609756097561,41,1150,700,450,0.6086956521739131,16,7,9,328.28223294157806,0.41328760162601624,0.15702636564777905,0.19384185603155982,131637.3803117303,442.84262946289016,132080.22294119318,1017,5,368.6341463414634,37,4,18,35.02633383196212,0.6348536036036037,43.44846491228069,1026.2061403508753,27.7353010905642,0
2562,4,0,0,40,0.0,0.0,1.0,40,750,600,150,0.8,9,6,3,334.8340384205241,0.41247329059829063,0.1689242590559823,0.19730518046642792,131559.0823086601,810.0917640613619,132369.17407272145,1018,6,378.15,36,4,18,34.9371112330772,0.6359953703703703,43.52477477477478,1025.9009009009014,28.497247247247262,0
2563,4,0,0,40,0.0,0.0,1.0,40,1350,1100,250,0.8148148148148148,16,11,5,336.1839399194445,0.4115518162393162,0.16454241193898778,0.19855114999908607,131645.7436110097,851.4369521548608,132497.18056316455,1019,7,379.15,36,4,18,34.815190753136534,0.6368634259259259,43.44031531531532,1026.2387387387391,28.50663163163164,0
2564,4,0,0,40,0.0,0.0,1.0,40,850,500,350,0.5882352941176471,12,5,7,338.18232885832845,0.4116586538461538,0.16343917955467813,0.2003384205458988,131761.33639974444,911.8711194302534,132673.2075191747,1020,8,380.15,36,4,18,34.647499177360984,0.6380208333333333,43.32770270270271,1026.68918918919,28.519144144144168,0
2565,4,0,0,40,0.0,0.0,1.0,40,1150,800,350,0.6956521739130435,15,8,7,333.7777195942125,0.41136485042735044,0.1594973138910203,0.19833137331718664,131876.97991488132,803.5195245921814,132680.4994394735,1021,9,381.15,36,4,18,34.644181924496586,0.6391782407407407,43.2150900900901,1027.1396396396412,28.5316566566567,0
2566,4,0,1,39,0.0,0.025,0.975,40,1050,800,250,0.7619047619047619,13,8,5,332.8501309158382,0.4110844017094017,0.15634042086804056,0.1982326758796415,131963.74584043506,784.8300158266435,132748.5758562617,1022,10,382.15,36,4,18,34.5807303083443,0.6400462962962963,43.130630630630634,1027.4774774774778,28.54104104104105,0
2567,4,0,1,38,0.0,0.02564102564102564,0.9743589743589743,39,950,800,150,0.8421052631578947,11,8,3,339.02902584048036,0.4084008097165992,0.15467803571892857,0.20184846830220954,131951.69331114978,1147.0908082561923,133098.78411940596,1023,11,392.53846153846155,35,4,18,34.43414160189255,0.6419642857142858,43.14236111111112,1027.4305555555563,29.355158730158752,0
2568,4,1,0,39,0.02564102564102564,0.0,1.0,39,1400,1200,200,0.8571428571428571,16,12,4,342.1480256505801,0.41059379217273956,0.15987322370301116,0.20466672807098346,132130.12695312512,1241.612413194459,133371.73936631958,1024,0,393.2307692307692,35,4,20,34.174476528199946,0.64375,42.96875000000001,1028.125000000001,29.375000000000025,0
2569,4,1,0,40,0.025,0.0,1.0,40,800,400,400,0.5,12,4,8,335.6507578334506,0.4121394230769231,0.1541201575837161,0.20205379611871382,132369.0307706357,885.9530983686627,133254.98386900435,1025,0,384.375,36,4,21,34.10141715911579,0.6440972222222222,42.7364864864865,1029.0540540540558,28.584834834834883,0
2570,4,0,0,40,0.0,0.0,1.0,40,600,500,100,0.8333333333333334,7,5,2,333.1293537346956,0.41131143162393163,0.1529869618972688,0.20148551054912223,132546.94097490152,831.0585276960926,133377.9995025976,1026,1,385.375,35,5,22,33.98769716383801,0.6479166666666667,42.56365740740741,1029.7453703703711,29.42129629629632,0
2571,4,0,0,40,0.0,0.0,1.0,40,1200,800,400,0.6666666666666666,16,8,8,331.9765035953478,0.41143162393162397,0.15385717496347961,0.2011068009186522,132606.53941883153,804.4510620284798,133410.99048086,1027,2,386.375,35,5,22,33.95758418548902,0.6485119047619048,42.505787037037045,1029.9768518518526,29.427910052910075,0
2572,4,0,0,40,0.0,0.0,1.0,40,1050,700,350,0.6666666666666666,14,7,7,333.185606033086,0.41038995726495725,0.1581536388140159,0.20264239317749969,132755.59413580244,846.4506172839419,133602.04475308637,1028,3,387.375,35,5,18,33.776954177897565,0.65,42.36111111111111,1030.5555555555552,29.444444444444436,0
2573,4,0,0,40,0.0,0.0,1.0,40,1050,700,350,0.6666666666666666,14,7,7,331.57701852857576,0.4103632478632479,0.158819896698855,0.20198528912554695,132815.2394654492,807.6962234224957,133622.93568887172,1029,4,388.375,35,5,18,33.758608428774615,0.6505952380952381,42.30324074074074,1030.7870370370367,29.451058201058192,0
2574,4,0,1,39,0.0,0.025,0.975,40,900,700,200,0.7777777777777778,11,7,4,332.1992774600355,0.4098824786324786,0.1584044224941068,0.2028487568808401,132904.73257726768,830.1712266375135,133734.9038039052,1030,5,389.375,35,5,18,33.6528837879298,0.6514880952380953,42.21643518518518,1031.1342592592594,29.46097883597884,0
2575,4,0,0,39,0.0,0.0,1.0,39,1250,700,550,0.56,18,7,11,341.15789360887584,0.4066857849752587,0.17227027571058984,0.20839983599718484,132919.2247732426,1269.2885487528274,134188.51332199544,1031,7,400.2307692307692,34,5,19,33.40741168321404,0.6537990196078431,42.20238095238095,1031.190476190476,30.329131652661058,0
2576,4,0,0,39,0.0,0.0,1.0,39,850,600,250,0.7058823529411765,11,6,5,339.38615748096385,0.40584233018443544,0.16944648172915167,0.20823314479991697,133083.80922335823,1233.3605270490434,134317.16975040728,1032,8,401.2307692307692,35,4,21,33.28811460085998,0.6532738095238095,42.042824074074076,1031.828703703704,29.48082010582011,0
2577,4,0,0,39,0.0,0.0,1.0,39,1200,1000,200,0.8333333333333334,14,10,4,336.9218542669228,0.40564552406657667,0.1645430940036754,0.20705252753260855,133143.52823055978,1171.792883016115,134315.3211135759,1033,9,402.2307692307692,35,4,21,33.2918629210123,0.6538690476190476,41.9849537037037,1032.0601851851848,29.48743386243385,0
2578,4,0,0,39,0.0,0.0,1.0,39,1050,600,450,0.5714285714285714,15,6,9,328.63802032370154,0.40488641475483583,0.1081299915350924,0.1861460006298791,130032.7708409424,746.7424772745783,130779.51331821697,1034,10,403.2307692307692,36,3,19,36.63717750542857,0.6206597222222222,45.016891891891895,1019.9324324324333,28.33145645645648,8
2579,4,0,0,39,0.0,0.0,1.0,39,950,700,250,0.7368421052631579,12,7,5,328.3272189362655,0.4037336932073774,0.10588028906280877,0.18665628971144552,130176.38204082476,748.0898973297726,130924.47193815453,1035,11,404.2307692307692,36,3,20,36.49971492680055,0.6221064814814814,44.87612612612613,1020.4954954954967,28.34709709709713,0
2580,4,0,1,38,0.0,0.02564102564102564,0.9743589743589743,39,1400,1000,400,0.7142857142857143,18,10,8,330.2443356168058,0.4028902384165542,0.10466832968487427,0.18830158155358243,130291.32806793279,805.5946148851458,131096.92268281794,1036,12,405.2307692307692,36,3,20,36.33447312302373,0.6232638888888888,44.76351351351351,1020.9459459459458,28.359609609609606,0
2581,4,1,1,38,0.02564102564102564,0.02564102564102564,0.9743589743589743,39,950,600,350,0.631578947368421,13,6,7,324.2998081726686,0.40291835357624833,0.1189580859392183,0.18719483976699544,130766.7743921204,681.5279701446337,131448.30236226504,1037,0,398.5128205128205,37,2,17,36.00584262435679,0.6261261261261262,44.298245614035075,1022.8070175438576,27.643432906590746,0
2582,4,0,0,38,0.0,0.0,1.0,38,950,700,250,0.7368421052631579,12,7,5,326.2609083356025,0.4021011142721669,0.11363149204877865,0.18867475189235816,130838.01442912496,937.4658864945859,131775.48031561956,1038,1,399.36842105263156,36,2,17,35.883782792148224,0.6287615740740741,44.228603603603595,1023.0855855855847,28.419044044044018,0
2583,4,0,0,38,0.0,0.0,1.0,38,900,700,200,0.7777777777777778,11,7,4,326.3255949650366,0.4018195827406354,0.11225328947368385,0.18913565095932725,130924.43795146486,944.7990219949498,131869.2369734598,1039,2,400.36842105263156,36,2,18,35.79491270539905,0.6296296296296297,44.144144144144136,1023.4234234234225,28.428428428428404,0
2584,4,0,0,38,0.0,0.0,1.0,38,900,700,200,0.7777777777777778,11,7,4,326.1543520369103,0.400263750592698,0.10854141951911056,0.19003035437384364,131126.20380092927,953.4764071503846,132079.68020807966,1040,3,401.36842105263156,36,2,19,35.59579439252335,0.6316550925925926,43.94707207207207,1024.2117117117114,28.450325325325316,0
2585,4,0,0,38,0.0,0.0,1.0,38,1200,1000,200,0.8333333333333334,14,10,4,325.1931915335435,0.399671052631579,0.10749301542679679,0.19004064545688576,131241.5683208546,935.772892825258,132177.34121367984,1041,4,402.36842105263156,36,2,19,35.5041304905301,0.6328125,43.83445945945946,1024.6621621621618,28.462837837837828,0
2586,4,0,1,37,0.0,0.02631578947368421,0.9736842105263158,38,1200,1000,200,0.8333333333333334,14,10,4,329.09400094872166,0.39940433854907537,0.11394259949709484,0.19319154601148353,131414.71021274655,1049.5585534859176,132464.26876623248,1042,5,403.36842105263156,36,2,20,35.229727256086385,0.6345486111111112,43.66554054054054,1025.337837837838,28.481606606606608,0
2587,4,0,0,37,0.0,0.0,1.0,37,800,400,400,0.5,12,4,8,336.90996006715375,0.3982732732732733,0.12371341647620304,0.1974858713643136,131357.78523930462,1451.1492358967653,132808.9344752014,1043,6,411.72972972972974,35,2,20,35.08677223288548,0.6360119047619048,43.72106481481481,1025.11574074074,29.289021164021143,0
2588,4,0,0,37,0.0,0.0,1.0,37,750,400,350,0.5333333333333333,11,4,7,337.70066039319556,0.39796046046046046,0.1270129917680154,0.19810281124257784,131387.4488275891,1473.9256472908014,132861.3744748799,1044,7,412.72972972972974,35,2,20,35.036595920824865,0.6363095238095238,43.692129629629626,1025.231481481481,29.29232804232803,0
2589,4,0,0,37,0.0,0.0,1.0,37,1150,800,350,0.6956521739130435,15,8,7,336.8878059537278,0.3982107107107107,0.13383913079275822,0.19839446007760056,131535.81700370798,1462.562558942041,132998.37956265002,1045,8,413.72972972972974,35,2,20,34.907880138403094,0.6377976190476191,43.5474537037037,1025.810185185185,29.30886243386243,0
2590,4,0,0,37,0.0,0.0,1.0,37,800,600,200,0.75,10,6,4,338.068530074235,0.39777277277277273,0.13121490540845393,0.19955496588802715,131624.87809713645,1499.6458118998573,133124.5239090363,1046,9,414.72972972972974,35,2,18,34.78785998947289,0.6386904761904761,43.460648148148145,1026.1574074074072,29.318783068783063,0
2591,4,0,0,37,0.0,0.0,1.0,37,900,500,400,0.5555555555555556,13,5,8,338.14850555096746,0.3977102102102102,0.1316607541235415,0.19991339648173215,131684.268904321,1505.767746913582,133190.0366512346,1047,10,415.72972972972974,35,2,18,34.72598105548038,0.6392857142857142,43.40277777777778,1026.3888888888891,29.325396825396833,0
2592,4,0,0,37,0.0,0.0,1.0,37,850,500,350,0.5882352941176471,12,5,7,338.84194448608093,0.3967092092092092,0.13562553875863914,0.20110666042976572,131832.80452942822,1534.0967667609802,133366.9012961892,1048,11,416.72972972972974,35,2,18,34.55860945189526,0.6407738095238096,43.258101851851855,1026.967592592593,29.34193121693123,0
2593,4,0,0,37,0.0,0.0,1.0,37,800,600,200,0.75,10,6,4,338.04223794813896,0.3971471471471471,0.14024095064987252,0.20126096219085368,131951.69331114966,1521.0491415894985,133472.74245273916,1049,12,417.72972972972974,35,2,19,34.45948800270361,0.6419642857142858,43.14236111111111,1027.4305555555552,29.35515873015872,0
2594,4,0,0,37,0.0,0.0,1.0,37,1250,1000,250,0.8,15,10,5,338.9690171332903,0.3967717717717718,0.1457305087118188,0.20260584186930594,132100.37964034642,1555.5871699245522,133655.96681027097,1050,13,418.72972972972974,35,2,20,34.286102979809336,0.6434523809523809,42.99768518518518,1028.0092592592596,29.37169312169313,0
2595,4,0,0,37,0.0,0.0,1.0,37,350,200,150,0.5714285714285714,5,2,3,340.39005108820635,0.39642767767767767,0.14639132604013283,0.20377528395334407,132159.8776148834,1597.1814986282486,133757.05911351164,1051,14,419.72972972972974,35,2,20,34.18974185802191,0.644047619047619,42.93981481481481,1028.2407407407404,29.37830687830687,0
2596,4,0,0,37,0.0,0.0,1.0,37,700,600,100,0.8571428571428571,8,6,2,340.4592312893319,0.39602102102102105,0.14201507381791,0.20413770102813786,132219.38898533946,1603.062307098764,133822.45129243823,1052,15,420.72972972972974,35,2,20,34.12812288993924,0.6446428571428571,42.88194444444444,1028.472222222222,29.384920634920626,0
2597,4,0,0,37,0.0,0.0,1.0,37,1500,1100,400,0.7333333333333333,19,11,8,341.7968142058734,0.39498873873873874,0.14246192198948116,0.20558685238770047,132338.4519140088,1646.572252229066,133985.02416623785,1053,16,421.72972972972974,35,2,21,33.97403449568803,0.6458333333333333,42.766203703703695,1028.9351851851843,29.398148148148124,0
2598,4,0,0,37,0.0,0.0,1.0,37,1200,900,300,0.75,15,9,6,343.51945071463155,0.3947697697697698,0.13656048942229093,0.20711311696306545,132427.78427479838,1698.3039426868813,134126.08821748526,1054,17,422.72972972972974,35,2,21,33.839934967577484,0.6467261904761905,42.67939814814814,1029.2824074074063,29.40806878306875,0
2599,4,0,0,37,0.0,0.0,1.0,37,1550,1100,450,0.7096774193548387,20,11,9,343.0335894918771,0.3945195195195195,0.13744965464452985,0.20764033192508272,132576.73852237628,1695.6548996913284,134272.3934220676,1055,18,423.72972972972974,35,2,21,33.702798381658795,0.6482142857142856,42.53472222222221,1029.861111111109,29.424603174603117,0
2600,4,0,0,37,0.0,0.0,1.0,37,900,700,200,0.7777777777777778,11,7,4,344.8029289231159,0.39395645645645644,0.1420467658669904,0.20904264764412314,132636.34366426594,1746.6799554183594,134383.0236196843,1056,19,424.72972972972974,35,2,16,33.59737827715356,0.6488095238095238,42.47685185185184,1030.0925925925912,29.43121693121689,0
2601,4,0,0,37,0.0,0.0,1.0,37,800,600,200,0.75,10,6,4,344.2772692251985,0.3937374874874875,0.14096068437301756,0.20922187903835754,132725.77649444848,1738.8935774605366,134464.67007190903,1057,20,425.72972972972974,35,2,16,33.52112115766221,0.649702380952381,42.39004629629628,1030.439814814813,29.441137566137513,0
2602,4,0,0,37,0.0,0.0,1.0,37,700,500,200,0.7142857142857143,9,5,4,345.6237955006384,0.3936436436436436,0.13987283184363464,0.21037456588743553,132785.41512613583,1778.759832604577,134564.17495874042,1058,21,426.72972972972974,35,2,17,33.4265627924387,0.6502976190476191,42.33217592592592,1030.6712962962952,29.44775132275129,0
2603,4,0,0,37,0.0,0.0,1.0,37,800,500,300,0.625,11,5,6,343.99506304058826,0.3934872372372373,0.14162332105291897,0.2095499337509901,132815.23946544903,1737.557334533579,134552.7967999826,1059,22,427.72972972972974,35,2,17,33.438599446066306,0.6505952380952381,42.303240740740726,1030.7870370370354,29.451058201058153,0
2604,4,0,0,37,0.0,0.0,1.0,37,800,400,400,0.5,12,4,8,342.0183650503912,0.39295545545545546,0.13747739657034708,0.20867805451156718,132874.8981910149,1689.131087105603,134564.0292781205,1060,23,428.72972972972974,35,2,17,33.429688669360864,0.6511904761904762,42.24537037037036,1031.0185185185169,29.45767195767191,0
2605,4,0,0,37,0.0,0.0,1.0,37,1250,1000,250,0.8,15,10,5,343.0516889406009,0.39211086086086083,0.13203645646993212,0.2103138070987972,133053.9547432268,1728.876778978024,134782.8315222048,1061,24,429.72972972972974,35,2,18,33.223487398100374,0.6529761904761905,42.071759259259245,1031.712962962961,29.47751322751317,0
2606,4,0,0,37,0.0,0.0,1.0,37,900,600,300,0.6666666666666666,12,6,6,345.2909595039022,0.3910785785785786,0.13161356018498904,0.21236584667971006,133173.39275763018,1796.7137131344177,134970.1064707646,1062,25,430.72972972972974,35,2,19,33.04599312252374,0.6541666666666667,41.95601851851851,1032.175925925925,29.490740740740712,0
2607,4,0,0,37,0.0,0.0,1.0,37,1550,1200,350,0.7741935483870968,19,12,7,342.3407976161347,0.39164164164164167,0.12923177576321154,0.2113984039535479,133322.76562767907,1728.364385073722,135051.13001275278,1063,26,431.72972972972974,35,2,19,32.972491501363514,0.6556547619047619,41.81134259259259,1032.7546296296289,29.50727513227511,0
2608,4,1,0,38,0.02631578947368421,0.0,1.0,38,1250,900,350,0.72,16,9,7,332.6437124408979,0.3942923186344239,0.12247646998131345,0.20721401408631776,133646.82883897406,1291.3554601899143,134938.184299164,1064,0,421.3421052631579,36,2,21,32.89883286139549,0.6568287037037037,41.497747747747745,1034.0090090090087,28.72247247247246,0
2609,4,0,0,38,0.0,0.0,1.0,38,900,800,100,0.8888888888888888,10,8,2,335.81187438538774,0.39384779516358465,0.12481661470750027,0.20951740858392648,133705.056407759,1379.949121418701,135085.0055291777,1065,1,422.3421052631579,36,2,17,32.75873802264808,0.6574074074074074,41.441441441441434,1034.2342342342333,28.728728728728704,0
2610,4,0,1,37,0.0,0.02631578947368421,0.9736842105263158,38,1400,1100,300,0.7857142857142857,17,11,6,336.51813262135795,0.39292911332385017,0.12292349288545767,0.21062183940906207,133821.54959013045,1406.6755945134114,135228.22518464387,1066,2,423.3421052631579,36,2,18,32.62407488027863,0.6585648148148149,41.32882882882882,1034.684684684683,28.74124124124119,0
2611,4,0,0,37,0.0,0.0,1.0,37,1100,800,300,0.7272727272727273,14,8,6,346.0907018594718,0.38866991991991995,0.1251504357344586,0.2163187897356615,133771.38658479083,1859.4066143690027,135630.79319915985,1067,30,435.72972972972974,35,2,18,32.426624151562606,0.6601190476190476,41.37731481481482,1034.490740740741,29.556878306878318,0
2612,4,1,0,38,0.02631578947368421,0.0,1.0,38,750,700,50,0.9333333333333333,8,7,1,353.9583548041095,0.3930032005689901,0.1314516362373772,0.20623006002199712,131126.20380092924,1682.6430738170511,132808.8468747463,1068,0,425.2368421052632,36,2,18,34.88386476085762,0.6316550925925926,43.94707207207207,1024.2117117117111,28.45032532532531,8
2613,4,0,0,38,0.0,0.0,1.0,38,1050,900,150,0.8571428571428571,12,9,3,354.9570083636665,0.39282539118065435,0.1323193410496235,0.20743441355818876,131241.5683208545,1717.0228928252436,132958.59121367976,1069,1,426.2368421052632,36,2,19,34.74168406784628,0.6328125,43.83445945945945,1024.6621621621612,28.46283783783781,0
2614,4,0,0,38,0.0,0.0,1.0,38,1550,1200,350,0.7741935483870968,19,12,7,354.44155129452884,0.3919511616880038,0.13293334917428967,0.2082461634263611,131446.7860510974,1718.0690857273696,133164.85513682477,1070,2,427.2368421052632,35,3,21,34.54759217456735,0.6369047619047619,43.63425925925926,1025.462962962963,29.2989417989418,0
2615,4,0,0,38,0.0,0.0,1.0,38,1100,700,400,0.6363636363636364,15,7,8,357.4145694587445,0.3909435751541015,0.13706536196085883,0.21064645902143025,131565.50068587105,1804.6853566529512,133370.186042524,1071,3,428.2368421052632,35,3,18,34.35149669073407,0.638095238095238,43.51851851851852,1025.9259259259259,29.31216931216931,0
2616,4,1,0,39,0.02564102564102564,0.0,1.0,39,900,600,300,0.6666666666666666,12,6,6,348.9589564249794,0.3944838056680162,0.13783702504518058,0.20766813825603977,131934.82069485035,1407.9674691583612,133342.7881640087,1072,0,418.2307692307692,36,3,19,34.196079506010435,0.6397569444444444,43.15878378378379,1027.3648648648657,28.537912912912937,0
2617,4,0,0,39,0.0,0.0,1.0,39,900,700,200,0.7777777777777778,11,7,4,348.60441562063795,0.3939496176338282,0.13747882445154302,0.20809107268604082,132050.54029959018,1406.6802867056326,133457.22058629582,1073,1,419.2307692307692,36,3,20,34.08864723713524,0.6409143518518519,43.046171171171174,1027.8153153153157,28.550425425425438,0
2618,4,0,0,39,0.0,0.0,1.0,39,1150,900,250,0.782608695652174,14,9,5,353.9250294603979,0.3942307692307692,0.19057302546848343,0.20036490443329452,130012.50270328711,1418.6165689384693,131431.1192722256,1074,2,420.2307692307692,33,6,16,36.01297764960345,0.6268939393939394,45.03676470588235,1019.8529411764699,30.90463458110515,8
2619,4,0,0,39,0.0,0.0,1.0,39,600,400,200,0.6666666666666666,8,4,4,353.0126726358515,0.39392150247413404,0.19215827626256599,0.2000084734069565,130043.75007509123,1381.4183547193275,131425.16842981055,1075,3,421.2307692307692,33,6,16,36.00452060555089,0.627209595959596,45.00612745098039,1019.9754901960778,30.908348187759934,0
2620,4,0,0,39,0.0,0.0,1.0,39,1700,1400,300,0.8235294117647058,20,14,6,355.69013173648835,0.3947368421052631,0.19678225439147212,0.20298699846770007,130325.14537677821,1471.0736255286513,131796.21900230687,1076,4,422.2307692307692,33,6,17,35.65070411265802,0.630050505050505,44.73039215686275,1021.0784313725494,30.941770647653012,0
2621,4,0,0,39,0.0,0.0,1.0,39,1350,800,550,0.5925925925925926,19,8,11,352.1382725462111,0.39513045434098065,0.16507979005259843,0.18500338730227764,127036.73846760512,1146.899526777433,128183.63799438255,1077,5,423.2307692307692,37,2,15,39.09660285693566,0.5884009009009009,47.97149122807016,1008.1140350877168,27.246325272640995,8
2622,4,1,0,40,0.025,0.0,1.0,40,1200,1000,200,0.8333333333333334,14,10,4,341.4571385865301,0.39987980769230774,0.1709422283356261,0.1811965983594211,127442.37075617255,703.2214506172515,128145.59220678979,1078,0,413.625,38,2,14,38.95002292526364,0.590734649122807,47.56944444444443,1009.7222222222198,26.57163742690052,0
2623,4,0,0,40,0.0,0.0,1.0,40,800,600,200,0.75,10,6,4,339.3313144369182,0.3997996794871795,0.16577736647276597,0.18055022948796026,127550.26989051396,656.3601477463303,128206.63003826028,1079,1,414.625,38,2,15,38.89322228098007,0.5918311403508771,47.46260683760682,1010.14957264957,26.58288349077816,0
2624,4,3,0,43,0.06976744186046512,0.0,1.0,43,1450,1200,250,0.8275862068965517,17,12,5,317.39753284937217,0.4134366925064599,0.1728107751393877,0.17250166730827177,128401.90120174823,-447.72954189684924,127954.17165985139,1080,0,386.6279069767442,40,3,13,38.57874594739129,0.5971354166666667,46.62093495934959,1013.5162601626012,25.337906504065028,0
2625,4,2,0,45,0.044444444444444446,0.0,1.0,45,850,500,350,0.5882352941176471,12,5,7,307.0994626432555,0.41702441077441077,0.18529894962213933,0.1693489567011704,128979.82698042493,-1078.072888498281,127901.75409192665,1081,0,370.4,42,3,16,38.252607396101624,0.5999503968253967,46.05135658914729,1015.7945736434115,24.185585086747892,0
2626,4,0,1,44,0.0,0.022222222222222223,0.9777777777777777,45,1050,400,650,0.38095238095238093,17,4,13,306.8546890855136,0.4170875420875421,0.19175487111026324,0.16963548362887632,129078.27546609289,-1078.3451828315517,127999.93028326135,1082,1,371.4,42,3,17,38.158950764438515,0.6009424603174602,45.95445736434109,1016.1821705426365,24.194813584348488,0
2627,4,0,1,43,0.0,0.022727272727272728,0.9772727272727273,44,1300,800,500,0.6153846153846154,18,8,10,309.89594862328124,0.418142177589852,0.18382862012036028,0.17119494637538574,129050.14349489818,-801.5766723355786,128248.5668225626,1083,2,373.47727272727275,41,3,17,38.11023237648896,0.6021341463414633,45.98214285714287,1016.0714285714303,24.782229965156837,0
2628,4,0,0,43,0.0,0.0,1.0,43,1200,900,300,0.75,15,9,6,309.1768509010929,0.41752030269472135,0.16488133746467382,0.17112462655222582,129125.75511975637,-615.4611323695999,128510.29398738677,1084,3,359.0232558139535,41,2,17,38.05179355783309,0.6028963414634146,45.9077380952381,1016.3690476190487,24.789488966318263,0
2629,4,0,0,43,0.0,0.0,1.0,43,1050,800,250,0.7619047619047619,13,8,5,312.7437055677889,0.41733573274270946,0.17189362794880747,0.17377158587545088,129278.89034511567,-513.7460120809366,128765.14433303472,1085,4,360.0232558139535,40,3,17,37.80582758735551,0.6059895833333333,45.757113821138226,1016.9715447154498,25.424288617886244,0
2630,4,0,0,43,0.0,0.0,1.0,43,900,700,200,0.7777777777777778,11,7,4,315.00866765602007,0.41671280915466963,0.18041958041958006,0.17537468093641628,129356.41503899822,-450.3216091611859,128906.09342983704,1086,5,361.0232558139535,40,3,17,37.669622044622066,0.6067708333333333,45.6808943089431,1017.2764227642298,25.431910569105746,0
2631,4,1,0,44,0.022727272727272728,0.0,1.0,44,750,600,150,0.8,9,6,3,312.75799789683276,0.41951858703312195,0.18918727414440584,0.17522642414918652,129605.14298311932,-692.9909926933572,128912.15199042596,1087,0,353.79545454545456,41,3,13,37.47483112496754,0.6077235772357723,45.436507936507944,1018.2539682539694,24.83546264034072,0
2632,4,0,0,44,0.0,0.0,1.0,44,950,600,350,0.631578947368421,13,6,7,312.51664582792364,0.4196507223396759,0.1873074335092253,0.1755427198775231,129706.17992567403,-692.9319412950329,129013.247984379,1088,1,354.79545454545456,41,3,13,37.37866835475912,0.608739837398374,45.33730158730159,1018.6507936507942,24.845141308555956,0
2633,4,0,0,44,0.0,0.0,1.0,44,1250,1000,250,0.8,15,10,5,315.70781607970537,0.41865970754052145,0.19939615129396104,0.17813826525090506,129883.08930343001,-598.9787060657327,129284.11059736428,1089,2,355.79545454545456,41,3,13,37.11830900243309,0.6105182926829269,45.16369047619049,1019.3452380952405,24.862078977932693,0
2634,4,0,0,44,0.0,0.0,1.0,44,950,600,350,0.631578947368421,13,6,7,313.72293861170147,0.4187477977448908,0.21456937318556157,0.16886773095650373,128015.94309769297,-636.3768813965387,127379.56621629643,1090,3,356.79545454545456,40,4,17,39.06490593827408,0.5932291666666667,47.002032520325194,1011.9918699186976,25.29979674796744,8
2635,4,1,0,45,0.022222222222222223,0.0,1.0,45,1250,800,450,0.64,17,8,9,313.741776475383,0.4225589225589226,0.23054984499918474,0.1703812996648609,128370.63536352028,-944.9537627551126,127425.68160076517,1091,0,349.84444444444443,41,4,13,38.70319383259912,0.5952743902439024,46.65178571428571,1013.3928571428562,24.716898954703808,0
2636,4,0,0,45,0.0,0.0,1.0,45,1000,500,500,0.5,15,5,10,313.3737847481529,0.4220749158249158,0.23118163087576193,0.17057838376873966,128463.58861396552,-948.5758067423825,127515.01280722313,1092,1,350.84444444444443,42,3,13,38.61793474797679,0.5947420634920635,46.560077519379846,1013.7596899224807,24.137135474344777,0
2637,4,0,0,45,0.0,0.0,1.0,45,1200,900,300,0.75,15,9,6,312.19684746417965,0.42218013468013466,0.2268547710794777,0.1704624101412398,128586.40861614385,-971.1457206598154,127615.26289548403,1093,2,351.84444444444443,42,3,13,38.522857552307265,0.5959821428571428,46.43895348837209,1014.2441860465115,24.14867109634551,0
2638,4,0,0,45,0.0,0.0,1.0,45,1450,1100,350,0.7586206896551724,18,11,7,314.23120196797856,0.42144360269360265,0.23356567681975915,0.1722105378446173,128733.8700818009,-909.5602540412277,127824.30982775967,1094,3,352.84444444444443,42,3,14,38.321358095419974,0.5974702380952381,46.29360465116279,1014.8255813953482,24.162513842746385,0
2639,4,1,0,46,0.021739130434782608,0.0,1.0,46,1650,1100,550,0.6666666666666666,22,11,11,309.059916808357,0.42471819645732695,0.23050125445341152,0.170451708360064,128984.86036680725,-1227.189957099402,127757.67040970785,1095,0,346.1521739130435,43,3,15,38.19771371306051,0.5985949612403101,46.046401515151516,1015.8143939393937,23.623590556730086,0
2640,4,1,1,46,0.02127659574468085,0.02127659574468085,0.9787234042553191,47,1050,700,350,0.6666666666666666,14,7,7,321.95614646666144,0.4268231575701511,0.18364682471794902,0.17096233125858848,127469.34125940496,-1157.858926499243,126311.48233290571,1096,0,339.7659574468085,38,9,16,39.41471822541969,0.5910087719298245,47.542735042735025,1009.8290598290565,26.574448942869907,8
2641,4,0,0,46,0.0,0.0,1.0,46,1450,1000,450,0.6896551724137931,19,10,9,324.034336509166,0.42416465378421897,0.20929370837325822,0.1722262131324829,127506.96277941289,-936.673183094802,126570.28959631809,1097,1,348.1304347826087,37,9,17,39.323793109687664,0.5931869369369369,47.50548245614035,1009.9780701754386,27.296704599336177,0
2642,4,3,0,49,0.061224489795918366,0.0,1.0,49,1500,1100,400,0.7333333333333333,19,11,8,306.5042558780301,0.42922689909297057,0.2288560814396683,0.1600633336251933,126792.09183673454,-2014.7624848069543,124777.32935192759,1098,0,327.7551020408163,41,8,17,40.496946414499604,0.5792682926829269,48.21428571428571,1007.142857142856,24.56445993031356,8
2643,4,2,1,50,0.0392156862745098,0.0196078431372549,0.9803921568627451,51,1150,900,250,0.782608695652174,14,9,5,301.0132056840427,0.4338562091503268,0.247859788696293,0.15933966465293675,127342.21958459288,-2532.953436004054,124809.26614858882,1099,0,315.8627450980392,41,10,13,40.073143961732505,0.5848577235772358,47.668650793650784,1009.325396825395,24.61769260549744,0
2644,4,1,0,51,0.0196078431372549,0.0,1.0,51,950,700,250,0.7368421052631579,12,7,5,302.25465967086046,0.43217320261437914,0.25769262621068534,0.16069215091953123,127517.50996984412,-2491.447684397861,125026.06228544626,1100,0,316.84313725490193,41,10,14,39.8629595979439,0.5866361788617886,47.49503968253967,1010.0198412698388,24.634630274874116,0
2645,4,0,0,51,0.0,0.0,1.0,51,1150,700,450,0.6086956521739131,16,7,9,301.04995743241346,0.4323692810457516,0.2611671546011163,0.1606493408257722,127667.85483001053,-2513.119547587569,125154.73528242296,1101,1,317.84313725490193,41,10,14,39.74008949314485,0.588160569105691,47.34623015873015,1010.6150793650779,24.64914827719702,0
2646,4,0,1,50,0.0,0.0196078431372549,0.9803921568627451,51,1400,1000,400,0.7142857142857143,18,10,8,300.2290272382476,0.43254901960784314,0.2635064817646866,0.1608110601492094,127818.28826727436,-2525.047930051672,125293.24033722268,1102,2,318.84313725490193,41,10,14,39.60755338631083,0.5896849593495934,47.197420634920626,1011.2103174603163,24.663666279519912,0
2647,4,0,1,49,0.0,0.02,0.98,50,1500,1000,500,0.6666666666666666,20,10,10,303.1196871088222,0.431156462585034,0.25250954390194935,0.16274289997201785,127913.11905115981,-2245.403075219798,125667.71597594001,1103,3,325.8,40,10,14,39.43787254704976,0.5921875,47.10365853658536,1011.5853658536569,25.28963414634142,0
2648,4,1,2,48,0.02,0.04,0.96,50,1500,1200,300,0.8,18,12,6,306.5084436374273,0.4308843537414966,0.25130622243998113,0.16541082323214903,128119.4208730943,-2146.063141691887,125973.35773140242,1104,0,326.64,41,9,16,39.14206679732158,0.5927337398373984,46.899801587301575,1012.4007936507912,24.69270228416564,0
2649,4,3,2,49,0.058823529411764705,0.0392156862745098,0.9607843137254902,51,1500,1300,200,0.8666666666666667,17,13,4,299.28164284272674,0.43511437908496736,0.2567791878838299,0.16330978487966488,128561.83992097799,-2504.7602683132304,126057.07965266476,1105,0,320.19607843137254,42,9,11,38.8752866424613,0.595734126984127,46.46317829457363,1014.1472868217029,24.146363971945306,0
2650,4,0,0,49,0.0,0.0,1.0,49,1250,800,450,0.64,17,8,9,312.7493403892523,0.43021896258503406,0.26073480851865294,0.16953769300383117,128298.92223750736,-1774.919339513525,126524.00289799384,1106,1,334.265306122449,40,9,18,38.80132577657405,0.59609375,46.72256097560975,1013.1097560975603,25.327743902439007,0
2651,4,2,1,50,0.0392156862745098,0.0196078431372549,0.9803921568627451,51,1000,500,500,0.5,15,5,10,302.8383506660415,0.43449346405228756,0.28029916041232816,0.16658493840574537,128881.41605259603,-2393.9529062255833,126487.46314637044,1107,0,322.11764705882354,42,9,15,38.46065146165347,0.5989583333333333,46.14825581395349,1015.4069767441863,24.176356589147293,0
2652,4,0,0,50,0.0,0.0,1.0,50,1650,1300,350,0.7878787878787878,20,13,7,310.1669630321541,0.43335884353741494,0.2827298485588665,0.17058349632638906,128873.80248685137,-2005.5208136495198,126868.28167320185,1108,1,329.5,41,9,16,38.28234408076859,0.6003556910569106,46.155753968253975,1015.3769841269853,24.76529229578013,0
2653,4,0,1,49,0.0,0.02,0.98,50,1400,1100,300,0.7857142857142857,17,11,6,309.74180455718084,0.4332227891156462,0.2814193056085452,0.1709122673146048,129004.43558079479,-2008.386665464784,126996.04891533,1109,2,330.5,42,8,18,38.16053033193437,0.6001984126984127,46.02713178294575,1015.89147286822,24.187892211148096,0
2654,4,0,1,48,0.0,0.02040816326530612,0.9795918367346939,49,1000,600,400,0.6,14,6,8,313.8086527241966,0.43239795918367346,0.27504366342081976,0.1726959875959612,128898.98667800464,-1710.076530612232,127188.91014739241,1110,3,338.0204081632653,41,8,18,38.16432200078156,0.600609756097561,46.13095238095239,1015.4761904761913,24.767711962833932,0
2655,4,3,1,50,0.058823529411764705,0.0196078431372549,0.9803921568627451,51,1800,1200,600,0.6666666666666666,24,12,12,299.1316929127581,0.4389052287581699,0.2814225807190809,0.16802430102998922,129706.17992567405,-2439.0912383471873,127267.08868732686,1111,0,321.4117647058824,41,10,16,37.71953317750941,0.608739837398374,45.33730158730159,1018.6507936507943,24.84514130855596,0
2656,4,1,1,50,0.0196078431372549,0.0196078431372549,0.9803921568627451,51,1400,1000,400,0.7142857142857143,18,10,8,300.9862103668859,0.4375653594771242,0.28741764817735427,0.16965557130969472,129842.5246755002,-2383.8381106904703,127458.68656480973,1112,0,322.3921568627451,42,9,18,37.53446472713445,0.6086309523809523,45.20348837209302,1019.1860465116274,24.266334440753035,0
2657,4,0,1,49,0.0,0.02,0.98,50,1250,700,550,0.56,18,7,11,305.5970808181328,0.435969387755102,0.28846980504041886,0.17192901577328332,129768.46648526227,-2068.6270919716317,127699.83939329063,1113,1,329.74,42,8,18,37.4918766841021,0.6078869047619048,45.276162790697676,1018.895348837209,24.259413067552593,0
2658,4,0,1,48,0.0,0.02040816326530612,0.9795918367346939,49,1550,1100,450,0.7096774193548387,20,11,9,310.51225111972593,0.4353032879818594,0.2853804098326447,0.17452929976729425,129731.44531250001,-1743.3593749999984,127988.08593750001,1114,2,336.81632653061223,41,8,18,37.40414110429447,0.6089939024390244,45.3125,1018.7500000000001,24.84756097560976,0
2659,4,1,0,49,0.02040816326530612,0.0,1.0,49,1450,900,550,0.6206896551724138,20,9,11,316.3545246710776,0.4337620464852608,0.300492337012626,0.17908174634464083,130009.52695893169,-1574.1795792391074,128435.34737969258,1115,0,337.1020408163265,41,8,19,36.97389753566798,0.6117886178861789,45.03968253968254,1019.8412698412695,24.874177313201695,0
2660,4,2,2,49,0.0392156862745098,0.0392156862745098,0.9607843137254902,51,1550,1300,250,0.8387096774193549,18,13,5,312.87563378103215,0.4364869281045752,0.3273910437537453,0.18002140737652342,130642.63791454081,-2024.5282777462885,128618.10963679453,1116,0,324.84313725490193,41,10,13,36.42315623483742,0.618140243902439,44.419642857142854,1022.3214285714286,24.93466898954704,0
2661,4,0,1,48,0.0,0.02040816326530612,0.9795918367346939,49,1700,1400,300,0.8235294117647058,20,14,6,322.19717964464485,0.43365575396825395,0.324741517402068,0.18483943463824362,130528.56445312499,-1388.8129340277792,129139.7515190972,1117,1,338.734693877551,39,10,16,36.30011892626573,0.6201923076923077,44.53125,1021.8749999999999,26.201923076923073,0
2662,4,0,0,48,0.0,0.0,1.0,48,1450,1100,350,0.7586206896551724,18,11,7,327.34227315689964,0.4334367612293144,0.3273890398550723,0.18822180706521746,130617.28395061739,-1048.6882716049283,129568.59567901246,1118,2,341.4166666666667,38,10,18,36.07903079710144,0.6228070175438596,44.44444444444445,1022.2222222222231,26.90058479532166,0
2663,4,2,0,50,0.04,0.0,1.0,50,1300,800,500,0.6153846153846154,18,8,10,328.7491607288995,0.435578231292517,0.3702979787455729,0.19310492317478414,131437.65637555683,-1354.1381309811002,130083.51824457574,1119,0,328.72,38,12,21,35.21545287212615,0.6310307017543859,43.643162393162385,1025.4273504273488,26.984930274403915,0
2664,4,0,0,50,0.0,0.0,1.0,50,1100,800,300,0.7272727272727273,14,8,6,328.26092732133816,0.4360204081632653,0.37293823560045825,0.1932331798413344,131519.8348696945,-1365.4354089049768,130154.39946078951,1120,1,329.72,38,12,21,35.14521056834357,0.6318530701754386,43.56303418803418,1025.747863247862,26.993364822312156,0
2665,4,0,0,50,0.0,0.0,1.0,50,1600,800,800,0.5,24,8,16,332.9848147205474,0.43637755102040815,0.3808119079837622,0.19686062246278752,131684.26890432084,-1230.2276234568062,130454.04128086402,1121,2,330.72,38,12,17,34.85847992783041,0.6334978070175439,43.40277777777777,1026.3888888888878,27.010233918128627,0
2666,4,0,1,49,0.0,0.02,0.98,50,1400,1200,200,0.8571428571428571,16,12,4,331.5311672037956,0.43594387755102043,0.3779551678669242,0.19678300887791786,131835.7760959199,-1258.466254340301,130577.3098415796,1122,3,331.72,39,11,18,34.74331828785881,0.6332799145299146,43.25520833333332,1026.9791666666647,26.332799145299095,0
2667,4,0,1,48,0.0,0.02040816326530612,0.9795918367346939,49,1850,1300,550,0.7027027027027027,24,13,11,341.557298234735,0.43397463151927435,0.3877240708751828,0.20359291523176176,131996.29041883667,-783.1407335069521,131213.14968532973,1123,4,338.6326530612245,39,10,19,34.324315762797774,0.6348824786324787,43.09895833333333,1027.6041666666656,26.34882478632476,0
2668,4,0,0,48,0.0,0.0,1.0,48,1600,1300,300,0.8125,19,13,6,339.7107732075561,0.4345910904255319,0.3780654641264696,0.2029216652549733,132076.58420138867,-626.4322916666899,131450.151909722,1124,5,341.875,39,9,19,34.29097419267666,0.6356837606837606,43.02083333333332,1027.916666666665,26.356837606837562,0
2669,4,0,1,47,0.0,0.020833333333333332,0.9791666666666666,48,1400,1000,400,0.7142857142857143,18,10,8,341.2078915859206,0.4336214539007092,0.37821486431753715,0.2049737918067246,132290.8203125,-572.2656250000005,131718.5546875,1125,6,342.875,39,9,20,34.03705953827461,0.6378205128205128,42.8125,1028.75,26.378205128205128,0
2670,4,0,0,47,0.0,0.0,1.0,47,1650,1100,550,0.6666666666666666,22,11,11,352.2628540006093,0.4315448658649399,0.3887800254939173,0.21190777931791804,132343.03232750745,-76.09314504346764,132266.93918246398,1126,7,350.8936170212766,38,9,20,33.70020420170977,0.6400767543859649,42.761752136752136,1028.9529914529912,27.077710301394507,0
2671,4,0,0,47,0.0,0.0,1.0,47,1300,900,400,0.6923076923076923,17,9,8,355.1060793517979,0.4314870490286771,0.396116913625729,0.21426821368757723,132457.5684263545,7.33180369374486,132464.90023004825,1127,8,351.8936170212766,35,12,21,33.51182445094071,0.6470238095238094,42.650462962962955,1029.3981481481474,29.41137566137564,0
2672,4,0,0,47,0.0,0.0,1.0,47,1350,1000,350,0.7407407407407407,17,10,7,356.8516803820113,0.431313598519889,0.39743408893660037,0.21617584096116518,132606.53941883138,64.17328425067524,132670.71270308204,1128,9,352.8936170212766,35,12,21,33.31706277858935,0.6485119047619048,42.50578703703703,1029.9768518518513,29.427910052910036,0
2673,4,0,0,47,0.0,0.0,1.0,47,1100,700,400,0.6363636363636364,15,7,8,359.6166671907759,0.43081251927227876,0.40249143152148514,0.21837022996809585,132695.9622020746,143.93593535663592,132839.8981374312,1129,10,353.8936170212766,35,12,18,33.155938740357975,0.6494047619047619,42.418981481481474,1030.3240740740728,29.43783068783065,0
2674,4,0,0,47,0.0,0.0,1.0,47,1500,1000,500,0.6666666666666666,20,10,10,357.427650086009,0.4297525439407956,0.39819654415097006,0.21800467265405804,132861.9978720274,97.71033702621321,132959.7082090536,1130,11,354.8936170212766,36,11,18,33.04546695794649,0.6490162037037037,42.25788288288288,1030.9684684684682,28.63801301301301,0
2675,4,0,0,47,0.0,0.0,1.0,47,1700,1300,400,0.7647058823529411,21,13,8,359.28417853071693,0.4298296330558125,0.40191487100399614,0.22022832806485443,133047.67001625494,160.38456544320684,133208.05458169815,1131,12,355.8936170212766,37,10,19,32.81111612994652,0.6489301801801801,42.07785087719298,1031.6885964912276,27.88347558084399,0
2676,4,0,0,47,0.0,0.0,1.0,47,1450,900,550,0.6206896551724138,20,9,11,362.0098868716354,0.4300223558433549,0.40717794087398396,0.22257342032153496,133160.81781173032,241.1065183517727,133401.92433008208,1132,13,356.8936170212766,37,10,19,32.627195545168014,0.6500563063063063,41.96820175438595,1032.1271929824545,27.89532954006634,0
2677,4,0,0,47,0.0,0.0,1.0,47,1650,1100,550,0.6666666666666666,22,11,11,361.0077815952162,0.42963691026827017,0.4057397328055421,0.22263328613504568,133274.01369892643,222.59120594796536,133496.6049048744,1133,14,357.8936170212766,37,10,19,32.539445506353744,0.6511824324324325,41.85855263157894,1032.565789473683,27.90718349928873,0
2678,4,0,0,47,0.0,0.0,1.0,47,1650,1300,350,0.7878787878787878,20,13,7,362.62442498988275,0.4286347517730496,0.4101498258608307,0.22501376935934056,133502.97796201822,282.72996626514146,133785.70792828337,1134,15,358.8936170212766,34,13,20,32.26802787697269,0.6596200980392157,41.636904761904766,1033.4523809523816,30.395658263305343,0
2679,4,0,0,47,0.0,0.0,1.0,47,1400,1000,400,0.7142857142857143,18,10,8,361.06365811432175,0.42813367252543943,0.4052967280158586,0.22441773395895906,133564.50007086174,245.0573979591927,133809.55746882095,1135,16,359.8936170212766,34,13,20,32.24667933509922,0.6602328431372548,41.577380952380956,1033.6904761904768,30.40266106442579,0
2680,4,0,0,47,0.0,0.0,1.0,47,1500,1000,500,0.6666666666666666,20,10,10,362.3770438048387,0.42749768732654947,0.4086272223841452,0.22598488008130907,133687.5868055556,289.0625000000041,133976.6493055556,1136,17,360.8936170212766,34,13,20,32.089376846629065,0.6614583333333333,41.458333333333336,1034.166666666667,30.416666666666675,0
2681,4,0,0,47,0.0,0.0,1.0,47,1250,800,450,0.64,17,8,9,361.85502789220277,0.42718933086648164,0.4089306870587779,0.2266025866310537,133841.52494331065,286.2457482993224,134127.77069160997,1137,18,361.8936170212766,34,13,17,31.948678861788625,0.6629901960784313,41.30952380952381,1034.7619047619046,30.434173669467782,0
2682,4,0,0,47,0.0,0.0,1.0,47,650,500,150,0.7692307692307693,8,5,3,362.35773685889205,0.4269966080789393,0.40888066604995377,0.22729712584785047,133903.125,304.16666666666924,134207.29166666666,1138,19,362.8936170212766,34,13,17,31.873993558776167,0.6636029411764706,41.25,1035.0,30.441176470588236,0
2683,4,0,0,47,0.0,0.0,1.0,47,1050,900,150,0.8571428571428571,12,9,3,361.5657729070603,0.42686170212765956,0.4114902179031641,0.2274660621959607,134010.9592013889,290.75520833334076,134301.71440972225,1139,20,363.8936170212766,35,12,18,31.78655264922871,0.6625,41.145833333333336,1035.4166666666667,29.583333333333336,0
2684,4,0,0,47,0.0,0.0,1.0,47,1150,600,550,0.5217391304347826,17,6,11,359.83092425023983,0.42661116250385445,0.4054976298931894,0.2268241953618545,134083.84471887432,249.50275444363842,134333.34747331796,1140,21,364.8936170212766,36,11,18,31.758544452901315,0.6611689814814814,41.075450450450454,1035.6981981981985,28.769394394394403,0
2685,4,0,1,46,0.0,0.02127659574468085,0.9787234042553191,47,950,700,250,0.7368421052631579,12,7,5,364.1420850617416,0.42614862781375273,0.40673138500165273,0.23064002813649082,134258.8508060427,377.85957410114963,134636.71038014384,1141,22,365.8936170212766,36,11,19,31.471847948132858,0.6629050925925926,40.90653153153154,1036.3738738738753,28.7881631631632,0
2686,4,0,1,45,0.0,0.021739130434782608,0.9782608695652174,46,950,600,350,0.631578947368421,13,6,7,371.22155484695315,0.4267914653784219,0.40730399821308905,0.2350719803465078,134250.7461526921,767.3541452332029,135018.1002979253,1142,23,360.10869565217394,35,11,19,31.296534137443235,0.6648809523809525,40.914351851851855,1036.342592592593,29.60978835978837,0
2687,4,0,0,45,0.0,0.0,1.0,45,950,300,650,0.3157894736842105,16,3,13,372.26189285206397,0.42586279461279464,0.39339138200491197,0.23650510894814097,134370.72000385798,1004.219714506166,135374.93971836416,1143,24,349.6,35,10,19,31.14953114534494,0.6660714285714286,40.79861111111111,1036.805555555555,29.623015873015856,0
2688,4,0,0,45,0.0,0.0,1.0,45,1350,900,450,0.6666666666666666,18,9,9,371.6583414211991,0.42567340067340065,0.3916992078545134,0.23709421453083307,134520.7626698601,999.1527081189806,135519.91537797908,1144,25,350.6,35,10,19,31.015122354866314,0.6675595238095238,40.653935185185176,1037.384259259258,29.639550264550227,0
2689,4,0,0,45,0.0,0.0,1.0,45,1350,1100,250,0.8148148148148148,16,11,5,372.1912910995201,0.4253577441077441,0.3952704963747915,0.23782572521077638,134580.8031791193,1017.9605784893445,135598.76375760866,1145,26,351.6,35,10,19,30.941276259527797,0.6681547619047619,40.5960648148148,1037.615740740739,29.646164021163973,0
2690,4,0,2,43,0.0,0.044444444444444446,0.9555555555555556,45,1400,1000,400,0.7142857142857143,18,10,8,371.85640145692827,0.42497895622895626,0.39777009700078136,0.23839743135576735,134700.924385395,1017.880202974942,135718.80458836994,1146,27,352.6,35,10,20,30.82991879436577,0.669345238095238,40.48032407407406,1038.0787037037019,29.65939153439148,0
2691,4,0,0,43,0.0,0.0,1.0,43,1750,1400,350,0.8,21,14,7,380.2105145851106,0.4234726836471023,0.38851642473541426,0.2431617795772859,134612.5442885486,1636.2209467120042,136248.76523526062,1147,28,351.5581395348837,34,9,20,30.701502810599976,0.6706495098039216,40.56547619047618,1037.7380952380943,30.52170868347336,0
2692,4,0,1,42,0.0,0.023255813953488372,0.9767441860465116,43,1000,800,200,0.8,12,8,4,377.30816756072704,0.42266519010705056,0.37952763044562343,0.24212689693135375,134736.1128826529,1567.4071712017962,136303.5200538547,1148,29,352.5581395348837,34,9,22,30.65326032947292,0.671875,40.44642857142856,1038.2142857142844,30.53571428571425,0
2693,4,0,0,42,0.0,0.0,1.0,42,750,300,450,0.4,12,3,9,379.2167037247925,0.4225706542779713,0.37285026370098606,0.24355876950571728,134767.01388888885,1821.180555555551,136588.1944444444,1149,30,351.6904761904762,34,8,22,30.572833065810585,0.6721813725490196,40.416666666666664,1038.333333333333,30.539215686274503,0
2694,4,0,0,42,0.0,0.0,1.0,42,600,300,300,0.5,9,3,6,382.3055639937276,0.4221714092140922,0.3749897666803115,0.24617092589263997,134859.7381660997,1911.5256519274308,136771.26381802713,1150,31,352.6904761904762,34,8,17,30.39995224450812,0.6731004901960784,40.32738095238095,1038.6904761904757,30.549719887955167,0
2695,4,0,0,42,0.0,0.0,1.0,42,1200,800,400,0.6666666666666666,16,8,8,384.74404504201925,0.42128823073945026,0.3783250667059541,0.248164174507147,134921.57206632636,1982.0542800453284,136903.6263463717,1151,32,353.6904761904762,34,8,17,30.27481761582827,0.6737132352941176,40.26785714285713,1038.92857142857,30.55672268907559,0
2696,4,0,0,42,0.0,0.0,1.0,42,950,600,350,0.631578947368421,13,6,7,420.33729285534747,0.42146970576848625,0.42946802151823027,0.24787088837028692,131587.0909218447,2667.815188709398,134254.9061105541,1152,33,354.6904761904762,32,10,17,32.71571703995406,0.6451822916666667,43.49747474747475,1026.0101010101012,32.06281565656566,8
2697,4,0,0,42,0.0,0.0,1.0,42,1150,600,550,0.5217391304347826,17,6,11,416.0610320840659,0.4208405923344947,0.42265931092643694,0.24639419168794893,131749.07415378527,2563.131153708805,134312.2053074941,1153,34,355.6904761904762,32,10,17,32.66100930594844,0.6468098958333333,43.339646464646464,1026.6414141414139,32.08254419191918,0
2698,4,0,0,42,0.0,0.0,1.0,42,1250,1000,250,0.8,15,10,5,368.02056462291415,0.4196912504839334,0.3419894226810656,0.20319960428567518,129029.71172185702,1097.1174722019373,130126.82919405896,1154,35,356.6904761904762,36,6,20,36.654612798344786,0.6105324074074074,46.002252252252255,1015.9909909909912,28.22197197197198,8
2699,4,1,1,42,0.023255813953488372,0.023255813953488372,0.9767441860465116,43,1400,1000,400,0.7142857142857143,18,10,8,364.1414176989255,0.4220422665190107,0.3364898778651493,0.20296222757000604,129401.82317029893,824.2268028163576,130226.04997311528,1155,0,349.3720930232558,36,7,21,36.373824017708905,0.6142939814814814,45.636261261261275,1017.454954954957,28.262637637637695,0
2700,4,0,1,41,0.0,0.023809523809523808,0.9761904761904762,42,800,500,300,0.625,11,5,6,358.3639604112467,0.42224399922570655,0.2760591357582465,0.19725755261281555,128907.38195516127,876.2963926608144,129783.67834782209,1156,1,343.1190476190476,35,7,17,37.02463718562419,0.6113095238095239,46.12268518518519,1015.50925925926,29.014550264550287,8
2701,4,2,0,43,0.046511627906976744,0.0,1.0,43,1050,700,350,0.6666666666666666,14,7,7,349.19082917051185,0.4246031746031746,0.2786726846765757,0.19378657196860063,129230.80800165047,425.5774980709971,129656.38549972147,1157,0,336.06976744186045,35,8,20,36.928120849933606,0.6145833333333333,45.80439814814815,1016.7824074074082,29.05092592592595,0
2702,4,0,0,43,0.0,0.0,1.0,43,950,600,350,0.631578947368421,13,6,7,350.3985635806176,0.4244416758951643,0.2728939715871055,0.19503818716339746,129348.51794249383,464.7069776663038,129813.22492016012,1158,1,337.06976744186045,35,8,20,36.77762449273713,0.6157738095238094,45.6886574074074,1017.245370370369,29.064153439153397,0
2703,4,0,0,43,0.0,0.0,1.0,43,1200,900,300,0.75,15,9,6,349.1758833024917,0.42497231450719825,0.27453178964516,0.195085941408012,129495.73072059313,443.35723165293314,129939.08795224606,1159,2,338.06976744186045,35,8,16,36.6589909786976,0.6172619047619048,45.543981481481474,1017.8240740740729,29.080687830687797,0
2704,4,0,1,42,0.0,0.023255813953488372,0.9767441860465116,43,900,500,400,0.5555555555555556,13,5,8,351.9707271133415,0.42522609819121443,0.27716615374853304,0.19694239921685422,129554.63927469117,519.8881172839276,130074.5273919751,1160,3,339.06976744186045,35,8,16,36.52796725784448,0.6178571428571429,45.4861111111111,1018.055555555554,29.087301587301543,0
2705,4,0,2,40,0.0,0.047619047619047616,0.9523809523809523,42,650,500,150,0.7692307692307693,8,5,3,354.055027385639,0.4240829461866047,0.2747973024172161,0.19840612298973542,129613.56122470826,778.0665937928387,130391.6278185011,1161,4,341.4761904761905,35,7,16,36.414999621126015,0.618452380952381,45.428240740740726,1018.2870370370351,29.093915343915288,0
2706,4,1,0,41,0.024390243902439025,0.0,1.0,41,1650,1400,250,0.8484848484848485,19,14,5,361.4081675246738,0.4238821138211382,0.2841584581830623,0.20274405725728412,129655.65653344664,1171.7226473922842,130827.37918083892,1162,0,350.5853658536585,34,7,18,36.18497954412624,0.6210171568627452,45.38690476190476,1018.4523809523804,29.954481792717072,0
2707,4,0,1,40,0.0,0.024390243902439025,0.975609756097561,41,1300,1000,300,0.7692307692307693,16,10,6,341.39291804163196,0.4235010162601626,0.1764095431108026,0.18265945281154758,127774.23327043247,552.942648936849,128327.17591936931,1163,1,351.5853658536585,36,5,15,38.61197742630133,0.5978009259259259,47.24099099099099,1011.036036036035,28.084334334334304,8
2708,4,0,1,39,0.0,0.025,0.975,40,1050,900,150,0.8571428571428571,12,9,3,337.93526526155506,0.42286324786324786,0.15151085141903198,0.18170845950778386,127973.5579117968,649.3556478775931,128622.91355967439,1164,2,342.9,36,4,17,38.495640882953076,0.5998263888888888,47.04391891891891,1011.8243243243232,28.106231231231202,0
2709,4,0,0,39,0.0,0.0,1.0,39,950,700,250,0.7368421052631579,12,7,5,343.7408878351691,0.4212494376968061,0.1584217658342575,0.18480829283241346,127968.8102816356,997.6224922839269,128966.43277391953,1165,3,351.2307692307692,35,4,17,38.35363761153054,0.6017857142857144,47.0486111111111,1011.8055555555538,28.90873015873011,0
2710,4,1,1,39,0.025,0.025,0.975,40,850,700,150,0.8235294117647058,10,7,3,310.57298043566976,0.42214209401709407,0.11267361111111107,0.17081513923961864,128875.73964497067,5.064513478003619,128880.80415844868,1166,0,343.425,38,2,15,38.27007049663299,0.6052631578947368,46.15384615384617,1015.3846153846174,26.720647773279406,7
2711,4,0,1,38,0.0,0.02564102564102564,0.9743589743589743,39,1250,1100,150,0.88,14,11,3,315.466830903131,0.4211932073774179,0.10920008198038,0.17322609255641702,128811.51532202234,327.1521044937117,129138.66742651605,1167,5,353.2307692307692,37,2,16,38.21109670915245,0.6064189189189189,46.217105263157904,1015.1315789473699,27.435988620199186,0
2712,4,0,0,38,0.0,0.0,1.0,38,600,500,100,0.8333333333333334,7,5,2,320.70404913541,0.4210229966808914,0.11431522919074144,0.1765634380404842,128915.32368517187,668.7332602873412,129584.0569454592,1168,6,356.57894736842104,36,2,17,37.972665779552,0.609375,46.11486486486488,1015.5405405405422,28.209459459459506,0
2713,4,1,0,39,0.02564102564102564,0.0,1.0,39,1400,1000,400,0.7142857142857143,18,10,8,314.04991240168766,0.4244264507422402,0.1185575989846448,0.1742779675464305,129229.25954380217,316.8875278932207,129546.14707169539,1169,0,348.4102564102564,37,2,18,37.82295822998669,0.6106418918918919,45.80592105263159,1016.7763157894756,27.480440967283123,0
2714,4,3,4,38,0.07142857142857142,0.09523809523809523,0.9047619047619048,42,950,400,550,0.42105263157894735,15,4,11,292.86048525635994,0.432987320944638,0.11185347693125935,0.16498904191858338,129822.05119307322,-796.0502181240964,129026.00097494911,1170,0,324.45238095238096,40,2,14,37.762182555511245,0.6114583333333333,45.223577235772375,1019.1056910569131,25.477642276422827,0
2715,4,0,0,38,0.0,0.0,1.0,38,1000,900,100,0.9,11,9,2,319.5684784451221,0.41965979137031767,0.11138805804807816,0.17708684192290483,129172.76810171678,655.9089917620574,129828.67709347884,1171,9,359.57894736842104,36,2,17,37.740020678704646,0.6119791666666667,45.8614864864865,1016.5540540540557,28.237612612612658,0
2716,4,0,0,38,0.0,0.0,1.0,38,950,700,250,0.7368421052631579,12,7,5,318.57534071858396,0.418844831673779,0.1042315090050705,0.17692099180128035,129258.63997443412,635.7230541352417,129894.36302856937,1172,10,360.57894736842104,36,2,18,37.678110003691394,0.6128472222222222,45.77702702702704,1016.8918918918937,28.246996996997048,0
2717,4,0,0,38,0.0,0.0,1.0,38,1100,700,400,0.6363636363636364,15,7,8,319.8671831765357,0.41865220483641535,0.10316313750618966,0.17828500925354743,129401.8231702989,678.279335078351,130080.10250537725,1173,11,361.57894736842104,36,2,19,37.500000000000014,0.6142939814814814,45.636261261261275,1017.4549549549567,28.262637637637688,0
2718,4,0,0,38,0.0,0.0,1.0,38,950,500,450,0.5263157894736842,14,5,9,320.32806236567643,0.4185188477951636,0.10721980876067083,0.17893232556619224,129487.77113261938,695.7133653924482,130183.48449801184,1174,12,362.57894736842104,36,2,16,37.40111197167515,0.615162037037037,45.551801801801815,1017.792792792795,28.272022022022085,0
2719,4,0,0,38,0.0,0.0,1.0,38,750,500,250,0.6666666666666666,10,5,5,323.15560880554403,0.4181632290184922,0.11528073667912331,0.18103922024905414,129602.41280131502,776.3493222952908,130378.76212361032,1175,13,363.57894736842104,36,2,16,37.21291380962914,0.6163194444444444,45.4391891891892,1018.2432432432447,28.284534534534576,0
2720,4,0,0,38,0.0,0.0,1.0,38,850,600,250,0.7058823529411765,11,6,5,321.6663885694412,0.4175408961593172,0.11381782629949488,0.1804684130410688,129659.75265806368,741.4368760652817,130401.18953412896,1176,14,364.57894736842104,36,2,16,37.19270602978035,0.6168981481481481,45.382882882882896,1018.4684684684701,28.290790790790837,0
2721,4,0,0,38,0.0,0.0,1.0,38,1150,800,350,0.6956521739130435,15,8,7,357.26746252185194,0.4170074679943101,0.1890295333761951,0.1839525428783892,126213.51662050566,1473.637615656202,127687.15423616186,1177,15,365.57894736842104,36,2,19,39.81447756733536,0.5818865740740741,48.789414414414416,1004.8423423423425,27.912287287287292,8
2722,4,2,0,40,0.05,0.0,1.0,40,950,500,450,0.5263157894736842,14,5,9,350.32192983159325,0.42293002136752134,0.21106192344396146,0.18344731372802645,126903.5599409197,891.42000420045,127794.97994512015,1178,0,348.25,38,2,16,39.2791503198671,0.5852521929824561,48.10363247863248,1007.58547008547,26.515407107512367,0
2723,4,0,2,38,0.0,0.05,0.95,40,1200,800,400,0.6666666666666666,16,8,8,351.3796882083422,0.42359775641025643,0.21870032849422505,0.1847337112881407,127065.08333561619,929.617872927168,127994.70120854335,1179,1,349.25,38,2,18,39.086618275581934,0.5868969298245614,47.94337606837607,1008.2264957264957,26.532276203328834,0
2724,4,1,0,39,0.02564102564102564,0.0,1.0,39,900,400,500,0.4444444444444444,14,4,10,356.65954809437017,0.4272379667116509,0.20978615763491915,0.18866060233681511,127313.23580332406,1281.496229609107,128594.73203293317,1180,0,337.3076923076923,37,2,20,38.69875416485586,0.5912162162162162,47.69736842105263,1009.2105263157891,27.275960170697005,0
2725,4,1,0,40,0.025,0.0,1.0,40,700,400,300,0.5714285714285714,10,4,6,355.58369572911437,0.42893963675213675,0.22288538803129665,0.18957782379965968,127631.22420374019,1076.7164785594223,128707.94068229961,1181,0,329.85,38,2,18,38.39981144709946,0.5926535087719298,47.38247863247863,1010.4700854700851,26.59131803868645,0
2726,4,0,0,40,0.0,0.0,1.0,40,1200,800,400,0.6666666666666666,16,8,8,357.805417722981,0.428792735042735,0.22607833809070765,0.1908900984907882,127658.21468195255,1135.3601660091952,128793.57484796175,1182,1,330.85,38,2,18,38.316021778200664,0.5929276315789473,47.355769230769226,1010.5769230769222,26.594129554655847,0
2727,4,0,0,40,0.0,0.0,1.0,40,1100,900,200,0.8181818181818182,13,9,4,356.878698224852,0.4284054487179487,0.21586538461538463,0.19103506787330324,127793.20987654332,1121.3348765432233,128914.54475308653,1183,2,331.85,38,2,18,38.2011217948718,0.5942982456140351,47.22222222222223,1011.111111111112,26.60818713450295,0
2728,4,1,0,41,0.024390243902439025,0.0,1.0,41,1050,400,650,0.38095238095238093,17,4,13,354.1126860742771,0.43008130081300816,0.22422964970390402,0.19122085048010978,128144.53125000015,875.5208333333485,129020.05208333349,1184,0,324.7317073170732,39,2,20,37.91152263374487,0.5961538461538461,46.87500000000001,1012.5000000000011,25.961538461538492,0
2729,4,4,2,43,0.08888888888888889,0.044444444444444446,0.9555555555555556,45,1350,1100,250,0.8148148148148148,16,11,5,328.4756280988321,0.4370159932659932,0.2201483795392427,0.1816902988252935,129100.54878432857,-518.723230032752,128581.82555429582,1185,0,296.77777777777777,41,4,19,37.58704282181441,0.6026422764227642,45.932539682539684,1016.2698412698414,24.787069299264424,0
2730,4,0,1,42,0.0,0.023255813953488372,0.9767441860465116,43,1000,700,300,0.7,13,7,6,342.7858368498016,0.4332779623477298,0.2302118418204293,0.18848504655841342,128865.81776926777,234.67543707450892,129100.49320634227,1186,1,311.5813953488372,40,3,20,37.46246621959764,0.6018229166666667,46.16361788617887,1015.3455284552857,25.38363821138214,0
2731,4,0,0,42,0.0,0.0,1.0,42,1550,1100,450,0.7096774193548387,20,11,9,349.33841210486213,0.4319831591173055,0.23286828067295895,0.19217555537235856,128883.87586805547,604.8177083333242,129488.6935763888,1187,2,319.8095238095238,39,3,20,37.27773218437971,0.6036324786324787,46.14583333333333,1015.416666666666,26.03632478632477,0
2732,4,2,1,43,0.045454545454545456,0.022727272727272728,0.9772727272727273,44,1400,1200,200,0.8571428571428571,16,12,4,337.5600524190052,0.43486830514446795,0.22926806577027437,0.18865562712857442,129508.1314082216,-55.08317463067155,129453.04823359093,1188,0,306.22727272727275,37,7,18,36.94196829329599,0.6134572072072072,45.53179824561403,1017.8728070175425,27.510075865338987,0
2733,4,0,0,43,0.0,0.0,1.0,43,1650,1200,450,0.7272727272727273,21,12,9,341.64592003567185,0.4325858250276855,0.22641339214113843,0.1905333015583554,129424.43828870417,243.46625884886947,129667.90454755304,1189,1,314.3488372093023,37,6,22,36.92304238505745,0.6126126126126126,45.614035087719294,1017.5438596491224,27.501185395922228,0
2734,4,0,0,43,0.0,0.0,1.0,43,1200,500,700,0.4166666666666667,19,5,14,342.3942961567967,0.4325166112956811,0.22844916141769755,0.19122165204135896,129480.23069598335,266.6584910741741,129746.88918705753,1190,2,315.3488372093023,37,6,18,36.847303023773605,0.6131756756756757,45.55921052631579,1017.7631578947365,27.50711237553342,0
2735,4,0,0,43,0.0,0.0,1.0,43,1050,800,250,0.7619047619047619,13,8,5,344.95519579961905,0.43260889627168697,0.22836032109804538,0.19306262766723695,129563.94184989601,338.75098588026015,129902.69283577628,1191,3,316.3488372093023,37,6,18,36.69706964638305,0.6140202702702703,45.47697368421052,1018.092105263157,27.51600284495019,0
2736,4,0,0,43,0.0,0.0,1.0,43,800,700,100,0.875,9,7,2,348.9073213106055,0.4323089700996678,0.23033495482278377,0.1958308222147562,129675.59880203521,448.9531634733744,130124.55196550858,1192,4,317.3488372093023,37,6,19,36.48300409086017,0.6151463963963963,45.36732456140351,1018.5307017543857,27.527856804172586,0
2737,4,0,0,43,0.0,0.0,1.0,43,1250,1000,250,0.8,15,10,5,347.6029832057879,0.43247046880767814,0.2260034967848603,0.1955805103736635,129772.26382725166,421.84520874423424,130194.10903599589,1193,5,318.3488372093023,38,5,19,36.41802977875642,0.6143092105263157,45.27243589743589,1018.9102564102552,26.813427800269874,0
2738,4,1,1,43,0.022727272727272728,0.022727272727272728,0.9772727272727273,44,1100,700,400,0.6363636363636364,15,7,8,340.0932333094715,0.43458201198026775,0.2241002385748636,0.1928507836595051,130076.56385633671,47.631835937492184,130124.1956922742,1194,0,312.09090909090907,39,5,20,36.300695224480066,0.6156517094017093,44.97395833333333,1020.1041666666658,26.156517094017072,0
2739,4,0,0,43,0.0,0.0,1.0,43,1200,800,400,0.6666666666666666,16,8,8,347.40860597510914,0.4323089700996678,0.22548907364056858,0.19683738642399815,130044.55133912271,435.7192590766325,130480.27059819935,1195,1,320.0232558139535,38,5,20,36.14660800949686,0.6170504385964912,45.00534188034188,1019.978632478633,26.841542959964027,0
2740,4,0,0,43,0.0,0.0,1.0,43,1350,900,450,0.6666666666666666,18,9,9,343.023740108288,0.43094776670358065,0.22344565733270016,0.19544375889890844,130262.58680555566,336.63194444445423,130599.21875000012,1196,2,321.0232558139535,38,5,21,36.03741496598639,0.6192434210526316,44.79166666666667,1020.8333333333343,26.864035087719323,0
2741,4,1,0,44,0.022727272727272728,0.0,1.0,44,1450,1200,250,0.8275862068965517,17,12,5,337.79176616421563,0.43244582452431285,0.22396243548521588,0.19391895949895396,130555.17713758699,20.092773437519156,130575.2699110245,1197,0,314.70454545454544,39,5,18,35.874804641049174,0.6204594017094017,44.50520833333334,1021.9791666666681,26.204594017094053,0
2742,4,0,0,44,0.0,0.0,1.0,44,1550,1300,250,0.8387096774193549,18,13,5,343.8834951960218,0.43213750880902047,0.22360255638401338,0.1979599123371823,130661.65500217034,186.47732204863505,130848.13232421898,1198,1,315.70454545454544,39,5,19,35.61141535065378,0.6215277777777778,44.40104166666668,1022.395833333335,26.21527777777782,0
2743,4,0,0,44,0.0,0.0,1.0,44,1150,800,350,0.6956521739130435,15,8,7,362.1297392067716,0.4319282945736434,0.25578471053708673,0.19964074701443402,128969.02394614673,570.6110280365223,129539.63497418325,1199,2,316.70454545454544,40,4,15,36.86614140403536,0.6028645833333333,46.061991869918714,1015.7520325203272,25.39380081300818,8
2744,4,2,1,45,0.043478260869565216,0.021739130434782608,0.9782608695652174,46,950,600,350,0.631578947368421,13,6,7,350.72821391314403,0.4357588566827697,0.26061554761418804,0.19564577191712068,129433.96297053693,-120.35319171787003,129313.60977881905,1200,0,303.89130434782606,40,6,13,36.682312993108965,0.6075520833333333,45.60467479674798,1017.5813008130099,25.439532520325248,0
2745,4,2,0,47,0.0425531914893617,0.0,1.0,47,1050,700,350,0.6666666666666666,14,7,7,344.97179252345035,0.4368061979648474,0.26463037897576447,0.19389793855628418,129731.44531250003,-449.2621527777774,129282.18315972225,1201,0,298.3829787234043,41,6,16,36.52649965916836,0.6089939024390244,45.3125,1018.7500000000002,24.847560975609763,0
2746,4,1,0,48,0.020833333333333332,0.0,1.0,48,1650,1000,650,0.6060606060606061,23,10,13,341.6914422295315,0.43829417848699764,0.2658797370456307,0.1940814596743914,130141.77755000292,-706.3336669249225,129435.443883078,1202,0,293.1458333333333,43,5,18,36.193832173240544,0.6102228682170543,44.91003787878788,1020.3598484848488,23.72929880197323,0
2747,4,2,1,49,0.04,0.02,0.98,50,1200,800,400,0.6666666666666666,16,8,8,329.1867345544972,0.4415391156462585,0.26887250145546293,0.18953064169377945,130667.99433893946,-1396.9417386540417,129271.05260028542,1203,0,282.38,41,9,15,35.98065851607479,0.6183943089430894,44.39484126984128,1022.4206349206363,24.937088656600885,0
2748,4,0,0,49,0.0,0.0,1.0,49,1600,1100,500,0.6875,21,11,10,337.0499775551307,0.43941326530612246,0.27097674739445465,0.19384709686832852,130625.94112507462,-994.505895135137,129631.43522993948,1204,1,289.14285714285717,40,9,15,35.82219074129306,0.61953125,44.43597560975611,1022.2560975609777,25.556402439024442,0
2749,4,0,1,48,0.0,0.02040816326530612,0.9795918367346939,49,1200,600,600,0.5,18,6,12,334.4611437747498,0.43874007936507936,0.26728084438623356,0.1932655495543421,130807.80805902605,-1049.9741803820164,129757.83387864403,1205,2,290.14285714285717,40,9,15,35.70455824889064,0.6213541666666667,44.25813008130083,1022.9674796747995,25.574186991869986,0
2750,4,1,0,49,0.02040816326530612,0.0,1.0,49,700,400,300,0.5714285714285714,10,4,6,335.78653497020326,0.43852749433106575,0.2734329084165936,0.19455525932968665,130911.78882444339,-1008.3168087778151,129903.47201566557,1206,0,290.8979591836735,40,9,16,35.565623965574325,0.6223958333333333,44.156504065040664,1023.3739837398396,25.58434959349599,0
2751,4,0,3,46,0.0,0.061224489795918366,0.9387755102040817,49,1700,1600,100,0.9411764705882353,18,16,2,335.6340273859503,0.438297193877551,0.27567339817578596,0.1946450961518189,130947.07739866813,-1009.9410076530287,129937.1363910151,1207,1,291.8979591836735,41,8,16,35.53388824270621,0.6211890243902439,44.122023809523824,1023.5119047619074,24.963704994192863,0
2752,4,0,0,46,0.0,0.0,1.0,46,1500,900,600,0.6,21,9,12,355.34160229479664,0.43319243156199677,0.29243636814576246,0.20483784555067666,130714.91021050367,89.68912760418664,130804.59933810786,1208,2,311.2608695652174,39,7,17,35.26461325591661,0.6220619658119658,44.34895833333334,1022.6041666666682,26.2206196581197,0
2753,4,1,0,47,0.02127659574468085,0.0,1.0,47,1500,1300,200,0.8666666666666667,17,13,4,351.4864759899941,0.43539932161578787,0.23251700017852173,0.19442986076914914,129102.89345592247,-268.94432513958895,128833.94913078289,1209,0,305.6170212765957,42,5,18,37.00002383676582,0.6011904761904762,45.93023255813955,1016.2790697674448,24.197120708748685,8
2754,4,0,0,47,0.0,0.0,1.0,47,1100,800,300,0.7272727272727273,14,8,6,349.8256572638964,0.4352065988282454,0.2323531618793815,0.19387326837588734,129176.76150960014,-362.1309003364805,128814.63060926365,1210,1,306.6170212765957,42,5,18,36.967003463286,0.6019345238095238,45.8575581395349,1016.5697674418633,24.204042081949126,0
2755,4,1,1,47,0.020833333333333332,0.020833333333333332,0.9791666666666666,48,850,500,350,0.5882352941176471,12,5,7,347.115416752475,0.4356161347517731,0.24087767598999466,0.19410088780910872,129529.39111118978,-607.6655898191271,128921.72552137065,1211,0,301.2083333333333,41,7,11,36.67720413864796,0.6069613821138211,45.510912698412696,1017.9563492063487,24.828203639179236,0
2756,4,0,0,47,0.0,0.0,1.0,47,1100,800,300,0.7272727272727273,14,8,6,357.8515704693654,0.43297101449275366,0.2465298354499479,0.20014512458914763,129537.39636005362,-128.96785560842397,129408.4285044452,1212,1,308.06382978723406,40,7,11,36.39583541313101,0.60859375,45.50304878048781,1017.9878048780495,25.449695121951237,0
2757,4,0,0,47,0.0,0.0,1.0,47,1400,1200,200,0.8571428571428571,16,12,4,363.6943721341717,0.43227721245760103,0.2565205209624557,0.204353833311264,129718.50419723758,35.57798763968327,129754.08218487726,1213,2,309.06382978723406,40,7,12,36.06282422186754,0.6104166666666666,45.325203252032544,1018.6991869918737,25.46747967479684,0
2758,4,0,0,47,0.0,0.0,1.0,47,1700,1300,400,0.7647058823529411,21,13,8,364.1621823219134,0.43164122725871107,0.25553036185743094,0.20547866135956422,129883.08930342986,59.70184948980858,129942.79115291967,1214,3,310.06382978723406,41,6,13,35.883515815085154,0.6105182926829269,45.16369047619048,1019.3452380952393,24.862078977932665,0
2759,4,2,1,48,0.04081632653061224,0.02040816326530612,0.9795918367346939,49,1750,1100,650,0.6285714285714286,24,11,13,349.18767535137124,0.43486040249433106,0.2570924974455979,0.1999114729813717,130448.74267578126,-687.5669310693017,129761.17574471196,1215,0,298.3673469387755,39,10,15,35.691449134971606,0.6193910256410257,44.609375,1021.5625000000001,26.19391025641026,0
2760,4,1,2,47,0.02040816326530612,0.04081632653061224,0.9591836734693877,49,1100,600,500,0.5454545454545454,16,6,10,353.41681145373155,0.4341695011337869,0.26091496633308275,0.202888960630343,130555.17713758686,-571.9211154513844,129983.25602213547,1216,0,299.0816326530612,39,10,12,35.47559287194646,0.6204594017094017,44.505208333333336,1021.9791666666671,26.204594017094028,0
2761,4,0,0,47,0.0,0.0,1.0,47,1600,1300,300,0.8125,19,13,6,369.3599984027776,0.43075470243601605,0.26527898976146624,0.21105638190941522,130374.5443309479,231.0282971683476,130605.57262811625,1217,2,312.78723404255317,37,10,15,35.251592584639596,0.6221846846846847,44.682017543859644,1021.2719298245607,27.601944049312454,0
2762,4,0,0,47,0.0,0.0,1.0,47,1150,600,550,0.5217391304347826,17,6,11,367.36297444307434,0.4306583410422448,0.2672762440654126,0.21037005733780703,130458.54403518375,185.12775565556768,130643.67179083932,1218,3,313.78723404255317,37,10,15,35.21732227827268,0.6230292792792793,44.599780701754376,1021.6008771929812,27.610834518729224,0
2763,4,0,0,47,0.0,0.0,1.0,47,1550,1000,550,0.6451612903225806,21,10,11,366.479205711103,0.43081251927227876,0.2427993357412328,0.2001745425009037,128601.01814229762,74.62769218434423,128675.64583448195,1219,4,314.78723404255317,36,11,16,37.13153658265795,0.6061921296296297,46.424549549549546,1014.301801801801,28.17505005005003,8
2764,4,1,0,48,0.020833333333333332,0.0,1.0,48,1350,1000,350,0.7407407407407407,17,10,7,355.48469056679426,0.43336288416075647,0.25079091737652126,0.19618711100404174,129011.37689248633,-427.6861211557101,128583.69077133061,1220,0,309.2083333333333,38,10,19,36.99170960844112,0.6066337719298245,46.02029914529913,1015.9188034188006,26.734705353126333,0
2765,4,1,0,49,0.02040816326530612,0.0,1.0,49,1300,700,600,0.5384615384615384,19,7,12,351.2165003847679,0.4351792800453515,0.2718739554254639,0.19590075910350369,129430.46932067194,-707.9572298289881,128722.51209084295,1221,0,303.8775510204082,36,13,15,36.67344510845507,0.6145833333333333,45.608108108108105,1017.5675675675668,28.265765765765746,0
2766,4,0,0,49,0.0,0.0,1.0,49,950,500,450,0.5263157894736842,14,5,9,353.75739094682444,0.43454152494331066,0.2741511648907351,0.19789398602470862,129545.08562616659,-634.4936997808722,128910.59192638572,1222,1,304.8775510204082,36,13,15,36.49221054572271,0.6157407407407407,45.49549549549549,1018.0180180180172,28.278278278278254,0
2767,4,2,3,48,0.0392156862745098,0.058823529411764705,0.9411764705882353,51,1400,1000,400,0.7142857142857143,18,10,8,343.30888888367735,0.437516339869281,0.2942277472499977,0.1949397429922099,130129.69970703126,-1265.0634765625,128864.63623046876,1223,0,293.88235294117646,39,12,17,36.16481623277181,0.6161858974358974,44.921875,1020.3125000000001,26.161858974358978,0
2768,4,3,0,51,0.058823529411764705,0.0,1.0,51,1050,800,250,0.7619047619047619,13,8,5,339.86321772944825,0.4384150326797385,0.3044477559164498,0.19448192483830085,130430.54112803935,-1334.1556867257295,129096.38544131361,1224,0,284.11764705882354,37,14,20,35.948010591097756,0.6227477477477478,44.62719298245614,1021.491228070175,27.607871028923647,0
2769,4,0,1,50,0.0,0.0196078431372549,0.9803921568627451,51,1450,900,550,0.6206896551724138,20,9,11,342.2875618352127,0.43790849673202614,0.30476960047809665,0.19615224484504984,130486.54994806091,-1267.2153931979087,129219.334554863,1225,1,285.11764705882354,37,14,20,35.82939829720255,0.6233108108108107,44.57236842105263,1021.7105263157893,27.613798008534843,0
2770,4,0,0,50,0.0,0.0,1.0,50,1400,1100,300,0.7857142857142857,17,11,6,349.62038672121383,0.4367687074829932,0.30733440687063873,0.19992104986544523,130402.54122662725,-881.722621383525,129520.81860524372,1226,2,291.54,37,13,20,35.72720969762032,0.6224662162162162,44.65460526315788,1021.381578947367,27.604907539118027,0
2771,4,0,2,48,0.0,0.04,0.96,50,1250,800,450,0.64,17,8,9,350.83891317554577,0.4366666666666667,0.30940671601759506,0.2014891872895414,130570.58572108702,-838.1515225838976,129732.43419850312,1227,3,292.54,37,13,16,35.525851124700495,0.6241554054054055,44.490131578947356,1022.0394736842085,27.62268847795158,0
2772,4,0,2,46,0.0,0.041666666666666664,0.9583333333333334,48,1500,1000,500,0.6666666666666666,20,10,10,359.9101314887288,0.43662270981087475,0.3056098747750726,0.20689704012179802,130607.69120049097,-198.59373731840554,130409.09746317257,1228,4,298.0,36,12,16,35.25646322206309,0.6264467592592593,44.453828828828826,1022.1846846846842,28.394019019019005,0
2773,4,0,0,46,0.0,0.0,1.0,46,1450,1100,350,0.7586206896551724,18,11,7,377.2456023017951,0.4338365539452496,0.3079131549739751,0.21561559108241862,130384.14292800475,637.3689058957157,131021.51183390045,1229,5,311.7826086956522,34,12,19,35.040505886466946,0.6283700980392157,44.67261904761906,1021.3095238095256,30.038515406162517,0
2774,4,0,0,46,0.0,0.0,1.0,46,800,500,300,0.625,11,5,6,377.30471842859794,0.43350442834138486,0.30965023839321404,0.21598744421853236,130444.94224773248,643.49844104309,131088.44068877556,1230,6,312.7826086956522,34,12,19,34.977226818941084,0.6289828431372548,44.61309523809524,1021.5476190476195,30.045518207282925,0
2775,4,0,1,45,0.0,0.021739130434782608,0.9782608695652174,46,850,500,350,0.5882352941176471,12,5,7,390.353773984318,0.43367552334943643,0.29942744677044164,0.2107910379515318,128144.53125,1021.2407879818605,129165.77203798186,1231,7,313.7826086956522,35,11,18,36.994170096021946,0.6035714285714286,46.875,1012.5,28.928571428571427,8
2776,4,1,0,46,0.021739130434782608,0.0,1.0,46,1250,900,350,0.72,16,9,7,396.14772027437436,0.43517512077294684,0.3099779603285917,0.20370629217900263,126160.08659122066,834.6686385459302,126994.7552297666,1232,0,314.5869565217391,35,11,20,38.89304915514592,0.5833333333333333,48.84259259259258,1004.6296296296281,28.70370370370366,8
2777,4,3,0,49,0.061224489795918366,0.0,1.0,49,1000,700,300,0.7,13,7,6,380.7219777026682,0.43934240362811794,0.3251204678564943,0.20002742659255965,127038.15563591184,-126.75642851927267,126911.39920739256,1233,0,296.265306122449,38,11,21,38.37475272007913,0.5866228070175439,47.97008547008546,1008.1196581196564,26.52946468735938,0
2778,4,0,1,48,0.0,0.02040816326530612,0.9795918367346939,49,1300,600,700,0.46153846153846156,20,6,14,353.20724910892017,0.4394486961451247,0.277079127240885,0.1753496343209372,124702.55810657587,-950.4097002322817,123752.1484063436,1234,1,297.265306122449,41,8,19,41.47794994040524,0.5579268292682926,50.297619047619044,998.8095238095231,24.361207897793246,8
2779,4,3,1,50,0.058823529411764705,0.0196078431372549,0.9803921568627451,51,1600,1100,500,0.6875,21,11,10,342.11859683119485,0.4443300653594771,0.30354907757475047,0.17253280755711217,125356.61363352182,-1620.508397697727,123736.10523582408,1235,0,286.52941176470586,37,14,17,41.0784837037848,0.5712274774774775,49.64364035087719,1001.425438596491,27.065552394499754,0
2780,4,3,1,52,0.05660377358490566,0.018867924528301886,0.9811320754716981,53,1150,700,450,0.6086956521739131,16,7,9,342.63311955036596,0.4476596516690856,0.34181784986948327,0.1763128696394029,126189.15741008654,-1945.1687372972626,124243.98867278927,1236,0,276.66037735849056,35,18,20,40.207181392312705,0.5836309523809524,48.813657407407405,1004.7453703703699,28.707010582010568,0
2781,4,1,0,53,0.018867924528301886,0.0,1.0,53,1750,1300,450,0.7428571428571429,22,13,9,347.8721936679111,0.45051705370101597,0.36135460241967676,0.1809268299124495,126625.62157064475,-1790.0934499314076,124835.52812071335,1237,0,277.41509433962267,35,18,20,39.62645660840233,0.5880952380952381,48.37962962962963,1006.4814814814818,28.756613756613763,0
2782,4,2,0,55,0.03636363636363636,0.0,1.0,55,1400,1000,400,0.7142857142857143,18,10,8,335.18200899368946,0.4528058361391695,0.36814823594484536,0.17729972475735195,127313.23580332437,-2465.378770390864,124847.8570329335,1238,0,268.2909090909091,37,18,22,39.24063812834999,0.5912162162162162,47.697368421052644,1009.2105263157916,27.275960170697072,0
2783,4,1,0,56,0.017857142857142856,0.0,1.0,56,1600,900,700,0.5625,23,9,14,330.9460459779898,0.45451839826839824,0.37103552172534093,0.17656055549384123,127658.2146819527,-2750.4037228796815,124907.81095907302,1239,0,264.48214285714283,38,18,21,38.99460830954645,0.5929276315789473,47.35576923076923,1010.5769230769233,26.594129554655876,0
2784,4,1,2,55,0.017543859649122806,0.03508771929824561,0.9649122807017544,57,1550,800,750,0.5161290322580645,23,8,15,326.0603475584544,0.45623172514619886,0.3755838020003681,0.17537930322164058,127986.37695312515,-3053.7434895833208,124932.63346354183,1240,0,260.82456140350877,39,18,23,38.782942145357204,0.594551282051282,47.03125000000001,1011.8750000000011,25.94551282051285,0
2785,4,1,0,56,0.017857142857142856,0.0,1.0,56,1950,1300,650,0.6666666666666666,26,13,13,319.84764066626167,0.45731872294372294,0.3726619190523819,0.17345806046258927,128315.61872260776,-2991.417449438462,125324.2012731693,1241,0,261.94642857142856,36,20,25,38.6045348449483,0.6032986111111112,46.70608108108108,1013.1756756756758,28.143768768768773,0
2786,4,0,1,55,0.0,0.017857142857142856,0.9821428571428571,56,1450,1000,450,0.6896551724137931,19,10,9,319.3200189189133,0.45696699134199137,0.37074673568724403,0.17375594908212796,128450.0173731341,-2996.6676044552137,125453.34976867889,1242,1,262.94642857142856,37,19,14,38.48104831440418,0.602759009009009,46.573464912280706,1013.7061403508777,27.397463252726425,0
2787,4,2,1,56,0.03508771929824561,0.017543859649122806,0.9824561403508771,57,1400,1000,400,0.7142857142857143,18,10,8,313.81406951480386,0.45785035505430244,0.37660498716010293,0.1724797630190387,128848.62075617285,-3313.09799382716,125535.52276234569,1243,0,259.280701754386,38,19,17,38.215344277245784,0.6049890350877193,46.18055555555556,1015.2777777777778,26.717836257309944,0
2788,4,1,0,57,0.017543859649122806,0.0,1.0,57,1100,700,400,0.6363636363636364,15,7,8,314.60401385662476,0.4571063074352548,0.3769632348463452,0.17338784694115533,128957.11343277438,-3285.914899737031,125671.19853303734,1244,0,260.2105263157895,38,19,20,38.08509519301566,0.6060855263157895,46.07371794871794,1015.7051282051274,26.729082321187562,0
2789,4,1,1,57,0.017241379310344827,0.017241379310344827,0.9827586206896551,58,1800,1100,700,0.6111111111111112,25,11,14,310.7562392077993,0.45743219399072393,0.3854824501083509,0.17293855015781343,129340.77222077921,-3560.8473315811157,125779.9248891981,1245,0,256.7068965517241,37,21,21,37.79362491466349,0.6117680180180181,45.69627192982455,1017.2149122806997,27.492294926505394,0
2790,4,0,0,57,0.0,0.0,1.0,57,1100,600,500,0.5454545454545454,16,6,10,318.9111231296201,0.4559967627401838,0.3941831322492291,0.17710746874910588,129258.63997443352,-3155.5963903092625,126103.04358412426,1246,1,262.10526315789474,36,21,22,37.669573643410864,0.6128472222222222,45.77702702702701,1016.8918918918889,28.246996996996913,0
2791,4,0,1,56,0.0,0.017543859649122806,0.9824561403508771,57,1400,700,700,0.5,21,7,14,318.35284007397047,0.45580096073517123,0.39465722086930843,0.17731193324465153,129373.18019032538,-3162.736131401683,126210.44405892369,1247,2,263.10526315789474,36,21,22,37.56756881410966,0.6140046296296297,45.66441441441441,1017.3423423423417,28.259509509509492,0
2792,4,0,0,56,0.0,0.0,1.0,56,1950,1600,350,0.8205128205128205,23,16,7,315.70524063415724,0.4556141774891775,0.3737262764172584,0.17619124102980213,129452.33298947735,-3026.2440125808157,126426.08897689653,1248,3,252.16071428571428,37,19,17,37.55465916029163,0.6128941441441442,45.586622807017534,1017.6535087719284,27.504148885727794,0
2793,4,0,0,56,0.0,0.0,1.0,56,1950,1500,450,0.7692307692307693,24,15,9,319.7321544870159,0.45564799783549786,0.3756684784991011,0.1793471758129406,129651.86767578126,-2909.2258029513882,126742.64187282987,1249,4,253.16071428571428,39,17,17,37.249944597865735,0.6113782051282051,45.390625,1018.4375000000001,26.113782051282055,0
2794,4,0,0,56,0.0,0.0,1.0,56,2100,1300,800,0.6190476190476191,29,13,16,321.45487154039336,0.4551880411255411,0.3765223200595784,0.18104738101782777,129811.04736328126,-2854.321289062499,126956.72607421876,1250,5,254.16071428571428,39,17,19,37.044809874271685,0.6129807692307692,45.234375,1019.0625000000001,26.129807692307697,0
2795,4,0,3,53,0.0,0.05357142857142857,0.9464285714285714,56,1650,1000,650,0.6060606060606061,23,10,13,321.529287894901,0.45508658008658004,0.38000197014141235,0.1818284343849328,129970.32470703126,-2842.1468098958335,127128.17789713544,1251,6,255.16071428571428,39,17,20,36.88164010624171,0.6145833333333333,45.078125,1019.6875000000001,26.145833333333336,0
2796,4,0,2,51,0.0,0.03773584905660377,0.9622641509433962,53,1050,700,350,0.6666666666666666,14,7,7,333.66929068700153,0.45328374455732945,0.3864035846763012,0.18788882460651382,129803.15778193736,-1937.7344827936017,127865.42329914376,1252,7,268.35849056603774,36,17,20,36.741628909271746,0.6183449074074074,45.24211711711712,1019.0315315315316,28.306431431431434,0
2797,4,1,0,52,0.019230769230769232,0.0,1.0,52,1400,700,700,0.5,21,7,14,336.39558715741776,0.4517031171442936,0.3898489405447658,0.19012020262941703,129946.6421658145,-1657.304601899191,128289.33756391531,1253,0,269.9423076923077,36,16,21,36.52667329357191,0.6197916666666667,45.101351351351354,1019.5945945945949,28.322072072072082,0
2798,4,0,1,51,0.0,0.019230769230769232,0.9807692307692307,52,1500,1100,400,0.7333333333333333,19,11,8,337.1898690091393,0.450862556561086,0.39176568352640584,0.19115645041998927,130066.77685682144,-1628.5601098414795,128438.21674697996,1254,1,270.9423076923077,37,15,21,36.38465638324554,0.6190878378378378,44.98355263157895,1020.0657894736851,27.56934566145095,0
2799,4,0,0,51,0.0,0.0,1.0,51,1700,1300,400,0.7647058823529411,21,13,8,335.6934610578925,0.4512581699346405,0.38175270108043247,0.19126720455624116,130262.58680555565,-1454.3402777777683,128808.24652777788,1255,2,274.19607843137254,37,14,21,36.22448979591837,0.6210585585585586,44.79166666666667,1020.8333333333342,27.59009009009011,0
2800,4,0,0,51,0.0,0.0,1.0,51,2000,1200,800,0.6,28,12,16,337.02683784928803,0.45019607843137255,0.3758562652528823,0.19341687984946837,130542.57079101265,-1400.7300323176344,129141.84075869502,1256,3,275.19607843137254,37,14,17,35.90709942775395,0.6238738738738738,44.51754385964912,1021.9298245614037,27.619724988146046,0
2801,4,0,0,51,0.0,0.0,1.0,51,1600,1000,600,0.625,22,10,12,336.5244054079306,0.4497875816993464,0.3785859223045782,0.19382891170036765,130682.67549871116,-1404.4180661357393,129278.25743257542,1257,4,276.19607843137254,37,14,19,35.77826184092939,0.6252815315315315,44.38048245614035,1022.4780701754388,27.634542437174023,0
2802,4,0,0,51,0.0,0.0,1.0,51,1350,900,450,0.6666666666666666,18,9,9,339.3465266860518,0.4495424836601307,0.38297192604129293,0.19602252306217802,130794.81336805546,-1323.046875000007,129471.76649305546,1258,5,277.19607843137254,37,14,19,35.592752885268155,0.6264076576576576,44.27083333333333,1022.9166666666658,27.646396396396373,0
2803,4,0,1,50,0.0,0.0196078431372549,0.9803921568627451,51,1700,1200,500,0.7058823529411765,22,12,10,337.63503168997227,0.44964052287581696,0.38230671608549205,0.19545968459868596,130878.94833025528,-1362.1364265928135,129516.81190366247,1259,6,278.19607843137254,37,14,19,35.551507358194016,0.6272522522522522,44.18859649122806,1023.2456140350863,27.655286865813142,0
2804,4,0,0,50,0.0,0.0,1.0,50,1250,700,550,0.56,18,7,11,345.13361374371533,0.4492517006802721,0.3819682959048878,0.19943980580457427,130809.21292914524,-970.6687261586023,129838.54420298664,1260,7,283.58,36,14,19,35.43019778364891,0.6284722222222222,44.25675675675675,1022.972972972972,28.41591591591589,0
2805,4,0,1,49,0.0,0.02,0.98,50,1750,1400,350,0.8,21,14,7,344.88920525659375,0.44875850340136053,0.3827505776213005,0.20004454285751003,130953.25213304527,-967.127389213529,129986.12474383174,1261,8,284.58,36,14,19,35.29082774049217,0.6299189814814814,44.115990990990994,1023.5360360360366,28.431556556556572,0
2806,4,1,0,50,0.02,0.0,1.0,50,1250,1000,250,0.8,15,10,5,326.8559975078348,0.4481292517006803,0.2998558207501216,0.18324286261157424,129630.39852804547,-1525.3695587335621,128105.0289693119,1262,0,285.2,41,9,12,37.09033528170158,0.6079776422764227,45.41170634920635,1018.3531746031746,24.8378823073945,8
2807,4,1,0,51,0.0196078431372549,0.0,1.0,51,1250,900,350,0.72,16,9,7,323.32131309569286,0.4491339869281046,0.3062647086773509,0.18282161083858017,129966.00193986247,-1795.8443190012576,128170.15762086121,1263,0,280.5882352941176,42,9,14,36.8403338718363,0.6098710317460317,45.082364341085274,1019.6705426356596,24.2778700627538,0
2808,4,0,1,50,0.0,0.0196078431372549,0.9803921568627451,51,1400,1100,300,0.7857142857142857,17,11,6,326.7316610041482,0.4488235294117647,0.31303265987245976,0.18533571805235288,130089.53788834796,-1699.125841295605,128390.41204705235,1264,1,281.5882352941176,42,9,15,36.6283165526849,0.6111111111111112,44.961240310077514,1020.1550387596892,24.289405684754506,0
2809,4,0,0,50,0.0,0.0,1.0,50,1200,700,500,0.5833333333333334,17,7,10,328.9055193455321,0.4473639455782313,0.3175688509021848,0.18680556195838469,130138.96869929685,-1439.3149825731657,128699.65371672368,1265,2,287.12,42,8,15,36.52283159227605,0.6116071428571428,44.91279069767442,1020.3488372093018,24.294019933554804,0
2810,4,0,1,49,0.0,0.02,0.98,50,1800,1200,600,0.6666666666666666,24,12,12,328.69637650978785,0.44694727891156466,0.31730612244897993,0.18728049359278598,130262.58680555546,-1436.631944444451,128825.95486111101,1266,3,288.12,42,8,15,36.403061224489804,0.6128472222222222,44.791666666666664,1020.8333333333326,24.305555555555536,0
2811,4,2,1,50,0.0392156862745098,0.0196078431372549,0.9803921568627451,51,1300,1100,200,0.8461538461538461,15,11,4,324.3787820362434,0.4502777777777778,0.32003138417278754,0.1866734184895141,130649.55305899907,-1724.011421028465,128925.5416379706,1267,0,263.7647058823529,43,8,14,36.12217487958504,0.6153100775193798,44.41287878787879,1022.3484848484848,23.775546159267087,0
2812,4,0,0,50,0.0,0.0,1.0,50,1250,600,650,0.48,19,6,13,333.1971878439393,0.44823129251700683,0.31819146919431307,0.19167013804544997,130633.79322907251,-1294.6374917373014,129339.15573733521,1268,1,270.04,42,8,16,35.91271721958927,0.6165674603174602,44.4282945736434,1022.2868217054242,24.34016242155772,0
2813,4,0,1,49,0.0,0.02,0.98,50,1450,1100,350,0.7586206896551724,18,11,7,329.15697208099397,0.4484863945578231,0.3119082812203908,0.18983184061982555,130732.87080854506,-1393.672818640715,129339.19798990435,1269,2,271.04,42,8,16,35.91588497252226,0.6175595238095238,44.331395348837205,1022.6744186046503,24.349390919158342,0
2814,4,0,3,46,0.0,0.061224489795918366,0.9387755102040817,49,1350,900,450,0.6666666666666666,18,9,9,335.20815909520707,0.44720804988662133,0.31715592153447236,0.19350482196369428,130769.44464128221,-1033.0030391786543,129736.44160210356,1270,3,276.8775510204082,41,8,16,35.72421597154865,0.619410569105691,44.29563492063491,1022.8174603174585,24.94676732481606,0
2815,4,0,0,46,0.0,0.0,1.0,46,1350,700,650,0.5185185185185185,20,7,13,347.94423440453727,0.44554146537842193,0.3099598298676751,0.20006793478260868,130617.28395061711,-110.49382716051127,130506.79012345661,1271,4,280.2173913043478,38,8,16,35.552536231884055,0.6228070175438596,44.444444444444436,1022.2222222222208,26.9005847953216,0
2816,4,0,0,46,0.0,0.0,1.0,46,1250,1000,250,0.8,15,10,5,345.90297168222105,0.44474637681159424,0.3105236379824925,0.1993159146279672,130699.2056235845,-158.15127565930322,130541.0543479252,1272,5,281.2173913043478,38,8,16,35.52180197123254,0.6236293859649122,44.36431623931623,1022.542735042734,26.90901934322984,0
2817,4,0,0,46,0.0,0.0,1.0,46,1450,1000,450,0.6896551724137931,19,10,9,346.9340441341888,0.4444746376811594,0.3111567714837098,0.20047637130868162,130808.47447083409,-123.61738896195874,130684.85708187213,1273,6,282.2173913043478,38,8,16,35.384899912967796,0.6247258771929824,44.25747863247862,1022.9700854700842,26.92026540710748,0
2818,4,0,1,45,0.0,0.021739130434782608,0.9782608695652174,46,1500,1000,500,0.6666666666666666,20,10,10,341.643603366443,0.44400161030595814,0.30247798856313035,0.19812020098368774,130945.12473518869,-252.68714844036703,130692.43758674832,1274,7,283.2173913043478,38,8,16,35.38208942240781,0.6260964912280702,44.12393162393162,1023.5042735042723,26.934322986954534,0
2819,4,0,0,45,0.0,0.0,1.0,45,950,600,350,0.631578947368421,13,6,7,346.78171230996253,0.4428661616161616,0.32052371600309515,0.20119374048561195,130963.11034404805,83.12233090949803,131046.23267495754,1275,8,289.8666666666667,37,8,16,35.23243617211213,0.6280968468468469,44.1063596491228,1023.5745614035078,27.66417733522994,0
2820,4,0,0,45,0.0,0.0,1.0,45,950,400,550,0.42105263157894735,15,4,11,347.9064572802338,0.44252946127946124,0.315037298782882,0.2024360376660498,131075.36844269375,120.3934143197722,131195.76185701354,1276,9,290.8666666666667,37,8,16,35.09019077702822,0.629222972972973,43.99671052631578,1024.0131578947355,27.67603129445231,0
2821,4,0,0,45,0.0,0.0,1.0,45,1250,800,450,0.64,17,8,9,347.97348210955766,0.4422979797979798,0.30559147259877206,0.2032317718289072,131218.63928153983,132.12136569507254,131350.7606472349,1277,10,291.8666666666667,38,7,16,34.943734793187346,0.6288377192982456,43.8568376068376,1024.5726495726487,26.96243814664865,0
2822,4,0,0,45,0.0,0.0,1.0,45,1000,400,600,0.4,16,4,12,349.9194502994214,0.44210858585858587,0.30405153254655914,0.20510325647957917,131356.22409058546,192.8652025339848,131549.08929311944,1278,11,292.8666666666667,37,8,17,34.754942596356116,0.6320382882882882,43.72258771929824,1025.109649122806,27.70566619250827,0
2823,4,1,1,45,0.021739130434782608,0.021739130434782608,0.9782608695652174,46,1450,1100,350,0.7586206896551724,18,11,7,341.54470161866817,0.44128421900161036,0.29747796083691425,0.20201569566328653,131702.0887586805,-203.56987847222624,131498.51888020828,1279,0,287.4782608695652,39,7,16,34.620881537108446,0.6319444444444444,43.385416666666664,1026.458333333333,26.319444444444436,0
2824,4,1,0,46,0.021739130434782608,0.0,1.0,46,1450,1200,250,0.8275862068965517,17,12,5,338.65599117873364,0.4415358293075684,0.2961019490254875,0.2011534983748381,131862.52170138882,-268.7934027777813,131593.72829861104,1280,0,288.45652173913044,39,7,17,34.53346855983773,0.6335470085470085,43.229166666666664,1027.0833333333328,26.33547008547007,0
2825,4,0,0,46,0.0,0.0,1.0,46,1300,800,500,0.6153846153846154,18,8,10,338.5806619325128,0.4412037037037037,0.2955027352996924,0.2015341622595275,131942.77479383667,-265.3455946180743,131677.4291992186,1281,1,289.45652173913044,39,7,18,34.454632633749014,0.6343482905982907,43.15104166666666,1027.3958333333321,26.343482905982874,0
2826,4,0,0,46,0.0,0.0,1.0,46,1350,900,450,0.6666666666666666,18,9,9,342.47394541613016,0.44061996779388085,0.299592047121642,0.20471686052766708,132103.35422091995,-151.60861545140816,131951.74560546855,1282,2,290.45652173913044,39,7,18,34.19303289762556,0.6359508547008548,42.99479166666666,1028.0208333333317,26.359508547008506,0
2827,4,0,0,46,0.0,0.0,1.0,46,1300,1100,200,0.8461538461538461,15,11,4,348.8790924088524,0.43975442834138484,0.30464632842128814,0.2095966203237272,132293.4340195151,30.8826384757362,132324.31665799083,1283,3,291.45652173913044,40,6,18,33.83713655372254,0.6361979166666667,42.80995934959348,1028.7601626016228,25.719004065040572,0
2828,4,1,1,46,0.02127659574468085,0.02127659574468085,0.9787234042553191,47,1750,1300,450,0.7428571428571429,22,13,9,342.89350922322177,0.4392923219241443,0.3132439195540786,0.20793579974404422,132645.51487508215,-303.21885018623476,132342.2960248959,1284,0,286.2340425531915,38,9,17,33.63734183779298,0.643092105263158,42.467948717948715,1030.1282051282049,27.108636977058023,0
2829,4,0,1,45,0.0,0.021739130434782608,0.9782608695652174,46,1350,900,450,0.6666666666666666,18,9,9,356.59677771664144,0.43877818035426736,0.3270681563625253,0.21612065354000842,132623.79410010777,258.64352493075296,132882.43762503852,1285,5,293.45652173913044,37,9,18,33.30627705627704,0.6447072072072072,42.4890350877193,1030.043859649123,27.839023233760084,0
2830,4,0,0,45,0.0,0.0,1.0,45,1600,1200,400,0.75,20,12,8,367.893505836888,0.43634259259259256,0.34490968502119634,0.22300343922399068,132629.89921932088,758.735720517838,133388.63493983872,1286,6,299.9111111111111,36,9,18,33.0092288910754,0.6467013888888888,42.48310810810812,1030.0675675675693,28.612987987988035,0
2831,4,0,0,45,0.0,0.0,1.0,45,700,300,400,0.42857142857142855,11,3,8,368.10852540125165,0.4362373737373737,0.34418333515502586,0.22347875905083325,132687.9048600968,768.709799326381,133456.61465942318,1287,7,300.9111111111111,36,9,18,32.94531278463949,0.6472800925925926,42.426801801801815,1030.2927927927947,28.619244244244296,0
2832,4,0,0,45,0.0,0.0,1.0,45,900,400,500,0.4444444444444444,14,4,10,367.5061383806301,0.4355429292929293,0.3414706382152308,0.22397810857099149,132832.9744440388,763.3866975083351,133596.36114154712,1288,8,301.9111111111111,36,9,18,32.8148896657199,0.6487268518518519,42.286036036036045,1030.855855855857,28.63488488488492,0
2833,4,0,1,44,0.0,0.022222222222222223,0.9777777777777777,45,900,500,400,0.5555555555555556,13,5,8,366.0276453887647,0.43550084175084175,0.34017512141515116,0.2233457462420867,132878.0384950178,727.4071108418054,133605.4456058596,1289,9,302.9111111111111,37,8,18,32.807681059236415,0.647240990990991,42.242324561403514,1031.0307017543867,27.86569464201045,0
2834,4,1,1,44,0.022222222222222223,0.022222222222222223,0.9777777777777777,45,1250,900,350,0.72,16,9,7,362.2808360901125,0.43514309764309766,0.33354403425010615,0.22363961450793146,133310.8127170141,659.1905381944673,133970.00325520858,1290,0,297.44444444444446,39,6,19,32.469655705736,0.6479700854700854,41.82291666666668,1032.708333333335,26.479700854700898,0
2835,4,0,0,44,0.0,0.0,1.0,44,1000,800,200,0.8,12,8,4,365.50301633431786,0.434736169837914,0.33308329022245187,0.2254362892706564,133279.094128954,942.7821836876435,134221.87631264163,1291,1,303.95454545454544,38,6,19,32.41830488015176,0.6493969298245614,41.853632478632484,1032.585470085471,27.173301844354498,0
2836,4,0,1,43,0.0,0.022727272727272728,0.9772727272727273,44,800,500,300,0.625,11,5,6,361.97516762129476,0.43430673009161386,0.32575130702975175,0.22375805118687217,133361.84619037196,854.7353258090554,134216.581516181,1292,2,304.95454545454544,38,6,19,32.42634636601849,0.6502192982456141,41.77350427350428,1032.9059829059838,27.18173639226273,0
2837,4,0,0,43,0.0,0.0,1.0,43,1150,800,350,0.6956521739130435,15,8,7,373.38307899776447,0.4321474713916575,0.3378797869266612,0.23026512474930902,133274.01369892657,1352.4523170590915,134626.46601598567,1293,3,311.74418604651163,37,6,19,32.21998778804289,0.6511824324324325,41.858552631578945,1032.5657894736842,27.90718349928876,0
2838,4,0,0,43,0.0,0.0,1.0,43,1400,900,500,0.6428571428571429,19,9,10,376.13609769816287,0.4318244739756368,0.3414094687030209,0.23267092425570543,133387.2576778432,1434.3525171206547,134821.61019496387,1294,4,312.74418604651163,37,6,19,32.0351475427237,0.6523085585585586,41.74890350877193,1033.0043859649127,27.919037458511152,0
2839,4,0,0,43,0.0,0.0,1.0,43,1350,900,450,0.6666666666666666,18,9,9,377.9710073524489,0.4311323366555924,0.3453653759503261,0.23453114139333,133502.12358807024,1492.0405304404103,134994.16411851064,1295,5,313.74418604651163,35,8,20,31.87238679210066,0.6574404761904762,41.63773148148149,1033.4490740740748,29.527116402116423,0
2840,4,0,0,43,0.0,0.0,1.0,43,1150,700,450,0.6086956521739131,16,7,9,379.7302472717682,0.4303940568475452,0.34797569006129514,0.23676830142172028,133681.60211173288,1552.589565114905,135234.19167684778,1296,6,314.74418604651163,35,8,20,31.646731020332027,0.6592261904761905,41.46412037037038,1034.14351851852,29.546957671957717,0
2841,4,0,0,43,0.0,0.0,1.0,43,1350,1000,350,0.7407407407407407,17,10,7,377.5536841743999,0.430094130675526,0.34770808966121325,0.23593252672285978,133763.29665814465,1500.5650921191507,135263.8617502638,1297,7,315.74418604651163,36,7,20,31.621035633935698,0.6579861111111112,41.38513513513514,1034.4594594594598,28.734984984984994,0
2842,4,0,1,42,0.0,0.023255813953488372,0.9767441860465116,43,1250,800,450,0.64,17,8,9,380.7447893047393,0.42974806201550386,0.34924209833742426,0.23867971444137487,133879.81520371733,1594.8084063793658,135474.6236100967,1298,8,316.74418604651163,36,7,20,31.421608632571633,0.6591435185185186,41.27252252252253,1034.9099099099108,28.74749749749752,0
2843,4,0,0,42,0.0,0.0,1.0,42,1100,900,200,0.8181818181818182,13,9,4,386.33897713253566,0.4307370305845915,0.3444139091717673,0.24206424628885764,133861.20119866668,1943.159909765076,135804.36110843177,1299,9,319.07142857142856,35,7,20,31.295553256533587,0.6610119047619047,41.29050925925925,1034.8379629629617,29.566798941798904,0
2844,4,0,1,41,0.0,0.023809523809523808,0.9761904761904762,42,1350,1000,350,0.7407407407407407,17,10,7,354.0153598041759,0.43066444057297715,0.24674217513092178,0.2129538548975889,132341.5858725762,1063.5905246634543,133405.17639723964,1300,10,320.07142857142856,37,5,19,33.65657857345837,0.6418918918918919,42.76315789473684,1028.9473684210527,27.809388335704128,8
2845,4,0,0,41,0.0,0.0,1.0,41,1550,1400,150,0.9032258064516129,17,14,3,358.20284070749886,0.429395325203252,0.23862901319395569,0.21628080201946656,132482.65241468523,1291.1324878808832,133773.7849025661,1301,11,299.9024390243902,37,4,19,33.406890155146094,0.6432995495495495,42.62609649122807,1029.4956140350873,27.82420578473209,0
2846,4,0,0,41,0.0,0.0,1.0,41,1000,700,300,0.7,13,7,6,358.3070000173828,0.429344512195122,0.23498367663902409,0.21666845055783912,132539.1000716567,1297.937466335796,133837.0375379925,1302,12,300.9024390243902,37,4,19,33.347420402513045,0.6438626126126126,42.57127192982456,1029.7149122807018,27.830132764343293,0
2847,4,0,0,41,0.0,0.0,1.0,41,1500,1200,300,0.8,18,12,6,359.5368622439218,0.4290904471544716,0.24176394562413406,0.21855934226186136,132736.76155163127,1344.7517505386288,134081.5133021699,1303,13,301.9024390243902,37,4,16,33.116975242959505,0.6458333333333333,42.37938596491228,1030.482456140351,27.850877192982455,0
2848,4,0,0,41,0.0,0.0,1.0,41,1000,700,300,0.7,13,7,6,359.2641193978656,0.42827743902439025,0.24207654241578602,0.2193844012219171,132906.30290089242,1349.6931748230072,134255.99607571543,1304,14,302.9024390243902,37,4,16,32.95361902736425,0.6475225225225225,42.214912280701746,1031.1403508771916,27.86865813181599,0
2849,4,0,1,40,0.0,0.024390243902439025,0.975609756097561,41,1300,1000,300,0.7692307692307693,16,10,6,362.29564760414337,0.42721036585365857,0.24805430075339951,0.2224112419832088,133104.23790252756,1444.6172139504292,134548.855116478,1305,15,303.9024390243902,37,4,16,32.67663284100167,0.6494932432432432,42.023026315789465,1031.907894736841,27.88940256045516,0
2850,4,0,0,40,0.0,0.0,1.0,40,850,700,150,0.8235294117647058,10,7,3,367.86584318708134,0.427991452991453,0.24115384615384627,0.22612276678803503,133152.40652392263,1796.4444596623712,134948.850983585,1306,16,307.35,36,4,17,32.48454264411712,0.6519097222222222,41.976351351351354,1032.094594594595,28.669294294294307,0
2851,4,0,0,40,0.0,0.0,1.0,40,1450,1200,250,0.8275862068965517,17,12,5,367.4224672284758,0.4280448717948718,0.2463117435394182,0.22691120854897978,133326.8038942658,1797.452646903651,135124.25654116945,1307,17,308.35,36,4,17,32.320857412859375,0.6536458333333333,41.80743243243243,1032.7702702702695,28.68806306306304,0
2852,4,0,0,40,0.0,0.0,1.0,40,1300,900,400,0.6923076923076923,17,9,8,370.3824141519252,0.426696047008547,0.24314516129032304,0.22963709677419356,133472.22222222216,1887.2320377810197,135359.45426000317,1308,18,309.35,35,5,17,32.09845430107527,0.6571428571428571,41.666666666666664,1033.333333333333,29.523809523809515,0
2853,4,0,0,40,0.0,0.0,1.0,40,1550,1100,450,0.7096774193548387,20,11,9,371.9381004825937,0.42636217948717947,0.24200615556799088,0.2319097646763415,133681.60211173265,1944.2562317815432,135625.85834351418,1309,19,310.35,35,5,18,31.84818597276627,0.6592261904761905,41.46412037037037,1034.1435185185182,29.546957671957664,0
2854,4,0,1,39,0.0,0.025,0.975,40,1500,1000,500,0.6666666666666666,20,10,10,372.3892310539317,0.42574786324786323,0.24173005929074853,0.23294522997838307,133801.32144043632,1965.2342410408019,135766.55568147713,1310,20,311.35,35,5,16,31.71647182757206,0.6604166666666667,41.348379629629626,1034.606481481481,29.560185185185173,0
2855,4,0,0,39,0.0,0.0,1.0,39,1350,1000,350,0.7407407407407407,17,10,7,378.64593104439933,0.42400472334682865,0.22710875534986896,0.23731572304030013,133872.32320011337,2338.0420918367354,136210.36529195012,1311,21,297.97435897435895,34,5,16,31.483425361401892,0.663296568627451,41.279761904761905,1034.8809523809525,30.437675070028014,0
2856,4,0,0,39,0.0,0.0,1.0,39,1200,900,300,0.75,15,9,6,379.2350727663197,0.4239203778677463,0.22284135702555852,0.23848209890446007,133995.55165816328,2363.162556689341,136358.71421485263,1312,22,298.97435897435895,34,5,17,31.344620750450343,0.6645220588235294,41.160714285714285,1035.357142857143,30.451680672268907,0
2857,4,0,0,39,0.0,0.0,1.0,39,1450,800,650,0.5517241379310345,21,8,13,375.61225231131067,0.42386414754835805,0.21259898190045257,0.23759658750854995,134211.33786848065,2282.2845804988583,136493.6224489795,1313,23,299.97435897435895,34,5,17,31.222234987745104,0.6666666666666667,40.95238095238095,1036.1904761904757,30.47619047619046,0
2858,4,0,0,39,0.0,0.0,1.0,39,1000,400,600,0.4,16,4,12,371.3621957960163,0.4231893837156995,0.20305548931108652,0.23590031824854168,134365.5771683674,2179.6591553288017,136545.2363236962,1314,24,300.97435897435895,34,5,18,31.17799594289432,0.6681985294117647,40.80357142857143,1036.7857142857147,30.493697478991606,0
2859,4,0,0,39,0.0,0.0,1.0,39,1350,1100,250,0.8148148148148148,16,11,5,374.5754752838615,0.422008547008547,0.20354495345887513,0.23874733841611434,134489.03238378675,2275.258645124703,136764.29102891145,1315,25,301.97435897435895,34,5,18,30.97120203527297,0.6694240196078431,40.6845238095238,1037.261904761904,30.507703081232467,0
2860,4,0,0,39,0.0,0.0,1.0,39,1200,900,300,0.75,15,9,6,376.66381276709774,0.4213337831758885,0.2056812064842355,0.24089350373373347,134612.54428854858,2340.7348356008906,136953.27912414947,1316,26,302.97435897435895,34,5,18,30.793516500325048,0.6706495098039216,40.56547619047618,1037.738095238094,30.521708683473353,0
2861,4,0,0,39,0.0,0.0,1.0,39,950,700,250,0.7368421052631579,12,7,5,377.6447163538424,0.4206309041835357,0.20795107033639137,0.24213690636805169,134705.21541950098,2374.1425736961264,137079.3579931971,1317,27,303.97435897435895,34,5,18,30.675410932721707,0.6715686274509804,40.47619047619047,1038.095238095237,30.532212885154028,0
2862,4,0,1,38,0.0,0.02564102564102564,0.9743589743589743,39,1300,1000,300,0.7692307692307693,16,10,6,377.9284722347469,0.41992802519118305,0.20047742519652667,0.24273137958994562,134767.01388888882,2386.458333333327,137153.47222222213,1318,28,304.97435897435895,34,5,19,30.606273408239694,0.6721813725490196,40.416666666666664,1038.3333333333328,30.539215686274495,0
2863,4,0,0,38,0.0,0.0,1.0,38,1150,900,250,0.782608695652174,14,9,5,380.1084919205367,0.41834103840682785,0.21164725974227627,0.24460284502859145,134837.0086775519,2650.5384047001194,137487.54708225201,1319,29,311.7631578947368,33,5,17,30.479719764011797,0.6751893939393939,40.349264705882355,1038.6029411764707,31.47281639928699,0
2864,4,0,0,38,0.0,0.0,1.0,38,1450,1000,450,0.6896551724137931,19,10,9,377.3967399219816,0.4174668089141773,0.2035931753783078,0.24404989181621486,135014.34948979595,2590.7950680272147,137605.14455782317,1320,30,312.7631578947368,34,4,18,30.372995418098515,0.6746323529411764,40.17857142857143,1039.2857142857147,30.567226890756313,0
2865,4,0,0,38,0.0,0.0,1.0,38,800,600,200,0.75,10,6,4,377.86836123225544,0.4173779042200095,0.19726296506092345,0.2451933333582851,135138.10232426293,2612.882653061211,137750.98497732414,1321,31,313.7631578947368,34,4,18,30.23719563392107,0.6758578431372548,40.0595238095238,1039.761904761904,30.581232492997174,0
2866,4,0,0,38,0.0,0.0,1.0,38,700,300,400,0.42857142857142855,11,3,8,376.0788856154886,0.416474039829303,0.18656536638541055,0.24508228049170386,135292.87308673444,2576.1585884353426,137869.0316751698,1322,32,314.7631578947368,34,4,19,30.1293054125186,0.6773897058823529,39.91071428571427,1040.3571428571408,30.59873949579826,0
2867,4,0,1,37,0.0,0.02631578947368421,0.9736842105263158,38,1000,800,200,0.8,12,8,4,374.89385867546684,0.4150663821716453,0.09932898977777471,0.22194246318900282,131736.68368235786,2292.4490660234815,134029.13274838135,1323,33,315.7631578947368,33,5,22,33.730129123393404,0.6442550505050505,43.35171568627452,1026.593137254903,31.108882947118275,8
2868,4,0,0,37,0.0,0.0,1.0,37,1250,700,550,0.56,18,7,11,382.12921024907564,0.41397647647647645,0.11542744318540699,0.22629953448909226,131749.0741537854,2669.0339314865955,134418.108085272,1324,34,324.13513513513516,32,5,22,33.53190464477515,0.6468098958333333,43.33964646464647,1026.6414141414148,32.08254419191921,0
2869,4,0,0,37,0.0,0.0,1.0,37,1450,1200,250,0.8275862068965517,17,12,5,384.2286222709512,0.4125688188188188,0.11036036036036023,0.22851491745588168,131911.1570247936,2736.808425160723,134647.96544995432,1325,35,325.13513513513516,32,5,22,33.31412856440512,0.6484375,43.181818181818194,1027.2727272727288,32.102272727272776,0
2870,4,1,0,38,0.02631578947368421,0.0,1.0,38,1100,500,600,0.45454545454545453,17,5,12,374.61486922769683,0.41379208155523944,0.11371926666350829,0.224971416060525,132278.91375171472,2310.7295953360804,134589.6433470508,1326,0,317.55263157894734,35,3,23,33.18988148814882,0.6452380952380952,42.824074074074076,1028.703703703704,29.391534391534396,0
2871,4,0,0,38,0.0,0.0,1.0,38,700,400,300,0.5714285714285714,10,4,6,373.8792637151895,0.4138809862494073,0.11005753249520578,0.22523945887232172,132398.00347222236,2300.227194787399,134698.23066700978,1327,1,318.55263157894734,34,4,24,33.08873144399462,0.6485906862745099,42.70833333333334,1029.1666666666679,30.26960784313729,0
2872,4,0,0,38,0.0,0.0,1.0,38,1550,1200,350,0.7741935483870968,19,12,7,368.9330819120607,0.4132586533902323,0.10591145715741712,0.22380111638070677,132658.0215826193,2188.386548566493,134846.40813118577,1328,2,319.55263157894734,32,6,20,32.95415083547819,0.6559244791666667,42.45580808080809,1030.176767676769,32.19302398989903,0
2873,4,0,0,38,0.0,0.0,1.0,38,1150,800,350,0.6956521739130435,15,8,7,370.67443566960407,0.4125918681839735,0.10462476947084687,0.22544297644823488,132755.59413580265,2241.8209876543433,134997.415123457,1329,3,320.55263157894734,32,6,20,32.81109613656784,0.6569010416666667,42.36111111111112,1030.555555555557,32.20486111111116,0
2874,4,0,0,38,0.0,0.0,1.0,38,1000,500,500,0.5,15,5,10,371.7606181649942,0.4119695353247985,0.10425770524768962,0.226890673238815,132885.74667125812,2280.3374655647535,135166.08413682287,1330,4,321.55263157894734,32,6,20,32.652155277981876,0.658203125,42.23484848484849,1031.0606060606067,32.22064393939396,0
2875,4,0,1,37,0.0,0.02631578947368421,0.9736842105263158,38,1000,800,200,0.8,12,8,4,370.28294646891266,0.4113472024656235,0.10396798804062057,0.22638256787111385,132950.8468523621,2245.88626160597,135196.73311396808,1331,5,322.55263157894734,32,6,20,32.624775546849484,0.6588541666666667,42.17171717171718,1031.313131313132,32.22853535353538,0
2876,4,0,0,37,0.0,0.0,1.0,37,1100,800,300,0.7272727272727273,14,8,6,396.1902063905359,0.40944069069069067,0.08883224030163284,0.23186957762176233,131297.62081916098,3003.766298185941,134301.38711734692,1332,42,332.13513513513516,34,3,18,33.62856700352344,0.6375612745098039,43.779761904761905,1024.8809523809523,30.143557422969185,8
2877,4,1,0,38,0.02631578947368421,0.0,1.0,38,1150,600,550,0.5217391304347826,17,6,11,392.8786651538241,0.4128141299193931,0.11762022170882735,0.23306215781882242,131813.89534550064,2757.384079664948,134571.2794251656,1333,0,324.36842105263156,32,6,16,33.19039714742407,0.6474609375,43.27651515151516,1026.8939393939409,32.09043560606065,0
2878,4,0,0,38,0.0,0.0,1.0,38,900,400,500,0.4444444444444444,14,4,10,392.0575083420565,0.41205844001896635,0.11829650955908466,0.23297208402941058,131878.73247946645,2740.809451841654,134619.5419313081,1334,1,325.36842105263156,32,6,17,33.14587174759271,0.6481119791666667,43.21338383838384,1027.1464646464651,32.098327020202035,0
2879,4,0,0,38,0.0,0.0,1.0,38,1400,1100,300,0.7857142857142857,17,11,6,372.7023082709771,0.4118954480796586,0.1175192433322918,0.20566330471295982,129006.37846500814,2016.1950071175354,131022.57347212567,1335,2,326.36842105263156,37,1,18,36.559520597229714,0.6083896396396397,46.025219298245595,1015.8991228070148,27.456733048838238,8
2880,4,0,0,38,0.0,0.0,1.0,38,1200,700,500,0.5833333333333334,17,7,10,370.5321150228436,0.4123844238975818,0.11906816220880079,0.2054769001490312,129201.38888888869,1974.8000586718745,131176.18894756056,1336,3,327.36842105263156,36,2,21,36.41564207650273,0.6122685185185186,45.83333333333332,1016.666666666665,28.240740740740694,0
2881,4,0,0,38,0.0,0.0,1.0,38,1150,500,650,0.43478260869565216,18,5,13,370.67373283928566,0.41241405879563775,0.11411472658617305,0.20615302678598693,129315.90374157943,1986.8017510753996,131302.70549265482,1337,4,328.36842105263156,36,2,21,36.29525575730735,0.6134259259259259,45.72072072072072,1017.1171171171172,28.253253253253256,0
2882,4,0,0,38,0.0,0.0,1.0,38,950,800,150,0.8421052631578947,11,8,3,370.35303474846637,0.41262150308202944,0.10980739428824449,0.20627431047581035,129373.18019032538,1982.7499797094283,131355.93017003482,1338,5,329.36842105263156,36,2,21,36.24501881779942,0.6140046296296297,45.66441441441441,1017.3423423423417,28.259509509509492,0
2883,4,0,0,38,0.0,0.0,1.0,38,1200,800,400,0.6666666666666666,16,8,8,370.07953430658256,0.41251778093883357,0.10246010826743746,0.2071240793271017,129563.94184989601,1989.7926525469247,131553.73450244294,1339,6,330.36842105263156,37,1,15,36.05759737928558,0.6140202702702703,45.47697368421052,1018.092105263157,27.51600284495019,0
2884,4,0,0,38,0.0,0.0,1.0,38,300,100,200,0.3333333333333333,5,1,4,373.4908569094314,0.4131993835941204,0.07064672078810541,0.2014058172305997,128089.02739304384,2026.0898786164773,130115.11727166032,1340,7,331.36842105263156,37,1,18,37.47788489312535,0.5990990990990991,46.9298245614035,1012.2807017543846,27.35893788525364,8
2885,4,4,3,39,0.09523809523809523,0.07142857142857142,0.9285714285714286,42,1150,800,350,0.6956521739130435,15,8,7,345.1362403794405,0.42652680991095626,0.0789566185301267,0.19062621113596023,129042.58355034704,507.4784729435723,129550.06202329062,1341,0,300.7142857142857,39,3,16,37.22276331077846,0.6052350427350428,45.98958333333332,1016.0416666666652,26.052350427350387,0
2886,4,2,0,41,0.04878048780487805,0.0,1.0,41,900,600,300,0.6666666666666666,12,6,6,351.23345936558485,0.42469512195121956,0.0911704291051949,0.1941069977934962,129065.6517664727,866.435071042396,129932.08683751509,1342,0,306.1219512195122,38,3,18,37.044387200785025,0.6071820175438596,45.96688034188032,1016.1324786324756,26.740328385065148,0
2887,4,1,1,41,0.023809523809523808,0.023809523809523808,0.9761904761904762,42,1000,700,300,0.7,13,7,6,344.2155904644735,0.4272406116918312,0.08478325583305146,0.1916946127448605,129368.6579043547,506.2844720566868,129874.94237641139,1343,0,299.8095238095238,37,5,20,36.914385284184796,0.6120495495495495,45.66885964912278,1017.3245614035048,27.495258416310943,0
2888,4,0,0,41,0.0,0.0,1.0,41,850,500,350,0.5882352941176471,12,5,7,347.54004611707467,0.4272865853658536,0.08109202632872048,0.1935682353034308,129373.18019032525,792.4722019316355,130165.65239225689,1344,1,304.0975609756098,36,5,20,36.825234300051655,0.6140046296296297,45.6644144144144,1017.3423423423407,28.259509509509463,0
2889,4,0,0,41,0.0,0.0,1.0,41,850,400,450,0.47058823529411764,13,4,9,347.14312136198953,0.42710873983739833,0.08137457563998085,0.19391097224163528,129487.77113261899,790.1578098368466,130277.92894245584,1345,2,305.0975609756098,36,5,14,36.71880762705613,0.615162037037037,45.551801801801794,1017.7927927927918,28.272022022021996,0
2890,4,0,2,39,0.0,0.04878048780487805,0.9512195121951219,41,1400,800,600,0.5714285714285714,20,8,12,345.7679307668971,0.42764227642276426,0.08948123536962926,0.19399039490420686,129659.75265806333,766.4368760652369,130426.18953412857,1346,3,306.0975609756098,36,5,14,36.579039510541065,0.6168981481481481,45.382882882882875,1018.4684684684673,28.29079079079076,0
2891,4,0,2,37,0.0,0.05128205128205128,0.9487179487179487,39,1400,1000,400,0.7142857142857143,18,10,8,350.1195981081044,0.42535425101214575,0.09245398564284013,0.19643186385171793,129659.75265806333,1279.2840982874598,130939.03675635079,1347,5,316.8974358974359,36,3,14,36.46823861123397,0.6168981481481481,45.382882882882875,1018.4684684684673,28.29079079079076,0
2892,4,1,1,37,0.02631578947368421,0.02631578947368421,0.9736842105263158,38,1350,800,550,0.5925925925925926,19,8,11,355.74539567923006,0.42500889046941676,0.09318892482825802,0.20010394365266845,129760.9247068972,1632.3703007115803,131393.29500760877,1348,0,319.2368421052632,35,3,16,36.222144912719145,0.6199404761904762,45.28356481481481,1018.8657407407401,29.110449735449716,0
2893,4,0,1,36,0.0,0.02702702702702703,0.972972972972973,37,1100,600,500,0.5454545454545454,16,6,10,354.91795863270255,0.4228603603603604,0.0855646153704519,0.20024102893518317,129878.87577428404,1819.2690918638446,131698.1448661479,1349,1,322.6756756756757,35,2,16,36.12337250671814,0.6211309523809524,45.16782407407407,1019.328703703703,29.12367724867723,0
2894,4,0,0,36,0.0,0.0,1.0,36,950,700,250,0.7368421052631579,12,7,5,360.7747688562874,0.4193948412698412,0.08840921187573869,0.20301586105463262,129776.92920918361,2164.048327664391,131940.977536848,1350,2,332.4166666666667,34,2,17,36.07776414690189,0.6222426470588236,45.26785714285714,1018.9285714285709,29.968487394957968,0
2895,4,1,0,37,0.02702702702702703,0.0,1.0,37,1200,900,300,0.75,15,9,6,358.3493572586348,0.42204704704704704,0.1546938838439127,0.195940868145473,128643.06205257622,1855.2519302152355,130498.31398279146,1351,0,324.4054054054054,35,2,16,37.294756607720096,0.6086309523809523,46.38310185185185,1014.4675925925919,28.98478835978834,8
2896,4,0,0,37,0.0,0.0,1.0,37,1050,800,250,0.7619047619047619,13,8,5,360.9990204740699,0.4223285785785786,0.16369705319414507,0.19797375925810623,128760.50407503854,1896.4831693672757,130656.98724440581,1352,1,325.4054054054054,35,2,17,37.107637700992115,0.6098214285714285,46.26736111111111,1014.9305555555552,28.998015873015863,0
2897,4,1,0,38,0.02631578947368421,0.0,1.0,38,1150,700,450,0.6086956521739131,16,7,9,352.6795527965561,0.42511261261261263,0.15769937308645576,0.19515223568295043,129115.5360385724,1507.2819018342718,130622.81794040668,1353,0,317.8157894736842,36,2,19,36.95683287165282,0.611400462962963,45.917792792792795,1016.3288288288293,28.23135635635637,0
2898,4,1,1,38,0.02564102564102564,0.02564102564102564,0.9743589743589743,39,1250,1000,250,0.8,15,10,5,346.86907586321007,0.4270411605937922,0.15609407196743952,0.19319452721012587,129373.1801903255,1175.139624421723,130548.31981474721,1354,0,310.64102564102564,36,3,20,36.84229946129437,0.6140046296296297,45.664414414414416,1017.3423423423426,28.259509509509517,0
2899,4,1,1,38,0.02564102564102564,0.02564102564102564,0.9743589743589743,39,1000,500,500,0.5,15,5,10,344.6217131030928,0.4281095366621683,0.15403321117922641,0.19377207199774282,129745.78622118742,1142.6430230906556,130888.42924427807,1355,0,306.6923076923077,36,3,17,36.52085405843556,0.6177662037037037,45.29842342342342,1018.8063063063064,28.300175175175177,0
2900,4,1,2,37,0.02564102564102564,0.05128205128205128,0.9487179487179487,39,700,300,400,0.42857142857142855,11,3,8,345.7335246176855,0.42808142150247414,0.15557444397223397,0.19482493136924378,129831.84831791249,1177.4445053161235,131009.2928232286,1356,0,307.64102564102564,36,3,19,36.405156537753214,0.6186342592592593,45.21396396396396,1019.1441441441441,28.30955955955956,0
2901,4,0,0,37,0.0,0.0,1.0,37,1100,900,200,0.8181818181818182,13,9,4,363.2042264305483,0.42398648648648646,0.16406467271761915,0.20328027123259484,129564.73922902493,2011.6921768707443,131576.43140589568,1357,1,324.97297297297297,34,3,19,36.23177814156533,0.6200980392156863,45.476190476190474,1018.095238095238,29.94397759103641,0
2902,4,0,0,37,0.0,0.0,1.0,37,1300,1000,300,0.7692307692307693,16,10,6,363.7907168337367,0.4237675175175175,0.15818272259990063,0.20447547187551424,129731.44531250013,2039.0190972222358,131770.46440972236,1358,2,325.97297297297297,35,2,20,36.047205180640766,0.6196428571428572,45.31250000000001,1018.750000000001,29.107142857142886,0
2903,4,1,0,38,0.02631578947368421,0.0,1.0,38,950,800,150,0.8421052631578947,11,8,3,355.6248315302362,0.4248310810810811,0.16259543758933592,0.20158008285362236,130061.48674011878,1650.6188621053775,131712.10560222415,1359,0,318.36842105263156,36,2,21,35.91990505630381,0.6209490740740741,44.98873873873875,1020.0450450450473,28.334584584584647,0
2904,4,0,0,38,0.0,0.0,1.0,38,1250,800,450,0.64,17,8,9,356.7543973895504,0.42472735893788527,0.16280589455096717,0.20266781158286637,130147.653460048,1686.1495363606987,131833.8029964087,1360,1,319.36842105263156,36,2,21,35.80362726704191,0.6218171296296297,44.90427927927929,1020.3828828828837,28.34396896896899,0
2905,4,0,0,38,0.0,0.0,1.0,38,950,700,250,0.7368421052631579,12,7,5,357.79913398027077,0.4244161925082978,0.16172713336739886,0.20371176824102868,130233.84871357857,1719.511656927211,131953.36037050578,1361,2,320.36842105263156,36,2,21,35.68949507208003,0.6226851851851851,44.81981981981983,1020.7207207207217,28.35335335335338,0
2906,4,1,1,38,0.02564102564102564,0.02564102564102564,0.9743589743589743,39,900,600,300,0.6666666666666666,12,6,6,351.7164717452405,0.4270411605937922,0.15741313329569206,0.2016554760847961,130505.7557397958,1380.214301449811,131885.9700412456,1362,0,313.12820512820514,34,5,15,35.569099770864895,0.6295955882352942,44.55357142857142,1021.7857142857133,30.052521008403332,0
2907,4,0,1,37,0.0,0.02631578947368421,0.9736842105263158,38,1000,600,400,0.6,14,6,8,357.6931572322359,0.42337897107633954,0.15871039752726013,0.20492140690033692,130475.34722222215,1734.027777777767,132209.3749999999,1363,4,322.36842105263156,34,4,21,35.44725394235997,0.6292892156862745,44.58333333333333,1021.666666666666,30.049019607843118,0
2908,4,0,0,37,0.0,0.0,1.0,37,950,700,250,0.7368421052631579,12,7,5,356.67600966236904,0.42170295295295296,0.15860514602652964,0.20498127302283117,130597.0025510203,1916.163548752822,132513.1660997731,1364,5,327.7567567567568,34,3,16,35.34993982452053,0.6305147058823529,44.46428571428571,1022.1428571428563,30.06302521008401,0
2909,4,1,0,38,0.02631578947368421,0.0,1.0,38,850,700,150,0.8235294117647058,10,7,3,345.8026538062036,0.4232011616880038,0.15508188523565458,0.20021226341196094,130883.62328800141,1451.980854552456,132335.60414255387,1365,0,320.10526315789474,35,3,17,35.33784356973193,0.63125,44.18402777777777,1023.2638888888879,29.236111111111082,0
2910,4,0,0,38,0.0,0.0,1.0,38,700,500,200,0.7142857142857143,9,5,4,346.0217068456006,0.4225788288288288,0.15581459019027855,0.2006472100744683,130942.84664619753,1461.8134591477865,132404.6601053453,1366,1,321.10526315789474,35,3,17,35.27236703230427,0.6318452380952381,44.1261574074074,1023.495370370369,29.242724867724828,0
2911,4,1,0,39,0.02564102564102564,0.0,1.0,39,750,600,150,0.8,9,6,3,338.32097572756913,0.4237235717498875,0.15438715131022862,0.19786123901805142,131270.41737683638,1082.307138219311,132352.72451505568,1367,0,313.84615384615387,36,3,18,35.13873626373627,0.6331018518518519,43.80630630630631,1024.7747747747753,28.46596596596598,0
2912,4,0,1,38,0.0,0.02564102564102564,0.9743589743589743,39,1100,700,400,0.6363636363636364,15,7,8,337.43142309471875,0.42349865047233465,0.1521784448613719,0.19763840495547824,131328.12500000012,1062.847222222237,132390.97222222236,1368,1,314.84615384615387,36,3,18,35.10331978319783,0.6336805555555556,43.75000000000001,1025.000000000001,28.472222222222246,0
2913,4,0,1,37,0.0,0.02631578947368421,0.9736842105263158,38,1000,800,200,0.8,12,8,4,342.9021620365247,0.42383831199620675,0.14458379149454625,0.20068728650584455,131298.46810967516,1404.5057173782686,132702.9738270534,1369,2,316.2368421052632,35,3,18,34.993059476755136,0.6354166666666667,43.77893518518519,1024.88425925926,29.28240740740743,0
2914,4,0,1,36,0.0,0.02702702702702703,0.972972972972973,37,750,400,350,0.5333333333333333,11,4,7,397.518431125931,0.4207957957957958,0.06990489495459684,0.2246649110745433,129946.64216581464,2931.2370647674916,132877.87923058213,1370,3,325.43243243243245,36,1,17,34.96866026065828,0.6197916666666667,45.10135135135136,1019.5945945945961,28.322072072072114,8
2915,4,0,0,36,0.0,0.0,1.0,36,1050,800,250,0.7619047619047619,13,8,5,399.7811532685595,0.41937830687830685,0.09254951649709375,0.22657693271741575,130055.9028447574,3198.7797657321657,133254.68261048957,1371,6,335.3888888888889,35,1,18,34.799562199780624,0.6229166666666667,44.99421296296296,1020.0231481481483,29.143518518518523,0
2916,4,0,0,36,0.0,0.0,1.0,36,1100,700,400,0.6363636363636364,15,7,8,399.6668054977094,0.419130291005291,0.08582766439909317,0.22771713336497384,130262.58680555552,3212.6545889060326,133475.24139446154,1372,7,336.3888888888889,33,3,18,34.59183673469388,0.6294191919191919,44.791666666666664,1020.833333333333,30.934343434343425,0
2917,4,0,0,36,0.0,0.0,1.0,36,1250,1000,250,0.8,15,10,5,396.91563292961905,0.41845238095238096,0.08624708624708632,0.227035742035742,130414.54081632647,3152.714002267566,133567.25481859402,1373,8,337.3888888888889,34,2,18,34.50733294483294,0.6286764705882353,44.64285714285714,1021.4285714285709,30.04201680672267,0
2918,4,0,0,36,0.0,0.0,1.0,36,1600,1200,400,0.75,20,12,8,400.83788004836526,0.4179398148148148,0.09829134479769164,0.23054218861187606,130627.42524092962,3272.0840419501023,133899.5092828797,1374,9,338.3888888888889,34,2,17,34.190491440549664,0.6308210784313726,44.4345238095238,1022.261904761904,30.066526610644235,0
2919,4,0,0,36,0.0,0.0,1.0,36,950,400,550,0.42105263157894735,15,4,11,402.17695058118153,0.41663359788359783,0.10327828676997308,0.2328517629396349,130883.62328800146,3327.6752989969013,134211.29858699837,1375,10,339.3888888888889,35,1,17,33.89569901594842,0.63125,44.18402777777777,1023.2638888888882,29.236111111111093,0
2920,4,1,0,37,0.02702702702702703,0.0,1.0,37,1450,1000,450,0.6896551724137931,19,10,9,393.42276313110654,0.41935685685685686,0.09158532020699517,0.22974071238554591,131212.72243527306,2924.414363688003,134137.13679896106,1376,0,331.18918918918916,36,1,19,33.785584743899754,0.6325231481481481,43.86261261261261,1024.549549549549,28.459709709709696,0
2921,4,0,0,37,0.0,0.0,1.0,37,450,400,50,0.8888888888888888,5,4,1,391.33500671159476,0.4193255755755756,0.08796927491289508,0.2286934634597815,131241.5683208545,2871.884003936355,134113.45232479085,1377,1,332.18918918918916,36,1,19,33.80980510678828,0.6328125,43.83445945945945,1024.6621621621612,28.46283783783781,0
2922,4,0,0,37,0.0,0.0,1.0,37,1100,800,300,0.7272727272727273,14,8,6,389.44863718578176,0.4191378878878879,0.0868927382497322,0.2279338936995369,131299.269603218,2826.864322092354,134126.13392531037,1378,2,333.18918918918916,36,1,19,33.79962824598029,0.6333912037037037,43.77815315315315,1024.8873873873868,28.469094094094075,0
2923,4,0,1,36,0.0,0.02702702702702703,0.972972972972973,37,850,500,350,0.5882352941176471,12,5,7,390.16496148313354,0.41882507507507505,0.09167697239665262,0.21265407464855543,128515.36502718941,2628.4384891648474,131143.80351635427,1379,3,334.18918918918916,36,1,16,36.61867873537687,0.6053240740740741,46.50900900900901,1013.9639639639645,28.16566566566568,8
2924,4,0,0,36,0.0,0.0,1.0,36,950,700,250,0.7368421052631579,12,7,5,397.07721912131444,0.4167989417989418,0.10221752970868403,0.2164775057076438,128525.67361379032,3006.9234128515154,131532.59702664183,1380,15,344.3888888888889,35,1,16,36.43288912985581,0.6074404761904761,46.498842592592595,1014.0046296296299,28.971560846560855,0
2925,4,1,0,37,0.02702702702702703,0.0,1.0,37,700,400,300,0.5714285714285714,10,4,6,384.70165426513825,0.42092092092092087,0.09834060349867357,0.21133975705059255,128829.56594685912,2512.189427603291,131341.7553744624,1381,0,336.05405405405406,36,1,17,36.435570345720095,0.6085069444444444,46.19932432432433,1015.2027027027035,28.200075075075098,0
2926,4,0,1,36,0.0,0.02702702702702703,0.972972972972973,37,750,500,250,0.6666666666666666,10,5,5,421.2517125960911,0.4204517017017017,0.07277936769123183,0.22389318598379607,127506.12381708494,3431.031436516176,130937.15525360111,1382,1,337.05405405405406,32,5,16,36.869973329999574,0.6038411458333333,47.50631313131313,1009.9747474747471,31.561710858585847,7
2927,4,0,0,36,0.0,0.0,1.0,36,1250,800,450,0.64,17,8,9,418.6031722511761,0.4157572751322751,0.09210197450637336,0.22301348764007392,127601.78330017344,3482.9022548719468,131084.68555504538,1383,18,347.3888888888889,32,4,16,36.83818628676163,0.6048177083333333,47.41161616161616,1010.3535353535352,31.573547979797976,0
2928,4,2,0,38,0.05263157894736842,0.0,1.0,38,800,600,200,0.75,10,6,4,398.69364237912976,0.4222083926031295,0.09880970347574447,0.21563868547019568,128208.45967567095,2625.4832096214777,130833.94288529243,1384,0,330.05263157894734,32,6,19,36.71741885882891,0.6110026041666667,46.81186868686869,1012.7525252525261,31.64851641414144,0
2929,4,1,1,38,0.02564102564102564,0.02564102564102564,0.9743589743589743,39,1000,600,400,0.6,14,6,8,387.0559925279566,0.42574786324786323,0.1013359341605411,0.2110718914438627,128536.57171201818,2150.1700680272156,130686.7417800454,1385,0,322.56410256410254,34,5,15,36.675765046568046,0.6096813725490196,46.48809523809524,1014.0476190476194,29.824929971988805,0
2930,4,1,0,39,0.02564102564102564,0.0,1.0,39,600,300,300,0.5,9,3,6,390.6364754345081,0.4231612685560054,0.11300097751710703,0.21415922527840373,128747.9184382085,2258.726615646244,131006.64505385474,1386,0,323.5128205128205,34,5,17,36.36852394916911,0.6118259803921569,46.2797619047619,1014.8809523809514,29.849439775910334,0
2931,4,1,1,39,0.025,0.025,0.975,40,1200,700,500,0.5833333333333334,17,7,10,381.4386155128865,0.42343749999999997,0.11861390774994174,0.21184971740644162,129261.91184807237,1861.8941326530353,131123.80598072542,1387,0,316.4,34,6,19,36.076640911574174,0.6170343137254901,45.77380952380951,1016.9047619047603,29.908963585434126,0
2932,4,0,0,39,0.0,0.0,1.0,39,1050,700,350,0.6666666666666666,14,7,7,385.6003577944585,0.42299257759784076,0.13141450365881124,0.2146793138867739,129357.17520004317,2176.0346080834142,131533.2098081266,1388,1,323.02564102564105,33,6,19,35.873564429988335,0.6202651515151515,45.68014705882352,1017.2794117647053,30.826648841354707,0
2933,4,1,0,40,0.025,0.0,1.0,40,1050,600,450,0.5714285714285714,15,6,9,377.9246362652743,0.42576121794871796,0.1400210329516245,0.2125019078290547,129746.60572562338,1806.8877551020182,131553.4934807254,1389,0,315.925,34,6,16,35.67178857988627,0.6219362745098039,45.29761904761904,1018.8095238095221,29.96498599439771,0
2934,4,0,0,40,0.0,0.0,1.0,40,1100,800,300,0.7272727272727273,14,8,6,375.3552217662719,0.4257745726495727,0.1411508817003384,0.21187651707215424,129898.25857426274,1751.5979308389615,131649.8565051017,1390,1,316.925,34,6,17,35.58283701195062,0.623468137254902,45.148809523809504,1019.4047619047595,29.98249299719881,0
2935,4,0,2,38,0.0,0.05,0.95,40,700,300,400,0.42857142857142855,11,3,8,373.87723416031133,0.4256810897435897,0.138066324147595,0.21120611037921505,129928.5997732424,1715.4691043083637,131644.06887755077,1391,2,317.925,34,6,17,35.58962906741399,0.6237745098039216,45.119047619047606,1019.5238095238076,29.985994397759047,0
2936,4,0,1,37,0.0,0.02631578947368421,0.9736842105263158,38,950,600,350,0.631578947368421,13,6,7,389.04750702547227,0.42038584637268844,0.14255255333576744,0.21930108077581087,129844.02101826335,2503.09853586367,132347.119554127,1392,3,334.8157894736842,32,6,18,35.28916831846713,0.6276041666666667,45.20202020202019,1019.1919191919185,31.849747474747453,0
2937,4,0,1,36,0.0,0.02702702702702703,0.972972972972973,37,1350,800,550,0.5925925925925926,19,8,11,395.9953611955199,0.41751126126126126,0.14221117669393535,0.22371166509097545,129930.4962158203,2890.374755859375,132820.8709716797,1393,4,343.5135135135135,31,6,19,35.02394636015326,0.6310483870967742,45.1171875,1019.5312499999999,32.88810483870967,0
2938,4,0,0,36,0.0,0.0,1.0,36,650,500,150,0.7692307692307693,8,5,3,403.18769947649145,0.4174437830687831,0.145417509305666,0.22711509193393445,129817.039903457,3268.1267343045397,133085.16663776155,1394,5,350.4166666666667,30,6,19,34.95642090917085,0.6326388888888889,45.22849462365591,1019.0860215053759,33.9695340501792,0
2939,4,0,0,36,0.0,0.0,1.0,36,700,400,300,0.5714285714285714,10,4,6,401.89919251171705,0.417526455026455,0.13576219556844293,0.2273832344210588,129988.31376821022,3248.439667880684,133236.75343609092,1395,6,351.4166666666667,30,6,19,34.81448530380916,0.634375,45.060483870967744,1019.7580645161293,33.991935483870975,0
2940,4,0,0,36,0.0,0.0,1.0,36,850,500,350,0.5882352941176471,12,5,7,400.87078693072,0.4165674603174603,0.13789355816098015,0.22759986115116637,130125.41415553815,3232.6954344432797,133358.10958998144,1396,7,352.4166666666667,30,6,19,34.70090677556757,0.6357638888888889,44.9260752688172,1020.2956989247307,34.00985663082436,0
2941,4,0,1,35,0.0,0.027777777777777776,0.9722222222222222,36,1250,900,350,0.72,16,9,7,402.0814942790346,0.4161706349206349,0.13783264571193632,0.22850708271680892,130162.91512383362,3267.2198825412406,133430.13500637485,1397,8,353.4166666666667,31,5,19,34.63179469184637,0.6334005376344086,44.88932291666667,1020.4427083333339,32.917506720430126,0
2942,4,1,0,36,0.027777777777777776,0.0,1.0,36,550,300,250,0.5454545454545454,8,3,5,396.62358521245926,0.41820436507936504,0.14078972379406673,0.2267827407095168,130399.8317182622,3143.967900412359,133543.79961867456,1398,0,350.6666666666667,30,6,20,34.52976268807299,0.6385416666666667,44.65725806451613,1021.3709677419353,34.04569892473118,0
2943,4,0,0,36,0.0,0.0,1.0,36,1250,900,350,0.72,16,9,7,395.76624572275887,0.4178406084656085,0.13498131158681614,0.22704484623042484,130528.564453125,3131.7599826388887,133660.32443576388,1399,1,351.6666666666667,31,5,20,34.42065919130141,0.6370967741935484,44.53125,1021.875,32.96370967741935,0
2944,4,1,0,37,0.02702702702702703,0.0,1.0,37,800,500,300,0.625,11,5,6,382.35057113882624,0.41857482482482483,0.13723464524944173,0.222443553223521,131069.41415416806,2622.893072135511,133692.30722630356,1400,0,343.13513513513516,32,5,21,34.21444718454583,0.6399739583333333,44.00252525252526,1023.9898989898999,31.99968434343437,0
2945,4,0,0,37,0.0,0.0,1.0,37,1200,900,300,0.75,15,9,6,365.97658048539733,0.41751126126126126,0.09379644410194365,0.21140529531568225,130794.81336805546,2202.0923805606476,132996.90574861612,1401,1,344.13513513513516,31,6,19,34.911744738628656,0.6397849462365591,44.27083333333333,1022.9166666666658,32.99731182795696,8
2946,4,0,0,37,0.0,0.0,1.0,37,1150,900,250,0.782608695652174,14,9,5,364.6278059424148,0.4166666666666667,0.09314352520459401,0.21135505565688625,130928.03955078112,2148.000759548597,133076.04031032973,1402,2,345.13513513513516,31,6,20,34.81128074639525,0.6411290322580645,44.14062499999999,1023.437499999999,33.01411290322577,0
2947,4,1,0,38,0.02631578947368421,0.0,1.0,38,750,500,250,0.6666666666666666,10,5,5,358.5858784620797,0.4172000948316738,0.11095143242918071,0.21039532093967314,131394.86524793826,1823.8789876301994,133218.74423556845,1403,0,337.0263157894737,31,7,21,34.493798154262976,0.6458333333333333,43.68489583333333,1025.2604166666658,33.07291666666664,0
2948,4,0,0,38,0.0,0.0,1.0,38,950,700,250,0.7368421052631579,12,7,5,358.8764498791708,0.4172741820768136,0.11407072786078931,0.21093365069017522,131461.6224500867,1835.6960720485927,133297.3185221353,1404,1,338.0263157894737,31,7,22,34.41890976807177,0.646505376344086,43.61979166666666,1025.5208333333323,33.081317204301044,0
2949,4,0,0,38,0.0,0.0,1.0,38,2000,1700,300,0.85,23,17,6,358.00974000876107,0.4175408961593172,0.1094042212129307,0.21116143347822114,131595.1877170137,1822.4717881944212,133417.6595052081,1405,2,339.0263157894737,31,7,19,34.30626057529611,0.6478494623655914,43.48958333333332,1026.0416666666652,33.098118279569846,0
2950,4,0,0,38,0.0,0.0,1.0,38,950,600,350,0.631578947368421,13,6,7,358.4262162836769,0.4175408961593172,0.11117678093215488,0.21159228543308284,131628.58963012687,1835.8274671766355,133464.4170973035,1406,3,340.0263157894737,31,7,19,34.26185868967559,0.6481854838709677,43.45703124999999,1026.1718749999993,33.102318548387075,0
2951,4,0,0,38,0.0,0.0,1.0,38,1550,1000,550,0.6451612903225806,21,10,11,360.78212858094724,0.4178965149359886,0.11979493232028937,0.20349252865020206,129867.92091836725,1830.8271308604712,131698.74804922772,1407,4,341.0263157894737,34,4,19,35.98506968776766,0.6231617647058824,45.17857142857142,1019.2857142857134,29.97899159663863,8
2952,4,0,0,38,0.0,0.0,1.0,38,1400,1100,300,0.7857142857142857,17,11,6,361.48187280532784,0.4171111901375059,0.12273536817539799,0.20515891721467922,130110.72137188194,1806.5334467120024,131917.25481859394,1408,5,342.0263157894737,34,4,20,35.72053675612602,0.6256127450980392,44.94047619047618,1020.238095238094,30.007002801120414,0
2953,4,0,0,38,0.0,0.0,1.0,38,1200,1000,200,0.8333333333333334,14,10,4,362.49851336112306,0.4171852773826458,0.11747100750827211,0.20621763470769114,130201.83000283437,1839.5939625850165,132041.42396541938,1409,6,343.0263157894737,34,4,20,35.60208406236633,0.626531862745098,44.85119047619047,1020.5952380952373,30.017507002801096,0
2954,4,0,0,38,0.0,0.0,1.0,38,1250,900,350,0.72,16,9,7,360.2371233527731,0.4169333807491702,0.11486008687746252,0.2062456497437302,130450.30757400978,1798.622880524733,132248.9304545345,1410,7,344.0263157894737,33,5,22,35.40766954574536,0.6313131313131313,44.60784313725489,1021.5686274509787,30.956625074272083,0
2955,4,0,0,38,0.0,0.0,1.0,38,1100,700,400,0.6363636363636364,15,7,8,360.2371233527731,0.4169333807491702,0.11486008687746252,0.2062456497437302,130450.30757400978,1798.6087081891321,132248.91628219892,1411,8,345.0263157894737,33,5,22,35.40766954574536,0.6313131313131313,44.60784313725489,1021.5686274509787,30.956625074272083,0
2956,4,0,0,38,0.0,0.0,1.0,38,1150,700,450,0.6086956521739131,16,7,9,379.2391979764487,0.41694819819819817,0.1635274075318225,0.208748100567463,128907.38195516118,2177.346429183812,131084.72838434498,1412,9,346.0263157894737,35,3,17,36.494662259706686,0.6113095238095239,46.12268518518518,1015.5092592592592,29.014550264550262,8
2957,4,0,0,38,0.0,0.0,1.0,38,1350,900,450,0.6666666666666666,18,9,9,381.2870376618166,0.41631104788999523,0.15453259657912732,0.21112627772673845,129142.56071030516,2248.076881858709,131390.63759216387,1413,10,347.0263157894737,35,3,17,36.20236468534124,0.6136904761904762,45.8912037037037,1016.4351851851848,29.04100529100528,0
2958,4,0,0,38,0.0,0.0,1.0,38,700,500,200,0.7142857142857143,9,5,4,379.1052262692326,0.4159702465623518,0.15470376385002127,0.21007452380584657,129171.97312510706,2193.9540198473815,131365.92714495445,1414,11,348.0263157894737,35,3,17,36.22777429883489,0.6139880952380952,45.86226851851851,1016.5509259259251,29.044312169312146,0
2959,4,1,2,37,0.02564102564102564,0.05128205128205128,0.9487179487179487,39,1150,900,250,0.782608695652174,14,9,5,373.8258055062359,0.4200967161493477,0.15036757716850668,0.20866360743420964,129459.11864144554,1879.0318612531498,131338.1505026987,1415,0,340.0769230769231,36,3,16,36.069077127365276,0.6148726851851851,45.57995495495496,1017.6801801801805,28.268893893893903,0
2960,4,1,1,37,0.02631578947368421,0.02631578947368421,0.9736842105263158,38,950,700,250,0.7368421052631579,12,7,5,384.0333173180448,0.41722972972972977,0.15489628095711216,0.2145609270962441,129495.73072059313,2346.135009430712,131841.86573002383,1416,0,318.10526315789474,35,3,16,35.772022591160635,0.6172619047619048,45.543981481481474,1017.8240740740729,29.080687830687797,0
2961,4,0,0,37,0.0,0.0,1.0,37,800,600,200,0.75,10,6,4,395.31596301673466,0.4139139139139139,0.16059317744710988,0.21989450442805855,129322.44897959176,2824.645691609966,132147.09467120172,1417,14,327.7027027027027,34,3,17,35.66196551186016,0.6176470588235294,45.71428571428571,1017.1428571428565,29.915966386554604,0
2962,4,0,0,37,0.0,0.0,1.0,37,1100,800,300,0.7272727272727273,14,8,6,393.03878203988955,0.4136636636636637,0.15958785839431777,0.21896410895129684,129383.0002834466,2770.5073696144987,132153.5076530611,1418,15,328.7027027027027,34,3,17,35.65800764490209,0.6182598039215687,45.6547619047619,1017.3809523809515,29.922969187675044,0
2963,4,3,0,40,0.075,0.0,1.0,40,1250,800,450,0.64,17,8,9,364.03275354933294,0.42530715811965814,0.159673280875813,0.19963747441364005,128760.50407503874,1475.9332827459887,130236.43735778473,1419,0,304.975,35,5,15,37.03066199110505,0.6098214285714285,46.26736111111112,1014.9305555555568,28.99801587301591,8
2964,4,1,0,41,0.024390243902439025,0.0,1.0,41,1100,900,200,0.8181818181818182,13,9,4,355.78292402293613,0.42634654471544714,0.15312554056391559,0.19672702857738852,129086.92476260067,985.3847090333823,130072.30947163406,1420,0,298.5121951219512,36,5,16,36.90713652482269,0.6111111111111112,45.94594594594596,1016.2162162162181,28.22822822822828,0
2965,4,1,0,42,0.023809523809523808,0.0,1.0,42,1450,1100,350,0.7586206896551724,18,11,7,346.13755664962764,0.42690185830429733,0.14848944667488584,0.19334927299130647,129487.77113261934,564.166869572302,130051.93800219164,1421,0,292.3809523809524,36,6,16,36.74439403997934,0.615162037037037,45.551801801801815,1017.7927927927947,28.272022022022075,0
2966,4,1,1,42,0.023255813953488372,0.023255813953488372,0.9767441860465116,43,1700,1300,400,0.7647058823529411,21,13,8,337.5797263309444,0.4288021410114433,0.15622623383901058,0.19042118543522235,129871.11418898143,168.37103724225304,130039.48522622368,1422,0,286.5581395348837,37,6,17,36.57307802639128,0.6171171171171171,45.17543859649124,1019.2982456140368,27.548601232811805,0
2967,4,0,0,42,0.0,0.0,1.0,42,950,800,150,0.8421052631578947,11,8,3,347.34290679593863,0.4279544134727062,0.1572249589490966,0.19544518785383455,129774.47041636262,615.2483564646085,130389.71877282723,1423,1,294.3333333333333,36,6,17,36.42241379310346,0.6180555555555556,45.27027027027029,1018.9189189189213,28.30330330330337,0
2968,4,1,0,43,0.023255813953488372,0.0,1.0,43,1100,800,300,0.7272727272727273,14,8,6,338.7846821260258,0.42898671096345514,0.1618812524360136,0.19275108931717913,130206.62607725461,222.4020852570081,130429.02816251162,1424,0,288.4651162790698,37,6,18,36.20228119180632,0.6204954954954955,44.84649122807018,1020.6140350877199,27.584163110478915,0
2969,4,2,2,43,0.044444444444444446,0.044444444444444446,0.9555555555555556,45,1050,800,250,0.7619047619047619,13,8,5,323.8462003241449,0.43228114478114477,0.15683242791475127,0.18673830298209126,130726.51855504418,-532.9307139388927,130193.58784110528,1425,0,276.6,38,7,16,36.05807737846496,0.6239035087719298,44.337606837606835,1022.6495726495725,26.911830859199277,0
2970,4,0,1,42,0.0,0.023255813953488372,0.9767441860465116,43,1250,800,450,0.64,17,8,9,340.330809373135,0.42861757105943155,0.16719571293043756,0.1946280227625682,130406.32482144293,276.25801477151316,130682.58283621445,1426,2,290.4651162790698,36,7,18,35.960584343991165,0.6244212962962963,44.65090090090089,1021.3963963963953,28.372122122122093,0
2971,4,1,0,43,0.023255813953488372,0.0,1.0,43,1250,800,450,0.64,17,8,9,332.53892430765677,0.4313169066076043,0.15844878109607774,0.1915333829011056,130682.67549871115,91.41526719759628,130774.09076590874,1427,0,280.7906976744186,37,6,17,35.88013851653262,0.6252815315315315,44.38048245614035,1022.4780701754387,27.63454243717402,0
2972,4,1,1,43,0.022727272727272728,0.022727272727272728,0.9772727272727273,44,1450,900,550,0.6206896551724138,20,9,11,331.25275200957986,0.43173009161381254,0.1633175841065635,0.19236750725792665,130999.80481591038,-121.19082840238804,130878.613987508,1428,0,275.3863636363636,38,6,18,35.59277812565226,0.6266447368421053,44.07051282051281,1023.7179487179471,26.939946018893345,0
2973,4,0,1,42,0.0,0.023255813953488372,0.9767441860465116,43,1100,800,300,0.7272727272727273,14,8,6,334.27705980055987,0.4306939830195644,0.1560333855553424,0.19422183617659114,131019.23338190564,159.34482244533035,131178.57820435095,1429,1,259.6046511627907,37,6,19,35.4957650565849,0.6286599099099099,44.05153508771928,1023.7938596491201,27.670104314841083,0
2974,4,0,0,42,0.0,0.0,1.0,42,1450,900,550,0.6206896551724138,20,9,11,337.5443165034011,0.42979336043360433,0.1583233821465233,0.19622461161438104,131039.71370018649,446.3421191461497,131486.05581933263,1430,2,266.5952380952381,36,6,19,35.39146135797037,0.630787037037037,44.03153153153152,1023.8738738738724,28.4409409409409,0
2975,4,0,0,42,0.0,0.0,1.0,42,1100,700,400,0.6363636363636364,15,7,8,337.32096001689615,0.4289706736353078,0.15777696220856163,0.19670739129075154,131159.59357686958,448.57600415509694,131608.16958102467,1431,3,267.5952380952381,37,5,19,35.27617212588311,0.6300675675675675,43.91447368421051,1024.342105263156,27.684921763869085,0
2976,4,0,0,42,0.0,0.0,1.0,42,950,400,550,0.42105263157894735,15,4,11,339.5243900825072,0.42865611691831207,0.1618976287283589,0.1985729004825471,131271.935836026,514.004789935317,131785.94062596132,1432,4,268.5952380952381,37,5,19,35.106373493116486,0.6311936936936937,43.804824561403485,1024.7807017543823,27.696775723091413,0
2977,4,0,0,42,0.0,0.0,1.0,42,1050,900,150,0.8571428571428571,12,9,3,342.8089954905034,0.4287166085946574,0.16407810653363053,0.20139475567332416,131443.57829112894,612.0202304619835,132055.59852159093,1433,5,269.5952380952381,36,6,19,34.84904641628229,0.634837962962963,43.637387387387385,1025.4504504504503,28.48473473473473,0
2978,4,0,0,42,0.0,0.0,1.0,42,1050,900,150,0.8571428571428571,12,9,3,346.1780373069512,0.4282326751838947,0.1747207718561028,0.20414421345654576,131587.9662390431,710.5727771690604,132298.53901621216,1434,6,270.5952380952381,36,6,18,34.61703801265869,0.6362847222222222,43.49662162162162,1026.0135135135135,28.500375375375377,0
2979,4,0,0,42,0.0,0.0,1.0,42,1100,800,300,0.7272727272727273,14,8,6,347.4927031839018,0.4277124467673248,0.1732133713700541,0.20538576503359823,131674.63705259323,751.1951140329656,132425.8321666262,1435,7,271.5952380952381,36,6,18,34.49592202472388,0.6371527777777778,43.41216216216217,1026.3513513513522,28.50975975975978,0
2980,4,0,0,42,0.0,0.0,1.0,42,1300,500,800,0.38461538461538464,21,5,16,348.981370434713,0.42725271002710025,0.177620719195972,0.20657884239498997,131732.43344696058,794.4330310039952,132526.8664779646,1436,8,272.5952380952381,36,6,18,34.39945334210912,0.6377314814814814,43.355855855855864,1026.5765765765775,28.516016016016042,0
2981,4,0,0,42,0.0,0.0,1.0,42,1400,800,600,0.5714285714285714,20,8,12,340.5640817134895,0.4267082849399923,0.17088909319985013,0.1925928247194309,129970.32470703125,482.4751515926823,130452.79985862393,1437,9,273.5952380952381,39,3,17,36.3964015731944,0.6145833333333333,45.078125,1019.6875,26.145833333333332,8
2982,4,0,0,42,0.0,0.0,1.0,42,1650,1400,250,0.8484848484848485,19,14,5,339.5655241202404,0.4263453348819202,0.16700819186126492,0.1927019952879079,130107.01844346937,435.9715818956847,130542.99002536506,1438,10,274.5952380952381,40,2,17,36.28328684795962,0.6143229166666666,44.944105691056905,1020.2235772357714,25.505589430894283,0
2983,4,1,1,42,0.023255813953488372,0.023255813953488372,0.9767441860465116,43,1350,800,550,0.5925925925925926,19,8,11,334.77864176870384,0.4278331487633813,0.17840521884039306,0.19186896113388327,130490.55103812368,137.08988803856042,130627.64092616225,1439,0,269.1860465116279,41,2,15,36.01714972327411,0.6166158536585367,44.56845238095239,1021.7261904761913,24.920150987224176,0
2984,4,0,2,40,0.0,0.047619047619047616,0.9523809523809523,42,1200,1000,200,0.8333333333333334,14,10,4,344.3082310763572,0.4266961866047232,0.1795542167533415,0.19735889140488577,130496.11363110594,586.177209333083,131082.29084043903,1440,1,276.3333333333333,40,2,16,35.768102247861556,0.6182291666666666,44.56300813008131,1021.7479674796757,25.543699186991894,0
2985,4,0,0,40,0.0,0.0,1.0,40,1200,500,700,0.4166666666666667,19,5,14,353.6513179126866,0.4243189102564102,0.20445420326223296,0.20277705063051202,130508.0950032876,1230.8719592373725,131738.96696252498,1441,2,289.225,38,2,17,35.517304475115004,0.6217105263157895,44.551282051282065,1021.7948717948741,26.889338731444056,0
2986,4,1,0,41,0.024390243902439025,0.0,1.0,41,1050,1000,50,0.9523809523809523,11,10,1,346.8419496875516,0.42581300813008127,0.204620707985264,0.20021405667149206,130768.17626953167,871.1778428819879,131639.35411241365,1442,0,283.1463414634146,39,2,18,35.42801795838002,0.6225961538461539,44.29687500000002,1022.8125000000034,26.225961538461625,0
2987,4,0,0,41,0.0,0.0,1.0,41,1400,1000,400,0.7142857142857143,18,10,8,349.51299218028777,0.42578760162601625,0.20838960832605014,0.2024537520742427,130901.38888888927,950.3472222222612,131851.73611111153,1443,1,284.1463414634146,39,2,18,35.224959283387626,0.6239316239316239,44.166666666666686,1023.3333333333363,26.239316239316317,0
2988,4,2,1,42,0.046511627906976744,0.023255813953488372,0.9767441860465116,43,800,500,300,0.625,11,5,6,340.2020293730061,0.4295173495754891,0.21219601497631868,0.19995755099565674,131461.62245008702,346.09103732641336,131807.71348741342,1444,0,271.8837209302326,39,4,21,34.897684950059244,0.6295405982905983,43.61979166666668,1025.520833333335,26.29540598290603,0
2989,4,0,0,42,0.0,0.0,1.0,42,1450,1300,150,0.896551724137931,16,13,3,343.1959316548828,0.428825493612079,0.18953908093849803,0.2024603026789616,131602.0390459493,633.0568796113661,132235.09592556066,1445,1,262.8095238095238,38,4,14,34.679343676246,0.6326754385964912,43.48290598290598,1026.068376068376,27.00179937022042,0
2990,4,0,1,41,0.0,0.023809523809523808,0.9761904761904762,42,700,600,100,0.8571428571428571,8,6,2,340.4410424008301,0.42853513356562134,0.18112386503310707,0.20141364134157497,131711.6845642488,568.0126378844441,132279.69720213325,1446,2,263.8095238095238,38,4,15,34.639536497363295,0.6337719298245614,43.37606837606838,1026.4957264957275,27.013045434098093,0
2991,4,0,0,41,0.0,0.0,1.0,41,1000,500,500,0.5,15,5,10,350.8638322740887,0.42601626016260163,0.19127579737335831,0.20732862816196138,131665.51246537393,1039.3332563865752,132704.8457217605,1447,3,271.1951219512195,37,4,15,34.418625356125354,0.6351351351351351,43.421052631578945,1026.315789473684,27.738264580369837,0
2992,4,0,0,41,0.0,0.0,1.0,41,550,400,150,0.7272727272727273,7,4,3,352.6637238661689,0.4256605691056911,0.1937775044880028,0.20854612249597004,131693.6476247499,1088.7144361726655,132782.36206092255,1448,4,272.1951219512195,37,4,15,34.34406491471708,0.6354166666666667,43.39364035087719,1026.425438596491,27.74122807017543,0
2993,4,0,0,41,0.0,0.0,1.0,41,1100,500,600,0.45454545454545453,17,5,12,349.55852535639406,0.42558434959349595,0.1889338872032611,0.20732207662841207,131806.21831957897,1014.797461718981,132821.01578129796,1449,5,273.1951219512195,37,4,15,34.3102642819007,0.6365427927927928,43.28399122807017,1026.8640350877183,27.753082029397792,0
2994,4,0,1,40,0.0,0.024390243902439025,0.975609756097561,41,1550,1200,350,0.7741935483870968,19,12,7,349.54847214141654,0.4242123983739838,0.18393376594316435,0.20870492852570938,132059.67821829786,1032.2517505386213,133091.92996883648,1450,6,274.1951219512195,37,4,16,34.05518810895386,0.6390765765765766,43.03728070175438,1027.850877192982,27.77975343764816,0
2995,4,0,0,40,0.0,0.0,1.0,40,800,400,400,0.5,12,4,8,356.5273184462374,0.4222489316239317,0.18589315068493129,0.212495870726448,131992.6741564201,1411.7988343072964,133404.4729907274,1451,7,281.275,36,4,16,33.94337899543379,0.6403356481481481,43.102477477477485,1027.5900900900913,28.5441691691692,0
2996,4,0,1,39,0.0,0.025,0.975,40,1250,900,350,0.72,16,9,7,352.7595196078547,0.4220886752136752,0.1775410733844469,0.21105467981780582,132137.3632923466,1322.5425594513636,133459.90585179796,1452,8,282.275,36,4,17,33.894441401971534,0.6417824074074074,42.96171171171172,1028.1531531531546,28.55980980980985,0
2997,4,0,0,39,0.0,0.0,1.0,39,1150,800,350,0.6956521739130435,15,8,7,359.76630911071317,0.4223178137651822,0.1679539131137513,0.21537492521156198,132159.87761488365,1709.3342764060678,133869.2118912897,1453,9,277.7692307692308,35,4,17,33.691655410475775,0.644047619047619,42.93981481481483,1028.2407407407427,29.378306878306933,0
2998,4,0,0,39,0.0,0.0,1.0,39,1450,1200,250,0.8275862068965517,17,12,5,360.3055392328801,0.4218398560503824,0.16949436047400313,0.21689076163300866,132368.22601862566,1738.6010105881353,134106.8270292138,1454,10,278.7692307692308,35,4,20,33.46794979942265,0.6461309523809524,42.73726851851852,1029.0509259259259,29.401455026455025,0
2999,4,0,0,39,0.0,0.0,1.0,39,1050,500,550,0.47619047619047616,16,5,11,359.90678892143603,0.4216149347728295,0.16809533283164257,0.21699329314429372,132427.7842747986,1732.331720464688,134160.1159952633,1455,11,279.7692307692308,35,4,20,33.41825499456502,0.6467261904761905,42.67939814814815,1029.282407407408,29.408068783068803,0
3000,4,0,0,39,0.0,0.0,1.0,39,1250,900,350,0.72,16,9,7,360.67652150159796,0.42130566801619435,0.17133994107234507,0.2176293746428232,132457.5684263546,1754.8670053155001,134212.4354316701,1456,12,280.7692307692308,35,4,20,33.36846938010644,0.6470238095238094,42.65046296296296,1029.3981481481483,29.411375661375665,0
3001,4,0,0,39,0.0,0.0,1.0,39,1300,900,400,0.6923076923076923,17,9,8,357.83359525516886,0.4201248313090418,0.16846606216198268,0.21677067148915916,132606.5394188314,1690.2149509173405,134296.75436974876,1457,13,281.7692307692308,35,4,20,33.29177903884331,0.6485119047619048,42.50578703703703,1029.9768518518515,29.427910052910043,0
3002,4,0,0,39,0.0,0.0,1.0,39,1400,1000,400,0.7142857142857143,18,10,8,360.3008041200957,0.419899910031489,0.16815996912593634,0.2189595944765329,132725.77649444848,1764.2407996827596,134490.01729413125,1458,14,282.7692307692308,35,4,16,33.108338949417806,0.649702380952381,42.39004629629628,1030.439814814813,29.441137566137513,0
3003,4,0,0,39,0.0,0.0,1.0,39,1200,800,400,0.6666666666666666,16,8,8,358.35722198495216,0.4197312190733244,0.158535150669737,0.21840226431759327,132832.97444403853,1720.3311419527533,134553.30558599127,1459,15,283.7692307692308,36,3,16,33.05067001675042,0.6487268518518519,42.28603603603603,1030.855855855855,28.634884884884862,0
3004,4,0,0,39,0.0,0.0,1.0,39,1450,1000,450,0.6896551724137931,19,10,9,364.06746132620924,0.41933760683760685,0.16822170069751685,0.22282255098865655,132991.1141529125,1883.547461718996,134874.66161463148,1460,16,284.7692307692308,37,2,16,32.7445652173913,0.6483671171171171,42.13267543859649,1031.4692982456145,27.877548601232824,0
3005,4,0,0,39,0.0,0.0,1.0,39,750,400,350,0.5333333333333333,11,4,7,361.49332647662055,0.4190002249212776,0.1645029230450643,0.22181083526754783,133086.10586054498,1821.9478230696168,134908.0536836146,1461,17,285.7692307692308,38,1,16,32.71553806861323,0.6474780701754386,42.04059829059829,1031.837606837607,27.153621232568604,0
3006,4,0,0,39,0.0,0.0,1.0,39,1050,700,350,0.6666666666666666,14,7,7,363.7964186631873,0.4184941520467836,0.1700220508044168,0.22405129340614258,133223.94035585134,1893.278476331353,135117.2188321827,1462,18,286.7692307692308,38,1,18,32.51772223947013,0.6488486842105263,41.90705128205128,1032.3717948717942,27.167678812415637,0
3007,4,0,1,38,0.0,0.02564102564102564,0.9743589743589743,39,950,600,350,0.631578947368421,13,6,7,362.24648326276355,0.4182692307692308,0.17231087588045702,0.22342771287393795,133279.0941289538,1855.97662813206,135135.07075708584,1463,19,287.7692307692308,38,1,18,32.50237109846524,0.6493969298245614,41.85363247863247,1032.585470085469,27.173301844354448,0
3008,4,0,0,38,0.0,0.0,1.0,38,1500,900,600,0.6,21,9,12,393.8762311444579,0.41733345187292553,0.17106027352036723,0.23051532793491766,131297.620819161,2755.218536296833,134052.83935545784,1464,20,290.36842105263156,34,4,17,33.687855732373094,0.6375612745098039,43.779761904761905,1024.8809523809525,30.14355742296919,8
3009,4,0,0,38,0.0,0.0,1.0,38,1800,1700,100,0.9444444444444444,19,17,2,393.72415681118946,0.41743717401612135,0.16943310435866699,0.23097768654345813,131389.14399092973,2746.2159863945567,134135.3599773243,1465,21,291.36842105263156,34,4,17,33.59895107601795,0.6384803921568627,43.69047619047619,1025.2380952380954,30.154061624649867,0
3010,4,0,0,38,0.0,0.0,1.0,38,1000,700,300,0.7,13,7,6,394.4858909467733,0.41770388809862496,0.17196891951326765,0.23216464729490438,131511.22448979603,2775.864512471665,134287.0890022677,1466,22,292.36842105263156,34,4,17,33.45568322500773,0.6397058823529411,43.57142857142858,1025.7142857142865,30.168067226890777,0
3011,4,1,0,39,0.02564102564102564,0.0,1.0,39,1000,900,100,0.9,11,9,2,384.60434886369893,0.4198717948717949,0.1686302727664164,0.22826718310820054,131832.80452942805,2340.693988983188,134173.49851841124,1467,0,285.84615384615387,35,4,15,33.383696795522006,0.6407738095238096,43.25810185185185,1026.9675925925917,29.34193121693119,0
3012,4,0,0,39,0.0,0.0,1.0,39,1150,900,250,0.782608695652174,14,9,5,384.2024995040669,0.4198717948717949,0.16548356807511766,0.2283856117279699,131892.24222232925,2334.6658254029335,134226.9080477322,1468,1,286.84615384615387,35,4,15,33.33392018779343,0.6413690476190477,43.200231481481474,1027.199074074073,29.348544973544943,0
3013,4,0,1,38,0.0,0.02564102564102564,0.9743589743589743,39,900,500,400,0.5555555555555556,13,5,8,382.83609476192026,0.419646873594242,0.16443073225407612,0.22775155342538903,131921.96609224967,2300.8980624142687,134222.86415466393,1469,2,287.84615384615387,35,4,15,33.338966501427066,0.6416666666666666,43.1712962962963,1027.314814814815,29.35185185185186,0
3014,4,0,0,38,0.0,0.0,1.0,38,1550,1300,250,0.8387096774193549,18,13,5,385.91738072655835,0.416444404931247,0.18089104391793787,0.23012494449100818,132011.15779588904,2589.0800486539765,134600.237844543,1470,3,295.3157894736842,35,3,15,33.169674700604425,0.6425595238095239,43.08449074074074,1027.662037037037,29.361772486772484,0
3015,4,1,2,37,0.02564102564102564,0.05128205128205128,0.9487179487179487,39,950,700,250,0.7368421052631579,12,7,5,375.06260315613855,0.4175663517768781,0.1833594307216817,0.22544602212774154,132313.38158135183,2125.1602656586474,134438.5418470105,1471,0,288.71794871794873,37,2,16,33.14360634480797,0.6416103603603603,42.79057017543859,1028.8377192982446,27.8064248458985,0
3016,4,0,0,37,0.0,0.0,1.0,37,850,500,350,0.5882352941176471,12,5,7,382.148675024312,0.4172922922922923,0.17555705604321403,0.2291344889518244,132219.38898533958,2705.4928626543315,134924.8818479939,1472,1,289.3243243243243,35,2,16,33.05621201890615,0.6446428571428571,42.88194444444445,1028.4722222222229,29.384920634920654,0
3017,4,1,0,38,0.02631578947368421,0.0,1.0,38,1050,600,450,0.5714285714285714,15,6,9,343.6973537828812,0.42158605974395447,0.16195422586152008,0.20025159722327385,131126.20380092927,1413.6664148664352,132539.8702157957,1473,0,282.6842105263158,36,2,20,35.14660069635331,0.6316550925925926,43.94707207207207,1024.2117117117114,28.450325325325316,8
3018,4,1,1,38,0.02564102564102564,0.02564102564102564,0.9743589743589743,39,750,500,250,0.6666666666666666,10,5,5,342.77571525276505,0.42448268106162845,0.0817000502548646,0.19197920939910595,129591.85157933211,1090.481167464917,130682.33274679702,1474,0,276.4102564102564,37,2,16,36.72419053772705,0.6143018018018018,45.449561403508774,1018.2017543859649,27.51896633475581,8
3019,4,0,0,38,0.0,0.0,1.0,38,1000,800,200,0.8,12,8,4,345.1570847211892,0.420089497392129,0.10503903271063364,0.19322385157673538,129573.74762854094,1344.6593975732767,130918.40702611422,1475,1,284.6578947368421,36,2,16,36.681967333996994,0.6160300925925926,45.467342342342356,1018.1306306306326,28.28140640640646,0
3020,4,0,0,38,0.0,0.0,1.0,38,900,600,300,0.6666666666666666,12,6,6,345.3541604628286,0.4196005215742058,0.10812418559854975,0.19397461612452718,129703.52055440143,1358.730090027713,131062.25064442915,1476,2,285.6578947368421,37,1,17,36.545120200932914,0.615427927927928,45.33991228070176,1018.6403508771936,27.530820293978206,0
3021,4,0,0,38,0.0,0.0,1.0,38,650,300,350,0.46153846153846156,10,3,7,345.2495205536949,0.41957088667614983,0.10810657724811357,0.19419240587075878,129759.3730763313,1359.8722683902902,131119.2453447216,1477,3,286.6578947368421,37,1,17,36.49106758501937,0.615990990990991,45.285087719298254,1018.859649122808,27.536747273589405,0
3022,4,0,1,37,0.0,0.02631578947368421,0.9736842105263158,38,1050,800,250,0.7619047619047619,13,8,5,341.2156258424799,0.4193782598387861,0.10705359162661843,0.1922537421684239,129826.69850107755,1259.7796360216298,131086.47813709918,1478,4,287.6578947368421,38,0,17,36.5254918405144,0.6148574561403508,45.2190170940171,1019.123931623932,26.819050832208735,0
3023,4,1,0,38,0.02631578947368421,0.0,1.0,38,900,500,400,0.5555555555555556,13,5,8,341.7127847964782,0.42059329065908013,0.11776336471483617,0.19307075815943125,129935.60209155169,1280.1312869822516,131215.73337853394,1479,0,287.7368421052632,38,0,19,36.4023367913654,0.615953947368421,45.11217948717949,1019.5512820512827,26.830296896086384,0
3024,4,0,0,38,0.0,0.0,1.0,38,850,400,450,0.47058823529411764,13,4,9,343.4035682555732,0.4199709577999052,0.11513399083757325,0.19456818196652567,130044.55133912269,1331.5525924099643,131376.10393153265,1480,1,288.7368421052632,38,0,20,36.248734331901794,0.6170504385964912,45.00534188034188,1019.9786324786328,26.84154295996402,0
3025,4,1,0,39,0.02564102564102564,0.0,1.0,39,950,600,350,0.631578947368421,13,6,7,340.6543944738389,0.4220928924876293,0.12845385067607307,0.19510206228956226,130463.84222059888,1089.164119640979,131553.00634023987,1481,0,282.3076923076923,36,3,22,35.89409722222222,0.625,44.59459459459459,1021.6216216216208,28.378378378378354,0
3026,4,1,0,40,0.025,0.0,1.0,40,1000,900,100,0.9,11,9,2,334.325491345636,0.4240785256410256,0.14258224543080944,0.1931904996761897,130808.47447083422,746.5214999269439,131554.99597076117,1482,0,276.225,38,2,19,35.707354221061784,0.6247258771929824,44.25747863247863,1022.9700854700852,26.920265407107507,0
3027,4,0,0,40,0.0,0.0,1.0,40,1050,700,350,0.6666666666666666,14,7,7,337.4456200556364,0.4230635683760684,0.15315468113975594,0.19582474171732597,130972.46334876529,839.2168209876368,131811.68016975292,1483,1,277.225,38,2,20,35.461895070104006,0.6263706140350878,44.097222222222214,1023.6111111111101,26.93713450292395,0
3028,4,0,0,40,0.0,0.0,1.0,40,1200,1000,200,0.8333333333333334,14,10,4,338.8530760466074,0.423170405982906,0.15231434384537157,0.19709619748746438,131061.33355034715,882.1072048611047,131943.44075520826,1484,2,278.225,39,1,20,35.33613089182774,0.625534188034188,44.010416666666664,1023.9583333333327,26.255341880341863,0
3029,4,1,1,40,0.024390243902439025,0.024390243902439025,0.975609756097561,41,1000,500,500,0.5,15,5,10,334.39939665421804,0.42517784552845533,0.15657331940621688,0.1962832421829068,131410.2692513147,589.2454850837973,131999.5147363985,1485,0,272.4146341463415,38,3,22,35.098207773262466,0.6307565789473684,43.66987179487178,1025.3205128205109,26.982118758434495,0
3030,4,0,0,40,0.0,0.0,1.0,40,1100,900,200,0.8181818181818182,13,9,4,340.8511410795737,0.4239983974358974,0.16428800513149522,0.20052336941247328,131496.76462950095,964.1644544474764,132460.92908394843,1486,1,279.075,37,3,22,34.84560972133132,0.6334459459459459,43.58552631578945,1025.6578947368387,27.72048364153618,0
3031,4,0,1,39,0.0,0.025,0.975,40,1200,800,400,0.6666666666666666,16,8,8,342.04901330927737,0.4238247863247863,0.16646445750935412,0.20137624414778363,131524.88175448184,997.5912059479547,132522.4729604298,1487,2,280.075,37,3,22,34.78654462854088,0.6337274774774775,43.558114035087705,1025.7675438596468,27.723447131341807,0
3032,4,0,0,39,0.0,0.0,1.0,39,1300,1100,200,0.8461538461538461,15,11,4,350.23635704059336,0.4237235717498875,0.16448885472713326,0.20591365420068952,131472.44953991132,1409.2863556123439,132881.73589552366,1488,3,280.4102564102564,36,3,22,34.62949745616924,0.6351273148148149,43.60923423423422,1025.5630630630615,28.48786286286282,0
3033,4,1,0,40,0.025,0.0,1.0,40,1100,800,300,0.7272727272727273,14,8,6,344.6270924018872,0.4239316239316239,0.1664594819515246,0.204626327316821,131848.80566741506,1087.7341067645157,132936.53977417958,1489,0,274.375,38,2,21,34.39396303616631,0.6351425438596492,43.24252136752135,1027.0299145299116,27.02710301394504,0
3034,4,0,1,39,0.0,0.025,0.975,40,900,600,300,0.6666666666666666,12,6,6,344.4531456569929,0.4236912393162393,0.16651201703681306,0.2047409565595899,131889.27001953076,1085.934787326345,132975.2048068571,1490,1,275.375,39,1,21,34.35767586113648,0.6338141025641026,43.20312499999998,1027.1874999999961,26.338141025640926,0
3035,4,0,0,39,0.0,0.0,1.0,39,1100,800,300,0.7272727272727273,14,8,6,355.6749135625898,0.4211088618983356,0.18278723609902925,0.1990621803754461,129563.94184989628,1426.9508556719554,130990.89270556823,1491,2,283.3076923076923,37,2,14,36.42422814575482,0.6140202702702703,45.476973684210535,1018.092105263159,27.516002844950243,8
3036,4,0,0,39,0.0,0.0,1.0,39,1200,900,300,0.75,15,9,6,359.7432798673519,0.42068713450292394,0.18831387485854534,0.2020565338553633,129703.52055440181,1531.9939789166328,131235.51453331843,1492,3,284.3076923076923,37,2,15,36.17868675995693,0.615427927927928,45.339912280701775,1018.6403508771966,27.530820293978287,0
3037,4,0,0,39,0.0,0.0,1.0,39,1050,700,350,0.6666666666666666,14,7,7,361.06837102042556,0.4197593342330184,0.19439500920185204,0.20323491047200634,129787.30384589538,1572.4180757541276,131359.7219216495,1493,4,285.3076923076923,37,2,15,36.059735822662226,0.6162725225225225,45.257675438596515,1018.969298245618,27.53971076339508,0
3038,4,0,0,39,0.0,0.0,1.0,39,1150,800,350,0.6956521739130435,15,8,7,356.3576315021286,0.4194781826360774,0.19306476034452769,0.2011570673998358,129899.05698147533,1458.1040560557376,131357.16103753107,1494,5,286.3076923076923,37,2,15,36.066181743214656,0.6173986486486487,45.14802631578949,1019.4078947368441,27.55156472261741,0
3039,4,0,1,38,0.0,0.02564102564102564,0.9743589743589743,39,1200,800,400,0.6666666666666666,16,8,8,356.5357318144703,0.4188034188034188,0.19690278903351288,0.20197901201816126,130038.81602993254,1472.6968875038713,131511.5129174364,1495,6,287.3076923076923,37,2,15,35.91969468931411,0.6188063063063063,45.01096491228071,1019.9561403508792,27.566382171645383,0
3040,4,1,1,38,0.02564102564102564,0.02564102564102564,0.9743589743589743,39,1350,800,550,0.5925925925925926,19,8,11,355.4062458842992,0.42029352226720645,0.19891971100479,0.20235331761082226,130234.60493853885,1457.238405086189,131691.84334362505,1496,0,287.9230769230769,37,2,16,35.74978963010706,0.620777027027027,44.819078947368425,1020.7236842105269,27.587126600284513,0
3041,4,0,0,38,0.0,0.0,1.0,38,1350,1100,250,0.8148148148148148,16,11,5,355.2127265210104,0.4193930772878141,0.21119435033640288,0.20300499344698156,130380.7656035665,1662.5844529204578,132043.35005648696,1497,1,295.07894736842104,35,3,16,35.60648987609549,0.6261904761904762,44.675925925925924,1021.2962962962961,29.179894179894173,0
3042,4,0,0,38,0.0,0.0,1.0,38,800,300,500,0.375,13,3,10,354.77172074616874,0.41936344238975815,0.20578407884585226,0.2033382073487043,130492.60567577714,1659.017252049346,132151.62292782648,1498,2,296.07894736842104,36,2,13,35.504381130827724,0.6252893518518519,44.56644144144144,1021.7342342342343,28.38150650650651,0
3043,4,0,0,38,0.0,0.0,1.0,38,1050,700,350,0.6666666666666666,14,7,7,358.10238871893415,0.41921526789947844,0.20794372206537903,0.20616433653641128,130665.25298524888,1758.3078433163028,132423.56082856518,1499,3,297.07894736842104,36,2,14,35.24433674780628,0.627025462962963,44.39752252252253,1022.4099099099109,28.400275275275302,0
3044,4,1,1,38,0.02564102564102564,0.02564102564102564,0.9743589743589743,39,1450,1000,450,0.6896551724137931,19,10,9,351.53047348063586,0.4222896986054881,0.2089724368584942,0.20439548949951283,131047.29940943359,1413.4238419513645,132460.72325138494,1500,0,290.43589743589746,37,2,15,35.02579067609054,0.6289414414414414,44.02412280701754,1023.9035087719292,27.673067804646735,0
3045,4,0,0,38,0.0,0.0,1.0,38,1300,900,400,0.6923076923076923,17,9,8,359.472441572726,0.4191559981033665,0.2119653021871437,0.20850319217961102,130953.25213304513,1814.8170552308993,132768.06918827601,1501,1,298.9736842105263,36,2,15,34.917666043202395,0.6299189814814814,44.11599099099099,1023.5360360360354,28.43155655655654,0
3046,4,2,0,40,0.05,0.0,1.0,40,1250,1000,250,0.8,15,10,5,344.12979878396396,0.4232772435897436,0.19890182297386372,0.20217070630495312,131443.57829112888,1047.8020249979652,132491.38031612686,1502,0,284.975,36,4,17,34.81518595797643,0.634837962962963,43.637387387387385,1025.4504504504498,28.484734734734715,0
3047,4,0,0,40,0.0,0.0,1.0,40,1000,700,300,0.7,13,7,6,346.0510096744145,0.42231570512820515,0.20308452250274422,0.20391492225963254,131559.0823086601,1105.2306529502516,132664.31296161033,1503,1,285.975,36,4,13,34.64942371020855,0.6359953703703703,43.52477477477478,1025.9009009009014,28.497247247247262,0
3048,4,1,2,39,0.024390243902439025,0.04878048780487805,0.9512195121951219,41,900,700,200,0.7777777777777778,11,7,4,337.25709630568343,0.42291666666666666,0.19789244545589502,0.2003225885285564,131862.52170138882,694.3142361111065,132556.8359374999,1504,0,279.9756097560976,37,4,15,34.56938810006761,0.6371058558558558,43.229166666666664,1027.0833333333328,27.759009009008995,0
3049,4,0,0,39,0.0,0.0,1.0,39,950,700,250,0.7368421052631579,12,7,5,353.38626955340055,0.4191689158794422,0.209224751704725,0.2081104655848363,131535.81700370787,1496.5903367198048,133032.4073404277,1505,1,295.2307692307692,35,4,17,34.48477283839181,0.6377976190476191,43.547453703703695,1025.810185185184,29.3088624338624,0
3050,4,0,0,39,0.0,0.0,1.0,39,700,400,300,0.5714285714285714,10,4,6,348.66272937155105,0.419393837156995,0.20311555667369352,0.20596884885659833,131654.57182623877,1380.6084694358558,133035.18029567463,1506,2,296.2307692307692,35,4,15,34.48613304011127,0.6389880952380953,43.431712962962955,1026.2731481481474,29.322089947089925,0
3051,4,0,0,39,0.0,0.0,1.0,39,1200,800,400,0.6666666666666666,16,8,8,351.70209366607304,0.4191408007197481,0.20304709381476393,0.20841344508428408,131773.38023244587,1468.9947434413423,133242.3749758872,1507,3,297.2307692307692,35,4,15,34.288341224213724,0.6401785714285715,43.315972222222214,1026.7361111111102,29.335317460317434,0
3052,4,0,0,39,0.0,0.0,1.0,39,1350,1100,250,0.8148148148148148,16,11,5,352.2819757984528,0.41905645524066576,0.19153773925604956,0.20941075252587188,131892.24222232925,1492.6519365140452,133384.8941588433,1508,4,298.2307692307692,35,4,15,34.15363849765258,0.6413690476190477,43.200231481481474,1027.199074074073,29.348544973544943,0
3053,4,1,1,39,0.025,0.025,0.975,40,550,300,250,0.5454545454545454,8,3,5,343.68748589008743,0.41924412393162397,0.19161691011834958,0.20597092205515216,132200.59447378045,1087.1379895737202,133287.7324633542,1509,0,291.75,37,3,16,34.06402157301776,0.6404842342342343,42.90021929824562,1028.3991228070179,27.79457088667616,0
3054,4,0,0,39,0.0,0.0,1.0,39,850,700,150,0.8235294117647058,10,7,3,347.87980283959763,0.41599190283400805,0.19075305240274032,0.2079760785934963,132108.4191243609,1391.5701596867252,133499.98928404762,1510,1,300.0,36,3,16,34.04900135100597,0.6414930555555556,42.98986486486487,1028.040540540541,28.556681681681695,0
3055,4,0,0,39,0.0,0.0,1.0,39,1450,1000,450,0.6896551724137931,19,10,9,346.9542327958137,0.415710751237067,0.19163523044120057,0.20808380457958647,132228.78674207444,1375.4674515235395,133604.254193598,1511,2,301.0,37,2,17,33.95167022032692,0.6407657657657657,42.872807017543856,1028.5087719298242,27.797534376481735,0
3056,4,0,0,39,0.0,0.0,1.0,39,950,700,250,0.7368421052631579,12,7,5,342.91564892228405,0.4161887089518668,0.18374201023673464,0.20612284009210707,132313.38158135198,1274.4658212142194,133587.8474025662,1512,3,302.0,37,2,17,33.97045632171656,0.6416103603603603,42.790570175438596,1028.8377192982457,27.806424845898533,0
3057,4,0,1,38,0.0,0.02564102564102564,0.9743589743589743,39,1300,900,400,0.6923076923076923,17,9,8,344.70324050549897,0.41562640575798465,0.1891414927852173,0.2076626839142887,132398.0034722224,1327.6312182594838,133725.63469048188,1513,4,303.0,36,3,17,33.83940620782727,0.6443865740740741,42.70833333333334,1029.166666666668,28.587962962963005,0
3058,4,1,0,39,0.02564102564102564,0.0,1.0,39,750,500,250,0.6666666666666666,10,5,5,336.15980780827056,0.41711650922177235,0.19034128901079428,0.20388775948087162,132652.03145438977,1118.4562798168615,133770.48773420663,1514,0,300.02564102564105,37,2,15,33.80421766897285,0.6449887387387387,42.46162280701754,1030.1535087719294,27.84198672356566,0
3059,4,0,0,39,0.0,0.0,1.0,39,750,500,250,0.6666666666666666,10,5,5,335.3500787723224,0.41697593342330186,0.19098143236074283,0.20354969897575867,132680.27181440452,1098.8679208987494,133779.13973530327,1515,1,301.02564102564105,37,2,15,33.79673974741026,0.6452702702702703,42.434210526315795,1030.2631578947376,27.844950213371284,0
3060,4,0,0,39,0.0,0.0,1.0,39,1150,900,250,0.782608695652174,14,9,5,335.948392937981,0.41691970310391363,0.19354064375340974,0.20452816668504029,132793.26331178827,1122.3366805170872,133915.59999230536,1516,2,302.02564102564105,37,2,15,33.66799645390071,0.6463963963963963,42.324561403508774,1030.7017543859652,27.85680417259365,0
3061,4,0,0,39,0.0,0.0,1.0,39,1300,700,600,0.5384615384615384,19,7,12,334.8637894092437,0.4161605937921728,0.1915565915565911,0.20463898241676023,132934.57031250015,1102.9947916666817,134037.56510416683,1517,3,303.02564102564105,37,2,16,33.55429292929293,0.6478040540540541,42.18750000000001,1031.2500000000011,27.871621621621653,0
3062,4,0,0,39,0.0,0.0,1.0,39,800,300,500,0.375,13,3,10,333.32694163886754,0.41545771479982,0.18300386535805702,0.20493837371957274,133160.8178117304,1077.217629462899,134238.0354411933,1518,4,304.02564102564105,37,2,16,33.36730673890719,0.6500563063063063,41.96820175438596,1032.1271929824552,27.895329540066356,0
3063,4,0,0,39,0.0,0.0,1.0,39,900,600,300,0.6666666666666666,12,6,6,333.6658414669643,0.41548582995951416,0.18302255778355225,0.20530262951437916,133189.11227493064,1088.1314442905398,134277.24371922118,1519,5,305.02564102564105,37,2,16,33.33023511082784,0.6503378378378378,41.940789473684205,1032.2368421052624,27.898293029871958,0
3064,4,1,1,39,0.025,0.025,0.975,40,800,600,200,0.75,10,6,4,326.8343441105607,0.4175080128205128,0.17879524301964866,0.20233598639879127,133417.02849915982,721.0534005405696,134138.0818997004,1520,0,298.375,38,2,17,33.27861082385384,0.6507675438596492,41.720085470085465,1033.1196581196573,27.187359424201507,0
3065,4,0,0,39,0.0,0.0,1.0,39,1300,1000,300,0.7692307692307693,16,10,6,335.4046435443928,0.4155420602789024,0.18089686440355068,0.20763354477498489,133415.57618690372,1149.640754847651,134565.21694175137,1521,1,306.61538461538464,37,2,18,33.05871011108752,0.6525900900900901,41.72149122807018,1033.11403508772,27.922000948316754,0
3066,4,0,0,39,0.0,0.0,1.0,39,950,500,450,0.5263157894736842,14,5,9,332.9028699280229,0.4156545209176788,0.18343467319594597,0.20655757400076485,133500.54974848044,1088.543229647594,134589.09297812803,1522,2,307.61538461538464,37,2,19,33.038351016799275,0.6534346846846847,41.63925438596492,1033.4429824561414,27.93089141773355,0
3067,4,0,0,39,0.0,0.0,1.0,39,1300,1000,300,0.7692307692307693,16,10,6,334.95185263070294,0.41545771479982,0.18228784294531897,0.2086258897164815,133642.23246575872,1152.7426708217974,134794.97513658053,1523,3,308.61538461538464,37,2,19,32.84376104630611,0.6548423423423424,41.502192982456144,1033.9912280701758,27.945708866761507,0
3068,4,0,0,39,0.0,0.0,1.0,39,1100,900,200,0.8181818181818182,13,9,4,336.46335138311736,0.4147829509671615,0.18234403498900487,0.21005021797464915,133727.2781649162,1198.8656365420259,134926.14380145824,1524,4,309.61538461538464,37,2,15,32.71968532456978,0.6556869369369369,41.419956140350884,1034.3201754385973,27.954599336178305,0
3069,4,0,0,39,0.0,0.0,1.0,39,950,600,350,0.631578947368421,13,6,7,337.299108888842,0.4138551506972559,0.17791432708267108,0.21154593281074943,133897.45071800938,1232.6981619344378,135130.14887994382,1525,5,310.61538461538464,37,2,16,32.528052936398616,0.6573761261261262,41.25548245614035,1034.9780701754385,27.97238027501185,0
3070,4,0,0,39,0.0,0.0,1.0,39,1050,900,150,0.8571428571428571,12,9,3,336.4352915828783,0.4138270355375619,0.1766949152542372,0.2111668319509557,133925.8233302556,1211.4746845183254,135137.29801477393,1526,6,311.61538461538464,37,2,16,32.52206920903955,0.6576576576576576,41.2280701754386,1035.0877192982466,27.975343764817477,0
3071,4,0,0,39,0.0,0.0,1.0,39,950,600,350,0.631578947368421,13,6,7,337.5497142588679,0.4127305443094917,0.1778422015559431,0.21285010686844236,134096.12212411506,1252.8215412434558,135348.94366535853,1527,7,312.61538461538464,37,2,16,32.32320558966759,0.6593468468468469,41.06359649122807,1035.7456140350873,27.99312470365101,0
3072,4,0,2,37,0.0,0.05128205128205128,0.9487179487179487,39,1050,900,150,0.8571428571428571,12,9,3,336.07873588048454,0.41261808367071523,0.173234924742383,0.21307527097774764,134294.9408111148,1226.734788588777,135521.67559970357,1528,8,313.61538461538464,37,2,16,32.16295973059698,0.6613175675675675,40.87171052631578,1036.5131578947355,28.01386913229015,0
3073,4,0,0,37,0.0,0.0,1.0,37,1100,700,400,0.6363636363636364,15,7,8,350.920240798295,0.40734484484484484,0.18585046757209978,0.22058900589885772,133981.00090288476,2003.3290198473658,135984.3299227321,1529,20,330.97297297297297,35,2,16,32.092067262902916,0.6622023809523809,41.174768518518505,1035.3009259259243,29.58002645502641,0
3074,4,0,0,37,0.0,0.0,1.0,37,850,600,250,0.7058823529411765,11,6,5,349.6455166817516,0.40709459459459457,0.18182696663143605,0.2206859925459572,134130.82588520212,1979.6483839163004,136110.47426911842,1530,21,331.97297297297297,35,2,16,31.975325884543746,0.6636904761904762,41.03009259259258,1035.8796296296282,29.596560846560806,0
3075,4,0,0,37,0.0,0.0,1.0,37,1150,700,450,0.6086956521739131,16,7,9,349.88399497912786,0.40712587587587584,0.18343606058593775,0.22156020445849414,134250.74615269183,1994.4374785665068,136245.18363125835,1531,22,332.97297297297297,35,2,17,31.849359690268773,0.6648809523809525,40.91435185185184,1036.342592592591,29.609788359788315,0
3076,4,0,0,37,0.0,0.0,1.0,37,700,300,400,0.42857142857142855,11,3,8,351.8865792387618,0.40709459459459457,0.18630421399514785,0.22319378212906146,134310.72638031538,2052.4284122084896,136363.15479252386,1532,23,333.97297297297297,35,2,17,31.73756885514365,0.6654761904761906,40.856481481481474,1036.574074074073,29.616402116402085,0
3077,4,0,0,37,0.0,0.0,1.0,37,800,300,500,0.375,13,3,10,351.42706699434837,0.40656281281281287,0.18289324037733468,0.2234517454366476,134400.72183909878,2046.4102955675394,136447.13213466632,1533,24,334.97297297297297,35,2,18,31.659620679391296,0.6663690476190476,40.76967592592592,1036.9212962962952,29.626322751322718,0
3078,4,1,0,38,0.02631578947368421,0.0,1.0,38,950,400,550,0.42105263157894735,15,4,11,345.1050260084779,0.4063833570412518,0.17702207351748878,0.22122240123408543,134696.8653619835,1696.9130448015483,136393.77840678504,1534,0,327.13157894736844,36,2,19,31.528214724813775,0.6672453703703703,40.48423423423423,1038.0630630630624,28.835085085085066,0
3079,4,0,1,37,0.0,0.02631578947368421,0.9736842105263158,38,600,200,400,0.3333333333333333,10,2,8,343.61834805407176,0.406264817449028,0.17482487540034586,0.22044659364721567,134726.09169558072,1658.8714136433723,136384.9631092241,1535,1,328.13157894736844,36,2,19,31.537675814441172,0.6675347222222222,40.45608108108108,1038.1756756756758,28.83821321321322,0
3080,4,0,0,37,0.0,0.0,1.0,37,650,400,250,0.6153846153846154,9,4,5,351.2345847140063,0.40409159159159164,0.17877192612391646,0.22517676842744255,134700.92438539513,2062.3246474194007,136763.24903281452,1536,2,336.7567567567568,35,2,19,31.365095514178464,0.669345238095238,40.48032407407407,1038.078703703703,29.659391534391514,0
3081,4,0,0,37,0.0,0.0,1.0,37,750,600,150,0.8,9,6,3,351.2345847140063,0.4041228728728729,0.17877192612391646,0.22517676842744255,134700.92438539513,2062.3246474194007,136763.24903281452,1537,3,337.7567567567568,35,2,19,31.365095514178464,0.669345238095238,40.48032407407407,1038.078703703703,29.659391534391514,0
3082,4,0,1,36,0.0,0.02702702702702703,0.972972972972973,37,1050,900,150,0.8571428571428571,12,9,3,350.0680838406874,0.40362237237237236,0.09926735852661772,0.2261482774749961,134977.72301333092,2050.278571291154,137028.00158462208,1538,4,338.7567567567568,37,0,16,31.119530617987387,0.6680743243243243,40.21381578947368,1039.1447368421045,28.084992887624445,8
3083,4,0,0,36,0.0,0.0,1.0,36,750,700,50,0.9333333333333333,8,7,1,357.62155401385104,0.4029100529100529,0.11231569817866416,0.23035623004355896,134872.27091956825,2446.646223926634,137318.91714349488,1539,30,349.05555555555554,36,0,16,31.028431266261922,0.6689814814814814,40.31531531531532,1038.7387387387391,28.853853853853863,0
3084,4,0,0,36,0.0,0.0,1.0,36,750,500,250,0.6666666666666666,10,5,5,358.3326209413858,0.40302579365079366,0.11308340861186439,0.23100058897164802,134901.51627556604,2467.922779198116,137369.43905476417,1540,31,350.05555555555554,36,0,16,30.980803974706426,0.6692708333333333,40.28716216216216,1038.851351351351,28.856981981981974,0
3085,4,0,0,36,0.0,0.0,1.0,36,850,700,150,0.8235294117647058,10,7,3,361.4059527552404,0.40236441798941797,0.11615258665318273,0.23373619747569127,135018.529403559,2559.300051740938,137577.82945529994,1541,32,351.05555555555554,36,0,16,30.78430310253911,0.6704282407407407,40.17454954954955,1039.3018018018022,28.869494494494504,0
3086,4,0,0,36,0.0,0.0,1.0,36,600,400,200,0.6666666666666666,8,4,4,360.7984855446682,0.4018683862433863,0.12124905210703107,0.23372146105704084,135077.05498995614,2547.1193744420075,137624.17436439815,1542,33,352.05555555555554,36,0,16,30.741748817390683,0.6710069444444444,40.11824324324324,1039.5270270270269,28.875750750750747,0
3087,4,0,0,36,0.0,0.0,1.0,36,1000,800,200,0.8,12,8,4,357.89469931282474,0.40109126984126986,0.11620099631795533,0.23240503892085976,135164.86714755304,2474.957897086289,137639.82504463932,1543,34,353.05555555555554,36,0,17,30.72973070536423,0.671875,40.03378378378379,1039.8648648648657,28.885135135135158,0
3088,4,0,0,36,0.0,0.0,1.0,36,1100,600,500,0.5454545454545454,16,6,10,359.4070610183385,0.4014715608465609,0.11716466385189994,0.2339565202696543,135252.70783875103,2522.1556438195075,137774.86348257054,1544,35,354.05555555555554,36,0,17,30.60291941828156,0.6727430555555556,39.94932432432433,1040.2027027027036,28.894519519519545,0
3089,4,0,0,36,0.0,0.0,1.0,36,1000,600,400,0.6,14,6,8,354.1733597732183,0.4011739417989418,0.1010764903169965,0.2316790066796786,135428.47482195043,2393.031587330586,137821.50640928102,1545,36,355.05555555555554,36,0,18,30.564120595766163,0.6744791666666667,39.78040540540541,1040.8783783783792,28.913288288288314,0
3090,4,0,0,36,0.0,0.0,1.0,36,1150,800,350,0.6956521739130435,15,8,7,352.1148775067082,0.4007771164021164,0.09636458671280757,0.23108632166817114,135545.71621875258,2345.5326525850232,137891.2488713376,1546,37,356.05555555555554,36,0,18,30.501108467611118,0.6756365740740741,39.667792792792795,1041.3288288288293,28.925800800800815,0
3091,4,0,0,36,0.0,0.0,1.0,36,900,600,300,0.6666666666666666,12,6,6,352.2555728446496,0.3998346560846561,0.08951684556828265,0.2325087782528093,135751.01072356143,2363.810009333658,138114.82073289508,1547,38,357.05555555555554,36,0,18,30.29343166918809,0.677662037037037,39.47072072072072,1042.1171171171172,28.947697697697702,0
3092,4,0,0,36,0.0,0.0,1.0,36,750,300,450,0.4,12,3,9,351.49647760717295,0.39909060846560845,0.08336333417335706,0.2329639145429357,135897.74476757154,2353.5157201119932,138251.26048768352,1548,39,358.05555555555554,36,0,15,30.167494689851313,0.6791087962962963,39.32995495495495,1042.6801801801794,28.963338338338318,0
3093,4,0,0,36,0.0,0.0,1.0,36,800,500,300,0.625,11,5,6,349.46720767413797,0.398478835978836,0.08344729959931896,0.23219263109597324,135985.82323877935,2304.517186105027,138290.34042488437,1549,40,359.05555555555554,36,0,15,30.132980637731222,0.6799768518518519,39.2454954954955,1043.0180180180182,28.97272272272273,0
3094,4,0,1,35,0.0,0.027777777777777776,0.9722222222222222,36,1050,900,150,0.8571428571428571,12,9,3,347.4087401501614,0.39735449735449735,0.09204311130292986,0.2319729253394594,136162.06578199822,2260.7783459134835,138422.8441279117,1550,41,360.05555555555554,36,0,16,30.01186879585671,0.681712962962963,39.07657657657658,1043.6936936936938,28.991491491491495,0
3095,4,0,0,35,0.0,0.0,1.0,35,950,600,350,0.631578947368421,13,6,7,351.9906295194044,0.39527310924369746,0.09672084402623349,0.23512974051896193,136176.75781249988,2586.5885416666524,138763.34635416654,1551,42,366.6,35,0,16,29.87774451097804,0.6839285714285714,39.06249999999999,1043.749999999999,29.821428571428545,0
3096,4,0,0,35,0.0,0.0,1.0,35,1350,1100,250,0.8148148148148148,16,11,5,351.52432878894393,0.3950280112044818,0.09487488121634446,0.23521880160803219,136237.16670953357,2578.135716735247,138815.3024262688,1552,43,367.6,35,0,16,29.83000739098299,0.6845238095238095,39.004629629629626,1043.981481481481,29.828042328042315,0
3097,4,0,0,35,0.0,0.0,1.0,35,350,300,50,0.8571428571428571,4,3,1,349.8443770875386,0.3947128851540616,0.09851299349137754,0.2342944414036142,136267.3761815199,2534.475067515414,138801.85124903533,1553,44,368.6,35,0,16,29.843905886265386,0.6848214285714286,38.975694444444436,1044.097222222221,29.831349206349174,0
3098,4,0,0,35,0.0,0.0,1.0,35,1200,800,400,0.6666666666666666,16,8,8,351.7570167496607,0.3942577030812325,0.09460486322188477,0.23617971124620046,136358.02469135786,2592.978395061708,138951.00308641957,1554,45,369.6,35,0,16,29.704122340425528,0.6857142857142857,38.88888888888888,1044.444444444443,29.8412698412698,0
3099,4,0,0,35,0.0,0.0,1.0,35,850,700,150,0.8235294117647058,10,7,3,352.13681390869806,0.3938375350140056,0.09549555253078457,0.2368395590417217,136418.4737761486,2607.5933427640316,139026.06711891264,1555,46,370.6,35,0,16,29.63429721545166,0.6863095238095238,38.831018518518505,1044.675925925924,29.847883597883545,0
3100,4,0,0,35,0.0,0.0,1.0,35,1000,800,200,0.8,12,8,4,351.676774263451,0.39362745098039215,0.09548497365047703,0.23673275475586644,136448.7033420137,2597.167968749976,139045.87131076367,1556,47,371.6,35,0,16,29.616359255566625,0.6866071428571429,38.80208333333332,1044.7916666666652,29.851190476190432,0
3101,4,0,0,35,0.0,0.0,1.0,35,850,600,250,0.7058823529411765,11,6,5,351.0479964750004,0.3934173669467787,0.09113491448190802,0.2367148887358309,136509.17252068315,2584.254302769188,139093.42682345235,1557,48,372.6,35,0,17,29.572880902277838,0.687202380952381,38.744212962962955,1045.023148148147,29.8578042328042,0
3102,4,0,1,34,0.0,0.02857142857142857,0.9714285714285714,35,900,700,200,0.7777777777777778,11,7,4,352.7385357916465,0.39303221288515405,0.09019359736808807,0.23846814784956205,136599.9014060355,2636.809842249637,139236.71124828514,1558,49,373.6,35,0,18,29.438847062297015,0.6880952380952381,38.6574074074074,1045.370370370369,29.86772486772483,0
3103,4,0,0,34,0.0,0.0,1.0,34,850,600,250,0.7058823529411765,11,6,5,361.5776217353676,0.3915441176470588,0.07983480375409502,0.2444197918751549,136596.4445153061,3078.043509070292,139674.4880243764,1559,50,358.2647058823529,34,0,18,29.211270546255186,0.6902573529411764,38.660714285714285,1045.3571428571427,30.745798319327726,0
3104,4,0,0,34,0.0,0.0,1.0,34,1150,900,250,0.782608695652174,14,9,5,363.0347494550964,0.3902072192513369,0.08142041384665832,0.2467120141888578,136783.17920918364,3131.409438775504,139914.58864795914,1560,51,359.2647058823529,34,0,18,28.988135882553767,0.6920955882352942,38.482142857142854,1046.0714285714282,30.766806722689065,0
3105,4,0,0,34,0.0,0.0,1.0,34,800,700,100,0.875,9,7,2,364.55715811875274,0.3894644979203803,0.08372533406491955,0.24862854748036897,136907.73986678006,3182.139314058963,140089.87918083902,1561,52,360.2647058823529,34,0,19,28.82493459219657,0.6933210784313726,38.36309523809524,1046.5476190476193,30.78081232492998,0
3106,4,0,0,34,0.0,0.0,1.0,34,850,700,150,0.8235294117647058,10,7,3,364.55715811875274,0.3894644979203803,0.08372533406491955,0.24862854748036897,136907.73986678006,3182.139314058963,140089.87918083902,1562,53,361.2647058823529,34,0,19,28.82493459219657,0.6933210784313726,38.36309523809524,1046.5476190476193,30.78081232492998,0
3107,4,0,0,34,0.0,0.0,1.0,34,800,700,100,0.875,9,7,2,364.55715811875274,0.3894644979203803,0.08372533406491955,0.24862854748036897,136907.73986678006,3182.139314058963,140089.87918083902,1563,54,362.2647058823529,34,0,19,28.82493459219657,0.6933210784313726,38.36309523809524,1046.5476190476193,30.78081232492998,0
3108,4,0,0,34,0.0,0.0,1.0,34,850,700,150,0.8235294117647058,10,7,3,365.61098432781824,0.3892416815210933,0.07736681938267087,0.25023724569363126,137032.35721371885,3220.10700113379,140252.46421485263,1564,55,363.2647058823529,34,0,15,28.67396247868107,0.694546568627451,38.24404761904762,1047.0238095238096,30.79481792717087,0
3109,4,0,0,34,0.0,0.0,1.0,34,750,400,350,0.5333333333333333,11,4,7,367.2518827126027,0.38918597742127153,0.0772234331331989,0.2520344823795225,137125.85742630388,3271.9458616780053,140397.8032879819,1565,56,364.2647058823529,34,0,15,28.538446237781304,0.6954656862745099,38.154761904761905,1047.3809523809525,30.805322128851543,0
3110,4,0,0,34,0.0,0.0,1.0,34,1050,600,450,0.5714285714285714,15,6,9,368.3573392075224,0.3879604872251931,0.07976128420011519,0.25369963221475855,137250.57397959195,3311.4512471655457,140562.02522675748,1566,57,365.2647058823529,34,0,16,28.386067560402935,0.6966911764705883,38.03571428571429,1047.8571428571438,30.819327731092464,0
3111,4,0,0,34,0.0,0.0,1.0,34,750,700,50,0.9333333333333333,8,7,1,369.62802136280106,0.3877005347593583,0.07762087346862478,0.25549013784307906,137375.34722222228,3355.5555555555657,140730.90277777784,1567,58,366.2647058823529,34,0,16,28.229332273449938,0.6979166666666667,37.91666666666667,1048.333333333334,30.83333333333335,0
3112,4,0,0,34,0.0,0.0,1.0,34,850,800,50,0.9411764705882353,9,8,1,368.42976346405555,0.3870877896613191,0.07116718863728977,0.25534994385168097,137468.964356576,3329.531604308399,140798.4959608844,1568,59,367.2647058823529,34,0,18,28.16816135013434,0.6988357843137255,37.827380952380956,1048.6904761904766,30.843837535014018,0
3113,4,0,0,34,0.0,0.0,1.0,34,750,500,250,0.6666666666666666,10,5,5,368.0061915362785,0.38701351752822344,0.06484207574756184,0.2555163556836996,137531.3934948979,3322.4808673469306,140853.87436224482,1569,60,368.2647058823529,34,0,18,28.117551923731686,0.6994485294117647,37.76785714285714,1048.9285714285709,30.85084033613444,0
3114,4,0,0,34,0.0,0.0,1.0,34,800,700,100,0.875,9,7,2,368.31008867278456,0.3860851158645276,0.07018451169463824,0.25665244518977043,137656.2942885488,3340.040391156466,140996.33467970527,1570,61,369.2647058823529,34,0,18,27.986150501039894,0.7006740196078431,37.648809523809526,1049.4047619047622,30.864845938375357,0
3115,4,0,0,34,0.0,0.0,1.0,34,1100,900,200,0.8181818181818182,13,9,4,363.5044649849764,0.3858437314319667,0.07165117702710222,0.23007438292761695,134233.10745866984,2964.535716247295,137197.64317491715,1571,62,370.2647058823529,33,1,20,31.51411226742352,0.6691919191919191,40.93137254901961,1036.2745098039222,31.40225787284613,7
3116,4,0,0,34,0.0,0.0,1.0,34,900,600,300,0.6666666666666666,12,6,6,363.7018035086547,0.38458110516934046,0.07323042692254278,0.2309997941203615,134360.1319204151,2973.4044598231376,137333.53638023822,1572,63,371.2647058823529,33,1,21,31.381993695823496,0.6704545454545454,40.80882352941176,1036.764705882352,31.417112299465213,0
3117,4,0,0,34,0.0,0.0,1.0,34,900,600,300,0.6666666666666666,12,6,6,363.74161718765396,0.38424688057041,0.07342861512366716,0.23142718531142326,134423.66667868133,2979.0963811995434,137402.76305988088,1573,64,372.2647058823529,33,1,22,31.31745844166076,0.6710858585858586,40.747549019607845,1037.009803921569,31.42453951277482,0
3118,4,0,0,34,0.0,0.0,1.0,34,800,600,200,0.75,10,6,4,351.96988543288256,0.3839497920380273,0.05497779222186128,0.21967775608052328,133718.36734693882,2612.9676870748353,136331.33503401364,1574,65,373.2647058823529,34,0,18,32.327635819521184,0.6617647058823529,41.42857142857143,1034.2857142857147,30.420168067226903,7
3119,4,0,0,34,0.0,0.0,1.0,34,1050,800,250,0.7619047619047619,13,8,5,351.80219778823454,0.3840612002376708,0.05471562762242543,0.22030725527199818,133841.52494331065,2617.148526077099,136458.67346938775,1575,66,374.2647058823529,34,0,18,32.20873600245437,0.6629901960784313,41.30952380952381,1034.7619047619046,30.434173669467782,0
3120,4,0,0,34,0.0,0.0,1.0,34,900,600,300,0.6666666666666666,12,6,6,350.92841853880844,0.3842654486036839,0.055051923011872894,0.2203121010249054,133933.93034297053,2600.244472789116,136534.17481575964,1576,67,375.2647058823529,34,0,18,32.138920835729344,0.6639093137254901,41.220238095238095,1035.1190476190477,30.44467787114846,0
3121,4,0,0,34,0.0,0.0,1.0,34,700,600,100,0.8571428571428571,8,6,2,350.4068976931894,0.3843768568033274,0.05503926303187745,0.22035349162962167,133995.55165816325,2590.5931122448965,136586.14477040817,1577,68,376.2647058823529,34,0,18,32.090807174887885,0.6645220588235294,41.160714285714285,1035.3571428571427,30.451680672268903,0
3122,4,0,0,34,0.0,0.0,1.0,34,900,700,200,0.7777777777777778,11,7,4,350.71810816440006,0.3839497920380273,0.04637203077047869,0.2214767037189121,134149.66695011334,2609.74348072562,136759.41043083897,1578,69,377.2647058823529,34,0,18,31.92872328200412,0.6660539215686274,41.01190476190476,1035.9523809523807,30.46918767507002,0
3123,4,0,0,34,0.0,0.0,1.0,34,600,300,300,0.5,9,3,6,348.4473838938148,0.3836527035056447,0.047070988321799234,0.2204132288816689,134211.33786848068,2553.117913832195,136764.45578231287,1579,70,378.2647058823529,34,0,18,31.925934436274517,0.6666666666666667,40.95238095238095,1036.190476190476,30.476190476190467,0
3124,4,0,0,34,0.0,0.0,1.0,34,800,400,400,0.5,12,4,8,350.4622080799745,0.382055852644088,0.047274937529547145,0.22281210455303507,134396.43565759642,2620.1743197278947,137016.60997732432,1580,71,379.2647058823529,34,0,19,31.68891121316495,0.6685049019607843,40.773809523809526,1036.9047619047622,30.497198879551828,0
3125,4,0,0,34,0.0,0.0,1.0,34,900,600,300,0.6666666666666666,12,6,6,348.4348678478023,0.382260101010101,0.04525016709312002,0.22208580859970029,134489.03238378686,2572.1336451247184,137061.16602891157,1581,72,380.2647058823529,34,0,21,31.64906844179196,0.6694240196078431,40.68452380952381,1037.2619047619048,30.507703081232496,0
3126,4,0,0,34,0.0,0.0,1.0,34,750,500,250,0.6666666666666666,10,5,5,348.18997086194156,0.38164735591206184,0.04669686464405065,0.2224999610028724,134582.5692792436,2572.07434750861,137154.6436267522,1582,73,381.2647058823529,33,1,21,31.562118617377266,0.6726641414141414,40.59436274509804,1037.622549019608,31.443107546048726,0
3127,4,0,0,34,0.0,0.0,1.0,34,900,700,200,0.7777777777777778,11,7,4,348.6853384889233,0.3816659239453357,0.04303771095214959,0.22340127208783514,134677.95589436754,2592.0457276047628,137270.0016219723,1583,74,382.2647058823529,33,1,21,31.45415190869736,0.6736111111111112,40.502450980392155,1037.9901960784312,31.454248366013065,0
3128,4,0,0,34,0.0,0.0,1.0,34,1350,1200,150,0.8888888888888888,15,12,3,345.54885671137424,0.3809232026143791,0.0406823418371598,0.22255867093355658,134868.83049788536,2520.75403690887,137389.58453479424,1584,75,383.2647058823529,33,1,20,31.345367311624983,0.6755050505050505,40.31862745098039,1038.7254901960778,31.47653000594175,0
3129,4,0,0,34,0.0,0.0,1.0,34,900,500,400,0.5555555555555556,13,5,8,345.28511439151646,0.38107174688057044,0.04406560925856562,0.222779847778636,134932.48540224915,2518.0357314494436,137450.52113369858,1585,76,384.2647058823529,33,1,20,31.288825980970355,0.6761363636363636,40.25735294117647,1038.9705882352941,31.483957219251337,0
3130,4,0,0,34,0.0,0.0,1.0,34,1100,1000,100,0.9090909090909091,12,10,2,343.6322125521611,0.38003193701723115,0.044439280349721555,0.22278694225820506,135107.15880102044,2485.434382086171,137592.59318310663,1586,77,385.2647058823529,34,0,21,31.15791633268445,0.6755514705882353,40.089285714285715,1039.6428571428573,30.57773109243698,0
3131,4,0,0,34,0.0,0.0,1.0,34,400,300,100,0.75,5,3,2,343.1816228558919,0.38001336898395727,0.04290197874432611,0.22268560876845148,135138.1023242629,2475.3826530612114,137613.48497732411,1587,78,386.2647058823529,34,0,21,31.13884436302572,0.6758578431372548,40.0595238095238,1039.7619047619037,30.581232492997167,0
3132,4,0,0,34,0.0,0.0,1.0,34,600,300,300,0.5,9,3,6,343.5467976015805,0.37988339275103983,0.03163563929572755,0.20332217129158717,131725.00177154178,2250.740504535124,133975.7422760769,1588,79,387.2647058823529,34,0,19,34.546416560361806,0.6418504901960784,43.36309523809523,1026.5476190476177,30.192577030812284,8
3133,4,0,0,34,0.0,0.0,1.0,34,600,300,300,0.5,9,3,6,342.1096408317584,0.37921494355317886,0.03473145780051223,0.20279695203944426,131786.1128826529,2217.0599489795804,134003.1728316325,1589,80,388.2647058823529,34,0,19,34.5217391304348,0.6424632352941176,43.30357142857142,1026.785714285713,30.199579831932738,0
3134,4,0,0,34,0.0,0.0,1.0,34,1050,800,250,0.7619047619047619,13,8,5,390.193126504765,0.3788807189542484,0.04127217418053797,0.22763470193718663,131175.63952664405,3436.766581632657,134612.40610827671,1590,81,389.2647058823529,34,0,22,33.9059171024598,0.6363357843137255,43.898809523809526,1024.4047619047624,30.129551820728306,8
3135,4,0,0,34,0.0,0.0,1.0,34,900,600,300,0.6666666666666666,12,6,6,391.89282379067697,0.3781008615567439,0.047470841048697476,0.22935454248905096,131297.62081916112,3490.919075963735,134788.53989512485,1591,82,390.2647058823529,34,0,22,33.73867464281566,0.6375612745098039,43.77976190476191,1024.8809523809534,30.14355742296922,0
3136,4,0,1,33,0.0,0.029411764705882353,0.9705882352941176,34,950,600,350,0.631578947368421,13,6,7,391.4484699944187,0.3784536541889483,0.054882642712257734,0.22966485378285265,131392.84256708506,3486.712524388403,134879.55509147345,1592,83,391.2647058823529,32,2,22,33.65353037766832,0.6432291666666667,43.68686868686869,1025.2525252525259,32.03914141414143,0
3137,4,0,0,33,0.0,0.0,1.0,33,800,500,300,0.625,11,5,6,379.2370336752607,0.3760653409090909,0.05314266937101264,0.20544353282759065,128272.40404359256,3132.95932812979,131405.36337172234,1593,84,400.7878787878788,32,1,20,37.14451161244754,0.6116536458333333,46.74873737373738,1013.005050505051,31.656407828282845,8
3138,4,0,0,33,0.0,0.0,1.0,33,1050,800,250,0.7619047619047619,13,8,5,375.30493525989874,0.37622316919191917,0.049315068493150704,0.2044571662236761,128496.33487654311,3045.0617283950482,131541.39660493817,1594,85,401.7878787878788,32,1,18,37.0148401826484,0.6139322916666667,46.52777777777777,1013.8888888888881,31.684027777777754,0
3139,4,0,0,33,0.0,0.0,1.0,33,750,400,350,0.5333333333333333,11,4,7,372.8803444211986,0.3770517676767677,0.04136963360264323,0.20379052293060618,128624.38303489446,2992.300849403132,131616.68388429758,1595,86,402.7878787878788,32,1,18,36.945326114015444,0.615234375,46.401515151515156,1014.39393939394,31.699810606060623,0
3140,4,0,0,33,0.0,0.0,1.0,33,1500,1200,300,0.8,18,12,6,371.6185107652663,0.37752525252525254,0.03831602672462431,0.20382413948065795,128765.68657487504,2970.3425365244193,131736.02911139946,1596,87,403.7878787878788,33,0,18,36.8328906061338,0.6142676767676767,46.26225490196079,1014.9509803921568,30.75609031491384,0
3141,4,2,0,35,0.05714285714285714,0.0,1.0,35,700,500,200,0.7142857142857143,9,5,4,356.74506713805226,0.38501400560224086,0.04756053487531631,0.1986144065937608,129357.17520004328,2230.978620001921,131588.1538200452,1597,0,381.65714285714284,33,2,20,36.60741175761955,0.6202651515151515,45.68014705882353,1017.2794117647061,30.82664884135473,0
3142,4,0,0,35,0.0,0.0,1.0,35,400,100,300,0.25,7,1,6,354.8751124080752,0.38413865546218484,0.0474825836415238,0.19820025612300368,129481.87183114667,2189.978764177234,131671.8505953239,1598,1,382.65714285714284,33,2,17,36.528070439494265,0.6215277777777778,45.557598039215684,1017.7696078431372,30.841503267973856,0
3143,4,0,1,34,0.0,0.02857142857142857,0.9714285714285714,35,550,200,350,0.36363636363636365,9,2,7,354.8751124080752,0.38413865546218484,0.0474825836415238,0.19820025612300368,129481.87183114667,2189.978764177234,131671.8505953239,1599,2,383.65714285714284,33,2,17,36.528070439494265,0.6215277777777778,45.557598039215684,1017.7696078431372,30.841503267973856,0
3144,4,0,0,34,0.0,0.0,1.0,34,700,400,300,0.5714285714285714,10,4,6,362.4143764413504,0.3797534165181224,0.04566582113452444,0.20193048008161693,129388.34372597079,2578.4391820453648,131966.78290801615,1600,3,395.88235294117646,33,1,19,36.43148237372522,0.6205808080808081,45.64950980392157,1017.4019607843138,30.83036244800951,0
3145,4,1,0,35,0.02857142857142857,0.0,1.0,35,700,500,200,0.7142857142857143,9,5,4,350.5711768017393,0.38329831932773106,0.04757341524900216,0.19696897963837712,129716.28578514738,2094.9581916099705,131811.24397675734,1601,0,385.54285714285714,34,1,18,36.39929297651044,0.6216299019607843,45.32738095238095,1018.6904761904761,29.961484593837532,0
3146,4,0,1,34,0.0,0.02857142857142857,0.9714285714285714,35,850,500,350,0.5882352941176471,12,5,7,350.82855170615653,0.3832633053221288,0.05105331686308534,0.19726614622216065,129746.60572562349,2103.7627551020328,131850.36848072553,1602,1,386.54285714285714,34,1,18,36.3619323050557,0.6219362745098039,45.297619047619044,1018.8095238095231,29.964985994397736,0
3147,4,0,0,34,0.0,0.0,1.0,34,800,300,500,0.375,13,3,10,353.65397632981035,0.3829842543077837,0.05555937328202276,0.19916302877520892,129807.25623582763,2381.3704648525986,132188.62670068024,1603,2,393.52941176470586,34,0,18,36.22833917445483,0.6225490196078431,45.238095238095234,1019.0476190476188,29.9719887955182,0
3148,4,0,0,34,0.0,0.0,1.0,34,850,500,350,0.5882352941176471,12,5,7,353.500123585233,0.3821301247771836,0.06418798252603275,0.19969492469551,129928.59977324239,2385.9552154194753,132314.55498866187,1604,3,394.52941176470586,34,0,18,36.109002802428776,0.6237745098039216,45.119047619047606,1019.5238095238075,29.985994397759043,0
3149,4,0,0,34,0.0,0.0,1.0,34,700,500,200,0.7142857142857143,9,5,4,372.1269583410932,0.3821115567439097,0.04494225933076401,0.2001727879493424,127989.47707912825,2773.3426979860624,130762.81977711432,1605,4,395.52941176470586,33,1,18,37.61442311574019,0.6063762626262627,47.02818627450981,1011.887254901961,30.66325014854427,8
3150,4,0,0,34,0.0,0.0,1.0,34,800,600,200,0.75,10,6,4,375.1121949567307,0.38207442067736186,0.04393609295570089,0.20256058527663479,128144.5312500001,2813.715277777791,130958.2465277779,1606,5,396.52941176470586,33,1,18,37.37997256515776,0.6079545454545454,46.87500000000001,1012.5000000000008,30.681818181818205,0
3151,4,0,0,34,0.0,0.0,1.0,34,750,300,450,0.4,12,3,9,372.76545546286445,0.3819073083778966,0.045429305692989974,0.20144937596400617,128175.55334787125,2755.8837045848018,130931.43705245605,1607,6,397.52941176470586,33,1,18,37.407595102666505,0.608270202020202,46.84436274509805,1012.6225490196098,30.685531788473025,0
3152,4,0,0,34,0.0,0.0,1.0,34,950,800,150,0.8421052631578947,11,8,3,372.4379948610467,0.3814059714795009,0.043132036264784235,0.2017413149096602,128268.64216887743,2754.42317858517,131023.0653474626,1608,7,398.52941176470586,33,1,19,37.32055004435841,0.6092171717171717,46.75245098039216,1012.990196078432,30.696672608437332,0
3153,4,1,0,35,0.02857142857142857,0.0,1.0,35,750,600,150,0.8,9,6,3,367.3451320230389,0.38651960784313727,0.04411957013764334,0.20077920910637026,128627.12762188198,2450.109835600895,131077.23745748287,1609,0,388.1142857142857,34,1,19,37.082893244141914,0.6106004901960784,46.39880952380952,1014.4047619047611,29.835434173669444,0
3154,4,2,0,37,0.05405405405405406,0.0,1.0,37,550,400,150,0.7272727272727273,7,4,3,354.2733405904374,0.3946446446446446,0.05243710362256748,0.19617614553185822,129144.1504849444,1750.4659220030849,130894.61640694749,1610,0,368.0810810810811,36,1,21,36.88718701528916,0.6116898148148149,45.88963963963964,1016.4414414414415,28.234484484484486,0
3155,4,0,0,37,0.0,0.0,1.0,37,1450,1200,250,0.8275862068965517,17,12,5,349.27215889420955,0.3953328328328329,0.053192928932574324,0.19426605901027286,129319.08543381335,1633.5239127390564,130952.6093465524,1611,1,369.0810810810811,35,2,21,36.836216052192384,0.6154761904761905,45.71759259259259,1017.1296296296289,29.06084656084654,0
3156,4,0,1,36,0.0,0.02702702702702703,0.972972972972973,37,800,400,400,0.5,12,4,8,347.1648774939016,0.3951138638638639,0.056328331970815215,0.1939623845413834,129495.73072059342,1591.27389831963,131087.00461891305,1612,2,370.0810810810811,35,2,15,36.71016223182472,0.6172619047619048,45.54398148148149,1017.8240740740753,29.080687830687864,0
3157,4,0,0,36,0.0,0.0,1.0,36,1100,800,300,0.7272727272727273,14,8,6,352.1212408775599,0.3934854497354497,0.049316679008015285,0.19722940230686103,129595.0414540816,1926.6333616780007,131521.6748157596,1613,3,374.1111111111111,34,2,15,36.48305662730426,0.6204044117647058,45.44642857142857,1018.2142857142853,29.947478991596626,0
3158,4,0,1,35,0.0,0.027777777777777776,0.9722222222222222,36,950,600,350,0.631578947368421,13,6,7,352.2441655677635,0.39375,0.05935686182852251,0.19790895106784978,129716.28578514732,1938.3609693877493,131654.64675453506,1614,4,375.1111111111111,34,2,15,36.35668653344241,0.6216299019607843,45.32738095238095,1018.6904761904757,29.961484593837522,0
3159,4,0,0,35,0.0,0.0,1.0,35,1400,1000,400,0.7142857142857143,18,10,8,358.819456687484,0.38953081232493,0.05797130497235692,0.20098119273399165,129595.04145408176,2300.2444727891275,131895.28592687089,1615,5,386.7142857142857,34,1,15,36.31255115164269,0.6204044117647058,45.44642857142858,1018.2142857142868,29.94747899159667,0
3160,4,1,0,36,0.027777777777777776,0.0,1.0,36,500,200,300,0.4,8,2,6,351.29507481246253,0.39548611111111115,0.05631892396598226,0.198047658693889,129849.38298396781,1923.0897419410167,131772.47272590882,1616,0,376.94444444444446,35,1,16,36.245646907411604,0.6208333333333333,45.19675925925926,1019.2129629629634,29.12037037037038,0
3161,4,1,1,36,0.02702702702702703,0.02702702702702703,0.972972972972973,37,1050,800,250,0.7619047619047619,13,8,5,348.800897257825,0.39720970970970976,0.06185444049521749,0.19858865155432948,130233.84871357842,1685.1366569271984,131918.98537050563,1617,0,367.72972972972974,36,1,17,35.9191122388938,0.6226851851851851,44.81981981981982,1020.7207207207206,28.35335335335335,0
3162,4,0,0,36,0.0,0.0,1.0,36,800,600,200,0.75,10,6,4,356.67290292192746,0.3927414021164021,0.06914196410566675,0.20260491702059968,130144.46159122068,2083.8005829903786,132228.26217421106,1618,1,378.72222222222223,35,1,17,35.80894585601937,0.6238095238095238,44.9074074074074,1020.370370370369,29.153439153439113,0
3163,4,1,0,37,0.02702702702702703,0.0,1.0,37,1200,1000,200,0.8333333333333334,14,10,4,346.52567641207264,0.39514514514514515,0.06478893076831271,0.19849332548276172,130469.43486636199,1642.255417309635,132111.69028367163,1619,0,369.4594594594595,35,2,18,35.738477587704395,0.6270833333333333,44.58912037037035,1021.643518518516,29.189814814814742,0
3164,4,0,2,35,0.0,0.05405405405405406,0.9459459459459459,37,1300,1000,300,0.7692307692307693,16,10,6,348.83034026465054,0.3955830830830831,0.06051703877790815,0.20057744565217378,130617.28395061701,1712.6543209876218,132329.93827160462,1620,1,370.4594594594595,35,2,15,35.529891304347814,0.6285714285714286,44.44444444444443,1022.22222222222,29.20634920634914,0
3165,4,0,0,35,0.0,0.0,1.0,35,1050,800,250,0.7619047619047619,13,8,5,384.0891410386103,0.39103641456582633,0.06281064141660941,0.20341610411407735,127362.24666950124,2785.620197152953,130147.86686665419,1621,4,386.9428571428571,34,1,16,37.956274324802465,0.5977328431372548,47.64880952380953,1009.4047619047627,29.68837535014008,8
3166,4,1,0,36,0.027777777777777776,0.0,1.0,36,1050,700,350,0.6666666666666666,14,7,7,374.42639777804595,0.39619708994708996,0.07989926739926734,0.200428248222366,127793.20987654343,2369.8302469136074,130163.04012345705,1622,0,377.1666666666667,35,1,19,37.75755494505496,0.6,47.222222222222236,1011.1111111111129,28.88888888888894,0
3167,4,0,0,36,0.0,0.0,1.0,36,950,500,450,0.5263157894736842,14,5,9,376.84650388282876,0.3949404761904762,0.0829519450800913,0.20231194373070804,127910.26341735267,2440.5071159122217,130350.77053326489,1623,1,378.1666666666667,35,1,20,37.57627765064835,0.6011904761904762,47.10648148148149,1011.5740740740753,28.902116402116437,0
3168,4,1,1,36,0.02702702702702703,0.02702702702702703,0.972972972972973,37,800,600,200,0.75,10,6,4,367.98119183673464,0.40049424424424424,0.08552277992278023,0.19900095355818478,128203.13169795959,2035.4825745884852,130238.61427254807,1624,0,368.9189189189189,35,2,22,37.5004761904762,0.6041666666666667,46.81712962962963,1012.7314814814819,28.935185185185198,0
3169,4,0,0,36,0.0,0.0,1.0,36,700,500,200,0.7142857142857143,9,5,4,372.06387915121326,0.39904100529100534,0.09750800182898978,0.20091449474165535,128144.53125000012,2335.590277777792,130480.12152777791,1625,1,379.4166666666667,35,1,22,37.45713305898492,0.6035714285714286,46.87500000000001,1012.5000000000009,28.928571428571455,0
3170,4,1,1,36,0.02702702702702703,0.02702702702702703,0.972972972972973,37,1450,1200,250,0.8275862068965517,17,12,5,361.0153534106689,0.40118243243243246,0.10340775558166859,0.19710763501169434,128584.3611352239,1884.1857156635929,130468.54685088749,1626,0,370.13513513513516,35,2,17,37.28710201985622,0.6080357142857142,46.44097222222223,1014.2361111111121,28.978174603174633,0
3171,4,1,0,37,0.02702702702702703,0.0,1.0,37,1050,500,550,0.47619047619047616,16,5,11,360.2885861799517,0.4004004004004004,0.11141175382908597,0.1977303442301738,128789.87295310362,1880.3042481138648,130670.17720121749,1627,0,371.1081081081081,35,2,19,37.09568605093122,0.6101190476190477,46.23842592592593,1015.0462962962968,29.001322751322764,0
3172,4,2,0,39,0.05128205128205128,0.0,1.0,39,1000,500,500,0.5,15,5,10,344.90902788985454,0.4060391363022942,0.12014051795572067,0.19183927449974916,129319.08543381325,1121.9768089848876,130441.06224279813,1628,0,353.02564102564105,35,4,22,36.9471627977545,0.6154761904761905,45.71759259259258,1017.1296296296281,29.060846560846517,0
3173,4,1,3,37,0.025,0.075,0.925,40,1000,800,200,0.8,12,8,4,334.6988143852183,0.4060363247863248,0.009841628959276427,0.1812144360290568,128250.02170138876,585.0260416666572,128835.04774305542,1629,0,345.175,39,1,16,38.295283148224335,0.5972222222222222,46.77083333333333,1012.9166666666656,25.972222222222197,8
3174,4,1,1,37,0.02631578947368421,0.02631578947368421,0.9736842105263158,38,1050,500,550,0.47619047619047616,16,5,11,342.9727556532244,0.40112316263632053,0.04465287068401058,0.1866264347271371,128450.01737313403,1210.9712844336646,129660.9886575677,1630,0,364.2105263157895,37,1,12,37.881625202812316,0.602759009009009,46.5734649122807,1013.7061403508771,27.39746325272641,0
3175,4,1,1,37,0.02631578947368421,0.02631578947368421,0.9736842105263158,38,950,800,150,0.8421052631578947,11,8,3,343.01937782872665,0.4029012565196776,0.05077931611383235,0.18717322864530347,128561.19340806793,1219.7961151508164,129780.98952321876,1631,0,365.1842105263158,37,1,13,37.76703337297723,0.6038851351351351,46.463815789473685,1014.1447368421059,27.409317211948807,0
3176,4,1,0,38,0.02631578947368421,0.0,1.0,38,800,600,200,0.75,10,6,4,346.07619955020084,0.40158250355618774,0.06734498879574091,0.1895023166057728,128700.23108071728,1308.0173707294657,130008.24845144674,1632,0,365.9736842105263,37,1,14,37.54772710899791,0.6052927927927928,46.32675438596492,1014.6929824561415,27.424134660976797,0
3177,4,0,1,37,0.0,0.02631578947368421,0.9736842105263158,38,1250,1000,250,0.8,15,10,5,347.73039445001507,0.40144914651493596,0.06993001029093215,0.19080855135884936,128783.68975309709,1356.400647314561,130140.09040041165,1633,1,366.9736842105263,37,1,15,37.42066814302692,0.6061373873873874,46.24451754385965,1015.0219298245612,27.433025130393546,0
3178,4,1,0,38,0.02631578947368421,0.0,1.0,38,1650,1200,450,0.7272727272727273,21,12,9,344.7087059308292,0.4016269559032717,0.09635308744301696,0.19102178198952274,129173.52123970825,1305.4474694136534,130478.96870912191,1634,0,367.5,37,1,17,37.10034426347393,0.6100788288288288,45.86074561403508,1016.5570175438586,27.474513987671855,0
3179,4,0,1,37,0.0,0.02631578947368421,0.9736842105263158,38,1500,900,600,0.6,21,9,12,348.6634656858856,0.400856448553817,0.10435692264655616,0.19377106206826059,129287.27027280677,1415.5525502094606,130702.82282301623,1635,1,368.5,36,2,17,36.88406599490643,0.6131365740740741,45.74887387387388,1017.0045045045059,28.250125125125166,0
3180,4,0,0,37,0.0,0.0,1.0,37,800,500,300,0.625,11,5,6,362.6250182617768,0.3965215215215215,0.11529480533464609,0.20124199528930578,129230.80800165044,1972.464822316538,131203.27282396698,1636,2,379.1081081081081,35,2,17,36.58662967178904,0.6145833333333333,45.80439814814815,1016.782407407408,29.05092592592594,0
3181,4,1,0,38,0.02631578947368421,0.0,1.0,38,850,500,350,0.5882352941176471,12,5,7,354.6699400223116,0.40109352773826457,0.12054247087832648,0.19849972230905133,129563.94184989601,1590.48709699137,131154.42894688738,1637,0,370.10526315789474,37,1,16,36.4498070364387,0.6140202702702703,45.47697368421052,1018.092105263157,27.51600284495019,0
3182,4,0,0,38,0.0,0.0,1.0,38,650,200,450,0.3076923076923077,11,2,9,353.5931596217631,0.4010342579421527,0.11433727498852653,0.1984608374457135,129675.59880203521,1570.4809412511504,131246.07974328636,1638,1,371.10526315789474,37,1,16,36.36368733627589,0.6151463963963963,45.36732456140351,1018.5307017543857,27.527856804172586,0
3183,4,1,0,39,0.02564102564102564,0.0,1.0,39,1250,800,450,0.64,17,8,9,347.1583767141238,0.4049707602339181,0.11393384486427238,0.19628433337438378,129962.83512309153,1223.5373748995535,131186.37249799108,1639,0,362.56410256410254,38,1,17,36.235898644872854,0.6162280701754386,45.085470085470085,1019.6581196581196,26.83310841205578,0
3184,4,1,0,40,0.025,0.0,1.0,40,1050,800,250,0.7619047619047619,13,8,5,345.28732371131036,0.4086538461538462,0.12167852285803948,0.19728640330881167,130371.67302441763,1003.482495069055,131375.1555194867,1640,0,354.475,38,2,19,35.86911985214632,0.6203399122807017,44.68482905982907,1021.2606837606854,26.875281151596983,0
3185,4,0,1,39,0.0,0.025,0.975,40,1000,700,300,0.7,13,7,6,341.1763728918747,0.4087740384615384,0.11469823631358955,0.19559316433059057,130501.95448133702,904.8366970486355,131406.79117838564,1641,1,355.475,39,1,14,35.842189995582295,0.6199252136752137,44.55729166666668,1021.7708333333351,26.199252136752182,0
3186,4,0,0,39,0.0,0.0,1.0,39,950,600,350,0.631578947368421,13,6,7,350.9066280352231,0.4055049482681062,0.11762149983907277,0.20063800024023562,130398.95171305456,1351.571288991193,131750.52300204575,1642,2,364.79487179487177,38,1,19,35.69800383542538,0.6206140350877193,44.65811965811967,1021.3675213675236,26.87809266756641,0
3187,4,0,0,39,0.0,0.0,1.0,39,1300,900,400,0.6923076923076923,17,9,8,354.1383696151201,0.4053924876293297,0.12404509561105859,0.2033425956625596,130562.68376981535,1447.4511925633926,132010.13496237874,1643,3,365.79487179487177,38,1,15,35.449552233605125,0.6222587719298245,44.49786324786326,1022.0085470085484,26.894961763382852,0
3188,4,0,0,39,0.0,0.0,1.0,39,850,600,250,0.7058823529411765,11,6,5,353.2608695652169,0.40536437246963564,0.12562709030100305,0.20312500000000014,130617.28395061755,1428.3950617284224,132045.67901234597,1644,4,366.79487179487177,38,1,16,35.41666666666668,0.6228070175438596,44.44444444444446,1022.2222222222243,26.90058479532169,0
3189,4,0,0,39,0.0,0.0,1.0,39,1000,600,400,0.6,14,6,8,351.35267931722376,0.4047177237966712,0.12908930150309517,0.20231318538302248,130671.89554569375,1382.3841222879867,132054.27966798175,1645,5,367.79487179487177,38,1,16,35.41013584117035,0.6233552631578947,44.39102564102565,1022.4358974358985,26.906207827260488,0
3190,4,0,0,39,0.0,0.0,1.0,39,1000,500,500,0.5,15,5,10,348.5938250216228,0.40505510571300046,0.128116738583677,0.20115061404050621,130753.83434007247,1315.9958497699074,132069.83018984238,1646,6,368.79487179487177,38,1,17,35.39773320798079,0.6241776315789473,44.310897435897445,1022.7564102564115,26.914642375168725,0
3191,4,0,1,38,0.0,0.02564102564102564,0.9743589743589743,39,600,200,400,0.3333333333333333,10,2,8,348.5573844849406,0.40480206927575346,0.11895486783238662,0.20169994387989604,130863.1260158706,1322.66178592302,132185.78780179363,1647,7,369.79487179487177,38,1,17,35.28810344227489,0.6252741228070176,44.20405982905984,1023.1837606837622,26.925888439046375,0
3192,4,0,0,38,0.0,0.0,1.0,38,1400,1000,400,0.7142857142857143,18,10,8,358.1546107699864,0.4003378378378379,0.1187595919472777,0.2067367703751507,130766.77439212071,1766.9446368113295,132533.71902893204,1648,8,380.3157894736842,37,1,17,35.140169382504276,0.6261261261261262,44.29824561403509,1022.8070175438602,27.643432906590817,0
3193,4,0,0,38,0.0,0.0,1.0,38,1250,1100,150,0.88,14,11,3,361.5821150980403,0.3999377667140825,0.1212195548337256,0.20947522533892038,130906.99932912046,1866.7259397122177,132773.72526883267,1649,9,381.3157894736842,37,1,17,34.91051019679274,0.6275337837837838,44.161184210526315,1023.3552631578943,27.658250355618765,0
3194,4,0,0,38,0.0,0.0,1.0,38,850,500,350,0.5882352941176471,12,5,7,364.42265503744375,0.3994636083451873,0.12532764383916883,0.21173704605380284,131019.23338190599,1949.2753780009302,132968.50875990692,1650,10,382.3157894736842,37,1,18,34.72419317411017,0.6286599099099099,44.0515350877193,1023.7938596491229,27.670104314841158,0
3195,4,0,0,38,0.0,0.0,1.0,38,1150,1000,150,0.8695652173913043,13,10,3,362.15036830112683,0.3979670459933618,0.1266487866170085,0.21103222646917177,131131.51552641185,1897.8653287549873,133029.38085516685,1651,11,383.3157894736842,37,1,18,34.66873193448239,0.6297860360360361,43.941885964912274,1024.23245614035,27.681958274063515,0
3196,4,0,0,38,0.0,0.0,1.0,38,1350,1000,350,0.7407407407407407,17,10,7,363.112512629931,0.39805595068752964,0.12805815781023777,0.2119025737352557,131187.6746330601,1927.1772324176563,133114.85186547774,1652,12,384.3157894736842,37,1,19,34.587280138428056,0.6303490990990991,43.88706140350877,1024.4517543859643,27.68788525367471,0
3197,4,0,0,38,0.0,0.0,1.0,38,1000,800,200,0.8,12,8,4,362.3380375509763,0.39777441915599815,0.13509297532296438,0.21191560068532056,131271.93583602642,1912.963123268693,133184.8989592951,1653,13,385.3157894736842,37,1,19,34.52189885155859,0.6311936936936937,43.80482456140351,1024.7807017543855,27.696775723091502,0
3198,4,0,0,38,0.0,0.0,1.0,38,1100,500,600,0.45454545454545453,17,5,12,362.8625066864926,0.39824857752489334,0.13032956643104732,0.21315892980729126,131440.5393967374,1938.9687211449614,133379.50811788236,1654,14,386.3157894736842,37,1,19,34.33802038779582,0.6328828828828829,43.64035087719298,1025.4385964912278,27.714556661925076,0
3199,4,0,0,38,0.0,0.0,1.0,38,1000,500,500,0.5,15,5,10,362.7534818254826,0.39817449027975343,0.1267564023927028,0.21325162259671498,131468.650510253,1938.142144698349,133406.79265495136,1655,15,387.3157894736842,37,1,20,34.31240867457856,0.6331644144144144,43.61293859649122,1025.548245614034,27.717520151730646,0
3200,4,0,0,38,0.0,0.0,1.0,38,1200,1000,200,0.8333333333333334,14,10,4,360.90306922575894,0.398426386913229,0.13494678368820257,0.21341842267986882,131693.6476247497,1905.728325061526,133599.37594981122,1656,16,388.3157894736842,37,1,18,34.13263807285544,0.6354166666666667,43.39364035087718,1026.4254385964891,27.74122807017538,0
3201,4,0,0,38,0.0,0.0,1.0,38,750,400,350,0.5333333333333333,11,4,7,362.8350466786222,0.3989153627311522,0.1269260595434778,0.21535570641267227,131834.36850761742,1966.8258502615836,133801.194357879,1657,17,389.3157894736842,37,1,18,33.94102783116235,0.6368243243243243,43.2565789473684,1026.9736842105237,27.756045519203344,0
3202,4,0,0,38,0.0,0.0,1.0,38,950,700,250,0.7368421052631579,12,7,5,362.8360454640201,0.3986782835467046,0.1271751951918214,0.2159957907241336,131946.99931709733,1975.0254886118523,133922.0248057092,1658,18,390.3157894736842,37,1,18,33.827374599786545,0.6379504504504505,43.14692982456139,1027.4122807017525,27.767899478425743,0
3203,4,0,0,38,0.0,0.0,1.0,38,1300,900,400,0.6923076923076923,17,9,8,358.77649066666726,0.39758179231863444,0.11767298245614088,0.2143740981516889,132087.85545792905,1878.0034481763296,133965.8589061054,1659,19,391.3157894736842,37,1,19,33.789666666666676,0.6393581081081081,43.009868421052616,1027.9605263157869,27.7827169274537,0
3204,4,0,0,38,0.0,0.0,1.0,38,850,500,350,0.5882352941176471,12,5,7,361.7250330740453,0.39620376955903275,0.12417237122657432,0.21694250704824428,132228.78674207427,1966.0924515235247,134194.8791935978,1660,20,392.3157894736842,37,1,19,33.57187277896232,0.6407657657657657,42.87280701754385,1028.5087719298228,27.7975343764817,0
3205,4,0,0,38,0.0,0.0,1.0,38,1300,1100,200,0.8461538461538461,15,11,4,359.69084247692626,0.39589260312944524,0.1262159342077207,0.2160447813136059,132285.18029586028,1916.353589566017,134201.5338854263,1661,21,393.3157894736842,37,1,19,33.56738080011368,0.6413288288288288,42.81798245614035,1028.7280701754387,27.80346135609294,0
3206,4,0,0,38,0.0,0.0,1.0,38,800,500,300,0.625,11,5,6,359.96988254672027,0.39540362731152207,0.1322008522400091,0.21702669699716526,132426.9793442092,1933.9929318309244,134360.97227604012,1662,22,394.3157894736842,36,2,19,33.41744164843182,0.6446759259259259,42.68018018018019,1029.2792792792802,28.591091091091116,0
3207,4,0,0,38,0.0,0.0,1.0,38,900,500,400,0.5555555555555556,13,5,8,363.38583677528743,0.3954777145566619,0.12444821731748701,0.21993140154268745,132571.90626014545,2034.9506178475951,134606.85687799304,1663,23,395.3157894736842,36,2,19,33.18366138144705,0.6461226851851851,42.53941441441442,1029.8423423423437,28.60673173173177,0
3208,4,0,0,38,0.0,0.0,1.0,38,1600,1200,400,0.75,20,12,8,362.65845034714243,0.3953739924134661,0.12736147594697056,0.22029097982625082,132708.5151801517,2025.5728926208187,134734.08807277252,1664,24,396.3157894736842,37,1,16,33.0649631087936,0.6455518018018018,42.40679824561404,1030.3728070175448,27.847913703176886,0
3209,4,0,1,37,0.0,0.02631578947368421,0.9736842105263158,38,950,800,150,0.8421052631578947,11,8,3,361.9653076711058,0.3948850165955429,0.1223786405048688,0.22020141921040282,132765.01092884352,2011.265605763314,134776.27653460682,1665,25,397.3157894736842,37,1,16,33.026008972585736,0.6461148648648649,42.35197368421053,1030.5921052631581,27.853840682788057,0
3210,4,0,0,37,0.0,0.0,1.0,37,1300,900,400,0.6923076923076923,17,9,8,363.6747042334589,0.3937374874874875,0.11953762412477964,0.22198703946410378,132891.0244704167,2265.8208039120564,135156.84527432878,1666,26,393.02702702702703,36,1,16,32.855277049657786,0.6493055555555556,42.22972972972975,1031.0810810810838,28.641141141141215,0
3211,4,0,0,37,0.0,0.0,1.0,37,1000,400,600,0.4,16,4,12,359.0871710526318,0.3934872372372373,0.0483937885253678,0.2132080078125,131848.06428049668,2097.003337797255,133945.06761829392,1667,27,394.02702702702703,36,1,16,34.0234375,0.6388888888888888,43.24324324324324,1027.0270270270266,28.52852852852852,8
3212,4,0,0,37,0.0,0.0,1.0,37,1150,900,250,0.782608695652174,14,9,5,359.11962453505953,0.39329954954954954,0.047653617876181276,0.21338958276119072,131876.97991488106,2071.922302369931,133948.902217251,1668,28,395.02702702702703,36,1,17,33.993440046778495,0.6391782407407407,43.21509009009009,1027.1396396396392,28.531656656656644,0
3213,4,0,0,37,0.0,0.0,1.0,37,850,500,350,0.5882352941176471,12,5,7,357.8464743441283,0.39386261261261263,0.04368046257568392,0.21311953210938805,131963.745840435,2044.552238048852,134008.29807848384,1669,29,396.02702702702703,36,1,17,33.93865081104777,0.6400462962962963,43.13063063063063,1027.4774774774771,28.54104104104103,0
3214,4,0,0,37,0.0,0.0,1.0,37,1150,900,250,0.782608695652174,14,9,5,359.26995091499714,0.3933308308308308,0.032375601973674506,0.21511435552818625,132166.31063073213,2096.676786583883,134262.987417316,1670,30,397.02702702702703,36,1,19,33.697933778702584,0.6420717592592593,42.93355855855856,1028.2657657657662,28.56293793793795,0
3215,4,0,1,36,0.0,0.02702702702702703,0.972972972972973,37,1100,800,300,0.7272727272727273,14,8,6,362.4474663462567,0.3934872372372373,0.03897855824300622,0.21785000345653976,132311.09487866252,2191.164221654092,134502.25910031662,1671,31,398.02702702702703,36,1,19,33.47038273496787,0.6435185185185186,42.792792792792795,1028.8288288288295,28.578578578578597,0
3216,4,0,0,36,0.0,0.0,1.0,36,1150,900,250,0.782608695652174,14,9,5,370.1438597169044,0.39214616402116403,0.046242105921340926,0.22176184717361383,132189.6316256215,2585.8360928926545,134775.46771851415,1672,32,408.5833333333333,35,1,19,33.39488369911837,0.6443452380952381,42.910879629629626,1028.3564814814808,29.38161375661374,0
3217,4,0,0,36,0.0,0.0,1.0,36,700,400,300,0.5714285714285714,10,4,6,370.18036262059417,0.39168320105820104,0.04748378145273202,0.2224836540456022,132308.68115837174,2595.615113811708,134904.29627218345,1673,33,409.5833333333333,35,1,19,33.27392001349983,0.6455357142857143,42.79513888888888,1028.819444444443,29.394841269841226,0
3218,4,1,0,37,0.02702702702702703,0.0,1.0,37,650,400,250,0.6153846153846154,9,4,5,362.98479618319215,0.3934872372372373,0.053610842722026986,0.22002796094682947,132629.8992193206,2228.5273871844765,134858.42660650506,1674,0,399.4864864864865,36,1,14,33.13563645639737,0.6467013888888888,42.483108108108105,1030.067567567567,28.612987987987974,0
3219,4,0,0,37,0.0,0.0,1.0,37,1100,1000,100,0.9090909090909091,12,10,2,363.52906588284606,0.3937062062062062,0.05191528833456904,0.22069856826557133,132687.9048600966,2247.182021548575,134935.08688164517,1675,1,400.4864864864865,36,1,15,33.06326738805698,0.6472800925925926,42.4268018018018,1030.2927927927929,28.619244244244246,0
3220,4,0,0,37,0.0,0.0,1.0,37,1250,1000,250,0.8,15,10,5,385.50293614095455,0.39361236236236236,0.11029490313377788,0.22436375214374096,131084.19075963713,2732.640001764028,133816.83076140116,1676,2,401.4864864864865,34,3,17,34.11876114081996,0.6354166666666667,43.988095238095234,1024.0476190476186,30.119047619047606,8
3221,4,0,1,36,0.0,0.02702702702702703,0.972972972972973,37,550,100,450,0.18181818181818182,10,1,9,384.1171794507694,0.39408158158158163,0.11040747860831557,0.2239122094847169,131145.15306122453,2675.021258503405,133820.17431972793,1677,3,402.4864864864865,34,3,17,34.0924279404928,0.6360294117647058,43.92857142857143,1024.2857142857147,30.126050420168077,0
3222,4,0,1,35,0.0,0.027777777777777776,0.9722222222222222,36,800,500,300,0.625,11,5,6,392.238044000824,0.395353835978836,0.11266613503455636,0.2289881318328835,131202.5422914265,3092.5257112649183,134295.06800269143,1678,4,403.27777777777777,33,3,17,33.82625598086125,0.6388888888888888,43.87254901960785,1024.5098039215698,31.045751633986963,0
3223,4,0,0,35,0.0,0.0,1.0,35,1150,800,350,0.6956521739130435,15,8,7,398.4917537853639,0.39747899159663863,0.11289834149089728,0.23261597771326936,131198.73769258245,3456.3230155086294,134655.06070809107,1679,5,402.74285714285713,32,3,17,33.66994289705036,0.6412760416666667,43.87626262626263,1024.49494949495,32.01546717171719,0
3224,4,0,0,35,0.0,0.0,1.0,35,700,300,400,0.42857142857142855,11,3,8,383.68626644736815,0.3964285714285714,0.12011278195488706,0.20828683035714293,128355.55555555565,2849.652777777788,131205.20833333343,1680,6,403.74285714285713,34,1,18,36.946614583333336,0.607843137254902,46.66666666666667,1013.3333333333342,29.803921568627477,8
3225,4,1,0,36,0.027777777777777776,0.0,1.0,36,900,800,100,0.8888888888888888,10,8,2,373.19379851498314,0.39948743386243385,0.11687200547570176,0.20420829199640078,128672.41753472218,2403.949652777774,131076.36718749994,1681,0,393.5,35,1,16,36.88826146475017,0.6089285714285715,46.354166666666664,1014.5833333333329,28.988095238095227,0
3226,4,0,0,36,0.0,0.0,1.0,36,1450,1200,250,0.8275862068965517,17,12,5,378.30793055421,0.3993716931216931,0.11578137467229044,0.2080812209875912,128877.99968117691,2551.113870670417,131429.11355184732,1682,1,394.5,35,1,16,36.54833485314791,0.6110119047619047,46.15162037037036,1015.3935185185168,29.011243386243336,0
3227,4,0,0,36,0.0,0.0,1.0,36,900,500,400,0.5555555555555556,13,5,8,380.7181758922291,0.39877645502645503,0.12623875156623776,0.21034140126858866,129054.34355977771,2626.6668542095053,131681.0104139872,1683,2,395.5,35,1,17,36.30693036412652,0.612797619047619,45.978009259259245,1016.087962962961,29.0310846560846,0
3228,4,0,0,36,0.0,0.0,1.0,36,1300,1000,300,0.7692307692307693,16,10,6,378.26227961263834,0.3989914021164021,0.12417444773400188,0.20945140854717426,129142.56071030496,2569.9518818586794,131712.51259216364,1684,3,396.5,35,1,18,36.279226448037626,0.6136904761904762,45.89120370370369,1016.4351851851832,29.041005291005234,0
3229,4,1,1,36,0.02702702702702703,0.02702702702702703,0.972972972972973,37,1000,700,300,0.7,13,7,6,368.47129618206986,0.4049674674674675,0.1206748149423309,0.2055583525401494,129436.8355624141,2138.7651105966847,131575.60067301078,1685,0,386.7567567567568,35,2,12,36.2280103124052,0.6166666666666667,45.60185185185184,1017.5925925925912,29.074074074074037,0
3230,4,0,0,36,0.0,0.0,1.0,36,450,200,250,0.4444444444444444,7,2,5,376.1309729084436,0.39897486772486773,0.12123961137773653,0.2090622577460526,129292.17864229002,2526.158588435348,131818.33723072536,1686,5,398.5,34,2,18,36.18069374536657,0.6173406862745099,45.744047619047606,1017.0238095238076,29.91246498599434,0
3231,4,0,0,36,0.0,0.0,1.0,36,800,700,100,0.875,9,7,2,375.8501925261967,0.3987599206349206,0.12317285684561008,0.20906666959269649,129322.4489795916,2521.173469387729,131843.62244897932,1687,6,399.5,34,2,19,36.156952247191015,0.6176470588235294,45.7142857142857,1017.1428571428552,29.915966386554565,0
3232,4,0,0,36,0.0,0.0,1.0,36,800,600,200,0.75,10,6,4,376.23074892465183,0.39897486772486773,0.12396788245237667,0.2094392019258075,129352.72285997709,2533.2943594104036,131886.0172193875,1688,7,400.5,34,2,19,36.11639360249659,0.617953431372549,45.684523809523796,1017.2619047619029,29.91946778711479,0
3233,4,1,1,36,0.02702702702702703,0.02702702702702703,0.972972972972973,37,750,500,250,0.6666666666666666,10,5,5,368.1487603305789,0.4007444944944945,0.12857493857493907,0.20661410018552864,129672.49657064451,2147.7537722907873,131820.2503429353,1689,0,390.64864864864865,35,2,13,35.99621212121214,0.6190476190476191,45.37037037037036,1018.5185185185168,29.10052910052905,0
3234,4,1,0,37,0.02702702702702703,0.0,1.0,37,350,200,150,0.5714285714285714,5,2,3,362.7139214673248,0.4038413413413413,0.13126361321594038,0.20510331502741505,129967.37423911157,2028.1951946158836,131995.56943372745,1690,0,379.2972972972973,35,2,14,35.83475217555807,0.6220238095238095,45.081018518518505,1019.675925925924,29.13359788359783,0
3235,4,0,0,37,0.0,0.0,1.0,37,650,300,350,0.46153846153846156,10,3,7,364.28369187394975,0.4035910910910911,0.13073795374680341,0.20661495882734798,130085.41907793187,2077.599344135774,132163.01842206766,1691,1,380.2972972972973,35,2,14,35.67477876106192,0.6232142857142857,44.965277777777764,1020.1388888888871,29.146825396825346,0
3236,4,0,2,35,0.0,0.05405405405405406,0.9459459459459459,37,1100,900,200,0.8181818181818182,13,9,4,363.8613559995384,0.4037474974974975,0.13372233782711174,0.20715902508456574,130233.05047850193,2077.3548686127883,132310.40534711472,1692,2,381.2972972972973,35,2,15,35.53560966851872,0.624702380952381,44.82060185185183,1020.7175925925902,29.16335978835972,0
3237,4,0,0,35,0.0,0.0,1.0,35,1000,700,300,0.7,13,7,6,382.7168854103349,0.39828431372549017,0.13744357288752407,0.21683816455209085,130043.7500750912,2953.987799163772,132997.73787425496,1693,3,402.0571428571429,33,2,17,35.24708138091234,0.627209595959596,45.00612745098039,1019.9754901960775,30.908348187759927,0
3238,4,0,0,35,0.0,0.0,1.0,35,950,700,250,0.7368421052631579,12,7,5,378.27819424890555,0.3986344537815126,0.10282519716481953,0.21739602247798542,130597.00255102034,2880.3996598639333,133477.40221088426,1694,4,403.0571428571429,34,1,15,34.79792685767527,0.6305147058823529,44.46428571428571,1022.1428571428567,30.06302521008402,8
3239,4,0,0,35,0.0,0.0,1.0,35,850,500,350,0.5882352941176471,12,5,7,384.1802178924524,0.39835434173669465,0.13151275851872457,0.19982724063019078,126629.0477971213,2760.9817241847704,129390.02952130607,1695,5,404.0571428571429,33,2,18,38.7093378383863,0.5924873737373737,48.37622549019608,1006.4950980392157,30.499851455733808,8
3240,4,0,0,35,0.0,0.0,1.0,35,950,700,250,0.7368421052631579,12,7,5,383.1569765403676,0.39894957983193274,0.12834715485317916,0.19989846833220323,126752.42282115048,2713.2150194636615,129465.63784061414,1696,6,405.0571428571429,33,2,19,38.60784045271997,0.59375,48.25367647058823,1006.9852941176467,30.51470588235293,0
3241,4,3,0,38,0.07894736842105263,0.0,1.0,38,350,100,250,0.2857142857142857,6,1,5,358.3707141701201,0.40980618776671407,0.14660377599346397,0.1911465012320059,127648.68830497887,1550.4732254421415,129199.16153042101,1697,0,374.0,33,5,19,38.311504567871296,0.6029040404040404,47.365196078431374,1010.5392156862747,30.622400475341657,0
3242,4,0,0,38,0.0,0.0,1.0,38,1100,1000,100,0.9090909090909091,12,10,2,358.8902545735063,0.41025071123755336,0.15053677704137902,0.19216116096599628,127803.5359747454,1573.4887122741377,129377.02468701954,1698,1,375.0,33,5,20,38.13969518846201,0.6044823232323233,47.212009803921575,1011.1519607843146,30.640968508615593,0
3243,4,2,0,40,0.05,0.0,1.0,40,450,100,350,0.2222222222222222,8,1,7,338.66876073111746,0.4176148504273504,0.147271178474915,0.18370999506580876,128325.39859693873,692.4150450621387,129017.81364200087,1699,0,357.2,34,6,22,38.117827908980544,0.6075367647058824,46.69642857142857,1013.2142857142853,29.800420168067216,0
3244,4,1,2,39,0.024390243902439025,0.04878048780487805,0.9512195121951219,41,1250,800,450,0.64,17,8,9,334.4014228205673,0.4211382113821138,0.14821100190014103,0.1831166317219182,128701.7763658478,407.6114272547859,129109.38779310259,1700,0,349.4634146341463,35,6,19,37.842311128854405,0.6092261904761904,46.325231481481474,1014.6990740740732,28.991402116402092,0
3245,4,1,0,40,0.025,0.0,1.0,40,1300,800,500,0.6153846153846154,18,8,10,341.1514556602155,0.42102029914529915,0.16925837320574155,0.18834135080411152,129024.94454089516,803.4095293209998,129828.35407021616,1701,0,350.525,35,5,21,37.341934381408066,0.6125,46.00694444444445,1015.9722222222231,29.027777777777803,0
3246,4,0,1,39,0.0,0.025,0.975,40,700,500,200,0.7142857142857143,9,5,4,344.2676200310292,0.4217948717948718,0.17253986332574045,0.19034443979045595,129083.74592764075,887.8707990398003,129971.61672668054,1702,1,351.525,35,5,21,37.2029233105543,0.6130952380952381,45.94907407407408,1016.2037037037048,29.034391534391567,0
3247,4,4,2,41,0.09302325581395349,0.046511627906976744,0.9534883720930233,43,1550,1200,350,0.7741935483870968,19,12,7,321.4911476076149,0.4288252122554448,0.1730082379070499,0.18114022782215217,129826.69850107734,-252.37314175617655,129574.32535932116,1703,0,327.7906976744186,38,5,19,37.028034035713034,0.6148574561403508,45.21901709401708,1019.1239316239303,26.819050832208692,0
3248,4,1,0,42,0.023809523809523808,0.0,1.0,42,1050,900,150,0.8571428571428571,12,9,3,330.53210803121897,0.4253411730545877,0.1849619744583153,0.18591430676913348,129759.3730763311,177.9278239458178,129937.30090027692,1704,0,336.57142857142856,37,5,20,36.86594202898551,0.615990990990991,45.28508771929824,1018.8596491228064,27.536747273589363,0
3249,4,1,0,43,0.023255813953488372,0.0,1.0,43,1300,1000,300,0.7692307692307693,16,10,6,324.0612371513206,0.4277408637873754,0.18988291376641575,0.18413595586626103,130156.27170138899,-164.27951388888397,129991.9921875001,1705,0,329.72093023255815,39,4,22,36.62889614808764,0.6164529914529915,44.895833333333336,1020.4166666666675,26.164529914529936,0
3250,4,0,1,42,0.0,0.023255813953488372,0.9767441860465116,43,900,700,200,0.7777777777777778,11,7,4,322.89687907197106,0.4273717238833518,0.18578067664497278,0.1837249489632504,130209.423828125,-191.15668402777726,130018.26714409722,1706,1,330.72093023255815,39,4,22,36.604834319929246,0.6169871794871795,44.84375,1020.625,26.169871794871796,0
3251,4,0,0,42,0.0,0.0,1.0,42,1550,1100,450,0.7096774193548387,20,11,9,330.3124447614957,0.4236837011227255,0.18791876046901135,0.1878062185929649,130180.80210387912,200.06780078896355,130380.86990466808,1707,2,339.45238095238096,38,4,22,36.444592755443885,0.618421052631579,44.871794871794876,1020.5128205128212,26.855600539811086,0
3252,4,0,0,42,0.0,0.0,1.0,42,1350,1300,50,0.9629629629629629,14,13,1,334.30190057362296,0.4234417344173442,0.19464177035866448,0.19061145108640587,130290.57167830509,311.30282989329424,130601.87450819838,1708,3,340.45238095238096,37,5,22,36.23167490065514,0.6213400900900901,44.764254385964925,1020.9429824561422,27.593053579895734,0
3253,4,0,0,42,0.0,0.0,1.0,42,1000,800,200,0.8,12,8,4,300.9466883774081,0.42311507936507936,0.06512737420109826,0.1675797875280512,129364.36760355011,-613.6443951348012,128750.72320841531,1709,4,341.45238095238096,38,4,20,38.019192396555354,0.6101973684210527,45.67307692307691,1017.3076923076908,26.771255060728706,8
3254,4,0,3,39,0.0,0.07142857142857142,0.9285714285714286,42,900,600,300,0.6666666666666666,12,6,6,301.96044331811834,0.4228489159891599,0.058999853779792444,0.16858020178388633,129466.2814670137,-581.2608506944653,128885.02061631923,1710,5,342.45238095238096,39,3,16,37.890225179119746,0.6095085470085471,45.57291666666666,1017.7083333333318,26.09508547008543,0
3255,4,0,0,39,0.0,0.0,1.0,39,1350,900,450,0.6666666666666666,18,9,9,320.1282811829839,0.416751012145749,0.06835146177411788,0.17791252353006315,129287.27027280645,477.702322254676,129764.97259506112,1711,6,369.1025641025641,36,3,21,37.609576274314406,0.6131365740740741,45.74887387387387,1017.0045045045033,28.25012512512509,0
3256,4,0,0,39,0.0,0.0,1.0,39,1450,1000,450,0.6896551724137931,19,10,9,323.89211358766204,0.4159356725146199,0.06967207299249356,0.1805283927368617,129401.82317029878,582.4460017450016,129984.26917204379,1712,7,370.1025641025641,36,3,21,37.397620365246254,0.6142939814814814,45.63626126126127,1017.4549549549558,28.262637637637663,0
3257,4,0,0,39,0.0,0.0,1.0,39,1100,800,300,0.7272727272727273,14,8,6,327.70435871145986,0.41573886639676116,0.060305836743484775,0.18353815892609263,129591.851579332,693.5629232071294,130285.41450253912,1713,8,371.1025641025641,37,2,18,37.10783257951038,0.6143018018018018,45.44956140350877,1018.201754385964,27.518966334755785,0
3258,4,1,0,40,0.025,0.0,1.0,40,1000,600,400,0.6,14,6,8,321.11340421136765,0.41781517094017095,0.0717689568496025,0.18206596101010317,130071.79578493677,353.55942727737244,130425.35521221414,1714,0,362.8,38,2,21,36.78955453149002,0.6173245614035088,44.97863247863248,1020.0854700854698,26.844354475933415,0
3259,4,0,0,40,0.0,0.0,1.0,40,800,500,300,0.625,11,5,6,325.6447911668897,0.4171474358974359,0.07113693467336701,0.18515232412060295,130180.80210387897,478.54002301117015,130659.34212689014,1715,1,363.8,38,2,21,36.563677763819086,0.618421052631579,44.87179487179487,1020.5128205128201,26.855600539811054,0
3260,4,1,1,40,0.024390243902439025,0.024390243902439025,0.975609756097561,41,700,400,300,0.5714285714285714,10,4,6,327.63849359003734,0.42009654471544716,0.01545318556309594,0.18879157267611354,130699.20562358458,383.16611421579165,131082.37173780036,1716,0,355.9024390243902,38,3,15,35.98870720579529,0.6236293859649122,44.36431623931624,1022.5427350427346,26.909019343229858,8
3261,4,0,0,40,0.0,0.0,1.0,40,550,300,250,0.5454545454545454,8,3,5,338.2073886522606,0.4166132478632478,0.013901405428601965,0.19423481636646459,130570.58572108719,831.9873663050047,131402.5730873922,1717,3,365.8,37,3,15,35.84859904159066,0.6241554054054055,44.49013157894736,1022.0394736842101,27.622688477951623,0
3262,4,0,0,40,0.0,0.0,1.0,40,1150,900,250,0.782608695652174,14,9,5,339.9832842529212,0.4170272435897436,0.016625562942311767,0.1959631711336673,130710.70545744816,887.8909856878729,131598.59644313602,1718,4,366.8,37,3,15,35.66150189434555,0.6255630630630631,44.35307017543858,1022.5877192982433,27.63750592697955,0
3263,4,0,1,39,0.0,0.025,0.975,40,1750,1300,450,0.7428571428571429,22,13,9,338.7708371315791,0.4170272435897436,0.023542961217056124,0.19640291886870534,130935.05333371794,871.3955255463072,131806.44885926423,1719,5,367.8,37,3,16,35.465770302121285,0.6278153153153153,44.133771929824555,1023.4649122807007,27.661213845424342,0
3264,4,0,0,39,0.0,0.0,1.0,39,1200,900,300,0.75,15,9,6,356.5999074624892,0.41340530814215026,-0.10110485720241813,0.20886566008517227,131328.125,1742.9362880886415,133071.06128808865,1720,6,377.71794871794873,36,3,18,34.612127371273715,0.6336805555555556,43.75,1025.0,28.47222222222222,8
3265,4,0,1,38,0.0,0.02564102564102564,0.9743589743589743,39,1300,1100,200,0.8461538461538461,15,11,4,357.06270790110506,0.41230881691408006,-0.1007685834817873,0.21056299881469087,131587.96623904337,1597.031110502422,133184.9973495458,1721,7,378.71794871794873,36,3,13,34.33784253466505,0.6362847222222222,43.496621621621635,1026.0135135135156,28.500375375375434,0
3266,4,0,0,38,0.0,0.0,1.0,38,1300,900,400,0.6923076923076923,17,9,8,358.206720228825,0.4097765528686581,-0.07754439851273609,0.21203977023415388,131732.43344696058,1837.4885865595502,133569.92203352012,1722,8,389.2631578947368,36,2,15,34.16269014187509,0.6377314814814814,43.355855855855864,1026.5765765765775,28.516016016016042,0
3267,4,1,1,38,0.02564102564102564,0.02564102564102564,0.9743589743589743,39,1350,1100,250,0.8148148148148148,16,11,5,352.8618666666663,0.41225258659469183,-0.08059076923076891,0.21084002549394523,132087.8554579296,1521.7534481763876,133609.608906106,1723,0,380.2564102564103,37,2,17,33.94166666666667,0.6393581081081081,43.009868421052644,1027.9605263157914,27.782716927453823,0
3268,4,1,1,38,0.02564102564102564,0.02564102564102564,0.9743589743589743,39,1000,600,400,0.6,14,6,8,357.3489753129942,0.41388326585695007,-0.07038916534813366,0.21479855447545326,132313.38158135198,1656.4102656586642,133969.79184701064,1724,0,380.35897435897436,37,2,19,33.59921755657393,0.6416103603603603,42.790570175438596,1028.8377192982457,27.806424845898533,0
3269,4,0,0,38,0.0,0.0,1.0,38,1300,1000,300,0.7692307692307693,16,10,6,358.9311067510303,0.4125622332859175,-0.08160832152607378,0.21606801406396037,132369.0307706357,1902.2725428131075,134271.3033134488,1725,1,374.94736842105266,36,2,19,33.502498723280084,0.6440972222222222,42.7364864864865,1029.0540540540558,28.584834834834883,0
3270,4,0,1,37,0.0,0.02631578947368421,0.9736842105263158,38,750,500,250,0.6666666666666666,10,5,5,377.8312802112349,0.4118954480796586,-0.04124006124670243,0.21261393342064164,129776.92920918361,2251.1042180142003,132028.0334271978,1726,2,375.94736842105266,34,4,16,35.6432799781906,0.6222426470588236,45.26785714285714,1018.9285714285709,29.968487394957968,8
3271,4,0,0,37,0.0,0.0,1.0,37,850,600,250,0.7058823529411765,11,6,5,382.80687333686865,0.40872122122122123,-0.02974078121738266,0.21548796118016575,129790.40745027442,2536.932013031556,132327.33946330598,1727,3,387.02702702702703,35,2,16,35.50280175677723,0.6202380952380953,45.25462962962963,1018.981481481482,29.113756613756628,0
3272,4,0,0,37,0.0,0.0,1.0,37,950,800,150,0.8421052631578947,11,8,3,380.0409864457102,0.4081894394394394,-0.026431609897428654,0.2142535804507635,129849.3829839679,2469.6175197188068,132319.0005036867,1728,4,388.02702702702703,35,2,16,35.513191763191756,0.6208333333333333,45.19675925925927,1019.2129629629641,29.120370370370402,0
3273,4,0,0,37,0.0,0.0,1.0,37,850,700,150,0.8235294117647058,10,7,3,382.17178503790535,0.40790790790790793,-0.0189302709452559,0.21594299258492047,129937.87140185625,2531.7176515346478,132469.5890533909,1729,5,389.02702702702703,35,2,16,35.36877530555871,0.6217261904761905,45.10995370370371,1019.560185185186,29.130291005291028,0
3274,4,0,0,37,0.0,0.0,1.0,37,1200,900,300,0.75,15,9,6,357.8170968453535,0.4067817817817818,0.022017092717057762,0.1967647981298531,128868.76594387765,1852.7585587347207,130721.52450261237,1730,6,390.02702702702703,34,3,20,37.07791065775589,0.6130514705882353,46.16071428571429,1015.3571428571436,29.863445378151283,8
3275,4,1,0,38,0.02631578947368421,0.0,1.0,38,1050,900,150,0.8571428571428571,12,9,3,347.5115555341039,0.4109026789947843,0.02509361052032477,0.19285464405351252,129230.80800165044,1381.839822316538,130612.64782396698,1731,0,380.7368421052632,35,3,21,36.97080724720166,0.6145833333333333,45.80439814814815,1016.782407407408,29.05092592592594,0
3276,4,4,1,41,0.09523809523809523,0.023809523809523808,0.9761904761904762,42,1150,1000,150,0.8695652173913043,13,10,3,320.3244651156999,0.42323606271777003,0.0744953473228731,0.18291575879528768,130348.82010388773,-36.909283708905264,130311.91082017882,1732,0,345.3809523809524,36,6,21,36.52955447728277,0.6238425925925926,44.70720720720721,1021.1711711711716,28.365865865865878,0
3277,4,0,0,41,0.0,0.0,1.0,41,1350,1000,350,0.7407407407407407,17,10,7,329.24711226038943,0.4194867886178862,0.07737213364880735,0.18816557762860606,130380.7656035666,385.49811385460725,130766.26371742121,1733,1,354.780487804878,35,6,22,36.26945451798128,0.6261904761904762,44.67592592592593,1021.2962962962969,29.179894179894195,0
3278,4,0,0,41,0.0,0.0,1.0,41,950,500,450,0.5263157894736842,14,5,9,329.4935749537026,0.4195121951219512,0.0733615955138942,0.1888499813995544,130492.60567577723,399.2950298271395,130891.90070560438,1734,2,355.780487804878,36,5,15,36.15006980418093,0.6252893518518519,44.56644144144145,1021.734234234235,28.38150650650653,0
3279,4,1,1,41,0.023809523809523808,0.023809523809523808,0.9761904761904762,42,1600,1200,400,0.75,20,12,8,321.5119554027544,0.4231029810298103,0.07440930570701587,0.1863631245918621,130928.03955078137,18.986002604182488,130947.02555338555,1735,0,348.2857142857143,39,3,18,35.91444020356235,0.624198717948718,44.14062500000001,1023.4375000000009,26.241987179487204,0
3280,4,0,1,40,0.0,0.024390243902439025,0.975609756097561,41,1150,800,350,0.6956521739130435,15,8,7,327.1919819401554,0.4202489837398374,0.07315035130714764,0.18893462214083528,130781.15297866904,358.10892870187865,131139.2619073709,1736,1,357.7073170731707,38,3,18,35.917371701135,0.6244517543859649,44.284188034188034,1022.8632478632481,26.91745389113811,0
3281,4,0,0,40,0.0,0.0,1.0,40,750,500,250,0.6666666666666666,10,5,5,328.6811470893493,0.4186832264957265,0.08094727818259795,0.1902762074837348,130878.94833025528,603.4885734071854,131482.43690366246,1737,2,365.25,37,3,18,35.78055793684812,0.6272522522522522,44.18859649122806,1023.2456140350863,27.655286865813142,0
3282,4,1,0,41,0.024390243902439025,0.0,1.0,41,1000,800,200,0.8,12,8,4,325.8381993049669,0.41996951219512196,0.09199173005180183,0.19043962032504194,131246.00643080214,352.992480276133,131598.99891107826,1738,0,357.3170731707317,38,3,20,35.483135230945685,0.6291118421052632,43.830128205128204,1024.6794871794873,26.96524966261809,0
3283,4,0,0,41,0.0,0.0,1.0,41,1400,800,600,0.5714285714285714,20,8,12,327.44263415319625,0.4189024390243902,0.09097118977779539,0.19222212662571597,131414.7102127467,406.2071399422116,131820.9173526889,1739,1,358.3170731707317,36,5,21,35.27205747757642,0.6345486111111112,43.66554054054055,1025.337837837839,28.48160660660664,0
3284,4,1,0,42,0.023809523809523808,0.0,1.0,42,1000,600,400,0.6,14,6,8,338.3226524153335,0.4211793457220287,-0.018009613483947584,0.20338483493038625,132317.61203342004,569.1910799365578,132886.80311335658,1740,0,350.76190476190476,39,3,22,34.08434156795249,0.6380876068376069,42.78645833333333,1028.8541666666658,26.380876068376047,8
3285,4,0,0,42,0.0,0.0,1.0,42,900,600,300,0.6666666666666666,12,6,6,336.1799078824433,0.4216511807975223,-0.013784461152882121,0.20252789572430144,132398.00347222234,501.95855034722854,132899.96202256955,1741,1,351.76190476190476,37,5,22,34.05870445344129,0.642454954954955,42.708333333333336,1029.1666666666674,27.815315315315335,0
3286,4,0,1,41,0.0,0.023809523809523808,0.9761904761904762,42,1050,700,350,0.6666666666666666,14,7,7,336.6513998916841,0.4208163956639566,-0.0038735560628073706,0.20355371343513473,132535.4812714587,523.6510610709171,133059.1323325296,1742,2,352.76190476190476,38,4,22,33.90853046966867,0.6419956140350878,42.57478632478632,1029.7008547008536,27.09739091318036,0
3287,4,0,1,40,0.0,0.024390243902439025,0.975609756097561,41,1350,1200,150,0.8888888888888888,15,12,3,343.1790203604793,0.4169461382113821,0.006054720968755145,0.20798862692040887,132623.79410010754,902.7407471529491,133526.53484726048,1743,3,362.1951219512195,37,4,23,33.65179902065147,0.6447072072072072,42.48903508771929,1030.0438596491213,27.839023233760035,0
3288,4,0,0,40,0.0,0.0,1.0,40,1500,1100,400,0.7333333333333333,19,11,8,346.94520588850094,0.41467681623931624,0.015098360655737997,0.21079340198404914,132716.91243608453,1209.099302004688,133926.0117380892,1744,4,371.1,36,4,18,33.46129326047358,0.6475694444444444,42.39864864864864,1030.4054054054038,28.62237237237233,0
3289,4,0,0,40,0.0,0.0,1.0,40,1050,600,450,0.5714285714285714,15,6,9,345.22492811874884,0.4144497863247863,0.01311864962307463,0.21023577957890247,132803.9541864498,1169.447107580534,133973.4012940303,1745,5,372.1,36,4,18,33.418232637750826,0.6484375,42.31418918918918,1030.7432432432417,28.631756756756715,0
3290,4,0,1,39,0.0,0.025,0.975,40,900,600,300,0.6666666666666666,12,6,6,346.0380729459815,0.4140625,0.012958715596330661,0.21122163972622682,132891.02447041616,1197.0708039119995,134088.09527432817,1746,6,373.1,36,4,19,33.30989697102083,0.6493055555555556,42.22972972972972,1031.0810810810794,28.641141141141095,0
3291,4,0,1,38,0.0,0.02564102564102564,0.9743589743589743,39,800,500,300,0.625,11,5,6,351.7935132420662,0.4108749437696806,0.026259817931161722,0.21481346192416487,132904.7325772675,1551.0045599708324,134455.73713723835,1747,7,383.1025641025641,35,4,20,33.14777659295842,0.6514880952380953,42.216435185185176,1031.134259259258,29.4609788359788,0
3292,4,0,0,38,0.0,0.0,1.0,38,1000,700,300,0.7,13,7,6,357.0600028746583,0.4061759127548601,0.024153090709258862,0.2176819606847762,132845.06715374222,1886.7320119598662,134731.79916570208,1748,8,393.7894736842105,35,3,20,33.07195183563488,0.6508928571428572,42.27430555555555,1030.9027777777771,29.45436507936506,0
3293,4,0,0,38,0.0,0.0,1.0,38,1000,800,200,0.8,12,8,4,357.9634731149883,0.4064426268373637,0.02163742690058501,0.21875545579249286,132934.5703125,1917.1440972222235,134851.71440972222,1749,9,394.7894736842105,35,3,20,32.95875420875421,0.6517857142857143,42.1875,1031.25,29.464285714285715,0
3294,4,0,0,38,0.0,0.0,1.0,38,1050,800,250,0.7619047619047619,13,8,5,356.8241458070898,0.4066056187766714,0.024650569540646705,0.21858237880265227,133024.10361207565,1893.2424286265414,134917.3460407022,1750,10,395.7894736842105,35,3,22,32.898224503534145,0.6526785714285714,42.10069444444444,1031.5972222222224,29.474206349206355,0
3295,4,0,1,37,0.0,0.02631578947368421,0.9736842105263158,38,500,200,300,0.4,8,2,6,355.4474539423886,0.4066648885727833,0.025087679935760443,0.21791324652286453,133053.9547432269,1858.7378900891506,134912.69263331607,1751,11,396.7894736842105,35,3,22,32.903765612145705,0.6529761904761905,42.07175925925925,1031.712962962962,29.477513227513196,0
3296,4,0,0,37,0.0,0.0,1.0,37,750,500,250,0.6666666666666666,10,5,5,358.5345811598023,0.4057182182182182,0.03856328578831092,0.220688055856748,133203.26063368062,2151.5950520833385,135354.85568576396,1752,12,400.8378378378378,35,2,23,32.67427682475612,0.6544642857142857,41.927083333333336,1032.2916666666672,29.494047619047635,0
3297,4,0,0,37,0.0,0.0,1.0,37,850,400,450,0.47058823529411764,13,4,9,357.7661556545567,0.4041228728728729,0.04273411097786939,0.2212939275670434,133384.9617142483,2144.1249949273843,135529.08670917567,1753,13,401.8378378378378,36,1,23,32.5118554453287,0.654224537037037,41.75112612612614,1032.9954954954974,28.694319319319373,0
3298,4,0,0,37,0.0,0.0,1.0,37,1250,900,350,0.72,16,9,7,358.6199225567615,0.4030905905905906,0.05123406546218989,0.22272462642442764,133535.54672481745,2177.7870858092806,135713.33381062673,1754,14,402.8378378378378,33,4,23,32.33884673148368,0.6622474747474747,41.60539215686275,1033.5784313725496,31.320558526440898,0
3299,4,0,0,37,0.0,0.0,1.0,37,800,600,200,0.75,10,6,4,367.8790717542058,0.40302802802802806,0.017433762656692275,0.2198363864773401,132091.88102324255,2335.1226029627364,134427.0036262053,1755,15,403.8378378378378,34,3,20,33.55167921250723,0.6455269607843137,43.00595238095237,1027.9761904761897,30.23459383753499,8
3300,4,0,0,37,0.0,0.0,1.0,37,900,800,100,0.8888888888888888,10,8,2,368.5017711454616,0.40287162162162166,0.013461881471607429,0.22056478152344774,132153.0771683673,2339.7285997732392,134492.80576814053,1756,16,404.8378378378378,34,3,20,33.473958936359075,0.6461397058823529,42.94642857142857,1028.2142857142853,30.24159663865545,0
3301,4,0,0,37,0.0,0.0,1.0,37,950,600,350,0.631578947368421,13,6,7,354.9239206993842,0.4023711211211211,-0.04247550812436285,0.2139938785472018,132428.63520408154,2021.9742063491967,134450.60941043074,1757,17,405.8378378378378,34,3,19,33.54561839771764,0.6488970588235294,42.67857142857142,1029.2857142857135,30.27310924369746,8
3302,4,0,0,37,0.0,0.0,1.0,37,1100,700,400,0.6363636363636364,15,7,8,354.68382694613274,0.40202702702702703,-0.04360952071405344,0.21419732789316734,132489.9092970521,1998.4056122448858,134488.31490929698,1758,18,406.8378378378378,34,3,20,33.49016150169596,0.6495098039215687,42.61904761904761,1029.523809523809,30.280112044817912,0
3303,4,0,0,37,0.0,0.0,1.0,37,1350,1100,250,0.8148148148148148,16,11,5,355.39765799216934,0.4019019019019019,-0.05263568967187071,0.21515361366621774,132581.847009637,2023.8555839002006,134605.7025935372,1759,19,407.8378378378378,34,3,20,33.37932994258851,0.6504289215686274,42.52976190476189,1029.8809523809507,30.29061624649855,0
3304,4,0,0,37,0.0,0.0,1.0,37,950,800,150,0.8421052631578947,11,8,3,357.26476735763515,0.40130755755755754,-0.04945171604136511,0.21716880802301186,132735.14739229012,2084.318310657579,134819.4657029477,1760,20,408.8378378378378,34,3,15,33.177131469500914,0.6519607843137255,42.38095238095237,1030.4761904761895,30.30812324929969,0
3305,4,0,0,37,0.0,0.0,1.0,37,900,600,300,0.6666666666666666,12,6,6,358.13920429305074,0.40196446446446443,-0.04708658762712814,0.21805690793032548,132796.4923469385,2111.9260204081306,134908.41836734663,1761,21,409.8378378378378,34,3,16,33.0929487179487,0.6525735294117647,42.321428571428555,1030.7142857142835,30.315126050420105,0
3306,4,0,2,35,0.0,0.05405405405405406,0.9459459459459459,37,950,700,250,0.7368421052631579,12,7,5,356.3655015912066,0.40052552552552556,-0.041992154911674406,0.21760522643427388,132904.7325772675,2072.53233774861,134977.26491501613,1762,22,410.8378378378378,35,2,17,33.029918247465105,0.6514880952380953,42.216435185185176,1031.134259259258,29.4609788359788,0
3307,4,0,0,35,0.0,0.0,1.0,35,1100,700,400,0.6363636363636364,15,7,8,370.4083666887701,0.39509803921568626,-0.025751656191608685,0.22540769637138608,132776.64389898113,2836.315960207605,135612.95985918873,1763,25,432.1714285714286,33,2,17,32.79676971858898,0.6546717171717171,42.3406862745098,1030.6372549019604,31.231431966726074,0
3308,4,0,0,35,0.0,0.0,1.0,35,550,300,250,0.5454545454545454,8,3,5,355.9684519686715,0.39474789915966385,-0.027685088633994104,0.19507071167883208,128731.1385459534,2164.844821673527,130895.98336762693,1764,26,433.1714285714286,35,0,18,37.265244829683695,0.6095238095238096,46.2962962962963,1014.8148148148152,28.994708994709008,8
3309,4,1,0,36,0.027777777777777776,0.0,1.0,36,450,100,350,0.2222222222222222,8,1,7,347.8861188800604,0.3995866402116402,-0.023128133121481875,0.19194377238024624,129001.10995708557,1775.5390948380923,130776.64905192367,1765,0,422.1111111111111,36,0,19,37.19515574769981,0.6102430555555556,46.03040540540541,1015.8783783783792,28.218843843843867,0
3310,4,0,0,36,0.0,0.0,1.0,36,1500,1200,300,0.8,18,12,6,349.6752511043763,0.39857804232804234,-0.022175430609302937,0.19420017422269578,129260.23046339153,1839.9760586255502,131100.20652201708,1766,1,423.1111111111111,35,1,20,36.88586008043097,0.6148809523809524,45.775462962962955,1016.8981481481474,29.054232804232782,0
3311,4,0,0,36,0.0,0.0,1.0,36,550,400,150,0.7272727272727273,7,4,3,352.5212873766727,0.3984126984126984,-0.029180887372013853,0.19636642053491468,129377.95380015434,1921.6965663580227,131299.65036651236,1767,2,424.1111111111111,35,1,20,36.693686006825914,0.6160714285714286,45.65972222222222,1017.3611111111113,29.067460317460323,0
3312,4,1,0,37,0.02702702702702703,0.0,1.0,37,950,700,250,0.7368421052631579,12,7,5,351.0567293519066,0.4001814314314314,-0.0071920743818187916,0.19767967292504077,129803.15778193748,1713.654406095301,131516.81218803278,1768,0,413.6216216216216,36,1,19,36.29867020296901,0.6183449074074074,45.242117117117125,1019.0315315315327,28.306431431431463,0
3313,4,0,1,36,0.0,0.02702702702702703,0.972972972972973,37,850,300,550,0.35294117647058826,14,3,11,351.61607827918505,0.39933683683683685,-0.00795459831604406,0.198338778136123,129871.1141889813,1732.9543705755714,131604.06855955688,1769,1,414.6216216216216,37,0,19,36.21539730349973,0.6171171171171171,45.17543859649123,1019.2982456140357,27.548601232811777,0
3314,4,1,0,37,0.02702702702702703,0.0,1.0,37,700,600,100,0.8571428571428571,8,6,2,349.77633819070417,0.39961836836836834,-0.0055222444726692466,0.19772463032433796,129954.9515836605,1691.0334189366113,131645.9850025971,1770,0,415.4864864864865,37,0,20,36.17716510735922,0.6179617117117118,45.09320175438597,1019.6271929824572,27.557491702228575,0
3315,4,0,0,37,0.0,0.0,1.0,37,1200,900,300,0.75,15,9,6,348.85907095761434,0.39961836836836834,-0.008832741578388204,0.197630150916427,130038.8160299324,1673.0441097260768,131711.86013965847,1771,1,416.4864864864865,37,0,22,36.11544112377265,0.6188063063063063,45.010964912280706,1019.9561403508781,27.56638217164535,0
3316,4,0,0,37,0.0,0.0,1.0,37,1500,1300,200,0.8666666666666667,17,13,4,347.86626044125956,0.39949324324324326,0.027181134873442536,0.19608349853253507,129843.17440221972,1633.6119046244776,131476.7863068442,1772,2,417.4864864864865,37,0,15,36.339317733548505,0.6168355855855856,45.20285087719297,1019.1885964912266,27.545637743006125,8
3317,4,0,0,37,0.0,0.0,1.0,37,1150,600,550,0.5217391304347826,17,6,11,346.53336015381177,0.39905530530530525,0.027820145201634894,0.19645337291352286,130066.77685682128,1614.4954457140616,131681.27230253533,1773,3,418.4864864864865,37,0,16,36.14638199147228,0.6190878378378378,44.983552631578945,1020.0657894736838,27.569345661450914,0
3318,4,0,0,37,0.0,0.0,1.0,37,1150,800,350,0.6956521739130435,15,8,7,366.43671880336,0.3992117117117117,0.061648425284788644,0.19277757815307223,127092.013888889,1914.2361111111209,129006.25000000013,1774,4,419.4864864864865,37,0,18,38.679407713498605,0.5889639639639639,47.91666666666667,1008.3333333333344,27.25225225225228,8
3319,4,0,1,36,0.0,0.02702702702702703,0.972972972972973,37,1200,1000,200,0.8333333333333334,14,10,4,369.933818510018,0.398241991991992,0.06023234977359326,0.19529976900596668,127233.99233270445,2013.6313255823534,129247.6236582868,1775,5,420.4864864864865,36,1,19,38.445278490903014,0.5923032407407407,47.77590090090091,1008.8963963963974,28.02489989989993,0
3320,4,2,0,38,0.05263157894736842,0.0,1.0,38,1150,900,250,0.782608695652174,14,9,5,360.59460983810493,0.406857515410147,0.10044268486086239,0.19364644181410703,127922.58795975694,1625.6391389658488,129548.2270987228,1776,0,408.7631578947368,37,1,19,37.97465496061855,0.5974099099099099,47.09429824561404,1011.6228070175446,27.341156946420124,0
3321,4,1,0,39,0.02564102564102564,0.0,1.0,39,1100,900,200,0.8181818181818182,13,9,4,355.94188618514124,0.4106781376518219,0.11237397044733344,0.19263125825641136,128232.43694540902,1329.236195939574,129561.6731413486,1777,0,399.2564102564103,35,4,20,37.77532567706549,0.6044642857142857,46.78819444444445,1012.8472222222229,28.93849206349208,0
3322,4,0,0,39,0.0,0.0,1.0,39,1600,1300,300,0.8125,19,13,6,353.1572839506172,0.41020017993702207,0.11233048433048443,0.19193330649490084,128401.20525931346,1269.1641810729789,129670.36944038644,1778,1,400.2564102564103,36,3,18,37.67337962962965,0.6041666666666667,46.62162162162163,1013.5135135135142,28.153153153153173,0
3323,4,1,0,40,0.025,0.0,1.0,40,900,400,500,0.4444444444444444,14,4,10,353.67893678656907,0.41212606837606836,0.13733261339092895,0.1944814106082915,128867.17547706982,1115.5211218836512,129982.69659895347,1779,0,391.225,37,3,19,37.18457523398129,0.6069819819819819,46.16228070175438,1015.350877192982,27.441915599810326,0
3324,4,0,0,40,0.0,0.0,1.0,40,1050,500,550,0.47619047619047616,16,5,11,352.7191591554813,0.41189903846153847,0.13502313840976043,0.19452748058296504,128984.24373584625,1099.0427989626664,130083.28653480891,1780,1,392.225,38,2,20,37.089599985976726,0.606359649122807,46.047008547008545,1015.8119658119654,26.731893837156985,0
3325,4,0,1,39,0.0,0.025,0.975,40,800,500,300,0.625,11,5,6,354.6434374250651,0.4117654914529914,0.13308452481076594,0.19612606841786145,129092.79348381901,1156.3824055811156,130249.17588940013,1781,2,393.225,38,2,20,36.93010583123073,0.6074561403508771,45.94017094017094,1016.2393162393153,26.743139901034613,0
3326,4,0,0,39,0.0,0.0,1.0,39,1100,800,300,0.7272727272727273,14,8,6,352.8356568932635,0.4099190283400809,0.13503517376642815,0.19524977335783045,129117.79495854495,1311.472400161586,130429.26735870654,1782,3,400.53846153846155,37,2,20,36.95056550508864,0.6095157657657657,45.915570175438596,1016.3377192982458,27.468587008060698,0
3327,4,0,0,39,0.0,0.0,1.0,39,700,500,200,0.7142857142857143,9,5,4,351.4287794197659,0.41034075573549256,0.1372075592763764,0.1947457390317183,129173.52123970825,1279.0585805247642,130452.57982023302,1783,4,401.53846153846155,37,2,20,36.92956081688419,0.6100788288288288,45.86074561403508,1016.5570175438586,27.474513987671855,0
3328,4,0,0,39,0.0,0.0,1.0,39,900,700,200,0.7777777777777778,11,7,4,354.91247648691797,0.41031264057579847,0.14152093126572196,0.19711718947667456,129261.9118480727,1375.3420670842386,130637.25391515694,1784,5,402.53846153846155,34,5,20,36.751004838835556,0.6170343137254901,45.77380952380953,1016.904761904763,29.908963585434204,0
3329,4,0,0,39,0.0,0.0,1.0,39,1200,800,400,0.6666666666666666,16,8,8,348.6874079422025,0.4100596041385515,0.136954340775997,0.19452155397384813,129436.8355624144,1226.5989368998844,130663.43449931429,1785,6,403.53846153846155,35,4,20,36.73130876554445,0.6166666666666667,45.60185185185186,1017.5925925925936,29.074074074074105,0
3330,4,0,0,39,0.0,0.0,1.0,39,850,500,350,0.5882352941176471,12,5,7,351.00826546154417,0.4099190283400809,0.13706304305372186,0.19655122286856822,129584.09857521013,1297.017934456458,130881.11650966658,1786,7,404.53846153846155,35,4,20,36.52251240953356,0.6181547619047619,45.45717592592593,1018.1712962962969,29.090608465608483,0
3331,4,0,0,39,0.0,0.0,1.0,39,1400,1100,300,0.7857142857142857,17,11,6,361.50887275523075,0.40893499775078723,0.11433221799701965,0.19679653303064415,128466.99948827579,1520.388186942713,129987.3876752185,1787,8,405.53846153846155,35,4,19,37.394513262548976,0.606845238095238,46.556712962962955,1013.7731481481474,28.964947089947067,8
3332,4,2,1,40,0.04878048780487805,0.024390243902439025,0.975609756097561,41,1550,1200,350,0.7741935483870968,19,12,7,345.1203867605953,0.4151676829268293,0.11367727401917982,0.1908458081442239,129089.93632656173,710.3137503847008,129800.25007694642,1788,0,386.7073170731707,37,4,22,37.17495684074235,0.6092342342342343,45.942982456140335,1016.2280701754362,27.465623518255033,0
3333,4,1,0,41,0.024390243902439025,0.0,1.0,41,950,800,150,0.8421052631578947,11,8,3,341.6742871824611,0.4164380081300813,0.13473049737893006,0.19018209689972435,129348.51794249384,639.1087166629172,129987.62665915675,1789,0,386.4634146341463,35,6,23,36.99949273713354,0.6157738095238094,45.6886574074074,1017.2453703703691,29.0641534391534,0
3334,4,0,0,41,0.0,0.0,1.0,41,1450,1100,350,0.7586206896551724,18,11,7,344.14836878101755,0.41595528455284553,0.133516754771823,0.19227704924144004,129495.73072059314,713.1488983195991,130208.87961891275,1790,1,387.4634146341463,35,6,18,36.78691911151542,0.6172619047619048,45.543981481481474,1017.824074074073,29.0806878306878,0
3335,4,0,0,41,0.0,0.0,1.0,41,1300,1000,300,0.7692307692307693,16,10,6,342.92531579838766,0.41585365853658535,0.1350281169933114,0.19188111181696038,129554.63927469132,685.5131172839419,130240.15239197527,1791,2,388.4634146341463,35,6,18,36.758185538881285,0.6178571428571429,45.48611111111111,1018.0555555555553,29.08730158730158,0
3336,4,0,2,39,0.0,0.04878048780487805,0.9512195121951219,41,900,700,200,0.7777777777777778,11,7,4,340.03983676179195,0.41582825203252033,0.12822822240266496,0.1909821699642965,129701.96926708233,620.7672914523141,130322.73655853464,1792,3,389.4634146341463,35,6,18,36.68202950422302,0.6193452380952381,45.341435185185176,1018.634259259258,29.103835978835942,0
3337,4,1,0,40,0.025,0.0,1.0,40,1050,600,450,0.5714285714285714,15,6,9,348.8214343314069,0.4126736111111111,0.1301472306613698,0.1961375712883166,129746.6057256235,1051.6794217686993,130798.2851473922,1793,0,399.975,34,6,20,36.41305406247566,0.6219362745098039,45.297619047619044,1018.8095238095232,29.96498599439774,0
3338,4,2,1,41,0.047619047619047616,0.023809523809523808,0.9761904761904762,42,1650,1200,450,0.7272727272727273,21,12,9,329.6477392106186,0.4171747967479675,0.1335675425882752,0.18823965359961503,130348.8201038876,193.83877120363036,130542.65887509123,1794,0,381.8809523809524,36,6,22,36.291538009116316,0.6238425925925926,44.707207207207205,1021.1711711711706,28.36586586586585,0
3339,4,0,0,41,0.0,0.0,1.0,41,1350,1000,350,0.7407407407407407,17,10,7,339.4473068954698,0.41300813008130083,0.13612773789192723,0.1942906569818037,130439.87509645039,655.4928626542942,131095.36795910468,1795,1,391.7560975609756,35,6,22,35.94918422841603,0.6267857142857143,44.61805555555554,1021.5277777777759,29.186507936507883,0
3340,4,0,0,41,0.0,0.0,1.0,41,1450,1100,350,0.7586206896551724,18,11,7,338.4298098344345,0.41267784552845527,0.1313813772339314,0.19430007937828667,130558.13426997562,636.9529106652541,131195.08718064087,1796,2,392.7560975609756,35,6,19,35.85551151377879,0.6279761904761905,44.502314814814795,1021.9907407407377,29.199735449735364,0
3341,4,0,1,40,0.0,0.024390243902439025,0.975609756097561,41,1000,600,400,0.6,14,6,8,338.529359640832,0.41216971544715447,0.12831389183457076,0.19465438179347813,130617.28395061698,643.557098765398,131260.84104938238,1797,3,393.7560975609756,35,6,19,35.79313858695654,0.6285714285714286,44.44444444444443,1022.2222222222198,29.206349206349138,0
3342,4,0,0,40,0.0,0.0,1.0,40,1550,1300,250,0.8387096774193549,18,13,5,336.93899489384603,0.40941506410256406,0.07827868852459074,0.18684798807749614,129201.38888888867,706.5972222221981,129907.98611111088,1798,4,404.525,35,5,20,37.269467213114766,0.6142857142857143,45.83333333333332,1016.6666666666649,29.047619047618998,8
3343,4,0,0,40,0.0,0.0,1.0,40,1500,1100,400,0.7333333333333333,19,11,8,336.754068189496,0.40918803418803423,0.08394197952218474,0.18758353988502308,129377.953800154,713.7104552468827,130091.66425540089,1799,5,405.525,35,5,21,37.09470989761093,0.6160714285714286,45.65972222222221,1017.3611111111086,29.067460317460245,0
3344,4,1,0,41,0.024390243902439025,0.0,1.0,41,750,300,450,0.4,12,3,9,330.1117409085037,0.41252540650406505,0.09155846782348465,0.18534206682293058,129688.42734203776,362.3345051132,130050.76184715096,1800,0,396.609756097561,36,5,15,36.94859038142622,0.6171875,45.35472972972972,1018.5810810810792,28.293918918918866,0
3345,4,0,0,41,0.0,0.0,1.0,41,1600,800,800,0.5,24,8,16,335.37621035447876,0.4116869918699187,0.09805120469758011,0.18968342190879456,129975.3485537901,518.1279674945085,130493.47652128461,1801,1,397.609756097561,36,5,19,36.52355972759066,0.6200810185185186,45.07319819819819,1019.7072072072058,28.32520020020016,0
3346,4,0,0,41,0.0,0.0,1.0,41,700,600,100,0.8571428571428571,8,6,2,323.6001753104457,0.4110772357723577,0.07119314436387647,0.17670021379112283,128588.99493113253,122.2842605416945,128711.27919167423,1802,2,398.609756097561,37,4,16,38.231081081081086,0.6041666666666667,46.436403508771924,1014.2543859649113,27.41228070175436,7
3347,4,3,1,43,0.06818181818181818,0.022727272727272728,0.9772727272727273,44,1450,1200,250,0.8275862068965517,17,12,5,309.01970650005705,0.4230091613812544,0.10913135652319483,0.1733382484481389,129651.8676757814,-785.5488061831385,128866.31886959825,1803,0,372.3636363636364,39,5,14,37.522693566533704,0.6113782051282051,45.39062500000001,1018.4375000000011,26.11378205128208,0
3348,4,1,1,43,0.022727272727272728,0.022727272727272728,0.9772727272727273,44,1400,1000,400,0.7142857142857143,18,10,8,302.52427877965414,0.4245617512332629,0.11240002898366952,0.17145320079680335,130055.18297846844,-931.0299135765792,129124.15306489186,1804,0,364.1363636363636,40,4,16,37.28039586861944,0.6138020833333333,44.99491869918699,1020.0203252032516,25.50050813008129,0
3349,4,0,0,43,0.0,0.0,1.0,43,1550,1100,450,0.7096774193548387,20,11,9,304.8970298207085,0.42308047249907715,0.11267605633802824,0.17348322289101634,130209.42382812501,-659.9066840277774,129549.51714409723,1805,1,373.3720930232558,39,4,17,37.06411172348099,0.6169871794871795,44.84375,1020.6250000000001,26.1698717948718,0
3350,4,0,0,43,0.0,0.0,1.0,43,1400,700,700,0.5,21,7,14,305.2673317916057,0.4224806201550388,0.11350961720854302,0.1748867984936959,130475.34722222244,-634.0277777777576,129841.31944444469,1806,2,374.3720930232558,39,4,19,36.78629690048939,0.6196581196581197,44.58333333333334,1021.6666666666683,26.19658119658124,0
3351,4,0,1,42,0.0,0.023255813953488372,0.9767441860465116,43,800,600,200,0.75,10,6,4,307.23397976435035,0.4221576227390181,0.114358864945594,0.1762552831279694,130528.56445312501,-579.4379340277771,129949.12651909723,1807,3,375.3720930232558,39,4,12,36.682381923207615,0.6201923076923077,44.53125,1021.8750000000001,26.20192307692308,0
3352,4,0,0,42,0.0,0.0,1.0,42,1350,1100,250,0.8148148148148148,16,11,5,309.73124779550574,0.41984852884243123,0.12811144429241095,0.17817716681506982,130635.03146701376,-307.649739583342,130327.38172743042,1808,4,384.8809523809524,39,3,13,36.511191495143,0.6212606837606838,44.42708333333333,1022.2916666666656,26.21260683760681,0
3353,4,1,0,43,0.023255813953488372,0.0,1.0,43,1350,1000,350,0.7407407407407407,17,10,7,300.73771773731755,0.4212578442229605,0.12048704483813255,0.17483742101578037,131041.82287535533,-718.1562520655647,130323.66662328976,1809,0,376.90697674418607,40,3,14,36.33147229114972,0.6236979166666667,44.02947154471545,1023.8821138211385,25.597052845528463,0
3354,4,0,0,43,0.0,0.0,1.0,43,1500,1400,100,0.9333333333333333,16,14,2,303.75395660589163,0.42135012919896636,0.12429553177402552,0.17730999632565103,131197.94894118907,-629.6207821072147,130568.32815908185,1810,1,377.90697674418607,40,3,15,36.09719604536587,0.6252604166666667,43.8770325203252,1024.491869918699,25.612296747967473,0
3355,4,0,2,41,0.0,0.046511627906976744,0.9534883720930233,43,1350,800,550,0.5925925925925926,19,8,11,305.264940617542,0.4213962716869694,0.13376532035834887,0.17867654823725543,131302.08462431424,-583.6153868398477,130718.46923747439,1811,2,378.90697674418607,40,3,16,35.953767972235966,0.6263020833333333,43.77540650406504,1024.89837398374,25.6224593495935,0
3356,4,0,0,41,0.0,0.0,1.0,41,950,600,350,0.631578947368421,13,6,7,318.6626145061439,0.413770325203252,0.13824701803686779,0.18505607104229527,130999.80481591065,148.94806048653047,131148.7528763972,1812,3,398.0,38,3,17,35.914996869129624,0.6266447368421053,44.070512820512825,1023.7179487179493,26.9399460188934,0
3357,4,0,0,41,0.0,0.0,1.0,41,1050,600,450,0.5714285714285714,15,6,9,318.6685726267558,0.41341463414634144,0.14187356561652353,0.18558669120292123,131109.19922017684,156.0762747461524,131265.275494923,1813,4,399.0,38,3,18,35.804602197649345,0.6277412280701755,43.96367521367522,1024.1452991452998,26.951192082771048,0
3358,4,0,1,40,0.0,0.024390243902439025,0.975609756097561,41,1000,700,300,0.7,13,7,6,319.82224130721465,0.4136178861788618,0.1469722675118088,0.18665705854503223,131191.27498584622,191.57752118488594,131382.85250703112,1814,5,400.0,38,3,18,35.692373205409,0.6285635964912281,43.883547008547005,1024.4658119658113,26.959626630679246,0
3359,4,0,0,40,0.0,0.0,1.0,40,1350,1100,250,0.8148148148148148,16,11,5,326.0369997888909,0.4130876068376068,0.14728167808219195,0.19040560787671226,131215.75869498303,556.238457987065,131771.99715297009,1815,6,406.375,37,3,18,35.50852597031964,0.6306306306306306,43.859649122807014,1024.5614035087715,27.69084874348031,0
3360,4,0,0,40,0.0,0.0,1.0,40,1250,900,350,0.72,16,9,7,325.13072063946095,0.41314102564102567,0.1419467325645245,0.19086493948564115,131414.7102127466,545.4399785397821,131960.15019128638,1816,7,407.375,36,4,19,35.33131978766244,0.6345486111111112,43.66554054054054,1025.3378378378384,28.481606606606622,0
3361,4,0,0,40,0.0,0.0,1.0,40,1100,800,300,0.7272727272727273,14,8,6,331.2046015839969,0.4124465811965812,0.07927072402938107,0.18545122521125051,129581.8323562712,599.6018186712207,130181.43417494242,1817,8,408.375,38,2,14,37.028899965022724,0.612390350877193,45.459401709401696,1018.1623931623911,26.793747188483977,8
3362,4,0,0,40,0.0,0.0,1.0,40,1350,1100,250,0.8148148148148148,16,11,5,335.89711341958775,0.4121661324786325,0.08201478452343558,0.18899414576298554,129772.2638272516,718.0257642997876,130490.2895915514,1818,9,409.375,38,2,16,36.7162105483905,0.6143092105263157,45.27243589743589,1018.9102564102548,26.813427800269864,0
3363,4,0,0,40,0.0,0.0,1.0,40,1050,600,450,0.5714285714285714,15,6,9,339.14326481170923,0.4114049145299145,0.08434618608549926,0.191752566312971,129962.8351230915,815.2040415662191,130778.03916465772,1819,10,410.375,38,2,16,36.44021549315451,0.6162280701754386,45.085470085470085,1019.6581196581194,26.833108412055775,0
3364,4,0,2,38,0.0,0.05,0.95,40,1200,900,300,0.75,15,9,6,343.5279848796164,0.4110443376068376,0.08516336789192636,0.1949107978381141,130099.04308431968,938.532421104558,131037.57550542423,1820,11,411.375,38,2,16,36.1903078856425,0.6175986842105263,44.95192307692309,1020.192307692309,26.84716599190287,0
3365,4,0,1,37,0.0,0.02631578947368421,0.9736842105263158,38,750,500,250,0.6666666666666666,10,5,5,383.6814526699648,0.40779101469890944,0.07369760603180442,0.20543515029071255,127803.53597474532,2276.2541626357283,130079.79013738105,1821,17,418.36842105263156,33,5,16,37.51300347432633,0.6044823232323233,47.21200980392157,1011.1519607843139,30.640968508615572,8
3366,4,0,1,36,0.0,0.02702702702702703,0.972972972972973,37,1050,800,250,0.7619047619047619,13,8,5,386.04194307639904,0.4085022522522523,0.06163727381900119,0.20730348846703134,127920.90730537692,2476.56712325272,130397.47442862965,1822,18,414.9189189189189,32,5,16,37.332802879014814,0.6080729166666667,47.09595959595959,1011.616161616161,31.61300505050503,0
3367,4,0,1,35,0.0,0.027777777777777776,0.9722222222222222,36,1050,1000,50,0.9523809523809523,11,10,1,391.29013183067235,0.40735780423280427,0.05393250393250404,0.21025756046502944,127946.8536376954,2812.868245442722,130759.72188313812,1823,19,400.3888888888889,31,5,18,37.17342342342343,0.6108870967741935,47.07031250000001,1011.7187500000007,32.636088709677445,0
3368,4,0,1,34,0.0,0.02857142857142857,0.9714285714285714,35,1100,900,200,0.8181818181818182,13,9,4,400.17372528928144,0.403641456582633,0.059753967232407224,0.21485484946595912,127913.92220391173,3237.5581529405417,131151.48035685226,1824,20,411.3142857142857,31,4,19,36.98258570386578,0.6105510752688172,47.102864583333336,1011.5885416666671,32.63188844086023,0
3369,4,0,0,34,0.0,0.0,1.0,34,1300,1000,300,0.7692307692307693,16,10,6,379.9865704791583,0.40584150326797386,0.02404198193800311,0.19484417762867481,126043.83680555562,2823.9598592122443,128867.79666476787,1825,21,414.2647058823529,32,2,19,39.41908713692945,0.5888671875,48.958333333333336,1004.1666666666672,31.38020833333335,8
3370,4,1,0,35,0.02857142857142857,0.0,1.0,35,1300,1000,300,0.7692307692307693,16,10,6,377.1250369826961,0.41106442577030816,0.033484099923457133,0.19600954453809497,126598.21342752787,2548.6711841599367,129146.8846116878,1826,0,403.4,33,2,16,38.918655625913296,0.5921717171717171,48.40686274509804,1006.3725490196077,30.496137849079023,0
3371,4,0,0,35,0.0,0.0,1.0,35,950,700,250,0.7368421052631579,12,7,5,376.82935931805673,0.4106792717086835,0.03561863021322442,0.19615186042069183,126659.88592128018,2545.8327326028275,129205.718653883,1827,1,404.4,33,2,16,38.86251115980844,0.5928030303030303,48.34558823529411,1006.6176470588227,30.503565062388567,0
3372,4,2,0,37,0.05405405405405406,0.0,1.0,37,1050,700,350,0.6666666666666666,14,7,7,357.2568306370112,0.4202327327327327,0.04343971065708141,0.1885052542227915,127212.0819160997,1690.2129356644555,128902.29485176416,1828,0,383.4864864864865,34,3,18,38.78751671780349,0.5962009803921569,47.797619047619044,1008.8095238095233,29.67086834733892,0
3373,4,1,1,37,0.02631578947368421,0.02631578947368421,0.9736842105263158,38,1150,600,550,0.5217391304347826,17,6,11,349.39557604240423,0.4228751778093884,0.05830836111931825,0.18608139007163776,127588.49511584776,1315.7711494770115,128904.26626532477,1829,0,374.36842105263156,35,3,16,38.59990166876695,0.5979166666666667,47.42476851851851,1010.3009259259247,28.865740740740705,0
3374,4,0,0,37,0.0,0.0,1.0,37,1500,1100,400,0.7333333333333333,19,11,8,364.5316246811068,0.4181994494494494,0.0573850626872896,0.19421091642614882,127602.69451530601,1903.0435090702795,129505.73802437629,1830,1,385.4594594594595,34,3,16,38.20303601586739,0.6001838235294117,47.41071428571428,1010.3571428571419,29.71638655462182,0
3375,4,0,0,37,0.0,0.0,1.0,37,1250,1000,250,0.8,15,10,5,366.35631748568625,0.4174486986986987,0.06303122910896763,0.19562044877065873,127692.92091836719,1956.2216553287803,129649.14257369598,1831,2,386.4594594594595,34,3,16,38.06438947781705,0.6011029411764706,47.32142857142856,1010.7142857142844,29.72689075630248,0
3376,4,1,0,38,0.02631578947368421,0.0,1.0,38,1100,700,400,0.6363636363636364,15,7,8,361.11637446315103,0.4201784020862968,-0.02248824601392796,0.19219902703229427,127562.34039560265,1621.8276860894562,129184.1680816921,1832,0,377.2631578947368,37,1,16,38.33068761532616,0.59375,47.45065789473685,1010.1973684210539,27.302631578947402,8
3377,4,1,0,39,0.02564102564102564,0.0,1.0,39,550,300,250,0.5454545454545454,8,3,5,358.48294265566557,0.423836032388664,-0.00859757187667598,0.19215172905880717,127847.22792935953,1366.210095697294,129213.43802505684,1833,0,368.56410256410254,38,1,17,38.105236284245365,0.5948464912280702,47.16880341880343,1011.324786324788,26.613810166441787,0
3378,4,0,3,36,0.0,0.07692307692307693,0.9230769230769231,39,800,500,300,0.625,11,5,6,360.5626170120948,0.4235548807917229,-0.0014945983266996254,0.1937870592000307,127955.29827781447,1427.1794415224074,129382.47771933688,1834,1,369.56410256410254,38,1,17,37.941965857092576,0.5959429824561404,47.06196581196582,1011.7521367521381,26.625056230319423,0
3379,4,1,2,35,0.02702702702702703,0.05405405405405406,0.9459459459459459,37,700,600,100,0.8571428571428571,8,6,2,368.84212479452935,0.4198886386386386,0.02263483430001645,0.19818646226997907,127945.07345183016,2038.3065497930288,129983.38000162318,1835,0,387.0,36,1,18,37.74302463639061,0.599537037037037,47.07207207207207,1011.7117117117114,28.103103103103095,0
3380,4,1,0,36,0.027777777777777776,0.0,1.0,36,900,700,200,0.7777777777777778,11,7,4,373.10407524365854,0.4204861111111111,0.03335148654645215,0.20163237238314924,128175.55334787103,2364.8749593530565,130540.42830722408,1836,0,395.94444444444446,33,3,19,37.39902275202711,0.608270202020202,46.84436274509804,1012.622549019608,30.685531788472968,0
3381,4,0,0,36,0.0,0.0,1.0,36,850,400,450,0.47058823529411764,13,4,9,372.42120437019076,0.4202546296296296,0.029585500584654367,0.20188892436251585,128299.67928501061,2356.3042159265756,130655.98350093719,1837,1,396.94444444444446,33,3,20,37.28919700818516,0.6095328282828283,46.7218137254902,1013.1127450980396,30.70038621509211,0
3382,4,1,0,37,0.02702702702702703,0.0,1.0,37,750,500,250,0.6666666666666666,10,5,5,362.33441336595445,0.42235985985985985,0.029501332318233375,0.19789033345371376,128596.93877551027,1919.0192743764221,130515.95804988669,1838,0,387.18918918918916,34,3,17,37.240805946791866,0.6102941176470589,46.42857142857143,1014.2857142857148,29.83193277310926,0
3383,4,0,1,36,0.0,0.02702702702702703,0.972972972972973,37,1050,800,250,0.7619047619047619,13,8,5,341.7107162903394,0.4222972972972973,0.0020074369080778087,0.18137256405289512,127451.59718615323,1310.3153133656288,128761.91249951886,1839,1,388.18918918918916,37,0,14,38.93417218662903,0.5926238738738738,47.56030701754385,1009.7587719298228,27.290777619724942,8
3384,4,1,0,37,0.02702702702702703,0.0,1.0,37,550,200,350,0.36363636363636365,9,2,7,344.0535657349346,0.4253628628628629,0.02095291167456148,0.18336920811147606,127617.73003472216,1381.4670138888794,128999.19704861104,1840,0,389.05405405405406,37,0,15,38.70489690721648,0.5943130630630631,47.39583333333333,1010.4166666666661,27.30855855855854,0
3385,4,0,0,37,0.0,0.0,1.0,37,900,600,300,0.6666666666666666,12,6,6,346.90085338431874,0.42492492492492495,0.019606980882606928,0.18539588216521966,127728.54538175224,1461.8282788935194,129190.37366064575,1841,1,390.05405405405406,37,0,16,38.51952037458871,0.5954391891891893,47.28618421052632,1010.855263157896,27.320412517780973,0
3386,4,0,0,37,0.0,0.0,1.0,37,1000,700,300,0.7,13,7,6,399.9978098342957,0.42542542542542544,0.11187240256093456,0.20314777529690442,125648.36109335689,2676.7043204287907,128325.06541378568,1842,2,391.05405405405406,36,1,15,39.32663147253736,0.576099537037037,49.35247747747748,1002.5900900900901,27.849724724724727,8
3387,4,1,0,38,0.02631578947368421,0.0,1.0,38,1200,900,300,0.75,15,9,6,396.3089916862234,0.4301357278330962,0.11582310974206478,0.2034933734513196,126100.38406227154,2395.5646102183064,128495.94867248985,1843,0,381.7368421052632,36,2,18,38.95078857868969,0.5807291666666667,48.90202702702702,1004.3918918918904,27.899774774774734,0
3388,4,2,0,40,0.05,0.0,1.0,40,1000,800,200,0.8,12,8,4,385.12951595197575,0.4370726495726496,0.12492570579494822,0.20048012703312204,126661.46746475251,1756.2139308933956,128417.68139564591,1844,0,363.6,38,2,17,38.65200240571709,0.5827850877192983,48.34401709401708,1006.6239316239299,26.49010346378763,0
3389,4,0,0,40,0.0,0.0,1.0,40,1500,1000,500,0.6666666666666666,20,10,10,386.7358124742056,0.43677884615384616,0.1278794145720652,0.20224802971820754,126849.74163790258,1811.4675788954544,128661.20921679803,1845,1,364.6,38,2,17,38.417382543217755,0.584703947368421,48.15705128205128,1007.3717948717939,26.509784075573524,0
3390,4,1,1,40,0.024390243902439025,0.024390243902439025,0.975609756097561,41,950,600,350,0.631578947368421,13,6,7,379.3359397879283,0.43927845528455284,0.1347828893852725,0.20049400958572916,127280.60766171741,1456.6529238804812,128737.26058559789,1846,0,356.6829268292683,38,3,18,38.16018175401447,0.5890899122807017,47.72970085470085,1009.0811965811964,26.554768331084116,0
3391,4,1,2,39,0.024390243902439025,0.04878048780487805,0.9512195121951219,41,1100,700,400,0.6363636363636364,15,7,8,381.43222380648035,0.43879573170731706,0.16063528077141265,0.20363142422174385,127685.20801373354,1540.6505679742722,129225.85858170781,1847,0,357.3414634146341,38,3,16,37.69137596899225,0.5932017543859649,47.32905982905982,1010.6837606837597,26.596941070625256,0
3392,4,1,0,40,0.025,0.0,1.0,40,550,300,250,0.5454545454545454,8,3,5,389.1800803146783,0.4360977564102564,0.17283009656070347,0.2077054313989803,127673.13169677202,1937.5679295552418,129610.69962632726,1848,0,366.425,37,3,17,37.508024122093225,0.5948761261261262,47.34100877192982,1010.6359649122801,27.31448553816973,0
3393,4,0,0,40,0.0,0.0,1.0,40,1250,700,550,0.56,18,7,11,393.95148174445245,0.43567040598290596,0.17549886129487025,0.21083149234855492,127783.97108966237,2068.1369507925683,129852.10804045494,1849,1,367.425,37,3,17,37.273501608646924,0.5960022522522522,47.231359649122815,1011.0745614035102,27.326339497392166,0
3394,4,2,1,41,0.047619047619047616,0.023809523809523808,0.9761904761904762,42,950,700,250,0.7368421052631579,12,7,5,382.1367338549307,0.44166182733255904,0.16975711674066285,0.2069592014046011,128261.74554183817,1404.7367791704196,129666.48232100859,1850,0,350.8809523809524,35,7,20,37.08200030469226,0.6047619047619048,46.75925925925926,1012.9629629629633,28.94179894179895,0
3395,4,0,0,41,0.0,0.0,1.0,41,1350,900,450,0.6666666666666666,18,9,9,392.22029848699594,0.43940548780487804,0.17333788243254533,0.21211812328219143,128204.80619331048,1856.9054705215253,130061.711663832,1851,1,360.2926829268293,34,7,21,36.88506524039029,0.6063112745098039,46.81547619047618,1012.7380952380937,29.786414565826284,0
3396,4,1,0,42,0.023809523809523808,0.0,1.0,42,1450,1000,450,0.6896551724137931,19,10,9,387.68126685591807,0.4413956639566396,0.1796596077664212,0.21166672532451117,128584.36113522347,1569.9496045524374,130154.31073977592,1852,0,352.6904761904762,35,7,16,36.61096371105786,0.6080357142857142,46.44097222222221,1014.2361111111087,28.978174603174534,0
3397,4,0,2,40,0.0,0.047619047619047616,0.9523809523809523,42,1100,800,300,0.7272727272727273,14,8,6,386.29526907402186,0.4415287456445993,0.17790161231510693,0.2116052686702743,128715.26668137735,1544.4197153234336,130259.68639670078,1853,1,353.6904761904762,36,6,16,36.512087078755584,0.607349537037037,46.31193693693694,1014.7522522522526,28.187562562562572,0
3398,4,0,0,40,0.0,0.0,1.0,40,950,400,550,0.42105263157894735,15,4,11,399.2712249358585,0.43556356837606836,0.1784057545507931,0.21723926391877513,128446.0476899091,2256.962159863924,130703.00984977302,1854,2,372.225,34,6,17,36.458944999021334,0.6087622549019608,46.57738095238094,1013.6904761904746,29.814425770308077,0
3399,4,0,0,40,0.0,0.0,1.0,40,1350,900,450,0.6666666666666666,18,9,9,400.52028119682177,0.43575053418803417,0.17363076220903695,0.21883788930230327,128613.70991941007,2302.479852537711,130916.18977194779,1855,3,373.225,35,5,18,36.25532481363151,0.6083333333333334,46.41203703703703,1014.3518518518513,28.981481481481467,0
3400,4,0,0,40,0.0,0.0,1.0,40,1300,1000,300,0.7692307692307693,16,10,6,399.4263060940703,0.434642094017094,0.17587239137872146,0.21904748456153206,128760.50407503838,2286.066502700594,131046.57057773897,1856,4,374.225,35,5,18,36.13261204242217,0.6098214285714285,46.2673611111111,1014.9305555555538,28.998015873015824,0
3401,4,0,1,39,0.0,0.025,0.975,40,1500,1100,400,0.7333333333333333,19,11,8,401.43288381079736,0.43388087606837605,0.17342017738359194,0.2213279102673222,128972.51136271397,2354.761433731014,131327.27279644497,1857,5,375.225,36,4,18,35.8645140428677,0.6099537037037037,46.05855855855855,1015.765765765765,28.215715715715692,0
3402,4,0,0,39,0.0,0.0,1.0,39,900,700,200,0.7777777777777778,11,7,4,408.2791492045296,0.4315395861448493,0.1750676859372513,0.22445395178219735,128858.14868922971,2722.0190629818917,131580.1677522116,1858,6,385.56410256410254,36,3,18,35.80786934338952,0.6087962962962963,46.17117117117117,1015.3153153153149,28.20320320320319,0
3403,4,0,0,39,0.0,0.0,1.0,39,1150,800,350,0.6956521739130435,15,8,7,411.52870438198477,0.4310897435897436,0.1824322019443978,0.22689418786830678,128972.51136271392,2815.178100397681,131787.6894631116,1859,7,386.56410256410254,36,3,19,35.60813932002956,0.6099537037037037,46.05855855855855,1015.7657657657646,28.215715715715685,0
3404,4,0,0,39,0.0,0.0,1.0,39,1450,1000,450,0.6896551724137931,19,10,9,412.51506664313524,0.43021817363922626,0.1827459336600612,0.22826170916335325,129115.53603857217,2852.4207907231316,131967.9568292953,1860,8,387.56410256410254,36,3,20,35.436518928901194,0.611400462962963,45.91779279279278,1016.3288288288273,28.231356356356315,0
3405,4,1,2,38,0.025,0.05,0.95,40,1200,800,400,0.6666666666666666,16,8,8,402.2941458533705,0.4309695512820513,0.18128987600818558,0.2250409070440368,129544.24267409155,2423.092225763745,131967.3348998553,1861,0,378.85,33,7,16,35.257789615183974,0.6221590909090908,45.496323529411754,1018.0147058823518,30.84893048128339,0
3406,4,1,0,39,0.02564102564102564,0.0,1.0,39,1200,700,500,0.5833333333333334,17,7,10,405.27620553429733,0.43013382816014395,0.18917887667887712,0.22695467509920625,129586.776859504,2703.6874426078803,132290.46430211188,1862,0,386.2307692307692,32,7,17,35.138423859126995,0.625,45.454545454545446,1018.181818181817,31.81818181818178,0
3407,4,0,0,39,0.0,0.0,1.0,39,1550,1200,350,0.7741935483870968,19,12,7,400.32917377244206,0.4302462887989204,0.18139976802152002,0.2248335197565225,129700.23548635119,2584.557622068408,132284.7931084196,1863,1,387.2307692307692,33,6,17,35.148480109079244,0.6237373737373737,45.34313725490195,1018.6274509803903,30.867498514557283,0
3408,4,0,0,39,0.0,0.0,1.0,39,1500,1200,300,0.8,18,12,6,402.65686249332254,0.42976833108412055,0.18654185320852013,0.22686276886818885,129825.09731833894,2654.9932718185128,132480.09059015746,1864,2,388.2307692307692,33,6,18,34.96172037838704,0.625,45.22058823529411,1019.1176470588223,30.882352941176432,0
3409,4,0,0,39,0.0,0.0,1.0,39,1100,600,500,0.5454545454545454,16,6,10,403.81610576923106,0.4294309491677913,0.19188856015779132,0.22824388586956512,129950.01922337544,2695.182141484021,132645.20136485944,1865,3,389.2307692307692,33,6,20,34.8046875,0.6262626262626263,45.09803921568626,1019.6078431372534,30.89720736779556,0
3410,4,1,0,40,0.025,0.0,1.0,40,900,500,400,0.5555555555555556,13,5,8,395.2559664026776,0.4321314102564102,0.1964135759272223,0.2250281976053487,130232.20663265276,2295.0113378684464,132527.2179705212,1866,0,380.475,34,6,21,34.73534328590313,0.6268382352941176,44.821428571428555,1020.7142857142833,30.02100840336127,0
3411,4,0,0,40,0.0,0.0,1.0,40,1200,900,300,0.75,15,9,6,397.83366156434454,0.4318108974358974,0.19728885866205048,0.22704875236914995,130327.04132550252,2369.7038964422677,132696.7452219448,1867,1,381.475,32,8,21,34.57297720621574,0.6324869791666667,44.72853535353536,1021.0858585858588,31.908933080808087,0
3412,4,0,0,40,0.0,0.0,1.0,40,1450,1100,350,0.7586206896551724,18,11,7,397.6145962920533,0.4305956196581197,0.20587300635567818,0.22819739287539115,130544.21864487218,2381.2573589484787,132925.47600382066,1868,2,382.475,33,7,17,34.357511891913504,0.632260101010101,44.51593137254902,1021.936274509804,30.967765894236486,0
3413,4,0,0,40,0.0,0.0,1.0,40,1050,700,350,0.6666666666666666,14,7,7,394.6610496738712,0.43067574786324786,0.24989421720733462,0.21359899558685064,128234.9489795916,2184.7719050855326,130419.72088467714,1869,3,383.475,34,6,17,36.79233270647232,0.6066176470588236,46.78571428571427,1012.857142857141,29.7899159663865,8
3414,4,1,0,41,0.024390243902439025,0.0,1.0,41,1050,600,450,0.5714285714285714,15,6,9,388.736324123474,0.4322916666666667,0.25797810452034,0.21340251069725874,128800.98637488815,1813.9243973703149,130614.91077225846,1870,0,375.0975609756098,36,5,17,36.36241772058281,0.6082175925925926,46.227477477477464,1015.090090090088,28.196946946946888,0
3415,4,0,0,41,0.0,0.0,1.0,41,1400,1000,400,0.7142857142857143,18,10,8,385.95262560164485,0.4316819105691057,0.25071115677897415,0.21279295127914596,128972.51136271366,1755.4558781754297,130727.96724088909,1871,1,376.0975609756098,36,5,18,36.25762195121951,0.6099537037037037,46.05855855855854,1015.7657657657625,28.215715715715625,0
3416,4,0,2,39,0.0,0.04878048780487805,0.9512195121951219,41,1450,1300,150,0.896551724137931,16,13,3,387.44161641339184,0.43119918699186993,0.2531754330504421,0.21469831008985188,129172.76810171653,1809.3812139842498,130982.14931570078,1872,2,377.0975609756098,36,5,18,36.01510283962928,0.6119791666666667,45.861486486486484,1016.5540540540536,28.2376126126126,0
3417,4,0,0,39,0.0,0.0,1.0,39,1000,600,400,0.6,14,6,8,400.6925908569977,0.4273785425101215,0.2613176297386832,0.2212125511033156,129024.94454089478,2539.867862654289,131564.81240354906,1873,3,395.3333333333333,35,4,19,35.82963089542036,0.6125,46.00694444444443,1015.9722222222199,29.02777777777771,0
3418,4,1,0,40,0.025,0.0,1.0,40,950,800,150,0.8421052631578947,11,8,3,393.8134820317024,0.43036858974358977,0.263510242085661,0.21892115926607064,129297.68207644633,2184.3163325170976,131481.99840896344,1874,0,386.425,32,8,20,35.725481067659835,0.6220703125,45.73863636363637,1017.045454545455,31.782670454545467,0
3419,4,0,0,40,0.0,0.0,1.0,40,1350,900,450,0.6666666666666666,18,9,9,395.58344684315506,0.4300614316239317,0.267570081865542,0.2211646150103687,129522.50567544131,2247.391847770637,131769.89752321196,1875,1,387.425,32,8,17,35.45077730918714,0.6243489583333333,45.51767676767677,1017.9292929292931,31.81029040404041,0
3420,4,0,0,40,0.0,0.0,1.0,40,1250,800,450,0.64,17,8,9,396.17059580799116,0.4301415598290598,0.26529878502355575,0.22221919511733354,129651.06398581772,2272.7878532802715,131923.85183909797,1876,2,388.425,32,8,17,35.30457062567153,0.6256510416666667,45.39141414141414,1018.434343434343,31.826073232323218,0
3421,4,0,0,40,0.0,0.0,1.0,40,1400,1200,200,0.8571428571428571,16,12,4,398.3395045836005,0.4301816239316239,0.2607762359063315,0.22435437135340117,129811.85154894902,2341.8377270176443,132153.68927596667,1877,3,389.425,32,8,18,35.08523313922273,0.6272786458333333,45.233585858585855,1019.065656565656,31.84580176767675,0
3422,4,0,0,40,0.0,0.0,1.0,40,1450,1100,350,0.7586206896551724,18,11,7,397.7956995261053,0.4303952991452991,0.25688405797101477,0.2244168191666141,129876.19447314051,2332.8383264462846,132209.0327995868,1878,4,390.425,32,8,20,35.0334448160535,0.6279296875,45.17045454545455,1019.318181818182,31.853693181818187,0
3423,4,1,1,40,0.024390243902439025,0.024390243902439025,0.975609756097561,41,1200,800,400,0.6666666666666666,16,8,8,383.3320004268372,0.43119918699186993,0.24924182991229782,0.2187617964079733,130325.14537677822,1791.559736639761,132116.705113418,1879,0,381.8780487804878,33,8,21,34.945091214594335,0.630050505050505,44.73039215686275,1021.0784313725495,30.941770647653016,0
3424,4,0,0,40,0.0,0.0,1.0,40,1050,800,250,0.7619047619047619,13,8,5,385.2407203022503,0.4297676282051282,0.2509568086382723,0.22038307506652416,130419.01139285375,2048.542778018074,132467.55417087182,1880,1,390.525,33,7,21,34.8009148170366,0.6309974747474747,44.638480392156865,1021.4460784313728,30.95291146761736,0
3425,4,0,0,40,0.0,0.0,1.0,40,1500,900,600,0.6,21,9,12,385.55515299990236,0.4289797008547009,0.25017985611510785,0.22145523250820842,130575.52984429071,2068.8136774317713,132644.34352172248,1881,2,391.525,33,7,17,34.63379296562752,0.6325757575757576,44.485294117647065,1022.0588235294122,30.971479500891277,0
3426,4,3,0,43,0.06976744186046512,0.0,1.0,43,1450,1100,350,0.7586206896551724,18,11,7,363.1369856945141,0.43542358803986714,0.25663832982404533,0.21302433240278176,131387.4488275891,944.491054826366,132331.93988241546,1882,0,365.13953488372096,35,8,20,34.38464288402198,0.6363095238095238,43.692129629629626,1025.231481481481,29.29232804232803,0
3427,4,0,1,42,0.0,0.023255813953488372,0.9767441860465116,43,1100,900,200,0.8181818181818182,13,9,4,363.5818820397539,0.4355389442598745,0.25393175249450706,0.21345075500266264,131417.11576485334,956.1764564043172,132373.29222125767,1883,1,366.13953488372096,35,8,20,34.34325262444972,0.6366071428571429,43.66319444444444,1025.347222222222,29.295634920634914,0
3428,4,0,0,42,0.0,0.0,1.0,42,1100,600,500,0.5454545454545454,16,6,10,372.19747433695323,0.4328905342624855,0.2561424755711137,0.21817511582814864,131358.6327239229,1378.2702664399078,132736.9029903628,1884,2,375.64285714285717,34,8,20,34.1815700847753,0.6381740196078431,43.720238095238095,1025.1190476190475,30.15056022408963,0
3429,4,0,0,42,0.0,0.0,1.0,42,1050,900,150,0.8571428571428571,12,9,3,375.3041266454159,0.4325880758807588,0.2618881776067752,0.2205231750971086,131450.17715419497,1466.75878684807,132916.93594104305,1885,3,376.64285714285717,34,8,20,34.00931622939401,0.639093137254902,43.63095238095238,1025.4761904761904,30.161064425770306,0
3430,4,1,0,43,0.023255813953488372,0.0,1.0,43,800,600,200,0.75,10,6,4,366.84283983145974,0.4344776670358066,0.2614489455039375,0.21704664085825323,131713.9693313828,1063.665310999649,132777.63464238244,1886,0,368.86046511627904,35,8,16,33.959695756755735,0.6395833333333334,43.37384259259259,1026.504629629629,29.328703703703688,0
3431,4,0,0,43,0.0,0.0,1.0,43,1100,900,200,0.8181818181818182,13,9,4,365.19793378383787,0.4337855297157623,0.2586239436324369,0.21657995110496034,131803.09070644708,1026.8432784636366,132829.93398491072,1887,1,369.86046511627904,35,8,16,33.911932672076944,0.6404761904761904,43.28703703703703,1026.8518518518508,29.33862433862431,0
3432,4,0,3,40,0.0,0.06976744186046512,0.9302325581395349,43,1050,800,250,0.7619047619047619,13,8,5,366.14016103748634,0.43383167220376523,0.25812538327279566,0.21747843300178396,131862.52170138885,1056.0329861111056,132918.55468749994,1888,2,370.86046511627904,35,8,16,33.82775524002704,0.6410714285714285,43.229166666666664,1027.083333333333,29.345238095238088,0
3433,4,0,0,40,0.0,0.0,1.0,40,1300,1000,300,0.7692307692307693,16,10,6,405.5580639307772,0.4281784188034188,0.2710533820006844,0.22208167061093823,128701.77636584779,2440.2937189214535,131142.07008476925,1889,3,399.15,35,5,16,36.03724668263565,0.6092261904761904,46.325231481481474,1014.6990740740731,28.99140211640209,8
3434,4,0,0,40,0.0,0.0,1.0,40,1600,1200,400,0.75,20,12,8,408.08644266058485,0.4281650641025641,0.2737458670619086,0.22412812702416962,128819.24518014833,2513.8775023576827,131333.12268250601,1890,4,400.15,35,5,16,35.85264413027781,0.6104166666666666,46.20949074074074,1015.1620370370371,29.00462962962963,0
3435,4,1,0,41,0.024390243902439025,0.0,1.0,41,1100,700,400,0.6363636363636364,15,7,8,400.6367304186767,0.4291412601626016,0.2811658667915251,0.22268312218391403,129292.17864229038,2160.971099152127,131453.1497414425,1891,0,391.3658536585366,34,7,17,35.55762027390847,0.6173406862745099,45.74404761904763,1017.0238095238105,29.91246498599443,0
3436,4,0,0,41,0.0,0.0,1.0,41,1000,600,400,0.6,14,6,8,397.7660326444675,0.4286839430894309,0.27912550034378536,0.2221098506255751,129473.85381235837,2100.060232426317,131573.9140447847,1892,1,392.3658536585366,34,7,14,35.444935080126335,0.6191789215686274,45.5654761904762,1017.738095238096,29.933473389355765,0
3437,4,0,1,40,0.0,0.024390243902439025,0.975609756097561,41,750,500,250,0.6666666666666666,10,5,5,398.37808386880556,0.4286077235772358,0.27481233886239687,0.22296658201871883,129564.73922902491,2123.1505102040796,131687.889739229,1893,2,393.3658536585366,34,7,15,35.33651972248207,0.6200980392156863,45.476190476190474,1018.0952380952378,29.943977591036408,0
3438,4,0,0,40,0.0,0.0,1.0,40,1100,800,300,0.7272727272727273,14,8,6,403.36259182348266,0.42674946581196577,0.2905851747924708,0.22593059907441038,129595.0414540816,2454.7583616780007,132049.7998157596,1894,3,403.175,34,6,15,35.17868973849333,0.6204044117647058,45.44642857142857,1018.2142857142853,29.947478991596626,0
3439,4,1,0,41,0.024390243902439025,0.0,1.0,41,1700,1300,400,0.7647058823529411,21,13,8,393.2264198801248,0.42845528455284554,0.28577438747605877,0.22269352262105768,130026.38996056236,2025.9623628257837,132052.35232338816,1895,0,394.3170731707317,35,6,16,34.996784687547276,0.6226190476190476,45.023148148148145,1019.9074074074069,29.14021164021163,0
3440,4,0,0,41,0.0,0.0,1.0,41,1400,800,600,0.5714285714285714,20,8,12,392.53293779690296,0.42789634146341465,0.2842679192358448,0.22314396599324893,130173.98787133473,2019.5155767746762,132193.5034481094,1896,1,395.3170731707317,35,6,16,34.864111942837695,0.6241071428571429,44.878472222222214,1020.48611111111,29.156746031746,0
3441,4,1,1,41,0.023809523809523808,0.023809523809523808,0.9761904761904762,42,1250,700,550,0.56,18,7,11,399.5233490316282,0.42887388695315526,0.26469923460214706,0.22124142446375106,129145.65659626039,1924.4348454706162,131070.09144173101,1897,0,386.8809523809524,37,5,16,35.735796476087735,0.6097972972972974,45.88815789473684,1016.4473684210527,27.47155049786629,7
3442,4,0,1,40,0.0,0.024390243902439025,0.975609756097561,41,1300,800,500,0.6153846153846154,18,8,10,393.0469964885386,0.4296493902439025,0.2404575889576679,0.21830682576050173,129263.69214965412,1961.3772596785348,131225.06940933265,1898,1,381.0975609756098,33,8,16,35.779705953241745,0.6193181818181819,45.77205882352942,1016.9117647058835,30.815508021390407,0
3443,4,1,1,40,0.024390243902439025,0.024390243902439025,0.975609756097561,41,1050,700,350,0.6666666666666666,14,7,7,390.1432464239441,0.4291412601626016,0.24351473283518987,0.21772510203658813,129450.69204152247,1900.8626489811586,131351.55469050363,1899,0,382.0,33,8,15,35.66253211303789,0.6212121212121212,45.588235294117645,1017.6470588235293,30.837789661319068,0
3444,4,2,0,42,0.047619047619047616,0.0,1.0,42,1250,1000,250,0.8,15,10,5,381.36954411804794,0.43379790940766555,0.25101627711694263,0.21527141768509203,129898.25857426306,1507.8479308390056,131406.10650510207,1900,0,373.85714285714283,34,8,17,35.42956129082488,0.623468137254902,45.148809523809526,1019.404761904762,29.982492997198882,0
3445,4,0,1,41,0.0,0.023809523809523808,0.9761904761904762,42,1150,800,350,0.6956521739130435,15,8,7,381.20962851589525,0.43305991095625246,0.25453386075265305,0.21588812638059576,130026.38996056249,1513.462362825798,131539.8523233883,1901,1,374.85714285714283,35,7,17,35.303185050688455,0.6226190476190476,45.02314814814815,1019.9074074074081,29.14021164021166,0
3446,4,0,0,41,0.0,0.0,1.0,41,1250,800,450,0.64,17,8,9,386.76591677172905,0.43008130081300816,0.2673046746353087,0.21920051604561064,130055.90284475728,1860.2380990654842,131916.14094382277,1902,2,384.7560975609756,35,6,17,35.131458262415364,0.6229166666666667,44.994212962962955,1020.0231481481474,29.143518518518494,0
3447,4,0,0,41,0.0,0.0,1.0,41,1100,800,300,0.7272727272727273,14,8,6,387.5316185831887,0.42906504065040646,0.2674710993452223,0.22030085628936003,130173.9878713349,1889.307243441357,132063.29511477627,1903,3,385.7560975609756,35,6,17,34.991706362708385,0.6241071428571429,44.87847222222222,1020.4861111111113,29.15674603174604,0
3448,4,0,0,41,0.0,0.0,1.0,41,1250,800,450,0.64,17,8,9,383.80802352164346,0.42903963414634144,0.25663075098746857,0.21902338108750044,130323.35778061204,1803.8602145140253,132127.21799512606,1904,4,386.7560975609756,34,7,18,34.93475768528236,0.6277573529411764,44.73214285714285,1021.0714285714268,30.031512605041968,0
3449,4,0,0,41,0.0,0.0,1.0,41,1150,900,250,0.782608695652174,14,9,5,384.90193125768815,0.4288363821138212,0.25343223242233637,0.21999158349498363,130384.14292800444,1837.0216836734621,132221.1646116779,1905,5,387.7560975609756,34,7,19,34.845018844465166,0.6283700980392157,44.672619047619044,1021.3095238095231,30.038515406162443,0
3450,4,0,0,41,0.0,0.0,1.0,41,1400,800,600,0.5714285714285714,20,8,12,382.976802289118,0.42804878048780487,0.2515040190039499,0.21987549832333622,130558.13426997601,1800.1473551097426,132358.28162508574,1906,6,388.7560975609756,35,6,16,34.717346168365424,0.6279761904761905,44.50231481481482,1021.9907407407409,29.199735449735453,0
3451,4,0,0,41,0.0,0.0,1.0,41,1050,800,250,0.7619047619047619,13,8,5,378.77970499985935,0.4271849593495935,0.2508821239446266,0.21813167626914973,130676.44702717756,1699.5172110768071,132375.96423825438,1907,7,389.7560975609756,35,6,16,34.70445626745151,0.6291666666666667,44.38657407407407,1022.4537037037031,29.212962962962948,0
3452,4,1,1,41,0.023809523809523808,0.023809523809523808,0.9761904761904762,42,850,400,450,0.47058823529411764,13,4,9,370.99770192034873,0.4298054587688734,0.1812102384284533,0.20822946544641208,129675.59880203522,1221.8698301400404,130897.46863217527,1908,0,381.45238095238096,37,5,16,35.92051081924858,0.6151463963963963,45.36732456140351,1018.5307017543859,27.52785680417259,8
3453,4,0,0,41,0.0,0.0,1.0,41,1550,800,750,0.5161290322580645,23,8,15,357.1398101224032,0.42543191056910573,0.11291779584462525,0.20030885002517407,129647.68005540174,1060.469567559258,130708.14962296099,1909,1,391.5609756097561,37,4,15,36.301769308067755,0.6148648648648649,45.39473684210527,1018.4210526315795,27.524893314367013,8
3454,4,0,0,41,0.0,0.0,1.0,41,1200,800,400,0.6666666666666666,16,8,8,354.38918892613424,0.4253302845528455,0.11238940376486628,0.19904930865319168,129703.52055440149,993.1050900277132,130696.62564442921,1910,2,392.5609756097561,37,4,15,36.31503408683172,0.615427927927928,45.33991228070176,1018.640350877194,27.530820293978216,0
3455,4,0,0,41,0.0,0.0,1.0,41,700,200,500,0.2857142857142857,12,2,10,355.9606634060211,0.4248221544715447,0.11718651609924002,0.20078946159116354,129871.11418898133,1045.8015927977947,130916.91578177913,1911,3,393.5609756097561,37,4,15,36.10468660355708,0.6171171171171171,45.17543859649123,1019.298245614036,27.548601232811784,0
3456,4,0,0,41,0.0,0.0,1.0,41,1200,900,300,0.75,15,9,6,354.452103765498,0.4245680894308943,0.12018076950314605,0.20036778801917118,129954.9515836604,1012.5611967143757,130967.51278037477,1912,4,394.5609756097561,37,4,15,36.05797666415744,0.6179617117117118,45.093201754385966,1019.6271929824564,27.557491702228553,0
3457,4,0,1,40,0.0,0.024390243902439025,0.975609756097561,41,950,700,250,0.7368421052631579,12,7,5,357.2032675411539,0.42418699186991865,0.12536511948649887,0.20235717385309449,130038.81602993225,1090.0579986149526,131128.8740285472,1913,5,395.5609756097561,37,4,16,35.90267326023076,0.6188063063063063,45.0109649122807,1019.9561403508769,27.566382171645323,0
3458,4,0,0,40,0.0,0.0,1.0,40,950,700,250,0.7368421052631579,12,7,5,361.08888530457295,0.42251602564102564,0.13237713970182252,0.20422609971473524,129975.34855379042,1386.5307452723155,131361.87929906274,1914,6,405.675,36,4,16,35.86807472851095,0.6200810185185186,45.073198198198206,1019.7072072072084,28.325200200200232,0
3459,4,0,0,40,0.0,0.0,1.0,40,950,600,350,0.631578947368421,13,6,7,360.75626234436663,0.42294337606837606,0.13382904756649383,0.20494122213807564,130147.65346004789,1390.3162030273525,131537.96966307523,1915,7,406.675,36,4,16,35.70154140455433,0.6218171296296297,44.90427927927928,1020.3828828828829,28.34396896896897,0
3460,4,0,0,40,0.0,0.0,1.0,40,850,400,450,0.47058823529411764,13,4,9,362.0021489568347,0.42293002136752134,0.13325424851026324,0.20580071981473233,130176.38204082454,1424.8260084408682,131601.2080492654,1916,8,407.675,36,4,16,35.640587066872655,0.6221064814814814,44.876126126126124,1020.4954954954949,28.34709709709708,0
3461,4,1,2,39,0.024390243902439025,0.04878048780487805,0.9512195121951219,41,1250,900,350,0.72,16,9,7,355.6457109174974,0.42390752032520324,0.13153983041976325,0.20410209518171618,130542.57079101239,1085.381078793447,131627.95186980584,1917,0,398.7073170731707,37,4,13,35.43141988555079,0.6238738738738738,44.51754385964911,1021.9298245614016,27.61972498814599,0
3462,4,0,0,39,0.0,0.0,1.0,39,900,600,300,0.6666666666666666,12,6,6,372.07665985970755,0.4209682860998651,0.1469585611034101,0.21248105954318405,130351.21588059384,1900.129002700581,132251.34488329443,1918,10,419.64102564102564,35,4,17,35.20592485549132,0.6258928571428571,44.70486111111109,1021.1805555555532,29.176587301587233,0
3463,4,0,0,39,0.0,0.0,1.0,39,900,700,200,0.7777777777777778,11,7,4,372.3887291164185,0.4204059829059829,0.14572330004009126,0.21314545545924182,130439.87509645052,1914.8678626543099,132354.74295910483,1919,11,420.64102564102564,35,4,19,35.10791978246092,0.6267857142857143,44.61805555555555,1021.5277777777769,29.186507936507912,0
3464,4,0,0,39,0.0,0.0,1.0,39,950,500,450,0.5263157894736842,14,5,9,373.2798814582056,0.41992802519118305,0.14804359758488217,0.21414477409970728,130528.56445312488,1944.7374131944307,132473.30186631932,1920,12,421.64102564102564,35,4,14,34.99511552837241,0.6276785714285714,44.53124999999999,1021.8749999999991,29.196428571428545,0
3465,4,0,0,39,0.0,0.0,1.0,39,1100,900,200,0.8181818181818182,13,9,4,375.04449003720026,0.4196187584345479,0.1451994576216069,0.21548587452950643,130587.70743580669,1995.2400280778393,132582.94746388454,1921,13,422.64102564102564,35,4,14,34.88999452685614,0.6282738095238095,44.473379629629626,1022.106481481481,29.20304232804231,0
3466,4,1,0,40,0.025,0.0,1.0,40,1100,700,400,0.6363636363636364,15,7,8,369.6725112740103,0.4222889957264957,0.15289815222173342,0.2149016926153004,131039.71370018648,1688.3560080350392,132728.0697082215,1922,0,413.05,36,4,17,34.569080876961415,0.630787037037037,44.03153153153152,1023.8738738738723,28.440940940940898,0
3467,4,1,1,40,0.024390243902439025,0.024390243902439025,0.975609756097561,41,1350,1000,350,0.7407407407407407,17,10,7,362.2608127855651,0.4237042682926829,0.13681002370470696,0.212675184921625,131417.11576485334,1322.0883142080668,132739.2040790614,1923,0,403.9512195121951,35,6,19,34.37711649170335,0.6366071428571429,43.66319444444444,1025.347222222222,29.295634920634914,0
3468,4,0,0,40,0.0,0.0,1.0,40,950,700,250,0.7368421052631579,12,7,5,366.76328895992754,0.4214610042735043,0.15794452181986962,0.2158492143223183,131511.22448979612,1646.697845805013,133157.92233560112,1924,1,413.725,34,6,20,34.166569947384716,0.6397058823529411,43.571428571428584,1025.7142857142871,30.1680672268908,0
3469,4,0,1,39,0.0,0.025,0.975,40,1200,1100,100,0.9166666666666666,13,11,2,370.054389344613,0.420980235042735,0.1539940828402364,0.2183092937550464,131602.82206632686,1740.0403911564981,133342.86245748337,1925,2,414.725,34,6,14,33.98958695904397,0.640625,43.482142857142875,1026.0714285714312,30.178571428571505,0
3470,4,1,1,39,0.025,0.025,0.975,40,1100,900,200,0.8181818181818182,13,9,4,364.4119033436696,0.4239583333333334,0.16089454709328543,0.2167908883430574,131921.9660922499,1614.7869513031856,133536.7530435531,1926,0,413.525,35,5,16,33.812152621300896,0.6416666666666666,43.17129629629631,1027.3148148148168,29.351851851851908,0
3471,4,0,1,38,0.0,0.02564102564102564,0.9743589743589743,39,600,400,200,0.6666666666666666,8,4,4,372.1233063379751,0.4219242015294647,0.16780694224048953,0.2205147528740269,131773.38023244622,2007.1891878858294,133780.56942033203,1927,1,425.05128205128204,35,4,16,33.764161312140686,0.6401785714285715,43.315972222222236,1026.736111111113,29.335317460317512,0
3472,4,0,1,37,0.0,0.02631578947368421,0.9736842105263158,38,1250,800,450,0.64,17,8,9,376.03192606595223,0.42077110004741586,0.17197559115179217,0.2229055231834257,131786.1128826533,2311.1571712018454,134097.27005385514,1928,2,432.10526315789474,34,4,16,33.65096618357488,0.6424632352941176,43.303571428571445,1026.7857142857163,30.19957983193283,0
3473,4,0,0,37,0.0,0.0,1.0,37,600,300,300,0.5,9,3,6,376.5859331465074,0.4187625125125125,0.17725136522128992,0.22331305971936227,131799.5951827424,2526.7747080450076,134326.3698907874,1929,3,442.2972972972973,33,4,16,33.62312030075189,0.6448863636363636,43.2904411764706,1026.8382352941192,31.116310160427854,0
3474,4,0,0,37,0.0,0.0,1.0,37,1050,800,250,0.7619047619047619,13,8,5,377.90733555785016,0.4182932932932933,0.1817882791513623,0.22446785112050652,131862.52170138908,2566.3628472222454,134428.88454861133,1930,4,443.2972972972973,33,4,17,33.52560851926979,0.6455176767676767,43.22916666666668,1027.0833333333348,31.12373737373742,0
3475,4,0,0,37,0.0,0.0,1.0,37,600,200,400,0.3333333333333333,10,2,8,378.85859587368617,0.4178553553553554,0.18303451966818307,0.22540607588425224,131925.46323829785,2596.219152489434,134521.6823907873,1931,5,444.2972972972973,33,4,17,33.43758698158972,0.6461489898989898,43.16789215686275,1027.3284313725496,31.131164587046957,0
3476,4,0,1,36,0.0,0.02702702702702703,0.972972972972973,37,900,700,200,0.7777777777777778,11,7,4,378.12489221566886,0.4175425425425425,0.1869103450498797,0.22534308608588377,131988.4197934689,2581.62140162438,134570.04119509328,1932,6,445.2972972972973,33,4,18,33.392839395746364,0.646780303030303,43.106617647058826,1027.573529411765,31.13859180035652,0
3477,4,0,0,36,0.0,0.0,1.0,36,1100,900,200,0.8181818181818182,13,9,4,386.34883658686135,0.41593915343915344,0.19436253429987294,0.23036580080442956,132008.4545741506,3000.2625688705207,135008.71714302112,1933,7,455.72222222222223,32,4,18,33.16132202973338,0.6494140625,43.08712121212121,1027.651515151515,32.114109848484844,0
3478,4,0,0,36,0.0,0.0,1.0,36,1050,700,350,0.6666666666666666,14,7,7,388.69873128837617,0.41570767195767194,0.19514033866852243,0.2325623636209587,132138.24043783802,3072.3932825732127,135210.63372041122,1934,8,456.72222222222223,32,4,19,32.969779769945546,0.6507161458333333,42.96085858585859,1028.156565656566,32.12989267676769,0
3479,4,0,0,36,0.0,0.0,1.0,36,1150,800,350,0.6956521739130435,15,8,7,389.2391929448947,0.4157738095238095,0.1932169987589163,0.23368693477686503,132268.09007052862,3096.7849262830446,135364.87499681168,1935,9,457.72222222222223,32,4,20,32.8247105273925,0.6520182291666667,42.834595959595966,1028.6616161616168,32.14567550505053,0
3480,4,0,0,36,0.0,0.0,1.0,36,950,700,250,0.7368421052631579,12,7,5,390.6838797094357,0.41590608465608464,0.19301295160190857,0.23516053320767372,132365.5191434548,3142.6149117437003,135508.1340551985,1936,10,458.72222222222223,32,4,20,32.689161554192225,0.6529947916666667,42.73989898989899,1029.0404040404042,32.15751262626263,0
3481,4,0,0,36,0.0,0.0,1.0,36,1300,900,400,0.6923076923076923,17,9,8,394.62530211418664,0.41613756613756614,0.19675603895282712,0.23837297660938667,132498.52710300012,3257.4582431039216,135755.98534610405,1937,11,459.72222222222223,31,5,20,32.45344315163779,0.6569220430107527,42.61067708333333,1029.5572916666658,33.21152553763438,0
3482,4,0,0,36,0.0,0.0,1.0,36,600,300,300,0.5,9,3,6,395.27810497681753,0.41511243386243385,0.18895210001404728,0.23940657047217648,132599.08888075076,3282.7033148871433,135881.7921956379,1938,12,460.72222222222223,31,5,20,32.33512431521282,0.6579301075268817,42.51302083333333,1029.9479166666658,33.224126344085995,0
3483,4,1,0,37,0.02702702702702703,0.0,1.0,37,500,200,300,0.4,8,2,6,346.0514414264604,0.41622872872872874,0.12537317077637833,0.2023738086122775,131268.81456832995,1685.1524991426686,132953.9670674726,1939,0,449.2432432432432,35,2,20,34.94230479632559,0.6351190476190476,43.807870370370374,1024.768518518519,29.279100529100543,8
3484,4,1,0,38,0.02631578947368421,0.0,1.0,38,800,500,300,0.625,11,5,6,338.37630915351997,0.42038584637268844,0.07167483704142663,0.18891065945313623,129466.28146701372,1180.003509730776,130646.28497674449,1940,0,438.39473684210526,35,3,17,36.96370692596383,0.6169642857142856,45.57291666666666,1017.7083333333319,29.07738095238091,8
3485,4,2,0,40,0.05,0.0,1.0,40,1250,1000,250,0.8,15,10,5,326.180911327596,0.42715010683760685,0.08333422890918896,0.18518080414296978,130122.70752779672,488.70866516617434,130611.4161929629,1941,0,417.425,37,3,20,36.60879007701954,0.6196509009009009,44.928728070175424,1020.2850877192959,27.575272641062053,0
3486,4,0,0,40,0.0,0.0,1.0,40,1600,1300,300,0.8125,19,13,6,337.15310376876204,0.4281784188034188,0.05690164626424665,0.18193979563284673,128117.48940755344,753.3348197342609,128870.8242272877,1942,1,418.425,38,2,15,38.3684219783312,0.5975877192982456,46.9017094017094,1012.3931623931619,26.64192532613584,8
3487,4,4,2,42,0.09090909090909091,0.045454545454545456,0.9545454545454546,44,1450,1200,250,0.8275862068965517,17,12,5,310.0782486304599,0.43580426356589147,0.07204918317089248,0.17109791361272317,129004.43558079442,-799.7061099092584,128204.72947088517,1943,0,381.29545454545456,42,2,15,38.15198556530588,0.6001984126984127,46.02713178294574,1015.8914728682171,24.187892211148025,0
3488,4,1,2,41,0.023255813953488372,0.046511627906976744,0.9534883720930233,43,1050,800,250,0.7619047619047619,13,8,5,320.65118946987076,0.4339239571797711,0.15537950421671365,0.17164269553975425,127793.20987654306,-360.53335678613405,127432.67651975692,1944,0,391.13953488372096,41,2,17,39.11687271062271,0.589430894308943,47.222222222222214,1011.11111111111,24.661246612466098,8
3489,4,0,0,41,0.0,0.0,1.0,41,1300,900,400,0.6923076923076923,17,9,8,331.35829495931984,0.43074186991869917,0.16807195901272554,0.1768337831515578,127670.36132812497,260.92664930555384,127931.28797743052,1945,1,411.0731707317073,39,2,18,38.97177557891844,0.5913461538461539,47.34375,1010.6249999999998,25.913461538461533,0
3490,4,2,1,42,0.046511627906976744,0.023255813953488372,0.9767441860465116,43,1200,700,500,0.5833333333333334,17,7,10,322.5155805793158,0.4345699520118125,0.18535773392134502,0.17461812391722017,128250.02170138921,-325.7161458332992,127924.30555555591,1946,0,392.90697674418607,39,4,22,38.60379816262168,0.5972222222222222,46.77083333333335,1012.9166666666692,25.97222222222229,0
3491,4,3,3,42,0.06666666666666667,0.06666666666666667,0.9333333333333333,45,1350,1000,350,0.7407407407407407,17,10,7,304.44161615804836,0.43630050505050505,0.18185963198176203,0.16743470937010363,128873.80248685136,-1153.0902580939646,127720.7122287574,1947,0,375.93333333333334,41,4,14,38.427678716821376,0.6003556910569106,46.155753968253975,1015.3769841269852,24.765292295780128,0
3492,4,0,0,42,0.0,0.0,1.0,42,1400,1000,400,0.7142857142857143,18,10,8,322.2497640827904,0.4323340108401084,0.18089366635051118,0.1754347682949859,128469.25593770576,-120.16251643652106,128349.09342126924,1948,2,403.7857142857143,38,4,14,38.387211508061974,0.6011513157894737,46.5544871794872,1013.7820512820537,26.678475033738255,0
3493,4,0,1,41,0.0,0.023809523809523808,0.9761904761904762,42,900,700,200,0.7777777777777778,11,7,4,325.09616908380553,0.43217673248161054,0.18268680971440565,0.17758705576994546,128604.67916757993,-38.22229527356447,128566.45687230637,1949,3,404.7857142857143,38,4,16,38.177182079910104,0.6025219298245614,46.42094017094018,1014.3162393162404,26.692532613585275,0
3494,4,1,0,42,0.023809523809523808,0.0,1.0,42,900,700,200,0.7777777777777778,11,7,4,323.70740230588694,0.43355594270228415,0.18130711880711892,0.1780390712682379,128875.73964497042,-56.39381985536025,128819.34582511506,1950,0,394.45238095238096,38,4,18,37.93665824915824,0.6052631578947368,46.15384615384615,1015.3846153846155,26.720647773279353,0
3495,4,1,1,42,0.023255813953488372,0.023255813953488372,0.9767441860465116,43,1000,700,300,0.7,13,7,6,356.915342366695,0.43609265411591,0.2319791566148801,0.18301403725611368,126043.83680555546,507.21256574620963,126551.04937130168,1951,0,386.25581395348837,36,7,15,39.99827109266941,0.580150462962963,48.95833333333333,1004.1666666666658,27.893518518518494,8
3496,4,3,0,45,0.06666666666666667,0.0,1.0,45,1150,700,450,0.6086956521739131,16,7,9,348.6972236790138,0.44252946127946124,0.26735934407690154,0.18271734520780322,126930.47337278113,-147.93926692964453,126782.53410585148,1952,0,370.0,38,7,16,39.29243532654791,0.5855263157894737,48.07692307692308,1007.6923076923082,26.518218623481793,0
3497,4,0,0,45,0.0,0.0,1.0,45,1050,800,250,0.7619047619047619,13,8,5,349.21623546175266,0.4425084175084175,0.14370638897774013,0.17675656084165026,125507.99370160351,-213.87667561545194,125294.11702598806,1953,1,371.0,38,7,13,40.74439350321641,0.5709978070175439,49.49252136752137,1002.0299145299148,26.36920827710302,8
3498,4,2,1,46,0.0425531914893617,0.02127659574468085,0.9787234042553191,47,1250,800,450,0.64,17,8,9,337.6319278249339,0.44468855997533147,0.1534386863247108,0.17312615873576415,126043.83680555575,-887.5738503542801,125156.26295520147,1954,0,356.17021276595744,39,8,15,40.48236514522821,0.5747863247863247,48.95833333333334,1004.1666666666682,25.747863247863286,0
3499,4,0,2,44,0.0,0.043478260869565216,0.9565217391304348,46,1650,1000,650,0.6060606060606061,23,10,13,336.83530761448503,0.4431964573268921,0.14284615492189645,0.16491668840526463,124120.14351166954,-812.3489891519191,123307.79452251762,1955,1,364.8695652173913,38,8,18,42.490216575533395,0.5567434210526316,50.881410256410234,996.4743589743555,26.223009446693567,8
3500,4,4,4,44,0.08333333333333333,0.08333333333333333,0.9166666666666666,48,1450,1000,450,0.6896551724137931,19,10,9,324.09360301691197,0.4464206560283688,0.10024946396173462,0.1644884911343999,125620.8085809558,-1404.3606528396224,124216.44792811618,1956,0,350.3125,41,7,17,41.25752515256475,0.5673272357723578,49.37996031746033,1002.480158730161,24.450735578784414,8
3501,4,5,4,45,0.10204081632653061,0.08163265306122448,0.9183673469387755,49,1150,700,450,0.6086956521739131,16,7,9,337.069887727151,0.4480406746031746,0.17137529413505836,0.17427614495073301,126384.01828341997,-1277.8173975753693,125106.20088584459,1957,0,343.9387755102041,39,10,15,40.14652180669221,0.5782585470085471,48.61979166666666,1005.5208333333319,25.782585470085433,0
3502,4,3,4,44,0.0625,0.08333333333333333,0.9166666666666666,48,1250,800,450,0.64,17,8,9,345.8671527424286,0.44522015366430256,0.18549922093558635,0.17898007194966858,126419.6061276386,-855.1221555629023,125564.4839720757,1958,0,351.9791666666667,38,10,15,39.88876199582138,0.5803179824561404,48.58440170940169,1005.66239316239,26.464799820062893,0
3503,4,2,1,45,0.043478260869565216,0.021739130434782608,0.9782608695652174,46,1200,900,300,0.75,15,9,6,361.05278258100657,0.44229066022544283,0.20171936094893494,0.18667286020068374,126383.31056986042,-73.79080939046801,126309.51976046995,1959,0,368.10869565217394,36,10,17,39.54436853697688,0.5836226851851851,48.6204954954955,1005.5180180180182,27.93105605605606,0
3504,4,1,0,46,0.021739130434782608,0.0,1.0,46,1000,700,300,0.7,13,7,6,352.75341456337446,0.442884460547504,0.2169607641353697,0.1796040626731675,125752.09690110298,-315.9166678271165,125436.18023327587,1960,0,368.69565217391306,42,4,16,40.40370495604291,0.5672123015873016,49.24903100775195,1003.0038759689946,23.881044665928442,8
3505,4,0,0,46,0.0,0.0,1.0,46,1550,900,650,0.5806451612903226,22,9,13,355.1260789195154,0.44317632850241545,0.2275474231995973,0.18177402063271633,125970.8701400156,-252.8917658193609,125717.97837419623,1961,1,369.69565217391306,42,4,17,40.118444337194354,0.5694444444444444,49.031007751937985,1003.8759689922479,23.90180878552971,0
3506,4,5,3,48,0.09803921568627451,0.058823529411764705,0.9411764705882353,51,1400,800,600,0.5714285714285714,20,8,12,330.87172416791157,0.45184640522875813,0.24328837640986345,0.17330359524850167,126913.29425707969,-1801.5747755816199,125111.71948149806,1962,0,334.3529411764706,46,5,17,39.75911343773827,0.573822463768116,48.093971631205676,1007.6241134751779,21.904872032069083,0
3507,4,3,1,50,0.058823529411764705,0.0196078431372549,0.9803921568627451,51,1450,1200,250,0.8275862068965517,17,12,5,341.80804201730575,0.45112745098039214,0.28486015461920533,0.18082231988778213,127317.18794288546,-1495.7635138095925,125821.42442907587,1963,0,335.1764705882353,41,10,12,39.06941167797109,0.5846036585365854,47.69345238095238,1009.2261904761903,24.615272938443663,0
3508,4,1,0,51,0.0196078431372549,0.0,1.0,51,1700,1400,300,0.8235294117647058,20,14,6,339.7465563837421,0.44848039215686275,0.2838904128145219,0.1804708771983361,127483.1412249862,-1537.6083543657526,125945.53287062045,1964,0,336.15686274509807,42,9,13,38.951456854090694,0.5848214285714286,47.52906976744185,1009.8837209302303,24.044850498338818,0
3509,4,0,3,48,0.0,0.058823529411764705,0.9411764705882353,51,1750,1300,450,0.7428571428571429,22,13,9,341.49943135814283,0.44738562091503264,0.28048162640537266,0.1821664122112792,127652.81635802473,-1481.327160493822,126171.48919753091,1965,1,337.15686274509807,44,7,15,38.733507421660256,0.5838068181818181,47.361111111111114,1010.5555555555559,22.967171717171723,0
3510,4,2,1,49,0.04,0.02,0.98,50,1350,800,550,0.5925925925925926,19,8,11,354.3952090721067,0.4470918367346939,0.2791382878645339,0.18448683018787965,126662.68957329003,-966.3285713829896,125696.36100190705,1966,0,344.68,43,7,17,39.42419253684541,0.5750968992248062,48.342803030303045,1006.6287878787905,23.409971811134664,8
3511,4,1,1,49,0.02,0.02,0.98,50,1750,1300,450,0.7428571428571429,22,13,9,349.9630157345101,0.4474404761904762,0.2801466441060345,0.18303375424698717,126853.41070506205,-1121.1995666896173,125732.21113837244,1967,0,345.62,43,7,18,39.339709845209,0.5770348837209303,48.15340909090909,1007.3863636363642,23.42758985200847,0
3512,4,1,0,50,0.02,0.0,1.0,50,1450,1100,350,0.7586206896551724,18,11,7,356.67547574957644,0.4484013605442177,0.2959264614749022,0.1878853077370726,127144.53667534712,-929.2356268652536,126215.30104848187,1968,0,346.44,39,11,20,38.87153136404325,0.5860042735042735,47.86458333333333,1008.5416666666657,25.86004273504271,0
3513,4,0,0,50,0.0,0.0,1.0,50,1150,900,250,0.782608695652174,14,9,5,356.9071904123873,0.44870748299319724,0.2961969986907045,0.1885966734222775,127271.40472147864,-915.1841042038407,126356.2206172748,1969,1,347.44,40,10,21,38.73543827844364,0.5856770833333333,47.738821138211385,1009.0447154471547,25.226117886178866,0
3514,4,0,1,49,0.0,0.02,0.98,50,1350,1000,350,0.7407407407407407,17,10,7,371.75693601444425,0.4487244897959184,0.2940982132823915,0.1882905505744189,125535.48216713338,-608.0421011695264,124927.44006596385,1970,2,348.44,36,14,17,40.1512810428138,0.5749421296296297,49.465090090090094,1002.1396396396399,27.83721221221222,7
3515,4,2,0,51,0.0392156862745098,0.0,1.0,51,1450,1100,350,0.7586206896551724,18,11,7,359.2873219347608,0.45130718954248367,0.3089601876077097,0.18411026453341772,126017.0175414566,-1144.7366498648607,124872.28089159174,1971,0,342.5098039215686,38,13,20,39.96639355891325,0.5762061403508771,48.98504273504273,1004.0598290598286,26.422627080521806,0
3516,4,2,2,51,0.03773584905660377,0.03773584905660377,0.9622641509433962,53,1350,900,450,0.6666666666666666,18,9,9,347.020324666677,0.45429668601838413,0.31521334097292564,0.18016744309320637,126553.94500146103,-1816.6360764117235,124737.3089250493,1972,0,330.54716981132077,38,15,19,39.72158809372124,0.5816885964912281,48.4508547008547,1006.1965811965813,26.478857399910034,0
3517,4,0,2,49,0.0,0.0392156862745098,0.9607843137254902,51,1150,600,550,0.5217391304347826,17,6,11,358.733010678585,0.4508986928104575,0.3187606012187796,0.18505939836187868,126291.69702456506,-1138.9998605340309,125152.69716403102,1973,1,344.47058823529414,37,14,19,39.6970791971201,0.5807995495495495,48.711622807017534,1005.1535087719283,27.166311047889952,0
3518,4,4,0,53,0.07547169811320754,0.0,1.0,53,1850,1200,650,0.6486486486486487,25,12,13,338.7746738610753,0.4558085389453314,0.3240293154529863,0.17822493711821757,127092.0138888886,-1983.8332467682699,125108.18064212034,1974,0,331.3018867924528,38,15,23,39.3767217630854,0.587171052631579,47.91666666666665,1008.333333333331,26.535087719298183,0
3519,4,2,5,50,0.03636363636363636,0.09090909090909091,0.9090909090909091,55,1700,1400,300,0.8235294117647058,20,14,6,357.36306415723686,0.45785634118967455,0.2925174341898602,0.18402290172082625,126218.23157793209,-1952.8115354938275,124265.42004243826,1975,0,320.2181818181818,41,14,17,39.80721607924442,0.5734247967479675,48.78472222222222,1004.8611111111111,24.50880758807588,8
3520,4,3,4,49,0.05660377358490566,0.07547169811320754,0.9245283018867925,53,800,400,400,0.5,12,4,8,366.8259373483453,0.45617138364779874,0.3425614731675284,0.19002528170791982,126462.58680555568,-1322.0486111111004,125140.53819444458,1976,0,332.58490566037733,39,14,17,39.31752278376138,0.579059829059829,48.54166666666667,1005.8333333333344,25.790598290598318,0
3521,4,2,0,51,0.0392156862745098,0.0,1.0,51,1650,1300,350,0.7878787878787878,20,13,7,347.96289082600344,0.4537254901960784,0.2960999005746663,0.17935818706850457,126258.4936468147,-1322.200078530236,124936.29356828447,1977,0,346.3529411764706,38,13,19,40.00190461004215,0.5786732456140351,48.744658119658105,1005.0213675213655,26.44793072424646,8
3522,4,0,1,50,0.0,0.0196078431372549,0.9803921568627451,51,1200,700,500,0.5833333333333334,17,7,10,345.33038595163083,0.4534640522875817,0.2954421718956959,0.17843302383325155,126357.83420138879,-1472.9600694444546,124884.87413194434,1978,1,347.3529411764706,39,12,16,39.96581019477828,0.5779914529914529,48.64583333333333,1005.4166666666658,25.77991452991451,0
3523,4,3,0,53,0.05660377358490566,0.0,1.0,53,1350,900,450,0.6666666666666666,18,9,9,349.6222199811726,0.45515844218674406,0.3427242181442236,0.1841824272271947,127147.30133310224,-1700.788704216715,125446.51262888552,1979,0,335.1698113207547,37,16,19,39.046531854751024,0.589527027027027,47.86184210526314,1008.5526315789454,27.258179231863387,0
3524,4,0,1,52,0.0,0.018867924528301886,0.9811320754716981,53,1350,900,450,0.6666666666666666,18,9,9,347.5332942525068,0.4552491533623609,0.34428419923665543,0.18392980564725092,127334.51727892818,-1749.4031476002783,125585.1141313279,1980,1,336.1698113207547,38,15,15,38.90719275960623,0.5896381578947368,47.676282051282044,1009.2948717948705,26.560391363022905,0
3525,4,1,0,53,0.018867924528301886,0.0,1.0,53,1600,1200,400,0.75,20,12,8,342.4596130762406,0.4565342283502661,0.3523518014949367,0.18257779800627646,127630.56593504181,-1858.337154636806,125772.22878040501,1981,0,335.79245283018867,40,13,16,38.73202252841194,0.5893229166666667,47.383130081300806,1010.4674796747954,25.261686991869887,0
3526,4,3,1,55,0.05357142857142857,0.017857142857142856,0.9821428571428571,56,1100,700,400,0.6363636363636364,15,7,8,327.01600357033,0.4592667748917749,0.3633191636198114,0.17764035168820436,128381.94580078122,-2799.278691856804,125582.66710892442,1982,0,318.75,39,17,14,38.355367972042366,0.5985576923076923,46.640625,1013.4374999999998,25.985576923076916,0
3527,4,0,1,54,0.0,0.01818181818181818,0.9818181818181818,55,1850,1400,450,0.7567567567567568,23,14,9,338.11412895273855,0.45848765432098765,0.3662512940454745,0.18344819216177158,128333.9040470449,-2321.6987636058357,126012.20528343906,1983,1,325.54545454545456,38,17,19,38.12319872065235,0.5997807017543859,46.68803418803418,1013.2478632478618,26.6644174538911,0
3528,4,0,0,54,0.0,0.0,1.0,54,1900,1400,500,0.7368421052631579,24,14,10,340.851042884019,0.45649895178197064,0.36437007349554906,0.1854008663110334,128434.73442925338,-2044.577365451395,126390.15706380199,1984,2,332.4074074074074,39,15,14,37.950985681499006,0.5990918803418803,46.588541666666664,1013.6458333333326,25.990918803418783,0
3529,4,1,1,54,0.01818181818181818,0.01818181818181818,0.9818181818181818,55,1600,1200,400,0.75,20,12,8,335.57815215537465,0.45679012345679015,0.37185301016419103,0.18420792129043953,128798.2646762408,-2355.623267825656,126442.64140841515,1985,0,327.3454545454546,41,14,17,37.714197289549126,0.5995934959349594,46.23015873015873,1015.0793650793645,24.758033294618645,0
3530,4,0,2,52,0.0,0.037037037037037035,0.962962962962963,54,1750,1400,350,0.8,21,14,7,338.5164710747974,0.4571904845096669,0.37019303845569174,0.1860567972599077,128848.62075617303,-2076.5239197530686,126772.09683641995,1986,1,329.14814814814815,41,13,17,37.588349293205646,0.6001016260162602,46.180555555555564,1015.2777777777793,24.762872628726324,0
3531,4,0,0,52,0.0,0.0,1.0,52,800,400,400,0.5,12,4,8,348.29599194857724,0.45457830568124685,0.3740592894427204,0.19071114432664935,128698.84033203125,-1434.941948784722,127263.89838324653,1987,2,342.1923076923077,39,13,18,37.49283526674196,0.6017628205128205,46.328125,1014.6875,26.017628205128204,0
3532,4,0,0,52,0.0,0.0,1.0,52,1750,1400,350,0.8,21,14,7,346.4407027745211,0.4546175842131725,0.3669041322966411,0.19020082526973014,128804.55864800356,-1475.3716362847172,127329.18701171884,1988,3,343.1923076923077,39,13,18,37.432123311099694,0.6028311965811965,46.223958333333336,1015.1041666666673,26.028311965811984,0
3533,4,1,0,53,0.018867924528301886,0.0,1.0,53,1800,1200,600,0.6666666666666666,24,12,12,343.94490757903526,0.4553096274794388,0.370774243330384,0.19035932599324454,129123.9106703184,-1717.6976956507574,127406.21297466764,1989,0,337.6981132075472,40,13,20,37.1702413092024,0.6044270833333334,45.909552845528445,1016.3617886178846,25.409044715447116,0
3534,4,0,0,53,0.0,0.0,1.0,53,1700,1100,600,0.6470588235294118,23,11,12,344.4176191756254,0.4550828495403967,0.3730725553002616,0.19074557181586937,129149.73416121338,-1703.7112086060076,127446.02295260737,1990,1,338.6981132075472,40,13,20,37.13194861027796,0.6046875,45.884146341463406,1016.4634146341448,25.411585365853618,0
3535,4,0,0,53,0.0,0.0,1.0,53,1550,1000,550,0.6451612903225806,21,10,11,341.9779629131958,0.45505261248185774,0.36575935663470505,0.1896423248882263,129201.38888888851,-1763.173788750122,127438.21510013839,1991,2,339.6981132075472,38,15,20,37.14139344262295,0.6085526315789473,45.833333333333314,1016.6666666666637,26.754385964912203,0
3536,4,0,0,53,0.0,0.0,1.0,53,1700,1200,500,0.7058823529411765,22,12,10,346.64615846338603,0.4547955974842767,0.37281195497066877,0.19276118157543373,129310.02995105517,-1635.0349733362996,127674.99497771887,1992,3,340.6981132075472,38,15,20,36.91220238095238,0.6096491228070176,45.726495726495706,1017.0940170940137,26.765632028789835,0
3537,4,0,0,53,0.0,0.0,1.0,53,1700,1200,500,0.7058823529411765,22,12,10,350.09238018476105,0.4545385824866957,0.375516268013669,0.19535031758991445,129445.8954840562,-1536.3956689678157,127909.49981508838,1993,4,341.6981132075472,38,15,18,36.68635170603675,0.6110197368421053,45.5929487179487,1017.6282051282024,26.779689608636904,0
3538,4,0,0,53,0.0,0.0,1.0,53,1450,1000,450,0.6896551724137931,19,10,9,351.9711872487505,0.45422109337203675,0.3732760498129051,0.19707904902941148,129581.83235627107,-1478.1857239389724,128103.6466323321,1994,5,342.6981132075472,38,15,18,36.5003060510668,0.612390350877193,45.45940170940169,1018.16239316239,26.793747188483948,0
3539,4,0,0,53,0.0,0.0,1.0,53,1550,1100,450,0.7096774193548387,20,11,9,354.4652232726007,0.45413038219641993,0.3748812840319111,0.19930308780232975,129745.05077069147,-1401.978322010415,128343.07244868105,1995,6,343.6981132075472,38,15,18,36.27088576621923,0.6140350877192983,45.29914529914528,1018.8034188034161,26.810616284300423,0
3540,4,0,3,50,0.0,0.05660377358490566,0.9433962264150944,53,1600,1400,200,0.875,18,14,4,349.3955435848325,0.4540245524915336,0.3736928579478396,0.197411585105391,129935.60209155147,-1520.2159352399854,128415.38615631148,1996,7,344.6981132075472,38,15,18,36.20651262705649,0.615953947368421,45.11217948717948,1019.5512820512809,26.830296896086338,0
3541,4,0,1,49,0.0,0.02,0.98,50,1250,900,350,0.72,16,9,7,362.8706805341229,0.4525170068027211,0.3742740286298569,0.20395834802435184,129731.44531249999,-584.8524305555554,129146.59288194442,1997,12,364.52,37,13,20,36.07063735514656,0.6157094594594594,45.3125,1018.7499999999999,27.533783783783782,0
3542,4,0,0,49,0.0,0.0,1.0,49,1700,1300,400,0.7647058823529411,21,13,8,367.74421867145713,0.45115858843537415,0.3756247857233077,0.20692473199871542,129774.47041636227,-255.237754646545,129519.23266171572,1998,13,372.1224489795918,36,13,20,35.90273172708517,0.6180555555555556,45.27027027027027,1018.9189189189185,28.30330330330329,0
3543,4,0,0,49,0.0,0.0,1.0,49,1700,1200,500,0.7058823529411765,22,12,10,369.025809318332,0.4505562641723356,0.3735435214165157,0.2090223111317157,130032.77084094238,-202.91030050319972,129829.86054043919,1999,14,373.1224489795918,36,13,20,35.60735710868204,0.6206597222222222,45.016891891891895,1019.9324324324332,28.33145645645648,0
3544,4,0,1,48,0.0,0.02040816326530612,0.9795918367346939,49,1450,1200,250,0.8275862068965517,17,12,5,368.3370367824857,0.4496350623582766,0.37714790175615565,0.20940214725990502,130176.38204082473,-210.24343600356104,129966.13860482117,2000,15,374.1224489795918,36,13,20,35.478968954608995,0.6221064814814814,44.87612612612613,1020.4954954954965,28.347097097097123,0
3545,4,0,0,48,0.0,0.0,1.0,48,1050,500,550,0.47619047619047616,16,5,11,373.67167916198196,0.44839686761229314,0.3774828956080334,0.21243492826636637,130176.38204082458,128.6454528853139,130305.0274937099,2001,16,382.1458333333333,36,12,21,35.34286949165011,0.6221064814814814,44.876126126126124,1020.4954954954952,28.34709709709709,0
3546,4,0,0,48,0.0,0.0,1.0,48,1550,1000,550,0.6451612903225806,21,10,11,374.6772178259059,0.4481752364066194,0.37916666666666643,0.21347887992406278,130262.5868055556,161.34178942456816,130423.92859498017,2002,17,383.1458333333333,34,14,21,35.229591836734706,0.6271446078431373,44.79166666666667,1020.8333333333338,30.024509803921582,0
3547,4,0,1,47,0.0,0.020833333333333332,0.9791666666666666,48,1200,1000,200,0.8333333333333334,14,10,4,378.6356332814054,0.4475749852245863,0.3814362156702793,0.2167493241619575,130444.9422477326,278.2206632653264,130723.16291099793,2003,18,384.1458333333333,34,14,21,34.943236996465075,0.6289828431372548,44.61309523809525,1021.5476190476204,30.045518207282953,0
3548,4,0,1,46,0.0,0.02127659574468085,0.9787234042553191,47,1000,500,500,0.5,15,5,10,386.5718997772127,0.44811902559358624,0.3906673984352058,0.2211445974360379,130419.01139285388,683.2650002403103,131102.2763930942,2004,19,379.2340425531915,33,14,22,34.76692161567685,0.6309974747474747,44.63848039215687,1021.446078431374,30.952911467617394,0
3549,4,0,0,46,0.0,0.0,1.0,46,2000,1400,600,0.7,26,14,12,385.224049846874,0.4479468599033816,0.38200991198036394,0.22180291565717522,130669.4859699394,867.4057153498607,131536.89168528927,2005,20,375.10869565217394,33,13,19,34.54680071117503,0.6335227272727273,44.393382352941174,1022.4264705882349,30.982620320855602,0
3550,4,0,0,46,0.0,0.0,1.0,46,1300,600,700,0.46153846153846156,20,6,14,395.5256918542801,0.44775563607085345,0.3911068869101846,0.21275932492773852,127989.47707912806,956.0209715013214,128945.49805062938,2006,21,376.10869565217394,33,13,20,37.022501110169145,0.6063762626262627,47.02818627450979,1011.8872549019594,30.663250148544225,8
3551,4,0,0,46,0.0,0.0,1.0,46,1450,800,650,0.5517241379310345,21,8,13,398.1439143761958,0.4467793880837359,0.3958668813741275,0.21499771376314594,128144.53125000012,1003.9930555555686,129148.52430555568,2007,22,377.10869565217394,33,13,20,36.79698216735254,0.6079545454545454,46.87500000000001,1012.5000000000009,30.68181818181821,0
3552,4,3,0,49,0.061224489795918366,0.0,1.0,49,1550,1000,550,0.6451612903225806,21,10,11,373.9048787606092,0.4497413548752835,0.41014578665020296,0.20751095512219234,129232.53864198868,-131.52438365051688,129101.01425833817,2008,0,354.9591836734694,33,16,20,36.29813486802459,0.6190025252525253,45.802696078431374,1016.7892156862747,30.811794414735598,0
3553,4,0,0,49,0.0,0.0,1.0,49,1100,800,300,0.7272727272727273,14,8,6,374.89098562926387,0.45000708616780044,0.40990410622080087,0.2085519558125262,129326.0104286813,-103.36889657823974,129222.64153210307,2009,1,355.9591836734694,33,16,20,36.17771084337348,0.619949494949495,45.71078431372549,1017.1568627450982,30.822935234699948,0
3554,4,0,0,49,0.0,0.0,1.0,49,1400,1000,400,0.7142857142857143,18,10,8,373.64650890692405,0.4502019557823129,0.4037646364987897,0.20868421361614015,129481.87183114664,-123.91012471165476,129357.96170643499,2010,2,356.9591836734694,33,16,20,36.05044651816174,0.6215277777777778,45.557598039215684,1017.769607843137,30.84150326797385,0
3555,4,0,0,49,0.0,0.0,1.0,49,1650,1200,450,0.7272727272727273,21,12,9,371.5502060636152,0.45021967120181405,0.40292864017599306,0.2086706292432951,129700.23548635133,-161.9701557093573,129538.26533064198,2011,3,357.9591836734694,33,16,20,35.88135627205644,0.6237373737373737,45.343137254901954,1018.6274509803916,30.867498514557322,0
3556,4,1,0,50,0.02,0.0,1.0,50,1450,1000,450,0.6896551724137931,19,10,9,365.01576018367206,0.4514455782312925,0.40390010502975815,0.2070033123106477,130080.3589143991,-503.7237811791395,129576.63513321996,2012,0,351.78,34,16,21,35.66124985412532,0.6253063725490196,44.970238095238095,1020.1190476190477,30.003501400560225,0
3557,4,0,0,50,0.0,0.0,1.0,50,1100,600,500,0.5454545454545454,16,6,10,363.72559608174225,0.4511819727891156,0.3996220251983207,0.20675436403267197,130171.45691609972,-530.661848072565,129640.79506802716,2013,1,352.78,34,16,21,35.60161961424795,0.6262254901960784,44.88095238095238,1020.47619047619,30.014005602240882,0
3558,4,0,1,49,0.0,0.02,0.98,50,1850,1600,250,0.8648648648648649,21,16,5,365.33317806971246,0.4504166666666667,0.4016968678747148,0.20865807901678637,130356.43029423774,-475.2623200015368,129881.1679742362,2014,2,353.78,33,17,21,35.372789911596456,0.6303661616161615,44.69975490196078,1021.2009803921565,30.94548425430777,0
3559,4,0,0,49,0.0,0.0,1.0,49,1950,1600,350,0.8205128205128205,23,16,7,364.6303190133316,0.4485012755102041,0.39679848926265904,0.209945531506434,130669.48596993953,-270.78872909456925,130398.69724084497,2015,3,360.51020408163265,33,16,19,35.073190099484584,0.6335227272727273,44.39338235294118,1022.426470588236,30.982620320855638,0
3560,4,1,0,50,0.02,0.0,1.0,50,1250,1000,250,0.8,15,10,5,354.37896087385224,0.4486904761904762,0.38581725180190696,0.2062495143056072,131084.1907596371,-709.3041383220029,130374.8866213151,2016,0,354.28,34,16,20,34.9155719600093,0.6354166666666667,43.988095238095234,1024.0476190476184,30.1190476190476,0
3561,4,0,0,50,0.0,0.0,1.0,50,1450,1100,350,0.7586206896551724,18,11,7,353.53251136588585,0.4483843537414966,0.38331977217249835,0.20592012154913433,131114.67013888882,-729.3402777777885,130385.32986111102,2017,1,355.28,34,16,20,34.90642799023596,0.6357230392156863,43.95833333333333,1024.166666666666,30.122549019607824,0
3562,4,0,1,49,0.0,0.02,0.98,50,1250,800,450,0.64,17,8,9,352.3457676264874,0.4482397959183673,0.38033472803347257,0.20539180112861102,131145.15306122453,-758.312074829927,130386.8409863946,2018,2,356.28,34,16,20,34.906003021850296,0.6360294117647058,43.92857142857143,1024.2857142857147,30.126050420168077,0
3563,4,0,0,49,0.0,0.0,1.0,49,1500,1300,200,0.8666666666666667,17,13,4,362.79748058996336,0.4465702947845805,0.38991682849082165,0.21093757483153405,131045.64838343434,-291.3937848423585,130754.25459859199,2019,3,364.3469387755102,33,16,20,34.739053461001404,0.6373106060606061,44.02573529411765,1023.8970588235301,31.027183600713034,0
3564,4,0,1,48,0.0,0.02040816326530612,0.9795918367346939,49,1550,1100,450,0.7096774193548387,20,11,9,363.54576537934537,0.4461805555555556,0.3926104668770327,0.21154515428341325,131077.0196559018,-269.50091311031883,130807.51874279148,2020,4,365.3469387755102,33,16,20,34.68814823679591,0.6376262626262627,43.9950980392157,1024.019607843139,31.03089720736785,0
3565,4,0,2,46,0.0,0.041666666666666664,0.9583333333333334,48,1100,900,200,0.8181818181818182,13,9,4,374.35811459862884,0.4457557624113475,0.3324757230314548,0.2017445266045172,128063.41428336629,-11.684335963168962,128051.72994740312,2021,5,370.75,38,10,16,37.48218809373022,0.5970394736842105,46.95512820512821,1012.1794871794879,26.636302294197048,8
3566,4,2,0,48,0.041666666666666664,0.0,1.0,48,1250,1000,250,0.8,15,10,5,365.26850460197903,0.44754728132387706,0.32935736502999347,0.19879970244419687,128458.27880245114,-215.59595538285333,128242.68284706828,2022,0,367.0833333333333,36,12,17,37.30814448641043,0.6047453703703703,46.56531531531532,1013.7387387387391,28.15940940940942,0
3567,4,0,0,48,0.0,0.0,1.0,48,1400,900,500,0.6428571428571429,19,9,10,366.72864326291887,0.4469654994089835,0.33580390850544073,0.20016716128641512,128572.46393352826,-169.75894813731384,128402.70498539094,2023,1,368.0833333333333,36,12,17,37.15439706862091,0.6059027777777778,46.45270270270271,1014.1891891891903,28.171921921921953,0
3568,4,1,0,49,0.02040816326530612,0.0,1.0,49,1550,1000,550,0.6451612903225806,21,10,11,360.1758841594073,0.4483064058956916,0.33908134620723707,0.19833228532012062,128922.84765504759,-513.0198714989378,128409.82778354865,2024,0,361.55102040816325,37,12,19,36.96285899373784,0.607545045045045,46.10745614035087,1015.5701754385956,27.4478425794215,0
3569,4,2,0,51,0.0392156862745098,0.0,1.0,51,1300,900,400,0.6923076923076923,17,9,8,346.72215511577554,0.4506045751633987,0.34411363453976396,0.19400560282432333,129554.63927469144,-1215.8066798331035,128338.83259485834,2025,0,348.3333333333333,38,13,17,36.66155070486584,0.6121162280701755,45.486111111111114,1018.0555555555562,26.79093567251464,0
3570,4,1,2,50,0.019230769230769232,0.038461538461538464,0.9615384615384616,52,1250,800,450,0.64,17,8,9,334.32506112312115,0.4513181875314228,0.30682035743717373,0.1814150258272907,128338.88942992063,-1802.7042375218152,126536.18519239881,2026,0,342.61538461538464,37,15,19,38.21409569671391,0.6016328828828829,46.68311403508771,1013.2675438596482,27.385609293504004,8
3571,4,1,3,48,0.0196078431372549,0.058823529411764705,0.9411764705882353,51,1500,1000,500,0.6666666666666666,20,10,10,336.91368017534654,0.4511601307189543,0.33055461942641107,0.18409855022457947,128616.79945992987,-1533.448152316103,127083.35130761376,2027,0,349.3333333333333,37,14,20,37.865163225597236,0.6044481981981982,46.40899122807017,1014.3640350877184,27.415244191559957,0
3572,4,2,0,50,0.04,0.0,1.0,50,1200,800,400,0.6666666666666666,16,8,8,344.92207362071923,0.44875,0.35980129589632814,0.189666175874576,128867.17547706974,-1110.1733225608064,127757.00215450894,2028,0,357.08,37,13,22,37.40685745140388,0.6069819819819819,46.162280701754376,1015.3508771929814,27.441915599810308,0
3573,4,2,0,52,0.038461538461538464,0.0,1.0,52,1450,1000,450,0.6896551724137931,19,10,9,331.3865042108818,0.45202520110608346,0.35924127067471745,0.1845936230680389,129377.95380015444,-1823.4471317029033,127554.50666845153,2029,0,344.3076923076923,35,17,24,37.23122866894198,0.6160714285714286,45.65972222222223,1017.3611111111121,29.067460317460345,0
3574,4,0,1,51,0.0,0.019230769230769232,0.9807692307692307,52,1000,800,200,0.8,12,8,4,332.5920412385815,0.4517423956762192,0.36144746972772457,0.18554246361482285,129436.83556241433,-1790.067729766798,127646.76783264753,2030,1,345.3076923076923,35,17,19,37.14077191386109,0.6166666666666667,45.601851851851855,1017.5925925925931,29.074074074074087,0
3575,4,0,0,51,0.0,0.0,1.0,51,1250,900,350,0.72,16,9,7,333.5448892495473,0.4506045751633987,0.35385068079073356,0.18663236932818184,129554.6392746914,-1557.5424382715983,127997.0968364198,2031,2,342.8627450980392,35,16,19,36.996930422919505,0.6178571428571429,45.486111111111114,1018.055555555556,29.0873015873016,0
3576,4,0,0,51,0.0,0.0,1.0,51,1400,900,500,0.6428571428571429,19,9,10,333.6735537190083,0.45044117647058823,0.3574688057041,0.18726576994434146,129672.49657064477,-1546.3434499314055,128126.15312071337,2032,3,343.8627450980392,35,16,20,36.87405303030304,0.6190476190476191,45.370370370370374,1018.5185185185189,29.100529100529112,0
3577,4,0,2,49,0.0,0.0392156862745098,0.9607843137254902,51,1650,1300,350,0.7878787878787878,20,13,7,331.48699275235435,0.45013071895424833,0.3528989863831491,0.1868509155629555,129843.17440222,-1591.7353175977146,128251.43908462228,2033,4,344.8627450980392,37,14,20,36.75665680473373,0.6168355855855856,45.202850877192986,1019.1885964912287,27.545637743006182,0
3578,4,0,0,49,0.0,0.0,1.0,49,950,700,250,0.7368421052631579,12,7,5,336.64057925468285,0.44743835034013607,0.3476244609249526,0.18942313190897855,129774.47041636256,-1062.5294213131835,128711.94099504937,2034,5,357.1224489795918,36,13,20,36.69503389330974,0.6180555555555556,45.27027027027028,1018.9189189189209,28.30330330330336,0
3579,4,0,1,48,0.0,0.02040816326530612,0.9795918367346939,49,1200,800,400,0.6666666666666666,16,8,8,338.3996148285164,0.44747378117913833,0.3560361188875809,0.19125281602106048,129946.64216581453,-1005.221268565856,128941.42089724867,2035,6,358.1224489795918,36,13,20,36.47559089905015,0.6197916666666667,45.101351351351354,1019.5945945945952,28.32207207207209,0
3580,4,0,0,48,0.0,0.0,1.0,48,1800,1200,600,0.6666666666666666,24,12,12,349.17476557105624,0.44734411938534274,0.3620572207084467,0.19714944456088856,129908.37191358012,-527.8549382716229,129380.51697530849,2036,7,366.3125,35,13,20,36.23978201634878,0.6214285714285714,45.13888888888888,1019.4444444444434,29.126984126984098,0
3581,4,0,0,48,0.0,0.0,1.0,48,1300,800,500,0.6153846153846154,18,8,10,351.37472062330664,0.4464945330969267,0.36565536660777376,0.19887809187279168,130004.05811216631,-463.9720801882832,129540.08603197803,2037,8,367.3125,36,12,20,36.086572438162555,0.6203703703703703,45.04504504504505,1019.8198198198205,28.328328328328347,0
3582,4,0,0,48,0.0,0.0,1.0,48,1750,1300,450,0.7428571428571429,22,13,9,357.1325979267563,0.4459589243498818,0.3715247131509267,0.2033322781160879,130233.84871357835,-297.84945418392584,129935.99925939442,2038,9,368.3125,36,12,20,35.70650375110327,0.6226851851851851,44.81981981981981,1020.72072072072,28.353353353353334,0
3583,4,1,2,47,0.02040816326530612,0.04081632653061224,0.9591836734693877,49,1900,1500,400,0.7894736842105263,23,15,8,349.9640641972027,0.446641156462585,0.36504662414569977,0.20144044124166002,130657.8514739225,-654.8799445819653,130002.97152934055,2039,0,361.7755102040816,34,15,19,35.45984707343581,0.6311274509803921,44.404761904761884,1022.3809523809491,30.070028011204386,0
3584,4,1,0,48,0.020833333333333332,0.0,1.0,48,1200,900,300,0.75,15,9,6,346.6445242717775,0.4462174940898345,0.37529820784359447,0.20031717532396628,130810.0357851471,-531.0834750567205,130278.95231009039,2040,0,369.0416666666667,34,14,20,35.39072500872805,0.6326593137254901,44.255952380952365,1022.9761904761881,30.08753501400553,0
3585,4,0,0,48,0.0,0.0,1.0,48,700,400,300,0.5714285714285714,10,4,6,345.1813025941324,0.445811170212766,0.37294494720965377,0.19969913055838495,130854.01663237273,-566.3280178326922,130287.68861454003,2041,1,370.0416666666667,35,13,20,35.38367269984918,0.6309523809523809,44.21296296296294,1023.1481481481451,29.232804232804146,0
3586,4,0,0,48,0.0,0.0,1.0,48,1100,800,300,0.7272727272727273,14,8,6,319.0113667366712,0.44569111997635935,0.2891215365239297,0.17837677830205417,129527.44904667977,-1309.9197906267027,128217.52925605307,2042,2,371.0416666666667,38,10,13,37.39439021830396,0.611842105263158,45.51282051282051,1017.9487179487176,26.788124156545198,8
3587,4,1,0,49,0.02040816326530612,0.0,1.0,49,1000,500,500,0.5,15,5,10,317.97052469282323,0.44533021541950113,0.3016966802666847,0.17984871729243468,129977.4491456806,-1534.200459382631,128443.24868629797,2043,0,364.44897959183675,40,9,14,36.96515181715501,0.6130208333333333,45.07113821138212,1019.7154471544725,25.492886178861813,0
3588,4,0,0,49,0.0,0.0,1.0,49,1550,1100,450,0.7096774193548387,20,11,9,324.0428723353598,0.44440901360544216,0.30558175461419634,0.18401529628093966,130132.94004891271,-1366.2696642210253,128766.6703846917,2044,1,365.44897959183675,40,9,14,36.652971447543166,0.6145833333333333,44.91869918699187,1020.3252032520328,25.50813008130082,0
3589,4,1,0,50,0.02,0.0,1.0,50,950,300,650,0.3157894736842105,16,3,13,321.9630242222453,0.44534863945578235,0.31521017376953697,0.1847655215884873,130541.23682169618,-1594.1097214348792,128947.12710026129,2045,0,359.12,41,9,13,36.29330081221888,0.6171239837398375,44.5188492063492,1021.9246031746025,24.924990321331766,0
3590,4,0,0,50,0.0,0.0,1.0,50,1200,800,400,0.6666666666666666,16,8,8,327.4935430081216,0.4447448979591837,0.32141484716157254,0.1884322144443712,130642.63791454061,-1443.0759282880013,129199.56198625261,2046,1,360.12,41,9,14,36.04955118874333,0.618140243902439,44.41964285714285,1022.3214285714268,24.934668989546996,0
3591,4,0,0,50,0.0,0.0,1.0,50,1500,1200,300,0.8,18,12,6,328.877125236455,0.4442431972789116,0.32012412723041117,0.19009982709856066,130820.1845553035,-1395.2467561098638,129424.93779919363,2047,2,361.12,41,9,15,35.834868761313665,0.6199186991869918,44.24603174603174,1023.0158730158722,24.951606658923712,0
3592,4,0,0,50,0.0,0.0,1.0,50,1400,900,500,0.6428571428571429,19,9,10,334.24219717988325,0.4435799319727891,0.3240434192672996,0.1939657474973023,130972.46334876542,-1244.6952160493847,129727.76813271604,2048,3,362.12,41,9,15,35.54387155133423,0.6214430894308943,44.09722222222222,1023.6111111111111,24.96612466124661,0
3593,4,0,0,50,0.0,0.0,1.0,50,1950,1600,350,0.8205128205128205,23,16,7,318.346406451482,0.44353741496598637,0.24590497952965817,0.17775610350664092,129472.4449871552,-1674.5994560790305,127797.84553107618,2049,4,363.12,42,8,13,37.467072899806396,0.6049107142857143,45.56686046511628,1017.7325581395348,24.231727574750828,8
3594,4,2,0,52,0.038461538461538464,0.0,1.0,52,1600,1400,200,0.875,18,14,4,315.1204150135549,0.4453792735042735,0.26921680606559883,0.17878458973323133,130097.22650891644,-2200.741598079549,127896.4849108369,2050,0,350.11538461538464,44,8,15,36.91667423004781,0.6084280303030303,44.95370370370371,1020.1851851851861,23.18602693602696,0
3595,4,0,0,52,0.0,0.0,1.0,52,800,600,200,0.75,10,6,4,315.1172786806254,0.44506504524886875,0.27041371801850844,0.1792168547790431,130191.70524691367,-2194.8688271604856,127996.83641975318,2051,1,351.11538461538464,44,8,16,36.82124387588459,0.609375,44.861111111111114,1020.5555555555562,23.19444444444446,0
3596,4,0,0,52,0.0,0.0,1.0,52,1400,900,500,0.6428571428571429,19,9,10,317.18913207537804,0.44477438411261944,0.277317609120614,0.18094884772681105,130310.9262009299,-2133.3387935542187,128177.58740737569,2052,2,352.11538461538464,43,9,16,36.64788536449637,0.6119186046511628,44.74431818181819,1021.0227272727284,23.74471458773787,0
3597,4,0,1,51,0.0,0.019230769230769232,0.9807692307692307,52,1500,1000,500,0.6666666666666666,20,10,10,319.47539631051177,0.4446958270487682,0.28064233871811095,0.1829149998699473,130451.69860253808,-2064.7783779149217,128386.92022462316,2053,3,353.11538461538464,44,8,16,36.447286927097494,0.6119791666666667,44.606481481481495,1021.5740740740769,23.217592592592656,0
3598,4,0,0,51,0.0,0.0,1.0,51,1150,500,650,0.43478260869565216,18,5,13,323.15061915874765,0.44302287581699346,0.28983263370222967,0.1852707322381986,130504.37345758766,-1765.4861828511966,128738.88727473647,2054,4,360.88235294117646,43,8,13,36.30020080321287,0.6138565891472868,44.55492424242426,1021.7803030303064,23.762332628611777,0
3599,4,0,0,51,0.0,0.0,1.0,51,1350,700,650,0.5185185185185185,20,7,13,308.98110878338264,0.44300653594771244,0.18805221434979225,0.1686639997487272,128576.3575025826,-2249.283674816352,126327.07382776625,2055,5,361.88235294117646,43,8,15,38.61461251167134,0.5944767441860466,46.44886363636363,1014.204545454545,23.586152219873142,8
3600,4,0,0,51,0.0,0.0,1.0,51,1300,900,400,0.6923076923076923,17,9,8,312.3748321281798,0.44279411764705884,0.1889988890170089,0.17082550161251608,128648.39916386876,-2162.695581525485,126485.70358234327,2056,6,362.88235294117646,43,8,15,38.45532297208998,0.595203488372093,46.37784090909091,1014.488636363636,23.592758985200838,0
3601,4,2,0,53,0.03773584905660377,0.0,1.0,53,1200,700,500,0.5833333333333334,17,7,10,306.97444074732203,0.4459663763909047,0.20467351478780516,0.1699339023002319,129132.33109017268,-2671.9349762392444,126460.39611393344,2057,0,350.1509433962264,45,8,18,38.10108650447077,0.5974537037037038,45.901268115942024,1016.3949275362313,22.586553945249584,0
3602,4,0,0,53,0.0,0.0,1.0,53,1150,800,350,0.6956521739130435,15,8,7,302.4970373380285,0.44566400580551524,0.2099898308345587,0.1681491628603695,129295.54183813428,-2777.6778700511104,126517.86396808317,2058,1,351.1509433962264,44,9,18,38.049473476571976,0.6003787878787878,45.74074074074073,1017.0370370370358,23.114478114478086,0
3603,4,0,2,51,0.0,0.03773584905660377,0.9622641509433962,53,1600,1400,200,0.875,18,14,4,304.21097430443024,0.44548258345428154,0.21459430871413754,0.1695066017067484,129389.72908093275,-2727.644890260636,126662.08419067212,2059,2,352.1509433962264,44,9,18,37.91048568134934,0.6013257575757576,45.648148148148145,1017.4074074074072,23.122895622895616,0
3604,4,0,0,51,0.0,0.0,1.0,51,2000,1500,500,0.75,25,15,10,306.6056895619255,0.444624183006536,0.20125125398996824,0.17148861408900615,129538.57197687094,-2256.5473628328805,127282.02461403806,2060,3,347.80392156862746,43,8,13,37.698837209302305,0.6041666666666667,45.50189393939394,1017.9924242424239,23.674242424242415,0
3605,4,0,1,50,0.0,0.0196078431372549,0.9803921568627451,51,1950,1700,250,0.8717948717948718,22,17,5,310.50601635043887,0.4440359477124183,0.2064858675476886,0.17409706464195113,129634.99070965349,-2149.511091023864,127485.47961862963,2061,4,348.80392156862746,43,8,13,37.50193726365383,0.6051356589147288,45.407196969696976,1018.3712121212131,23.683051444679375,0
3606,4,0,0,50,0.0,0.0,1.0,50,2000,1600,400,0.8,24,16,8,309.3651992773627,0.4439455782312925,0.2026083795328546,0.17393690790234156,129743.23666838146,-1972.39154663922,127770.84512174224,2062,5,356.42,44,6,15,37.42142294525736,0.6048768939393939,45.30092592592593,1018.7962962962972,23.1544612794613,0
3607,4,0,0,50,0.0,0.0,1.0,50,1150,700,450,0.6086956521739131,16,7,9,309.1153270030502,0.4438520408163265,0.21084251688588673,0.17425679656504614,129846.81855177479,-1972.4716446124849,127874.34690716231,2063,6,357.42,45,5,17,37.32299443061973,0.6046296296296296,45.199275362318836,1019.2028985507243,22.648953301127207,0
3608,4,0,0,50,0.0,0.0,1.0,50,1450,1200,250,0.8275862068965517,17,12,5,310.374011929241,0.44342687074829934,0.21599538065203894,0.17548368921584456,129962.24307032397,-1932.6194437880706,128029.62362653589,2064,7,358.42,45,5,17,37.17418421130555,0.6057870370370371,45.08605072463768,1019.6557971014491,22.659017713365536,0
3609,4,0,0,50,0.0,0.0,1.0,50,1700,1400,300,0.8235294117647058,20,14,6,312.38050786182896,0.44323129251700677,0.21468963679957365,0.17703658273940903,130054.6196062409,-1874.69437552509,128179.92523071582,2065,8,359.42,45,5,17,37.02962658733683,0.606712962962963,44.99547101449276,1020.0181159420297,22.667069243156217,0
3610,4,0,0,50,0.0,0.0,1.0,50,1500,1000,500,0.6666666666666666,20,10,10,313.54628412036203,0.4428996598639456,0.2213585823488533,0.1783371948020556,130194.72109048831,-1835.5857979980997,128359.13529249022,2066,9,360.42,46,4,17,36.85827831827659,0.6068840579710144,44.85815602836879,1020.5673758865241,22.18624730188096,0
3611,4,0,0,50,0.0,0.0,1.0,50,1850,1600,250,0.8648648648648649,21,16,5,313.09213776886924,0.4421938775510204,0.21998145228600596,0.1787227380392652,130335.09926143548,-1838.567979161237,128496.53128227424,2067,10,361.42,43,7,17,36.72804800766639,0.6121608527131783,44.720643939393945,1021.117424242425,23.746916842847096,0
3612,4,0,0,50,0.0,0.0,1.0,50,1250,700,550,0.56,18,7,11,314.4721012058471,0.4411479591836735,0.21255469039673747,0.1800703305630932,130455.9981921487,-1795.0456267217642,128660.95256542694,2068,11,362.42,43,7,18,36.570726733407504,0.6133720930232558,44.60227272727273,1021.5909090909087,23.757928118393224,0
3613,4,0,0,50,0.0,0.0,1.0,50,1750,1100,650,0.6285714285714286,24,11,13,311.9608092019007,0.44086734693877555,0.21742075710921904,0.17959704146023936,130664.61334019214,-1847.5522976680297,128817.0610425241,2069,12,363.42,44,6,11,36.42437209442733,0.6141098484848485,44.39814814814815,1022.4074074074082,23.236531986532004,0
3614,4,1,0,51,0.0196078431372549,0.0,1.0,51,1600,1000,600,0.625,22,10,12,313.313617164948,0.4414869281045752,0.23423450960015102,0.18189202299666438,130987.58806303758,-1991.9609960515045,128995.62706698607,2070,0,357.27450980392155,46,5,12,36.064201379867804,0.6148097826086957,44.08244680851064,1023.6702127659574,22.253700277520814,0
3615,4,0,1,50,0.0,0.0196078431372549,0.9803921568627451,51,1650,1300,350,0.7878787878787878,20,13,7,317.01338520106503,0.44122549019607843,0.2381046939679532,0.1846926696534496,131123.7497877999,-1886.4032399024209,129237.34654789748,2071,1,358.27450980392155,46,5,12,35.832323494619,0.6161684782608696,43.94946808510638,1024.2021276595744,22.26526364477336,0
3616,4,0,0,50,0.0,0.0,1.0,50,1300,900,400,0.6923076923076923,17,9,8,319.2078591254001,0.4390221088435374,0.23506236178681972,0.18572541674794904,131072.9275378729,-1632.0982822673732,129440.82925560552,2072,2,366.16,45,5,12,35.82734409553294,0.6168981481481481,43.999094202898554,1024.0036231884064,22.755636070853477,0
3617,4,0,1,49,0.0,0.02,0.98,50,1500,700,800,0.4666666666666667,23,7,16,322.21574562982994,0.4392602040816327,0.23971890745160462,0.18838381035195165,131258.5010780954,-1541.288840973536,129717.21223712187,2073,3,367.16,45,5,14,35.56334526650756,0.61875,43.817934782608695,1024.7282608695648,22.771739130434774,0
3618,4,0,0,49,0.0,0.0,1.0,49,1750,1300,450,0.7428571428571429,22,13,9,335.1637660205845,0.43847434807256236,0.25319470999168514,0.19618866875102337,131304.39921982173,-998.3046124828431,130306.09460733889,2074,4,346.0408163265306,44,5,15,35.18535248592166,0.6205018939393939,43.77314814814815,1024.9074074074078,23.293350168350177,0
3619,4,0,0,49,0.0,0.0,1.0,49,1700,1300,400,0.7647058823529411,21,13,8,339.33906745133595,0.43845663265306123,0.25397702601350103,0.19981582901177716,131531.57675107053,-873.2330509364506,130658.34370013408,2075,5,347.0408163265306,41,8,17,34.849290780141835,0.6270325203252032,43.55158730158729,1025.7936507936486,25.019357336430453,0
3620,4,0,0,49,0.0,0.0,1.0,49,1000,600,400,0.6,14,6,8,339.187009406053,0.4379960317460318,0.25584755329354714,0.2007456523825544,131725.71228441794,-864.0699176732255,130861.64236674471,2076,6,348.0408163265306,42,7,13,34.65758920143478,0.6274801587301587,43.36240310077519,1026.5503875968986,24.441675895164252,0
3621,4,0,0,49,0.0,0.0,1.0,49,1950,1500,450,0.7692307692307693,24,15,9,338.8851610696274,0.43686224489795916,0.2501660385736302,0.201418484499849,131886.83824215143,-861.1015158689368,131025.73672628248,2077,7,349.0408163265306,43,6,13,34.5031076180818,0.6276647286821706,43.205492424242415,1027.1780303030287,23.887861169837876,0
3622,4,0,0,49,0.0,0.0,1.0,49,1050,600,450,0.5714285714285714,15,6,9,338.08025925625026,0.43679138321995464,0.2550089430297975,0.20145573273967965,131984.12682399258,-875.7544371269702,131108.3723868656,2078,8,350.0408163265306,43,6,14,34.42587856725954,0.6286337209302326,43.110795454545446,1027.5568181818167,23.896670190274804,0
3623,4,0,1,48,0.0,0.02040816326530612,0.9795918367346939,49,1300,1000,300,0.7692307692307693,16,10,6,339.4512535833759,0.4366850907029478,0.2603761239155702,0.20266248109977741,132057.116800103,-834.6092315197733,131222.5075685832,2079,9,351.0408163265306,43,6,14,34.31722560039308,0.6293604651162791,43.03977272727271,1027.8409090909065,23.903276955602475,0
3624,4,0,0,48,0.0,0.0,1.0,48,1600,1300,300,0.8125,19,13,6,343.70175119246505,0.4352098108747045,0.2667397385127923,0.20502254067195017,132024.29710504136,-524.6035770086277,131499.69352803275,2080,23,359.1666666666667,42,6,14,34.24103494877114,0.6304563492063492,43.07170542635657,1027.7131782945705,24.469361387965964,0
3625,4,0,0,48,0.0,0.0,1.0,48,1200,1000,200,0.8333333333333334,14,10,4,340.24327519873924,0.43491430260047287,0.25785815268614476,0.20349386414084672,132123.90049426103,-609.1462727600663,131514.75422150097,2081,24,360.1666666666667,42,6,15,34.22969682689285,0.6314484126984127,42.97480620155038,1028.1007751937975,24.478589885566606,0
3626,4,0,0,48,0.0,0.0,1.0,48,1400,1100,300,0.7857142857142857,17,11,6,339.6438607645491,0.4335845153664302,0.2547349376785666,0.2040746389211779,132298.2967989452,-613.1391405264208,131685.1576584188,2082,25,361.1666666666667,42,6,16,34.06977017990018,0.6331845238095238,42.80523255813953,1028.7790697674407,24.494739756367636,0
3627,4,0,0,48,0.0,0.0,1.0,48,1600,1200,400,0.75,20,12,8,344.71657854671304,0.4327256944444444,0.26145686274509794,0.20822135571681752,132497.74770333793,-465.16594931196266,132032.58175402597,2083,26,362.1666666666667,42,6,17,33.73882352941176,0.6351686507936508,42.61143410852712,1029.5542635658899,24.513196751568806,0
3628,4,0,0,48,0.0,0.0,1.0,48,1450,1200,250,0.8275862068965517,17,12,5,347.994148512039,0.4325964095744681,0.27018265914079675,0.21089953242206227,132622.48080794414,-369.6305435370559,132252.85026440708,2084,27,363.1666666666667,42,6,18,33.52912354970209,0.6364087301587302,42.490310077519375,1030.0387596899218,24.524732373569567,0
3629,4,0,1,47,0.0,0.020833333333333332,0.9791666666666666,48,1550,1300,250,0.8387096774193549,18,13,5,350.090017327093,0.4317283540189125,0.2758678106879813,0.21287634844331754,132747.2725966734,-305.3010073012839,132441.97158937211,2085,28,364.1666666666667,42,6,15,33.34978843441466,0.6376488095238095,42.36918604651161,1030.5232558139498,24.536267995570235,0
3630,4,0,0,47,0.0,0.0,1.0,47,1400,1100,300,0.7857142857142857,17,11,6,354.9814372171087,0.43179540548874495,0.2826174227217988,0.21589854624188037,132755.59413580215,25.154320987616188,132780.74845678976,2086,29,370.72340425531917,41,6,15,33.21540880503143,0.6392276422764227,42.36111111111109,1030.555555555553,25.135501355013485,0
3631,4,0,0,47,0.0,0.0,1.0,47,1500,1200,300,0.8,18,12,6,356.5888531768998,0.43193031144002464,0.2885747020256857,0.2176971879894084,132897.10020619238,77.92491061232602,132975.0251168047,2087,30,371.72340425531917,42,5,17,33.03182658271466,0.6391369047619048,42.22383720930232,1031.1046511627894,24.550110741971178,0
3632,4,0,0,47,0.0,0.0,1.0,47,1350,800,550,0.5925925925925926,19,8,11,359.8875798899584,0.431872494603762,0.28551612484135,0.22029921149675694,132997.03222650368,172.79601210863268,133169.8282386123,2088,31,372.72340425531917,42,5,18,32.84640676373885,0.6401289682539683,42.12693798449612,1031.4922480620144,24.55933923957177,0
3633,4,0,0,47,0.0,0.0,1.0,47,1400,1100,300,0.7857142857142857,17,11,6,363.9923295642401,0.431236509404872,0.2881390470482472,0.2235593027600435,133122.00006760395,291.07738417160647,133413.07745177555,2089,32,373.72340425531917,42,5,18,32.61502347417839,0.6413690476190477,42.005813953488364,1031.9767441860452,24.570874861572502,0
3634,4,0,1,46,0.0,0.02127659574468085,0.9787234042553191,47,1400,900,500,0.6428571428571429,19,9,10,367.00060108689047,0.4307932469935245,0.28542671017578103,0.22601297132830772,133222.016593053,378.51203353160565,133600.52862658462,2090,33,374.72340425531917,42,5,18,32.43695638570801,0.6423611111111112,41.908914728682156,1032.364341085269,24.58010335917307,0
3635,4,0,0,46,0.0,0.0,1.0,46,1300,1000,300,0.7692307692307693,16,10,6,373.1138760082126,0.43016304347826084,0.29163863527150435,0.22958307982646056,133190.45970529402,739.0417335915687,133929.50143888558,2091,34,381.5869565217391,41,5,18,32.310888194778144,0.6435467479674797,41.93948412698412,1032.2420634920622,25.176635694928347,0
3636,4,0,0,46,0.0,0.0,1.0,46,1300,1000,300,0.7692307692307693,16,10,6,372.0162627387646,0.4302133655394525,0.29086480207906806,0.22906516154198697,133216.0621771855,711.708317586273,133927.77049477177,2092,35,382.5869565217391,41,5,18,32.31348901274906,0.6438008130081301,41.91468253968253,1032.3412698412683,25.179055361982154,0
3637,4,0,1,45,0.0,0.021739130434782608,0.9782608695652174,46,1100,700,400,0.6363636363636364,15,7,8,394.7184807967095,0.4299315619967794,0.32564345165057773,0.2254110780627419,130351.21588059393,1199.602657903416,131550.81853849735,2093,36,383.5869565217391,35,11,16,34.62789017341041,0.6258928571428571,44.7048611111111,1021.1805555555538,29.17658730158725,8
3638,4,0,0,45,0.0,0.0,1.0,45,1900,1500,400,0.7894736842105263,23,15,8,388.54327824438064,0.4292087542087542,0.21503187050029848,0.20600445583941643,127407.31336805534,904.2980806326964,128311.61144868804,2094,37,387.64444444444445,39,6,14,37.79749621681113,0.5886752136752137,47.60416666666666,1009.5833333333317,25.886752136752094,8
3639,4,1,0,46,0.021739130434782608,0.0,1.0,46,1650,1100,550,0.6666666666666666,22,11,11,391.0302962605574,0.43161231884057966,0.2445062623368912,0.21021045516037296,127964.5259105029,807.6012955251387,128772.12720602803,2095,0,380.19565217391306,40,6,15,37.16184545332797,0.5927083333333334,47.05284552845528,1011.788617886178,25.294715447154452,0
3640,4,0,0,46,0.0,0.0,1.0,46,1800,1000,800,0.5555555555555556,26,10,16,389.6230560451709,0.4310386473429952,0.23859843224029542,0.21054235942522825,128172.28768707669,788.1552341718204,128960.44292124851,2096,1,381.19565217391306,37,9,16,36.98418606749685,0.5999436936936937,46.84758771929824,1012.6096491228062,27.36782835467044,0
3641,4,1,1,46,0.02127659574468085,0.02127659574468085,0.9787234042553191,47,1650,1200,450,0.7272727272727273,21,12,9,381.8894594794935,0.43202667283379587,0.24559332961785185,0.20827416739679952,128540.34423828138,417.64051649307,128957.98475477446,2097,0,374.06382978723406,39,8,15,36.80288049991441,0.6001602564102564,46.48437500000001,1014.062500000001,26.00160256410259,0
3642,4,0,0,46,0.0,0.0,1.0,46,1100,700,400,0.6363636363636364,15,7,8,390.25020332774983,0.4306561996779388,0.24761712735537778,0.2123104317186751,128442.17985243637,824.9173606545505,129267.09721309092,2098,3,383.19565217391306,38,8,15,36.69152262507027,0.6008771929824561,46.581196581196586,1013.6752136752145,26.675663517768804,0
3643,4,2,0,48,0.041666666666666664,0.0,1.0,48,1250,800,450,0.64,17,8,9,383.27244167893974,0.4325964095744681,0.2622258607472585,0.212125494700115,129123.91067031867,297.9273043492715,129421.83797466794,2099,0,368.1875,40,8,17,36.17096623670967,0.6044270833333334,45.90955284552846,1016.3617886178868,25.40904471544717,0
3644,4,0,1,47,0.0,0.020833333333333332,0.9791666666666666,48,1400,800,600,0.5714285714285714,20,8,12,382.6772851375308,0.43187610815602834,0.25595268585869,0.21235434793788724,129227.86593967007,290.5370180380962,129518.40295770817,2100,1,369.1875,39,9,17,36.07991411399106,0.6071047008547008,45.807291666666664,1016.7708333333327,26.07104700854699,0
3645,4,1,1,47,0.020833333333333332,0.020833333333333332,0.9791666666666666,48,1150,900,250,0.782608695652174,14,9,5,382.71976307801754,0.43336288416075647,0.2699932623750556,0.21381102372986321,129492.78564453115,311.8896484374864,129804.67529296863,2101,0,368.6458333333333,39,9,13,35.808451028553876,0.609775641025641,45.54687499999999,1017.8124999999992,26.09775641025639,0
3646,4,2,1,48,0.04081632653061224,0.02040816326530612,0.9795918367346939,49,1300,1000,300,0.7692307692307693,16,10,6,372.85090005769814,0.4355513038548753,0.2947561469728963,0.2113624892249532,130064.82600392077,-101.04251171806814,129963.7834922027,2102,0,360.18367346938777,42,7,16,35.47722523036004,0.6108630952380952,44.98546511627906,1020.0581395348815,24.287098560354323,0
3647,4,0,0,48,0.0,0.0,1.0,48,1650,1200,450,0.7272727272727273,21,12,9,376.3578372803193,0.434092420212766,0.28501638332225365,0.2136211142169528,130114.2521201397,193.9037054563734,130308.15582559607,2103,1,368.625,42,6,17,35.337520182353515,0.611359126984127,44.937015503875955,1020.2519379844936,24.29171280915461,0
3648,4,0,0,48,0.0,0.0,1.0,48,1400,1000,400,0.7142857142857143,18,10,8,378.34235735110406,0.43352910756501184,0.28528911564625914,0.21556715709539637,130262.58680555547,257.27786416080187,130519.86466971628,2104,2,369.625,36,12,17,35.136054421768705,0.622974537037037,44.791666666666664,1020.8333333333327,28.356481481481463,0
3649,4,0,0,48,0.0,0.0,1.0,48,1600,1200,400,0.75,20,12,8,369.8016600624322,0.43306737588652483,0.2738580750407835,0.21185833422268296,130475.34722222213,49.999999999990735,130525.34722222212,2105,3,370.625,39,9,17,35.13798259923872,0.6196581196581197,44.58333333333333,1021.6666666666658,26.196581196581175,0
3650,4,1,0,49,0.02040816326530612,0.0,1.0,49,1650,1100,550,0.6666666666666666,22,11,11,372.35675968609826,0.4334963151927438,0.2976892901719863,0.21603555780866238,130963.79469892252,-46.94915394276586,130916.84554497975,2106,0,364.0408163265306,40,9,16,34.577293486894355,0.6229166666666667,44.105691056910565,1023.5772357723571,25.589430894308926,0
3651,4,0,1,48,0.0,0.02040816326530612,0.9795918367346939,49,1800,1200,600,0.6666666666666666,24,12,12,374.3904769467698,0.4333545918367347,0.2933367070191113,0.21812682189607505,131124.8307193247,18.3775825144819,131143.2083018392,2107,1,365.0408163265306,41,8,16,34.36208510913083,0.6229674796747968,43.948412698412696,1024.2063492063487,24.98064266356948,0
3652,4,1,0,49,0.02040816326530612,0.0,1.0,49,1450,1100,350,0.7586206896551724,18,11,7,382.1888850304227,0.4331065759637189,0.3036583317564976,0.22465591594654136,131465.04635336742,249.36830843994545,131714.41466180736,2108,0,365.9183673469388,38,11,17,33.817758794318856,0.6313048245614035,43.61645299145298,1025.5341880341862,26.98774179037332,0
3653,4,0,1,48,0.0,0.02040816326530612,0.9795918367346939,49,1500,1300,200,0.8666666666666667,17,13,4,379.25652066334936,0.4322562358276644,0.2978448383007286,0.22400690896734493,131648.63281249985,185.72048611109625,131834.35329861095,2109,1,366.9183673469388,39,10,16,33.707199891730944,0.6314102564102564,43.43749999999999,1026.2499999999989,26.314102564102534,0
3654,4,0,2,46,0.0,0.041666666666666664,0.9583333333333334,48,1050,500,550,0.47619047619047616,16,5,11,380.6865730449588,0.4322547281323877,0.2871876626756906,0.22473844708646734,131629.4461451711,421.9125529622137,132051.35869813332,2110,2,370.0416666666667,38,10,16,33.68991844525421,0.6329495614035088,43.45619658119657,1026.175213675212,27.00461088618979,0
3655,4,0,0,46,0.0,0.0,1.0,46,1050,900,150,0.8571428571428571,12,9,3,386.4577828851856,0.43221618357487923,0.2823298696953367,0.22768885495426905,131553.0018851953,967.9362880886283,132520.9381732839,2111,3,379.1304347826087,37,9,17,33.61924611657404,0.634009009009009,43.53070175438596,1025.877192982455,27.72641062114743,0
3656,4,1,0,47,0.02127659574468085,0.0,1.0,47,1900,1400,500,0.7368421052631579,24,14,10,381.31050953767,0.4315641381436941,0.29694942738421015,0.22760984861513545,132049.81689453122,670.3965928819432,132720.21348741316,2112,0,372.0425531914894,39,8,17,33.248982297895346,0.6354166666666667,43.046875,1027.8124999999998,26.35416666666666,0
3657,4,1,0,48,0.020833333333333332,0.0,1.0,48,1400,1000,400,0.7142857142857143,18,10,8,373.5514432296873,0.43224549349881797,0.29394399460188936,0.22504196701886064,132398.00347222236,293.3268229166834,132691.33029513905,2113,0,365.2708333333333,36,12,18,33.09716599190285,0.6443865740740741,42.70833333333334,1029.1666666666679,28.587962962962997,0
3658,4,0,1,47,0.0,0.020833333333333332,0.9791666666666666,48,1000,600,400,0.6,14,6,8,372.7157459737818,0.43191304669030733,0.2955067795406956,0.22538142758788035,132539.10007165652,279.8819107802242,132818.98198243673,2114,1,366.2708333333333,37,11,18,32.97649788804884,0.6438626126126126,42.571271929824555,1029.7149122807007,27.83013276434326,0
3659,4,0,0,47,0.0,0.0,1.0,47,1500,1100,400,0.7333333333333333,19,11,8,377.26453136807436,0.43135214307739744,0.2990494623856026,0.22850737774121943,132600.90115453317,605.1233666098793,133206.02452114306,2115,2,373.2340425531915,36,11,18,32.79712442597857,0.646412037037037,42.511261261261275,1029.954954954957,28.609859859859917,0
3660,4,0,0,47,0.0,0.0,1.0,47,1450,1200,250,0.8275862068965517,17,12,5,374.63520239429363,0.4302150786308973,0.300954855413752,0.22825311326693162,132821.51870046556,551.9233081332754,133373.44200859882,2116,3,374.2340425531915,37,10,17,32.64269315321065,0.646677927927928,42.29714912280702,1030.8114035087722,27.859767662399246,0
3661,4,1,0,48,0.020833333333333332,0.0,1.0,48,1150,900,250,0.782608695652174,14,9,5,368.8984747734451,0.43175605791962174,0.2966846944760724,0.22685729884062733,133168.79799702327,225.15329370298775,133393.95129072625,2117,0,367.4166666666667,38,10,18,32.4414311837974,0.6483004385964912,41.96047008547009,1032.1581196581205,27.162055780476855,0
3662,4,1,0,49,0.02040816326530612,0.0,1.0,49,1350,900,450,0.6666666666666666,18,9,9,361.4143993375941,0.4324156746031746,0.29288507255225427,0.2244197712882849,133528.880280471,-147.4574242511942,133381.4228562198,2118,0,360.8979591836735,37,12,20,32.27332201711578,0.6537162162162162,41.611842105263165,1033.5526315789482,27.93385490753914,0
3663,4,0,1,48,0.0,0.02040816326530612,0.9795918367346939,49,1450,900,550,0.6206896551724138,20,9,11,360.21685077451707,0.431937358276644,0.29000297298379984,0.2245034706147171,133665.49014035013,-170.2876168821437,133495.20252346797,2119,1,361.8979591836735,38,11,22,32.16736405276028,0.653234649122807,41.479700854700866,1034.0811965811984,27.21266306792627,0
3664,4,0,1,47,0.0,0.020833333333333332,0.9791666666666666,48,1400,1100,300,0.7857142857142857,17,11,6,357.9162684529385,0.43151595744680854,0.2755249773391073,0.22336584723251005,133714.51958550385,-28.2796223957952,133686.23996310806,2120,2,351.2291666666667,39,9,19,32.1777327357572,0.6519764957264957,41.432291666666686,1034.2708333333362,26.519764957265032,0
3665,4,0,0,47,0.0,0.0,1.0,47,1700,1200,500,0.7058823529411765,22,12,10,359.2376343950922,0.4304656182547024,0.26731153179628775,0.2252385090216996,133886.53897518083,219.41670775805488,134105.9556829389,2121,3,349.29787234042556,38,9,20,31.9713275523898,0.6554276315789473,41.26602564102564,1034.9358974358977,27.235155195681518,0
3666,4,0,1,46,0.0,0.02127659574468085,0.9787234042553191,47,1550,1000,550,0.6451612903225806,21,10,11,356.0869216426418,0.42998381128584645,0.2701397968419992,0.2245131427959917,134091.86333550356,149.67176649306097,134241.53510199662,2122,4,350.29787234042556,39,8,20,31.847468067987528,0.655715811965812,41.067708333333336,1035.7291666666672,26.557158119658133,0
3667,4,0,0,46,0.0,0.0,1.0,46,900,400,500,0.4444444444444444,14,4,10,360.4880647951961,0.42846215780998387,0.2720610337695666,0.2267027797488803,133997.13187824163,460.8733517788025,134458.00523002044,2123,6,358.82608695652175,38,8,20,31.82828569463076,0.6565241228070176,41.159188034188034,1035.3632478632478,27.246401259559153,0
3668,4,0,0,46,0.0,0.0,1.0,46,1350,900,450,0.6666666666666666,18,9,9,356.56474325409755,0.42767713365539456,0.26882717128965705,0.22497968318012354,134118.83680555562,364.4097222222338,134483.24652777787,2124,7,359.82608695652175,39,7,21,31.808125502815766,0.655982905982906,41.04166666666667,1035.833333333334,26.559829059829074,0
3669,4,0,1,45,0.0,0.021739130434782608,0.9782608695652174,46,1350,900,450,0.6666666666666666,18,9,9,355.683352389965,0.42732487922705314,0.2669780270214748,0.22491940916865752,134199.77349175353,346.5250651041768,134546.2985568577,2125,8,360.82608695652175,39,7,22,31.75004607754432,0.656784188034188,40.96354166666667,1036.145833333334,26.567841880341895,0
3670,4,0,0,45,0.0,0.0,1.0,45,1250,700,550,0.56,18,7,11,361.1136926800856,0.4268728956228956,0.2679584965299251,0.22898856512301882,134301.49778106494,699.621959237325,135001.11974030227,2126,9,366.5111111111111,38,7,22,31.507678829107387,0.6595394736842105,40.865384615384606,1036.5384615384603,27.27732793522264,0
3671,4,0,0,45,0.0,0.0,1.0,45,1250,900,350,0.72,16,9,7,365.54633525209147,0.4263888888888889,0.2661471443513439,0.22579785449725037,133334.2593163307,791.3984312221498,134125.65774755285,2127,10,367.5111111111111,38,7,17,32.36181510982379,0.6499451754385965,41.800213675213676,1032.7991452991457,27.17892487629331,8
3672,4,0,1,44,0.0,0.022222222222222223,0.9777777777777777,45,1550,1000,550,0.6451612903225806,21,10,11,365.2048796683773,0.4259259259259259,0.26627603717873605,0.22625857727564888,133444.62393390687,746.9255652348727,134191.54949914175,2128,11,368.5111111111111,38,7,19,32.25989211732672,0.6510416666666667,41.693376068376075,1033.2264957264965,27.19017094017096,0
3673,4,0,0,44,0.0,0.0,1.0,44,1400,900,500,0.6428571428571429,19,9,10,360.11716634044865,0.4254426532769556,0.26480825024012034,0.22415157316418022,133617.7198101818,823.6126333200546,134441.33244350186,2129,12,375.8863636363636,36,8,20,32.21780488690411,0.6565393518518519,41.5259009009009,1033.8963963963963,28.719344344344343,0
3674,4,0,1,43,0.0,0.022727272727272728,0.9772727272727273,44,1200,800,400,0.6666666666666666,16,8,8,361.00548506471625,0.4254316420014094,0.26037646220533195,0.22559159087105338,133763.29665814465,857.8567587858151,134621.15341693047,2130,13,376.8863636363636,36,8,17,32.04899666158647,0.6579861111111112,41.38513513513514,1034.4594594594598,28.734984984984994,0
3675,4,0,0,43,0.0,0.0,1.0,43,1200,1000,200,0.8333333333333334,14,10,4,346.7369403062195,0.42619509043927645,0.24124319568664165,0.20978221492455854,132558.85959201396,789.1786555347628,133348.0382475487,2131,14,380.9767441860465,39,4,20,33.625413042012276,0.6404914529914529,42.552083333333336,1029.7916666666672,26.404914529914542,8
3676,4,0,0,43,0.0,0.0,1.0,43,950,500,450,0.5263157894736842,14,5,9,346.9407159236948,0.4260797342192691,0.23900110518023876,0.21050574726903923,132666.15125868045,605.45789930555,133271.609157986,2132,15,381.9767441860465,39,4,18,33.512386248736114,0.641559829059829,42.447916666666664,1030.2083333333326,26.415598290598272,0
3677,4,0,0,43,0.0,0.0,1.0,43,1750,1500,250,0.8571428571428571,20,15,5,347.3369158399431,0.4253183831672204,0.23563258916609087,0.2113500273874783,132773.48632812497,623.4266493055547,133396.91297743053,2133,16,382.9767441860465,39,4,18,33.39439727781148,0.6426282051282051,42.34375,1030.6249999999998,26.426282051282044,0
3678,4,0,1,42,0.0,0.023255813953488372,0.9767441860465116,43,650,400,250,0.6153846153846154,9,4,5,346.50420966572943,0.4254337393872278,0.23394935233404102,0.21114566864852596,132827.170138889,605.0347222222317,133432.2048611112,2134,17,383.9767441860465,39,4,19,33.36196443007275,0.6431623931623931,42.29166666666667,1030.8333333333342,26.431623931623953,0
3679,4,1,1,42,0.023255813953488372,0.023255813953488372,0.9767441860465116,43,750,500,250,0.6666666666666666,10,5,5,340.09862540138516,0.42379568106312293,0.22892499129510502,0.20849524426780564,133052.49851278996,450.1943700839388,133502.6928828739,2135,0,378.30232558139534,40,3,20,33.30111472287891,0.64375,42.073170731707314,1031.7073170731703,25.792682926829258,0
3680,4,0,0,42,0.0,0.0,1.0,42,1050,700,350,0.6666666666666666,14,7,7,348.1960551975411,0.4229578010065815,0.24125268731874105,0.21293941584378367,132961.42713758687,859.3288845486154,133820.7560221355,2136,1,387.7857142857143,39,3,20,33.183622024711305,0.6444978632478633,42.161458333333336,1031.3541666666672,26.444978632478644,0
3681,4,0,0,42,0.0,0.0,1.0,42,1450,1100,350,0.7586206896551724,18,11,7,349.3701081268712,0.42224399922570655,0.2437495191937844,0.21411890785201299,133042.0138888888,896.1805555555454,133938.19444444432,2137,2,388.7857142857143,39,3,21,33.07249596122779,0.6452991452991452,42.08333333333333,1031.6666666666658,26.45299145299143,0
3682,4,0,0,42,0.0,0.0,1.0,42,1750,1500,250,0.8571428571428571,20,15,5,350.9798078110291,0.42176006581494385,0.24707969196158142,0.2154154879910815,133095.751953125,942.7842881944445,134038.53624131944,2138,3,389.7857142857143,39,3,21,32.977067770374845,0.6458333333333333,42.03125,1031.875,26.458333333333332,0
3683,4,0,1,41,0.0,0.023809523809523808,0.9761904761904762,42,1250,900,350,0.72,16,9,7,344.59153112692945,0.4208405923344947,0.2433698408011964,0.21259226155317126,133288.51176754906,786.0184703218973,134074.53023787096,2139,4,390.7857142857143,40,2,21,32.94869271397173,0.64609375,41.84451219512195,1032.621951219512,25.815548780487802,0
3684,4,0,0,41,0.0,0.0,1.0,41,950,600,350,0.631578947368421,13,6,7,350.30741636741345,0.42057926829268294,0.25423416110106634,0.21640486188678534,133337.70751953125,1141.837565104167,134479.5450846354,2140,5,398.1219512195122,39,2,21,32.751828038325776,0.6482371794871795,41.796875,1032.8125,26.482371794871796,0
3685,4,0,0,41,0.0,0.0,1.0,41,1150,1000,150,0.8695652173913043,13,10,3,352.1024040609504,0.42022357723577236,0.2555885086981544,0.21798699397481316,133418.408203125,1195.3884548611125,134613.79665798612,2141,6,399.1219512195122,39,2,22,32.62460509511327,0.6490384615384616,41.71875,1033.125,26.490384615384617,0
3686,4,0,0,41,0.0,0.0,1.0,41,1200,1100,100,0.9166666666666666,13,11,2,347.9144858970421,0.42037601626016263,0.24865290108499205,0.21586766017203865,133499.82336410598,1089.3153333081984,134589.13869741416,2142,7,400.1219512195122,38,3,22,32.651237120507254,0.6515899122807017,41.63995726495725,1033.440170940169,27.195793972109712,0
3687,4,0,1,40,0.0,0.024390243902439025,0.975609756097561,41,1200,900,300,0.75,15,9,6,344.38683833960675,0.42007113821138214,0.23405863940846472,0.2144772085875619,133637.87187705442,1004.6248356344354,134642.49671268885,2143,8,401.1219512195122,38,3,23,32.60423124612522,0.6529605263157895,41.50641025641025,1033.974358974358,27.20985155195679,0
3688,4,0,0,40,0.0,0.0,1.0,40,1300,1000,300,0.7692307692307693,16,10,6,345.5303627198767,0.4188434829059829,0.22605503127982263,0.21537983151428644,133670.5780264118,1237.4486620883158,134908.0266885001,2144,9,391.9,37,3,23,32.54194942211853,0.6551238738738738,41.474780701754376,1034.100877192981,27.948672356567055,0
3689,4,0,0,40,0.0,0.0,1.0,40,1000,800,200,0.8,12,8,4,347.655213047673,0.4188568376068376,0.2245653095843938,0.21687063290116715,133698.92659279765,1296.2257617728355,134995.15235457048,2145,10,392.9,37,3,23,32.45865139949109,0.6554054054054055,41.44736842105262,1034.2105263157882,27.951635846372653,0
3690,4,0,0,40,0.0,0.0,1.0,40,1200,900,300,0.75,15,9,6,344.0567731816731,0.41829594017094013,0.22022043238660527,0.2152864530333066,133812.35091566612,1207.8091335795405,135020.16004924566,2146,11,393.9,37,3,17,32.43826833403985,0.6565315315315315,41.3377192982456,1034.6491228070156,27.963489805595017,0
3691,4,0,2,38,0.0,0.05,0.95,40,800,500,300,0.625,11,5,6,341.8372004330091,0.4177483974358975,0.2171654836317416,0.214392115274895,133897.4507180092,1154.2259397122011,135051.6766577214,2147,12,394.9,37,3,17,32.4106323056821,0.6573761261261262,41.25548245614034,1034.978070175437,27.972380275011812,0
3692,4,0,0,38,0.0,0.0,1.0,38,1250,900,350,0.72,16,9,7,349.30312793786123,0.41573316737790417,0.21155986643345548,0.21814968933477727,133741.45507812488,1743.261718749986,135484.71679687488,2148,13,410.4736842105263,35,3,17,32.37348942598187,0.6598214285714286,41.40624999999999,1034.374999999999,29.553571428571402,0
3693,4,0,1,37,0.0,0.02631578947368421,0.9736842105263158,38,1200,1000,200,0.8333333333333334,14,10,4,348.0789904305128,0.41527382645803695,0.21211273906721906,0.21809209904969934,133861.2011986666,1718.854354209505,135580.0555528761,2149,14,411.4736842105263,35,3,17,32.285375424076356,0.6610119047619047,41.290509259259245,1034.837962962961,29.566798941798886,0
3694,4,0,0,37,0.0,0.0,1.0,37,800,600,200,0.75,10,6,4,374.809216415308,0.4148836336336336,0.2170741115130883,0.2213989324871819,131651.87225793282,2549.6544550354092,134201.52671296822,2150,33,423.2162162162162,32,5,20,33.81802616469818,0.6458333333333333,43.43434343434343,1026.2626262626259,32.07070707070706,8
3695,4,0,0,37,0.0,0.0,1.0,37,1200,800,400,0.6666666666666666,16,8,8,371.97560875175975,0.4142892892892893,0.21735161584785656,0.22057916671840005,131799.59518274208,2405.2469302671884,134204.84211300928,2151,34,424.2162162162162,33,4,20,33.7414717348928,0.6448863636363636,43.29044117647058,1026.8382352941167,31.116310160427776,0
3696,4,0,0,37,0.0,0.0,1.0,37,1250,1100,150,0.88,14,11,3,368.04598763211277,0.41472722722722727,0.206261856018632,0.2197585793371824,132061.28826530598,2320.925453514723,134382.2137188207,2152,35,425.2162162162162,34,3,20,33.57824685352483,0.6452205882352942,43.03571428571428,1027.8571428571418,30.23109243697476,0
3697,4,0,0,37,0.0,0.0,1.0,37,1150,700,450,0.6086956521739131,16,7,9,369.15862725063545,0.414039039039039,0.21011424762727304,0.22095793926290605,132153.0771683671,2357.0897108843224,134510.16687925142,2153,36,426.2162162162162,34,3,20,33.4570742155841,0.6461397058823529,42.946428571428555,1028.2142857142837,30.241596638655405,0
3698,4,0,1,36,0.0,0.02702702702702703,0.972972972972973,37,1450,1100,350,0.7586206896551724,18,11,7,370.3791877485567,0.4141641641641642,0.2136830188207186,0.2225881043479156,132306.12953514722,2400.6873582766234,134706.81689342385,2154,37,427.2162162162162,34,3,22,33.271378153205276,0.647671568627451,42.79761904761904,1028.8095238095225,30.259103641456544,0
3699,4,0,1,35,0.0,0.027777777777777776,0.9722222222222222,36,700,500,200,0.7142857142857143,9,5,4,373.88620322657,0.4132440476190476,0.20540073835893757,0.22505537265186443,132366.4745080017,2697.999717656663,135064.47422565837,2155,38,404.3333333333333,33,3,22,33.12033563574291,0.6505681818181819,42.73897058823529,1029.0441176470586,31.183155080213897,0
3700,4,0,0,35,0.0,0.0,1.0,35,1050,700,350,0.6666666666666666,14,7,7,381.7469553672406,0.4106442577030813,0.22278773857721212,0.22997926335538665,132398.0034722223,3108.5106990100007,135506.5141712323,2156,44,415.8,31,4,22,32.88630229419702,0.6559139784946236,42.708333333333336,1029.1666666666672,33.198924731182814,0
3701,4,0,1,34,0.0,0.02857142857142857,0.9714285714285714,35,1000,800,200,0.8,12,8,4,380.007414554171,0.40934873949579836,0.21914878242647595,0.22974760201027414,132532.04345703125,3072.631835937501,135604.67529296875,2157,45,416.8,31,4,23,32.79590288315631,0.657258064516129,42.578125,1029.6875,33.215725806451616,0
3702,4,0,0,34,0.0,0.0,1.0,34,800,600,200,0.75,10,6,4,381.0017210435061,0.40827391562685683,0.20688040290509346,0.23058729752253884,132570.9709937565,3301.9536218059875,135872.9246155625,2158,46,420.8235294117647,30,4,23,32.731064561037144,0.6604166666666667,42.54032258064516,1029.8387096774193,34.32795698924731,0
3703,4,0,0,34,0.0,0.0,1.0,34,850,700,150,0.8235294117647058,10,7,3,381.3476966845507,0.40834818775995246,0.20561371730320532,0.23122221102772134,132640.18961729683,3316.4061596716465,135956.59577696846,2159,47,421.8235294117647,30,4,21,32.652389961725824,0.6611111111111111,42.473118279569896,1030.1075268817208,34.336917562724025,0
3704,4,0,0,34,0.0,0.0,1.0,34,1250,800,450,0.64,17,8,9,381.6207468129033,0.40762403446226975,0.20882851640721545,0.23202904566332516,132744.0514257429,3331.5768080124926,136075.6282337554,2160,48,422.8235294117647,30,4,21,32.540704751967304,0.6621527777777778,42.37231182795699,1030.5107526881723,34.350358422939074,0
3705,4,0,0,34,0.0,0.0,1.0,34,700,400,300,0.5714285714285714,10,4,6,381.53020525317294,0.40714126559714797,0.21184217591065657,0.23240310914111076,132813.31521346405,3334.458282749465,136147.77349621351,2161,49,423.8235294117647,30,4,21,32.47326900508543,0.6628472222222221,42.30510752688173,1030.7795698924738,34.359318996415794,0
3706,4,0,0,34,0.0,0.0,1.0,34,1050,1000,50,0.9523809523809523,11,10,1,381.5452584240062,0.4075497623291741,0.20717029154943667,0.23327464285955354,132951.8969859231,3345.4331786911657,136297.33016461425,2162,50,424.8235294117647,30,4,21,32.33334419392677,0.6642361111111111,42.17069892473118,1031.3172043010743,34.37724014336914,0
3707,4,0,0,34,0.0,0.0,1.0,34,1050,700,350,0.6666666666666666,14,7,7,377.65028211805554,0.4074197860962567,0.1950291053921569,0.23240017361111118,133194.58896982312,3260.194820210433,136454.78379003354,2163,51,425.8235294117647,30,4,22,32.189670138888886,0.6666666666666667,41.935483870967744,1032.2580645161293,34.40860215053764,0
3708,4,0,1,33,0.0,0.029411764705882353,0.9705882352941176,34,1100,700,400,0.6363636363636364,15,7,8,380.87411407786027,0.4068441770647653,0.19792950361667128,0.2354800938606882,133368.0758794369,3359.2895493698666,136727.36542880675,2164,52,426.8235294117647,30,4,22,31.932064628063337,0.6684027777777778,41.76747311827957,1032.9301075268813,34.43100358422938,0
3709,4,0,0,33,0.0,0.0,1.0,33,700,500,200,0.7142857142857143,9,5,4,394.0960944434604,0.4077493686868687,0.17424936629020937,0.23355314704837807,131776.25529324196,3786.501510290205,135562.75680353216,2165,53,426.8181818181818,30,3,17,33.19724440371779,0.6524305555555556,43.31317204301075,1026.7473118279568,34.22491039426522,8
3710,4,0,0,33,0.0,0.0,1.0,33,700,500,200,0.7142857142857143,9,5,4,392.6377789482864,0.40763099747474746,0.17287916463417052,0.2331115205084581,131845.26616155042,3753.4864941033566,135598.75265565378,2166,54,427.8181818181818,30,3,18,33.16483444575317,0.653125,43.24596774193548,1027.0161290322576,34.23387096774192,0
3711,4,0,0,33,0.0,0.0,1.0,33,900,800,100,0.8888888888888888,10,8,2,397.86934293676273,0.40723642676767674,0.1729495821296525,0.2375102939451543,132052.40716050993,3907.920894033997,135960.32805454393,2167,55,428.8181818181818,30,3,18,32.82087746828821,0.6552083333333334,43.04435483870968,1027.8225806451617,34.260752688172055,0
3712,4,0,0,33,0.0,0.0,1.0,33,1050,600,450,0.5714285714285714,15,6,9,394.8906451063989,0.40577651515151514,0.16874007358911292,0.23659423067416277,132190.59148817786,3840.1655899526036,136030.75707813047,2168,56,429.8181818181818,30,3,19,32.757700518450754,0.6565972222222223,42.90994623655914,1028.3602150537638,34.27867383512546,0
3713,4,0,0,33,0.0,0.0,1.0,33,550,500,50,0.9090909090909091,6,5,1,395.6791089954139,0.4044744318181818,0.16208063654177263,0.23793586640690453,132328.8480785351,3871.9521404208535,136200.80021895596,2169,57,430.8181818181818,30,3,19,32.597703026344426,0.6579861111111112,42.7755376344086,1028.8978494623657,34.29659498207886,0
3714,4,0,0,33,0.0,0.0,1.0,33,850,700,150,0.8235294117647058,10,7,3,391.75473757953705,0.4046717171717172,0.07803972295704131,0.21597729384155237,128969.83040703663,3504.9084133571996,132474.73882039383,2170,58,431.8181818181818,31,2,19,36.11302503952484,0.6213037634408602,46.061197916666664,1015.7552083333329,32.76629704301074,8
3715,4,0,0,33,0.0,0.0,1.0,33,450,300,150,0.6666666666666666,6,3,3,392.01918858053136,0.40431660353535354,0.07831713702003373,0.2163036569522847,129002.89747450089,3514.3222384982682,132517.21971299915,2171,59,432.8181818181818,31,2,19,36.07248141502179,0.6216397849462365,46.028645833333336,1015.8854166666669,32.77049731182796,0
3716,4,1,0,34,0.029411764705882353,0.0,1.0,34,700,400,300,0.5714285714285714,10,4,6,377.94154917563145,0.40775401069518713,0.07195221683509545,0.21026913813251988,129329.78777675745,2975.8200693806725,132305.60784613813,2172,0,421.05882352941177,32,2,20,36.09628434293279,0.6223958333333333,45.707070707070706,1017.171717171717,31.786616161616156,0
3717,4,0,0,34,0.0,0.0,1.0,34,900,700,200,0.7777777777777778,11,7,4,373.09908933618203,0.40738265002970886,0.06700481681506365,0.20825336980953094,129458.25043362916,2860.151068768483,132318.40150239764,2173,1,422.05882352941177,32,2,17,36.088451199338294,0.6236979166666667,45.580808080808076,1017.6767676767672,31.802398989898975,0
3718,4,0,0,34,0.0,0.0,1.0,34,1250,900,350,0.72,16,9,7,370.9549237002805,0.4070669934640523,0.0696172056817268,0.20756485425366838,129554.63927469129,2811.78626543209,132366.42554012337,2174,2,423.05882352941177,32,2,18,36.044793087767175,0.6246744791666667,45.48611111111111,1018.0555555555551,31.814236111111097,0
3719,4,0,0,34,0.0,0.0,1.0,34,950,700,250,0.7368421052631579,12,7,5,370.2562371986138,0.4071041295306001,0.0713577185368881,0.20751331153626273,129618.91842987962,2798.442601520256,132417.36103139987,2175,3,424.05882352941177,32,2,18,35.997106840256265,0.6253255208333333,45.4229797979798,1018.308080808081,31.82212752525253,0
3720,4,0,0,34,0.0,0.0,1.0,34,1000,800,200,0.8,12,8,4,369.29837088761417,0.40708556149732616,0.0638615882644582,0.2074860206351859,129715.3670543821,2780.7347464544337,132496.10180083654,2176,4,425.05882352941177,32,2,18,35.9232978020162,0.6263020833333333,45.32828282828282,1018.6868686868679,31.833964646464622,0
3721,4,0,0,34,0.0,0.0,1.0,34,1400,1200,200,0.8571428571428571,16,12,4,373.7343231308623,0.4072526737967914,0.0694143878287099,0.21084257097382614,129876.19447314052,2907.8383264462836,132784.0327995868,2177,5,426.05882352941177,32,2,18,35.64659977703455,0.6279296875,45.17045454545455,1019.3181818181821,31.85369318181819,0
3722,4,0,0,34,0.0,0.0,1.0,34,800,500,300,0.625,11,5,6,377.83749484802865,0.4069927213309566,0.06562374795119297,0.21350859138543277,129940.55333958282,3019.282630598932,132959.83597018177,2178,6,427.05882352941177,32,2,18,35.476522187822496,0.6285807291666667,45.10732323232324,1019.5707070707081,31.861584595959627,0
3723,4,0,0,34,0.0,0.0,1.0,34,1100,700,400,0.6363636363636364,15,7,8,380.9011521805167,0.4068441770647653,0.0640549572966953,0.21595090585729082,130069.3188992195,3108.710686409557,133178.02958562906,2179,7,428.05882352941177,32,2,18,35.26735982176012,0.6298828125,44.98106060606061,1020.075757575758,31.877367424242436,0
3724,4,0,0,34,0.0,0.0,1.0,34,900,400,500,0.4444444444444444,14,4,10,379.1675416072118,0.40637997623291744,0.06762304030743715,0.21550155212865607,130165.93491735555,3070.9395087236207,133236.8744260792,2180,8,429.05882352941177,32,2,18,35.213282603316,0.630859375,44.88636363636365,1020.454545454547,31.889204545454593,0
3725,4,1,0,35,0.02857142857142857,0.0,1.0,35,1000,700,300,0.7,13,7,6,369.0979825104608,0.40871848739495803,0.07180892985642329,0.21166017731583378,130512.91120001924,2634.410443098808,133147.32164311805,2181,0,417.77142857142854,33,2,17,35.11783401295275,0.6319444444444444,44.54656862745098,1021.8137254901962,30.964052287581705,0
3726,4,1,0,36,0.027777777777777776,0.0,1.0,36,1050,700,350,0.6666666666666666,14,7,7,361.575526990926,0.4126653439153439,0.07514191137489168,0.20894542726516663,130810.03578514748,2259.5415249433217,133069.5773100908,2182,0,407.1388888888889,34,2,18,35.00887350168742,0.6326593137254901,44.25595238095239,1022.9761904761912,30.087535014005624,0
3727,4,0,1,35,0.0,0.027777777777777776,0.9722222222222222,36,1000,800,200,0.8,12,8,4,359.13383008961813,0.41281415343915345,0.07410530805319726,0.20819106792181033,130931.84700963713,2204.4111394557767,133136.2581490929,2183,1,408.1388888888889,34,2,19,34.94799542476057,0.6338848039215687,44.13690476190476,1023.4523809523805,30.101540616246485,0
3728,4,0,0,35,0.0,0.0,1.0,35,1050,700,350,0.6666666666666666,14,7,7,368.0505722143179,0.41043417366946783,0.08321210357870257,0.21260333053791777,130794.81336805559,2627.8211805555597,133422.63454861115,2184,2,420.48571428571427,33,2,19,34.85870672097759,0.6347853535353536,44.270833333333336,1022.916666666667,30.997474747474758,0
3729,4,0,0,35,0.0,0.0,1.0,35,1050,700,350,0.6666666666666666,14,7,7,371.7399751668999,0.4092787114845939,0.0973582969992306,0.2161369166680201,131045.64838343422,2742.981215157628,133788.62959859186,2185,3,421.48571428571427,33,2,20,34.51014861360463,0.6373106060606061,44.025735294117645,1023.8970588235292,31.027183600713006,0
3730,4,0,0,35,0.0,0.0,1.0,35,1300,900,400,0.6923076923076923,17,9,8,372.67691881776005,0.40812324929971994,0.10651308256284953,0.21739053484980142,131171.1560006968,2776.892451220675,133948.04845191748,2186,4,422.48571428571427,33,2,20,34.359049128683644,0.6385732323232323,43.9031862745098,1024.3872549019602,31.042038027332126,0
3731,4,0,0,35,0.0,0.0,1.0,35,800,500,300,0.625,11,5,6,373.11771752695404,0.40658263305322134,0.10873196140380847,0.21871967113615773,131359.5300635573,2802.513606545559,134162.04367010284,2187,5,423.48571428571427,33,2,20,34.1570781032078,0.6404671717171717,43.71936274509804,1025.1225490196077,31.06431966726084,0
3732,4,0,0,35,0.0,0.0,1.0,35,950,700,250,0.7368421052631579,12,7,5,370.3499482247049,0.4063025210084034,0.1062629090350442,0.21781157531219647,131485.1878634419,2739.106503508261,134224.29436695017,2188,6,424.48571428571427,33,2,20,34.10092304934877,0.641729797979798,43.59681372549019,1025.6127450980389,31.079174093879967,0
3733,4,1,0,36,0.027777777777777776,0.0,1.0,36,550,200,350,0.36363636363636365,9,2,7,362.1208055985901,0.40808531746031745,0.10961692042146454,0.21483177916736154,131816.67375283438,2346.712018140579,134163.38577097497,2189,0,413.6666666666667,34,2,18,33.977220032459996,0.6427696078431373,43.27380952380952,1026.9047619047612,30.203081232492977,0
3734,4,0,0,36,0.0,0.0,1.0,36,1050,800,250,0.7619047619047619,13,8,5,361.8267512194964,0.4075892857142857,0.11091474485262887,0.21517595012219387,131908.37762188207,2345.5959467120197,134253.97356859408,2190,1,414.6666666666667,34,2,18,33.89225286823504,0.6436887254901961,43.18452380952381,1027.2619047619046,30.213585434173666,0
3735,4,0,1,35,0.0,0.027777777777777776,0.9722222222222222,36,1150,700,450,0.6086956521739131,16,7,9,364.92184987974946,0.4068287037037037,0.11193141607154344,0.21806921617381606,132091.88102324284,2440.6427154195258,134532.52373866236,2191,2,415.6666666666667,34,2,18,33.62767805442964,0.6455269607843137,43.005952380952394,1027.9761904761922,30.234593837535066,0
3736,4,1,1,35,0.027777777777777776,0.027777777777777776,0.9722222222222222,36,950,700,250,0.7368421052631579,12,7,5,357.3997908252454,0.4097883597883598,0.09301526622192302,0.21565222113973756,132457.5684263546,2268.061449759956,134725.62987611457,2192,0,390.5833333333333,35,1,19,33.4527958923619,0.6470238095238094,42.65046296296297,1029.3981481481485,29.411375661375672,0
3737,4,0,0,35,0.0,0.0,1.0,35,1350,1000,350,0.7407407407407407,17,10,7,367.25781870828183,0.4060574229691876,0.10213525484233443,0.22107079282133657,132367.37528344692,2722.590702947866,135089.9659863948,2193,1,402.45714285714286,34,1,19,33.28995064013574,0.6482843137254901,42.73809523809525,1029.0476190476206,30.266106442577076,0
3738,4,0,0,35,0.0,0.0,1.0,35,800,600,200,0.75,10,6,4,368.36145168463156,0.4057072829131652,0.10353259971580564,0.2220957539236629,132428.63520408177,2756.320861678022,135184.9560657598,2194,2,403.45714285714286,34,1,19,33.19984193075797,0.6488970588235294,42.67857142857144,1029.2857142857154,30.27310924369751,0
3739,4,0,0,35,0.0,0.0,1.0,35,900,600,300,0.6666666666666666,12,6,6,369.7531087380119,0.40539215686274505,0.10562310030395161,0.22329782712055374,132489.90929705225,2797.7111678004703,135287.62046485272,2195,3,404.45714285714286,34,1,19,33.102306891766894,0.6495098039215687,42.61904761904763,1029.5238095238103,30.28011204481795,0
3740,4,0,0,35,0.0,0.0,1.0,35,900,700,200,0.7777777777777778,11,7,4,368.81683266827906,0.4052871148459383,0.10517799352750767,0.22345961038136952,132612.50000000026,2781.9444444444725,135394.44444444473,2196,4,405.45714285714286,34,1,19,33.00296655879181,0.6507352941176471,42.500000000000014,1030.000000000002,30.294117647058883,0
3741,4,0,0,35,0.0,0.0,1.0,35,1200,700,500,0.5833333333333334,17,7,10,366.0934387609715,0.40567226890756297,0.10311592289411098,0.22253544985357956,132735.1473922905,2718.6933106576207,135453.84070294813,2197,5,406.45714285714286,34,1,16,32.949688077634,0.6519607843137255,42.380952380952394,1030.4761904761924,30.308123249299776,0
3742,4,0,0,35,0.0,0.0,1.0,35,700,400,300,0.5714285714285714,10,4,6,364.3491030878416,0.40514705882352936,0.09804309804309819,0.2218378716269013,132796.49234693896,2676.8565759637418,135473.3489229027,2198,6,407.45714285714286,34,1,17,32.93293293293294,0.6525735294117647,42.321428571428584,1030.7142857142871,30.31512605042021,0
3743,4,0,0,35,0.0,0.0,1.0,35,850,500,350,0.5882352941176471,12,5,7,366.3010878653145,0.4052871148459383,0.09413860210442948,0.22375881686102644,132919.22477324272,2737.6913265306166,135656.91609977334,2199,7,408.45714285714286,34,1,18,32.759226121757855,0.6537990196078431,42.202380952380956,1031.1904761904768,30.329131652661083,0
3744,4,0,0,35,0.0,0.0,1.0,35,1000,600,400,0.6,14,6,8,365.6662351924609,0.40455182072829127,0.08551319454746209,0.22429081814671345,133072.72002551027,2732.040107709753,135804.76013322003,2200,8,409.45714285714286,34,1,18,32.62134148686587,0.6553308823529411,42.05357142857143,1031.785714285715,30.346638655462204,0
3745,4,0,0,35,0.0,0.0,1.0,35,850,500,350,0.5882352941176471,12,5,7,365.638574749335,0.40486694677871143,0.08830749460434628,0.22501434220379568,133195.58000283432,2740.288407029465,135935.8684098638,2201,9,410.45714285714286,34,1,18,32.498654518894405,0.6565563725490196,41.9345238095238,1032.2619047619037,30.36064425770305,0
3746,4,0,0,35,0.0,0.0,1.0,35,1400,1100,300,0.7857142857142857,17,11,6,366.1088456842923,0.4047619047619047,0.09040757513379938,0.2260494118370987,133318.49666950118,2761.8161848072546,136080.31285430843,2202,10,411.45714285714286,34,1,19,32.36311239193082,0.657781862745098,41.81547619047619,1032.7380952380956,30.37464985994399,0
3747,4,0,0,35,0.0,0.0,1.0,35,1250,800,450,0.64,17,8,9,377.601268774311,0.40420168067226886,0.1037332707208265,0.20591597998844957,128536.5717120182,2749.985827664406,131286.5575396826,2203,11,412.45714285714286,34,1,15,36.91545354934648,0.6096813725490196,46.48809523809524,1014.0476190476195,29.82492997198881,8
3748,4,0,0,35,0.0,0.0,1.0,35,1150,700,450,0.6086956521739131,16,7,9,375.4434755523198,0.4041316526610644,0.10576223447952149,0.20520550706743534,128627.12762188211,2658.443168934245,131285.57079081636,2204,12,413.45714285714286,34,1,16,36.877518288150846,0.6106004901960784,46.398809523809526,1014.4047619047622,29.835434173669476,0
3749,4,0,0,35,0.0,0.0,1.0,35,900,700,200,0.7777777777777778,11,7,4,375.1292128550664,0.40378151260504197,0.10791788856305007,0.2056576552790639,128747.91843820874,2659.4210600907195,131407.33949829947,2205,13,414.45714285714286,34,1,16,36.76197458455524,0.6118259803921569,46.27976190476191,1014.8809523809534,29.849439775910394,0
3750,4,1,0,36,0.027777777777777776,0.0,1.0,36,600,400,200,0.6666666666666666,8,4,4,365.7868109858289,0.40580357142857143,0.11426221209820264,0.2022423300035002,129083.74592764079,2243.426354595356,131327.17228223613,2206,0,403.9166666666667,35,1,17,36.65622627182993,0.6130952380952381,45.94907407407408,1016.2037037037052,29.034391534391577,0
3751,4,0,0,36,0.0,0.0,1.0,36,800,500,300,0.625,11,5,6,365.66491821239356,0.40499338624338627,0.11907156501827987,0.20262681240753677,129171.97312510746,2246.731797625203,131418.70492273266,2207,1,404.9166666666667,35,1,17,36.5693432388326,0.6139880952380952,45.86226851851853,1016.5509259259283,29.044312169312235,0
3752,4,0,0,36,0.0,0.0,1.0,36,1050,800,250,0.7619047619047619,13,8,5,369.40968660661713,0.405109126984127,0.11979719819956514,0.20546660290499721,129319.0854338136,2354.3445644719,131673.4299982855,2208,2,405.9166666666667,35,1,17,36.324154149597945,0.6154761904761905,45.7175925925926,1017.1296296296309,29.0608465608466,0
3753,4,0,0,36,0.0,0.0,1.0,36,650,300,350,0.46153846153846156,10,3,7,373.080264649005,0.40509259259259256,0.11754761814481962,0.20797391290611328,129407.39300679456,2455.868886102556,131863.2618928971,2209,3,406.9166666666667,35,1,17,36.1407737079589,0.6163690476190475,45.630787037037045,1017.4768518518531,29.070767195767232,0
3754,4,0,1,35,0.0,0.027777777777777776,0.9722222222222222,36,850,600,250,0.7058823529411765,11,6,5,373.97828827509625,0.40504298941798944,0.11984812877466977,0.20894314276310036,129495.73072059342,2485.7183427640753,131981.4490633575,2210,4,407.9166666666667,35,1,14,36.0278788567963,0.6172619047619048,45.54398148148149,1017.8240740740753,29.080687830687864,0
3755,4,0,0,35,0.0,0.0,1.0,35,500,400,100,0.8,6,4,2,381.59935987531634,0.40290616246498595,0.12826214160327676,0.21242778697945158,129352.7228599775,2872.1832482993373,132224.90610827683,2211,5,420.0571428571429,34,1,17,35.9798615174566,0.617953431372549,45.68452380952382,1017.2619047619062,29.919467787114886,0
3756,4,0,1,34,0.0,0.02857142857142857,0.9714285714285714,35,900,600,300,0.6666666666666666,12,6,6,386.8988813004877,0.40343137254901956,0.06717918391484345,0.20130646408588454,126642.2636763039,2799.550028344677,129441.81370464858,2212,6,421.0571428571429,34,1,17,38.62729154346541,0.5903799019607843,48.36309523809524,1006.5476190476195,29.604341736694693,8
3757,4,0,0,34,0.0,0.0,1.0,34,550,300,250,0.5454545454545454,8,3,5,395.0893526912972,0.4005496137849079,0.0784922664718064,0.20519156704289945,126567.3828125,3201.0850694444453,129768.46788194444,2213,24,434.2647058823529,33,1,17,38.49853347135954,0.5918560606060606,48.4375,1006.25,30.492424242424242,0
3758,4,3,0,37,0.08108108108108109,0.0,1.0,37,1000,900,100,0.9,11,9,2,367.5673425677681,0.41594719719719725,0.08766125134763314,0.19505215915822435,127442.37075617285,1969.815779320984,129412.18653549383,2214,0,399.97297297297297,35,2,18,38.29092159559832,0.5964285714285714,47.56944444444444,1009.7222222222224,28.849206349206355,0
3759,4,2,0,39,0.05128205128205128,0.0,1.0,39,1250,1000,250,0.8,15,10,5,357.8384053921318,0.42091205578047686,0.09496676163342843,0.19323273891175136,128144.53125000012,1371.0069444444578,129515.53819444457,2215,0,380.4102564102564,37,2,21,37.81721536351167,0.5996621621621622,46.87500000000001,1012.5000000000009,27.364864864864888,0
3760,4,1,1,39,0.025,0.025,0.975,40,1100,700,400,0.6363636363636364,15,7,8,348.64130858773393,0.42343749999999997,0.0958590284539651,0.1894468909627529,128394.44739006247,952.7216306940772,129347.16902075656,2216,0,371.875,37,3,14,37.794705001983495,0.6021959459459459,46.62828947368422,1013.4868421052644,27.391536273115253,0
3761,4,0,0,39,0.0,0.0,1.0,39,1350,1100,250,0.8148148148148148,16,11,5,356.0404071311284,0.4206027890238417,0.09189387915629954,0.19308592784561565,128315.61872260776,1337.1090262559837,129652.72774886375,2217,2,382.4102564102564,36,3,22,37.68779407950798,0.6032986111111112,46.70608108108108,1013.1756756756758,28.143768768768773,0
3762,4,0,0,39,0.0,0.0,1.0,39,1050,700,350,0.6666666666666666,14,7,7,357.9778835104847,0.42057467386414754,0.09247855851057918,0.1946557385394659,128422.23087873186,1394.4636811326466,129816.69455986451,2218,3,383.4102564102564,37,2,15,37.52974902639547,0.6024774774774775,46.60087719298245,1013.5964912280698,27.394499762920805,0
3763,4,1,1,39,0.025,0.025,0.975,40,850,600,250,0.7058823529411765,11,6,5,348.95423580638345,0.4214610042735043,0.09260711653858333,0.19127041465232741,128740.17373666803,984.8857887719965,129725.05952544003,2219,0,374.8,38,2,16,37.43398427904691,0.6038925438596492,46.28739316239316,1014.8504273504266,26.706590193432277,0
3764,4,0,0,39,0.0,0.0,1.0,39,600,300,300,0.5,9,3,6,358.09907702946043,0.41745389113810166,0.09087558574211574,0.19594859608241214,128672.41753472191,1415.494791666632,130087.91232638854,2220,1,385.3076923076923,37,2,17,37.27113278576318,0.6050112612612613,46.35416666666665,1014.5833333333309,27.421171171171103,0
3765,4,3,4,38,0.07142857142857142,0.09523809523809523,0.9047619047619048,42,650,400,250,0.6153846153846154,9,4,5,346.24569028009023,0.42485723964382505,0.1242008927009457,0.19347112558934978,129500.26167223655,569.951637720038,130070.21330995658,2221,0,358.7142857142857,38,4,14,36.72894580315594,0.6115679824561404,45.5395299145299,1017.8418803418781,26.78531264057574,0
3766,4,1,0,39,0.02564102564102564,0.0,1.0,39,1150,900,250,0.782608695652174,14,9,5,371.5147287011486,0.41483918128654973,0.12588196611740843,0.20573871530050805,129147.08547921688,1796.0088848710634,130943.09436408794,2222,0,386.7435897435897,38,1,20,36.44607070282391,0.6080043859649122,45.886752136752136,1016.4529914529915,26.74876293297346,0
3767,4,0,0,39,0.0,0.0,1.0,39,1050,900,150,0.8571428571428571,12,9,3,371.0213864438171,0.4145580296896086,0.12075945303036906,0.20590163486474636,129230.80800165047,1789.5129540281323,131020.3209556786,2223,1,387.7435897435897,35,4,20,36.37319768544868,0.6145833333333333,45.80439814814815,1016.7824074074082,29.05092592592595,0
3768,4,1,0,40,0.025,0.0,1.0,40,1100,800,300,0.7272727272727273,14,8,6,361.4217444566055,0.41643963675213674,0.12180968705075701,0.20262472629392983,129631.08114448929,1370.2982966074364,131001.37944109672,2224,0,379.025,36,4,17,36.209637288510436,0.6166087962962963,45.411036036036045,1018.3558558558575,28.287662662662708,0
3769,4,0,1,39,0.0,0.025,0.975,40,900,300,600,0.3333333333333333,15,3,12,359.7174730155156,0.41565170940170937,0.12633731211317456,0.20240819004007377,129774.47041636237,1336.4289120201365,131110.8993283825,2225,1,380.025,36,4,17,36.10719680223991,0.6180555555555556,45.270270270270274,1018.9189189189193,28.303303303303313,0
3770,4,1,1,39,0.025,0.025,0.975,40,950,700,250,0.7368421052631579,12,7,5,361.7567469915885,0.4121394230769231,0.1435367200441744,0.20460383160579854,129975.34855379029,1403.8918563834122,131379.2404101737,2226,0,380.925,36,4,18,35.85104914411929,0.6200810185185186,45.0731981981982,1019.7072072072074,28.325200200200204,0
3771,4,0,0,39,0.0,0.0,1.0,39,1000,700,300,0.7,13,7,6,362.61545041824223,0.41095928924876296,0.15276395943516463,0.20566876319088692,130085.41907793199,1634.1965663580118,131719.61564429,2227,1,387.1794871794872,35,4,18,35.71732471068754,0.6232142857142857,44.96527777777777,1020.138888888888,29.14682539682537,0
3772,4,0,0,39,0.0,0.0,1.0,39,1350,900,450,0.6666666666666666,18,9,9,361.86173558283247,0.41107174988753936,0.15415434623961666,0.2060205710848936,130233.0504785023,1625.2715352794987,131858.32201378178,2228,2,388.1794871794872,35,4,19,35.58663586196469,0.624702380952381,44.820601851851855,1020.7175925925931,29.163359788359802,0
3773,4,1,1,39,0.025,0.025,0.975,40,1450,1100,350,0.7586206896551724,18,11,7,354.3593038929555,0.41452991452991456,0.15434567085261075,0.203857652771879,130636.47050766987,1258.449750426106,131894.92025809598,2229,0,379.45,36,4,18,35.369161709627676,0.6267361111111112,44.42567567567568,1022.2972972972976,28.397147147147155,0
3774,4,0,0,39,0.0,0.0,1.0,39,1000,700,300,0.7,13,7,6,363.15898896617153,0.41014394961763384,0.1598475539791957,0.20802105098016854,130469.43486636235,1676.2296114111878,132145.66447777353,2230,4,390.1794871794872,35,4,19,35.313644688644686,0.6270833333333333,44.589120370370374,1021.6435185185189,29.189814814814827,0
3775,4,0,0,39,0.0,0.0,1.0,39,1450,1300,150,0.896551724137931,16,13,3,362.9718993184469,0.41008771929824567,0.1613215191196844,0.20823124750374072,130528.56445312501,1675.6401909722235,132204.20464409725,2231,5,391.1794871794872,35,4,18,35.25845225959905,0.6276785714285714,44.53125,1021.8750000000001,29.196428571428573,0
3776,4,1,0,40,0.025,0.0,1.0,40,800,500,300,0.625,11,5,6,352.7992369503579,0.4126602564102564,0.1549339570720969,0.20402171022877166,130838.01442912516,1231.9103309390603,132069.92476006423,2232,0,382.375,36,4,19,35.20500825536599,0.6287615740740741,44.22860360360361,1023.0855855855863,28.419044044044064,0
3777,4,1,0,41,0.024390243902439025,0.0,1.0,41,550,200,350,0.36363636363636365,9,2,7,345.6010370425264,0.4152439024390244,0.15961105120097385,0.20138860180999607,131131.51552641182,863.8375509772102,131995.35307738904,2233,0,374.0243902439024,37,4,20,35.0924909895443,0.6297860360360361,43.941885964912274,1024.2324561403498,27.681958274063508,0
3778,4,0,0,41,0.0,0.0,1.0,41,650,300,350,0.46153846153846156,10,3,7,345.6010370425264,0.4152439024390244,0.15961105120097385,0.20138860180999607,131131.51552641182,863.8375509772102,131995.35307738904,2234,1,375.0243902439024,37,4,20,35.0924909895443,0.6297860360360361,43.941885964912274,1024.2324561403498,27.681958274063508,0
3779,4,1,0,42,0.023809523809523808,0.0,1.0,42,1000,600,400,0.6,14,6,8,341.3890198966418,0.4171506000774294,0.161759690514367,0.20098768289069116,131524.88175448202,580.3773757309792,132105.259130213,2235,0,367.07142857142856,37,5,21,34.80346962408693,0.6337274774774775,43.55811403508771,1025.7675438596482,27.723447131341842,0
3780,4,0,0,42,0.0,0.0,1.0,42,1250,800,450,0.64,17,8,9,337.3484184381623,0.41644889663182344,0.15765160765160835,0.19934224725891384,131665.51246537376,483.4304786087845,132148.94294398255,2236,1,368.07142857142856,37,5,18,34.765402421652425,0.6351351351351351,43.42105263157894,1026.3157894736826,27.738264580369798,0
3781,4,0,0,42,0.0,0.0,1.0,42,1150,800,350,0.6956521739130435,15,8,7,336.66075492517456,0.41597706155632985,0.16111229794203474,0.1992299612901065,131721.78578985843,469.11116882117494,132190.8969586796,2237,2,369.07142857142856,37,5,18,34.72637613045644,0.6356981981981982,43.36622807017544,1026.5350877192984,27.74419155998104,0
3782,4,0,0,42,0.0,0.0,1.0,42,1000,700,300,0.7,13,7,6,331.4596533619732,0.41568670150987225,0.15315322009382193,0.19680800789182482,131848.8056674152,340.5118845423092,132189.3175519575,2238,3,370.07142857142856,38,4,19,34.73204688095982,0.6351425438596492,43.242521367521356,1027.0299145299127,27.027103013945073,0
3783,4,0,1,41,0.0,0.023809523809523808,0.9761904761904762,42,1350,900,450,0.6666666666666666,18,9,9,354.699406728109,0.4150575880758807,0.18678601875532852,0.1986926476084392,129598.82948133671,892.0509977645036,130490.88047910121,2239,4,371.07142857142856,39,3,17,36.413576300085246,0.610844017094017,45.44270833333333,1018.2291666666658,26.10844017094015,8
3784,4,0,0,41,0.0,0.0,1.0,41,1300,1000,300,0.7692307692307693,16,10,6,357.6101825820744,0.4138973577235772,0.18613135884846743,0.2006532001503774,129663.42872242302,1073.7924839286904,130737.2212063517,2240,5,374.6829268292683,38,3,17,36.27377705514178,0.6132127192982456,45.3792735042735,1018.4829059829052,26.802181736392242,0
3785,4,0,1,40,0.0,0.024390243902439025,0.975609756097561,41,1550,1100,450,0.7096774193548387,20,11,9,344.9895206849395,0.4138211382113821,0.07892815139938403,0.19170783697606172,129282.86540516098,721.6278809628101,130004.49328612379,2241,6,375.6829268292683,38,3,18,36.981957138354886,0.609375,45.753205128205124,1016.9871794871788,26.762820512820493,8
3786,4,0,0,40,0.0,0.0,1.0,40,1150,800,350,0.6956521739130435,15,8,7,353.6178813938518,0.41143162393162397,0.09027927539357372,0.1963743851524899,129257.13320444748,1141.5267197599205,130398.6599242074,2242,7,385.85,37,3,18,36.78878225864424,0.6109234234234234,45.77850877192982,1016.8859649122803,27.483404457088657,0
3787,4,0,0,40,0.0,0.0,1.0,40,1250,900,350,0.72,16,9,7,355.42754445214945,0.4109241452991453,0.1271920310537733,0.1934860075734229,128466.99948827577,1173.741372508595,129640.74086078437,2243,8,386.85,35,5,18,37.54864044601741,0.606845238095238,46.556712962962955,1013.7731481481472,28.964947089947064,8
3788,4,0,0,40,0.0,0.0,1.0,40,1600,1100,500,0.6875,21,11,10,355.42291793519234,0.41069711538461534,0.12444493783303745,0.1942748570849644,128629.57552146744,1143.5798129210316,129773.15533438847,2244,9,387.85,36,4,18,37.38274311722911,0.6064814814814814,46.3963963963964,1014.4144144144146,28.178178178178186,0
3789,4,0,0,40,0.0,0.0,1.0,40,900,700,200,0.7777777777777778,11,7,4,351.2710477857699,0.4098557692307692,0.11819241011983994,0.19255807072052072,128743.83674214767,1044.7964856748747,129788.63322782255,2245,10,388.85,36,4,18,37.37146767273265,0.6076388888888888,46.28378378378379,1014.8648648648659,28.19069069069072,0
3790,4,0,0,40,0.0,0.0,1.0,40,1300,1100,200,0.8461538461538461,15,11,4,358.62156823501385,0.4095486111111111,0.14359216426717047,0.18922535300270896,127212.0819160997,1150.6911265236472,128362.77304262335,2246,11,389.85,34,6,18,38.75309771064432,0.5962009803921569,47.797619047619044,1008.8095238095232,29.670868347338917,8
3791,4,0,0,40,0.0,0.0,1.0,40,1300,1100,200,0.8461538461538461,15,11,4,356.85733873877274,0.4104300213675214,0.14503065314784291,0.18941576640690036,127452.38803854863,1096.4640022675608,128548.85204081619,2247,12,390.85,34,6,16,38.55100015719564,0.5986519607843137,47.5595238095238,1009.7619047619037,29.698879551820696,0
3792,4,2,0,42,0.047619047619047616,0.0,1.0,42,1000,800,200,0.8,12,8,4,340.96139867659485,0.4190016453735966,0.14540521581249521,0.18386423087513562,128089.02739304397,334.6827870113846,128423.71018005535,2248,0,373.1904761904762,37,5,19,38.30110846331601,0.5990990990990991,46.92982456140351,1012.2807017543856,27.358937885253667,0
3793,4,0,2,40,0.0,0.047619047619047616,0.9523809523809523,42,1250,1100,150,0.88,14,11,3,319.71425409210974,0.41889276035617495,0.02811199508864126,0.1710263418017884,127766.20513048812,-119.46128160556972,127646.74384888254,2249,1,374.1904761904762,38,4,15,39.168119694247785,0.5940241228070176,47.24893162393163,1011.0042735042746,26.605375618533543,8
3794,4,0,1,39,0.0,0.025,0.975,40,1200,700,500,0.5833333333333334,17,7,10,329.1243781858022,0.40920138888888885,0.04489585593404177,0.175774537550216,127700.83703639597,405.89171668206734,128106.72875307803,2250,15,393.85,37,3,16,38.997070948144916,0.5951576576576576,47.313596491228076,1010.745614035089,27.31744902797538,0
3795,4,2,0,41,0.04878048780487805,0.0,1.0,41,1000,700,300,0.7,13,7,6,324.64029230655206,0.4110772357723577,0.08425096909196905,0.17640506888826954,128394.44739006252,137.17165377810483,128531.61904384062,2251,0,384.780487804878,37,4,15,38.40282285693677,0.6021959459459459,46.62828947368422,1013.4868421052647,27.391536273115264,0
3796,4,0,0,41,0.0,0.0,1.0,41,600,300,300,0.5,9,3,6,324.64029230655206,0.4110772357723577,0.08425096909196905,0.17640506888826954,128394.44739006252,136.40218624963467,128530.84957631215,2252,1,385.780487804878,37,4,15,38.40282285693677,0.6021959459459459,46.62828947368422,1013.4868421052647,27.391536273115264,0
3797,4,2,2,41,0.046511627906976744,0.046511627906976744,0.9534883720930233,43,1250,900,350,0.72,16,9,7,310.10794787508854,0.4152593207825766,0.09174465121049957,0.17070820913801488,128910.32036675372,-604.777018229142,128305.54334852457,2253,0,368.7906976744186,39,4,17,38.24676462543165,0.6038995726495726,46.11979166666668,1015.5208333333353,26.038995726495777,0
3798,4,0,0,41,0.0,0.0,1.0,41,900,600,300,0.6666666666666666,12,6,6,311.1654345032139,0.4146595528455284,0.07509614567131906,0.17186340023467458,129042.58355034741,-169.28168402775884,128873.30186631966,2254,1,331.7317073170732,39,2,17,38.08565716629076,0.6052350427350428,45.98958333333334,1016.0416666666682,26.05235042735047,0
3799,4,1,0,42,0.023809523809523808,0.0,1.0,42,900,700,200,0.7777777777777778,11,7,4,305.9493952600843,0.4170538133952768,0.07306027306027318,0.17033111493623176,129356.41503899808,-484.6966091612019,128871.71842983688,2255,0,324.8095238095238,40,2,18,37.90001665001667,0.6067708333333333,45.680894308943095,1017.2764227642286,25.431910569105717,0
3800,4,1,1,42,0.023255813953488372,0.023255813953488372,0.9767441860465116,43,1300,900,400,0.6923076923076923,17,9,8,300.12202962436,0.41931985972683644,0.08101820916415403,0.16847199989903267,129680.91699932294,-815.9799973229974,128864.93700199995,2256,0,318.2325581395349,41,2,12,37.71985893315152,0.6084857723577235,45.36210317460318,1018.5515873015879,24.842721641502145,0
3801,4,1,0,43,0.023255813953488372,0.0,1.0,43,1450,1000,450,0.6896551724137931,19,10,9,300.8925792428208,0.4192737172388335,0.0910047498251918,0.16999851769535287,129933.6569842057,-780.7853639140783,129152.87162029163,2257,0,319.1860465116279,41,2,13,37.444759333138755,0.6110264227642277,45.114087301587304,1019.5436507936506,24.86691831204026,0
3802,4,0,2,41,0.0,0.046511627906976744,0.9534883720930233,43,950,800,150,0.8421052631578947,11,8,3,298.9025596949812,0.4196889996308601,0.08040119163143533,0.16931224331813238,130034.82187145702,-826.4517786281094,129208.37009282892,2258,1,320.1860465116279,41,2,13,37.393310475634664,0.6120426829268293,45.014880952380956,1019.940476190477,24.87659698025554,0
3803,4,0,0,41,0.0,0.0,1.0,41,1400,1000,400,0.7142857142857143,18,10,8,315.4365085746156,0.41610772357723574,0.08502554206774815,0.17765776415575504,129811.04736328125,-10.571289062500682,129800.47607421875,2259,2,336.5609756097561,39,2,13,37.19813707451701,0.6129807692307692,45.234375,1019.0625,26.129807692307693,0
3804,4,0,1,40,0.0,0.024390243902439025,0.975609756097561,41,1350,900,450,0.6666666666666666,18,9,9,314.1825253684284,0.41595528455284553,0.08708630144836538,0.17767375741372282,129970.32470703113,-33.119032118071004,129937.20567491306,2260,3,337.5609756097561,39,2,14,37.0689251540845,0.6145833333333333,45.07812499999999,1019.6874999999991,26.14583333333331,0
3805,4,0,0,40,0.0,0.0,1.0,40,700,400,300,0.5714285714285714,10,4,6,314.61935676047045,0.41390224358974353,0.10174418604651203,0.17813501658573222,130017.30974687684,181.19247205783165,130198.50221893466,2261,4,345.875,38,2,15,37.01026608003352,0.6167763157894737,45.03205128205127,1019.8717948717931,26.838731443994554,0
3806,4,0,0,40,0.0,0.0,1.0,40,1400,900,500,0.6428571428571429,19,9,10,311.8903538828436,0.414463141025641,0.10260209424083833,0.1770839999750981,130126.29323727048,117.02712944697339,130243.32036671745,2262,5,346.875,38,2,15,36.96967713787087,0.6178728070175439,44.92521367521366,1020.2991452991428,26.84997750787218,0
3807,4,1,0,41,0.024390243902439025,0.0,1.0,41,1150,800,350,0.6956521739130435,15,8,7,312.1932877111795,0.41585365853658535,0.1127853007201971,0.1792234257305078,130555.17713758671,-48.3100043402884,130506.86713324641,2263,0,339.390243902439,39,2,14,36.52883243298338,0.6204594017094017,44.50520833333333,1021.9791666666658,26.204594017093996,0
3808,4,0,0,41,0.0,0.0,1.0,41,650,300,350,0.46153846153846156,10,3,7,311.7785935420988,0.4154217479674797,0.11160904027260998,0.17923159569001837,130608.4106445311,-55.81868489584838,130552.59195963526,2264,1,340.390243902439,39,2,14,36.485720472842154,0.6209935897435898,44.45312499999999,1022.1874999999989,26.20993589743587,0
3809,4,1,1,41,0.023809523809523808,0.023809523809523808,0.9761904761904762,42,1100,800,300,0.7272727272727273,14,8,6,309.5947040034557,0.41784020518776616,0.128628174209108,0.17937967027127696,130911.78882444283,-294.08069766676346,130617.70812677607,2265,0,333.26190476190476,40,2,15,36.23572492552135,0.6223958333333333,44.156504065040636,1023.373983739835,25.584349593495876,0
3810,4,0,0,41,0.0,0.0,1.0,41,1150,800,350,0.6956521739130435,15,8,7,337.74798077370525,0.41829268292682925,0.028483285731329744,0.18890125758850923,129537.39636005335,550.1988110582137,130087.59517111156,2266,1,341.4390243902439,40,1,16,36.907465641742355,0.60859375,45.503048780487795,1017.9878048780472,25.44969512195118,8
3811,4,1,0,42,0.023809523809523808,0.0,1.0,42,1000,500,500,0.5,15,5,10,331.8725980434979,0.42050183894696086,0.028871829105474145,0.18689667363502202,129807.25623582727,215.89427437638005,130023.15051020365,2267,0,334.2857142857143,41,1,17,36.783245716510905,0.6097560975609756,45.23809523809522,1019.0476190476159,24.854819976771118,0
3812,4,1,0,43,0.023255813953488372,0.0,1.0,43,1650,1300,350,0.7878787878787878,20,13,7,326.23743133398114,0.4224114064230344,0.03313235716336482,0.185290191582892,130138.96869929675,-108.75942701762335,130030.20927227913,2268,0,327.48837209302326,42,1,18,36.59089110478,0.6116071428571428,44.91279069767441,1020.348837209301,24.294019933554786,0
3813,4,1,0,44,0.022727272727272728,0.0,1.0,44,1700,1000,700,0.5882352941176471,24,10,14,319.2697787833489,0.4252554615926709,0.043493009261990734,0.18270361293029055,130431.81392224772,-471.41272454663203,129960.40119770108,2269,0,321.02272727272725,43,1,19,36.472625227897794,0.6131298449612403,44.625946969696955,1021.4962121212094,23.75572586328394,0
3814,4,0,0,44,0.0,0.0,1.0,44,650,400,250,0.6153846153846154,9,4,5,316.6538807179273,0.42532152924594785,0.04626976971494545,0.181432751941886,130480.18470392832,-536.5886313418421,129943.59607258647,2270,1,322.02272727272725,43,1,19,36.49058068403002,0.6136143410852712,44.57859848484848,1021.6856060606046,23.760130373502435,0
3815,4,0,2,42,0.0,0.045454545454545456,0.9545454545454546,44,1350,1000,350,0.7407407407407407,17,10,7,319.59720943663336,0.42520040521494007,0.040883826687439395,0.18380670622634296,130625.35085406626,-450.5004770718527,130174.8503769944,2271,2,323.02272727272725,43,1,14,36.26881658175082,0.6150678294573644,44.43655303030303,1022.2537878787881,23.773343904157862,0
3816,4,0,1,41,0.0,0.023809523809523808,0.9761904761904762,42,1450,1100,350,0.7586206896551724,18,11,7,334.02196806266755,0.4208163956639566,0.05174237527178693,0.18084797424506596,128250.02170138908,183.38274434689754,128433.40444573597,2272,4,339.1666666666667,39,3,17,38.3124228712464,0.5972222222222222,46.77083333333334,1012.9166666666682,25.97222222222226,8
3817,4,0,0,41,0.0,0.0,1.0,41,1200,900,300,0.75,15,9,6,342.6010559803622,0.4189024390243902,0.05633860789615164,0.18550546040832766,128252.72715547166,587.9039511651821,128840.63110663684,2273,5,348.3170731707317,38,3,17,38.09241289596736,0.5989583333333333,46.7681623931624,1012.9273504273514,26.65598290598293,0
3818,4,1,0,42,0.023809523809523808,0.0,1.0,42,1150,900,250,0.782608695652174,14,9,5,336.595423516564,0.4208163956639566,0.08149995110980712,0.18418199017142325,128672.41753472234,262.1093750000098,128934.52690972235,2274,0,341.0,39,3,15,37.81656399726215,0.6014957264957265,46.35416666666667,1014.5833333333343,26.01495726495729,0
3819,4,1,1,42,0.023255813953488372,0.023255813953488372,0.9767441860465116,43,1050,800,250,0.7619047619047619,13,8,5,331.69470269100054,0.42377260981912146,0.08774207357361563,0.18298124989510153,128994.8319452707,-42.61951384757259,128952.21243142312,2275,0,334.04651162790697,40,3,17,37.61275343470724,0.603125,46.03658536585366,1015.8536585365855,25.396341463414636,0
3820,4,1,0,43,0.023255813953488372,0.0,1.0,43,1500,1200,300,0.8,18,12,6,333.44529654126967,0.42414174972314506,0.10840340033553986,0.1858045382657993,129391.54071015042,29.330623515359832,129420.87133366578,2276,0,334.86046511627904,38,5,18,37.16506528054884,0.6104714912280702,45.646367521367516,1017.4145299145295,26.774066576698143,0
3821,4,0,0,43,0.0,0.0,1.0,43,1400,900,500,0.6428571428571429,19,9,10,334.32659146195067,0.4241648209671465,0.10209714775214906,0.18706976453557997,129554.6392746913,62.71219135801624,129617.35146604932,2277,1,335.86046511627904,38,5,14,36.977035015916314,0.6121162280701755,45.48611111111111,1018.0555555555552,26.79093567251461,0
3822,4,0,0,43,0.0,0.0,1.0,43,950,600,350,0.631578947368421,13,6,7,334.8482602885719,0.4236803248431156,0.10252757252042466,0.1878816047869896,129663.42872242304,83.51470615091233,129746.94342857394,2278,2,336.86046511627904,38,5,14,36.85334277422288,0.6132127192982456,45.3792735042735,1018.4829059829053,26.802181736392246,0
3823,4,0,0,43,0.0,0.0,1.0,43,1550,1300,250,0.8387096774193549,18,13,5,337.4045211223596,0.42324197120708745,0.1048950366786332,0.18971046659332638,129745.05077069157,155.31334465626873,129900.36411534784,2279,3,337.86046511627904,38,5,15,36.70542330816554,0.6140350877192983,45.29914529914529,1018.803418803417,26.810616284300448,0
3824,4,0,1,42,0.0,0.023255813953488372,0.9767441860465116,43,1300,800,500,0.6153846153846154,18,8,10,339.8110357979195,0.4231035437430786,0.09502197370954701,0.1917289824096955,129881.14458917745,227.00925469354712,130108.153843871,2280,4,338.86046511627904,38,5,15,36.5060440904168,0.6154057017543859,45.16559829059829,1019.3376068376069,26.824673864147552,0
3825,4,0,0,42,0.0,0.0,1.0,42,1150,900,250,0.782608695652174,14,9,5,338.80930181577514,0.42176006581494385,0.09686963637089385,0.19156374268541218,129962.83512309151,406.523486010665,130369.35860910219,2281,5,345.57142857142856,38,4,15,36.44872869516626,0.6162280701754386,45.085470085470085,1019.6581196581195,26.833108412055775,0
3826,4,0,1,41,0.0,0.023809523809523808,0.9761904761904762,42,850,500,350,0.5882352941176471,12,5,7,339.17735748119264,0.4219294425087108,0.10075093258629209,0.19206972279342713,130023.43885633674,420.2012803819396,130443.64013671868,2282,6,346.57142857142856,39,3,15,36.37790232526471,0.6151175213675213,45.026041666666664,1019.8958333333328,26.1511752136752,0
3827,4,0,0,41,0.0,0.0,1.0,41,1700,1400,300,0.8235294117647058,20,14,6,341.2981997440312,0.421875,0.09614719272001349,0.19432777799487297,130236.00396050356,689.8627387152824,130925.86669921884,2283,7,348.6341463414634,39,2,18,36.10838265809436,0.6172542735042735,44.817708333333336,1020.7291666666673,26.17254273504275,0
3828,4,1,0,42,0.023809523809523808,0.0,1.0,42,950,600,350,0.631578947368421,13,6,7,335.8805288716555,0.4242886178861789,0.10150402828227101,0.19289848488063463,130570.58572108719,371.2316154369495,130941.81733652414,2284,0,341.3095238095238,37,5,14,35.90805260522832,0.6241554054054055,44.49013157894736,1022.0394736842101,27.622688477951623,0
3829,4,1,0,43,0.023255813953488372,0.0,1.0,43,800,500,300,0.625,11,5,6,328.1779008925824,0.4263104466592839,0.10360202832663035,0.18977243834223234,130835.79881656796,-12.516436554907557,130823.28238001304,2285,0,334.3488372093023,38,5,15,35.83698830409356,0.625,44.230769230769226,1023.0769230769223,26.923076923076902,0
3830,4,0,1,42,0.0,0.023255813953488372,0.9767441860465116,43,1000,900,100,0.9,11,9,2,327.60063045051675,0.4263104466592839,0.10524475779138931,0.18984188984183276,130917.78897518062,-22.249958908635733,130895.53901627199,2286,1,335.3488372093023,38,5,15,35.76899989560496,0.6258223684210527,44.150641025641015,1023.3974358974344,26.931511470985118,0
3831,4,0,0,42,0.0,0.0,1.0,42,1150,1000,150,0.8695652173913043,13,10,3,325.1842428415465,0.4276640534262486,0.10386379789364875,0.18870928108206272,130972.4633487653,118.03626543208145,131090.49961419738,2287,2,340.1904761904762,38,4,15,35.775667118950686,0.6263706140350878,44.097222222222214,1023.6111111111102,26.937134502923954,0
3832,4,1,1,42,0.023255813953488372,0.023255813953488372,0.9767441860465116,43,1200,700,500,0.5833333333333334,17,7,10,318.1439709552112,0.4305324843115541,0.10430367299082333,0.18608206814847617,131274.74500868062,-247.14626736110642,131027.59874131951,2288,0,333.25581395348837,39,4,16,35.65130107745477,0.6276709401709402,43.802083333333336,1024.7916666666672,26.276709401709414,0
3833,4,1,0,43,0.023255813953488372,0.0,1.0,43,1200,800,400,0.6666666666666666,16,8,8,319.77808916468877,0.4287329272794389,0.11510011192637726,0.1875737223142933,131384.32618690346,-197.21254376349071,131187.11364313998,2289,0,333.93023255813955,37,6,17,35.49910873440284,0.6323198198198199,43.69517543859648,1025.2192982456124,27.70862968231385,0
3834,4,0,0,43,0.0,0.0,1.0,43,850,600,250,0.7058823529411765,11,6,5,318.4705329401257,0.42808693244739754,0.11616520131699826,0.18720138675396572,131465.04635336736,-226.45132496897605,131238.59502839838,2290,1,334.93023255813955,38,5,17,35.45139250616385,0.6313048245614035,43.61645299145298,1025.5341880341857,26.98774179037331,0
3835,4,0,1,42,0.0,0.023255813953488372,0.9767441860465116,43,1050,600,450,0.5714285714285714,15,6,9,327.20833678381956,0.4279485049833887,0.10211922507772275,0.1849860993104563,129958.944515306,-95.26998299321122,129863.67453231278,2291,2,335.93023255813955,41,2,18,36.74839462930531,0.6112804878048781,45.08928571428571,1019.6428571428562,24.869337979094055,8
3836,4,1,0,43,0.023255813953488372,0.0,1.0,43,1150,900,250,0.782608695652174,14,9,5,327.7213999696939,0.4273025101513474,0.11357196004242764,0.18587750446157517,130085.41907793195,-73.6448688271741,130011.77420910477,2292,0,336.7674418604651,41,2,19,36.60724415702293,0.6125508130081301,44.96527777777777,1020.1388888888877,24.881436314363114,0
3837,4,0,0,43,0.0,0.0,1.0,43,1000,700,300,0.7,13,7,6,324.80393098376936,0.4269564414913252,0.11352892971401296,0.18518616859608117,130288.52390276967,-136.23449158990758,130152.28941117977,2293,1,337.7674418604651,40,3,19,36.476167960714044,0.6161458333333334,44.76626016260163,1020.9349593495947,25.523373983739866,0
3838,4,0,1,42,0.0,0.023255813953488372,0.9767441860465116,43,1100,700,400,0.6363636363636364,15,7,8,329.20148234947897,0.4261489479512735,0.11449051696811341,0.1883212350082311,130418.24811826655,-13.223878808879277,130405.02423945768,2294,2,338.7674418604651,40,3,19,36.23271316286938,0.6174479166666667,44.63922764227644,1021.4430894308967,25.536077235772417,0
3839,4,0,0,42,0.0,0.0,1.0,42,1350,800,550,0.5925925925925926,19,8,11,328.72793818419507,0.4262243515292296,0.09001496382164609,0.18868083027284663,130548.03688280821,182.95739969598316,130730.9942825042,2295,3,326.2142857142857,40,2,16,36.113597189074504,0.61875,44.51219512195124,1021.951219512198,25.54878048780495,0
3840,4,0,0,42,0.0,0.0,1.0,42,900,500,400,0.5555555555555556,13,5,8,332.38600207897673,0.42603077816492446,0.08300198807157022,0.19129308815300441,130651.91436975395,285.37349626550065,130937.28786601945,2296,4,327.2142857142857,40,2,17,35.91513419483102,0.6197916666666667,44.41056910569108,1022.3577235772398,25.558943089430993,0
3841,4,0,0,42,0.0,0.0,1.0,42,1200,900,300,0.75,15,9,6,330.2042225165976,0.4260670731707317,0.07738557020946502,0.1908669250331367,130820.18455530387,239.47546611240162,131059.66002141628,2297,5,328.2142857142857,41,1,18,35.80092772174814,0.6199186991869918,44.24603174603176,1023.0158730158752,24.951606658923783,0
3842,4,0,1,41,0.0,0.023809523809523808,0.9761904761904762,42,1300,1000,300,0.7692307692307693,16,10,6,329.31150466756816,0.4261517615176152,0.04369377682504938,0.18990611297820859,130729.84959556155,211.15288502814016,130941.0024805897,2298,6,329.2142857142857,40,2,16,35.9149855907781,0.6205729166666667,44.334349593495936,1022.6626016260167,25.566565040650417,8
3843,4,0,1,40,0.0,0.024390243902439025,0.975609756097561,41,1350,1200,150,0.8888888888888888,15,12,3,337.41136008887236,0.4245172764227642,0.05058919693811359,0.19450189794436065,130714.91021050354,620.9391276041706,131335.8493381077,2299,10,338.0975609756098,39,2,16,35.72300176564464,0.6220619658119658,44.348958333333336,1022.6041666666672,26.22061965811967,0
3844,4,0,0,40,0.0,0.0,1.0,40,850,800,50,0.9411764705882353,9,8,1,341.7790246292422,0.42172809829059826,0.06740288220551371,0.19763743598125758,130835.7988165681,943.3863412228843,131779.18515779098,2300,11,347.275,38,2,16,35.4891134085213,0.625,44.23076923076923,1023.0769230769234,26.923076923076934,0
3845,4,0,0,40,0.0,0.0,1.0,40,1100,800,300,0.7272727272727273,14,8,6,340.98068784567687,0.4210870726495726,0.07151356993736946,0.19773577418653684,130945.12473518896,929.9517404485514,131875.0764756375,2301,12,348.275,38,2,17,35.39905184411971,0.6260964912280702,44.12393162393163,1023.5042735042746,26.934322986954594,0
3846,4,0,1,39,0.0,0.025,0.975,40,1350,800,550,0.5925925925925926,19,8,11,343.1838657911747,0.42136752136752137,0.0038151658767773267,0.1875953256008751,128631.77237426021,877.839871429596,129509.6122456898,2302,13,349.275,38,2,17,37.69088994207476,0.602796052631579,46.39423076923076,1014.4230769230758,26.695344129554627,8
3847,4,2,0,41,0.04878048780487805,0.0,1.0,41,800,600,200,0.75,10,6,4,346.39635855488604,0.4253302845528455,0.031216015754549797,0.18832448444757602,128415.10662073552,734.7457356271325,129149.85235636265,2303,0,340.0731707317073,38,3,16,37.83049611749411,0.6006030701754386,46.607905982905976,1013.5683760683752,26.672852001799345,8
3848,4,1,1,41,0.023809523809523808,0.023809523809523808,0.9761904761904762,42,1100,700,400,0.6363636363636364,15,7,8,340.0898593273271,0.42799070847851334,0.05024391197661515,0.18634169907574924,128725.265842014,355.63151041667265,129080.89735243068,2304,0,332.95238095238096,39,3,17,37.67407445425304,0.6020299145299146,46.302083333333336,1014.7916666666677,26.02029914529917,0
3849,4,0,0,41,0.0,0.0,1.0,41,1100,900,200,0.8181818181818182,13,9,4,346.2571583351935,0.426244918699187,0.06442269918014465,0.18979208003612247,128740.17373666806,715.4413443275547,129455.61508099562,2305,1,341.7073170731707,38,3,17,37.502412534652755,0.6038925438596492,46.28739316239316,1014.8504273504268,26.706590193432284,0
3850,4,1,1,41,0.023809523809523808,0.023809523809523808,0.9761904761904762,42,1750,1300,450,0.7428571428571429,22,13,9,344.771406277388,0.429369918699187,0.08114564878939157,0.19080740845425279,129121.9740125869,503.5129123263943,129625.48692491329,2306,0,334.54761904761904,39,3,18,37.15121195039457,0.6060363247863247,45.911458333333336,1016.3541666666674,26.06036324786327,0
3851,4,0,0,41,0.0,0.0,1.0,41,750,500,250,0.6666666666666666,10,5,5,345.33727492609535,0.4264989837398374,0.09476209516193546,0.19150521609538004,129201.38888888879,723.6355251736024,129925.0244140624,2307,1,342.9268292682927,38,3,18,37.056010928961754,0.6085526315789473,45.83333333333333,1016.6666666666658,26.75438596491226,0
3852,4,1,2,40,0.023809523809523808,0.047619047619047616,0.9523809523809523,42,1800,1600,200,0.8888888888888888,20,16,4,334.11935073494135,0.42825687185443284,0.09064481385635825,0.18665981566787387,129492.78564453126,253.20909288194537,129745.99473741322,2308,0,335.73809523809524,39,3,16,37.045103708252306,0.609775641025641,45.546875,1017.8125000000001,26.097756410256412,0
3853,4,0,0,40,0.0,0.0,1.0,40,1200,1000,200,0.8333333333333334,14,10,4,348.2453001890217,0.42461271367521364,0.09686758680181118,0.19339083317083752,129257.13320444748,1002.6378308710321,130259.77103531851,2309,3,351.35,37,3,18,36.92536481920783,0.6109234234234234,45.77850877192982,1016.8859649122803,27.483404457088657,0
3854,4,1,0,41,0.024390243902439025,0.0,1.0,41,1300,900,400,0.6923076923076923,17,9,8,342.70197230912953,0.4269054878048781,0.09569760090506718,0.19175614175770372,129554.63927469133,679.7260802469059,130234.36535493824,2310,0,343.7560975609756,38,3,17,36.763869940882195,0.6121162280701755,45.48611111111111,1018.0555555555554,26.790935672514617,0
3855,4,0,0,41,0.0,0.0,1.0,41,750,300,450,0.4,12,3,9,346.3655960028803,0.4267276422764228,0.0971873944505286,0.19420922712349725,129636.2270801373,780.3058112352919,130416.53289137258,2311,1,344.7560975609756,38,3,17,36.58772205902923,0.6129385964912281,45.4059829059829,1018.376068376068,26.799370220422844,0
3856,4,0,0,41,0.0,0.0,1.0,41,1100,900,200,0.8181818181818182,13,9,4,345.4161854090079,0.426244918699187,0.08859555360074434,0.19448521702663024,129799.47973738036,766.9682317919461,130566.44796917231,2312,2,345.7560975609756,38,3,18,36.44610155867756,0.6145833333333333,45.245726495726494,1019.0170940170939,26.81623931623931,0
3857,4,1,1,41,0.023809523809523808,0.023809523809523808,0.9761904761904762,42,1200,900,300,0.75,15,9,6,341.7349703656509,0.4285714285714286,0.10619494837542964,0.1941784089154245,130156.27170138898,495.78993055556,130652.06163194454,2313,0,338.5,39,3,19,36.17803184973457,0.6164529914529915,44.895833333333336,1020.4166666666674,26.164529914529933,0
3858,4,1,0,42,0.023809523809523808,0.0,1.0,42,1400,1000,400,0.7142857142857143,18,10,8,322.73217036370806,0.4293578203639179,0.08316522402651638,0.1767680044477028,128711.08596280313,-92.15837547095714,128618.92758733217,2314,0,338.3333333333333,40,2,13,38.128859956601566,0.6002604166666667,46.3160569105691,1014.7357723577228,25.36839430894307,8
3859,4,2,1,43,0.045454545454545456,0.022727272727272728,0.9772727272727273,44,900,500,400,0.5555555555555556,13,5,8,311.0540212369088,0.4326880725863284,0.09894998223246887,0.17217127328516793,129127.51379311623,-766.8735164653715,128360.64027665085,2315,0,323.90909090909093,42,2,15,38.002311945848035,0.6014384920634921,45.90600775193798,1016.3759689922467,24.199427833148732,0
3860,4,0,1,42,0.0,0.023255813953488372,0.9767441860465116,43,1000,700,300,0.7,13,7,6,317.17414823308224,0.43129383536360283,0.09956203782957918,0.17532729629527571,129075.34490937566,-412.1274840954994,128663.21742528016,2316,1,331.09302325581393,41,2,15,37.89976488008072,0.6023882113821138,45.957341269841265,1016.1706349206339,24.784649632210584,0
3861,4,1,0,43,0.023255813953488372,0.0,1.0,43,1300,1000,300,0.7692307692307693,16,10,6,318.3344882697455,0.4321244001476559,0.11699360727113417,0.17700557764611577,129307.31336805546,-367.28149014235913,128940.0318779131,2317,0,329.86046511627904,39,4,16,37.63484910555784,0.607905982905983,45.729166666666664,1017.0833333333326,26.07905982905981,0
3862,4,0,0,43,0.0,0.0,1.0,43,950,400,550,0.42105263157894735,15,4,11,318.72207358517363,0.43226282761166485,0.12058922983869014,0.17745950801783386,129360.29188368062,-354.003906249996,129006.28797743062,2318,1,330.86046511627904,39,4,16,37.571250597310396,0.608440170940171,45.677083333333336,1017.2916666666672,26.084401709401725,0
3863,4,1,0,44,0.022727272727272728,0.0,1.0,44,800,500,300,0.625,11,5,6,310.2746602603176,0.4344278541226216,0.12301760116131333,0.17387875256199,129614.99851278996,-756.7500743605103,128858.24843842945,2319,0,324.3181818181818,40,4,15,37.528068862275425,0.609375,45.42682926829268,1018.2926829268289,25.45731707317072,0
3864,4,1,1,44,0.022222222222222223,0.022222222222222223,0.9777777777777777,45,1000,800,200,0.8,12,8,4,316.0437097797414,0.43547979797979797,0.15484456546403513,0.17925413500634735,130085.41907793193,-777.4643132716186,129307.95476466032,2320,0,318.0888888888889,41,4,16,36.905065804402106,0.6125508130081301,44.96527777777777,1020.1388888888875,24.88143631436311,0
3865,4,1,2,43,0.022222222222222223,0.044444444444444446,0.9555555555555556,45,1450,1100,350,0.7586206896551724,18,11,7,316.0823042819115,0.43686868686868685,0.16899857365575377,0.18057481954115573,130366.35068618224,-758.5801315859433,129607.7705545963,2321,0,318.68888888888887,40,5,17,36.62014462467245,0.6169270833333333,44.69004065040651,1021.2398373983746,25.530995934959364,0
3866,4,2,0,45,0.044444444444444446,0.0,1.0,45,850,500,350,0.5882352941176471,12,5,7,323.7592705473335,0.43811026936026937,0.19481503573361647,0.18620323055663995,130625.9411250745,-541.7281173573768,130084.21300771713,2322,0,319.3777777777778,40,5,18,36.161853398283476,0.61953125,44.435975609756106,1022.2560975609767,25.556402439024417,0
3867,4,0,2,43,0.0,0.044444444444444446,0.9555555555555556,45,900,800,100,0.8888888888888888,10,8,2,322.37456333641364,0.43762626262626264,0.1939839660769891,0.18578080505675823,130703.86860499729,-572.8794864167883,130130.9891185805,2323,1,320.3777777777778,40,5,18,36.11856489763468,0.6203125,44.35975609756099,1022.5609756097582,25.564024390243954,0
3868,4,0,0,43,0.0,0.0,1.0,43,1750,1200,550,0.6857142857142857,23,12,11,331.81448922360096,0.43800756736803254,0.1866733398769671,0.1913330295691752,130726.51855504424,75.39059646432102,130801.90915150856,2324,2,310.3255813953488,38,5,18,35.85435819752056,0.6239035087719298,44.33760683760684,1022.649572649573,26.911830859199288,0
3869,4,0,0,43,0.0,0.0,1.0,43,1400,900,500,0.6428571428571429,19,9,10,335.255546477947,0.43664636397194534,0.1903264904173929,0.19419519390326342,130901.3888888888,177.0833333333268,131078.47222222213,2325,3,311.3255813953488,39,4,18,35.589712269272546,0.6239316239316239,44.166666666666664,1023.3333333333326,26.23931623931622,0
3870,4,2,2,43,0.044444444444444446,0.044444444444444446,0.9555555555555556,45,1100,1000,100,0.9090909090909091,12,10,2,324.3885730964452,0.4385311447811448,0.19560545929726092,0.1898729942583214,131302.70460325322,-481.38060200933523,130821.32400124389,2326,0,298.44444444444446,41,4,20,35.46314893685671,0.6247459349593496,43.77480158730158,1024.9007936507926,24.99758033294616,0
3871,4,0,0,43,0.0,0.0,1.0,43,1250,900,350,0.72,16,9,7,337.32669244583144,0.43724621631598376,0.19886393196834917,0.19675389641235497,131168.01757812497,249.29470486111015,131417.3122829861,2327,1,310.7906976744186,39,4,20,35.267524235645034,0.6266025641025641,43.90625,1024.3749999999998,26.266025641025635,0
3872,4,0,2,41,0.0,0.046511627906976744,0.9534883720930233,43,1300,900,400,0.6923076923076923,17,9,8,368.83592873176184,0.43736157253599117,0.2194767441860459,0.2028597608024691,128875.73964497045,912.5406419501962,129788.28028692065,2328,2,311.7906976744186,38,5,17,36.791087962962955,0.6052631578947368,46.15384615384615,1015.3846153846157,26.72064777327936,8
3873,4,1,0,42,0.023809523809523808,0.0,1.0,42,950,700,250,0.7368421052631579,12,7,5,378.85135632896817,0.4382500967866822,0.13044660532097718,0.20578303201094575,128379.01341735256,1500.821054110762,129879.83447146331,2329,0,320.0952380952381,35,7,13,37.045073854119074,0.605952380952381,46.64351851851852,1013.4259259259261,28.95502645502646,8
3874,4,2,0,44,0.045454545454545456,0.0,1.0,44,1100,500,600,0.45454545454545453,17,5,12,360.8675061073425,0.440891472868217,0.13225986864119155,0.1991578128598211,129011.37689248659,511.20276773320603,129522.5796602198,2330,0,306.5,38,6,15,36.85499702036667,0.6066337719298245,46.02029914529914,1015.9188034188028,26.73470535312639,0
3875,4,3,3,44,0.06382978723404255,0.06382978723404255,0.9361702127659575,47,1350,800,550,0.5925925925925926,19,8,11,340.42802071572567,0.44335877274128893,0.1392433461991036,0.19175381966860344,129815.23762119122,-560.8918201377437,129254.34580105348,2331,0,287.8723404255319,37,10,14,36.557187432752315,0.6165540540540541,45.23026315789474,1019.0789473684217,27.542674253200587,0
3876,4,1,0,45,0.022222222222222223,0.0,1.0,45,1100,400,700,0.36363636363636365,18,4,14,353.9883200132086,0.4380050505050505,0.15225182073861188,0.1990386781329711,129745.78622118774,185.69857864625567,129931.484799834,2332,0,301.44444444444446,36,9,15,36.28228510371764,0.6177662037037037,45.29842342342344,1018.806306306309,28.30017517517525,0
3877,4,1,2,44,0.021739130434782608,0.043478260869565216,0.9565217391304348,46,1100,800,300,0.7272727272727273,14,8,6,346.85646377756524,0.43990539452495975,0.1565021080085629,0.19649566541162686,130038.81602993234,-179.03922360725596,129859.77680632508,2333,0,295.8695652173913,37,9,16,36.16650541102272,0.6188063063063063,45.010964912280706,1019.9561403508776,27.56638217164534,0
3878,4,0,1,43,0.0,0.022727272727272728,0.9772727272727273,44,1200,1000,200,0.8333333333333334,14,10,4,350.6660339004052,0.4409134954193094,0.13404626712947154,0.1993560601760021,130176.38204082473,329.68711955199376,130506.06916037672,2334,1,288.79545454545456,36,8,17,35.92979842566025,0.6221064814814814,44.87612612612613,1020.4954954954965,28.347097097097123,0
3879,4,0,2,41,0.0,0.046511627906976744,0.9534883720930233,43,1300,800,500,0.6153846153846154,18,8,10,355.03113515360985,0.43844592100406055,0.13698196606307378,0.201978358050615,130203.51750042869,645.2605238340211,130848.7780242627,2335,2,296.2093023255814,35,8,19,35.79090118696607,0.6244047619047619,44.84953703703704,1020.601851851852,29.16005291005291,0
3880,4,0,0,41,0.0,0.0,1.0,41,1450,1100,350,0.7586206896551724,18,11,7,373.3717398183626,0.4350355691056911,0.14843967495303967,0.2115434302592397,130043.75007509132,1510.9322436082318,131554.68231869955,2336,3,310.9024390243902,33,8,19,35.48537686731548,0.627209595959596,45.006127450980394,1019.9754901960785,30.90834818775995,0
3881,4,0,1,40,0.0,0.024390243902439025,0.975609756097561,41,1050,800,250,0.7619047619047619,13,8,5,378.8751976735547,0.43409552845528454,0.14609947914361143,0.20506899206102994,128237.60880730957,1517.393850922704,129755.00265823228,2337,4,311.9024390243902,33,8,16,37.1893274853801,0.6089015151515151,46.78308823529411,1012.8676470588226,30.692959001782505,8
3882,4,4,0,44,0.09090909090909091,0.0,1.0,44,1150,800,350,0.6956521739130435,15,8,7,351.4287794197661,0.4392397815362932,0.16885743422794497,0.19474573903171824,129173.52123970812,279.05858052475213,129452.57982023287,2338,0,291.4318181818182,37,7,19,36.9295608168842,0.6100788288288288,45.860745614035075,1016.5570175438576,27.474513987671827,0
3883,4,0,0,44,0.0,0.0,1.0,44,1350,1100,250,0.8148148148148148,16,11,5,351.2303825133292,0.4383809020436928,0.15842171996699328,0.19562362981661,129373.18019032538,287.961318775295,129661.14150910068,2339,1,292.4318181818182,36,8,19,36.73137591321673,0.6140046296296297,45.66441441441441,1017.3423423423417,28.259509509509492,0
3884,4,0,0,44,0.0,0.0,1.0,44,1600,1200,400,0.75,20,12,8,352.50613316125174,0.4380946088794926,0.15679756180973237,0.1969067015767241,129487.77113261925,329.0466987257661,129816.81783134502,2340,2,293.4318181818182,36,8,15,36.58234675813232,0.615162037037037,45.55180180180181,1017.792792792794,28.272022022022057,0
3885,4,1,2,43,0.022222222222222223,0.044444444444444446,0.9555555555555556,45,1100,800,300,0.7272727272727273,14,8,6,350.6577837746668,0.43865740740740744,0.18158730158730174,0.19014541796231949,128311.11495844883,43.98545165384385,128355.10041010268,2341,0,287.8888888888889,37,8,18,37.828733766233775,0.6013513513513513,46.71052631578948,1013.1578947368428,27.382645803698452,8
3886,4,0,1,42,0.0,0.023255813953488372,0.9767441860465116,43,1350,1000,350,0.7407407407407407,17,10,7,391.53220387944674,0.4356081579918789,0.20464918167567658,0.19972183197348617,125829.36259268374,1358.4261225296664,127187.7887152134,2342,1,302.13953488372096,38,5,15,39.35128491818406,0.5742872807017544,49.17200854700854,1003.3119658119645,26.402946468735905,8
3887,4,2,1,43,0.045454545454545456,0.022727272727272728,0.9772727272727273,44,900,600,300,0.6666666666666666,12,6,6,376.48783689530984,0.43929483791402396,0.2216504045692531,0.1943491266135244,126319.25207756202,712.0802797461856,127031.3323573082,2343,0,295.5681818181818,37,7,13,39.22247673065735,0.5810810810810811,48.68421052631577,1005.2631578947344,27.169274537695525,0
3888,4,2,1,44,0.044444444444444446,0.022222222222222223,0.9777777777777777,45,1350,900,450,0.6666666666666666,18,9,9,373.9357907253279,0.44436026936026934,0.24263601532567125,0.19503845199702288,126742.1392746909,478.68441358019635,127220.82368827109,2344,0,289.9555555555556,38,7,15,38.85057471264367,0.5836074561403508,48.263888888888864,1006.9444444444407,26.498538011695807,0
3889,4,3,1,46,0.06382978723404255,0.02127659574468085,0.9787234042553191,47,800,600,200,0.75,10,6,4,354.64390453709177,0.4500077089115017,0.25192569506171414,0.1886976993471131,127550.26989051423,-352.05034608080115,127198.21954443344,2345,0,270.8510638297872,38,9,17,38.50652212233386,0.5918311403508771,47.462606837606835,1010.1495726495723,26.58288349077822,0
3890,4,0,2,44,0.0,0.043478260869565216,0.9565217391304348,46,2000,1700,300,0.85,23,17,6,364.1318708135684,0.44739331723027376,0.26337411680360767,0.19447089137656254,127700.83703639565,99.98893890425879,127800.82597529991,2346,1,277.6521739130435,37,9,17,38.11247920734794,0.5951576576576576,47.31359649122806,1010.7456140350863,27.317449027975307,0
3891,4,2,1,45,0.043478260869565216,0.021739130434782608,0.9782608695652174,46,1050,600,450,0.5714285714285714,15,6,9,358.15704503131735,0.45014090177133653,0.2573457889037756,0.19327426871963307,128117.48940755322,-22.76371539194679,128094.72569216127,1242,0,227.32608695652175,38,8,19,37.83681581539329,0.5975877192982456,46.90170940170939,1012.3931623931601,26.64192532613579,0
3892,4,1,3,43,0.021739130434782608,0.06521739130434782,0.9347826086956522,46,1000,700,300,0.7,13,7,6,358.564143698024,0.4514895330112721,0.2650141603078582,0.19470327943931437,128366.66690712496,5.539653353080297,128372.20656047805,1243,0,212.08695652173913,37,9,20,37.57168361826445,0.6019144144144144,46.65570175438595,1013.3771929824536,27.388572783309556,0
3893,4,0,1,42,0.0,0.023255813953488372,0.9767441860465116,43,1050,600,450,0.5714285714285714,15,6,9,371.85119459833777,0.44903562200073827,0.25864443084455324,0.20186207706766915,128355.55555555563,945.8333333333428,129301.38888888898,1244,1,224.02325581395348,34,9,22,37.24643640350876,0.607843137254902,46.66666666666667,1013.333333333334,29.803921568627473,0
3894,4,2,1,43,0.045454545454545456,0.022727272727272728,0.9772727272727273,44,1650,1100,550,0.6666666666666666,22,11,11,363.6119803342868,0.45051532769556024,0.25892921922451095,0.19970198368891842,128819.2451801483,568.0441690243475,129387.28934917264,1245,0,219.4318181818182,35,9,18,36.98136377456012,0.6104166666666666,46.20949074074074,1015.1620370370368,29.004629629629623,0
3895,4,1,1,43,0.022727272727272728,0.022727272727272728,0.9772727272727273,44,1350,1100,250,0.8148148148148148,16,11,5,361.41572532313523,0.449667459478506,0.26716711534479143,0.19982557105397553,129083.74592764079,530.5791323731321,129614.32506001393,1246,0,220.3409090909091,35,9,19,36.76727410782082,0.6130952380952381,45.94907407407408,1016.2037037037052,29.034391534391577,0
3896,4,0,1,42,0.0,0.023255813953488372,0.9767441860465116,43,1200,900,300,0.75,15,9,6,363.1635299250893,0.45053525286083423,0.26424972114322887,0.2017089003559832,129263.6921496539,788.8253301199321,130052.51747977383,1247,1,224.13953488372093,33,10,21,36.53942717120592,0.6193181818181819,45.772058823529406,1016.9117647058816,30.815508021390354,0
3897,4,0,0,42,0.0,0.0,1.0,42,1200,1000,200,0.8333333333333334,14,10,4,372.7813750834275,0.44797715834301205,0.2649136104459875,0.2062358868290103,129107.96215698283,1225.8087334198326,130333.77089040267,1248,2,230.28571428571428,33,9,21,36.45381144740545,0.617739898989899,45.92524509803921,1016.2990196078428,30.796939988116446,0
3898,4,1,0,43,0.023255813953488372,0.0,1.0,43,1200,800,400,0.6666666666666666,16,8,8,363.7110453845326,0.44811277224067925,0.2579902472908364,0.20281348622080406,129419.51600646373,814.2952830641894,130233.81128952792,1249,0,225.90697674418604,33,10,23,36.36674996989039,0.6208964646464646,45.6188725490196,1017.5245098039205,30.83407605466426,0
3899,4,1,1,43,0.022727272727272728,0.022727272727272728,0.9772727272727273,44,1100,600,500,0.5454545454545454,16,6,10,353.7598588936416,0.44921599718111344,0.25941008769664564,0.198687971801081,129701.96926708249,376.67006923010734,130078.6393363126,1250,0,221.75,35,9,18,36.33263738969057,0.6193452380952381,45.34143518518518,1018.6342592592594,29.10383597883598,0
3900,4,0,0,43,0.0,0.0,1.0,43,1200,800,400,0.6666666666666666,16,8,8,365.8111919768778,0.44848191214470284,0.2644540022075894,0.20505563146593803,129625.34722222229,883.6805555555666,130509.02777777785,1251,1,227.88372093023256,34,9,18,36.10372340425533,0.6207107843137255,45.41666666666667,1018.3333333333339,29.95098039215688,0
3901,4,0,1,42,0.0,0.023255813953488372,0.9767441860465116,43,1500,1200,300,0.8,18,12,6,366.70295920220667,0.44864341085271314,0.2631038194331188,0.20587339363084511,129685.96938775509,911.2457482993142,130597.21513605441,1252,2,228.88372093023256,34,9,18,36.0193139317438,0.6213235294117647,45.357142857142854,1018.5714285714284,29.957983193277308,0
3902,4,0,2,40,0.0,0.047619047619047616,0.9523809523809523,42,1450,1000,450,0.6896551724137931,19,10,9,363.6607060822623,0.44773519163763065,0.26511903371648815,0.20527532143588742,129898.25857426297,1047.778486394546,130946.03706065752,1253,3,234.21428571428572,34,8,18,35.88087313636186,0.623468137254902,45.14880952380952,1019.4047619047614,29.982492997198865,0
3903,4,0,0,40,0.0,0.0,1.0,40,1150,900,250,0.782608695652174,14,9,5,386.6638429468567,0.4422943376068376,0.2824643521388719,0.21670909613387068,129618.91842987962,2023.7898237424781,131642.70825362208,1254,4,246.35,32,8,18,35.57940690225254,0.6253255208333333,45.4229797979798,1018.3080808080808,31.822127525252526,0
3904,4,0,1,39,0.0,0.025,0.975,40,1250,700,550,0.56,18,7,11,383.59721580219366,0.4421073717948718,0.27455486044273303,0.21543649038836707,129700.23548635135,1950.5298442906446,131650.765330642,1255,5,247.35,33,7,18,35.574570901507855,0.6237373737373737,45.343137254901954,1018.6274509803917,30.867498514557326,0
3905,4,0,0,39,0.0,0.0,1.0,39,900,800,100,0.8888888888888888,10,8,2,389.34263572208,0.4409581646423752,0.27106681291430257,0.21821044872123524,129618.91842987962,2293.2342681869227,131912.15269806655,1256,6,254.43589743589743,32,7,18,35.51121099400703,0.6253255208333333,45.4229797979798,1018.3080808080808,31.822127525252526,0
3906,4,1,0,40,0.025,0.0,1.0,40,1550,1100,450,0.7096774193548387,20,11,9,381.1824797770744,0.44166666666666665,0.2784954954954957,0.21631521091643788,130106.2560823962,1918.8450655997694,132025.10114799597,1257,0,249.05,33,7,20,35.2225975975976,0.6278409090909092,44.94485294117647,1020.2205882352941,30.91577540106952,0
3907,4,0,0,40,0.0,0.0,1.0,40,1300,900,400,0.6923076923076923,17,9,8,383.67346938775484,0.4407451923076923,0.28316326530612224,0.21860465116279068,130262.58680555565,1995.6597222222308,132258.24652777787,1258,1,250.05,33,7,20,35.0,0.6294191919191919,44.79166666666667,1020.8333333333342,30.93434343434346,0
3908,4,1,1,40,0.024390243902439025,0.024390243902439025,0.975609756097561,41,1400,1000,400,0.7142857142857143,18,10,8,377.81404410011345,0.44133638211382115,0.27805275607768265,0.2176421746999247,130688.28125000013,1675.1736111111247,132363.45486111127,1259,0,244.9268292682927,34,7,19,34.717128497690844,0.6314338235294117,44.37500000000001,1022.500000000001,30.073529411764735,0
3909,4,0,0,40,0.0,0.0,1.0,40,1200,700,500,0.5833333333333334,17,7,10,384.3477250214558,0.43956997863247865,0.28052625269719456,0.22111922221579225,130638.1635068245,2042.0961889658067,132680.2596957903,1260,3,252.05,33,7,20,34.601014944457766,0.6332070707070707,44.42401960784315,1022.303921568629,30.97890671420088,0
3910,4,0,0,40,0.0,0.0,1.0,40,1200,900,300,0.75,15,9,6,385.6380220755677,0.4383413461538461,0.28416496945010117,0.22276266922247523,130794.81336805572,2087.890625000019,132882.70399305574,1261,4,253.05,33,7,20,34.40894433129667,0.6347853535353536,44.27083333333334,1022.916666666668,30.997474747474786,0
3911,4,1,1,40,0.024390243902439025,0.024390243902439025,0.975609756097561,41,1300,900,400,0.6923076923076923,17,9,8,381.23280107723747,0.43795731707317076,0.28649469580197606,0.22293831193429772,131267.12018140606,1808.6663832199697,133075.78656462603,1262,0,247.85365853658536,34,7,22,34.04270252478314,0.6372549019607843,43.80952380952382,1024.761904761906,30.140056022409,0
3912,4,0,1,39,0.0,0.025,0.975,40,1200,800,400,0.6666666666666666,16,8,8,368.6650401953169,0.4374198717948718,0.1742336751214253,0.20343547334184653,129006.37846500812,1512.0283404508707,130518.40680545899,1263,1,252.275,37,3,21,36.66205702464471,0.6083896396396397,46.025219298245595,1015.8991228070147,27.456733048838235,8
3913,4,0,0,39,0.0,0.0,1.0,39,1200,800,400,0.6666666666666666,16,8,8,376.5657847084133,0.4369376968061178,0.1791261183655024,0.20746773440960142,128943.91593874269,1911.1733777696531,130855.08931651234,1264,7,259.71794871794873,36,3,21,36.52520604649444,0.6096643518518519,46.08671171171171,1015.6531531531523,28.212587587587564,0
3914,4,0,0,39,0.0,0.0,1.0,39,900,500,400,0.5555555555555556,13,5,8,375.85680503045705,0.4366284300494827,0.17694581840923318,0.20722667367816142,128972.51136271398,1895.0392115087939,130867.55057422277,1265,8,260.71794871794873,36,3,21,36.51399667405764,0.6099537037037037,46.05855855855855,1015.7657657657651,28.215715715715696,0
3915,4,1,0,40,0.025,0.0,1.0,40,1550,1200,350,0.7741935483870968,19,12,7,365.1956299436829,0.4388221153846154,0.17051837116779822,0.20345253282260198,129383.0002834467,1450.6299753283363,130833.63025877504,1266,0,255.175,34,6,22,36.36618495982526,0.6182598039215687,45.654761904761905,1017.3809523809523,29.92296918767507,0
3916,4,0,0,40,0.0,0.0,1.0,40,1050,700,350,0.6666666666666666,14,7,7,365.8941496779332,0.43883547008547014,0.17168304668304657,0.2039985190670122,129413.28125000003,1470.3125000000018,130883.59375000003,1267,1,256.175,34,6,22,36.31756756756757,0.6185661764705883,45.625,1017.5000000000002,29.9264705882353,0
3917,4,0,0,40,0.0,0.0,1.0,40,1400,1100,300,0.7857142857142857,17,11,6,366.925400053562,0.43856837606837606,0.16787051117089735,0.20488865088555855,129473.85381235828,1501.449121315193,130975.30293367348,1268,2,257.175,34,6,16,36.22962724685147,0.6191789215686274,45.56547619047619,1017.7380952380953,29.933473389355743,0
3918,4,0,1,39,0.0,0.025,0.975,40,850,600,250,0.7058823529411765,11,6,5,368.25132566027,0.43838141025641025,0.17101800958952196,0.205946179576257,129534.44054705223,1540.2458900226884,131074.6864370749,1269,3,258.175,34,6,16,36.13417534011618,0.6197916666666667,45.50595238095239,1017.976190476191,29.940476190476208,0
3919,4,1,1,39,0.025,0.025,0.975,40,950,800,150,0.8421052631578947,11,8,3,375.94377056271577,0.43653846153846154,0.1846892886345055,0.2118798301374199,129837.58680555547,1762.32638888888,131599.91319444435,1270,0,259.075,34,6,17,35.6295993458708,0.6228553921568627,45.20833333333333,1019.166666666666,29.97549019607841,0
3920,4,0,0,39,0.0,0.0,1.0,39,1350,1200,150,0.8888888888888888,15,12,3,382.26350636163056,0.4350539811066127,0.18745452078785418,0.21537285358423564,129825.09731833896,2125.479382929625,131950.57670126858,1271,1,266.0,33,6,18,35.48130110630111,0.625,45.22058823529411,1019.1176470588224,30.882352941176435,0
3921,4,0,0,39,0.0,0.0,1.0,39,1150,800,350,0.6956521739130435,15,8,7,384.9009169304352,0.43446356275303644,0.18597228709325875,0.21743347312613767,129928.59977324266,2201.9274376417256,132130.52721088438,1272,2,267.0,34,5,18,35.3086563910945,0.6237745098039216,45.11904761904762,1019.5238095238097,29.98599439775911,0
3922,4,1,1,39,0.025,0.025,0.975,40,800,500,300,0.625,11,5,6,377.4164428846904,0.438394764957265,0.19105643656716453,0.2152076738151,130292.9705215419,1835.3706065759577,132128.34112811784,1273,0,261.3,34,6,20,35.1287993625622,0.6274509803921569,44.76190476190476,1020.9523809523805,30.02801120448178,0
3923,4,0,0,39,0.0,0.0,1.0,39,1050,800,250,0.7619047619047619,13,8,5,383.39783414034645,0.43567251461988304,0.19231367481484152,0.21793675293441975,130171.45691609975,2181.490929705212,132352.94784580497,1274,1,268.28205128205127,34,5,20,35.09974335044331,0.6262254901960784,44.88095238095238,1020.4761904761903,30.01400560224089,0
3924,4,0,0,39,0.0,0.0,1.0,39,1350,1000,350,0.7407407407407407,17,10,7,380.9252605603904,0.4354757085020243,0.18578529005400957,0.21686940133099514,130232.20663265302,2121.7474489795873,132353.9540816326,1275,2,269.28205128205127,34,5,20,35.10103219034291,0.6268382352941176,44.82142857142857,1020.7142857142853,30.021008403361332,0
3925,4,0,0,39,0.0,0.0,1.0,39,1000,900,100,0.9,11,9,2,381.3424979015731,0.43536324786324787,0.19010861502759213,0.2174513586596855,130293.86421388404,2137.32107119808,132431.18528508212,1276,3,270.28205128205127,33,6,20,35.02768275117032,0.6297348484848485,44.7610294117647,1020.9558823529408,30.938057040998206,0
3926,4,0,0,39,0.0,0.0,1.0,39,1000,700,300,0.7,13,7,6,381.61900251723534,0.43525078722447147,0.19339991262237421,0.218135306377136,130387.71896626313,2151.6862504806036,132539.40521674373,1277,4,271.28205128205127,33,6,20,34.925205983521316,0.6306818181818181,44.66911764705883,1021.323529411766,30.949197860962606,0
3927,4,0,0,39,0.0,0.0,1.0,39,900,700,200,0.7777777777777778,11,7,4,379.9798971449515,0.4347728295096716,0.19228976987597668,0.2180312457949375,130536.16780045355,2120.2239229024976,132656.39172335604,1278,5,272.28205128205127,34,5,18,34.81622786579685,0.6299019607843137,44.523809523809526,1021.9047619047622,30.056022408963592,0
3928,4,1,2,38,0.025,0.05,0.95,40,1400,1100,300,0.7857142857142857,17,11,6,370.34205357884093,0.43651175213675214,0.18580760095011883,0.21442004555930141,130883.62328800155,1694.3419656635817,132577.96525366514,1279,0,266.45,35,5,19,34.71008652867322,0.63125,44.18402777777778,1023.2638888888889,29.23611111111111,0
3929,4,0,0,38,0.0,0.0,1.0,38,1300,900,400,0.6923076923076923,17,9,8,373.8646431091159,0.4339586296823139,0.17739573971681466,0.21679246157468243,130942.84664619753,2190.980125814452,133133.826772012,1280,1,277.2894736842105,35,3,19,34.559939123223636,0.6318452380952381,44.1261574074074,1023.495370370369,29.242724867724828,0
3930,4,0,0,38,0.0,0.0,1.0,38,900,500,400,0.5555555555555556,13,5,8,378.6067819753427,0.4334103840682788,0.15766320103017595,0.21012043277922512,129232.53864198855,2242.6627519804715,131475.201393969,1281,2,278.2894736842105,33,5,20,36.17861375597605,0.6190025252525253,45.80269607843137,1016.7892156862737,30.811794414735566,8
3931,4,0,0,38,0.0,0.0,1.0,38,1150,700,450,0.6086956521739131,16,7,9,375.1134558553829,0.43349928876244664,0.15390442262466952,0.20917172760021757,129419.5160064637,2109.4003808631132,131528.9163873268,1282,3,279.2894736842105,33,5,22,36.07669416676704,0.6208964646464646,45.6188725490196,1017.5245098039203,30.83407605466425,0
3932,4,1,0,39,0.02564102564102564,0.0,1.0,39,600,200,400,0.3333333333333333,10,2,8,372.067133143144,0.4335076473234368,0.16392783820381762,0.2096001988052068,129819.89354263117,1860.3431230709848,131680.23666570216,1283,0,273.1025641025641,35,4,18,35.74637989778535,0.6205357142857143,45.22569444444444,1019.0972222222222,29.11706349206349,0
3933,4,0,0,39,0.0,0.0,1.0,39,600,300,300,0.5,9,3,6,371.55966708491417,0.43291722896986057,0.17180185845035956,0.20978830433871287,129908.37191358011,1853.7422839505966,131762.1141975307,1284,1,274.1025641025641,35,4,18,35.66927792915531,0.6214285714285714,45.13888888888888,1019.4444444444433,29.126984126984095,0
3934,4,1,1,39,0.025,0.025,0.975,40,900,500,400,0.5555555555555556,13,5,8,363.6874284468359,0.4332799145299145,0.17445384707718126,0.2073839812724564,130293.86421388394,1478.6948429289812,131772.55905681293,1285,0,268.225,33,7,20,35.47830892649942,0.6297348484848485,44.761029411764696,1020.95588235294,30.93805704099818,0
3935,4,0,0,39,0.0,0.0,1.0,39,1150,900,250,0.782608695652174,14,9,5,371.0159478431418,0.4306117858749438,0.18211868553964328,0.2115628926407402,130293.86421388405,1868.2203058919579,132162.08451977602,1286,1,275.94871794871796,33,6,21,35.29125655183451,0.6297348484848485,44.7610294117647,1020.9558823529409,30.93805704099821,0
3936,4,1,0,40,0.025,0.0,1.0,40,600,300,300,0.5,9,3,6,360.52357741387806,0.4327056623931624,0.18761460101867566,0.20777728678745028,130706.03358892743,1424.5213638117225,132130.55495273916,1287,0,270.025,35,5,19,35.14112903225805,0.6294642857142857,44.357638888888886,1022.5694444444441,29.21626984126983,0
3937,4,0,1,39,0.0,0.025,0.975,40,850,600,250,0.7058823529411765,11,6,5,363.17347941261886,0.432678952991453,0.1863330315718008,0.20962534536703525,130765.21675936629,1498.0917513288616,132263.30851069515,1288,1,271.025,35,5,19,35.01341424314436,0.6300595238095238,44.29976851851851,1022.8009259259248,29.222883597883566,0
3938,4,0,1,38,0.0,0.02564102564102564,0.9743589743589743,39,900,600,300,0.6666666666666666,12,6,6,369.7105360251937,0.43052744039586144,0.17941853281161912,0.21330981967712784,130749.15143140571,1867.867772108827,132617.01920351453,1289,2,275.97435897435895,34,5,19,34.862549955379684,0.632046568627451,44.31547619047618,1022.7380952380937,30.08053221288511,0
3939,4,0,0,38,0.0,0.0,1.0,38,1100,800,300,0.7272727272727273,14,8,6,362.0590507227238,0.42911332385016593,0.12343775550727742,0.19847178619909875,128743.83674214747,1722.57426345264,130466.41100560011,1290,3,276.4736842105263,36,2,21,37.097758544163355,0.6076388888888888,46.28378378378378,1014.8648648648642,28.190690690690673,8
3940,4,1,1,38,0.02564102564102564,0.02564102564102564,0.9743589743589743,39,1200,700,500,0.5833333333333334,17,7,10,353.50795427553686,0.42954340980656774,0.12259779634900947,0.1956218046674599,129117.79495854498,1328.8335112726988,130446.62846981768,1291,0,270.35897435897436,37,2,22,36.93348347538389,0.6095157657657657,45.915570175438596,1016.337719298246,27.468587008060705,0
3941,4,1,0,39,0.02564102564102564,0.0,1.0,39,1100,500,600,0.45454545454545453,17,5,12,350.7971539637338,0.42872807017543857,0.1469952146275264,0.1872935429401852,127688.85598013563,1163.6300905314592,128852.48607066709,1292,0,271.2307692307692,36,3,18,38.461699164345404,0.5969328703703703,47.325450450450454,1010.698198198199,28.07494994994997,8
3942,4,0,0,39,0.0,0.0,1.0,39,1450,900,550,0.6206896551724138,20,9,11,352.6112568044128,0.4276034637876743,0.14126829156889298,0.18919679262946437,127888.11404309701,1218.9577246164954,129107.07176771351,1293,1,272.2307692307692,36,3,18,38.211840347361395,0.5989583333333333,47.12837837837837,1011.4864864864854,28.096846846846816,0
3943,4,2,1,40,0.04878048780487805,0.024390243902439025,0.975609756097561,41,1050,500,550,0.47619047619047616,16,5,11,335.201142154808,0.43361280487804876,0.137941405374032,0.1823975608723484,128450.01737313399,411.57530906640636,128861.5926822004,1294,0,259.9024390243902,37,4,16,38.078578510906794,0.602759009009009,46.5734649122807,1013.7061403508768,27.3974632527264,0
3944,4,0,1,39,0.0,0.025,0.975,40,1100,900,200,0.8181818181818182,13,9,4,349.9497096342177,0.4294871794871795,0.06924526147522236,0.19036394763829037,128437.66744898821,1014.743325878502,129452.41077486672,1295,1,267.4,35,5,17,37.71742026337822,0.6065476190476191,46.58564814814814,1013.6574074074064,28.961640211640184,8
3945,4,1,1,39,0.025,0.025,0.975,40,1050,800,250,0.7619047619047619,13,8,5,348.1017784345882,0.4314636752136752,-0.016852654387865984,0.18745504171244115,128033.53555901785,926.6137636960088,128960.14932271386,1296,0,268.125,37,3,19,38.1771397616468,0.5985360360360361,46.984649122807,1012.0614035087694,27.353010905642417,7
3946,4,1,2,38,0.025,0.05,0.95,40,900,700,200,0.7777777777777778,11,7,4,346.8032077983392,0.43182425213675213,-0.004790881042166184,0.1876855208066333,128232.43694540867,894.3802787342363,129126.81722414291,1297,0,269.0,35,5,20,38.00672780253685,0.6044642857142857,46.78819444444443,1012.8472222222199,28.938492063491996,0
3947,4,0,0,38,0.0,0.0,1.0,38,1000,800,200,0.8,12,8,4,353.25717972402805,0.4288614272166904,0.01740446348522462,0.19061940475299627,128115.23604948964,1451.525393304151,129566.7614427938,1298,1,282.2631578947368,35,3,20,37.96313497961204,0.6032738095238095,46.90393518518517,1012.3842592592573,28.925264550264494,0
3948,4,0,0,38,0.0,0.0,1.0,38,700,500,200,0.7142857142857143,9,5,4,350.45809366151747,0.42809091986723563,0.02170383687998667,0.18994177670707485,128291.05748724689,1392.1278881601245,129683.185375407,1299,2,283.2631578947368,35,3,21,37.85428329334704,0.6050595238095238,46.73032407407406,1013.0787037037021,28.945105820105773,0
3949,4,0,1,37,0.0,0.02631578947368421,0.9736842105263158,38,1650,1400,250,0.8484848484848485,19,14,5,349.6840677214615,0.4278390232337601,0.02318517494787309,0.1903594001971584,128466.99948827586,1384.5725898062392,129851.5720780821,1300,3,284.2631578947368,35,3,16,37.69420500818206,0.606845238095238,46.55671296296296,1013.7731481481479,28.964947089947085,0
3950,4,1,1,37,0.02631578947368421,0.02631578947368421,0.9736842105263158,38,900,700,200,0.7777777777777778,11,7,4,346.7655930894767,0.427898293029872,0.041911442612917016,0.19044965666799019,128819.24518014841,1334.0163912465841,130153.26157139499,1301,0,284.44736842105266,35,3,18,37.40890909436402,0.6104166666666666,46.20949074074075,1015.1620370370379,29.004629629629655,0
3951,4,0,0,37,0.0,0.0,1.0,37,950,800,150,0.8421052631578947,11,8,3,356.3802307666418,0.42530030030030025,0.04927432416584532,0.19567638298436296,128808.33510487541,1780.9488378684948,130589.2839427439,1302,1,293.02702702702703,34,3,19,37.17602908408585,0.6124387254901961,46.2202380952381,1015.1190476190486,29.85644257703084,0
3952,4,2,1,38,0.05128205128205128,0.02564102564102564,0.9743589743589743,39,1000,800,200,0.8,12,8,4,338.4314319328122,0.4298245614035088,0.05544762404830683,0.188517888890331,129377.95380015454,957.7120142038575,130335.6658143584,1303,0,278.94871794871796,35,4,21,37.052047781569975,0.6160714285714286,45.659722222222236,1017.3611111111129,29.06746031746037,0
3953,4,1,1,38,0.02564102564102564,0.02564102564102564,0.9743589743589743,39,1300,900,400,0.6923076923076923,17,9,8,339.0123486353776,0.42968398560503823,0.0596920978782558,0.19011916224618783,129643.02722318674,990.1174286265474,130633.14465181329,1304,0,279.6923076923077,35,4,18,36.76802761677463,0.61875,45.39930555555556,1018.4027777777778,29.097222222222225,0
3954,4,1,0,39,0.02564102564102564,0.0,1.0,39,1200,900,300,0.75,15,9,6,339.70249371657025,0.43137089518668464,0.06250327722720384,0.19093622922689993,129731.44531250012,1014.0190972222381,130745.46440972235,1305,0,280.64102564102564,35,4,20,36.66070211315611,0.6196428571428572,45.31250000000001,1018.7500000000009,29.107142857142883,0
3955,4,0,0,39,0.0,0.0,1.0,39,1250,800,450,0.64,17,8,9,338.9165217545863,0.43106162843004947,0.06477558585992305,0.1911752418829271,129871.11418898134,1003.0932594644621,130874.20744844581,1306,1,281.64102564102564,37,2,20,36.5390131956397,0.6171171171171171,45.17543859649123,1019.2982456140361,27.548601232811787,0
3956,4,0,0,39,0.0,0.0,1.0,39,1100,800,300,0.7272727272727273,14,8,6,336.8216531440612,0.4309772829509672,0.052798292987519924,0.1906742663355396,130010.85820877597,958.0944377116243,130968.9526464876,1307,2,282.64102564102564,37,2,20,36.45071766476723,0.6185247747747749,45.038377192982466,1019.8464912280717,27.563418681839778,0
3957,4,0,1,38,0.0,0.02564102564102564,0.9743589743589743,39,1000,500,500,0.5,15,5,10,324.767755022793,0.4304430949167792,0.04153943095341983,0.18084436042848143,129364.36760355023,602.6750493096583,129967.04265285989,1308,3,283.64102564102564,38,1,19,37.41335853812226,0.6101973684210527,45.67307692307692,1017.3076923076917,26.77125506072873,8
3958,4,0,0,38,0.0,0.0,1.0,38,850,400,450,0.47058823529411764,13,4,9,327.22577288941693,0.42703888098624937,0.05224591651542587,0.18249129641909817,129424.43828870446,870.202369960009,130294.64065866447,1309,5,292.0263157894737,37,1,19,37.28987068965517,0.6126126126126126,45.61403508771931,1017.5438596491248,27.501185395922292,0
3959,4,0,1,37,0.0,0.02631578947368421,0.9736842105263158,38,1150,700,450,0.6086956521739131,16,7,9,325.8548576147566,0.4268610715979137,0.05847732824038121,0.1826321099980837,129619.76431450067,847.4459689519913,130467.21028345266,1310,6,293.0263157894737,37,1,18,37.126606187861185,0.6145833333333333,45.42214912280702,1018.3114035087724,27.521929824561415,0
3960,4,0,0,37,0.0,0.0,1.0,37,1250,900,350,0.72,16,9,7,329.1077320235013,0.4273023023023023,0.06009591681233495,0.18477836351040192,129688.4273420383,1136.2928384465913,130824.72018048489,1311,7,295.8378378378378,36,1,18,36.9741569928137,0.6171875,45.35472972972975,1018.5810810810835,28.293918918918987,0
3961,4,0,0,37,0.0,0.0,1.0,37,1250,900,350,0.72,16,9,7,331.62386321971974,0.42727102102102105,0.0637082706048222,0.18660029318482765,129774.47041636263,1207.2622453534975,130981.73266171613,1312,8,296.8378378378378,36,1,19,36.822824565281465,0.6180555555555556,45.27027027027029,1018.9189189189215,28.303303303303373,0
3962,4,1,0,38,0.02631578947368421,0.0,1.0,38,1000,500,500,0.5,15,5,10,325.1802532886787,0.4287873399715505,0.07307616165615594,0.18461270633625118,130122.7075277971,862.6669984995519,130985.37452629665,1313,0,290.0,37,1,20,36.63431398889486,0.6196509009009009,44.928728070175445,1020.285087719299,27.575272641062135,0
3963,4,0,0,38,0.0,0.0,1.0,38,1050,900,150,0.8571428571428571,12,9,3,323.14718929057807,0.42855026078710284,0.07319052439307128,0.18372210694730676,130178.65022170298,813.3729849569278,130992.0232066599,1314,1,291.0,37,1,20,36.629575409190245,0.6202139639639639,44.87390350877194,1020.5043859649135,27.58119962067334,0
3964,4,0,0,38,0.0,0.0,1.0,38,1050,800,250,0.7619047619047619,13,8,5,325.9078556582942,0.4280316500711237,0.07863085548923898,0.185959188228556,130318.55955678667,894.368459526007,131212.92801631268,1315,2,292.0,37,1,20,36.41761526345935,0.6216216216216216,44.73684210526316,1021.0526315789471,27.596017069701272,0
3965,4,0,0,38,0.0,0.0,1.0,38,950,600,350,0.631578947368421,13,6,7,327.5508960608497,0.427883475580844,0.08529750740096254,0.1874363727090217,130430.54112803926,944.5281240381449,131375.0692520774,1316,3,293.0,37,1,20,36.26243380563904,0.6227477477477478,44.62719298245613,1021.4912280701743,27.60787102892363,0
3966,4,0,0,38,0.0,0.0,1.0,38,500,300,200,0.6,7,3,4,326.3216762005429,0.42761676149834044,0.08111634527400247,0.18700279082636276,130486.54994806083,916.1179401354095,131402.66788819624,1317,4,294.0,37,1,20,36.237211132574956,0.6233108108108107,44.57236842105262,1021.7105263157886,27.613798008534825,0
3967,4,0,0,38,0.0,0.0,1.0,38,550,200,350,0.36363636363636365,9,2,7,323.39516292434985,0.42779457088667616,0.08079963858143246,0.18559377576692945,130542.57079101233,843.3671899045589,131385.9379809169,1318,5,295.0,37,1,19,36.25536480686697,0.6238738738738738,44.51754385964911,1021.9298245614011,27.619724988145975,0
3968,4,1,0,39,0.02564102564102564,0.0,1.0,39,1150,900,250,0.782608695652174,14,9,5,315.72250478415424,0.4277440395861449,0.0867677100317803,0.18269936122766423,130863.12601587031,463.28678592299116,131326.4128017933,1319,0,288.4102564102564,38,1,20,36.12800633462114,0.6252741228070176,44.20405982905982,1023.1837606837598,26.92588843904631,0
3969,4,0,0,39,0.0,0.0,1.0,39,1250,1000,250,0.8,15,10,5,316.8995285077021,0.4270973909131804,0.08739519187280376,0.18390153740958767,130972.46334876528,501.02237654319396,131473.48572530848,1320,1,289.4102564102564,38,1,20,35.987675260063305,0.6263706140350878,44.097222222222214,1023.61111111111,26.937134502923946,0
3970,4,0,2,37,0.0,0.05128205128205128,0.9487179487179487,39,1250,900,350,0.72,16,9,7,319.16056959493864,0.42647885739991004,0.08364284931184507,0.18627088873072803,131191.274985846,574.2164100737461,131765.49139591973,1321,2,290.4102564102564,38,1,20,35.70931970660826,0.6285635964912281,43.88354700854699,1024.4658119658095,26.959626630679196,0
3971,4,0,0,37,0.0,0.0,1.0,37,1300,1200,100,0.9230769230769231,14,12,2,334.92093854773725,0.4255505505505506,0.08889694886834931,0.19455375414296952,131010.89000740577,1375.6580482509219,132386.5480556567,1322,3,304.7027027027027,36,1,20,35.48770762292377,0.6304976851851851,44.05968468468467,1023.761261261259,28.43781281281275,0
3972,4,0,0,37,0.0,0.0,1.0,37,1200,1000,200,0.8333333333333334,14,10,4,336.4153530581386,0.4245182682682683,0.08935114333684968,0.19600881717256696,131126.20380092927,1422.5736293726077,132548.77743030188,1323,4,305.7027027027027,36,1,20,35.333058457027676,0.6316550925925926,43.94707207207207,1024.2117117117114,28.450325325325316,0
3973,4,0,0,37,0.0,0.0,1.0,37,950,600,350,0.631578947368421,13,6,7,334.8743882168045,0.424268018018018,0.08392102808458102,0.19555116713712978,131212.72243527285,1387.956030354656,132600.6784656275,1324,5,306.7027027027027,36,1,20,35.28522752253244,0.6325231481481481,43.8626126126126,1024.5495495495475,28.459709709709653,0
3974,4,1,0,38,0.02631578947368421,0.0,1.0,38,1350,1100,250,0.8148148148148148,16,11,5,326.1287456594087,0.4258534850640114,0.08164700059616892,0.19242829772261916,131609.25116381928,984.3119998460686,132593.56316366536,1325,0,299.60526315789474,37,1,19,35.10988815273919,0.634572072072072,43.47587719298244,1026.0964912280674,27.73233760075858,0
3975,4,0,1,37,0.0,0.02631578947368421,0.9736842105263158,38,1050,800,250,0.7619047619047619,13,8,5,353.5940453317688,0.42634246088193456,0.04666751345234488,0.2093093063145718,131732.4334469605,1718.3173030876978,133450.7507500482,1326,1,300.60526315789474,36,2,19,34.281071741992086,0.6377314814814814,43.35585585585586,1026.5765765765768,28.516016016016025,8
3976,4,0,0,37,0.0,0.0,1.0,37,1500,1400,100,0.9333333333333333,16,14,2,359.8317664376474,0.42436186186186187,0.06012644722322147,0.21240136093449952,131624.87809713645,2072.5624785665227,133697.44057570296,1327,8,309.7027027027027,35,2,19,34.22954733438604,0.6386904761904761,43.460648148148145,1026.1574074074072,29.318783068783063,0
3977,4,0,1,36,0.0,0.02702702702702703,0.972972972972973,37,1100,900,200,0.8181818181818182,13,9,4,360.5932618087394,0.42373623623623624,0.06290258691611572,0.21351550281999435,131743.6731074244,2101.1761616940807,133844.84926911848,1328,9,310.7027027027027,35,2,20,34.0900977076287,0.6398809523809523,43.3449074074074,1026.620370370369,29.332010582010543,0
3978,4,0,1,35,0.0,0.027777777777777776,0.9722222222222222,36,950,700,250,0.7368421052631579,12,7,5,367.32136037985185,0.4244212962962963,0.06808165158895862,0.2172184341011716,131694.4515306122,2474.8370181405803,134169.28854875278,1329,10,307.1111111111111,34,2,20,33.967128663109875,0.6415441176470589,43.39285714285714,1026.4285714285709,30.189075630252084,0
3979,4,0,0,35,0.0,0.0,1.0,35,900,600,300,0.6666666666666666,12,6,6,370.6107987460739,0.42254901960784313,0.08367809819403527,0.21940683117285228,131736.68368235766,2764.6075127354866,134501.29119509316,1330,11,314.34285714285716,33,2,20,33.840053121642626,0.6442550505050505,43.35171568627451,1026.5931372549014,31.108882947118225,0
3980,4,0,0,35,0.0,0.0,1.0,35,1100,700,400,0.6363636363636364,15,7,8,374.58166481533664,0.4219187675070028,0.09336582539493232,0.2228614688535816,131925.46323829767,2883.371930267199,134808.83516856487,1331,12,315.34285714285716,33,2,21,33.54743230347132,0.6461489898989898,43.16789215686274,1027.3284313725483,31.131164587046918,0
3981,4,0,0,35,0.0,0.0,1.0,35,950,500,450,0.5263157894736842,14,5,9,374.71410465590577,0.4219887955182073,0.09559705561613963,0.2231252168632893,131956.93963860048,2889.2252979623136,134846.1649365628,1332,13,316.34285714285716,33,2,21,33.51224554707378,0.6464646464646464,43.13725490196078,1027.4509803921565,31.13487819370171,0
3982,4,1,1,35,0.027777777777777776,0.027777777777777776,0.9722222222222222,36,650,500,150,0.7692307692307693,8,5,3,366.27412969084486,0.42248677248677247,0.10580235487685741,0.22047866135429406,132367.37528344666,2496.5490362811706,134863.92431972784,1333,0,308.52777777777777,34,2,22,33.31525721116767,0.6482843137254901,42.738095238095234,1029.0476190476186,30.266106442577016,0
3983,4,0,1,34,0.0,0.02857142857142857,0.9714285714285714,35,1150,1000,150,0.8695652173913043,13,10,3,371.59091323283303,0.42065826330532213,0.1252488133517069,0.22367375615886032,132366.47450800182,2837.2358287677885,135203.7103367696,1334,1,317.42857142857144,33,2,23,33.17938450240165,0.6505681818181819,42.7389705882353,1029.0441176470595,31.183155080213922,0
3984,4,0,0,34,0.0,0.0,1.0,34,700,500,200,0.7142857142857143,9,5,4,374.5349046861937,0.42108585858585856,0.12229102167182648,0.2256344425792438,132398.00347222236,3117.538476787793,135515.54194901016,1335,2,321.29411764705884,31,3,24,33.07186234817814,0.6559139784946236,42.70833333333334,1029.1666666666679,33.198924731182835,0
3985,4,0,0,34,0.0,0.0,1.0,34,1150,900,250,0.782608695652174,14,9,5,379.2392609013218,0.42012032085561496,0.12605785677102688,0.22969238543104578,132599.088880751,3257.356092664951,135856.44497341593,1336,3,322.29411764705884,31,3,24,32.748103666245264,0.6579301075268817,42.51302083333334,1029.9479166666679,33.22412634408606,0
3986,4,0,0,34,0.0,0.0,1.0,34,650,500,150,0.7692307692307693,8,5,3,377.1210310380822,0.4197489601901367,0.12445726521144373,0.2288176071758673,132666.1512586807,3206.2391493055807,135872.3904079863,1337,4,323.29411764705884,31,3,17,32.73508594539942,0.6586021505376345,42.44791666666668,1030.2083333333346,33.232526881720474,0
3987,4,0,0,34,0.0,0.0,1.0,34,800,500,300,0.625,11,5,6,371.74368058601164,0.419247623291741,0.11409089220021573,0.2261607403411442,132766.77661471913,3071.0420396593145,135837.81865437844,1338,5,324.29411764705884,31,3,17,32.7722941671931,0.6596102150537635,42.35026041666668,1030.5989583333346,33.24512768817208,0
3988,4,0,0,34,0.0,0.0,1.0,34,800,600,200,0.75,10,6,4,371.84151486063075,0.41824494949494945,0.11945581364254232,0.2270326103455156,132901.00309583888,3083.622063530835,135984.62515936972,1339,6,325.29411764705884,31,3,18,32.634723449930554,0.6609543010752688,42.22005208333334,1031.1197916666679,33.2619287634409,0
3989,4,0,0,34,0.0,0.0,1.0,34,900,400,500,0.4444444444444444,14,4,10,378.5082046475256,0.41804070112893643,0.12247049849688163,0.22054411390795828,131128.0059814453,3126.605224609375,134254.6112060547,1340,7,326.29411764705884,31,3,20,34.25343249427918,0.6431451612903225,43.9453125,1024.21875,33.03931451612903,8
3990,4,0,0,34,0.0,0.0,1.0,34,700,400,300,0.5714285714285714,10,4,6,379.50047480537376,0.41772504456327986,0.12783222324385335,0.22169927514799453,131228.04641723636,3160.221184624566,134388.26760186092,1341,8,327.29411764705884,31,3,20,34.12666264243657,0.6441532258064516,43.84765625,1024.6093750000002,33.051915322580655,0
3991,4,0,0,34,0.0,0.0,1.0,34,900,800,100,0.8888888888888888,10,8,2,381.8834011525756,0.41720513963161027,0.1353733160989532,0.22386954707924264,131361.49300469298,3232.954745822493,134594.44775051548,1342,9,328.29411764705884,31,3,20,33.930442652102116,0.645497311827957,43.71744791666667,1025.130208333334,33.068716397849485,0
3992,4,0,0,34,0.0,0.0,1.0,34,1000,600,400,0.6,14,6,8,382.5137616528093,0.4170751633986928,0.13304575163398735,0.22463056472899884,131428.24172973642,3254.622226291247,134682.86395602766,1343,10,329.29411764705884,31,3,20,33.84669312169313,0.6461693548387097,43.65234375000001,1025.3906250000007,33.07711693548389,0
3993,4,0,0,34,0.0,0.0,1.0,34,1050,800,250,0.7619047619047619,13,8,5,377.2832568047338,0.4160910576351753,0.12886515837104118,0.22229343448429753,131554.70623214473,3126.6776030507176,134681.38383519545,1344,11,330.29411764705884,32,2,19,33.85282051282052,0.6448567708333333,43.52904040404041,1025.8838383838388,32.05886994949496,0
3994,4,0,0,34,0.0,0.0,1.0,34,1200,600,600,0.5,18,6,12,372.831146052917,0.41590537730243615,0.12227159564613266,0.2202304909242814,131651.87225793296,3016.7836827874817,134668.65594072043,1345,12,331.29411764705884,32,2,19,33.86877665682414,0.6458333333333333,43.43434343434344,1026.262626262627,32.070707070707094,0
3995,4,0,0,34,0.0,0.0,1.0,34,1050,700,350,0.6666666666666666,14,7,7,374.20296340694654,0.41575683303624483,0.12795238577358692,0.22217276674102943,131846.31191970204,3067.4561269258247,134913.76804662787,1346,13,332.29411764705884,32,2,19,33.6370994180805,0.6477864583333333,43.244949494949495,1027.0202020202019,32.09438131313131,0
3996,4,0,0,34,0.0,0.0,1.0,34,850,400,450,0.47058823529411764,13,4,9,370.5989773557338,0.41508838383838387,0.12623211446740812,0.22116390584132528,132040.89506172857,2986.8441358024875,135027.73919753107,1347,14,333.29411764705884,32,2,19,33.53322072072071,0.6497395833333333,43.055555555555564,1027.7777777777792,32.1180555555556,0
3997,4,0,0,34,0.0,0.0,1.0,34,1050,800,250,0.7619047619047619,13,8,5,371.14538245603165,0.41449420677361853,0.12443223237817547,0.22247514639793012,132208.88600538266,3013.7435121107383,135222.6295174934,1348,15,334.29411764705884,33,1,19,33.34971798538289,0.648989898989899,42.892156862745104,1028.4313725490206,31.164587046940017,0
3998,4,0,0,34,0.0,0.0,1.0,34,1050,800,250,0.7619047619047619,13,8,5,370.93141519555684,0.4139743018419489,0.13118291623462142,0.2230902694829439,132334.94929834688,3017.4380046136175,135352.3873029605,1349,16,335.29411764705884,33,1,19,33.228124503731934,0.6502525252525253,42.76960784313726,1028.9215686274515,31.179441473559137,0
3999,4,0,0,34,0.0,0.0,1.0,34,850,500,350,0.5882352941176471,12,5,7,368.306315461653,0.4134543969102793,0.12872112407716085,0.22188209736348377,132398.0034722223,2952.619184928878,135350.6226571512,1350,17,336.29411764705884,32,2,19,33.23211875843454,0.6533203125,42.708333333333336,1029.1666666666672,32.16145833333335,0
4000,4,0,0,34,0.0,0.0,1.0,34,1450,1300,150,0.896551724137931,16,13,3,369.2471798512123,0.4118946821152703,0.12438612811803629,0.22360424989208177,132592.99314164382,2991.917757116629,135584.91089876046,1351,18,337.29411764705884,32,2,20,33.01152384455069,0.6552734375,42.5189393939394,1029.9242424242432,32.1851325757576,0
4001,4,0,1,33,0.0,0.029411764705882353,0.9705882352941176,34,1350,1000,350,0.7407407407407407,17,10,7,367.45242214532874,0.4116161616161616,0.12305363321799301,0.22309611344537825,132690.54178145094,2951.492194674023,135642.03397612498,1352,19,338.29411764705884,32,2,18,32.95955882352941,0.65625,42.42424242424243,1030.303030303031,32.19696969696972,0
4002,4,0,0,33,0.0,0.0,1.0,33,950,600,350,0.631578947368421,13,6,7,373.9209013656015,0.41023516414141414,0.13785523630083252,0.22707874846554124,132699.68880547408,3323.8374498155285,136023.52625528962,1353,20,347.1515151515151,31,2,19,32.78373667804035,0.6589381720430108,42.41536458333333,1030.3385416666658,33.23672715053761,0
4003,4,0,0,33,0.0,0.0,1.0,33,700,600,100,0.8571428571428571,8,6,2,373.09128364247005,0.40948547979797983,0.13906625629718095,0.2271838924087535,132800.3268771702,3309.328884548616,136109.65576171884,1354,21,348.1515151515151,31,2,19,32.70380663634832,0.6599462365591398,42.317708333333336,1030.7291666666672,33.24932795698926,0
4004,4,0,0,33,0.0,0.0,1.0,33,1000,600,400,0.6,14,6,8,367.9246002943125,0.4092881944444444,0.1331077395727822,0.22474496713565073,132918.29476902867,3180.7820949392963,136099.07686396796,1355,22,349.1515151515151,32,1,19,32.718307416023826,0.6585286458333333,42.20328282828283,1031.1868686868688,32.22458964646465,0
4005,4,0,1,32,0.0,0.030303030303030304,0.9696969696969697,33,1150,700,450,0.6086956521739131,16,7,9,369.8187212810045,0.4077493686868687,0.14172562630712404,0.22688878305618407,133081.09504132243,3243.1760789715504,136324.271120294,1356,23,350.1515151515151,32,1,19,32.50581253059227,0.66015625,42.045454545454554,1031.818181818183,32.244318181818215,0
4006,4,0,0,32,0.0,0.0,1.0,32,800,400,400,0.5,12,4,8,378.65719418712655,0.407195060483871,0.14353225195657648,0.23181779693588997,133001.7174614801,3672.4114312066017,136674.12889268668,1357,24,345.9375,31,1,20,32.357674829588476,0.6619623655913979,42.122395833333336,1031.510416666667,33.274529569892486,0
4007,4,0,0,32,0.0,0.0,1.0,32,950,700,250,0.7368421052631579,12,7,5,380.85945711926087,0.4066070228494623,0.15000315497223626,0.23358593949017215,133068.8815646702,3736.1083984375086,136804.9899631077,1358,25,346.9375,31,1,20,32.23329968029614,0.6626344086021505,42.05729166666667,1031.770833333334,33.2829301075269,0
4008,4,0,0,32,0.0,0.0,1.0,32,950,800,150,0.8421052631578947,11,8,3,381.5469396108879,0.40635500672043007,0.1472943995963678,0.23485280568595618,133203.26063368045,3764.6592881944334,136967.91992187488,1359,26,347.9375,31,1,20,32.08039017827112,0.663978494623656,41.92708333333333,1032.2916666666658,33.299731182795675,0
4009,4,0,0,32,0.0,0.0,1.0,32,850,600,250,0.7058823529411765,11,6,5,379.265204756426,0.4055779569892473,0.1419863510276136,0.23408189407962748,133304.0894402397,3711.5205552842785,137015.609995524,1360,27,348.9375,31,1,20,32.037915563401015,0.664986559139785,41.82942708333333,1032.6822916666658,33.312331989247284,0
4010,4,0,0,32,0.0,0.0,1.0,32,750,600,150,0.8,9,6,3,379.32060815201504,0.405283938172043,0.1431559624353964,0.23454017026266072,133371.3298373753,3718.098788791242,137089.42862616654,1361,28,349.9375,31,1,20,31.96891150888693,0.6656586021505376,41.76432291666667,1032.942708333334,33.32073252688174,0
4011,4,0,0,32,0.0,0.0,1.0,32,700,500,200,0.7142857142857143,9,5,4,380.79660094697323,0.4051159274193548,0.1437405470128561,0.23566616473582572,133404.95639377172,3760.0307888454918,137164.98718261722,1362,29,350.9375,31,1,20,31.897004453407277,0.665994623655914,41.731770833333336,1033.0729166666667,33.32493279569893,0
4012,4,0,0,32,0.0,0.0,1.0,32,800,600,200,0.75,10,6,4,381.43860561914636,0.40503192204301075,0.14012096774193528,0.23649193548387099,133472.2222222223,3782.2916666666774,137254.513888889,1363,30,351.9375,31,1,20,31.812836021505365,0.6666666666666667,41.66666666666667,1033.3333333333342,33.33333333333336,0
4013,4,0,0,32,0.0,0.0,1.0,32,600,200,400,0.3333333333333333,10,2,8,379.2685009664146,0.404275873655914,0.13689856957087132,0.2355876229750993,133541.67569950287,3729.6302318187118,137271.30593132158,1364,31,352.9375,30,2,20,31.79914390983962,0.6701388888888888,41.5994623655914,1033.6021505376348,34.453405017921156,0
4014,4,0,0,32,0.0,0.0,1.0,32,1000,800,200,0.8,12,8,4,377.7272457298801,0.40322580645161293,0.13851702625422435,0.2355132438124552,133680.636851081,3698.963753035026,137379.60060411604,1365,32,353.9375,30,2,22,31.699484446755047,0.6715277777777777,41.46505376344086,1034.1397849462362,34.47132616487454,0
4015,4,0,0,32,0.0,0.0,1.0,32,750,300,450,0.4,12,3,9,381.20559297421556,0.40238575268817206,0.14315406599116676,0.23857891501752118,133819.67026534854,3802.5613510232356,137622.23161637178,1366,33,354.9375,30,2,17,31.470024681735524,0.6729166666666666,41.33064516129032,1034.6774193548383,34.489247311827945,0
4016,4,0,0,32,0.0,0.0,1.0,32,900,500,400,0.5555555555555556,13,5,8,382.3869560448809,0.4020287298387097,0.07999093857306372,0.2222253241227567,131028.00369262694,3620.6798977322046,134648.68359035914,1367,34,355.9375,31,1,20,34.25550574420281,0.6421370967741935,44.04296875,1023.8281249999999,33.026713709677416,8
4017,4,0,0,32,0.0,0.0,1.0,32,1100,800,300,0.7272727272727273,14,8,6,381.4871640016038,0.4016717069892473,0.08000413170607712,0.22227985422493435,131128.00598144528,3604.730224609374,134732.73620605466,1368,35,356.9375,31,1,21,34.17715484363083,0.6431451612903225,43.9453125,1024.2187499999998,33.039314516129025,0
4018,4,0,0,32,0.0,0.0,1.0,32,1150,800,350,0.6956521739130435,15,8,7,379.36868005986764,0.4024697580645162,0.08671378653113138,0.22181511976754514,131261.4017062716,3559.292941623258,134820.69464789485,1369,36,357.9375,31,1,22,34.09625158831005,0.644489247311828,43.815104166666664,1024.7395833333326,33.05611559139783,0
4019,4,0,0,32,0.0,0.0,1.0,32,1050,1000,50,0.9523809523809523,11,10,1,380.87707942119243,0.40209173387096775,0.09225058993183044,0.22348695090960444,131397.01844143835,3609.239479935595,135006.25792137394,1370,37,358.9375,30,2,22,33.920260880964875,0.6486111111111111,43.682795698924735,1025.2688172043013,34.17562724014338,0
4020,4,0,0,32,0.0,0.0,1.0,32,750,500,250,0.6666666666666666,10,5,5,380.87707942119243,0.40209173387096775,0.09225058993183044,0.22348695090960444,131397.01844143835,3609.222525725525,135006.24096716387,1371,38,359.9375,30,2,22,33.920260880964875,0.6486111111111111,43.682795698924735,1025.2688172043013,34.17562724014338,0
4021,4,0,0,32,0.0,0.0,1.0,32,750,500,250,0.6666666666666666,10,5,5,380.6540712404816,0.4021757392473118,0.09049803407601553,0.22375890320222455,131465.929948549,3608.608292866229,135074.53824141523,1372,39,360.9375,30,2,23,33.85621450415029,0.6493055555555556,43.615591397849464,1025.5376344086023,34.18458781362008,0
4022,4,0,0,32,0.0,0.0,1.0,32,1000,700,300,0.7,13,7,6,381.57790618937094,0.40242775537634407,0.08980112915503646,0.22545705071848754,131661.99578179262,3647.8617350260506,135309.85751681868,1373,40,361.9375,31,1,20,33.63412416476359,0.648521505376344,43.42447916666667,1026.3020833333342,33.106518817204325,0
4023,4,0,0,32,0.0,0.0,1.0,32,1000,900,100,0.9,11,9,2,382.29649664012186,0.4017137096774193,0.08684431688443484,0.22607976616759803,131695.40617201067,3669.3384806315157,135364.7446526422,1374,41,362.9375,31,1,20,33.58189035477187,0.6488575268817205,43.391927083333336,1026.432291666667,33.11071908602152,0
4024,4,0,0,32,0.0,0.0,1.0,32,1050,900,150,0.8571428571428571,12,9,3,380.78327284159366,0.4010416666666667,0.07824581696032484,0.22637522527862355,131895.9575229222,3644.7548760308355,135540.71239895304,1375,42,363.9375,31,1,20,33.41797122575739,0.6508736559139785,43.19661458333334,1027.2135416666677,33.135920698924764,0
4025,4,0,0,32,0.0,0.0,1.0,32,800,500,300,0.625,11,5,6,376.3310789675899,0.4005166330645162,0.07894445148213847,0.22471690902951263,132063.20020887602,3539.897325303843,135603.09753417986,1376,43,364.9375,31,1,21,33.363419474706525,0.6525537634408602,43.03385416666668,1027.8645833333346,33.156922043010795,0
4026,4,0,0,32,0.0,0.0,1.0,32,800,500,300,0.625,11,5,6,374.132350584842,0.400390625,0.07821202531645532,0.2245931283905969,132264.03130425364,3496.8505859375255,135760.88189019117,1377,44,365.9375,31,1,23,33.21729957805907,0.6545698924731183,42.83854166666668,1028.6458333333348,33.182123655914026,0
4027,4,0,0,32,0.0,0.0,1.0,32,1000,700,300,0.7,13,7,6,370.2732383746659,0.39982358870967744,0.07629048582995956,0.22306704848425024,132398.00347222248,3404.6875000000355,135802.6909722225,1378,45,366.9375,31,1,25,33.181511470985164,0.6559139784946236,42.70833333333335,1029.1666666666688,33.19892473118286,0
4028,4,0,0,32,0.0,0.0,1.0,32,800,700,100,0.875,9,7,2,370.2732383746659,0.39950856854838707,0.07629048582995956,0.22306704848425024,132398.00347222248,3404.6875000000355,135802.6909722225,1379,46,367.9375,31,1,25,33.181511470985164,0.6559139784946236,42.70833333333335,1029.1666666666688,33.19892473118286,0
4029,4,1,0,33,0.030303030303030304,0.0,1.0,33,850,700,150,0.8235294117647058,10,7,3,360.3450173256792,0.4007260101010101,0.08577947233834049,0.21942239670385214,132800.32687717024,2970.787217881964,135771.1140950522,1380,0,357.75757575757575,31,2,19,33.03225534781877,0.6599462365591398,42.31770833333334,1030.7291666666677,33.249327956989276,0
4030,4,0,0,33,0.0,0.0,1.0,33,850,600,250,0.7058823529411765,11,6,5,360.05089369085647,0.40064709595959597,0.0857303615924303,0.21943979409934672,132833.88137817406,2965.3915405273733,135799.27291870143,1381,1,358.75757575757575,31,2,20,33.00611026904131,0.6602822580645161,42.285156250000014,1030.8593750000018,33.25352822580651,0
4031,4,0,0,33,0.0,0.0,1.0,33,850,700,150,0.8235294117647058,10,7,3,361.7181920212222,0.4002919823232323,0.08754208754208737,0.22105000623519164,132934.57031250023,3016.9704861111413,135951.5407986114,1382,2,359.75757575757575,31,2,20,32.86195286195287,0.6612903225806452,42.187500000000014,1031.2500000000018,33.26612903225812,0
4032,4,0,0,33,0.0,0.0,1.0,33,1000,800,200,0.8,12,8,4,361.68790621460033,0.39946338383838387,0.09136046146902022,0.22142902573663564,133001.71746148015,3021.022542317728,136022.74000379787,1383,3,360.75757575757575,31,2,21,32.795274762265414,0.6619623655913979,42.12239583333334,1031.5104166666677,33.27452956989251,0
4033,4,0,0,33,0.0,0.0,1.0,33,900,700,200,0.7777777777777778,11,7,4,359.93320661963025,0.3988320707070707,0.09219003919319424,0.22095047734009068,133102.46997409404,2981.5997653537524,136084.0697394478,1384,4,361.75757575757575,31,2,21,32.73935331230285,0.6629704301075269,42.02473958333334,1031.9010416666674,33.28713037634411,0
4034,4,1,0,34,0.029411764705882353,0.0,1.0,34,950,600,350,0.631578947368421,13,6,7,348.9203954214358,0.3999368686868687,0.08491461100569264,0.2163306451612904,133472.2222222223,2514.236111111122,135986.45833333343,1385,0,352.0882352941176,32,2,23,32.65288978494623,0.6640625,41.66666666666667,1033.3333333333342,32.29166666666669,0
4035,4,0,0,34,0.0,0.0,1.0,34,850,500,350,0.5882352941176471,12,5,7,348.8036038297849,0.39945409982174684,0.08256702778815472,0.21702157356825869,133602.72548719545,2520.2224262830646,136122.9479134785,1386,1,353.0882352941176,32,2,24,32.525240188894315,0.6653645833333333,41.540404040404056,1033.8383838383859,32.30744949494956,0
4036,4,0,0,34,0.0,0.0,1.0,34,900,500,400,0.5555555555555556,13,5,8,346.573816903487,0.3993055555555556,0.07914242620124967,0.21601518724806398,133668.00103305798,2465.1658631772398,136133.16689623523,1387,2,354.0882352941176,32,2,25,32.517551892551886,0.666015625,41.477272727272734,1034.0909090909101,32.31534090909094,0
4037,4,0,0,34,0.0,0.0,1.0,34,1200,800,400,0.6666666666666666,16,8,8,345.10397123443073,0.3995098039215686,0.0798134706097744,0.215670239231403,133765.94424357222,2432.6317148760477,136198.57595844826,1388,3,355.0882352941176,32,2,18,32.45758574392775,0.6669921875,41.382575757575765,1034.469696969698,32.32717803030306,0
4038,4,0,0,34,0.0,0.0,1.0,34,700,500,200,0.7142857142857143,9,5,4,346.3447592450793,0.39954693998811647,0.08183971575207294,0.21682928204839,133831.25964506177,2470.3510802469254,136301.6107253087,1389,4,356.0882352941176,32,2,18,32.36017897091724,0.6676432291666667,41.31944444444445,1034.7222222222226,32.33506944444446,0
4039,4,0,1,33,0.0,0.029411764705882353,0.9705882352941176,34,1150,700,450,0.6086956521739131,16,7,9,345.6971666311248,0.3990270350564468,0.08179900406124907,0.21700041133552553,133929.26263901652,2459.7933246607618,136389.0559636773,1390,5,357.0882352941176,32,2,19,32.27896031552411,0.6686197916666667,41.22474747474748,1035.1010101010108,32.34690656565659,0
4040,4,0,0,33,0.0,0.0,1.0,33,750,500,250,0.6666666666666666,10,5,5,356.06135795931846,0.39725378787878785,0.08484848484848473,0.2225733665607225,133775.1282585991,2926.4307657877553,136701.55902438686,1391,11,368.75757575757575,31,2,19,32.165014684287826,0.6696908602150538,41.373697916666664,1034.505208333333,33.37113575268816,0
4041,4,0,0,33,0.0,0.0,1.0,33,800,600,200,0.75,10,6,4,356.7644398582961,0.397332702020202,0.08748445949553418,0.22321655426094636,133808.8056776258,2947.644721137142,136756.45039876294,1392,12,369.75757575757575,31,2,19,32.11311771121739,0.6700268817204301,41.34114583333333,1034.635416666666,33.375336021505355,0
4042,4,0,0,33,0.0,0.0,1.0,33,600,400,200,0.6666666666666666,8,4,4,355.18672853558945,0.3970959595959596,0.0857270324993995,0.22243253992689752,133842.48733520508,2907.8150431315107,136750.30237833658,1393,13,370.75757575757575,31,2,19,32.12021832137915,0.6703629032258065,41.30859375,1034.765625,33.379536290322584,0
4043,4,0,0,33,0.0,0.0,1.0,33,700,200,500,0.2857142857142857,12,2,10,355.2203565754153,0.3968197601010101,0.08567811990056606,0.22265705000484204,133876.17323133667,2911.108398437481,136787.28162977414,1394,14,371.75757575757575,31,2,19,32.08563999328971,0.6706989247311828,41.27604166666666,1034.8958333333321,33.38373655913975,0
4044,4,0,0,33,0.0,0.0,1.0,33,850,600,250,0.7058823529411765,11,6,5,355.580238123492,0.3965830176767677,0.08558033161806744,0.2232909078263633,133943.5577392577,2925.536431206583,136869.0941704643,1395,15,372.75757575757575,31,2,19,32.00890985324949,0.6713709677419355,41.21093749999999,1035.156249999999,33.392137096774164,0
4045,4,1,0,34,0.029411764705882353,0.0,1.0,34,1000,700,300,0.7,13,7,6,344.6721577052836,0.3971516636957813,0.08633036006034622,0.2191037660664465,134391.8974222654,2464.2290525278663,136856.12647479327,1396,0,362.7647058823529,33,1,20,31.843532088405624,0.670770202020202,40.7781862745098,1036.8872549019602,31.420825906120005,0
4046,4,0,1,33,0.0,0.029411764705882353,0.9705882352941176,34,800,500,300,0.625,11,5,6,363.2474384800755,0.3964460784313726,0.04680768524001033,0.21847930485617884,132336.75063775497,2814.197137188186,135150.94777494317,1397,1,363.7647058823529,34,0,18,33.42396544409733,0.6479779411764706,42.76785714285713,1028.9285714285702,30.26260504201677,8
4047,4,0,0,33,0.0,0.0,1.0,33,1200,1000,200,0.8333333333333334,14,10,4,371.24582437786484,0.3929135101010101,0.05571859151370773,0.22309296318197383,132303.42784325732,3223.419027537479,135526.8468707948,1398,18,375.75757575757575,33,0,18,33.251811594202906,0.6499368686868687,42.80024509803921,1028.7990196078426,31.17572786690432,0
4048,4,0,0,33,0.0,0.0,1.0,33,750,700,50,0.9333333333333333,8,7,1,370.58496962733506,0.3921243686868687,0.05274798226340094,0.22344172002153542,132429.5361910083,3215.2791294213803,135644.81532042965,1399,19,376.75757575757575,33,0,18,33.14171826011032,0.651199494949495,42.677696078431374,1029.2892156862747,31.190582293523477,0
4049,4,0,0,33,0.0,0.0,1.0,33,800,700,100,0.875,9,7,2,371.4037402049324,0.3922427398989899,0.04536619317054913,0.22468723030540272,132555.7046118078,3246.3368956651134,135802.04150747292,1400,20,377.75757575757575,33,0,19,32.99354893093738,0.6524621212121212,42.55514705882352,1029.7794117647047,31.20543672014257,0
4050,4,0,0,33,0.0,0.0,1.0,33,900,800,100,0.8888888888888888,10,8,2,370.934838438212,0.39204545454545453,0.040697276152362294,0.22478062848400646,132618.81134960108,3238.5874723663946,135857.39882196748,1401,21,378.75757575757575,33,0,20,32.942073170731696,0.6530934343434344,42.493872549019606,1030.0245098039213,31.212863933452162,0
4051,4,0,0,33,0.0,0.0,1.0,33,1050,700,350,0.6666666666666666,14,7,7,367.46639595860745,0.39200599747474746,0.03993802471804808,0.22361739435686606,132776.64389898116,3158.190960207603,135934.83485918876,1402,22,379.75757575757575,33,0,18,32.87257233452237,0.6546717171717171,42.3406862745098,1030.6372549019607,31.23143196672608,0
4052,4,0,0,33,0.0,0.0,1.0,33,800,500,300,0.625,11,5,6,367.10264990871104,0.39200599747474746,0.08773268787660715,0.21051594875782909,130512.91120001936,2982.327109765489,133495.23830978485,1403,23,380.75757575757575,33,0,17,35.1688054689374,0.6319444444444444,44.54656862745099,1021.8137254901972,30.964052287581733,8
4053,4,1,0,34,0.029411764705882353,0.0,1.0,34,1100,900,200,0.8181818181818182,13,9,4,360.1283042096062,0.39607471776589426,0.08896742365667887,0.20876756785502262,130931.84700963728,2630.4528061224587,133562.29981575973,1404,0,370.52941176470586,34,0,19,34.92255050211314,0.6338848039215687,44.136904761904766,1023.4523809523816,30.10154061624652,0
4054,4,0,0,34,0.0,0.0,1.0,34,800,700,100,0.875,9,7,2,357.36884802595955,0.39527629233511585,0.08546511627906939,0.20766027655562547,131023.2426303857,2564.725056689364,133587.96768707508,1405,1,371.52941176470586,34,0,19,34.90067829457364,0.6348039215686274,44.04761904761906,1023.8095238095256,30.112044817927224,0
4055,4,0,0,34,0.0,0.0,1.0,34,950,700,250,0.7368421052631579,12,7,5,357.0278098327543,0.39449643493761144,0.0830518210539275,0.2077911515684272,131084.19075963725,2560.1403061224555,133644.3310657597,1406,2,372.52941176470586,34,0,19,34.84775827326978,0.6354166666666667,43.98809523809524,1024.0476190476195,30.11904761904763,0
4056,4,0,0,34,0.0,0.0,1.0,34,950,800,150,0.8421052631578947,11,8,3,357.5531050250085,0.3948677956030897,0.0880370739976215,0.20875861749289187,131206.12953514754,2582.6318027211073,133788.76133786864,1407,3,373.52941176470586,34,0,19,34.7110058873654,0.6366421568627452,43.86904761904763,1024.5238095238108,30.133053221288552,0
4057,4,1,1,34,0.02857142857142857,0.02857142857142857,0.9714285714285714,35,900,500,400,0.5555555555555556,13,5,8,346.19814542089676,0.4001050420168067,0.08494069107787539,0.2040359282586989,131565.5006858712,2109.546467764077,133675.04715363527,1408,0,363.8285714285714,35,0,17,34.63917719614922,0.638095238095238,43.518518518518526,1025.925925925927,29.312169312169342,0
4058,4,1,0,35,0.02857142857142857,0.0,1.0,35,400,200,200,0.5,6,2,4,344.7404512919299,0.3988095238095238,0.08861395708486408,0.20381055480378896,131684.26890432098,2079.3788580246937,133763.64776234567,1409,0,364.8,35,0,18,34.55683355886333,0.6392857142857142,43.40277777777778,1026.388888888889,29.325396825396826,0
4059,4,1,0,36,0.027777777777777776,0.0,1.0,36,850,800,50,0.9411764705882353,9,8,1,335.8030550835555,0.40228174603174605,0.08964618793678625,0.20029664579689724,132021.60564280505,1666.6517023780657,133688.2573451831,1410,0,355.6388888888889,36,0,20,34.44668164219448,0.640625,43.07432432432433,1027.7027027027034,28.547297297297316,0
4060,4,0,0,36,0.0,0.0,1.0,36,750,400,350,0.5333333333333333,11,4,7,335.06677892671644,0.40130621693121693,0.08545112644685426,0.2003159544742631,132108.41912436095,1653.0284930200587,133761.44761738103,1411,1,356.6388888888889,36,0,20,34.378309051739876,0.6414930555555556,42.98986486486487,1028.0405405405415,28.55668168168171,0
4061,4,0,0,36,0.0,0.0,1.0,36,900,700,200,0.7777777777777778,11,7,4,332.6077605351711,0.4009259259259259,0.07923297805032359,0.19930276044666562,132195.261139518,1593.8339521954501,133789.09509171345,1412,2,357.6388888888889,36,0,21,34.35423967002481,0.6423611111111112,42.90540540540541,1028.3783783783792,28.56606606606609,0
4062,4,0,0,36,0.0,0.0,1.0,36,1050,800,250,0.7619047619047619,13,8,5,334.8924579270705,0.4009589947089947,0.07807331192839073,0.2012879931330077,132311.0948786625,1661.9975549874252,133973.09243364993,1413,3,358.6388888888889,36,0,21,34.1791174109749,0.6435185185185186,42.792792792792795,1028.8288288288293,28.57857857857859,0
4063,4,0,0,36,0.0,0.0,1.0,36,1150,800,350,0.6956521739130435,15,8,7,337.62000896018174,0.40085978835978836,0.08072204105601166,0.20355625353782347,132427.7842747985,1742.0824762880634,134169.86675108655,1414,4,359.6388888888889,35,1,22,33.991739757861986,0.6467261904761905,42.679398148148145,1029.2824074074072,29.408068783068774,0
4064,4,0,0,36,0.0,0.0,1.0,36,1400,1000,400,0.7142857142857143,18,10,8,337.27660648907977,0.3995866402116402,0.0874032459425722,0.20447968649542297,132636.34366426614,1747.0271776406105,134383.37084190676,1415,5,360.6388888888889,35,1,18,33.791198501872664,0.6488095238095238,42.476851851851855,1030.0925925925928,29.431216931216937,0
4065,4,0,0,36,0.0,0.0,1.0,36,1050,800,250,0.7619047619047619,13,8,5,337.1088556462099,0.3990575396825397,0.07988918837975434,0.20502850072908832,132755.59413580247,1750.6172839506105,134506.2114197531,1416,6,361.6388888888889,35,1,19,33.675876010781664,0.65,42.36111111111111,1030.5555555555554,29.44444444444444,0
4066,4,0,0,36,0.0,0.0,1.0,36,1300,900,400,0.6923076923076923,17,9,8,351.69070704841397,0.398015873015873,0.049899991138455224,0.19401567163821049,128995.54887099189,1873.3071577074702,130868.85602869936,1417,7,362.6388888888889,35,1,19,37.10419752383123,0.6122023809523809,46.035879629629626,1015.856481481481,29.024470899470884,8
4067,4,1,0,37,0.02702702702702703,0.0,1.0,37,1050,700,350,0.6666666666666666,14,7,7,342.3453853669347,0.4039351851851852,0.05102815866270194,0.19055564230462238,129348.51794249383,1456.537744341544,130805.05568683537,1418,0,353.81081081081084,35,2,20,36.982425949103046,0.6157738095238094,45.6886574074074,1017.245370370369,29.064153439153397,0
4068,4,0,0,37,0.0,0.0,1.0,37,450,200,250,0.4444444444444444,7,2,5,344.66356626629704,0.40305930930930933,0.0547918254924622,0.1922767813840916,129436.83556241424,1522.4322702331883,130959.26783264743,1419,1,354.81081081081084,35,2,12,36.833674552623584,0.6166666666666667,45.60185185185185,1017.5925925925924,29.07407407407407,0
4069,4,1,1,37,0.02631578947368421,0.02631578947368421,0.9736842105263158,38,1050,700,350,0.6666666666666666,14,7,7,335.5327028987714,0.4072575865339023,0.05514504811664378,0.18852352983989362,129717.10519641264,1104.866183751322,130821.97138016396,1420,0,346.44736842105266,36,2,13,36.78145036480213,0.6174768518518519,45.32657657657658,1018.6936936936937,28.297047047047048,0
4070,4,2,0,39,0.05128205128205128,0.0,1.0,39,850,500,350,0.5882352941176471,12,5,7,327.14030365604924,0.4101158344579397,0.06517633891034613,0.18519366794308653,130010.85820877571,706.3583266004846,130717.2165353762,1421,0,338.46153846153845,37,2,15,36.697554922409765,0.6185247747747749,45.03837719298245,1019.8464912280697,27.56341868183972,0
4071,4,0,0,39,0.0,0.0,1.0,39,750,600,150,0.8,9,6,3,324.84311285367994,0.4098065677013045,0.06355270012154945,0.1841569456963912,130066.77685682112,650.2593346029364,130717.03619142405,1422,1,339.46153846153845,37,2,15,36.699518972374506,0.6190878378378378,44.98355263157894,1020.0657894736825,27.56934566145088,0
4072,4,0,1,38,0.0,0.02564102564102564,0.9743589743589743,39,550,400,150,0.7272727272727273,7,4,3,322.84538453120604,0.40966599190283404,0.06255804020446698,0.18328714478724023,130122.70752779685,601.9031096106348,130724.61063740749,1423,2,340.46153846153845,37,2,15,36.69386978327065,0.6196509009009009,44.92872807017543,1020.2850877192969,27.575272641062078,0
4073,4,0,0,38,0.0,0.0,1.0,38,1250,1000,250,0.8,15,10,5,330.8768762349663,0.4095246562351826,0.06723467793006055,0.18769027062069896,130090.20580969498,1008.7681854151565,131098.97399511014,1424,3,334.94736842105266,36,2,16,36.52192110976193,0.6212384259259259,44.96058558558559,1020.1576576576588,28.337712712712744,0
4074,4,0,0,38,0.0,0.0,1.0,38,800,800,0,1.0,8,8,0,331.74274142194895,0.4093764817449028,0.06856162036257163,0.1884589956128076,130147.65346004801,1035.1078696940344,131182.76132974203,1425,4,335.94736842105266,36,2,17,36.4416639075893,0.6218171296296297,44.90427927927929,1020.3828828828838,28.343968968968994,0
4075,4,0,0,38,0.0,0.0,1.0,38,850,500,350,0.5882352941176471,12,5,7,331.2436986232635,0.41025071123755336,0.06349925110592447,0.18887140702632124,130291.32806793277,1031.6362815518132,131322.9643494846,1426,5,336.94736842105266,36,2,18,36.30896573277445,0.6232638888888888,44.76351351351351,1020.9459459459457,28.359609609609603,0
4076,4,0,2,36,0.0,0.05263157894736842,0.9473684210526316,38,650,400,250,0.6153846153846154,9,4,5,365.166671771316,0.4105470602181129,0.024632670700086345,0.20023594276749387,128755.86718990444,1803.470298553388,130559.33748845784,1427,6,337.94736842105266,37,1,14,37.00662633246904,0.6058558558558558,46.2719298245614,1014.9122807017533,27.430061640587926,7
4077,4,1,1,36,0.02702702702702703,0.02702702702702703,0.972972972972973,37,1300,1100,200,0.8461538461538461,15,11,4,372.2245242454742,0.40503003003003,0.02738083101961508,0.20433811580686378,128800.98637488829,2188.5771751481084,130989.5635500364,1428,0,347.4054054054054,36,1,16,36.78144183122551,0.6082175925925926,46.22747747747747,1015.0900900900891,28.19694694694692,0
4078,4,1,0,37,0.02702702702702703,0.0,1.0,37,1350,1000,350,0.7407407407407407,17,10,7,371.58569071915406,0.4036536536536537,0.04188230783975477,0.20546502898588512,129086.9247626004,2193.3708201444642,131280.29558274487,1429,0,348.18918918918916,36,1,18,36.50566083037825,0.6111111111111112,45.945945945945944,1016.2162162162159,28.228228228228218,0
4079,4,0,0,37,0.0,0.0,1.0,37,600,300,300,0.5,9,3,6,371.5399086267129,0.40265265265265265,0.037217545414266695,0.20603576751117733,129201.38888888907,2200.694444444464,131402.08333333352,1430,1,349.18918918918916,36,1,18,36.390027322404364,0.6122685185185186,45.83333333333334,1016.6666666666681,28.24074074074078,0
4080,4,1,1,37,0.02631578947368421,0.02631578947368421,0.9736842105263158,38,700,600,100,0.8571428571428571,8,6,2,347.83960981427094,0.40724276908487433,0.030587015239311732,0.18676887118718422,127916.59216226345,1316.2526124096892,129232.84477467314,1431,0,340.9736842105263,36,2,14,38.30336932724776,0.5992476851851851,47.100225225225216,1011.5990990990978,28.099974974974938,8
4081,4,1,0,38,0.02631578947368421,0.0,1.0,38,650,300,350,0.46153846153846156,10,3,7,347.59692446577174,0.4104285206258891,0.04181013280865731,0.1873022276437861,128059.03031409773,1302.5850174498673,129361.6153315476,1432,0,341.86842105263156,36,2,16,38.16384809375464,0.6006944444444444,46.95945945945945,1012.1621621621609,28.11561561561558,0
4082,4,3,1,40,0.07317073170731707,0.024390243902439025,0.975609756097561,41,850,500,350,0.5882352941176471,12,5,7,329.1328848492052,0.42101117886178857,0.06435341333306654,0.1810602348481973,128883.87586805572,283.9843750000188,129167.86024305574,1433,0,317.780487804878,39,2,15,37.79065791273425,0.6036324786324787,46.14583333333334,1015.416666666668,26.03632478632482,0
4083,4,0,1,39,0.0,0.025,0.975,40,1250,1000,250,0.8,15,10,5,333.8108037445157,0.418482905982906,0.06654040404040362,0.1835959420594837,128875.73964497044,604.0228468113075,129479.76249178174,1434,1,326.7,38,2,17,37.680187289562284,0.6052631578947368,46.15384615384615,1015.3846153846156,26.720647773279357,0
4084,4,0,0,39,0.0,0.0,1.0,39,700,300,400,0.42857142857142855,11,3,8,352.4781037570874,0.41520467836257313,0.05357449881365839,0.18465890353737793,126921.74437951452,1154.849288707769,128076.5936682223,1435,2,335.94871794871796,36,3,19,39.20615407539858,0.5891203703703703,48.08558558558558,1007.6576576576566,27.990490490490462,8
4085,4,0,0,39,0.0,0.0,1.0,39,1100,900,200,0.8181818181818182,13,9,4,353.35357345503087,0.4148110661268556,0.0570914580522448,0.18550544492645027,127006.86486740102,1175.6659108432575,128182.53077824427,1436,3,336.94871794871796,36,3,19,39.09665586712845,0.5899884259259259,48.00112612612612,1007.9954954954941,27.999874874874834,0
4086,4,2,0,41,0.04878048780487805,0.0,1.0,41,1300,900,400,0.6923076923076923,17,9,8,339.63226697842464,0.4212906504065041,0.07533316570279025,0.1810128016313583,127617.7300347223,468.64832526784085,128086.37835999015,1437,0,321.4634146341463,37,4,13,38.81658075601373,0.5943130630630631,47.395833333333336,1010.4166666666674,27.30855855855858,0
4087,4,2,0,43,0.046511627906976744,0.0,1.0,43,1250,800,450,0.64,17,8,9,323.31958019548136,0.4269795127353267,0.08441271710332643,0.17494689613317152,128225.67389875083,-307.3407195101883,127918.33317924064,1438,0,307.4651162790698,38,5,17,38.60825421940929,0.5986842105263157,46.794871794871796,1012.8205128205129,26.653171390013497,0
4088,4,0,1,42,0.0,0.023255813953488372,0.9767441860465116,43,1100,800,300,0.7272727272727273,14,8,6,323.9096466672277,0.4269564414913252,0.08741282747932866,0.17574136664713882,128333.90404704504,-286.28209693914977,128047.6219501059,1439,1,308.4651162790698,38,5,18,38.48301525376071,0.5997807017543859,46.68803418803419,1013.2478632478629,26.66441745389113,0
4089,4,3,0,45,0.06666666666666667,0.0,1.0,45,1250,1000,250,0.8,15,10,5,321.2290955126314,0.4305345117845118,0.13623497522717698,0.17790328977393896,129149.73416121352,-702.6695419393232,128447.0646192742,1440,0,295.55555555555554,40,5,17,37.72120575884823,0.6046875,45.88414634146341,1016.4634146341459,25.411585365853647,0
4090,4,0,0,45,0.0,0.0,1.0,45,1400,1000,400,0.7142857142857143,18,10,8,339.73908747425435,0.4300084175084175,0.1492507291561902,0.18112738588506772,127630.56593504209,-322.9972238746652,127307.56871116742,1441,1,296.55555555555554,40,5,18,38.80074759462269,0.5893229166666667,47.38313008130082,1010.4674796747977,25.261686991869944,8
4091,4,1,0,46,0.021739130434782608,0.0,1.0,46,1500,1100,400,0.7333333333333333,19,11,8,335.9723183391004,0.4321457326892109,0.14393861892583115,0.1807446016381236,127993.90589569163,-599.5181405895657,127394.38775510206,1442,0,291.0869565217391,41,5,19,38.524509803921575,0.5914634146341464,47.023809523809526,1011.904761904762,24.680603948896636,0
4092,4,1,0,47,0.02127659574468085,0.0,1.0,47,1000,500,500,0.5,15,5,10,332.8673550332705,0.4314677767499229,0.15755086630415271,0.18074971182241387,128366.66690712517,-853.742536950158,127512.92437017501,1443,0,285.8723404255319,37,10,21,38.222697107408194,0.6019144144144144,46.65570175438596,1013.3771929824553,27.388572783309602,0
4093,4,2,0,49,0.04081632653061224,0.0,1.0,49,1250,1000,250,0.8,15,10,5,326.4660035346331,0.4342935090702948,0.18618546308634443,0.18068547323463557,129123.91067031854,-1369.0865845396327,127754.8240857789,1444,0,275.16326530612247,40,9,20,37.61436356364363,0.6044270833333334,45.90955284552845,1016.3617886178857,25.409044715447145,0
4094,4,2,2,49,0.0392156862745098,0.0392156862745098,0.9607843137254902,51,900,400,500,0.4444444444444444,14,4,10,317.40352950093063,0.4386601307189542,0.1903353565922128,0.1777148075978204,129579.88989866772,-1974.1538811080243,127605.7360175597,1445,0,265.3333333333333,41,10,12,37.38216164864072,0.6074695121951219,45.46130952380952,1018.1547619047612,24.833042973286858,0
4095,4,2,1,50,0.0392156862745098,0.0196078431372549,0.9803921568627451,51,1500,1000,500,0.6666666666666666,20,10,10,319.5240356222717,0.4358986928104575,0.19574625683200964,0.17982637643158084,129781.98346757678,-1906.3073782753895,127875.67608930139,1446,0,266.29411764705884,41,10,14,37.12343410248922,0.6095020325203252,45.26289682539682,1018.9484126984121,24.852400309717368,0
4096,4,1,0,51,0.0196078431372549,0.0,1.0,51,1200,800,400,0.6666666666666666,16,8,8,321.04843414686405,0.43516339869281045,0.2078511459042438,0.18209272191573067,130085.41907793182,-1847.2559799382975,128238.16309799351,1447,0,267.01960784313724,41,10,16,36.777427955525305,0.6125508130081301,44.965277777777764,1020.1388888888866,24.88143631436309,0
4097,4,0,3,48,0.0,0.058823529411764705,0.9411764705882353,51,1300,700,600,0.5384615384615384,19,7,12,324.46750356691405,0.4349019607843137,0.20983919090241865,0.18427102563145792,130136.02612630668,-1755.0176957357362,128381.00843057095,1448,1,268.01960784313724,41,10,16,36.63901717711879,0.6130589430894309,44.91567460317459,1020.337301587299,24.886275648470708,0
4098,4,1,1,48,0.02040816326530612,0.02040816326530612,0.9795918367346939,49,1650,1200,450,0.7272727272727273,21,12,9,336.0333806027218,0.4321853741496599,0.20714007673914225,0.1897296164326136,129908.3719135801,-1069.290123456811,128839.08179012328,1449,0,279.55102040816325,41,8,17,36.57470481380561,0.6107723577235773,45.13888888888888,1019.4444444444432,24.86449864498642,0
4099,4,0,0,48,0.0,0.0,1.0,48,1050,700,350,0.6666666666666666,14,7,7,349.2705931937879,0.4308880023640662,0.2005662744707024,0.1968990882035127,129847.944396936,-529.58628709766,129318.35810983834,1450,1,286.125,40,8,17,36.298692126167445,0.61171875,45.1981707317073,1019.2073170731679,25.480182926829197,0
4100,4,0,0,48,0.0,0.0,1.0,48,1350,900,450,0.6666666666666666,18,9,9,344.54466666120527,0.4307310135933806,0.194703952831756,0.19500878341484446,130003.35784131454,-641.6072815453886,129361.75055976915,1451,2,287.125,40,8,17,36.2614183690417,0.61328125,45.04573170731707,1019.8170731707305,25.49542682926826,0
4101,4,0,1,47,0.0,0.020833333333333332,0.9791666666666666,48,1600,1200,400,0.75,20,12,8,346.67124176228606,0.4304262706855792,0.20234218030980688,0.19700886147883237,130161.33334120648,-575.3617882338494,129585.97155297264,1452,3,288.125,41,7,17,36.046973232225035,0.6133130081300813,44.890873015873,1020.436507936505,24.88869531552451,0
4102,4,0,1,46,0.0,0.02127659574468085,0.9787234042553191,47,1200,900,300,0.75,15,9,6,345.7910058088756,0.4294249152019735,0.19365810886941404,0.19715189809057665,130288.52390276939,-389.44068726264743,129899.08321550675,1453,4,289.8723404255319,40,7,17,35.94050700112814,0.6161458333333334,44.76626016260162,1020.9349593495924,25.52337398373981,0
4103,4,1,1,46,0.02127659574468085,0.02127659574468085,0.9787234042553191,47,1350,900,450,0.6666666666666666,18,9,9,348.59757361385056,0.4286154794942954,0.2089140322249523,0.19968384088547217,130470.15587819736,-303.6840463679218,130166.47183182943,1454,0,290.51063829787233,40,7,18,35.68482874100598,0.61796875,44.58841463414633,1021.6463414634134,25.541158536585336,0
4104,4,0,1,45,0.0,0.021739130434782608,0.9782608695652174,46,1300,1000,300,0.7692307692307693,16,10,6,352.55321021027817,0.42613727858293077,0.058728943005226464,0.19385575801931165,128865.81776926776,-113.58845181438045,128752.22931745337,1455,1,297.3695652173913,40,6,18,37.21453474793982,0.6018229166666667,46.16361788617887,1015.3455284552856,25.38363821138214,8
4105,4,0,1,44,0.0,0.022222222222222223,0.9777777777777777,45,750,400,350,0.5333333333333333,11,4,7,360.9564518482582,0.424726430976431,0.06289798570500316,0.19843443520389029,128857.43408203128,302.3844401041676,129159.81852213545,1456,2,304.8,39,6,18,37.00978506207037,0.6033653846153846,46.171875,1015.3125000000002,26.03365384615385,0
4106,4,0,0,44,0.0,0.0,1.0,44,1250,900,350,0.72,16,9,7,368.321772853186,0.4224806201550388,0.0716842105263158,0.20202406709614684,128767.28121119134,685.5586602381361,129452.83987142947,1457,3,312.5681818181818,38,6,18,36.914912280701756,0.6041666666666667,46.260683760683754,1014.9572649572639,26.709401709401682,0
4107,4,2,0,46,0.043478260869565216,0.0,1.0,46,1900,1400,500,0.7368421052631579,24,14,10,358.0714945722906,0.42795893719806766,0.08683701159014112,0.1992699013285625,129340.77222077936,64.84026429880305,129405.61248507816,1458,0,299.9347826086956,37,9,20,36.59038033128526,0.6117680180180181,45.696271929824555,1017.2149122807008,27.492294926505426,0
4108,4,0,0,46,0.0,0.0,1.0,46,950,500,450,0.5263157894736842,14,5,9,360.16030730658696,0.42762681159420285,0.09721948980261019,0.20114368065100693,129480.23069598322,126.7279355186023,129606.95863150182,1459,1,300.9347826086956,37,9,18,36.39526323349853,0.6131756756756757,45.55921052631578,1017.7631578947355,27.507112375533392,0
4109,4,1,0,47,0.02127659574468085,0.0,1.0,47,1350,900,450,0.6666666666666666,18,9,9,351.6164242753417,0.42981036077705825,0.10489047137799234,0.19783869252589587,129772.26382725182,-273.9881245890857,129498.27570266274,1460,0,295.51063829787233,38,9,20,36.31579637202475,0.6143092105263157,45.2724358974359,1018.9102564102566,26.81342780026991,0
4110,4,0,1,46,0.0,0.02127659574468085,0.9787234042553191,47,1350,900,450,0.6666666666666666,18,9,9,353.06990648360994,0.42946345975948197,0.10814209368123207,0.1994876327751977,129935.60209155166,-224.7298241288601,129710.87226742279,1461,1,296.51063829787233,38,9,20,36.11285759195221,0.615953947368421,45.11217948717949,1019.5512820512824,26.83029689608638,0
4111,4,2,1,47,0.041666666666666664,0.020833333333333332,0.9791666666666666,48,1000,700,300,0.7,13,7,6,339.53871328533876,0.4306848404255319,0.11911499762050459,0.19425417867421457,130422.14084201412,-743.3268229166431,129678.81401909748,1462,0,290.1041666666667,39,9,22,35.964800462301994,0.6191239316239316,44.63541666666668,1021.4583333333352,26.191239316239365,0
4112,4,0,2,45,0.0,0.0425531914893617,0.9574468085106383,47,1050,800,250,0.7619047619047619,13,8,5,346.0022606732586,0.4319881282762874,0.12138604874662962,0.1983912242853146,130508.09500328744,-368.7808185404202,130139.31418474703,1463,1,287.2340425531915,38,9,15,35.71269866164785,0.6217105263157895,44.55128205128206,1021.7948717948727,26.88933873144402,0
4113,4,0,2,43,0.0,0.044444444444444446,0.9555555555555556,45,900,700,200,0.7777777777777778,11,7,4,353.141906848095,0.4304503367003367,0.12477369884491463,0.20210411590025695,130435.08193582104,212.41871094067915,130647.50064676172,1464,2,295.9111111111111,36,9,22,35.60430676514901,0.6247106481481481,44.62274774774775,1021.5090090090097,28.375250250250268,0
4114,4,0,0,43,0.0,0.0,1.0,43,1300,1100,200,0.8461538461538461,15,11,4,361.5376838409054,0.43129383536360283,0.11592063927133212,0.20661972294120123,130380.76560356648,827.5120027434795,131208.27760630997,1465,3,304.3255813953488,35,8,22,35.44499848896948,0.6261904761904762,44.675925925925924,1021.296296296296,29.17989417989417,0
4115,4,0,0,43,0.0,0.0,1.0,43,1350,800,550,0.5925925925925926,19,8,11,362.63938376555154,0.4309708379475821,0.11435886494559422,0.2080404885812901,130528.564453125,866.9596354166665,131395.52408854166,1466,4,305.3255813953488,35,8,17,35.26694699286443,0.6276785714285714,44.53125,1021.875,29.196428571428573,0
4116,4,1,2,42,0.022727272727272728,0.045454545454545456,0.9545454545454546,44,1250,800,450,0.64,17,8,9,354.45788248878,0.4326660500352361,0.12036573772952419,0.2049808951247974,130838.01442912506,475.3131087168234,131313.3275378419,1467,0,299.3636363636364,36,8,18,35.162584846817104,0.6287615740740741,44.2286036036036,1023.0855855855855,28.419044044044043,0
4117,4,1,0,43,0.023255813953488372,0.0,1.0,43,650,400,250,0.6153846153846154,9,4,5,361.5716816827539,0.43253968253968256,0.12657657311585968,0.20847190103879903,130722.82745160686,853.1345112003785,131575.96196280725,1468,0,307.06976744186045,36,7,19,35.09731857724922,0.6276041666666667,44.34121621621621,1022.6351351351339,28.406531531531495,0
4118,4,0,1,42,0.0,0.023255813953488372,0.9767441860465116,43,1150,1000,150,0.8695652173913043,13,10,3,363.0097852642534,0.43260889627168697,0.12273375511113294,0.2096133426290663,130780.41459956572,894.9140441116733,131675.32864367738,1469,1,308.06976744186045,36,7,19,35.002201915666625,0.6281828703703703,44.284909909909906,1022.8603603603599,28.412787787787774,0
4119,4,1,2,41,0.023255813953488372,0.046511627906976744,0.9534883720930233,43,1400,1200,200,0.8571428571428571,16,12,4,357.86217413938624,0.43450073827980806,0.11333885582213488,0.2086611753828112,131155.04017531034,787.0855652950129,131942.12574060535,1470,0,303.5581395348837,36,7,20,34.75474567575492,0.6319444444444444,43.91891891891891,1024.3243243243235,28.45345345345343,0
4120,4,1,1,41,0.023809523809523808,0.023809523809523808,0.9761904761904762,42,700,400,300,0.5714285714285714,10,4,6,362.4606977388001,0.42849883855981413,0.06821238105464489,0.20696483617666772,130346.5504410013,1055.076528383011,131401.6269693843,1471,0,311.23809523809524,37,5,20,35.45615000536885,0.6219031531531531,44.70942982456142,1021.1622807017562,27.598980559506924,8
4121,4,0,0,41,0.0,0.0,1.0,41,1150,600,550,0.5217391304347826,17,6,11,366.6034743801494,0.4264481707317073,0.06761087452144343,0.20996380805408607,130463.84222059938,1365.6995678111011,131829.54178841048,1472,1,318.3170731707317,36,5,20,35.231343694885375,0.625,44.59459459459462,1021.6216216216249,28.378378378378468,0
4122,4,0,2,39,0.0,0.04878048780487805,0.9512195121951219,41,1250,1100,150,0.88,14,11,3,367.8856699665322,0.42637195121951216,0.07334538917714806,0.21148183827018496,130607.69120049138,1409.7395960149709,132017.43079650635,1473,2,319.3170731707317,36,5,17,35.05265138995997,0.6264467592592593,44.45382882882885,1022.1846846846875,28.394019019019098,0
4123,4,1,0,40,0.025,0.0,1.0,40,1300,800,500,0.6153846153846154,18,8,10,372.19856948651346,0.42481303418803423,0.12161305470767791,0.20296974487107086,128536.57171201843,1582.3941417631438,130118.96585378157,1474,0,328.0,34,6,13,37.052418408077024,0.6096813725490196,46.488095238095255,1014.0476190476213,29.824929971988862,8
4124,4,0,1,39,0.0,0.025,0.975,40,1350,900,450,0.6666666666666666,18,9,9,372.43229762385914,0.4244257478632478,0.1109824046920822,0.2041791213661354,128747.91843820886,1589.9766156462879,130337.89505385514,1475,1,329.0,34,6,14,36.83040078201369,0.6118259803921569,46.27976190476192,1014.8809523809543,29.849439775910422,0
4125,4,0,0,39,0.0,0.0,1.0,39,1500,1200,300,0.8,18,12,6,381.5343865291833,0.4240328385065227,0.10948191593352874,0.20916917332226967,128747.91843820886,2024.3516156462883,130772.27005385514,1476,2,338.3333333333333,34,5,16,36.5994623655914,0.6118259803921569,46.27976190476192,1014.8809523809543,29.849439775910422,0
4126,4,0,1,38,0.0,0.02564102564102564,0.9743589743589743,39,1000,800,200,0.8,12,8,4,380.38258111776037,0.42349865047233465,0.10804164374336667,0.20917363213110146,128868.76594387782,2003.8867630385766,130872.6527069164,1477,3,339.3333333333333,34,5,17,36.5051100168054,0.6130514705882353,46.1607142857143,1015.357142857145,29.863445378151326,0
4127,4,1,0,39,0.02564102564102564,0.0,1.0,39,1250,1000,250,0.8,15,10,5,384.5480720498833,0.4239203778677463,0.12397568067671139,0.21259730200892543,129080.38548752855,2127.5226757369846,131207.90816326553,1478,0,340.12820512820514,34,5,18,36.18302874101843,0.6151960784313726,45.95238095238096,1016.1904761904779,29.88795518207288,0
4128,4,0,0,39,0.0,0.0,1.0,39,1050,800,250,0.7619047619047619,13,8,5,388.9169072371742,0.42335807467386416,0.12809402410058235,0.21550690920819157,129171.13272392297,2247.367488662138,131418.50021258512,1479,1,341.12820512820514,34,5,18,35.97928133661239,0.6161151960784313,45.86309523809524,1016.5476190476196,29.89845938375352,0
4129,4,1,0,40,0.025,0.0,1.0,40,1200,900,300,0.75,15,9,6,378.84734295739247,0.42538728632478634,0.12765944645006022,0.2124305951400763,129637.82709775081,1822.5963547183474,131460.42345246914,1480,0,333.575,33,7,18,35.759125551544315,0.6231060606060606,45.40441176470588,1018.382352941176,30.860071301247757,0
4130,4,0,0,40,0.0,0.0,1.0,40,1350,800,550,0.5925925925925926,19,8,11,378.7622166183649,0.4249732905982906,0.1279652351738243,0.21289048727170146,129731.44531249987,1827.4739583333187,131558.9192708332,1481,1,334.575,33,7,18,35.66589979550101,0.6240530303030303,45.31249999999999,1018.749999999999,30.87121212121209,0
4131,4,1,0,41,0.024390243902439025,0.0,1.0,41,1100,700,400,0.6363636363636364,15,7,8,371.68026455775845,0.42586382113821136,0.14452658138196628,0.21112971729002566,130144.46159122081,1474.4255829903923,131618.8871742112,1482,0,327.390243902439,35,6,19,35.426119177253476,0.6238095238095238,44.907407407407405,1020.37037037037,29.15343915343914,0
4132,4,1,0,42,0.023809523809523808,0.0,1.0,42,1050,500,550,0.47619047619047616,16,5,11,364.48965397049943,0.4292368370112272,0.146145214628278,0.2087832690199609,130469.43486636225,1111.0054173096637,131580.44028367192,1483,0,320.57142857142856,35,7,20,35.2796580567199,0.6270833333333333,44.58912037037037,1021.6435185185181,29.189814814814802,0
4133,4,0,1,41,0.0,0.023809523809523808,0.9761904761904762,42,1300,900,400,0.6923076923076923,17,9,8,361.1250590737241,0.4296965737514518,0.14609213250517583,0.20764690896739135,130617.28395061726,1033.834876543208,131651.11882716048,1484,1,321.57142857142856,35,7,16,35.21569293478262,0.6285714285714286,44.44444444444444,1022.2222222222221,29.206349206349202,0
4134,4,0,0,41,0.0,0.0,1.0,41,1200,800,400,0.6666666666666666,16,8,8,366.6800497512007,0.42560975609756097,0.1447957629622898,0.21039983603371026,130536.16780045343,1373.0017006802623,131909.1695011337,1485,3,330.390243902439,34,7,16,35.15600730040385,0.6299019607843137,44.52380952380952,1021.9047619047612,30.056022408963567,0
4135,4,0,0,41,0.0,0.0,1.0,41,750,300,450,0.4,12,3,9,364.6211149314528,0.42571138211382115,0.1453416537193204,0.20971209068428553,130627.42524092962,1325.9034863945467,131953.32872732417,1486,4,331.390243902439,34,7,16,35.1160669228679,0.6308210784313726,44.4345238095238,1022.261904761904,30.066526610644235,0
4136,4,0,0,41,0.0,0.0,1.0,41,900,700,200,0.7777777777777778,11,7,4,361.8086212087396,0.42553353658536586,0.14661391668606005,0.20924517433835182,130840.48327664396,1267.8429705215394,132108.3262471655,1487,5,332.390243902439,34,7,16,34.97207353967884,0.6329656862745099,44.226190476190474,1023.095238095238,30.09103641456582,0
4137,4,0,0,41,0.0,0.0,1.0,41,1300,1000,300,0.7692307692307693,16,10,6,363.66279069767404,0.4253048780487805,0.1405558706749852,0.21131756756756767,131023.24263038572,1329.6556122449208,132352.89824263065,1488,6,333.390243902439,34,7,17,34.739583333333336,0.6348039215686274,44.04761904761906,1023.8095238095257,30.112044817927227,0
4138,4,0,0,41,0.0,0.0,1.0,41,400,100,300,0.25,7,1,6,363.66279069767404,0.4253048780487805,0.1405558706749852,0.21131756756756767,131023.24263038572,1329.6556122449208,132352.89824263065,1489,7,334.390243902439,34,7,17,34.739583333333336,0.6348039215686274,44.04761904761906,1023.8095238095257,30.112044817927227,0
4139,4,0,0,41,0.0,0.0,1.0,41,950,700,250,0.7368421052631579,12,7,5,362.9877199902846,0.42535569105691057,0.13933231636431698,0.21125983540977208,131084.19075963736,1316.39030612247,132400.58106575982,1490,8,335.390243902439,34,7,18,34.69517747810587,0.6354166666666667,43.98809523809525,1024.0476190476204,30.11904761904766,0
4140,4,0,0,41,0.0,0.0,1.0,41,1350,1000,350,0.7407407407407407,17,10,7,362.7166977895554,0.4251270325203252,0.13586340556714172,0.21211041675084863,131267.1201814059,1322.555272108847,132589.67545351473,1491,9,336.390243902439,34,7,18,34.5170674566295,0.6372549019607843,43.80952380952381,1024.7619047619046,30.14005602240896,0
4141,4,1,0,42,0.023809523809523808,0.0,1.0,42,800,500,300,0.625,11,5,6,352.39636173742036,0.4273373983739837,0.13210887423907902,0.20752750525440242,131535.81700370807,870.5486700531676,132406.36567376123,1492,0,329.35714285714283,35,7,20,34.5101592763925,0.6377976190476191,43.54745370370371,1025.8101851851857,29.308862433862448,0
4142,4,0,1,41,0.0,0.023809523809523808,0.9761904761904762,42,500,300,200,0.6,7,3,4,353.8457574274005,0.4276035617499032,0.13127870437515066,0.20870543177604178,131595.187717014,912.8797743055618,132508.06749131955,1493,1,330.35714285714283,35,7,17,34.41307106598983,0.6383928571428572,43.489583333333336,1026.0416666666674,29.31547619047621,0
4143,4,0,0,41,0.0,0.0,1.0,41,950,800,150,0.8421052631578947,11,8,3,359.1536984345824,0.4243394308943089,0.13238395877864728,0.21120198716818642,131480.69905045364,1244.355867346952,132725.0549178006,1494,12,339.390243902439,34,7,20,34.39253240472044,0.6393995098039216,43.60119047619048,1025.595238095239,30.16456582633056,0
4144,4,0,1,40,0.0,0.024390243902439025,0.975609756097561,41,800,500,300,0.625,11,5,6,360.83058331929897,0.4239583333333334,0.13511142305667678,0.21269753536564417,131572.2859977324,1295.0609410430793,132867.34693877547,1495,13,340.390243902439,34,7,18,34.25702985998298,0.6403186274509804,43.51190476190476,1025.9523809523807,30.1750700280112,0
4145,4,0,0,40,0.0,0.0,1.0,40,1200,800,400,0.6666666666666666,16,8,8,378.50199251298176,0.4227430555555556,0.10521978021978029,0.20260989010989008,127793.20987654306,1673.99691358023,129467.20679012328,1496,14,343.35,35,5,18,37.65453296703296,0.6,47.222222222222214,1011.11111111111,28.888888888888857,8
4146,4,2,0,42,0.047619047619047616,0.0,1.0,42,900,600,300,0.6666666666666666,12,6,6,365.1330523447499,0.4268655632984901,0.11821702350532481,0.19858384315136507,128429.74044568211,979.2708812415958,129409.0113269237,1497,0,327.95238095238096,36,6,16,37.340758434248045,0.6044560185185186,46.593468468468465,1013.6261261261257,28.156281281281267,0
4147,4,2,0,44,0.045454545454545456,0.0,1.0,44,1200,1000,200,0.8333333333333334,14,10,4,350.77472696881387,0.43090424594785065,0.13471209093777214,0.1935877468802351,129011.3768924867,250.78610106655597,129262.16299355325,1498,0,314.0,38,6,18,37.11133312300628,0.6066337719298245,46.02029914529915,1015.9188034188037,26.73470535312641,0
4148,4,1,0,45,0.022222222222222223,0.0,1.0,45,1300,600,700,0.46153846153846156,20,6,14,343.99355012093486,0.4324074074074074,0.136976320582878,0.19076005961251874,129201.3888888891,-111.1111111110913,129090.277777778,1499,0,308.0,39,6,19,37.09016393442623,0.6068376068376069,45.83333333333334,1016.6666666666683,26.06837606837611,0
4149,4,1,1,45,0.021739130434782608,0.021739130434782608,0.9782608695652174,46,950,500,450,0.5263157894736842,14,5,9,337.105986967749,0.4346417069243156,0.14252272478370354,0.18849447440309366,129527.44904667995,-467.1042899408171,129060.34475673913,1500,0,302.2826086956522,38,8,12,36.93390533165407,0.611842105263158,45.51282051282052,1017.948717948719,26.788124156545237,0
4150,4,0,0,45,0.0,0.0,1.0,45,1200,1000,200,0.8333333333333334,14,10,4,342.64180964181276,0.43137626262626266,0.14057433456971546,0.19132508081171806,129473.0771513625,-127.42210899261698,129345.65504236988,1501,2,310.0,38,7,13,36.848274896773745,0.6112938596491229,45.56623931623932,1017.7350427350434,26.782501124606405,0
4151,4,0,1,44,0.0,0.022222222222222223,0.9777777777777777,45,1300,900,400,0.6923076923076923,17,9,8,339.35181997025813,0.4314183501683502,0.13848719114749142,0.1898815908688543,129554.63927469129,-207.07947530864914,129347.55979938264,1502,3,311.0,38,7,13,36.84913597089585,0.6121162280701755,45.48611111111111,1018.0555555555551,26.790935672514607,0
4152,4,0,0,44,0.0,0.0,1.0,44,1050,700,350,0.6666666666666666,14,7,7,346.2157203340388,0.4302105355884425,0.1391087363234762,0.19321876731330204,129452.33298947748,163.68654297475635,129616.01953245224,1503,5,319.0,37,7,14,36.77843174226915,0.6128941441441442,45.58662280701754,1017.6535087719294,27.504148885727822,0
4153,4,0,0,44,0.0,0.0,1.0,44,1650,1000,650,0.6060606060606061,23,10,13,344.69157405873074,0.4302325581395349,0.14116564300156398,0.19327059317222475,129636.22708013731,136.90303345751408,129773.13011359482,1504,6,320.0,38,6,15,36.63034165617569,0.6129385964912281,45.4059829059829,1018.3760683760681,26.799370220422844,0
4154,4,0,1,43,0.0,0.022727272727272728,0.9772727272727273,44,1100,600,500,0.5454545454545454,16,6,10,342.8808009334187,0.4304858174770965,0.141243725599554,0.1927226570763698,129731.44531250001,96.48437500000065,129827.92968750001,1505,7,321.0,39,5,16,36.57975460122698,0.6121794871794872,45.3125,1018.7500000000001,26.121794871794876,0
4155,4,1,0,44,0.022727272727272728,0.0,1.0,44,1350,800,550,0.5925925925925926,19,8,11,343.56957547431927,0.4279312015503876,0.14278317963576925,0.1942924652985622,129970.32470703126,130.76985677083405,130101.0945638021,1506,0,321.8181818181818,39,5,17,36.31978496271325,0.6145833333333333,45.078125,1019.6875000000001,26.145833333333336,0
4156,4,0,0,44,0.0,0.0,1.0,44,1300,1000,300,0.7692307692307693,16,10,6,337.1525566009488,0.42722647991543344,0.12913739827590986,0.19170537417408579,130182.84640842021,-21.704101562489654,130161.14230685773,1507,1,322.8181818181818,39,5,18,36.268011466095075,0.6167200854700854,44.86979166666667,1020.5208333333339,26.16720085470087,0
4157,4,1,0,45,0.022222222222222223,0.0,1.0,45,1350,900,450,0.6666666666666666,18,9,9,333.13749735457264,0.42882996632996634,0.13786339596144925,0.19124704426832753,130555.17713758712,-301.4105902777426,130253.76654730938,1508,0,316.6222222222222,39,6,16,35.99371878503722,0.6204594017094017,44.50520833333335,1021.9791666666691,26.20459401709408,0
4158,4,0,0,45,0.0,0.0,1.0,45,1500,1100,400,0.7333333333333333,19,11,8,337.63979033873517,0.42851430976430976,0.14383986595113551,0.19423194035078256,130635.03146701407,-178.48307291664617,130456.54839409742,1509,1,317.6222222222222,39,6,17,35.7979247333741,0.6212606837606838,44.42708333333334,1022.2916666666681,26.212606837606874,0
4159,4,2,0,47,0.0425531914893617,0.0,1.0,47,1300,1000,300,0.7692307692307693,16,10,6,324.9503016374604,0.4335299105766266,0.1433537684817887,0.1894473102431834,131150.23389274688,-876.5383873456865,130273.69550540119,1510,0,305.06382978723406,41,6,20,35.60240112994349,0.6232215447154472,43.92361111111111,1024.3055555555552,24.983062330623298,0
4160,4,0,2,45,0.0,0.0425531914893617,0.9574468085106383,47,1300,800,500,0.6153846153846154,18,8,10,295.5012423374889,0.4329324699352451,0.028463880637739747,0.16869629991013715,130338.55273880385,-1696.9591482426285,128641.59359056121,1511,1,306.06382978723406,41,6,14,37.173625279316056,0.6150914634146342,44.717261904761905,1021.1309523809523,24.905632984901274,8
4161,4,0,0,45,0.0,0.0,1.0,45,1100,700,400,0.6363636363636364,15,7,8,304.99327639687084,0.4272516835016835,0.035380291663900554,0.1734282265898852,130184.79100568427,-1058.902810826905,129125.88819485737,1512,4,320.6222222222222,40,5,14,37.08652824802497,0.6151041666666667,44.86788617886178,1020.5284552845515,25.513211382113788,0
4162,4,0,0,45,0.0,0.0,1.0,45,1100,600,500,0.5454545454545454,16,6,10,305.09797766076514,0.4267887205387206,0.028672811164393908,0.17395376841495966,130289.1723632811,-1049.7841625174688,129239.38820076364,1513,5,321.6222222222222,39,6,15,36.978475835799074,0.6177884615384616,44.76562499999999,1020.9374999999989,26.177884615384585,0
4163,4,0,0,45,0.0,0.0,1.0,45,1200,700,500,0.5833333333333334,17,7,10,304.58031564513647,0.42619949494949494,0.025270553572440235,0.17413469358020728,130395.54172091978,-1056.8169487847613,129338.72477213501,1514,6,322.6222222222222,39,6,15,36.884348971613115,0.6188568376068376,44.661458333333314,1021.3541666666638,26.188568376068304,0
4164,4,0,0,45,0.0,0.0,1.0,45,1000,700,300,0.7,13,7,6,302.9321561108262,0.4259259259259259,0.023649919550388532,0.1733111273525531,130422.14084201372,-1098.1879340277974,129323.95290798592,1515,7,323.6222222222222,39,6,15,36.899602284315726,0.6191239316239316,44.63541666666666,1021.4583333333319,26.19123931623928,0
4165,4,0,1,44,0.0,0.022222222222222223,0.9777777777777777,45,1000,800,200,0.8,12,8,4,300.5576156870719,0.42605218855218857,0.024611830258553402,0.17254363765394123,130555.17713758645,-1152.1294487847615,129403.04768880169,1516,8,324.6222222222222,39,6,15,36.826117792953475,0.6204594017094017,44.505208333333314,1021.9791666666638,26.204594017093942,0
4166,4,0,1,43,0.0,0.022727272727272728,0.9772727272727273,44,1350,900,450,0.6666666666666666,18,9,9,305.4947400283971,0.42393410852713176,0.02197151901742478,0.17504171353454503,130480.80490037601,-827.7600856527398,129653.04481472327,1517,11,332.8181818181818,38,6,16,36.774983443131504,0.6214364035087719,44.57799145299144,1021.6880341880326,26.88652721547454,0
4167,4,0,0,43,0.0,0.0,1.0,43,1300,900,400,0.6923076923076923,17,9,8,311.9109198872251,0.42377260981912146,0.013300448340938908,0.17848661730155907,130430.54112803905,-463.45798707298286,129967.08314096608,1518,12,340.74418604651163,37,6,16,36.66183626735366,0.6227477477477478,44.62719298245612,1021.4912280701726,27.607871028923583,0
4168,4,0,0,43,0.0,0.0,1.0,43,950,500,450,0.5263157894736842,14,5,9,309.7523807124901,0.4234496124031008,0.0064340112631671165,0.17760622117111807,130508.09500328705,-514.961374096019,129993.13362919103,1519,13,341.74418604651163,38,5,15,36.63869719782519,0.6217105263157895,44.55128205128204,1021.7948717948697,26.88933873144394,0
4169,4,0,1,42,0.0,0.023255813953488372,0.9767441860465116,43,1300,900,400,0.6923076923076923,17,9,8,311.8937669749615,0.4229881875230712,0.010500587955179386,0.17984621310146556,130726.518555044,-445.4427368690411,130281.07581817496,1520,14,342.74418604651163,38,5,15,36.363656149881606,0.6239035087719298,44.33760683760683,1022.6495726495709,26.911830859199235,0
4170,4,0,0,42,0.0,0.0,1.0,42,1000,600,400,0.6,14,6,8,319.93953772397055,0.42269163763066203,0.013650316932521722,0.18400964282545204,130626.62459843411,-41.475622306872,130585.14897612724,1521,15,350.0,37,5,15,36.25878204440629,0.6247184684684685,44.435307017543856,1022.2587719298243,27.62861545756282,0
4171,4,0,2,40,0.0,0.047619047619047616,0.9523809523809523,42,900,600,300,0.6666666666666666,12,6,6,320.3922042420912,0.42274003097173823,0.007235276696996751,0.18467105666018158,130710.70545744816,-24.261792089904816,130686.44366535825,1522,16,351.0,37,5,15,36.16234184001715,0.6255630630630631,44.35307017543858,1022.5877192982433,27.63750592697955,0
4172,4,0,0,40,0.0,0.0,1.0,40,1050,700,350,0.6666666666666666,14,7,7,342.2578406678825,0.4191907051282051,-0.010458304617505076,0.17928380029209265,126917.01630015408,687.6687885802196,127604.6850887343,1523,17,366.65,35,5,16,39.46847002067539,0.5910714285714286,48.090277777777764,1007.638888888887,28.789682539682484,8
4173,4,1,0,41,0.024390243902439025,0.0,1.0,41,1100,800,300,0.7272727272727273,14,8,6,340.0874117897198,0.4216463414634146,0.02626725352687398,0.18042743988796586,127432.8953108512,467.664708627525,127900.56001947873,1524,0,358.6829268292683,36,5,13,38.994302550375494,0.5943287037037037,47.57882882882882,1009.6846846846831,28.046796796796755,0
4174,4,1,1,41,0.023809523809523808,0.023809523809523808,0.9761904761904762,42,800,400,400,0.5,12,4,8,329.9106114426859,0.42616385985288424,0.03252341179448259,0.17631570590667328,127728.54538175178,27.800501115697443,127756.34588286748,1525,0,351.1190476190476,37,5,14,38.94888726181437,0.5954391891891893,47.2861842105263,1010.8552631578924,27.320412517780877,0
4175,4,2,0,43,0.046511627906976744,0.0,1.0,43,1350,1100,250,0.8148148148148148,16,11,5,319.8772731903041,0.4304171280915467,0.060887601678471404,0.17410769701834672,128461.13281249999,-381.64062500000006,128079.49218749999,1526,0,339.1162790697674,39,4,13,38.45561035758323,0.5993589743589743,46.5625,1013.7499999999999,25.99358974358974,0
4176,4,0,0,43,0.0,0.0,1.0,43,950,600,350,0.631578947368421,13,6,7,354.9902250901463,0.4305324843115541,0.05830687938011536,0.1837455047701364,126429.50234687577,448.209304786063,126877.71165166184,1527,1,340.1162790697674,37,6,13,39.64920409943304,0.5822072072072072,48.57456140350876,1005.7017543859633,27.18112849691793,8
4177,4,3,2,44,0.06521739130434782,0.043478260869565216,0.9565217391304348,46,1900,1600,300,0.8421052631578947,22,16,6,335.3756000058126,0.4375805152979066,0.08408375227887932,0.1771413404057544,127253.65713346454,-660.9830733079766,126592.67406015657,1528,0,318.8695652173913,38,8,17,39.29677573062261,0.5888157894736843,47.75641025641024,1008.9743589743567,26.55195681511465,0
4178,4,2,2,44,0.043478260869565216,0.043478260869565216,0.9565217391304348,46,1050,700,350,0.6666666666666666,14,7,7,329.33507156378386,0.4371678743961353,0.0783980560761075,0.17529591240535514,127565.10959201367,-797.6671006944647,126767.4424913192,1529,0,305.4782608695652,39,7,14,39.13049082285007,0.5902777777777778,47.44791666666666,1010.2083333333316,25.902777777777732,0
4179,4,1,2,43,0.022222222222222223,0.044444444444444446,0.9555555555555556,45,1000,600,400,0.6,14,6,8,337.84246244427885,0.43531144781144776,0.08037225042301221,0.17987828405816958,127577.25180802066,-379.7974194609212,127197.45438855974,1530,0,313.22222222222223,38,7,15,38.90320960236886,0.5921052631578947,47.43589743589742,1010.2564102564072,26.585695006747557,0
4180,4,0,1,42,0.0,0.023255813953488372,0.9767441860465116,43,1250,1200,50,0.96,13,12,1,351.7194864041423,0.43219361387966043,0.06798771312640772,0.18633649386091772,127376.05003652285,360.1277798068216,127736.17781632967,1531,1,327.48837209302326,36,7,16,38.75897106946306,0.59375,47.63513513513513,1009.4594594594582,28.040540540540505,0
4181,4,1,1,42,0.023255813953488372,0.023255813953488372,0.9767441860465116,43,1300,700,600,0.5384615384615384,19,7,12,342.13476294582256,0.4347775932078258,0.08747410354649343,0.18301985651533703,127766.20513048771,142.65206096132863,127908.85719144903,1532,0,324.95348837209303,38,5,17,38.601438937616685,0.5940241228070176,47.24893162393161,1011.0042735042713,26.605375618533454,0
4182,4,0,1,41,0.0,0.023809523809523808,0.9761904761904762,42,750,500,250,0.6666666666666666,10,5,5,349.79601323774955,0.43440282617111886,0.09518387118430516,0.1872007567072133,127783.97108966207,539.6647285703159,128323.63581823239,1533,1,332.8809523809524,37,5,17,38.389613382496485,0.5960022522522522,47.2313596491228,1011.0745614035077,27.326339497392098,0
4183,4,2,2,41,0.046511627906976744,0.046511627906976744,0.9534883720930233,43,1150,800,350,0.6956521739130435,15,8,7,343.5042787589885,0.4366002214839424,0.12111315796952793,0.1868206654446921,128429.7404456821,224.2490101958021,128653.98945587789,1534,0,325.25581395348837,36,7,13,37.88884568381291,0.6044560185185186,46.593468468468465,1013.6261261261255,28.156281281281267,0
4184,4,1,1,41,0.023809523809523808,0.023809523809523808,0.9761904761904762,42,950,600,350,0.631578947368421,13,6,7,343.48849625693776,0.43406407278358494,0.13021886070722255,0.1876766322441271,128613.70991940993,435.4659636488062,129049.17588305874,1535,0,332.6904761904762,35,7,15,37.70158223033623,0.6083333333333334,46.412037037037024,1014.35185185185,28.981481481481428,0
4185,4,0,0,41,0.0,0.0,1.0,41,1050,800,250,0.7619047619047619,13,8,5,341.8078014278867,0.434375,0.12820455759302152,0.18731067518248162,128731.13854595309,600.2614883401645,129331.40003429326,1536,1,336.1707317073171,35,6,17,37.62450577858883,0.6095238095238096,46.29629629629628,1014.8148148148126,28.994708994708933,0
4186,4,0,0,41,0.0,0.0,1.0,41,1150,800,350,0.6956521739130435,15,8,7,339.5579408689582,0.43394308943089427,0.1237957688958129,0.18694343777510777,128915.32368517164,554.8443713984216,129470.16805657005,1537,2,337.1707317073171,36,5,19,37.49399349449249,0.609375,46.11486486486486,1015.5405405405404,28.209459459459456,0
4187,4,2,0,43,0.046511627906976744,0.0,1.0,43,1100,600,500,0.5454545454545454,16,6,10,323.55670272006824,0.43763842746400883,0.1308039793567648,0.18034144411325198,129401.82317029856,-225.60047378461053,129176.22269651396,1538,0,322.4418604651163,36,7,21,37.406152001475725,0.6142939814814814,45.636261261261254,1017.4549549549541,28.262637637637614,0
4188,4,2,2,43,0.044444444444444446,0.044444444444444446,0.9555555555555556,45,1100,800,300,0.7272727272727273,14,8,6,309.94583374978924,0.44093013468013464,0.13398980375724556,0.17548890444694445,130017.30974687685,-940.3353057199454,129076.97444115691,1539,0,309.06666666666666,38,7,18,37.12942593756547,0.6167763157894737,45.03205128205127,1019.8717948717932,26.838731443994558,0
4189,4,0,0,43,0.0,0.0,1.0,43,900,500,400,0.5555555555555556,13,5,8,324.00402918103873,0.4346160944998154,0.13802903764615215,0.1825801036169612,129831.84831791231,-186.79160579500092,129645.05671211731,1540,1,324.16279069767444,36,7,18,36.958793738489874,0.6186342592592593,45.213963963963955,1019.1441441441426,28.309559559559517,0
4190,4,0,0,43,0.0,0.0,1.0,43,1150,800,350,0.6956521739130435,15,8,7,322.6299194815256,0.43390088593576964,0.13749098089361667,0.1827429131172091,130032.77084094223,-209.50752272543622,129823.26331821679,1541,2,325.16279069767444,36,7,19,36.790373928085096,0.6206597222222222,45.01689189189189,1019.9324324324319,28.331456456456444,0
4191,4,1,0,44,0.022727272727272728,0.0,1.0,44,1100,700,400,0.6363636363636364,15,7,8,318.00611076581924,0.43429571881606766,0.1509736775351711,0.18223745019162987,130486.54994806081,-500.8959487534807,129985.65399930734,1542,0,318.75,37,7,20,36.44961365099806,0.6233108108108107,44.57236842105262,1021.7105263157885,27.613798008534822,0
4192,4,1,0,45,0.022222222222222223,0.0,1.0,45,1400,900,500,0.6428571428571429,19,9,10,311.410853914354,0.4358585858585859,0.16205956400171728,0.18020433522282572,130863.1260158703,-849.5604362992318,130013.56557957106,1543,0,312.64444444444445,38,7,17,36.238296613414086,0.6252741228070176,44.20405982905982,1023.1837606837597,26.925888439046307,0
4193,4,1,0,46,0.021739130434782608,0.0,1.0,46,1900,1300,600,0.6842105263157895,25,13,12,305.3159320698992,0.43628220611916263,0.16756519087747557,0.17870335845542734,131301.43364800327,-1182.3160807291877,130119.11756727408,1544,0,306.82608695652175,39,7,18,35.953116000948604,0.6279380341880342,43.77604166666666,1024.8958333333317,26.279380341880298,0
4194,4,0,1,45,0.0,0.021739130434782608,0.9782608695652174,46,1400,1000,400,0.7142857142857143,18,10,8,308.46899182139794,0.43621175523349437,0.17139304471507022,0.18105308804400833,131408.21533203122,-1092.9280598958337,130315.28727213539,1545,1,307.82608695652175,39,7,18,35.76494717057808,0.6290064102564102,43.671875,1025.3124999999998,26.290064102564095,0
4195,4,0,2,43,0.0,0.044444444444444446,0.9555555555555556,45,1350,900,450,0.6666666666666666,18,9,9,317.55488610509644,0.4346801346801347,0.17170643603904012,0.18639597810095485,131410.26925131504,-654.0053829717144,130756.26386834332,1546,2,315.53333333333336,38,7,20,35.529983328123386,0.6307565789473684,43.6698717948718,1025.3205128205138,26.982118758434574,0
4196,4,0,0,43,0.0,0.0,1.0,43,1200,900,300,0.75,15,9,6,331.046975003019,0.43450073827980806,0.1805877843087147,0.19360716404418207,131270.41737683638,91.3349159970889,131361.75229283347,1547,3,318.1860465116279,36,7,20,35.32509157509158,0.6331018518518519,43.80630630630631,1024.7747747747753,28.46596596596598,0
4197,4,0,0,43,0.0,0.0,1.0,43,1500,1300,200,0.8666666666666667,17,13,4,328.9079849796605,0.43415466961978594,0.1801610332284298,0.1929367458282753,131385.84530476443,42.770726807907835,131428.61603157234,1548,4,319.1860465116279,36,7,20,35.263574619215,0.6342592592592593,43.6936936936937,1025.225225225227,28.478478478478525,0
4198,4,0,0,43,0.0,0.0,1.0,43,1050,900,150,0.8571428571428571,12,9,3,329.43827341494426,0.43415466961978594,0.18418747653861955,0.19368588482826984,131472.4495399117,62.411355612388576,131534.8608955241,1549,5,320.1860465116279,36,7,20,35.162741114893315,0.6351273148148149,43.60923423423424,1025.5630630630644,28.4878628628629,0
4199,4,1,0,44,0.022727272727272728,0.0,1.0,44,1600,1300,300,0.8125,19,13,6,320.03618341570024,0.4359584214235377,0.18419136916894718,0.18995303509958483,131834.36850761782,-361.6463719605958,131472.72213565724,1550,0,313.8863636363636,37,7,16,35.03986048829098,0.6368243243243243,43.256578947368425,1026.9736842105272,27.756045519203436,0
4200,4,0,0,44,0.0,0.0,1.0,44,1000,600,400,0.6,14,6,8,321.9694930724283,0.4353968463706836,0.18523127528891203,0.19152585273622744,131918.83710612892,-305.2317780470768,131613.60532808185,1551,1,314.8863636363636,37,7,17,34.90533941722704,0.6376689189189189,43.174342105263165,1027.3026315789484,27.764935988620227,0
4201,4,0,0,44,0.0,0.0,1.0,44,900,700,200,0.7777777777777778,11,7,4,327.8158709634574,0.43555100422832976,0.19435661425952655,0.19558358743096702,132031.50398439926,-143.59550534777594,131887.9084790515,1552,2,315.8863636363636,37,7,17,34.64194583733418,0.638795045045045,43.06469298245615,1027.7412280701772,27.776789947842627,0
4202,4,0,1,43,0.0,0.022727272727272728,0.9772727272727273,44,800,500,300,0.625,11,5,6,327.8568901840675,0.43547392529950674,0.19046395251857162,0.19575353430480577,132059.678218298,-140.66491612802864,131919.01330216997,1553,3,316.8863636363636,37,7,18,34.61258089751798,0.6390765765765766,43.03728070175439,1027.850877192983,27.77975343764819,0
4203,4,0,0,43,0.0,0.0,1.0,43,1600,1300,300,0.8125,19,13,6,334.16707074497987,0.43387781469176817,0.1924485504937874,0.1991688125766132,131992.67415642025,221.52105652953466,132214.1952129498,1554,4,325.04651162790697,36,7,18,34.51780821917809,0.6403356481481481,43.10247747747749,1027.5900900900924,28.544169169169233,0
4204,4,0,0,43,0.0,0.0,1.0,43,1050,800,250,0.7619047619047619,13,8,5,336.0523961507843,0.43387781469176817,0.19239479603716192,0.20090519479112728,132108.41912436107,279.0701596867401,132387.4892840478,1555,5,326.04651162790697,36,7,19,34.352977690144975,0.6414930555555556,42.98986486486488,1028.0405405405425,28.556681681681734,0
4205,4,0,1,42,0.0,0.023255813953488372,0.9767441860465116,43,1100,900,200,0.8181818181818182,13,9,4,337.8609325358793,0.43343946105574016,0.18811437419144506,0.2024505272911847,132195.26113951814,332.72284108435406,132527.9839806025,1556,6,327.04651162790697,36,7,19,34.219183457439044,0.6423611111111112,42.90540540540542,1028.3783783783804,28.56606606606612,0
4206,4,0,1,41,0.0,0.023809523809523808,0.9761904761904762,42,1300,900,400,0.6923076923076923,17,9,8,347.2174366973298,0.4324186991869919,0.18421644729440878,0.2086826095201194,132308.68115837197,787.9762249228481,133096.6573832948,1557,7,333.4047619047619,35,7,20,33.86453763077961,0.6455357142857143,42.79513888888889,1028.819444444445,29.394841269841287,0
4207,4,0,0,41,0.0,0.0,1.0,41,850,600,250,0.7058823529411765,11,6,5,352.8952816443478,0.43056402439024394,0.1818500004233925,0.21190883451624798,132275.51197562355,1135.8808106575902,133411.39278628115,1558,8,341.8292682926829,34,7,20,33.75188056937854,0.6473651960784313,42.82738095238095,1028.690476190476,30.25560224089635,0
4208,4,0,0,41,0.0,0.0,1.0,41,1250,800,450,0.64,17,8,9,350.93776022828973,0.4305386178861788,0.11927808862840172,0.19904539373565924,130085.41907793209,972.4725017321748,131057.89157966427,1559,9,342.8292682926829,35,6,21,36.01514635806671,0.6232142857142857,44.96527777777778,1020.1388888888888,29.146825396825395,8
4209,4,0,0,41,0.0,0.0,1.0,41,1200,700,500,0.5833333333333334,17,7,10,350.52185640170586,0.4301067073170732,0.12096365944945586,0.19926184448058287,130173.98787133487,925.7655767746886,131099.75344810955,1560,10,343.8292682926829,35,6,22,35.93590506975163,0.6241071428571429,44.87847222222222,1020.4861111111111,29.15674603174603,0
4210,4,0,0,41,0.0,0.0,1.0,41,1250,900,350,0.72,16,9,7,352.3614773394486,0.4299542682926829,0.1002925940937085,0.19569203159951934,129260.23046339168,909.2651534636612,130169.49561685535,1561,11,344.8292682926829,35,6,21,36.817569618332215,0.6148809523809524,45.77546296296297,1016.8981481481485,29.054232804232814,8
4211,4,0,0,41,0.0,0.0,1.0,41,1250,900,350,0.72,16,9,7,351.6148930559624,0.4294207317073171,0.10571787665322896,0.19600802313601562,129407.39300679442,900.313330546984,130307.7063373414,1562,12,345.8292682926829,35,6,22,36.68678667576689,0.6163690476190475,45.63078703703704,1017.476851851852,29.0707671957672,0
4212,4,0,0,41,0.0,0.0,1.0,41,800,500,300,0.625,11,5,6,350.1098447506569,0.4288617886178862,0.10984347305090236,0.19546132475508118,129466.28146701398,865.483940972231,130331.76540798621,1563,13,346.8292682926829,35,6,20,36.66517400204709,0.6169642857142856,45.57291666666667,1017.708333333334,29.077380952380974,0
4213,4,0,0,41,0.0,0.0,1.0,41,1100,800,300,0.7272727272727273,14,8,6,351.9707271133413,0.4282520325203252,0.11672711542940828,0.19694239921685444,129554.63927469151,919.8881172839715,130474.52739197548,1564,14,347.8292682926829,35,6,20,36.52796725784448,0.6178571428571429,45.48611111111112,1018.0555555555568,29.087301587301624,0
4214,4,0,0,41,0.0,0.0,1.0,41,1200,800,400,0.6666666666666666,16,8,8,347.0088992955507,0.4277693089430894,0.08124113584294479,0.1834791141878659,127296.330120992,646.6482070901994,127942.9783280822,1565,15,348.8292682926829,35,6,22,38.9595758305616,0.5949404761904762,47.714120370370374,1009.143518518519,28.832671957671973,8
4215,4,1,0,42,0.023809523809523808,0.0,1.0,42,750,500,250,0.6666666666666666,10,5,5,337.6798258176377,0.43043457220286485,0.08452752478610748,0.17990875280497914,127603.5072234398,217.82601858617525,127821.33324202597,1566,0,341.5,36,6,16,38.88045214742161,0.5960648148148149,47.40990990990992,1010.3603603603615,28.065565565565596,0
4216,4,1,0,43,0.023255813953488372,0.0,1.0,43,1450,1100,350,0.7586206896551724,18,11,7,326.73898030044035,0.43193983019564414,0.09012541357248538,0.1758293906234847,128005.79415060404,-235.10346933671502,127770.69068126733,1567,0,334.5348837209302,37,6,18,38.745959294976,0.5982545045045045,47.012061403508774,1011.9517543859649,27.35004741583689,0
4217,4,2,0,45,0.044444444444444446,0.0,1.0,45,1150,800,350,0.6956521739130435,15,8,7,313.62907288265967,0.4369949494949495,0.11101262325994732,0.17137522464486044,128616.79945993007,-932.2561990227714,127684.5432609073,1568,0,320.6222222222222,37,8,14,38.455639930818265,0.6044481981981982,46.40899122807018,1014.3640350877201,27.415244191560003,0
4218,4,0,0,45,0.0,0.0,1.0,45,1050,600,450,0.5714285714285714,15,6,9,311.5687906239802,0.43651094276094277,0.106491885143571,0.17084601457438142,128755.86718990454,-976.7380347799312,127779.12915512461,1569,1,321.6222222222222,37,8,15,38.36655502736965,0.6058558558558558,46.271929824561404,1014.9122807017541,27.430061640587947,0
4219,4,0,0,45,0.0,0.0,1.0,45,1200,900,300,0.75,15,9,6,314.5374904928703,0.43617424242424246,0.11067669894757093,0.17283695100732857,128839.34389667978,-895.0392187980856,127944.3046778817,1570,2,322.6222222222222,37,8,15,38.20640727940383,0.6067004504504505,46.189692982456144,1015.2412280701757,27.43895211000475,0
4220,4,2,1,46,0.0425531914893617,0.02127659574468085,0.9787234042553191,47,1450,1100,350,0.7586206896551724,18,11,7,305.6294538441725,0.4380781683626272,0.13645677504208087,0.17074359025222488,129492.7856445314,-1484.6381293402646,128008.14751519113,1571,0,309.8510638297872,39,8,15,37.7700380377307,0.609775641025641,45.54687500000001,1017.8125000000011,26.09775641025644,0
4221,4,1,0,47,0.02127659574468085,0.0,1.0,47,900,500,400,0.5555555555555556,13,5,8,306.4139076032636,0.4363051187172371,0.15150328503676658,0.1722257480666621,129731.44531250012,-1449.6961805555413,128281.74913194457,1572,0,310.72340425531917,39,8,17,37.508520790729385,0.6121794871794872,45.31250000000001,1018.7500000000009,26.121794871794894,0
4222,4,0,1,46,0.0,0.02127659574468085,0.9787234042553191,47,1300,600,700,0.46153846153846156,20,6,14,306.53066119675105,0.4362087573234659,0.147844281942082,0.17252490954123256,129784.51063368065,-1443.413628472214,128341.09700520843,1573,1,311.72340425531917,39,8,17,37.451867375451506,0.6127136752136753,45.26041666666667,1018.9583333333342,26.127136752136774,0
4223,4,0,1,45,0.0,0.021739130434782608,0.9782608695652174,46,1750,1000,750,0.5714285714285714,25,10,15,313.3199805786499,0.435829307568438,0.14084304908218614,0.17702857162001512,129935.60209155166,-1057.7159352399701,128877.88615631168,1574,2,311.7173913043478,38,8,17,37.12603478989835,0.615953947368421,45.11217948717949,1019.5512820512824,26.83029689608638,0
4224,4,0,0,45,0.0,0.0,1.0,45,1200,800,400,0.6666666666666666,16,8,8,322.87497667088314,0.4339856902356902,0.1375788869764769,0.18212656451046896,129871.11418898121,-613.5734072022212,129257.540781779,1575,3,319.4888888888889,37,8,17,36.94779116465862,0.6171171171171171,45.175438596491226,1019.2982456140351,27.54860123281176,0
4225,4,0,1,44,0.0,0.022222222222222223,0.9777777777777777,45,850,500,350,0.5882352941176471,12,5,7,324.3420537291072,0.43390151515151515,0.13974809397480903,0.18321582111623563,129927.00277970135,-571.8418167128505,129355.16096298849,1576,4,320.4888888888889,37,8,17,36.853803685380356,0.6176801801801801,45.12061403508771,1019.5175438596484,27.55452821242293,0
4226,4,0,1,43,0.0,0.022727272727272728,0.9772727272727273,44,1700,1000,700,0.5882352941176471,24,10,14,328.02973179730816,0.4341966173361522,0.1463756839516086,0.1855283711070972,129975.34855379032,-272.8442547276989,129702.50429906262,1577,5,325.25,36,8,17,36.71084115589914,0.6200810185185186,45.0731981981982,1019.7072072072076,28.32520020020021,0
4227,4,0,1,42,0.0,0.023255813953488372,0.9767441860465116,43,1600,1100,500,0.6875,21,11,10,327.89877179301516,0.4328626799557032,0.037713527015542425,0.17858878659724842,128486.82032962017,-144.49212726239904,128342.32820235776,1578,6,326.2093023255814,36,7,18,38.226146839942245,0.6050347222222222,46.53716216216216,1013.8513513513514,28.16253753753754,8
4228,4,1,0,43,0.023255813953488372,0.0,1.0,43,1400,800,600,0.5714285714285714,20,8,12,329.7176705560135,0.43316260612772245,0.06567105693949249,0.1819194560297125,129001.1099570856,-93.21090516190748,128907.8990519237,1579,0,326.3488372093023,36,7,20,37.65657909322689,0.6102430555555556,46.03040540540541,1015.8783783783795,28.218843843843874,0
4229,4,0,1,42,0.0,0.023255813953488372,0.9767441860465116,43,1950,1500,450,0.7692307692307693,24,15,9,331.2281644719164,0.43235511258767073,0.06614563476934832,0.18368107302533523,129201.38888888867,-40.81687261588212,129160.5720162728,1580,1,327.3488372093023,35,8,21,37.41461748633881,0.6142857142857143,45.83333333333332,1016.6666666666649,29.047619047618998,0
4230,4,1,0,43,0.023255813953488372,0.0,1.0,43,1500,1100,400,0.7333333333333333,19,11,8,341.05062959425317,0.4321244001476559,0.13089171408476163,0.17499623061365596,126071.3648069595,38.40616824403736,126109.77097520353,1581,0,328.04651162790697,37,6,18,40.36819430796666,0.5785472972972974,48.93092105263156,1004.2763157894709,27.14260312944516,8
4231,4,3,1,45,0.06521739130434782,0.021739130434782608,0.9782608695652174,46,1250,1000,250,0.8,15,10,5,325.0093966534238,0.43733896940418676,0.16038091728953963,0.16990997571881497,126835.96073765599,-955.4241853394271,125880.53655231655,1582,0,307.5869565217391,40,6,19,39.98604385256929,0.58125,48.17073170731707,1007.3170731707303,25.182926829268258,0
4232,4,5,5,45,0.1,0.1,0.9,50,1050,600,450,0.5714285714285714,15,6,9,316.7215344759584,0.4454761904761905,0.21161676646706606,0.17062095566930668,128048.66850321405,-1888.5876486322193,126160.08085458183,1583,0,281.12,43,7,13,38.95568238522956,0.5891472868217054,46.969696969696976,1012.1212121212128,23.537702607470067,0
4233,4,1,0,46,0.021739130434782608,0.0,1.0,46,1200,800,400,0.6666666666666666,16,8,8,329.8148328108697,0.43843599033816427,0.1934146757157158,0.1765103696414922,127784.64708713388,-770.9455970321974,127013.70149010168,1584,0,303.5217391304348,40,6,14,38.89398432003219,0.5908854166666666,47.230691056910565,1011.0772357723569,25.276930894308922,0
4234,4,2,0,48,0.041666666666666664,0.0,1.0,48,1350,800,550,0.5925925925925926,19,8,11,318.07166072685425,0.4424220596926714,0.2056576934111125,0.17260380675769138,128340.82729591057,-1435.683984586276,126905.1433113243,1585,0,291.8333333333333,42,6,18,38.62384845876766,0.5935019841269842,46.68120155038759,1013.2751937984485,24.125599852344013,0
4235,4,0,0,48,0.0,0.0,1.0,48,1550,1200,350,0.7741935483870968,19,12,7,317.0269138373864,0.44189568557919623,0.204925184052013,0.17224854502988154,128389.9247810376,-1459.3876757707067,126930.53710526689,1586,1,292.8333333333333,42,6,13,38.600328265927274,0.5939980158730158,46.63275193798449,1013.4689922480604,24.130214101144297,0
4236,4,0,0,48,0.0,0.0,1.0,48,1350,900,450,0.6666666666666666,18,9,9,316.74002784524913,0.4416925236406619,0.21047636226207667,0.16903254951345476,127670.361328125,-1316.0529304973425,126354.30839762765,1587,2,293.8333333333333,39,9,16,39.34111523397239,0.5913461538461539,47.34375,1010.625,25.91346153846154,8
4237,4,0,0,48,0.0,0.0,1.0,48,1000,700,300,0.7,13,7,6,315.23578707509944,0.44148012706855794,0.21158304141767958,0.16867026181647846,127775.65646701407,-1544.1080729166497,126231.54839409742,1588,3,294.8333333333333,39,9,16,39.27167044439864,0.5924145299145299,47.23958333333334,1011.0416666666681,25.924145299145337,0
4238,4,1,0,49,0.02040816326530612,0.0,1.0,49,1600,1100,500,0.6875,21,11,10,311.0053274770775,0.44295634920634924,0.20762874141126497,0.16815887619691175,128195.98458465555,-1826.0731666005468,126369.91141805501,1589,0,289.7959183673469,40,9,19,38.950284328483,0.5950520833333333,46.82418699186993,1012.7032520325224,25.31758130081306,0
4239,4,0,1,48,0.0,0.02040816326530612,0.9795918367346939,49,1450,1000,450,0.6896551724137931,19,10,9,313.1637641107872,0.44300949546485263,0.2047407528708569,0.16987174799698362,128324.66310562537,-1762.6730947187093,126561.99001090667,1590,1,290.7959183673469,40,9,19,38.76462721497827,0.5963541666666667,46.697154471544735,1013.2113821138245,25.33028455284561,0
4240,4,1,3,46,0.02040816326530612,0.061224489795918366,0.9387755102040817,49,1600,1100,500,0.6875,21,11,10,313.0003160453856,0.44579081632653056,0.23132708908426558,0.1718143365759866,128798.2646762411,-1737.2204900478491,127061.04418619325,1591,0,290.53061224489795,41,8,17,38.28715467813397,0.5995934959349594,46.23015873015874,1015.079365079367,24.758033294618706,0
4241,4,0,1,45,0.0,0.021739130434782608,0.9782608695652174,46,1300,1000,300,0.7692307692307693,16,10,6,327.6989392358085,0.4447765700483092,0.22207717253888792,0.17876542133484466,128550.50131492448,-774.8274161735637,127775.67389875092,1592,1,306.9130434782609,38,8,17,38.166350611040876,0.6019736842105263,46.47435897435898,1014.1025641025648,26.686909581646443,0
4242,4,1,0,46,0.021739130434782608,0.0,1.0,46,1200,800,400,0.6666666666666666,16,8,8,321.34994197020694,0.44551127214170694,0.23040184453227908,0.17674246808361388,128875.73964497042,-917.1577087442472,127958.58193622618,1593,0,304.9782608695652,38,8,19,37.996501473063965,0.6052631578947368,46.15384615384615,1015.3846153846155,26.720647773279353,0
4243,4,0,0,46,0.0,0.0,1.0,46,1650,1300,350,0.7878787878787878,20,13,7,322.3450671596615,0.4452999194847021,0.23490471551854242,0.17765417701373362,128957.11343277465,-886.2621219592215,128070.85131081543,1594,1,305.9782608695652,38,8,19,37.88852950457557,0.6060855263157895,46.073717948717956,1015.7051282051295,26.72908232118762,0
4244,4,1,2,45,0.02127659574468085,0.0425531914893617,0.9574468085106383,47,1500,1100,400,0.7333333333333333,19,11,8,317.9988322527165,0.4471168670983657,0.23337139470220625,0.17681894066717127,129307.31336805565,-1176.0850694444348,128131.22829861121,1595,0,300.4468085106383,39,8,21,37.64338385907414,0.607905982905983,45.72916666666667,1017.0833333333342,26.07905982905985,0
4245,4,1,0,46,0.021739130434782608,0.0,1.0,46,1400,1100,300,0.7857142857142857,17,11,6,321.7398318961496,0.4457830112721417,0.24104401228249728,0.17962275186430768,129466.28146701399,-869.1080729166567,128597.17339409734,1596,0,306.2826086956522,39,7,16,37.38698396451723,0.6095085470085471,45.57291666666667,1017.7083333333342,26.09508547008549,0
4246,4,0,1,45,0.0,0.021739130434782608,0.9782608695652174,46,1100,800,300,0.7272727272727273,14,8,6,323.94526782049434,0.44563204508856685,0.2425200843408868,0.18134255714075098,129572.31445312501,-805.1323784722223,128767.1820746528,1597,1,307.2826086956522,39,7,16,37.22333060500649,0.6105769230769231,45.46875,1018.1250000000001,26.105769230769234,0
4247,4,0,0,45,0.0,0.0,1.0,45,1000,700,300,0.7,13,7,6,327.6262867842077,0.4437289562289562,0.24386842504168604,0.18332066275788078,129554.63927469113,-510.8989197531106,129043.74035493803,1598,2,315.06666666666666,38,7,16,37.14756707594362,0.6121162280701755,45.4861111111111,1018.0555555555536,26.790935672514568,0
4248,4,0,0,45,0.0,0.0,1.0,45,1250,700,550,0.56,18,7,11,331.3588821194803,0.4427819865319866,0.2544157751206213,0.1860527433525985,129690.63321827732,-405.17135108482717,129285.4618671925,1599,3,316.06666666666666,38,7,16,36.914595133207456,0.6134868421052632,45.352564102564095,1018.5897435897425,26.804993252361644,0
4249,4,0,1,44,0.0,0.022222222222222223,0.9777777777777777,45,1050,700,350,0.6666666666666666,14,7,7,332.1838934918068,0.44257154882154887,0.16310502891264034,0.18505803882840716,129382.26176754897,-404.2593074558931,128978.00246009308,1600,4,317.06666666666666,40,5,17,37.206572769953034,0.60703125,45.65548780487804,1017.378048780487,25.434451219512177,8
4250,4,0,1,43,0.0,0.022727272727272728,0.9772727272727273,44,1300,900,400,0.6923076923076923,17,9,8,320.8557419702944,0.44172832980972515,0.09800451099555163,0.1680728092414792,126917.01630015433,-655.589313271605,126261.42698688273,1601,5,324.8863636363636,41,3,16,40.00760969446358,0.5805386178861789,48.09027777777778,1007.6388888888889,24.576558265582655,8
4251,4,1,1,43,0.022727272727272728,0.022727272727272728,0.9772727272727273,44,1050,700,350,0.6666666666666666,14,7,7,322.1875324915965,0.4427964235377026,0.12826736028428565,0.16992738828435627,127194.50744431218,-603.7825367350115,126590.72490757717,1602,0,325.75,40,4,17,39.689955671972605,0.5848958333333334,47.8150406504065,1008.7398373983734,25.218495934959336,0
4252,4,3,3,43,0.06521739130434782,0.06521739130434782,0.9347826086956522,46,1100,500,600,0.45454545454545453,17,5,12,312.5264588438576,0.4486312399355878,0.1371312762704595,0.16753151776853298,127850.36886492677,-1208.6753913527034,126641.69347357407,1603,0,297.7826086956522,42,4,14,39.26395675641148,0.5885416666666667,47.165697674418595,1011.3372093023238,24.079457364341042,0
4253,4,0,2,41,0.0,0.046511627906976744,0.9534883720930233,43,1650,1300,350,0.7878787878787878,20,13,7,326.0913974249364,0.44199889258028796,0.15182229789144874,0.17396206308978351,127656.23967215265,-274.47968305903726,127381.75998909361,1604,1,319.3255813953488,40,3,14,39.119276280504174,0.5895833333333333,47.35772357723577,1010.5691056910555,25.26422764227639,0
4254,4,1,1,41,0.023809523809523808,0.023809523809523808,0.9761904761904762,42,1600,1200,400,0.75,20,12,8,330.5604831241176,0.4422788424312814,0.15379559322699032,0.17710160983272255,127828.32031249997,50.99826388888772,127879.31857638886,1605,0,326.8333333333333,39,3,18,38.8305177860184,0.592948717948718,47.1875,1011.2499999999998,25.929487179487175,0
4255,4,1,1,41,0.023809523809523808,0.023809523809523808,0.9761904761904762,42,850,400,450,0.47058823529411764,13,4,9,330.57303423087967,0.4422788424312814,0.16703907329550471,0.17827462523061557,128091.80230034738,68.73914930557453,128160.54144965296,1606,0,327.0,39,3,19,38.561175138917484,0.5956196581196581,46.92708333333334,1012.291666666668,25.956196581196615,0
4256,4,1,1,41,0.023809523809523808,0.023809523809523808,0.9761904761904762,42,1750,1200,550,0.6857142857142857,23,12,11,319.4701686601849,0.4442387727448703,0.17130431379455469,0.1741166081600357,128513.9377170138,-188.72612847222797,128325.21158854157,1607,0,326.26190476190476,39,3,17,38.41218067255669,0.5998931623931624,46.510416666666664,1013.9583333333326,25.998931623931604,0
4257,4,0,0,41,0.0,0.0,1.0,41,1200,900,300,0.75,15,9,6,324.7665237614936,0.4417936991869919,0.18263772354297148,0.17704532320622243,128523.41666894936,148.02065070492745,128671.43731965429,1608,1,334.2682926829268,38,3,17,38.26827169599269,0.6016995614035088,46.50106837606837,1013.9957264957252,26.684098065676977,0
4258,4,0,1,40,0.0,0.024390243902439025,0.975609756097561,41,1000,400,600,0.4,16,4,12,327.54643162566276,0.4412855691056911,0.18732570143136673,0.1794138412676205,128713.06911571308,231.9012984878027,128944.97041420088,1609,2,335.2682926829268,38,3,18,38.00471151821435,0.6036184210526316,46.31410256410255,1014.7435897435876,26.703778677462832,0
4259,4,1,0,41,0.024390243902439025,0.0,1.0,41,700,400,300,0.5714285714285714,10,4,6,323.8606492660713,0.4415396341463415,0.1854469065250126,0.17873423760133877,129011.37689248643,156.34165662208233,129167.71854910851,1610,0,334.5365853658537,38,3,19,37.79489606337856,0.6066337719298245,46.020299145299134,1015.9188034188015,26.734705353126355,0
4260,4,1,1,41,0.023809523809523808,0.023809523809523808,0.9761904761904762,42,1400,900,500,0.6428571428571429,19,9,10,316.0777351070484,0.4420973674022455,0.1849670652842592,0.17588405119545308,129337.19735051836,-223.73849441160274,129113.45885610675,1611,0,327.54761904761904,38,4,20,37.66192276721633,0.6099232456140351,45.69978632478631,1017.2008547008522,26.76844354475927,0
4261,4,1,0,42,0.023809523809523808,0.0,1.0,42,750,300,450,0.4,12,3,9,314.2243746752119,0.44196428571428575,0.19687069120556466,0.17618745525906537,129636.22708013692,-253.02752209807267,129383.19955803885,1612,0,326.64285714285717,38,4,17,37.40601832424118,0.6129385964912281,45.40598290598289,1018.376068376065,26.799370220422762,0
4262,4,0,0,42,0.0,0.0,1.0,42,1100,700,400,0.6363636363636364,15,7,8,314.96034925449186,0.44150454897406116,0.19708411999160935,0.17684522790296342,129690.63321827716,-230.51857330706457,129460.11464497009,1613,1,327.64285714285717,38,4,17,37.332179567862376,0.6134868421052632,45.35256410256409,1018.5897435897413,26.804993252361612,0
4263,4,2,0,44,0.045454545454545456,0.0,1.0,44,1150,800,350,0.6956521739130435,15,8,7,303.3263083339167,0.4451528365045807,0.2066864623128324,0.17248033908772276,130184.79100568408,-902.3055886046975,129282.48541707938,1614,0,313.70454545454544,40,4,19,37.129057956582365,0.6151041666666667,44.867886178861774,1020.5284552845499,25.513211382113745,0
4264,4,0,1,43,0.0,0.022727272727272728,0.9772727272727273,44,1850,1400,450,0.7567567567567568,23,14,9,301.8926154588316,0.44537306201550386,0.1999462186120693,0.1724799068740317,130368.9453125,-928.4923873438449,129440.45292515616,1615,1,314.70454545454544,39,5,19,36.97980416156669,0.6185897435897436,44.6875,1021.25,26.185897435897434,0
4265,4,1,0,44,0.022727272727272728,0.0,1.0,44,1100,700,400,0.6363636363636364,15,7,8,303.1820899024781,0.4461658738548273,0.20965978579105382,0.1741699453233676,130581.79253472241,-881.9878472221974,129699.8046875002,1616,0,314.70454545454544,39,5,18,36.732232640304396,0.6207264957264957,44.47916666666668,1022.0833333333348,26.207264957264996,0
4266,4,0,0,44,0.0,0.0,1.0,44,1150,1000,150,0.8695652173913043,13,10,3,305.6135086072734,0.445725422832981,0.2146958583388896,0.17605059862024655,130688.28125000028,-811.9791666666367,129876.30208333363,1617,1,315.70454545454544,39,5,18,36.562754686226576,0.6217948717948718,44.375000000000014,1022.5000000000022,26.217948717948772,0
4267,4,0,1,43,0.0,0.022727272727272728,0.9772727272727273,44,1300,900,400,0.6923076923076923,17,9,8,307.605451018639,0.44499867864693443,0.22493906292317334,0.17822709388709432,130911.78882444343,-746.1640310000373,130165.62479344339,1618,2,316.70454545454544,40,4,20,36.28661866931479,0.6223958333333333,44.156504065040664,1023.3739837398399,25.584349593495997,0
4268,4,0,0,43,0.0,0.0,1.0,43,1350,1100,250,0.8148148148148148,16,11,5,312.5614280442084,0.44299095607235145,0.21930291733238616,0.18117498705217427,130928.03955078153,-415.3889973958028,130512.65055338573,1619,3,324.9767441860465,39,4,21,36.14344783715012,0.624198717948718,44.140625000000014,1023.4375000000022,26.241987179487236,0
4269,4,1,0,44,0.022727272727272728,0.0,1.0,44,950,700,250,0.7368421052631579,12,7,5,306.7313278464668,0.4436332804792107,0.22350551442407318,0.17904797429184946,131197.94894118953,-751.49578210717,130446.45315908236,1620,0,318.5681818181818,40,4,23,36.02093872962337,0.6252604166666667,43.87703252032522,1024.4918699187026,25.612296747967566,0
4270,4,1,2,43,0.022222222222222223,0.044444444444444446,0.9555555555555556,45,1350,800,550,0.5925925925925926,19,8,11,298.0939356170035,0.4435185185185185,0.2194175431288834,0.17572719851013424,131574.63480029601,-1155.4862098673104,130419.14859042871,1621,0,312.46666666666664,38,7,17,35.863792564823484,0.6324013157894737,43.509615384615394,1025.9615384615397,26.998987854251045,0
4271,4,1,0,44,0.022727272727272728,0.0,1.0,44,1300,1000,300,0.7692307692307693,16,10,6,324.8454716474063,0.4439085623678647,0.2408718330849473,0.1801415797317436,129201.38888888898,-405.9027777777734,128795.48611111121,1622,0,318.34090909090907,39,5,19,37.57684426229507,0.6068376068376069,45.833333333333336,1016.6666666666674,26.06837606837609,8
4272,4,2,1,45,0.043478260869565216,0.021739130434782608,0.9782608695652174,46,1300,900,400,0.6923076923076923,17,9,8,308.8039334303665,0.44582326892109503,0.23567453561354856,0.17323394429487113,129655.65653344669,-1192.3646541950156,128463.29187925167,1623,0,305.45652173913044,41,5,14,37.524352230664306,0.6082317073170731,45.38690476190476,1018.4523809523807,24.84030197444831,0
4273,4,0,1,44,0.0,0.022222222222222223,0.9777777777777777,45,1300,900,400,0.6923076923076923,17,9,8,314.97188072051273,0.44383417508417505,0.2370976686408912,0.17627867603676514,129563.26116233718,-838.2431918831403,128725.01797045404,1624,1,313.24444444444447,40,5,14,37.46090370666136,0.6088541666666667,45.47764227642276,1018.0894308943085,25.452235772357714,0
4274,4,1,1,44,0.022222222222222223,0.022222222222222223,0.9777777777777777,45,1100,800,300,0.7272727272727273,14,8,6,316.5168957630179,0.4435816498316498,0.24764121663563032,0.17784559210361492,129718.50419723702,-788.3803456937108,128930.1238515433,1625,0,314.0,40,5,16,37.26431564245809,0.6104166666666666,45.325203252032516,1018.6991869918693,25.46747967479673,0
4275,4,1,0,45,0.022222222222222223,0.0,1.0,45,1000,600,400,0.6,14,6,8,342.36311491864836,0.4457912457912458,0.2829013305685164,0.19481370167494722,130211.95515243105,-84.04588687329579,130127.90926555776,1626,0,307.55555555555554,41,4,17,36.10557607568688,0.6138211382113821,44.84126984126983,1020.6349206349182,24.89353464963215,0
4276,4,0,1,44,0.0,0.022222222222222223,0.9777777777777777,45,1500,1200,300,0.8,18,12,6,342.0507896222433,0.4460648148148148,0.2837253015778243,0.19541036867049022,130366.35068618211,-81.6075196245074,130284.7431665576,1627,1,308.55555555555554,40,5,18,35.95714333101139,0.6169270833333333,44.6900406504065,1021.2398373983735,25.53099593495934,0
4277,4,0,0,44,0.0,0.0,1.0,44,1500,1000,500,0.6666666666666666,20,10,10,345.52145209972815,0.4460337385482734,0.27892772704093405,0.1975415648885036,130395.54172092023,210.89138454861518,130606.43310546884,1628,2,314.54545454545456,39,5,18,35.83896396396395,0.6188568376068376,44.661458333333336,1021.3541666666674,26.188568376068396,0
4278,4,0,2,42,0.0,0.045454545454545456,0.9545454545454546,44,1150,700,450,0.6086956521739131,16,7,9,368.0313816271426,0.44537306201550386,0.25268536916448614,0.19984406750869876,128366.66690712528,730.2438310345503,129096.91073815983,1629,3,315.54545454545456,37,7,20,37.331836543316754,0.6019144144144144,46.655701754385966,1013.3771929824563,27.38857278330963,8
4279,4,1,1,42,0.023255813953488372,0.023255813953488372,0.9767441860465116,43,1200,800,400,0.6666666666666666,16,8,8,368.2972813089674,0.44601328903654486,0.2766715351954412,0.20124738035376588,128616.79945992987,873.8435143505611,129490.64297428043,1630,0,323.3255813953488,37,6,18,37.06930331856016,0.6044481981981982,46.40899122807017,1014.3640350877184,27.415244191559957,0
4280,4,1,0,43,0.023255813953488372,0.0,1.0,43,1450,900,550,0.6206896551724138,20,9,11,365.8990529820232,0.4461747877445552,0.2963848282303785,0.20148377102969658,128922.84765504759,834.5495729455049,129757.39722799309,1631,0,323.83720930232556,37,6,20,36.817552004606625,0.607545045045045,46.10745614035087,1015.5701754385956,27.4478425794215,0
4281,4,0,0,43,0.0,0.0,1.0,43,1700,1100,600,0.6470588235294118,23,11,12,363.28731802421004,0.44575950535252856,0.289915955842311,0.20075036232142834,129062.08070031162,777.3234312480707,129839.40413155968,1632,1,324.83720930232556,37,6,20,36.741821337361955,0.6089527027027026,45.9703947368421,1016.1184210526314,27.4626600284495,0
4282,4,0,0,43,0.0,0.0,1.0,43,1650,1200,450,0.7272727272727273,21,12,9,363.96843717090337,0.4450904392764858,0.2928194199944405,0.20198753762137608,129230.80800165024,807.3373311653854,130038.14533281562,1633,2,325.83720930232556,35,8,21,36.55248055397457,0.6145833333333333,45.80439814814814,1016.7824074074063,29.050925925925892,0
4283,4,1,0,44,0.022727272727272728,0.0,1.0,44,1400,1200,200,0.8571428571428571,16,12,4,354.4652232726007,0.4453950845665962,0.2976376601586337,0.19930308780232978,129745.05077069147,398.0216779895875,130143.07244868105,1634,0,319.40909090909093,38,6,19,36.27088576621923,0.6140350877192983,45.29914529914528,1018.8034188034161,26.810616284300423,0
4284,4,0,0,44,0.0,0.0,1.0,44,1000,600,400,0.6,14,6,8,354.96095849997073,0.4451418252290345,0.2986573822528529,0.1997205109860893,129772.26382725145,412.8174309664248,130185.08125821788,1635,1,320.40909090909093,38,6,19,36.23060186641501,0.6143092105263157,45.27243589743588,1018.9102564102535,26.813427800269828,0
4285,4,0,0,44,0.0,0.0,1.0,44,1200,900,300,0.75,15,9,6,355.5074516124733,0.4441948555320648,0.29297321496609086,0.20100492406335516,129962.8351230911,440.5512637883985,130403.3863868795,1636,2,321.40909090909093,38,6,19,36.0230685945795,0.6162280701754386,45.085470085470064,1019.6581196581162,26.83310841205569,0
4286,4,0,1,43,0.0,0.022727272727272728,0.9772727272727273,44,1100,800,300,0.7272727272727273,14,8,6,355.5074516124733,0.4439415961945032,0.29297321496609086,0.20100492406335516,129962.8351230911,440.5512637883985,130403.3863868795,1637,3,322.40909090909093,38,6,19,36.0230685945795,0.6162280701754386,45.085470085470064,1019.6581196581162,26.83310841205569,0
4287,4,0,1,42,0.0,0.023255813953488372,0.9767441860465116,43,1200,800,400,0.6666666666666666,16,8,8,363.2427158226812,0.4435908084163898,0.2923051903373921,0.20475082132030395,129843.17440221952,832.9174601800185,130676.09186239954,1638,4,329.69767441860466,37,6,20,35.947530034068514,0.6168355855855856,45.202850877192965,1019.1885964912249,27.54563774300608,0
4288,4,1,0,43,0.023255813953488372,0.0,1.0,43,1600,1100,500,0.6875,21,11,10,362.5507735446785,0.44469822812846066,0.29803339257903794,0.20553381147386615,130066.77685682129,831.1621123807283,130897.93896920202,1639,0,329.93023255813955,37,6,21,35.737911605575256,0.6190878378378378,44.983552631578945,1020.0657894736839,27.569345661450917,0
4289,4,1,0,44,0.022727272727272728,0.0,1.0,44,1200,800,400,0.6666666666666666,16,8,8,358.316681577911,0.44470137420718814,0.30907700861829324,0.20556062258943317,130528.56445312499,554.554255876807,131083.1187090018,1640,0,323.40909090909093,35,9,18,35.37737852531432,0.6276785714285714,44.53125,1021.8749999999999,29.19642857142857,0
4290,4,0,0,44,0.0,0.0,1.0,44,750,300,450,0.4,12,3,9,359.1621576862874,0.44384249471458775,0.3091531755915322,0.20667617842625233,130646.86381440733,584.6819005058009,131231.54571491314,1641,1,324.40909090909093,35,9,18,35.23588154269972,0.6288690476190476,44.415509259259245,1022.337962962961,29.20965608465603,0
4291,4,1,0,45,0.022222222222222223,0.0,1.0,45,1050,700,350,0.6666666666666666,14,7,7,354.76767864846994,0.4439814814814815,0.3207801730459017,0.20623706740868847,131039.71370018659,297.7310080350545,131337.44470822165,1642,0,318.1777777777778,36,9,20,34.950597594955276,0.630787037037037,44.03153153153153,1023.8738738738732,28.440940940940923,0
4292,4,1,0,46,0.021739130434782608,0.0,1.0,46,1600,1100,500,0.6875,21,11,10,346.15553881005997,0.4433071658615137,0.3087400795654198,0.2030716280812148,131389.14399092953,-102.83289356650059,131286.31109736304,1643,0,312.2391304347826,34,12,21,34.81818005883267,0.6384803921568627,43.69047619047618,1025.2380952380938,30.154061624649817,0
4293,4,0,0,46,0.0,0.0,1.0,46,800,600,200,0.75,10,6,4,345.2573601572679,0.4431662640901772,0.30429735213656217,0.20286813781682844,131450.17715419497,-123.17176870748636,131327.0053854875,1644,1,313.2391304347826,34,12,21,34.77962232025385,0.639093137254902,43.63095238095238,1025.4761904761904,30.161064425770306,0
4294,4,1,0,47,0.02127659574468085,0.0,1.0,47,900,700,200,0.7777777777777778,11,7,4,338.8539216395732,0.44488128276287386,0.30809815244709626,0.2009566840097788,131803.09070644714,-467.6011659808088,131335.48954046634,1645,0,307.5531914893617,35,12,19,34.588217613465574,0.6404761904761904,43.28703703703703,1026.8518518518513,29.33862433862432,0
4295,4,0,1,46,0.0,0.02127659574468085,0.9787234042553191,47,1500,1100,400,0.7333333333333333,19,11,8,339.2175888119978,0.44411039161270427,0.3101328907426042,0.2020856976959461,131975.16453379882,-446.34058075561467,131528.8239530432,1646,1,308.5531914893617,37,10,19,34.405679756696216,0.6382319819819819,43.11951754385965,1027.521929824561,27.77086296823138,0
4296,4,0,1,45,0.0,0.021739130434782608,0.9782608695652174,46,1100,700,400,0.6363636363636364,15,7,8,319.3237472801987,0.4439714170692432,0.2792505033237598,0.17675615160177258,129129.19253795041,-953.1964711030876,128175.99606684732,1647,2,316.19565217391306,43,3,20,37.79047874157581,0.6000484496124031,45.904356060606055,1016.3825757575748,23.63680408738546,8
4297,4,0,0,45,0.0,0.0,1.0,45,1550,900,650,0.5806451612903226,22,9,13,325.74270652244047,0.4436026936026936,0.27882215866963245,0.18041399109928194,129152.13647767561,-585.9267021212709,128566.20977555434,1648,3,323.6222222222222,42,3,21,37.60406736574516,0.6016865079365079,45.88178294573643,1016.4728682170542,24.201734957548908,0
4298,4,0,1,44,0.0,0.022222222222222223,0.9777777777777777,45,1150,400,750,0.34782608695652173,19,4,15,325.290988939293,0.4433501683501684,0.2788187523071244,0.1806505307577995,129258.63997443409,-590.6094979950409,128668.03047643905,1649,4,324.6222222222222,36,9,21,37.50738279808047,0.6128472222222222,45.77702702702704,1016.8918918918935,28.24699699699704,0
4299,4,0,1,43,0.0,0.022727272727272728,0.9772727272727273,44,1250,1000,250,0.8,15,10,5,327.7597992444836,0.4409355179704017,0.2804624492795931,0.18188956529677008,129230.01284646164,-328.7193866163153,128901.29345984533,1650,8,332.90909090909093,36,8,21,37.47369586886695,0.6125578703703703,45.805180180180194,1016.7792792792818,28.24386886886894,0
4300,4,2,2,43,0.044444444444444446,0.044444444444444446,0.9555555555555556,45,1050,700,350,0.6666666666666666,14,7,7,318.9321231907201,0.444949494949495,0.277087891722563,0.17951763905580648,129787.30384589494,-721.3319242459152,129065.97192164903,1651,0,317.02222222222224,37,8,20,37.133124394705696,0.6162725225225225,45.25767543859649,1018.9692982456145,27.539710763394986,0
4301,4,1,0,44,0.022727272727272728,0.0,1.0,44,700,400,300,0.5714285714285714,10,4,6,322.0036680360302,0.44513081395348836,0.2695545474100003,0.18189490312266163,129927.00277970145,-432.6057056017246,129494.39707409972,1652,0,303.0,37,7,21,36.91340431634045,0.6176801801801801,45.12061403508772,1019.5175438596492,27.55452821242295,0
4302,4,0,1,43,0.0,0.022727272727272728,0.9772727272727273,44,1050,700,350,0.6666666666666666,14,7,7,321.2958182043006,0.44509778012684986,0.2666847608708074,0.18191517678400063,130017.30974687698,-445.19641683104214,129572.11333004595,1653,1,304.0,38,6,22,36.84003771213073,0.6167763157894737,45.03205128205128,1019.8717948717942,26.838731443994586,0
4303,4,0,1,42,0.0,0.023255813953488372,0.9767441860465116,43,1050,600,450,0.5714285714285714,15,6,9,341.4700937619293,0.44469822812846066,0.19657275036417277,0.19133165571104938,129609.02829142023,251.52140861276845,129860.54970003299,1654,2,280.93023255813955,38,5,18,36.73998006505089,0.6126644736842105,45.432692307692314,1018.2692307692316,26.796558704453464,8
4304,4,0,1,41,0.0,0.023809523809523808,0.9761904761904762,42,1250,700,550,0.56,18,7,11,349.28979637951255,0.4432709059233449,0.20746320719389777,0.19521114869301726,129508.13140822189,647.1737698138022,130155.30517803569,1655,4,288.57142857142856,37,5,18,36.643483608029015,0.6134572072072072,45.53179824561404,1017.8728070175448,27.510075865339047,0
4305,4,0,0,41,0.0,0.0,1.0,41,1050,700,350,0.6666666666666666,14,7,7,357.5339567230603,0.4423526422764228,0.2147733957976885,0.19971519782836988,129487.77113261935,1059.255032059114,130547.02616467846,1656,5,295.4390243902439,36,5,18,36.45441469351626,0.615162037037037,45.551801801801815,1017.7927927927948,28.272022022022078,0
4306,4,1,0,42,0.023809523809523808,0.0,1.0,42,1200,900,300,0.75,15,9,6,349.06213105592263,0.44330720092915216,0.2123395712339573,0.1971798113340201,129927.00277970156,670.5192943982909,130597.52207409985,1657,0,289.3809523809524,37,5,19,36.22373987237399,0.6176801801801801,45.120614035087726,1019.5175438596501,27.554528212422976,0
4307,4,0,0,42,0.0,0.0,1.0,42,1200,800,400,0.6666666666666666,16,8,8,331.0204746555645,0.44285956252419667,0.14903128533735388,0.17850990309399423,128090.45041867581,160.95452149695353,128251.40494017277,1658,1,290.3809523809524,38,4,16,38.55123131046612,0.5973135964912281,46.928418803418815,1012.2863247863268,26.639113810166492,8
4308,4,0,1,41,0.0,0.023809523809523808,0.9761904761904762,42,1500,900,600,0.6,21,9,12,338.6987566097381,0.44337979094076657,0.11511301628718473,0.17842790167791336,127147.30133310232,253.33595792078492,127400.63729102311,1659,2,291.3809523809524,37,5,18,39.32195404798145,0.589527027027027,47.86184210526315,1008.552631578946,27.258179231863405,8
4309,4,0,0,41,0.0,0.0,1.0,41,550,500,50,0.9090909090909091,6,5,1,338.6987566097381,0.4429623983739837,0.10870868004179068,0.17842790167791336,127147.30133310232,412.9265735610795,127560.22790666341,1660,3,294.9756097560976,37,4,18,39.32195404798145,0.589527027027027,47.86184210526315,1008.552631578946,27.258179231863405,0
4310,4,2,0,43,0.046511627906976744,0.0,1.0,43,900,600,300,0.6666666666666666,12,6,6,333.77157471937437,0.44587486157253603,0.1340150119429515,0.17870494626591113,127801.98703342023,-68.66590711804548,127733.32112630218,1661,0,282.2093023255814,39,4,17,38.77624824010165,0.5926816239316239,47.21354166666667,1011.1458333333342,25.92681623931626,0
4311,4,2,0,45,0.044444444444444446,0.0,1.0,45,800,400,400,0.5,12,4,8,321.2040309937969,0.44884259259259257,0.13854913538591296,0.17427339988244678,128333.90404704509,-754.3512158627607,127579.55283118233,1662,0,270.6222222222222,38,7,19,38.551551736257544,0.5997807017543859,46.68803418803419,1013.2478632478633,26.66441745389114,0
4312,4,2,1,46,0.0425531914893617,0.02127659574468085,0.9787234042553191,47,1300,1000,300,0.7692307692307693,16,10,6,312.02724389279206,0.45149167437557813,0.15577142565115887,0.17168371260885368,128891.61544054486,-1356.4608946394162,127535.15454590545,1663,0,260.06382978723406,40,7,16,38.21703195890045,0.6020833333333333,46.13821138211383,1015.4471544715465,25.38617886178866,0
4313,4,1,1,46,0.02127659574468085,0.02127659574468085,0.9787234042553191,47,950,600,350,0.631578947368421,13,6,7,311.35548526916745,0.4518193031144002,0.15767709036115063,0.17187304175791684,129020.64252635691,-1365.7430472932551,127654.89947906365,1664,0,261.02127659574467,40,7,17,38.10309759594544,0.6033854166666667,46.01117886178863,1015.9552845528475,25.398882113821188,0
4314,4,1,1,46,0.02127659574468085,0.02127659574468085,0.9787234042553191,47,1350,1100,250,0.8148148148148148,16,11,5,316.01571911764665,0.4515302189330867,0.1588608905012472,0.17583438730392134,129333.80126953126,-1225.5706409900895,128108.23062854118,1665,0,260.97872340425533,39,8,20,37.66694401775046,0.6081730769230769,45.703125,1017.1875000000001,26.081730769230774,0
4315,4,0,0,46,0.0,0.0,1.0,46,1200,700,500,0.5833333333333334,17,7,10,322.86345922927774,0.44997987117552335,0.17022063186336678,0.18028120238089657,129473.07715136217,-839.5748867704233,128633.50226459175,1666,1,267.10869565217394,38,8,14,37.351502904332,0.6112938596491229,45.566239316239304,1017.7350427350409,26.78250112460634,0
4316,4,1,1,46,0.02127659574468085,0.02127659574468085,0.9787234042553191,47,850,500,350,0.5882352941176471,12,5,7,316.00955726442186,0.4488128276287388,0.17499407231127617,0.1777394755378558,129757.97661675354,-1199.047851562495,128558.92876519104,1667,0,262.40425531914894,39,8,15,37.2372669801997,0.6124465811965811,45.286458333333336,1018.8541666666672,26.124465811965827,0
4317,4,0,1,45,0.0,0.021739130434782608,0.9782608695652174,46,1250,500,750,0.4,20,5,15,322.7978308390707,0.4482789855072464,0.16856548647946035,0.18112017194754906,129663.428722423,-828.9852938490862,128834.44342857393,1668,1,269.0652173913044,38,8,15,37.160171684324624,0.6132127192982456,45.3792735042735,1018.4829059829051,26.80218173639224,0
4318,4,0,3,42,0.0,0.06666666666666667,0.9333333333333333,45,1200,600,600,0.5,18,6,12,297.05274256144975,0.44749579124579125,0.09510932533988115,0.1608022950800017,128242.66049403568,-1352.4975117870015,126890.16298224867,1669,2,274.77777777777777,42,3,17,39.25607481105902,0.5925099206349207,46.77810077519379,1012.8875968992237,24.11637135474342,8
4319,4,0,1,41,0.0,0.023809523809523808,0.9761904761904762,42,1100,900,200,0.8181818181818182,13,9,4,313.3753891066277,0.44596883468834686,0.13165519219736121,0.16889712529772755,128067.37061273024,-373.36758047461103,127694.00303225563,1670,6,295.0238095238095,40,2,17,39.02129350736279,0.59375,46.95121951219511,1012.1951219512173,25.30487804878043,0
4320,4,0,0,41,0.0,0.0,1.0,41,1300,900,400,0.6923076923076923,17,9,8,317.9356249071107,0.44469004065040646,0.13044776943601466,0.17134667039503024,128065.44189453124,-56.68674045138914,128008.75515407984,1671,7,302.1219512195122,39,2,17,38.907863366608346,0.5953525641025641,46.953125,1012.1874999999999,25.95352564102564,0
4321,4,1,1,41,0.023809523809523808,0.023809523809523808,0.9761904761904762,42,1000,800,200,0.8,12,8,4,310.7883843335394,0.4472875532326752,0.13587996612973519,0.16882524797213877,128381.94580078125,-420.0520833333327,127961.89371744792,1672,0,295.9047619047619,39,3,16,38.76650991879947,0.5985576923076923,46.640625,1013.4375,25.985576923076923,0
4322,4,0,0,41,0.0,0.0,1.0,41,1200,700,500,0.5833333333333334,17,7,10,316.46893351150334,0.44695121951219513,0.14206133019924683,0.1723666552807756,128487.53390842004,-67.53743489584394,128419.9964735242,1673,1,301.6585365853659,39,2,16,38.515124661803476,0.5996260683760684,46.53645833333333,1013.8541666666658,25.996260683760664,0
4323,4,1,0,42,0.023809523809523808,0.0,1.0,42,1100,800,300,0.7272727272727273,14,8,6,312.66678860812374,0.44622289972899726,0.14828454156715276,0.17170030519002444,128814.23017259878,-344.8136649811835,128469.4165076176,1674,0,295.45238095238096,40,2,18,38.27939900557279,0.6013020833333333,46.21443089430893,1015.1422764227625,25.378556910569063,0
4324,4,0,1,41,0.0,0.023809523809523808,0.9761904761904762,42,1100,500,600,0.45454545454545453,17,5,12,315.39462955472493,0.4459325396825397,0.1501677532502197,0.17353651643781975,128891.61544054438,-269.65533908390324,128621.96010146049,1675,1,296.45238095238096,40,2,18,38.13154690419002,0.6020833333333333,46.13821138211381,1015.4471544715426,25.386178861788565,0
4325,4,0,0,41,0.0,0.0,1.0,41,1850,1600,250,0.8648648648648649,21,16,5,319.3583168967791,0.444994918699187,0.1594496560350227,0.17591771693466593,128936.76757812452,35.405815972177635,128972.1733940967,1676,2,304.0975609756098,39,2,20,37.98504273504277,0.6041666666666667,46.09374999999998,1015.6249999999961,26.04166666666657,0
4326,4,0,0,41,0.0,0.0,1.0,41,1300,1000,300,0.7692307692307693,16,10,6,314.80743977213547,0.44435975609756095,0.07781072634852282,0.16885450608061237,127874.24123612035,-126.87484448049997,127747.36639163985,1677,3,305.0975609756098,38,3,18,39.181939016231844,0.5951206140350878,47.142094017094024,1011.4316239316248,26.61662168241118,8
4327,4,0,0,41,0.0,0.0,1.0,41,1450,1000,450,0.6896551724137931,19,10,9,320.51628713250386,0.44382621951219514,0.08726945105862693,0.17284529428460324,128090.45041867575,11.015117064819265,128101.46553574057,1678,4,306.0975609756098,38,3,20,38.817062445030786,0.5973135964912281,46.928418803418815,1012.2863247863263,26.63911381016648,0
4328,4,1,2,40,0.023809523809523808,0.047619047619047616,0.9523809523809523,42,1100,600,500,0.5454545454545454,16,6,10,314.5568272624122,0.44625919473480447,0.09170982895687807,0.17113045740056035,128442.1798524366,-319.51566951563007,128122.66418292097,1679,0,299.7857142857143,38,4,14,38.609735103991014,0.6008771929824561,46.5811965811966,1013.6752136752164,26.67566351776885,0
4329,4,0,1,39,0.0,0.025,0.975,40,1200,800,400,0.6666666666666666,16,8,8,326.2743935899296,0.44117254273504275,0.10739413137712539,0.17694338270817356,128315.61872260788,373.22013736711045,128688.83885997499,1680,6,315.225,36,4,21,38.44174910155236,0.6032986111111112,46.70608108108109,1013.1756756756768,28.143768768768798,0
4330,4,0,0,39,0.0,0.0,1.0,39,1400,1000,400,0.7142857142857143,18,10,8,331.7015582425639,0.4399460188933873,0.11495423964024121,0.18043740665145203,128437.6674489884,720.5948859739451,129158.26233496235,1681,7,323.02564102564105,35,4,15,38.17985460911927,0.6065476190476191,46.58564814814815,1013.657407407408,28.961640211640226,0
4331,4,0,0,39,0.0,0.0,1.0,39,1150,700,450,0.6086956521739131,16,7,9,330.50267280100115,0.4394680611785875,0.1150528908441184,0.1802650859220482,128543.91289515868,696.8213568298055,129240.73425198848,1682,8,324.02564102564105,36,3,16,38.101980381269655,0.6056134259259259,46.48085585585586,1014.0765765765766,28.168793793793796,0
4332,4,0,0,39,0.0,0.0,1.0,39,700,400,300,0.5714285714285714,10,4,6,330.9457524036211,0.43913067926225824,0.11740321267303244,0.18063620885739465,128572.46393352812,710.1021629737822,129282.5660965019,1683,9,325.02564102564105,36,3,16,38.06166259530682,0.6059027777777778,46.4527027027027,1014.1891891891893,28.171921921921925,0
4333,4,0,0,39,0.0,0.0,1.0,39,900,600,300,0.6666666666666666,12,6,6,328.76637778457825,0.43865272154745844,0.11199161998451546,0.17970434047836661,128629.57552146743,657.8159240321424,129287.39144549957,1684,10,326.02564102564105,36,3,16,38.058762581409134,0.6064814814814814,46.3963963963964,1014.4144144144145,28.178178178178182,0
4334,4,0,0,39,0.0,0.0,1.0,39,1350,800,550,0.5925925925925926,19,8,11,337.4470937033259,0.4384840305892937,0.10952516412599111,0.17728506168619282,127036.7384676053,773.6356378885725,127810.37410549387,1685,11,327.02564102564105,37,2,20,39.4668624465231,0.5884009009009009,47.97149122807017,1008.1140350877183,27.246325272641037,8
4335,4,2,1,40,0.04878048780487805,0.024390243902439025,0.975609756097561,41,850,500,350,0.5882352941176471,12,5,7,325.6580684519882,0.44273373983739833,0.12030594824873986,0.173623112255857,127631.2242037402,112.83961260066673,127744.06381634087,1686,0,312.0243902439024,38,3,17,39.155785225911046,0.5926535087719298,47.38247863247863,1010.4700854700852,26.591318038686452,0
4336,4,2,0,42,0.047619047619047616,0.0,1.0,42,1150,1000,150,0.8695652173913043,13,10,3,319.1430352994421,0.4413956639566396,0.12622994219823225,0.17154600453035337,127960.02739800369,-232.4896918402533,127727.53770616344,1687,0,305.54761904761904,39,3,20,38.984801297230526,0.594284188034188,47.05729166666668,1011.7708333333351,25.942841880341923,0
4337,4,1,0,43,0.023255813953488372,0.0,1.0,43,1100,600,500,0.5454545454545454,16,6,10,313.1468478902114,0.4430140273163529,0.1437014560358687,0.17015968930330572,128394.44739006262,-558.3379396184072,127836.10945044422,1688,0,299.4186046511628,37,6,14,38.69403422409753,0.6021959459459459,46.62828947368423,1013.4868421052655,27.391536273115285,0
4338,4,0,0,43,0.0,0.0,1.0,43,1050,800,250,0.7619047619047619,13,8,5,311.9337995910503,0.4427602436323366,0.13363455709570626,0.17004960895569574,128523.41666894975,-581.84046040614,127941.57620854361,1689,1,300.4186046511628,38,5,14,38.59357988269589,0.6016995614035088,46.50106837606839,1013.9957264957284,26.684098065677063,0
4339,4,1,1,43,0.022727272727272728,0.022727272727272728,0.9772727272727273,44,1350,900,450,0.6666666666666666,18,9,9,308.0666129439155,0.44527396053558843,0.1482295522137589,0.16981105386184975,128963.21750217032,-854.1476779513698,128109.06982421894,1690,0,294.5681818181818,39,5,16,38.24490223224968,0.6044337606837606,46.06770833333334,1015.7291666666681,26.044337606837644,0
4340,4,0,0,43,0.0,0.0,1.0,43,1100,900,200,0.8181818181818182,13,9,4,367.33309548991593,0.44562107788851973,0.1302689348200614,0.1945724094982833,127368.57133925814,823.967004871678,128192.53834412982,1691,1,302.3488372093023,37,6,12,38.37261930624955,0.5917792792792793,47.642543859649116,1009.4298245614027,27.281887150308183,8
4341,4,3,2,44,0.06521739130434782,0.043478260869565216,0.9565217391304348,46,1050,700,350,0.6666666666666666,14,7,7,350.93644949382224,0.4504428341384863,0.14880022345783495,0.1893840146184972,128118.80845561514,-207.68804944145967,127911.12040617368,1692,0,283.5652173913044,40,6,15,38.01821923308574,0.5942708333333333,46.900406504065046,1012.3983739837406,25.309959349593516,0
4342,4,0,0,44,0.0,0.0,1.0,44,1250,900,350,0.72,16,9,7,362.17688792240483,0.4484672304439747,0.1595805451281218,0.19452370684839754,127928.27641034762,466.5330055153686,128394.809415863,1693,1,296.8863636363636,38,6,15,37.92881156053087,0.5956688596491229,47.08867521367521,1011.6452991452983,26.622244714349954,0
4343,4,1,0,45,0.022222222222222223,0.0,1.0,45,1550,1200,350,0.7741935483870968,19,12,7,355.5220372296005,0.4500420875420876,0.16930770762329783,0.19328582046975468,128415.10662073559,131.06269175980714,128546.1693124954,1694,0,291.26666666666665,38,7,14,37.59925863462282,0.6006030701754386,46.60790598290598,1013.5683760683758,26.672852001799363,0
4344,4,0,1,44,0.0,0.022222222222222223,0.9777777777777777,45,1650,1300,350,0.7878787878787878,20,13,7,361.0719140938047,0.449726430976431,0.16714360694644137,0.19731303588358431,128619.58007812512,288.1835937500134,128907.76367187513,1695,1,292.26666666666665,39,6,15,37.24969192852742,0.6009615384615384,46.40625000000001,1014.3750000000009,26.009615384615408,0
4345,4,0,0,44,0.0,0.0,1.0,44,1100,800,300,0.7272727272727273,14,8,6,357.73347659011745,0.44867644467935164,0.15500488546303393,0.19013751026379486,127506.96277941258,352.2374071829472,127859.20018659552,1696,2,297.54545454545456,37,7,13,38.47290829804945,0.5931869369369369,47.505482456140335,1009.9780701754361,27.29670459933611,8
4346,4,2,2,44,0.043478260869565216,0.043478260869565216,0.9565217391304348,46,1650,1300,350,0.7878787878787878,20,13,7,342.011699933193,0.45090579710144923,0.2187719963181547,0.17492700321423818,125939.2578125,-554.4108523776564,125384.84696012235,1697,0,285.5652173913044,39,7,17,40.48014390480144,0.5737179487179487,49.0625,1003.75,25.737179487179485,8
4347,4,3,2,45,0.06382978723404255,0.0425531914893617,0.9574468085106383,47,1200,900,300,0.75,15,9,6,341.92337325594656,0.4560977489978415,0.26689254354699443,0.17812312072902137,126692.19655454744,-736.1953577727671,125956.00119677467,1698,0,279.5744680851064,41,6,17,39.70774208382604,0.5782520325203252,48.31349206349205,1006.7460317460293,24.554781262098274,0
4348,4,3,1,47,0.0625,0.020833333333333332,0.9791666666666666,48,1000,700,300,0.7,13,7,6,335.0756410436739,0.45997709810874704,0.28641480067416447,0.17754062533374773,127381.02349175354,-1061.6547345934864,126319.36875716006,1699,0,273.3333333333333,39,9,14,39.173911361056646,0.5884081196581197,47.630208333333336,1009.4791666666673,25.884081196581214,0
4349,4,1,0,48,0.020833333333333332,0.0,1.0,48,1250,800,450,0.64,17,8,9,335.7612941103928,0.46076204196217496,0.2913166146828985,0.17855171226127312,127527.89680621655,-1036.2136666336196,126491.68313958294,1700,0,274.3125,40,8,15,39.006271590032526,0.58828125,47.484756097560975,1010.0609756097563,25.251524390243908,0
4350,4,0,1,47,0.0,0.020833333333333332,0.9791666666666666,48,1350,1000,350,0.7407407407407407,17,10,7,333.1129058104192,0.4607897458628842,0.2795638112474026,0.1779345306761775,127707.59489225973,-1091.7903942759158,126615.80449798382,1701,1,275.3125,40,8,16,38.88937763925194,0.5901041666666667,47.30691056910568,1010.772357723576,25.2693089430894,0
4351,4,0,0,47,0.0,0.0,1.0,47,1800,1400,400,0.7777777777777778,22,14,8,338.47765530893713,0.4592969472710453,0.2801101155271881,0.1809154883051046,127733.27637525611,-753.0280215149717,126980.24835374115,1702,2,282.1063829787234,40,7,16,38.72754766931403,0.5903645833333333,47.28150406504065,1010.8739837398373,25.271849593495933,0
4352,4,2,1,48,0.04081632653061224,0.02040816326530612,0.9795918367346939,49,1650,1200,450,0.7272727272727273,21,12,9,330.03363417304826,0.46028202947845803,0.27921931189432403,0.1789427646005156,128306.8422296187,-1328.2413850598828,126978.60084455882,1703,0,271.55102040816325,38,11,19,38.355478224190655,0.5995065789473684,46.71474358974359,1013.1410256410259,26.661605937921735,0
4353,4,0,1,47,0.0,0.020833333333333332,0.9791666666666666,48,1450,1000,450,0.6896551724137931,19,10,9,328.0735015597939,0.4602356678486998,0.2722517917369307,0.17848402424308052,128442.17985243624,-1172.304861567684,127269.87499086856,1704,1,269.875,38,10,15,38.26719716132658,0.6008771929824561,46.58119658119658,1013.6752136752135,26.675663517768776,0
4354,4,1,1,47,0.020833333333333332,0.020833333333333332,0.9791666666666666,48,1500,1000,500,0.6666666666666666,20,10,10,331.17098692913453,0.4606512263593381,0.2784390141141777,0.18090548618556992,128604.6791675799,-1081.9722952735626,127522.70687230634,1705,0,270.8333333333333,38,10,16,38.023137420124996,0.6025219298245614,46.42094017094018,1014.3162393162402,26.692532613585268,0
4355,4,1,1,47,0.020833333333333332,0.020833333333333332,0.9791666666666666,48,1600,1100,500,0.6875,21,11,10,357.14244474535025,0.4596908244680851,0.3366802972589438,0.18426898623104015,126298.39932838238,-447.19232582842574,125851.20700255396,1706,0,271.5416666666667,36,12,16,39.73014228097692,0.5827546296296297,48.70495495495495,1005.1801801801797,27.92167167167166,8
4356,4,3,1,49,0.06,0.02,0.98,50,800,600,200,0.75,10,6,4,350.3828089555665,0.4622704081632653,0.3660609911054644,0.18506796687787289,127253.65713346475,-1080.0156390398097,126173.64149442494,1707,0,259.6,38,12,19,38.91822850487083,0.5888157894736843,47.756410256410255,1008.9743589743583,26.551956815114693,0
4357,4,3,2,50,0.057692307692307696,0.038461538461538464,0.9615384615384616,52,1650,1100,550,0.6666666666666666,22,11,11,354.44561676214346,0.4616641528406234,0.4071767015812995,0.19191884023540182,128252.7271554717,-1302.0615320695333,126950.66562340216,1708,0,250.42307692307693,38,14,17,37.79247090672571,0.5989583333333333,46.7681623931624,1012.9273504273517,26.65598290598294,0
4358,4,0,0,50,0.0,0.0,1.0,50,1350,900,450,0.6666666666666666,18,9,9,362.8106359468599,0.4611479591836735,0.3995284697508896,0.1960572859635915,128173.0379027676,-699.491721451186,127473.54618131641,1709,1,259.04,36,14,18,37.66218119810201,0.6018518518518519,46.846846846846844,1012.6126126126123,28.12812812812812,0
4359,4,2,2,50,0.038461538461538464,0.038461538461538464,0.9615384615384616,52,1900,1300,600,0.6842105263157895,25,13,12,348.61759629285706,0.4629210658622423,0.3977268125156934,0.19082543584975561,128685.96734832699,-1427.5614772810432,127258.40587104595,1710,0,250.03846153846155,38,14,16,37.49780632480431,0.6033442982456141,46.34081196581196,1014.636752136751,26.70096716149345,0
4360,4,0,1,49,0.0,0.02,0.98,50,1350,700,650,0.5185185185185185,20,7,13,358.71201018647685,0.46102040816326534,0.40079768914565017,0.19509164976969653,128429.74044568214,-786.1419274003799,127643.59851828175,1711,1,260.9,36,14,16,37.503471836462616,0.6044560185185186,46.593468468468465,1013.6261261261259,28.156281281281274,0
4361,4,0,1,48,0.0,0.02040816326530612,0.9795918367346939,49,1650,1100,550,0.6666666666666666,22,11,11,362.5604940049725,0.4613095238095238,0.3918782084231385,0.1981126479645596,128616.79945992974,-473.72593009389715,128143.07352983583,1712,2,259.51020408163265,37,12,16,37.21478308651318,0.6044481981981982,46.408991228070164,1014.3640350877174,27.41524419155993,0
4362,4,0,0,48,0.0,0.0,1.0,48,1100,600,500,0.5454545454545454,16,6,10,358.06134375669876,0.46070663416075647,0.37872266680706246,0.19599473093126024,128685.96734832699,-384.5059217254887,128301.4614266015,1713,3,263.625,38,10,16,37.25825699343651,0.6033442982456141,46.34081196581196,1014.636752136751,26.70096716149345,0
4363,4,1,0,49,0.02040816326530612,0.0,1.0,49,850,500,350,0.5882352941176471,12,5,7,353.6936226166997,0.4624255952380953,0.3821245421245425,0.1948312327973345,128936.76757812499,-679.1775173611117,128257.59006076388,1714,0,259.2244897959184,39,10,17,37.113247863247864,0.6041666666666667,46.09375,1015.6249999999999,26.041666666666664,0
4364,4,1,3,47,0.02,0.06,0.94,50,1700,1100,600,0.6470588235294118,23,11,12,347.68879333512524,0.4622108843537415,0.38196721311475446,0.1928092399403874,129201.38888888877,-1015.0824652777904,128186.30642361098,1715,0,255.02,38,12,18,36.99624316939892,0.6085526315789473,45.83333333333333,1016.6666666666657,26.754385964912256,0
4365,4,1,0,48,0.020833333333333332,0.0,1.0,48,1400,1100,300,0.7857142857142857,17,11,6,355.61090797378574,0.461436170212766,0.376567090250735,0.1969382088540408,129148.44292534715,-414.6809895833383,128733.7619357638,1716,0,265.0,39,9,20,36.84882489581199,0.6063034188034189,45.885416666666664,1016.4583333333327,26.063034188034173,0
4366,4,2,1,49,0.04,0.02,0.98,50,1550,1000,550,0.6451612903225806,21,10,11,342.21241161882284,0.4626020408163265,0.3708654148746462,0.19201359152220346,129663.42872242312,-1125.4805195435156,128537.9482028796,1717,0,255.36,38,12,18,36.66583621804959,0.6132127192982456,45.379273504273506,1018.482905982906,26.802181736392264,0
4367,4,0,1,48,0.0,0.02040816326530612,0.9795918367346939,49,1800,1200,600,0.6666666666666666,24,12,12,349.0294430690818,0.46095521541950113,0.37708874575333207,0.1964585472102349,129787.30384589493,-740.0819242459171,129047.22192164902,1718,1,261.57142857142856,37,12,18,36.366418271817494,0.6162725225225225,45.25767543859649,1018.9692982456144,27.539710763394982,0
4368,4,0,1,47,0.0,0.020833333333333332,0.9791666666666666,48,1500,1000,500,0.6666666666666666,20,10,10,356.70744339453705,0.45982010933806144,0.3808944886531087,0.20071448680558324,129774.47041636264,-341.69608797983653,129432.7743283828,1719,2,267.9583333333333,36,12,18,36.183871205422925,0.6180555555555556,45.27027027027029,1018.9189189189216,28.303303303303377,0
4369,4,2,1,48,0.04081632653061224,0.02040816326530612,0.9795918367346939,49,1550,1300,250,0.8387096774193549,18,13,5,345.2949574634422,0.45907738095238093,0.3692932870710308,0.19687944574048466,130290.57167830507,-802.2645188904014,129488.30715941467,1720,0,262.3061224489796,37,12,20,35.951092793470096,0.6213400900900901,44.764254385964925,1020.9429824561421,27.59305357989573,0
4370,4,0,2,46,0.0,0.041666666666666664,0.9583333333333334,48,900,500,400,0.5555555555555556,13,5,8,353.4304485161252,0.4571697695035461,0.37788362560199973,0.20167110614825123,130320.07250071043,-388.1836650839756,129931.88883562647,1721,1,268.6458333333333,36,12,21,35.71353075254586,0.6235532407407407,44.735360360360374,1021.0585585585607,28.362737737737795,0
4371,4,0,0,46,0.0,0.0,1.0,46,1150,500,650,0.43478260869565216,18,5,13,366.3473552686376,0.4565116747181965,0.3725820763087835,0.2087327954437591,130262.5868055559,344.27083333337305,130606.85763888927,1722,2,275.1304347826087,36,10,21,35.442176870748305,0.622974537037037,44.791666666666686,1020.8333333333361,28.35648148148156,0
4372,4,0,0,46,0.0,0.0,1.0,46,1500,1100,400,0.7333333333333333,19,11,8,367.96148684260584,0.4559279388083736,0.36888111888111896,0.2104739704739706,130414.54081632655,397.50566893424764,130812.0464852608,1723,3,276.1304347826087,34,12,21,35.246697746697755,0.6286764705882353,44.642857142857146,1021.4285714285716,30.042016806722692,0
4373,4,0,1,45,0.0,0.021739130434782608,0.9782608695652174,46,1300,900,400,0.6923076923076923,17,9,8,366.324670892937,0.455787037037037,0.36466561614892345,0.20970193468527634,130444.94224773247,357.04010770975674,130801.98235544223,1724,4,277.1304347826087,34,12,21,35.25764285436819,0.6289828431372548,44.61309523809524,1021.5476190476194,30.045518207282925,0
4374,4,0,1,44,0.0,0.022222222222222223,0.9777777777777777,45,1450,1000,450,0.6896551724137931,19,10,9,366.0031973254536,0.4547138047138047,0.35143984986733967,0.2101764179959214,130566.58340419528,557.5573979592168,131124.1408021545,1725,5,280.4222222222222,34,11,19,35.14244806833624,0.6302083333333333,44.494047619047635,1022.0238095238117,30.059523809523874,0
4375,4,0,0,44,0.0,0.0,1.0,44,1350,1000,350,0.7407407407407407,17,10,7,374.3412987382995,0.4539398343904158,0.34559681234942086,0.21484047420362554,130544.21864487215,973.6184700595929,131517.83711493175,1726,6,287.04545454545456,33,11,19,34.95210756685455,0.632260101010101,44.51593137254902,1021.9362745098038,30.96776589423648,0
4376,4,0,1,43,0.0,0.022727272727272728,0.9772727272727273,44,1550,1100,450,0.7096774193548387,20,11,9,374.5860865264623,0.4535324171952079,0.3458905602790494,0.215154818294125,130575.52984429065,982.3553440984233,131557.88518838907,1727,7,288.04545454545456,33,11,19,34.914068745004,0.6325757575757576,44.48529411764706,1022.0588235294117,30.971479500891263,0
4377,4,1,0,44,0.022727272727272728,0.0,1.0,44,1350,900,450,0.6666666666666666,18,9,9,366.28797784323797,0.45434725158562367,0.33290511535452216,0.2125063450402269,130962.30867346948,793.9838435374246,131756.2925170069,1728,0,286.20454545454544,34,10,21,34.734095138404285,0.6341911764705883,44.10714285714286,1023.5714285714294,30.105042016806745,0
4378,4,1,2,43,0.022222222222222223,0.044444444444444446,0.9555555555555556,45,850,700,150,0.8235294117647058,10,7,3,356.06169932388144,0.4541456228956229,0.3292629625560082,0.20839341000299955,131299.26960321798,350.1282109812422,131649.3978141992,1729,0,280.8222222222222,36,9,22,34.655074533934,0.6333912037037037,43.77815315315315,1024.8873873873865,28.46909409409407,0
4379,4,0,2,41,0.0,0.046511627906976744,0.9534883720930233,43,1100,700,400,0.6363636363636364,15,7,8,349.5197654974878,0.452796234772979,0.2579895140045265,0.19298453637199114,129029.711721857,437.5235877769734,129467.23530963398,1730,1,293.72093023255815,36,7,22,37.12452892928398,0.6105324074074074,46.002252252252255,1015.9909909909911,28.221971971971975,8
4380,4,0,0,41,0.0,0.0,1.0,41,1250,700,550,0.56,18,7,11,370.1483687141837,0.45147357723577236,0.23360594216838027,0.2037441522646326,128907.38195516104,1348.8334990239068,130256.21545418494,1731,3,308.219512195122,35,6,20,36.725457791961105,0.6113095238095239,46.122685185185176,1015.509259259258,29.014550264550227,8
4381,4,1,0,42,0.023809523809523808,0.0,1.0,42,1250,900,350,0.72,16,9,7,361.1450812484199,0.45158246225319393,0.23253231886802195,0.2007463515928088,129294.84941188474,939.8444731015022,130234.69388498625,1732,0,301.85714285714283,33,9,23,36.55899807205688,0.6196338383838385,45.741421568627445,1017.0343137254894,30.81922162804513,0
4382,4,2,0,44,0.045454545454545456,0.0,1.0,44,750,400,350,0.5333333333333333,11,4,7,343.42463481984913,0.4537085976039465,0.23199671823238632,0.194049237211549,129937.87140185614,124.77320709019068,130062.64460894633,1733,0,289.09090909090907,35,9,18,36.35640159685171,0.6217261904761905,45.1099537037037,1019.5601851851852,29.130291005291006,0
4383,4,1,0,45,0.022222222222222223,0.0,1.0,45,1550,1100,450,0.7096774193548387,20,11,9,332.3562182506883,0.4547348484848485,0.232375196726472,0.19008707881155695,130410.31867551865,-331.0587062757208,130079.25996924292,1734,0,283.64444444444445,35,10,20,36.16017469310671,0.6264880952380952,44.64699074074074,1021.4120370370367,29.18320105820105,0
4384,4,0,0,45,0.0,0.0,1.0,45,1400,800,600,0.5714285714285714,20,8,12,333.5450141776937,0.45389309764309765,0.22620772946859913,0.1917883831521739,130617.28395061727,-286.6512345679037,130330.63271604937,1735,1,284.64444444444445,35,10,18,35.920516304347835,0.6285714285714286,44.44444444444444,1022.2222222222222,29.206349206349206,0
4385,4,1,0,46,0.021739130434782608,0.0,1.0,46,1400,900,500,0.6428571428571429,19,9,10,323.3019208834404,0.4548107890499195,0.2231010539604814,0.1879450808613964,131039.71370018659,-726.9217697427237,130312.79193044387,1736,0,279.4347826086956,36,10,19,35.75602177738672,0.630787037037037,44.03153153153153,1023.8738738738732,28.440940940940923,0
4386,4,0,1,45,0.0,0.021739130434782608,0.9782608695652174,46,1300,900,400,0.6923076923076923,17,9,8,339.4792466720522,0.454518921095008,0.21330511051790602,0.18542689962250913,128601.01814229776,-416.7805474393259,128184.23759485844,1737,1,280.4347826086956,36,10,16,37.816189260205036,0.6061921296296297,46.42454954954955,1014.3018018018023,28.175050050050064,8
4387,4,0,0,45,0.0,0.0,1.0,45,1200,700,500,0.5833333333333334,17,7,10,348.56507091258135,0.45307239057239057,0.2231501552893458,0.19059094488763398,128643.0620525762,-31.904390646443886,128611.15766192976,1738,2,287.06666666666666,35,10,17,37.542902643088034,0.6086309523809523,46.38310185185185,1014.4675925925918,28.984788359788336,0
4388,4,0,2,43,0.0,0.044444444444444446,0.9555555555555556,45,1400,1000,400,0.7142857142857143,18,10,8,351.6923773097065,0.452756734006734,0.22129547471162425,0.19334502889172642,128858.14868922978,63.68572964857293,128921.83441887835,1739,3,288.06666666666666,36,9,17,37.24420474711624,0.6087962962962963,46.171171171171174,1015.3153153153155,28.20320320320321,0
4389,4,0,0,43,0.0,0.0,1.0,43,1600,1200,400,0.75,20,12,8,365.9338908349418,0.4509736064968623,0.22913062224720626,0.20015973155939532,128657.32001133813,816.0147392290556,129473.33475056718,1740,4,301.8139534883721,34,9,17,37.08783149495422,0.610906862745098,46.369047619047635,1014.5238095238117,29.838935574229755,0
4390,4,2,1,44,0.044444444444444446,0.022222222222222223,0.9777777777777777,45,1550,1300,250,0.8387096774193549,18,13,5,351.4101183996996,0.4530513468013468,0.24749434336131504,0.19533506849290763,129294.84941188498,90.54754561139754,129385.39695749637,1741,0,289.35555555555555,33,12,19,36.806517853556656,0.6196338383838385,45.74142156862746,1017.0343137254912,30.819221628045188,0
4391,4,0,1,43,0.0,0.022727272727272728,0.9772727272727273,44,1150,800,350,0.6956521739130435,15,8,7,400.71532411029085,0.45181465821000705,0.2271556166265889,0.21403345109817556,127705.45488522378,1434.7065489969164,129140.16143422069,1742,1,296.8181818181818,35,9,17,37.18331329440055,0.5991071428571428,47.30902777777778,1010.7638888888889,28.878968253968253,7
4392,4,0,0,43,0.0,0.0,1.0,43,900,500,400,0.5555555555555556,13,5,8,405.7846756594396,0.45053525286083423,0.2380365409373537,0.2166737041728708,127692.92091836747,1763.1660997732538,129456.08701814072,1743,2,304.69767441860466,34,9,18,37.068119356105214,0.6011029411764706,47.32142857142858,1010.7142857142867,29.72689075630255,0
4393,4,1,1,43,0.022727272727272728,0.022727272727272728,0.9772727272727273,44,1100,800,300,0.7272727272727273,14,8,6,400.50924720530804,0.4534773608174771,0.24743259256179417,0.21595893193943433,128085.94419795962,1459.9210176611873,129545.8652156208,1744,0,298.75,35,9,19,36.797297812333255,0.6029761904761906,46.932870370370374,1012.2685185185192,28.92195767195769,0
4394,4,0,0,43,0.0,0.0,1.0,43,1300,800,500,0.6153846153846154,18,8,10,398.9275215601001,0.4525424510889627,0.25127759485294643,0.2158945418164772,128232.43694540893,1631.0896508487615,129863.5265962577,1745,1,305.6511627906977,35,8,20,36.68687864244086,0.6044642857142857,46.78819444444444,1012.8472222222222,28.938492063492063,0
4395,4,1,0,44,0.022727272727272728,0.0,1.0,44,1000,700,300,0.7,13,7,6,393.0594497442892,0.4527946617336152,0.2557789756324069,0.21453899420588296,128572.4639335281,1307.3243851960042,129879.7883187241,1746,0,299.6818181818182,36,8,18,36.486786586719965,0.6059027777777778,46.4527027027027,1014.189189189189,28.171921921921918,0
4396,4,1,0,45,0.022222222222222223,0.0,1.0,45,1800,1100,700,0.6111111111111112,25,11,14,385.13897464808895,0.45391414141414144,0.25874112454423304,0.21237663459166034,128978.5318559556,934.931902123719,129913.46375807932,1747,0,294.0,37,8,20,36.272128670120885,0.6081081081081081,46.05263157894736,1015.78947368421,27.4537695590327,0
4397,4,0,0,45,0.0,0.0,1.0,45,1350,800,550,0.5925925925925926,19,8,11,356.21287785115703,0.45330387205387207,0.16259603256507327,0.18861763859987477,127354.73632812485,73.46416084755407,127428.2004889724,1748,1,295.0,39,6,16,38.6674406604747,0.5881410256410257,47.65624999999999,1009.3749999999989,25.881410256410227,8
4398,4,0,0,45,0.0,0.0,1.0,45,1050,600,450,0.5714285714285714,15,6,9,364.86864900447483,0.4535353535353535,0.16524716291594532,0.1856480824206562,125724.4261858068,355.786903077853,126080.21308888466,1749,2,296.0,35,10,17,40.128510290440474,0.5788690476190477,49.276620370370374,1002.8935185185189,28.654100529100543,8
4399,4,4,2,47,0.08163265306122448,0.04081632653061224,0.9591836734693877,49,1350,1000,350,0.7407407407407407,17,10,7,340.8325725644065,0.4579967403628118,0.1846601235914216,0.17859626802374898,126930.47337278097,-1147.1868181556538,125783.28655462532,1750,0,272.7551020408163,38,11,17,39.490564037319785,0.5855263157894737,48.07692307692307,1007.6923076923068,26.518218623481758,0
4400,4,1,0,48,0.020833333333333332,0.0,1.0,48,1150,700,450,0.6086956521739131,16,7,9,346.97083532545577,0.4564309988179669,0.19335399449035773,0.18253683075817465,127092.01388888898,-780.452827087433,126311.56106180155,1751,0,279.3541666666667,36,12,19,39.17011019283745,0.5908564814814814,47.91666666666667,1008.3333333333342,28.00925925925928,0
4401,4,1,1,48,0.02040816326530612,0.02040816326530612,0.9795918367346939,49,1600,1300,300,0.8125,19,13,6,334.43133353577815,0.45790816326530615,0.19099054810950822,0.17755155522885288,127461.32270361592,-1274.5879747991057,126186.73472881681,1752,0,274.6326530612245,36,13,16,39.107979257276675,0.5946180555555556,47.550675675675684,1009.7972972972984,28.049924924924955,0
4402,4,1,1,48,0.02040816326530612,0.02040816326530612,0.9795918367346939,49,1750,1500,250,0.8571428571428571,20,15,5,349.36719554946103,0.45634920634920634,0.08328349911982946,0.18523341680882785,127407.31336805536,-897.6128472222415,126509.70052083311,1753,0,275.61224489795916,39,10,15,38.78628422066309,0.5886752136752137,47.60416666666666,1009.5833333333318,25.886752136752097,8
4403,4,0,3,45,0.0,0.0625,0.9375,48,1550,1100,450,0.7096774193548387,20,11,9,353.692216777825,0.4540207594562648,0.10603917732896306,0.18844322783481035,127604.23657909606,-573.4749388195198,127030.76164027654,1754,1,282.2916666666667,38,10,15,38.475247611998164,0.5923793859649122,47.40918803418802,1010.3632478632455,26.588506522716987,0
4404,4,0,1,44,0.0,0.022222222222222223,0.9777777777777777,45,1650,1400,250,0.8484848484848485,19,14,5,363.4981075318788,0.45235690235690235,0.09206797158604374,0.19346667040388185,127562.34039560225,273.7338652277331,127836.07426082999,1755,2,281.4222222222222,37,8,18,38.2705371033684,0.59375,47.45065789473683,1010.1973684210507,27.302631578947317,0
4405,4,1,1,44,0.022222222222222223,0.022222222222222223,0.9777777777777777,45,1850,1400,450,0.7567567567567568,23,14,9,357.5856747777119,0.45204124579124577,0.10875114386167706,0.19229607266018184,127978.05574792229,152.62388427206994,128130.67963219435,1756,0,282.0888888888889,37,8,19,37.99396763473486,0.597972972972973,47.03947368421052,1011.8421052631567,27.34708392603126,0
4406,4,0,0,44,0.0,0.0,1.0,44,1450,1100,350,0.7586206896551724,18,11,7,357.7312395518039,0.45167151162790703,0.10856114526043337,0.19331245829626353,128173.03790276784,370.40815158670046,128543.44605435454,1757,1,285.6136363636364,36,8,20,37.790767719454344,0.6018518518518519,46.84684684684686,1012.6126126126143,28.128128128128175,0
4407,4,1,0,45,0.022222222222222223,0.0,1.0,45,1400,1200,200,0.8571428571428571,16,12,4,347.07062626168255,0.45321969696969694,0.11020530748068857,0.1893838479229677,128561.19340806788,-76.03721818251589,128485.15618988535,1758,0,280.24444444444447,37,8,15,37.66431956607919,0.6038851351351351,46.463815789473685,1014.1447368421054,27.409317211948796,0
4408,4,0,1,44,0.0,0.022222222222222223,0.9777777777777777,45,1650,1000,650,0.6060606060606061,23,10,13,352.1941589370475,0.4522516835016835,0.1167230743381098,0.19339344741632203,128811.51532202234,73.33266004926645,128884.84798207162,1759,1,281.24444444444447,37,8,16,37.27901994671276,0.6064189189189189,46.217105263157904,1015.1315789473699,27.435988620199186,0
4409,4,1,0,45,0.022222222222222223,0.0,1.0,45,1200,800,400,0.6666666666666666,16,8,8,346.46527169935496,0.45321969696969694,0.11677936028389158,0.19158950704711367,129089.93632656215,-54.964027393032126,129034.97229916912,1760,0,280.6,37,8,17,37.14078909509422,0.6092342342342343,45.942982456140356,1016.2280701754396,27.465623518255125,0
4410,4,1,1,45,0.021739130434782608,0.021739130434782608,0.9782608695652174,46,900,300,600,0.3333333333333333,15,3,12,339.5186345036392,0.4543780193236715,0.12055165562293157,0.18907886500148666,129368.65790435541,-415.3378924284218,128953.32001192699,1761,0,275.4782608695652,37,9,19,37.03384350075446,0.6120495495495495,45.668859649122815,1017.3245614035105,27.495258416311096,0
4411,4,1,1,45,0.021739130434782608,0.021739130434782608,0.9782608695652174,46,1200,700,500,0.5833333333333334,17,7,10,343.44086113322703,0.4541867954911433,0.12740947492647492,0.192078611732583,129536.03512619268,-302.4065096952891,129233.6286164974,1762,0,276.2826086956522,37,9,14,36.763966681028286,0.6137387387387387,45.50438596491228,1017.9824561403509,27.51303935514462,0
4412,4,0,0,45,0.0,0.0,1.0,45,1500,1100,400,0.7333333333333333,19,11,8,347.3469084423307,0.45256734006734006,0.12290229885057502,0.19371269893899218,129424.43828870426,-8.964296706671291,129415.47399199758,1763,1,283.4,37,8,21,36.778017241379324,0.6126126126126126,45.6140350877193,1017.5438596491231,27.501185395922246,0
4413,4,0,1,44,0.0,0.022222222222222223,0.9777777777777777,45,1200,800,400,0.6666666666666666,16,8,8,349.6450723209188,0.4520622895622896,0.12218991204451624,0.19568743197707839,129563.94184989603,60.27876365803695,129624.22061355406,1764,2,284.4,37,8,14,36.57770148985819,0.6140202702702703,45.47697368421052,1018.0921052631571,27.516002844950194,0
4414,4,0,1,43,0.0,0.022727272727272728,0.9772727272727273,44,1000,600,400,0.6,14,6,8,378.84877126654084,0.45008588794926,0.17700592885375466,0.19985141603510156,127202.60080024603,863.8478906971119,128066.44869094314,1765,3,291.72727272727275,37,7,19,38.25271739130433,0.5900900900900901,47.80701754385964,1008.7719298245598,27.26410621147459,8
4415,4,3,0,46,0.06521739130434782,0.0,1.0,46,900,700,200,0.7777777777777778,11,7,4,361.68765883288495,0.4547705314009662,0.1934649454066022,0.19481056756715523,128041.6555642309,62.21732682265775,128103.87289105356,1766,0,268.2391304347826,40,6,17,37.82508283964255,0.5934895833333333,46.97662601626016,1012.0934959349589,25.30233739837397,0
4416,4,2,0,48,0.041666666666666664,0.0,1.0,48,1650,1200,450,0.7272727272727273,21,12,9,349.5527385209932,0.45585845153664306,0.21361628761313134,0.19096255518215874,128607.98306439644,-608.8628420582763,127999.12022233816,1767,0,258.0208333333333,40,8,17,37.55364358948669,0.59921875,46.41768292682928,1014.3292682926849,25.358231707317124,0
4417,4,1,1,48,0.02040816326530612,0.02040816326530612,0.9795918367346939,49,1500,1000,500,0.6666666666666666,20,10,10,344.5307316289237,0.4567920918367347,0.2303198454887374,0.1899650059853822,128974.55401431397,-912.8605087868588,128061.6935055271,1768,0,253.73469387755102,41,8,18,37.30741527492918,0.6013719512195121,46.05654761904761,1015.7738095238088,24.774970963995337,0
4418,4,1,0,49,0.02040816326530612,0.0,1.0,49,1350,900,450,0.6666666666666666,18,9,9,344.20108934951674,0.45656179138322,0.2369116363592887,0.19014603867949023,129050.14349489793,-916.1600056689406,128133.983489229,1769,0,254.6734693877551,41,8,19,37.23882054286272,0.6021341463414633,45.982142857142854,1016.0714285714283,24.782229965156787,0
4419,4,0,0,49,0.0,0.0,1.0,49,1550,900,650,0.5806451612903226,22,9,13,342.14461691506256,0.4568452380952381,0.2302117294658672,0.18961362301398826,129176.1751720363,-960.6134062421329,128215.56176579416,1770,1,255.6734693877551,41,8,20,37.162807813669055,0.6034044715447154,45.85813492063492,1016.5674603174594,24.79432830042584,0
4420,4,2,0,51,0.0392156862745098,0.0,1.0,51,1600,1300,300,0.8125,19,13,6,326.2365078767656,0.45934640522875814,0.23561490035687083,0.18336741649625082,129731.44531249985,-1735.3683429390421,127996.07696956082,1771,0,246.6078431372549,41,10,17,37.00366394001362,0.6089939024390244,45.31249999999999,1018.7499999999989,24.847560975609728,0
4421,4,0,2,49,0.0,0.0392156862745098,0.9607843137254902,51,1450,1100,350,0.7586206896551724,18,11,7,343.5645658127199,0.4594444444444445,0.23881745042211766,0.18627917539176814,128306.84222961872,-1361.9617028270845,126944.88052679163,1772,1,247.6078431372549,38,13,19,38.01275967520826,0.5995065789473684,46.71474358974359,1013.141025641026,26.661605937921735,8
4422,4,1,2,48,0.02,0.04,0.96,50,2300,1800,500,0.782608695652174,28,18,10,348.75864644208104,0.4593452380952381,0.26380581684506454,0.1903049392886611,128561.19340806773,-1032.6344404047536,127528.55896766298,1773,0,252.9,37,13,19,37.62152214653838,0.6038851351351351,46.46381578947368,1014.1447368421042,27.40931721194876,0
4423,4,1,0,49,0.02040816326530612,0.0,1.0,49,1250,900,350,0.72,16,9,7,346.6060857679981,0.45781958616780044,0.2681888306078368,0.1905921825541365,128867.17547706976,-866.7705447830301,128000.40493228674,1774,0,249.0408163265306,37,12,21,37.36411087113029,0.6069819819819819,46.162280701754376,1015.3508771929816,27.44191559981031,0
4424,4,0,0,49,0.0,0.0,1.0,49,1450,1100,350,0.7586206896551724,18,11,7,345.05548545698116,0.4569338151927438,0.2715708641222818,0.1904313761584695,129011.37689248647,-896.7833433779159,128114.59354910855,1775,1,250.0408163265306,38,11,21,37.25659024783538,0.6066337719298245,46.020299145299134,1015.9188034188019,26.734705353126365,0
4425,4,0,0,49,0.0,0.0,1.0,49,1550,800,750,0.5161290322580645,23,8,15,349.6916255523749,0.45622519841269843,0.2743981039604495,0.19378659389230318,129174.23575726856,-765.7703037110141,128408.46545355754,1776,2,251.0408163265306,38,11,22,36.97298125766333,0.6082785087719298,45.86004273504273,1016.5598290598286,26.751574448942858,0
4426,4,1,2,48,0.02,0.04,0.96,50,750,300,450,0.4,12,3,9,305.3031555721727,0.4568537414965987,0.21466567192017094,0.16797156168293542,128888.68375695896,-2125.409916597394,126763.27384036157,1777,0,247.0,43,7,17,38.39070611458236,0.5976259689922481,46.14109848484849,1015.4356060606074,23.614781536293194,8
4427,4,1,0,49,0.02040816326530612,0.0,1.0,49,2000,1600,400,0.8,24,16,8,304.35046022396097,0.4583333333333333,0.2352720442628935,0.16910799863748918,129278.89034511546,-1929.6454125823702,127349.2449325331,1778,0,251.6530612244898,40,9,19,38.01921987941775,0.6059895833333333,45.75711382113822,1016.9715447154481,25.4242886178862,0
4428,4,0,1,48,0.0,0.02040816326530612,0.9795918367346939,49,1550,1300,250,0.8387096774193549,18,13,5,294.5107111221955,0.4582801870748299,0.19804895565264258,0.161460052239017,128747.91843820845,-2111.1174279596953,126636.80101024876,1779,1,252.6530612244898,41,8,15,38.80742913000977,0.5990853658536586,46.2797619047619,1014.880952380951,24.753193960511002,8
4429,4,0,0,48,0.0,0.0,1.0,48,1450,1000,450,0.6896551724137931,19,10,9,327.58239409329946,0.45769614361702127,0.16377190105874728,0.1749017955056419,127689.50267052616,-1149.110812218318,126540.39185830783,1780,2,255.64583333333334,43,5,14,39.0476162590962,0.5855135658914729,47.3248106060606,1010.7007575757565,23.504668780831548,8
4430,4,2,1,49,0.04,0.02,0.98,50,1600,1000,600,0.625,22,10,12,315.77930382988677,0.4590221088435374,0.1743782837127852,0.17042531425979685,128122.09207283307,-1908.3389920024392,126213.75308083063,1781,0,246.38,46,4,16,38.904699357851726,0.5860507246376812,46.89716312056736,1012.4113475177281,22.008942337341917,0
4431,4,0,6,43,0.0,0.12244897959183673,0.8775510204081632,49,1750,1300,450,0.7428571428571429,22,13,9,300.93786895766357,0.4573412698412698,0.07078875978911792,0.16121258968538155,127823.74041692898,-2106.597226530725,125717.14319039826,1782,1,252.12244897959184,45,4,16,39.584079780246014,0.5842592592592593,47.192028985507235,1011.2318840579692,22.471819645732648,8
4432,4,1,0,44,0.022727272727272728,0.0,1.0,44,1350,1000,350,0.7407407407407407,17,10,7,319.63144858189,0.4533892706131078,0.10692605865574523,0.170515832870081,127656.23967215267,-639.4102386145926,127016.82943353808,1783,0,278.09090909090907,40,4,17,39.28248189863236,0.5895833333333333,47.35772357723577,1010.5691056910557,25.264227642276392,0
4433,4,1,1,44,0.022222222222222223,0.022222222222222223,0.9777777777777777,45,1150,700,450,0.6086956521739131,16,7,9,315.4889531654492,0.4548400673400674,0.11586585605020572,0.16951297915601948,127943.71712805488,-927.0341238347232,127016.68300422016,1784,0,272.8888888888889,41,4,18,39.093858272863976,0.5909552845528455,47.073412698412696,1011.7063492063489,24.675764614789,0
4434,4,0,1,43,0.0,0.022727272727272728,0.9772727272727273,44,950,700,250,0.7368421052631579,12,7,5,322.37093353563336,0.45413803735024666,0.11698881905875469,0.17285751780962424,127861.72251966437,-556.219429572327,127305.50309009204,1785,1,278.1363636363636,40,4,19,39.00346663987139,0.5916666666666667,47.154471544715456,1011.3821138211395,25.284552845528488,0
4435,4,2,1,44,0.044444444444444446,0.022222222222222223,0.9777777777777777,45,950,600,350,0.631578947368421,13,6,7,313.4731030579877,0.4553872053872054,0.12656637309664953,0.17005872132989708,128329.16802300379,-953.8266626413541,127375.34136036244,1786,0,268.3777777777778,39,6,21,38.75220605873687,0.5980235042735043,46.69270833333335,1013.2291666666692,25.98023504273511,0
4436,4,1,1,44,0.022222222222222223,0.022222222222222223,0.9777777777777777,45,1000,800,200,0.8,12,8,4,314.1335341614784,0.4563131313131313,0.12507649449696223,0.17098140684896632,128461.13281250048,-929.2100694444016,127531.92274305609,1787,0,267.4,39,6,13,38.601178243595015,0.5993589743589743,46.56250000000002,1013.7500000000039,25.993589743589844,0
4437,4,1,1,44,0.022222222222222223,0.022222222222222223,0.9777777777777777,45,900,700,200,0.7777777777777778,11,7,4,325.1363595676458,0.45420875420875423,0.15106914365869484,0.1782669415457277,128751.6940646705,-627.6285807291277,128124.06548394138,1788,0,268.35555555555555,39,6,15,38.026553251907366,0.6022970085470085,46.276041666666686,1014.8958333333363,26.022970085470163,0
4438,4,0,1,43,0.0,0.022727272727272728,0.9772727272727273,44,1450,1100,350,0.7586206896551724,18,11,7,330.30511375577805,0.4527726391825229,0.15064075659643494,0.1815839787804611,128857.43408203154,-287.5461154513606,128569.88796658018,1789,1,275.20454545454544,39,5,15,37.78780222974591,0.6033653846153846,46.171875000000014,1015.3125000000023,26.033653846153904,0
4439,4,0,2,41,0.0,0.046511627906976744,0.9534883720930233,43,1500,1100,400,0.7333333333333333,19,11,8,332.2091382150833,0.45175802879291255,0.15156662244912966,0.1824653890936256,128821.50472094388,-40.863786616984385,128780.64093432689,1790,2,282.2325581395349,38,5,15,37.776038377885364,0.6047149122807017,46.20726495726496,1015.1709401709406,26.715024741340542,0
4440,4,1,3,39,0.023809523809523808,0.07142857142857142,0.9285714285714286,42,1250,1000,250,0.8,15,10,5,336.27323790024695,0.4512074138598529,0.14784937944082865,0.18517019794483267,128922.84765504759,270.66068405661724,129193.50833910421,1791,0,287.7857142857143,37,5,17,37.569729360109385,0.607545045045045,46.10745614035087,1015.5701754385956,27.4478425794215,0
4441,4,1,2,38,0.025,0.05,0.95,40,1150,700,450,0.6086956521739131,16,7,9,353.58322851231543,0.4497061965811966,0.1541652411905572,0.19390689998902416,128760.50407503865,1105.5109471450685,129866.01502218372,1792,0,300.625,35,5,18,37.29580054738283,0.6098214285714285,46.267361111111114,1014.9305555555561,28.998015873015888,0
4442,4,0,0,38,0.0,0.0,1.0,38,900,700,200,0.7777777777777778,11,7,4,340.8824498615486,0.44885016595542915,0.20390524967989765,0.17176076989798025,125320.71827744898,943.9266929651465,126264.64497041413,1793,1,314.9736842105263,38,0,16,41.14650021340162,0.569078947368421,49.679487179487175,1001.2820512820507,26.349527665317122,8
4443,4,2,1,39,0.05,0.025,0.975,40,1300,900,400,0.6923076923076923,17,9,8,335.77718626854846,0.45096153846153847,0.22434197205912132,0.1718552873554776,125967.31133088753,459.38987209991916,126426.70120298745,1794,0,300.175,40,0,18,40.60770567591279,0.5723958333333333,49.034552845528445,1003.8617886178848,25.09654471544712,0
4444,4,2,1,40,0.04878048780487805,0.024390243902439025,0.975609756097561,41,950,500,450,0.5263157894736842,14,5,9,359.5913122519618,0.45185467479674796,0.20217520600785255,0.18461511371356545,126094.86669847631,909.514942329284,127004.3816408056,1795,0,292.5853658536585,40,1,20,39.87845289891731,0.5736979166666667,48.907520325203244,1004.369918699186,25.10924796747965,8
4445,4,0,1,39,0.0,0.025,0.975,40,1050,800,250,0.7619047619047619,13,8,5,366.77971453975493,0.45116185897435895,0.20326402571813773,0.18843136852993364,126122.29953342004,1251.8202039930463,127374.11973741309,1796,1,298.65,39,1,21,39.66964378305508,0.5755876068376069,48.88020833333333,1004.4791666666658,25.755876068376047,0
4446,4,4,2,41,0.09302325581395349,0.046511627906976744,0.9534883720930233,43,1250,800,450,0.64,17,8,9,354.47786823851027,0.4575027685492801,0.21856483645774372,0.1854809459524806,126872.26884088994,394.6822794603655,127266.9511203503,1797,0,278.6744186046512,42,1,19,39.20662210252957,0.5786210317460317,48.13468992248062,1007.4612403100773,23.987172388335175,0
4447,4,2,0,43,0.046511627906976744,0.0,1.0,43,1400,1100,300,0.7857142857142857,17,11,6,360.84090480090686,0.45824104835732743,0.23684092880198127,0.1896054936135674,127043.16522444566,568.4741376720169,127611.63936211768,1798,0,279.6279069767442,42,1,22,38.87066673074458,0.5803571428571428,47.96511627906977,1008.1395348837211,24.00332225913622,0
4448,4,4,5,42,0.0851063829787234,0.10638297872340426,0.8936170212765957,47,950,600,350,0.631578947368421,13,6,7,333.30480910751896,0.46274668516805423,0.22056208943014854,0.17886188598211877,127893.53820231768,-874.4467853794434,127019.09141693823,1799,0,256.74468085106383,41,6,15,38.69450438080292,0.5904471544715447,47.12301587301586,1011.5079365079341,24.67092528068132,0
4449,4,3,2,43,0.06666666666666667,0.044444444444444446,0.9555555555555556,45,1250,800,450,0.64,17,8,9,348.50865343358726,0.45715488215488215,0.24551625580564518,0.18687274347904426,127861.72251966437,-87.81665179454819,127773.90586786982,1800,0,269.06666666666666,40,5,17,38.34258607984996,0.5916666666666667,47.154471544715456,1011.3821138211395,25.284552845528488,0
4450,4,2,0,45,0.044444444444444446,0.0,1.0,45,1200,900,300,0.75,15,9,6,355.6298237911155,0.4568392255892256,0.2686439109369041,0.1919197436165171,128119.42087309483,112.61741386371261,128232.03828695854,1801,0,269.9555555555556,41,4,19,37.898803691001135,0.5927337398373984,46.899801587301596,1012.4007936507954,24.692702284165744,0
4451,4,3,2,46,0.0625,0.041666666666666664,0.9583333333333334,48,1700,1400,300,0.8235294117647058,20,14,6,338.13681319997323,0.4578716016548463,0.2811492821564605,0.18643957083223084,128974.55401431411,-877.7836829176084,128096.7703313965,1802,0,254.02083333333334,41,7,20,37.46978464693816,0.6013719512195121,46.05654761904762,1015.77380952381,24.774970963995365,0
4452,4,0,2,44,0.0,0.043478260869565216,0.9565217391304348,46,1450,800,650,0.5517241379310345,21,8,13,346.5111906157986,0.4565318035426731,0.2784339476590969,0.19140435821971025,129046.45568940444,-256.7917988631127,128789.66389054133,1803,1,264.0217391304348,40,6,20,37.1838951123558,0.6036458333333333,45.985772357723576,1016.0569105691056,25.40142276422764,0
4453,4,0,1,43,0.0,0.022727272727272728,0.9772727272727273,44,1300,700,600,0.5384615384615384,19,7,12,359.28894511388387,0.45514006342494717,0.280220121875389,0.19747384878063834,128848.62075617285,458.77700617284233,129307.39776234569,1804,2,276.4318181818182,38,6,20,37.06110351117192,0.6049890350877193,46.18055555555556,1015.2777777777778,26.717836257309944,0
4454,4,1,0,44,0.022727272727272728,0.0,1.0,44,1500,1200,300,0.8,18,12,6,368.82614907944225,0.4528166842847075,0.2993769946681448,0.20424982435051303,129147.08547921687,726.5644404266196,129873.64991964349,1805,0,277.20454545454544,38,6,23,36.51439107280499,0.6080043859649122,45.886752136752136,1016.4529914529913,26.748762932973456,0
4455,4,1,1,44,0.022222222222222223,0.022222222222222223,0.9777777777777777,45,1300,800,500,0.6153846153846154,18,8,10,356.8635802481529,0.4548611111111111,0.29106242777408964,0.19934073166148364,129487.77113261912,241.92816377067953,129729.6992963898,1806,0,272.02222222222224,36,9,19,36.471472302131744,0.615162037037037,45.5518018018018,1017.7927927927929,28.272022022022025,0
4456,4,0,0,44,0.0,0.0,1.0,44,1100,600,500,0.5454545454545454,16,6,10,368.8066163217283,0.4516825229034531,0.30292000992637935,0.20574541692262927,129436.83556241433,747.4322702332031,130184.26783264753,1807,2,279.20454545454544,35,9,20,36.21947983014862,0.6166666666666667,45.601851851851855,1017.5925925925931,29.074074074074087,0
4457,4,1,0,45,0.022222222222222223,0.0,1.0,45,1150,600,550,0.5217391304347826,17,6,11,363.39639810782165,0.45214646464646463,0.30704391394046504,0.20447827177111788,129774.47041636256,431.91502313126136,130206.38543949382,1808,0,273.97777777777776,36,9,21,36.01348364279398,0.6180555555555556,45.27027027027028,1018.9189189189209,28.30330330330336,0
4458,4,0,0,45,0.0,0.0,1.0,45,1450,1000,450,0.6896551724137931,19,10,9,363.76055541240754,0.4514520202020202,0.30526039052603915,0.20548272443648619,129927.00277970133,452.4637388427062,130379.46651854404,1809,1,274.97777777777776,37,8,22,35.849107334910734,0.6176801801801801,45.12061403508771,1019.5175438596483,27.554528212422927,0
4459,4,1,0,46,0.021739130434782608,0.0,1.0,46,1200,1000,200,0.8333333333333334,14,10,4,354.98432804727196,0.4523047504025765,0.30436148131964225,0.20183394651830572,130180.80210387881,42.4289119000465,130223.23101577886,1810,0,269.9782608695652,38,8,23,35.81514342546063,0.618421052631579,44.87179487179486,1020.5128205128188,26.85560053981102,0
4460,4,0,0,46,0.0,0.0,1.0,46,1650,1100,550,0.6666666666666666,22,11,11,354.68278348090814,0.45166062801932366,0.30086191988786837,0.20194513190563726,130235.32238476138,38.44533019211008,130273.7677149535,1811,1,270.9782608695652,38,8,23,35.767523201451404,0.6189692982456141,44.81837606837606,1020.7264957264949,26.861223571749868,0
4461,4,0,0,46,0.0,0.0,1.0,46,1450,1200,250,0.8275862068965517,17,12,5,339.6648098716154,0.451731078904992,0.2883365078202267,0.18579821627539536,128658.8684345096,-442.00715446707005,128216.86128004253,1812,2,271.9782608695652,38,8,16,37.75251860432465,0.6030701754385965,46.36752136752138,1014.5299145299156,26.698155645524093,8
4462,4,1,2,45,0.02127659574468085,0.0425531914893617,0.9574468085106383,47,1100,600,500,0.5454545454545454,16,6,10,331.9617768666856,0.4510291396854764,0.2876257099653714,0.18298243562617614,128963.21750217034,-837.8282335069248,128125.38926866342,1813,0,267.17021276595744,39,8,17,37.638126858783714,0.6044337606837606,46.06770833333334,1015.7291666666683,26.04433760683765,0
4463,4,1,1,45,0.021739130434782608,0.021739130434782608,0.9782608695652174,46,1350,1000,350,0.7407407407407407,17,10,7,337.4906062308209,0.45317028985507246,0.30140491445662465,0.18600134454703857,128957.11343277451,-495.63712195923586,128461.47631081527,1814,0,273.60869565217394,38,8,18,37.50394446197538,0.6060855263157895,46.07371794871795,1015.7051282051284,26.72908232118759,0
4464,4,1,2,44,0.021739130434782608,0.043478260869565216,0.9565217391304348,46,1500,1200,300,0.8,18,12,6,335.78284167360465,0.4520632045088567,0.3016788900077527,0.18595737622310082,129148.4429253473,-526.8337673611013,128621.60915798621,1815,0,274.45652173913044,39,7,19,37.35268497642961,0.6063034188034189,45.88541666666667,1016.458333333334,26.063034188034205,0
4465,4,0,0,44,0.0,0.0,1.0,44,1200,800,400,0.6666666666666666,16,8,8,338.7222853807108,0.4515944326990839,0.28582502768549256,0.18810960867083748,129258.63997443386,-43.421911142566245,129215.2180632913,1816,1,273.5,36,8,21,37.16592838685861,0.6128472222222222,45.777027027027025,1016.8918918918916,28.24699699699699,0
4466,4,0,1,43,0.0,0.022727272727272728,0.9772727272727273,44,1650,1200,450,0.7272727272727273,21,12,9,337.5056533775682,0.45139622973925303,0.28358874365556863,0.18795783025432622,129368.6579043551,-67.46931748231336,129301.18858687278,1817,2,274.5,37,7,21,37.08503987928434,0.6120495495495495,45.6688596491228,1017.324561403508,27.495258416311028,0
4467,4,2,0,45,0.044444444444444446,0.0,1.0,45,1500,1200,300,0.8,18,12,6,336.0099200198401,0.45294612794612793,0.24853893263342108,0.1874923543168703,129445.89548405647,-286.2509128889959,129159.64457116748,1818,0,266.93333333333334,38,7,15,37.044619422572175,0.6110197368421053,45.592948717948715,1017.6282051282046,26.779689608636964,7
4468,4,1,1,45,0.021739130434782608,0.021739130434782608,0.9782608695652174,46,750,400,350,0.5333333333333333,11,4,7,314.26320408862176,0.4527576489533011,0.23669184559567014,0.17272661818705437,128848.62075617274,-1087.9380798451434,127760.68267632759,1819,0,262.10869565217394,41,5,15,38.203944368445036,0.6001016260162602,46.18055555555555,1015.2777777777769,24.762872628726267,8
4469,4,1,1,45,0.021739130434782608,0.021739130434782608,0.9782608695652174,46,1700,1100,600,0.6470588235294118,23,11,12,312.75194840096765,0.4509158615136876,0.254811119030649,0.17343517138599102,129201.38888888879,-1117.920524691367,128083.46836419743,1820,0,262.9782608695652,40,6,19,37.8842213114754,0.6052083333333333,45.83333333333333,1016.6666666666658,25.416666666666647,0
4470,4,1,2,44,0.021739130434782608,0.043478260869565216,0.9565217391304348,46,1650,1200,450,0.7272727272727273,21,12,9,323.90518188476557,0.45309983896940415,0.23806046195652164,0.17870630724676714,128999.74804736699,-799.8598513479608,128199.88819601902,1821,0,263.80434782608694,41,5,20,37.80558268229167,0.6016260162601625,46.031746031746025,1015.873015873015,24.777390631049148,8
4471,4,0,2,42,0.0,0.045454545454545456,0.9545454545454546,44,1350,800,550,0.5925925925925926,19,8,11,327.9344440112109,0.4539398343904158,0.23512953413861348,0.18127536481418416,129075.34490937574,-334.3497063177204,128740.99520305802,1822,1,272.6136363636364,41,3,20,37.626407465260804,0.6023882113821138,45.957341269841265,1016.1706349206345,24.7846496322106,0
4472,4,2,0,44,0.045454545454545456,0.0,1.0,44,1750,1100,650,0.6285714285714286,24,11,13,322.0896169161657,0.4544243305144468,0.24782663328276122,0.17945517903138553,129386.78521050332,-465.0489597604263,128921.73625074289,1823,0,273.04545454545456,39,5,22,37.45872581140576,0.6087072649572649,45.65104166666666,1017.3958333333321,26.08707264957262,0
4473,4,1,2,43,0.022222222222222223,0.044444444444444446,0.9555555555555556,45,1350,1200,150,0.8888888888888888,15,12,3,316.80051740971777,0.45496632996632996,0.25121197007481344,0.17812255676009084,129744.38707325328,-779.3822088373372,128965.00486441594,1824,0,267.9555555555556,40,5,17,37.23088113050709,0.6106770833333333,45.29979674796748,1018.8008130081296,25.47002032520324,0
4474,4,0,0,43,0.0,0.0,1.0,43,1000,700,300,0.7,13,7,6,329.3990190915494,0.4527731635289775,0.2599730537168299,0.1841850853230211,129527.44904667966,-66.7570677186236,129460.69197896103,1825,1,280.6279069767442,38,5,17,37.130037783375315,0.611842105263158,45.512820512820504,1017.9487179487166,26.788124156545177,0
4475,4,0,0,43,0.0,0.0,1.0,43,1050,500,550,0.47619047619047616,16,5,11,328.35705833841297,0.45249630860095974,0.26075755465812533,0.18401217698830521,129614.99851278994,-88.00007436050879,129526.99843842944,1826,2,281.6279069767442,40,3,18,37.06773952095807,0.609375,45.42682926829268,1018.2926829268288,25.45731707317072,0
4476,4,0,1,42,0.0,0.023255813953488372,0.9767441860465116,43,950,600,350,0.631578947368421,13,6,7,327.22384075505306,0.45228866740494644,0.26061174112362906,0.18386164684577647,129718.50419723714,-110.60256791591729,129607.90162932122,1827,3,282.6279069767442,40,3,19,36.991636738494286,0.6104166666666666,45.32520325203252,1018.6991869918702,25.467479674796756,0
4477,4,0,0,42,0.0,0.0,1.0,42,1550,1100,450,0.7096774193548387,20,11,9,332.27622198202766,0.4514372822299652,0.2622797150356211,0.18663579407020367,129704.91672092005,219.5719401041614,129924.48866102421,1828,4,289.7142857142857,39,3,19,36.876746940723336,0.6119123931623931,45.338541666666664,1018.6458333333326,26.11912393162391,0
4478,4,0,1,41,0.0,0.023809523809523808,0.9761904761904762,42,1500,1200,300,0.8,18,12,6,329.3505614600519,0.4509775454897406,0.25724302281973466,0.18591533382137204,129899.73855054867,156.51036502743352,130056.24891557611,1829,5,290.7142857142857,40,2,19,36.75377164124546,0.6122395833333334,45.14735772357724,1019.4105691056916,25.48526422764229,0
4479,4,0,1,40,0.0,0.024390243902439025,0.975609756097561,41,1150,600,550,0.5217391304347826,17,6,11,334.9019827861181,0.4499491869918699,0.25947810310840347,0.1891336240927721,129917.22140842023,501.9070095486155,130419.12841796884,1830,6,297.9756097560976,39,2,19,36.59456847518816,0.6140491452991452,45.130208333333336,1019.4791666666674,26.140491452991473,0
4480,4,1,0,41,0.024390243902439025,0.0,1.0,41,1050,600,450,0.5714285714285714,15,6,9,333.30284617194593,0.4509654471544715,0.2570749137812971,0.1892580509132876,130129.69970703126,474.5198567708343,130604.2195638021,1831,0,295.7073170731707,39,2,21,36.42004849412964,0.6161858974358974,44.921875,1020.3125000000001,26.161858974358978,0
4481,4,2,0,43,0.046511627906976744,0.0,1.0,43,950,600,350,0.631578947368421,13,6,7,327.6624610389859,0.45302694721299375,0.28148835266663585,0.189608664010294,130863.1260158703,-24.00976355617513,130839.11625231412,1832,0,282.90697674418607,38,5,17,35.82258710104069,0.6252741228070176,44.20405982905982,1023.1837606837597,26.925888439046307,0
4482,4,0,1,42,0.0,0.023255813953488372,0.9767441860465116,43,1100,800,300,0.7272727272727273,14,8,6,330.1550714418533,0.4526808785529716,0.2802057366444737,0.1915939272855479,130972.46334876528,48.24459876541482,131020.7079475307,1833,1,283.90697674418607,38,5,19,35.648462234283116,0.6263706140350878,44.097222222222214,1023.61111111111,26.937134502923946,0
4483,4,0,2,40,0.0,0.047619047619047616,0.9523809523809523,42,1100,700,400,0.6363636363636364,15,7,8,333.3519885515934,0.4516913472706156,0.2797443461160276,0.19403098871821886,131088.00048828128,339.68912760416765,131427.68961588544,1834,2,288.35714285714283,39,3,19,35.45004323059709,0.625801282051282,43.984375,1024.0625000000002,26.258012820512825,0
4484,4,0,0,40,0.0,0.0,1.0,40,1250,900,350,0.72,16,9,7,346.86533033903874,0.45126869658119656,0.2707748741565821,0.2015358798615806,131019.23338190578,1089.205933556457,132108.43931546225,1835,3,300.2,37,3,19,35.17357020456248,0.6286599099099099,44.05153508771929,1023.7938596491213,27.670104314841115,0
4485,4,0,1,39,0.0,0.025,0.975,40,950,400,550,0.42105263157894735,15,4,11,350.5575907792019,0.450133547008547,0.2780400342539071,0.20442628046562422,131159.59357686958,1195.7982263773204,132355.3918032469,1836,4,301.2,37,3,20,34.937201170341815,0.6300675675675675,43.91447368421051,1024.342105263156,27.684921763869085,0
4486,4,0,0,39,0.0,0.0,1.0,39,1700,1300,400,0.7647058823529411,21,13,8,360.3068776717085,0.4481275303643724,0.28835016607174113,0.20977149459324668,131097.37059694814,1647.05685415143,132744.42745109956,1837,5,309.46153846153845,36,3,21,34.75047650465508,0.6313657407407407,43.975225225225216,1024.0990990990979,28.447197197197163,0
4487,4,0,0,39,0.0,0.0,1.0,39,1150,800,350,0.6956521739130435,15,8,7,359.47321833730075,0.4473965362123257,0.29166495141021564,0.20977878069490297,131187.67463305997,1631.6911213065307,132819.3657543665,1838,6,310.46153846153845,37,2,21,34.68048717399836,0.6303490990990991,43.88706140350876,1024.4517543859633,27.687885253674686,0
4488,4,0,0,39,0.0,0.0,1.0,39,1400,1200,200,0.8571428571428571,16,12,4,359.36234440291514,0.4468904633378317,0.2877303878801849,0.2101752484849588,131271.9358360263,1634.8381232686793,132906.77395929498,1839,7,311.46153846153845,37,2,22,34.5981346743705,0.6311936936936937,43.8048245614035,1024.7807017543846,27.696775723091477,0
4489,4,0,0,39,0.0,0.0,1.0,39,1400,900,500,0.6428571428571429,19,9,10,356.06566756029525,0.44627192982456143,0.2858801672085467,0.2088853902608489,131389.14399092968,1556.6687218516206,132945.8127127813,1840,8,312.46153846153845,34,5,23,34.56417402074626,0.6384803921568627,43.69047619047619,1025.238095238095,30.154061624649852,0
4490,4,0,0,39,0.0,0.0,1.0,39,800,500,300,0.625,11,5,6,355.5225148539999,0.44568151147098517,0.2820364004345435,0.2090666529329152,131480.6990504535,1548.869756235825,133029.56880668932,1841,9,313.46153846153845,34,5,23,34.485635519442845,0.6393995098039216,43.601190476190474,1025.5952380952378,30.164565826330524,0
4491,4,0,0,39,0.0,0.0,1.0,39,1350,1000,350,0.7407407407407407,17,10,7,355.5522413471113,0.44534412955465585,0.28461330167260335,0.2094185689465523,131541.75347222225,1553.9930555555666,133095.7465277778,1842,10,314.46153846153845,34,5,24,34.42323314378555,0.6400122549019608,43.54166666666667,1025.8333333333337,30.17156862745099,0
4492,4,0,0,39,0.0,0.0,1.0,39,1100,700,400,0.6363636363636364,15,7,8,354.26714714441846,0.44537224471435,0.2842056255837695,0.20927959984873806,131654.57182623885,1528.1779138803126,133182.74974011918,1843,11,315.46153846153845,35,4,19,34.342341453328835,0.6389880952380953,43.43171296296296,1026.273148148148,29.322089947089943,0
4493,4,0,0,39,0.0,0.0,1.0,39,900,400,500,0.4444444444444444,14,4,10,357.6240302923618,0.4439102564102564,0.2924094240595596,0.2120882618150959,131803.09070644726,1627.1905006858874,133430.28120713314,1844,12,316.46153846153845,35,4,20,34.1063645927262,0.6404761904761904,43.287037037037045,1026.8518518518524,29.338624338624356,0
4494,4,0,1,38,0.0,0.02564102564102564,0.9743589743589743,39,850,600,250,0.7058823529411765,11,6,5,357.2530641969313,0.44368533513270353,0.2919852291049041,0.21219971162540635,131862.521701389,1621.6579861111206,133484.17968750012,1845,13,317.46153846153845,35,4,20,34.055949966193374,0.6410714285714285,43.22916666666667,1027.0833333333342,29.34523809523812,0
4495,4,0,0,38,0.0,0.0,1.0,38,1500,1100,400,0.7333333333333333,19,11,8,364.1755933627387,0.4437529634898056,0.2862700228832946,0.21587728472533496,131786.1128826531,1998.657171201818,133784.7700538549,1846,14,323.8421052631579,34,4,20,33.955314009661826,0.6424632352941176,43.30357142857143,1026.7857142857147,30.199579831932784,0
4496,4,0,0,38,0.0,0.0,1.0,38,1400,1100,300,0.7857142857142857,17,11,6,364.8964278199366,0.44364924134660977,0.29118170948930033,0.21682688562192934,131877.80612244908,2024.3480725623747,133902.15419501145,1847,15,324.8421052631579,34,4,20,33.844266728480925,0.6433823529411764,43.21428571428572,1027.142857142858,30.21008403361347,0
4497,4,0,0,38,0.0,0.0,1.0,38,900,600,300,0.6666666666666666,12,6,6,365.7751989430085,0.4433528923660503,0.29417020939183014,0.21752406558781673,131908.37762188213,2049.7626133786857,133958.14023526083,1848,16,325.8421052631579,34,4,20,33.790850620002324,0.6436887254901961,43.18452380952381,1027.261904761905,30.213585434173677,0
4498,4,0,0,38,0.0,0.0,1.0,38,1100,700,400,0.6363636363636364,15,7,8,366.5158400804057,0.4432639876718824,0.2952362658470995,0.2183159569174592,131969.53125000012,2073.784722222236,134043.31597222236,1849,17,326.8421052631579,34,4,20,33.71012435793458,0.6443014705882353,43.12500000000001,1027.500000000001,30.220588235294144,0
4499,4,0,0,38,0.0,0.0,1.0,38,1000,700,300,0.7,13,7,6,369.0319566094237,0.44318990042674256,0.2984345854211625,0.2203472969132616,132061.2882653061,2146.967120181403,134208.2553854875,1850,18,327.8421052631579,34,4,20,33.552910972125716,0.6452205882352942,43.035714285714285,1027.8571428571427,30.231092436974784,0
4500,4,0,0,38,0.0,0.0,1.0,38,1300,800,500,0.6153846153846154,18,8,10,365.8025053247372,0.4429528212422949,0.2894736842105263,0.21930380593340773,132214.28748582772,2072.863520408172,134287.1510062359,1851,19,328.8421052631579,34,4,21,33.481643322915474,0.6467524509803921,42.886904761904766,1028.4523809523814,30.248599439775923,0
4501,4,0,0,38,0.0,0.0,1.0,38,1450,1300,150,0.896551724137931,16,13,3,363.38900817912094,0.4421230440967283,0.2873428510547622,0.21891971956156814,132398.0034722223,2022.395833333338,134420.39930555565,1852,20,329.8421052631579,34,4,21,33.358636977058026,0.6485906862745099,42.708333333333336,1029.1666666666672,30.26960784313727,0
4502,4,0,1,37,0.0,0.02631578947368421,0.9736842105263158,38,1100,700,400,0.6363636363636364,15,7,8,362.78979249562656,0.4420489568515884,0.2867039214970106,0.21873643974317902,132428.6352040817,2008.751417233564,134437.38662131524,1853,21,330.8421052631579,34,4,21,33.34321266096076,0.6488970588235294,42.67857142857143,1029.2857142857147,30.27310924369749,0
4503,4,0,0,37,0.0,0.0,1.0,37,750,600,150,0.8,9,6,3,362.9189080824619,0.4404717217217217,0.2779565692860493,0.21952787097295762,132551.19756235817,2221.0671768707357,134772.2647392289,1854,22,329.56756756756755,34,3,21,33.21652215799613,0.6501225490196079,42.5595238095238,1029.761904761904,30.28711484593835,0
4504,4,0,0,37,0.0,0.0,1.0,37,950,800,150,0.8421052631578947,11,8,3,362.8634867427523,0.4398148148148148,0.2816993770200009,0.22039182300059793,132704.4802295918,2230.7220804988647,134935.20231009068,1855,23,330.56756756756755,34,3,18,33.063739649528216,0.6516544117647058,42.410714285714285,1030.3571428571427,30.30462184873949,0
4505,4,0,0,37,0.0,0.0,1.0,37,1100,800,300,0.7272727272727273,14,8,6,361.13947427353054,0.43978353353353355,0.2792178802343992,0.21970375465818362,132765.81809807252,2189.395549886619,134955.21364795914,1856,24,331.56756756756755,34,3,18,33.04647491432751,0.6522671568627452,42.351190476190474,1030.5952380952378,30.311624649859937,0
4506,4,1,1,37,0.02631578947368421,0.02631578947368421,0.9736842105263158,38,1200,900,300,0.75,15,9,6,354.79504525808403,0.44173779042200095,0.27453562108097307,0.21751327602686094,133053.9547432269,1841.3767789780386,134895.33152220494,1857,0,323.8157894736842,35,3,19,32.92059307456437,0.6529761904761905,42.07175925925925,1031.712962962962,29.477513227513196,0
4507,4,0,0,37,0.0,0.0,1.0,37,1150,800,350,0.6956521739130435,15,8,7,359.76064370027734,0.4424111611611612,0.2639569896385783,0.22038121081103582,133024.10361207562,2171.3674286265405,135195.47104070216,1858,1,306.4864864864865,35,2,19,32.82249242679232,0.6526785714285714,42.10069444444444,1031.5972222222222,29.474206349206348,0
4508,4,0,0,37,0.0,0.0,1.0,37,800,700,100,0.875,9,7,2,355.7201365349072,0.4416916916916917,0.2550080917427857,0.2187801501805723,133173.39275763018,2074.491490912196,135247.88424854237,1859,2,307.4864864864865,35,2,19,32.77687448605817,0.6541666666666667,41.95601851851851,1032.175925925925,29.490740740740712,0
4509,4,0,0,37,0.0,0.0,1.0,37,1050,600,450,0.5714285714285714,15,6,9,357.14592597852095,0.440284034034034,0.26063723440993125,0.22036348212865575,133292.88435570977,2121.002121913567,135413.88647762334,1860,3,308.4864864864865,35,2,19,32.62020847343645,0.6553571428571429,41.84027777777777,1032.638888888888,29.503968253968228,0
4510,4,0,1,36,0.0,0.02702702702702703,0.972972972972973,37,650,400,250,0.6153846153846154,9,4,5,356.33930294009707,0.4400963463463463,0.2593722266478067,0.22004260208543128,133322.76562767895,2101.6282739625963,135424.39390164154,1861,4,309.4864864864865,35,2,19,32.61106597183308,0.6556547619047619,41.81134259259258,1032.754629629628,29.507275132275083,0
4511,4,0,1,35,0.0,0.027777777777777776,0.9722222222222222,36,1250,900,350,0.72,16,9,7,364.2644456039621,0.43771494708994707,0.26143395211191844,0.22453912840960658,133257.03125,2508.1597222222217,135765.19097222222,1862,5,318.02777777777777,34,2,19,32.472423997847734,0.6571691176470589,41.875,1032.5,30.36764705882353,0
4512,4,0,1,34,0.0,0.02857142857142857,0.9714285714285714,35,200,0,200,0.0,4,0,4,377.5717616721117,0.43830532212885154,0.1980787832293791,0.21362481575186945,129989.29280045327,2816.2308673469097,132805.52366780018,1863,6,326.4,34,1,20,35.4336913378473,0.6243872549019608,45.059523809523796,1019.7619047619028,29.992997198879493,8
4513,4,1,1,34,0.02857142857142857,0.02857142857142857,0.9714285714285714,35,750,300,450,0.4,12,3,9,375.34643657732266,0.4391456582633053,0.18896719652931382,0.21403224935836238,130293.86421388407,2781.3545179100984,133075.21873179416,1864,0,324.14285714285717,33,2,21,35.18072560316887,0.6297348484848485,44.7610294117647,1020.955882352941,30.938057040998213,0
4514,4,1,1,34,0.02857142857142857,0.02857142857142857,0.9714285714285714,35,650,400,250,0.6153846153846154,9,4,5,371.75842597946047,0.4418067226890756,0.17390946784086592,0.2131858153931736,130512.91120001936,2703.8548875432684,133216.76608756263,1865,0,320.9142857142857,33,2,14,35.04987207163988,0.6319444444444444,44.54656862745099,1021.8137254901972,30.964052287581733,0
4515,4,1,0,35,0.02857142857142857,0.0,1.0,35,900,600,300,0.6666666666666666,12,6,6,372.0549712451531,0.4414565826330532,0.17689488646093787,0.2140470738018668,130638.16350682438,2720.915633410237,133359.07914023462,1866,0,321.8857142857143,33,2,15,34.91518820426758,0.6332070707070707,44.42401960784314,1022.3039215686281,30.97890671420085,0
4516,4,0,0,35,0.0,0.0,1.0,35,1050,500,550,0.47619047619047616,16,5,11,374.85113885235205,0.4405112044817927,0.17787665137928665,0.21670756974649827,130826.15460399848,2808.066608996542,133634.22121299503,1867,1,322.8857142857143,33,2,17,34.65301070116595,0.6351010101010102,44.240196078431374,1023.0392156862747,31.001188354129535,0
4517,4,0,0,35,0.0,0.0,1.0,35,1100,900,200,0.8181818181818182,13,9,4,374.61871695375464,0.44037114845938374,0.17941392818653057,0.2171020753144209,130920.20083922047,2809.0315323433288,133729.2323715638,1868,2,323.8857142857143,33,2,17,34.563600167644594,0.6360479797979798,44.14828431372549,1023.4068627450979,31.012329174093875,0
4518,4,0,0,35,0.0,0.0,1.0,35,850,500,350,0.5882352941176471,12,5,7,372.81724394185886,0.4395658263305322,0.17313820693428172,0.2169401734246637,131077.0196559015,2773.5546424452077,133850.5742983467,1869,3,324.8857142857143,33,2,17,34.450793840753164,0.6376262626262627,43.995098039215684,1024.0196078431368,31.030897207367783,0
4519,4,0,0,35,0.0,0.0,1.0,35,1200,1000,200,0.8333333333333334,14,10,4,372.77724922845175,0.43900560224089635,0.17179758772679143,0.2179834516117701,131265.32613658212,2786.5454392541355,134051.87157583627,1870,4,325.8857142857143,33,2,20,34.2611416726461,0.639520202020202,43.81127450980392,1024.7549019607845,31.0531788472965,0
4520,4,0,0,35,0.0,0.0,1.0,35,750,400,350,0.5333333333333333,11,4,7,369.1527723640006,0.4379201680672269,0.17147638971906742,0.2163954408426674,131359.53006355732,2698.346939878892,134057.8770034362,1871,5,326.8857142857143,33,2,20,34.25869197051204,0.6404671717171717,43.71936274509804,1025.122549019608,31.064319667260847,0
4521,4,0,0,35,0.0,0.0,1.0,35,550,400,150,0.7272727272727273,7,4,3,370.39605489728706,0.4375,0.16860147500682876,0.2176597041699786,131453.7677816223,2737.99139753939,134191.7591791617,1872,6,327.8857142857143,33,2,20,34.131512906309744,0.6414141414141414,43.62745098039215,1025.4901960784302,31.075460487225158,0
4522,4,0,1,34,0.0,0.02857142857142857,0.9714285714285714,35,1050,800,250,0.7619047619047619,13,8,5,374.352942052441,0.43623949579831933,0.1693061029499583,0.2208919791265038,131610.90573637543,2853.7859537197273,134464.69169009515,1873,7,328.8857142857143,33,2,19,33.871148333930506,0.6429924242424243,43.474264705882355,1026.1029411764707,31.094028520499112,0
4523,4,0,0,34,0.0,0.0,1.0,34,800,400,400,0.5,12,4,8,380.4820344318433,0.43629307783719545,0.1753383926439842,0.22532406569303115,131749.0741537853,3225.6311537088022,134974.7053074941,1874,8,337.05882352941177,32,2,19,33.57418111753372,0.6468098958333333,43.339646464646464,1026.641414141414,32.08254419191919,0
4524,4,0,0,34,0.0,0.0,1.0,34,750,500,250,0.6666666666666666,10,5,5,380.7868074517023,0.43605169340463457,0.18133759527907567,0.22608174392789396,131846.31191970204,3241.067238036935,135087.37915773896,1875,9,338.05882352941177,32,2,19,33.46805589705763,0.6477864583333333,43.244949494949495,1027.0202020202019,32.09438131313131,0
4525,4,0,0,34,0.0,0.0,1.0,34,900,600,300,0.6666666666666666,12,6,6,403.7206973604155,0.4346590909090909,0.23423095128969984,0.22788243256198207,129897.31046888557,3689.5983811677993,133586.90885005335,1876,10,339.05882352941177,31,3,17,34.86090709754332,0.6307123655913979,45.14973958333333,1019.4010416666661,32.88390456989245,7
4526,4,0,0,34,0.0,0.0,1.0,34,1250,800,450,0.64,17,8,9,411.4226674355879,0.4349376114081997,0.1643321732184626,0.21978070990989174,127710.61610918869,3709.1213327515507,131419.73744194023,1877,11,340.05882352941177,33,1,16,36.90743210475265,0.6035353535353536,47.303921568627445,1010.7843137254896,30.6298276886512,7
4527,4,2,0,36,0.05555555555555555,0.0,1.0,36,850,600,250,0.7058823529411765,11,6,5,394.9286386228458,0.43882275132275134,0.15399409636508565,0.21358283081783513,128204.80619331052,2927.0858098141066,131131.89200312464,1878,0,322.1111111111111,34,2,18,36.81649425962934,0.6063112745098039,46.81547619047618,1012.738095238094,29.786414565826295,0
4528,4,0,0,36,0.0,0.0,1.0,36,1300,900,400,0.6923076923076923,17,9,8,368.1070295199507,0.4383763227513227,0.18686058940296224,0.19647375194182196,127676.20991941003,2267.1765645558467,129943.38648396588,1879,1,323.1111111111111,35,1,17,38.03729577034661,0.5988095238095238,47.337962962962955,1010.6481481481472,28.87566137566135,8
4529,4,2,0,38,0.05263157894736842,0.0,1.0,38,1450,1300,150,0.896551724137931,16,13,3,356.3463630755342,0.44175260787102894,0.19546073828054178,0.19380505220802915,128429.74044568214,1553.9515225310327,129983.69196821317,1880,0,307.05263157894734,36,2,16,37.56341887938377,0.6044560185185186,46.593468468468465,1013.6261261261259,28.156281281281274,0
4530,4,0,0,38,0.0,0.0,1.0,38,950,600,350,0.631578947368421,13,6,7,356.3596655332195,0.44133771929824567,0.19558140593698803,0.19431687422471758,128533.39489073532,1560.8235226223146,130094.21841335764,1881,1,308.05263157894734,37,1,17,37.4571979527105,0.6036036036036037,46.491228070175424,1014.0350877192959,27.406353722143134,0
4531,4,1,0,39,0.02564102564102564,0.0,1.0,39,750,600,150,0.8,9,6,3,358.82483326739754,0.4427294197031039,0.1967214992340618,0.18890513709050868,127120.40323685211,1347.6308729230202,128468.03410977514,1882,0,301.12820512820514,36,3,16,38.8421273031826,0.5911458333333333,47.88851351351354,1008.4459459459492,28.012387387387477,7
4532,4,0,0,39,0.0,0.0,1.0,39,750,500,250,0.6666666666666666,10,5,5,362.42905430664166,0.4422795771479982,0.20483627694253848,0.1913377665016623,127233.9923327046,1422.6591033601455,128656.65143606474,1883,1,302.12820512820514,36,3,17,38.63456672991777,0.5923032407407407,47.775900900900915,1008.8963963963986,28.02489989989996,0
4533,4,0,0,39,0.0,0.0,1.0,39,1400,900,500,0.6428571428571429,19,9,10,360.24844486077524,0.44101439496176337,0.20176435206843535,0.19108108757361875,127423.91889812266,1380.853724222859,128804.77262234552,1884,2,303.12820512820514,37,2,16,38.49460613958876,0.5923423423423424,47.587719298245624,1009.6491228070189,27.28781412991943,0
4534,4,0,0,39,0.0,0.0,1.0,39,900,600,300,0.6666666666666666,12,6,6,361.6023200413822,0.4398335582546109,0.2053730944549259,0.19258981369140457,127590.03371229627,1427.3704409049126,129017.40415320118,1885,3,304.12820512820514,37,2,16,38.29001157658635,0.5940315315315315,47.423245614035096,1010.3070175438611,27.305595068753004,0
4535,4,2,0,41,0.04878048780487805,0.0,1.0,41,1450,1100,350,0.7586206896551724,18,11,7,352.349093907536,0.44357215447154474,0.2166191532045194,0.19106253683718463,128311.11495844845,844.465604801447,129155.5805632499,1886,0,290.2439024390244,37,4,18,37.78589466089467,0.6013513513513513,46.71052631578946,1013.1578947368396,27.382645803698367,0
4536,4,1,2,40,0.023809523809523808,0.047619047619047616,0.9523809523809523,42,1100,600,500,0.5454545454545454,16,6,10,363.53001020117875,0.44319831591173053,0.23415404599533574,0.1910012724607498,127039.50195312513,857.4181178343488,127896.92007095947,1887,0,284.3095238095238,39,3,20,38.806657711648434,0.5849358974358974,47.96875000000001,1008.125000000001,25.849358974359,8
4537,4,3,1,42,0.06976744186046512,0.023255813953488372,0.9767441860465116,43,1500,1200,300,0.8,18,12,6,360.620872611889,0.44363695090439276,0.2584124951797182,0.1937943384734944,127950.32035097337,628.3437872710833,128578.66413824445,1888,0,272.90697674418607,37,6,17,37.945589935334716,0.5976914414414414,47.06688596491228,1011.7324561403508,27.344120436225698,0
4538,4,2,2,42,0.045454545454545456,0.045454545454545456,0.9545454545454546,44,1150,600,550,0.5217391304347826,17,6,11,356.89193434652765,0.44592362579281186,0.268115136697044,0.19368598463510586,128344.14439777611,361.2925530227148,128705.43695079882,1889,0,267.65909090909093,36,8,20,37.6370674964807,0.603587962962963,46.677927927927925,1013.288288288288,28.146896896896887,0
4539,4,1,2,41,0.023255813953488372,0.046511627906976744,0.9534883720930233,43,1050,600,450,0.5714285714285714,15,6,9,356.1032475969361,0.4462440014765596,0.26692013795776814,0.19385384373533648,128466.99948827589,549.5031453617952,129016.50263363769,1890,0,273.16279069767444,35,8,16,37.531515203409825,0.606845238095238,46.55671296296296,1013.7731481481482,28.96494708994709,0
4540,4,2,0,43,0.046511627906976744,0.0,1.0,43,950,700,250,0.7368421052631579,12,7,5,355.6535634926995,0.4454826504245109,0.27372140776467235,0.19461043305724104,128672.41753472216,552.5607638888852,129224.97829861105,1891,0,274.09302325581393,35,8,19,37.33316221765915,0.6089285714285715,46.354166666666664,1014.5833333333328,28.988095238095223,0
4541,4,0,1,42,0.0,0.023255813953488372,0.9767441860465116,43,1100,800,300,0.7272727272727273,14,8,6,355.98447983977826,0.4449750830564784,0.276820317204316,0.1949354112901519,128701.77636584775,563.1669828103427,129264.9433486581,1892,1,275.09302325581393,35,8,19,37.294803429527406,0.6092261904761904,46.325231481481474,1014.6990740740728,28.991402116402078,0
4542,4,1,0,43,0.023255813953488372,0.0,1.0,43,1450,900,550,0.6206896551724138,20,9,11,379.3950027863803,0.44479051310446654,0.27586474710629116,0.20371221219546068,127916.59216226371,1185.0382455544366,129101.63040781814,1893,0,275.74418604651163,36,7,18,37.50533414969016,0.5992476851851851,47.10022522522523,1011.5990990990999,28.099974974974998,8
4543,4,0,1,42,0.0,0.023255813953488372,0.9767441860465116,43,1150,900,250,0.782608695652174,14,9,5,377.22204964182714,0.4446751568844592,0.2690955957328969,0.20297708611266235,128002.04554216388,1057.03879555232,129059.0843377162,1894,1,276.74418604651163,36,7,18,37.47264262927519,0.6001157407407407,47.01576576576577,1011.9369369369376,28.109359359359377,0
4544,4,0,2,40,0.0,0.047619047619047616,0.9523809523809523,42,1550,1000,550,0.6451612903225806,21,10,11,376.5885299479166,0.4454969996128533,0.26975692573909904,0.203804961383687,128232.43694540893,1258.2522441853412,129490.68918959427,1895,2,283.6190476190476,35,7,18,37.252528282482004,0.6044642857142857,46.78819444444444,1012.8472222222222,28.938492063492063,0
4545,4,0,1,39,0.0,0.025,0.975,40,1450,1100,350,0.7586206896551724,18,11,7,396.4749054771814,0.4420005341880342,0.298914095583787,0.21459496357360236,128237.60880730987,2168.5987660996025,130406.20757340947,1896,3,298.375,33,7,19,36.74367311958058,0.6089015151515151,46.78308823529413,1012.867647058825,30.692959001782576,0
4546,4,1,0,40,0.025,0.0,1.0,40,1300,900,400,0.6923076923076923,17,9,8,394.9822518784799,0.4408386752136752,0.30480420594633806,0.21528874519384358,128517.04422577863,2152.3903066128564,130669.43453239149,1897,0,299.175,33,7,17,36.494843284183396,0.6117424242424243,46.50735294117648,1013.9705882352948,30.7263814616756,0
4547,4,0,0,40,0.0,0.0,1.0,40,800,700,100,0.875,9,7,2,397.46437607705735,0.44055822649572646,0.3054494925084583,0.21697989290328012,128579.18228565934,2221.1288927335627,130800.3111783929,1898,1,300.175,33,7,17,36.36821330755598,0.6123737373737373,46.44607843137255,1014.2156862745096,30.73380867498514,0
4548,4,1,0,41,0.024390243902439025,0.0,1.0,41,1050,700,350,0.6666666666666666,14,7,7,390.354428621385,0.44308943089430897,0.31282517466524906,0.21514883624015863,128959.43877551016,1867.9776077097463,130827.41638321991,1899,0,293.8292682926829,34,7,19,36.159214330364115,0.6139705882352942,46.07142857142857,1015.7142857142853,29.873949579831923,0
4549,4,0,0,41,0.0,0.0,1.0,41,1100,800,300,0.7272727272727273,14,8,6,385.79075557162207,0.4426321138211382,0.303663964257352,0.21361099034179687,129140.88010204074,1764.2715419501037,130905.15164399084,1900,1,294.8292682926829,34,7,19,36.08963847895682,0.6158088235294117,45.89285714285714,1016.4285714285708,29.894957983193258,0
4550,4,0,0,41,0.0,0.0,1.0,41,1400,1000,400,0.7142857142857143,18,10,8,387.7464213506477,0.4423780487804878,0.30558482613277116,0.21518792623495017,129231.64859693882,1821.8218537415005,131053.47045068031,1901,2,295.8292682926829,34,7,20,35.94719587870272,0.6167279411764706,45.80357142857143,1016.7857142857147,29.90546218487396,0
4551,4,2,0,43,0.046511627906976744,0.0,1.0,43,1300,1100,200,0.8461538461538461,15,11,4,375.11398073189747,0.4434754521963824,0.3117845723164636,0.21215846942706648,129975.3485537904,1151.1140786056494,131126.46263239605,1902,0,283.0232558139535,36,7,21,35.51053745628568,0.6200810185185186,45.073198198198206,1019.7072072072083,28.32520020020023,0
4552,4,0,0,43,0.0,0.0,1.0,43,1200,900,300,0.75,15,9,6,375.2504661490987,0.4425987449243263,0.3070106305691114,0.21286123812427574,130090.2058096948,1163.2820743040288,131253.48788399884,1903,1,284.0232558139535,36,7,21,35.39021967104536,0.6212384259259259,44.960585585585584,1020.1576576576574,28.337712712712705,0
4553,4,0,1,42,0.0,0.023255813953488372,0.9767441860465116,43,1300,1000,300,0.7692307692307693,16,10,6,373.4190412501393,0.4413298265042451,0.30288962165914635,0.21292830437241983,130292.97052154191,1131.003495566715,131423.97401710862,1904,2,285.0232558139535,34,9,21,35.230828280472636,0.6274509803921569,44.76190476190476,1020.9523809523806,30.028011204481782,0
4554,4,0,0,42,0.0,0.0,1.0,42,1400,1000,400,0.7142857142857143,18,10,8,392.0994236374136,0.4401737320944638,0.2950944913550462,0.21641173248696166,129014.56921616706,1738.2720735353228,130752.84128970238,1905,3,290.6904761904762,33,9,18,36.058504221954166,0.6167929292929293,46.01715686274511,1015.9313725490213,30.78579916815216,8
4555,4,1,2,41,0.023255813953488372,0.046511627906976744,0.9534883720930233,43,1300,900,400,0.6923076923076923,17,9,8,383.0716893979589,0.4411452565522333,0.2931012082629596,0.21294979006905154,129297.68207644623,1306.3266303726073,130604.00870681884,1906,0,284.90697674418607,32,11,19,35.9986033519553,0.6220703125,45.73863636363636,1017.0454545454542,31.782670454545443,0
4556,4,0,1,40,0.0,0.024390243902439025,0.975609756097561,41,1450,800,650,0.5517241379310345,21,8,13,389.8432594259956,0.439354674796748,0.3120877337021162,0.21709518074806144,129366.91496107308,1886.5639580620618,131253.47891913514,1907,1,297.8780487804878,31,10,21,35.755711634455395,0.6253360215053764,45.670572916666664,1017.3177083333329,32.81670026881719,0
4557,4,0,1,39,0.0,0.025,0.975,40,1200,800,400,0.6666666666666666,16,8,8,386.4658449929987,0.43693910256410257,0.294746770686789,0.21630468446673268,129565.68611992725,2014.5424736870627,131580.2285936143,1908,2,298.225,31,9,17,35.63874856119709,0.6273521505376345,45.475260416666664,1018.0989583333329,32.84190188172042,0
4558,4,0,2,37,0.0,0.05128205128205128,0.9487179487179487,39,950,500,450,0.5263157894736842,14,5,9,388.60407512478605,0.43567251461988304,0.2832413718489668,0.21786899437641238,129631.97708129884,2275.1029120551225,131907.07999335395,1909,3,296.56410256410254,31,8,17,35.51669117333674,0.6280241935483871,45.41015625,1018.3593750000001,32.85030241935484,0
4559,4,1,0,38,0.02631578947368421,0.0,1.0,38,900,600,300,0.6666666666666666,12,6,6,386.36297716312686,0.4347884068278805,0.2663674555749813,0.21707357240613573,129715.36705438224,2423.4430797877826,132138.81013417002,1910,0,287.8157894736842,32,6,18,35.488710543711775,0.6263020833333333,45.32828282828283,1018.6868686868689,31.833964646464654,0
4560,4,0,1,37,0.0,0.02631578947368421,0.9736842105263158,38,1350,1100,250,0.8148148148148148,16,11,5,389.6472673034889,0.43508475580844,0.2126437474021552,0.208727662442096,127822.46823827602,2361.1350898062583,130183.60332808227,1911,1,288.8157894736842,35,3,17,37.34274255083743,0.600297619047619,47.193287037037045,1011.2268518518529,28.892195767195798,8
4561,4,0,0,37,0.0,0.0,1.0,37,1450,1100,350,0.7586206896551724,18,11,7,394.44671444054717,0.4334334334334334,0.2393246701692231,0.21239620267688428,128030.53634293085,2700.244881706036,130730.78122463688,1912,10,297.5945945945946,36,1,18,37.0076221208412,0.6004050925925926,46.987612612612615,1012.0495495495502,28.112487487487506,0
4562,4,3,2,38,0.075,0.05,0.95,40,1350,800,550,0.5925925925925926,19,8,11,366.44174227650956,0.4412393162393162,0.22719450584149037,0.20113015559613615,128794.39153928336,1439.1789726216675,130233.57051190503,1913,0,276.2,38,2,16,36.934927902326066,0.6044407894736843,46.23397435897436,1015.0641025641025,26.71221322537112,0
4563,4,0,0,38,0.0,0.0,1.0,38,950,500,450,0.5263157894736842,14,5,9,374.66481328215576,0.43632942152678994,0.16092556023010252,0.19697215312346597,127064.37467538076,1921.3100425130733,128985.68471789383,1914,1,291.7368421052632,37,1,19,38.50043048758385,0.5886824324324325,47.94407894736842,1008.2236842105253,27.249288762446632,8
4564,4,0,0,38,0.0,0.0,1.0,38,850,600,250,0.7058823529411765,11,6,5,373.76237183797906,0.43662577050734946,0.166672705861038,0.1970562051160306,127179.55789448295,1906.9926530545638,129086.55054753751,1915,2,292.7368421052632,35,3,19,38.40469018932875,0.59375,47.82986111111111,1008.680555555555,28.81944444444443,0
4565,4,1,0,39,0.02564102564102564,0.0,1.0,39,1150,900,250,0.782608695652174,14,9,5,378.0893957304022,0.4358412055780477,0.19925124435649022,0.20243677306280738,127802.69870799844,1864.1690254443492,129666.86773344279,1916,0,286.20512820512823,36,3,19,37.65522329880831,0.5980902777777778,47.21283783783783,1011.1486486486478,28.08746246246244,0
4566,4,3,1,41,0.07142857142857142,0.023809523809523808,0.9761904761904762,42,900,500,400,0.5555555555555556,13,5,8,372.92732406540813,0.4410327138985675,0.24403155063990822,0.20520974142422718,128895.01006319249,1214.6073128874425,130109.61737607993,1917,0,266.6904761904762,37,5,18,36.667544001727684,0.6072635135135135,46.13486842105263,1015.4605263157893,27.444879089615927,0
4567,4,0,1,40,0.0,0.024390243902439025,0.975609756097561,41,1200,800,400,0.6666666666666666,16,8,8,373.262711056757,0.43920223577235773,0.2049910624120581,0.1973606778474146,127296.330120992,1324.6449491433111,128620.97507013532,1918,1,273.7073170731707,35,6,17,38.29722923118094,0.5949404761904762,47.714120370370374,1009.143518518519,28.832671957671973,8
4568,4,1,0,41,0.024390243902439025,0.0,1.0,41,1200,800,400,0.6666666666666666,16,8,8,374.2374322457223,0.439989837398374,0.22972089514709593,0.19945621388920357,127617.73003472215,1351.8663194444357,128969.59635416658,1919,0,274.6585365853659,35,6,18,37.942439862542955,0.5982142857142857,47.39583333333333,1010.416666666666,28.8690476190476,0
4569,4,0,1,40,0.0,0.024390243902439025,0.975609756097561,41,1200,900,300,0.75,15,9,6,373.11698622120736,0.439354674796748,0.2301031733843386,0.19958217236021086,127763.95486379013,1334.1803572959345,129098.13522108606,1920,1,275.6585365853659,35,6,18,37.82066876550277,0.5997023809523809,47.2511574074074,1010.995370370369,28.88558201058197,0
4570,4,1,0,41,0.024390243902439025,0.0,1.0,41,900,500,400,0.5555555555555556,13,5,8,370.98095609636226,0.43894817073170733,0.2318872931321696,0.1993082075745729,127939.53517500419,1292.6262163494393,129232.16139135363,1921,0,276.4634146341463,35,6,19,37.694604926972495,0.6014880952380952,47.07754629629629,1011.6898148148141,28.90542328042326,0
4571,4,0,0,41,0.0,0.0,1.0,41,1200,800,400,0.6666666666666666,16,8,8,374.70001649019935,0.4390752032520325,0.23609220538682996,0.20174734878019113,128027.37054183813,1394.3715706447194,129421.74211248285,1922,1,277.4634146341463,35,6,19,37.510483379078984,0.6023809523809525,46.99074074074074,1012.037037037037,28.915343915343914,0
4572,4,0,0,41,0.0,0.0,1.0,41,1450,1100,350,0.7586206896551724,18,11,7,373.67634742510666,0.4392530487804878,0.23887990642952972,0.20224162620183256,128234.94897959194,1383.727053064037,129618.67603265597,1923,2,278.4634146341463,34,7,21,37.323695345557134,0.6066176470588236,46.78571428571429,1012.8571428571436,29.789915966386577,0
4573,4,0,0,41,0.0,0.0,1.0,41,1300,900,400,0.6923076923076923,17,9,8,374.9378673493004,0.4385162601626016,0.23933714442827836,0.20415414823188255,128476.21882086172,1434.1198979591916,129910.3387188209,1924,3,279.4634146341463,34,7,16,37.04472952873025,0.6090686274509804,46.54761904761905,1013.8095238095241,29.817927170868355,0
4574,4,0,1,40,0.0,0.024390243902439025,0.975609756097561,41,1100,700,400,0.6363636363636364,15,7,8,383.06679464681633,0.4383384146341463,0.23195326186072318,0.20287466282388214,127362.24666950107,1569.982993197269,128932.22966269833,1925,4,280.4634146341463,34,7,15,37.982073357707264,0.5977328431372548,47.64880952380952,1009.4047619047614,29.68837535014004,8
4575,4,3,1,42,0.06976744186046512,0.023255813953488372,0.9767441860465116,43,1000,500,500,0.5,15,5,10,370.10237167684403,0.4437753783684016,0.25835314981258284,0.19957856865190562,128089.02739304399,881.210564789162,128970.23795783315,1926,0,268.16279069767444,37,6,18,37.56363734835355,0.5990990990990991,46.92982456140351,1012.2807017543857,27.35893788525367,0
4576,4,0,0,42,0.0,0.0,1.0,42,1050,700,350,0.6666666666666666,14,7,7,378.2392859897451,0.4407786488579171,0.2686083113414519,0.20352444454514082,128002.04554216388,1283.080462218988,129285.12600438287,1927,1,275.3809523809524,36,6,18,37.446908153423855,0.6001157407407407,47.01576576576577,1011.9369369369376,28.109359359359377,0
4577,4,0,0,42,0.0,0.0,1.0,42,1100,700,400,0.6363636363636364,15,7,8,381.65060424325145,0.44081494386372433,0.2701043487472856,0.20594471381433563,128116.02776763253,1379.1118821524274,129495.13964978496,1928,2,276.3809523809524,36,6,18,37.24369670003707,0.6012731481481481,46.903153153153156,1012.3873873873877,28.12187187187188,0
4578,4,0,0,42,0.0,0.0,1.0,42,850,500,350,0.5882352941176471,12,5,7,381.4599493999181,0.4411415989159892,0.2737007051449467,0.20659266566510395,128261.74554183801,1385.3469632670563,129647.09250510507,1929,3,277.3809523809524,35,7,18,37.0991392443632,0.6047619047619048,46.75925925925925,1012.9629629629619,28.94179894179891,0
4579,4,1,1,42,0.023255813953488372,0.023255813953488372,0.9767441860465116,43,1050,700,350,0.6666666666666666,14,7,7,374.9935423495673,0.44119139904023624,0.2819870709240364,0.20497219839107422,128629.57552146744,1047.0520351432565,129676.62755661069,1930,0,271.90697674418607,36,7,16,36.8864250296033,0.6064814814814814,46.3963963963964,1014.4144144144146,28.178178178178186,0
4580,4,0,0,42,0.0,0.0,1.0,42,1500,900,600,0.6,21,9,12,375.15644149196464,0.4399075687185443,0.27281983611097504,0.20573776331726312,128760.50407503854,1261.0665027006094,130021.57057773914,1931,1,275.5952380952381,35,7,16,36.74841772151898,0.6098214285714285,46.26736111111111,1014.9305555555552,28.998015873015863,0
4581,4,1,2,41,0.023255813953488372,0.046511627906976744,0.9534883720930233,43,1400,900,500,0.6428571428571429,19,9,10,368.9404174652552,0.44218346253229973,0.2695266049522096,0.20430571504796355,129145.65659626013,929.4104916897221,130075.06708794985,1932,0,270.16279069767444,37,6,17,36.51294498381876,0.6097972972972974,45.88815789473683,1016.4473684210506,27.471550497866232,0
4582,4,3,1,43,0.06818181818181818,0.022727272727272728,0.9772727272727273,44,1050,800,250,0.7619047619047619,13,8,5,364.30792790272926,0.4407703488372093,0.2919874178441497,0.2046912742737946,129717.1051964128,651.4180073893781,130368.52320380218,1933,0,264.6818181818182,36,8,16,36.04862185864838,0.6174768518518519,45.326576576576585,1018.6936936936951,28.297047047047087,0
4583,4,0,1,42,0.0,0.023255813953488372,0.9767441860465116,43,1700,1300,400,0.7647058823529411,21,13,8,374.11906145885183,0.43950719822812845,0.29966346878296246,0.20949238597412606,129584.09857521013,1095.9762677897927,130680.07484299992,1934,1,271.83720930232556,35,8,17,35.934243681558115,0.6181547619047619,45.45717592592593,1018.1712962962969,29.090608465608483,0
4584,4,1,0,43,0.023255813953488372,0.0,1.0,43,1700,1200,500,0.7058823529411765,22,12,10,369.4306065909899,0.438468992248062,0.2954682332554963,0.2079582519454654,129790.40745027456,989.7097908093494,130780.11724108392,1935,0,272.7674418604651,35,8,19,35.84355595941239,0.6202380952380953,45.25462962962964,1018.9814814814832,29.113756613756664,0
4585,4,0,0,43,0.0,0.0,1.0,43,1150,700,450,0.6086956521739131,16,7,9,372.1572164480413,0.43851513473606496,0.29372411596049663,0.2100228879855158,129889.23890106335,1067.8435191948872,130957.08242025823,1936,1,273.7674418604651,36,7,19,35.673515981735164,0.619212962962963,45.157657657657666,1019.3693693693704,28.315815815815842,0
4586,4,1,0,44,0.022727272727272728,0.0,1.0,44,1500,1200,300,0.8,18,12,6,361.1609714998094,0.44129889006342493,0.2861843122301124,0.20593412602455194,130292.12648158864,612.3577910172103,130904.48427260586,1937,0,268.52272727272725,35,9,20,35.5445574953709,0.625297619047619,44.76273148148148,1020.9490740740739,29.16997354497354,0
4587,4,0,0,44,0.0,0.0,1.0,44,1450,800,650,0.5517241379310345,21,8,13,357.6175614953741,0.44125484496124034,0.28245177848177416,0.20421133801259775,130348.82010388775,523.0054378703117,130871.82554175805,1938,1,269.52272727272725,36,8,20,35.57748860461697,0.6238425925925926,44.70720720720721,1021.1711711711717,28.36586586586588,0
4588,4,1,0,45,0.022222222222222223,0.0,1.0,45,1250,800,450,0.64,17,8,9,349.00040691546496,0.4433922558922559,0.28472281805615185,0.20086912309134536,130654.64854570643,119.70510156972159,130774.35364727615,1939,0,264.5111111111111,37,8,18,35.48771986271988,0.625,44.40789473684211,1022.368421052632,27.631578947368432,0
4589,4,0,2,43,0.0,0.044444444444444446,0.9555555555555556,45,1200,900,300,0.75,15,9,6,346.6243283243885,0.44383417508417505,0.2822789334477087,0.1997910065484084,130710.70545744846,61.502096799013145,130772.20755424748,1940,1,265.5111111111111,37,8,18,35.4917256415755,0.6255630630630631,44.353070175438596,1022.5877192982458,27.637505926979617,0
4590,4,0,0,43,0.0,0.0,1.0,43,1400,1000,400,0.7142857142857143,18,10,8,357.1852743115527,0.4404300479881875,0.2841921934228049,0.20578948545361028,130694.03863322777,736.3972080188237,131430.4358412466,1941,2,273.9767441860465,36,7,18,35.23861967694567,0.6273148148148149,44.369369369369366,1022.5225225225221,28.40340340340339,0
4591,4,0,0,43,0.0,0.0,1.0,43,1000,700,300,0.7,13,7,6,358.36353230084586,0.4400839793281654,0.2793411663496077,0.2069304490711114,130780.41459956572,773.3862663338952,131553.80086589963,1942,3,274.9767441860465,36,7,18,35.12101361517853,0.6281828703703703,44.284909909909906,1022.8603603603599,28.412787787787774,0
4592,4,0,0,43,0.0,0.0,1.0,43,900,600,300,0.6666666666666666,12,6,6,362.12422888006694,0.4398532668881506,0.2826629404132148,0.20972739756744221,130895.62694028491,880.0955939047186,131775.72253418964,1943,4,275.9767441860465,36,7,18,34.90815634055977,0.6293402777777778,44.1722972972973,1023.3108108108111,28.425300300300307,0
4593,4,0,1,42,0.0,0.023255813953488372,0.9767441860465116,43,1400,1100,300,0.7857142857142857,17,11,6,363.080705349585,0.4392764857881137,0.282763683991067,0.21091160973374287,131010.89000740602,913.5052704731725,131924.3952778792,1944,5,276.9767441860465,36,7,20,34.766985663476696,0.6304976851851851,44.05968468468468,1023.761261261261,28.437812812812805,0
4594,4,0,0,42,0.0,0.0,1.0,42,1300,900,400,0.6923076923076923,17,9,8,372.937330371112,0.43741531165311653,0.28696911924688484,0.2160885894588054,130913.23329260966,1364.4863468792792,132277.71963948893,1945,6,284.35714285714283,35,7,20,34.6136809168363,0.631547619047619,44.15509259259259,1023.379629629629,29.239417989417973,0
4595,4,1,0,43,0.023255813953488372,0.0,1.0,43,1150,800,350,0.6956521739130435,15,8,7,366.0606689224056,0.4386304909560723,0.28812918126791986,0.21377943065068486,131215.75869498303,1006.5856802092866,132222.3443751923,1946,0,278.72093023255815,37,6,21,34.48335830479452,0.6306306306306306,43.859649122807014,1024.5614035087715,27.69084874348031,0
4596,4,0,0,43,0.0,0.0,1.0,43,1250,900,350,0.72,16,9,7,363.92465236702384,0.4377768549280177,0.2808221277639269,0.21347745071838825,131385.84530476425,962.9577074173126,132348.80301218157,1947,1,279.72093023255815,36,7,21,34.36607535149385,0.6342592592592593,43.693693693693696,1025.2252252252256,28.47847847847849,0
4597,4,0,0,43,0.0,0.0,1.0,43,1450,1000,450,0.6896551724137931,19,10,9,362.621044892406,0.4375922849760059,0.2799278778622838,0.2130340151477579,131443.5782911289,932.8415408651852,132376.4198319941,1948,2,280.72093023255815,36,7,21,34.34113954169414,0.634837962962963,43.637387387387385,1025.45045045045,28.484734734734722,0
4598,4,1,0,44,0.022727272727272728,0.0,1.0,44,1050,700,350,0.6666666666666666,14,7,7,354.8353498159891,0.43892045454545453,0.2811716688264396,0.21038387088719723,131793.9486654429,553.030375666579,132346.97904110947,1949,0,275.3181818181818,38,6,19,34.18717268407727,0.6345942982456141,43.29594017094016,1026.8162393162381,27.021479982006266,0
4599,4,0,0,44,0.0,0.0,1.0,44,1100,900,200,0.8181818181818182,13,9,4,352.81942946984685,0.43853505990133895,0.2853992341511846,0.20979337132668976,131903.67408366187,507.6358070348266,132411.3098906967,1950,1,276.3181818181818,38,6,20,34.12831513260531,0.6356907894736843,43.189102564102555,1027.2435897435882,27.0327260458839,0
4600,4,1,2,43,0.022222222222222223,0.044444444444444446,0.9555555555555556,45,1100,700,400,0.6363636363636364,15,7,8,347.42269936877625,0.43890993265993267,0.2845669007743563,0.20811631602964545,132183.6805555555,184.7222222222187,132368.40277777772,1951,0,271.15555555555557,39,6,21,33.9850081037277,0.6367521367521367,42.916666666666664,1028.333333333333,26.36752136752136,0
4601,4,0,0,43,0.0,0.0,1.0,43,1850,1500,350,0.8108108108108109,22,15,7,358.2920951405455,0.43726928755998523,0.28040987410442386,0.21344915597978725,131975.1645337989,857.131641466611,132832.2961752655,1952,1,282.4651162790698,37,6,21,33.915692917867176,0.6382319819819819,43.11951754385965,1027.5219298245618,27.7708629682314,0
4602,4,0,0,43,0.0,0.0,1.0,43,1350,800,550,0.5925925925925926,19,8,11,357.1076597932196,0.4371539313399779,0.27655911204171835,0.21321829317844862,132059.67821829792,831.9045283164023,132891.58274661432,1953,2,283.4651162790698,37,6,21,33.86094516748452,0.6390765765765766,43.03728070175438,1027.8508771929824,27.77975343764817,0
4603,4,1,0,44,0.022727272727272728,0.0,1.0,44,850,600,250,0.7058823529411765,11,6,5,348.9832874821111,0.4377862931642001,0.276873448428842,0.20993491828483526,132343.0323275075,437.10129940097937,132780.13362690847,1954,0,278.0,38,6,22,33.784567196206694,0.6400767543859649,42.761752136752136,1028.9529914529917,27.077710301394518,0
4604,4,0,0,44,0.0,0.0,1.0,44,1250,800,450,0.64,17,8,9,353.76402295755014,0.43724674066243835,0.28531652115113015,0.21361365243579433,132484.94059938323,573.7039420944529,133058.6445414777,1955,1,279.0,36,8,22,33.51883249471303,0.6452546296296297,42.623873873873876,1029.5045045045051,28.597347347347366,0
4605,4,0,1,43,0.0,0.022727272727272728,0.9772727272727273,44,1250,800,450,0.64,17,8,9,352.25456103162696,0.43671819943622264,0.2792310751031368,0.21319443816242406,132571.90626014528,539.8117289586935,133111.71798910396,1956,2,280.0,36,8,22,33.47024785857483,0.6461226851851851,42.539414414414416,1029.8423423423424,28.60673173173173,0
4606,4,1,0,44,0.022727272727272728,0.0,1.0,44,1150,900,250,0.782608695652174,14,9,5,347.747711598854,0.43667415433403806,0.29232300072457407,0.2127602732487577,132978.12328798382,448.56761322132377,133426.69090120515,1957,0,279.75,36,8,19,33.17843105142484,0.6501736111111112,42.14527027027027,1031.418918918918,28.650525525525502,0
4607,4,0,0,44,0.0,0.0,1.0,44,1650,1300,350,0.7878787878787878,20,13,7,353.4752540350976,0.43561707188160675,0.29711086426120215,0.2174465891601146,133181.46482631285,615.2704224494778,133796.73524876233,1958,1,280.75,36,8,20,32.826705578587536,0.6521990740740741,41.9481981981982,1032.2072072072076,28.672422422422432,0
4608,4,0,1,43,0.0,0.022727272727272728,0.9772727272727273,44,1450,900,550,0.6206896551724138,20,9,11,352.95077904856646,0.43529774489076817,0.2991081608978876,0.21763320061172173,133268.65875588413,607.4553861293584,133876.11414201348,1959,2,281.75,36,8,20,32.7527992874541,0.6530671296296297,41.86373873873873,1032.545045045044,28.681806806806776,0
4609,4,0,0,43,0.0,0.0,1.0,43,1550,1100,450,0.7096774193548387,20,11,9,357.61791081226767,0.43369324473975635,0.29576932401467126,0.22047749705295358,133263.0064327203,931.4475898062387,134194.45402252657,1960,3,289.1162790697674,35,8,21,32.637993685311805,0.6550595238095238,41.86921296296296,1032.5231481481478,29.500661375661366,0
4610,4,0,0,43,0.0,0.0,1.0,43,1550,1000,550,0.6451612903225806,21,10,11,343.9311543339208,0.43325489110372833,0.17455762318034695,0.20443826483503627,131890.67790089268,493.3277020006758,132384.00560289336,1961,4,290.1162790697674,37,6,15,34.36966268146884,0.6373873873873874,43.20175438596492,1027.1929824561412,27.761972498814625,8
4611,4,0,1,42,0.0,0.023255813953488372,0.9767441860465116,43,1600,1200,400,0.75,20,12,8,346.7400841291673,0.4331164636397195,0.1698498510110229,0.20737599935208081,132123.26189139104,562.4861887281974,132685.74808011923,1962,5,291.1162790697674,38,5,15,34.063355156049774,0.6378837719298245,42.97542735042736,1028.0982905982917,27.055218173639254,0
4612,4,0,1,41,0.0,0.023809523809523808,0.9761904761904762,42,1450,1100,350,0.7586206896551724,18,11,7,353.16373580097445,0.43157181571815717,0.17383949526044695,0.21086349422919348,132059.678218298,927.7378616497485,132987.41607994775,1963,6,298.07142857142856,37,5,15,33.96228931085984,0.6390765765765766,43.03728070175439,1027.850877192983,27.77975343764819,0
4613,4,0,0,41,0.0,0.0,1.0,41,1200,900,300,0.75,15,9,6,359.8021782751801,0.4307926829268293,0.17755220944714378,0.21461141692413704,132021.60564280517,1300.3322579336354,133321.9379007388,1964,7,306.1219512195122,36,5,15,33.83008254803127,0.640625,43.07432432432434,1027.7027027027043,28.54729729729734,0
4614,4,0,1,40,0.0,0.024390243902439025,0.975609756097561,41,1000,700,300,0.7,13,7,6,361.75173866204506,0.43056402439024394,0.17987905089963574,0.21593905289525783,132050.54029959044,1353.9025089278823,133404.44280851833,1965,8,307.1219512195122,36,5,15,33.75082173770133,0.6409143518518519,43.04617117117119,1027.8153153153178,28.550425425425495,0
4615,4,0,0,40,0.0,0.0,1.0,40,1150,800,350,0.6956521739130435,15,8,7,359.1281301108974,0.4298611111111111,0.17349648112603977,0.21506408711238814,132172.40521121895,1493.3657471529884,133665.77095837196,1966,9,311.725,37,3,16,33.69543968152415,0.6402027027027026,42.92763157894738,1028.2894736842115,27.79160739687058,0
4616,4,0,0,40,0.0,0.0,1.0,40,1350,1000,350,0.7407407407407407,17,10,7,355.09744140562043,0.4289797008547009,0.16381901513536534,0.21328579995310717,132285.18029586037,1394.8258117882551,133680.00610764863,1967,10,312.725,37,3,17,33.68551481560435,0.6413288288288288,42.817982456140356,1028.7280701754396,27.803461356092964,0
4617,4,0,1,39,0.0,0.025,0.975,40,850,600,250,0.7058823529411765,11,6,5,355.3272007494569,0.4288194444444444,0.1606031543052,0.21374297768159659,132341.58587257634,1404.9130501692994,133746.49892274564,1968,11,313.725,37,3,17,33.62283319124751,0.6418918918918919,42.76315789473685,1028.947368421054,27.809388335704163,0
4618,4,0,1,38,0.0,0.02564102564102564,0.9743589743589743,39,950,900,50,0.9473684210526315,10,9,1,363.6451338806483,0.42965587044534415,0.15693867986743126,0.21873769508015045,132340.06123944902,1824.963857438535,134165.02509688755,1969,12,314.0,36,3,17,33.41040093393165,0.6438078703703703,42.76463963963965,1028.9414414414423,28.58170670670673,0
4619,4,0,0,38,0.0,0.0,1.0,38,600,400,200,0.6666666666666666,8,4,4,374.61486922769666,0.4294689426268374,0.16199251504097734,0.22497141606052504,132278.91375171475,2310.729595336082,134589.64334705082,1970,13,319.44736842105266,35,3,17,33.189881488148814,0.6452380952380952,42.824074074074076,1028.7037037037042,29.391534391534403,0
4620,4,0,0,38,0.0,0.0,1.0,38,550,200,350,0.36363636363636365,9,2,7,374.44490600634293,0.42909850640113795,0.164884452102243,0.2250467051717634,132308.68115837185,2308.462336033945,134617.14349440578,1971,14,320.44736842105266,35,3,18,33.164233884576426,0.6455357142857143,42.795138888888886,1028.8194444444441,29.394841269841262,0
4621,4,0,0,38,0.0,0.0,1.0,38,1400,1100,300,0.7857142857142857,17,11,6,375.34676231937414,0.4282983641536273,0.15452044958041955,0.22686052741441412,132520.55165816317,2348.2621419516763,134868.81380011485,1972,15,321.44736842105266,34,4,18,32.92745789493968,0.6498161764705883,42.58928571428571,1029.6428571428564,30.28361344537813,0
4622,4,0,1,37,0.0,0.02631578947368421,0.9736842105263158,38,1050,800,250,0.7619047619047619,13,8,5,373.03511646067784,0.42780938833570414,0.14964178414605955,0.22638470531912355,132673.81660997713,2298.3985260770687,134972.2151360542,1973,16,322.44736842105266,34,4,15,32.83260149449194,0.6513480392156863,42.440476190476176,1030.2380952380936,30.301120448179223,0
4623,4,0,0,37,0.0,0.0,1.0,37,1450,1100,350,0.7586206896551724,18,11,7,370.3187348216985,0.4261448948948949,0.13898900632534206,0.22602752376960727,132888.53635204062,2442.2229308389824,135330.75928287962,1974,17,327.97297297297297,34,3,17,32.686516183658554,0.6534926470588236,42.23214285714285,1031.071428571427,30.325630252100797,0
4624,4,0,0,37,0.0,0.0,1.0,37,1200,800,400,0.6666666666666666,16,8,8,368.69127177556436,0.4260197697697698,0.14309674953822626,0.22549127816005846,132964.41139671198,2404.563587748604,135368.97498446057,1975,18,328.97297297297297,35,2,18,32.65217614932853,0.6520833333333333,42.1585648148148,1031.3657407407395,29.467592592592556,0
4625,4,0,0,37,0.0,0.0,1.0,37,1300,900,400,0.6923076923076923,17,9,8,372.12822187859405,0.424705955955956,0.13878137417444392,0.22868830837294407,133143.52823055958,2509.292883016087,135652.82111357566,1976,19,329.97297297297297,35,2,18,32.38348566408732,0.6538690476190476,41.98495370370369,1032.0601851851832,29.487433862433804,0
4626,4,0,0,37,0.0,0.0,1.0,37,750,400,350,0.5333333333333333,11,4,7,369.3428451494568,0.4241741741741742,0.13721646767269502,0.22770611759352416,133263.00643271997,2443.9475898061964,135706.95402252616,1977,20,330.97297297297297,35,2,18,32.3353370324702,0.6550595238095238,41.86921296296294,1032.523148148145,29.500661375661288,0
4627,4,0,0,37,0.0,0.0,1.0,37,650,300,350,0.46153846153846156,10,3,7,370.02676142949497,0.4238613613613614,0.14020104500968134,0.2285195575131242,133326.8038942657,2466.897091348083,135793.70098561377,1978,21,331.97297297297297,36,1,18,32.25361647221314,0.6536458333333333,41.80743243243242,1032.7702702702686,28.688063063063016,0
4628,4,0,0,37,0.0,0.0,1.0,37,850,500,350,0.5882352941176471,12,5,7,382.20019229727643,0.423485985985986,0.1720212697724277,0.22265237008812405,131120.59709630086,2665.5243890153915,133786.12148531625,1979,22,332.97297297297297,35,2,21,34.16640769201794,0.6336309523809525,43.95254629629631,1024.189814814817,29.2625661375662,8
4629,4,1,0,38,0.02631578947368421,0.0,1.0,38,600,200,400,0.3333333333333333,10,2,8,372.91288643569493,0.4265350877192982,0.16607793287212402,0.21876878596622681,131389.14399092997,2199.6691864117333,133588.8131773417,1980,0,325.1842105263158,34,4,22,34.13236375599937,0.6384803921568627,43.690476190476204,1025.2380952380972,30.15406162464992,0
4630,4,0,0,38,0.0,0.0,1.0,38,750,400,350,0.5333333333333333,11,4,7,373.36390848060495,0.42616465149359883,0.1634046816204855,0.21973384122055312,131511.22448979615,2220.308956916125,133731.53344671227,1981,1,326.1842105263158,34,4,22,33.997311203961615,0.6397058823529411,43.571428571428584,1025.7142857142874,30.168067226890805,0
4631,4,0,0,38,0.0,0.0,1.0,38,1300,1000,300,0.7692307692307693,16,10,6,372.36211464688495,0.4263869132290185,0.16279221627269158,0.21979777020368074,131624.87809713665,2202.4235896776627,133827.30168681432,1982,2,327.1842105263158,35,3,15,33.908094593578475,0.6386904761904761,43.46064814814816,1026.1574074074088,29.31878306878311,0
4632,4,1,1,38,0.02564102564102564,0.02564102564102564,0.9743589743589743,39,1050,800,250,0.7619047619047619,13,8,5,362.779963178659,0.42892487629329734,0.15867984127519463,0.21605772741789098,131963.7458404352,1774.7605713822147,133738.50641181742,1983,0,319.7692307692308,36,3,17,33.81192459447611,0.6400462962962963,43.13063063063064,1027.477477477479,28.541041041041083,0
4633,4,0,0,38,0.0,0.0,1.0,38,900,700,200,0.7777777777777778,11,7,4,369.6759580345983,0.4252607871028924,0.17045373686582366,0.2199225069380093,131921.96609224982,2153.675840192062,134075.64193244188,1984,1,329.10526315789474,35,3,19,33.67695658705122,0.6416666666666666,43.171296296296305,1027.3148148148161,29.35185185185189,0
4634,4,1,1,38,0.02564102564102564,0.02564102564102564,0.9743589743589743,39,750,400,350,0.5333333333333333,11,4,7,360.76610317769723,0.4271536212325686,0.1678275737182997,0.2163412226081361,132224.214818704,1740.4029451749257,133964.61776387892,1985,0,321.64102564102564,36,3,20,33.601135077922585,0.642650462962963,42.87725225225226,1028.4909909909923,28.56919419419423,0
4635,4,1,0,39,0.02564102564102564,0.0,1.0,39,1400,1000,400,0.7142857142857143,18,10,8,360.0211753663276,0.4281376518218623,0.1749032767697034,0.21723394394220608,132457.56842635458,1737.620028609063,134195.18845496365,1986,0,321.20512820512823,35,4,22,33.38533468255753,0.6470238095238094,42.65046296296296,1029.398148148148,29.411375661375658,0
4636,4,0,4,35,0.0,0.10256410256410256,0.8974358974358975,39,1200,800,400,0.6666666666666666,16,8,8,379.0617831748082,0.42701304543409807,0.11742569947012327,0.2200913081377567,130992.77388038556,2172.3714472929173,133165.14532767847,1987,1,322.20512820512823,34,5,20,34.376332519285185,0.6344975490196079,44.077380952380956,1023.6904761904768,30.108543417366967,8
4637,4,0,0,35,0.0,0.0,1.0,35,1250,1000,250,0.8,15,10,5,397.7834783629266,0.41922268907563026,0.1516379601485991,0.23049645390070914,130915.14373048887,3415.1762486992493,134330.31997918812,1988,31,347.14285714285717,30,5,20,33.97606382978724,0.64375,44.1532258064516,1023.3870967741918,34.11290322580639,0
4638,4,0,0,35,0.0,0.0,1.0,35,700,500,200,0.7142857142857143,9,5,4,398.04742916545376,0.41929271708683474,0.14897503704120463,0.23126828893617557,131018.32807622262,3430.301732859281,134448.6298090819,1989,32,348.14285714285717,30,5,20,33.864491707146286,0.6447916666666667,44.052419354838705,1023.7903225806447,34.12634408602149,0
4639,4,1,0,36,0.027777777777777776,0.0,1.0,36,1350,1200,150,0.8888888888888888,15,12,3,386.4924825024356,0.42161044973544975,0.14178028316727853,0.2267818966560445,131397.0184414383,2957.1578000346813,134354.17624147297,1990,0,339.44444444444446,30,6,21,33.776328439084075,0.6486111111111111,43.68279569892473,1025.2688172043008,34.17562724014336,0
4640,4,1,1,36,0.02702702702702703,0.02702702702702703,0.972972972972973,37,1050,700,350,0.6666666666666666,14,7,7,375.4656445761017,0.4235172672672673,0.14274109239232868,0.22243024849606025,131762.23966810433,2494.4388495551175,134256.67851765946,1991,0,331.2432432432432,31,6,19,33.689626928767694,0.6495295698924731,43.326822916666664,1026.692708333333,33.119119623655905,0
4641,4,0,0,36,0.0,0.0,1.0,36,1250,1000,250,0.8,15,10,5,388.97230338517056,0.419890873015873,0.15538455941206486,0.2296831814652573,131638.28775364198,3040.7296002427993,134679.0173538848,1992,1,341.4166666666667,30,6,19,33.468402095612305,0.6510416666666667,43.44758064516129,1026.2096774193544,34.20698924731182,0
4642,4,1,0,37,0.02702702702702703,0.0,1.0,37,1400,1100,300,0.7857142857142857,17,11,6,378.4054836594068,0.4226413913913914,0.15292941192586373,0.22555710551661948,131996.29041883687,2589.6240234375064,134585.91444227437,1993,0,333.1621621621622,31,6,21,33.37768204088528,0.6518817204301075,43.098958333333336,1027.6041666666672,33.14852150537636,0
4643,4,0,0,37,0.0,0.0,1.0,37,1450,1100,350,0.7586206896551724,18,11,7,381.02559179331314,0.42173423423423423,0.15462594416627606,0.22812426826321414,132163.59668307842,2671.542527940549,134835.13921101898,1994,1,334.1621621621622,31,6,21,33.14140918492255,0.6535618279569892,42.93619791666667,1028.255208333334,33.16952284946238,0
4644,4,0,0,37,0.0,0.0,1.0,37,950,700,250,0.7368421052631579,12,7,5,382.2046272181592,0.42092092092092087,0.1549307819400212,0.22964249122818836,132297.51798841695,2712.9447089301266,135010.46269734707,1995,2,335.1621621621622,31,6,21,32.97591549592877,0.6549059139784946,42.805989583333336,1028.7760416666672,33.1863239247312,0
4645,4,0,0,37,0.0,0.0,1.0,37,750,500,250,0.6666666666666666,10,5,5,367.3309058847415,0.42095220220220225,0.0964643991165055,0.20979907050977029,130356.4302942377,2218.331178799349,132574.76147303704,1996,3,336.1621621621622,33,4,19,35.32178787151487,0.6303661616161615,44.69975490196078,1021.2009803921561,30.94548425430776,8
4646,4,1,0,38,0.02631578947368421,0.0,1.0,38,850,400,450,0.47058823529411764,13,4,9,359.54803926061874,0.42213430535798957,0.09164414704242252,0.20711992684168024,130688.2812499999,1797.743055555541,132486.02430555545,1997,0,328.2894736842105,34,4,15,35.18405324640043,0.6314338235294117,44.37499999999999,1022.4999999999992,30.07352941176468,0
4647,4,0,1,37,0.0,0.02631578947368421,0.9736842105263158,38,1200,900,300,0.75,15,9,6,374.8229718316511,0.42225284495021337,0.09758222034524655,0.19983877161291747,127631.95363860471,1967.8776327002556,129599.83127130497,1998,1,329.2894736842105,36,2,16,37.91304468962444,0.5963541666666667,47.38175675675675,1010.472972972972,28.068693693693668,8
4648,4,1,1,37,0.02631578947368421,0.02631578947368421,0.9736842105263158,38,950,800,150,0.8421052631578947,11,8,3,375.37437810328356,0.42318634423897583,0.11103622084163645,0.20112541261142494,127831.16731596446,1996.9089866893735,129828.07630265383,1999,0,330.07894736842104,36,2,18,37.69464550853749,0.5983796296296297,47.184684684684676,1011.26126126126,28.090590590590555,0
4649,4,1,0,38,0.02631578947368421,0.0,1.0,38,900,600,300,0.6666666666666666,12,6,6,378.69463847366103,0.42281590801327645,0.12174236347348533,0.2042043254492943,128087.52745566498,2101.211980561623,130188.7394362266,2000,0,330.89473684210526,36,2,19,37.34773055957281,0.6009837962962963,46.9313063063063,1012.2747747747735,28.118743743743707,0
4650,4,3,1,40,0.07317073170731707,0.024390243902439025,0.975609756097561,41,1250,1000,250,0.8,15,10,5,355.71841949771374,0.42817581300813007,0.1314552466881953,0.1958405804047854,128915.32368517174,971.5490828666609,129886.8727680384,2001,0,307.609756097561,36,5,18,37.08370296444147,0.609375,46.11486486486487,1015.5405405405412,28.209459459459477,0
4651,4,1,0,41,0.024390243902439025,0.0,1.0,41,900,500,400,0.5555555555555556,13,5,8,354.85292670049313,0.42947154471544713,0.13682126458570298,0.19567604243770037,128978.53185595557,953.6819021237186,129932.21375807929,2002,0,308.5853658536585,37,4,19,37.041234887737474,0.6081081081081081,46.05263157894736,1015.7894736842097,27.453769559032697,0
4652,4,0,0,41,0.0,0.0,1.0,41,1050,800,250,0.7619047619047619,13,8,5,357.8778872603152,0.429369918699187,0.13297406250575627,0.1980400081800512,129117.79495854478,1041.6807334949058,130159.47569203969,2003,1,309.5853658536585,37,4,20,36.822450282303016,0.6095157657657657,45.91557017543859,1016.3377192982443,27.46858700806066,0
4653,4,1,0,42,0.023809523809523808,0.0,1.0,42,1400,1000,400,0.7142857142857143,18,10,8,357.77521221683213,0.4310152922957801,0.15119632140908768,0.2005510593252152,129625.34722222229,875.4554285934225,130500.80265081572,2004,0,303.1904761904762,34,8,17,36.308306055646476,0.6207107843137255,45.41666666666667,1018.3333333333339,29.95098039215688,0
4654,4,1,0,43,0.023255813953488372,0.0,1.0,43,1350,1000,350,0.7407407407407407,17,10,7,350.3577221736212,0.43203211517165,0.14933347411767794,0.19811627293643144,129967.37423911181,507.01463906035775,130474.38887817218,2005,0,297.1162790697674,35,8,18,36.149735149451374,0.6220238095238095,45.08101851851852,1019.6759259259261,29.13359788359789,0
4655,4,0,4,39,0.0,0.09302325581395349,0.9069767441860466,43,1000,700,300,0.7,13,7,6,333.97295477993055,0.43191675895164267,0.1331869652892954,0.18335585601861568,128804.55864800367,3.447808159742692,128808.00645616342,2006,1,298.1162790697674,39,4,17,37.74852488455618,0.6028311965811965,46.22395833333334,1015.1041666666683,26.02831196581201,8
4656,4,1,0,40,0.025,0.0,1.0,40,1500,1000,500,0.6666666666666666,20,10,10,348.56188415224005,0.4283653846153846,0.14891186953234725,0.19153320387926362,128839.3438966798,981.6968923130275,129821.04078899283,2007,0,317.6,37,3,19,37.34283309932679,0.6067004504504505,46.189692982456144,1015.2412280701758,27.438952110004752,0
4657,4,1,0,41,0.024390243902439025,0.0,1.0,41,1350,800,550,0.5925925925925926,19,8,11,342.29958560328333,0.43142784552845526,0.15535931712443785,0.18969018969220966,129174.23575726854,643.2574740667644,129817.4932313353,2008,0,310.8292682926829,38,3,20,37.16084252933963,0.6082785087719298,45.86004273504273,1016.5598290598285,26.751574448942858,0
4658,4,0,0,41,0.0,0.0,1.0,41,1600,1300,300,0.8125,19,13,6,341.9261887826924,0.4312754065040651,0.1560102369059928,0.18974754928676854,129229.25954380175,637.3764925728458,129866.63603637459,2009,1,311.8292682926829,37,4,20,37.11435979007154,0.6106418918918919,45.80592105263157,1016.776315789472,27.480440967283027,0
4659,4,0,0,41,0.0,0.0,1.0,41,1550,1200,350,0.7741935483870968,19,12,7,340.1896282123301,0.4312754065040651,0.1557736896618802,0.18945254325054006,129368.6579043551,601.9751269621311,129970.63303131724,2010,2,312.8292682926829,37,4,21,37.01677804124452,0.6120495495495495,45.6688596491228,1017.324561403508,27.495258416311028,0
4660,4,0,0,41,0.0,0.0,1.0,41,1500,900,600,0.6,21,9,12,338.0798475452481,0.4302083333333333,0.15521064301552134,0.18908031955482424,129536.03512619267,558.7046014158211,130094.7397276085,2011,3,313.8292682926829,37,4,18,36.90040212552061,0.6137387387387387,45.50438596491228,1017.9824561403508,27.513039355144617,0
4661,4,0,1,40,0.0,0.024390243902439025,0.975609756097561,41,1100,800,300,0.7272727272727273,14,8,6,338.08684877324777,0.42954776422764224,0.15655353193635335,0.1893531048075018,129591.85157933213,562.6601454293677,130154.5117247615,2012,4,314.8292682926829,37,4,19,36.843545839615196,0.6143018018018018,45.449561403508774,1018.201754385965,27.518966334755813,0
4662,4,1,0,41,0.024390243902439025,0.0,1.0,41,950,800,150,0.8421052631578947,11,8,3,338.4219644819685,0.4315548780487805,0.16770326515402045,0.19062386290275257,129815.2376211912,586.4655470914199,130401.70316828262,2013,0,315.4878048780488,37,4,20,36.60829567462879,0.6165540540540541,45.23026315789474,1019.0789473684216,27.542674253200584,0
4663,4,0,0,41,0.0,0.0,1.0,41,750,400,350,0.5333333333333333,11,4,7,337.98064837962454,0.4318089430894309,0.16951180160397916,0.1907836118995369,129899.0569814752,580.6735005001657,130479.73048197536,2014,1,316.4878048780488,37,4,20,36.534522785127805,0.6173986486486487,45.14802631578948,1019.4078947368431,27.551564722617382,0
4664,4,1,0,42,0.023809523809523808,0.0,1.0,42,1150,800,350,0.6956521739130435,15,8,7,329.33435632745125,0.43275745257452575,0.16949152542372947,0.18803929377406095,130344.39718934918,185.3776298487947,130529.77481919798,2015,0,309.92857142857144,38,4,22,36.304012345679034,0.6200657894736843,44.71153846153847,1021.1538461538466,26.872469635627542,0
4665,4,1,0,43,0.023255813953488372,0.0,1.0,43,1400,900,500,0.6428571428571429,19,9,10,319.9667615533315,0.43390088593576964,0.17446006942387626,0.18419200965665394,130661.65500217024,-238.52267795137834,130423.13232421887,2016,0,303.69767441860466,39,4,14,36.2227245712345,0.6215277777777778,44.40104166666667,1022.3958333333342,26.2152777777778,0
4666,4,0,1,42,0.0,0.023255813953488372,0.9767441860465116,43,1200,900,300,0.75,15,9,6,320.73131557682666,0.43341638981173863,0.16725905333374436,0.1853974249723374,130821.4531792534,-208.29264322917143,130613.16053602422,2017,1,304.69767441860466,39,4,15,36.04192122322914,0.6231303418803419,44.244791666666664,1023.0208333333327,26.231303418803403,0
4667,4,2,0,44,0.045454545454545456,0.0,1.0,44,1050,900,150,0.8571428571428571,12,9,3,314.67098448800203,0.4348462825933756,0.17218935711644767,0.18368258220171124,131197.94894118933,-543.1624487738522,130654.78649241547,2018,0,298.34090909090907,40,4,19,35.81758588764344,0.6252604166666667,43.877032520325216,1024.491869918701,25.612296747967527,0
4668,4,0,0,44,0.0,0.0,1.0,44,1250,800,450,0.64,17,8,9,314.0745858548602,0.4345049330514447,0.17153636724243615,0.18370812782833024,131276.04683059032,-553.9059918038124,130722.14083878651,2019,1,299.34090909090907,40,4,20,35.754247653047734,0.6260416666666666,43.800813008130085,1024.7967479674803,25.619918699187007,0
4669,4,0,0,44,0.0,0.0,1.0,44,1500,1100,400,0.7333333333333333,19,11,8,315.0747854802053,0.43399841437632136,0.1643969410656394,0.1849302989553766,131408.2153320315,-519.306620937512,130888.908711094,2020,2,300.34090909090907,39,5,20,35.59562210030818,0.6290064102564102,43.671875000000014,1025.312500000002,26.290064102564155,0
4670,4,0,0,44,0.0,0.0,1.0,44,900,600,300,0.6666666666666666,12,6,6,315.4269588101816,0.43399841437632136,0.1656108012264046,0.18526628774030016,131434.9175347224,-508.37673611109096,130926.5407986113,2021,3,301.34090909090907,39,5,20,35.559731816334825,0.6292735042735043,43.64583333333334,1025.416666666668,26.292735042735078,0
4671,4,0,0,44,0.0,0.0,1.0,44,1450,1100,350,0.7586206896551724,18,11,7,316.39900790081276,0.43359099718111344,0.16539980985609914,0.18648796103022805,131568.46923828154,-474.3733723958047,131094.09586588573,2022,4,302.34090909090907,39,5,14,35.400484820793984,0.6306089743589743,43.515625000000014,1025.9375000000023,26.3060897435898,0
4672,4,0,0,44,0.0,0.0,1.0,44,1450,1100,350,0.7586206896551724,18,11,7,312.87361749041554,0.43315054615926707,0.1638974481982396,0.18505742057326308,131702.0887586809,-558.7782118055165,131143.3105468754,2023,5,303.34090909090907,39,5,14,35.35662336783709,0.6319444444444444,43.385416666666686,1026.4583333333362,26.319444444444517,0
4673,4,0,0,44,0.0,0.0,1.0,44,1450,1100,350,0.7586206896551724,18,11,7,316.3470967882928,0.43300739957716705,0.16233380709929324,0.18783805876277856,131849.4747256925,-457.96029149314313,131391.51443419937,2024,6,304.34090909090907,40,4,14,35.11940101589815,0.6317708333333334,43.241869918699194,1027.0325203252044,25.67581300813011,0
4674,4,1,3,42,0.022222222222222223,0.06666666666666667,0.9333333333333333,45,950,700,250,0.7368421052631579,12,7,5,311.7320725886491,0.43436447811447815,0.16857498177451857,0.18653528870142966,132142.87682665666,-761.3654257999447,131381.51140085672,2025,0,298.55555555555554,41,4,15,34.943474205583435,0.6331300813008129,42.95634920634921,1028.1746031746038,25.077429345722045,0
4675,4,0,1,41,0.0,0.023809523809523808,0.9761904761904762,42,1400,1100,300,0.7857142857142857,17,11,6,333.0597904770245,0.4290069686411149,0.1774303852043475,0.19718863380737658,131739.1030777447,375.3996137409382,132114.50269148563,2026,1,320.07142857142856,38,4,16,34.801358101779584,0.634046052631579,43.349358974358964,1026.6025641025624,27.01585695006743,0
4676,4,1,0,42,0.023809523809523808,0.0,1.0,42,1500,1200,300,0.8,18,12,6,324.79975248910125,0.4296239837398374,0.1621096069350434,0.19439507574347725,132150.72320841564,184.50443786983803,132335.2276462855,2027,0,315.6190476190476,38,4,17,34.59969866999168,0.638157894736842,42.948717948717956,1028.2051282051293,27.058029689608667,0
4677,4,0,0,42,0.0,0.0,1.0,42,900,400,500,0.4444444444444444,14,4,10,322.3298527114986,0.42905536198219124,0.15932125421062748,0.19333766305629893,132233.1242809008,124.53669460881238,132357.6609755096,2028,1,316.6190476190476,38,4,18,34.58047678404486,0.6389802631578947,42.868589743589745,1028.5256410256416,27.066464237516882,0
4678,4,0,0,42,0.0,0.0,1.0,42,1950,1600,350,0.8205128205128205,23,16,7,320.4445245783412,0.4278939217963608,0.15799113167534262,0.1930482867581713,132398.0034722221,85.24305555554633,132483.24652777764,2029,2,317.6190476190476,38,4,19,34.46356275303645,0.640625,42.70833333333333,1029.1666666666656,27.083333333333304,0
4679,4,1,0,43,0.023255813953488372,0.0,1.0,43,1150,800,350,0.6956521739130435,15,8,7,316.67296729109677,0.42718715393133994,0.17223448026298782,0.19310612182871129,132854.01611328125,-185.7449001736117,132668.27121310763,2030,0,311.2093023255814,39,4,15,34.10387406958337,0.6434294871794872,42.265625,1030.9375,26.434294871794872,0
4680,4,0,0,43,0.0,0.0,1.0,43,1450,1000,450,0.6896551724137931,19,10,9,315.7418157446101,0.42672572905131045,0.1665343623322515,0.19323086894333316,132988.2866753473,-202.0073784722124,132786.2792968751,2031,1,312.2093023255814,39,4,15,33.99355349087726,0.6447649572649572,42.13541666666667,1031.4583333333342,26.447649572649595,0
4681,4,0,0,43,0.0,0.0,1.0,43,1350,900,450,0.6666666666666666,18,9,9,315.52431394536785,0.4257798080472499,0.17166916615620753,0.1940738936613687,133176.37939453125,-195.9228515624996,132980.45654296875,2032,2,313.2093023255814,39,4,17,33.8111186799879,0.6466346153846154,41.953125,1032.1875,26.466346153846153,0
4682,4,0,2,41,0.0,0.046511627906976744,0.9534883720930233,43,1100,900,200,0.8181818181818182,13,9,4,314.5615231633206,0.42529531192321895,0.16678867053325064,0.19390135681559917,133257.03125,-216.49305555555486,133040.53819444444,2033,3,314.2093023255814,39,4,18,33.755380683346786,0.6474358974358974,41.875,1032.5,26.474358974358974,0
4683,4,0,0,41,0.0,0.0,1.0,41,1500,1000,500,0.6666666666666666,20,10,10,322.57083717657946,0.421875,0.1737037257762355,0.19832523124383689,133160.81781173055,390.7592961295797,133551.57710786012,2034,4,326.780487804878,37,4,19,33.64484843655937,0.6500563063063063,41.968201754385966,1032.1271929824563,27.89532954006639,0
4684,4,0,0,41,0.0,0.0,1.0,41,1150,900,250,0.782608695652174,14,9,5,319.3225692918943,0.4221798780487805,0.17181692683444805,0.19692604027647487,133274.01369892666,311.4800948368826,133585.49379376354,2035,5,327.780487804878,37,4,20,33.61551361013769,0.6511824324324325,41.85855263157895,1032.5657894736848,27.90718349928878,0
4685,4,0,1,40,0.0,0.024390243902439025,0.975609756097561,41,1550,1100,450,0.7096774193548387,20,11,9,321.84902447776307,0.42047764227642276,0.17729184188393599,0.1996989503425226,133500.5497484804,393.40434075870536,133893.95408923912,2036,6,328.780487804878,37,4,21,33.32393899204244,0.6534346846846847,41.63925438596492,1033.4429824561412,27.930891417733545,0
4686,4,0,0,40,0.0,0.0,1.0,40,650,300,350,0.46153846153846156,10,3,7,323.88137356919844,0.4200988247863248,0.18185483870967722,0.20080645161290323,133472.2222222223,645.8333333333424,134118.05555555565,2037,7,335.25,37,3,21,33.29973118279569,0.6531531531531531,41.66666666666667,1033.3333333333342,27.92792792792795,0
4687,4,1,1,40,0.024390243902439025,0.024390243902439025,0.975609756097561,41,850,600,250,0.7058823529411765,11,6,5,318.28506707399447,0.42253556910569107,0.18171571858802826,0.19900726360789514,133783.9903263504,316.28926688981437,134100.27959324024,2038,0,328.0487804878049,37,4,18,33.13316993464053,0.65625,41.36513157894737,1034.5394736842106,27.960526315789476,0
4688,4,0,0,40,0.0,0.0,1.0,40,1200,900,300,0.75,15,9,6,325.4990527478377,0.42000534188034183,0.1808810716619471,0.20276338550411438,133646.8288389741,700.3832379676917,134347.2120769418,2039,9,337.25,36,4,21,33.08352392361867,0.6568287037037037,41.497747747747745,1034.0090090090089,28.722472472472468,0
4689,4,0,2,38,0.0,0.05,0.95,40,950,400,550,0.42105263157894735,15,4,11,324.2373174174243,0.41991185897435895,0.1777762656505173,0.20245545618484329,133734.17494775186,672.3220264183193,134406.49697417018,2040,10,338.25,36,4,18,33.028942115768466,0.6576967592592593,41.41328828828829,1034.3468468468473,28.73185685685687,0
4690,4,0,0,38,0.0,0.0,1.0,38,1600,1300,300,0.8125,19,13,6,325.6781826672962,0.4173482693219535,0.14797663697222707,0.2037254915929293,133801.32144043632,1115.2342410408025,134916.55568147713,2041,11,322.7631578947368,35,3,18,32.92466066301226,0.6604166666666667,41.348379629629626,1034.606481481481,29.560185185185173,0
4691,4,0,0,38,0.0,0.0,1.0,38,800,500,300,0.625,11,5,6,325.6781826672962,0.4173482693219535,0.14797663697222707,0.2037254915929293,133801.32144043632,1115.2342410408025,134916.55568147713,2042,12,323.7631578947368,35,3,18,32.92466066301226,0.6604166666666667,41.348379629629626,1034.606481481481,29.560185185185173,0
4692,4,0,0,38,0.0,0.0,1.0,38,700,500,200,0.7142857142857143,9,5,4,325.37390727205445,0.4167259364627786,0.14589770299616878,0.20419781422694605,133921.09435281626,1114.8859471450553,135035.98029996132,2043,13,324.7631578947368,35,3,19,32.813024152968794,0.6616071428571428,41.232638888888886,1035.069444444444,29.57341269841268,0
4693,4,0,0,38,0.0,0.0,1.0,38,1400,900,500,0.6428571428571429,19,9,10,325.51296757035345,0.41528864390706494,0.141071857726508,0.2053544770721612,134113.00447406856,1131.1044152260247,135244.10888929458,2044,14,325.7631578947368,36,2,20,32.61805102558526,0.6614583333333333,41.04729729729729,1035.81081081081,28.772522522522497,0
4694,4,0,0,38,0.0,0.0,1.0,38,700,400,300,0.5714285714285714,10,4,6,326.44470699432884,0.4149626600284495,0.1418363844393593,0.20627000716674615,134171.33349565775,1159.9043300056737,135331.2378256634,2045,15,326.7631578947368,36,2,20,32.53577898550724,0.662037037037037,40.99099099099099,1036.0360360360355,28.778778778778765,0
4695,4,0,2,36,0.0,0.05263157894736842,0.9473684210526316,38,600,400,200,0.6666666666666666,8,4,4,328.1980077441153,0.41419215267899473,0.13299709508451718,0.2080395635865589,134288.02958363757,1214.6127546465254,135502.6423382841,2046,16,327.7631578947368,36,2,21,32.37405838041432,0.6631944444444444,40.87837837837837,1036.4864864864855,28.791291291291266,0
4696,4,0,0,36,0.0,0.0,1.0,36,800,600,200,0.75,10,6,4,342.63300778582834,0.4140376984126984,0.13421294699321606,0.21546487843191228,133995.55165816317,1982.259778911548,135977.8114370747,2047,17,339.8888888888889,34,2,21,32.29202598597215,0.6645220588235294,41.16071428571428,1035.357142857142,30.451680672268882,0
4697,4,0,0,36,0.0,0.0,1.0,36,850,600,250,0.7058823529411765,11,6,5,342.52184423427104,0.41360780423280424,0.13462226310007397,0.21557561513384152,134026.36763038547,1981.391723356007,136007.75935374148,2048,18,340.8888888888889,34,2,22,32.264122020387845,0.664828431372549,41.13095238095238,1035.4761904761904,30.45518207282913,0
4698,4,0,0,36,0.0,0.0,1.0,36,850,500,350,0.5882352941176471,12,5,7,345.0440730358714,0.41372354497354497,0.13652006793599702,0.21771054963633898,134118.83680555545,2055.3819444444257,136174.21874999988,2049,19,341.8888888888889,34,2,22,32.10646285867522,0.6657475490196079,41.04166666666666,1035.8333333333323,30.465686274509775,0
4699,4,1,1,36,0.02702702702702703,0.02702702702702703,0.972972972972973,37,900,600,300,0.6666666666666666,12,6,6,337.6953125,0.41519644644644643,0.141264478764479,0.2148970170454543,134430.72702331943,1679.3252743483938,136110.05229766783,2050,0,333.6216216216216,35,2,23,31.985677083333325,0.6666666666666667,40.740740740740726,1037.0370370370354,29.62962962962958,0
4700,4,0,0,36,0.0,0.0,1.0,36,850,500,350,0.5882352941176471,12,5,7,349.0122339515024,0.41190476190476194,0.14168197122742554,0.2222656858322727,134458.16326530618,2185.508786848077,136643.67205215426,2051,1,342.6111111111111,34,2,24,31.664897076828886,0.6691176470588236,40.714285714285715,1037.1428571428576,30.50420168067228,0
4701,4,0,0,36,0.0,0.0,1.0,36,700,400,300,0.5714285714285714,10,4,6,349.1388735524297,0.4112599206349206,0.14495192920715083,0.2227229973745149,134519.90504535148,2193.225623582768,136713.13066893426,2052,2,343.6111111111111,34,2,24,31.60001147578609,0.6697303921568627,40.654761904761905,1037.3809523809525,30.51120448179272,0
4702,4,0,0,36,0.0,0.0,1.0,36,1250,900,350,0.72,16,9,7,346.48853261185616,0.4110284391534391,0.139328400309626,0.22179980216854198,134646.1566014273,2130.673387614847,136776.82998904213,2053,3,344.6111111111111,33,3,26,31.54285728342581,0.6732954545454546,40.533088235294116,1037.8676470588234,31.450534759358284,0
4703,4,0,1,35,0.0,0.027777777777777776,0.9722222222222222,36,650,400,250,0.6153846153846154,9,4,5,347.0050053484748,0.410433201058201,0.14527013733128769,0.2225192581610092,134709.75894187336,2148.992124423308,136858.75106629665,2054,4,345.6111111111111,33,3,26,31.466055758863597,0.6739267676767677,40.4718137254902,1038.1127450980396,31.457961972667867,0
4704,4,0,0,35,0.0,0.0,1.0,35,1200,800,400,0.6666666666666666,16,8,8,348.56697300489003,0.40952380952380957,0.138347693162868,0.223954280155642,134780.12447709427,2395.9800020406183,137176.1044791349,2055,5,349.37142857142857,32,3,23,31.355382619974055,0.6770833333333333,40.40404040404041,1038.3838383838392,32.44949494949498,0
4705,4,0,0,35,0.0,0.0,1.0,35,900,600,300,0.6666666666666666,12,6,6,348.7731991192199,0.4089635854341737,0.14094728800611178,0.22489858012170402,134911.26543209888,2410.686728395079,137321.95216049397,2056,6,350.37142857142857,32,3,23,31.21936274509805,0.6783854166666667,40.277777777777786,1038.8888888888898,32.46527777777781,0
4706,4,0,0,35,0.0,0.0,1.0,35,1300,1100,200,0.8461538461538461,15,11,4,354.40262231677366,0.40857843137254907,0.11634209451178013,0.21243905760588297,132208.8860053824,2371.035178777375,134579.9211841598,2057,7,351.37142857142857,33,2,20,33.78018748013981,0.648989898989899,42.89215686274509,1028.4313725490185,31.164587046939957,8
4707,4,0,0,35,0.0,0.0,1.0,35,800,600,200,0.75,10,6,4,354.2046043386891,0.40822829131652666,0.11736200911998917,0.21303021905642056,132334.9492983467,2374.729671280269,134709.67896962698,2058,8,352.37142857142857,33,2,21,33.658388915356525,0.6502525252525253,42.76960784313725,1028.9215686274504,31.179441473559102,0
4708,4,0,1,34,0.0,0.02857142857142857,0.9714285714285714,35,1450,1200,250,0.8275862068965517,17,12,5,356.31936130615196,0.407983193277311,0.11650750819155076,0.215031217818583,132462.98408644527,2439.8401955400363,134902.82428198532,2059,9,353.37142857142857,32,3,21,33.47515229567848,0.6539713541666667,42.64520202020202,1029.419191919192,32.16934974747475,0
4709,4,1,0,35,0.02857142857142857,0.0,1.0,35,1200,800,400,0.6666666666666666,16,8,8,372.9688331664868,0.41172969187675074,0.13354645354645323,0.21712804388263626,131094.66764661984,2832.6700695338473,133927.33771615368,2060,0,350.74285714285713,31,4,19,34.429036872218674,0.6428091397849462,43.97786458333332,1024.0885416666654,33.03511424731179,8
4710,4,0,0,35,0.0,0.0,1.0,35,1200,800,400,0.6666666666666666,16,8,8,373.33594549001083,0.4115896358543418,0.135812332050258,0.21790854741212196,131194.6953667534,2795.939127604158,133990.63449435757,2061,1,351.74285714285713,31,4,20,34.31833587527537,0.6438172043010753,43.88020833333333,1024.479166666666,33.04771505376342,0
4711,4,0,0,35,0.0,0.0,1.0,35,850,500,350,0.5882352941176471,12,5,7,371.9536347126833,0.41148459383753505,0.1371472130969018,0.21766892630658194,131294.76123385943,2767.112731933571,134061.873965793,2062,2,352.74285714285713,31,4,20,34.252450980392155,0.6448252688172043,43.78255208333332,1024.8697916666654,33.06031586021501,0
4712,4,0,1,34,0.0,0.02857142857142857,0.9714285714285714,35,800,800,0,1.0,8,8,0,369.2378740038077,0.4114495798319328,0.14259961188995107,0.21721334828439065,131495.00740898965,2710.5873955620423,134205.59480455169,2063,3,353.74285714285713,31,4,21,34.11950933096355,0.6468413978494624,43.58723958333332,1025.6510416666654,33.08551747311824,0
4713,4,0,0,34,0.0,0.0,1.0,34,550,300,250,0.5454545454545454,8,3,5,378.49411518212054,0.4101307189542484,0.15712368597629145,0.22188890211330003,131362.5694625101,3143.991899352517,134506.5613618626,2064,4,364.7647058823529,30,4,21,34.01621432629692,0.6482638888888889,43.71639784946236,1025.1344086021502,34.17114695340501,0
4714,4,0,0,34,0.0,0.0,1.0,34,1100,800,300,0.7272727272727273,14,8,6,423.09531492788295,0.4093137254901961,0.2092211497602139,0.22403243724869884,127354.7363281251,3976.638454861126,131331.37478298624,2065,5,365.7647058823529,31,3,18,36.979704162366694,0.6048387096774194,47.65625000000001,1009.3750000000008,32.560483870967765,8
4715,4,0,0,34,0.0,0.0,1.0,34,950,400,550,0.42105263157894735,15,4,11,420.82726734024146,0.40944370172311345,0.20566232426157582,0.22301256347839338,127387.59570651593,3921.6347588433255,131309.23046535926,2066,6,366.7647058823529,31,3,18,37.00301496195021,0.6051747311827957,47.62369791666667,1009.5052083333342,32.56468413978497,0
4716,4,1,0,35,0.02857142857142857,0.0,1.0,35,1100,900,200,0.8181818181818182,13,9,4,409.0560956108235,0.41502100840336137,0.2080042803638309,0.21931320788773076,127857.05061983477,3460.141184573012,131317.19180440778,2067,0,357.25714285714287,32,3,20,36.816479400749074,0.607421875,47.159090909090914,1011.3636363636368,31.60511363636365,0
4717,4,2,0,37,0.05405405405405406,0.0,1.0,37,800,300,500,0.375,13,3,10,375.63476711110894,0.4228603603603604,0.1665436823791393,0.19958775730255646,127493.9344993513,2264.4983833399356,129758.43288269122,2068,0,338.8918918918919,33,4,17,38.034294988472276,0.6013257575757576,47.51838235294118,1009.926470588236,30.60383244206776,8
4718,4,0,0,37,0.0,0.0,1.0,37,850,700,150,0.8235294117647058,10,7,3,379.72597541128505,0.4223911411411411,0.16827307657001978,0.2022261589981031,127586.77551903119,2289.6025567089637,129876.37807574015,2069,1,339.8918918918919,33,4,17,37.83559760633997,0.6022727272727273,47.4264705882353,1010.2941176470592,30.6149732620321,0
4719,4,1,0,38,0.02631578947368421,0.0,1.0,38,950,600,350,0.631578947368421,13,6,7,373.40986257485116,0.4264758179231864,0.16423999306664672,0.20118698679413094,128054.14540816341,1963.3361678004696,130017.48157596389,2070,0,331.92105263157896,34,4,19,37.51568258448992,0.6047794117647058,46.96428571428572,1012.1428571428584,29.768907563025245,0
4720,4,1,0,39,0.02564102564102564,0.0,1.0,39,850,500,350,0.5882352941176471,12,5,7,366.4408760387809,0.42898110661268557,0.17096828609986447,0.19892504699248117,128355.55555555566,1606.976332199557,129962.53188775522,2071,0,324.38461538461536,34,5,20,37.383497807017534,0.607843137254902,46.66666666666667,1013.3333333333343,29.80392156862748,0
4721,4,3,0,42,0.07142857142857142,0.0,1.0,42,1150,700,450,0.6086956521739131,16,7,9,339.40462577086384,0.43741531165311653,0.167642887970898,0.18768508780694315,129089.93632656203,362.7443059402867,129452.68063250232,2072,0,302.14285714285717,37,5,19,37.320169759746776,0.6092342342342343,45.94298245614035,1016.2280701754387,27.4656235182551,0
4722,4,0,0,42,0.0,0.0,1.0,42,1650,1200,450,0.7272727272727273,21,12,9,340.46669807420267,0.4370160665892373,0.1695189590450885,0.18935315375653936,129315.90374157944,405.59984279592936,129721.50358437537,2073,1,303.14285714285717,36,6,21,37.06335806023028,0.6134259259259259,45.72072072072072,1017.1171171171173,28.25325325325326,0
4723,4,1,2,41,0.023255813953488372,0.046511627906976744,0.9534883720930233,43,950,600,350,0.631578947368421,13,6,7,331.4221670200442,0.4383997785160576,0.175298425833452,0.18628211456643864,129731.44531250001,-0.824652777777402,129730.62065972223,2074,0,297.06976744186045,37,6,15,36.87159168370824,0.6157094594594594,45.3125,1018.7500000000001,27.533783783783786,0
4724,4,1,3,39,0.023809523809523808,0.07142857142857142,0.9285714285714286,42,1200,900,300,0.75,15,9,6,334.73216759689024,0.43821380178087493,0.17913957452181029,0.1889024676488189,129889.23890106339,295.6212969726651,130184.86019803605,2075,0,299.2142857142857,36,6,16,36.627264692885554,0.619212962962963,45.157657657657666,1019.3693693693707,28.315815815815853,0
4725,4,1,0,40,0.025,0.0,1.0,40,1450,1300,150,0.896551724137931,16,13,3,353.7088205345068,0.431877670940171,0.1879748684979543,0.1984248498146036,129655.65653344669,1172.0698696145078,130827.7264030612,2076,0,314.925,34,6,17,36.381015000974074,0.6210171568627452,45.38690476190476,1018.4523809523807,29.95448179271708,0
4726,4,1,1,40,0.024390243902439025,0.024390243902439025,0.975609756097561,41,1100,900,200,0.8181818181818182,13,9,4,343.72448144217117,0.4334857723577236,0.18398674765322998,0.194405070547087,129975.34855379043,735.141856383427,130710.49041017386,2077,0,308.219512195122,36,5,18,36.31073992269462,0.6200810185185186,45.073198198198206,1019.7072072072085,28.325200200200236,0
4727,4,1,0,41,0.024390243902439025,0.0,1.0,41,1300,1000,300,0.7692307692307693,16,10,6,343.8231266659847,0.4315548780487805,0.19144995423464173,0.19517778994948742,130118.92804967119,747.5793360928412,130866.50738576402,2078,0,309.0243902439024,36,5,19,36.1626195732156,0.6215277777777778,44.93243243243243,1020.2702702702694,28.340840840840816,0
4728,4,1,0,42,0.023809523809523808,0.0,1.0,42,1050,900,150,0.8571428571428571,12,9,3,338.2921539961515,0.43176538908246226,0.19875072820247275,0.1939248789271443,130498.99798525362,429.5159445606584,130928.51392981427,2079,0,302.64285714285717,35,7,16,35.91885666817702,0.6273809523809524,44.560185185185176,1021.759259259258,29.193121693121658,0
4729,4,0,1,41,0.0,0.023809523809523808,0.9761904761904762,42,1400,1000,400,0.7142857142857143,18,10,8,353.62257341990846,0.4314508323654665,0.0865901229116064,0.20044513579709256,130061.48674011891,874.1956796636919,130935.6824197826,2080,1,303.64285714285717,36,6,17,35.97096489291234,0.6209490740740741,44.98873873873876,1020.0450450450484,28.334584584584675,8
4730,4,0,2,39,0.0,0.04878048780487805,0.9512195121951219,41,600,500,100,0.8333333333333334,7,5,2,362.71392146732444,0.4305132113821138,0.09314249328645396,0.2051033150274153,129967.3742391119,1228.195194615928,131195.56943372783,2081,2,312.0,35,6,17,35.834752175558094,0.6220238095238095,45.081018518518526,1019.6759259259268,29.133597883597908,0
4731,4,0,1,38,0.0,0.02564102564102564,0.9743589743589743,39,1200,800,400,0.6666666666666666,16,8,8,374.90852546167605,0.4247638326585695,0.1097297763964431,0.21122894971133438,129825.09731833897,1934.5071607074024,131759.60447904636,2082,3,328.7692307692308,33,6,17,35.668690877024204,0.625,45.22058823529411,1019.1176470588225,30.88235294117644,0
4732,4,0,0,38,0.0,0.0,1.0,38,1150,900,250,0.782608695652174,14,9,5,379.2814732573892,0.4256460407776197,0.11190487058930909,0.21362043061133204,129811.85154894905,2247.046060350977,132058.89760930004,2083,4,333.2894736842105,32,6,18,35.57076776938008,0.6272786458333333,45.233585858585855,1019.0656565656562,31.845801767676758,0
4733,4,0,0,38,0.0,0.0,1.0,38,1050,600,450,0.5714285714285714,15,6,9,380.13497761509853,0.4253793266951162,0.11601893015918519,0.21463005659190934,129908.37191358021,2276.5432098765373,132184.91512345674,2084,5,334.2894736842105,32,6,19,35.45072661217076,0.6282552083333333,45.138888888888886,1019.4444444444441,31.85763888888888,0
4734,4,1,0,39,0.02564102564102564,0.0,1.0,39,1400,1000,400,0.7142857142857143,18,10,8,375.3436068304871,0.4279970760233918,0.12684458398744125,0.21385856668248698,130262.58680555565,1978.645833333343,132241.232638889,2085,0,326.6923076923077,33,6,20,35.21258503401361,0.6294191919191919,44.79166666666667,1020.8333333333342,30.93434343434346,0
4735,4,3,0,42,0.07142857142857142,0.0,1.0,42,550,400,150,0.7272727272727273,7,4,3,353.07202119274126,0.4314871273712737,0.14834278592114236,0.20540523920061418,131068.54056336757,855.3269062982063,131923.86746966577,2086,0,304.2857142857143,36,6,21,34.96485391693244,0.6310763888888888,44.003378378378386,1023.9864864864877,28.4440690690691,0
4736,4,0,0,42,0.0,0.0,1.0,42,950,800,150,0.8421052631578947,11,8,3,351.0368383700496,0.43162020905923343,0.14480505199660687,0.20437445634681395,131097.3705969484,804.0012985959045,131901.37189554432,2087,1,305.2857142857143,36,6,21,34.98781247709112,0.6313657407407407,43.97522522522523,1024.0990990991,28.44719719719722,0
4737,4,0,1,41,0.0,0.023809523809523808,0.9761904761904762,42,700,400,300,0.5714285714285714,10,4,6,352.89826527399674,0.4314871273712737,0.14722326925493112,0.20576683467514603,131155.04017531063,856.8772319617065,132011.91740727233,2088,2,306.2857142857143,36,6,21,34.881861990618575,0.6319444444444444,43.918918918918926,1024.3243243243257,28.45345345345349,0
4738,4,0,1,40,0.0,0.024390243902439025,0.975609756097561,41,900,700,200,0.7777777777777778,11,7,4,352.73660429235355,0.43107215447154473,0.15141360470540266,0.20598187585698566,131212.72243527332,1056.7060303546996,132269.428465628,2089,3,313.219512195122,36,5,21,34.82770938667838,0.6325231481481481,43.86261261261262,1024.549549549551,28.459709709709752,0
4739,4,0,0,40,0.0,0.0,1.0,40,1250,1000,250,0.8,15,10,5,357.9493397373161,0.4296073717948718,0.15150248531405364,0.20900841394160447,131209.51753257884,1393.2720336076816,132602.78956618652,2090,4,321.525,35,5,21,34.697431842144915,0.6345238095238095,43.86574074074074,1024.537037037037,29.27248677248677,0
4740,4,1,1,40,0.024390243902439025,0.024390243902439025,0.975609756097561,41,1600,1300,300,0.8125,19,13,6,350.0600031361329,0.4309451219512195,0.15162226721081407,0.2059655367289341,131501.32395909436,1006.6707755052493,132507.9947345996,2091,0,314.6585365853659,36,5,22,34.604880324989004,0.6354166666666667,43.58108108108109,1025.6756756756768,28.490990990991023,0
4741,4,0,0,40,0.0,0.0,1.0,40,1250,800,450,0.64,17,8,9,351.7852918554551,0.431116452991453,0.14628745472505833,0.20745086045922673,131587.96623904316,1258.1422216135195,132846.1084606567,2092,1,319.575,36,4,16,34.47321003914683,0.6362847222222222,43.49662162162163,1026.013513513514,28.500375375375388,0
4742,4,0,1,39,0.0,0.025,0.975,40,1450,1100,350,0.7586206896551724,18,11,7,354.65255410183227,0.43032852564102564,0.14543983766589852,0.21009534345330777,131761.33639974435,1345.8988972080167,133107.23529695236,2093,2,320.575,36,4,16,34.22475412233555,0.6380208333333333,43.3277027027027,1026.6891891891894,28.51914414414415,0
4743,4,0,2,37,0.0,0.05128205128205128,0.9487179487179487,39,1000,700,300,0.7,13,7,6,363.54761017600987,0.4283906882591093,0.15533795328586164,0.21509698163115623,131713.96933138292,1776.8597554441071,133490.82908682703,2094,8,329.7435897435897,35,4,17,34.04425996918105,0.6395833333333334,43.373842592592595,1026.50462962963,29.328703703703713,0
4744,4,2,1,38,0.05128205128205128,0.02564102564102564,0.9743589743589743,39,900,700,200,0.7777777777777778,11,7,4,361.16707002578875,0.4290092217723797,0.15408884073672868,0.21469241436563122,131892.24222232934,1727.02693651406,133619.2691588434,2095,0,329.8974358974359,35,4,18,33.92546948356809,0.6413690476190477,43.20023148148148,1027.1990740740737,29.34854497354496,0
4745,4,0,0,38,0.0,0.0,1.0,38,1100,700,400,0.6363636363636364,15,7,8,369.7744171392566,0.42717223802750115,0.15906941266209018,0.2191961751083222,131786.11288265308,2146.226615646263,133932.33949829935,2096,1,339.57894736842104,34,4,18,33.81159420289855,0.6424632352941176,43.30357142857143,1026.7857142857144,30.199579831932777,0
4746,4,0,0,38,0.0,0.0,1.0,38,850,700,150,0.8235294117647058,10,7,3,369.1749044469076,0.42677216690374586,0.15780933557816623,0.21936922008043516,131877.806122449,2137.1952947845834,134015.00141723358,2097,2,340.57894736842104,34,4,18,33.734401560809765,0.6433823529411764,43.214285714285715,1027.1428571428573,30.21008403361345,0
4747,4,0,0,38,0.0,0.0,1.0,38,850,700,150,0.8235294117647058,10,7,3,368.736534735643,0.42652027027027023,0.15454312568999273,0.21928515218703387,131908.37762188198,2127.887613378672,134036.26523526065,2098,3,341.57894736842104,34,4,18,33.714798933827794,0.6436887254901961,43.1845238095238,1027.261904761904,30.213585434173645,0
4748,4,0,2,36,0.0,0.05263157894736842,0.9473684210526316,38,1100,800,300,0.7272727272727273,14,8,6,365.9021829835224,0.42649063537221427,0.14746047906747117,0.21830224918429475,132030.69905045332,2062.064200680257,134092.76325113358,2099,4,342.57894736842104,34,4,19,33.66418587590256,0.6449142156862745,43.06547619047618,1027.7380952380938,30.227591036414523,0
4749,4,0,1,35,0.0,0.027777777777777776,0.9722222222222222,36,750,500,250,0.6666666666666666,10,5,5,383.98442287005923,0.42351190476190476,0.15071750717507215,0.22720475676372479,131716.66953627163,2915.429866850301,134632.09940312192,2100,5,359.97222222222223,32,4,19,33.51706642066421,0.646484375,43.37121212121211,1026.5151515151501,32.07859848484844,0
4750,4,0,0,35,0.0,0.0,1.0,35,1050,900,150,0.8571428571428571,12,9,3,396.5987270993843,0.4213235294117647,0.15483683828861516,0.23392200370831936,131595.18771701382,3438.0967881944352,135033.28450520826,2101,6,370.85714285714283,31,4,19,33.31641285956008,0.6478494623655914,43.48958333333333,1026.041666666666,33.098118279569874,0
4751,4,0,0,35,0.0,0.0,1.0,35,850,600,250,0.7058823529411765,11,6,5,398.77496731702956,0.42076330532212886,0.15552454649245218,0.2358246862235665,131695.40617201055,3503.36625840928,135198.77243041983,2102,7,371.85714285714283,31,4,19,33.159039494270374,0.6488575268817205,43.39192708333333,1026.432291666666,33.11071908602148,0
4752,4,0,0,35,0.0,0.0,1.0,35,900,600,300,0.6666666666666666,12,6,6,397.864997352156,0.4207282913165266,0.15915209711024603,0.23569988761245309,131762.23966810433,3484.7166273328958,135246.95629543724,2103,8,372.85714285714283,31,4,19,33.11469562460367,0.6495295698924731,43.326822916666664,1026.692708333333,33.119119623655905,0
4753,4,0,0,35,0.0,0.0,1.0,35,1200,1000,200,0.8333333333333334,14,10,4,401.1442904560897,0.41971288515406163,0.16001263756516249,0.23918779340821356,132008.45457415062,3590.887568870522,135599.34214302115,2104,9,373.85714285714283,32,3,20,32.7812077650817,0.6494140625,43.08712121212121,1027.6515151515152,32.11410984848485,0
4754,4,0,0,35,0.0,0.0,1.0,35,1200,700,500,0.5833333333333334,17,7,10,402.4974032408562,0.41946778711484595,0.16238089388807975,0.2404058224346157,132073.33953486895,3631.835240026536,135705.17477489548,2105,10,374.85714285714283,32,3,20,32.68077222290464,0.6500651041666667,43.0239898989899,1027.9040404040409,32.12200126262628,0
4755,4,0,0,35,0.0,0.0,1.0,35,1000,700,300,0.7,13,7,6,401.46515674124714,0.4189775910364146,0.16294659300184144,0.24061322308001915,132203.15728305798,3614.9922520661316,135818.1495351241,2106,11,375.85714285714283,32,3,20,32.57596685082873,0.6513671875,42.89772727272728,1028.409090909092,32.13778409090912,0
4756,4,0,0,35,0.0,0.0,1.0,35,1300,900,400,0.6923076923076923,17,9,8,395.7799843246706,0.4191526610644258,0.1328265062975149,0.2175925765348299,128859.99284599391,3226.907867878024,132086.90071387193,2107,12,376.85714285714283,30,5,19,36.12324596240401,0.6229166666666667,46.16935483870969,1015.3225806451626,33.84408602150542,8
4757,4,1,0,36,0.027777777777777776,0.0,1.0,36,1100,900,200,0.8181818181818182,13,9,4,388.3040687228604,0.42166005291005293,0.14205151166261576,0.21696732703406735,129499.41211276599,2857.0297241211138,132356.4418368871,2108,0,367.3611111111111,31,5,16,35.65959340753058,0.6266801075268817,45.54036458333334,1017.8385416666679,32.83350134408606,0
4758,4,0,1,35,0.0,0.027777777777777776,0.9722222222222222,36,1050,800,250,0.7619047619047619,13,8,5,389.55004218967673,0.4211309523809524,0.14272520602443883,0.21821499498017718,129598.82948133687,2897.0458984375055,132495.87537977437,2109,1,368.3611111111111,31,5,16,35.52642796248933,0.6276881720430108,45.442708333333336,1018.2291666666672,32.846102150537654,0
4759,4,0,0,35,0.0,0.0,1.0,35,700,500,200,0.7142857142857143,9,5,4,392.72468627749805,0.41911764705882354,0.1018224573780131,0.21207133058984906,128144.53125000013,3122.138129340291,131266.66937934043,2110,2,377.2,31,4,21,36.93415637860082,0.6129032258064516,46.87500000000001,1012.500000000001,32.661290322580676,8
4760,4,2,0,37,0.05405405405405406,0.0,1.0,37,1000,600,400,0.6,14,6,8,374.59148583546164,0.42573823823823825,0.12249988740182305,0.20651506579522502,128969.83040703663,2262.2000800238657,131232.0304870605,2111,0,357.7567567567568,31,6,17,36.54886659829936,0.6213037634408602,46.061197916666664,1015.7552083333329,32.76629704301074,0
4761,4,0,0,37,0.0,0.0,1.0,37,1200,700,500,0.5833333333333334,17,7,10,377.0416263746463,0.4250813313313313,0.12843630063160494,0.20857787289962376,129105.13157139567,2335.6017561983354,131440.733327594,2112,1,358.7567567567568,32,5,18,36.34845943595477,0.6201171875,45.9280303030303,1016.287878787878,31.758996212121186,0
4762,4,2,1,38,0.05128205128205128,0.02564102564102564,0.9743589743589743,39,750,300,450,0.4,12,3,9,363.1582327881474,0.4268724696356276,0.14279813318043644,0.20493556175928135,129887.55076172615,1633.9825492261202,131521.53331095228,2113,0,341.3076923076923,33,6,17,35.90456439849321,0.6256313131313131,45.159313725490186,1019.3627450980383,30.889780154486008,0
4763,4,0,1,37,0.0,0.02631578947368421,0.9736842105263158,38,800,400,400,0.5,12,4,8,369.99419741651207,0.423660502607871,0.15247639664075918,0.20856097496830203,129844.02101826342,2008.3068691970182,131852.32788746044,2114,1,350.8157894736842,32,6,18,35.77464279814999,0.6276041666666667,45.2020202020202,1019.191919191919,31.84974747474747,0
4764,4,0,0,37,0.0,0.0,1.0,37,850,500,350,0.5882352941176471,12,5,7,379.6822529179788,0.4199512012012012,0.1608356823080752,0.2134076111228639,129731.4453125,2451.3454861111113,132182.79079861112,2115,2,361.2162162162162,31,6,18,35.64246762099523,0.6290322580645161,45.3125,1018.75,32.86290322580645,0
4765,4,0,0,37,0.0,0.0,1.0,37,750,400,350,0.5333333333333333,11,4,7,380.0374944119046,0.41935685685685686,0.1640129972824491,0.2141507176934471,129830.95169067393,2468.1259155273583,132299.0776062013,2116,3,362.2162162162162,31,6,18,35.53205251054043,0.6300403225806452,45.21484375000001,1019.1406250000008,32.87550403225809,0
4766,4,0,0,37,0.0,0.0,1.0,37,1300,1100,200,0.8461538461538461,15,11,4,365.5211036686291,0.41873123123123124,0.12799665914103397,0.2007942190179656,128827.88470780461,2017.8621203383223,130845.74682814293,2117,4,363.2162162162162,33,4,19,36.92409061644938,0.6148989898989898,46.20098039215686,1015.1960784313719,30.763517528223392,8
4767,4,1,2,36,0.02631578947368421,0.05263157894736842,0.9473684210526316,38,1300,1000,300,0.7692307692307693,16,10,6,354.6438987098331,0.4209785443338075,0.1317946758217714,0.19651552570300232,129171.13272392296,1561.950821995471,130733.08354591843,2118,0,354.63157894736844,34,4,20,36.8502849670141,0.6161151960784313,45.86309523809524,1016.5476190476195,29.898459383753515,0
4768,4,2,2,36,0.05263157894736842,0.05263157894736842,0.9473684210526316,38,1150,900,250,0.782608695652174,14,9,5,344.7074682761857,0.42263809862494073,0.12810525120024918,0.1938951976508155,129760.92470689728,1345.911967378263,131106.83667427555,2119,0,336.7105263157895,35,3,18,36.50329906471282,0.6199404761904762,45.28356481481482,1018.8657407407406,29.110449735449734,0
4769,4,0,0,36,0.0,0.0,1.0,36,1150,900,250,0.782608695652174,14,9,5,359.56796153278765,0.417691798941799,0.13034651147233944,0.20082124549628785,129481.87183114664,2111.5065419550133,131593.37837310164,2120,1,356.3888888888889,33,3,18,36.40866445916115,0.6215277777777778,45.557598039215684,1017.769607843137,30.84150326797385,0
4770,4,0,0,36,0.0,0.0,1.0,36,650,300,350,0.46153846153846156,10,3,7,360.88350664165597,0.4174933862433863,0.12933432288950364,0.20219696943260423,129606.62853529889,2154.5789179642356,131761.20745326314,2121,2,357.3888888888889,33,3,18,36.248219801821314,0.622790404040404,45.43504901960784,1018.2598039215684,30.856357694592983,0
4771,4,1,0,37,0.02702702702702703,0.0,1.0,37,800,400,400,0.5,12,4,8,352.80870421227314,0.4201076076076076,0.13340061181368057,0.20023646325160166,130110.72137188222,1780.8390022675885,131891.56037414982,2122,0,348.7027027027027,34,3,20,35.94175418125244,0.6256127450980392,44.9404761904762,1020.2380952380963,30.00700280112048,0
4772,4,0,0,37,0.0,0.0,1.0,37,1050,600,450,0.5714285714285714,15,6,9,359.74698287623767,0.41991991991991995,0.09271077388596427,0.19562572619127983,128423.8652951991,1840.1081909479672,130263.97348614706,2123,1,349.7027027027027,33,4,17,37.48324970781445,0.6107954545454546,46.59926470588236,1013.6029411764717,30.715240641711265,8
4773,4,1,0,38,0.02631578947368421,0.0,1.0,38,1400,1000,400,0.7142857142857143,18,10,8,349.79794279354263,0.4242532005689901,0.09664924481995096,0.19211507553175713,128819.2451801483,1412.1413912465705,130231.38657139486,2124,0,341.4736842105263,35,3,20,37.33195093679932,0.6104166666666666,46.20949074074074,1015.1620370370368,29.004629629629623,0
4774,4,3,2,39,0.07317073170731707,0.04878048780487805,0.9512195121951219,41,1200,1000,200,0.8333333333333334,14,10,4,329.4424016518353,0.43419715447154467,0.09778748533753978,0.18496626461457802,129688.42734203806,346.1053491632984,130034.53269120136,2125,0,317.4146341463415,36,5,17,36.9656347890179,0.6171875,45.35472972972973,1018.5810810810817,28.293918918918937,0
4775,4,1,1,39,0.025,0.025,0.975,40,900,600,300,0.6666666666666666,12,6,6,341.30870739967895,0.42812500000000003,0.11534071550255542,0.19227275551210327,129819.89354263115,861.732011959874,130681.62555459102,2126,0,326.325,35,5,20,36.5300255536627,0.6205357142857143,45.22569444444444,1019.0972222222221,29.117063492063487,0
4776,4,1,0,40,0.025,0.0,1.0,40,1550,1000,550,0.6451612903225806,21,10,11,342.46880474943697,0.42863247863247866,0.14107458075904677,0.19498349536739287,130233.84871357834,920.2061013716274,131154.05481494995,2127,0,326.85,36,4,21,36.08069468961459,0.6226851851851851,44.81981981981981,1020.7207207207199,28.35335335335333,0
4777,4,0,0,40,0.0,0.0,1.0,40,1000,800,200,0.8,12,8,4,343.7716457938851,0.42873931623931627,0.14326609141791047,0.19602298100587484,130292.9705215419,958.2121231131796,131251.18264465508,2128,1,327.85,34,6,22,35.98754275497513,0.6274509803921569,44.76190476190476,1020.9523809523805,30.02801120448178,0
4778,4,0,0,40,0.0,0.0,1.0,40,1050,400,650,0.38095238095238093,17,4,13,343.8643464034164,0.42761752136752135,0.14218024243797456,0.19696888940317697,130469.43486636235,972.7573891889645,131442.19225555132,2129,2,328.85,35,5,22,35.80645085155395,0.6270833333333333,44.589120370370374,1021.6435185185189,29.189814814814827,0
4779,4,0,0,40,0.0,0.0,1.0,40,1000,500,500,0.5,15,5,10,341.16183554129185,0.4269230769230769,0.1325614054411277,0.19641143341023432,130665.25298524901,915.5995099829834,131580.852495232,2130,3,329.85,36,4,18,35.67734148401072,0.627025462962963,44.397522522522536,1022.4099099099119,28.40027527527533,0
4780,4,0,0,40,0.0,0.0,1.0,40,1300,900,400,0.6923076923076923,17,9,8,339.54103756277243,0.4265758547008547,0.1346077590826278,0.19642017492239502,130850.90033712306,885.8500932979463,131736.750430421,2131,4,330.85,37,3,20,35.531092594577224,0.6269707207207207,44.21600877192983,1023.1359649122816,27.652323376007608,0
4781,4,0,0,40,0.0,0.0,1.0,40,650,300,350,0.46153846153846156,10,3,7,340.48487974687373,0.42614850427350426,0.13101499732190702,0.19754048181709546,130963.11034404817,918.1917753539572,131881.30211940213,2132,5,331.85,37,3,20,35.39356811283701,0.6280968468468469,44.10635964912281,1023.5745614035087,27.664177335229965,0
4782,4,0,0,40,0.0,0.0,1.0,40,1250,900,350,0.72,16,9,7,336.6607210817602,0.4259748931623932,0.12505353319057821,0.196035606914192,131103.44048168664,827.4757617728508,131930.9162434595,2133,6,332.85,37,3,21,35.349750178443955,0.6295045045045045,43.969298245614034,1024.1228070175437,27.678994784257938,0
4783,4,0,0,40,0.0,0.0,1.0,40,1150,500,650,0.43478260869565216,18,5,13,340.07535197303207,0.4248530982905983,0.14105691056910574,0.19918699186991862,131328.12499999985,932.4840335487689,132260.60903354862,2134,7,333.85,36,4,22,35.03556910569107,0.6336805555555556,43.74999999999999,1024.9999999999989,28.47222222222219,0
4784,4,0,0,40,0.0,0.0,1.0,40,1000,700,300,0.7,13,7,6,342.3049353129228,0.42435897435897435,0.1474327292696318,0.20094690109762484,131414.71021274655,996.7807757081395,132411.4909884547,2135,8,334.85,36,4,22,34.89108548416619,0.6345486111111112,43.66554054054054,1025.337837837838,28.481606606606608,0
4785,4,0,0,40,0.0,0.0,1.0,40,900,700,200,0.7777777777777778,11,7,4,338.50804931173826,0.4243456196581197,0.14527338603425544,0.1991686894787668,131501.32395909424,902.8513310607891,132404.17529015502,2136,9,335.85,36,4,22,34.901094276094256,0.6354166666666667,43.58108108108108,1025.6756756756758,28.490990990990994,0
4786,4,1,0,41,0.024390243902439025,0.0,1.0,41,1500,900,600,0.6,21,9,12,332.2265078861909,0.42466971544715443,0.15406740797857266,0.19769121904910966,131931.11257213823,566.2025622762865,132497.3151344145,2137,0,328.6341463414634,38,3,18,34.62956704104271,0.6359649122807017,43.162393162393165,1027.3504273504275,27.035537561853356,0
4787,4,0,0,41,0.0,0.0,1.0,41,1050,600,450,0.5714285714285714,15,6,9,332.2265078861909,0.42466971544715443,0.15406740797857266,0.19769121904910966,131931.11257213823,566.2025622762865,132497.3151344145,2138,1,329.6341463414634,38,3,18,34.62956704104271,0.6359649122807017,43.162393162393165,1027.3504273504275,27.035537561853356,0
4788,4,0,0,41,0.0,0.0,1.0,41,1000,700,300,0.7,13,7,6,334.7766138739395,0.4242632113821138,0.16032439176543956,0.19949699332339224,131985.9981097963,637.1651051939637,132623.16321499026,2139,2,330.6341463414634,38,3,18,34.50886358910376,0.6365131578947368,43.108974358974365,1027.5641025641035,27.041160593792195,0
4789,4,0,1,40,0.0,0.024390243902439025,0.975609756097561,41,900,600,300,0.6666666666666666,12,6,6,337.18860537837907,0.4242886178861789,0.15771630842412976,0.20107980131026842,132013.4451589781,702.6858928701952,132716.1310518483,2140,3,331.6341463414634,38,3,18,34.41929167966178,0.6367872807017544,43.08226495726496,1027.6709401709409,27.0439721097616,0
4790,4,0,0,40,0.0,0.0,1.0,40,800,500,300,0.625,11,5,6,339.7666894887396,0.4238514957264958,0.15058199958428586,0.203058079891966,132095.80342793482,976.3507652129398,133072.15419314775,2141,4,332.95,38,2,19,34.27020543199612,0.637609649122807,43.00213675213675,1027.9914529914527,27.052406657669806,0
4791,4,0,1,39,0.0,0.025,0.975,40,1300,1000,300,0.7692307692307693,16,10,6,341.98383775087234,0.4238514957264958,0.1476262206523995,0.20497736128206126,132205.6544031707,1042.439413032384,133248.09381620307,2142,5,333.95,38,2,19,34.10273391509108,0.6387061403508771,42.895299145299155,1028.4188034188053,27.06365272154751,0
4792,4,0,0,39,0.0,0.0,1.0,39,850,600,250,0.7058823529411765,11,6,5,348.6090038905519,0.4219523166891588,0.1453137306379626,0.20845395538761588,132116.03570329343,1411.3679208987526,133527.40362419217,2143,6,342.7692307692308,37,2,19,34.02259314562002,0.6396396396396397,42.982456140350884,1028.0701754385975,27.785680417259393,0
4793,4,0,0,39,0.0,0.0,1.0,39,1500,1200,300,0.8,18,12,6,348.28382595427223,0.4215024741340531,0.1476675934507259,0.20872549543930494,132200.59447378054,1408.6657673515133,133609.26024113205,2144,7,343.7692307692308,37,2,19,33.94584977076448,0.6404842342342343,42.900219298245624,1028.3991228070188,27.794570886676183,0
4794,4,0,1,38,0.0,0.02564102564102564,0.9743589743589743,39,700,300,400,0.42857142857142855,11,3,8,346.2977527834478,0.421221322537112,0.14415832923295602,0.20769008446986845,132228.78674207456,1358.1063404124423,133586.893082487,2145,8,344.7692307692308,37,2,19,33.9685501066098,0.6407657657657657,42.87280701754386,1028.5087719298253,27.797534376481767,0
4795,4,0,0,38,0.0,0.0,1.0,38,550,400,150,0.7272727272727273,7,4,3,353.5043717513352,0.418859649122807,0.1450539692790258,0.21117721893626892,132079.47812677556,1738.1345872900092,133817.61271406556,2146,9,354.1578947368421,36,2,19,33.93359260882268,0.6412037037037037,43.018018018018026,1027.927927927929,28.553553553553584,0
4796,4,0,0,38,0.0,0.0,1.0,38,900,400,500,0.4444444444444444,14,4,10,353.6872330597357,0.4193782598387861,0.14779323184755233,0.21177168033235738,132166.31063073222,1749.1073421394537,133915.41797287166,2147,10,355.1578947368421,36,2,20,33.84144671996495,0.6420717592592593,42.933558558558566,1028.265765765767,28.56293793793797,0
4797,4,0,0,38,0.0,0.0,1.0,38,850,600,250,0.7058823529411765,11,6,5,362.841565629631,0.41881519677572304,0.0802516929417576,0.20943376325728605,130765.21675936643,1889.6141013816314,132654.83086074807,2148,11,356.1578947368421,35,3,17,35.021901286258526,0.6300595238095238,44.29976851851852,1022.8009259259261,29.2228835978836,7
4798,4,0,2,36,0.0,0.05263157894736842,0.9473684210526316,38,950,600,350,0.631578947368421,13,6,7,358.80839787850294,0.41862256993835945,0.08040694340671761,0.20780700519579054,130895.62694028475,1793.2900383491474,132688.9169786339,2149,12,357.1578947368421,36,2,17,34.99298448332784,0.6293402777777778,44.17229729729729,1023.3108108108098,28.42530030030027,0
4799,4,0,0,36,0.0,0.0,1.0,36,850,700,150,0.8235294117647058,10,7,3,370.9570030065645,0.41471560846560845,0.09906502172563636,0.21419775334895177,130779.59183673467,2502.7210884353717,133282.31292517006,2150,13,375.5833333333333,34,2,17,34.799813780260706,0.6323529411764706,44.285714285714285,1022.8571428571427,30.08403361344537,0
4800,4,1,0,37,0.02702702702702703,0.0,1.0,37,900,600,300,0.6666666666666666,12,6,6,360.3565703274803,0.41722972972972977,0.0967913425521385,0.20944245868047887,131031.7068008401,2043.6272933813352,133075.33409422144,2151,0,366.4054054054054,35,2,18,34.8156417213053,0.6327380952380952,44.03935185185185,1023.8425925925918,29.252645502645482,0
4801,4,0,0,37,0.0,0.0,1.0,37,600,300,300,0.5,9,3,6,360.25454082577807,0.41694819819819817,0.0973302906161504,0.20954450510753825,131061.33355034713,2043.088107638883,133104.421657986,2152,1,367.4054054054054,35,2,19,34.78827568667346,0.6330357142857144,44.010416666666664,1023.9583333333326,29.25595238095236,0
4802,4,1,1,37,0.02631578947368421,0.02631578947368421,0.9736842105263158,38,700,500,200,0.7142857142857143,9,5,4,359.2381253059709,0.4195857041251778,0.036856042788201426,0.2043801085780302,130205.11379200178,1754.9281967778923,131960.04198877967,2153,0,358.7105263157895,36,2,18,35.68193938725219,0.6223958333333333,44.84797297297299,1020.6081081081107,28.350225225225298,7
4803,4,0,0,37,0.0,0.0,1.0,37,800,600,200,0.75,10,6,4,366.61922991193995,0.4171046046046046,0.04481813331370832,0.20793963271839375,130085.41907793212,2138.363233024693,132223.78231095683,2154,1,369.35135135135135,35,2,19,35.61521443158611,0.6232142857142857,44.96527777777778,1020.138888888889,29.146825396825403,0
4804,4,2,0,39,0.05128205128205128,0.0,1.0,39,1100,900,200,0.8181818181818182,13,9,4,354.3870789774188,0.4218679712100765,0.06561595368285622,0.20441362310589895,130738.7384219183,1466.4239237072957,132205.1623456256,2155,0,351.35897435897436,37,2,18,35.26488956792108,0.6258445945945945,44.32565789473684,1022.6973684210528,27.640469416785212,0
4805,4,0,0,39,0.0,0.0,1.0,39,1200,800,400,0.6666666666666666,16,8,8,352.29859485843576,0.42130566801619435,0.06407921162019536,0.20409700718893714,130906.99932912036,1423.670384156648,132330.669713277,2156,1,352.35897435897436,37,2,18,35.14801867923854,0.6275337837837838,44.16118421052631,1023.3552631578935,27.658250355618744,0
4806,4,0,0,39,0.0,0.0,1.0,39,1150,900,250,0.782608695652174,14,9,5,359.2913149080489,0.42139001349527666,0.05339265850945485,0.19387928697619197,128116.02776763243,1406.8715053056926,129522.89927293813,2157,2,353.35897435897436,36,3,19,37.80960326288467,0.6012731481481481,46.90315315315315,1012.3873873873869,28.121871871871857,8
4807,4,0,2,37,0.0,0.05128205128205128,0.9487179487179487,39,950,700,250,0.7368421052631579,12,7,5,364.93530710489205,0.42102451641925326,0.054235587257601914,0.1974866517509868,128230.06071950332,1559.135317750184,129789.19603725351,2158,3,354.35897435897436,36,3,19,37.55003335557037,0.6024305555555556,46.79054054054054,1012.8378378378382,28.134384384384393,0
4808,4,1,0,38,0.02631578947368421,0.0,1.0,38,850,500,350,0.5882352941176471,12,5,7,370.53461744620256,0.4195116168800379,0.07873092601276976,0.20097026277100716,128320.37278163567,1909.4280478394874,130229.80082947516,2159,0,363.6842105263158,35,3,20,37.31579849211788,0.6053571428571429,46.70138888888888,1013.1944444444434,28.94841269841267,0
4809,4,0,0,38,0.0,0.0,1.0,38,1100,700,400,0.6363636363636364,15,7,8,343.60581224489795,0.41974869606448556,0.09760601503759392,0.1858189652127847,128203.13169795948,1224.856395747592,129427.98809370707,2160,1,364.6842105263158,35,3,18,38.117619047619044,0.6041666666666667,46.817129629629626,1012.7314814814811,28.935185185185173,8
4810,4,0,2,36,0.0,0.05263157894736842,0.9473684210526316,38,1300,900,400,0.6923076923076923,17,9,8,343.86340159154713,0.41900782361308675,0.10817348472882737,0.18648215938029836,128315.61872260776,1224.6090262559849,129540.22774886375,2161,2,365.6842105263158,36,2,18,37.99623022488977,0.6032986111111112,46.70608108108108,1013.1756756756758,28.143768768768773,0
4811,4,0,0,36,0.0,0.0,1.0,36,1000,500,500,0.5,15,5,10,353.0965808057717,0.4126488095238095,0.0943072702331964,0.19067215363511658,128144.53124999987,1849.479166666652,129994.01041666653,1796,7,326.9166666666667,34,2,18,37.93724279835391,0.6056985294117647,46.87499999999999,1012.499999999999,29.779411764705852,0
4812,4,0,0,36,0.0,0.0,1.0,36,1300,900,400,0.6923076923076923,17,9,8,356.14630819370797,0.41261574074074076,0.09434781473211395,0.1928993594156753,128265.09530895679,1936.2280328798017,130201.3233418366,1797,8,327.9166666666667,34,2,18,37.73675911779685,0.6069240196078431,46.75595238095237,1012.9761904761895,29.79341736694675,0
4813,4,1,0,37,0.02702702702702703,0.0,1.0,37,800,600,200,0.75,10,6,4,350.91275228461524,0.41541541541541543,0.09333020834618311,0.19173312724578306,128613.7099194098,1626.4381858710153,130240.14810528081,1798,0,320.02702702702703,35,2,17,37.51331203407881,0.6083333333333334,46.41203703703702,1014.351851851849,28.9814814814814,0
4814,4,0,1,36,0.0,0.02702702702702703,0.972972972972973,37,1050,800,250,0.7619047619047619,13,8,5,374.7733282015556,0.41504004004004,0.1019353904671656,0.1950816297748781,126659.88592128023,2204.8283601748562,128864.71428145509,1799,1,321.02702702702703,33,4,18,38.914252089927764,0.5928030303030303,48.345588235294116,1006.6176470588232,30.50356506238858,8
4815,4,2,0,38,0.05263157894736842,0.0,1.0,38,900,600,300,0.6666666666666666,12,6,6,371.55019682833847,0.41555535798956855,0.13878735206155302,0.19666371600759597,127339.27455786221,1863.322400038433,129202.59695790065,1800,0,313.5,33,5,15,38.29630079326535,0.5997474747474747,47.671568627450974,1009.3137254901949,30.585264408793783,0
4816,4,1,0,39,0.02564102564102564,0.0,1.0,39,850,500,350,0.5882352941176471,12,5,7,366.55751688975755,0.4185503823661718,0.15173899390449663,0.19635886113217726,127822.46823827582,1570.8573120284518,129393.32555030427,1801,0,306.43589743589746,35,4,18,37.92646694136049,0.600297619047619,47.19328703703703,1011.2268518518513,28.89219576719575,0
4817,4,1,0,40,0.025,0.0,1.0,40,700,400,300,0.5714285714285714,10,4,6,364.93426938775536,0.42032585470085465,0.1735714285714287,0.19735320501500958,128203.13169795934,1357.5484664351634,129560.68016439451,1802,0,299.75,35,5,19,37.577619047619045,0.6041666666666667,46.81712962962962,1012.7314814814799,28.93518518518514,0
4818,4,0,0,40,0.0,0.0,1.0,40,1300,700,600,0.5384615384615384,19,7,12,364.2157977117424,0.42092681623931627,0.1806938892061678,0.19768811586895874,128349.69142500428,1349.3970496827824,129699.08847468706,1803,1,300.75,35,5,19,37.44586426803732,0.6056547619047619,46.6724537037037,1013.3101851851851,28.951719576719576,0
4819,4,0,0,40,0.0,0.0,1.0,40,1050,800,250,0.7619047619047619,13,8,5,368.66203790579857,0.4199252136752137,0.18595890410958926,0.2008382743815171,128496.33487654322,1474.344135802471,129970.67901234569,1804,2,301.75,35,5,16,37.18321917808219,0.6071428571428572,46.52777777777778,1013.8888888888889,28.96825396825397,0
4820,4,1,0,41,0.024390243902439025,0.0,1.0,41,900,600,300,0.6666666666666666,12,6,6,359.05839081089124,0.4232215447154472,0.1809851894147474,0.19696854999260893,128772.40997331799,1047.3628611719903,129819.77283448998,1805,0,295.3658536585366,36,5,17,37.1447261363216,0.6079282407407407,46.255630630630634,1014.9774774774781,28.193818818818837,0
4821,4,1,0,42,0.023809523809523808,0.0,1.0,42,1050,800,250,0.7619047619047619,13,8,5,355.12481983868105,0.4251959930313589,0.18609745699595792,0.19679391540492586,129173.52123970825,774.5446916358765,129948.06593134413,1806,0,289.3095238095238,37,5,19,36.83562992125985,0.6100788288288288,45.86074561403508,1016.5570175438586,27.474513987671855,0
4822,4,0,0,42,0.0,0.0,1.0,42,1150,800,350,0.6956521739130435,15,8,7,354.1611670812799,0.424675764614789,0.1847642464080821,0.19654909214042973,129231.64859693882,753.7753153835446,129985.42391232237,1807,1,290.3095238095238,34,8,19,36.80092104749638,0.6167279411764706,45.80357142857143,1016.7857142857147,29.90546218487396,0
4823,4,0,0,42,0.0,0.0,1.0,42,1050,800,250,0.7619047619047619,13,8,5,341.68174690861053,0.4243007162214479,0.09910890689891594,0.1809534273986855,127361.47636788653,371.87427088411084,127733.35063877064,1808,2,291.3095238095238,38,4,14,39.02721916454984,0.5899122807017544,47.64957264957265,1009.4017094017086,26.563202878992332,8
4824,4,1,0,43,0.023255813953488372,0.0,1.0,43,1550,1200,350,0.7741935483870968,19,12,7,342.4437418398221,0.42626430417128086,0.11481809690321598,0.18370876979362846,127880.99500868068,158.40928819445475,128039.40429687513,1809,0,285.51162790697674,39,4,15,38.47622725712323,0.593482905982906,47.13541666666667,1011.4583333333344,25.934829059829088,0
4825,4,1,0,44,0.022727272727272728,0.0,1.0,44,1400,1000,400,0.7142857142857143,18,10,8,337.87694067143593,0.42908738548273434,0.12466552858471847,0.18270025787932317,128198.62349559844,-136.38572428138042,128062.23777131706,1810,0,280.0,38,6,17,38.267266237648116,0.5984100877192983,46.821581196581185,1012.7136752136735,26.65035987404404,0
4826,4,1,0,45,0.022222222222222223,0.0,1.0,45,1250,900,350,0.72,16,9,7,329.9990763089306,0.43030303030303035,0.13798708528167447,0.18016360949470048,128582.21379469881,-513.5976435983976,128068.6161511004,1811,0,274.75555555555553,40,5,17,38.07573480293921,0.5989583333333333,46.443089430894304,1014.2276422764219,25.355691056910548,0
4827,4,1,1,45,0.021739130434782608,0.021739130434782608,0.9782608695652174,46,1500,1100,400,0.7333333333333333,19,11,8,324.24695131588584,0.4328301127214171,0.15000764564962554,0.17844041901448385,128898.98667800419,-840.9793083900553,128058.00736961413,1812,0,269.7608695652174,41,5,18,37.89932590855804,0.600609756097561,46.130952380952365,1015.4761904761876,24.767711962833843,0
4828,4,0,0,45,0.0,0.0,1.0,45,1650,1200,450,0.7272727272727273,21,12,9,330.42852662472285,0.43085016835016837,0.15028806584362164,0.1815721111650704,128840.02267995226,-485.5162271135085,128354.50645283876,1813,1,276.6222222222222,40,5,18,37.80238571905237,0.6015625,46.189024390243894,1015.2439024390233,25.381097560975583,0
4829,4,0,0,45,0.0,0.0,1.0,45,1600,1400,200,0.875,18,14,4,331.4973526532682,0.430976430976431,0.14756354322675946,0.18266253479354963,128949.36244173566,-450.7255448475914,128498.63689688807,1814,2,277.6222222222222,41,4,19,37.664013153610746,0.6011178861788617,46.081349206349195,1015.6746031746009,24.772551296941483,0
4830,4,2,1,46,0.0425531914893617,0.02127659574468085,0.9787234042553191,47,1500,1100,400,0.7333333333333333,19,11,8,321.1384108742943,0.433722633364169,0.1682920735913973,0.17947789693835475,129508.13140822174,-1080.516611894451,128427.6147963273,1815,0,266.7659574468085,37,10,18,37.35984685266976,0.6134572072072072,45.531798245614034,1017.8728070175437,27.51007586533902,0
4831,4,0,1,45,0.0,0.021739130434782608,0.9782608695652174,46,1350,1100,250,0.8148148148148148,16,11,5,300.56315398339535,0.4330817230273752,0.16226762788946814,0.1592263364542434,127373.97057183215,-1541.0243548917763,125832.94621694037,1816,1,272.60869565217394,40,6,15,40.05209906372697,0.58671875,47.637195121951216,1009.4512195121944,25.23628048780486,8
4832,4,1,2,44,0.021739130434782608,0.043478260869565216,0.9565217391304348,46,1450,1200,250,0.8275862068965517,17,12,5,297.8237521046503,0.4320652173913044,0.1661813889435375,0.15898321066455937,127681.91599122524,-1594.658540716527,126087.25745050871,1817,0,273.45652173913044,40,6,17,39.80727333668511,0.58984375,47.33231707317072,1010.6707317073152,25.26676829268288,0
4833,4,1,0,45,0.022222222222222223,0.0,1.0,45,1200,700,500,0.5833333333333334,17,7,10,299.5116937075368,0.4335648148148148,0.15363765252241057,0.16070295889332134,127887.41949443104,-1339.2444766673486,126548.1750177637,1818,0,251.0888888888889,40,5,19,39.55528483874209,0.5919270833333333,47.129065040650396,1011.4837398373969,25.287093495934922,0
4834,4,3,2,46,0.0625,0.041666666666666664,0.9583333333333334,48,1200,1000,200,0.8333333333333334,14,10,4,281.38871891105134,0.4391252955082742,0.15141888018345107,0.15354610699286045,128561.83992097821,-2364.5715165781357,126197.26840440008,1819,0,236.33333333333334,42,6,12,39.32893814892667,0.595734126984127,46.46317829457364,1014.1472868217047,24.146363971945352,0
4835,4,0,0,46,0.0,0.0,1.0,46,1150,600,550,0.5217391304347826,17,6,11,295.15804340028484,0.43361513687600645,0.15352593038419116,0.16000166039464045,128298.92223750733,-1626.3082284024142,126672.61400910492,1820,1,247.6086956521739,40,6,22,39.24687364162237,0.59609375,46.72256097560975,1013.1097560975601,25.327743902439003,0
4836,4,0,0,46,0.0,0.0,1.0,46,1050,700,350,0.6666666666666666,14,7,7,295.91422210462923,0.4337962962962963,0.15333391478784208,0.16051495072813643,128324.66310562474,-1605.3814280521044,126719.28167757264,1821,2,248.6086956521739,40,6,22,39.20156302240054,0.5963541666666667,46.69715447154471,1013.2113821138194,25.330284552845484,0
4837,4,0,0,46,0.0,0.0,1.0,46,1450,800,650,0.5517241379310345,21,8,13,298.5134519994618,0.43347423510466987,0.15774927855903642,0.16234313905357872,128427.65239771306,-1532.523630114339,126895.12876759871,1822,3,249.6086956521739,40,6,13,39.03106409999333,0.5973958333333333,46.59552845528456,1013.6178861788622,25.340447154471555,0
4838,4,1,1,46,0.02127659574468085,0.02127659574468085,0.9787234042553191,47,1250,700,550,0.56,18,7,11,317.80101060202134,0.43511023743447425,0.18862456022784424,0.16677986920023408,126992.00050390506,-1254.9059672230987,125737.09453668197,1823,0,245.27659574468086,41,6,15,40.00779199475064,0.5813008130081301,48.015873015873005,1007.9365079365062,24.583817266744056,8
4839,4,1,0,47,0.02127659574468085,0.0,1.0,47,1350,700,650,0.5185185185185185,20,7,13,314.3500855794717,0.4321615787850755,0.18975066064363366,0.16588614531695092,127217.08598080414,-1401.8596269526547,125815.22635385148,1824,0,246.14893617021278,41,6,16,39.864518798964184,0.5835873983739837,47.79265873015872,1008.8293650793634,24.605594270228373,0
4840,4,2,0,49,0.04081632653061224,0.0,1.0,49,1050,500,550,0.47619047619047616,16,5,11,314.6442679143015,0.43721655328798187,0.21924919059213854,0.16849405680987517,127809.16856778003,-1757.1155446510631,126052.05302312896,1825,0,237.0612244897959,43,6,17,39.25243491290503,0.5867248062015504,47.20643939393939,1011.174242424242,23.51568005637772,0
4841,4,2,0,51,0.0392156862745098,0.0,1.0,51,1750,1500,250,0.8571428571428571,20,15,5,304.4927285318563,0.4420588235294118,0.22639318885448945,0.16529605263157873,128355.5555555552,-2382.893925045947,125972.66163050925,1826,0,228.72549019607843,44,7,19,38.95285087719296,0.5909090909090908,46.66666666666665,1013.3333333333305,23.030303030302967,0
4842,4,0,2,49,0.0,0.0392156862745098,0.9607843137254902,51,1850,1600,250,0.8648648648648649,21,16,5,304.8710863154238,0.44191176470588234,0.22042710436987156,0.16628227775530444,128543.27846364849,-2362.174211248316,126181.10425240017,1827,1,229.72549019607843,44,7,13,38.75243486729973,0.5928030303030303,46.48148148148147,1014.0740740740713,23.047138047137985,0
4843,4,2,3,48,0.0392156862745098,0.058823529411764705,0.9411764705882353,51,1600,1200,400,0.75,20,12,8,306.181251009971,0.4411437908496732,0.23085291791474782,0.1675891183100527,128684.16066529465,-2319.8645404664144,126364.29612482824,1828,0,228.4313725490196,44,7,15,38.57607835979802,0.5942234848484849,46.34259259259258,1014.6296296296274,23.059764309764258,0
4844,4,0,2,46,0.0,0.041666666666666664,0.9583333333333334,48,1100,800,300,0.7272727272727273,14,8,6,312.17026188209854,0.43893136820330975,0.22579656862745123,0.17097526058730833,128709.28730244574,-1564.1576152274529,127145.12968721829,1829,1,237.9375,42,6,16,38.398626496052984,0.5972222222222222,46.31782945736434,1014.7286821705424,24.160206718346245,0
4845,4,1,0,47,0.02127659574468085,0.0,1.0,47,1550,1200,350,0.7741935483870968,19,12,7,331.46339393531736,0.4388490595127968,0.24941879706728542,0.18233096614426209,128881.41605259605,-856.1056840033585,128025.31036859269,1830,0,243.38297872340425,42,5,17,37.7339997455228,0.5989583333333333,46.14825581395349,1015.4069767441864,24.176356589147296,0
4846,4,3,2,48,0.06,0.04,0.96,50,1000,600,400,0.6,14,6,8,323.58728670441315,0.44285714285714284,0.28324653297415914,0.18169834031587284,129692.62390318252,-1604.6396217426577,128087.98428143987,1831,0,229.72,40,10,16,37.11047923110181,0.61015625,45.350609756097555,1018.5975609756089,25.464939024390222,0
4847,4,1,2,47,0.02040816326530612,0.04081632653061224,0.9591836734693877,49,1400,900,500,0.6428571428571429,19,9,10,330.05814768018337,0.44187570861678,0.28462930003818343,0.18564110077400062,129757.97661675338,-1234.4645182291763,128523.51209852421,1832,0,235.24489795918367,39,10,17,36.87943035817741,0.6124465811965811,45.28645833333333,1018.8541666666658,26.12446581196579,0
4848,4,1,1,47,0.020833333333333332,0.020833333333333332,0.9791666666666666,48,1550,1100,450,0.7096774193548387,20,11,9,328.2998248160804,0.44179410460992913,0.29331504168793643,0.18641720487382651,130129.69970703124,-1055.6884765625,129074.01123046874,1833,0,234.08333333333334,39,9,19,36.54766462480857,0.6161858974358974,44.921875,1020.3124999999999,26.16185897435897,0
4849,4,0,0,47,0.0,0.0,1.0,47,800,500,300,0.625,11,5,6,333.51958433750485,0.44106537156953435,0.29181623117492594,0.189232234749782,130099.04308431942,-721.8842455621381,129377.15883875728,1834,1,239.95744680851064,38,9,19,36.44557021677665,0.6175986842105263,44.95192307692307,1020.1923076923068,26.847165991902813,0
4850,4,0,1,46,0.0,0.02127659574468085,0.9787234042553191,47,1050,500,550,0.47619047619047616,16,5,11,332.3540783503609,0.4414700894233734,0.29017588711868525,0.18923187512272632,130235.32238476144,-743.1518920301003,129492.17049273134,1835,2,240.95744680851064,38,9,19,36.337310725001764,0.6189692982456141,44.81837606837607,1020.7264957264954,26.86122357174988,0
4851,4,1,0,47,0.02127659574468085,0.0,1.0,47,1250,800,450,0.64,17,8,9,332.43835830760855,0.4397934011717546,0.2911843296748775,0.19047980949644466,130480.80490037623,-724.6350856527092,129756.16981472351,1836,0,241.4468085106383,38,9,20,36.08678413329151,0.6214364035087719,44.577991452991455,1021.6880341880343,26.886527215474587,0
4852,4,0,1,46,0.0,0.02127659574468085,0.9787234042553191,47,1250,800,450,0.64,17,8,9,334.2049437016092,0.43892614862781376,0.28908065272833605,0.1923034940637823,130644.58832137121,-667.5865430272424,129977.00177834397,1837,1,242.4468085106383,38,9,16,35.8760493956178,0.6230811403508771,44.417735042735046,1022.3290598290602,26.903396311291058,0
4853,4,1,0,47,0.02127659574468085,0.0,1.0,47,1300,800,500,0.6153846153846154,18,8,10,333.81739122241726,0.4386177921677459,0.2976057164187067,0.19303353492426717,130835.79881656794,-664.9469921104628,130170.85182445748,1838,0,243.40425531914894,38,9,17,35.69274749373434,0.625,44.230769230769226,1023.0769230769222,26.9230769230769,0
4854,4,0,2,45,0.0,0.0425531914893617,0.9574468085106383,47,1650,1200,450,0.7272727272727273,21,12,9,334.34527804299114,0.43790471785383905,0.29784204113345325,0.19460914318772332,131088.00048828125,-634.2692057291679,130453.73128255208,1839,1,244.40425531914894,39,8,18,35.42461346760248,0.625801282051282,43.984375,1024.0625,26.25801282051282,0
4855,4,0,0,45,0.0,0.0,1.0,45,1400,1000,400,0.7142857142857143,18,10,8,341.1129968823549,0.43777356902356906,0.303223787167449,0.19851658015284568,131081.84633875726,-57.25571170284485,131024.59062705441,1840,2,254.53333333333333,38,7,18,35.25756390193008,0.627467105263158,43.990384615384606,1024.0384615384603,26.948380566801585,0
4856,4,0,1,44,0.0,0.022222222222222223,0.9777777777777777,45,1450,1100,350,0.7586206896551724,18,11,7,346.6504146546467,0.4373316498316498,0.30820994091067133,0.20245904242010104,131218.63928153983,97.39914347285145,131316.03842501267,1841,3,255.53333333333333,38,7,18,34.97762426138339,0.6288377192982456,43.8568376068376,1024.5726495726487,26.96243814664865,0
4857,4,0,1,43,0.0,0.022727272727272728,0.9772727272727273,44,1950,1300,650,0.6666666666666666,26,13,13,359.7759605460691,0.4353748238195913,0.3177829234122047,0.210109160958904,131215.75869498285,641.6551246537156,131857.41381963657,1842,4,262.1363636363636,37,7,18,34.644335045662096,0.6306306306306306,43.85964912280701,1024.5614035087701,27.690848743480274,0
4858,4,0,1,42,0.0,0.023255813953488372,0.9767441860465116,43,1300,900,400,0.6923076923076923,17,9,8,386.7984377602409,0.4326781100036914,0.28988642509464624,0.21259372782160604,128848.62075617284,1392.2759353305332,130240.89669150337,1843,5,268.3720930232558,35,8,17,36.362859097127235,0.6107142857142858,46.18055555555556,1015.2777777777777,29.007936507936506,7
4859,4,1,0,43,0.023255813953488372,0.0,1.0,43,1800,1100,700,0.6111111111111112,25,11,14,389.06960280858624,0.43362403100775193,0.2972383720930232,0.21513260390592412,129086.92476260039,1444.759709033353,130531.68447163375,1844,0,269.0,36,7,19,36.06147495567376,0.6111111111111112,45.945945945945944,1016.2162162162158,28.228228228228218,0
4860,4,0,0,43,0.0,0.0,1.0,43,950,400,550,0.42105263157894735,15,4,11,393.039505509272,0.43323181985972686,0.3013724742661079,0.21795827123695974,129201.38888888879,1556.4021792062235,130757.79106809502,1845,1,270.0,33,10,19,35.84357923497268,0.6186868686868687,45.83333333333333,1016.6666666666658,30.80808080808078,0
4861,4,1,0,44,0.022727272727272728,0.0,1.0,44,1050,800,250,0.7619047619047619,13,8,5,383.18810289862654,0.4366631430584919,0.29677716009836974,0.21473177893644033,129613.56122470838,1133.2749271261857,130746.83615183456,1846,0,264.84090909090907,35,9,14,35.673353792528594,0.618452380952381,45.42824074074073,1018.287037037036,29.093915343915317,0
4862,4,1,1,44,0.022222222222222223,0.022222222222222223,0.9777777777777777,45,1200,700,500,0.5833333333333334,17,7,10,374.1381082964451,0.4391414141414141,0.2923790589794566,0.21145108817203578,129946.64216581441,723.5981758785734,130670.24034169299,1847,0,259.93333333333334,36,9,17,35.564621530078774,0.6197916666666667,45.10135135135135,1019.5945945945942,28.32207207207206,0
4863,4,0,0,44,0.0,0.0,1.0,44,1100,500,600,0.45454545454545453,17,5,12,384.0333673025024,0.4370925828047921,0.2938213894539199,0.21662464699296483,129871.11418898107,1174.9682594644312,131046.0824484455,1848,1,266.77272727272725,37,7,18,35.38932515777394,0.6171171171171171,45.17543859649122,1019.2982456140339,27.548601232811727,0
4864,4,0,0,44,0.0,0.0,1.0,44,1150,1000,150,0.8695652173913043,13,10,3,383.53844375072265,0.43618965821000705,0.2916617790811338,0.21696517803416776,129982.90339335173,1170.6880963373237,131153.59148968905,1849,2,267.77272727272725,37,7,18,35.28808243727598,0.6182432432432432,45.065789473684205,1019.7368421052627,27.560455192034127,0
4865,4,0,1,43,0.0,0.022727272727272728,0.9772727272727273,44,1150,800,350,0.6956521739130435,15,8,7,390.91494309100506,0.43613460183227626,0.29454574770601827,0.2216137547578074,130066.7768568213,1369.0093346029503,131435.78619142427,1850,3,268.77272727272725,37,7,18,35.01457863054928,0.6190878378378378,44.983552631578945,1020.065789473684,27.56934566145092,0
4866,4,0,1,42,0.0,0.023255813953488372,0.9767441860465116,43,1150,800,350,0.6956521739130435,15,8,7,397.93771512775265,0.43540051679586567,0.2983644685870661,0.22573060496820996,130090.20580969492,1753.559852081822,131843.76566177674,1851,4,275.2093023255814,36,7,18,34.811605401626366,0.6212384259259259,44.96058558558559,1020.1576576576583,28.33771271271273,0
4867,4,0,0,42,0.0,0.0,1.0,42,1700,1300,400,0.7647058823529411,21,13,8,408.3252663046277,0.43359223770809135,0.30764368374987905,0.23159452362992178,130085.41907793198,2223.432677469124,132308.8517554011,1852,5,282.14285714285717,35,7,18,34.551565690946234,0.6232142857142857,44.96527777777777,1020.1388888888879,29.146825396825367,0
4868,4,0,0,42,0.0,0.0,1.0,42,1050,700,350,0.6666666666666666,14,7,7,409.12241010088906,0.43302361595044525,0.3111892153154292,0.2329325078614609,130233.84871357842,2256.317212482752,132490.16592606116,1853,6,283.14285714285717,36,6,18,34.379826787290376,0.6226851851851851,44.81981981981982,1020.7207207207206,28.35335335335335,0
4869,4,0,0,42,0.0,0.0,1.0,42,1250,1000,250,0.8,15,10,5,404.8371339958244,0.4329994192799071,0.3064872486649124,0.23120458957497883,130353.74858276648,2154.4139371721485,132508.16251993863,1854,7,284.14285714285717,34,8,18,34.366985311261374,0.6280637254901961,44.702380952380956,1021.1904761904765,30.03501400560225,0
4870,4,1,0,43,0.023255813953488372,0.0,1.0,43,1200,800,400,0.6666666666666666,16,8,8,396.03294392837824,0.4342700258397933,0.30286506785687073,0.22859197423220634,130765.2167593664,1757.4667513288773,132522.6835106953,1855,0,278.51162790697674,35,8,16,34.173196974840636,0.6300595238095238,44.29976851851852,1022.8009259259259,29.222883597883595,0
4871,4,0,0,43,0.0,0.0,1.0,43,1000,800,200,0.8,12,8,4,396.2079073932426,0.43438538205980065,0.3010866391521534,0.2293958159308224,130883.62328800156,1771.4252989969166,132655.04858699848,1856,1,279.51162790697674,35,8,16,34.04839667458433,0.63125,44.18402777777778,1023.263888888889,29.236111111111114,0
4872,4,0,1,42,0.0,0.023255813953488372,0.9767441860465116,43,1050,700,350,0.6666666666666666,14,7,7,396.0726994145388,0.4343623108157992,0.3065412400821568,0.22967022169985327,130942.84664619755,1772.577348036676,132715.4239942342,1857,2,280.51162790697674,35,8,16,33.99169305288551,0.6318452380952381,44.1261574074074,1023.4953703703691,29.24272486772483,0
4873,4,1,2,41,0.023255813953488372,0.046511627906976744,0.9534883720930233,43,850,700,150,0.8235294117647058,10,7,3,390.5615263857024,0.4372000738279808,0.29510350115001294,0.22841323201220376,131270.41737683627,1653.834915997075,132924.25229283335,1858,0,273.8139534883721,36,7,17,33.800366300366306,0.6331018518518519,43.806306306306304,1024.7747747747744,28.465965965965957,0
4874,4,0,0,41,0.0,0.0,1.0,41,1200,1000,200,0.8333333333333334,14,10,4,394.83138178868893,0.43417174796747965,0.3027828516170623,0.23072225894226148,131239.16437596444,2163.468123070977,133402.63249903542,1859,1,286.1951219512195,35,6,18,33.72267875296509,0.6348214285714286,43.83680555555555,1024.6527777777771,29.275793650793634,0
4875,4,0,0,41,0.0,0.0,1.0,41,1250,900,350,0.72,16,9,7,394.7376570450928,0.4340447154471545,0.29774267636094676,0.23102941586928538,131299.269603218,2165.7532109812432,133465.02281419924,1860,2,287.1951219512195,36,5,19,33.664112002344055,0.6333912037037037,43.77815315315315,1024.8873873873868,28.469094094094075,0
4876,4,0,0,41,0.0,0.0,1.0,41,1350,1100,250,0.8148148148148148,16,11,5,395.7956418386455,0.43302845528455286,0.3032430672536559,0.2327494508150123,131480.6990504535,2207.903874813862,133688.60292526736,1861,3,288.1951219512195,34,7,21,33.4530373379764,0.6393995098039216,43.601190476190474,1025.5952380952378,30.164565826330524,0
4877,4,0,0,41,0.0,0.0,1.0,41,1350,900,450,0.6666666666666666,18,9,9,395.4031281403802,0.43252032520325207,0.3009038009161822,0.23321681510076298,131595.18771701376,2206.629774305546,133801.8174913193,1862,4,289.1951219512195,35,6,16,33.34708121827412,0.6383928571428572,43.48958333333333,1026.0416666666656,29.31547619047616,0
4878,4,0,0,41,0.0,0.0,1.0,41,1700,1400,300,0.8235294117647058,20,14,6,393.8803447007074,0.4326981707317073,0.2992883390921044,0.2326268037107936,131645.74361100965,2170.5341743770837,133816.27778538672,1863,5,290.1951219512195,36,5,17,33.334933611324495,0.6368634259259259,43.44031531531532,1026.2387387387387,28.50663163163163,0
4879,4,0,0,41,0.0,0.0,1.0,41,600,200,400,0.3333333333333333,10,2,8,398.8439740208091,0.4327235772357723,0.3021415693428706,0.23645379422117935,131790.24252292837,2312.748813002199,134102.99133593056,1864,6,291.1951219512195,36,5,18,33.061206770490614,0.6383101851851851,43.29954954954955,1026.8018018018022,28.522272272272282,0
4880,4,0,0,41,0.0,0.0,1.0,41,1300,1000,300,0.7692307692307693,16,10,6,390.6879871002417,0.43249491869918694,0.312075169932027,0.21665424739195227,129201.38888888893,1954.9216023455933,131156.31049123453,1865,7,292.1951219512195,32,9,18,35.90334699453552,0.62109375,45.833333333333336,1016.6666666666671,31.770833333333346,8
4881,4,1,1,41,0.023809523809523808,0.023809523809523808,0.9761904761904762,42,1450,1200,250,0.8275862068965517,17,12,5,380.85145013461033,0.43493515292295776,0.3020086329945486,0.21304599301469399,129544.24267409153,1467.4225358035146,131011.66520989504,1866,0,286.2142857142857,33,9,15,35.80351410457044,0.6221590909090908,45.496323529411754,1018.0147058823516,30.848930481283382,0
4882,4,0,0,41,0.0,0.0,1.0,41,1550,1200,350,0.7741935483870968,19,12,7,390.04738108986334,0.43201219512195127,0.31083718354861256,0.21789133326163465,129490.37606175388,1901.4764118457235,131391.8524735996,1867,9,294.1951219512195,32,9,15,35.62445726336682,0.6240234375,45.54924242424242,1017.8030303030301,31.806344696969692,0
4883,4,2,2,41,0.046511627906976744,0.046511627906976744,0.9534883720930233,43,700,300,400,0.42857142857142855,11,3,8,373.6145855245163,0.43390088593576964,0.31084810054456247,0.21221011348778168,130141.08737244882,1124.521683673452,131265.60905612228,1868,0,281.4651162790698,34,9,18,35.38020651032553,0.6259191176470589,44.91071428571428,1020.3571428571415,30.010504201680632,0
4884,4,0,0,41,0.0,0.0,1.0,41,1050,700,350,0.6666666666666666,14,7,7,389.90738041362374,0.4332317073170732,0.32816458658581826,0.2206924955571718,130004.9281482758,1937.976195031128,131942.90434330693,1869,1,288.1219512195122,32,9,19,35.103276794189256,0.6292317708333333,45.044191919191924,1019.8232323232331,31.869476010101035,0
4885,4,0,0,41,0.0,0.0,1.0,41,1500,1200,300,0.8,18,12,6,391.2312518380551,0.433130081300813,0.33101304032842327,0.22199076649237964,130101.52025303546,1979.9561269258347,132081.4763799613,1870,2,289.1219512195122,32,9,19,34.97112211221123,0.6302083333333333,44.949494949494955,1020.2020202020207,31.881313131313146,0
4886,4,0,0,41,0.0,0.0,1.0,41,950,700,250,0.7368421052631579,12,7,5,389.5042407748196,0.43307926829268295,0.33025512883191177,0.2213764608960686,130165.93491735552,1940.0367309458427,132105.97164830138,1871,3,290.1219512195122,32,9,19,34.94957931205147,0.630859375,44.88636363636365,1020.4545454545467,31.889204545454586,0
4887,4,0,0,41,0.0,0.0,1.0,41,1450,1000,450,0.6896551724137931,19,10,9,390.6323964992105,0.4325457317073171,0.32719966362711417,0.22335707908182853,130399.8317182623,1987.7514935682734,132387.58321183058,1872,4,291.1219512195122,30,11,21,34.68274334342239,0.6385416666666667,44.657258064516135,1021.370967741936,34.045698924731205,0
4888,4,0,0,41,0.0,0.0,1.0,41,900,700,200,0.7777777777777778,11,7,4,369.7370242214532,0.43201219512195127,0.2602869440459106,0.19890915860014907,127993.90589569176,1264.8171768707666,129258.72307256253,1873,5,292.1219512195122,34,7,18,37.67034313725491,0.6041666666666667,47.02380952380953,1011.9047619047631,29.761904761904795,8
4889,4,1,1,41,0.023809523809523808,0.023809523809523808,0.9761904761904762,42,1600,1300,300,0.8125,19,13,6,361.73083961640555,0.4317290940766551,0.26092085108286045,0.19726141433114924,128536.57171201857,899.2169784580997,129435.78869047668,1874,0,286.14285714285717,34,8,14,37.31778782186742,0.6096813725490196,46.48809523809526,1014.0476190476226,29.824929971988897,0
4890,4,1,0,42,0.023809523809523808,0.0,1.0,42,1350,1200,150,0.8888888888888888,15,12,3,363.6673231224359,0.43112417731320174,0.26749057394218667,0.19937388614911702,128747.91843820877,964.2821712018297,129712.2006094106,1875,0,287.1190476190476,34,8,16,37.05278592375367,0.6118259803921569,46.27976190476191,1014.8809523809537,29.8494397759104,0
4891,4,3,1,44,0.06666666666666667,0.022222222222222223,0.9777777777777777,45,600,400,200,0.6666666666666666,8,4,4,340.3830496115376,0.4382154882154882,0.2640427111015353,0.1900984035195122,129480.23069598344,-185.42484225914478,129294.80585372429,1876,0,268.9111111111111,37,8,15,36.898477339653844,0.6131756756756757,45.559210526315795,1017.7631578947372,27.50711237553344,0
4892,4,0,1,43,0.0,0.022727272727272728,0.9772727272727273,44,1000,800,200,0.8,12,8,4,348.0416960544202,0.4350885306553911,0.27165316697690844,0.19398869363674837,129401.8231702989,207.44600174501605,129609.26917204392,1877,1,276.02272727272725,36,8,20,36.78334255672386,0.6142939814814814,45.636261261261275,1017.4549549549567,28.262637637637688,0
4893,4,1,1,43,0.022727272727272728,0.022727272727272728,0.9772727272727273,44,1250,1000,250,0.8,15,10,5,352.7080043875481,0.43428470754052145,0.29388933997241296,0.19852910265133175,129787.30384589494,355.40418686519536,130142.70803276014,1878,0,276.79545454545456,37,7,17,36.272709745686726,0.6162725225225225,45.25767543859649,1018.9692982456145,27.539710763394986,0
4894,4,0,1,42,0.0,0.023255813953488372,0.9767441860465116,43,1100,800,300,0.7272727272727273,14,8,6,358.11736781569715,0.43390088593576964,0.27896699067043795,0.2019514203177495,129860.542024288,701.063098571566,130561.60512285958,1879,1,282.4651162790698,36,7,18,36.06047213935846,0.6189236111111112,45.18581081081082,1019.2567567567585,28.312687687687735,0
4895,4,0,0,42,0.0,0.0,1.0,42,1100,700,400,0.6363636363636364,15,7,8,365.3337758426538,0.4336285327138986,0.2852546423975002,0.20596217862166485,129849.38298396763,1087.6730752743347,130937.05605924196,1880,2,290.0952380952381,35,7,19,35.88793625558332,0.6208333333333333,45.19675925925925,1019.2129629629618,29.12037037037034,0
4896,4,0,0,42,0.0,0.0,1.0,42,1100,600,500,0.5454545454545454,16,6,10,365.29113424822197,0.4331204026325977,0.28335522155746906,0.2067167748144561,129996.88042534715,1097.341579861102,131094.22200520826,1881,3,291.0952380952381,35,7,19,35.739061967994544,0.6223214285714286,45.05208333333333,1019.791666666666,29.13690476190474,0
4897,4,0,2,40,0.0,0.047619047619047616,0.9523809523809523,42,1750,1300,450,0.7428571428571429,22,13,9,367.5060548026643,0.43275745257452575,0.28859455481971996,0.2086218581774524,130118.92804967138,1163.8987805372988,131282.82683020868,1882,4,292.0952380952381,36,6,19,35.55854488594554,0.6215277777777778,44.932432432432435,1020.270270270271,28.340840840840862,0
4898,4,0,0,40,0.0,0.0,1.0,40,950,700,250,0.7368421052631579,12,7,5,380.3671570594187,0.43253205128205124,0.2944557982015652,0.214705600916269,129898.25857426295,1881.8062641723232,131780.06483843527,1883,5,300.95,34,6,19,35.45510724434584,0.623468137254902,45.14880952380952,1019.4047619047611,29.982492997198857,0
4899,4,2,1,41,0.047619047619047616,0.023809523809523808,0.9761904761904762,42,1450,1300,150,0.896551724137931,16,13,3,360.83831434726085,0.4355763646922184,0.2873767568701495,0.2078941557279903,130694.03863322776,1031.8833191299334,131725.9219523577,1884,0,287.57142857142856,36,6,20,35.145236784140984,0.6273148148148149,44.369369369369366,1022.522522522522,28.403403403403388,0
4900,4,0,1,40,0.0,0.024390243902439025,0.975609756097561,41,1050,700,350,0.6666666666666666,14,7,7,371.05611055217565,0.4345020325203252,0.2887997105540072,0.2131943078911036,130587.70743580672,1491.0733614111728,132078.78079721789,1885,1,294.0975609756098,35,6,20,34.991908239912426,0.6282738095238095,44.473379629629626,1022.1064814814812,29.20304232804232,0
4901,4,0,2,38,0.0,0.05,0.95,40,1150,900,250,0.782608695652174,14,9,5,371.80478064226816,0.43413461538461534,0.26637423590672427,0.21411495646634915,130676.44702717756,1717.2255444101395,132393.6725715877,1886,2,269.975,35,5,20,34.88274469851332,0.6291666666666667,44.38657407407407,1022.4537037037031,29.212962962962948,0
4902,4,0,0,38,0.0,0.0,1.0,38,1050,800,250,0.7619047619047619,13,8,5,384.8580354478502,0.4334400189663348,0.2641680977876546,0.22034179831684628,130450.30757401003,2440.9698193002705,132891.2773933103,1887,3,278.2105263157895,33,5,20,34.778870761356366,0.6313131313131313,44.6078431372549,1021.5686274509808,30.956625074272146,0
4903,4,0,0,38,0.0,0.0,1.0,38,1050,800,250,0.7619047619047619,13,8,5,385.31299615649755,0.43301031294452347,0.26000530165802993,0.2211373072917437,130544.21864487226,2460.0768033929376,133004.2954482652,1888,4,279.2105263157895,33,5,20,34.67179817723949,0.632260101010101,44.515931372549026,1021.9362745098048,30.967765894236507,0
4904,4,0,0,38,0.0,0.0,1.0,38,1500,1200,300,0.8,18,12,6,384.51146290281866,0.43223980559506875,0.258451204863579,0.22132603508105964,130657.85147392303,2447.8883219954796,133105.73979591852,1889,5,280.2105263157895,34,4,20,34.576832013662475,0.6311274509803921,44.40476190476191,1022.3809523809534,30.070028011204514,0
4905,4,0,0,38,0.0,0.0,1.0,38,1000,500,500,0.5,15,5,10,415.4211881700274,0.4316471076339497,0.2794070919108951,0.22599957721199584,128441.33377075182,3116.3801439765216,131557.71391472835,1890,6,281.2105263157895,31,7,18,36.05451188182403,0.6159274193548387,46.58203124999999,1013.671874999999,32.69909274193545,8
4906,4,1,0,39,0.02564102564102564,0.0,1.0,39,1000,600,400,0.6,14,6,8,403.94637495598425,0.43277665317138997,0.27263076349238236,0.22237787089465988,128912.72454660237,2614.7655532598706,131527.49009986225,1891,0,274.97435897435895,32,7,19,35.86192962824817,0.6181640625,46.11742424242424,1015.530303030303,31.73532196969697,0
4907,4,0,0,39,0.0,0.0,1.0,39,1000,700,300,0.7,13,7,6,397.81852363290335,0.4325236167341431,0.26841112245213616,0.21956827968820022,129014.56921616681,2464.877090542096,131479.4463067089,1892,1,275.97435897435895,33,6,19,35.9132488942501,0.6167929292929293,46.0171568627451,1015.9313725490192,30.785799168152096,0
4908,4,3,2,40,0.07142857142857142,0.047619047619047616,0.9523809523809523,42,1250,1000,250,0.8,15,10,5,379.98137494214575,0.4384557684862563,0.26632224366980806,0.21438154830976783,129878.87577428402,1470.4459228903736,131349.3216971744,1893,0,257.1904761904762,35,7,16,35.48467601529087,0.6211309523809524,45.16782407407407,1019.3287037037029,29.123677248677225,0
4909,4,1,2,39,0.024390243902439025,0.04878048780487805,0.9512195121951219,41,1100,800,300,0.7272727272727273,14,8,6,385.2284377803411,0.43816056910569107,0.2687709230033475,0.21829611474219296,130049.99999999978,1819.7916666666376,131869.79166666642,1894,0,259.9268292682927,34,7,17,35.17667483660129,0.625,44.999999999999986,1019.9999999999983,29.99999999999995,0
4910,4,1,0,40,0.025,0.0,1.0,40,1150,800,350,0.6956521739130435,15,8,7,391.94620384171225,0.4379273504273504,0.269481806172692,0.2227806170232038,130168.77710796313,2203.8316092368154,132372.60871719994,1895,0,265.75,33,7,20,34.88438713422201,0.6284722222222222,44.88357843137254,1020.4656862745086,30.923202614379047,0
4911,4,0,0,40,0.0,0.0,1.0,40,850,600,250,0.7058823529411765,11,6,5,390.337359433569,0.4377003205128205,0.26744897959183667,0.22240151874703368,130262.58680555566,2169.3046244233064,132431.89142997898,1896,1,266.75,32,8,21,34.82993197278912,0.6318359375,44.79166666666667,1020.8333333333343,31.901041666666696,0
4912,4,0,0,40,0.0,0.0,1.0,40,1500,1000,500,0.6666666666666666,20,10,10,390.43295176826507,0.43705929487179485,0.26620845174842445,0.22393861648905541,130520.50053884817,2191.9008583307927,132712.40139717897,1897,2,267.75,32,8,18,34.56510770624819,0.6344401041666667,44.53914141414142,1021.8434343434351,31.932607323232347,0
4913,4,0,0,40,0.0,0.0,1.0,40,1050,900,150,0.8571428571428571,12,9,3,390.8707179786511,0.4371260683760683,0.2672150305645449,0.22505413389205584,130669.48596993955,2214.9751597943205,132884.46112973386,1898,3,268.75,33,7,19,34.40246813696112,0.6335227272727273,44.39338235294118,1022.4264705882362,30.98262032085564,0
4914,4,0,0,40,0.0,0.0,1.0,40,1250,700,550,0.56,18,7,11,391.7708570338338,0.43737980769230766,0.27198131288931426,0.2264891353544632,130826.15460399864,2250.7749423298924,133076.92954632852,1899,4,269.75,33,7,19,34.22027232071552,0.6351010101010102,44.24019607843138,1023.039215686276,31.001188354129575,0
4915,4,1,1,40,0.024390243902439025,0.024390243902439025,0.975609756097561,41,1000,700,300,0.7,13,7,6,381.80051400524906,0.4399136178861789,0.2687008878456989,0.22256176304208425,131145.1530612245,1814.257369614519,132959.41043083902,1900,0,264.1463414634146,34,7,20,34.15175112350846,0.6360294117647058,43.92857142857143,1024.2857142857144,30.12605042016807,0
4916,4,0,0,40,0.0,0.0,1.0,40,1300,1000,300,0.7692307692307693,16,10,6,389.53526926671714,0.4379540598290598,0.2815597318649752,0.2262988622708035,131014.28086553245,2206.9366349480956,133221.21750048053,1901,1,271.625,33,7,20,34.086465565397816,0.6369949494949495,44.056372549019606,1023.7745098039213,31.02346999405822,0
4917,4,0,0,40,0.0,0.0,1.0,40,1150,900,250,0.782608695652174,14,9,5,391.1317401786221,0.43786057692307695,0.28226575215066263,0.2276397313272333,131084.19075963713,2254.2375283446627,133338.4282879818,1902,2,272.625,34,6,20,33.97465705649848,0.6354166666666667,43.988095238095234,1024.0476190476186,30.119047619047606,0
4918,4,0,0,40,0.0,0.0,1.0,40,1350,1100,250,0.8148148148148148,16,11,5,397.9105098783424,0.4377003205128205,0.28676504764118116,0.23232142795203628,131206.12953514743,2441.659580498871,133647.7891156463,1903,3,273.625,34,6,21,33.67732783329461,0.6366421568627452,43.86904761904762,1024.5238095238096,30.13305322128852,0
4919,4,0,0,40,0.0,0.0,1.0,40,1000,600,400,0.6,14,6,8,403.1096984031461,0.43713942307692305,0.2889179701933742,0.2363066889050641,131360.48179076094,2590.650218037913,133951.13200879886,1904,4,274.625,32,8,21,33.38747587962394,0.6429036458333333,43.71843434343433,1025.126262626261,32.035195707070656,0
4920,4,0,0,40,0.0,0.0,1.0,40,1250,800,450,0.64,17,8,9,404.1003361626118,0.43733974358974353,0.29225560206845635,0.23748935819918443,131457.5760764206,2624.4101367207213,134081.98621314132,1905,5,275.625,32,8,21,33.2635639825987,0.6438802083333333,43.62373737373736,1025.5050505050492,32.04703282828279,0
4921,4,0,0,40,0.0,0.0,1.0,40,1450,1000,450,0.6896551724137931,19,10,9,404.17509870535883,0.43745993589743587,0.29568668471572757,0.23834011988967663,131587.0909218446,2636.845092337504,134223.93601418208,1906,6,276.625,32,8,21,33.13028140126344,0.6451822916666667,43.49747474747474,1026.0101010101,32.062815656565625,0
4922,4,0,0,40,0.0,0.0,1.0,40,1500,900,600,0.6,21,9,12,405.51910685377766,0.43612446581196584,0.3042829910220144,0.24015119139315838,131749.0741537852,2685.3533759310126,134434.4275297162,1907,7,277.625,32,8,21,32.93157873160334,0.6468098958333333,43.33964646464646,1026.6414141414132,32.08254419191916,0
4923,4,0,1,39,0.0,0.025,0.975,40,1150,900,250,0.782608695652174,14,9,5,404.29947529172244,0.43534989316239314,0.30293141592920403,0.24045179319981363,131911.15702479324,2666.3223140495693,134577.47933884282,1908,8,278.625,32,8,21,32.79867256637169,0.6484375,43.18181818181817,1027.2727272727261,32.10227272727269,0
4924,4,0,0,39,0.0,0.0,1.0,39,1100,800,300,0.7272727272727273,14,8,6,412.7915186604055,0.43435110211426003,0.3161710242226534,0.24529284180441166,131878.7324794662,3087.684451841626,134966.41693130785,1909,9,286.0,32,7,21,32.61345011268181,0.6481119791666667,43.21338383838383,1027.1464646464633,32.09832702020198,0
4925,4,0,0,39,0.0,0.0,1.0,39,1050,800,250,0.7619047619047619,13,8,5,413.60656229802436,0.43362010796221323,0.3169051805080312,0.24640777481561654,131976.01807213548,3117.2294281195723,135093.24750025506,1910,10,287.0,32,7,21,32.49390718440239,0.6490885416666667,43.118686868686865,1027.5252525252522,32.11016414141413,0
4926,4,0,0,39,0.0,0.0,1.0,39,800,700,100,0.875,9,7,2,418.2711549437429,0.43328272604588397,0.31961529013850365,0.25004139086284527,132105.78799357195,3251.2081037649086,135356.99609733687,1911,11,288.0,32,7,21,32.24253868828297,0.650390625,42.992424242424235,1028.030303030302,32.12594696969694,0
4927,4,0,0,39,0.0,0.0,1.0,39,1250,700,550,0.56,18,7,11,418.74734755784493,0.43333895636527214,0.32021950086773754,0.2510091243361024,132208.88600538252,3272.424067666281,135481.3100730488,1912,12,289.0,33,6,21,32.12583412774071,0.648989898989899,42.8921568627451,1028.4313725490194,31.16458704693998,0
4928,4,0,1,38,0.0,0.02564102564102564,0.9743589743589743,39,900,500,400,0.5555555555555556,13,5,8,419.4719643488215,0.43249550157444894,0.32363396489170726,0.2522841413089327,132334.9492983466,3302.1602268358115,135637.1095251824,1913,13,290.0,33,6,21,31.97951405431158,0.6502525252525253,42.769607843137244,1028.9215686274495,31.179441473559073,0
4929,4,0,0,38,0.0,0.0,1.0,38,1100,800,300,0.7272727272727273,14,8,6,417.16881453703724,0.4313063063063063,0.3041531123270842,0.25110871223422937,132366.47450800167,3443.8330509899965,135810.30755899166,1748,14,248.28947368421052,33,5,21,32.00684272160693,0.6505681818181819,42.73897058823529,1029.0441176470583,31.18315508021389,0
4930,4,1,1,38,0.02564102564102564,0.02564102564102564,0.9743589743589743,39,1100,700,400,0.6363636363636364,15,7,8,410.10964233298927,0.43198942869995505,0.296833909871528,0.24921107900815515,132723.06596584522,3086.209331649202,135809.27529749443,1749,0,242.89743589743588,32,7,17,31.827952048360093,0.6565755208333333,42.39267676767676,1030.4292929292922,32.20091540404038,0
4931,4,0,0,38,0.0,0.0,1.0,38,1250,1000,250,0.8,15,10,5,418.51806271886176,0.430269084874348,0.30425843369485683,0.25348222634810064,132599.0888807508,3499.0227593315885,136098.11164008238,1750,16,250.28947368421052,31,7,22,31.736725663716822,0.6579301075268817,42.51302083333333,1029.947916666666,33.224126344086,0
4932,4,0,0,38,0.0,0.0,1.0,38,1500,1000,500,0.6666666666666666,20,10,10,417.47177406040896,0.42976529160739685,0.302043015043294,0.25375358063856196,132733.2305908203,3482.4754503038203,136215.70604112413,1751,17,251.28947368421052,31,7,19,31.628022070592205,0.6592741935483871,42.3828125,1030.46875,33.24092741935484,0
4933,4,0,0,38,0.0,0.0,1.0,38,1050,500,550,0.47619047619047616,16,5,11,416.91227478726915,0.42874288762446655,0.3089762167479826,0.2543229115381816,132867.44011772997,3478.813340928815,136346.2534586588,1752,18,252.28947368421052,31,7,19,31.5067988549297,0.6606182795698925,42.252604166666664,1030.989583333333,33.25772849462365,0
4934,4,0,1,37,0.0,0.02631578947368421,0.9736842105263158,38,1100,900,200,0.8181818181818182,13,9,4,423.4007197798366,0.42828354670459934,0.3118857932610841,0.258977382345644,132968.14176771385,3659.761386447493,136627.90315416135,1753,19,253.28947368421052,31,7,19,31.23776985229138,0.6616263440860215,42.15494791666667,1031.3802083333342,33.27032930107529,0
4935,4,0,0,37,0.0,0.0,1.0,37,1300,1000,300,0.7692307692307693,16,10,6,430.12899279587066,0.4284284284284284,0.26742813579384217,0.24466802595137385,130198.14822785938,3809.762634738174,134007.91086259755,1754,20,254.24324324324326,32,5,17,33.88026310363315,0.6311848958333333,44.85479797979798,1020.5808080808079,31.893150252525245,8
4936,4,0,0,37,0.0,0.0,1.0,37,1300,1000,300,0.7692307692307693,16,10,6,428.61253462603884,0.42770895895895894,0.27166429587482277,0.24529030596068496,130434.15423748408,3781.174574407932,134215.32881189202,1755,21,255.24324324324326,30,7,18,33.67790570175439,0.6388888888888888,44.623655913978496,1021.5053763440859,34.05017921146953,0
4937,4,0,0,37,0.0,0.0,1.0,37,950,700,250,0.7368421052631579,12,7,5,427.9611193888236,0.42742742742742745,0.2728361497592269,0.24600486114527637,130605.8345798648,3778.8438331021025,134384.6784129669,1756,22,256.2432432432432,30,7,15,33.51934034626342,0.640625,44.45564516129033,1022.1774193548393,34.07258064516131,0
4938,4,1,1,37,0.02631578947368421,0.02631578947368421,0.9736842105263158,38,1050,700,350,0.6666666666666666,14,7,7,416.83675884793536,0.428505808440019,0.2638172118583373,0.24224593014200416,131028.00369262694,3323.457675509983,134351.46136813692,1757,0,250.47368421052633,31,7,17,33.373738818941035,0.6421370967741935,44.04296875,1023.8281249999999,33.026713709677416,0
4939,4,0,0,37,0.0,0.0,1.0,37,900,700,200,0.7777777777777778,11,7,4,420.0818817628116,0.42517517517517517,0.28797371800784743,0.24428883780680147,131052.73189097013,3610.575644583198,134663.30753555332,1758,1,257.6216216216216,30,7,17,33.26551150783232,0.6451388888888889,44.01881720430108,1023.9247311827963,34.130824372759875,0
4940,4,1,0,38,0.02631578947368421,0.0,1.0,38,1450,1200,250,0.8275862068965517,17,12,5,407.6328235141746,0.4273944997629208,0.27975878342947036,0.239186398289702,131397.01844143838,3112.636576482839,134509.65501792124,1759,0,251.81578947368422,30,8,21,33.23446512847404,0.6486111111111111,43.682795698924735,1025.2688172043015,34.175627240143385,0
4941,4,0,1,37,0.0,0.02631578947368421,0.9736842105263158,38,450,300,150,0.6666666666666666,6,3,3,407.6328235141746,0.4273944997629208,0.27975878342947036,0.239186398289702,131397.01844143838,3112.347525725526,134509.3659671639,1760,1,252.81578947368422,30,8,21,33.23446512847404,0.6486111111111111,43.682795698924735,1025.2688172043015,34.175627240143385,0
4942,4,0,0,37,0.0,0.0,1.0,37,1100,900,200,0.8181818181818182,13,9,4,414.0520939966561,0.4264577077077077,0.24345145344151287,0.22886615745089903,129073.05377002357,3288.593638404256,132361.64740842782,1761,2,251.1081081081081,32,5,17,35.44099983432738,0.6197916666666667,45.959595959595966,1016.161616161617,31.75505050505053,7
4943,4,0,1,36,0.0,0.02702702702702703,0.972972972972973,37,1000,700,300,0.7,13,7,6,415.9000329529264,0.42623873873873874,0.24254420874139182,0.23102270678252887,129267.5866021051,3352.542474515325,132620.12907662042,1762,3,252.1081081081081,31,6,18,35.194728979940265,0.6243279569892473,45.76822916666667,1016.9270833333339,32.80409946236561,0
4944,4,0,0,36,0.0,0.0,1.0,36,1100,700,400,0.6363636363636364,15,7,8,420.34450055893603,0.4240906084656085,0.24497686715135503,0.23330199168953453,129235.55333347803,3664.690824083733,132900.24415756177,1763,4,259.97222222222223,30,6,19,35.11456267900419,0.6267361111111112,45.79973118279571,1016.8010752688186,33.893369175627285,0
4945,4,1,0,37,0.02702702702702703,0.0,1.0,37,1250,800,450,0.64,17,8,9,409.73995616216877,0.4259884884884885,0.23946319113795456,0.22991290796990577,129665.12891981343,3225.796847873273,132890.9257676867,1764,0,253.9189189189189,31,6,18,34.944707236001015,0.6283602150537635,45.37760416666667,1018.4895833333339,32.85450268817206,0
4946,4,0,0,37,0.0,0.0,1.0,37,950,400,550,0.42105263157894735,15,4,11,410.1362832247955,0.4255505505505506,0.24845801589987637,0.2309155793177878,129797.77865939675,3246.9557020399357,133044.73436143668,1765,1,254.9189189189189,31,6,19,34.79906721185792,0.6297043010752688,45.247395833333336,1019.0104166666671,32.87130376344087,0
4947,4,0,0,37,0.0,0.0,1.0,37,650,500,150,0.7692307692307693,8,5,3,413.0317131770428,0.42530030030030025,0.2510372441406923,0.23333609770391373,129930.49621582033,3333.0830891927085,133263.57930501303,1766,2,255.9189189189189,31,6,19,34.589719029374194,0.6310483870967742,45.1171875,1019.5312500000001,32.88810483870968,0
4948,4,0,0,37,0.0,0.0,1.0,37,1000,500,500,0.5,15,5,10,410.5730034503948,0.4249874874874875,0.25210501614995984,0.23234160137452983,129996.88042534729,3274.6419270833376,133271.52235243062,1767,3,256.9189189189189,31,6,19,34.58461014640789,0.6317204301075269,45.052083333333336,1019.7916666666672,32.8965053763441,0
4949,4,3,1,39,0.075,0.025,0.975,40,1150,800,350,0.6956521739130435,15,8,7,383.2071389940508,0.4323450854700855,0.23845930232558143,0.22267441860465115,131023.24263038555,2041.8083900226832,133065.05102040822,1768,0,238.575,34,6,18,34.23934108527131,0.6348039215686274,44.04761904761905,1023.8095238095242,30.11204481792718,0
4950,4,0,0,39,0.0,0.0,1.0,39,1850,1600,250,0.8648648648648649,21,16,5,393.0804708764723,0.4301900584795322,0.2534449468485147,0.228172423435106,130982.91710219637,2497.365346261066,133480.28244845744,1769,1,245.69230769230768,33,6,18,34.027569934953505,0.6366792929292929,44.087009803921575,1023.6519607843145,31.01975638740347,0
4951,4,0,0,39,0.0,0.0,1.0,39,950,400,550,0.42105263157894735,15,4,11,394.3403191762639,0.42976833108412055,0.25744129813062333,0.22946432500256683,131077.0196559015,2537.790753556318,133614.81040945783,1770,2,246.69230769230768,33,6,18,33.899792564225315,0.6376262626262627,43.995098039215684,1024.0196078431368,31.030897207367783,0
4952,4,1,0,40,0.025,0.0,1.0,40,1150,800,350,0.6956521739130435,15,8,7,410.3185670780712,0.43201121794871794,0.28696149217809874,0.230077415142967,129637.82709775081,2645.424836601296,132283.2519343521,1771,0,241.5,33,7,16,34.95788206979542,0.6231060606060606,45.40441176470588,1018.382352941176,30.860071301247757,8
4953,4,1,0,41,0.024390243902439025,0.0,1.0,41,1400,900,500,0.6428571428571429,19,9,10,410.5840074062336,0.4353658536585366,0.28716938099930234,0.23252353941283613,130026.38996056237,2477.3512517146714,132503.74121227703,1772,0,236.58536585365854,35,6,17,34.55420638523225,0.6226190476190476,45.023148148148145,1019.9074074074072,29.140211640211632,0
4954,4,0,0,41,0.0,0.0,1.0,41,1600,1300,300,0.8125,19,13,6,379.6871324739859,0.43467987804878044,0.239313959754192,0.20087107917543517,127319.21744379554,1481.2609656704194,128800.47840946596,1773,1,237.58536585365854,36,5,15,38.111610131667035,0.5931712962962963,47.69144144144146,1009.2342342342374,28.03428428428437,8
4955,4,1,0,42,0.023809523809523808,0.0,1.0,42,1100,700,400,0.6363636363636364,15,7,8,370.98549958937195,0.43468108788230736,0.23375050985372958,0.1988145998089938,127839.40882050271,1085.3133896968511,128924.72221019956,1774,0,232.9047619047619,37,5,16,37.79715114387942,0.5965653153153153,47.17653508771931,1011.2938596491248,27.332266477003373,0
4956,4,2,1,43,0.045454545454545456,0.022727272727272728,0.9772727272727273,44,1300,1000,300,0.7692307692307693,16,10,6,357.6334525499718,0.4371146053558845,0.23387096774193505,0.19491623892057294,128513.93771701412,392.17664930558004,128906.1143663197,1775,0,223.27272727272728,39,5,16,37.44478117937127,0.5998931623931624,46.51041666666668,1013.9583333333353,25.998931623931675,0
4957,4,1,1,43,0.022727272727272728,0.022727272727272728,0.9772727272727273,44,1650,1300,350,0.7878787878787878,20,13,7,356.57768926361837,0.43646494009866105,0.2443712284432502,0.19602722714340035,128857.43408203125,389.53721788194423,129246.97129991319,1776,0,224.0909090909091,39,5,18,37.120930371738304,0.6033653846153846,46.171875,1015.3125,26.033653846153847,0
4958,4,2,0,45,0.044444444444444446,0.0,1.0,45,1450,900,550,0.6206896551724138,20,9,11,346.6855443440945,0.4343223905723906,0.24342404819445895,0.1923852084852913,129228.54487407763,-38.749431426478964,129189.79544265116,1777,0,219.9777777777778,38,7,20,36.99410703653109,0.6088267543859649,45.806623931623925,1016.7735042735036,26.757197480881672,0
4959,4,0,1,44,0.0,0.022222222222222223,0.9777777777777777,45,1500,1100,400,0.7333333333333333,19,11,8,344.64834767196675,0.4343223905723906,0.24075109868158218,0.19212802098506285,129408.11107806192,-79.94166831913125,129328.16940974278,1778,1,220.9777777777778,40,5,21,36.86326408310028,0.6072916666666667,45.630081300813,1017.4796747967473,25.436991869918682,0
4960,4,0,2,42,0.0,0.045454545454545456,0.9545454545454546,44,1400,1000,400,0.7142857142857143,18,10,8,313.82818333292414,0.4339543692741367,0.10358784087469397,0.16396157749143986,126810.36962332288,-837.8546582721799,125972.51496505071,545,2,186.5909090909091,40,4,18,40.29382336124844,0.5809895833333334,48.19613821138212,1007.2154471544725,25.180386178861813,8
4961,4,1,1,42,0.023255813953488372,0.023255813953488372,0.9767441860465116,43,650,500,150,0.7692307692307693,8,5,3,322.7238576599958,0.43512366186784796,0.14952911781664402,0.16978081207330237,127092.0138888891,-396.8749999999766,126695.13888888912,546,0,190.25581395348837,39,4,20,39.78133608815427,0.5854700854700854,47.91666666666668,1008.3333333333351,25.854700854700898,0
4962,4,0,0,42,0.0,0.0,1.0,42,1100,900,200,0.8181818181818182,13,9,4,335.62081535982895,0.43521341463414637,0.05875437913585069,0.1740712821326417,126512.22160905285,113.728382771633,126625.94999182448,547,1,195.66666666666666,37,5,12,40.051203451407815,0.5830518018018018,48.492324561403514,1006.0307017543865,27.190018966334772,8
4963,4,7,5,44,0.14285714285714285,0.10204081632653061,0.8979591836734694,49,1600,1400,200,0.875,18,14,4,291.7699491592819,0.4505562641723356,0.08983401211157038,0.15700412478393858,128003.94483024694,-2330.459104938264,125673.48572530868,548,0,168.57142857142858,44,5,14,39.63251441119958,0.5873579545454546,47.01388888888889,1011.9444444444447,22.99873737373738,0
4964,4,0,1,43,0.0,0.022727272727272728,0.9772727272727273,44,1350,900,450,0.6666666666666666,18,9,9,315.8931207927398,0.4420476568005638,0.08848281682216719,0.16781281129236214,127486.1992730033,-745.5973307291849,126740.60194227411,549,1,188.54545454545453,39,5,15,39.550563004985385,0.5894764957264957,47.52604166666666,1009.8958333333319,25.894764957264922,0
4965,4,0,2,41,0.0,0.046511627906976744,0.9534883720930233,43,1200,700,500,0.5833333333333334,17,7,10,368.26941833222423,0.44049926172019194,0.12758800672736736,0.19735902645427714,127839.4088205027,976.1201388287948,128815.52895933148,550,2,193.7674418604651,37,6,17,37.86582005132096,0.5965653153153153,47.17653508771931,1011.2938596491247,27.33226647700337,8
4966,4,1,0,42,0.023809523809523808,0.0,1.0,42,900,600,300,0.6666666666666666,12,6,6,376.02853595560464,0.43781455671699576,0.15420788667281693,0.20176154778693195,127888.11404309714,1217.9160579498434,129106.03010104698,551,0,199.26190476190476,36,6,18,37.61968381206858,0.5989583333333333,47.12837837837838,1011.4864864864865,28.096846846846844,0
4967,4,2,0,44,0.045454545454545456,0.0,1.0,44,900,600,300,0.6666666666666666,12,6,6,364.7031966105059,0.44168428470754056,0.18658268225223562,0.1990616356772253,128572.46393352811,578.6713233503755,129151.13525687848,552,0,191.1590909090909,36,8,17,37.20575172107484,0.6059027777777778,46.4527027027027,1014.1891891891892,28.17192192192192,0
4968,4,0,1,43,0.0,0.022727272727272728,0.9772727272727273,44,1350,1000,350,0.7407407407407407,17,10,7,360.09340596775945,0.4420366455250176,0.17828327651935294,0.19767856037718562,128800.98637488858,476.0771751481386,129277.06355003672,553,1,192.1590909090909,36,8,17,37.08929627986095,0.6082175925925926,46.227477477477485,1015.0900900900916,28.19694694694699,0
4969,4,1,0,44,0.022727272727272728,0.0,1.0,44,1550,1200,350,0.7741935483870968,19,12,7,361.9437486375879,0.44072630373502464,0.1827943802366423,0.19986714987341417,129034.22807979376,540.6264427516098,129574.85452254537,554,0,193.0909090909091,37,7,18,36.80435642852003,0.6086711711711712,45.997807017543856,1016.0087719298243,27.4596965386439,0
4970,4,1,0,45,0.022222222222222223,0.0,1.0,45,1000,500,500,0.5,15,5,10,352.9078081479903,0.442003367003367,0.17875679531645883,0.19655790004987328,129373.18019032551,131.57750356293724,129504.75769388844,555,0,189.77777777777777,36,9,19,36.68871301010996,0.6140046296296297,45.664414414414416,1017.3423423423427,28.25950950950952,0
4971,4,0,0,45,0.0,0.0,1.0,45,1150,800,350,0.6956521739130435,15,8,7,355.9850254189166,0.4414141414141414,0.1790561886147679,0.19899496875458203,129516.42679419303,221.1816968996256,129737.60849109266,556,1,190.77777777777777,36,9,16,36.46467160821626,0.6154513888888888,45.52364864864866,1017.9054054054069,28.275150150150193,0
4972,4,1,1,45,0.021739130434782608,0.021739130434782608,0.9782608695652174,46,1500,1100,400,0.7333333333333333,19,11,8,350.7324065509776,0.4428039452495974,0.1887970297492676,0.19812332418657305,129927.0027797016,-86.07792782393105,129840.92485187766,557,0,187.6086956521739,37,9,18,36.1811679931168,0.6176801801801801,45.120614035087726,1019.5175438596503,27.554528212422984,0
4973,4,1,0,46,0.021739130434782608,0.0,1.0,46,1450,1300,150,0.896551724137931,16,13,3,349.5253849056763,0.4435587761674718,0.18844058207848335,0.19792961501512335,130023.43885633704,-110.70149739580938,129912.73735894123,558,0,188.0,39,7,20,36.114054573928435,0.6151175213675213,45.02604166666668,1019.8958333333353,26.151175213675263,0
4974,4,0,1,45,0.0,0.021739130434782608,0.9782608695652174,46,850,600,250,0.7058823529411765,11,6,5,349.2397182614458,0.4436795491143317,0.1912476125718392,0.19819205944752166,130107.01844346966,-112.2923069931752,129994.72613647649,559,1,189.0,40,6,20,36.036540824119285,0.6143229166666666,44.94410569105692,1020.2235772357736,25.50558943089434,0
4975,4,0,0,45,0.0,0.0,1.0,45,1150,700,450,0.6086956521739131,16,7,9,350.68721366097435,0.44223484848484845,0.1964625850340136,0.19981015662078802,130262.58680555577,136.28472222224673,130398.87152777801,560,2,192.53333333333333,40,5,21,35.841836734693885,0.6158854166666667,44.79166666666668,1020.8333333333351,25.52083333333338,0
4976,4,0,0,45,0.0,0.0,1.0,45,1300,600,700,0.46153846153846156,20,6,14,347.6530087558605,0.44217171717171716,0.19464412593409275,0.1988154343893857,130406.3248214432,67.2302369937652,130473.55505843696,561,3,193.53333333333333,36,9,21,35.77361264241087,0.6244212962962963,44.65090090090091,1021.3963963963974,28.37212212212215,0
4977,4,0,0,45,0.0,0.0,1.0,45,1300,900,400,0.6923076923076923,17,9,8,342.19629113329796,0.44154040404040407,0.18986041078091298,0.1965256703421732,130570.58572108728,-63.84596702831371,130506.73975405896,562,4,194.53333333333333,37,8,15,35.74667864678325,0.6241554054054055,44.49013157894737,1022.0394736842107,27.62268847795164,0
4978,4,0,0,45,0.0,0.0,1.0,45,1000,600,400,0.6,14,6,8,341.69212418890663,0.4410563973063973,0.19137232470565824,0.19666280036650413,130654.64854570646,-71.26712065249893,130583.38142505396,563,5,195.53333333333333,37,8,15,35.67451379951381,0.625,44.40789473684211,1022.3684210526322,27.63157894736844,0
4979,4,1,1,45,0.021739130434782608,0.021739130434782608,0.9782608695652174,46,1100,800,300,0.7272727272727273,14,8,6,341.8549730651046,0.44125402576489536,0.20548038441643302,0.19852450617635337,130999.80481591051,-243.41305062459537,130756.39176528591,564,0,192.2608695652174,38,8,16,35.32143602588186,0.6266447368421053,44.07051282051282,1023.7179487179482,26.939946018893373,0
4980,4,0,1,44,0.0,0.022222222222222223,0.9777777777777777,45,1350,1000,350,0.7407407407407407,17,10,7,347.4922485953999,0.4382154882154882,0.20078644256533384,0.20136892010256108,130917.78897518072,98.58337442471316,131016.37234960543,565,1,197.0222222222222,38,7,16,35.26007412047187,0.6258223684210527,44.15064102564102,1023.3974358974352,26.93151147098514,0
4981,4,1,1,44,0.022222222222222223,0.022222222222222223,0.9777777777777777,45,1200,900,300,0.75,15,9,6,345.36036777649707,0.4385942760942761,0.20832627238321177,0.20157977549447195,131194.69536675364,61.88964843752029,131256.58501519117,566,0,197.11111111111111,39,6,17,35.03484578884935,0.6268696581196581,43.88020833333334,1024.479166666668,26.268696581196618,0
4982,4,0,0,44,0.0,0.0,1.0,44,1300,800,500,0.6153846153846154,18,8,10,350.4054538349216,0.4379294397463002,0.2090003327294907,0.2046667484513239,131221.3758680558,396.1371527778033,131617.5130208336,567,1,202.4090909090909,39,5,17,34.878676968957585,0.6271367521367521,43.85416666666668,1024.5833333333353,26.271367521367573,0
4983,4,0,0,44,0.0,0.0,1.0,44,1300,1000,300,0.7692307692307693,16,10,6,351.2123155459208,0.4376431465821001,0.21058052012439687,0.2055702961277201,131302.08462431445,422.98183538240437,131725.06645969686,568,2,203.4090909090909,40,4,17,34.77648322591308,0.6263020833333333,43.77540650406505,1024.8983739837417,25.622459349593544,0
4984,4,0,0,44,0.0,0.0,1.0,44,1600,1000,600,0.625,22,10,12,352.60890791143663,0.43742292107117686,0.2095695058549143,0.20759322426126425,131524.88175448205,475.3767296111323,132000.25848409318,569,3,204.4090909090909,37,7,19,34.51574469980401,0.6337274774774775,43.55811403508771,1025.7675438596484,27.72344713134185,0
4985,4,0,0,44,0.0,0.0,1.0,44,1600,1100,500,0.6875,21,11,10,361.03574630397515,0.4368723572938689,0.1724853289405952,0.2072786501862223,130558.13426997591,698.9444609499867,131257.0787309259,570,4,205.4090909090909,35,9,15,35.277935069837675,0.6279761904761905,44.50231481481481,1021.9907407407401,29.19973544973543,8
4986,4,0,0,44,0.0,0.0,1.0,44,1250,900,350,0.72,16,9,7,361.187705558326,0.4366631430584919,0.16528013582342926,0.20816003774349684,130706.03358892734,641.8824749228198,131347.91606385016,571,5,206.4090909090909,35,9,15,35.12415110356535,0.6294642857142857,44.35763888888888,1022.5694444444434,29.216269841269813,0
4987,4,0,0,44,0.0,0.0,1.0,44,1150,700,450,0.6086956521739131,16,7,9,362.3833293282559,0.43678426708949963,0.1664173119042478,0.20981211621421803,130883.62328800146,686.008632330236,131569.63192033168,572,6,207.4090909090909,35,9,16,34.913683406854425,0.63125,44.18402777777777,1023.2638888888882,29.236111111111093,0
4988,4,1,0,45,0.022222222222222223,0.0,1.0,45,1600,1200,400,0.75,20,12,8,354.15280041987234,0.4381944444444445,0.169977168949772,0.20682523544520537,131215.75869498303,294.08568020928783,131509.8443751923,573,0,203.77777777777777,37,8,18,34.78836686643836,0.6306306306306306,43.859649122807014,1024.5614035087715,27.69084874348031,0
4989,4,0,0,45,0.0,0.0,1.0,45,1750,1300,450,0.7428571428571429,22,13,9,353.8874128576709,0.4378577441077441,0.17263992373497894,0.20759832470816222,131387.44882758913,299.3690529540848,131686.8178805432,574,1,204.77777777777777,35,10,19,34.621716715586665,0.6363095238095238,43.692129629629626,1025.2314814814813,29.292328042328037,0
4990,4,0,2,43,0.0,0.044444444444444446,0.9555555555555556,45,1300,900,400,0.6923076923076923,17,9,8,355.0361159133677,0.4378787878787879,0.17551117630097646,0.20908206613555996,131535.817003708,339.9931144975978,131875.8101182056,575,2,205.77777777777777,35,10,19,34.442462108390686,0.6377976190476191,43.5474537037037,1025.8101851851852,29.308862433862434,0
4991,4,0,1,42,0.0,0.023255813953488372,0.9767441860465116,43,900,600,300,0.6666666666666666,12,6,6,361.107251024166,0.43710778885197493,0.16692833741354485,0.2123757261996658,131485.1878634419,896.0509479527059,132381.2388113946,576,3,204.67441860465115,33,10,19,34.337908750547655,0.641729797979798,43.59681372549019,1025.6127450980389,31.079174093879967,0
4992,4,0,0,42,0.0,0.0,1.0,42,1750,1400,350,0.8,21,14,7,369.31061574845876,0.4371128532713899,0.16184203584178936,0.21722738100830793,131489.94880943274,1312.1267919089878,132802.07560134173,577,4,205.04761904761904,32,10,19,34.12275842258606,0.6442057291666667,43.592171717171716,1025.6313131313134,32.05097853535354,0
4993,4,0,1,41,0.0,0.023809523809523808,0.9761904761904762,42,750,400,350,0.5333333333333333,11,4,7,371.1910290115035,0.4368829849012776,0.16254702717907255,0.21888957197006353,131587.09092184462,1368.7895367819483,132955.88045862658,578,5,206.04761904761904,32,10,16,33.976331118221346,0.6451822916666667,43.49747474747474,1026.0101010101002,32.06281565656563,0
4994,4,0,0,41,0.0,0.0,1.0,41,1250,1000,250,0.8,15,10,5,375.7465176127775,0.4361534552845528,0.16772567725677234,0.22233036304162168,131716.6695362719,1698.4159779614406,133415.08551423333,579,6,209.78048780487805,32,9,17,33.728474784747846,0.646484375,43.371212121212125,1026.5151515151522,32.078598484848506,0
4995,4,0,1,40,0.0,0.024390243902439025,0.975609756097561,41,950,800,150,0.8421052631578947,11,8,3,376.085734022666,0.43569613821138214,0.17088465240978445,0.22310031180206752,131813.89534550058,1714.6651170798998,133528.56046258047,580,7,210.78048780487805,32,9,17,33.621511127505215,0.6474609375,43.276515151515156,1026.8939393939402,32.09043560606063,0
4996,4,0,1,39,0.0,0.025,0.975,40,1750,1500,250,0.8571428571428571,20,15,5,386.2028045352895,0.4350961538461538,0.17063053097345104,0.22968903638151425,131911.15702479336,2188.891758494028,134100.04878328738,581,8,203.075,32,8,17,33.26342797443463,0.6484375,43.18181818181818,1027.272727272727,32.10227272727272,0
4997,4,0,1,38,0.0,0.02564102564102564,0.9743589743589743,39,1100,600,500,0.5454545454545454,16,6,10,388.9514423526731,0.43260796221322534,0.1529700649046173,0.21844353978617684,129700.23548635133,2298.6014696349976,131998.83695598633,582,16,209.07692307692307,33,6,16,35.4382218479307,0.6237373737373737,45.343137254901954,1018.6274509803916,30.867498514557322,8
4998,4,0,0,38,0.0,0.0,1.0,38,1300,800,500,0.6153846153846154,18,8,10,387.7590291728538,0.4322694404931247,0.1653959665518936,0.21836955853418585,129807.25623582747,2466.7871315192515,132274.04336734672,583,17,213.26315789473685,34,4,16,35.359472352024916,0.6225490196078431,45.23809523809523,1019.0476190476176,29.971988795518165,0
4999,4,1,0,39,0.02564102564102564,0.0,1.0,39,1450,1100,350,0.7586206896551724,18,11,7,378.6986771784413,0.43592555105713,0.16536106216305857,0.21544289905545094,130203.51750042845,2061.579968278437,132265.0974687069,584,0,208.76923076923077,35,4,19,35.18702275648294,0.6244047619047619,44.849537037037024,1020.60185185185,29.16005291005286,0
5000,4,0,0,39,0.0,0.0,1.0,39,1450,1100,350,0.7586206896551724,18,11,7,377.73711509395787,0.43570062977957713,0.1671331049093716,0.21571356417307355,130351.21588059395,2047.6984471450398,132398.91432773898,585,1,209.76923076923077,35,4,19,35.0614161849711,0.6258928571428571,44.7048611111111,1021.1805555555541,29.176587301587258,0
